sgRNA,gene_id,T0,R1_F,R2_F
A1BG_CACCTTCGAGCTGCTGCGCG,A1BG,1200,271,756
A1BG_AAGAGCGCCTCGGTCCCAGC,A1BG,207,48,29
A1BG_TGGACTTCCAGCTACGGCGC,A1BG,602,133,98
A1BG_CACTGGCGCCATCGAGAGCC,A1BG,466,1,109
A1BG_GCTCGGGCTTGTCCACAGGA,A1BG,710,359,206
A1BG_CAAGAGAAAGACCACGAGCA,A1BG,1435,127,299
A1CF_CGTGGCTATTTGGCATACAC,A1CF,2247,199,269
A1CF_GGTATACTCTCCTTGCAGCA,A1CF,265,145,297
A1CF_GACATGGTATTGCAGTAGAC,A1CF,950,378,562
A1CF_GAGTCATCGAGCAGCTGCCA,A1CF,68,30,71
A1CF_GGTGCAGCATCCCAACCAGG,A1CF,431,67,11
A1CF_CCAAGCTATATCCTGTGCGC,A1CF,1513,269,237
A2M_AATGCTACCACGGATGAGCA,A2M,172,256,87
A2M_GGGAATTCCCTTCTTTGGGC,A2M,7,40,0
A2M_CCTTCTTAGCTAAACAGCCA,A2M,764,153,141
A2M_AGTGACGCTTCCGACTGCCA,A2M,687,191,118
A2M_CTTCCAGGGCTCCTACAAGG,A2M,1631,451,663
A2M_CAGTGGTCTCAGTGTGGAGC,A2M,1161,682,361
A2ML1_TCACGGAAGTTCTTCTGCAA,A2ML1,882,290,376
A2ML1_CAAACAAACCTTCTGAACGG,A2ML1,2350,595,772
A2ML1_TGACTCTTACCTTGCTGCCC,A2ML1,1,159,122
A2ML1_GCTTACCTGTAGTTCCACCA,A2ML1,970,454,725
A2ML1_TGTAGACCTGTCCTTCCAAC,A2ML1,859,131,327
A2ML1_GCCGAAGTTTAAGGTGGAAG,A2ML1,1459,447,458
A4GALT_CTGGAGGCGTCGGAGAGCAC,A4GALT,1661,358,79
A4GALT_CTGATGAAAGGGCTTCCGGG,A4GALT,1296,256,247
A4GALT_CTTGAAGCCGATGATGAACA,A4GALT,1599,485,431
A4GNT_ACCTGATTAAAGGCCCAGAG,A4GNT,1132,403,351
A4GNT_AAGGCCCTGAGTTGATGACA,A4GNT,458,121,65
A4GNT_CAGCTCGGATGCATCCCGCC,A4GNT,1278,112,156
AAAS_GGCCCACATGGCACTTACCA,AAAS,1457,0,58
AAAS_CTGGTAACAGGTGTATGCCC,AAAS,895,101,41
AAAS_ACGCCACATTTCGCTGCAGC,AAAS,711,177,531
AAAS_TCCGTGTGTATAATGCCAGC,AAAS,338,66,101
AAAS_GGCCCATCGACAGAGTGCCA,AAAS,104,36,69
AAAS_TCCTGTCCTACAACTGACAA,AAAS,713,201,207
AACS_GCAGATGGACCGCTTCCGGG,AACS,665,129,120
AACS_TAGGTTGTGGACACATCGAA,AACS,934,29,88
AACS_TCCCTTCTGCCATCGTGGGA,AACS,1280,105,330
AACS_TGGCAAAGAGCACAACCACA,AACS,1334,183,228
AACS_TTCTTCAAGTCTGGTAGGCC,AACS,819,283,416
AACS_CATGCACTTGGGTGCGCCCG,AACS,149,344,399
AADAC_AAGAAGCGGGACGTTCACCA,AADAC,957,459,813
AADAC_TCCTCAACGTTATCTGGGAG,AADAC,405,280,210
AADAC_TTTACATCCATGGTGGAGGC,AADAC,458,238,107
AADACL2_AGCAACAGCGGTCACTCAAC,AADACL2,754,331,233
AADACL2_AACAGATGTCTTGACTCCAG,AADACL2,248,46,82
AADACL2_CTGAGAATCATTGGCCAACA,AADACL2,2733,1706,1106
AADACL3_TCACAGGGATTGTCCCAAAG,AADACL3,907,848,860
AADACL3_CCTGGCATCGTGTACTACCA,AADACL3,2312,533,773
AADACL3_CGTGTACTACCACGGTGGCG,AADACL3,1210,352,349
AADACL3_TCACCCAACTGCCAGAACCA,AADACL3,1809,790,608
AADACL3_CATGATGACCTCTTGCCAGG,AADACL3,591,150,111
AADACL3_ACCTGGGAGTGCCCGTGACC,AADACL3,1441,540,287
AADACL4_GCCAAGAGTAGCACTAGCCA,AADACL4,806,257,166
AADACL4_CAGGATGCTGCAAGGTAGCA,AADACL4,1093,275,267
AADACL4_TAGAAGATGATGCCTCGCCG,AADACL4,220,292,312
AADACL4_CGAGGCATCATCTTCTACCA,AADACL4,2198,737,856
AADACL4_CCCGGGCCAGATAATTGCAC,AADACL4,1498,341,437
AADACL4_TACACAAGTGCCGTTCAAGA,AADACL4,1194,1548,1078
AADAT_TACTGGCAGCTGCAGACAAG,AADAT,998,593,563
AADAT_CCCACCCAGTCAAGGACAAA,AADAT,3217,764,606
AADAT_ATTTGGTAAGCCACCAGCCA,AADAT,959,209,247
AADAT_CCGGACCATGAGTGAGAAAC,AADAT,2250,481,438
AAED1_CACCCGCACGAACACCACCA,AAED1,2525,391,956
AAED1_GCACGAACACCACCACGGCG,AAED1,1470,436,341
AAED1_TCCCGGAACAGCGCGCCGAA,AAED1,1605,275,442
AAGAB_GCCAGTCTTACCACTGGAGG,AAGAB,694,34,11
AAGAB_GAATTAGCCAGTCTTACCAC,AAGAB,243,141,64
AAGAB_TACCCACAATGCTATCAACC,AAGAB,1168,154,273
AAGAB_AGCAGATCCCTGTCACCCAG,AAGAB,670,134,227
AAGAB_CTGGTCTCCTGAGAAGACGG,AAGAB,1031,318,181
AAGAB_GCAGCTGGTGACTAACGCAC,AAGAB,1082,114,26
AAK1_GCAGGATCCAGCAATCAGCC,AAK1,276,219,355
AAK1_TCCAGCCAGCGCTGACACCC,AAK1,140,241,475
AAK1_TGGCGCTTCCAAAGTCACAC,AAK1,1858,443,291
AAK1_TCTGTACCTTCAGGTCCCGG,AAK1,173,24,4
AAK1_TTTCTGGTGAGGACAAGCAA,AAK1,193,161,256
AAK1_TTCCGATGTAGCCACTGCCC,AAK1,291,80,86
AAMDC_GGACTGCAAAGTATGGCCAG,AAMDC,934,42,45
AAMDC_ACTTGGGATTGGAGAGAAAC,AAMDC,868,79,177
AAMDC_CAGACTCTTGTGATTGGCCG,AAMDC,3664,797,1228
AAMDC_TATAATGCCTTGGTTGCCCA,AAMDC,441,13,70
AAMDC_TAATGCCTTGGTTGCCCAAG,AAMDC,142,110,44
AAMDC_CACGCATTTCTTTACAGACC,AAMDC,2051,831,1262
AAMP_ATCCTGGTTGGCAGCAACAC,AAMP,1110,0,4
AAMP_CGTCAGCTGTGCCCGCCAAC,AAMP,2176,1446,1493
AAMP_GGAGGTCTGGTCCTTTGAAG,AAMP,731,50,156
AAMP_CCAATACCTTGGCAGTGACC,AAMP,397,26,63
AAMP_CCTACCTGAGTGCAATGCAA,AAMP,869,40,29
AAMP_AGAACTTGATCCCGGTCCGC,AAMP,546,0,0
AANAT_GGAAGTGTCCTCCTAAGCCA,AANAT,295,104,164
AANAT_GGCAGCGAAACTCACTGGCA,AANAT,1,71,73
AANAT_CGGATCTCATCCAGGTACAG,AANAT,1976,480,604
AANAT_TCCCTGGGCTGGTTCGAGGA,AANAT,643,215,336
AANAT_GCTCATGTGCGAGGACGCGC,AANAT,45,108,87
AANAT_GAGGTTCAGCTTCCACGCCG,AANAT,1297,268,301
AAR2_TTCCTTAGCCTGCACCAGCG,AAR2,1636,120,345
AAR2_TCCTTAGCCTGCACCAGCGG,AAR2,935,284,257
AAR2_GGGCTTCATCTCTGGTAGCC,AAR2,163,114,168
AAR2_GCCCACGCAGATGTTCCCAG,AAR2,894,100,202
AAR2_GGAACCTGAGGACTGTGCCC,AAR2,286,26,39
AAR2_GCTCCCTGAGGGCATCGAGA,AAR2,874,134,146
AARD_AAGTCGCACGCGGGACGAGG,AARD,563,21,158
AARD_AAGAAGTCGCACGCGGGACG,AARD,565,366,232
AARD_GAGCACGGACATCCAGGAGG,AARD,81,36,31
AARD_TGCTGGAGGACCTCAGACGA,AARD,1633,712,704
AARD_GATCTCGAGGCGCGTGCAGG,AARD,216,8,132
AARS_TGGACTGATTGCTGAAGAGA,AARS,845,58,40
AARS_GAGGGCGTCGCATCCTGGAC,AARS,422,296,233
AARS_CACGCCCTGTGTTGTCAGGC,AARS,256,0,0
AARS_AGGGATGGGCCTGGAACGAC,AARS,109,0,0
AARS_CGCCGCACATCTTGTCAACC,AARS,3036,498,361
AARS_TGACCTGGACGATGTGGGCA,AARS,1328,0,64
AARS2_ACCTGTAGTGGTGGAGACAC,AARS2,955,60,15
AARS2_CCTACTCGGCCCAAGTAAGG,AARS2,620,71,162
AARS2_TTCCTGTGTCCACATGCCGC,AARS2,22,27,79
AARS2_TCTCAGTACAGGGCCCACAA,AARS2,1586,269,222
AARS2_CGTGGATCCACGAAGCGAGA,AARS2,656,165,81
AARS2_TTCGGGACCGCCATGGCCAC,AARS2,975,49,109
AARSD1_TGTCCTTTGTTGTAGGAAGG,AARSD1,646,107,188
AARSD1_CATGATCATCAGGCAAACCC,AARSD1,1786,302,343
AARSD1_ATTTCGGAGTGCGATTGAGC,AARSD1,442,40,45
AARSD1_AATCTACCCGGACCAGAACC,AARSD1,859,406,213
AARSD1_CTGCAGACTGAAGGGAGCAA,AARSD1,1778,494,253
AARSD1_GCGTGACAGTTATGCCCGAG,AARSD1,1830,136,121
AASDH_CTCTGATGGTGAGGTACACG,AASDH,2506,891,861
AASDH_ATGTGTAGATGCTTCACCGC,AASDH,1091,291,225
AASDH_TGCTGAAGAGCTTCAGCAAG,AASDH,195,337,173
AASDH_ATGGAAACGCTTCACCACCA,AASDH,363,461,880
AASDH_CGATAGGTACATAAGCAGCC,AASDH,1037,192,220
AASDH_AGGTGTAGTAAACTGGAAGC,AASDH,114,396,403
AASDHPPT_AGTGCGATCGATTCAGCCCG,AASDHPPT,736,121,9
AASDHPPT_CGTCCCGGGCAAAGACGAAC,AASDHPPT,1282,26,14
AASDHPPT_CCGGGACGCTAAGGCAGCCA,AASDHPPT,1341,1,0
AASDHPPT_TAAGGATGAGTGGACTCAGC,AASDHPPT,183,1,75
AASS_CACCTATCTGCTCGATGGAA,AASS,813,363,215
AASS_GCTAACATGTGATCCAGACC,AASS,905,239,180
AASS_ATTGCACCCTCTTGTGGCCA,AASS,702,350,278
AASS_AGTCACTTTCAATGGGCACC,AASS,394,116,225
AASS_GGGCAGCCTTCCACACCAGC,AASS,206,283,147
AASS_TGTGTTGGCCGTCCGGAGGG,AASS,331,317,134
AATF_ACTGTTCCAGTTGCAGCGCC,AATF,255,84,167
AATF_GATGACGCGGAAGACTCCCA,AATF,62,0,55
AATF_GGACAAAGCCCAATGCGGGA,AATF,415,0,20
AATF_ATGGCACGATAAGACCAAAC,AATF,1031,92,193
AATF_CACCCTCCCGACGAAGGCCA,AATF,297,508,246
AATK_ATGAAGGTGCAGGACGCCAC,AATK,308,73,30
AATK_GGCAGAACTCCATCACCAGC,AATK,477,0,28
AATK_CGATTTCCTTCAGGTACAGG,AATK,390,175,369
AATK_GGACGAGTACGCAGCCGACC,AATK,119,56,54
AATK_GACGATGACGGCGAAGAGCC,AATK,0,10,0
AATK_TTCAGCTCGCACTTCGACCC,AATK,1101,207,237
ABAT_TTCAGGGTGGCAGCACGCAA,ABAT,1652,634,401
ABAT_TGATGAAGACGGAAGTCCCA,ABAT,90,11,4
ABAT_GGTTGCCGTCCACATCAACC,ABAT,398,86,194
ABAT_GGATGAGTTTCAGCAGGGCG,ABAT,883,349,364
ABAT_TCCAGAACTCACCGAGAGCA,ABAT,626,702,420
ABAT_CGCAGGCCATGGTGATGAGC,ABAT,984,454,440
ABCA1_AGACAATACGAGACACAGCC,ABCA1,881,399,263
ABCA1_TCCCTTCCCGAGCAAGGAGC,ABCA1,293,41,22
ABCA1_GCGAGTACTTCGTTCCAACA,ABCA1,2189,589,399
ABCA1_GGCTGATGTCATTCTCCACA,ABCA1,249,194,199
ABCA1_GCCTCCGAGCATCTGAGAAC,ABCA1,2143,455,357
ABCA1_GAGTCGGGTAACGGAAACAG,ABCA1,999,191,213
ABCA10_GACACTTCAGTGAATGCACG,ABCA10,364,60,114
ABCA10_CAGCATAATTCCTTATGCCC,ABCA10,653,302,97
ABCA10_CTACTTTATGCTCCTTCAGG,ABCA10,547,170,327
ABCA10_ATACTTGGGCATAATGGAGC,ABCA10,854,224,345
ABCA10_AAGGAGCACTCTGAATACAC,ABCA10,255,92,184
ABCA12_GACATCATTAACATGCCCGC,ABCA12,167,22,0
ABCA12_AACCGAATGAACACACCACA,ABCA12,1143,238,220
ABCA12_TGCATCTTCTAGTTTGGGAG,ABCA12,1974,844,882
ABCA12_CTCAGCTCTATTATCAGGGA,ABCA12,2579,966,1014
ABCA12_AGTTTGGCCAGAGGTTCACC,ABCA12,408,6,82
ABCA12_GCACCCAAGTTCCAGAAAGA,ABCA12,2201,485,347
ABCA13_AGAGCCAATTCTTCCACAGC,ABCA13,1003,368,261
ABCA13_AGCCATGATCATGTGGAAGA,ABCA13,1230,415,460
ABCA13_CTGGCTGCGAGTCTACCAAC,ABCA13,1116,423,755
ABCA13_TCAGAAGACACTCACAGGCA,ABCA13,2619,478,543
ABCA13_ATCTCTTCAGTGCCGGCCAC,ABCA13,11,1,50
ABCA13_TGGTCGTTTCTCTGAGAAGG,ABCA13,377,384,466
ABCA2_TTACCTCGGGCGGGTCCACA,ABCA2,1191,123,102
ABCA2_CACGCAGCTGCTTGAGCGCC,ABCA2,774,123,211
ABCA2_GGCGCCGCTGTGTAGAAGGC,ABCA2,457,346,197
ABCA2_CCCACCATCTCCGTGAAGGA,ABCA2,1455,636,438
ABCA2_GACGCTCAAACGCCGGAGCC,ABCA2,498,135,625
ABCA2_CCGCGATTCCGAGCAGCCAG,ABCA2,3217,665,469
ABCA3_TGAAGGAGGCGGCGATGAGG,ABCA3,940,228,275
ABCA3_CGTGCAGCATGCTGTGGACC,ABCA3,1426,781,517
ABCA3_CCCTAACCGAGCTTCTCACC,ABCA3,2085,266,301
ABCA3_ACGTCTCACCGCCAGCGGCA,ABCA3,1385,68,463
ABCA3_CCGTCACTGAGACAGTGCGC,ABCA3,179,27,123
ABCA3_GATGGCTGTGCTCAGGCAGC,ABCA3,165,3,30
ABCA4_CTCGGGTGCTCTCCTTCAAC,ABCA4,1628,637,779
ABCA4_AGACACTCTGTATGCCAACG,ABCA4,1680,1326,863
ABCA4_GGTAGACCACTGAGTCAGAC,ABCA4,351,65,44
ABCA4_TCTCTCCGGGTGAGTCCGGA,ABCA4,64,47,18
ABCA4_GAATGCTGCCGTGGCTCCAG,ABCA4,224,258,134
ABCA4_AGAACTGGACCCTGCGGAAA,ABCA4,2442,802,657
ABCA5_TATTGAACCAACTTCAGGCC,ABCA5,629,222,167
ABCA5_GCTACTGAAAGCCTATCCCA,ABCA5,149,50,0
ABCA5_TAGCTTGCCTTTCAAGGACA,ABCA5,956,143,242
ABCA5_TTACTTGGCCACAGTGGAAC,ABCA5,982,474,233
ABCA5_TCGCAATGACTGCCATAAGA,ABCA5,1483,1143,1138
ABCA5_CATGTCCACTGCAATTAGGG,ABCA5,806,150,144
ABCA6_GGTTCATCCAGGAGCAAGAC,ABCA6,497,333,240
ABCA6_ACGCGAGGCTCGCCATCGCA,ABCA6,404,252,258
ABCA6_AGCCACATAGGACTCTGGAC,ABCA6,1683,512,331
ABCA6_TGCAAGTCTTTGCCATGGCA,ABCA6,1837,654,434
ABCA6_GGACAGTCAACTATCGAACA,ABCA6,1315,614,705
ABCA6_ACGGCAATCCTGGGTCACAG,ABCA6,1015,270,345
ABCA7_CATGTATCGCCGGAGACAGC,ABCA7,981,35,64
ABCA7_ATTCGACCAGGAGCTGGACC,ABCA7,444,70,109
ABCA7_TTGAAGTTGCTCAGGCGCCC,ABCA7,744,37,125
ABCA7_TGCGGGCATCGGCTAGCAGC,ABCA7,1114,297,170
ABCA7_TCCAGCATGGGTGGTTCCAG,ABCA7,600,123,226
ABCA7_GCCTCCAACAAGCTGTGCAA,ABCA7,296,71,144
ABCA8_GAAACCAGTGATTACCCGCC,ABCA8,506,184,104
ABCA8_GGGTTGTCTGTTCCCACCAA,ABCA8,739,72,72
ABCA8_AAGCGCCTCCAGAATTCCAA,ABCA8,386,66,50
ABCA8_GCATTTCCTCATCCATCGGA,ABCA8,359,34,41
ABCA8_CATTCCAAGCATGAAGGCAA,ABCA8,1226,419,440
ABCA8_GCTTACCATGGACCTGGGAC,ABCA8,784,201,630
ABCA9_CTCCTGGATGTCATTAGCAA,ABCA9,2771,1148,1008
ABCA9_TATTTGGAGACAGTTCCCAC,ABCA9,30,21,7
ABCA9_CAGATACTCACATAGTCCAC,ABCA9,514,69,212
ABCA9_CATATTCGGTGCCTTGAAAG,ABCA9,1397,219,446
ABCA9_ACAACCAAGCCCGTAAGGAA,ABCA9,1512,362,606
ABCA9_TGAGCGTGGGTCAGCAAACA,ABCA9,1502,1095,1335
ABCB1_AGCTGTTGTCTTTGGTGCCA,ABCB1,954,363,400
ABCB1_CTGGGTAATTACAGCAAGCC,ABCB1,1140,1139,915
ABCB1_CCTGGTAGTCAATGCTCCAG,ABCB1,1341,232,234
ABCB1_TAGACATACCTGTCTGAGCA,ABCB1,1367,332,431
ABCB1_CCAGGTCAGTGTTGATGGAC,ABCB1,2190,1107,802
ABCB1_TAATGCGACAGGAGATAGGC,ABCB1,274,51,144
ABCB10_TGCCTATCCAGCTCGCCCAG,ABCB10,1756,372,359
ABCB10_CGAGAAATATGCCAGCAAAG,ABCB10,4288,1784,1278
ABCB10_TACCTGAGTGGCTTGTGCCA,ABCB10,47,10,13
ABCB10_AGTGAACGGCGATAGGGACC,ABCB10,110,116,111
ABCB10_GCGATAGGGACCCGGGAACG,ABCB10,1515,815,713
ABCB11_CTCATTGTCCAGAGCTGAGG,ABCB11,701,249,270
ABCB11_CCATTATCCTTCCAGACCAG,ABCB11,2380,1871,1136
ABCB11_TGCTGCACGTCCAGTTGCAA,ABCB11,1409,628,969
ABCB11_AAGTGTGGAGCCGTACCAGA,ABCB11,445,274,454
ABCB11_TGAAGGCCTATGCCAAAGCA,ABCB11,1637,801,774
ABCB11_TGATGCCATAGCTGACCAAA,ABCB11,697,586,581
ABCB4_AGCCTTGATGTGGAAACCGA,ABCB4,773,216,339
ABCB4_GCGAACTGATGAAGAAGGAA,ABCB4,709,330,142
ABCB4_CCTTGACGTTAGCTCGAGAA,ABCB4,377,606,338
ABCB4_TAGAGTGGATCCATACCAGA,ABCB4,401,180,87
ABCB4_GCCTGGATTTAGCAGCGACA,ABCB4,1508,389,424
ABCB4_CGGCAAAGAACGGAACAGCC,ABCB4,1320,613,587
ABCB5_TACAGCAAGAACAGTCCCGA,ABCB5,304,202,91
ABCB5_GAAACCTTCGCAATAGCCCG,ABCB5,1274,215,147
ABCB5_TGTTCAAGCTGCACTGGAGA,ABCB5,953,168,181
ABCB5_ATAGACAGCCGCAGTCAAGA,ABCB5,905,233,243
ABCB5_TTACCACTTGTCCTTGCACG,ABCB5,2892,395,693
ABCB5_CAAGGGCATGCTGAACCACC,ABCB5,744,109,224
ABCB6_AATGATGATGTCGGCCAGCG,ABCB6,1305,389,694
ABCB6_CTGCACCCGGATCCACAGGA,ABCB6,2020,692,1272
ABCB6_CACCTTGGAACTCTCTGGCC,ABCB6,1273,145,228
ABCB6_GCCACAGGTAGCCACTCAGG,ABCB6,123,76,90
ABCB6_AAGAGGACCAAGATGTGGAA,ABCB6,724,182,159
ABCB6_AGGCCATCCTGCATCCAGGC,ABCB6,2521,294,399
ABCB7_TAGGGTAAGGTAGCCGAACG,ABCB7,1178,19,19
ABCB7_GCAATTCTTCGAATGCCACA,ABCB7,251,87,108
ABCB7_TGACCCACTACCTCCTACAA,ABCB7,2481,67,36
ABCB7_TTTCACCTGAGCAGACAGAC,ABCB7,1145,187,160
ABCB7_TGGCATGGTCATGCAGGAGG,ABCB7,832,35,40
ABCB7_TCGCGATGCATTCTTGGCGC,ABCB7,862,187,147
ABCB8_AATGCACCAGCATGCTGACG,ABCB8,994,299,1938
ABCB8_TGACACGCGGCTGCAGACGC,ABCB8,269,182,73
ABCB8_GGGATGCTTACTCAGTACCA,ABCB8,197,290,133
ABCB8_ATTCACGAGTGCCGCACCCA,ABCB8,252,64,81
ABCB8_CCTGCACGTCAGTTGTCAAG,ABCB8,1523,532,214
ABCB8_GGCGTGTCGACAGCATGGAC,ABCB8,765,297,629
ABCB9_CGTAGTAGAGGATGCTGACC,ABCB9,1231,461,329
ABCB9_CAGAGCGAGCAACACGGCGG,ABCB9,693,229,85
ABCB9_GAAGCCCATGAAGGTGACCA,ABCB9,292,34,62
ABCB9_GCAATTAGCTCATTTGCCGC,ABCB9,594,50,56
ABCB9_TGACGATGCCATCAATGGCG,ABCB9,1465,422,703
ABCB9_TGCTCTTCTCAGAGGTGCGC,ABCB9,685,291,271
ABCC1_CATCGGCGCTGCAGAAGCCC,ABCC1,643,288,189
ABCC1_CGCAGGACTGGAATGTCACG,ABCC1,5044,737,929
ABCC1_AACTCTCTTGGGCATCACCA,ABCC1,157,54,242
ABCC1_GACGAGCTGAATGAGTAAGA,ABCC1,325,159,289
ABCC1_TCACCTTCTGGTGGATCACA,ABCC1,293,385,353
ABCC1_TGACCTCTGGTCCTTAAACA,ABCC1,1125,285,584
ABCC10_CAAGTAACAGGCACTGAGCA,ABCC10,2295,1413,1016
ABCC10_AAGGTCTAGCAGCGGGAAGA,ABCC10,233,116,468
ABCC10_GGCAGCCCACAGGTATACAC,ABCC10,411,160,287
ABCC10_GGTGTTCACGGCCCTGGCAC,ABCC10,11,114,304
ABCC10_GGACCCAGTTGGAACCAGCC,ABCC10,190,22,113
ABCC10_CCTGTGGAGCTCTCCAGCGA,ABCC10,3029,699,629
ABCC11_GCAGATGACCAGCGATGCGC,ABCC11,385,287,288
ABCC11_AATACACATCACCTCAGGAG,ABCC11,726,262,235
ABCC11_AAGAAGAAGTCTCAAGGCGA,ABCC11,966,49,38
ABCC11_ACACGGTGAGGTAGGAGAAC,ABCC11,1034,396,313
ABCC11_CACCTCGGCTTGGGACGGAA,ABCC11,1831,332,595
ABCC11_CATCGACATAGGCGATGACA,ABCC11,305,8,76
ABCC12_AGCTCAATTCAGCTTTCCGA,ABCC12,437,77,278
ABCC12_AAAGACCATTAGGATCGGGA,ABCC12,397,105,101
ABCC12_CTGGGCCATCAACTACCGCA,ABCC12,1176,287,484
ABCC12_ACGTGGTGTGGAAATTCCAG,ABCC12,1060,246,202
ABCC12_CATCTGACACCAATGCCAAA,ABCC12,991,265,329
ABCC12_TCTTCTGACTTACCTTGCAC,ABCC12,395,578,314
ABCC2_ACACGTGGAGAAGCTGCCAG,ABCC2,147,16,93
ABCC2_TATTCTAGCAGCCATAGAGC,ABCC2,582,123,102
ABCC2_ATCCGTAGGAGATGAAGAAC,ABCC2,823,145,167
ABCC2_TGAGTAGCATTACCTACAGC,ABCC2,1405,22,30
ABCC2_CTCTGATTCTTGTTCAAGCC,ABCC2,1244,666,818
ABCC2_TTTCCAACTGTGCTTCAAGC,ABCC2,1105,359,459
ABCC3_AGCCACGACAATGGTGCCGC,ABCC3,350,80,89
ABCC3_CCCAGGAGACGCACCACAGC,ABCC3,384,352,259
ABCC3_CCGCTCATACTGTATCAGCA,ABCC3,1184,1087,800
ABCC3_CAGAGAGTACCAGGGCAAAG,ABCC3,1583,1313,1267
ABCC3_CCCTACCCTGAGACCAGCGC,ABCC3,4046,1253,796
ABCC3_AGGGTCAGGGTTTAGCAGCC,ABCC3,641,140,253
ABCC4_AACCGTCAGCTGCCGTCAGA,ABCC4,170,170,15
ABCC4_TGGCTGTGATCACACTGCCG,ABCC4,240,370,265
ABCC4_TTAGAACTGCCATCCCAGCA,ABCC4,1001,405,335
ABCC4_GGCACTTCGTCTTAGTAACA,ABCC4,654,295,294
ABCC4_CACAGCGTACGCCTATGCCA,ABCC4,888,16,38
ABCC4_GGCTTCACCTCCTGGTACAC,ABCC4,1106,65,167
ABCC5_TTGCCTGGGTATACTCCAAG,ABCC5,601,509,904
ABCC5_AGACTGCTCCATCAGTGCCG,ABCC5,869,253,251
ABCC5_CACGATGGACAGGATGAGCC,ABCC5,1401,572,809
ABCC5_GCCCGTGTGGCCCACAAGAA,ABCC5,1129,489,609
ABCC5_TTACTTGGAAGTAGTCCGGA,ABCC5,151,72,95
ABCC5_CACACTTCTATACCCAGGAC,ABCC5,1986,497,564
ABCC6_GGGAGCTGTCAAAGGTGGAG,ABCC6,72,50,39
ABCC6_CGTTCTGTACCTGTGGAGGC,ABCC6,1150,327,146
ABCC6_CCAGACGGTCAAAGGACACC,ABCC6,255,146,339
ABCC6_CACCCACCTCACCTGGACGA,ABCC6,1669,466,1251
ABCC6_AGTCCTGGGCATCCGAGGCC,ABCC6,431,111,291
ABCC6_CAGACCACGATCCAGACGAG,ABCC6,1828,416,519
ABCC8_TCCTTTGCAGTAGGAGGGCA,ABCC8,591,110,249
ABCC8_CACTCAGCCATGCCTTCGGG,ABCC8,635,12,231
ABCC8_CGAGGCCTTTGACGCCCAGG,ABCC8,486,225,290
ABCC8_TGATGACATTGACCTCCACG,ABCC8,474,349,139
ABCC8_CCTCTGCAATCTCACACACC,ABCC8,1918,656,943
ABCC8_CTTTGTGGACGCGCTCAACG,ABCC8,3178,1706,1833
ABCC9_TGTTTCCACTGGCATACGCA,ABCC9,829,407,378
ABCC9_ATACCAGCAGAGCTCCACGG,ABCC9,2046,197,129
ABCC9_CGTGTGAATGAAACCCAGAA,ABCC9,1579,611,697
ABCC9_TGCCTGTGATGCAGAAACGC,ABCC9,1447,362,394
ABCC9_CCATCACGGCTGGCATAAAG,ABCC9,920,788,1000
ABCC9_TTCCGGGACATAACCTGAGA,ABCC9,1245,300,319
ABCD1_CTACTACCGGGTCAGCAACA,ABCD1,3201,1352,1311
ABCD1_CGTGAGGAACACCACGAGGC,ABCD1,757,271,291
ABCD1_AGCCACCATGAGCAGGCCCG,ABCD1,673,120,235
ABCD1_GATCATGTCGTCGTACAAGG,ABCD1,284,118,134
ABCD1_CTGGAACATCTCGTGCACCC,ABCD1,898,645,1212
ABCD1_ACCTACCCTGATGTTGAGGC,ABCD1,100,183,651
ABCD2_GACATCAATGCTGACAGCAC,ABCD2,394,128,67
ABCD2_GAAAGATGTCCTGTCAGGAG,ABCD2,897,743,519
ABCD2_GATGGGATGCTGTTATGGAC,ABCD2,266,106,185
ABCD2_TAGAGGACTCCTTCATACAC,ABCD2,873,224,121
ABCD2_CCTTATTGCACTGTTGACGA,ABCD2,721,516,671
ABCD2_CGTTTAAAGCAATCTGGCCA,ABCD2,856,690,683
ABCD3_TTCTTACCCGTGCAGGCCGA,ABCD3,1430,165,87
ABCD3_CTACATCTTGTGTAAGCAGC,ABCD3,374,270,232
ABCD3_ATTCTCGGCTCATCACAAAC,ABCD3,586,261,394
ABCD3_TGGCAAATATGAGCGCACAA,ABCD3,1798,940,643
ABCD3_CATATCCTTGAACGTGAAGG,ABCD3,637,96,156
ABCD3_AAGTGCAGTTAGTGTCGACG,ABCD3,174,443,495
ABCD4_ACTCACCTGTAGAAAGCAGC,ABCD4,233,103,82
ABCD4_ATGCACCAGCTTCATCACAA,ABCD4,1455,642,229
ABCD4_CCACGTCCTGGCTGATGCGC,ABCD4,1201,203,446
ABCD4_GAACAATGAGCATGACAGCC,ABCD4,331,377,33
ABCD4_TCAGTATCTGCAGGAACCGC,ABCD4,84,334,153
ABCD4_CTCAGGTCATGGCGGTCGCG,ABCD4,241,47,60
ABCF1_GCTGGCAGTAGAAGATAAAC,ABCF1,806,257,195
ABCF1_AGTGCCAACCAGTGATGAGG,ABCF1,955,53,80
ABCF1_GCTGTTCCTCAGATACGGCC,ABCF1,204,126,226
ABCF1_TGACTTCTCCGTGTCCCAGG,ABCF1,358,5,80
ABCF1_TACGGGCTGGTAGGACCCAA,ABCF1,296,10,36
ABCF1_GCAACACATCAATGTTGGGA,ABCF1,408,15,0
ABCF2_TGACATTGGCATCTCTGCCA,ABCF2,122,179,99
ABCF2_TCTGAAGCTGCTAACTGGAG,ABCF2,2387,373,233
ABCF2_GAGGGTCGTGAGCGATAAGG,ABCF2,252,111,118
ABCF2_CGCAAGCATCTAGGTCCAGG,ABCF2,1278,101,411
ABCF2_CAGTCCATGCAAGATCCGCG,ABCF2,821,55,300
ABCF2_GAGCGGCTGGCTCATGAGGA,ABCF2,700,308,270
ABCF3_GCAGAGTGTTGTACATGCGC,ABCF3,707,260,181
ABCF3_ACTTCCAGGACTGCTAAAGA,ABCF3,1764,177,190
ABCF3_GGCTCGACTTAAGGCAAAGC,ABCF3,537,203,286
ABCF3_GCGAGAGGATTTGCTACGGA,ABCF3,635,219,407
ABCF3_AGCTTCAGAGCCCTCCGCCC,ABCF3,1333,293,459
ABCF3_CTCACCTAGCAAAGAGGGCC,ABCF3,730,237,242
ABCG1_CGAGAAAGCGGCCATCAGAC,ABCG1,960,433,498
ABCG1_CAACATGGAGGCCACTGAGA,ABCG1,2044,281,203
ABCG1_TGCCCGGAGTCTACAGAGGG,ABCG1,1659,494,477
ABCG1_CCTGGCGATCCCATGGAGGA,ABCG1,974,408,595
ABCG1_TCCCGGAAATTCCTTTCAGG,ABCG1,463,185,168
ABCG1_GCAGGGAGACGGGCATGAAG,ABCG1,871,195,123
ABCG2_TGTCACAGTCGTACTGGGAC,ABCG2,1374,131,445
ABCG2_TCTGAGTTGATGACAGAAGG,ABCG2,628,166,130
ABCG2_CAGGAAGACTTATGTTCCAC,ABCG2,544,252,121
ABCG2_AGGCTCATCCAAGAACAAGA,ABCG2,344,224,122
ABCG2_TACAGTGGGATCATGAAACC,ABCG2,1051,571,841
ABCG2_GGTCATTGGAAGCTGTCGCG,ABCG2,127,246,107
ABCG4_GACCACGCACCTGAAGAAGG,ABCG4,203,289,284
ABCG4_TCTCAGGTAAATTCTGCCGC,ABCG4,393,6,11
ABCG4_CCTGGTTAATGGAAGGCCAC,ABCG4,465,229,88
ABCG4_GCTTCAGGTTAGCAGAGACC,ABCG4,741,11,43
ABCG4_TCCTCTGCCCGCCAGAGAGC,ABCG4,597,53,107
ABCG4_GGACACCACTTGGAAACAAG,ABCG4,556,310,222
ABCG5_TGATGAGCCAACCACAGGCC,ABCG5,1465,226,231
ABCG5_TACTAGGATCCTGGAGCAGC,ABCG5,952,23,79
ABCG5_GCACGGTGAGGCTGCTCAGC,ABCG5,1372,187,232
ABCG5_TGCTGGACGCCATGTCCGGG,ABCG5,3,58,211
ABCG5_TCTCCTTGTACGTGGAGAGC,ABCG5,332,64,49
ABCG5_GAGACCCATGGACCCTCCGG,ABCG5,182,0,0
ABCG8_GAGCCAGCTGCTCAAACCAA,ABCG8,757,139,96
ABCG8_AGTGATCACATCTAGCAAGG,ABCG8,656,130,22
ABCG8_TGTGAAGCTGTCGAGCCCAG,ABCG8,129,234,62
ABCG8_TGACAGGCGCAGCAGAGAGC,ABCG8,1042,367,251
ABCG8_GCATCTTCGTAGGACTCGGG,ABCG8,220,95,41
ABCG8_AGCACCGATCATGAACAAGA,ABCG8,210,145,279
ABHD1_GACATCCTCCAAACACCAGA,ABHD1,90,23,19
ABHD1_GGGCTGTCGTGTTTAACAAC,ABHD1,1293,532,504
ABHD1_GATACTGGTGCTGAATCACC,ABHD1,0,229,144
ABHD1_ATGTGTAGCGCTCATCAAAC,ABHD1,589,842,643
ABHD1_ATAGAGCACAGGGATCCGGA,ABHD1,379,88,198
ABHD1_GCGCTGCTCATCACAGCCCG,ABHD1,46,89,64
ABHD10_CAAGCAGCACGCTGAGGCCA,ABHD10,196,394,274
ABHD10_GCTTGCACGGATACCTCAGC,ABHD10,366,40,143
ABHD10_GGATACCTCAGCGGGCGCCA,ABHD10,552,176,190
ABHD10_TCGACCAGACCTTCCAAACC,ABHD10,2952,1164,1934
ABHD10_TGACTTAGCTGATGGGCCAC,ABHD10,806,157,93
ABHD11_CCGTCTGCATCTGGGCCCGA,ABHD11,1323,185,490
ABHD11_CCTCTACCAGGTTAGTGAGC,ABHD11,621,56,166
ABHD11_TGCTGTAGATATCAGCCCAG,ABHD11,388,153,97
ABHD11_CTGTGGCCAACGACGACGCA,ABHD11,3530,496,593
ABHD11_AGCCTGTAGGAAAGCGGAAG,ABHD11,1167,476,467
ABHD11_CCACGGCCCTAGCTTCGCGA,ABHD11,1411,143,80
ABHD12_CTTTATCACAGACCTCAGCA,ABHD12,1727,482,299
ABHD12_TGTATTTGTGCCTGTAGCCA,ABHD12,1493,302,259
ABHD12_CTCAGCGTGCAGGATGAGCA,ABHD12,812,271,95
ABHD12_AGTGGGAACGCCATCTGAGC,ABHD12,107,82,169
ABHD12_TGTAGTCAAAGGTGACCACA,ABHD12,1102,144,146
ABHD12_GCGCTCATGCTCCAAGGCGA,ABHD12,1743,305,218
ABHD12B_GCGGTCGACCATGTCCCACC,ABHD12B,357,23,74
ABHD12B_TTCTACCTGAGAGTTGAACC,ABHD12B,1101,276,280
ABHD12B_AATTGGGTTCCCATCACGAA,ABHD12B,988,190,222
ABHD12B_CTCTACAGGTAAGCCCACAG,ABHD12B,3696,2561,2010
ABHD12B_TTGTGTCTATGAGTGGACCA,ABHD12B,786,273,588
ABHD13_CTTTATGTTCCCATGCCCAC,ABHD13,137,347,76
ABHD13_ATGTGGAATGCCAGTGGGCA,ABHD13,436,366,332
ABHD13_AATGACACATGGCAGTGCCA,ABHD13,1,33,0
ABHD14A_GGAGACTCACCGGGCCCAAC,ABHD14A,128,86,70
ABHD14A_AAAGATGGGCGAGTTGCCAG,ABHD14A,740,221,428
ABHD14A_GGTGGTGCTGCTTCATGGAA,ABHD14A,658,210,122
ABHD14A_CACTGCAGCTACTGTCACAG,ABHD14A,3812,1098,946
ABHD14A_GGCATAGTGGCCACTCAGCG,ABHD14A,1556,148,186
ABHD14A_TGCGTAGCTTCACCACAGAG,ABHD14A,2538,1304,1241
ABHD14B_CTGTTACCTGGACAAACCAG,ABHD14B,439,238,292
ABHD14B_GCTCCCGGGCTTTGTGCCAG,ABHD14B,281,125,310
ABHD14B_ATGGACTGATCACAACCGGG,ABHD14B,162,162,29
ABHD14B_GGAATCAATCCTGCCTGGGC,ABHD14B,229,0,19
ABHD14B_CTCCGAGACCTGGCAGAACC,ABHD14B,3061,980,1025
ABHD14B_GCAAGCGTGGAGCAGCGCGA,ABHD14B,455,100,49
ABHD15_ACTGGAAGCGATCATACACA,ABHD15,739,128,310
ABHD15_GATCTCCTCCAGGTTGGAAG,ABHD15,472,72,115
ABHD15_AGAAGATCGCCCTCAGCAGG,ABHD15,153,87,123
ABHD15_CCTTCGCTCACCGCGAACAG,ABHD15,928,323,349
ABHD15_GGACGATGGGCTAGTGGCCC,ABHD15,371,55,37
ABHD15_CGGCGGACCAGTTCAGCGAC,ABHD15,724,851,1473
ABHD16A_CTTCTTAACCCGGTTGAGGA,ABHD16A,234,156,306
ABHD16A_ACAACTTTGACTTCCGGAGC,ABHD16A,1135,275,180
ABHD16A_TTCTACCAGGCATTGGCCGC,ABHD16A,1109,213,287
ABHD16A_TCTCCACCTACCTCGGAGGC,ABHD16A,132,263,281
ABHD16A_TATTCTGGAGAGCTGGCGGG,ABHD16A,53,291,25
ABHD16A_CAGCGTCCCTGAGACGCCAA,ABHD16A,311,54,28
ABHD16B_GCGCACGTCATCCCAGCGGA,ABHD16B,448,287,130
ABHD16B_TGCCTTCGCAGCAGATGACG,ABHD16B,1541,294,407
ABHD16B_CAGTGCTGCTGCCGAAGCCG,ABHD16B,2093,327,990
ABHD16B_CGACGCCAACGCCATGGACG,ABHD16B,3057,919,848
ABHD16B_CTTCGACGACCTTGTGCCGC,ABHD16B,592,466,365
ABHD16B_CGAGCACTTCAACCTCAACG,ABHD16B,3043,1552,1660
ABHD17A_GGTACATCCACCTTCTCGCC,ABHD17A,1,37,36
ABHD17A_GGTGGATGTACCCGCAGGCC,ABHD17A,84,67,101
ABHD17B_TCAACCCAGAGAGGCTCCAC,ABHD17B,1185,219,119
ABHD17B_GGTCTTCTTGGTATCAGGAA,ABHD17B,490,116,115
ABHD17B_CGAGCAGCAAGATCCACAGA,ABHD17B,1284,114,710
ABHD17B_CTTGGCTTGCTCTTAGGACA,ABHD17B,714,920,245
ABHD17B_CTCTGTGGGTTTCCCGGAAC,ABHD17B,2790,917,1210
ABHD17B_GAAGCAATCTTCCCTGGACA,ABHD17B,726,463,586
ABHD17C_ACCGTGTAGGTGGGCTCGGG,ABHD17C,972,161,58
ABHD17C_AGGTGCAGGCTGCACGCACC,ABHD17C,519,54,145
ABHD17C_TGCAGTTGATGCGGGAGCCG,ABHD17C,3021,1333,1388
ABHD17C_ACGCAAACCAGACATCAGAG,ABHD17C,2148,653,515
ABHD17C_GAGGTCATCGATTTCTCCCA,ABHD17C,305,120,93
ABHD17C_GCTCGTACATCGCTAGGCCA,ABHD17C,62,6,4
ABHD2_TTCACTCCATCAAACACGGC,ABHD2,1033,373,392
ABHD2_TCCAACACAGTGCTCAGCCA,ABHD2,1418,559,477
ABHD2_GGCACCCAGGTGGTTCAGCA,ABHD2,937,248,357
ABHD2_TGCTGCGTCAGCGTGTGCCA,ABHD2,1451,303,433
ABHD2_TGAGGAAGTTGTAGAACCGC,ABHD2,1141,201,182
ABHD2_GGGATGTTGCTGTGTAGAGC,ABHD2,532,181,41
ABHD3_CAAGCAATTTGTGCAAGCCA,ABHD3,1655,339,217
ABHD3_CAATGACTCTGAGCAAGCGA,ABHD3,172,115,73
ABHD3_TTAACAACAGAGGAGTGGCG,ABHD3,1357,299,408
ABHD3_TTGCTTGTTCCCGTGAGGCC,ABHD3,562,255,241
ABHD3_TTTCTGTAACCACGGGACAG,ABHD3,1124,356,194
ABHD3_GCTCCCGGGACAACATCCGC,ABHD3,1602,29,20
ABHD4_CACATTCTTCAGCTGAGACA,ABHD4,1264,278,286
ABHD4_CGAAGGTGTGCAGTGTGCGG,ABHD4,793,353,295
ABHD4_GCATTCCCAAGGGACCCGGA,ABHD4,635,30,76
ABHD4_ACGTCCTAGGACAGATGCCA,ABHD4,528,256,233
ABHD4_TCTGGTGCAGCGATTCCGGC,ABHD4,727,261,190
ABHD4_TGGAGTCCTTTGGCTGGGCC,ABHD4,597,142,73
ABHD5_ACTCTGCCGACACCGGAGAG,ABHD5,971,199,111
ABHD5_TTGGACGAAGTAGTAGACCC,ABHD5,529,135,169
ABHD5_TTCTGCATCACTGTCAAACC,ABHD5,2351,815,621
ABHD5_CCCAAGGCTCTGATCCAAAC,ABHD5,2193,1153,753
ABHD5_GCGCCAAAGATCACTGAAAC,ABHD5,4098,1033,1615
ABHD5_ATGAATGTGGTCGTAAGGAC,ABHD5,838,496,290
ABHD6_AACATGTTTGTGATTGCGGG,ABHD6,644,249,152
ABHD6_TGTGATTGCGGGCGGCACGC,ABHD6,1140,223,192
ABHD6_GAATCCGTGGAGCATGAGGA,ABHD6,1039,319,412
ABHD6_GCAAGTTAAGAGGATACACC,ABHD6,655,418,441
ABHD6_CCATGGAGGTGCCTACCAGG,ABHD6,1450,294,432
ABHD6_CAAGGGAATCTTCTCCACGG,ABHD6,2716,618,699
ABHD8_GGTGGAGGAAGACCAGCGCA,ABHD8,266,81,77
ABHD8_ACTGGCCGCTCATCATGGCC,ABHD8,404,55,178
ABHD8_GGTGATCATGATCAATGGCG,ABHD8,322,0,53
ABHD8_GGTTCACTTACCCGTAGGAA,ABHD8,720,260,122
ABHD8_GACCTCCTACACGGGCAGAA,ABHD8,1524,404,297
ABHD8_ACCTTTGTAGAGGTCAAGCC,ABHD8,1149,607,554
ABI1_GCTGGTGGAGCTCCAGAAGG,ABI1,2546,186,131
ABI1_TCGCCACCCACTATTGGACC,ABI1,1818,161,244
ABI1_ATCAGAGACCAAGGACACAC,ABI1,2565,207,123
ABI1_AGTCCTCCCATGTCAGGCCG,ABI1,1016,132,187
ABI1_AGCCTCTCAGCTTCGGAGAA,ABI1,95,14,115
ABI1_GGAGATCCCGTCTGGCAAGA,ABI1,451,57,57
ABI2_CTGGAAGAGGAAATCCCGGG,ABI2,483,155,166
ABI2_TCTTTGTCAGGAAGCACCAG,ABI2,722,140,225
ABI2_GGCATCCCAGCTACGAAGGA,ABI2,15,242,337
ABI2_GGAGCCAGTGCGTCCTCCAG,ABI2,219,8,102
ABI2_CTGAGGAGTTACCTGTAGGA,ABI2,1262,149,291
ABI2_TCCAGAAGATTACGAAGAGG,ABI2,756,142,278
ABI3_AGTAGTCAGCGACCCGCAGC,ABI3,550,82,85
ABI3_GGCCTACCAGGTGGGCAACC,ABI3,238,462,557
ABI3_CCTGCAGTAGGGCGTGAGAG,ABI3,2608,1003,797
ABI3_CCTTGATGCTCTTTCGAGAC,ABI3,1625,788,841
ABI3_TTGTAGGTCTCACCCGGCCG,ABI3,1832,318,185
ABI3_CTGGTGTTCAGCAGCGCCGA,ABI3,978,89,91
ABI3BP_GGTTCTTGGCGGTTTGGGCC,ABI3BP,1000,53,60
ABI3BP_CGTAGGCTGCATTTCTGGAC,ABI3BP,2171,635,542
ABI3BP_TGAACAGCCAAGGGCAACAC,ABI3BP,711,228,213
ABI3BP_TTCTCGCAAACCTCTGCAGC,ABI3BP,96,115,70
ABI3BP_TTGGACGCAAGAACTTCAAG,ABI3BP,753,187,199
ABI3BP_TGGAAGTATTACACTAGCCC,ABI3BP,1494,420,220
ABL1_CAGATAACAGCTGGAGGACG,ABL1,2030,568,869
ABL1_TTCCTTGGAGTTCCAACGAG,ABL1,933,83,196
ABL1_CCCTTCGTATCTCAGCGAGA,ABL1,887,694,819
ABL1_CATCATTCAACGGTGGCCGA,ABL1,252,349,187
ABL1_AGAGATCAAACACCCTAACC,ABL1,788,386,436
ABL1_ACTACCTGAGGGAGTGCAAC,ABL1,433,30,81
ABL2_TCGGACACTGAAGAAACAGG,ABL2,545,292,418
ABL2_TTGGCACAATGTAGGAGAAC,ABL2,1321,338,322
ABL2_CCGAGAATGCAACCGAGAAG,ABL2,1335,507,586
ABL2_TGTACACCATCACTCCACAG,ABL2,1211,1238,1080
ABL2_CACCATTCTGGTTGTAACCA,ABL2,1477,260,1338
ABL2_ACATCTCAACATCTCTCACC,ABL2,72,64,79
ABLIM1_GGACTTTCCCTGTGATAAAC,ABLIM1,779,496,418
ABLIM1_CTTGATATCTCTTCCGCAGC,ABLIM1,1269,43,124
ABLIM1_AATGTGACTCGGTCTCCGGG,ABLIM1,149,66,39
ABLIM1_AGCGTGTCCCGTACATCCGC,ABLIM1,1099,110,224
ABLIM1_ACGCCTATGAGCGGTGAAGG,ABLIM1,1544,47,155
ABLIM1_CTAACCTTTGTAGTCTCCCA,ABLIM1,476,78,294
ABLIM2_GGACAGGCAGAGCTACGGCG,ABLIM2,2236,309,567
ABLIM2_CTGGCTGCTTGTCGACACGC,ABLIM2,842,644,520
ABLIM2_TGACACATAGCGCGCAGGAA,ABLIM2,3068,645,520
ABLIM2_CACAGAAATCAAGAATGGCC,ABLIM2,1226,240,230
ABLIM2_TACTTCGGAGGCCCTGGGAC,ABLIM2,418,321,400
ABLIM2_GGGCGAGTACATCTGCACGC,ABLIM2,861,180,90
ABLIM3_CAGAATCCTTACAATCCACG,ABLIM3,1136,668,580
ABLIM3_AGGCTTCTTCTTCAAGAACC,ABLIM3,307,187,284
ABLIM3_ACAAGTGATGGTGATGCGGA,ABLIM3,679,181,499
ABLIM3_GATGGGCTTACTGCTGGCCA,ABLIM3,135,99,354
ABLIM3_CTTGATCTCCTCCTTGCACC,ABLIM3,900,160,203
ABLIM3_TGAACTTCTTCTTGCAGGGA,ABLIM3,937,669,538
ABP1_ACCAAAGAAGATGACGGCAC,ABP1,1177,186,136
ABP1_CTATGAGGTCAGCGTGCAAG,ABP1,1715,454,233
ABP1_CCAGAGTTGGCTGGACCACG,ABP1,1974,615,1198
ABP1_GATCCACTCCATGGCCGACC,ABP1,534,234,248
ABP1_ACTGCTCAAAGACCACGGGC,ABP1,626,179,69
ABP1_TGGCCGGAGCAGGAAGCCCA,ABP1,368,64,23
ABR_GGCGATAGGCTTGCTGGACA,ABR,957,122,111
ABR_CGACTCATCGATGTACGGCA,ABR,1479,517,347
ABR_GATGGAGCCGCTCAGCCACC,ABR,57,36,54
ABR_CGTTGTCACTGCAGTCCGGC,ABR,1283,221,245
ABR_GCTCTACAAGCCCATTGACC,ABR,445,19,35
ABR_CCTCTGAGATCTTCTGGAAC,ABR,652,212,187
ABRA_ATGGCTCGCCACAGACGAGA,ABRA,409,28,13
ABRA_TTTGTGTAGGCGGGTGGACA,ABRA,754,137,80
ABRA_CCTCAGCCACAGGTACGAGA,ABRA,780,156,200
ABRA_ACGTGAGCCACCTCAGCCAC,ABRA,664,95,139
ABRA_GAAGATACGCACAGCCACCC,ABRA,874,225,147
ABRA_TGGCTGTGCGTATCTTCCGG,ABRA,838,321,333
ABRACL_AGCAATGAATGTGGATCACG,ABRACL,425,177,286
ABRACL_ACCTGTTCCAAGGTAAAGCC,ABRACL,1232,80,124
ABRACL_GGCTAAGGGCAGTTATAACC,ABRACL,765,317,166
ABT1_CGGAGCAAGAGCCGCTGGAA,ABT1,1355,169,432
ABT1_TCTTCTTGCGTCTCACGAAC,ABT1,406,286,241
ABT1_TACACCAAGGACTACACCGA,ABT1,966,59,80
ABT1_CCTTTGAGCGCCAGGTGCGC,ABT1,575,88,17
ABT1_TCAAGCGCTGCCTGCGCACC,ABT1,301,67,36
ABT1_GCCCGTAAAGCAGCACGGCC,ABT1,179,79,42
ABTB1_CCTTCCTGCAGCTGGCGAAC,ABTB1,2227,450,264
ABTB1_AGGTGAATGTGCGGGACAAG,ABTB1,1666,360,521
ABTB1_TGCTCTCACCATTGGCCAGA,ABTB1,651,166,155
ABTB1_GCTTGTAATCGCGTAGAGCC,ABTB1,212,27,40
ABTB1_ACGTGGTCTTTGTAGTACAC,ABTB1,542,66,118
ABTB1_GCACTTACTCGGAGCTCGGG,ABTB1,611,52,137
ABTB2_GAGGGCTCGGCAGTGAACGG,ABTB2,231,141,64
ABTB2_TCGGGCATCCAGCCTCCGGA,ABTB2,154,128,121
ABTB2_CGCAGCCTCACCGTGGACAG,ABTB2,1674,721,833
ABTB2_AAGTGATGGGCTGTGGCGGC,ABTB2,693,116,206
ABTB2_CTCCGAGATGCTGCCCACGC,ABTB2,1263,693,600
ABTB2_GGCGCTCTGCACCTCAAAGC,ABTB2,904,316,355
ACAA1_TGGCATTTCACGGGAGAAGC,ACAA1,1067,258,736
ACAA1_TACTTCGCGCTTGATGGAGA,ACAA1,747,194,4
ACAA1_CGAACACTGTCTATTGACAG,ACAA1,2126,254,554
ACAA1_GATTCGGGCCATGATTGCCC,ACAA1,268,16,4
ACAA1_GAATCTGAGGCCGGAACAGC,ACAA1,636,79,133
ACAA1_GGCATCCAGCCGGAATCGGC,ACAA1,49,53,54
ACAA2_CTTGATCCAGATCCTCCCAG,ACAA2,1478,148,388
ACAA2_AAGGCCTCCGTAAGCTCCAA,ACAA2,206,67,42
ACAA2_ACGCCCTTTGGAGCTTACGG,ACAA2,697,713,293
ACAA2_CTCACCTCGGAGCAGAGCCA,ACAA2,585,327,284
ACACA_AGTTAGAGACGCTATTCCGC,ACACA,858,63,26
ACACA_TGCACACGTTCCTTGTCCAA,ACACA,1102,116,116
ACACA_GAATACCTGTACAGCCAGGA,ACACA,644,102,46
ACACA_ATCAAGGCCTCAGAGGGAGG,ACACA,270,21,0
ACACA_TGGCTTGCACCTAGTAAAGC,ACACA,1423,484,347
ACACA_CCAGTAGGTCCAACTTCACC,ACACA,813,305,171
ACACB_GCCGAGCCAGCCTCCCACAA,ACACB,1500,436,689
ACACB_GAGCATGTCGGGACTCCACC,ACACB,174,212,14
ACACB_TGAGATGTTCCGCAACGAGC,ACACB,403,242,243
ACACB_TTATTGGGCCCTCCTGGGAC,ACACB,483,266,194
ACACB_CCGGAGCTGCTGTGCAAGAA,ACACB,3169,1492,1315
ACACB_TAGCGTCTGGGCGACAACGG,ACACB,173,365,281
ACAD10_TCAAACTGTTTCCGGTCCAG,ACAD10,607,168,400
ACAD10_TTACTGGGTATCCAGACCAC,ACAD10,695,132,67
ACAD10_CATCTGCCCATGCCATAGAG,ACAD10,1989,173,548
ACAD10_CTTGAAGACTATGGGAAGCA,ACAD10,1760,412,205
ACAD10_AGCTCGATACTGCTTAACCC,ACAD10,973,298,437
ACAD10_TGTAGGCCACATCAGCAAGG,ACAD10,1471,647,641
ACAD11_GGATTCTGCCAGGTCCAAGG,ACAD11,757,249,382
ACAD11_CTTGTTCCCATGAACACACC,ACAD11,960,394,328
ACAD11_CAATCAAGGCATAGTCCACG,ACAD11,592,554,180
ACAD11_CCATGCAACAGCTATCGGAG,ACAD11,1443,376,605
ACAD11_GAATATACAGTCACTGCAGC,ACAD11,226,241,418
ACAD11_TCGGACTCGCCAGTAGCACC,ACAD11,520,44,243
ACAD8_TGCAGGAGGTCAAGCTCCGG,ACAD8,284,371,258
ACAD8_CAGCCCAGCTAGGCTTCGGA,ACAD8,228,43,68
ACAD8_TTGCCCACCGCTCTGTACCA,ACAD8,2898,505,1261
ACAD8_CTGACCTCCGCTAAGAAACA,ACAD8,1199,823,513
ACAD8_ATGTGCCGAACAGGAGGACC,ACAD8,279,130,190
ACAD8_TGAGAGGACTGAACGGAGGG,ACAD8,495,242,102
ACAD9_CGGTAGAGACCACCAGACCC,ACAD9,1176,156,151
ACAD9_CAATCAGTTCTTGGGACCCG,ACAD9,1605,444,245
ACAD9_AATAGCCTGGTGCGCTGCCA,ACAD9,529,123,99
ACAD9_TCTGCCTCACGGAGCCAGCC,ACAD9,0,9,34
ACAD9_CTGGATTACTAATGGAGGAC,ACAD9,1891,175,131
ACAD9_TGAACATCCTCAACAGCGGC,ACAD9,482,145,210
ACADL_AACGTTTCGCTTCATGCAGC,ACADL,839,207,287
ACADL_CTGGATTCTCAATGGAAGCA,ACADL,859,534,562
ACADL_GCAATGACAGAGCCTGGAGC,ACADL,1163,219,444
ACADL_GCATCTTGGTGGAATTGGAG,ACADL,1259,125,246
ACADL_AAGATGTTCTCATTCCGGAG,ACADL,1272,28,150
ACADL_CGCGTAGGGACCCTCGGAGA,ACADL,1913,402,306
ACADM_GGCCGGAACGGGAGCCAACA,ACADM,1748,272,389
ACADM_CGGGAGCCAACATGGCAGCG,ACADM,779,295,789
ACADM_GCCAATCGACAACGTGAACC,ACADM,694,245,339
ACADM_TGCTCGTAAATTTGCCAGAG,ACADM,1413,787,753
ACADM_GGTTGGAACCAGTTAGAAGA,ACADM,400,265,212
ACADM_AAGATGTGGATAACCAACGG,ACADM,472,564,553
ACADS_TCTCGGGCAGTTCCACAGAC,ACADS,1684,400,259
ACADS_GACACTCATGATGACTCCGG,ACADS,658,252,215
ACADS_CTTGGAGCCAAACTTCAAGA,ACADS,1479,517,477
ACADS_TGCCGTGGTCTTTGCCAGCA,ACADS,888,544,474
ACADS_GATGGGCTTCAAGATAGCCA,ACADS,14,0,1
ACADS_GAACTACGCTGAGAATCGCA,ACADS,444,101,87
ACADSB_TTCCTCTATCACGAGCACAG,ACADSB,1665,185,243
ACADSB_TTCGAATGTTAACGGGCAGG,ACADSB,406,113,143
ACADSB_CCAACACCAAGTGGCTCACG,ACADSB,2020,233,560
ACADSB_CTCGGAAGTATTTCTCCACA,ACADSB,1217,313,377
ACADSB_TCTCGGAAGTATTTCTCCAC,ACADSB,427,25,14
ACADSB_GCTTTGCAATGGTGTTCAAC,ACADSB,1070,152,266
ACADVL_CTTCTGTGCTGGCAGGAACC,ACADVL,1662,296,292
ACADVL_GGAGATGCAGGCGGCTCGGA,ACADVL,62,7,26
ACADVL_TTCCTGGTCAGAGCGTCAGA,ACADVL,123,134,247
ACADVL_TATCCCTTCCCTTACCGGAC,ACADVL,643,56,60
ACADVL_ACCTCGAAGAAACGGGACAC,ACADVL,649,184,120
ACADVL_TGTGGGCCTTTGCAACACCC,ACADVL,114,21,155
ACAN_GAGCCGTGTGTCCAAGGAGA,ACAN,501,154,266
ACAN_GATGGCACTGTTCTGCAGGC,ACAN,219,0,66
ACAN_TCTCCATAGCAGCCTTCCCG,ACAN,1923,567,294
ACAN_GGTTGCCACCGCAGTTGGGC,ACAN,218,63,111
ACAN_CTGGGCAGCCGCATTTGCCA,ACAN,419,514,364
ACAN_AGCCTGCTTCGTAGGCGGCC,ACAN,498,39,125
ACAP1_CAGTTCACACTTACCGGAAA,ACAP1,2068,608,416
ACAP1_ATTGGAGACCCGTCTGGAAA,ACAP1,199,238,372
ACAP1_AAATGCCGACAACGAAGGCG,ACAP1,532,161,423
ACAP1_CGTGAGCCTGAACCACAAGC,ACAP1,201,662,629
ACAP1_TCGCCGGGATTTCTGGCGGG,ACAP1,625,0,0
ACAP1_TCAACGTGATTGAGGACAAG,ACAP1,2056,320,343
ACAP2_GCGACGATTCTGCTTTGAGG,ACAP2,1464,226,282
ACAP2_ACTGGTTGTGGATGCAGCAA,ACAP2,680,171,244
ACAP2_CATGAAGGATCTTGGTGCAC,ACAP2,937,119,34
ACAP2_CATGAATGGGATTCGAGACC,ACAP2,1506,34,311
ACAP2_ACTTAGATGCCGTGAGAGCA,ACAP2,1080,851,652
ACAP2_GCCGTGCCGGTTACCTGAAG,ACAP2,155,9,26
ACAP3_GCTGGTGATCGACTCTGCGG,ACAP3,774,150,63
ACAP3_CAGTCCAGCTTCTTCCAGCA,ACAP3,727,251,691
ACAP3_ACGAGGTGGAGGAAGCCACC,ACAP3,60,46,100
ACAP3_CCGAGATGACGGTGTCGCCC,ACAP3,127,32,223
ACAP3_GATTGAGGCCAAACTGGACA,ACAP3,348,96,83
ACAP3_CTGGAGCCGCGTTTAAGGCC,ACAP3,1510,275,860
ACAT1_TCTTGTGTCTTGCCAGGAAG,ACAT1,542,366,353
ACAT1_TAGTGGCTGGCAGCAAGGAA,ACAT1,2140,380,482
ACAT1_CTTGAGATCAAGCAAGAGAC,ACAT1,1182,401,226
ACAT1_TGACGGCAGATGCAGCGAAG,ACAT1,1882,710,573
ACAT1_GCCAGTATTTGCAATGGAGG,ACAT1,181,199,101
ACAT1_AGTATTTGCAATGGAGGAGG,ACAT1,216,56,152
ACAT2_GCCGCCGAGACGATGACCAC,ACAT2,431,125,72
ACAT2_CCACAACTCGCAGCAGCCGA,ACAT2,669,552,0
ACAT2_CACATCTTCCGGAGCCACAG,ACAT2,1554,671,931
ACAT2_TCTATGTTGCTCCCATGGCG,ACAT2,540,199,310
ACAT2_CTCCACACCCACTTGGGACC,ACAT2,1432,377,367
ACAT2_CGACAGCCAGATGCTCCAAG,ACAT2,1061,474,722
ACBD3_TCCGTGATTACAGTGGGCCG,ACBD3,750,396,384
ACBD3_GGCAGCATTACAGAAACAAC,ACBD3,817,194,268
ACBD3_AGTCCAGCTTGCACAGCAAC,ACBD3,1170,368,458
ACBD3_AGAGGAAAGGCTTCGACGGG,ACBD3,826,307,106
ACBD3_CCTGGGAAACATGTCTAAAG,ACBD3,1988,751,996
ACBD3_CGACCGGATCCAGGTGGCGA,ACBD3,245,66,331
ACBD4_CAGCCTCACCGTTCTTGGGC,ACBD4,963,79,54
ACBD4_CGCAGCATCTCTTCATAGGA,ACBD4,2654,344,609
ACBD4_ACAGTCTGGGCAAGATGAGC,ACBD4,1217,124,149
ACBD4_TCAGGGATCACCTGGTACAG,ACBD4,1215,510,423
ACBD4_TGGTAGAGTTACTGCCCAGA,ACBD4,160,24,249
ACBD4_AAGAGCCACTGGACGACGAA,ACBD4,783,209,187
ACBD5_ACACCAGGAGACATCTCGAA,ACBD5,2473,393,241
ACBD5_CTGCAGTCTCATCAGCACGA,ACBD5,2367,678,511
ACBD5_GAAGATGGCAGGAATAACAG,ACBD5,910,155,174
ACBD5_TCTGCTGTTTGCATTCACCA,ACBD5,2132,358,574
ACBD5_CTTTCACGCGCCAGTCCGAC,ACBD5,1669,298,441
ACBD5_CCGCCGACAGACCTTGGGAC,ACBD5,2298,308,364
ACBD6_GCAGCGGCACACAACTGGCA,ACBD6,1761,438,518
ACBD6_CTTACCTGAGGATTCCAACC,ACBD6,1147,696,709
ACBD6_CCTGATTCAGGTGGCCAGCA,ACBD6,1149,987,816
ACBD6_AAACAGCTCGGCCAGGCAAC,ACBD6,990,168,204
ACBD6_TTCATCATTCCTGCCCGCGG,ACBD6,291,211,150
ACBD7_TCTAGCATTCCTGGACACGC,ACBD7,2220,335,268
ACCS_GGGCTACAGGACCTACCACA,ACCS,486,21,160
ACCS_GACTTACCCGCCAGGACAGC,ACCS,340,95,134
ACCS_GAGTCAGCGCGACATGCAGA,ACCS,255,60,65
ACCS_GGCTCTTGCAGTAGAAAGAC,ACCS,859,266,102
ACCS_CACGGTGCTGTGTGAGGCCG,ACCS,2069,702,936
ACCS_CCAGGTAGACATAGGCCAGC,ACCS,1563,81,247
ACCSL_CGGCCTCTCCTCTGACCAGA,ACCSL,774,179,133
ACCSL_TTCAAGGGATCTATGTAGGG,ACCSL,1167,159,317
ACCSL_TGCCAAGGTTAATGAAACCC,ACCSL,1813,289,409
ACCSL_GCCTGCGGGAAGAAGTGGCC,ACCSL,380,55,0
ACCSL_CTCAACCTTTGCATACAGGC,ACCSL,1235,831,779
ACCSL_CTAACTTGTCCACAGTGAGC,ACCSL,464,62,99
ACD_TCCCAGGACCGGAGCTACCA,ACD,2813,60,187
ACD_GGCTGAAAGCTGCCTGACAC,ACD,574,114,169
ACD_CGCAGAGTTCTATCTCCAGG,ACD,1111,75,46
ACD_GGATCCTGCTTGTTGCAGGG,ACD,90,123,259
ACD_TCAGGTACTACAGGACGCCG,ACD,1432,210,103
ACD_GCATCCGCTGGGTGTAGCCG,ACD,322,316,7
ACE_GAACAGCACCTGTTCGGCGC,ACE,1190,94,157
ACE_GGGAATCTGCCTCATGGGAA,ACE,661,82,130
ACE_GCTCAGCCAGGAGTTTGCGG,ACE,558,84,123
ACE_CAGGATCTACTCCACCGCCA,ACE,849,462,251
ACE_CCTCGTACAGCGGTTTCAGC,ACE,0,0,85
ACE_CCCAGGCTTCACAGACACGG,ACE,973,339,178
ACE2_ATCGGGTGACAGAAGACCAA,ACE2,248,196,260
ACE2_AATTCCATGCTAACGGACCC,ACE2,885,159,212
ACE2_TACTGATGCAATGGTGGACC,ACE2,1282,167,373
ACE2_TACCAAGCAAATGAGCAGGG,ACE2,829,275,137
ACE2_GATGGCTATGACTACAGCCG,ACE2,420,158,116
ACE2_TTACAGCAACAAGGCTGAGA,ACE2,554,232,103
ACER1_CGGACTTTGAGGGTTTCACC,ACER1,960,1305,380
ACER1_GGGCTGTTGCTCTGACCAGC,ACER1,235,315,480
ACER1_CAGGCGGATGAACTGGGACC,ACER1,843,408,370
ACER1_TGGCGATCTCGTCCAGCAGC,ACER1,518,171,267
ACER1_CAGTGGCCCGAAGATGAAGA,ACER1,891,246,203
ACER1_CAACTTCCAGTACTCGGAGC,ACER1,466,184,322
ACER2_TATCGCCGAGTTCTACAACA,ACER2,2038,870,544
ACER2_AGTTCTGGCCCAATGAGAAA,ACER2,918,389,383
ACER3_CTCCTCGCACCAGTCCAGCG,ACER3,1924,661,618
ACER3_AGGAGAACTACTCCGTGACC,ACER3,444,144,128
ACER3_AGGTTGCTCTTCAGGGAGGA,ACER3,286,168,196
ACER3_TTATCCATGGCTTAGAGGAC,ACER3,1087,86,268
ACHE_GGAAGGCCGAGTTCCACCGC,ACHE,424,12,33
ACHE_GAGGCCGTGTTCACAGCCGC,ACHE,87,0,0
ACHE_GAAGCGGTTCCAGAAGGCGC,ACHE,536,164,173
ACHE_GGTAAGTGACCTGGCAGCCG,ACHE,388,29,41
ACHE_AGGAAGTCTCCATCTACCAC,ACHE,981,229,120
ACHE_TCCCATGGGTGGCTCCGCAA,ACHE,1179,212,388
ACIN1_ATTGGTCTCTCTGGAGAAGG,ACIN1,1,37,24
ACIN1_GCAACCTCCTGACCAGAAGA,ACIN1,583,339,334
ACIN1_CCTTCCTTCTGTTCCAAAGA,ACIN1,1184,284,216
ACIN1_ACGATCATCTAGGGTCAGAC,ACIN1,1911,292,322
ACIN1_GATGATCCATCCTGAGGGAG,ACIN1,390,66,59
ACIN1_CCCTGGTCAAGCGGCTCAAA,ACIN1,1381,699,992
ACLY_GATCTGGACCATGGTGGCCG,ACLY,638,47,139
ACLY_CGGGCGGGAGGCATATCCAG,ACLY,1351,36,111
ACLY_CCAAGCACACCCAGTTACCA,ACLY,3265,235,237
ACLY_CGTGGGTGATGTGGACGCCA,ACLY,1674,230,222
ACLY_TTCCACGACGTTTGATCAGC,ACLY,409,514,456
ACLY_CCGATTCTGGATGGCTGAGG,ACLY,754,265,208
ACMSD_CTGCAGAGGTTTGGCTACGG,ACMSD,3717,845,1030
ACMSD_AGAGGTTTGGCTACGGAGGC,ACMSD,866,421,445
ACMSD_AGCTCACAACGGTGCTGGCA,ACMSD,824,184,353
ACMSD_GACACAAACCTACAAGCCAA,ACMSD,341,4,30
ACMSD_CTGAAAGTGTGTTTCGCACA,ACMSD,1217,1045,896
ACMSD_TTCCAGCTCACCTAGTGGAA,ACMSD,2163,420,409
ACN9_ACTCGAGAAACGTGCCGCCC,ACN9,376,93,79
ACN9_TTTCACGTACTGGTCGCCCA,ACN9,238,203,118
ACN9_CTTTCACGTACTGGTCGCCC,ACN9,396,165,143
ACO1_CCTGGTTGTACAGGATCCAA,ACO1,534,163,237
ACO1_TCCTGCAGGATGACACGAGC,ACO1,1236,983,526
ACO1_GCAGCAAAGTCAACCACAGC,ACO1,1640,525,295
ACO1_TGGATGATTCCTGAGCCAGG,ACO1,239,1526,623
ACO1_ATCACGTACCTGGTGCAAAC,ACO1,1092,600,839
ACO1_CTTGCTGTAGTGGACCCAAA,ACO1,923,342,432
ACO2_TGTGGCCATGCAGGATGCGA,ACO2,946,42,175
ACO2_AGACCCATCAGGCCCAGCAC,ACO2,1973,390,500
ACO2_CTGAGCAAGACCGGCCGGGA,ACO2,959,385,453
ACO2_TCACCCACTCGGATGTCCAG,ACO2,289,37,48
ACO2_ACGCCTCTTACCTGTCCCAC,ACO2,69,19,4
ACO2_GACTACCTGACGGGCACGGA,ACO2,347,25,0
ACOT11_GGAGCGCAGCCTTACCGGAC,ACOT11,0,93,86
ACOT11_ACACCAGCGGAGAGGCACGC,ACOT11,1387,777,816
ACOT11_CCGGGCCTTCAACTCCAGCA,ACOT11,1737,852,1586
ACOT11_GATCTCTCGGCGGGCCACGA,ACOT11,292,33,99
ACOT11_CATAGACAAGGCGCATGCGC,ACOT11,317,158,180
ACOT11_TCCACACGGGTCTTCTCAGC,ACOT11,302,12,42
ACOT12_GCAAGCGAATTCGCCTAGGC,ACOT12,669,77,296
ACOT12_TGTTGAAGTTGGAGTTCGCG,ACOT12,1291,377,339
ACOT12_TATGGCGTGGATGGAGACAG,ACOT12,1495,18,61
ACOT12_ATAATCTGGCTGCTGAGAGA,ACOT12,386,128,186
ACOT12_ATCCACTGAGGCTGTAACGC,ACOT12,1238,281,516
ACOT12_TGGCTCATGACCACCTCGCC,ACOT12,494,161,132
ACOT13_GGTGATAAAGGCCATGACCA,ACOT13,230,108,20
ACOT13_GCAATAGGCACTCTCCACGG,ACOT13,1551,613,269
ACOT13_TGGCTCTGCTATGCACGGAA,ACOT13,361,286,1002
ACOT13_GGCTCTGCTATGCACGGAAA,ACOT13,774,425,221
ACOT13_CTTGTTGGTCAGATCCACAG,ACOT13,660,806,725
ACOT2_CGGGACGCTCGAAGGACAGC,ACOT2,398,138,92
ACOT2_GAGCGTCCCGGCTGTACCAA,ACOT2,919,116,146
ACOT4_TAAGGAATGCTCTCGTAGGA,ACOT4,1374,658,321
ACOT4_CTGACCAACAATGAGCAGGA,ACOT4,1483,861,801
ACOT6_AGCTACTGTGTTGGCTACAC,ACOT6,554,499,300
ACOT6_TGGTGATTGTGTTCCTCCAG,ACOT6,589,305,250
ACOT7_GGTGCGCTCGACACGAGCCA,ACOT7,159,31,23
ACOT7_GCATTGCAACAGCCAGAACG,ACOT7,3743,993,1128
ACOT7_CCTGCTCAGCTGGAAAGCCA,ACOT7,588,410,107
ACOT7_TCCTCAGAAAGGAAGTCGAC,ACOT7,472,185,192
ACOT7_TCCAGTAATGCAGGCTCCAC,ACOT7,262,238,345
ACOT7_GGCGCGGAATGAATGAGCCC,ACOT7,60,0,14
ACOT8_CGCATTCATAGAGCATCCAG,ACOT8,1568,234,14
ACOT8_CAACCGAATTGCTGCTCAGG,ACOT8,33,115,10
ACOT8_TCTGTGAAGGCCGTGCAACA,ACOT8,1063,991,917
ACOT8_CAAGTGGAGCGGACACGAAC,ACOT8,498,369,884
ACOT8_CGTGCTCAACCTCGAGCCGC,ACOT8,487,142,171
ACOT8_TCGTGACCAAGACGCTACGG,ACOT8,1837,416,405
ACOT9_CCCTTGTTCCAGTGAACAAG,ACOT9,279,87,209
ACOT9_AGAGGAGCTCTTTAGACAAG,ACOT9,817,240,112
ACOT9_TCTTCCCGACCCAGCTAACA,ACOT9,3225,628,717
ACOT9_TAGTAGGAGCATCCACAAAC,ACOT9,1493,1023,1263
ACOT9_CACATTCATGAAGGCAAGCA,ACOT9,2326,501,581
ACOT9_GGCAGCCTAGCGCAATGAGG,ACOT9,418,130,442
ACOX1_CTAGGACCCTATCCTTACCC,ACOX1,1541,113,239
ACOX1_ACCTCCATTAAATGGTGGCC,ACOX1,518,113,167
ACOX1_AGCGCTTCTTCATGCCCGCC,ACOX1,456,185,120
ACOX1_AGTGGTGCCCTGATTCAGCA,ACOX1,799,413,289
ACOX1_TGACAGCCACCTCATAACGC,ACOX1,3015,838,827
ACOX1_GCTGGTCGTCGCCATGAACC,ACOX1,884,215,316
ACOX2_GCGGATGACCGAGTAGCGCA,ACOX2,687,289,552
ACOX2_ATCTGCTCAGGAGCCAGGCG,ACOX2,641,147,134
ACOX2_ACTGCCACCAAATGGTGGCC,ACOX2,0,13,0
ACOX2_CGTGAGAGCCCTCAGGAGCC,ACOX2,622,394,264
ACOX2_TTATAAGGCTGCCATGCGGA,ACOX2,725,134,136
ACOX2_CCCAATGACACTCGGTGCAC,ACOX2,4361,335,640
ACOX3_CGGTTCAGAAGGCTCTGGCG,ACOX3,1550,228,444
ACOX3_GCCAACCATCACTCCAGGCA,ACOX3,770,234,403
ACOX3_CAAGACAGCCACTCACGCGG,ACOX3,1803,366,197
ACOX3_TGGCCTTGGTATTACTGCCG,ACOX3,899,268,137
ACOX3_GAGAAGAGTCATACATGCCC,ACOX3,113,21,23
ACOX3_ATGGCATCCACTGTGGAAGG,ACOX3,1344,140,247
ACOXL_TCAGAGAGTGAAGTTTGCCA,ACOXL,681,125,129
ACOXL_GGCCATGGGAGCAACGCGAG,ACOXL,746,107,122
ACOXL_TGACAAGGTTCGGATACCCA,ACOXL,999,213,242
ACOXL_AAGCCACAGCTAATCTCGAA,ACOXL,996,284,188
ACOXL_TAGCCATTCGCTATAGCCAC,ACOXL,253,233,112
ACOXL_TGGCCCTGACCTTCGTCAGC,ACOXL,575,315,309
ACP1_TGCTGTTTCTGACTGGAACG,ACP1,921,826,510
ACP1_TTTCTGACTGGAACGTGGGC,ACP1,70,14,22
ACP2_GACATGGTGGCCAACGAGAC,ACP2,585,405,425
ACP2_CATGAGTGCTGAGGCCAACC,ACP2,1658,379,414
ACP2_AGCCGTGATAGCGCTGCCGC,ACP2,76,75,26
ACP2_TTCTCTCAGCTGTACCGCCA,ACP2,953,205,276
ACP2_CCACCAGGTTCACGCCGAGA,ACP2,1407,530,48
ACP5_TGAAGTGCAGGCGGTAGAAA,ACP5,1823,537,528
ACP5_AGGGCACTTTGCGAAGGGAG,ACP5,137,210,62
ACP5_GCTCCCTTCGCAAAGTGCCC,ACP5,52,44,45
ACP5_ATTCCACACGGCCCGGGAAA,ACP5,1234,542,339
ACP5_AGCCAGGGAGGGTAGCAACA,ACP5,2040,389,449
ACP6_GCAGCTCTATTACCACGGGA,ACP6,876,147,36
ACP6_TTGTGCAGCTCTATTACCAC,ACP6,543,541,476
ACP6_ATCCTTGTACATACTGCCCA,ACP6,1133,91,0
ACP6_ACGAACCTTCTTTCTGACAC,ACP6,543,472,428
ACP6_TGGCGTACTGCCTGCACCAG,ACP6,1138,562,595
ACP6_AGCGAGGTCAGGACGCCCAC,ACP6,311,87,70
ACPL2_CAAAGGCCAGCAGCGCAGCC,ACPL2,599,328,306
ACPL2_CATTCTTAGGAGTCGACACC,ACPL2,436,160,280
ACPL2_CCATTCTTAGGAGTCGACAC,ACPL2,1944,105,260
ACPL2_TGTTCATTCGCCACGGAGAC,ACPL2,749,188,285
ACPL2_CTGCAGACCAATCATTGGGC,ACPL2,957,108,306
ACPL2_GGCTGCAAACCTTGGGAACC,ACPL2,1215,323,595
ACPP_AGACCGAAGTGTACTAGCCA,ACPP,1684,483,530
ACPP_TACTTTCAGGTGTTTCGGCA,ACPP,563,422,262
ACPP_AAAGAGGAACTGTGTGCACC,ACPP,485,59,111
ACPP_ACTTTCAGGATTACATGGCC,ACPP,705,83,108
ACPP_GAATTCCATAGAGGGACAGG,ACPP,794,45,212
ACPP_TACTGTGAGTGGCCTACAGA,ACPP,803,361,272
ACPT_GGTATTCCGCCATGGCGACC,ACPT,175,50,54
ACPT_CGTAGCGGCTCCTCAGGAAG,ACPT,258,155,157
ACPT_GAGGCCGATCCCGGTGCACA,ACPT,488,5,297
ACPT_TGGTTGGAGAGCCACTGCGC,ACPT,1125,194,338
ACPT_AGATCTGGGCAAGAGTCCGC,ACPT,289,113,188
ACPT_TGTGTCCATCATAGAGGCCC,ACPT,1,141,287
ACR_GGCGTTATCTTTAGCAACCA,ACR,1679,197,242
ACR_TTGCCTGAACCGTAACCCAC,ACR,254,199,85
ACR_TGTCCGCATCGTCGGCGGGA,ACR,499,207,232
ACR_TCTTCACGTACAACAGCCAC,ACR,830,146,52
ACR_AGCGCCCACACGAAATGGGA,ACR,685,36,106
ACR_AATGAAGCGCCCACACGAAA,ACR,790,174,284
ACRBP_TAGACATGTGTCGCCGCCCA,ACRBP,720,132,280
ACRBP_CGAATAGCACAGCACCAGCA,ACRBP,2122,1287,957
ACRBP_AGACTCTACTTCTCGTACCC,ACRBP,469,199,274
ACRBP_AGAGGGTCTCACCTGTGAAG,ACRBP,1273,97,325
ACRBP_AGCAACGGTAGTGAGTGAAC,ACRBP,339,239,258
ACRBP_CGTATTCGGTAGGAGAGAGA,ACRBP,1587,568,711
ACRC_CCTCCTCCGGCTCTTGCAAG,ACRC,1785,475,82
ACRC_ATCTGATGATGCTGGTGAGC,ACRC,977,216,138
ACRC_GGTAAAGGACATAAGAAGCG,ACRC,468,118,35
ACRC_CAGAGAAACTACGCATAGGC,ACRC,634,249,213
ACRC_ATGATTCTCATGGTGACGCA,ACRC,317,121,214
ACRC_TCATCTGTGCCAAATGCAAG,ACRC,1386,438,290
ACRV1_TATCTGCTTGGATCTGCCAG,ACRV1,280,129,104
ACSBG1_AGAACCTCCTCCAAACAAGA,ACSBG1,418,201,212
ACSBG1_GGTCGACACGCAGAAGCAGC,ACSBG1,165,67,154
ACSBG1_CTGTGGACGACTCGGGCCGA,ACSBG1,390,342,281
ACSBG1_TTCAGGGACTCTTTGGAGAG,ACSBG1,1625,413,580
ACSBG1_TCCTTACGCAGTCCTCAGGA,ACSBG1,1191,558,337
ACSBG1_TGGATACGGCTGCCCACACG,ACSBG1,2198,530,454
ACSBG2_CCAGCCCTCGCATCCAAGAA,ACSBG2,2113,841,980
ACSBG2_ATGACCTTACCCGGCTAGGA,ACSBG2,226,94,152
ACSBG2_AAGTATCCCTGACACCCAAC,ACSBG2,775,302,146
ACSBG2_TACTCCCGTGAGCTACCGCA,ACSBG2,373,86,426
ACSBG2_TATGCTGTTCCAGCAGAACA,ACSBG2,435,201,191
ACSBG2_AGGCATCAATGCTGTGAACC,ACSBG2,1485,233,412
ACSF2_AACTCCGAGAGAGGGCGGCC,ACSF2,535,5,50
ACSF2_AACGTAGCTGAGGCCTCCGA,ACSF2,161,1,98
ACSF2_CCTCTGCAAAGGTGACCGGC,ACSF2,668,642,603
ACSF2_AGGCTGGGTTCACAGACACC,ACSF2,587,63,124
ACSF2_TCTGCCCTACCGAGGTGAAC,ACSF2,1080,457,643
ACSF2_TGACAATGTTGTAGTGGGAG,ACSF2,1705,410,385
ACSF3_CCTCTACAGGAAGCATCCCG,ACSF3,916,104,42
ACSF3_CGTTGACCACACCATGGACG,ACSF3,3359,618,578
ACSF3_AGAAATCCTGGGCGTGCGGC,ACSF3,1050,546,483
ACSF3_TGGCATGACCGAGATCGGCA,ACSF3,2102,493,562
ACSF3_CACGCAGAGGGAGACGAGAG,ACSF3,1716,821,634
ACSF3_CCAGTATTCTCGAAACACGG,ACSF3,521,102,147
ACSL1_CAAGAGCCATCGCTTCAGCG,ACSL1,265,378,46
ACSL1_AGCCAACAGACGGAAGCCCA,ACSL1,524,67,80
ACSL1_AACTGGTGGAACGAGGCCAG,ACSL1,931,80,139
ACSL1_GGTTTCCGAGAGCCTAAACA,ACSL1,587,89,163
ACSL1_CGACTCTGGGAAAGTTACAG,ACSL1,1856,248,455
ACSL1_GGGTCTCGTGGCGTACCAGA,ACSL1,238,0,148
ACSL3_AGCTATCATCCACTCGGCCC,ACSL3,1111,56,74
ACSL3_AATGGCTGGACCTCCTAGAG,ACSL3,874,30,132
ACSL3_CAACAGTGATGATGTGCCGC,ACSL3,435,228,145
ACSL3_ATGTACACAAGTGGATCCAC,ACSL3,544,40,42
ACSL3_TTTACTTACCTGTCGCACAG,ACSL3,1280,247,178
ACSL3_AGCCCGTATCCCTGACCAAC,ACSL3,545,214,74
ACSL4_TCTGTAAACATCCATCGGGA,ACSL4,402,4,7
ACSL4_TTCTGCTGCCCAATTGGCCA,ACSL4,1132,216,263
ACSL4_TCCGCTTACACTCTCTGACC,ACSL4,1331,120,122
ACSL4_TAGACCAACGCCTTCAGACA,ACSL4,1653,299,122
ACSL4_TGCAATCATCCATTCGGCCC,ACSL4,1473,454,123
ACSL4_AAGCCCACTTCAGACAAACC,ACSL4,1105,263,321
ACSL5_TCGTGGTTCCTCCAGAGACA,ACSL5,1623,558,342
ACSL5_TCTTAGGGAGGAGCACGGAA,ACSL5,918,203,200
ACSL5_CTTTGCTCAGAATAGGCCAG,ACSL5,325,101,137
ACSL5_TACGATGGCTTCTGGTCCCA,ACSL5,387,131,132
ACSL5_GCTTCAGGTCATCATCAAAG,ACSL5,1095,502,476
ACSL5_AGCGTCATCTGCTTCACCAG,ACSL5,2015,288,454
ACSL6_TCTTTCAGGGCTTCTTCGAA,ACSL6,661,209,184
ACSL6_GGTCCCGCTCTATGACACCC,ACSL6,1,51,29
ACSL6_CCTCCTGGTAGGACAGCCAC,ACSL6,777,290,279
ACSL6_ATGTACCAGGTGTTCCGCCG,ACSL6,1774,2037,1938
ACSL6_CTTCTTCTGACTGCATCAGG,ACSL6,645,38,72
ACSL6_CTTACCTACGAATAGCCAGA,ACSL6,305,116,131
ACSM1_CATAGTTCTCGTAGAGCAGA,ACSM1,355,116,133
ACSM1_TCCTGAGTCCGACAGGCACC,ACSM1,265,216,180
ACSM1_AGGGTTGTAAGGCCAACCCA,ACSM1,164,86,76
ACSM1_CTGATCACAGCCGTGAAGGG,ACSM1,1137,608,490
ACSM1_ACAGACCTGTGGCCTACAAC,ACSM1,1485,297,350
ACSM1_GAATGACTATGAAGTACCGG,ACSM1,230,48,79
ACSM2A_TTAGATGTCTCACTGCGCAC,ACSM2A,515,225,207
ACSM2A_CTTAGATGTCTCACTGCGCA,ACSM2A,656,535,410
ACSM2B_CCTAGACGCCTCACTGCGCA,ACSM2B,870,160,147
ACSM2B_CTAGACGCCTCACTGCGCAC,ACSM2B,353,306,249
ACSM2B_ACAGAACTGCCTCGCTGGAG,ACSM2B,614,123,67
ACSM3_TGATGCTAGCTCGTGTCACC,ACSM3,490,183,493
ACSM3_ATCTCCTCTTTGTAGGGAAC,ACSM3,301,168,177
ACSM3_GGTAATTCTGATTCTGCCCA,ACSM3,0,40,24
ACSM3_AATGTGGCCTGTCTGCGAAC,ACSM3,519,522,358
ACSM3_TGTCAAATCTAGCCAGAACC,ACSM3,1325,739,1317
ACSM3_GGAATACCTCAGATACGGGC,ACSM3,521,90,78
ACSM4_ATCTGGCTCACCAAGCCACC,ACSM4,274,179,106
ACSM4_GAGTCAGAGGCGTCCAAAGC,ACSM4,496,228,361
ACSM4_ATGTGTCCCTGGTCAGACAG,ACSM4,1216,353,351
ACSM4_ACACAGTGGGAGGACTGCAC,ACSM4,590,53,76
ACSM4_CACGAGCATCCGGTACACAG,ACSM4,3448,1151,1296
ACSM4_TCCAGATCAAATCCGCGGAG,ACSM4,535,618,414
ACSM5_TGTGCCATTGACCCACCAGA,ACSM5,1082,232,150
ACSM5_AGTGTGGCTTGCATGCGGAC,ACSM5,416,196,320
ACSM5_TCTGTCAGCTGAGTCACACC,ACSM5,883,549,289
ACSM5_TGGTAAAGTAGATGGCCAGC,ACSM5,1521,475,354
ACSM5_CCGAGTGGGTCTGATACGGA,ACSM5,1397,761,958
ACSS1_CACCAGGACATGCTGCACGG,ACSS1,4191,1943,1317
ACSS1_ATCATTGATCCTCCCAGCCA,ACSS1,758,217,259
ACSS1_TTCCTCCACTTCGCACCGCA,ACSS1,747,383,311
ACSS1_GCCACACGGCATCTGCAACC,ACSS1,563,519,341
ACSS1_ATCTGGGAGCGCGATGAGCC,ACSS1,1343,171,374
ACSS1_TGGGACTGCGACTTCAGCAC,ACSS1,1097,569,461
ACSS2_AGCGCTACCGCGAGCTGCAC,ACSS2,670,279,135
ACSS2_TTGTACCGAAGGAATGGGCC,ACSS2,817,229,297
ACSS2_AATGCGGGCACATGCCAGCA,ACSS2,603,122,95
ACSS2_CAAAGATGCCTTCTACAGGG,ACSS2,860,186,76
ACSS2_GCCCGAGTGGTGTGATGCCG,ACSS2,236,109,430
ACSS2_CTACGTCACCTATGGGCCAC,ACSS2,793,598,658
ACSS3_AGATCAGCTGGTACAAGCCC,ACSS3,1479,288,339
ACSS3_TATCCTTGCACATGCCAACA,ACSS3,1002,312,340
ACSS3_GCATCATTTGGCATTGAACC,ACSS3,510,682,928
ACSS3_AGTGGGTGTTCTGAAAGAAC,ACSS3,409,136,139
ACSS3_ATACGGACTTCAACCCGGAG,ACSS3,1088,93,90
ACSS3_GGGCAGCTTCTGACTTAGGC,ACSS3,269,354,186
ACTA1_CACCAAGCAGGAGTACGACG,ACTA1,3277,774,805
ACTA1_GCCAACAACGTCATGTCGGG,ACTA1,967,408,166
ACTA1_CCGCGCACCTGTGGTCACGA,ACTA1,3213,953,637
ACTA1_TGTCCCTCTACGCCTCCGGC,ACTA1,74,50,0
ACTA1_GGTGAAAGCCGGCTTCGCCG,ACTA1,32,28,8
ACTA1_TGGTGAAAGCCGGCTTCGCC,ACTA1,277,87,66
ACTA2_AACAGGAATACGATGAAGCC,ACTA2,17,288,46
ACTA2_GCTAACAATGTCCTATCAGG,ACTA2,437,1,40
ACTA2_TGTTGCCTACCGATGAAGGA,ACTA2,473,458,428
ACTA2_GCGGAAACGTTCATTTCCGA,ACTA2,861,475,513
ACTA2_GGCCTCACCAGTAGTAACGA,ACTA2,592,92,121
ACTA2_CCTACCAGTTGTGCGTCCAG,ACTA2,1437,59,269
ACTB_GCCGCGCTCGTCGTCGACAA,ACTB,1177,1434,1273
ACTBL2_GGAGGGAGCACCATGTACCC,ACTBL2,292,112,35
ACTBL2_GGTGCTCCCTCCAGATAACA,ACTBL2,436,101,219
ACTBL2_TCGGAAGCGTTCATTCCCAA,ACTBL2,776,158,350
ACTBL2_CTATGAACTTCCTGATGGGC,ACTBL2,1132,181,124
ACTBL2_TTCTACGCCTGGATCTGGCA,ACTBL2,531,200,137
ACTBL2_ATAGGGCGTCCTCGACACCA,ACTBL2,788,216,283
ACTC1_CTACAACTCACCAATGAAGG,ACTC1,1147,528,709
ACTC1_ACACTCACCAGTGGTGACAA,ACTC1,970,326,566
ACTC1_GGGAAGTTTACCTGGTGCCG,ACTC1,960,380,293
ACTC1_AGTTTACCTGGTGCCGCGGG,ACTC1,59,159,147
ACTC1_TGCCAAGATGTGTGACGACG,ACTC1,1702,1380,838
ACTG1_CAACACCTACCCAGGAAGGA,ACTG1,1291,688,693
ACTG2_ACTCCTAGTGGCTCAAAGCC,ACTG2,1115,311,129
ACTG2_GGCAGCCTAGGTTGGAGAAA,ACTG2,580,124,164
ACTG2_CCTAAATCCCAAGGCCAACA,ACTG2,1932,724,955
ACTG2_CTCACCTGTCGTGCGGCCAG,ACTG2,1672,80,289
ACTG2_AGTCCAGGCGCATGATGGCA,ACTG2,374,292,285
ACTG2_CGCACAATTTCTCTCTCAGC,ACTG2,1013,371,483
ACTL10_GGCCACCTTCCGACTGAACG,ACTL10,1163,347,794
ACTL10_TGCCACGTTCAGTCGGAAGG,ACTL10,1004,607,474
ACTL10_GCCTGCCACGTTCAGTCGGA,ACTL10,37,71,250
ACTL10_CCCGAACCCATCTTCCAGCC,ACTL10,734,1093,663
ACTL10_GACACCGTGGTGCTAGCCGG,ACTL10,246,29,90
ACTL6A_GGATCCTATACTGTGAGAGC,ACTL6A,750,16,26
ACTL6A_GGCGATAAAGGCAAACAAGG,ACTL6A,1000,99,145
ACTL6A_TAATGCTCTGCGTGTTCCGA,ACTL6A,454,0,25
ACTL6A_AGGACATAGCCATCGTGGAC,ACTL6A,654,17,104
ACTL6A_GATGGCTATGTCCTTCAACA,ACTL6A,174,17,8
ACTL6A_GAGCGGCTAAAGATTCCAGA,ACTL6A,180,0,0
ACTL6B_ATGCCAGCTTTGCAAACGGG,ACTL6B,779,314,83
ACTL6B_AGCCGTCTTGCATAAGAAGA,ACTL6B,537,379,197
ACTL6B_AAGCACTCCCAGTCCTCGAC,ACTL6B,630,62,407
ACTL6B_GCACGTGCCTCGGGATGGAG,ACTL6B,335,337,407
ACTL6B_TCAGTCCGCGCTGGGTACGC,ACTL6B,1605,762,296
ACTL6B_GCGCAGCGGGCACTATGAGC,ACTL6B,1350,518,170
ACTL7A_TAAGGGATGGCCCGGCGAAG,ACTL7A,1555,189,222
ACTL7A_GGACCACGTAGGACACGCCA,ACTL7A,582,131,108
ACTL7A_AGTGTGACATCGCCCTCAAA,ACTL7A,1142,409,545
ACTL7A_GGGAACATCCTGCTCTGCGG,ACTL7A,77,29,82
ACTL7A_GCTTTGAGTACGAGGAACAC,ACTL7A,1455,120,390
ACTL7B_CCAGGACACGGGCTTCAAGG,ACTL7B,2003,498,380
ACTL7B_ATGCAGCTGCTCAATGAGGC,ACTL7B,926,451,220
ACTL7B_CTGGTGAACCCGCTGAAGCA,ACTL7B,3842,1397,2084
ACTL7B_ACTTGCAGTACTGGGAGCCC,ACTL7B,440,87,367
ACTL7B_CAAGGCGGTCATCATCGACC,ACTL7B,104,109,71
ACTL8_GATGGCAAATGTCGATGCCC,ACTL8,39,12,103
ACTL8_GGCCGCATCCTCAACTGGGA,ACTL8,395,75,26
ACTL8_AGCATCTTCTTTCGGTCCGC,ACTL8,140,171,99
ACTL8_CAACCACCACTCCGGTCAGG,ACTL8,788,126,62
ACTL8_CGCGTGCAGCCTTTCCACCA,ACTL8,2711,799,910
ACTL8_TGAGATGTTCTTTAGCCCGC,ACTL8,577,407,414
ACTL9_TACCGCAAATGCTACTGACC,ACTL9,1083,132,228
ACTL9_CCGGAAGCGACCCTCGAAGC,ACTL9,935,394,497
ACTL9_GCCATGGTGGAGAGGCCGAC,ACTL9,12,192,164
ACTL9_CTCCGACTTCCAGAAGGAGC,ACTL9,0,0,55
ACTL9_GGAGGTCGTGCTCCAGCAGG,ACTL9,267,23,163
ACTL9_GACAGGCTGCCACCAAAGAC,ACTL9,639,180,86
ACTN1_CATCGTTGGAACTGCCCGAC,ACTN1,661,203,290
ACTN1_CGTAGTCAATCAGCTCGGGC,ACTN1,1668,279,159
ACTN1_ATAGAGACTTCAGCCAAGGA,ACTN1,381,56,63
ACTN1_CTGGTGTCCATCGGAGCCGA,ACTN1,592,128,40
ACTN1_CTGCCCAGACATTCACGGCA,ACTN1,616,140,229
ACTN1_CGATTACATGCAGCCAGAAG,ACTN1,2067,327,496
ACTN2_TGAGTACATGATCCAGGAGG,ACTN2,496,110,50
ACTN2_AACTCCCACCTAAGGAAAGC,ACTN2,591,194,308
ACTN2_AAGGCTGCCCAAACCTGACC,ACTN2,318,75,54
ACTN2_CTTCTCGACGGCTGTGAAGC,ACTN2,820,348,259
ACTN2_TCTCAGCGATTTCCATGGCC,ACTN2,426,134,277
ACTN2_GAGTCCGGTTCTCCAGCCAG,ACTN2,81,36,18
ACTN3_CACCAGCGAGGTGCTGGAAG,ACTN3,558,90,153
ACTN3_CGAGTACATGGAACAGGAGG,ACTN3,692,196,113
ACTN3_ATCGAGGAAGATTTCCGCAA,ACTN3,1104,366,490
ACTN3_CGTAGTCGATGAGGTCAGGG,ACTN3,1254,366,362
ACTN3_GGCAGTGTTCAGGTTTCCGA,ACTN3,410,34,39
ACTN3_CTTCTACCATGCCTTTGCCG,ACTN3,1156,242,215
ACTN4_CATGGGCGACTACATGGCCC,ACTN4,474,33,53
ACTN4_TTGATGAGGACTTCCGAGAC,ACTN4,733,581,413
ACTN4_AGCGGTTACCTAAGCCGGAG,ACTN4,993,34,29
ACTN4_CGGCAACGCAAAGATGACCC,ACTN4,442,188,229
ACTN4_AAGGAGCCCTTCCTTGGCCG,ACTN4,177,57,117
ACTN4_TCAGCTCTGGTCTGTGCCGG,ACTN4,1634,107,42
ACTR10_ACTACCATGCCGCTCTACGA,ACTR10,230,15,22
ACTR10_CATGCCGCTCTACGAGGGCC,ACTR10,10,63,11
ACTR10_CAGGCCCTCGTAGAGCGGCA,ACTR10,144,22,15
ACTR10_GACGGCGGTCGTGATCGACC,ACTR10,211,0,0
ACTR10_AACAGTGTCCGATAGACACC,ACTR10,286,0,0
ACTR1A_AGCTACTCACCCAATCCACG,ACTR1A,1258,39,165
ACTR1A_TGCGCATCGACATCGCGGGC,ACTR1A,23,540,318
ACTR1A_CGCTACAGGCAGGACCACAG,ACTR1A,3252,52,109
ACTR1A_ACGCTACAGGCAGGACCACA,ACTR1A,489,75,26
ACTR1A_GCTTTCAATCCGCTATCCCA,ACTR1A,428,45,46
ACTR1B_AGGAACGGCTGTACTCCACA,ACTR1B,439,107,83
ACTR1B_GCCAACATCGTGCTCTCAGG,ACTR1B,328,180,185
ACTR1B_CGACTCCTGCTGCGCAAGGA,ACTR1B,297,169,133
ACTR1B_CGCTCAACCCGAGTAAGAAC,ACTR1B,2523,809,1087
ACTR1B_CCGCCACACCTCCTCCGAGA,ACTR1B,2431,338,167
ACTR1B_TCCGTCCTAACAGTGTCGGG,ACTR1B,1273,207,168
ACTR3_TAATAGTGGCCAATCCGCCA,ACTR3,566,39,86
ACTR3B_TAGAATGTCGTACTCTCAGG,ACTR3B,260,163,85
ACTR3B_TCAGCGAGGAGCTCAGCGGC,ACTR3B,1541,376,128
ACTR3B_GCATGTGATGCGTGACCACC,ACTR3B,1159,334,189
ACTR3B_ACTTACAGTCGAGGCCAGCA,ACTR3B,342,257,420
ACTR3B_AGGACATGACTCCAAAGACG,ACTR3B,1079,104,167
ACTR3B_CTAGGACATGACTCCAAAGA,ACTR3B,2327,333,494
ACTR5_TACCGCTGGTGCTGGACAAC,ACTR5,1559,443,670
ACTR5_TGAGTGCTACGGGATTCCCA,ACTR5,580,2,0
ACTR5_CTCCTCCAGCTGAAGTACCC,ACTR5,2118,380,284
ACTR5_AGGAGCTCAATGCCCGGCGG,ACTR5,392,73,105
ACTR5_ACTTCTAGAGGATGGCCAGA,ACTR5,195,0,8
ACTR5_CTCATAGGAGAAGAACAGGC,ACTR5,1810,42,35
ACTR6_ACGGTTATGAATGCTTGGGA,ACTR6,824,225,202
ACTR6_AATGCTTGGGAGGGCTGCAC,ACTR6,259,132,5
ACTR6_GATCCCTAAATCCTGGGAAA,ACTR6,316,304,145
ACTR6_CCTATTACTTATGCCTGGGA,ACTR6,653,0,0
ACTR6_ATTACTTATGCCTGGGAAGG,ACTR6,649,0,4
ACTR8_GGCCGGCAACGATTCCGAGG,ACTR8,877,23,0
ACTR8_CGAAACTGGTAAAGCAGGGC,ACTR8,367,408,250
ACTR8_TACTGGCTAATGCAGCGAGC,ACTR8,377,204,215
ACTR8_GGCCTTGTATGTTAATCCAC,ACTR8,383,23,0
ACTR8_CCCGAAGACACAAACAACAA,ACTR8,1093,617,427
ACTR8_CCGTATCACCCTTCTCAGCC,ACTR8,1648,204,73
ACTRT1_AAAGAGCTACGCAAGAGCCG,ACTRT1,494,252,189
ACTRT1_AGTTAAACCCGCTAGCAAAG,ACTRT1,753,408,464
ACTRT1_AGCGTGGACTGGTAACAGGA,ACTRT1,1231,418,593
ACTRT1_CCAAGACGGAGCTGATGACA,ACTRT1,3476,931,500
ACTRT1_GGTTCAGGACTCTGCAAAGC,ACTRT1,182,209,314
ACTRT2_GATCAGGCCACGCTCGAAAG,ACTRT2,1566,224,366
ACTRT2_TCGAGCGTGGCCTGATCACA,ACTRT2,658,191,217
ACTRT2_CGCCTAGCTCCCACTCAAAG,ACTRT2,3671,1876,2138
ACTRT2_GAGACCATATTCGAGAGCCC,ACTRT2,378,32,66
ACTRT2_CACTACCCTGTTCCACGGGC,ACTRT2,382,414,173
ACTRT3_ACTAACCGCTTGTCTAAACC,ACTRT3,765,262,398
ACTRT3_CTAACCGCTTGTCTAAACCA,ACTRT3,1157,436,297
ACTRT3_GCCTCAAGGTTCATATGACA,ACTRT3,1165,337,175
ACTRT3_TGGGCGACCAAGCTCAGGAC,ACTRT3,2061,395,386
ACTRT3_CGCAGAGTTCTAGCCCGCCC,ACTRT3,2350,502,1485
ACTRT3_CGGCTCGGGAATGATCAAGG,ACTRT3,1597,344,867
ACVR1_AGTGCTGTGAGTCTTGCGGA,ACVR1,659,129,162
ACVR1_GGCCAAACATACCCAACAGA,ACVR1,808,111,209
ACVR1_TATCTTCTTCCTTTCAGGCC,ACVR1,624,156,143
ACVR1_CCATGACTTCTCATCACGGG,ACVR1,1799,384,412
ACVR1_GAAATTCTGTGTTCCAGGGA,ACVR1,647,232,120
ACVR1_AGCAGCCTTTCTGGTAGACG,ACVR1,1444,364,178
ACVR1B_TCTCACACGTGTAGTTGGCC,ACVR1B,100,468,164
ACVR1B_CTATCACAACCGCCAGAGAC,ACVR1B,2489,818,1011
ACVR1B_TGGTTCGGGCCACTGTGCGC,ACVR1B,500,442,833
ACVR1B_GCTCATTCCTCACATTGCCA,ACVR1B,66,618,39
ACVR1B_TCTCTGCAGATAATGGCACC,ACVR1B,140,344,342
ACVR1B_TGCCATAGCAGACCTGGGCC,ACVR1B,977,655,245
ACVR1C_TGGTTTACTGGGAAATAGCC,ACVR1C,756,142,123
ACVR1C_ATCCTAAAGTGGGAACCAAG,ACVR1C,1288,198,152
ACVR1C_CGTGGCTGGAATGATCAAGC,ACVR1C,1130,351,311
ACVR1C_CTGACAGTATGGGCATGCCA,ACVR1C,912,195,251
ACVR1C_ATAACACTGCACCTTCCAAC,ACVR1C,994,196,424
ACVR1C_GCATCAGTCATGCTAACCAA,ACVR1C,1132,170,237
ACVR2A_CCTGCACCTACCTGAAGAAC,ACVR2A,1411,635,662
ACVR2A_AGCAGGATGTTGTAATAGGG,ACVR2A,1520,184,155
ACVR2A_ATATGCCAATCCTCTAGCCA,ACVR2A,553,150,273
ACVR2A_TGCAGGCGATACCCATGGAC,ACVR2A,745,566,951
ACVR2A_CCGGAGGTACATGGCTCCAG,ACVR2A,1589,200,222
ACVR2A_GGGATCACGACGCAGAAGCC,ACVR2A,537,265,151
ACVR2B_GGTGCCAGAGCTGTTGCGCC,ACVR2B,0,267,56
ACVR2B_CACAGCAGCAGAAGTACACC,ACVR2B,1341,684,544
ACVR2B_GCGATGCCGGTACATCCAAA,ACVR2B,31,10,18
ACVR2B_CATCACGGCCTTCCATGACA,ACVR2B,1902,279,522
ACVR2B_ACGGCTTGTGGCCCTCGCCA,ACVR2B,973,109,98
ACVR2B_TTGGCTGTTCGATTTGAGCC,ACVR2B,991,632,608
ACVRL1_AGGTCATGGTCCCTGCAGAG,ACVRL1,188,120,72
ACVRL1_ACACGTTGTGGTTGCAGAGG,ACVRL1,2345,407,883
ACVRL1_CATCCTGAAAGCATCTGAGC,ACVRL1,1250,168,155
ACVRL1_TGGTGCAGTCACTGTCCAGG,ACVRL1,468,124,35
ACVRL1_CGCTATGGCGAAGTGTGGCG,ACVRL1,2404,723,556
ACVRL1_CTGCGTGCTCGAGTTGCGGG,ACVRL1,1116,391,364
ACY1_CACCATAGTCAGGCTTGGGC,ACY1,1227,194,277
ACY1_TCTGACAGCCCAGGCCCAGC,ACY1,1679,87,152
ACY1_CATCTTGCTCAACTCCCACA,ACY1,722,97,136
ACY1_TGAGGGCTACATCTATGCCA,ACY1,410,76,12
ACY1_GCCACTCCTACCAGGCACAA,ACY1,971,220,507
ACY1_CAAAGCCTGCCCTCAGGGCG,ACY1,370,311,343
ACY3_GCAGCCTCGTTAATGAACAC,ACY3,402,280,126
ACY3_GGCCTTTCCTGCCTTTGAGA,ACY3,241,101,75
ACY3_TTTCTCAAGGATGAGGACCC,ACY3,214,28,117
ACY3_GGAGGACTTCGCGATTAAGC,ACY3,681,185,85
ACY3_GGTCATGGTCCACGTAGCGG,ACY3,185,88,46
ACY3_AGTCACAGCCACGCGACGCA,ACY3,689,230,519
ACYP1_AGGTGCGTCATATGCAGGAA,ACYP1,1281,336,435
ACYP1_CATATGACGCACCTTGGAGA,ACYP1,979,339,264
ACYP1_ATTGTCCTTGCACTGTGCCC,ACYP1,364,50,325
ACYP2_CCTCTCCGGCTCCTCAACAG,ACYP2,1931,208,427
ACYP2_CCTCTGTTGAGGAGCCGGAG,ACYP2,586,122,60
ACYP2_CGAGCCCTCTGTTGAGGAGC,ACYP2,479,98,56
ACYP2_GAGTGACTGGGCGGTAGACA,ACYP2,687,224,200
ADA_CCTTTATAACAGGCTGCGGC,ADA,300,58,195
ADA_TCACCGTACTGTCCACGCCG,ADA,2384,685,957
ADA_GGATGGTCTCATCTCCAGCC,ADA,453,111,48
ADA_GCTGGTGGCGCATGCAGCAC,ADA,207,1,98
ADA_GGCCCATCACTCACTCAGCC,ADA,3,487,474
ADA_TGTAGTAGTCAAACTTGGCC,ADA,582,134,176
ADAD1_AAGACGATAACTACACCCAC,ADAD1,874,34,27
ADAD1_AAGTTACGGCCTGTCCAAGA,ADAD1,864,423,493
ADAD1_GAGGTTGTAGCTATAGGCAC,ADAD1,514,132,106
ADAD1_AGCCAGGACATTAAGCCAGA,ADAD1,910,282,153
ADAD1_TGAAGAACTCTGTCTCCACG,ADAD1,26,19,55
ADAD1_GGGAATTGCAGTGATACCAG,ADAD1,498,241,146
ADAD2_GCTGGTCCTCCCGGAAGAGC,ADAD2,303,64,34
ADAD2_CTTCTCGGTGAGCGCGGAAC,ADAD2,513,550,310
ADAD2_TCACCTACCTACGCTCAGGG,ADAD2,1701,245,173
ADAD2_GCGAGCGCTCGTCCAACAGG,ADAD2,643,67,155
ADAD2_AAGCTGGTGGCTCTGGGCAC,ADAD2,797,90,194
ADAD2_TAGAGGTGCAGGAAGACGCG,ADAD2,1684,587,523
ADAL_AGGTGGCCCTTTAGTAGCCA,ADAL,187,142,76
ADAL_CTTCCTGACAGAATCGGGCA,ADAL,684,154,266
ADAL_GAGGCAACATCGGATACCAC,ADAL,574,48,68
ADAL_AAACTCCAAGCCTTACCCAG,ADAL,262,174,135
ADAL_TGCTGTACCAGAATCCGAAA,ADAL,1566,493,620
ADAL_CACCTTACACAGATCACAGA,ADAL,894,534,566
ADAM10_GCACAAGTTGATGGGTCCAC,ADAM10,756,155,62
ADAM10_GATTCAGACTGTGCAAGGGA,ADAM10,253,442,408
ADAM10_CTTCGATGCAAATCAACCAG,ADAM10,963,162,262
ADAM10_ACGAGAAGCTGTGATTGCCC,ADAM10,98,118,263
ADAM10_CCATAAATACGGTCCTCAGG,ADAM10,446,137,95
ADAM10_CGTCTAGATTTCCATGCCCA,ADAM10,840,508,828
ADAM11_CGGAGCTCTCCCTAACCAGA,ADAM11,460,108,70
ADAM11_CTGGGATGACGAAACTCACC,ADAM11,1100,156,484
ADAM11_AGCGCCACTTCAGCCGGGAG,ADAM11,996,154,35
ADAM11_GAGACCACTGCTACTACCAG,ADAM11,663,21,63
ADAM11_ACCTGGTTCCCTGCATCCGA,ADAM11,383,21,43
ADAM11_CCCAGTCGGCTCCTCCAAAC,ADAM11,3095,599,690
ADAM12_AAGCAATGGTACTTGCCCGG,ADAM12,1182,44,137
ADAM12_CCAAGGGACCACCATCGGCA,ADAM12,3865,568,859
ADAM12_TCGGATCGTGTTGGTAGGCG,ADAM12,1457,488,692
ADAM12_GATCGTGGCAGACAACCGAG,ADAM12,365,239,105
ADAM12_TAGGGTCACTGTTACTACCA,ADAM12,490,147,135
ADAM12_TTACCGTGTAATTTCGAGCG,ADAM12,2377,642,740
ADAM15_ACCTATATTTGGGAGCGGCC,ADAM15,167,91,52
ADAM15_CCTGAGGATCAAGTTGGAGC,ADAM15,1193,180,162
ADAM15_GAGAAGCTATACCCTGGAGC,ADAM15,175,7,24
ADAM15_TTCTTGTCCATAGTAGAGGC,ADAM15,453,167,150
ADAM15_ACGAGTGGCACTAGTGGGCC,ADAM15,820,514,672
ADAM15_TTCATTCTCTGGGCCTACGG,ADAM15,812,236,199
ADAM17_CTGCTCACCATTACATGCAC,ADAM17,293,631,468
ADAM17_AAAGGCGTGTCCTACTGCAC,ADAM17,657,202,118
ADAM17_CGTGCAGTCGCTGTTGCAGC,ADAM17,787,357,796
ADAM17_GATCCTTAAGGAAGCTGACC,ADAM17,112,57,29
ADAM17_GGACTTCTTCACTGGACACG,ADAM17,70,292,198
ADAM17_CAGCACGAAAGGAACCACGC,ADAM17,1616,366,443
ADAM18_TCTTCCAAGCTCAGTGAGGA,ADAM18,22,239,171
ADAM18_CAGATGCATTGCCATTACCA,ADAM18,2477,313,223
ADAM18_TGTTGACAAGCCCAATAACC,ADAM18,1562,417,632
ADAM18_CAGTTCCCAACTTGCACAAA,ADAM18,1989,585,718
ADAM18_CATACGTACTTCCGTTCACA,ADAM18,1039,591,703
ADAM18_GGTTCCTCCATGAGATCAGA,ADAM18,67,34,42
ADAM19_CATTGGCGTGGCTGCCACCA,ADAM19,1426,168,62
ADAM19_GGCTTGGAAGTGTGGACCCA,ADAM19,1507,187,399
ADAM19_TCAGAAGAATCGACGAGACC,ADAM19,1451,505,239
ADAM19_CCTCTAAATAATCAGCCACG,ADAM19,342,74,109
ADAM19_GCACTCCAAGCCCACCACCA,ADAM19,2018,624,885
ADAM19_GCAAGTGCTGAGCGTGACGC,ADAM19,1293,255,333
ADAM2_TCCTTCAGCACAGTTTGAAC,ADAM2,1690,270,336
ADAM2_GGTAATGCAAAGCTGGAAGC,ADAM2,194,20,100
ADAM2_TGTGATGCAAACTATGCAGG,ADAM2,777,325,322
ADAM2_AAGCCAACTGAAGACTCCAG,ADAM2,627,113,205
ADAM2_TCCGGAACTGTAATTTGCAC,ADAM2,1436,643,435
ADAM2_CAGAAACAAGACGCGCCACA,ADAM2,406,210,727
ADAM20_TCCATGTTGTTCTTAGGAGG,ADAM20,672,63,50
ADAM20_CCCACCTCCTAAGAACAACA,ADAM20,1634,615,1321
ADAM20_CAATACCACAGTGACCGAAA,ADAM20,2257,277,576
ADAM20_TCTGATGGTCCAGCTCCACC,ADAM20,86,39,78
ADAM22_CGCCTCATCTACCGCTCGGG,ADAM22,974,132,166
ADAM22_ACGTTCCAAAGGCATCAACC,ADAM22,2197,556,560
ADAM22_AAACTTGTTGTCAGTCGCCC,ADAM22,378,212,509
ADAM22_ATTTGCTCGTTGCTGAAAGG,ADAM22,528,138,169
ADAM22_AATGTAAATGCGAGGACACG,ADAM22,2052,493,141
ADAM22_GACTTCCTGAATAGTGGAGG,ADAM22,655,94,91
ADAM23_CTATGAGCCATGAAGCCGCC,ADAM23,210,182,66
ADAM23_AGGCGTCAAAGACTCCAAGG,ADAM23,473,413,265
ADAM23_TATGATAGAGCCACTAGAGC,ADAM23,145,98,128
ADAM23_CTTAGAATACTGTCCTGCCA,ADAM23,448,51,239
ADAM23_CTATGGAAAGAGGTGACCAG,ADAM23,1692,144,85
ADAM23_TCCTGGTGGCTGTAGAGACC,ADAM23,1970,424,743
ADAM28_CCGTGTAGCCTGGTGCAAGG,ADAM28,2975,1200,811
ADAM28_TTATGACAGCACCTGTGGGA,ADAM28,253,313,282
ADAM28_TCTTAGAGTTGCAGGGACAA,ADAM28,1179,500,292
ADAM28_GGCCCTTCCCGTGATGGCAA,ADAM28,1014,162,134
ADAM28_TCGGATAATTTGCCCTGGAA,ADAM28,1625,854,639
ADAM28_AGGAGTCATCGCAGTCGGGA,ADAM28,577,80,56
ADAM29_CAGGAATCACCACATCCGGA,ADAM29,931,189,374
ADAM29_ACAGGAATCACCACATCCGG,ADAM29,1078,119,166
ADAM29_AGGATAACTGGCACCACCAG,ADAM29,1238,77,140
ADAM29_GGTCCCACAGATAATTGCAA,ADAM29,626,178,220
ADAM30_GGACACAACCCAAATTGACG,ADAM30,961,630,170
ADAM30_GACACAACCCAAATTGACGA,ADAM30,660,58,174
ADAM30_TGCCTACACACGTATCCAGA,ADAM30,354,74,244
ADAM30_ATCATGGGCTCAGGACGCAC,ADAM30,480,451,152
ADAM30_TACCTGGTCTGCTCATGAGC,ADAM30,1143,386,261
ADAM30_TAACTGCAGTAGGTAGGACA,ADAM30,1078,316,175
ADAM32_CACCGGGTCTTGACGCCAGG,ADAM32,918,174,103
ADAM32_GCACGTGCTGAGTGTGACCA,ADAM32,1379,593,411
ADAM32_AACACTGCTCCCAAATAACG,ADAM32,809,356,436
ADAM32_TCGAACAGTTCCAGATCCAC,ADAM32,484,32,506
ADAM32_TCACAACAGTGTTCTGGACA,ADAM32,1947,619,480
ADAM32_AACAAGTGCCATTGTTCGCC,ADAM32,1,23,52
ADAM33_ATCTGCGTCCCTGGCCACCC,ADAM33,1287,123,175
ADAM33_AGGATCATTGCCACTACCAA,ADAM33,1199,150,123
ADAM33_GAAACCCACTACGGCCCAGA,ADAM33,135,59,37
ADAM33_CCATGTCTGGCTTCGAGACC,ADAM33,869,329,428
ADAM33_TCCAGGCTGACGGTGCGCCA,ADAM33,927,141,303
ADAM33_AGGAGCTCACAGCTATGGGC,ADAM33,561,52,56
ADAM7_TGAAAGGAGAAGCGTTCACC,ADAM7,422,76,102
ADAM7_TACTGGTGGAATAATAGGGC,ADAM7,576,290,165
ADAM7_ACTCGTCATGCTGCATCCCA,ADAM7,947,99,81
ADAM7_CTCTTCCAGGTGGATGGCCA,ADAM7,381,753,938
ADAM7_GACAAGCACAACAACCAAGA,ADAM7,252,143,186
ADAM7_CAGCCCACCTACAGAAACCC,ADAM7,1706,593,671
ADAM8_GGAGCACATGGCGGACACCC,ADAM8,777,0,12
ADAM8_AGGCACGGCAACGGACACGG,ADAM8,493,393,145
ADAM8_GCGTCATCGGGTGCTGGAGG,ADAM8,2078,238,552
ADAM8_GAGACCTATACGGCTGCCAA,ADAM8,334,22,4
ADAM8_CCACTCACCTGTTCTTCCGC,ADAM8,954,158,363
ADAM8_GCCAGCTTAGACTCACCAAG,ADAM8,1364,375,279
ADAM9_ACAGCAACCACCGGACACGA,ADAM9,3132,1067,1679
ADAM9_GCTGTTCATTGTCGTAGACA,ADAM9,629,14,50
ADAM9_TCGAATTGTGCTAGTTGGAC,ADAM9,1285,370,576
ADAM9_CACCAACTTATTACCACAGG,ADAM9,973,624,881
ADAM9_AGGTACTTCCTTCGCAGCAA,ADAM9,610,136,268
ADAM9_GAATACAAGAAGTGTGCCAC,ADAM9,208,1,64
ADAMDEC1_GAAACATTGTACTCACCCAG,ADAMDEC1,127,172,150
ADAMDEC1_CGTCTTTACATCTAACCAGG,ADAMDEC1,826,473,477
ADAMDEC1_CGTTTGACAACTTCCTGAGA,ADAMDEC1,1975,266,383
ADAMDEC1_CAACAATCGACGTGTGGGAC,ADAMDEC1,2326,766,489
ADAMDEC1_AGGAGTGATGTCACATGAGC,ADAMDEC1,1285,372,515
ADAMDEC1_AGAAGGTGGTTCCCACACAC,ADAMDEC1,881,754,762
ADAMTS1_GACTGTTCGAGAACGTGCGG,ADAMTS1,353,0,82
ADAMTS1_GCACCTCGTACGATGCCAAC,ADAMTS1,287,33,51
ADAMTS1_CTGGTTCACACCATTAAGGC,ADAMTS1,1424,260,259
ADAMTS1_GACATGTGATACTCTTGGGA,ADAMTS1,80,12,26
ADAMTS1_GGTCATCCACGATGAACAGA,ADAMTS1,214,75,250
ADAMTS1_CTCCGCTTTCCCAGTCGGCC,ADAMTS1,501,105,122
ADAMTS10_CGTCAATGAGGACATTGGCC,ADAMTS10,1883,554,369
ADAMTS10_ATCGTGAACCACAGCGGCCA,ADAMTS10,648,399,260
ADAMTS10_CATCCTGCTCACGGAGGACC,ADAMTS10,1322,346,351
ADAMTS10_TGGTGGCCTATCACGGGCGC,ADAMTS10,140,154,202
ADAMTS10_CGATGTACCTCTCACTCCAC,ADAMTS10,738,185,321
ADAMTS10_CGTGGAGTACTGGACACGGG,ADAMTS10,726,158,206
ADAMTS12_GGGCAATTGTGAAAGCCAGA,ADAMTS12,33,12,47
ADAMTS12_ACAGCCACGTCGTGATGAAC,ADAMTS12,1354,504,579
ADAMTS12_AAGAGCTATGGCGGGAGAAG,ADAMTS12,119,87,66
ADAMTS12_ACCCGCACATCGTTTACAGG,ADAMTS12,951,250,303
ADAMTS12_GGGCCTGCCAGAATACCACG,ADAMTS12,10,77,136
ADAMTS12_GAATCATGCCATGTGCCCAG,ADAMTS12,923,72,110
ADAMTS13_AGGATTCCGGCCACACAGAG,ADAMTS13,2272,426,565
ADAMTS13_CGATGTCTTCCAGGCTCACC,ADAMTS13,2627,189,237
ADAMTS13_TCGGGTGCACCTGGTGAAGA,ADAMTS13,2005,498,627
ADAMTS13_TCCACCCACAGACGCTCAGC,ADAMTS13,438,162,288
ADAMTS13_TTGCCCATGAGATTGGGCAC,ADAMTS13,514,75,136
ADAMTS13_AGCTTCGGCCTGGAGCACGA,ADAMTS13,1616,431,345
ADAMTS14_GCGCAGAGCGCACAGTGCAA,ADAMTS14,669,32,98
ADAMTS14_CCAACCTCCGATTGGGCCGC,ADAMTS14,496,451,227
ADAMTS14_TTCATTGAGCCTCTGGAGCG,ADAMTS14,1801,200,299
ADAMTS14_AAGCGGCGGCATGCCAAGCC,ADAMTS14,511,63,133
ADAMTS14_CAACCATGATCAAGCGGACG,ADAMTS14,1621,699,516
ADAMTS14_TCCCTGAGCCTGATCGAGCG,ADAMTS14,2162,1086,843
ADAMTS15_AGGGTCCAGGGCCCGTAGGA,ADAMTS15,563,124,129
ADAMTS15_CTTCACCACTGCCCACGAGC,ADAMTS15,993,509,671
ADAMTS15_GAGCTTGCCCTCGCCACAGC,ADAMTS15,989,211,182
ADAMTS15_CCACCACATGTGCGCGAGCA,ADAMTS15,993,926,939
ADAMTS15_CTCCCGGAAGCTCTTTCCGG,ADAMTS15,1077,320,128
ADAMTS15_CTTGCCTTGGACACAGACGG,ADAMTS15,1554,406,385
ADAMTS16_AACGTCTGCACAATAAAGCC,ADAMTS16,543,275,458
ADAMTS16_GCACAGCAGCGACCTTCGCC,ADAMTS16,157,115,235
ADAMTS16_CGTGCTCACGATACTCAACA,ADAMTS16,1458,1253,1037
ADAMTS16_ATCCAGACCAGTCAGTAAGA,ADAMTS16,1511,304,251
ADAMTS16_ATGCAAACACACAGTGCAAG,ADAMTS16,626,334,253
ADAMTS16_TTCCAATACGATGGCACCAC,ADAMTS16,1929,310,324
ADAMTS17_TGTGTGCTTGCCGAAGACAA,ADAMTS17,897,215,334
ADAMTS17_TCTCCAGGGACCGCTCACCA,ADAMTS17,1148,866,707
ADAMTS17_CCGTGTGCTCGCTGGTGAGC,ADAMTS17,590,554,296
ADAMTS17_GGTCTCTGGGCCTCAGCAGA,ADAMTS17,159,48,93
ADAMTS17_AAGGTACAGGTCGCGCCCGA,ADAMTS17,356,50,170
ADAMTS17_CAGGACGAGCGGAGGCAGCA,ADAMTS17,124,284,751
ADAMTS18_ACCATACCTAGAGTGTCACA,ADAMTS18,537,95,251
ADAMTS18_GGGCGACCCAGAAGATCAGC,ADAMTS18,240,29,174
ADAMTS18_ACGTGAGGATGGTGACCCGC,ADAMTS18,592,205,265
ADAMTS18_CAGTAGAAGTAGACTCAGCC,ADAMTS18,1055,668,355
ADAMTS18_CGAACCATCATTTAATCCGC,ADAMTS18,774,297,214
ADAMTS18_GGAAGGCACACGCGAGCAGG,ADAMTS18,44,179,69
ADAMTS19_CTGAAACGATCCCATTCGAC,ADAMTS19,897,213,367
ADAMTS19_CGCGCTTCGCAGTGGAACAG,ADAMTS19,2632,1226,969
ADAMTS19_TGAAGACCATCAGCACACGA,ADAMTS19,550,520,919
ADAMTS19_GCAGTTACTGGCCTTTGACC,ADAMTS19,936,266,189
ADAMTS19_AACCAAGCTAGACCCACCAA,ADAMTS19,1508,464,200
ADAMTS19_AGGCTGGAGAATGTACCAGC,ADAMTS19,1,64,43
ADAMTS2_TTCAGGGTGCAGCTGCGGAC,ADAMTS2,936,446,364
ADAMTS2_GCCTGGAGAATGTCTGCCGC,ADAMTS2,458,84,121
ADAMTS2_TCACCTTTCCATAGCTCAGG,ADAMTS2,401,170,152
ADAMTS2_ACTCTGTGGTGCAGTTCCAC,ADAMTS2,870,12,54
ADAMTS2_GGCGATACACCACATGCACA,ADAMTS2,1448,101,222
ADAMTS2_GCAGTTGCTGAGCGCCACAG,ADAMTS2,1717,1021,1449
ADAMTS20_GCGGAATCGAAAGTGCAACC,ADAMTS20,777,490,744
ADAMTS20_AACAGACTGCGGTCCTGGAA,ADAMTS20,302,260,230
ADAMTS20_ACAGCAGTGTCATGGTGGGA,ADAMTS20,465,292,184
ADAMTS20_AGTTATGATTCACCGTGAGG,ADAMTS20,753,199,161
ADAMTS20_TGCGTTTCTGCCGGCTGAAG,ADAMTS20,1958,1337,1174
ADAMTS20_ATCTCTCGCTCTTCATCACC,ADAMTS20,171,65,156
ADAMTS3_GCAATACCTTGCATTCCAGC,ADAMTS3,474,103,245
ADAMTS3_CCAGCATTATCATGCGCACC,ADAMTS3,1152,310,338
ADAMTS3_TCTCTTATTAGAGTCGGACC,ADAMTS3,480,36,49
ADAMTS3_TCCAAAGACTTCCACTACAG,ADAMTS3,2015,223,662
ADAMTS3_CCCATTAACAACCATCAACC,ADAMTS3,2217,803,477
ADAMTS3_AGTCCTAACCTCTACCAGAG,ADAMTS3,540,257,161
ADAMTS4_TGCAGTCTCGGGAGGAGAAC,ADAMTS4,1931,370,354
ADAMTS4_AAACACTCGCCCTGGGCCGA,ADAMTS4,38,118,17
ADAMTS4_AGTCTCCACTTGCGACACGC,ADAMTS4,1217,313,221
ADAMTS4_GAGTAGATTTGTGGAGACAC,ADAMTS4,353,40,213
ADAMTS4_AACACGATCTCCTCCTCCCG,ADAMTS4,443,188,39
ADAMTS5_GGCTATCAGTCTGATGCAAA,ADAMTS5,1453,622,433
ADAMTS5_ACAACGGACGCTACTGCACA,ADAMTS5,1004,438,539
ADAMTS5_TGGTGTGCTGTGGTACGCCA,ADAMTS5,717,166,262
ADAMTS5_GCTGAAGTGCATTTGGACCA,ADAMTS5,591,205,698
ADAMTS5_GCATCATTCATGTGACACCC,ADAMTS5,526,90,311
ADAMTS5_GCGGAACGCGCACAGCAGCA,ADAMTS5,948,314,407
ADAMTS6_TCTCGGGAACCCAAAGGGCA,ADAMTS6,413,26,55
ADAMTS6_CCCATATTTACATTGGCGGG,ADAMTS6,271,79,1
ADAMTS6_GGAAATTCTTGTGGGACGAA,ADAMTS6,1216,334,279
ADAMTS6_AAATAAGCCCTGTGGAACAC,ADAMTS6,783,105,246
ADAMTS6_GGACCCTATTGATCCACAGC,ADAMTS6,803,208,59
ADAMTS6_CGGAATTTCATAGTGACCAC,ADAMTS6,844,550,268
ADAMTS7_CGCTGGACACCACCACCACA,ADAMTS7,3524,729,1011
ADAMTS7_CCGCATCCAAGAGGTTGCCG,ADAMTS7,1822,349,644
ADAMTS7_ATGAAAGGTCGTTTCCCAAC,ADAMTS7,184,173,207
ADAMTS7_CCGCAGCTGCAGCATCAACG,ADAMTS7,3872,1140,1826
ADAMTS7_TCTCTTTGCTGACCGACCGC,ADAMTS7,499,167,174
ADAMTS7_CACCCGGTTCGAGTCGACGC,ADAMTS7,3014,162,537
ADAMTS8_GGTACTTGGCTCTCCGACCC,ADAMTS8,283,12,10
ADAMTS8_GCCATTCTTCGTGTGGCACA,ADAMTS8,249,265,206
ADAMTS8_CGAACAGCGGTGCCATCACG,ADAMTS8,1823,451,387
ADAMTS8_CAGAACTTCTGTGGGCAGGA,ADAMTS8,1078,256,244
ADAMTS8_CACTGCGTAACTTCTGCAAC,ADAMTS8,385,853,337
ADAMTS8_CACGAAGCCCTTGCCGAAGG,ADAMTS8,578,336,531
ADAMTS9_TACACTTTGACCACATCCAG,ADAMTS9,1049,240,119
ADAMTS9_TCTAATAGGCCTGGCTGAAC,ADAMTS9,762,704,385
ADAMTS9_TGTTCTTCGAATGCTGCCAC,ADAMTS9,3,45,29
ADAMTS9_GACGTAGCAGCATTAAACAG,ADAMTS9,749,492,349
ADAMTS9_CAATACCAACTCCGAGCACA,ADAMTS9,573,222,253
ADAMTS9_GCAAGGACAGGCTGCACCCG,ADAMTS9,2206,82,203
ADAMTSL1_TTCCGGCAAGGATCCAAGCA,ADAMTSL1,1477,640,755
ADAMTSL1_TAGGTGCTAGTTCAACAACC,ADAMTSL1,658,180,248
ADAMTSL1_CCTTGACGGTGCTTCCCAGC,ADAMTSL1,130,326,393
ADAMTSL1_CCACACTAGAATTGTCCACA,ADAMTSL1,852,82,179
ADAMTSL1_CATCCACCGATGGAGGGAGA,ADAMTSL1,3,59,83
ADAMTSL1_ACTTGGATCCTTGTCCAGCC,ADAMTSL1,181,189,138
ADAMTSL2_GCTCTTCCCAAAGCGTACCC,ADAMTSL2,332,155,155
ADAMTSL2_GCGTGTTCCCGCAGTTGCGG,ADAMTSL2,519,142,294
ADAMTSL2_CCTGCACGGGCACGTCCAAG,ADAMTSL2,1989,620,141
ADAMTSL2_ACAACGGGCGGACGCACCAG,ADAMTSL2,2191,385,332
ADAMTSL2_CGTGACGGGCAACTATCGCA,ADAMTSL2,1562,256,374
ADAMTSL2_TGGATGTCTCGGGCACCAGC,ADAMTSL2,362,45,134
ADAMTSL3_CATCCCTATCAGCACCCACC,ADAMTSL3,611,89,187
ADAMTSL3_CACTTATCGCTATGATGACC,ADAMTSL3,218,7,115
ADAMTSL3_GGATGGAACTCGTTGCAACA,ADAMTSL3,2029,820,742
ADAMTSL3_TGTGGAGTCTGTGCCGGCGA,ADAMTSL3,1587,482,339
ADAMTSL3_TTCTACTTACAGAGGTGGGC,ADAMTSL3,186,186,80
ADAMTSL3_GAACACAGCTTTAACAGCCC,ADAMTSL3,294,188,48
ADAMTSL4_GGAGCGATGGAGAACTGGAC,ADAMTSL4,368,95,102
ADAMTSL4_CGAGACTGTGTCCTGTACAA,ADAMTSL4,2191,650,690
ADAMTSL4_ACGCACTCCTTAGGAGAAGG,ADAMTSL4,588,318,158
ADAMTSL4_CTATGTCCGTCACACTGAAA,ADAMTSL4,1832,859,904
ADAMTSL4_GGGAACCTCACTGACCGAGG,ADAMTSL4,211,26,23
ADAMTSL4_ATATAACCGTCCTCCCAGGG,ADAMTSL4,495,92,97
ADAMTSL5_AGGAGACATTGCAAGCAGCC,ADAMTSL5,726,80,122
ADAMTSL5_CAGTACCCAGCGAAGGCACC,ADAMTSL5,483,23,133
ADAMTSL5_GCCCAACAACCCATCACAGC,ADAMTSL5,1158,16,212
ADAMTSL5_CCAGGCAGTTGAGGTCGCAC,ADAMTSL5,1300,318,314
ADAMTSL5_GGCACACTGTAGGTCTCGGA,ADAMTSL5,138,72,65
ADAMTSL5_GGGCAGGGCTTACTGGCAAC,ADAMTSL5,574,137,88
ADAP1_AAGGCTACATGGAGAAGACG,ADAP1,498,154,138
ADAP1_CTACCATGAGGACGGGAAGG,ADAP1,1087,196,281
ADAP1_TGGAAGCGTGGCCGGGACAA,ADAP1,2467,434,588
ADAP1_CCGGGCCAAGTACGAGCGAC,ADAP1,1591,219,136
ADAP1_GGGTACTTTGGACTCAAACC,ADAP1,1088,184,156
ADAP1_TCGCGGCCATGGCCAAGGAG,ADAP1,1376,150,43
ADAP2_ATCGCGAGCGCAACAAGAAG,ADAP2,1474,494,193
ADAP2_CGACTGGGCCTCTTACAAGC,ADAP2,814,389,426
ADAP2_CTTCGAACTTGGCCTTCACA,ADAP2,763,220,119
ADAP2_TCGAGCTAAGTATGAGAGAC,ADAP2,236,225,153
ADAP2_GCTGCTTAAGGTAACCGAGA,ADAP2,839,240,205
ADAP2_CAGATCACCTACAGGAGAGA,ADAP2,792,217,460
ADAR_TACCTGGTTATCAGAAGCCA,ADAR,1185,196,121
ADAR_GGCCTTCTTTGGACAGGAGA,ADAR,507,157,98
ADAR_CTCGGCCATTGATGACAACC,ADAR,1064,1178,804
ADAR_AATAGTATCCGCGCAGCACC,ADAR,272,34,20
ADAR_GGGCGCAATGAATCCGCGGC,ADAR,384,55,69
ADAR_TCTTGCACTTCCTCGGGACA,ADAR,1512,498,606
ADARB1_CATGAGTGATGAAGATCCCG,ADARB1,1894,270,139
ADARB1_TCTTCAGCTGCATTTACCGC,ADARB1,1662,372,414
ADARB1_TCAGGTCACCAAACTTACCC,ADARB1,661,288,283
ADARB1_CTTTCAGAAATCAGAGCGAG,ADARB1,1117,384,199
ADARB1_CCAATGCGAGCATCCAAACG,ADARB1,3044,1309,1199
ADARB1_CCTCTATGTTGGAGATCCGC,ADARB1,422,33,166
ADARB2_TGGTGATCTCGTAGGGAGAG,ADARB2,1073,275,211
ADARB2_GGTGGTGAATGACTGCCACG,ADARB2,1,5,0
ADARB2_GAAGTTCCGCGAGGTGACGA,ADARB2,121,61,130
ADARB2_CTACGTGTGTCTGGCAGAAC,ADARB2,3323,1296,1074
ADARB2_TCCTGGCATCACAAACACGG,ADARB2,908,546,545
ADARB2_AATGCAAGTCCAAGAGGAGG,ADARB2,529,90,58
ADAT1_GCTGCTAAGCAGAATTGCAA,ADAT1,427,250,185
ADAT1_TACTGCCAATGGCTTTCCAC,ADAT1,945,191,198
ADAT1_TGGAACGTCCTCGGATGCCA,ADAT1,779,138,164
ADAT1_TGGTGTCCTATCTTTGCCGC,ADAT1,180,3,150
ADAT1_GAAGTTGTGTCAATGGGAAC,ADAT1,726,484,363
ADAT1_GGGATCAGGCTGCCCAAGAA,ADAT1,727,206,256
ADAT2_TCTGCTGACCTACCAAACAC,ADAT2,2267,186,149
ADAT2_CTCGATTGGTGTCGTCAAAG,ADAT2,2522,1374,1201
ADAT2_TAGACCATAAGACAGCCAAC,ADAT2,1185,37,102
ADAT2_GCACCCAAGCCAGCTGCAAG,ADAT2,1588,629,611
ADAT3_CTTCTCGGACAGGACAGGGA,ADAT3,1210,5,0
ADAT3_CACCATGACGGCGTGCAGGA,ADAT3,1084,433,235
ADAT3_GCGTAAACTGGACGCAGACG,ADAT3,1552,85,304
ADAT3_CGCGGAACACCTGGAAGCGG,ADAT3,362,36,16
ADC_GGGCTTTAGCTGTGCCAACA,ADC,892,222,244
ADC_CGCAGATGATCTTACTGGCA,ADC,3757,371,159
ADC_CTCAGTCCATCGCAGACGCC,ADC,1451,213,400
ADC_CTTCCCAGAGGGCTGTGGCG,ADC,1705,293,639
ADC_TAGGGCAGATGTTGTCAAAC,ADC,485,330,528
ADC_GACTCTAGAGACATGTAGCA,ADC,709,160,330
ADCK1_GCTTGCTTCGTGGACCAGCA,ADCK1,771,335,292
ADCK1_TCTGGACTACCTGTTGCCAG,ADCK1,1337,96,247
ADCK1_GCTGCATGATGGGCGGACGG,ADCK1,92,228,158
ADCK1_TTGAGGAAATCCAGCTCCAA,ADCK1,125,146,172
ADCK1_CTTTCAGATCTCACGCCACC,ADCK1,1126,119,288
ADCK1_CGTCAGCATGCAGGCAAACA,ADCK1,3810,1916,2068
ADCK2_GCTCCTCCCTAAAGCTGACC,ADCK2,77,128,41
ADCK2_CCATATGCACCTGAGCGAGC,ADCK2,2372,197,515
ADCK2_GATTCTGAGCTTCGTAACGC,ADCK2,489,225,218
ADCK2_GATCAACATGCTCCTGAAGA,ADCK2,297,154,91
ADCK2_GGCCGTTGGCACCCTGAACC,ADCK2,213,495,544
ADCK2_GCTGATCCTGCATCATGCCC,ADCK2,2,108,12
ADCK3_AGGCCTTGTCAAGCTGACCC,ADCK3,389,244,388
ADCK3_AGAACTTCGGCGGCCCAGAA,ADCK3,443,322,394
ADCK3_TGTGACGAGGATTGGCCGGC,ADCK3,390,85,175
ADCK3_GCGTGGTGCGGCACTCAAGC,ADCK3,1231,707,824
ADCK3_ACCTGGCTAAGATCTTCGAG,ADCK3,1495,112,181
ADCK3_AATGAAGGGCGGCCGCGAGG,ADCK3,539,116,91
ADCK4_GGGCACAAGCCGCCTCACGA,ADCK4,245,235,172
ADCK4_TCTTGAAGAGGAGCTCGGCA,ADCK4,759,283,166
ADCK4_GACCTTATGTACAGTTCGAG,ADCK4,339,173,94
ADCK4_GCTAGGAGTACTGGCCGAGA,ADCK4,225,7,92
ADCK4_CCCGTCCCAGGAAGACACCC,ADCK4,640,186,199
ADCK4_CTCCCTAGCCTCTTACCCAG,ADCK4,201,165,147
ADCK5_GGACTCGTTACCTTGGAGGA,ADCK5,1267,165,392
ADCK5_CATAGCGGGCTCCGAGGAGC,ADCK5,32,90,42
ADCK5_AGGTCCACTAGGAAGAGAGG,ADCK5,452,22,1
ADCK5_CACCAATGTTGTCCTTCGAG,ADCK5,3215,281,604
ADCK5_CCCTGCGCGTGCTAGAGGAC,ADCK5,1699,410,440
ADCK5_GCTGCACGATGGCACCAGCG,ADCK5,408,271,836
ADCY1_CGAACTCCTCGTCGCACGCC,ADCY1,1194,426,366
ADCY1_GAATCTTGATGCGGCGACAG,ADCY1,1306,218,234
ADCY1_GCCAATGTCATGGAAGCCGC,ADCY1,97,331,135
ADCY1_CCTACCTTTCGGCGATGGGA,ADCY1,652,267,470
ADCY1_AGGTCATGACATTGGAGAAG,ADCY1,874,210,179
ADCY1_CCATCCCTCACTGAGTGGCC,ADCY1,1551,666,106
ADCY10_CCTACTACCTACCCAGCAAA,ADCY10,2418,1272,768
ADCY10_AGGATGATGATGTACTACCC,ADCY10,391,60,73
ADCY10_ACTGTGAGACACGAGTACAC,ADCY10,1257,229,251
ADCY10_GCTGAAGCCTGATCCTGAAC,ADCY10,415,123,84
ADCY10_CCTGACCAATCACCAGAAAG,ADCY10,3354,591,527
ADCY10_GCTTTCGCTCCACCCTCCAC,ADCY10,335,77,205
ADCY2_CGCGAAGAAGACGGCGAGCA,ADCY2,1455,995,1105
ADCY2_ACAGGTATCCCATGGCAACA,ADCY2,1747,581,1179
ADCY2_CGTCTGCCTGTCTGCAACAC,ADCY2,1510,979,1028
ADCY2_GCTTATGGTAGGCTCCCGCC,ADCY2,296,69,98
ADCY2_GAGATGGCGCATCCAGCGAG,ADCY2,694,95,193
ADCY2_CATCGCCATGGAGATGAAAG,ADCY2,1161,287,125
ADCY3_CAGTGTTGGAGCCACGACAC,ADCY3,1198,205,209
ADCY3_ACTGCCAGCGCTTCTGGCCC,ADCY3,1142,276,362
ADCY3_TTACGAGATGGCCTCCACCA,ADCY3,789,266,361
ADCY3_TTCCATCCTGCCCAAGCACG,ADCY3,709,714,632
ADCY3_TCATCTTCACCTCCAGCGAC,ADCY3,561,359,526
ADCY3_GGTCTTCTCCAGCGACAAGC,ADCY3,334,238,139
ADCY4_TGCCATCAACTGCGTGCGCA,ADCY4,143,205,279
ADCY4_CTCTATGTCAAGAGGCACCA,ADCY4,1174,989,723
ADCY4_CTCCTGCCACGTTCCCGCAC,ADCY4,1895,159,326
ADCY4_GATGCGAGAGTGAGGAGGCG,ADCY4,459,101,82
ADCY4_CACGCCTTCCTGTTCACCGG,ADCY4,1738,231,378
ADCY4_TGTAGTAGGTCTCGTAGAAG,ADCY4,801,297,415
ADCY5_TGGACACCTGGTTGCCACCC,ADCY5,1429,393,131
ADCY5_GGTTGGTCCGGGAGGTGACA,ADCY5,120,34,48
ADCY5_ATCTCCATGGCAACATGACG,ADCY5,570,16,234
ADCY5_TGTCTCTGGGAGACCTCAGC,ADCY5,234,168,131
ADCY5_GGTGACCTGTCCATTCAGAC,ADCY5,0,61,21
ADCY5_AGCCGCTCCAGTTTGTCCGA,ADCY5,575,19,47
ADCY6_CTCGGGCCAACTCCATGGAA,ADCY6,3140,1116,857
ADCY6_AACACTGCAGTACCTGAACG,ADCY6,2370,537,1012
ADCY6_ACTGCCATTTCCGCAAGCCA,ADCY6,1013,345,599
ADCY6_CCGCAGCCAGCTTGTCAAAC,ADCY6,4009,1862,2400
ADCY6_CCGGGCCTGGATGTAACCGC,ADCY6,1201,745,952
ADCY6_AGGATGACGCCTTCATCCGG,ADCY6,208,207,161
ADCY7_GGGCGCTACTTCCTCAACGA,ADCY7,982,177,141
ADCY7_GGTGTTCGACGCATGGACAA,ADCY7,702,169,143
ADCY7_CACGACACCCAGTGTCCGGG,ADCY7,1240,104,36
ADCY7_TGAAGTGCATCCAGATCCGC,ADCY7,851,302,413
ADCY7_ATCGAACGGCTCAAGGAGCA,ADCY7,3,46,230
ADCY7_GGCCAGCGACTGTTCTCCCA,ADCY7,249,109,58
ADCY8_CATACCATCGACTTGCGGAG,ADCY8,1994,365,472
ADCY8_ACCGTTGAGACAGTCCAGCG,ADCY8,2997,628,914
ADCY8_GACCTTGTCTGCTCAGGAGC,ADCY8,1465,63,164
ADCY8_GGATGTAGATCCGATGGAAC,ADCY8,1118,187,528
ADCY8_TCTCCAGGAAAGCTTGGCGC,ADCY8,1044,203,295
ADCY8_TGCCGGTGAAGAAGCCCAGC,ADCY8,444,193,84
ADCY9_TGCGGGAAGCGACACCAGGA,ADCY9,844,239,138
ADCY9_TGCACTGAAGACCGCCAGGG,ADCY9,1464,90,194
ADCY9_TCAGCGGAAGGAGAGCCGAC,ADCY9,317,448,227
ADCY9_CAAATGTGATTCCGCACGAA,ADCY9,1576,568,672
ADCY9_GATATCGGGTCAGAGAGCCA,ADCY9,306,68,172
ADCY9_TGGAGGCCCTCTCGAACAGC,ADCY9,1819,161,290
ADCYAP1_CAGCCTCGCTCCGCTACACA,ADCYAP1,1568,432,619
ADCYAP1_CCAGCACCTACCTGATCCCG,ADCYAP1,3186,799,670
ADCYAP1_AATCTCACCTTCTCCCGGCC,ADCYAP1,146,105,105
ADCYAP1_CGCCCACGGGATCCTTAACG,ADCYAP1,6102,1449,1919
ADCYAP1_AGGCCTCGTTAAGGATCCCG,ADCYAP1,455,54,96
ADCYAP1_CAGCCGCTACCGGAAACAAA,ADCYAP1,2454,572,650
ADCYAP1R1_TGCAGTCAGAATGCATGGCA,ADCYAP1R1,571,496,254
ADCYAP1R1_CGAATCTTCAACCCAGACCA,ADCYAP1R1,1258,762,640
ADCYAP1R1_ACCAAGGTTCCTCTTACCAA,ADCYAP1R1,1279,179,282
ADCYAP1R1_GGTGAGCCGGAACTGCACGG,ADCYAP1R1,338,14,235
ADCYAP1R1_GGTCTCACCGGAAGCGACAA,ADCYAP1R1,78,109,67
ADCYAP1R1_TCTGCTTGGCTCACTCACAG,ADCYAP1R1,2747,624,705
ADD1_CATGGCACCAGACCTTCGCC,ADD1,360,264,198
ADD1_GACCAGAGTGAACTCCGAGC,ADD1,303,24,46
ADD1_CTCCAACTGACACGAGCCCA,ADD1,1882,78,54
ADD1_TGTACTTCTCAGGATTCAGC,ADD1,378,69,102
ADD1_CGAATCACCGTCACTAGCAA,ADD1,2473,718,699
ADD2_ACTCGGCCATCTATGCAGCG,ADD2,1364,921,1258
ADD2_GATGCTGGACTGTACTCACC,ADD2,278,19,113
ADD2_TGACATAGGTGTCACTCAGC,ADD2,76,75,141
ADD2_TCAGTCTTTCAGGGAGGAGC,ADD2,360,162,309
ADD2_GAGCGAATTGCAAACCCACC,ADD2,374,485,133
ADD2_AGATAGCTAAGATGCCGCGC,ADD2,35,195,352
ADD3_CTTGTTTGGATGGGCACACC,ADD3,558,216,382
ADD3_AATAGGAGAAGTGGTTGACC,ADD3,14,180,31
ADD3_ATAGGAGAAGTGGTTGACCA,ADD3,517,145,417
ADD3_CCAAGGGTCACTTGAAGAAC,ADD3,3419,292,350
ADGB_CATCGTATCAACTCGGCGCA,ADGB,622,195,219
ADGB_TTCCTCTAGGTCCAAGGCCG,ADGB,2444,948,991
ADGB_AATTCCCACTCTGGCCAGAG,ADGB,1467,641,218
ADGB_TTAGCATCCATGTAGCAGAC,ADGB,931,627,394
ADGB_CTACTTCTAGTCACCAGCAC,ADGB,1955,671,608
ADGB_GACAGTCCTCCCATAGAGCC,ADGB,2,88,54
ADH1A_ACAGACTTTCTCTAGAGGCG,ADH1A,1384,101,463
ADH1C_ACCTCTTTCCAGAGCGAAGC,ADH1C,170,43,101
ADH1C_AGGTGCTGACGCCGACGAAG,ADH1C,294,174,139
ADH4_TGGACTGTACAACCGCAGGC,ADH4,1719,265,344
ADH4_GCCCTGGACTGTACAACCGC,ADH4,1958,928,578
ADH4_TTTGCCCTTGACTGTGCAGG,ADH4,341,203,265
ADH4_AGACAGCACAAGTCGAACCA,ADH4,1339,358,714
ADH4_GGAGTGACCAACGTCAAACC,ADH4,665,304,180
ADH5_ATCCGTGAACATGGCGAACG,ADH5,1384,257,571
ADH5_CTTTACTCCTAGTTGGAGCC,ADH5,437,402,194
ADH6_GCTCTCATTGCAGGAGGCGA,ADH6,167,12,57
ADH6_CATTGGAGTGGATGTCAACA,ADH6,1071,696,324
ADH6_TGCTGCAATCAATACTGCCA,ADH6,854,566,244
ADH6_CCAAGATGGTGGGATACAAG,ADH6,1473,460,644
ADH6_TCCATACAGGTTGTGGCCAC,ADH6,329,277,341
ADH6_CTGCTTTGCATCTGATGACC,ADH6,1297,570,607
ADH7_AGGAACTCCTACAACCACGC,ADH7,1550,258,459
ADH7_CATGAACTATGGGACCAGCG,ADH7,1193,282,614
ADH7_AGAAATGACAGGCAACAACG,ADH7,2592,807,966
ADH7_ATCATGGGCTGTAAGTCAGC,ADH7,418,40,36
ADH7_AACAGCAGCGCCATATCCAG,ADH7,623,323,175
ADH7_AATGCTTGTCGCAACCCAGA,ADH7,350,24,108
ADHFE1_GCCTCAGCAAGTACGCGACC,ADHFE1,538,0,29
ADHFE1_GAATCCATAGCTACTTGCAC,ADHFE1,329,193,248
ADHFE1_TAGGAAATCAGAATGAGGGC,ADHFE1,510,220,17
ADHFE1_TGCCAACTACCTCAGGAACC,ADHFE1,4068,325,311
ADHFE1_CCTCCACATGCCTGCCCGAG,ADHFE1,1090,269,91
ADHFE1_ATCACACGGCCTGCGTACCA,ADHFE1,284,698,416
ADI1_AAATTTCACGTACTGCCCGC,ADI1,296,13,24
ADI1_CGGTTGTACGCTGTCCACAC,ADI1,621,436,457
ADI1_CGGTGTGGACAGCGTACAAC,ADI1,1177,480,961
ADI1_CTTCACGGTGGACGAGAAGG,ADI1,162,68,224
ADI1_CCGCTTCACGGTGGACGAGA,ADI1,578,517,329
ADI1_GATCCGGATCTTCATGGAGA,ADI1,901,210,191
ADIG_GAAGTACCCTTTGATGCCGC,ADIG,15,81,104
ADIG_CTACGCTTCTTACTTAGCCA,ADIG,351,93,153
ADIG_GACACTCCACGGCCAAGAGA,ADIG,708,101,137
ADIG_GGAGCCGCTCAAGTCTGGGA,ADIG,432,45,2
ADIG_GCAAGGGTCTTCCCATACCC,ADIG,598,247,187
ADIG_CAAGGGTCTTCCCATACCCG,ADIG,1253,244,421
ADIPOQ_GAAACCACGACTCAAGGGCC,ADIPOQ,285,113,47
ADIPOQ_CCATTATGGCCCGGATGCCC,ADIPOQ,464,553,200
ADIPOQ_TCGGTGAAACCGGAGTACCC,ADIPOQ,742,83,145
ADIPOQ_AACCACTATGATGGCTCCAC,ADIPOQ,387,176,150
ADIPOQ_TAGGCAAAGTAGTACAGCCC,ADIPOQ,317,235,146
ADIPOQ_TGTGCTCCTGCATCTGGAGG,ADIPOQ,539,206,276
ADIPOR1_TCATTGTGGCGCAGTGGGAC,ADIPOR1,897,391,382
ADIPOR1_AATGCCCAGGACACAGACGA,ADIPOR1,1227,169,294
ADIPOR1_ATAGACGGTGTGAAAGAGCC,ADIPOR1,571,43,68
ADIPOR1_GCAAGCCCGAAAGGAGGGCA,ADIPOR1,48,311,163
ADIPOR2_CAACTGGATGGTACACGAAG,ADIPOR2,1235,228,435
ADIPOR2_CATGATGGGCTTGTAAGAGA,ADIPOR2,1068,154,234
ADIPOR2_CTCATGATGTACTACCAGAC,ADIPOR2,1252,293,634
ADIPOR2_CAGTCTACTGCCACTCAGAG,ADIPOR2,987,816,978
ADIPOR2_TTGCACTATGTCATCTCGGA,ADIPOR2,596,354,230
ADIPOR2_TTTCGTTTCATGATCGGCGG,ADIPOR2,1127,225,270
ADIRF_CCCGAAGCCATGGCAAGCAA,ADIRF,2187,282,398
ADIRF_CTTGCAGGACCTGAAGCAAC,ADIRF,1469,243,227
ADIRF_ACCTGAAGCAACAGGTGGAG,ADIRF,807,126,187
ADIRF_TCCAGTGTCAGCGGCCGGAG,ADIRF,2134,649,761
ADIRF_CATCGACAAGACTGCTAACC,ADIRF,2904,220,575
ADK_CGTAGTAATGAGCATCCACA,ADK,1327,493,350
ADK_CCCAGAGTCAGTATTAAAGG,ADK,1906,625,462
ADK_CGAATCGTGATCTTCACCCA,ADK,2171,232,242
ADK_GAATCGTGATCTTCACCCAA,ADK,412,161,275
ADK_TTGCTGCATAGTGGCCAGCA,ADK,2243,1102,756
ADK_GAAGTCTGGCTTCTCAGGAA,ADK,1019,139,144
ADM_CTTCGCAGCCGGGATGAAGC,ADM,248,34,95
ADM_ACCCAGGTACATCAGGGCGA,ADM,120,173,51
ADM_AGCGGTGTCAGCGCCTAGGA,ADM,1393,496,357
ADM_GGCCTTCACGTCAGCGAGCC,ADM,685,305,1054
ADM_GGCCGAATAAGGGTCTGGGC,ADM,4,47,48
ADM_CTTCTAAGCCACAAGCACAC,ADM,1404,390,935
ADM2_ACCCGCGACCCGTCAAACCC,ADM2,1483,777,446
ADM2_GGAGAGGCTGACCCATAACA,ADM2,1642,640,438
ADM2_CCAAGCCCAGCTCCTGCGAG,ADM2,1690,684,366
ADM2_TGGCAACTCATGGGACCGGC,ADM2,544,225,349
ADM2_CCGAGGGACTGGGCTTCAGA,ADM2,311,252,170
ADM5_AGAAGGCGAGGAGCAACAGC,ADM5,453,93,126
ADM5_CCTCGCCTTCTCCGCCCAAG,ADM5,665,126,35
ADM5_AGTATATGATCTCCGCCAGG,ADM5,309,39,204
ADM5_GGCAAACTGAAGCCGAGGAG,ADM5,736,198,81
ADM5_TAGGCAAACTGAAGCCGAGG,ADM5,326,103,66
ADM5_GGTCCAACCTAGTCGCAGCC,ADM5,235,150,66
ADNP_TTGGGAAGACTCGTCAGACC,ADNP,1903,386,367
ADNP_ATGCAGAGTGATAGTTGAGG,ADNP,830,58,189
ADNP_GGATGCCTGTGACTGAGAGA,ADNP,376,113,69
ADNP_TGGAGTCAAATCTGTAGGCC,ADNP,1975,681,645
ADNP_TGATGGCCTTAAACCTAAGC,ADNP,307,155,267
ADNP2_TGTTTATGGGTCCCACAGGC,ADNP2,1810,214,182
ADNP2_ACGGAGCTGTCTGGCCCACA,ADNP2,381,194,360
ADNP2_TACAGGCACAACAGCTGAGG,ADNP2,608,75,237
ADNP2_CAACGTCTACCAGGTCCACA,ADNP2,112,258,234
ADNP2_CGTGTGCACCATTTCTAAAG,ADNP2,3195,948,679
ADO_CTGCAGTGTGGCCTTGCGCG,ADO,1180,202,367
ADO_CGAGACGGACGGCTTCAGCC,ADO,598,79,26
ADO_TGCATGGACAAGCTAGACGC,ADO,420,171,141
ADO_CATCGTCCGGGTCGTAGGGC,ADO,818,14,25
ADO_GCCGATGACTTCTGGTGCGA,ADO,1038,4,38
ADORA1_TCGCCCTGGTCTCTGTGCCC,ADORA1,258,79,102
ADORA1_CAGCGACACGATGAAGCAGA,ADORA1,516,205,249
ADORA1_CAATGTTGATGAGGATGGCG,ADORA1,998,188,204
ADORA1_CGCTGTGGACTCACCGGAGA,ADORA1,1610,511,505
ADORA1_GATCAAGTGCGAGTTCGAGA,ADORA1,517,171,118
ADORA1_GCGGAACTTCTGGATGCGGA,ADORA1,286,114,189
ADORA2A_GGTGTACATCACGGTGGAGC,ADORA2A,145,52,259
ADORA2A_GGACGAAGCAGGCAATGAAG,ADORA2A,1007,352,897
ADORA2A_TCACCGGAGCGGGATGCGGA,ADORA2A,409,91,208
ADORA2A_ACGGTCCACACTGCAGAAGG,ADORA2A,1758,790,473
ADORA2A_CTGGCGGGTGGCCGTTGAGA,ADORA2A,584,336,267
ADORA2A_CATTGGGCCTCCGCTCAGGG,ADORA2A,1055,215,249
ADORA2B_GCACGAAGCAGGCGAGGAAG,ADORA2B,1724,367,428
ADORA2B_CATCTTCAGCCTTCTGGCCG,ADORA2B,1295,568,124
ADORA2B_TCAATCCGATGCCAAAGGCA,ADORA2B,768,227,169
ADORA2B_TGGAGTCAATCCGATGCCAA,ADORA2B,708,248,419
ADORA2B_TGGCTGCATGGATCTCCCGC,ADORA2B,1295,323,296
ADORA2B_ATGCACAGGTAACCAGCACA,ADORA2B,1202,214,440
ADORA3_AGACTATGACTCACCTGGAG,ADORA3,1233,277,340
ADORA3_TATGTCCTGCCTGACCAAAG,ADORA3,453,283,279
ADORA3_AGAATGCACCCAGGGAGCCC,ADORA3,664,32,295
ADORA3_ATGGCGCACATGACAACCAG,ADORA3,910,161,135
ADORA3_CAAGTATCGGTCCACAGCGA,ADORA3,2820,434,185
ADORA3_AGGACCCATTGAGCAGAAGG,ADORA3,458,91,132
ADPGK_TCCAAGGCCTACAGTTCGAA,ADPGK,1597,171,389
ADPGK_GGTAGACCAGCGTGTGGAAA,ADPGK,258,314,169
ADPGK_TAGGTGAACTGGAATACCAG,ADPGK,338,193,146
ADPGK_TTCTCTCACGACCTCTCCAA,ADPGK,853,259,353
ADPGK_CTGGACCGCAAAGAAGAACC,ADPGK,1151,548,579
ADPGK_CTTGGCCTTAGTCCTGGGAA,ADPGK,1588,369,336
ADPRH_GAGTGCAGCTGGAGATGCCC,ADPRH,398,25,0
ADPRH_ATGCCCTAGACGTGGGAAGG,ADPRH,421,486,468
ADPRH_TTGTGCACCGAGGCACCACC,ADPRH,720,46,43
ADPRH_ATCCAAGTGAGCATCGAGAG,ADPRH,866,240,346
ADPRH_AGTCTTTCGGTGTGAAGGAG,ADPRH,494,373,291
ADPRH_CCCTAGCTGTCTCTTCCAGC,ADPRH,1311,159,278
ADPRHL1_GGCCTGGACCTCGTTCCCAA,ADPRHL1,677,163,123
ADPRHL1_TCCTTGCAGCAGGAAACAGC,ADPRHL1,746,294,240
ADPRHL1_AAGACCATCCGGCACACGGC,ADPRHL1,605,71,78
ADPRHL1_GACCCTCATCGAGGTCAGCG,ADPRHL1,593,289,219
ADPRHL1_ACGGTGTGTGCCAGGCGAGA,ADPRHL1,902,321,162
ADPRHL1_CATGCACATCGCAACCGCCG,ADPRHL1,759,316,336
ADPRHL2_CTCGGAAGCGCGAGAGGGAG,ADPRHL2,779,143,179
ADPRHL2_AGCCAAGGAGGCCTTTGACG,ADPRHL2,1680,4,173
ADPRHL2_AGGAGCCTTTCCCGTTAAAC,ADPRHL2,878,263,321
ADPRHL2_TGTCAGCTGGGCCGAGAGCC,ADPRHL2,2301,878,594
ADPRHL2_TAGACCAGGCATCGGTGACC,ADPRHL2,1252,160,91
ADPRHL2_GGAGGCTATTGAAGGCAGAA,ADPRHL2,504,361,323
ADPRM_TACAGGGTGCCATTGAAGAC,ADPRM,995,212,393
ADPRM_CCAAGCTGAAGGACACAACA,ADPRM,3463,1023,1053
ADPRM_GGCTGAATCCTCCATTAAAC,ADPRM,991,724,563
ADPRM_TCAGCCAAGAACAGCTAAAC,ADPRM,2006,774,980
ADPRM_CGTCCGGGTAAATGGGAAGA,ADPRM,393,525,491
ADPRM_TAACTCCTTCTAGGTTGACG,ADPRM,802,110,180
ADRA1A_AACAGTCGTGGACGGGAAGC,ADRA1A,240,393,317
ADRA1A_TCTGAACCCTTTCTCCACGG,ADRA1A,653,415,1062
ADRA1A_AGGTCTCTCTTGATCCCACG,ADRA1A,315,108,92
ADRA1A_TCTGCACTAGGCTGCGGGAG,ADRA1A,1634,250,770
ADRA1A_GGGTCCAATGGATATGACCA,ADRA1A,343,139,138
ADRA1A_ACCTCGAAGATGGCGGAGAA,ADRA1A,1070,417,509
ADRA1B_GGACGGTGAAGCTCAACAGC,ADRA1B,1489,161,188
ADRA1B_ATCCCACGCTGGTCACCCGG,ADRA1B,770,43,147
ADRA1B_GACACTGAGCAGCGCCAAGA,ADRA1B,547,269,208
ADRA1B_GCCGGCACCCAACGATGACA,ADRA1B,1979,421,248
ADRA1B_ACCTTGAACACGGCGTCGGG,ADRA1B,0,52,26
ADRA1B_GGGAAGGCGCACAGCTCGAC,ADRA1B,218,50,225
ADRA1D_CCTAGGCGTCCCACACGAGG,ADRA1D,1229,76,230
ADRA1D_TCGCACAAGATCCGCGCCGG,ADRA1D,578,46,91
ADRA1D_TGTCGCACAAGATCCGCGCC,ADRA1D,363,414,275
ADRA1D_GGGCCCTACGGACACCACCA,ADRA1D,635,27,30
ADRA1D_CCCATACGTCGCAGAAGGCG,ADRA1D,896,155,202
ADRA1D_TTTCATCGTGAACCTGGCCG,ADRA1D,872,240,160
ADRA2A_GACGAGCACGTTGCCGAACA,ADRA2A,1206,200,300
ADRA2A_CCGCTACTGGTCCATCACAC,ADRA2A,5140,624,801
ADRA2A_TGGTCGTTGATCTCGCAGCG,ADRA2A,1780,821,902
ADRA2A_GCGAGATCAACGACCAGAAG,ADRA2A,2150,348,426
ADRA2A_TTTGAAGAGCGTGCGTGGCA,ADRA2A,466,486,270
ADRA2A_AGAGGATCTTCTTGAAGGCG,ADRA2A,783,236,167
ADRA2B_GGATCCTCCGGAAGGCACGG,ADRA2B,536,56,154
ADRA2B_CCTCCTGGTTGAGCTTGCAC,ADRA2B,629,267,213
ADRA2B_CCAGTGCAAGCTCAACCAGG,ADRA2B,1776,229,453
ADRA2B_TGATGCACTTGATGCGGCGC,ADRA2B,943,186,308
ADRA2B_GATGCACTTGATGCGGCGCG,ADRA2B,594,203,185
ADRA2B_AGCGGCTGGTCAACACAGCC,ADRA2B,99,24,52
ADRA2C_CGTAGCTCGCGGGAGGACCA,ADRA2C,333,5,32
ADRA2C_GATGAGCCACACGGCCACGA,ADRA2C,228,257,297
ADRA2C_GGTAGAGCGAGACCAGCGGC,ADRA2C,0,0,18
ADRA2C_TCGAGTTCTTCCTGTCGCGC,ADRA2C,629,264,369
ADRA2C_CATCTACACGGTCTTCAACC,ADRA2C,285,170,56
ADRA2C_AGCACATCCTCTTCCGACGG,ADRA2C,921,255,199
ADRB1_AGAAGGAGCCGTACTCCCAG,ADRB1,294,322,261
ADRB1_GGTCCACAGCTCGCAGAAGA,ADRB1,1009,395,316
ADRB1_CAGCAGGCTCTGGTAGCGGA,ADRB1,37,314,392
ADRB1_ACGAAGGCCATGATGCACAG,ADRB1,3178,758,529
ADRB1_ACACGAAGGCCATGATGCAC,ADRB1,822,521,109
ADRB1_ACTGCTCTGCTGCGCGCGCA,ADRB1,67,51,259
ADRB2_CAGACGCTCGAACTTGGCAA,ADRB2,891,154,448
ADRB2_GCCCATGACCAGATCAGCAC,ADRB2,515,255,401
ADRB2_TGCTGACCAAGAATAAGGCC,ADRB2,959,222,289
ADRB2_ACACCATCAGAATGATCACC,ADRB2,84,24,80
ADRB2_TACTCCAGCAACGGCAACAC,ADRB2,2429,996,632
ADRB2_GAGTGGATATCACGTGGAAC,ADRB2,597,240,177
ADRB3_GGCTTTGCCAACGGCTCGAC,ADRB3,243,126,207
ADRB3_GGCCGCAGCGGCACAGAAGA,ADRB3,834,214,222
ADRB3_ACGAAGAGCATCACGAGAAG,ADRB3,1357,343,428
ADRB3_TTGCGCCCATCATGAGCCAG,ADRB3,787,406,394
ADRBK1_CGTGAGCTACCTGATGGCCA,ADRBK1,1037,1151,1176
ADRBK1_TCTCAAAGGTCACCTCGCCC,ADRBK1,943,568,370
ADRBK1_CTCCTCATAGAATTCCACCA,ADRBK1,1276,630,898
ADRBK1_GAAGTACGAGAAGCTGGAGA,ADRBK1,162,159,89
ADRBK1_TGGCACTCTTCGAGAAGGGC,ADRBK1,224,327,153
ADRBK1_GGGTGCCGGAAGGCTGACAC,ADRBK1,22,269,1177
ADRBK2_TTTGTCGACTTCTGCAAAGG,ADRBK2,674,405,506
ADRBK2_ACACGGTGTGTTCTCTGAGA,ADRBK2,606,128,212
ADRBK2_CTCCCGAGGTGCTGCAGAAG,ADRBK2,4779,1059,592
ADRBK2_GCTGAAGCAAGCCCTCCAAA,ADRBK2,965,594,79
ADRBK2_AAGCAACTTGGCCACGAAGA,ADRBK2,1248,444,457
ADRBK2_GCACGGGTACATGCTGAAAC,ADRBK2,1731,1023,1488
ADRM1_GGACAGGACGTCCGGGAACG,ADRM1,358,71,54
ADRM1_TGACGACTGTGAGTTCAAGC,ADRM1,748,94,122
ADRM1_TTCGTGGCCGCTGCTTCCGC,ADRM1,802,186,163
ADRM1_ATGCAGCTCATCGGACCAGC,ADRM1,743,214,289
ADRM1_CCCAGTAAGCTGGCCAGGCC,ADRM1,1029,492,344
ADRM1_CCACGATGAACGTACCAGCC,ADRM1,1554,360,1148
ADSL_TGCCTCCCGCTATGCCAGCC,ADSL,517,259,565
ADSL_GGAGAACATCGACTTCAAGA,ADSL,252,137,106
ADSL_GAAACCTAATGTGGGTAGAC,ADSL,155,61,102
ADSL_CCTGGCAAACCTCAAGGAGA,ADSL,303,138,40
ADSL_GCAGCAACGTTCTGAACGCA,ADSL,1002,670,718
ADSL_TAGACGGATCTGTTTGGCCG,ADSL,970,261,553
ADSS_CCTTTCTAGGACTAGAAGGC,ADSS,89,56,25
ADSSL1_GGACCCGAGCCTCCAACGAC,ADSSL1,1031,58,140
ADSSL1_AACTAGGGTGACGCTGGGAG,ADSSL1,1123,100,381
ADSSL1_CTTGGTGTTGATGATGCCGC,ADSSL1,906,30,99
ADSSL1_CTGTCTCTCATGCAGGCAAC,ADSSL1,1013,60,187
ADSSL1_CAGTGGGAAACGTACCAAGG,ADSSL1,2118,145,338
ADSSL1_CCTGAAGTCCGTCGACAGCC,ADSSL1,488,552,836
ADTRP_GGCAAACACAGGATACACCC,ADTRP,1105,15,40
ADTRP_CTATGGCTCTACTTTGAGAC,ADTRP,918,421,397
ADTRP_CCAGCATTGCTTACATCAGC,ADTRP,1667,403,705
ADTRP_CCAGCCAGGAAGCTTTAGGC,ADTRP,610,1627,888
ADTRP_GGGTTTGACATCTACCAGCC,ADTRP,129,35,0
AEBP1_GCAAGCCAGGGAAGCGGCCA,AEBP1,260,100,80
AEBP1_GGTGCTCCCGTGCCTCCACA,AEBP1,1,16,20
AEBP1_ACTACAATGACCAGATCGAG,AEBP1,368,248,208
AEBP1_TTCGGCGCCAGAAGCAACCC,AEBP1,1175,221,265
AEBP1_CGACAAGTGGGCAGTGGAGA,AEBP1,1648,514,481
AEBP1_CGGCCGGCTCAACATGCAGG,AEBP1,2695,618,313
AEBP2_GGCCGCCGCTATCACCGACA,AEBP2,981,144,208
AEBP2_GGAGAGTAGCGCCGAGAGCC,AEBP2,429,165,237
AEBP2_GAGACCCGCTCGTTGAGCCC,AEBP2,130,9,68
AEBP2_TGCTGGAGTTGAACGCCCAC,AEBP2,452,322,360
AEBP2_ATACATGTAGATGGTCAGCG,AEBP2,489,220,573
AEBP2_TGCCGCAGAAGAGGTTGAAG,AEBP2,1265,565,821
AEN_CCTCACCATCCCAAATGCCA,AEN,822,79,401
AEN_CCAAGGATGTGCTTCGGAAG,AEN,4424,719,552
AEN_GGTGGACATACTTGAGCGCC,AEN,0,34,12
AEN_CCAAACTTCCTCAGCGAGCC,AEN,3249,1169,824
AEN_AGCCATGGAGCTCTACCGGC,AEN,318,0,0
AEN_TCAGGCACAATCCTACACAA,AEN,2541,1190,751
AES_GAAGACAAGAACGGGCACGA,AES,724,391,342
AES_GATAGAGTTCAGCTCGGGAG,AES,410,78,0
AES_CCTCTTGGGAGAGGTAGGGC,AES,55,24,37
AES_GCTGAACGGGATTTGTGCCC,AES,1,17,28
AES_CGTCCAGGTCGTGCCACAGC,AES,2904,746,478
AES_CACGACCTGGACGCGTGCCA,AES,2585,447,333
AFAP1_AGTTCCAAATCAGAGGCCAA,AFAP1,374,84,225
AFAP1_GGAGGACACTCTGAATCCAC,AFAP1,224,74,9
AFAP1_CTCTGGACGGCGAGAACAAG,AFAP1,1223,675,523
AFAP1_CGCAGAGCAACTTGGTCCAC,AFAP1,2421,493,590
AFAP1_ATAATAACCTTCTGGGAGGG,AFAP1,92,142,388
AFAP1_GGGACCTTGACTCACCAGCC,AFAP1,232,32,90
AFAP1L1_GCTGGCGGCTAACCTGGAAG,AFAP1L1,1197,242,212
AFAP1L1_AAAGAGGGATTCCACGAAGC,AFAP1L1,645,175,222
AFAP1L1_TGACTCACGTTTCTCAGGCG,AFAP1L1,1537,217,582
AFAP1L1_CTTGCCGGGTCCCAGAGGAA,AFAP1L1,2176,263,130
AFAP1L1_CTTAAGCTCGCCGTTCACCC,AFAP1L1,1505,261,162
AFAP1L1_ACGAGCTGCGTTTCACCCAG,AFAP1L1,1719,445,395
AFAP1L2_TGAAGGAAACCAGTACACCC,AFAP1L2,746,35,157
AFAP1L2_GGGCCTGCAGAGCAAGGACC,AFAP1L2,64,48,32
AFAP1L2_CTTCCTTGCAGAGGACGGAG,AFAP1L2,284,209,614
AFAP1L2_CCAAAGACGGAGTCTCCAGA,AFAP1L2,583,112,152
AFAP1L2_GAACGGAGTTTCTTGGAGGC,AFAP1L2,1396,68,92
AFAP1L2_AAAGCCGGAGGAGCTCCGCC,AFAP1L2,371,46,9
AFF1_GAGTCAACAGCAGTGGCAAC,AFF1,457,166,90
AFF1_CCTGCTTCGAATTAGAGAGA,AFF1,1696,606,267
AFF1_AGGATCGCCTTGGTCAGGAG,AFF1,2243,174,389
AFF1_TGATGCCACTGGTTCTGGAA,AFF1,1467,142,509
AFF1_CTGTGCTTCTTCCCTGCGGG,AFF1,415,249,207
AFF1_AGCAGACCTTCACATGAGGG,AFF1,620,67,179
AFF2_TAGCACTGTACTGGCAAGCC,AFF2,1863,1300,1357
AFF2_CCGCTGGCTTGCACTGCAGG,AFF2,2,85,62
AFF2_CTCAACCAACAAGTGGCAAC,AFF2,2290,1095,798
AFF2_CCACTGACATTTCTGCGGCG,AFF2,574,135,255
AFF2_GGTGGCAGTAGCTGTGACAG,AFF2,1079,80,14
AFF2_GCCACATTCAGTGAAGGAGA,AFF2,396,150,118
AFF3_CTCCAGGCTCCAACGGCCAC,AFF3,960,354,97
AFF3_ACTGTTGCCATTAGGTCGGC,AFF3,371,89,75
AFF3_GCTCGCTCTGTTGTTGCCAC,AFF3,526,100,279
AFF3_CCGTCCTTCAGGAGATGACC,AFF3,550,209,321
AFF3_CTCAGGACCTTGCTTGGAGA,AFF3,1016,375,257
AFF3_TGCTACAGATAGACGAGGGC,AFF3,1276,658,329
AFF4_CAGAGCATGGCTCTCGGAAG,AFF4,795,72,276
AFF4_GCTGCTAGCCAAGTCTACAG,AFF4,282,260,395
AFF4_GATGATTCTAGTAGCCACAG,AFF4,337,100,88
AFF4_TGCCGAGGAGTACACCAGGA,AFF4,1277,707,588
AFF4_TGTGCGGCCCATGGACGGAC,AFF4,197,53,284
AFF4_CGGAATCAGGAAATTCAGCA,AFF4,1056,941,1115
AFG3L2_CTGGAACAAGGAGCGGGAAA,AFG3L2,1478,522,271
AFG3L2_TCCATCATCCCACGTGGCAA,AFG3L2,919,29,84
AFG3L2_CATCGATGAAGAGGATGCAA,AFG3L2,12,0,0
AFG3L2_TGTCGGAGAAACCACTGCCA,AFG3L2,525,71,37
AFG3L2_CGTCCCATGGAATGTCACCC,AFG3L2,1303,283,66
AFG3L2_AGGTAGGACTCACCGTCCGG,AFG3L2,243,48,46
AFM_ATCCCGAGGTTGTGTGGGCA,AFM,1273,439,230
AFM_TATCCCGAGGTTGTGTGGGC,AFM,501,166,53
AFM_TCGGGATCCAGGGTAGGGAA,AFM,947,374,339
AFMID_CAGCCGATGGGTTGTCCGAC,AFMID,2505,771,768
AFMID_AGTATCCTCCGTGAAAGAAC,AFMID,374,174,205
AFMID_GCCGTAAGCCACTATTACCA,AFMID,1763,602,482
AFMID_ACGCAACGCTGCGGGTCACC,AFMID,468,160,184
AFMID_CATGCTTGGTCCAGTCGGCC,AFMID,783,118,264
AFMID_CACGACCACCAGCACACGGC,AFMID,1474,310,851
AFP_ACTGCAATTGAGAAACCCAC,AFP,190,160,121
AFP_ATGCTGCAAACTGACCACGC,AFP,1964,385,220
AFP_ACATTGACCACGTTCCAGCG,AFP,4057,1826,2294
AFP_CTCACTGAGTTGGCAACAAG,AFP,3416,300,799
AFP_ATTGGCCTGTGGCGAGGGAG,AFP,407,64,0
AFP_ATGCTGCCAAGGCCAGGAAC,AFP,967,314,190
AFTPH_ATTGATGGCATGGAAAGACC,AFTPH,35,112,137
AFTPH_GACAGCTTTATTAAACCGCC,AFTPH,131,83,74
AFTPH_CAGGATATCCATGATGCACA,AFTPH,1128,87,135
AFTPH_GGGTATGTTAGAGCCCACCA,AFTPH,941,204,155
AFTPH_CCTTGATTTCTTTGGGCCCG,AFTPH,1006,372,609
AFTPH_AGTCACTTTGAGGCTTGAGG,AFTPH,286,56,40
AGA_AGTTTATTGCAAGCAGCACC,AGA,129,135,143
AGA_TATTGATGCGCTTCCTGCCA,AGA,3,21,27
AGA_GCTGCTGGTACATCTACAAA,AGA,3410,814,825
AGA_TCCTGCTTTAAGATACCAGG,AGA,369,174,168
AGA_ACCACCTGGTATCTTAAAGC,AGA,281,206,179
AGA_TTCGGTGGTCAGGGATGGCG,AGA,2700,140,441
AGAP1_CTACCGCATCTCCGTGACCA,AGAP1,3085,872,363
AGAP1_CCTTCGTGAACAGCCAGGAA,AGAP1,2821,973,978
AGAP1_GCAAGTCTGCCCTGGTGCAC,AGAP1,1208,375,395
AGAP1_CCATAAGTTCTGCTAACCCG,AGAP1,3311,537,771
AGAP1_GCGCGGAACAGACGGAGGAA,AGAP1,2567,522,600
AGAP1_CGTGCGGACAGCATTGGGAG,AGAP1,2156,1010,1321
AGAP2_TGTGGATCGGGTCTTCCAGG,AGAP2,403,143,224
AGAP2_GCAGCTGAGTTCCCTTCGCG,AGAP2,2588,585,368
AGAP2_ACATCTGGTGCTAATCCGAG,AGAP2,1510,132,173
AGAP2_GGCGCAGTTCAGGAATGGAG,AGAP2,633,43,72
AGAP2_GGCACGAACGTCTCTTCCAC,AGAP2,218,0,0
AGAP2_ACGACATGAGGTGGCCAAGC,AGAP2,939,674,221
AGAP3_CGAAGCCATGAACTTCCAGG,AGAP3,445,348,188
AGAP3_AGTCGCAGACGCTGTGGGCG,AGAP3,1200,566,452
AGAP3_TGGTGCACCGCTATCTGACG,AGAP3,1020,674,500
AGAP3_CAACGCCAGCGAGGTGCCCA,AGAP3,415,218,75
AGAP3_CTGCTGTCGTCGATAACCCG,AGAP3,3128,756,864
AGBL1_AGACCCTGGTAGACACAGCG,AGBL1,2981,683,562
AGBL1_GGCTCCATTAATTCCCAGCA,AGBL1,1044,358,332
AGBL1_AGTCCTGGTGCAGCCCGAGC,AGBL1,951,318,375
AGBL1_TGGTCTTGACCGACCTGAAG,AGBL1,824,739,743
AGBL1_TTTGGAGCCTAGATGCACAG,AGBL1,1743,525,713
AGBL1_ATGCACGAGACTACCTACCA,AGBL1,1948,106,111
AGBL2_TCTGACAGTTCTCTCTCAGA,AGBL2,187,94,104
AGBL2_TACCTTTGGCGGGTCCACCC,AGBL2,298,0,35
AGBL2_TATTCTTACGACTGTGGCCA,AGBL2,475,129,133
AGBL2_GGTTGTTTGCCACTGACAGG,AGBL2,375,65,111
AGBL2_TCCAGAGTGGGAGGCAAACG,AGBL2,3455,593,838
AGBL2_TTTGGAAACGCACCTAAAGC,AGBL2,432,153,176
AGBL3_GCCACGTCTTCGTGAACCAA,AGBL3,186,407,119
AGBL3_CTGGTCCATTGAGCCCAACA,AGBL3,1610,818,868
AGBL3_GAGCCAGTGTATATCCCAAC,AGBL3,519,401,162
AGBL3_CAAGTCACTAATATGCGAGC,AGBL3,821,253,223
AGBL3_CAGAGTAGATCCACAGAAGG,AGBL3,2062,703,657
AGBL3_TCATTTCAGCACGAAAGACC,AGBL3,821,429,524
AGBL4_CCCTCATCATTTGTGTGCCA,AGBL4,1813,941,661
AGBL4_AAGGGCCACGCCTACTCACC,AGBL4,469,185,260
AGBL4_TTACTTCTTTCGGGAGCAGC,AGBL4,554,171,112
AGBL4_GAGTCTCTATAGAGATGGGA,AGBL4,138,86,41
AGBL4_TAACCTGGGCCGGGTGGACC,AGBL4,423,144,111
AGBL4_TATTGTGGACAGCCCAAGAA,AGBL4,903,356,373
AGBL5_GAATCTAGCCCACGTGGAGA,AGBL5,669,84,72
AGBL5_TCTCGAATGCGTTCCCAGCG,AGBL5,999,215,327
AGBL5_GGTGGTTCTCCGGAAAGCGC,AGBL5,97,102,20
AGBL5_CATTCCGTTTCGCAGGCAAG,AGBL5,1039,526,385
AGBL5_TAAGCAGTAGAGTACACCCA,AGBL5,1109,248,324
AGBL5_AGTTCAGACGAGAGTGCACA,AGBL5,1099,191,233
AGER_TATCTGTGAAGGAACAGACC,AGER,671,75,92
AGER_CACCCTTCTCATTAGGCACC,AGER,202,96,45
AGER_TCTGCCTCTGAACTCACGGC,AGER,195,0,1
AGER_TCCGGTGCCAGGCAATGAAC,AGER,1305,408,608
AGER_CCAGTTTCCATTCCAGCCGC,AGER,1034,157,179
AGER_CCGGAACAGCAGTTGGAGCC,AGER,1197,591,339
AGFG1_AGCACTTTCGGTTGTGCGGG,AGFG1,530,324,228
AGFG1_GAGGATTAAATCCACCACAC,AGFG1,12,102,196
AGFG1_CCTTGAGAACGACCTACAAC,AGFG1,820,283,173
AGFG1_AGTATACGCATTACTGGAGG,AGFG1,547,104,99
AGFG1_CACATACCTCCAAATGGAGC,AGFG1,744,191,139
AGFG1_ACCAATGCCAGAGGAGCAAC,AGFG1,631,139,286
AGFG2_CCCTCCCGGTCACTCACAGG,AGFG2,390,168,110
AGFG2_ATTGACTTGACACGATGAGG,AGFG2,151,64,75
AGFG2_ATCACCCAGAAGTGTCCGAA,AGFG2,318,86,241
AGFG2_ACGCTCGGACATCCCAGGCC,AGFG2,1440,489,732
AGFG2_AGTTGGCTGGGCCTGGAACG,AGFG2,2054,302,233
AGFG2_GCCAAACAGCCTCGCAGACG,AGFG2,1107,227,100
AGGF1_GCTGGCCCAGCTAAGGCGGA,AGGF1,176,76,48
AGGF1_GGCCCAGCTAAGGCGGAAGG,AGGF1,1136,163,317
AGGF1_ACTGCGGAGCTGCAAGCGGC,AGGF1,446,175,21
AGK_ACTATCAGGATGAATCACGC,AGK,325,476,475
AGK_CCGGGATAAGCAAAGTGCAC,AGK,1119,224,241
AGL_CTTCGAAACTTTGCTGAACC,AGL,1829,802,742
AGL_TGTACCTCAGCTACGTGAAG,AGL,956,172,158
AGL_TGGCATTAAAGGCCTCAAAC,AGL,668,261,411
AGL_TGTGCTAGTGGAAGTACAAG,AGL,532,162,179
AGL_TCATCAGGAGCTTGGAGCCA,AGL,2772,580,1000
AGL_GGTGCTATGACATACCAAAC,AGL,1140,403,513
AGMAT_CACATAGCATCTCAAACAGC,AGMAT,853,399,419
AGMAT_TCACCAGAAAGATCATACGG,AGMAT,3081,626,354
AGMAT_TGGATCCTGCCTATGCGCCA,AGMAT,186,114,79
AGMAT_GACCCTCATCCACACACCGG,AGMAT,838,12,113
AGMAT_GATTCTTCCCGGATGCGGCG,AGMAT,488,127,133
AGMAT_TTGGAGGTCCCAGTATCCAG,AGMAT,1045,73,31
AGMO_ACTACATTCTGGGCCACACC,AGMO,1116,228,129
AGMO_GCCAAAGTCAACTCCTAAGA,AGMO,508,311,186
AGMO_CAAGTCCATGGAGAATCCCA,AGMO,483,24,52
AGMO_GCTTTAACGTCAATCTCAGC,AGMO,19,160,85
AGMO_AAAGCATCATCCAGGCGACC,AGMO,1102,208,101
AGMO_TGCTTGAACTTGTTGTCAGC,AGMO,1290,470,343
AGO1_CTCCGCACGGGTATATGGGA,AGO1,278,134,172
AGO1_CTACGAGGTGGACATCAAGC,AGO1,778,143,373
AGO1_CCTTACCCGTTCGTTGCCAA,AGO1,4066,1304,1118
AGO1_CAGGGATCTGGCCGCTGACC,AGO1,1020,158,243
AGO1_TGAGGGCTACTACCACCCGC,AGO1,692,122,120
AGO1_TCAGCGCGTTCGCTTCACCA,AGO1,1639,503,597
AGO2_TTTGGTGACTGGCGGGCCGC,AGO2,363,50,27
AGO2_TGCTCTAACCCTCTTGGCGG,AGO2,649,1,57
AGO2_TAACGCCTGCAAGCTCACGC,AGO2,763,49,80
AGO2_CTTGTCCCTCCCAATCGGAA,AGO2,2271,107,173
AGO2_TCAAGCCAGAGAAGTGCCCG,AGO2,5232,167,241
AGO2_GCCACCATGTACTCGGGAGC,AGO2,831,12,38
AGO3_TGAATGGAAATCGGCTCCGC,AGO3,319,239,611
AGO3_AGTGTCCTAGGAGAGTGAAC,AGO3,128,99,117
AGO3_ACTTCCTGTGGCAACTACAG,AGO3,1140,234,263
AGO3_GACATCTGCCCTCCATGAAG,AGO3,1117,183,250
AGO3_GATATGACCACCCTCTGGGA,AGO3,1,45,0
AGO3_ACAGTAGCAACACCGAGCCA,AGO3,2091,404,538
AGO4_AACGGCCTCGTAGAGTCAAC,AGO4,92,9,19
AGO4_ACATCCACTACCAATTGGAC,AGO4,1391,275,314
AGO4_GGGTGGTAGTAACCTTCCGG,AGO4,168,0,0
AGO4_TTCTTGTCCCACTTGGAGAC,AGO4,901,544,417
AGO4_AAGATCTGCTCCTGACAGAC,AGO4,809,301,337
AGO4_CAATGCTGCAATATGGAGGC,AGO4,338,368,229
AGPAT1_GAAATCTCCACTGATGGCCG,AGPAT1,113,55,213
AGPAT1_CCAAGACTTCTACTGCAAGA,AGPAT1,2045,1182,1262
AGPAT1_GCCACGTTTGAAGGGCAGCA,AGPAT1,662,377,541
AGPAT1_CAGGAGTCATCTTCATCGAC,AGPAT1,302,91,134
AGPAT1_ACAACATAGGGCTGCGAGGG,AGPAT1,1028,910,320
AGPAT1_CTCGACGTTGCGTCCTCGCA,AGPAT1,956,219,124
AGPAT2_CGTGGTCTGGGCTACTGGGC,AGPAT2,380,537,294
AGPAT2_GAGAAGGAAGAGTACACCAC,AGPAT2,286,87,127
AGPAT2_GAGGGTACTCGCAACGACAA,AGPAT2,199,231,125
AGPAT2_GGAAGGACCTCCATGAGGCC,AGPAT2,156,123,52
AGPAT2_TGGAGACGATGACACAGGGA,AGPAT2,763,120,241
AGPAT2_TGGCGTAGAACTCGGCCGCG,AGPAT2,302,141,60
AGPAT3_GGCTCCAGAGTGAGTAGGCG,AGPAT3,819,354,278
AGPAT3_ACTGTTCACGGACCAGGCCA,AGPAT3,649,410,294
AGPAT3_TTGTGTTCTGCAAGCGGAAG,AGPAT3,1972,543,671
AGPAT3_GACCAAGCACCGCGTTAGCA,AGPAT3,980,224,171
AGPAT3_CTACGGGAAGAAGTACGAGG,AGPAT3,1186,266,382
AGPAT3_AGACATCCCGCTGGATGAAA,AGPAT3,1162,161,133
AGPAT4_CCTTTGCAGGAGGATCCCAC,AGPAT4,103,47,241
AGPAT4_TCACCTGTTGCCACGAACCA,AGPAT4,1904,709,752
AGPAT4_CCTATGTCCCAATTATCGGC,AGPAT4,482,0,45
AGPAT4_GCATGCAAGCTACGTGCAAG,AGPAT4,479,128,340
AGPAT4_ACAGCCCAAAGCGTTCGGAC,AGPAT4,557,94,40
AGPAT4_TAAAGACGTAGCAGAAGACC,AGPAT4,510,97,149
AGPAT5_CAGCGTCGTGCTCCTGGGCA,AGPAT5,2252,309,529
AGPAT5_CGCCCGCTTCTACCAAGCGC,AGPAT5,808,487,196
AGPAT5_CGTCCAGCGCTTGGTAGAAG,AGPAT5,1669,677,527
AGPAT5_TGCGCTACGTGCTGAAAGAA,AGPAT5,2318,690,719
AGPAT5_TTGCAGAGCTACGTGGACGC,AGPAT5,1339,697,431
AGPAT6_GCTACCTTGAGAATGGAGCG,AGPAT6,799,222,577
AGPAT6_CCCACAGGACCGTGAGCCGA,AGPAT6,819,431,280
AGPAT6_GGATAGCACTGGCTTTCACA,AGPAT6,314,142,100
AGPAT6_CTTAGGTGGGTCAAGTGCAC,AGPAT6,797,78,177
AGPAT6_TTAGGTGGGTCAAGTGCACG,AGPAT6,639,345,295
AGPAT6_GGCTCTAAACTTACCACAGC,AGPAT6,115,37,14
AGPAT9_AGAGACACTCCGAAGACCGA,AGPAT9,132,190,288
AGPAT9_ACTGATCCCAATGAAAGCCA,AGPAT9,513,60,122
AGPAT9_GCTGGTTATAGGAACTACAC,AGPAT9,176,45,102
AGPAT9_AGATCCGGCAGCAAGTCAGA,AGPAT9,458,103,114
AGPAT9_ATGCTACTTCTAGGTTGGCC,AGPAT9,513,40,41
AGPAT9_CTGCTTACCTCTTAGTAACC,AGPAT9,651,647,764
AGPS_CTACGGGTCTGCAGCGGACC,AGPS,761,404,262
AGPS_TTGACAGCTCATGTAGAGGC,AGPS,1006,190,186
AGPS_AGTTCAGTACTGTAGGAGGA,AGPS,675,132,246
AGPS_CAAGGACCTCGTATGTCAAC,AGPS,818,129,196
AGPS_GGGAGCCTGTCACATCACCA,AGPS,756,169,137
AGPS_TGCTTCCGTAACTTGCCCAC,AGPS,539,210,140
AGR2_TCGGCTCTAACTGTCAGAGA,AGR2,610,188,190
AGR2_GCTGACTCCTACCTCTGGAG,AGR2,252,46,135
AGR2_CTGACTCCTACCTCTGGAGA,AGR2,1240,385,301
AGRN_GGAGATCCTCAACGTGGACC,AGRN,93,165,109
AGRN_CCTGGTTGTCACAGATGAGG,AGRN,1520,246,122
AGRN_TCAGGAGGCGTCGGAGGCAC,AGRN,1264,149,78
AGRN_GAGGCGTCCGACCCACACAC,AGRN,434,203,250
AGRN_GACATTCTCCTGGCGGGCGC,AGRN,288,29,59
AGRN_CGGAGCGCACTTTCTGCAGG,AGRN,441,40,18
AGRP_CTTCTGCTACTGCCGCAAGC,AGRP,250,199,209
AGRP_TTACGCAGCGACGTGAGGAG,AGRP,1468,79,157
AGRP_ACGCAGCGACGTGAGGAGCG,AGRP,589,253,99
AGRP_GAAGAAGACAACTGCAGAAC,AGRP,821,95,95
AGRP_CACCCTTGCTCACACTGACC,AGRP,1926,221,447
AGRP_TGCCACGCGAGGAGCCCAGA,AGRP,790,330,306
AGT_TGCTCAGCGGGTTGGCCACG,AGT,1450,686,422
AGT_GAGCAATGACCGCATCAGGG,AGT,507,256,295
AGT_CTATGCCTCTGACCTGGACA,AGT,568,36,87
AGT_TCTGTGAAGTCCAGAGAGCG,AGT,1925,401,366
AGT_TACTCTCATTGTGGATGACG,AGT,807,114,225
AGTPBP1_TCGCTGTTCTTTAAGTGGAG,AGTPBP1,1172,318,267
AGTPBP1_TGTTGTTCCTACGGCAGGCG,AGTPBP1,1374,522,682
AGTPBP1_AGACTGGAGGTATTGACAAG,AGTPBP1,1489,741,775
AGTPBP1_TGATCTTCTCCAGTTGAGCC,AGTPBP1,551,284,336
AGTPBP1_CGTAGGACTCCTGGCTCAAC,AGTPBP1,774,1055,859
AGTPBP1_ACGTTGCCCGGGATGCGGAC,AGTPBP1,699,189,520
AGTR1_GGTAATTGCCAAAGGGCCAG,AGTR1,69,0,0
AGTR1_TCATTGGGTGAACAATAGCC,AGTR1,45,223,263
AGTR1_AAGCATTGTGCGTCGAAGGC,AGTR1,201,169,214
AGTR2_AAGCCCGAAGTGAAGACCGC,AGTR2,846,308,239
AGTR2_GGAGTAAATCAGCCACAGCG,AGTR2,2520,781,642
AGTR2_CATTGGGCATATTTCTCAGG,AGTR2,742,128,233
AGTR2_CATCCAGGAAGGTCAGAACA,AGTR2,1477,645,255
AGTR2_AGCTGTTGGTGAATCCCAAG,AGTR2,1627,622,764
AGTRAP_GCCTGCTGTGAACCTGAAGG,AGTRAP,326,63,83
AGTRAP_AACTTCGAAGTGCAGCGCAC,AGTRAP,690,33,43
AGTRAP_CTCCATCGACGCCATAAGCA,AGTRAP,3565,749,867
AGTRAP_TGTCCGTGAGGCTGACCCGC,AGTRAP,1444,98,141
AGTRAP_CCACATGTACCGGGAGCGCG,AGTRAP,1918,332,616
AGTRAP_TCCGTCTCTTGGACCTAAGA,AGTRAP,958,291,379
AGXT_GATGATCGGGTCCATGAGCA,AGXT,277,39,139
AGXT_AGGCTCCAGCACATTGACCA,AGXT,1331,445,790
AGXT_CACCCGATGACCAAGGACCC,AGXT,2039,395,127
AGXT_GCTGCTGTTCTTAACCCACG,AGXT,1314,258,225
AGXT_TTGCCGGTCCATGTAAAGGG,AGXT,1023,599,386
AGXT_CCTGTACTCGGGCTCCCAGA,AGXT,167,110,224
AGXT2_GGAGTTGTCCAGTACCCAAA,AGXT2,894,297,253
AGXT2_CACTTCCTGATTGTTTGCAC,AGXT2,1154,404,240
AGXT2_GGTTGGCAACCTGTCCCACC,AGXT2,500,101,86
AGXT2_AGCTGGCCATGCTGATGGCC,AGXT2,282,256,37
AGXT2_TGGAAATATGCCGTCACCAC,AGXT2,1307,411,241
AGXT2_AGCGGAAGTGACCAGGCACA,AGXT2,2551,374,194
AHCTF1_TCAGGTGTATGGTTGAAGCC,AHCTF1,616,117,222
AHCTF1_TCCCTGATTGCAGAGGGAAG,AHCTF1,694,61,57
AHCTF1_TGTGGAACACACGCCAACAC,AHCTF1,1035,171,144
AHCY_CAACGAGAACGCCGTGGAGA,AHCY,3706,758,1384
AHCY_CATCTGGCACCTACCGGCCA,AHCY,561,112,66
AHCY_TCCCGCATACGCATCAGGCC,AHCY,1905,513,341
AHCY_TCCCGTAGCCGACATCGGCC,AHCY,723,303,21
AHCYL1_CGTCACCAAGGCGCCCAAGA,AHCYL1,4012,748,1021
AHCYL1_AGCAGGCAGAATTTGGACGC,AHCYL1,1052,170,91
AHCYL1_ACTCAGGAAACGTGCTCAGG,AHCYL1,27,78,12
AHCYL1_AGATGTTACAAGCAGACCAG,AHCYL1,666,98,136
AHCYL1_TATTGACCGCTGTGTGAACA,AHCYL1,879,240,192
AHCYL1_CTGTATCAGCTCTCCAAAGC,AHCYL1,4364,930,843
AHCYL2_TGCCGCCAAGGTGCCTGAGG,AHCYL2,450,218,98
AHCYL2_TGCACTATGGAGAAGTGGGA,AHCYL2,1261,335,364
AHCYL2_CAGTACACCAGAATGAAAGC,AHCYL2,1492,476,394
AHCYL2_TGATGATGAGACATCGCCCA,AHCYL2,363,130,157
AHCYL2_GGAGGGCTGGCAGCCAAACA,AHCYL2,482,515,420
AHCYL2_CTGTACCAACTGTCCAAAGC,AHCYL2,1722,708,471
AHDC1_GCAGTGGAAGCCTTGGCCAA,AHDC1,927,236,349
AHDC1_CACCAACCGGCTGATTGAAC,AHDC1,1685,1995,1147
AHDC1_GGTGGTAGGTGAGCGGGCCA,AHDC1,139,217,206
AHDC1_CCTCACCATGGGCACCCAGG,AHDC1,201,69,34
AHDC1_TGGCCTATCAGTGCGCCGCA,AHDC1,1496,639,545
AHDC1_TGGCAAGGACTGGTGGGCGC,AHDC1,2428,183,521
AHI1_CAGTTTGGTTTCACTCAGAC,AHI1,497,601,495
AHI1_TTCTTCAGTTGCCCAGCAGG,AHI1,160,350,190
AHI1_TAGCAGCAGCTTGTGCCAGC,AHI1,495,344,15
AHI1_TGGTGACGTTCACAATGCAC,AHI1,364,179,128
AHI1_GACTACACAAGACCTGAAAC,AHI1,3049,567,820
AHI1_TGATTCTACCCAACAGAACC,AHI1,1152,271,144
AHNAK_ACAGGACTGTAGAAGCGGCC,AHNAK,414,53,124
AHNAK_CTGGTGCTGGAGACGGCGAG,AHNAK,935,637,385
AHNAK_TCAGGTCCGAAGTTAGAAGG,AHNAK,804,296,159
AHNAK_TCTGGCCAGGCTCGGGAGAG,AHNAK,1589,771,554
AHNAK_CCTGAAGCTGCACCGCAAGG,AHNAK,1448,808,529
AHNAK_ACGGGCTGACCATCGCCCAG,AHNAK,941,40,236
AHNAK2_CAATCCATAAAGAGCAAGCG,AHNAK2,348,54,242
AHNAK2_GCTTCCAGCGATGCCCAGCA,AHNAK2,105,749,699
AHNAK2_CAGCAGAACCTTGCCTGCCG,AHNAK2,244,243,226
AHNAK2_TCAGTCGTGTATTCGTAGAC,AHNAK2,831,389,523
AHNAK2_GGTCGAATGCCCTCATCCGC,AHNAK2,393,115,95
AHNAK2_GATGTGCGACTGCTTCCACA,AHNAK2,79,98,71
AHR_TCACCTACGCCAGTCGCAAG,AHR,2558,7406,8396
AHR_CCTACGCCAGTCGCAAGCGG,AHR,2409,9487,9052
AHR_AATTTCAGCGTCAGCTACAC,AHR,441,802,870
AHR_ATACAACACAGCTTCTCCAG,AHR,702,1304,1176
AHR_TACCACATCCACTCTAAGCA,AHR,424,5741,5900
AHR_GAGAGAGTCCTTGCTTAGAG,AHR,1130,1639,2419
AHRR_CGGGATCATCGTCCTCGGCC,AHRR,1131,112,303
AHRR_GGTCCAACTCGGCGTTGAGG,AHRR,307,119,182
AHRR_CTCTGTTGTATGCCCAGGAC,AHRR,3533,1047,837
AHRR_GACAGCTGTCTCCGGGCGAG,AHRR,840,55,65
AHRR_CTCTGGTCGTGAGTGCAGAA,AHRR,1791,967,1148
AHRR_ACTTCTGCCGGCAGCTCCAC,AHRR,179,36,90
AHSA1_CGCCGCGATAGGAGAGCCGA,AHSA1,364,366,503
AHSA1_CTGGACAGGTAAGTCTAAGC,AHSA1,540,424,436
AHSA1_TTGTAGGTAAGATCATGCCC,AHSA1,750,135,148
AHSA1_CTCCTCTGGTGACGTCAGGA,AHSA1,1488,547,335
AHSA1_GCAACATTAGAAGCAGACAG,AHSA1,1419,1090,626
AHSA1_GAGGTTTAAATCTTGGCCAG,AHSA1,1226,132,49
AHSA2_AACGAAAGCTATGGCAACCC,AHSA2,870,400,205
AHSA2_CATCATGTGAAGAGCCACAG,AHSA2,1241,457,859
AHSG_GGTTGTCTATAAATCAGCCC,AHSG,54,294,158
AHSG_ATCTCAAACAGCTCTCCGGA,AHSG,367,81,68
AHSG_CACGCTGCATCTTGCCACAG,AHSG,2636,906,803
AHSG_ATAGTCATCTGTACCTGGAC,AHSG,330,146,154
AHSG_TCTTTACCACAAGCTGAGCC,AHSG,9,54,89
AHSG_GAGGAGCTGCCAGTAACACA,AHSG,772,133,167
AHSP_CATCAACTATTACAGGCAGC,AHSP,369,369,366
AICDA_GAACTTTCAAAGCCTGGGAA,AICDA,477,162,139
AICDA_CATGATGGCTATTTGCACCC,AICDA,994,469,148
AICDA_TCTCCAGAACGGCTGCCACG,AICDA,16,6,40
AICDA_CACGCCGACCCTTAGCCCAG,AICDA,1543,940,506
AICDA_ACAGCCTCTTGATGAACCGG,AICDA,1242,335,184
AICDA_CTCTGGACACCACTATGGAC,AICDA,1772,277,395
AIF1L_TGTCGGGCGAGCTCAGCAAC,AIF1L,2473,433,670
AIF1L_GGAGGCTGGCCGAGATCAAC,AIF1L,1098,126,223
AIF1L_GAGGCTGGCCGAGATCAACC,AIF1L,528,148,90
AIF1L_AGGAGCAAGGGTTCGCCAGA,AIF1L,16,256,341
AIF1L_TCCTCAGTACTGTGCAGGGA,AIF1L,1109,376,293
AIF1L_CAATGTCTCTCTCTGGAGGG,AIF1L,1374,330,167
AIFM1_CTGTCTGCCATTGATAGGGC,AIFM1,1131,225,127
AIFM1_ACTGTACCAGGTAGTACAGC,AIFM1,1,54,98
AIFM1_CTGCGATTCAAACAGTGGAA,AIFM1,1699,352,207
AIFM1_GGCCTACAAGACTATGAAAG,AIFM1,1725,13,54
AIFM1_TAGGCAACTTGTTCCAGCGA,AIFM1,873,0,55
AIFM1_AATGTTCCGGTGTGGAGGCC,AIFM1,848,214,47
AIFM2_AGTGAACGAGCACCTCCAGG,AIFM2,169,0,96
AIFM2_ATCAAAGTGCAGACGGACAA,AIFM2,863,384,493
AIFM2_TTCACTTCCTGCCGGACGGA,AIFM2,22,6,32
AIFM2_CCACGATGAACCGTGAGCGC,AIFM2,1837,224,74
AIFM2_TCATTAAACTTGCCCGGGAA,AIFM2,1122,249,289
AIFM2_CACATTACCTGTCTCCACGG,AIFM2,1656,202,456
AIFM3_AAGCAGCCGCCCATGGCGAG,AIFM3,382,95,129
AIFM3_CATTGCCCTGGTAGGCCCGG,AIFM3,1120,90,303
AIFM3_AGTGCGGACACTTATGGCCC,AIFM3,1001,471,201
AIFM3_TTCCCAGGCGTTCTGTCCCG,AIFM3,1311,344,157
AIFM3_AGGCCCTACAGCTGCAGCGA,AIFM3,1433,50,287
AIFM3_CGACCGTCCCAAGCTCAGCA,AIFM3,2313,1929,1611
AIG1_ACCAGACCTACGGAGGGAGC,AIG1,946,12,77
AIG1_AGTCTTCTGACTCGAGGAAG,AIG1,694,195,97
AIG1_ATTCCGTGATTCAGCCACCC,AIG1,713,154,96
AIG1_CGCACCATCAGTATCCCAGC,AIG1,1502,221,361
AIG1_GATTACGTGCCTTGCCAAGA,AIG1,769,207,305
AIM1_TACCAAAGGGCAGCTCCGAG,AIM1,906,251,398
AIM1_TTGATTTCCGGCATCACCAG,AIM1,1277,247,266
AIM1_AGCAGAGTCTGATAAGCCAG,AIM1,353,183,11
AIM1_AATGCAGAAGCCGAAGACAG,AIM1,1807,181,383
AIM1_AAGTCTTGCAGAGTTTCAGG,AIM1,505,66,43
AIM1_CATCCCATTGCAGACAGACA,AIM1,1254,535,524
AIM1L_TTAAGCCCAGACTCTTACCC,AIM1L,1440,116,196
AIM1L_GAGGCCTTGAAGAATTCCCA,AIM1L,282,27,50
AIM1L_AGGCATCGGCTCCCTAAGGA,AIM1L,997,464,321
AIM1L_TACCCTTATGGAGGCTACGG,AIM1L,206,18,7
AIM1L_ATATCTCCAGGTCAGCGGCC,AIM1L,357,39,46
AIM1L_CTTGTAGTGGATGGAGCAGG,AIM1L,939,47,56
AIM2_GGAGATGTTTCATGCTACAG,AIM2,184,393,142
AIM2_TTCACGTTTGAGACCCAAGA,AIM2,619,365,179
AIM2_GAAACAGATGGTGGCCCAGC,AIM2,0,67,74
AIMP1_CACATGAAGCGGAGGACCAC,AIMP1,1246,102,356
AIMP1_ACGTCACTCACATGAAGCGG,AIMP1,1331,691,405
AIMP1_ACGACGTCACTCACATGAAG,AIMP1,1740,500,749
AIMP1_GCTCAAACCATGAGCAACAG,AIMP1,179,138,98
AIMP2_GACTTTAACCACCAATGCGC,AIMP2,807,139,213
AIMP2_CCCAGCTGATAGTCTTGGCG,AIMP2,447,26,35
AIMP2_AGTTCATTCCCAGCGAGCCA,AIMP2,127,171,212
AIMP2_TGAACTCACCGTAGCAGACG,AIMP2,1228,594,350
AIP_CGTGTGATACAGGAAGGCCG,AIP,2108,719,771
AIP_CCTTGATGTCACAGAGGAAC,AIP,599,732,649
AIP_CGTCCAGGTCAGCATGGCCC,AIP,878,357,605
AIP_TTATCCACCAGGAGGGCAAC,AIP,561,700,568
AIP_CAACTACTGCCAGTGCAAGC,AIP,656,594,1123
AIP_GCACTTTGGCAAAGTCAGCC,AIP,214,81,173
AIPL1_GGCCTACTACGTGCGTGCCC,AIPL1,76,17,54
AIPL1_GATATTCTCCGGCACCACCC,AIPL1,444,26,112
AIPL1_GGGAAATCGGCTCTTCAAGC,AIPL1,883,205,150
AIPL1_CACGCTGGGCTACGAGGACC,AIPL1,827,132,325
AIPL1_CCATGAAATGTGATGAGGAG,AIPL1,2128,423,445
AIPL1_GGGACCCTGTCTGCTCCGGA,AIPL1,291,16,0
AIRE_TGCGGTGCAGCCTCAGAAGC,AIRE,1867,470,598
AIRE_GCTGTTCAAGGACTACAACC,AIRE,1321,295,340
AIRE_ATGTGGACCTCAGCCAGCCC,AIRE,334,166,188
AIRE_CAGCGCCTTCCACTCGGGAA,AIRE,1720,280,223
AIRE_TCTCTGGACTGAAGCTGACA,AIRE,442,63,39
AIRE_ATGCACTTCTTGGAGCCGCC,AIRE,33,207,168
AJAP1_ACAGCTCCATGTCCATCCGC,AJAP1,1032,163,93
AJAP1_CGGTCTCCATCCTACAAACA,AJAP1,3009,1323,1273
AJAP1_ATCTGATGGACAGCCAGACC,AJAP1,1079,159,736
AJAP1_TATGACCATGATGAGGGAGA,AJAP1,674,0,0
AJAP1_GACGCTGCACTCGACGACGG,AJAP1,1608,263,548
AJAP1_AAGATGCCGATCAGAAGAGG,AJAP1,417,40,66
AJUBA_GCTCAGATATAGTTGGCAGG,AJUBA,590,128,131
AJUBA_GAGGGTGATATCCATGGACC,AJUBA,454,15,0
AJUBA_CCAGACATACTGACCTCAGA,AJUBA,1248,208,239
AJUBA_GAGCCAGATCCTACAAGCAA,AJUBA,1638,703,735
AJUBA_AGCTTTGCTTCGCCTGACGG,AJUBA,859,412,684
AJUBA_TTGTACGCTCAGCGGCCCGC,AJUBA,790,319,347
AK1_GCTACTTTAGGGCGTCCAGG,AK1,190,148,168
AK1_GAAACGTGGCATTGTGCGCA,AK1,1305,853,766
AK1_AGGAGAAGAGTTTGAGCGAC,AK1,137,90,36
AK1_AGCTGACCTCGGACCGCAGG,AK1,149,22,73
AK1_TCAGATCGTCTTCTCTGCGG,AK1,248,11,56
AK1_ACTCGAGGAGCAGCAGCCCA,AK1,298,252,76
AK3_TGTAGTGATGCGCGACGACA,AK3,918,404,344
AK5_CAAGGAGTATCTGGCCCGGA,AK5,1305,159,218
AK5_ATACTAGGTGGTCCAGGAAG,AK5,1068,155,380
AK5_ATTTCCAAGAGATGTTGCCC,AK5,422,2,58
AK5_CATCGCGGTCGGCATCAAAC,AK5,481,321,246
AK5_CCTTCGATGATATTGGACAC,AK5,495,421,369
AK5_CATTATGGAACGTGGAGACC,AK5,955,460,861
AK7_AACCAGCGCGGCTCCCACCA,AK7,1978,411,283
AK7_AAGTCCCGGAGGCTCTGGCC,AK7,447,114,124
AK7_CACTGAGAGCTCACAGCAAA,AK7,2210,756,784
AK7_TTGGGCGCGCTCCAAAGCCC,AK7,1223,136,59
AK7_TGCTGGACTCCAGTATGGAG,AK7,1296,194,261
AK7_ACCCTGCTAGATCAAGAACA,AK7,1277,340,745
AK8_TGGTAGAAGACGTCCACACA,AK8,998,404,527
AK8_TCTGGAGCACTCAGCACAAC,AK8,1417,1130,826
AK8_CATCCCTGAGACGCGTGAGC,AK8,64,35,40
AK8_CCAGCTGATTCAGGAACGCC,AK8,1151,185,256
AK8_ATACGGCCACCGAAGCCAGA,AK8,276,383,59
AK8_GCAAGTGCTGGATCATGAAG,AK8,1765,221,249
AK9_TTTCCCACGATATCCAGAAG,AK9,1097,266,330
AK9_GCCTATCGAGGAAACTACAG,AK9,752,266,271
AK9_GGTAACTGCAGATCATCCAG,AK9,104,14,61
AK9_GGAGTTTGGAGTATTCCCAA,AK9,466,174,163
AK9_GGTGGAAGCAGATAGGGACG,AK9,181,264,94
AK9_CCCGTTACATAACACAGGCA,AK9,2166,1125,1017
AKAP1_CCTTGGCACCCTGCTGAAGG,AKAP1,722,127,200
AKAP1_GGCAGGCTCCAACCCTAAGA,AKAP1,457,169,120
AKAP1_CGGTCGGCTAATTGGCAAGC,AKAP1,1190,601,746
AKAP1_TACCTCTGTTACTCTCAGCC,AKAP1,158,40,231
AKAP1_ATTCGATACGTGGACTACGG,AKAP1,1327,266,128
AKAP1_CCTCAGCTGTTACCTGACAG,AKAP1,917,137,302
AKAP10_ATTCATCTCCTCGAACCGAA,AKAP10,205,175,110
AKAP10_CAACTCCATTACGTCAGGCC,AKAP10,782,557,491
AKAP10_GATTTGTGGAGAAGATGGAC,AKAP10,124,23,5
AKAP10_ATTCATGGAACTTCGGCGAA,AKAP10,741,240,192
AKAP10_GGCTGTCCTGCTACTTGAAA,AKAP10,1637,911,340
AKAP10_TTTCCGCCGGAAGAAGGACA,AKAP10,414,94,124
AKAP11_CCTCTATGGATGACACAGAC,AKAP11,595,266,190
AKAP11_GAGAATCCGGAGCATCACAC,AKAP11,556,103,379
AKAP11_CTTGATGCCTTCACTGGGCG,AKAP11,2438,465,675
AKAP11_TTCACTTGTGAACTTGGCAC,AKAP11,700,125,139
AKAP11_TCAAACTTGTGAAAGGACCC,AKAP11,1991,479,400
AKAP12_ACGCCCGTACCTTGGTGGCG,AKAP12,456,377,382
AKAP12_TCAAGGAGCCCTAAACAGCC,AKAP12,318,17,102
AKAP12_CCCTTAGGACCGGCCCGAGA,AKAP12,1389,597,492
AKAP12_CCAAGAACATGATCCAGGGC,AKAP12,2007,127,185
AKAP12_CGACACGGTCGTTAGTGAGG,AKAP12,300,1180,433
AKAP13_GAGTACTTGTACAGTGACGG,AKAP13,614,135,72
AKAP13_GCACTTACTCGGTTAGAAGC,AKAP13,1295,125,222
AKAP13_AATGCAAGTGAAGACTCAGC,AKAP13,620,11,63
AKAP13_TACTGATGCCACTTACCGCC,AKAP13,0,164,107
AKAP13_TCCACGTCGCCTGGGTCAGC,AKAP13,296,194,67
AKAP13_CAGAGTACTGCACACCAGAG,AKAP13,1957,742,578
AKAP14_ACCACTCCAGCATGGTACAC,AKAP14,1294,140,83
AKAP14_CTTCCTTTGTAGACCAGGAA,AKAP14,674,470,550
AKAP2_TCCTCTTCGGCAGTTCCAGC,AKAP2,582,69,128
AKAP2_CAGGAGGCGGCAGTCTGAAG,AKAP2,1463,276,186
AKAP2_CTTGATAGTCATGTCTGGGC,AKAP2,721,106,131
AKAP2_TCGGGAAGAACACCGTGAGC,AKAP2,1685,104,357
AKAP2_CGATTAACATGGAGGAGACC,AKAP2,725,98,136
AKAP2_AGCAGGGATCTATGCCAACC,AKAP2,610,404,190
AKAP3_CAAAGGATGCAGTGTGGGCG,AKAP3,2114,479,181
AKAP3_TGATGCTTCGTTGGCAGAGC,AKAP3,914,256,157
AKAP3_TGCCACCATCCTACTGAAGA,AKAP3,2665,1694,744
AKAP3_AGAGGTTTCGAGGGCAGGAA,AKAP3,1004,537,597
AKAP3_TCCTGGAGACAACCAAGCCC,AKAP3,1165,191,269
AKAP4_TGTAGGAGGTCTTCTTCAAG,AKAP4,1335,335,398
AKAP4_ATATAGCCCATGGTGGAACC,AKAP4,774,274,287
AKAP4_GCTGCTAGTTCCAGCTCAGA,AKAP4,650,235,220
AKAP4_GACTGGTTACGCAGCCACAG,AKAP4,1732,640,741
AKAP4_TGACTGGTTACGCAGCCACA,AKAP4,765,349,356
AKAP4_GGCGTACTCTGATACTACAA,AKAP4,591,432,419
AKAP5_AGGAAGTGTCCACAAGAAGC,AKAP5,429,195,202
AKAP5_AAGACGTTTGAGTGAGGCCC,AKAP5,342,5,27
AKAP6_GGCTACTGATGCTTCACCCA,AKAP6,668,494,561
AKAP6_CAAGGTCTGCAGGACGCCAA,AKAP6,545,73,35
AKAP6_GCCACACAAGACCTCAGAAG,AKAP6,1056,393,698
AKAP6_AGCTGCAGAGGCAAATCAAA,AKAP6,1302,517,337
AKAP6_AGCATAGTTGAACCTCAGCC,AKAP6,363,267,462
AKAP6_CTCTCCTGAAAGTGGAAGCC,AKAP6,915,806,842
AKAP7_CTCACATTCTTACGGAGCCA,AKAP7,1967,699,512
AKAP7_GATATACCCAGTTGGTCAAG,AKAP7,556,104,104
AKAP7_AGTAAGGCTCAGTAAGAGGC,AKAP7,167,95,164
AKAP7_AGCTTTGCATCGAGAAACGA,AKAP7,597,274,370
AKAP7_GACTCAGGCCAGAATTAGGA,AKAP7,559,39,42
AKAP8_TGGACCACAATCACAACCGC,AKAP8,1126,639,538
AKAP8_GCTTGGTGCTTATGAACCGC,AKAP8,596,108,197
AKAP8_TCGGACCAGATGGCACGGGC,AKAP8,1495,156,265
AKAP8_AGTCATAGGACTCGAACGGC,AKAP8,124,138,192
AKAP8_GAAGGGCTTACCTTGCCAGC,AKAP8,138,69,95
AKAP8_AACACAAACCTCCGTAGCCC,AKAP8,186,15,47
AKAP8L_AGGCACCGAGGCTGTGGAGA,AKAP8L,608,213,340
AKAP8L_AGATAGCAAAGCCACCCGCA,AKAP8L,1774,384,350
AKAP8L_TGCCAAACCCGAAACCAAAG,AKAP8L,1153,815,341
AKAP8L_CATTTCCCAAGAGTGTGAAG,AKAP8L,695,106,155
AKAP8L_ATCACAGGTGGGCTGAGCGC,AKAP8L,694,320,44
AKAP8L_CCCGCCACCATGAGCTACAC,AKAP8L,2929,781,895
AKAP9_TGGGACTGAAGGACTGCAGC,AKAP9,86,167,213
AKAP9_AACACGGCATAAGGGAGAAA,AKAP9,1627,267,350
AKAP9_GCAAGCACATATGCGGCAAA,AKAP9,1785,386,1033
AKAP9_CAACAGCAGTACGCAAACAC,AKAP9,3821,1004,1277
AKAP9_TCACAACGACTTGTGAGGAG,AKAP9,879,127,253
AKAP9_ACGAGATGCCATAGACAGAA,AKAP9,1398,539,481
AKIP1_CCAAGAGGAGGGCGGTGGAC,AKIP1,1435,111,139
AKIP1_CATGCCCTGGAGCGTCCCAA,AKIP1,372,118,86
AKIP1_GGTTCATGGAGTTGCAACGG,AKIP1,488,287,544
AKIP1_ACTCCATGAACCAGTTGACA,AKIP1,1465,523,812
AKIP1_TTCTGGACAAAGCGTGGACC,AKIP1,845,238,460
AKIP1_AACATCACACAGGGAAGACC,AKIP1,781,352,192
AKIRIN1_GCGGCCCATGGAGTTCGAGG,AKIRIN1,1029,64,259
AKIRIN2_GGGAGGAGACGTCGCCGAAG,AKIRIN2,308,27,55
AKIRIN2_TCGGAGATACTTCTGCGGCG,AKIRIN2,820,90,71
AKIRIN2_TTTCGACCCGCTGTTGAGCC,AKIRIN2,574,34,178
AKIRIN2_CAGAGTGGCTCCGCACGCCA,AKIRIN2,219,0,28
AKNA_ACCTCCACATTTACGTGCAA,AKNA,1988,439,666
AKNA_AGCAAGAGCCTGAGCCGCCC,AKNA,263,21,6
AKNA_GGGCATGCTGGTAAGCGAGG,AKNA,1488,148,202
AKNA_GCCCAACCACAGCATCCACA,AKNA,716,365,172
AKNA_CCCATCCGTTGAACTCAGCC,AKNA,3069,896,423
AKNA_GCTCGGAGACTGAGATCCGC,AKNA,127,18,85
AKNAD1_TTTCCTGCAGGCTCTTCGGG,AKNAD1,258,12,0
AKNAD1_TTCAAGGAGCCTGCGACAGA,AKNAD1,819,187,206
AKNAD1_CCTGAGCCTCGAGGCCCAGA,AKNAD1,351,123,127
AKNAD1_TGTGAGTTCTCCAGTTACCC,AKNAD1,489,225,351
AKNAD1_ACACACGACTTATAAGCAGG,AKNAD1,373,99,111
AKNAD1_CACGCTGAAACCCTGGGCGG,AKNAD1,610,0,100
AKR1A1_TCCTGTGTTCTACTGCACAC,AKR1A1,1786,346,371
AKR1A1_CTGAAGGAGGACGTGGGACC,AKR1A1,801,265,162
AKR1A1_GGTCAGCCAGAGTCTTCCGG,AKR1A1,13,13,1
AKR1A1_CTGCAAGACAGCTGGACGCA,AKR1A1,2003,602,985
AKR1A1_ATTGCCCACTGCCAAGCACG,AKR1A1,966,115,208
AKR1A1_GGATGCAGATCACTTTCCGC,AKR1A1,1175,272,487
AKR1B1_ACGGTCAGCAACACCTGAAG,AKR1B1,506,379,496
AKR1B1_TCTGTAGGCCATGGAAGAGC,AKR1B1,1113,213,306
AKR1B1_ACTGCTCTGTCTTTCCAGCC,AKR1B1,2,245,259
AKR1B1_TCTTGGCGCCGTTGTTGAGC,AKR1B1,466,44,44
AKR1B1_AGCCGTCTCCTGCTCAACAA,AKR1B1,837,653,271
AKR1C3_TAGTGGATCTCTGTACCACC,AKR1C3,28,80,58
AKR1C3_GATCTCAACGAGACAAACGA,AKR1C3,165,260,122
AKR1C4_TTTGGTAGTGGCGTCTCACC,AKR1C4,277,29,120
AKR1CL1_TCCAGGGTTCTTCCTGAGAG,AKR1CL1,814,266,319
AKR1CL1_TGGTTCACCCGGCCCTAGAA,AKR1CL1,773,293,348
AKR1CL1_TCGGGCAGAATTGGTTCACC,AKR1CL1,934,348,425
AKR1CL1_ATCAGCGATCTTCTCCCAAA,AKR1CL1,925,310,179
AKR1D1_TACAGTCAGGTTCTCCACAA,AKR1D1,1456,125,150
AKR1D1_AACCTTCACCGATGTTGCAC,AKR1D1,836,139,53
AKR1D1_AGAGATGGTCCGCCCAACCC,AKR1D1,1035,253,157
AKR1D1_TGGTCCGCCCAACCCTGGAG,AKR1D1,1753,510,647
AKR1D1_GACATTTACTCTACAGGCGA,AKR1D1,323,107,217
AKR1D1_TTGGCTGGGTGAAATACGGA,AKR1D1,1519,438,249
AKR1E2_CACGGCTGGGATATCTCCCA,AKR1E2,440,66,225
AKR1E2_ATCCGTTGCAAGATCAAGGA,AKR1E2,604,258,274
AKR1E2_ATGATCCATTCTGGATGAGG,AKR1E2,365,114,236
AKR1E2_CCCGATGTTCTTCACCAGCC,AKR1E2,3753,1231,1366
AKR1E2_CCTTACCACGAGCCACCAAG,AKR1E2,1290,496,925
AKR1E2_TAGACAACCCTGTGATCAAG,AKR1E2,431,144,162
AKR7A2_GGCCATTGCGTTGGTGGAGA,AKR7A2,525,521,438
AKR7A2_CCAACGCAATGGCCTCGAAG,AKR7A2,1112,399,612
AKR7A2_GCGCTCCAGAAAGGCGCGCA,AKR7A2,403,17,170
AKR7A2_GCGGGAGACTACGCGAGACG,AKR7A2,47,4,4
AKT1_GCTCCCACTCACTGTGAGGA,AKT1,694,150,216
AKT1_GGGCAAGGGCACTTTCGGCA,AKT1,1243,176,97
AKT1_TGTCACTGGGTGAGCCCGAC,AKT1,836,306,291
AKT1_GAAGGTGCGTTCGATGACAG,AKT1,901,145,192
AKT1_AGGTGCCATCATTCTTGAGG,AKT1,431,68,76
AKT1_GACGTGGCTATTGTGAAGGA,AKT1,1368,394,211
AKT1S1_CTGGTGTTAAGCCGCGGCCG,AKT1S1,1744,96,659
AKT1S1_CGGTCCAGGTCGGGCGAAGA,AKT1S1,2249,360,278
AKT1S1_CTCGTTGTCCTCTCTGGCCA,AKT1S1,1410,587,973
AKT1S1_TGCCCATGGTCGAGGAGCCC,AKT1S1,1314,364,261
AKT1S1_TCACGTGCCCGTAGCCAGCA,AKT1S1,2179,467,446
AKT1S1_TTTGAGGGCGGTGACGGCGC,AKT1S1,595,40,17
AKT2_GGCAACTCACAGTGAGGAAC,AKT2,660,110,74
AKT2_CGCCATGAAGATCCTGCGGA,AKT2,1127,201,90
AKT2_CGCCAACAGCCTCAAGCAGC,AKT2,158,71,285
AKT2_ACGTGGATTCTCCAGACGAG,AKT2,1055,199,409
AKT2_AGGAGCCGTCGCTCTTCAGC,AKT2,219,143,110
AKT2_GAGGTGTCTGTCATCAAAGA,AKT2,696,180,285
AKT3_CATCATCTGGTCCTCCACCA,AKT3,1585,476,117
AKT3_ACTATGGCCGAGCAGTAGAC,AKT3,1245,120,156
AKT3_ACACCCGCTCTCTCGACAAA,AKT3,2356,645,593
AKT3_TTTCCATTTGTCGAGAGAGC,AKT3,756,250,159
AKT3_TTGGTTCGAGAGAAGGCAAG,AKT3,525,174,151
AKT3_AAGAAGGTTGGGTTCAGAAG,AKT3,1644,68,87
ALAD_ATACCCTCATCCCTTAGGAC,ALAD,1049,224,124
ALAD_CCGGAAAGGGCCATAGAAAC,ALAD,2360,696,528
ALAD_GGACATGATGGATGGACGCG,ALAD,785,143,206
ALAD_GGAAGGTCTTCCTCAACAGA,ALAD,174,134,101
ALAD_CGTAGGCCCTCTTCCACCAA,ALAD,2327,986,644
ALAD_TCCACCCACTACTTCGGGCC,ALAD,1237,346,395
ALAS1_ACTTACTCTCACTGGCCGGA,ALAS1,304,74,90
ALAS1_CCTGGCTTGTGGCAGGCAAG,ALAS1,591,746,586
ALAS1_TAGGAATGAGTCGCCACCCA,ALAS1,1211,109,117
ALAS1_AGAGTGCGGCATCTTTCCCA,ALAS1,283,70,80
ALAS1_ACATCACACAGCTCTTCCAG,ALAS1,1173,400,427
ALAS1_CCTGAAGAGCGCTGAGGGAC,ALAS1,1315,95,1088
ALAS2_ATCCAAGGTATCCGTAACAG,ALAS2,1307,536,506
ALAS2_CAGCGTCATGGTGCTGGAGC,ALAS2,816,460,491
ALAS2_GGTTCACAGTCTTGAACACA,ALAS2,1051,184,66
ALAS2_TCCTTAGGCTGACTGAGACC,ALAS2,1488,158,500
ALAS2_CCGACAGCATGAAGGGACAG,ALAS2,2601,457,341
ALAS2_GCAGGACTTTAGGTTCAAGA,ALAS2,806,361,702
ALB_TTTAGCTCGGCTTATTCCAG,ALB,377,86,61
ALB_TAATACCTTTGGCAACAGGC,ALB,255,107,263
ALB_TGAACTTCGGGATGAAGGGA,ALB,508,207,290
ALB_GCTAATGAAGGCAAGTCAGC,ALB,657,132,117
ALB_GGCACAGCACTTCTCTAGAG,ALB,1258,245,269
ALB_ACTCACATAGTCTTCTGCAC,ALB,783,163,136
ALCAM_GGAGGAATATGGAATCCAAG,ALCAM,587,136,115
ALCAM_TGAGGTACGTCAAGTCGGCA,ALCAM,726,683,550
ALCAM_TCCATAATATGTCACCGAGC,ALCAM,649,401,510
ALCAM_GATGTGAGGCGCAATGCAAC,ALCAM,264,231,242
ALCAM_GCAGATATTGTGCATGACAC,ALCAM,1771,501,301
ALCAM_CTGCGAAACTGCTCTGCAGG,ALCAM,193,0,3
ALDH16A1_AGGTGAAGATCTCGCGGGCG,ALDH16A1,1188,328,445
ALDH16A1_GCCACTATGTGAATGGGAAG,ALDH16A1,774,146,240
ALDH16A1_AAGGGCTGGAGTGCGCACCC,ALDH16A1,707,139,86
ALDH16A1_GCTGTTCGAGAGGTTCGAGA,ALDH16A1,267,90,129
ALDH16A1_CATTTACCCACAGCCAGGGC,ALDH16A1,323,89,88
ALDH16A1_CATTCAGGATTCCCGGGAAG,ALDH16A1,671,139,201
ALDH18A1_TGATAGCCTGGCTGCCCGAC,ALDH18A1,892,1298,185
ALDH18A1_TCCATGATGAGCAGAAGCGC,ALDH18A1,1260,163,279
ALDH18A1_ACTCTGTCCGGCAGCTGCAC,ALDH18A1,534,80,67
ALDH18A1_GCGCAAGCGTTGTTTGCCAA,ALDH18A1,1290,516,656
ALDH18A1_GGTGAAGCTCGGCAGTGCCG,ALDH18A1,166,30,64
ALDH18A1_GACGGTTGTACACTTGACCC,ALDH18A1,728,78,19
ALDH1A1_TGAGATGCGCATTGCCAAAG,ALDH1A1,1283,547,625
ALDH1A1_GCTGTTGAATTTGCACACCA,ALDH1A1,1755,507,293
ALDH1A1_CCTGCTGTAGGCCCATAACC,ALDH1A1,3398,772,1184
ALDH1A1_CAATTGGTATTGTACGGCCC,ALDH1A1,1,203,177
ALDH1A1_ACTATGGATGCTTCCGAGAG,ALDH1A1,1450,210,270
ALDH1A1_TTCAAATCGGTGAGTAGGAC,ALDH1A1,777,471,549
ALDH1A2_ATCTTGGAACTCATCCAGAG,ALDH1A2,1266,641,780
ALDH1A2_CTTGATTGAAGAACACACCC,ALDH1A2,868,369,156
ALDH1A2_AAGCTTATCCAAGAAGCAGC,ALDH1A2,677,132,144
ALDH1A2_TTAGGCTGGCTTTCCTCCCG,ALDH1A2,2515,239,358
ALDH1A2_GCTTGCAGACTTGGTGGAAC,ALDH1A2,925,641,679
ALDH1A2_TCGAGATTGGGCGTGGGCGA,ALDH1A2,380,187,252
ALDH1A3_TTTCGCGGGACGTCTCGGGC,ALDH1A3,863,188,128
ALDH1A3_TCGGGAGCAAATATGTGAAG,ALDH1A3,1175,409,459
ALDH1A3_AGTGCATGTACTCACGGCCA,ALDH1A3,1076,200,330
ALDH1A3_CATCTTGTTATTGCAGGCCC,ALDH1A3,944,357,53
ALDH1A3_ACAACGTCGTGTGCTTCACC,ALDH1A3,300,43,48
ALDH1A3_TCTCGGCTCTCTGATCAAAG,ALDH1A3,1573,333,404
ALDH1B1_TGCTGCCGAGGAGTAGCGGG,ALDH1B1,123,159,195
ALDH1B1_GAGGCATCCATCCGGCGCCA,ALDH1B1,93,99,128
ALDH1B1_TCCAACCCTGCATGACCAAG,ALDH1B1,1109,345,250
ALDH1B1_GGGTGGTGAACATCATCACG,ALDH1B1,511,47,148
ALDH1B1_CGAAACGCTCTCCGCCACAG,ALDH1B1,4807,1376,1335
ALDH1L1_GCTGGTGAAGAATATTCAGC,ALDH1L1,226,59,236
ALDH1L1_ATCCCAGGAGCCCATCGGCC,ALDH1L1,470,20,172
ALDH1L1_CCATTCACAACTGGATCCGC,ALDH1L1,1308,107,103
ALDH1L1_ACCATCATCCGCCCAGAAGA,ALDH1L1,1782,395,339
ALDH1L1_TAGATGATGGAGCCATGCCG,ALDH1L1,265,99,252
ALDH1L1_CATTGGCTCACTCACCCAGG,ALDH1L1,530,125,183
ALDH1L2_ACCCGCTGATGATGCTGGCA,ALDH1L2,562,146,121
ALDH1L2_CTCTCCTTATCTTACCCGAG,ALDH1L2,1036,366,477
ALDH1L2_TTTGTGTAGGTCATCTGGGC,ALDH1L2,601,230,98
ALDH1L2_TCCTGAAGGAATCAAGGCCA,ALDH1L2,459,125,125
ALDH1L2_CTATAGCCACCTCCGCAAAG,ALDH1L2,3559,1386,1588
ALDH1L2_CTCTCCAGCATGCTGCGGCG,ALDH1L2,998,231,112
ALDH2_GCCCGAGGTCTTCTGCAACC,ALDH2,1211,301,167
ALDH2_ACACGTAAACGCTCTTGGGC,ALDH2,0,1,14
ALDH2_AATGGCACGATGCCGTCAGC,ALDH2,339,445,124
ALDH2_CCGCATGGACGCATCACACA,ALDH2,2795,1214,2075
ALDH2_TTCTCAGGCCTTGGAGACCC,ALDH2,813,46,105
ALDH2_GCTGGGCTGATAAGTACCAC,ALDH2,1335,124,102
ALDH3A1_GAGAACATGTAGAGGGCCAG,ALDH3A1,116,135,26
ALDH3A1_GGGCCTGATTGAGGGCCAGA,ALDH3A1,0,40,64
ALDH3A1_CAATTTGGTTCTGGATCGAG,ALDH3A1,424,199,263
ALDH3A1_TATCCTGTACACGGGCAGCA,ALDH3A1,492,388,391
ALDH3A1_AGTTCCAGGTGCCAATGACG,ALDH3A1,937,314,481
ALDH3A1_GATCCGGAACTGCAGCGGAC,ALDH3A1,903,410,647
ALDH3A2_CACGCGTGCGTACCTTGCAC,ALDH3A2,308,80,135
ALDH3A2_TGGCTGAATGGTGAGAACGA,ALDH3A2,1521,639,620
ALDH3A2_TCTCCCTCAGTATTTAGACC,ALDH3A2,756,208,228
ALDH3A2_CTGTGACTCTTGAACTGGGA,ALDH3A2,680,249,290
ALDH3A2_GACTCACCCACTCCTCCAAA,ALDH3A2,1463,541,652
ALDH3A2_TACCCAGGAAAGTGAGCAAC,ALDH3A2,600,299,144
ALDH3B1_TCTGCACGACGCACTGGCCC,ALDH3B1,575,170,521
ALDH3B1_GGTTGCCATCAGCCAGGGCG,ALDH3B1,269,161,414
ALDH3B1_CGAGCGTGTGCCCAAGAACC,ALDH3B1,3361,283,512
ALDH3B1_CTATCCGCTGAACCTGACGC,ALDH3B1,687,103,39
ALDH3B1_CGTCGAGAAGATCCTGGCCG,ALDH3B1,2223,1125,946
ALDH3B1_TCAGCACCCGCTTGACCACC,ALDH3B1,1322,323,293
ALDH3B2_CGGGTGGGACGCTCACAGGA,ALDH3B2,624,420,384
ALDH3B2_AATCAGCCAGGGCACAGAGA,ALDH3B2,308,269,119
ALDH3B2_AAGCCGTCAGAAATCAGCCA,ALDH3B2,1501,353,374
ALDH4A1_ACGTGGAGAGCGTGGTGAGC,ALDH4A1,737,202,513
ALDH4A1_GACAGCATAGCTGGCCAGCA,ALDH4A1,348,111,89
ALDH4A1_AATCGGCGGCAACCTGGCGG,ALDH4A1,226,245,127
ALDH4A1_TGCCAAGTATGCGGTGGAGC,ALDH4A1,1486,536,600
ALDH4A1_ACCTGAAGCCTATTGCAGAC,ALDH4A1,1323,492,442
ALDH4A1_CTCGTTGGCCACCTTCAGGG,ALDH4A1,857,131,153
ALDH5A1_AGCCTCGTAGGCAGCGCGCA,ALDH5A1,774,228,50
ALDH5A1_GGAGTTCATTACTTCGGAAG,ALDH5A1,319,135,237
ALDH5A1_AAGCCACTGAAGGAGGCACA,ALDH5A1,472,171,36
ALDH5A1_CAGTGCCATGATCACCCGGA,ALDH5A1,568,271,313
ALDH5A1_CACCTGAAGGAATCCCAGCC,ALDH5A1,504,476,447
ALDH5A1_AGTATTTGACAGTGCCAACG,ALDH5A1,1242,546,540
ALDH6A1_GGCTCCATTGGTGGTGAAGA,ALDH6A1,1328,365,206
ALDH6A1_TTTGTGGGATCCAACAAGGC,ALDH6A1,382,163,185
ALDH6A1_TTGGATGTTTCCCATGGCCA,ALDH6A1,830,293,276
ALDH6A1_TCGGGTCCCTCAGGCCACCA,ALDH6A1,837,207,304
ALDH6A1_TGCTGAATACCAGGTGGGAC,ALDH6A1,2199,447,246
ALDH6A1_CATGGCGGCGCTATTGGCGG,ALDH6A1,1275,612,575
ALDH7A1_CATTAGGTTATGGATCGCCC,ALDH7A1,668,44,42
ALDH7A1_AGGAGATACTCACGGTCCCA,ALDH7A1,8,0,0
ALDH7A1_TCAGGCGCGGTGTTAAGCCC,ALDH7A1,608,203,207
ALDH7A1_CGGTGTTAAGCCCTGGGCAA,ALDH7A1,776,317,306
ALDH7A1_AAGGCGCCACATACTGAGCC,ALDH7A1,35,52,113
ALDH7A1_AGGCGCCACATACTGAGCCC,ALDH7A1,769,17,0
ALDH8A1_AGAGCACCTATGCTCACCAG,ALDH8A1,517,174,157
ALDH8A1_CATCTTTGAGGACGCCAACC,ALDH8A1,1701,351,273
ALDH8A1_TGCAAACTCCTGGATAAAGC,ALDH8A1,2449,758,857
ALDH8A1_CCGTGTAGTGCATGCAGCCC,ALDH8A1,1135,849,377
ALDH8A1_GCTCCAGCAAATCCGCCACC,ALDH8A1,680,51,287
ALDH8A1_GATTCTTACGACCCATCAAC,ALDH8A1,385,25,88
ALDH9A1_CAACTATAACGTCAGCCCAG,ALDH9A1,829,215,151
ALDH9A1_AAGTGGTGAAACAGACCCAA,ALDH9A1,197,42,54
ALDH9A1_TGCACCACATTGAAGAGCCC,ALDH9A1,440,169,388
ALDH9A1_CAAACGATCCACCTGGGAGC,ALDH9A1,0,60,95
ALDH9A1_TCTGCTTTACCCAAAGGAAC,ALDH9A1,634,307,256
ALDH9A1_GCCGCTCAATTACCGCGGCG,ALDH9A1,245,185,56
ALDOA_CTGTCTCCTGCCCGCACCAG,ALDOA,2243,2,0
ALDOA_GAGGATCTCAGGCTCCACGA,ALDOA,601,0,0
ALDOA_TTCTGAGTGCAAGCATGGCC,ALDOA,686,51,211
ALDOA_GCAAGGCTGTTGGCCTAAGC,ALDOA,995,200,312
ALDOB_GAGGTGGCAGCATCTTACCA,ALDOB,978,284,267
ALDOB_ACGGTGGAGAGCTGTTACGG,ALDOB,2964,454,949
ALDOB_AGATGCTGGCGTAGCGAGCC,ALDOB,329,214,330
ALDOB_TATCCACAGTTAGACCAAGG,ALDOB,81,136,129
ALDOB_CCTCTACCAGAAGGACAGCC,ALDOB,331,313,191
ALDOB_CTACAGATTCATCTGCAGCC,ALDOB,350,380,300
ALDOC_TGTACACAGCAGCCAAGACC,ALDOC,1331,197,179
ALDOC_CTCTGCTCTTGCCTGCAGAA,ALDOC,1559,709,479
ALDOC_CACGTTGGCGTTCTCCAGAA,ALDOC,903,174,290
ALDOC_CTTCCTCTACAGGTTGACAA,ALDOC,977,215,350
ALDOC_CCCTAGGCAGCATGGCCAAG,ALDOC,1855,323,365
ALDOC_TGCCCTGCGGATTGTAGCCC,ALDOC,1418,266,82
ALG1_GGCCCGGCATGTAGTAGCGG,ALG1,2254,0,19
ALG1_GCATGGCCAACGACAGCGCG,ALG1,541,16,10
ALG1_TGACGAGCTTGCTTCCACAA,ALG1,2167,33,15
ALG1_CCCTCGTTCTGCTGGCCAAG,ALG1,1972,195,178
ALG1_TGGTAACACACAGGTTCAGG,ALG1,437,12,0
ALG1_GCATAGCATTGGTAACACAC,ALG1,1237,26,65
ALG11_GGAAGATGGCGGCCGGCGAA,ALG11,276,20,0
ALG11_ATCCTTGCACACAATTCGGG,ALG11,544,0,32
ALG11_GACATTGTGGTTCCTCACGA,ALG11,525,81,44
ALG12_AGTAGAAGTACCACAGCAGC,ALG12,486,70,42
ALG12_GCTCACTTGGCCGGAAGGAA,ALG12,896,53,117
ALG12_AGAAACCTTTCGGTTGCCCA,ALG12,451,101,44
ALG12_GCAGCTACGTACCTACAGGC,ALG12,660,259,393
ALG12_AGCGAAAGCACGTAAACCGC,ALG12,373,131,83
ALG12_TGGTGTAGGGACAGATGACC,ALG12,1520,235,68
ALG13_CGCAATGAGGTCGTCAAAGC,ALG13,1695,20,29
ALG13_GCAAATTGGTAGAGGAACGG,ALG13,1343,44,10
ALG13_TCCATTGACTGTAACAGCCC,ALG13,955,0,65
ALG13_GCTCCGAAATGGCCCGAAAG,ALG13,1589,574,530
ALG13_GGAACGGTTGGGAGATCCCA,ALG13,3,56,0
ALG13_AATGCTATGCCCAGTCGGAA,ALG13,919,148,399
ALG14_TCCTAGTATCCCAAGGAGAA,ALG14,805,46,94
ALG14_CCGAATTCCAAGAAGCCGGG,ALG14,513,0,0
ALG14_TCACCGAATTCCAAGAAGCC,ALG14,933,28,0
ALG14_AAGATACTGAGAGACTCCCG,ALG14,483,47,0
ALG14_CTCGTTCTAGCTGCGGCCGC,ALG14,159,38,105
ALG2_GACATCCCAAGATTGGGAGA,ALG2,203,50,0
ALG2_TGTTCAGGCTGGCTAGACGG,ALG2,1036,90,94
ALG2_GGAACAGCACGTAGAGCGCC,ALG2,240,29,7
ALG2_CGTCTGCGCCTACGTGCGCA,ALG2,281,135,144
ALG2_TGAGCGGCTGGTGTTGGACG,ALG2,3176,0,0
ALG3_AGCGCCAGTTCACTGTCCAG,ALG3,602,54,107
ALG3_GCGGCTCTTCAATGACCCAG,ALG3,779,113,187
ALG3_CCGAGGCACTGACATCCGCA,ALG3,903,984,496
ALG3_ACCCAACTGCAGGGTGACAC,ALG3,1060,276,220
ALG3_CGCACCGTTAAGATGGCGGC,ALG3,453,170,88
ALG3_GATGTTCCCAGCGCAGGCGA,ALG3,431,109,253
ALG5_ATTTGTAGCCAGCTCCAGAA,ALG5,810,223,145
ALG5_ATTCTGGAGCTGGCTACAAA,ALG5,1616,709,381
ALG5_CATCTCTACACGTTGAACGA,ALG5,639,55,57
ALG5_AAAGGAACCACACCAGAAAG,ALG5,1387,54,77
ALG5_CAAAGTACGTGTGATAACCC,ALG5,1098,198,101
ALG5_GAGCTATCTAGAGAAGAGAC,ALG5,156,43,71
ALG6_ATTGCTCTCCATACATCACG,ALG6,493,108,81
ALG6_AAGCTCTTCATGCGTACAAC,ALG6,908,307,360
ALG6_GGCTGCCATTCTTTACAGAA,ALG6,1545,226,818
ALG6_ATACTTCAGCCCTCTTCCAA,ALG6,375,12,16
ALG6_TGCCATTGTTGTCACAACAG,ALG6,2113,275,385
ALG6_AAGTCCGGTAGTTTCTGAGG,ALG6,559,21,23
ALG8_AATTCACAGCAGACTTCCAG,ALG8,448,74,115
ALG8_TGTGCAGATGAGGGTTGCCA,ALG8,1030,196,23
ALG8_TCGTGTTATTTCCCTGGGAC,ALG8,738,422,764
ALG8_AAACCAATTGCCAGTACCCG,ALG8,2426,262,68
ALG8_GCGGCGCTCACAATTGCCAC,ALG8,900,84,37
ALG9_ATCTCTCCTCTTTGTGAGGC,ALG9,726,343,347
ALG9_CACCATGAAATCTCTGCAGC,ALG9,84,111,112
ALG9_TGCTGGTCATGAAACACAGG,ALG9,1169,151,152
ALG9_GCCTTCTTGGTTCTCAGCAC,ALG9,1128,211,281
ALG9_AGGTTATCTGGGAACAAAGC,ALG9,516,296,261
ALG9_TCCCGCAGCTTGTCCGCAGC,ALG9,1026,216,287
ALK_GACAGTCCTCCAGCTTGGGC,ALK,1,19,15
ALK_AGACAAGCTGCGGTTTCCAC,ALK,905,137,100
ALK_TTACCCATGCTTCCCTGGAG,ALK,2387,370,233
ALK_GGGAATACTCCAGCTCACAG,ALK,997,500,426
ALK_CATATCGGCTGCGATGAGAC,ALK,698,471,361
ALK_ACAGCTCGCTGAGATTGAAC,ALK,133,363,228
ALKBH1_CTACCATTGAATCTCTCGGG,ALKBH1,267,317,196
ALKBH1_GATCCTGAATTACTACCGCC,ALKBH1,0,42,0
ALKBH1_CACACCTTTCCCTTCTGACC,ALKBH1,1786,119,221
ALKBH1_TCCCAGGTTACCAGTGGCAC,ALKBH1,1387,66,445
ALKBH1_TGAGGTCAGTTACACTCACC,ALKBH1,161,0,65
ALKBH1_TCTACCGTCAGAGCCGGCCC,ALKBH1,418,18,51
ALKBH2_ACCAGTGCGTGTTGGTCGGG,ALKBH2,83,7,0
ALKBH2_ACCACCCGACCAACACGCAC,ALKBH2,1996,129,49
ALKBH2_CCGAGATGATGAAAGAGAAC,ALKBH2,992,464,712
ALKBH2_GAGTCCAGGTATTCGGGAAG,ALKBH2,1201,344,312
ALKBH3_ACAGAGGACTGGCATCAGAG,ALKBH3,3226,1568,784
ALKBH3_TCTTTAGTGTGCGCAGCACA,ALKBH3,134,2,32
ALKBH3_TTCTTTAGTGTGCGCAGCAC,ALKBH3,251,186,123
ALKBH3_CGCTCCTTCCATGATTAACA,ALKBH3,3399,1226,1218
ALKBH3_TCACTCTCGGTTCTCTAGAG,ALKBH3,1040,384,347
ALKBH3_CTCAAAGCTCTGACGTCACC,ALKBH3,348,399,291
ALKBH4_CCTCCTGGCATAGCACCGAC,ALKBH4,1780,423,341
ALKBH4_ACAGCGTGATAGCACCCAGC,ALKBH4,672,26,24
ALKBH4_CGAGGACTTTGTGACCCGGG,ALKBH4,962,146,214
ALKBH4_CTGCCGCTCGCAGATCAGAC,ALKBH4,641,241,150
ALKBH4_GGACCTGTCTGATCTGCGAG,ALKBH4,518,348,213
ALKBH4_CTTCGGGAATGCGGTTGCAA,ALKBH4,517,108,96
ALKBH5_GGGCCTGTACAACGAGCACA,ALKBH5,423,28,24
ALKBH5_GGGATCTCGTCCACGTCGCC,ALKBH5,0,0,22
ALKBH5_ATCGCCTGTCAGGAAACAAC,ALKBH5,557,115,111
ALKBH5_ACCCAAGCGGTCCCACCGCA,ALKBH5,120,39,137
ALKBH5_ACGGATCCTGGAGATGGACA,ALKBH5,2041,185,735
ALKBH5_CCCGAAAGGTGAAGATGCGG,ALKBH5,1391,323,395
ALKBH6_GGAGAAGACGCGTGTAGGCG,ALKBH6,1051,142,275
ALKBH6_TCATCGTCCTCTGGCCGCCG,ALKBH6,678,67,83
ALKBH6_TCCACGTAGCGCTGGAGCCA,ALKBH6,1404,633,1004
ALKBH6_CTGGGAGAAAGTTACAGAAC,ALKBH6,2251,489,859
ALKBH6_GGAACCGTTCAGAGTGGAGC,ALKBH6,391,193,128
ALKBH6_AGCCCTGGAACCGTTCAGAG,ALKBH6,2019,850,1146
ALKBH7_GCAGGCGGCTCAGCACGGAA,ALKBH7,388,281,150
ALKBH7_AGTGATCGTATTCGTAGCGG,ALKBH7,471,153,105
ALKBH7_CATCCTGCAGCGCGTGCAGG,ALKBH7,674,7,311
ALKBH7_CACGTGCACGGAGGAGAGCA,ALKBH7,917,200,129
ALKBH7_GCCGCATAACGCTGGGAGAC,ALKBH7,861,13,57
ALKBH7_TATGCGGCTGGTGCACACCC,ALKBH7,1027,273,429
ALKBH8_GGATTTCCCTTAAGGTGCCA,ALKBH8,502,26,74
ALKBH8_TGTGGAGCAAATGCGTGACA,ALKBH8,2021,172,325
ALKBH8_TCACAAGACCCACTGCGGAC,ALKBH8,1054,509,365
ALKBH8_ACTCCACAATGTGCGGCCAA,ALKBH8,235,52,154
ALKBH8_TGATAAAGAAGCCTCACGGC,ALKBH8,538,16,28
ALKBH8_ATCACCAGCAAACTCCGACG,ALKBH8,2036,130,277
ALLC_CGACTGGTGTGTCCTCAGGC,ALLC,401,369,1143
ALLC_AAACGTCCACGTCGAAGCCC,ALLC,217,74,50
ALLC_CTACCAGAAATCCCAGAAAG,ALLC,2186,468,723
ALLC_AAATAGTTGTGGCCGGAAGC,ALLC,818,236,327
ALLC_AAACTGCAAGAAGGCTGGAC,ALLC,440,186,172
ALLC_AAGATGTCATCACTCACGCC,ALLC,358,153,200
ALMS1_CGAGCGGACCTCCCTGGAGA,ALMS1,349,130,173
ALMS1_ATATGGGCAGTATTGGACAC,ALMS1,661,167,174
ALMS1_TCAACAATTCCTGGACCAGC,ALMS1,263,460,325
ALMS1_GACCAGTAAACCTGTAGCAC,ALMS1,228,177,509
ALMS1_CTCATCATCTTCAGTCCAAC,ALMS1,761,650,455
ALMS1_TCTGATTTGGAATCCGGAGA,ALMS1,768,92,134
ALOX12_CTTTGGCTGGTCGGGACGCG,ALOX12,884,410,631
ALOX12_TTTGAATGGACACTGAAGGC,ALOX12,473,258,420
ALOX12_GGTCGAGCGTCTCAACAGCA,ALOX12,895,577,409
ALOX12_CCATCTTCAGCATAACGAGG,ALOX12,1242,35,290
ALOX12_TTTGCCAGGAGCCAGGCAAG,ALOX12,589,218,167
ALOX12B_GCAAGCACGTTCCCTCGCCC,ALOX12B,1220,55,52
ALOX12B_AATCCCATCTCCTAGGGCAC,ALOX12B,852,9,37
ALOX12B_CCGCTACTCCTTCCTCAAGA,ALOX12B,1145,638,679
ALOX12B_CTTCGGGTCCTTACTCAGGC,ALOX12B,1035,175,132
ALOX12B_TCATCCGCCTGCACAAAGAG,ALOX12B,1638,717,943
ALOX12B_TTGCAAAGTCTCTCCCAAAG,ALOX12B,1507,644,829
ALOX15_CCAACACGCCTCTGTGCACC,ALOX15,863,437,283
ALOX15_TCACTGAAATCGGGCTGCAA,ALOX15,613,384,178
ALOX15_CTTGCTTGAGCAGCTGCACG,ALOX15,837,168,266
ALOX15_ATTAACGTCCGGGCCAGGAC,ALOX15,49,4,65
ALOX15_ACCTCCTTAAGGACGACGCC,ALOX15,569,101,104
ALOX15_CTGTGGCTGGTCGGCCAGCA,ALOX15,799,407,669
ALOX15B_CTGGACTTAGGCTGGCAGCA,ALOX15B,1519,762,2005
ALOX15B_GGTTCCAGCTGACACCGCCG,ALOX15B,578,112,115
ALOX15B_TGGCGCTGTTGCTGGAGCAC,ALOX15B,1878,182,1287
ALOX15B_TGGGTTGTAAGCCTTCCACC,ALOX15B,483,110,260
ALOX15B_TGACAGCGGCGGATCAGGAC,ALOX15B,2296,442,373
ALOX15B_TGCCGTGATCCACCAAGAAC,ALOX15B,1992,934,752
ALOX5_CAACGACTTCGAGCGTGGCG,ALOX5,579,8,1
ALOX5_AGTACTGGCTGAATGACGAC,ALOX5,592,289,277
ALOX5_GCAACACCGACGTAAAGAAC,ALOX5,818,516,800
ALOX5_ATTTGGCATCGATGCTCAAG,ALOX5,353,325,229
ALOX5_GCATGAAGCGGTTGATGAAC,ALOX5,633,670,738
ALOX5_TGGTAGAGTGCAGCCTGGAG,ALOX5,2249,464,293
ALOX5AP_TGAGGGTGACGATGGCCAAC,ALOX5AP,303,594,280
ALOX5AP_CATCGTCACCCTCATCAGCG,ALOX5AP,1514,447,475
ALOX5AP_CTCATCAGCGTGGTCCAGAA,ALOX5AP,2553,538,1081
ALOX5AP_ATAAAGTGGAGCACGAAAGC,ALOX5AP,1672,362,334
ALOX5AP_CGGAACACTTGCCTTTGAGC,ALOX5AP,1213,327,261
ALOX5AP_CAGCAACGGACATGAGGAAC,ALOX5AP,2165,681,724
ALOXE3_CCCTCGAAGCTTCATTCCCA,ALOXE3,539,374,154
ALOXE3_ACGACAACTTGTGTAGACCA,ALOXE3,1511,413,259
ALOXE3_GGTAGCATTCTTGTCGGGCC,ALOXE3,261,33,116
ALOXE3_GCGCTACGCTTTCTTCCGCA,ALOXE3,25,8,4
ALOXE3_GAAGAGCGGCACGCCGGACA,ALOXE3,522,135,93
ALOXE3_GAGCGGAAAGAATGCCACGC,ALOXE3,582,135,176
ALPI_CAGCCACCAGGATCCTAAAG,ALPI,2477,465,649
ALPI_TGTACTTGCGGCCTCCGCCA,ALPI,313,132,206
ALPI_TCGTGTCTCCGGGCTCAAAG,ALPI,915,925,657
ALPI_CTGAGTTGAACACGTAGCCC,ALPI,865,467,334
ALPK1_GAACCTCACCTCTGCAGCGC,ALPK1,570,9,58
ALPK1_GACCCTGATCCAGGAGGCAA,ALPK1,790,202,392
ALPK1_CGTCGAGCCCATACAGGAAC,ALPK1,4293,928,1264
ALPK1_CGGTCTGTATACAGATCAGA,ALPK1,267,81,83
ALPK1_TGCCAGTATACCTAGCGACG,ALPK1,1271,348,466
ALPK1_GGTGGTCAAACTCCTTCAGC,ALPK1,274,0,23
ALPK2_AATGTTGCACCTTCCAGCAC,ALPK2,637,187,151
ALPK2_CTCATGCCTGTCTTCAAACC,ALPK2,3307,1695,1445
ALPK2_CTTCGGACTGGCTTGCACGA,ALPK2,3338,1465,607
ALPK2_GCCCGAGCAGGCAAATCGCC,ALPK2,594,311,90
ALPK2_CAGTGACAATCTGCTCAACA,ALPK2,2594,1057,1147
ALPK2_GGTCAGGCCATCGATGGGAG,ALPK2,350,96,119
ALPK3_GCGGCGCTACTGCAGACACC,ALPK3,769,215,212
ALPK3_ATGCATTTACCTTCCAGAGC,ALPK3,822,160,132
ALPK3_GCTGTCCTCGGACACAGACC,ALPK3,900,24,85
ALPK3_ACCCTGGCGGCTTGGCAGGA,ALPK3,551,270,373
ALPK3_CCTCGTCTACCACAATGGCA,ALPK3,336,52,80
ALPK3_GGTGATCCGGAAGATTCGGG,ALPK3,155,0,0
ALPL_CCAATGGCCAGTACTAAGAA,ALPL,1779,600,594
ALPL_AGAGACACTGAAATATGCCC,ALPL,250,104,181
ALPL_ACCTTGGAGAGGGCCACGAA,ALPL,666,266,353
ALPL_TTCCCGGTGCAACACCACCC,ALPL,896,358,633
ALPL_CTACGCCCACTCGGCTGACC,ALPL,1124,344,254
ALPL_GCCTGGACCTCGTTGACACC,ALPL,976,209,414
ALS2_AACAGTTCCTCGTCTTGCAA,ALS2,558,215,270
ALS2_TCGCAGTAAGTGCAAGAGAA,ALS2,2085,649,775
ALS2_CAGGGAAGAACAGGTTAAAC,ALS2,1497,313,392
ALS2_CCTGACTGCTAACAAAGGGC,ALS2,230,91,214
ALS2_AACTCCATGTTTCACTCCGA,ALS2,1278,54,27
ALS2_CGATGGACTCAAAGAAGAGA,ALS2,515,199,68
ALS2CL_ACAGCTCACCCACACTCACC,ALS2CL,633,276,143
ALS2CL_AGCACACGCTCAGCCCGCAA,ALS2CL,1235,176,217
ALS2CL_CCTGCAGTCCTTCATGAAGC,ALS2CL,1843,352,278
ALS2CL_ACACGCAGCGAGTACTGGCG,ALS2CL,1472,104,564
ALS2CL_CTGCGTTACCCGGACTCCAC,ALS2CL,1562,163,478
ALS2CL_AGACTCACCGGCTGGGAGCA,ALS2CL,1705,84,314
ALS2CR11_TTCCTAATGCCAGAATGCCA,ALS2CR11,624,120,157
ALS2CR11_GGTATACTCTGCTCAGAAAG,ALS2CR11,430,170,100
ALS2CR11_TTAGCTGAAAGGGAGAACAC,ALS2CR11,755,92,91
ALS2CR11_GAAAGGGTGCTTCATTGAAG,ALS2CR11,980,149,139
ALS2CR11_CTGGTTCTTGTTCTTAGGCA,ALS2CR11,1781,285,635
ALS2CR11_ACTTGATAACCGCAGCGGGC,ALS2CR11,210,141,256
ALS2CR12_GATTCTGACACTGTGCAAGA,ALS2CR12,606,188,323
ALS2CR12_TCATCATAGTCCAGGTGCCC,ALS2CR12,1265,288,710
ALS2CR12_GAATCGGAGATCCCGGACAA,ALS2CR12,674,82,135
ALS2CR12_TTCCGAACAAGTTGATAGCC,ALS2CR12,188,232,166
ALS2CR12_TACCACGCAAGAACTCCACA,ALS2CR12,1001,99,302
ALS2CR12_TCCGTGGTCCCAAGTTCCAG,ALS2CR12,617,200,199
ALX1_GGAGCACGTTATGGAGACGC,ALX1,752,60,128
ALX1_TCACCGCTGCTGTCCTGACA,ALX1,1136,327,210
ALX1_TCCGAATGTCTCCCGTGAAA,ALX1,2619,301,421
ALX1_TTTGGCTCCTACCTGGACCC,ALX1,942,183,339
ALX1_CGGACAGATTCCAGTTACAC,ALX1,3558,635,1447
ALX1_GGACAGATTCCAGTTACACG,ALX1,1770,312,654
ALX3_CAGATCCTGGACTGGCCCAC,ALX3,945,289,313
ALX3_TGTCATAGGCAGCCGTGAAG,ALX3,1099,315,336
ALX3_CGTTATGGGAAGATCCAGGA,ALX3,1054,440,925
ALX3_TGTGTATGCCCGGGAGCAGC,ALX3,1261,124,286
ALX3_AACGGCGGCCACTTCTACGA,ALX3,1811,375,66
ALX3_AAGTGGCCGCCGTTGAGGGC,ALX3,352,98,122
ALX4_CTACGAGCTCAACGGCGAGC,ALX4,970,246,320
ALX4_AGCTCGTAGCCATTGAGGCC,ALX4,676,548,357
ALX4_CAGCTACCTGAGTGTCAAGG,ALX4,1521,436,507
ALX4_CCCACAGTGTCAGAGTCAGG,ALX4,1090,284,327
ALX4_CCCTCCCGACTCTGCGACAC,ALX4,2296,370,530
ALX4_TAGGCGTCCATGGCAGCGGC,ALX4,63,260,134
ALYREF_TCGCATTATAGGCGTCCAGC,ALYREF,244,302,410
ALYREF_TTCCTTGCTAGCGTAAACAG,ALYREF,1627,95,173
ALYREF_CGTCACAGATTGACGCACAG,ALYREF,1598,393,360
ALYREF_TTCGACAGTGGCTTCGGCGG,ALYREF,2197,369,261
ALYREF_GCCTCGATTCACTCGCGCGG,ALYREF,240,0,1
ALYREF_GCCGCGCGAGTGAATCGAGG,ALYREF,1141,85,41
AMACR_ACGACTTACAGGACAGCAGA,AMACR,159,252,447
AMACR_TGGTGGCCTTATGTGTGCAC,AMACR,665,320,227
AMACR_CACCACCAGCAAAGTCAGCC,AMACR,1681,487,800
AMACR_TGCTGGACCTGAAGCAGCCG,AMACR,756,51,29
AMBN_TGGTGGTTGCAGCAGCAGAC,AMBN,1665,518,616
AMBN_TCTAGCTCTGTAAGGAAAGC,AMBN,1220,393,387
AMBN_ATGACATTCCCGGCCTGCCA,AMBN,170,25,48
AMBN_TTTCCAGGAAGAAGCAACCA,AMBN,1424,244,337
AMBN_CATGCCAGGAAACAAAGCCC,AMBN,950,133,137
AMBP_GAGCTGGATGAAGGCTCGGC,AMBP,593,11,42
AMBP_GAGGAGTGAATAACAGGACC,AMBP,73,46,35
AMBP_TGAGGACTCCATCTTCACCA,AMBP,1790,259,836
AMBP_CCATGATCTTCTTCAGCCAG,AMBP,2050,516,562
AMBP_CTATGGGAAGTGGTACAACC,AMBP,1638,415,525
AMBP_TGTCGGGCGGCGTTGGCACA,AMBP,1441,544,913
AMBRA1_TTATCCCGTTATGATGGAGC,AMBRA1,778,80,83
AMBRA1_GAGGCACTGGTTCTGGGCGG,AMBRA1,950,54,69
AMBRA1_CTTCTGGGACTGGAGTCGAC,AMBRA1,645,101,265
AMBRA1_TGACACACCATGGAGTACGG,AMBRA1,1289,1156,1037
AMBRA1_TGGGCTGAAGGCCAATAAGA,AMBRA1,842,1030,1115
AMBRA1_ACCCGGTGGATGAAATGGGA,AMBRA1,648,464,1097
AMD1_CGTTCTCTTCCCTCAACAGA,AMD1,1216,222,223
AMDHD1_TACATGGAAATTCACCAGGC,AMDHD1,616,26,212
AMDHD1_ACCAGAAGGATTCTTCAACG,AMDHD1,620,148,317
AMDHD1_TGATGAAGGCATCGTTGCCA,AMDHD1,1128,126,177
AMDHD1_GACTGAAACAACCTCGAGCC,AMDHD1,245,148,125
AMDHD1_TCGTTGGAAGTTGGCAAACA,AMDHD1,2544,447,335
AMDHD2_GGATCCGGCAGTTAGTGAAC,AMDHD2,1006,64,162
AMDHD2_AGAAGCTGTTCTTTGAGGAG,AMDHD2,1135,280,65
AMDHD2_GCCCGGAGGATCCTGTCGCA,AMDHD2,1697,80,88
AMDHD2_CATCGGCCTCGAAGGAGCGG,AMDHD2,911,50,95
AMDHD2_CATAGCACTCACAGGCAGCA,AMDHD2,1769,411,518
AMDHD2_CAGTTCCACCACCGCGACCC,AMDHD2,491,37,282
AMELY_CAGTGCTTGCTGGCGGACCC,AMELY,343,293,650
AMER1_GGAGTAGCTGGTGGCAAGAG,AMER1,1652,855,1241
AMER1_CATAACGCTTCTCCAGAGGA,AMER1,798,366,346
AMER1_TAAAGGCAGTCATCTCCAGG,AMER1,405,221,51
AMER1_CCGCCGTCACCGGAAGAGCA,AMER1,1128,2102,937
AMER1_GGGAAAGGCAGCTCCAAGAA,AMER1,435,391,429
AMER2_AGCAACCCTTCCTGGAGGGA,AMER2,260,162,371
AMER2_CTATGATCTCTATGCTGACC,AMER2,689,154,130
AMER2_AGGAAGACAGCTCGAGCAGC,AMER2,649,248,452
AMER2_GGCTGTTCAGCGGCATGCGC,AMER2,564,296,208
AMER2_GACCCACGACGGACTTGCCG,AMER2,581,281,682
AMER2_CAAGTCCATGTCTGCCGCGA,AMER2,1241,388,488
AMER3_AAAGCCAGCTCCATCGACAC,AMER3,2701,407,337
AMER3_ATCCGTGTCCACAAGTGACG,AMER3,1125,414,209
AMER3_ATCGTCAGCTGGCTGCGCCG,AMER3,822,375,388
AMER3_GGAAGTATCTGTTGTCGAAG,AMER3,1778,329,320
AMER3_CAAGGGCTGGTCCTCCACAG,AMER3,714,53,80
AMER3_TTTGAACAGCCAGCAGGAAG,AMER3,1955,538,476
AMFR_GACGTTGCACCTCATGAAAC,AMFR,700,394,307
AMFR_GGTGCATGAGGTCCAGGGAC,AMFR,818,9,170
AMFR_ACCGTGGCTGCTCATCGGCG,AMFR,833,276,561
AMFR_AGACAAGTCCGGCAAACCAG,AMFR,1257,151,188
AMFR_TGTCTCTCACTCACTCGAAG,AMFR,1403,447,555
AMFR_CTCGAGGAAGAGCAGCGGCA,AMFR,1735,323,379
AMH_CAGCCGCCGTAGAGAGGGCA,AMH,1814,500,180
AMH_GCGCCTGGTGGTCCTACACC,AMH,1056,105,88
AMH_GCCCTGAGGTCACTGTGACG,AMH,1715,713,337
AMH_GGTAGCGGGTGTCTCGGGAG,AMH,2,2,55
AMH_TCATCCGTGTGAAGCAGCGG,AMH,1876,170,195
AMH_TGAGTACGGAGCGCTCGGCG,AMH,1804,412,189
AMHR2_GACCCAAGACCGGGCACAGG,AMHR2,689,192,120
AMHR2_ATTGCAGAAGTCAGTGCCAC,AMHR2,173,72,119
AMHR2_GCCATCCAGATGGACTCACC,AMHR2,315,185,268
AMHR2_CCGATTTATCACTGCCAGCC,AMHR2,333,373,311
AMHR2_CATTTCTCCATGAGGAGCGC,AMHR2,158,89,14
AMHR2_CCCACAGGCCAATATAAACC,AMHR2,2130,603,734
AMICA1_GGCCAGAATCATTCTCACCA,AMICA1,1324,161,193
AMICA1_TGATTACCACCCAAGACCAG,AMICA1,901,346,271
AMICA1_CGGGCTGACATGCAGCACAA,AMICA1,784,745,753
AMICA1_AGAAGTGAAACACGTGACCA,AMICA1,1478,365,478
AMICA1_CTGTGAAATCCGCCTCAAAG,AMICA1,2076,870,1319
AMICA1_ATTCAAGTCATTCAGGCCCA,AMICA1,176,57,36
AMIGO1_CAAGCAGCAAGGGATGACCA,AMIGO1,1772,335,292
AMIGO1_CCGGTGCGCCTTCGATGACA,AMIGO1,1132,710,591
AMIGO1_CAATAACCACATCATGGCGG,AMIGO1,1258,327,260
AMIGO1_CTCCAACCAGCTGCGTACAC,AMIGO1,3475,1241,943
AMIGO2_AGTCAGGCTCTTTCCCAGCG,AMIGO2,1662,460,525
AMIGO2_ATACTGCAGCAGGGCAGAAC,AMIGO2,3267,411,182
AMIGO2_AATAAAGCCAAGCGCACGAA,AMIGO2,210,213,159
AMIGO2_GGAGTCAGACCACAGGCGAC,AMIGO2,254,106,31
AMIGO2_GACGACGGCTCCAAGCAGGG,AMIGO2,809,51,93
AMIGO3_GAATTCGATCTCTACAACCC,AMIGO3,215,76,91
AMIGO3_CTTTCTGGAGCCAGGCCGGA,AMIGO3,541,57,122
AMIGO3_TAGTCTTTCTGGAGCCAGGC,AMIGO3,125,124,156
AMIGO3_CTCGCGCGCAAAGTCGCGCA,AMIGO3,157,21,32
AMIGO3_GGCGTCTTCGTCAACGCCAG,AMIGO3,85,57,13
AMIGO3_GCGCGTTGGGTTAGGCACCC,AMIGO3,1480,122,198
AMMECR1_CTGGTCATCTCTCTACAGGA,AMMECR1,971,559,378
AMMECR1_CTACCTACCGGAGGTTGCAA,AMMECR1,1126,164,368
AMMECR1_CACCGCCACCTACCTACCGG,AMMECR1,1127,583,915
AMMECR1_ACAGCCCACTGTTTGTAACA,AMMECR1,1380,664,480
AMMECR1_GCAGCTCGGAGGTGGCGACA,AMMECR1,809,366,546
AMMECR1_GAGCTGGGACTAGGAGGCGC,AMMECR1,796,201,119
AMMECR1L_TCGGCTGTCCTTAAGTGCAC,AMMECR1L,1101,113,150
AMMECR1L_TCAGGGAATACACGTTAACC,AMMECR1L,723,249,320
AMMECR1L_TGTTGGCAGTTCCATTAGGC,AMMECR1L,1040,378,169
AMMECR1L_TTGGCAGTTCCATTAGGCCG,AMMECR1L,1433,324,603
AMMECR1L_AGAGGTCCTGAACTAGAGCC,AMMECR1L,462,106,124
AMN_CTCCCAGGCACCTTGTCCGC,AMN,1867,581,330
AMN_CGGCCTTACCATGTCTGAGA,AMN,1628,116,171
AMN_CGGATTCGGCGTCTCAGACG,AMN,3166,704,746
AMN_GCGGGTCATGCCAGGAGAAG,AMN,50,14,13
AMN_GCAGACGTTCACGCGCGACG,AMN,629,122,197
AMN_GCCGTTGTGTTGCTGACCCA,AMN,961,418,559
AMN1_TGCTGCAATCTCACTGACGA,AMN1,1120,782,835
AMN1_AGGAGCTGACTGACCCGCCG,AMN1,2150,301,392
AMOT_GGAGCTCCTTCGGGAGAAAG,AMOT,460,150,25
AMOT_TTGGTCCTCATTGGTAGAAC,AMOT,1261,439,217
AMOT_CATATGCCTCCGAGACGCGC,AMOT,1084,240,543
AMOT_TGGAGATTGTAGCAAGGGCA,AMOT,895,570,262
AMOT_CCCGACCTATGAAGAAGCCA,AMOT,709,437,458
AMOTL1_AATTCCAGCATGGGATAACC,AMOTL1,689,341,116
AMOTL1_TGGAGGGCAAAGTTGCGCCG,AMOTL1,1860,384,306
AMOTL1_TGAAACATCTGCTTTGACGG,AMOTL1,1280,489,419
AMOTL1_AAGGGCTTCAAAGTAGGAGG,AMOTL1,314,0,0
AMOTL1_GACAGAGTGCAGTGGCCCGC,AMOTL1,565,90,16
AMOTL1_CAAGCGAGAATCGCTGGACA,AMOTL1,591,324,373
AMOTL2_TACAGGCTACGAACAGCAGC,AMOTL2,105,244,244
AMOTL2_GGAATCTGCAAATCGCCGCC,AMOTL2,215,781,717
AMOTL2_GGAGGCTGCAAGACTTCAAC,AMOTL2,276,165,225
AMOTL2_AGACAATGAGCGGCTGCAGA,AMOTL2,236,1387,325
AMOTL2_CCAGGTGGTTCTCACCGCCC,AMOTL2,1386,1037,1413
AMOTL2_ACCTTGCACTCTGCGTAAAG,AMOTL2,1555,527,1193
AMPD1_TTGATGGTGGCCTCAAACAC,AMPD1,1238,74,123
AMPD1_GACTGCGGCCATAGATGGAC,AMPD1,567,78,57
AMPD1_CCAAATTGATGCTGACAGAG,AMPD1,1498,1212,1480
AMPD1_ACAGTAAGACCTATACCCAC,AMPD1,498,269,54
AMPD1_GGAAGGTTGTCTGTTCGGAA,AMPD1,1983,218,445
AMPD1_TGTCCACCTCCACAGAAGCC,AMPD1,607,219,817
AMPD2_TGCCATGGCTGGGACCACGG,AMPD2,2361,285,224
AMPD2_CAAATGCAAGGAGATCGCCG,AMPD2,505,512,466
AMPD2_CTCGCTCTCAGCCAGTGAGC,AMPD2,1248,345,180
AMPD2_GCTGGAACGGGAGTTTCAGC,AMPD2,682,71,7
AMPD2_TCATAGGTCCGGGTCTCCAG,AMPD2,404,47,51
AMPD2_TGGTGCACGTCTACACCCGC,AMPD2,579,191,192
AMPD3_ATGGCCCTGTCGTCCGAACC,AMPD3,1567,153,243
AMPD3_TTCAGCTTGGGAAACTGCCG,AMPD3,458,159,260
AMPD3_CATAGGGTGCTGGCGTGGGC,AMPD3,674,152,118
AMPD3_TCGCCTACCACCGCTTCCCG,AMPD3,2816,845,528
AMPD3_CGACCTGGAGACCTACACGG,AMPD3,2930,1099,832
AMPD3_TCACGTTATAGAAGTCCCGG,AMPD3,197,292,160
AMPH_CTTACCGTCCATAGGTCCCA,AMPH,596,18,72
AMPH_GACTTGCTGTCGGGCTCGGG,AMPH,211,227,54
AMPH_GGGTGACCAGCACGCCGACA,AMPH,165,69,120
AMPH_ATCGCATCGCCAAGCGCAGC,AMPH,318,279,111
AMPH_TCCAACACTAGGCATGCAGG,AMPH,709,188,293
AMPH_ACTCAACCGCGCGCAGGAAA,AMPH,2009,622,725
AMT_GATCTCGGTGCCGGTAGCGG,AMT,842,127,244
AMT_CCAGGTACTACAGGCCGGCG,AMT,259,109,118
AMT_CTCACCTTGCAGAGCTAGCA,AMT,1344,405,962
AMT_CAAGATACTTGGTAGTGACC,AMT,701,173,298
AMT_TGACTGTCCCGGTACTGCAC,AMT,576,108,101
AMT_AGTGGACGACACAAGGCCGG,AMT,25,100,32
AMTN_CCCACCCATTGACCCTGGGA,AMTN,1615,156,136
AMTN_TTGTACATTCAACCCTCCCA,AMTN,611,112,207
AMTN_TGTCACACAACTTGGAGCCC,AMTN,1149,202,427
AMTN_ATCCATTCCTTGTTCCCGGG,AMTN,319,173,93
AMTN_ATCCTGCCCACCAGTCAGGC,AMTN,461,24,136
AMTN_GCCACCACAGAATCAGCAAA,AMTN,648,253,516
AMZ1_TCATCCGCACGGGCTTCGAC,AMZ1,663,174,315
AMZ1_TGCAGCAGGGAGCTTCCCAC,AMZ1,1724,227,251
AMZ1_CTTGAAGAACAACAAGCCAG,AMZ1,467,119,351
AMZ1_GATGGTTCAGTGCTGCAAGG,AMZ1,600,97,106
AMZ1_AGAGCTCGTGGCACGTGACC,AMZ1,738,34,178
AMZ1_CCATCAAGGAGCATGAACGG,AMZ1,2319,1287,871
AMZ2_GCCTCGATACCACCCACCCG,AMZ2,773,74,241
ANAPC10_CCCAAGCAGTTGGAAAGGAC,ANAPC10,1757,129,188
ANAPC11_GATTAAGTGCTGGAACGGCG,ANAPC11,337,0,0
ANAPC11_TCTCTTGATCAAGGGCAGGA,ANAPC11,627,178,174
ANAPC11_CTGGTCTCTTGATCAAGGGC,ANAPC11,641,25,191
ANAPC11_AATGTCTGACCTACAGGCCC,ANAPC11,157,303,262
ANAPC11_CTTCCATTCCTGGCGGCACA,ANAPC11,513,187,147
ANAPC11_TCAAGGAGTGAGGCCCGACC,ANAPC11,1557,557,265
ANAPC13_CCTGAACCTGAACAAGACAA,ANAPC13,791,105,110
ANAPC13_TGAGGATGTCGCAATACCAC,ANAPC13,990,101,167
ANAPC15_CTGGGCACAGTTGTTTGGGA,ANAPC15,2348,628,686
ANAPC15_TGATCCCACCCAGAATGGCA,ANAPC15,877,262,226
ANAPC15_GGACATGGAAGGCAACGAAC,ANAPC15,1159,381,200
ANAPC15_CGTTGCCTTCCATGTCCACC,ANAPC15,869,161,204
ANAPC15_CGCGGAGAAAGACAACAACC,ANAPC15,2239,306,72
ANAPC15_TGCTAGCTGCTCACTCACCC,ANAPC15,1695,43,4
ANAPC16_GAACTCTGCTAGAGAGGAAA,ANAPC16,317,65,17
ANAPC16_AGCTGGTTTGGTAGAAGAGC,ANAPC16,1011,164,57
ANAPC2_CACTCACATCGGCAGGACGC,ANAPC2,1145,0,29
ANAPC2_GAGGTCCTCGATGGCTGGCC,ANAPC2,0,170,78
ANAPC2_CTCCTGACAGTGGATCGAGC,ANAPC2,583,59,62
ANAPC2_CTTGTGGAACTCACGCAGGA,ANAPC2,1173,42,53
ANAPC2_GAGCCGGTAGTACCGGCGAC,ANAPC2,0,7,0
ANAPC2_TCGGTGGGTGCAGATGGCGG,ANAPC2,1398,9,0
ANAPC4_CTGTTTCCCATCCTTCCGGG,ANAPC4,630,13,96
ANAPC4_CACCCGGAAGGATGGGAAAC,ANAPC4,1177,66,111
ANAPC4_CTTACCTGAAGTAACTCGGA,ANAPC4,129,0,11
ANAPC4_CCTGCAGCATCTAGTCCAAG,ANAPC4,926,122,80
ANAPC4_GCACAGTATGTTGCTGGGAA,ANAPC4,761,46,97
ANAPC4_CGATGAGTCTTCAGATGAAG,ANAPC4,1298,645,593
ANAPC5_GGCCTTAAGTCTTCTCCACA,ANAPC5,244,170,119
ANAPC5_TCGCCAGTACAGCTCTGCCA,ANAPC5,402,0,0
ANAPC5_CGCAGAGCTACACGCGGAGC,ANAPC5,266,51,0
ANAPC5_TCTGGAGGCTGTATGGCCGC,ANAPC5,870,9,24
ANAPC5_CAGGGCGGCAAGATTCAGAG,ANAPC5,746,0,1
ANAPC5_CCGTCAGCCTCATGGAGCGG,ANAPC5,1413,132,81
ANAPC7_TGGGTCTTCAAGACAAACGG,ANAPC7,301,84,129
ANAPC7_GGCTCCTAAATAGAGGGCCC,ANAPC7,0,9,16
ANAPC7_ACCTACTGGCACGAGAAGGG,ANAPC7,809,425,195
ANAPC7_AAACCGTGCCTAACTTGGAC,ANAPC7,687,199,115
ANAPC7_GCTGGCAAACCTGTACAAGA,ANAPC7,705,256,247
ANAPC7_GATAGACCACGTGCGGGACA,ANAPC7,406,45,171
ANG_TGATGCCAAACCACAGGGCC,ANG,587,229,116
ANG_GAAAGCATCATGAGGAGACG,ANG,471,56,76
ANG_GGCCCGCTGGTTACGGACGA,ANG,1538,673,275
ANGEL1_GGAGTGACAGATACTAAGCC,ANGEL1,832,301,606
ANGEL1_TTCCACCCAGGTATCTGGAC,ANGEL1,850,15,74
ANGEL1_CCTTCCAGGCTGGCATCCCA,ANGEL1,521,45,188
ANGEL1_ATTACCCATCATTCGCAGAG,ANGEL1,740,366,303
ANGEL1_TCTCCTAGCATCTCAGGGAA,ANGEL1,1928,360,329
ANGEL1_TACCTGAGAGGGCGCGGAAG,ANGEL1,751,330,439
ANGEL2_GGCACTTCGGGAATGACAGG,ANGEL2,432,124,269
ANGEL2_CTGTTGTATAATCCAAGGCG,ANGEL2,670,529,395
ANGEL2_TCCAGTGTAATACTGGCCGC,ANGEL2,334,170,127
ANGEL2_ACCTTTATAGACATTGCCGG,ANGEL2,1122,118,411
ANGEL2_TCTAGTTGTATGAGGTGGCC,ANGEL2,252,258,143
ANGEL2_GGAGGGCGAAGATGGAAGCC,ANGEL2,470,113,69
ANGPT1_AAAGGTCACACTGGGACAGC,ANGPT1,749,220,260
ANGPT1_TGTCCTTCAGAAGCAGCAAC,ANGPT1,1269,210,249
ANGPT1_AGATGCTCCACACGTGGAAC,ANGPT1,414,123,129
ANGPT1_GCACCCTATGTGAGTCAGAA,ANGPT1,665,585,521
ANGPT2_ACGGAATGTACTATCCACAG,ANGPT2,3019,1232,1409
ANGPT2_ATAAGCAGCATCAGCCAACC,ANGPT2,1207,171,123
ANGPT2_ATTATTCAGCGACGTGAGGA,ANGPT2,124,77,113
ANGPT2_TTTGCAGGCCTACTGTGACA,ANGPT2,910,179,644
ANGPT2_ACCGAGTCATCGTATTCGAG,ANGPT2,579,186,403
ANGPT4_TCGGGTACAGCGGCTCAGCA,ANGPT4,846,280,334
ANGPT4_GGTGCACCAGCTCACCAGAA,ANGPT4,621,322,417
ANGPT4_CAATGCAACGAAGCCCAGGA,ANGPT4,1713,368,566
ANGPT4_ACAACACCAGCAGCTGGCGC,ANGPT4,1079,208,392
ANGPT4_GACGATCTTGAGGTCGAAGC,ANGPT4,518,353,374
ANGPT4_TGGTGGCAACCACAAGGAGG,ANGPT4,359,197,128
ANGPTL1_CCCACTTTCATAAAGGAGGC,ANGPTL1,169,120,159
ANGPTL1_CTGCGCCTGGGAACTTACCA,ANGPTL1,967,142,302
ANGPTL1_CGGAGAATACTGGCTTGGAC,ANGPTL1,1030,581,1324
ANGPTL1_GAATATGTTGTGGCACCACC,ANGPTL1,558,58,62
ANGPTL1_GCCAATCTGTGTCAACACCA,ANGPTL1,614,140,218
ANGPTL1_TCGTGCCACAGATGGTAAAG,ANGPTL1,1435,668,1115
ANGPTL2_CCCACTACCAGAAGGGAGGC,ANGPTL2,553,190,191
ANGPTL2_CGGCAAGCAGTTCACCACCC,ANGPTL2,1646,809,529
ANGPTL2_TTCTGCAAAGACTTTGCGGC,ANGPTL2,273,354,540
ANGPTL2_TGGTGTTCTCCGGCTTCACC,ANGPTL2,97,96,19
ANGPTL2_AGGTGGGTGGTTGGTAGACC,ANGPTL2,993,251,352
ANGPTL2_TCAGGATCCTGTTCTCCAGC,ANGPTL2,864,188,394
ANGPTL3_GGCCTCCTTCAGTTGGGACA,ANGPTL3,1569,237,228
ANGPTL3_GGTCTTCCACGGTCTGGAGA,ANGPTL3,65,61,71
ANGPTL3_AGGACACTTCAACTGTCCAG,ANGPTL3,85,66,6
ANGPTL3_GGACACTTCAACTGTCCAGA,ANGPTL3,198,5,29
ANGPTL3_ATCTATCTCCTTTAGGAGGC,ANGPTL3,282,178,98
ANGPTL3_TCTAAGCCAGAGAGGAGAAG,ANGPTL3,491,80,203
ANGPTL4_ATGAGCGGTGCTCCGACGGC,ANGPTL4,867,179,101
ANGPTL4_TCCGCCTGTCAGGGAACCGA,ANGPTL4,1513,45,352
ANGPTL4_ACATTGTGAGCCGGGTCAAC,ANGPTL4,1028,235,297
ANGPTL4_CCTTGTAGGCTTCCCAGGGC,ANGPTL4,421,107,73
ANGPTL4_ATCCTGGTCCCAAGTGGAGA,ANGPTL4,653,191,227
ANGPTL4_CTTCTGCCGCTGCTGTGGGA,ANGPTL4,379,300,166
ANGPTL5_ACACTCGTTAAACCACCAGC,ANGPTL5,117,160,205
ANGPTL5_ACCTCCATAACAAGACCGGC,ANGPTL5,316,1,8
ANGPTL6_AACGGTGTGTGGCACCACGG,ANGPTL6,1022,43,182
ANGPTL6_GGTACTGGCCAAGCCGCAGG,ANGPTL6,67,145,34
ANGPTL6_AGTATGGTGTGAGCAGCAAC,ANGPTL6,796,139,149
ANGPTL6_CACTGGTGCTACCCACAAGA,ANGPTL6,1648,478,554
ANGPTL6_GAGCAGTCTCATCGCCCGCC,ANGPTL6,100,75,88
ANGPTL6_GGACGTCAAGTTCCGCGAGC,ANGPTL6,1055,54,88
ANGPTL7_CCACGCTGGGTGGCTGACAA,ANGPTL7,1673,831,895
ANGPTL7_GAGAGCTTCTGCAGCCACGC,ANGPTL7,524,263,213
ANGPTL7_AGTCCCGGTAGAAGGAGACA,ANGPTL7,921,74,164
ANGPTL7_GACTGGAAGCAGTACAAGCA,ANGPTL7,2474,257,564
ANGPTL7_GGCTATACTCAGCGTAGCGC,ANGPTL7,101,187,37
ANGPTL7_CAATGGAGTGTACTACCGCC,ANGPTL7,230,52,174
ANHX_TGGACGGACAGAGCTACGGG,ANHX,322,209,35
ANHX_GAAGGGCTCTTTGGCGGCGC,ANHX,40,11,82
ANHX_CCGTCTGGTCATGAGGAGGC,ANHX,177,15,96
ANHX_ACTACCGTCTGGTCATGAGG,ANHX,190,64,193
ANHX_CCGGCACAGTCTGCCCGCAA,ANHX,1485,503,506
ANHX_AAGGGTCACCAGCTCCGCCG,ANHX,659,59,126
ANK1_CTCCTCTGTTGAGGAGCAAC,ANK1,143,78,40
ANK1_CCGCAACGACGACACGCGCA,ANK1,3308,446,773
ANK1_TGCACATCGCTGCTCTAGCC,ANK1,1676,545,388
ANK1_TTGCATCTGGCTTCTAAGGA,ANK1,1207,530,533
ANK1_TCTTGCTGCTCTCAGAAAGC,ANK1,941,407,784
ANK2_TTCCTCCGTGCTGCCAGAGC,ANK2,802,348,542
ANK2_CCAAGAGGATGGCCACCGCC,ANK2,1016,334,758
ANK2_CTGCTGTGGACTTCACAGCC,ANK2,447,338,628
ANK2_GGTCTTTCTGTGGTGTAGAA,ANK2,337,279,107
ANK2_CCTTAGTCCTTGCCAGCAAG,ANK2,1560,148,100
ANK2_CAATCCGAACGCCAGAGCCC,ANK2,1046,114,210
ANK3_CATAAGTTGCACACTTACCC,ANK3,1164,324,241
ANK3_CTGCTGTGGATTTCACCGCA,ANK3,699,564,455
ANK3_CGGGCCGCGATATGAAGAGC,ANK3,1225,314,380
ANK3_TCCTGGGCTGCCATATACAA,ANK3,1390,335,437
ANK3_GGCCTTCTTTGGAAGCAAGG,ANK3,375,130,45
ANK3_TACTTAAGAGCAGCTCGAGC,ANK3,290,175,138
ANKAR_TGCAATCCTACTGACTCCCG,ANKAR,1291,163,285
ANKAR_ACAGCGGACTTCATACCAAA,ANKAR,1797,760,501
ANKAR_ATGAGCAAGCCTGTGCAGCA,ANKAR,1729,629,649
ANKAR_TGCTGCCACTTCAGGAGCAC,ANKAR,241,635,170
ANKAR_CATGCTTTGGTAGAAGCGGG,ANKAR,2,0,25
ANKAR_TAGCTCTAAGTAAGGACAGC,ANKAR,347,29,89
ANKDD1A_GAGCTGGCGTGGGAGACCGA,ANKDD1A,259,39,46
ANKDD1A_ACGCACGTGGTTTCTGGCCC,ANKDD1A,3075,614,427
ANKDD1A_GATTCGTAAGTGGCCGAACC,ANKDD1A,487,25,27
ANKDD1A_GGCCCTGGACCACGTAGACA,ANKDD1A,1305,593,539
ANKDD1A_TGTGGACATCGGGCTGGACC,ANKDD1A,1012,170,141
ANKDD1A_ACCGCAGTCTTGGGAGGGCC,ANKDD1A,212,124,196
ANKDD1B_CCTGTCCCGGATCCCGAAGC,ANKDD1B,1880,575,586
ANKDD1B_CTTGCTTAAACACAAGGCCA,ANKDD1B,776,234,368
ANKDD1B_CAGTAATTCACCTTGCAGCC,ANKDD1B,1516,347,499
ANKDD1B_TTGCAGATAGCAACCAGGAA,ANKDD1B,1464,628,1140
ANKDD1B_TGATCGTGGAAATGTGGAAC,ANKDD1B,2889,630,888
ANKDD1B_TAATGAGCATGCCCACGACA,ANKDD1B,427,383,84
ANKEF1_TTCAAGGAGCTGGTCAAGCA,ANKEF1,1432,991,817
ANKEF1_GCTCTGATCGCCCTTGAACA,ANKEF1,1734,422,482
ANKEF1_AAGCTGTGCGGCCTGTGGAC,ANKEF1,552,219,249
ANKEF1_CCCATGGCAGCATAATGAAG,ANKEF1,1419,856,762
ANKEF1_CTAATGACGGCGTGTGCAAG,ANKEF1,3446,723,1084
ANKEF1_AGCCATTGAAAGCTGCAGAC,ANKEF1,596,690,601
ANKFN1_TCATGGAGGCGTCTCTAACC,ANKFN1,702,256,358
ANKFN1_CTGCCTCGAACAGCATAAAC,ANKFN1,785,266,298
ANKFN1_AGGCCTCATCGAAGGAAGAG,ANKFN1,242,95,34
ANKFN1_GGCAGTCGAACAGCAGGACA,ANKFN1,971,178,160
ANKFN1_TGAATCCTTCATTCTCCACC,ANKFN1,988,167,163
ANKFN1_TCAATGCAGCTGTAGTAACC,ANKFN1,1248,343,321
ANKFY1_GCAGCCAGACTCATCCAGCG,ANKFY1,3501,722,637
ANKFY1_TTGAACTGTACAAGGCCACA,ANKFY1,1356,139,216
ANKFY1_AGCTTTGTGACTAACCAGCG,ANKFY1,1404,437,356
ANKFY1_CTGGATCTATACAGATGAGC,ANKFY1,626,145,142
ANKFY1_CTCGTAGAGGTCTGCCACGA,ANKFY1,1323,467,321
ANKFY1_GGGAGGCTCTTGATTGCCGG,ANKFY1,0,41,166
ANKH_CAAGGTCCCGGGAAACAAAG,ANKH,1296,495,652
ANKH_CTTGTAGTAGCCCAGGCACA,ANKH,813,683,889
ANKH_AGATTGAGGCACATCCCACC,ANKH,192,183,132
ANKH_AAAGGCGGCGAGGTACAGGA,ANKH,994,133,476
ANKH_CGGGCGTGTAAGGCCAAGGC,ANKH,1130,341,531
ANKHD1_ATGCTGACTGATAGCGGAGG,ANKHD1,885,161,96
ANKHD1_CACTGTGGATCCAGAGACAC,ANKHD1,1036,355,592
ANKHD1_ATCCTCAGTTAGTTGTGCAC,ANKHD1,899,340,706
ANKHD1_TGTGTTTGGCTTGTTCAGCA,ANKHD1,1068,648,823
ANKHD1_TCTACATACCTGTTGCAGAC,ANKHD1,467,491,340
ANKHD1_TCCCTTGATGGAAGCTGCCC,ANKHD1,517,77,23
ANKIB1_CTGCTCTCTCATATTCACCC,ANKIB1,2905,373,554
ANKIB1_GGTATTCTCACGGGATCCCG,ANKIB1,39,50,46
ANKIB1_TGTCCACAGGGCATATCCAC,ANKIB1,597,200,165
ANKIB1_ACAGCAGGAGCTCTCAGCAA,ANKIB1,1878,468,758
ANKIB1_AGCCTTGTGACTGCCAAACA,ANKIB1,2244,413,890
ANKIB1_GCTTTGATGATCTTGTGGCG,ANKIB1,1927,249,132
ANKK1_GCGACGACTTCGAGGGCGAC,ANKK1,14,7,236
ANKK1_AACTCCATCACAATACCCAG,ANKK1,95,116,392
ANKK1_GATGTTCCTGGAGAGTAACA,ANKK1,89,199,62
ANKK1_CTCTGACCAATGGCCAAGCG,ANKK1,195,198,123
ANKK1_TCAAGCTGCTGACCAGCCAG,ANKK1,1335,82,232
ANKLE1_GATTTCCTACTTCCCGCGGG,ANKLE1,135,37,42
ANKLE1_TCGACACGCGGACCAGGACC,ANKLE1,576,218,200
ANKLE1_ACCTAGGTCTCAGGGCACGG,ANKLE1,1875,67,198
ANKLE1_TTCAGGGCACAGCCTAGAAC,ANKLE1,353,165,179
ANKLE1_TGCCCACGTAGAAGATGGCA,ANKLE1,736,220,217
ANKLE1_CCTACATTGCTTCCAGCACG,ANKLE1,3447,318,642
ANKLE2_CCGGGTCCGACTTCTTGACG,ANKLE2,3887,158,82
ANKLE2_AAGTCTCTTCCGCTCTCAGG,ANKLE2,27,0,0
ANKLE2_TCAGCTGGCAGATGGAAGCC,ANKLE2,1219,32,56
ANKLE2_GCTTCGGAAAGCTGTGGAGA,ANKLE2,1709,54,31
ANKLE2_GCTGGGACGTCCTCATACAC,ANKLE2,419,33,4
ANKLE2_CCCAGTTCCTCCGCCAAGCG,ANKLE2,1471,709,639
ANKMY1_CAGGAGCAGCTCTCTGAAGG,ANKMY1,235,123,46
ANKMY1_CTGAGGAAGGGAACCACGAA,ANKMY1,2464,396,487
ANKMY1_GGAAAGAGCTTGTCATGGGC,ANKMY1,219,245,198
ANKMY1_TCCATCTCACAGTCATACCA,ANKMY1,1256,385,598
ANKMY1_AGGATGGTTGCATGTACCAG,ANKMY1,626,130,159
ANKMY1_CCTCTAAGCTAAGGGAGGCA,ANKMY1,367,34,123
ANKMY2_TACCCAAGCCATCACTGGCC,ANKMY2,728,286,1249
ANKMY2_AGCTACACTCCTCCAGCAGC,ANKMY2,1042,926,324
ANKMY2_TCGTGTCAACTGTTTGGACG,ANKMY2,779,274,772
ANKMY2_TCCGCAGTGCTGAGTCCCAG,ANKMY2,864,241,516
ANKMY2_CGAGCTGACCCAGGAGGAGA,ANKMY2,2236,407,437
ANKMY2_GAAAGGCGAGCTGACCCAGG,ANKMY2,505,279,318
ANKRA2_CTGGCTACTCGTATCGAACA,ANKRA2,2171,666,484
ANKRA2_TCTCTCCCTGAGCAGCCAAC,ANKRA2,934,110,253
ANKRA2_CTTACTTGAATTCCCGGAGA,ANKRA2,996,77,32
ANKRA2_AGATCAGGTTAACTCTGACC,ANKRA2,375,173,82
ANKRA2_CTGGACCCAAATTCAGAAGA,ANKRA2,1635,403,450
ANKRA2_GACACTCTTCCACGATAAGC,ANKRA2,527,330,147
ANKRD1_CGATGGATCTGGTGCTACAC,ANKRD1,1766,261,260
ANKRD1_AGTCTCACCGCATCATGCAA,ANKRD1,542,58,113
ANKRD1_TTGAATCCACAGCCATCCAC,ANKRD1,476,145,156
ANKRD1_AGAAACGTAGGCACATCCAC,ANKRD1,1,132,22
ANKRD1_GGTTCTGGTTCCTTTACAAC,ANKRD1,1088,136,203
ANKRD1_GGTACTGAAAGTAGAGGAAC,ANKRD1,155,59,0
ANKRD10_TCTGCCGTGCCACTCACGAA,ANKRD10,1743,347,321
ANKRD10_TCTGGAGGTTCAAGAGAAAC,ANKRD10,1097,287,219
ANKRD10_ATCAGTGCCCTTGTGGCGAA,ANKRD10,970,641,349
ANKRD10_CTTAGTGCAGTTGGTGAGAG,ANKRD10,2687,784,683
ANKRD10_AGGCGCGGTGCAGCGGGAAA,ANKRD10,1782,511,429
ANKRD11_CATCAAAGAGCTCATCAGCG,ANKRD11,889,105,38
ANKRD11_GGGCTGTCTGGAATCCGAGC,ANKRD11,419,91,0
ANKRD11_CGAAGCACCATGGCATGAGA,ANKRD11,1761,339,150
ANKRD11_TTCTCCCTGCCTAGGACCGC,ANKRD11,440,68,24
ANKRD11_CGGAAGCTGCCCTTCACCGC,ANKRD11,855,99,118
ANKRD11_AGGAGCAGGACGATGCCCAA,ANKRD11,587,97,14
ANKRD12_GGAGCAGATGTTAACACACA,ANKRD12,1067,592,420
ANKRD12_CTACTAGCAGAATCATGGAG,ANKRD12,1605,187,214
ANKRD12_AAGCTGTTACTTCGTCACGG,ANKRD12,940,182,136
ANKRD12_GCCTGGCTGACTTGCCGGAG,ANKRD12,43,341,242
ANKRD12_CTGGCAGTTCAGTCTGGCGC,ANKRD12,576,70,125
ANKRD12_AAAGAGGGACTCACTTGCAC,ANKRD12,481,198,184
ANKRD13A_CGACTACCGGCAGCTCGAGA,ANKRD13A,843,477,266
ANKRD13A_GAGCACTGGCGATCCTGAGA,ANKRD13A,798,33,63
ANKRD13A_ACATGAGCTGGATAAGAGGG,ANKRD13A,1267,161,169
ANKRD13A_CTTCGACCTTTCCCAAGAAA,ANKRD13A,661,286,321
ANKRD13A_CACAGAACATCTGACCGAGG,ANKRD13A,1598,443,522
ANKRD13A_TGTAGCAGACAGGAACCCGC,ANKRD13A,1130,428,238
ANKRD13B_GGTGGCGGTTGTGCCACACG,ANKRD13B,49,0,0
ANKRD13B_AATCGCAGCGGCTGGACAGG,ANKRD13B,2230,232,94
ANKRD13B_ACTACCAGCGGGTGGTGAAG,ANKRD13B,963,504,410
ANKRD13B_CCACGTAGAAGTCCTGGGCC,ANKRD13B,1523,431,265
ANKRD13B_AGGGCAGATCTTGGACACCA,ANKRD13B,1482,156,172
ANKRD13B_TCTGGCAGACACAAGCGCCG,ANKRD13B,1633,72,477
ANKRD13C_GCTGTGATTGTGGGAAACAC,ANKRD13C,700,137,442
ANKRD13C_AGCTACGATAGCCATGAGCC,ANKRD13C,671,452,472
ANKRD13C_TCTTTCACGCGTGCCCAGAC,ANKRD13C,553,310,191
ANKRD13C_TGACATGAAGTGCCAACGAG,ANKRD13C,1179,371,421
ANKRD13C_TAGCTGATGGCTTCCGCCAG,ANKRD13C,917,288,246
ANKRD13C_GAATTGTGCAGCGGCAGAGC,ANKRD13C,396,167,66
ANKRD13D_GGCGAACCGGCATCGCGAAC,ANKRD13D,891,48,341
ANKRD13D_GCAAAGAGAACCGCCAGGGC,ANKRD13D,282,146,110
ANKRD13D_TCCAGTATCGGGACTACCAG,ANKRD13D,1753,171,194
ANKRD13D_GGGCACATCTTAGACACAAG,ANKRD13D,926,436,188
ANKRD13D_CCACATTACGAGTGTCCAGG,ANKRD13D,674,174,328
ANKRD13D_GGGCTGGCGGTCTGAGAAGA,ANKRD13D,1099,515,633
ANKRD16_TGAAGACATCACGGGCACCC,ANKRD16,377,125,97
ANKRD16_CATAATGAAGTGCTGTGAGG,ANKRD16,737,190,187
ANKRD16_CTGGATTGCGTCCATCAAGG,ANKRD16,980,906,482
ANKRD16_CACCTGGGCAAACAGTGAGC,ANKRD16,133,109,28
ANKRD16_AGCGGTCGACTGCCTGAAGA,ANKRD16,1107,227,183
ANKRD16_CAAGCGGCCTCTGCACGAGG,ANKRD16,1,0,75
ANKRD17_AGTGCTTGAACTGGTACACG,ANKRD17,352,150,169
ANKRD17_GGTGACTCAAATGAATCAGC,ANKRD17,4,0,0
ANKRD17_ATGGTCCTCAATACTAGCAC,ANKRD17,610,17,81
ANKRD17_AAAGGCTTTACCATCAGCCG,ANKRD17,1478,254,76
ANKRD17_TCCAGAAACACAGGCTAGAC,ANKRD17,506,641,531
ANKRD17_CGACGGCTGCAGAAGGAGAA,ANKRD17,870,320,250
ANKRD18A_CGGCAGCACCAAGGAAGCAC,ANKRD18A,1151,547,477
ANKRD18A_CAGTCCCGAATGTCGTAACC,ANKRD18A,1075,399,933
ANKRD18A_CGGGTTACGACATTCGGGAC,ANKRD18A,1277,360,897
ANKRD2_GGACTCCGAGGCGGTGCAGA,ANKRD2,505,185,172
ANKRD2_CATCGATGATCTCCCGCCGC,ANKRD2,5,2,37
ANKRD2_GACCTTCCTGAAAGCTGCGG,ANKRD2,524,63,0
ANKRD2_CCATGCATTGGGCCTGCCGC,ANKRD2,12,1,161
ANKRD2_TCCGGACTGCCACGTGCAGC,ANKRD2,396,252,160
ANKRD2_GCCACACTGACTCTAGGAAG,ANKRD2,855,97,291
ANKRD22_CACGGGCTTCCAAGAGCAGA,ANKRD22,821,75,123
ANKRD22_CTTCACAGCATAATGCAAGC,ANKRD22,485,230,612
ANKRD22_CTGATCTGTGCTTGCAGGCG,ANKRD22,2001,640,415
ANKRD22_AGCTATGCCAACGTTCAAGA,ANKRD22,1732,528,584
ANKRD22_CTGATAGGCTGCTTGGCAGA,ANKRD22,740,341,706
ANKRD23_TTTGTAGCTGCCGTGCCGCA,ANKRD23,424,87,245
ANKRD23_CCTTATCCTGTGCGTTCAGG,ANKRD23,690,63,132
ANKRD23_CCGGGTCAATGCCCGGGACA,ANKRD23,827,894,531
ANKRD23_TCCACCGCACCGCCTTGCAC,ANKRD23,1417,836,657
ANKRD23_GACAAGTACTTGACAGACGG,ANKRD23,799,102,274
ANKRD23_CTCCCACTCACCTTAACCAG,ANKRD23,5282,422,807
ANKRD24_GGCGCGATTTAAGAAGACAG,ANKRD24,384,80,8
ANKRD24_GGTCTTCCCATTCCATCCCG,ANKRD24,130,66,181
ANKRD24_ATCCCGAAGCCGGCAGCCAG,ANKRD24,1090,450,361
ANKRD24_AAACAACGATGCACCTCGGG,ANKRD24,611,125,191
ANKRD24_CATGGCCGCCAGGTGGAACC,ANKRD24,1016,434,373
ANKRD24_GCCCGTATTTGGCGGCCAGG,ANKRD24,639,45,152
ANKRD26_AGGCATGCCAGTAGCCCACA,ANKRD26,390,36,57
ANKRD26_CGCATTAGGATTAGGACAAG,ANKRD26,2954,878,1031
ANKRD26_CACAAGTCGTTAGCAAACCC,ANKRD26,2434,853,521
ANKRD26_GCTCTGAAGACTCCTTAAGC,ANKRD26,458,226,243
ANKRD26_CGTTGTCACAGACATTGAGC,ANKRD26,379,185,261
ANKRD26_CGAGATCTCGGTCTCGGACG,ANKRD26,1513,313,184
ANKRD27_CAGCTTGGCAAAGGATGAAC,ANKRD27,713,490,695
ANKRD27_ACACAGTCTCCAAGCCAGAG,ANKRD27,1493,289,537
ANKRD27_GCTTCTGAGGGACTCTCACC,ANKRD27,570,36,29
ANKRD27_TACTGACTATGTGGTGACGG,ANKRD27,872,139,227
ANKRD27_CTTTGCAGGGTACTAAGACC,ANKRD27,871,175,169
ANKRD27_CCCTGACTTGTGCAGCAAAG,ANKRD27,2180,802,760
ANKRD28_AGCCGCTTAAGGCTGCCAAA,ANKRD28,651,471,490
ANKRD28_TACCGTGCTGCTATGTGCAA,ANKRD28,1611,417,405
ANKRD28_TACCCATATATGCTGCCCAA,ANKRD28,666,108,177
ANKRD28_ACGTATCTGATCGAGCAGGG,ANKRD28,1082,471,264
ANKRD28_AGGTAAGCTGCGGCGTGCAA,ANKRD28,581,298,81
ANKRD28_ACGGAGTTTGAGGAACGCCA,ANKRD28,686,26,42
ANKRD29_TTGCGCTGCTCCTAGAAGCA,ANKRD29,1712,686,833
ANKRD29_ATCTGGGACGCGATCCACAG,ANKRD29,1122,226,615
ANKRD29_TCAGTACGGGCACATGCAGG,ANKRD29,319,134,132
ANKRD29_CTATTCTTTGCCGCCCAGCA,ANKRD29,1568,544,575
ANKRD29_CATAGACTGTGTGAGGGAAC,ANKRD29,1956,474,450
ANKRD29_AGCTGCTGTTGAACAGCGGC,ANKRD29,99,14,83
ANKRD30A_ATATACAAGACGCCCAGAAG,ANKRD30A,1440,692,402
ANKRD30B_TGTAGACCCGTTCGCTGAAG,ANKRD30B,1627,604,456
ANKRD30B_CGAACGGGTCTACACTGAGA,ANKRD30B,804,318,274
ANKRD30B_ATGTCCTTGATGGCGAAGGG,ANKRD30B,779,253,135
ANKRD31_TTGTTAGGTCCTCACAGCCA,ANKRD31,1872,240,450
ANKRD31_ATCTCTATGACATGCCGACC,ANKRD31,72,45,4
ANKRD31_GGTTCAATGAAAGTCCAGAC,ANKRD31,858,172,148
ANKRD31_CCAAGTTGAATCTCAGGAGA,ANKRD31,1676,526,371
ANKRD31_AGTCTGCATCCTGATACAAG,ANKRD31,832,143,208
ANKRD31_TTCAGTGACGGAGAGCGACC,ANKRD31,1234,370,107
ANKRD32_CGTGAAGAACTGAAACGCAC,ANKRD32,345,156,676
ANKRD32_AGAGACCATGTATAGAACCC,ANKRD32,516,267,376
ANKRD32_CTTACCTCTACGTTGTACAC,ANKRD32,88,52,95
ANKRD32_CATGAAGAACGCATACAGGA,ANKRD32,1022,554,435
ANKRD32_TCTGCTCACTCAAGTGGACG,ANKRD32,164,20,76
ANKRD32_GGCAAGCTGCTACTACAGCA,ANKRD32,652,52,69
ANKRD33_GGTGGGATCATTGTGGACAC,ANKRD33,328,53,6
ANKRD33_CATCCAGTATGGCTTGGAGC,ANKRD33,463,286,267
ANKRD33_CCACAACACTCTGGAAGCCG,ANKRD33,1719,364,449
ANKRD33_CTCATGTTGGCTGCCCAAGC,ANKRD33,1820,415,619
ANKRD33_GCACTCACAGCGGTTCCGCA,ANKRD33,241,295,158
ANKRD33_AGCTCCTGGTATCGCCAGAG,ANKRD33,1026,500,325
ANKRD33B_CAAACTCTTCGTAGTCAGCG,ANKRD33B,886,403,391
ANKRD33B_CCCGGAAAGCGTCCCGGAGA,ANKRD33B,1674,177,94
ANKRD33B_GGAGACTGACCGCAACGGCA,ANKRD33B,18,31,221
ANKRD33B_CCACGGTATCCACAAAGCCG,ANKRD33B,2139,543,580
ANKRD33B_CGGAGGGCTCTCAGGGCACA,ANKRD33B,3055,392,762
ANKRD33B_GCGGTACAAGGAGGCCAAGG,ANKRD33B,97,19,16
ANKRD34A_CTACCTCCTGGAGCAAGGCG,ANKRD34A,703,156,260
ANKRD34A_CTCATGCACGCTTGCGCCGG,ANKRD34A,1051,721,687
ANKRD34A_CCCTCAGTCCGAGATCACGC,ANKRD34A,1748,403,616
ANKRD34A_CTGGACGCCTGCAAGGCCAA,ANKRD34A,526,158,134
ANKRD34A_GGCGGAGAAAGTGACTAGCG,ANKRD34A,1829,530,578
ANKRD34A_CGGCTGGAGGGAGGGTCAAC,ANKRD34A,979,536,266
ANKRD34B_GCCGTCTTCTGAAGTTGGAG,ANKRD34B,1026,149,133
ANKRD34B_GCTCCAGGATATTACACCAG,ANKRD34B,1561,192,424
ANKRD34B_CAGAGTGGCTTCATTGCAAG,ANKRD34B,3743,1660,1455
ANKRD34B_TCTTGACCCAGGGTGGAGCG,ANKRD34B,1092,197,209
ANKRD34B_TCAAAGCAGTCCATCAGAGC,ANKRD34B,741,369,466
ANKRD34C_AAGCATCAGCAAGTCCAAGA,ANKRD34C,843,519,405
ANKRD34C_CCCAGCCTTGAAGATCGCAC,ANKRD34C,1217,185,263
ANKRD34C_TCAGAGGGAGACGCACACAG,ANKRD34C,2682,644,1094
ANKRD34C_CGTTGTCTGTGCTGGCACCA,ANKRD34C,2640,659,1289
ANKRD34C_GATTCCAGTCTCTTCAGCAC,ANKRD34C,306,84,38
ANKRD34C_TTTGCCGGATTCAAGGGAAA,ANKRD34C,947,405,412
ANKRD35_CTCCTGCTCCAGCACACAGG,ANKRD35,978,228,271
ANKRD35_GGCGGTTCCATCTCTCCACC,ANKRD35,701,126,0
ANKRD35_CTGACTATCCTGCTTGCAAA,ANKRD35,3894,1572,1620
ANKRD35_ATTATCCAACACGTCCAGGA,ANKRD35,834,47,91
ANKRD35_TGAGAAAGGCAGTGCCGAGG,ANKRD35,746,142,218
ANKRD35_AAGACCCGTGCTCGGAGGAG,ANKRD35,728,123,312
ANKRD36C_ATGACAAGGAGCCGAAGAGG,ANKRD36C,498,107,86
ANKRD36C_TGGATGACAAGGAGCCGAAG,ANKRD36C,1364,171,184
ANKRD36C_GCCGACCATTATGGATGACA,ANKRD36C,190,116,71
ANKRD37_GACTGCTTGCAGGGATCCGG,ANKRD37,169,0,0
ANKRD37_CTTCCTGCGGCTAAGTGGAC,ANKRD37,497,144,235
ANKRD37_CTTCTCTGGCAGCTGCAAAC,ANKRD37,1345,899,500
ANKRD37_GGGCGCTGACCTCAACCAGC,ANKRD37,24,49,139
ANKRD37_GGGCATCACTGGCTACAAGC,ANKRD37,1223,199,162
ANKRD39_TCCCGGATGGCCTTCAGGGC,ANKRD39,626,187,296
ANKRD39_GCCGTCGTCATCCACCACCC,ANKRD39,1072,448,162
ANKRD39_GCGCGGCTCCTGCTATCACA,ANKRD39,993,258,209
ANKRD39_CCAAGTCAGCCCGACTCGGC,ANKRD39,486,24,80
ANKRD39_GCTCGGCGTACAGCAGACGC,ANKRD39,126,82,15
ANKRD39_GCGCTGGGATGCGAGCAGCA,ANKRD39,2577,638,650
ANKRD40_GAAGCTCTCCTGTTATAGCA,ANKRD40,1039,21,148
ANKRD40_GGGTGTTAATCCAGATCAAG,ANKRD40,645,96,106
ANKRD40_CTCACTGGTGGCTGACAAAC,ANKRD40,4045,1214,1712
ANKRD40_TAAACGAAACCATGGTCAGG,ANKRD40,195,37,13
ANKRD40_TGGGCATGTAAACGAAACCA,ANKRD40,1174,655,306
ANKRD40_GAACGCCCTCCTAGAGCAGA,ANKRD40,326,168,148
ANKRD42_GGAGGTGTTGCGCCATGCCC,ANKRD42,544,37,63
ANKRD42_ATACATGATGCAGTACGAGC,ANKRD42,307,169,205
ANKRD42_ATCACACACGTAACAACGAG,ANKRD42,1413,582,296
ANKRD42_AATAATGCTCCGAAGTGGAG,ANKRD42,376,306,16
ANKRD42_TTAAAGGCAGCCACATGACC,ANKRD42,1057,549,385
ANKRD42_ACAGCTTCACTGCTGCCAAA,ANKRD42,1267,323,1533
ANKRD44_GCAATGCTACAACATCCAAG,ANKRD44,1479,281,197
ANKRD44_AGGACCGGCGTGCTCTGCAC,ANKRD44,370,13,37
ANKRD44_TGCGGCTCTGAACGGCCACG,ANKRD44,243,83,52
ANKRD44_AGGAGCTCGTGTAAATGCCA,ANKRD44,228,13,62
ANKRD44_AAATGCGGCCACATGAAGAG,ANKRD44,1109,193,536
ANKRD44_AATCTTCAGCGGTGATCCAG,ANKRD44,524,50,54
ANKRD45_AGTGTGTTGAATTCCTGGAC,ANKRD45,556,124,130
ANKRD45_GCCCAAGAACCAGAGGAAAC,ANKRD45,1113,328,249
ANKRD45_AGAAGAAGCCCAAGAACCAG,ANKRD45,892,208,93
ANKRD46_GACCTAGAGATTAGATGGCC,ANKRD46,535,143,126
ANKRD46_CTGCCACGTGGTTCGGAAGC,ANKRD46,1179,458,626
ANKRD46_TCTCCAGCTTCCGAACCACG,ANKRD46,2003,456,265
ANKRD46_GCGCTTTGCCAGAACTAAAG,ANKRD46,1659,766,695
ANKRD46_CCCAAATATTCGTGACAGCA,ANKRD46,2438,1326,1311
ANKRD46_ATCAATACAGGCTTGCAGCA,ANKRD46,677,227,154
ANKRD49_ATGGCCATAACAGTAAAGGC,ANKRD49,420,126,154
ANKRD49_TCAGGAGCTCATTGCACAGG,ANKRD49,995,27,54
ANKRD50_TATGATACCTTCAGCTCAGC,ANKRD50,291,91,153
ANKRD50_TCCATTGTGTGAACAGGAGA,ANKRD50,1073,169,148
ANKRD50_AGCACAAGGAAATGTTGAGG,ANKRD50,198,46,65
ANKRD50_GAGGCTTCATTCCCAGAAGA,ANKRD50,618,53,98
ANKRD50_CTGCTTCCCTTGCAGTAAAC,ANKRD50,2009,1022,813
ANKRD52_CCTCGGCTGCAAGGACCGCA,ANKRD52,37,12,7
ANKRD52_TCAACGTGGCTGACAGGAGC,ANKRD52,1318,107,154
ANKRD52_TGCTGCTGCCTCCCGAAACG,ANKRD52,1082,226,51
ANKRD52_CACCTGACATCAGTAGCAAC,ANKRD52,487,233,143
ANKRD52_CATCTCGGCTAAAGATGGCC,ANKRD52,441,0,0
ANKRD52_GATCCTCAGCATCACGGACC,ANKRD52,572,54,54
ANKRD53_GAAGGCCACCTGGACTGACG,ANKRD53,164,76,22
ANKRD53_GGACTCCGCGTCAGTCCAGG,ANKRD53,237,69,0
ANKRD53_CGGCTGTGGGCAACGTGGAA,ANKRD53,2512,1224,573
ANKRD53_AGAGGAGTACAAGTTTCCCG,ANKRD53,870,214,211
ANKRD53_CGTTGGCGCCACTCTGCACC,ANKRD53,150,226,28
ANKRD53_CTCCAATACCAAGCAAGCCC,ANKRD53,1586,545,273
ANKRD54_GACGCACAGCCTCTAGGCAC,ANKRD54,556,60,87
ANKRD54_ATCACCACACTGCTACGAGG,ANKRD54,393,96,207
ANKRD54_TCCTAACCAGCGAGATGGGC,ANKRD54,543,144,95
ANKRD54_CCCTTGTCATCAGCTGCACA,ANKRD54,2089,637,640
ANKRD54_ACCGTGCACCTCCTTGCCCG,ANKRD54,1475,280,585
ANKRD54_GCTCCGCATCCTGCTGCCAC,ANKRD54,100,6,73
ANKRD55_ACCATAGCCACCTGATCACC,ANKRD55,917,0,313
ANKRD55_TGCTCTCATTGATGTCCCGC,ANKRD55,848,292,364
ANKRD55_AGGGAATGACACCACTCCAC,ANKRD55,1008,104,104
ANKRD55_TGATGTTCGACTGTTGCAAC,ANKRD55,1810,504,618
ANKRD55_TTGCTCTTGTATTTCAGGGC,ANKRD55,709,140,213
ANKRD55_TGCGGTTTCTGGACGTCAAG,ANKRD55,1566,435,412
ANKRD6_GCTCATCAACAAGGGCGCCA,ANKRD6,504,87,183
ANKRD6_AGATCTGGACCACAGGAAGA,ANKRD6,998,293,234
ANKRD6_CATCCACGAAGGGTGTGCCC,ANKRD6,404,255,121
ANKRD6_TTGCATGAAGCATCCTGGCA,ANKRD6,823,424,738
ANKRD6_TTTGAGGTCAGCGCGGGACC,ANKRD6,598,82,410
ANKRD6_GCGCGCAGCAACGTGCAAAC,ANKRD6,1689,905,1129
ANKRD60_TGAACCACACACTGAGCGAG,ANKRD60,591,218,315
ANKRD60_GAAGCACTGGACGTCTCAGA,ANKRD60,192,28,38
ANKRD60_AGGGTGAGAAGTGGAAGCAC,ANKRD60,678,51,124
ANKRD60_CTCCAGTACCTCGACGAAGG,ANKRD60,1355,485,104
ANKRD60_TTCCGAGTGGCAAACTGCCG,ANKRD60,1545,168,180
ANKRD60_CCCAATGCGGGACGCAGGAG,ANKRD60,1307,242,480
ANKRD61_TGGGCAGAATGGTGATGGGC,ANKRD61,395,272,223
ANKRD61_TCTGGCTGCCAAGTACCACA,ANKRD61,744,105,121
ANKRD61_AGCTCAAGTGAACACTCAAG,ANKRD61,3067,299,397
ANKRD61_CAAACGTTCACCACTCCACC,ANKRD61,420,245,121
ANKRD61_ATGTTTGCGGCCATGTGAAG,ANKRD61,817,292,397
ANKRD62_AGGAAGAATCGTGACAAGGA,ANKRD62,1168,242,202
ANKRD62_ACGACAGGGACAAGAAGAAC,ANKRD62,1484,511,268
ANKRD62_CTACCACTCCTGGACGGCCA,ANKRD62,1256,180,224
ANKRD62_CACTGTCAGTGAGGTTAAGC,ANKRD62,704,303,364
ANKRD63_AGGTGCGGTAACCGAGGAGG,ANKRD63,437,0,103
ANKRD63_GCTGGGTCGGAGCATGAGCC,ANKRD63,191,17,180
ANKRD63_CAAGAATTCGGGCCGGCACC,ANKRD63,653,72,173
ANKRD63_ATCGACTGCCGCGCGGAGCA,ANKRD63,309,113,37
ANKRD63_CAGCATCATCGACTGCCGCG,ANKRD63,283,0,31
ANKRD63_CCGCTTCGTGTTGGATGCGC,ANKRD63,1387,81,162
ANKRD65_TGTGAGGGCATAGAGTCCAC,ANKRD65,301,198,78
ANKRD65_TGGCCGCTCTGCGCTGCACA,ANKRD65,836,416,242
ANKRD65_GCTGCAGCAGGAGACGCACC,ANKRD65,400,126,200
ANKRD65_TCCTCAGGGACCACGCAGGC,ANKRD65,853,265,114
ANKRD65_AAGGTGCCAGCGTGGAGGAG,ANKRD65,914,156,159
ANKRD65_GGCCTAGTGTTGTCCAGGGC,ANKRD65,230,186,347
ANKRD66_CATGGACACAACACTCCGGA,ANKRD66,436,128,169
ANKRD66_CACATTTCAATGCACTCACC,ANKRD66,575,169,270
ANKRD66_AGGGCTTACCACAACAAAGA,ANKRD66,794,348,358
ANKRD66_ACTAGTAACCAGGCAGGGCC,ANKRD66,346,149,52
ANKRD66_TCTTTGGAGACACACCGAAG,ANKRD66,1053,70,89
ANKRD66_TGGATGAGCGTGATGAAGAC,ANKRD66,1988,629,749
ANKRD7_AAGAATGAGACCCGCAGCCA,ANKRD7,480,207,391
ANKRD7_CCACAATTCACTGCGAGCCA,ANKRD7,3062,1067,526
ANKRD9_TCACTGGCAAAGGCTAGGCC,ANKRD9,504,225,57
ANKRD9_TGGGTGAGGACAAGTTCCAG,ANKRD9,398,193,276
ANKRD9_TGGCGCAGCAGCAGCTCGAG,ANKRD9,794,536,781
ANKRD9_GGAAGTCGCGCAAGGTGCGC,ANKRD9,83,37,70
ANKRD9_TGCGGCGCAGAATGCCCACG,ANKRD9,31,24,102
ANKS1A_CCCACCTGAGCAGACTGGAG,ANKS1A,1408,643,409
ANKS1A_GAACGATGCGCTGACCAACG,ANKS1A,1386,585,779
ANKS1A_CTCGAATTTGTTGTTGCGCA,ANKS1A,1414,1022,1144
ANKS1A_TGACCAAGACTCCACGAACA,ANKS1A,2495,1333,955
ANKS1A_AAAGCCACCGCCCGATGAAG,ANKS1A,776,184,132
ANKS1A_TCCGTCCACTCCAAGACCAC,ANKS1A,536,402,324
ANKS1B_TAGAGTGCCGCCAAGTCCAA,ANKS1B,551,222,226
ANKS1B_ACATTCCAGGGTCAATGAAC,ANKS1B,1128,277,148
ANKS1B_AAAGGAGGGATCCTGGGCGG,ANKS1B,395,1,16
ANKS1B_GCAGGGAGTAGCCGTCCACG,ANKS1B,450,247,218
ANKS1B_CATTGTCATCCTGTCGGGAG,ANKS1B,928,766,884
ANKS1B_GAGGTGGGTGGACTAGCAGG,ANKS1B,360,67,164
ANKS3_TTGAAGGTGACATAGCCACG,ANKS3,1618,263,198
ANKS3_GCGGGCCACTCACCATAGCG,ANKS3,586,133,129
ANKS3_AAGAGCCTCTATCGGAGCCC,ANKS3,0,62,2
ANKS3_CATTGGCTCCACTGTCCAAG,ANKS3,1905,109,380
ANKS3_GAGTTCCCTCGTAGCTCACC,ANKS3,111,9,57
ANKS3_TTCCATTGGCCAGTATGAAG,ANKS3,1807,360,301
ANKS4B_TGTTGGCACCAAAGTTGACC,ANKS4B,344,202,143
ANKS4B_GCCGTGGGATGACGATGAAG,ANKS4B,2871,462,648
ANKS4B_GCTCTCTCTTGAAGATAGGC,ANKS4B,272,158,91
ANKS4B_TGCTATCAACAGGAGGAAGC,ANKS4B,1075,219,228
ANKS6_CTCATTGTGGAGTCCAGAGC,ANKS6,1258,206,221
ANKS6_CCCAGTGCTGCCCGATGACA,ANKS6,1568,762,1088
ANKS6_TGGATACACGGCCTTTGACC,ANKS6,847,63,76
ANKS6_GCACGCGGATGTTGACAAGC,ANKS6,806,268,213
ANKS6_ACTCACTGGGCGGCTTGGAG,ANKS6,1043,353,194
ANKS6_CACCGCACTGCAGTTCGCCG,ANKS6,2378,670,906
ANKUB1_TCTAACTTGACTACCCGAGG,ANKUB1,572,199,173
ANKUB1_AGCCCTCAAATTTCATCCAC,ANKUB1,427,166,174
ANKUB1_ATTCATGCAGCCGCAGAAGC,ANKUB1,518,61,171
ANKUB1_AGTGTCTGATCTGAGAACAC,ANKUB1,328,157,374
ANKZF1_CATCCGCGCTGAGGTCAAAC,ANKZF1,1119,658,732
ANKZF1_AAGTCCAGGGCAGACAGGAG,ANKZF1,1994,76,35
ANKZF1_GCAGACACTGGATCGGGAGA,ANKZF1,860,192,104
ANKZF1_GCTATACGGTTCGGGCCAAG,ANKZF1,209,129,167
ANKZF1_CTCACCATAGACATGCAAAG,ANKZF1,3070,1028,1001
ANKZF1_TGCAGTCTGACTGCTTCCCG,ANKZF1,2859,87,407
ANLN_GAAGATTCTCTCGCCTGGCA,ANLN,712,35,75
ANLN_TTTGCAGATGTCGACTCAAC,ANLN,1441,209,266
ANLN_TTGCAGCAAGATTGGCCAGA,ANLN,524,100,293
ANLN_TCCCAGACAGTTCCATCCAA,ANLN,446,30,42
ANLN_CTTCGTGGCCGATTTGACAA,ANLN,2031,905,690
ANLN_CCTCTAGGACATCACTGAAG,ANLN,333,0,21
ANO1_AAACAGCATTGCTCACCACC,ANO1,982,493,142
ANO1_GGATGACAAGCGCTTCCGCA,ANO1,677,68,167
ANO1_ACTGAAGATGCCGACGAAGA,ANO1,389,388,128
ANO1_ATGCTGCTTCTCCCGGGAGA,ANO1,624,380,511
ANO1_TGGCGCGTTCTTACCTGACC,ANO1,711,63,85
ANO1_CCTGTACGGATGCGCCACCA,ANO1,2197,720,557
ANO10_AGTTTCATCTGGATATGCCG,ANO10,1184,301,233
ANO10_TTGGCTGAAGGTTCTGAGAA,ANO10,1393,606,783
ANO10_TATTGGCTCCAAAGGAAGCA,ANO10,278,47,175
ANO10_ACACCATGAAATCCTGGCCG,ANO10,556,247,511
ANO10_AACTTTGCCTGAGGGTAACC,ANO10,744,106,173
ANO10_GCAAGTTCTATGACCACCAA,ANO10,1315,408,126
ANO2_CTCCCGAGCCAACAACACGA,ANO2,1772,770,1317
ANO2_GCGGGTGGCATTATCAAAGA,ANO2,8,1,2
ANO2_CATTGCAAAGAAGTTCAGCG,ANO2,1203,324,485
ANO2_GGCGTGTATCCGGACAAAGA,ANO2,639,504,371
ANO2_CCTACCACTACCGGAAACGC,ANO2,2891,413,678
ANO2_TTGGAACCGCCCTGCAGACC,ANO2,798,358,308
ANO3_AGCTCTGGGCGAGGCAAGGC,ANO3,699,293,520
ANO3_TACTTGCACAGCGTGTCCCA,ANO3,841,135,150
ANO3_GAATCCGTGCACGGCTGAAG,ANO3,882,236,116
ANO3_TCGAGTAGCATTGCTGAAGA,ANO3,2769,877,652
ANO3_CGACAGCTGTATCTATGCCA,ANO3,1511,471,425
ANO3_ACTGTTCCATGACAACCAGG,ANO3,316,28,73
ANO4_GCATCTTTGGAGACGAAGAG,ANO4,895,505,574
ANO4_AGTGAGGAATGCCTGACCAC,ANO4,1,73,50
ANO4_TACTTTGGTTCTAGTGGCCA,ANO4,662,186,215
ANO4_CTCATGAACTTGTAACGGCG,ANO4,1062,445,308
ANO4_GATCCTTTGCTGGCTGAAAG,ANO4,569,441,798
ANO4_GACTTGGCTGTGATCCAGAG,ANO4,557,739,491
ANO5_CATTAACGAGCTGGCGAAGA,ANO5,1744,254,753
ANO5_TCAATTTGTTCCTGAGGCGG,ANO5,1006,192,274
ANO5_GGTAACTAATACCTCCCAAG,ANO5,322,34,103
ANO5_TCACACACTTGATCACAGAG,ANO5,1923,1059,1126
ANO5_GAAACAACGACAAGCCAGAC,ANO5,985,456,416
ANO5_GCTGTATAGTCGATGGGAGC,ANO5,833,562,487
ANO6_TTTGCTACAAATGGAGGAGG,ANO6,480,124,379
ANO6_CAGCCTTTGGTACACTCAAC,ANO6,1480,540,281
ANO6_CTTGATACTTGACCCGAGAG,ANO6,853,378,280
ANO6_CCTCACCTGATAAGATCCAA,ANO6,531,77,110
ANO6_CCTGGCCGCAGTTGTAGGAG,ANO6,762,287,310
ANO6_ACCTTCTAGTGTGACCCAGG,ANO6,724,405,217
ANO7_GCAAGGTGAGGGCATGCGAA,ANO7,3231,620,634
ANO7_AGGAGGACCTGAAGCTAGAC,ANO7,155,115,164
ANO7_CTACAGCAGGACGTCCAGGA,ANO7,2740,573,952
ANO7_TACCCAACCAGGCCTCCAAC,ANO7,770,144,132
ANO7_CTTCCTCGGGAGTGACAACC,ANO7,1232,845,778
ANO7_ACTTGGCGCTGGTTGAGGCG,ANO7,603,292,509
ANO8_AGAATACGCTGCTCGTGGAC,ANO8,1497,658,827
ANO8_CAGAATTTGCGTGCCAAGCA,ANO8,1329,763,562
ANO8_TTCTTCACAGCCTACTCCGA,ANO8,1824,348,223
ANO8_GCTGCTGAACCACATCCGCG,ANO8,632,265,244
ANO8_GGAAAGCGGCTCCTGCAGGC,ANO8,289,61,40
ANO8_TACCCAGAACTCCGGACGCC,ANO8,321,30,75
ANO9_GACTAAGAGGCCCGTCAGGG,ANO9,338,124,158
ANO9_TGAAGAAGACGTGGGCGCGG,ANO9,845,430,423
ANO9_TCGAGGATCTGATGAAGGAC,ANO9,1113,576,738
ANO9_ATGAACAACAAGACCTCGGC,ANO9,537,0,88
ANO9_GGTGATCCGGGACCAGAAAC,ANO9,381,125,137
ANO9_CGGATCCTGGTGGAGCCCGA,ANO9,27,156,1
ANP32A_CCATTTCGATTGCACAGAGG,ANP32A,1638,226,275
ANP32A_GATGAGGATGGTGGGTGACA,ANP32A,780,81,2
ANP32A_GGGTCCGAATGACTTACCAG,ANP32A,410,65,132
ANP32E_AAACGAGATGCTGAAGACGA,ANP32E,490,169,169
ANP32E_TCTTCCTCATATCCTTCCGG,ANP32E,521,3,49
ANP32E_AATGAAGCTGGTCCACCGGA,ANP32E,46,12,16
ANP32E_AGCGCCGGACTCTGAAGAGG,ANP32E,457,392,311
ANP32E_TGAAGCGCCGGACTCTGAAG,ANP32E,859,114,105
ANP32E_TGGAACTAAGTTCGCTGGCC,ANP32E,568,107,266
ANPEP_AGGGTGCAGTACTCACCGCC,ANPEP,69,124,125
ANPEP_CGGCGTGTTGATCTCCGAGG,ANPEP,2639,300,359
ANPEP_GCTCCGCATAGTCAGCACCC,ANPEP,888,187,202
ANPEP_GGCCTGCCAGACTTCAACGC,ANPEP,379,442,267
ANPEP_ATGGCCGGCTCATCGAAGCA,ANPEP,701,315,420
ANPEP_GCTCAACTACACCCTCAGCC,ANPEP,1065,257,492
ANTXR1_GCCACTGGAAGCCGATGCCG,ANTXR1,330,36,125
ANTXR1_GGACATTCTCAACTGTGGGC,ANTXR1,445,85,86
ANTXR1_CTCCAGAAAGTTCTGCCAGG,ANTXR1,1320,292,402
ANTXR1_AGTCAAAGCAATGATGACGC,ANTXR1,772,121,132
ANTXR1_GATCTCGAGACCTATTAGCC,ANTXR1,145,146,175
ANTXR1_CTTCCGACATGCCCGCAACG,ANTXR1,2595,2231,3052
ANTXR2_CTCGGGAGAAGTTTATGCAC,ANTXR2,1771,264,232
ANTXR2_TTCCTATTATGGTGGTCGAG,ANTXR2,149,66,138
ANTXR2_TACTCACCACTTTGCAGCAA,ANTXR2,2381,203,461
ANTXR2_GCACCTATCCTGAATAAAGC,ANTXR2,1391,338,474
ANTXR2_TTCATGCTGGGCAGTCGGAA,ANTXR2,2066,484,893
ANTXR2_TTGGTGCTCAGCGGTCCCGG,ANTXR2,482,35,102
ANTXRL_CTGGAGAATATTTCACCGCC,ANTXRL,570,130,210
ANTXRL_AGTAGAGGTCAAATGAGCCC,ANTXRL,228,66,16
ANTXRL_CTCTCACGCAAGCTGCCACC,ANTXRL,33,277,230
ANTXRL_CATGGATGTGTTGTCAGAGC,ANTXRL,1492,423,223
ANTXRL_TGCACAGTCCCAATATGCAC,ANTXRL,469,379,14
ANTXRL_AGCGAGCCTGTTTGAGGGCG,ANTXRL,565,402,315
ANXA1_GGTATCAGAATTCCTCAAGC,ANXA1,365,160,206
ANXA1_CAGAATTCCTCAAGCAGGCC,ANXA1,1878,744,685
ANXA1_ATGGTTGCTTCATCCACACC,ANXA1,605,57,97
ANXA1_TCATCAGCATCAAATTGCGC,ANXA1,2035,534,605
ANXA1_TACCAGGATGGCTTGGCAAA,ANXA1,2273,529,458
ANXA1_TTCCTCCACAAAGAGCCACC,ANXA1,113,123,100
ANXA10_CTCAGCGCTGCAATGCACAA,ANXA10,3035,803,869
ANXA10_CATCCTGAGCAGCCATCGCA,ANXA10,1018,706,533
ANXA10_AGCCTGTCAGCAGAAGACGG,ANXA10,325,344,112
ANXA10_GAGCTACCAGCAGCTGCGGC,ANXA10,437,75,99
ANXA10_ATCGTTTCCTTATGGTCAGC,ANXA10,178,152,147
ANXA11_CCCTGATGTGTCGCTTCGAA,ANXA11,1486,1389,1168
ANXA11_CTTCAAGACGGCTTACGGCA,ANXA11,1050,147,266
ANXA11_CAGGACCTCGGCATCTCGCA,ANXA11,321,260,64
ANXA11_CCTCATATCCGCCATACCCA,ANXA11,971,37,130
ANXA11_GGCCACGTTATCCAGCCCGA,ANXA11,131,1,6
ANXA11_ACCCTCTTACCTGGTGCAGC,ANXA11,617,155,214
ANXA13_TTGTATTTGACCCTTGAGGC,ANXA13,1392,283,471
ANXA13_TCGCAATGAAGGAGATGACG,ANXA13,1067,121,134
ANXA13_CCATTAAAGAGGCCTACCAA,ANXA13,1371,291,364
ANXA13_CCTTATTGGTCCTCGTGCAC,ANXA13,896,341,415
ANXA13_GAGGACTGCTCGCTTTAGCC,ANXA13,501,226,209
ANXA13_CAGTCAACAGTTGCCTAAAG,ANXA13,2224,717,387
ANXA2_GCCACGTAGCTATCAAACAC,ANXA2,1624,704,655
ANXA2R_CGCCCAGAGTACAGAGAACG,ANXA2R,2080,785,1423
ANXA2R_GGCAGTCTGAGAAACCCGGG,ANXA2R,62,27,19
ANXA2R_GAGGATGGCGGCGTTCCAAA,ANXA2R,642,329,319
ANXA2R_ACACCGAGGTCTGTGACAGC,ANXA2R,1095,514,712
ANXA3_CTGAGAGGTCAAATGCACAG,ANXA3,1424,691,1115
ANXA3_CCACCATGAGATGCTCAAAG,ANXA3,2587,1104,1276
ANXA3_GAGGAAAGCTCCTTAAACAC,ANXA3,1283,205,79
ANXA3_TAATTGTGTGAGGAACACGC,ANXA3,424,104,102
ANXA4_TGCTTCAGGATTCAATGCCA,ANXA4,883,163,194
ANXA4_CTACAAGAGCACCATCGGCA,ANXA4,2811,425,852
ANXA4_TGACGTGCAAGAGCTGCGAA,ANXA4,1132,589,819
ANXA4_GGTAGGTTTGGCTTATGCGC,ANXA4,183,58,112
ANXA4_GGACGATGCTCTCGTGAGAC,ANXA4,752,305,313
ANXA4_TAAGTGCCTTACCATGCAAC,ANXA4,1279,606,735
ANXA5_CACACTTCGTGTTCCAAAGA,ANXA5,1401,274,648
ANXA5_TTGCAGGCTTTATTTCAGGC,ANXA5,1265,901,525
ANXA5_ACACTTCAGGGTACTACCAG,ANXA5,1742,280,262
ANXA5_CCGAAGTAATGCTCAGCGCC,ANXA5,814,267,299
ANXA5_TGATGCAGAAACTCTTCGGA,ANXA5,273,79,24
ANXA6_GATTGAAGCCAGCATCCGAG,ANXA6,906,151,64
ANXA6_GGAGGATGACGTAGTGAGCG,ANXA6,897,121,437
ANXA6_TGCAGCCTACGAGCGGGACC,ANXA6,1149,476,291
ANXA6_TCTTTGGCATCACAATAGGC,ANXA6,416,21,71
ANXA6_TAATCACCTCACGGAGCAAC,ANXA6,473,205,211
ANXA6_GACCATGGCCAAACCAGCAC,ANXA6,530,204,260
ANXA7_GCTATTGTGGGCCAGTAGGA,ANXA7,415,160,15
ANXA7_GAGGAAAGCTTCTTGTGGCA,ANXA7,354,79,54
ANXA7_TACTATACTCACCTGGCACA,ANXA7,764,156,213
ANXA7_TTATGGAGGTGGTCCAGCAC,ANXA7,1026,501,975
ANXA7_GGAGCTCCATCCTATCCCGG,ANXA7,97,100,107
ANXA7_AGTAGTGGCTACCCAGGAGC,ANXA7,472,155,1104
ANXA9_CTGAGGGCCATTACTGGCCA,ANXA9,494,172,202
ANXA9_CCCTCATCTCGGTTCAGGCG,ANXA9,459,142,74
ANXA9_TTGTGGACGTGCTGACCAAC,ANXA9,1919,239,756
ANXA9_CACTTTCCGGCAACCTGGAG,ANXA9,478,234,178
ANXA9_GCGGAGCACTGGGCAAGAGC,ANXA9,2330,734,429
ANXA9_AGCCCTGCACAAGGCCAGGA,ANXA9,573,411,582
AOAH_CAAGCCAGTGAGTGCTCACC,AOAH,163,143,346
AOAH_TAACATGGCTGCCATTGGGC,AOAH,2539,126,184
AOAH_GGTAGTCCCTGTGATTACAG,AOAH,90,85,14
AOAH_AGCGACGAGTCAGTGTACCC,AOAH,2144,309,174
AOAH_ACACACTCACCTTGGGAAGA,AOAH,1284,649,578
AOAH_ACAGTCTCTCCATCGAGGCC,AOAH,400,458,119
AOC2_ACTTAAACTCCCGTTCCAAC,AOC2,511,222,348
AOC2_TAAGTCTGGCCGGTTGGAAG,AOC2,1241,361,599
AOC2_CTGGGTGGTAGCTGAAGACG,AOC2,1997,230,246
AOC2_CATTAGTCTGGTTGCTAGCC,AOC2,634,346,558
AOC2_GGCAGTGTCTACTTTGAGAA,AOC2,1170,277,219
AOC3_CGGCCAGAATGAGGAGCACG,AOC3,1460,997,674
AOC3_CAATGAGACCATTGCTGGAA,AOC3,417,396,231
AOC3_CCAGCTGACCTTTCCAGCAA,AOC3,3539,504,442
AOX1_AACCAGCGCGGACACCACAA,AOX1,1242,247,784
AOX1_TTAGTTCCTGTGAGTCGAAC,AOX1,690,208,454
AOX1_TGGCTTCTGCACACCTGGGA,AOX1,1088,37,223
AOX1_TGTATCCAGTGCAACGGCAC,AOX1,542,72,64
AOX1_TCTGCCATTGGATCCAACCC,AOX1,871,165,223
AOX1_CAGTTCCTTCAGGGTCACGG,AOX1,684,275,150
AP1AR_CGGACTGCTTCGCAAGGAAG,AP1AR,695,255,366
AP1AR_CTGCACAGCGTGAAGCAGCC,AP1AR,323,365,201
AP1AR_GCACATCCTTAGATCTAGAG,AP1AR,395,347,87
AP1AR_CTCTGATGATTCCAATGGGC,AP1AR,677,36,52
AP1B1_GCTCGACCTCATCCAGACCA,AP1B1,656,295,517
AP1B1_TGGCCGCTGCGCCATCAAGG,AP1B1,1546,337,284
AP1B1_ACCATCACACGCAGCTGACC,AP1B1,332,182,202
AP1B1_CGGCACACTGCTCAAGAAGC,AP1B1,1994,813,839
AP1B1_CCACGACATCAACGCCCAGC,AP1B1,552,25,116
AP1B1_CTGCATGCAGACGGACAACC,AP1B1,1285,583,603
AP1G1_CATGCAGCCACTTGTACCAA,AP1G1,1001,281,360
AP1G1_GAATTGCTTTGTACAGGCGC,AP1G1,89,107,59
AP1G1_GGTATGCACCTTCCAAACGA,AP1G1,201,105,98
AP1G1_CCCTTCTGCAAGGCGTGCAA,AP1G1,352,202,121
AP1G1_TGAGGAGCCCATGCAGCCGA,AP1G1,463,245,211
AP1G1_TTGGGTTCGGGCTGTCCGGA,AP1G1,1078,175,159
AP1G2_TCCGGAGGATGTGTACCAGC,AP1G2,930,62,186
AP1G2_AGCCCTCAGGCACTTCCGAA,AP1G2,1391,338,146
AP1G2_CTGCTTCATGAGCGTCACCA,AP1G2,771,463,413
AP1G2_TGCTGAGATGTGCCGAGACC,AP1G2,885,388,356
AP1G2_TGATGCTGTTGGTAATGAGC,AP1G2,784,50,105
AP1G2_GGAGCGGGAGGTGATCCAAA,AP1G2,724,198,204
AP1M1_CGTGCTGGACCTGAAGGGCA,AP1M1,1162,48,132
AP1M1_AGTTCCGGCAGATGAGCACC,AP1M1,438,52,63
AP1M1_TTCCGAGTACTTCAAGGAGC,AP1M1,890,42,113
AP1M1_ACCAGCCACCGTCACCAACG,AP1M1,1722,203,184
AP1M1_CATTGCCGTTGGCGCTGACC,AP1M1,1287,479,303
AP1M1_AGCGTGATAGCCGCACACAC,AP1M1,2202,223,337
AP1M2_TACCGACGATTTCGCTCAGA,AP1M2,482,143,39
AP1M2_CTTGATACCCTCGGAGCGCC,AP1M2,578,376,166
AP1M2_CTGCGAATACTTCAAGGAGC,AP1M2,1060,346,173
AP1M2_TTCGATGTGGTGGCCACCAC,AP1M2,1265,434,573
AP1M2_ATAGGAAGTGGACCTGGCCG,AP1M2,338,256,323
AP1M2_CAGAATGAAGACAGCCGAGG,AP1M2,780,277,48
AP1S1_CATGCTATTATTCAGCCGGC,AP1S1,465,168,326
AP1S1_CTTCCGTTCCTTGTCCGAAG,AP1S1,1459,597,1027
AP1S1_AGACAATGAGCTCATCACAC,AP1S1,862,806,1034
AP1S1_TGTGCTGAAAGCCATCGAGC,AP1S1,730,402,134
AP1S1_CTTAGGAGGATGAGTCGCCA,AP1S1,535,98,561
AP1S1_ACGGAGTGTGCTGGAGGAGA,AP1S1,110,139,145
AP1S2_TAAGCCTGCCCTATGCCAGC,AP1S2,307,97,42
AP1S3_CAGTACGGTTTCCCAAACCA,AP1S3,1561,478,315
AP1S3_TAATATCCAGCTCACAGACC,AP1S3,388,183,151
AP1S3_ACCAGGAATCCAAGACAGAC,AP1S3,817,322,245
AP1S3_ACTGCTTGTCCTGTGACCAC,AP1S3,715,237,558
AP2A1_CCAAGGGCGATGGGATGCGG,AP2A1,888,380,166
AP2A1_CCCAGGTAAGAGCAAAGAGG,AP2A1,2518,317,254
AP2A1_AGTCAATGTCATGGCCAAGC,AP2A1,642,209,75
AP2A1_CAGTGCCTTACCCGGCCACC,AP2A1,231,99,77
AP2A1_CTCGCCTGACCTGGTGCCCA,AP2A1,1307,467,313
AP2A1_GGCGTTCATTACCTGGAGGC,AP2A1,65,0,222
AP2A2_TATCCGAGATGAAGACCGCC,AP2A2,327,59,21
AP2A2_AGATGGCCGAGGCCTTCGCC,AP2A2,211,123,35
AP2A2_GGGCGACTGGACATCCCGAG,AP2A2,420,68,324
AP2A2_TGGGTTCTTCTGTGCTAAAG,AP2A2,1348,609,741
AP2A2_CAGCAGTTTGACAGACAGCC,AP2A2,2378,966,342
AP2A2_AGAACCGCCCAAGTCGAAGA,AP2A2,577,263,250
AP2B1_CTACGGCATTAGCCACCACC,AP2B1,2012,57,315
AP2B1_GGTCTTGAGTTTGGCAACAC,AP2B1,392,231,272
AP2B1_GGCGCCAATAAATATAGCCC,AP2B1,76,5,0
AP2B1_CTAGAAGATCACCTTGAGAG,AP2B1,2275,363,239
AP2B1_CTTGTTGCTTTCCTGGCAGG,AP2B1,654,70,125
AP2B1_GCTTTCCCATACAGAGCGCC,AP2B1,1,103,49
AP2M1_CCGCTTAACGTGGAAGAAGC,AP2M1,422,241,362
AP2M1_TACCCACAGAATTCCGAGAC,AP2M1,989,173,183
AP2M1_GCAGATTGGCTGGCGGCGAG,AP2M1,843,289,371
AP2M1_GAGTGCCCATGTGTCGGGCC,AP2M1,132,20,126
AP2M1_ATCAGCTTTATCCCGCCAGA,AP2M1,311,201,105
AP2M1_CTCGCACTAGCGGGATCACC,AP2M1,231,128,144
AP2S1_CCGAGAGACCAGCCAGACGA,AP2S1,2505,171,252
AP2S1_GAATGGCCTCCAGGTAAGCC,AP2S1,262,155,153
AP2S1_TCCGGAACTGCAGAACAGAG,AP2S1,1004,1028,806
AP2S1_GGCGTCTCGGACGGTGACCA,AP2S1,367,101,194
AP2S1_ACTGCATGTACCACTTGGCC,AP2S1,2323,96,105
AP2S1_CTTTATCCTCATCCAGAACC,AP2S1,959,114,256
AP3B1_GCTGGTGTGGGAAGTGCAAC,AP3B1,1008,441,301
AP3B1_TATGAGATAAGGTGCCAAGC,AP3B1,500,136,112
AP3B1_TCGATATGCTGAAGAACAGC,AP3B1,434,162,137
AP3B1_ATCGCTGCTAAAGAGGCCGA,AP3B1,476,52,31
AP3B1_ACAATGAGCAGTCCGGAGGA,AP3B1,1215,319,286
AP3B2_CAGTTTGGACTCTGACCAGA,AP3B2,328,163,94
AP3B2_GGGCACTGGCACGAATCAGC,AP3B2,554,130,103
AP3B2_GCCACGTTGGAAGGTGGAGA,AP3B2,1706,317,601
AP3B2_TCTTCACCACCGCGGGAAAC,AP3B2,1365,489,585
AP3B2_CAACAAGGATTCTCTCAAGC,AP3B2,1088,376,461
AP3B2_CCCGCCTACAGCGAAGACAA,AP3B2,1353,606,251
AP3D1_TACTCCTTTGGAACCGCGGC,AP3D1,549,126,59
AP3D1_CGTCAATGTCATCTGCGAGC,AP3D1,1318,364,263
AP3D1_CAAGCCCTACATCAGGAAGA,AP3D1,1302,383,236
AP3D1_CACCAATCAGATCCGTAAGG,AP3D1,1165,383,238
AP3D1_TGTTGGGATACGACATCAGC,AP3D1,738,173,293
AP3D1_CGGCATCCGTAACCACAAGG,AP3D1,2235,1211,965
AP3M1_GCTCCCAAGTCTTAAAGGAC,AP3M1,557,0,28
AP3M1_ATGAACCTGACACCCACACA,AP3M1,1000,191,286
AP3M1_CAGATTCCCAACGCTTGAAC,AP3M1,952,100,98
AP3M1_AACATACCATGGCGTCGGGC,AP3M1,201,50,30
AP3M1_TATGTTGGACAGCTGCCCGG,AP3M1,257,74,104
AP3M1_ATGTTAGATTCGGTAGCCAG,AP3M1,220,77,64
AP3M2_CATTGAGTTTCTTCACCGAG,AP3M2,831,362,513
AP3M2_ATGTTCGACTCGGTAGCCAA,AP3M2,437,69,175
AP3M2_CATGCCAGTCAGCTTGACAC,AP3M2,1076,333,730
AP3M2_CAGCGTTTGAAACGAACACA,AP3M2,1212,230,332
AP3M2_TGAGCCTTACTCCATCACAG,AP3M2,1424,233,531
AP3M2_CACATTCGACCCAGTCACAA,AP3M2,2530,415,334
AP3S1_GCTGGATACTCACGTAGGGC,AP3S1,461,222,74
AP3S2_CCTCTCATTTCTTCTTAGGG,AP3S2,521,187,216
AP3S2_GCACTACATCCTCCAGGAGG,AP3S2,894,397,201
AP3S2_TTTCCATCTAGTCCTCAAGC,AP3S2,517,326,352
AP3S2_CTTTCCATCTAGTCCTCAAG,AP3S2,650,90,175
AP3S2_GGGCCGCACTCACGAAACGC,AP3S2,1318,226,105
AP3S2_TGGTAGAAGCGGACTAGCCG,AP3S2,954,535,509
AP4B1_CGACAAGAGCACATTACCAC,AP4B1,3528,765,1191
AP4B1_TGTGTCTGCGGACTTTGCAC,AP4B1,582,107,133
AP4B1_ATACAGTTTGCTGCGTGACC,AP4B1,51,96,0
AP4B1_TGTATATACTCCTGCACACC,AP4B1,1147,218,108
AP4B1_CAATCCAATGGTGCGAGGGC,AP4B1,835,237,265
AP4B1_TCACCACGTCCTCGGAGCCA,AP4B1,1167,527,258
AP4E1_GGCGTCCTTCTCCTCGAGGC,AP4E1,231,62,220
AP4E1_GCAATCAAGTTAGCCCAACA,AP4E1,2140,665,2184
AP4E1_ACCACAGTGTGCCAGCACCA,AP4E1,1472,554,945
AP4E1_TTTCTGAGACTACTAGCGGA,AP4E1,200,34,21
AP4E1_TCTTCACAACTCCTGTCAAC,AP4E1,762,325,269
AP4E1_TCTGGGAATAGTGCTGAGAC,AP4E1,858,277,446
AP4M1_CACTGGTTACCATGACAACC,AP4M1,1686,511,639
AP4M1_TGTGAATGAAATGACGGCCA,AP4M1,177,140,59
AP4M1_TACTGTGGCTCCCTGGGCGA,AP4M1,1481,191,138
AP4M1_CAACGCTGCTGAGGTCAAAG,AP4M1,877,764,808
AP4M1_CCTGTCCAGTCGCTCTGACC,AP4M1,280,180,217
AP4M1_CCTCACCAGAGCCGCTAGGA,AP4M1,247,96,300
AP5B1_CACGAACTGGGACCTACAGC,AP5B1,1527,512,269
AP5B1_CGGCTGCCCACTGCACGAAC,AP5B1,4353,4721,2949
AP5B1_ACTGTGCCTGCTCTGTGCCG,AP5B1,899,30,79
AP5B1_TCCACTAGTGTCCAATCCCA,AP5B1,1044,253,396
AP5B1_GAAGCTGAGCGAACAGACCA,AP5B1,414,168,156
AP5M1_TGGCTCATAAGCCACGAACC,AP5M1,74,33,62
AP5M1_AATCTCACGGTGCCACAAAG,AP5M1,1332,355,502
AP5M1_TATGTGCCTGTTCCTGAAGA,AP5M1,565,137,280
AP5M1_AAGGGACCATCTTCAGGAAC,AP5M1,532,126,113
AP5M1_ACTAATTAGTGGCGGACGAG,AP5M1,499,76,121
AP5M1_GATCCATATGTTACTGGAGC,AP5M1,169,95,32
AP5S1_AGGAGTACAGCACTCGGCAA,AP5S1,822,172,166
AP5S1_CCTGATGACCCACGGCCGCA,AP5S1,149,314,502
AP5S1_CGCATGGTGCCGAGAGGGAC,AP5S1,1406,724,616
AP5S1_CTCATGGGCATCCAGCACCA,AP5S1,2995,1248,2389
AP5S1_CGACCAGTTTGTCCAAGGCC,AP5S1,3160,511,383
AP5S1_CATCCCAACGAGGAATCAGC,AP5S1,1010,125,124
AP5Z1_GGCGGCGTGATGTTCTCGGC,AP5Z1,265,49,44
AP5Z1_TCTCAGCCACGAAGTACAGC,AP5Z1,829,192,173
AP5Z1_GGCCTCCGTTCTCTTGGCCC,AP5Z1,144,20,8
AP5Z1_CCACGACCTTGGCCATGACG,AP5Z1,1887,341,440
AP5Z1_TCAGCAAGCGGCTGGTCGAC,AP5Z1,268,333,480
APAF1_TGATGCTTCGCAAACACCCA,APAF1,499,55,62
APAF1_GGACGTTAAGGTGCCTACAA,APAF1,409,152,250
APAF1_AAGATGCAAGTACCTGAAGC,APAF1,436,87,109
APAF1_CTGGTGAAAGAGTATGCGGC,APAF1,667,197,393
APAF1_GAAATGGCTGTCGTCCAAGA,APAF1,1126,338,376
APBA1_CAGGAATTCCTCAGGGCCAA,APBA1,328,373,366
APBA1_TTGTGCTGATGGCCCGCCGG,APBA1,775,185,486
APBA1_AGTGCTGAACGCCGACACAC,APBA1,491,244,87
APBA1_AGGCCCAGGAAGCCGTAAGC,APBA1,1360,618,386
APBA1_TTATTAGTGGACGCTTCCAC,APBA1,438,73,208
APBA1_GGCCATCAAGGACATCAAGG,APBA1,1684,172,455
APBA2_CTCAAGCTTCCGGTGGGCCA,APBA2,1637,842,528
APBA2_GCAATGGTCTGGAGCAGCCA,APBA2,1907,374,394
APBA2_CATCAGAATGATGCAAGCGC,APBA2,155,238,192
APBA2_TGCCCAGACGCTGACGGAAG,APBA2,2224,767,845
APBA2_ACTGCATCGAGACCACGCCC,APBA2,15,118,113
APBA2_GGTAGGCCACGCTGAAGGCC,APBA2,359,71,67
APBA3_CACGCTCGGCGATGCCACCA,APBA3,1947,324,245
APBA3_CGATGACGGCTGTGGGCAGC,APBA3,1158,240,260
APBA3_AGCCAGTTCCTACGGGAAAG,APBA3,2057,588,423
APBA3_TCCTCTTGGTGGAGACGAAC,APBA3,1699,734,640
APBA3_CAAATATGACACCGTCCAGG,APBA3,456,81,94
APBA3_CTCCAGCCATGGACTTGGAG,APBA3,1910,173,267
APBB1_TTGCCACCTTTGCTCTACAA,APBB1,2523,560,723
APBB1_TCGGGCGGGACAGTGGAAGG,APBB1,1365,69,57
APBB1_TACCCAGCCTAGGGAGCGCA,APBB1,673,504,236
APBB1_TGGACCCTCATCCATCCAGC,APBB1,970,255,99
APBB1_ATCCTGCAGGACAGCAGCGC,APBB1,1570,383,556
APBB1_GCAGCTTGGCGTTGAGCAGC,APBB1,411,369,298
APBB1IP_CAGCACTTTGCTGGGAGAGA,APBB1IP,747,350,353
APBB1IP_AGGTCTAACACAGGATCGGC,APBB1IP,152,134,227
APBB1IP_GATGGTGGATGAGCGGCAGC,APBB1IP,23,71,12
APBB1IP_CATGGGAATACGGATAGCCA,APBB1IP,781,417,341
APBB1IP_CTACCAGCGGGCTGTGGCAA,APBB1IP,928,290,407
APBB1IP_CCCGCGATCCCTGCGTACGA,APBB1IP,2535,985,858
APBB2_ACATGCCCAAGTACTGCACG,APBB2,1261,904,444
APBB2_ACGGAAGAATGCCAAAGCGC,APBB2,1004,414,249
APBB2_CTCGTGGAGACTTGTGGCAA,APBB2,1982,581,344
APBB2_CAGGAACGACTCAGTGGGAA,APBB2,1320,361,518
APBB2_GGCCGTCTTCAGGGCTGGAC,APBB2,0,268,222
APBB2_ACCTGGAAGTACTTCTGACA,APBB2,776,156,105
APBB3_TGGATCAGACTGTGGTCCAG,APBB3,195,100,60
APBB3_TTGCAGTCCGCTCTCTGGGC,APBB3,1033,250,93
APBB3_ACATCCAGAGCATGGAGCCA,APBB3,1385,247,308
APBB3_CCACTCTACAGGGAACGGAG,APBB3,1878,272,404
APBB3_TCTTCCTCCAGCCAGGAGGC,APBB3,475,17,291
APBB3_ATCATTCTGGTCAACTGCGA,APBB3,598,194,178
APC_GCAAGTTGAGGCACTGAAGA,APC,1903,841,614
APC_CGTTCTTATGGAAGCCGGGA,APC,639,344,363
APC_AAGGCAAATCAGAGTTGCGA,APC,613,91,49
APC_AAACTCATTTGGCCCACAGG,APC,879,91,181
APC_GGACAGATCTGATGTTCAAC,APC,1719,229,461
APC_TAGCTACAAATGAGGACCAC,APC,300,71,188
APC2_CCCTTAGCTCCTGCCTCAGG,APC2,116,6,0
APC2_CGCCCATCCAGCCCTACAGA,APC2,2564,912,568
APC2_CGAGCTGCCGCACGTGGAGA,APC2,718,196,96
APC2_CGAGATGGTGCAGCGGGCAC,APC2,877,287,217
APC2_CACCGACTTCACCGCCAGCA,APC2,4007,1204,785
APC2_ATGCGTGCGTCCTTGGCGCC,APC2,153,170,229
APCDD1_GGAACTCACCGTGAAGCAGG,APCDD1,642,128,197
APCDD1_TCGGGAACTCACCGTGAAGC,APCDD1,2734,1106,735
APCDD1_GGCCTCCTGGATCATCCGAG,APCDD1,375,385,369
APCDD1_GCCTCCTGGATCATCCGAGG,APCDD1,342,274,269
APCDD1_CTACTACCACTACTCAGACC,APCDD1,1153,369,384
APCDD1_TCGGCGAAGAGGAGGCACAC,APCDD1,2226,459,847
APCDD1L_CACCAACGGCTGCCTACCGC,APCDD1L,2037,822,770
APCDD1L_GCTGGTGTTTGAGGTCACAC,APCDD1L,682,142,204
APCDD1L_GGACATCCACACCGACCCGG,APCDD1L,229,139,73
APCDD1L_ATCCAAGGTCCATTAAGGCG,APCDD1L,2126,188,279
APCDD1L_GCTGGGCACTCTATCTGGCA,APCDD1L,661,236,119
APCDD1L_CATGCTTACCCAAAGCCAGA,APCDD1L,626,153,92
APCS_CTCCTTACCTGTGTGAGCAA,APCS,1460,301,399
APCS_CTCCTACAATACCCAAGGCA,APCS,2060,368,784
APEH_CAATACCGGACGGTGCACAC,APEH,728,174,290
APEH_CCAGAGGGACCTGGAACGCA,APEH,1450,416,409
APEH_GAGCTTCAACCTGTCAGCGC,APEH,1269,349,446
APEH_TCTCCGAGTGCGACCAGGAC,APEH,1087,116,218
APEH_TGCGTGCTGGATGTCGAGAG,APEH,2030,595,487
APEH_AAGCGGATGCCCAACCGGAA,APEH,1345,432,403
APEX1_TTCTTCCTAGAAGCTGCGGC,APEX1,584,66,98
APEX1_TCTTCCTAGAAGCTGCGGCG,APEX1,2101,439,909
APEX1_CGAGCCTGGATTAAGAAGAA,APEX1,1296,264,257
APEX1_TCGGACAAGGAAGGGTACAG,APEX1,271,172,177
APEX1_AGGCCGAGGTCTGGTACGAC,APEX1,2052,588,676
APEX1_AGGACAGTGATCACTGCCGA,APEX1,526,1,104
APEX2_AGATGTTGCGCGTGGTGAGC,APEX2,699,10,53
APEX2_TAACCCTCAACGATAGCCAG,APEX2,137,4,0
APEX2_GGCTCTGGATAGTGAGGGCA,APEX2,340,48,145
APEX2_CTAGCCGCTCAGGCCTCCCA,APEX2,212,0,44
APEX2_CCACTGGGATGCAGTCAACC,APEX2,1529,91,54
APEX2_CCGCTGCTTCCAACCAAAGC,APEX2,3302,403,173
APH1A_TGCATAGATGGGCAGCAGGC,APH1A,705,535,295
APH1A_GATAATGGCTGCTGTCAGAA,APH1A,501,366,172
APH1A_TTGGCTGATGCACTTGGGCC,APH1A,760,825,168
APH1A_GGCCATCTGGCGGATGGAGA,APH1A,239,86,82
APH1A_TCTTGGTCCATGTGACCGAC,APH1A,113,121,173
APH1A_CACTTTCGTCGCGTTCGGCC,APH1A,64,87,67
APH1B_TGGTTCCGTTGTGCAGCCGA,APH1B,415,29,6
APH1B_GGTTCCGTTGTGCAGCCGAA,APH1B,386,186,64
APH1B_CTCTTGCCATGAACCAAACA,APH1B,2114,648,868
APH1B_ATAGAGGGTGCTGTCTCACC,APH1B,518,75,68
APH1B_TCTTTCAGCTTTCATGACGC,APH1B,667,103,145
APH1B_TCCCGCAGCTAAGAATGCCC,APH1B,275,111,202
API5_TGCCACGGAGCAAGTGGGCC,API5,1036,319,35
APITD1_GCAGCGATTCTCTTACCAAC,APITD1,879,440,383
APITD1_CAGCTCCGAAATGGCCGCAA,APITD1,1438,546,697
APLF_TTCGAGCTGCAGCCGCGGGA,APLF,961,462,329
APLF_TTACTCCCAGCAGCGGCCCG,APLF,713,202,362
APLF_TGGTCAGCTGCGAATCAAAC,APLF,1355,490,522
APLF_GACTACTGGTGCCTCACAAC,APLF,660,257,134
APLF_AGCAGCCAATCCTTGCCGAG,APLF,806,227,116
APLF_GAAGATTCTGACTGGGAACC,APLF,671,116,156
APLN_ACGGATTCTTGTGAGAGAAC,APLN,669,317,153
APLN_GGCCCACTGGTGGCTACAGC,APLN,484,329,312
APLN_TTGTCTCCTTAGGACTGAAG,APLN,740,119,241
APLN_GACCCATGCCTTTCTGAAGC,APLN,926,408,324
APLN_GGTCCCTTATGGGAGAGGCG,APLN,85,82,76
APLN_AGCCCATTCCCATCGGGAAG,APLN,735,317,463
APLNR_CATCGCTGGCCACTTCCGCA,APLNR,984,443,477
APLNR_ATTGGCCACTGGCCTCACGA,APLNR,332,80,66
APLNR_GGTACGTGTAGGTAGCCCAC,APLNR,0,0,22
APLNR_CTCCCGGCTGCTCCGAAACA,APLNR,2879,648,1084
APLNR_GACCGTGTTTCGGAGCAGCC,APLNR,1,259,234
APLNR_AGACCAACATGTAGATGGCA,APLNR,478,207,199
APLP1_GACTTAGACCGCGAGCAGCG,APLP1,593,87,126
APLP1_GCCCGCATAGTCCAGCCACC,APLP1,803,649,286
APLP1_GGACTCACGCAGGCAGCGGA,APLP1,141,5,25
APLP1_TTCAACCCGGAGGCATCAGG,APLP1,318,167,200
APLP1_ACGGAACCGATCCGAGCCAC,APLP1,613,89,33
APLP1_TTACTTCGTGGAGCCTCCGC,APLP1,531,114,26
APLP2_GATGTAGCCGGCCAGCGCCA,APLP2,899,329,541
APLP2_GCGGTCAACGCACCCAGAGC,APLP2,132,31,42
APLP2_CTTGCAGCCAATGCCGGAAC,APLP2,2438,928,621
APLP2_TGTGATGGAGGCAAACCAGC,APLP2,553,307,200
APLP2_CTGGCACACGGTAGTCAAAG,APLP2,1586,677,1018
APLP2_CGACGGCACCATGTCAGACA,APLP2,2063,887,1243
APMAP_TGGAGTATGATACTGTGACC,APMAP,388,140,141
APMAP_TCACCGATTCTAGCAGCAAA,APMAP,2339,828,1084
APMAP_GGCCCTGCACGGATACCCAG,APMAP,477,149,137
APMAP_TACTGGGACAGCAGATGGCC,APMAP,646,307,81
APMAP_CAGAACACCAAGCAAGAGCG,APMAP,1801,285,328
APMAP_CGTCACAGACGATGATGGCC,APMAP,986,113,269
APOA1_TTGGCGGAGGTCCTCGAGCG,APOA1,1793,982,863
APOA1_ACTGGCCGAGTACCACGCCA,APOA1,317,246,156
APOA1_GAGCACATCCACGTACACAG,APOA1,1811,454,516
APOA1_AGGTCCTTCACTCGATCCCA,APOA1,136,68,38
APOA1_GGTCCTTCACTCGATCCCAG,APOA1,110,55,3
APOA1_GCTTTCATCCTGAAGGGCCG,APOA1,17,106,74
APOA1BP_AGAGGTCATGGCGAGCACGG,APOA1BP,1024,488,411
APOA1BP_TAACGAATACCAGTTCAGCG,APOA1BP,804,472,541
APOA1BP_TAAGTTGGTCCACGCTGAAC,APOA1BP,2286,667,897
APOA1BP_GGCTGTAGCACAGCTCAGCC,APOA1BP,375,10,42
APOA1BP_GGGAATGTCGATGCTGGCAA,APOA1BP,680,160,273
APOA2_CAAGAAGGCTGGAACGGAAC,APOA2,1952,537,368
APOA2_GACCGTGACTGACTATGGCA,APOA2,499,21,193
APOA2_GGAGCCATGTGTGGAGAGCC,APOA2,273,90,213
APOA2_AGGAGCTTTGGTTCGGAGAC,APOA2,467,298,289
APOA2_ACCATCTGCAGCCTTGAAGG,APOA2,1102,154,213
APOA4_GGGCAGCTCAGCTCTCCAAA,APOA4,1061,326,251
APOA4_TTCATGCAGCTCGGTGGCAA,APOA4,1716,669,732
APOA4_CAACAATGCCAAGGAGGCCG,APOA4,2277,294,370
APOA4_TGAGGTCAGTGCTGACCAGG,APOA4,532,165,212
APOA4_ACTCACCGGCGACAGCCACC,APOA4,294,176,142
APOA4_CTCACCGGCGACAGCCACCA,APOA4,1065,158,238
APOA5_TGTGAGTGATGTCTTCCCAC,APOA5,291,121,112
APOA5_GAAGCTCACGCTCAAGGCCA,APOA5,542,178,154
APOA5_GCAACTGAAGCCCTACACGA,APOA5,2344,454,511
APOA5_CATGGCAGAGGCGCACGAGC,APOA5,1522,670,639
APOA5_CTACTTCAGCCAGACCAGCG,APOA5,4562,542,1041
APOA5_GACTACTTCAGCCAGACCAG,APOA5,598,153,277
APOB_CCTACTTGTAGGAGAAAGGC,APOB,149,43,151
APOB_TTTACCGTCAAGACGAGGAA,APOB,707,260,211
APOB_TCAAGCTGGCCATTCCAGAA,APOB,2178,559,422
APOB_CAACATGACTTACCTGGACA,APOB,1108,354,524
APOB_CTGATTCAAGAAGTGCCACC,APOB,997,227,181
APOB_ATGCCTTACTTGGACAGACC,APOB,626,359,252
APOBEC1_TACAACATCATCCACAGAGG,APOBEC1,1373,402,298
APOBEC1_AGCCTGGGAGCATTCCCAGC,APOBEC1,768,457,97
APOBEC1_CTTGATTTCGTAGAGCAGAC,APOBEC1,730,1253,937
APOBEC1_TCAGGAGAAGAATCGAACCC,APOBEC1,538,109,121
APOBEC1_TGGTCAACAGGTCCTTCAAC,APOBEC1,799,640,278
APOBEC2_CGCCCTTTGAGATTGTCACA,APOBEC2,766,251,552
APOBEC2_GGTTGAAGCACAGGGCAAGG,APOBEC2,550,376,206
APOBEC2_ACCAGGTGACATTGTACCGC,APOBEC2,268,221,73
APOBEC2_GCGGTCAGCACACGCTGCAC,APOBEC2,334,84,35
APOBEC2_CCACCAGAATGAGCAGACGC,APOBEC2,2664,562,237
APOBEC3A_GGCGCTCCACTTCGTAGCAC,APOBEC3A,1039,441,236
APOBEC3A_CAATGGCACCTCGGTCAAGA,APOBEC3A,760,1934,1736
APOBEC3A_CGGTCAAGATGGACCAGCAC,APOBEC3A,2498,628,621
APOBEC3B_GACCTACTTGTGCTATGAGG,APOBEC3B,1221,553,322
APOBEC3D_ACGTCAGTCGAATCACAGGC,APOBEC3D,1028,419,554
APOBEC3D_TCTCAAACCGGAAATACACC,APOBEC3D,1093,209,337
APOBEC3D_TTTCTGCGTGGTTCTCAAAC,APOBEC3D,997,356,386
APOBEC3D_ACCGGGATAGAGATTGGCGG,APOBEC3D,570,181,293
APOBEC3D_CTCCTCAGGCTGCATAAGGC,APOBEC3D,1891,488,404
APOBEC3G_GAGGAAGCTGCATCGTGACC,APOBEC3G,337,138,25
APOBEC3G_TAACCTTCGGGTCCTCGGCC,APOBEC3G,388,187,171
APOBEC3G_GACTTACCTGTGTTATGAGG,APOBEC3G,1090,403,381
APOBEC3G_TGCGGGCAGTGAAGATGCAC,APOBEC3G,746,500,215
APOBEC3H_CGTCAGCTGGTAACACAAGA,APOBEC3H,1311,724,753
APOBEC3H_TACCAGCTGACGCCGCAGAA,APOBEC3H,1732,789,1109
APOBEC3H_AGCCATTCTGCGGCGTCAGC,APOBEC3H,342,458,292
APOBEC3H_GCACCAGTGGTAGTACAGGC,APOBEC3H,823,478,656
APOBEC3H_GGGAAGCCCATGACCTCCAC,APOBEC3H,182,108,0
APOBEC3H_ACAGTCGAGCCATAAAGCGA,APOBEC3H,1277,290,468
APOBEC4_TCCCAGTGCAACTGCTAGCA,APOBEC4,1581,723,535
APOBR_GCCCAGGGAGGTATAGCCGG,APOBR,157,45,10
APOBR_CTCACACACAGCGTCACCAA,APOBR,2148,528,686
APOBR_CTATCAGAAGTCCCAGAGGC,APOBR,936,106,190
APOBR_AGGTTTGGCCTCGCGCACCC,APOBR,863,403,454
APOBR_GCATCATGCCAGGGTGCGCG,APOBR,462,28,178
APOC1_TCATCTTGGACCATCTGCCA,APOC1,551,191,465
APOC3_ACAGAGGTGCCATGCAGCCC,APOC3,838,29,219
APOC3_GCAACAACAAGGAGTACCCG,APOC3,1861,583,321
APOC3_GCACGCCACCAAGACCGCCA,APOC3,1067,357,257
APOC3_GGTCAGACCAACTTCAGCCG,APOC3,870,202,145
APOC4_AAAGATGAGTCGCTGGAGCC,APOC4,498,236,96
APOC4_GGACCAGAGACGGGTGGCAA,APOC4,1098,643,381
APOC4_AGTAGGTCTGCATGAAGCCC,APOC4,172,102,132
APOC4_GCCCATAGTGTCCAGAGACC,APOC4,1220,227,36
APOC4_TAGCCCGACCTTCCTCACCC,APOC4,570,301,220
APOC4_CCTGAGTTTCTCATCTACAG,APOC4,1478,645,749
APOD_AGTTCTCATAGTCGGTGGCC,APOD,99,190,138
APOD_AGGATCCAGTACGGTGCCGA,APOD,349,191,104
APOD_CCTCACAGAGCCTGCCAAGC,APOD,1315,71,22
APOD_CCATTAGTGAGTAGTTGGCC,APOD,1283,206,225
APOD_CTCTGCAGTATCTCGGAAGA,APOD,591,295,289
APOD_GGCCTCTTCGGTGCGGCAGA,APOD,418,47,42
APOE_CCAGCGCTGGGAACTGGCAC,APOE,662,308,234
APOE_CCAGTGCCAGTTCCCAGCGC,APOE,4238,469,649
APOE_ACGCGGCCCTGTTCCACCAG,APOE,3474,472,404
APOE_CTCGAACCAGCTCTTGAGGC,APOE,558,371,254
APOE_GCGCTGCATGTCTTCCACCA,APOE,1094,409,589
APOE_ACATGCAGCGCCAGTGGGCC,APOE,1175,128,1
APOF_CTCGTTCCCTGGCCTTGCCC,APOF,755,632,78
APOF_AGTGGGAACCTTCTACAACC,APOF,432,53,144
APOF_TGCTCTGCAGCTGTTAGCCA,APOF,357,418,6
APOF_GGGTGGTGTGAATGCTACAC,APOF,317,119,35
APOF_TACCAAGAACTTGGGTAGAG,APOF,948,227,160
APOH_AAAGCCACTGTGGTGTACCA,APOH,595,288,106
APOH_ACAGACTTACGAGCACAGAC,APOH,1518,780,451
APOH_CGGGCTATGTGTCCCGAGGA,APOH,662,268,91
APOH_GATTACGTATTCCTGCAAGC,APOH,100,185,111
APOH_TCCGTCCTGCAATAGCAACA,APOH,1573,446,487
APOH_CTCGAGAACAAGATGAGCAC,APOH,1793,178,86
APOL1_CCAGCAGCCCAGTCACCGAG,APOL1,4651,697,535
APOL1_AGGCCTCATTATCAGTCAGC,APOL1,408,86,43
APOL1_AGATTGGCTCAGTGACCCGG,APOL1,1119,53,65
APOL1_CTGAGATTGGCTCAGTGACC,APOL1,1432,195,144
APOL1_GAGCCAATCTCAGCTGAAAG,APOL1,1080,700,559
APOL2_AAGCGGCACCAATGTAGCAA,APOL2,1137,330,165
APOL2_CTGCTCAACCTCCTCTGCAA,APOL2,2268,452,374
APOL2_CCTTGCAGAGGAGGTTGAGC,APOL2,748,132,89
APOL2_ACGATAAAGACCAGCAGCAC,APOL2,2284,562,655
APOL2_GCCAGCGGCTGGGTTACCGA,APOL2,1064,170,272
APOL2_CCAGCGGCTGGGTTACCGAG,APOL2,1715,490,358
APOL3_GAACGATTGCAGGCACCACC,APOL3,749,196,76
APOL3_AGATTCGCCAGGTGGTCACA,APOL3,1694,161,156
APOL3_AAGCTTCGTGCCCTTGCAAA,APOL3,1863,457,472
APOL3_AGTCACTGACCTGACTGGAA,APOL3,1341,203,147
APOL3_TTATTATGCAGATGCACGGC,APOL3,757,178,70
APOL3_CAAGGATGGGACTGGGCCAA,APOL3,752,138,110
APOL4_CTCACTGGACTTGCACAAGG,APOL4,2237,1240,862
APOL4_GACTCACTGGACTTGCACAA,APOL4,1032,168,116
APOL4_AGTCCAGTGAGTCTTGCACA,APOL4,1394,247,308
APOL4_TGCGTGTGGCTGAATTGCCC,APOL4,1581,139,122
APOL4_TGTCCAGCCACTGTCCAGCC,APOL4,1539,408,690
APOL5_ACCAGGTAACACCTTGGAAC,APOL5,1472,230,435
APOL5_CTTCGAAAGGTAATCTACGG,APOL5,1453,107,501
APOL5_GGTGTCAACTTGGTCCGCAA,APOL5,281,40,106
APOL5_CAGACCTGTTCCAGCTCCCG,APOL5,1841,398,159
APOL5_TGGTGCTCCACAACAGGCCA,APOL5,1113,449,373
APOL5_CTAGGCTGGTGCTCCACAAC,APOL5,2103,913,966
APOL6_GAAGACGTGGAGCTACAAGA,APOL6,1310,236,343
APOL6_ACTGCCCACCTACGACCAAG,APOL6,758,351,284
APOL6_AGTGGCCAAGTCATAGCCAA,APOL6,238,177,85
APOL6_TGGCCACTCTCTCAAAGGAA,APOL6,1729,432,403
APOLD1_CAGTTCTACCTTTCCAAGGC,APOLD1,386,176,194
APOLD1_GCGCTCCCTCGTAGCCAACG,APOLD1,1244,383,631
APOLD1_GGCAGCTCGCTGAGCGCAAC,APOLD1,145,51,22
APOLD1_GACAGAATTGTACAGGGCGA,APOLD1,184,0,0
APOLD1_ATCGTCTTCTTTGGCTCACG,APOLD1,736,173,192
APOM_TCAACTGACAACTCTGGGCG,APOM,1677,528,405
APOM_TAAAGTACCACTGGCCCAAG,APOM,821,255,408
APOM_TGCGGATGGTAGCACGAAGG,APOM,1003,642,277
APOM_CTGTGCTCCCTTCAGTCAGG,APOM,180,41,265
APOM_TCATTCAGCATGATTCCACC,APOM,315,286,22
APOM_CACTGTAGAGGAGAAAGCGC,APOM,1415,214,156
APOO_GAACAGTTGTACCTGACACC,APOO,511,227,323
APOO_TCAATCGAAGTATGTGGAGG,APOO,1300,355,316
APOOL_GGCCGAAAGGGTTGTAGACA,APOOL,1509,423,562
APOOL_ACAACCAGTTGCAGTGCGGA,APOOL,176,38,79
APOPT1_TTGACAGCCGCGGCAGGCGA,APOPT1,1551,274,63
APOPT1_AGCGAGTTGACAGCCGCGGC,APOPT1,328,31,114
APOPT1_CCGGAGCGAGTTGACAGCCG,APOPT1,3113,340,736
APOPT1_TGTCAACTCGCTCCGGAGCG,APOPT1,1792,768,813
APP_GACAAGTATCTCGAGACACC,APP,799,43,837
APP_ACGGCGGATGTGGCGGCAAC,APP,2873,451,691
APP_GCGGAATTGACAAGTTCCGA,APP,73,36,187
APP_GCACTTGTCAGGAACGAGAA,APP,1211,395,597
APP_ATCCAGAACTGGTGCAAGCG,APP,2087,503,411
APP_AGCAGGAGCAGTGCCAAACC,APP,1076,907,830
APPBP2_GCACCACTTCTTCAGTGGAC,APPBP2,643,676,441
APPBP2_AATATTGCCGATCTCGCAAC,APPBP2,423,353,75
APPBP2_AGCCAGATGTCCCACTGAAA,APPBP2,2338,943,653
APPBP2_TAGAGTACACAACTGAAGGC,APPBP2,1008,119,43
APPBP2_AAACTGGATGTTCTCGGGCA,APPBP2,1097,89,288
APPBP2_TGGCGGCCGTGGAACTAGAG,APPBP2,831,419,513
APPL1_GCTGCCCATCGAGGAGACGC,APPL1,384,144,47
APPL1_GCATCGGATTTATGATGCAC,APPL1,907,61,37
APPL1_TGTCAGTGTTCGCAGGGAAA,APPL1,2934,635,884
APPL1_AATTTAATGAGTCAGGCCCG,APPL1,447,148,160
APPL1_CTTACCCTGCTGCTGGCCGC,APPL1,1016,167,228
APPL1_GCGCCAAATCTTAGCTGCCC,APPL1,6,31,50
APPL2_GAATCTCATGTGTCAGCCCA,APPL2,117,61,33
APPL2_TCAGGTAGAACTGGAAGCCG,APPL2,1162,196,318
APPL2_TTTATCCTCCGTTGCAGACA,APPL2,682,338,407
APPL2_GATAGGCTTTGCCCATGGAC,APPL2,88,32,0
APPL2_CTATTTGGACTCGCTAGCAA,APPL2,1372,465,417
APPL2_GGACAAGCTCCTGCTAGAGG,APPL2,1537,200,372
APRT_TAAGCGAGGTCAGCTCCACC,APRT,427,72,122
APRT_TCTGAATCTCCAGCTCAGCC,APRT,863,191,196
APRT_CTGCGTGCTCATCCGAAAGC,APRT,2840,456,493
APRT_CTGACAGGCCTAGACTCCCG,APRT,1823,452,312
APRT_GACACCTGAAGGCGACCCAC,APRT,132,8,35
APRT_TCGCCTTCAGGTGTCGCGCC,APRT,1093,94,256
APTX_GCTGGCACTCATGACAACGA,APTX,588,9,143
APTX_ACATCTTCATGTGATCAGCC,APTX,810,125,104
APTX_TCCACGGTAAGACCAGCCAA,APTX,506,88,198
APTX_CATTCACCATGTGGAGAACC,APTX,683,84,14
APTX_GGGATATGTCAAGGTAAAGC,APTX,223,98,307
APTX_GGTTGGTGAGACAGGACAGC,APTX,87,46,198
AQP1_CATCAGCATCGGTTCTGCCC,AQP1,27,223,0
AQP1_TACCCTGGCCTGGATGCAGC,AQP1,299,280,279
AQP1_CTGGATGCAGCTGGATGCAA,AQP1,691,451,389
AQP1_TGCTGGCTACTACCGACCGG,AQP1,1280,323,304
AQP1_CCCTCACAGATTGACTACAC,AQP1,1284,353,339
AQP1_CGCTGGTCCACACCTTCACG,AQP1,2534,978,912
AQP10_TCCAACGATGCACATGGCCA,AQP10,1054,269,353
AQP10_GAGGCGTCCAACGATGCACA,AQP10,276,125,226
AQP10_GCCCTACAGAACTATACAGG,AQP10,766,269,406
AQP10_CCCTATCTGTCCCTGAACAA,AQP10,2247,978,577
AQP10_GATTCCACTCAACCCTGCCC,AQP10,0,28,0
AQP10_GGTGCAGAGCCACCAACAGC,AQP10,342,168,12
AQP11_GAAACTCCAGGACGAAGGCG,AQP11,1401,133,188
AQP11_TTTGAGCAAGTCGACTCGGA,AQP11,417,1542,548
AQP11_CCGAGTCGACTTGCTCAAAG,AQP11,3527,932,1736
AQP11_GCTCAAAGCGGTCATCACAG,AQP11,911,41,259
AQP11_TGTAGCGAAAGTGCCAAAGC,AQP11,1855,367,523
AQP2_AATACCCAAGCCAAACGCCA,AQP2,262,111,58
AQP2_AGGCAGGCCACAGTCACGGC,AQP2,754,278,490
AQP2_CAACAGCACGACGGCTGGCC,AQP2,864,325,206
AQP2_CTGGCAAATTTGATGACCAC,AQP2,956,1599,662
AQP2_CAAGAGCCTGTCGGAGCGCC,AQP2,853,166,257
AQP2_GCTGCTCACAGCCTCAGGGC,AQP2,659,66,105
AQP3_CGAGGAAGAGAATGTGAAGC,AQP3,1150,1382,613
AQP3_CTATGCCGTCAACCCTGCCC,AQP3,315,75,27
AQP3_GATCATATCCAAGTGTCCAG,AQP3,693,19,2
AQP3_AGGTCACGGCAGGGTTCAGG,AQP3,76,102,57
AQP3_GGGCATCCTCATCGCTGGCC,AQP3,119,169,89
AQP3_CATGGGTCGACAGAAGGAGC,AQP3,433,233,18
AQP4_GCATGTGATTGACGTTGACC,AQP4,893,134,72
AQP4_ACTCATAAAGGCCACCAGCG,AQP4,1324,486,494
AQP4_AACCAGGAGACCATGACCAG,AQP4,1287,422,390
AQP4_CAATGCTGAGTCCAAAGCAA,AQP4,1039,298,667
AQP4_GCCTGGGATCCACCATCAAC,AQP4,1524,350,478
AQP4_ACAGACCCACAGCAAGGCGG,AQP4,260,52,53
AQP5_TACCATCCTGCAGATCGCGC,AQP5,294,127,104
AQP5_GGTTGCCCACCAAGAGGGCC,AQP5,56,73,4
AQP5_GGGCAATCTGGCCGTCAACG,AQP5,772,308,349
AQP5_GCTCAACAACAACACAACGC,AQP5,691,328,406
AQP5_TACTGCTCACTCCGACAAGG,AQP5,1152,360,474
AQP5_AACCGATTCATGACCACCGC,AQP5,630,233,263
AQP6_GGTGATGGCAATCTGTAGCA,AQP6,483,222,127
AQP6_GATGTGGGAGCCTACGAGGA,AQP6,946,102,218
AQP6_CAGTGTCTCAACTGGCCAGG,AQP6,802,339,117
AQP6_TGTCTCAACTGGCCAGGCGG,AQP6,1703,450,469
AQP6_AATGATGATGGCAGGGCCGA,AQP6,30,30,50
AQP6_CCTCACAGGCACCGTAGAGG,AQP6,2047,390,228
AQP7_ACTGCCAGGAACAGAGGCGC,AQP7,529,55,105
AQP7_GCCCAGCGCACAGTTAGCAA,AQP7,2390,1154,1044
AQP8_GCCTGAATTTGGCAATGACA,AQP8,1719,404,552
AQP8_ATGGCTGCCAGGGACACCGC,AQP8,1757,217,45
AQP8_AGTACGGGAGGAGCATCACC,AQP8,50,0,0
AQP8_CAGCAGCTTCTCTGTGCAGG,AQP8,843,73,62
AQP8_GGCACCCATGCATACAGCCA,AQP8,883,493,226
AQP8_TAATGAGCAGTCCAACAAGC,AQP8,64,184,146
AQP9_ACGTGCCCAAGAACTCAGAG,AQP9,778,361,631
AQP9_CCACAAAGGCTCCCAAGAAC,AQP9,2187,1761,1509
AQP9_GCCAGAGATAGATACGGAGC,AQP9,1353,122,152
AQP9_AATCAGGAGGCCGATGGCAA,AQP9,1589,147,355
AQP9_CTGGGACTCAGGTCTCGAGC,AQP9,727,205,277
AQP9_CCAATGACAGCACCAACCAA,AQP9,2241,253,306
AQR_ACATCATGCTTACGAAGACC,AQR,1151,30,9
AQR_AACGACAGTGAAAGCCACAA,AQR,632,20,14
AQR_AGCAGAGGTATGATGCCACC,AQR,146,0,0
AQR_GGTAACAGTGAACCAGAAGG,AQR,679,0,0
AQR_AATGTGGATGGGCTTACAGC,AQR,314,0,0
AQR_CAGACTCGCCCGAGCTCACC,AQR,896,190,156
AR_GCTCCAACGCCTCCACACCC,AR,250,250,108
AR_TGATACTCTGGCTTCACAGG,AR,1264,244,160
AR_CATTTCCGAAGACGACAAGA,AR,877,228,252
AR_GATGCTTGCAATTGCCAACC,AR,113,44,124
AR_AGAGAGACAGCTTGTACACG,AR,2742,565,556
AR_CTTACACGTGGACGACCAGA,AR,541,125,223
ARAF_CCGTGCGTTGCTTGTTGGGC,ARAF,1080,174,508
ARAF_TGGTCTACCGACTCATCAAG,ARAF,873,220,347
ARAF_CTGGTGGAACTTGTAGCCAC,ARAF,786,108,80
ARAF_AGTGTCCAGGATTTGTCCGG,ARAF,188,217,141
ARAF_GACCATATGGACGTTGGGAG,ARAF,234,241,655
ARAF_GCACCGTGTTTCGAGGGCGG,ARAF,3,72,185
ARAP1_ACCATCACTCTCTGCCCGGA,ARAP1,0,212,81
ARAP1_TCAGAAACGATGGGTGAGAC,ARAP1,991,539,457
ARAP1_CCTTGATGACTGGTGTGACG,ARAP1,1869,606,476
ARAP1_CTACGATGAGGTCCCAGAGG,ARAP1,2055,69,13
ARAP1_ACTCACCGAACTCTGGGAAC,ARAP1,1656,691,371
ARAP1_TGCACCTGGAGCAGTACACG,ARAP1,917,360,221
ARAP2_AGTCCTCTTTGTGTATAGCC,ARAP2,22,120,196
ARAP2_AGTCACAGAGGAATGTGGAC,ARAP2,777,79,164
ARAP2_CTACAGCAGCACATAGAGCC,ARAP2,1902,693,653
ARAP2_CTTTACAGCCGAGACTGAAA,ARAP2,672,169,361
ARAP2_CCCAGGGAGAAGCACTCAAA,ARAP2,1858,624,544
ARAP2_CTAACAGTCTCCAACTGCGG,ARAP2,871,491,422
ARAP3_CGATGCCCAGAGAGAAGGCC,ARAP3,842,315,449
ARAP3_CACCACATGTCCCGCTGAGC,ARAP3,2025,593,780
ARAP3_CCCTCTGGCCGGTGATGACC,ARAP3,619,203,351
ARAP3_GATGTACTTTGGCAGTGACA,ARAP3,1006,161,84
ARAP3_CCTGCCCTCAGGCCCACAAC,ARAP3,3528,433,695
ARAP3_TACTTCGGCCTGGACTCAAG,ARAP3,425,85,137
ARC_GGGATGCCCTCTACTCGGGC,ARC,2,57,72
ARC_CCCGCTTGCGCCACAGGAAC,ARC,3321,1085,884
ARC_ACCAGTTCCTGTGGCGCAAG,ARC,1921,616,486
ARC_GAAGTGGTGGGAGTTCAAGC,ARC,700,344,694
ARC_GCGCGAGGTGTTCTACCGCC,ARC,1,22,89
ARC_TCTCCAGCTTCCCGACCGAC,ARC,783,216,252
ARCN1_TCCTGGCTCGGATCTTACCA,ARCN1,219,0,0
ARCN1_CGTCCAGTGTACCTGAGAGA,ARCN1,2911,782,518
ARCN1_CCTAAGGCTCTTCTCAAGAG,ARCN1,1051,30,38
ARCN1_GGTGTTCAGAGCCGTCAGAG,ARCN1,234,0,29
ARCN1_TGAGATGCGTCGTAAAGCAA,ARCN1,635,48,96
ARCN1_TAATCCTCCGTCTCGTCCAC,ARCN1,96,0,21
AREL1_TCCTTACAGCTGAGCTCCAC,AREL1,85,1,60
AREL1_GGAAGGTGTAAAGGCGCCAG,AREL1,260,12,14
AREL1_GCCATCCACTGCTGTTGACG,AREL1,687,389,348
AREL1_AAGGGTGTGCGGCTGCCCAC,AREL1,136,4,59
AREL1_ATGTGAACTCTTAGTCCCAC,AREL1,374,110,42
AREL1_CACGTGCGGCAAGCTCAAAG,AREL1,1140,716,388
ARF1_GATCCTCTACAAGCTTAAGC,ARF1,31,7,7
ARF1_CCCGCACCCAGGCTTCAACG,ARF1,4808,227,414
ARF1_ACGGTTTCCACGTTGAAGCC,ARF1,777,71,245
ARF3_GGACGGGCTGTACGAAGGCC,ARF3,822,81,311
ARF3_TGTACCAGTTACGGTGACGA,ARF3,1513,110,212
ARF3_GGAGCGAGTAAATGAGGCCC,ARF3,647,58,49
ARF3_GCTCTTACCAATGGTAGGGA,ARF3,635,57,12
ARF3_TCCCAATCAGGCTCTTGAGA,ARF3,1276,267,186
ARF4_TGCCAAATAGTCGGGAGAAG,ARF4,3121,866,639
ARF4_GCCAAATAGTCGGGAGAAGA,ARF4,1026,199,80
ARF5_GGGCTCACCTATGGTTGGGA,ARF5,567,4,53
ARF5_TGGACAGTAATGACCGGGAG,ARF5,1066,474,231
ARF5_GGACAGTAATGACCGGGAGC,ARF5,533,27,37
ARF5_AGTCAGCTCGCTCACGGGCA,ARF5,1517,675,476
ARFGAP1_AACCTTCCTGGTTCTTGGGC,ARFGAP1,113,64,128
ARFGAP1_GAGCTTGAGAAGATGAAAGC,ARFGAP1,650,215,72
ARFGAP1_TGTGACCGCCTCCTCGGACA,ARFGAP1,1854,337,370
ARFGAP1_AGTCCTCACCGAGTACAGGG,ARFGAP1,762,76,84
ARFGAP1_CCGGTTTGCCTCGGCAGCCA,ARFGAP1,1294,447,334
ARFGAP1_TCACAAGCAGCAGCCGGAGC,ARFGAP1,1137,146,473
ARFGAP2_CTCCTGGTAGGCCAGACGCA,ARFGAP2,877,300,311
ARFGAP2_GATTGAGCGGCAGGCTCAGG,ARFGAP2,2,0,0
ARFGAP2_GGCCACTGCTCTCTGTAGAC,ARFGAP2,402,319,161
ARFGAP2_CATCAGTGCCATGCCTAGCC,ARFGAP2,1656,478,478
ARFGAP2_TCAGATGGACGCCCAGGGAG,ARFGAP2,1228,316,303
ARFGAP2_TCGCGCAGTTCCAACCAACA,ARFGAP2,3261,575,722
ARFGAP3_TGACTCAGACAGACTCGGCA,ARFGAP3,766,297,95
ARFGAP3_TTCAGGTGAGTGACACAGCG,ARFGAP3,3376,2168,2020
ARFGAP3_ATCTTCCTCCTTTGGTGGAG,ARFGAP3,871,225,400
ARFGAP3_CGCTCGCCTCTCAAGCAACA,ARFGAP3,1179,768,994
ARFGAP3_AGTGAACACCAAGTGACCGG,ARFGAP3,126,50,528
ARFGAP3_CCTTGTTAGTGGGCACCGAG,ARFGAP3,1932,1155,608
ARFGEF1_CACAGACCTTCACAGTCCAC,ARFGEF1,450,558,400
ARFGEF1_AGAAGGATTTCGTCTTCCAG,ARFGEF1,436,41,94
ARFGEF1_TCTGGTGGTCCATCTGACAG,ARFGEF1,1274,309,379
ARFGEF1_GCTCCAGATAGTACAACACC,ARFGEF1,699,447,329
ARFGEF1_CTATGCGAGGACATTTGGAC,ARFGEF1,1652,425,320
ARFGEF1_GGAGAAGATATTGGCCGACA,ARFGEF1,553,21,35
ARFGEF2_TAGCCGACAAGGAGGTGAAG,ARFGEF2,353,124,9
ARFGEF2_GACTGGCAAGCTAGCTCGAA,ARFGEF2,850,204,418
ARFGEF2_TGTCGATCAGCCGCTTCCCA,ARFGEF2,1528,262,93
ARFGEF2_AGGGACTGATGACGGAGCCC,ARFGEF2,129,186,168
ARFGEF2_TGAGAGAGTTCTAGGTGAAC,ARFGEF2,1710,313,229
ARFGEF2_TTTCATGGACAGCTTGCACA,ARFGEF2,1400,366,440
ARFIP1_ATCTCTGAGAAGCTAGGCCG,ARFIP1,811,130,118
ARFIP2_CACTGCTCCTCTAGCCAGGA,ARFIP2,1331,420,443
ARFIP2_TGGTCGACTTGAGAGTGCCC,ARFIP2,490,24,118
ARFIP2_AACCCTTAGGCTGCCTCCAC,ARFIP2,68,43,0
ARFIP2_TGGCCTATAGGACCTCCAGC,ARFIP2,21,1,257
ARFIP2_TGAAGATGATGGGCTGGAGC,ARFIP2,1766,437,359
ARFIP2_GACGGACGGGATCCTAGGGA,ARFIP2,289,67,32
ARFRP1_TACGTGATGTCCCTCTGCCG,ARFRP1,534,80,102
ARFRP1_ACTGCACCAGCAAGATCGGC,ARFRP1,403,53,103
ARFRP1_CTCCACCGACGAGGAGAGGC,ARFRP1,581,0,0
ARFRP1_CCCACATCCACAGTGCCGAC,ARFRP1,972,147,85
ARFRP1_ACCCTTACTGTTTAGGCCCA,ARFRP1,425,0,0
ARFRP1_CCTGGACAATGCTGGGAAGA,ARFRP1,2855,0,56
ARG1_CTTACCTGTCCCTTTGAGAA,ARG1,1593,550,423
ARG1_TTAATTGTTCAGCCACGAGG,ARG1,2067,221,266
ARG1_TGGTGCTGGGCGGAGACCAC,ARG1,502,240,184
ARG1_GACTCCCTGTATATCTGCCA,ARG1,518,188,0
ARG1_CACTCAGCTATCTACTAGGA,ARG1,2060,271,305
ARG1_TATGTCAGACCTCCCACGAC,ARG1,1176,264,298
ARG2_CTCCTATCACAGCCACGGAG,ARG2,628,385,527
ARG2_CCCGCTGCCATAAGAGAAGC,ARG2,2243,455,323
ARG2_GGGTCTTGCCAACCAGGAAC,ARG2,732,162,199
ARG2_GCATCAACTTACTGTTCAGG,ARG2,640,136,180
ARG2_TGATCGACTTGGTATCCAGA,ARG2,310,196,92
ARG2_TGATGCATTTGACCCTACAC,ARG2,918,661,235
ARGLU1_TGCAGAAGCACAAGCCAAAC,ARGLU1,1414,779,658
ARGLU1_TGAACGAGAAGTTCTCCGAA,ARGLU1,1179,41,11
ARGLU1_TTGAACGAGAAGTTCTCCGA,ARGLU1,552,4,42
ARGLU1_CGTGTTGGTGGAGCGCGAAC,ARGLU1,1450,95,134
ARGLU1_CCGTTCGCGCTCCACCAACA,ARGLU1,2179,56,131
ARGLU1_CTCGGGAAAGTAAACGGAAC,ARGLU1,1270,86,74
ARHGAP1_AACAGTCTCCCTGAGTACAA,ARHGAP1,1117,78,146
ARHGAP1_CTCCAAACTGCTGGTTGGGC,ARHGAP1,1235,175,188
ARHGAP1_CCTCACTTGAGCACTTGGCG,ARHGAP1,675,193,144
ARHGAP1_ACAACAAGCCCTCCCTCAGC,ARHGAP1,1,1,129
ARHGAP1_ACCCATACTATGACATCGCC,ARHGAP1,186,44,149
ARHGAP1_CCTCCATCGATGAGAAGAAC,ARHGAP1,929,409,258
ARHGAP10_CGAGTTCCGCTTCGTGAGCG,ARHGAP10,655,249,120
ARHGAP10_TAGGTCTGTCAGTGGCCCAG,ARHGAP10,220,160,59
ARHGAP10_GCAAGTCAGTTTACAGCCGA,ARHGAP10,661,118,32
ARHGAP10_CAACTGGAACCAAACGGAGC,ARHGAP10,988,160,149
ARHGAP10_TTACTGGTGTCTTTCAGGCC,ARHGAP10,1275,97,219
ARHGAP10_GCCATCATCCCAAGACCAGA,ARHGAP10,621,113,63
ARHGAP11A_CACATCGATACAAGCTCAGA,ARHGAP11A,408,270,304
ARHGAP11A_AATTACCGGATGTCTTGGAC,ARHGAP11A,761,94,26
ARHGAP11A_CTTCTGACGGACTGACGAAC,ARHGAP11A,858,370,103
ARHGAP12_GAGGAGATACCGGATTCACC,ARHGAP12,284,0,23
ARHGAP12_AGTTCACAGTGGACCTCAAG,ARHGAP12,731,270,203
ARHGAP12_AAAGTAGGAGCCTGGACAGG,ARHGAP12,613,99,56
ARHGAP12_ATTGCCGGGCTCCCAGGAAG,ARHGAP12,1479,823,641
ARHGAP12_GAACAATCTTGTGATTCCGC,ARHGAP12,13,105,139
ARHGAP12_TCAGACTGTCAACCTAAGCC,ARHGAP12,1583,841,333
ARHGAP15_GATCCTCACCGATGTCGGGA,ARHGAP15,1054,26,80
ARHGAP15_ACACTCACCAGTTGTTCCAA,ARHGAP15,720,30,83
ARHGAP15_CAACGTGGATGTCCTCCCAC,ARHGAP15,838,96,123
ARHGAP15_ATGGTGTCACGATTTGGCGG,ARHGAP15,1152,278,243
ARHGAP17_CCATCATTCAGCATGCCGAC,ARHGAP17,611,416,307
ARHGAP17_GGACTGTTCTACTTCTCACC,ARHGAP17,1074,144,131
ARHGAP17_CCCTAGAAGAACACCTGAAG,ARHGAP17,2098,530,560
ARHGAP17_ACCTCAGCTATGCCGTACAG,ARHGAP17,1002,188,278
ARHGAP17_GCAAGAAGCATCGACTCAGC,ARHGAP17,198,677,583
ARHGAP17_CCACCAAGCGCTTATGGGAA,ARHGAP17,1960,1087,1154
ARHGAP18_CCCGAATGAAGAGCTTCAGC,ARHGAP18,1326,154,389
ARHGAP18_CCCTGAAACAGACATCAACC,ARHGAP18,3384,382,561
ARHGAP18_GACTGCGATTCAGTGCCACC,ARHGAP18,0,28,86
ARHGAP18_AGTTCAGAAGCGAGTAGAGA,ARHGAP18,430,95,185
ARHGAP18_TGGCCAGTACACTATGAACC,ARHGAP18,2205,888,563
ARHGAP18_CGTCGGGAACAGCCATGCAA,ARHGAP18,1884,665,572
ARHGAP19_GGTTCCCTTCAATTCACCAA,ARHGAP19,132,20,9
ARHGAP19_CAATCATTGACCCAGACACC,ARHGAP19,1097,141,114
ARHGAP19_AGATTCCTGCCCTCACCAGG,ARHGAP19,281,2,3
ARHGAP19_CTCATGTCTCTCAAGCGAAA,ARHGAP19,1579,665,415
ARHGAP19_TCTCATGTCTCTCAAGCGAA,ARHGAP19,600,157,182
ARHGAP19_AAACTCAGCTCACCTCCGGC,ARHGAP19,292,49,37
ARHGAP20_TTCACCGGCTTGGATTCAAG,ARHGAP20,717,127,299
ARHGAP20_ACGGCCTCTTGAATCCAAGC,ARHGAP20,784,184,69
ARHGAP20_GCGAGGTTCTAGCACTCACC,ARHGAP20,286,246,295
ARHGAP20_AGTGCTAGAACCTCGCCAGA,ARHGAP20,280,31,254
ARHGAP20_GACTCTGCACTCCTGACACC,ARHGAP20,486,147,155
ARHGAP20_CTGCCTACCTTCTTCAGCGC,ARHGAP20,2072,715,648
ARHGAP21_GCTATGTTTCGTTTCTGGAC,ARHGAP21,632,199,223
ARHGAP21_TGATGTCCCTGATGGACAGC,ARHGAP21,718,52,29
ARHGAP21_AATGACTTGAGGAAATCCGG,ARHGAP21,253,150,102
ARHGAP21_CCTACCCGATTAGTATGAGC,ARHGAP21,1428,439,357
ARHGAP21_GAGCTCACCTATAAATGGGA,ARHGAP21,296,525,294
ARHGAP21_GCCCAATGATGCACGTCGAG,ARHGAP21,1430,1010,880
ARHGAP22_GAGGCAAGGGTTCTAGAGGG,ARHGAP22,522,2,121
ARHGAP22_AGAGGAGCAGGCGTATGCCC,ARHGAP22,152,21,21
ARHGAP22_TACCTGGGCTGATCTCAAAG,ARHGAP22,1907,791,858
ARHGAP22_TGAAGAACTGGCAGCAGCGC,ARHGAP22,2930,702,741
ARHGAP22_GCTGAGCCCAAAGATCAGGC,ARHGAP22,252,27,60
ARHGAP22_TGCCGACAGCTTCCAGCAAA,ARHGAP22,1232,548,788
ARHGAP23_CGGGATCCCGACCAGGCAGA,ARHGAP23,747,179,244
ARHGAP23_CGGGTGGGTACACGATGAAG,ARHGAP23,1669,288,233
ARHGAP23_AGACGGCCCTGCCCATAGGG,ARHGAP23,257,194,231
ARHGAP23_GGAGCTGTCTATCATGCCCA,ARHGAP23,140,185,128
ARHGAP23_GGAGGATCGCGGCGATGAGG,ARHGAP23,392,141,114
ARHGAP23_AAATAAGAAGGCCGCTCCGA,ARHGAP23,138,102,41
ARHGAP24_CTCGCTGGTTTGTGCTCAAG,ARHGAP24,2472,1380,1498
ARHGAP24_CCCTGCAATGAAGAGAACCC,ARHGAP24,1420,113,286
ARHGAP24_CCCAGAATGATATGGAAGAC,ARHGAP24,3078,663,828
ARHGAP24_TGGACTTTATCCGACAAAGG,ARHGAP24,805,400,211
ARHGAP24_CAACACAGATGTACACACGG,ARHGAP24,2801,993,451
ARHGAP24_TTCAGCAGCAGTAATGCAGA,ARHGAP24,902,247,467
ARHGAP25_CTGGGATTTCAACCTGAAAG,ARHGAP25,1502,736,694
ARHGAP25_AGAGGTCCATCGTGAAGAAC,ARHGAP25,784,380,259
ARHGAP25_TCTGAGTCAAGACTGGCAAC,ARHGAP25,912,732,384
ARHGAP25_CTCCATCTCCGCCTGAGAGC,ARHGAP25,69,79,94
ARHGAP25_GAGCACGGCCGGAATGAAGA,ARHGAP25,535,91,234
ARHGAP25_CACGAATGCGGATGAGGCAA,ARHGAP25,1119,122,190
ARHGAP26_CAAGTCGCACGAAGCAGAGC,ARHGAP26,884,233,416
ARHGAP26_ATTCTAGGGCTTGGTGCAAG,ARHGAP26,267,270,86
ARHGAP26_TGAAGATGAACGGATACGGA,ARHGAP26,594,485,532
ARHGAP26_TCCCTTGGAGAAGTTTCGAA,ARHGAP26,514,380,216
ARHGAP26_CATAGAAATGCTGCCGGACC,ARHGAP26,1429,197,148
ARHGAP26_CTATCACCATGGTTACGAAC,ARHGAP26,2479,321,326
ARHGAP27_CGCACCAAGACGGCAGACAA,ARHGAP27,5856,773,814
ARHGAP27_GGATTTATGGATGCTTCGAG,ARHGAP27,426,132,240
ARHGAP27_TGTAGAAGTATGGCTTCCCG,ARHGAP27,601,106,232
ARHGAP27_GGCTCACCGAAAGAGCCCAC,ARHGAP27,371,101,83
ARHGAP27_ACGTGAGCCTTGAGACCGAG,ARHGAP27,697,139,371
ARHGAP27_TAATCGCCAAAGTGACCAGG,ARHGAP27,339,75,281
ARHGAP28_TGCGCGGCTGACGATGGAGG,ARHGAP28,1715,224,262
ARHGAP28_AATTCTTCGGCAGCGAGGAA,ARHGAP28,886,150,235
ARHGAP28_TAATCAGCTGGATGGCACCA,ARHGAP28,998,222,160
ARHGAP28_TATCCTGGGATGCGTCAGAC,ARHGAP28,345,410,210
ARHGAP28_TCCAATGGATCACCGGAGCC,ARHGAP28,722,148,235
ARHGAP28_TCCATTAGACTGATGAAGGC,ARHGAP28,1128,432,284
ARHGAP29_GACCAAGTCTCATTAGGCCA,ARHGAP29,435,418,693
ARHGAP29_CCAAGGTGTTGAATGTGAAG,ARHGAP29,3502,2124,2154
ARHGAP29_AATTCACTGTACTCTTGGCC,ARHGAP29,741,885,216
ARHGAP29_AAAGCGAAGGTTGGAAGAGG,ARHGAP29,806,315,906
ARHGAP29_CCTGCACAAATTTGTTAGCC,ARHGAP29,706,301,285
ARHGAP29_GAACACTGACTCTATCGAGC,ARHGAP29,120,18,187
ARHGAP30_ACTAAGCGTAAACTTCCACG,ARHGAP30,777,288,524
ARHGAP30_AGCATACTGCAGGCTGGCGA,ARHGAP30,285,39,181
ARHGAP30_GGAGTTCATCCTCACACACG,ARHGAP30,1555,266,220
ARHGAP30_GGAGGTAAACATCCCGACGC,ARHGAP30,443,127,310
ARHGAP30_CTGCACAGCTCTTTAGCACC,ARHGAP30,1666,560,508
ARHGAP30_AAAGAAGAAGGGCAGCGCAA,ARHGAP30,940,279,165
ARHGAP31_TGCAAAGCGAGCCCACACAG,ARHGAP31,3402,1366,1117
ARHGAP31_TTGCCCTGAAGAAGGCCAAC,ARHGAP31,456,35,139
ARHGAP31_GGAGGTTTGGCGCCCACACC,ARHGAP31,421,164,159
ARHGAP31_TGCATCTCCATTGCAACCAG,ARHGAP31,1970,516,471
ARHGAP31_GAGCAGGATGGTTAGTGGCC,ARHGAP31,423,134,204
ARHGAP31_AGCGGCACAGATACCGCAAA,ARHGAP31,1722,614,299
ARHGAP32_CAAATTCTCTTTAGTGCCGC,ARHGAP32,332,51,20
ARHGAP32_AAACAGAAGCTGAAGCAGCG,ARHGAP32,1042,814,549
ARHGAP32_ACATGGGCAGCACCGACAGC,ARHGAP32,1385,502,285
ARHGAP32_CCTGACAAGCAATCTGCACG,ARHGAP32,2354,1354,1068
ARHGAP32_GGAAGAAACTCTTAGCGCAA,ARHGAP32,985,187,75
ARHGAP32_CCTCTTCACAGTCAGTCACC,ARHGAP32,651,103,50
ARHGAP33_CTGAGGAGGCTACGCGACCA,ARHGAP33,1487,446,632
ARHGAP33_CTGACAGCCTGGATGGCCCA,ARHGAP33,1422,289,314
ARHGAP33_TCCGGAGAACCGGCCAGGAA,ARHGAP33,2218,583,589
ARHGAP33_CGGCCGCCCATGTGATCAAA,ARHGAP33,2662,693,525
ARHGAP33_CCGAGACAATGTCTCCCACC,ARHGAP33,301,409,310
ARHGAP33_CACTTACCCGCCTTCAGGCC,ARHGAP33,1188,336,344
ARHGAP35_GGACTAAATGATTATCCCGC,ARHGAP35,563,134,180
ARHGAP35_CTCTCTAGAGCGAGGGCGCA,ARHGAP35,228,348,311
ARHGAP35_TCCTCAGGACTGAGCACGGA,ARHGAP35,358,144,172
ARHGAP35_CTGCATGTTATACGGGACCA,ARHGAP35,2438,818,1409
ARHGAP35_TCTCCTCAGAAATCAACGAC,ARHGAP35,1065,211,399
ARHGAP35_GATTGTCTGGTAGGTGCGCG,ARHGAP35,899,471,380
ARHGAP36_GCTCAAAGGCCGAGGCGAAA,ARHGAP36,344,144,141
ARHGAP36_TCCGAATTCAAACCTGACAG,ARHGAP36,1625,395,158
ARHGAP36_ACTTATCCAAGGTGTTCGGA,ARHGAP36,238,131,138
ARHGAP36_GGAATGAGCCCACCTTGCCC,ARHGAP36,20,25,50
ARHGAP36_AAGTCGTTGGCCAATTGGAA,ARHGAP36,529,317,295
ARHGAP36_AAGACTCACTTGCTGTCAGG,ARHGAP36,792,113,174
ARHGAP39_CCTTATGTTGAAGAGCCGGA,ARHGAP39,396,211,174
ARHGAP39_CCATCGCCAACATGCTGGCC,ARHGAP39,1213,360,571
ARHGAP39_GGCTCTGGCTACGAGAGCGA,ARHGAP39,348,323,336
ARHGAP39_ACCAGGAGTGTTCCTTGAGA,ARHGAP39,270,146,352
ARHGAP39_TGAGTGCGTGTGGGACCCGC,ARHGAP39,476,154,332
ARHGAP39_CTGGAATCCTCGACTCCGGC,ARHGAP39,419,455,240
ARHGAP4_TGGTAGTCAAAGCGCAGCGG,ARHGAP4,844,170,272
ARHGAP4_TGACACTAGCCAGGCTAAGC,ARHGAP4,2178,324,476
ARHGAP4_ATGAGTGGAAGGTGCGCACA,ARHGAP4,538,214,431
ARHGAP4_CGCAAGAGCTCCCTCAAGAA,ARHGAP4,4489,1525,1379
ARHGAP4_TGACTCAGGCGCTGGGCCAG,ARHGAP4,1300,135,537
ARHGAP4_CAGCTTCCCGTGAGCGGCCA,ARHGAP4,758,243,179
ARHGAP40_TGGAGTGGAGAGCTCCAGCA,ARHGAP40,907,304,665
ARHGAP40_GGTGATCACCATCCAAGCCC,ARHGAP40,83,0,41
ARHGAP40_TGGAGGAAACTTAGAGGCCC,ARHGAP40,527,85,103
ARHGAP40_TGGACAGCATCCTCACCGGC,ARHGAP40,670,593,218
ARHGAP40_AAGGCAGACTTGGCGTGACG,ARHGAP40,918,192,346
ARHGAP40_CTTACGGCTTGAAGGACCAG,ARHGAP40,881,167,215
ARHGAP42_ACTTACTATCAGGTTCGGCC,ARHGAP42,262,0,1
ARHGAP42_ACGCTCACTTACACTGAGCC,ARHGAP42,1874,197,461
ARHGAP42_ACTTACCGCCCAGAAGAAAC,ARHGAP42,1807,117,312
ARHGAP42_GGTTCCACTGATGGGTACAC,ARHGAP42,380,118,103
ARHGAP44_GCGCCAGCTGGCCAACCAGA,ARHGAP44,592,271,201
ARHGAP44_GCGTCTGGAGCTGGTGAAAC,ARHGAP44,2411,799,634
ARHGAP44_ACATGGATTCCTCACGAACC,ARHGAP44,1854,626,419
ARHGAP44_GCATCAGCCTTGGCACCCGC,ARHGAP44,980,481,222
ARHGAP44_TGTACATATCAGCTGAGAGC,ARHGAP44,578,124,254
ARHGAP44_CCTCAGATCAAAGCACAACA,ARHGAP44,1125,860,757
ARHGAP5_TGCCGTTGAGGAGGAGACGG,ARHGAP5,2104,148,469
ARHGAP5_AGCATCTGATATCCGAGAAG,ARHGAP5,689,126,228
ARHGAP5_TAAGGCGATTTGGCATCAAC,ARHGAP5,701,209,177
ARHGAP5_CTCTTAGGGTTATGTACCGA,ARHGAP5,1366,278,123
ARHGAP6_ATTTGCAGGCCTCCAGACAG,ARHGAP6,1848,360,431
ARHGAP6_TTACAGACAGGTCCCTAGGC,ARHGAP6,207,239,256
ARHGAP6_GGCTCCTCGGGCTAGGAGGA,ARHGAP6,611,222,56
ARHGAP6_TGTCAGATCACCATTCCCAA,ARHGAP6,1646,602,475
ARHGAP6_CTGATTTCTAAGGGTTGCGG,ARHGAP6,998,253,292
ARHGAP6_ACTTGAAGCGGGCGAGGAAC,ARHGAP6,611,342,215
ARHGAP8_AGAAGCGAATCTTGTCCCGA,ARHGAP8,658,77,121
ARHGAP8_TTCTACGACGTGGCCAGACA,ARHGAP8,3187,684,1194
ARHGAP8_ACACTTACTCCAGCAGCCGC,ARHGAP8,865,71,78
ARHGAP8_TCCACTACGGGCTGAACAGC,ARHGAP8,996,600,814
ARHGAP8_ACACCTTAAATACGACCAGC,ARHGAP8,387,126,236
ARHGAP8_AAACTGCTGTGTGGGCAGCG,ARHGAP8,716,148,104
ARHGAP9_AACATGACCAAGATTGCCCA,ARHGAP9,545,41,69
ARHGAP9_GAGCTGCGGCAGAGGTCGAG,ARHGAP9,511,38,108
ARHGAP9_AAGGGCTTCAGATCTGACAC,ARHGAP9,318,106,58
ARHGAP9_GACAGCGGCGAAGGTCCACC,ARHGAP9,389,17,32
ARHGAP9_TGTCTCAGGCCCTCCCAAGC,ARHGAP9,1194,282,420
ARHGAP9_TTCGAAAGACCAACTCCGAC,ARHGAP9,544,397,546
ARHGDIA_AGACGGGACCGACAGCGACA,ARHGDIA,1085,243,514
ARHGDIA_GACGGGACCGACAGCGACAA,ARHGDIA,874,238,249
ARHGDIA_CTTGTCGTCGTCTGTGAAGC,ARHGDIA,1723,312,265
ARHGDIA_GCAGTCGTTTGTGCTGAAGG,ARHGDIA,1481,372,446
ARHGDIA_CGTGGTGACTGGCCTGACCC,ARHGDIA,1359,437,964
ARHGDIA_CCAGATTGCAGCGGAGAACG,ARHGDIA,2591,789,750
ARHGDIB_TCCACTCCTTCTTAATCGAC,ARHGDIB,629,552,222
ARHGDIB_ACCTGTCGATTAAGAAGGAG,ARHGDIB,247,52,221
ARHGDIB_ACAAGCAAGACCACCTCAGC,ARHGDIB,396,149,126
ARHGDIB_CCTGGTTTGTGAGAGTGCCC,ARHGDIB,188,58,37
ARHGDIB_CTCACAAACCAGGGTGAGCC,ARHGDIB,646,130,118
ARHGDIB_CGTTGTCACCCGGCTCACCC,ARHGDIB,887,420,819
ARHGDIG_GCACCCGCTTGTACTTGGCC,ARHGDIG,877,317,178
ARHGDIG_CATACCCACGGCCGGTGGCA,ARHGDIG,802,157,154
ARHGDIG_ACCTGTGAGATCCATGACGA,ARHGDIG,864,316,444
ARHGDIG_CTTCCTTCAGGACAAACACC,ARHGDIG,1029,466,285
ARHGDIG_CCTCTGTTCCCAGGTCCACA,ARHGDIG,127,164,171
ARHGDIG_TCCTGTCATCGTCGGTGAAG,ARHGDIG,1416,553,573
ARHGEF1_CGATGGCTTCTCTTTCCACC,ARHGEF1,2381,470,806
ARHGEF1_AGATGGAAGACTTCGCCCGA,ARHGEF1,639,252,268
ARHGEF1_AAACAGCCAGTTCCAGAGCC,ARHGEF1,656,1051,655
ARHGEF1_AAGGCGACGTTGGGAGGGAC,ARHGEF1,251,42,77
ARHGEF1_TGGAGGACTTCCGTTCCAAG,ARHGEF1,744,266,221
ARHGEF1_CAGGCCAATGGCGTTGACCA,ARHGEF1,1585,216,587
ARHGEF10_CTCTCAGCTCTGTTAAGGGA,ARHGEF10,672,416,399
ARHGEF10_AATCCCAGAAGCGGACAGAC,ARHGEF10,1130,622,309
ARHGEF10_ATGACCGGGCTGGAGTAGGC,ARHGEF10,732,23,184
ARHGEF10_CGGAACTCAGAGAATTGGGC,ARHGEF10,2445,287,193
ARHGEF10_CAGACCCGGCCAACACAGCC,ARHGEF10,935,427,311
ARHGEF10_ACAGCTCCTTGGAATACGGA,ARHGEF10,772,114,22
ARHGEF10L_CATCTTACCAGTGACAGGGA,ARHGEF10L,1624,80,117
ARHGEF10L_TTCACTTACCCTGTGCCGGG,ARHGEF10L,369,161,89
ARHGEF10L_CCCGGCACTCCAGCTGGAAG,ARHGEF10L,1630,758,743
ARHGEF10L_TGCGCATCTGGGCTCTCGCA,ARHGEF10L,777,230,282
ARHGEF10L_TGAGTTCGAGAGCTACAGCG,ARHGEF10L,1286,978,725
ARHGEF10L_TAGTCAGGTCTGGAGAAAGC,ARHGEF10L,1214,401,370
ARHGEF11_CCTCAGGAATATGCTGAGGC,ARHGEF11,0,53,24
ARHGEF11_CCTGTGATGCGTTGTGGAGG,ARHGEF11,1225,387,268
ARHGEF11_CCAACAGGTCAACGGCACCA,ARHGEF11,1224,517,562
ARHGEF11_CCGGTCGCCCTCTTTCACAC,ARHGEF11,2755,796,669
ARHGEF11_ACACAGCGTTGAACGAGACC,ARHGEF11,733,36,233
ARHGEF11_AGGCATCCGAAGGCTGGCGA,ARHGEF11,76,87,45
ARHGEF12_CACAGTCTACTATCACCGAC,ARHGEF12,1053,166,83
ARHGEF12_TTGACAGACTGTACGAAGAC,ARHGEF12,1331,869,1035
ARHGEF12_TGTCTGTACTCCAGCCCGCA,ARHGEF12,794,104,25
ARHGEF12_TCTACTTCAGAGTCGGCAAG,ARHGEF12,951,102,189
ARHGEF12_ATCCTGGAGATGTACTGGGC,ARHGEF12,497,125,21
ARHGEF12_GGACCGATTGACTTTGGAGA,ARHGEF12,533,109,36
ARHGEF15_GGAAGTCTGGGAGTCGAGGC,ARHGEF15,647,198,61
ARHGEF15_TAGGATGTGAGGACAACGGC,ARHGEF15,744,37,167
ARHGEF15_TCTCCAGCATTTGCTGGAGA,ARHGEF15,2,0,0
ARHGEF15_GGTGTCGGTCAGCAGCCGCA,ARHGEF15,416,79,32
ARHGEF15_GCGGAACCAGCAGTATCAGG,ARHGEF15,795,68,173
ARHGEF15_GGAGCCGCTCACACTTAGGG,ARHGEF15,840,154,175
ARHGEF16_CATCGAGCCGGAGCTCCGAG,ARHGEF16,1572,119,194
ARHGEF16_GGGAGGAAACGTGGGCACAA,ARHGEF16,292,161,214
ARHGEF16_TACCAGGAGATCCAGGAGCG,ARHGEF16,298,177,136
ARHGEF16_CGACGTGAGGATCTCGAACA,ARHGEF16,1951,808,680
ARHGEF16_AGGGCTTTAGATTGCTGCCC,ARHGEF16,126,32,7
ARHGEF16_CATCGCCTACTGCTCCAACG,ARHGEF16,1955,594,995
ARHGEF17_GCGGATCCTCCTCGGCACCA,ARHGEF17,2249,754,520
ARHGEF17_GCTGCGCACCCTGATGCAGG,ARHGEF17,638,70,0
ARHGEF17_ACTCACCGACTGGACGAGCA,ARHGEF17,1049,278,340
ARHGEF17_TGCGTGTGGCCAAGGAGGCG,ARHGEF17,3628,392,480
ARHGEF17_GCAAAGCATGCGTGAGAACA,ARHGEF17,2225,334,677
ARHGEF17_GCAGCGGAACATCAAGCAGG,ARHGEF17,1231,93,177
ARHGEF18_TCATACCGACATTCCTGGAC,ARHGEF18,972,451,499
ARHGEF18_CGTAGGCTGCATCCACGGCG,ARHGEF18,1169,76,222
ARHGEF18_GGTCGTCAGCGCATGGGAAG,ARHGEF18,746,449,259
ARHGEF18_CGCATCATCCAGAACACGGA,ARHGEF18,1105,350,872
ARHGEF18_AGCGCCTCAGGGAGATCGCA,ARHGEF18,597,214,109
ARHGEF18_CGTCGGTCAGCAGGATAGCC,ARHGEF18,1,206,620
ARHGEF19_GCTCGGCAGAGCCTAAGAAG,ARHGEF19,165,30,52
ARHGEF19_CTATCAGGAATACAGCGACG,ARHGEF19,3609,1603,1527
ARHGEF19_AGTTAAGGAGGAATCGAGAC,ARHGEF19,213,240,169
ARHGEF19_AGGGCGATTGGTCCGAGCCC,ARHGEF19,1522,110,75
ARHGEF19_GCGGGTGTACCAGCGTGAAG,ARHGEF19,8,2,5
ARHGEF19_GCTGGCACACTGCTACAGGG,ARHGEF19,1635,229,187
ARHGEF2_GCTATTAGAACGCCGACGCC,ARHGEF2,0,47,6
ARHGEF2_ACTGCCGGAAGCTGTCGGAG,ARHGEF2,682,1154,814
ARHGEF2_GGCGGTGTTGTTCTTCAGCA,ARHGEF2,1905,366,375
ARHGEF2_TGGATAGTCACATTGCAGGC,ARHGEF2,946,148,312
ARHGEF2_TAACAAGAGCATCACAGCCA,ARHGEF2,2319,461,226
ARHGEF2_TCGAATCCCTCACGCGGGCG,ARHGEF2,2490,977,668
ARHGEF25_TATCCGGTCAGTGCGGCCAG,ARHGEF25,769,314,440
ARHGEF25_CGAACATGAGGTCCTCGCCG,ARHGEF25,2413,322,250
ARHGEF25_AATGCGGCTGCTGCTTCGCC,ARHGEF25,0,41,51
ARHGEF25_ACCACACTGTTGGAGGGCCC,ARHGEF25,40,71,22
ARHGEF25_GACAAAGTCTCCTCTTCAGG,ARHGEF25,404,43,13
ARHGEF25_TAGGTATGTCCTGAGTGAAC,ARHGEF25,780,239,245
ARHGEF26_TACCTTTATCCTTCCCAGAC,ARHGEF26,1056,232,220
ARHGEF26_ATCTCAGACAGTAAGCCAGG,ARHGEF26,1002,183,135
ARHGEF26_CAATGAGGGCGCCCGGAAGA,ARHGEF26,746,320,237
ARHGEF26_CTTTAGTCTCCTCTTCCCGG,ARHGEF26,556,245,149
ARHGEF26_TAACCACGCGAATGAGAAAG,ARHGEF26,781,358,264
ARHGEF26_AGCCCGCTGGATAACTGCCC,ARHGEF26,248,159,160
ARHGEF28_CCTCACCTGGGACGCTGGAC,ARHGEF28,1168,265,411
ARHGEF28_AGGTTACTCTCCGGTGACCA,ARHGEF28,769,113,166
ARHGEF28_CTTGGCTTTACCCAACGAAG,ARHGEF28,685,88,205
ARHGEF28_CGACATTGCTTGCTGCAGGC,ARHGEF28,758,280,163
ARHGEF28_TTCACTAAGTGGGTACACAC,ARHGEF28,1707,272,106
ARHGEF28_CTTGGACGCCGACAGTGAAG,ARHGEF28,1824,108,157
ARHGEF3_CTCTCCGTTTCGTGCTCGAG,ARHGEF3,1184,490,670
ARHGEF3_TAGCGACGTGACTCGGGAAA,ARHGEF3,1958,487,599
ARHGEF3_GATGGAGCTTAGGAGGACAA,ARHGEF3,122,42,81
ARHGEF3_TCTTGACCGTGAGGTAGAAG,ARHGEF3,140,159,331
ARHGEF3_CACTTATGTCGAGACTGCAA,ARHGEF3,618,167,183
ARHGEF3_AAAGAGGCAGCACCACACCA,ARHGEF3,1969,466,571
ARHGEF33_GATGGCTTGGATCATCGACA,ARHGEF33,187,142,144
ARHGEF33_AAGTCTTCGCTTGGAAGAAC,ARHGEF33,734,216,205
ARHGEF33_TGGACTGGATATCAGCCGAG,ARHGEF33,463,253,79
ARHGEF33_GCTTCACGCACTGCAGGAAA,ARHGEF33,956,515,531
ARHGEF33_CCAATGAGATGCACTCAGGC,ARHGEF33,638,481,762
ARHGEF33_TCAGATATTCAGGGATGCGC,ARHGEF33,793,295,238
ARHGEF37_ATCGCTGCTTCATCAGAGGC,ARHGEF37,546,143,158
ARHGEF37_TTGTTCCTTCCAGTTGCCGC,ARHGEF37,178,41,43
ARHGEF37_ACTGGTGGACACGTACCGGA,ARHGEF37,226,114,56
ARHGEF37_TTCTCCCTCAGGCCGCAAGC,ARHGEF37,558,605,719
ARHGEF37_GCACATTCGTGACCCTCCAG,ARHGEF37,1930,217,224
ARHGEF37_CATCGTGGGTATGTGCCGGC,ARHGEF37,585,105,195
ARHGEF38_GGAAGAGGCCACAACAGACG,ARHGEF38,1176,203,332
ARHGEF38_CTTGCAGATTAAAGGGCCAC,ARHGEF38,305,67,62
ARHGEF38_AATGTCCTTCACAGCAGCAA,ARHGEF38,934,366,164
ARHGEF38_CATCTGAAGATTCTGACCAG,ARHGEF38,247,121,82
ARHGEF38_CCCTGCTGTCCTTATTCCCA,ARHGEF38,847,338,509
ARHGEF38_CTGGCCGTGAAGACACGAAG,ARHGEF38,2984,452,445
ARHGEF39_ACTGCTTATGTCCACAGACC,ARHGEF39,519,651,716
ARHGEF39_GCTGGTTCCTACGCCAGGGC,ARHGEF39,249,51,354
ARHGEF39_GCAGAGCCTGGACACGCCGA,ARHGEF39,173,54,42
ARHGEF39_CTGGCGCTCAGGTGGTCGCA,ARHGEF39,537,151,197
ARHGEF39_TGCAAGAGCAGCGTGCCCGC,ARHGEF39,839,252,187
ARHGEF39_AGTCTGCCAAACCCTCAAAC,ARHGEF39,887,910,684
ARHGEF4_CGGATGGGTCTCCACTACCC,ARHGEF4,1696,462,233
ARHGEF4_CATCCACACTGACGGGCGAG,ARHGEF4,1289,472,458
ARHGEF4_ACTCTCCCAGAGTGCTCCAA,ARHGEF4,432,94,132
ARHGEF4_CACTACAGCCACCCTGGAGG,ARHGEF4,2674,43,211
ARHGEF4_CACCATGGACGACCAGGAGC,ARHGEF4,765,22,114
ARHGEF40_CTGCGACGCTGGACTCACCA,ARHGEF40,916,336,469
ARHGEF40_GGTGGAGAGGACTTATCGGG,ARHGEF40,553,44,39
ARHGEF40_TCCTTTGCCTGTTCTCCGAG,ARHGEF40,408,239,157
ARHGEF40_ATCAGAGACGGAGACTGCAA,ARHGEF40,378,28,30
ARHGEF40_TGTGTTCAGCGTGTCTCGGG,ARHGEF40,404,170,255
ARHGEF40_CAGGCCTGATCTACAGACAC,ARHGEF40,1154,247,301
ARHGEF5_GGCACTGGAGAAAGCCGACG,ARHGEF5,254,110,170
ARHGEF5_CTGGTTTCCTGTGCAGCAGG,ARHGEF5,655,219,155
ARHGEF5_CAAGACTGCCAAACTACAGC,ARHGEF5,694,478,329
ARHGEF6_CAGCAAACCATTCATGCGAC,ARHGEF6,2154,965,662
ARHGEF6_GCACATTTACAGCTGAAGGA,ARHGEF6,330,356,334
ARHGEF6_GGCACATTAAATGGGAGAAC,ARHGEF6,510,282,205
ARHGEF6_AGAGAAGAGGAACGTCCACA,ARHGEF6,347,172,88
ARHGEF6_GCTGTCAACAAAGCAACAGA,ARHGEF6,260,201,202
ARHGEF6_AAAGACCATCTGTGATCCGG,ARHGEF6,950,269,235
ARHGEF7_CTGCAGGCGTCGCTGAAGGA,ARHGEF7,1155,405,837
ARHGEF7_GCTCTTTGCAGACATCGGGC,ARHGEF7,592,65,165
ARHGEF7_GGCACACTCAACGGCCGGAC,ARHGEF7,110,0,0
ARHGEF7_GAGCGTGCAGAAGACGAGGA,ARHGEF7,353,371,139
ARHGEF7_TACTTCTCACTGGTCTGCAA,ARHGEF7,501,6,98
ARHGEF7_GCCAGTACTTAGCCGCGGAG,ARHGEF7,1338,437,282
ARHGEF9_CACATGTCCTTCCCAGGGCG,ARHGEF9,618,367,94
ARHGEF9_GGCAGGCTTCTGTCCTAGAC,ARHGEF9,281,234,170
ARHGEF9_AGTATACTGCCCAAGACCAC,ARHGEF9,34,121,41
ARHGEF9_AGGGTCCTATCTCGCTGAGG,ARHGEF9,513,101,84
ARHGEF9_CGATGTGCAGAACGGACACC,ARHGEF9,1027,262,731
ARHGEF9_GGCCAGATCGACGATGAGGA,ARHGEF9,876,124,215
ARID1A_AAGAACTCGAACGGGAACGC,ARID1A,1101,848,359
ARID1A_ATCCAGTCCAATGGATCAGA,ARID1A,0,99,50
ARID1A_ACCCTCGACGCTCTCCCAGC,ARID1A,826,0,62
ARID1A_TCAATGACCTCCAGTAAGGG,ARID1A,1216,480,342
ARID1A_TGAGCGAGACTGAGCAACAC,ARID1A,1007,498,421
ARID1A_GATGCATGATGCTGTCCGAC,ARID1A,224,240,223
ARID1B_CTCAACATGGCCCATAACGC,ARID1B,3328,1209,1143
ARID1B_CAGCAGAGCAGTCCGTACCC,ARID1B,1893,465,425
ARID1B_CCTTGCTGTCCATACTGAGG,ARID1B,844,435,392
ARID1B_CTTCCTACAGGAGAGCCAAC,ARID1B,563,425,558
ARID1B_ATTGGTGACTGGCTCAAGGC,ARID1B,177,135,164
ARID1B_ATGAGCCAGTATGGACCACA,ARID1B,563,85,138
ARID2_CCTCCGGACGAGCGGAGAAA,ARID2,1222,178,116
ARID2_TACTTTAGGCGGATTCGCGA,ARID2,495,85,172
ARID2_CTTACTGTCGTCAAACACCC,ARID2,1099,100,234
ARID2_ATTTCATCCACCTCGAAAGC,ARID2,313,336,332
ARID2_GCTATACATGCTCACGGAAA,ARID2,1275,365,405
ARID2_ATTTCCACTATTCCTGGAGG,ARID2,423,241,32
ARID3A_TGAGGACATGGCCTCCGACG,ARID3A,897,82,538
ARID3A_TTACGAGGAGCAGTTTAAGC,ARID3A,530,645,774
ARID3A_ACAGCTCTACGAACTCGACG,ARID3A,987,167,122
ARID3A_CTGTGGCGTGAGATCACCAA,ARID3A,819,319,203
ARID3A_CAGCCATAGACAGCAACCGA,ARID3A,1268,314,549
ARID3A_TTGCTGCTCATCGGCCACCA,ARID3A,1569,558,227
ARID3C_CGGCGGGCAAAGAGGACACC,ARID3C,892,649,525
ARID3C_ACATGGCCCTAGAGATCAAC,ARID3C,705,148,71
ARID3C_AGCTGAGCGCATGCATGCGC,ARID3C,327,32,64
ARID3C_TTTCGCCTGGTGACCGCCAA,ARID3C,736,241,115
ARID3C_CTGCATCGAGCTCATACAGC,ARID3C,512,782,552
ARID3C_GGGCTGGCTAGAAGGCGAGC,ARID3C,492,58,77
ARID4A_TGTAAGTGTGGTGTCTGCAA,ARID4A,1791,273,212
ARID4A_TCTGAGCTCTCCACTAAACC,ARID4A,1622,597,652
ARID4A_CACTTTGGTTCCTGTTAGGC,ARID4A,1741,160,203
ARID4A_TTTGGTCCACCTTTGTCCAA,ARID4A,192,25,135
ARID4B_ATAGTACCAAATCTCCCGCA,ARID4B,693,158,209
ARID4B_GAAGGGAATAGCTCGCCAGC,ARID4B,268,21,24
ARID4B_ACTTGGTGCATTACTGCGGA,ARID4B,463,266,43
ARID4B_CCTGCAGCTGAATTTAAGAC,ARID4B,3513,1638,1685
ARID4B_TCAAGTGCCTGTTCAAAGGC,ARID4B,1589,354,372
ARID4B_TGAGCCTCCCTATTTGACAG,ARID4B,704,367,429
ARID5A_GCCGCAGAGCCGCTTACCCA,ARID5A,1230,224,109
ARID5A_TCAACTCACCTCCAGCGAGA,ARID5A,2301,233,575
ARID5A_AGCGACACACGCCCATCGAG,ARID5A,1112,346,146
ARID5A_CGTCGTACACGTTCTTCCAG,ARID5A,761,228,204
ARID5A_CACGTATGGCAGGACCAGCC,ARID5A,1011,429,654
ARID5A_ACAGCCGCTGGCACCCACAA,ARID5A,659,353,274
ARID5B_CATGGTCGCTATTTCTGCCC,ARID5B,147,114,11
ARID5B_AGCTTGAAGACCTGGTCAAG,ARID5B,1992,454,467
ARID5B_GGACCAGTTTGCATTGGCCC,ARID5B,230,196,81
ARID5B_CAGATGTTTGTCGACTGGAA,ARID5B,955,392,536
ARID5B_GAATGACCGTACCTTGGCAA,ARID5B,2489,319,164
ARID5B_ACCTGGCCTCACATTTCACC,ARID5B,243,57,22
ARIH1_CTACAACTACGAGTTCGACG,ARIH1,2258,1000,908
ARIH1_CGCCCACATTTGCAGCGAAC,ARIH1,3565,1589,1460
ARIH1_TTGGATTGCAGCCAACACAA,ARIH1,1286,16,8
ARIH1_GCAGATCCATGTGGTTCCCA,ARIH1,536,0,27
ARIH1_AAAGGCAGCAAGAGATGCAC,ARIH1,639,6,12
ARIH1_ATAGTTTGTGCTCAAAGCGC,ARIH1,566,55,24
ARIH2_CACTTACCAGTGCCATAGGG,ARIH2,423,89,169
ARIH2_AGTTCTCGTCAAGGACGGCG,ARIH2,1258,275,791
ARIH2_ACTGTGCCACAATCCGGAAA,ARIH2,1579,971,874
ARIH2_TGCATATAGCGGAGCAGCGG,ARIH2,1964,637,827
ARIH2OS_CGGCCGCTATCTGGTCAGAG,ARIH2OS,3427,1059,794
ARIH2OS_AACATCTCGACGGGAGACGC,ARIH2OS,580,216,42
ARIH2OS_AGCGCTAAGTTTCAAGGAGG,ARIH2OS,513,87,254
ARIH2OS_GAGCCCGAACAAGCCAGACC,ARIH2OS,840,199,535
ARIH2OS_TCGGACAACGTGCCGGCGAC,ARIH2OS,147,69,55
ARL1_GCCTTGATGAGGCAATGGAA,ARL1,274,268,250
ARL1_CACCGGCCTTGATGAGGCAA,ARL1,904,145,331
ARL1_ACGTCAGCAACCAAAGGCAC,ARL1,1327,323,213
ARL1_TTCCCGAGTTCCAAACAGAC,ARL1,1032,691,427
ARL10_GGCCGAAGTAGGTCTTCCAG,ARL10,476,187,32
ARL10_TGGAAGACCTACTTCGGCCG,ARL10,963,475,511
ARL10_GCCCACCAAGGACTTTGAGG,ARL10,1157,204,200
ARL10_TGGCCACCACGACGACAGGC,ARL10,589,260,317
ARL10_CGTCGTGGTGGCCAACAAGC,ARL10,1324,517,814
ARL10_GGCTATCGATAACCAGCGGG,ARL10,937,152,155
ARL11_GAATTCCAGAGGTCACAAGG,ARL11,156,143,158
ARL11_CTTCAGCTTGTAAAGGAGCG,ARL11,272,212,124
ARL11_TTCCAGATAGTCCTTCCAGC,ARL11,591,161,336
ARL11_TGCTGTCCAGCACGTACACG,ARL11,396,307,271
ARL11_TGCAGCTGCGAGATTTCAGG,ARL11,1169,203,204
ARL13A_ACCTGAAGGGCCGGGAAGCA,ARL13A,1312,266,607
ARL13A_TTGACACTTACTACTCGGCA,ARL13A,1722,514,540
ARL13A_CCATAGTTGAAGGACTGCGC,ARL13A,1317,558,73
ARL13B_GCTGCGGCTGGTTCAAGCGG,ARL13B,1117,222,309
ARL13B_ACCATCTTTGACTTGGGAGG,ARL13B,130,66,18
ARL13B_TCCACCTCCCAAGTCAAAGA,ARL13B,1049,273,252
ARL13B_ACAGATGCTATTGGCTGGAA,ARL13B,1636,921,820
ARL13B_TATTAAGTGGTTCTACCCGG,ARL13B,187,88,37
ARL13B_AGGTCGCTGTGGCACAGCCA,ARL13B,351,88,81
ARL14_CTGTGAGAACACCGATGGGC,ARL14,1780,100,232
ARL14_AGCTTTGCAGTGACCGGAAC,ARL14,1711,757,858
ARL14EP_ATACTGAAGACCGCCAGAAA,ARL14EP,1443,332,424
ARL14EP_AGCCTACCTGTCTGAACCAG,ARL14EP,259,398,286
ARL14EP_AATGCCGCTGTGACCGCAAG,ARL14EP,101,8,153
ARL14EPL_TGCTTGGCATTTCGAAACCC,ARL14EPL,1684,865,862
ARL14EPL_ATTTCGAAACCCTGGACCAC,ARL14EPL,833,64,157
ARL14EPL_GGCATGGGTAGAAGCAGCCC,ARL14EPL,0,33,75
ARL14EPL_TTGGAGTTACACTTCGGGCA,ARL14EPL,1524,207,250
ARL14EPL_AGTGCCGCTGCAACCGACGG,ARL14EPL,484,50,0
ARL15_ATCCATGTCATCCAGTGAGC,ARL15,776,25,124
ARL15_GAACTTGAACCACTTGCACG,ARL15,1549,606,655
ARL15_AGCAGCTCGCTCAGTACAAG,ARL15,2031,384,469
ARL15_CTACTACCAAGGATCTCAAG,ARL15,606,365,253
ARL15_TACTGGAGCCGCTACTACCA,ARL15,896,334,178
ARL15_GATAACGTCGTGTCGACCAC,ARL15,172,154,41
ARL16_CATACTGGTATCCGCGGCAC,ARL16,203,45,52
ARL16_TCTTGATAAGGCCTGTGCCG,ARL16,1835,484,400
ARL16_CCGGGATGGGAAAGGCGACC,ARL16,283,284,180
ARL16_ATTCCGTGCTTCGCTCCACC,ARL16,366,75,66
ARL16_TATCCAATGAGAGTGGCCGG,ARL16,643,256,163
ARL2_GGGCTTCAACATCAAGACCC,ARL2,438,0,0
ARL2_TCAAGACCCTGGAGCACCGA,ARL2,1244,148,91
ARL2_AGTTCCGCCAGTAGGACCGC,ARL2,2,0,0
ARL2_AACTACTTTGAGAGCACCGA,ARL2,856,19,2
ARL2_AGCGCATGCAGGACTGCCAG,ARL2,940,48,0
ARL2_TGAGGAGGGTTGCTCCGGCC,ARL2,747,116,93
ARL3_CCTCAAAGGATGGCATGAAC,ARL3,1441,14,247
ARL3_CTGCCAGACTCGGTCGCGGA,ARL3,946,407,263
ARL3_TATGGGACATTGGTGGACAG,ARL3,571,100,71
ARL3_TGCCAGCATTATCCAAGCCC,ARL3,2082,390,563
ARL4C_ATGAGATGATCCTGAAACGC,ARL4C,652,226,71
ARL4C_ATCGGCGAGGGCCTCACCGA,ARL4C,784,51,48
ARL4C_GCTGGTCATCGCCAACAAGC,ARL4C,637,63,146
ARL4C_GACCAAGTTCGCCGAGAACC,ARL4C,1163,195,170
ARL4C_CGGCTGTAGGACTTCCACAG,ARL4C,3825,716,665
ARL4D_TGGGCGCCATCTCAGTCAAG,ARL4D,964,322,353
ARL4D_ACACTAGACCGTCTGTCCGG,ARL4D,381,40,17
ARL4D_AGCCGGGCCTCGGACAACCA,ARL4D,1363,297,128
ARL5B_TCTCACCTTGGTTACAGAAG,ARL5B,480,167,336
ARL5B_CAGCAGGATTGAATGTGCCA,ARL5B,1998,411,383
ARL5C_AGCCTTGTATATGCCACGAG,ARL5C,929,510,421
ARL5C_TTTATATAGCTCCTCCCGAG,ARL5C,385,177,114
ARL5C_TTGTGATTGACAGCACGGAC,ARL5C,1151,593,693
ARL5C_GCCCGAGAGTCACTTACAAC,ARL5C,1741,427,549
ARL5C_CACGGTCATCATCGTGGGAC,ARL5C,2890,643,412
ARL5C_ATGAGCATCTTCGGGAACCA,ARL5C,1013,134,194
ARL6_TGCCACTATTATCTAGCCCA,ARL6,1282,344,148
ARL6_AAAGGAGAAGGCTTGCAAGA,ARL6,516,211,175
ARL6_GCTTGCAAGAAGGTGTAGAC,ARL6,740,282,501
ARL6IP1_GAAACGCCGGACAGAACAGA,ARL6IP1,682,77,173
ARL6IP1_TCCTCCGATGGGAAAGAGCC,ARL6IP1,365,15,96
ARL6IP1_TGGCTGATAAAGTCCTCCGA,ARL6IP1,221,29,20
ARL6IP4_CCTTCTTCCCAGGGCACCGG,ARL6IP4,1017,178,184
ARL6IP4_AGCGCTCGAGGAGTCGCAGC,ARL6IP4,147,37,98
ARL6IP4_GGAGAAGGCGGAAGCACAGC,ARL6IP4,553,55,171
ARL6IP4_TTCTGCTCATCCGTCAGGAC,ARL6IP4,665,598,797
ARL6IP4_ACACAGAGAGATCAACAAGG,ARL6IP4,2069,314,273
ARL6IP4_CTGGCCTTCCAGATGCGAGC,ARL6IP4,625,224,210
ARL6IP5_GGGCAAAGCGATCGGAACCC,ARL6IP5,259,2,48
ARL6IP5_AGTTGGTCTGGTAATAGAGC,ARL6IP5,305,61,18
ARL6IP5_AGCGCTTCTTCATCCGGCGA,ARL6IP5,818,44,97
ARL6IP5_TCGGAACCTCAAGAACAAAC,ARL6IP5,876,674,393
ARL6IP5_CTTCAGACACAATAGGAGGG,ARL6IP5,38,127,121
ARL6IP6_GCCATGTCGTTTGCTGAGAG,ARL6IP6,2551,291,384
ARL6IP6_TGAAGGCGAAGTCGACGAGG,ARL6IP6,1345,33,143
ARL6IP6_AAAGCGCTCGGTGCTCCCGC,ARL6IP6,183,21,17
ARL6IP6_TTGCGCTTATCGGGCAGAAC,ARL6IP6,745,209,91
ARL8A_TATCAGACATCACCCTACAG,ARL8A,937,376,116
ARL8A_ATGTGGGAGCGCTACTGCCG,ARL8A,262,234,262
ARL8A_GCGCATGTTGAAACCCACGG,ARL8A,1061,157,128
ARL8A_CCAGTCAGGACAGTTCAACG,ARL8A,4954,2928,2183
ARL8A_TACCGCGATCACGTTGACGA,ARL8A,1853,339,279
ARL8A_CAAGGCCCTATTCTGGAAGG,ARL8A,1606,138,312
ARL8B_CACCGCGATGACATTGACGA,ARL8B,1442,614,808
ARL9_CAACACTGAAGACAGCCAGA,ARL9,473,106,158
ARL9_GGAACCTACCTGACTAAGAA,ARL9,440,92,77
ARL9_CAAAGACTTGATTGCACAGC,ARL9,1195,753,539
ARMC1_CTTCTGGGTGTGAGCCGACC,ARMC1,544,187,91
ARMC1_CGGGTCGGCTCACACCCAGA,ARMC1,773,364,627
ARMC1_TCCACAGGAGTATCTTGGAA,ARMC1,575,285,183
ARMC1_AGCAAAGCGGAGTGGACGAC,ARMC1,108,115,59
ARMC1_GGACGACTGGAGGGTTGGGA,ARMC1,156,36,44
ARMC12_AGCGTAGTCAGCCTGGCCAC,ARMC12,1002,42,34
ARMC12_CCGTAGTACAAGCAGAGGCC,ARMC12,899,281,535
ARMC12_ATGTGCATCCACAGCTGCGA,ARMC12,506,229,126
ARMC12_TGTAATGCCATTTCACCACG,ARMC12,1173,210,414
ARMC12_GGCAGACCGACTACTTGCCC,ARMC12,0,10,25
ARMC2_GCCATATACCTGAAGGAGGA,ARMC2,786,774,641
ARMC2_ACGTCTTAGTCCACTAGAGC,ARMC2,1227,172,132
ARMC2_TACATGGCCTTACAGTCGGA,ARMC2,0,112,45
ARMC2_ATGTATTCCTCCTAGGGACC,ARMC2,463,55,149
ARMC2_TACTTACCTGGACTAGCAAG,ARMC2,644,124,291
ARMC2_ACGGCAATGGAACAGTACAA,ARMC2,1332,302,630
ARMC3_ATTGCCCAGCTCGCTCCAGA,ARMC3,331,210,164
ARMC3_ACTACTGAGTAGCCCTGACC,ARMC3,17,65,129
ARMC3_AGCCAATTGCCTTGAAGACA,ARMC3,2130,528,401
ARMC3_GCAAGTGGTTAGGTTTGCCA,ARMC3,604,89,27
ARMC3_CTCCATCTCGTTTACTAGAC,ARMC3,1670,866,580
ARMC3_GGAGCGTAGCAGCTCTACCA,ARMC3,1103,227,425
ARMC4_GACCTCGTTAGGCTGCACGG,ARMC4,646,193,240
ARMC4_CTGCACCTGGTAAATGGCCA,ARMC4,1600,530,465
ARMC4_TCATACAGACTCGATTGGGC,ARMC4,915,97,188
ARMC4_CAACATCTCTGATGGCCAAC,ARMC4,1312,216,532
ARMC4_CCACGAATTTGTCTCCACGG,ARMC4,2897,542,420
ARMC4_AAGTCCCATGACGGTGAAGA,ARMC4,760,489,383
ARMC5_CAGGCATAGGGCCGAAGCGA,ARMC5,310,127,115
ARMC5_CCGTTTCCGGAGCTGGACCC,ARMC5,2022,177,121
ARMC5_CTAGCCGATTGCTGTACGGA,ARMC5,1694,0,52
ARMC5_ACAGCCTCTTACCAGCACAG,ARMC5,527,4,1
ARMC5_TTGCACGAGGGTCCCGCAGC,ARMC5,2351,150,181
ARMC5_TCAGCAGGCCGTACAGCGCC,ARMC5,546,0,61
ARMC6_TCAAGTTTCCACTTCAGGCC,ARMC6,1464,610,747
ARMC6_AACATCAACACAGGCGAAGA,ARMC6,634,269,57
ARMC6_GCACCTAAAGTCTCTGCAGA,ARMC6,160,0,0
ARMC6_ATCAGCATTCTGGGTCAGCG,ARMC6,1845,68,171
ARMC6_TCGCAACGAGTTCTGCCAGG,ARMC6,884,24,7
ARMC6_CTGGGTCATAGCAGCCACGA,ARMC6,1849,76,306
ARMC7_CATGGCCCAGAAGCCGAAGG,ARMC7,889,26,0
ARMC7_CGAAGTTGGCGAGGTTGGCG,ARMC7,1498,47,89
ARMC7_TACCAATAGCAAACTCCACC,ARMC7,459,0,0
ARMC7_ATTGCAACATGGTCCCACGG,ARMC7,942,332,538
ARMC7_TTCATTGCAACATGGTCCCA,ARMC7,330,44,78
ARMC7_CCTCGGCAGTGGGATACCCA,ARMC7,636,10,107
ARMC8_GCGGCGGGTCACTCACCGAA,ARMC8,3879,733,876
ARMC8_GACTGGTGAAGATGGTACGC,ARMC8,805,94,252
ARMC8_CTCCAGCCTACCATTTACCA,ARMC8,3166,1332,1136
ARMC8_AACAGCATGATCCTGGAAAC,ARMC8,2955,1087,850
ARMC8_TACTTACAGGACGAGTGGAG,ARMC8,576,178,415
ARMC8_ATCTTAGCCAACATAGCGGA,ARMC8,159,8,156
ARMC9_CTTGTCGCTGCATTTGACAA,ARMC9,1193,349,366
ARMC9_ACCATAGGGTTGGGAACAAA,ARMC9,832,176,471
ARMC9_TGAGATTGTGGTAGTCGGCC,ARMC9,398,377,194
ARMC9_GGACTTCACGAGGCCTGGGA,ARMC9,647,118,75
ARMC9_AGTTACTTACACGGGTGCCA,ARMC9,593,49,86
ARMC9_GCGCAGAGCCTGCAACAAGA,ARMC9,1988,785,717
ARMCX1_TTTCAACACGCTGAAGGAAC,ARMCX1,819,433,353
ARMCX1_GCACCGAGTTTACCCTGCCC,ARMCX1,34,73,106
ARMCX1_GGCCCGAAGTAAGAGCACCA,ARMCX1,939,267,240
ARMCX1_TTGAACTTGCCTCTCCGGAC,ARMCX1,459,167,157
ARMCX2_AGCCACATCAGCGACTGGAG,ARMCX2,1535,649,854
ARMCX2_CCGAAAGCCACATCAGCGAC,ARMCX2,2406,493,647
ARMCX2_CTCGGTAGGCGATGCCACCC,ARMCX2,657,329,277
ARMCX2_TCCTCTGCTTCAGCACGGAC,ARMCX2,163,74,70
ARMCX3_GCTACGCCAGGAAAGTAGGC,ARMCX3,11,8,15
ARMCX3_AAAGTAGGCTGGGTGACCGC,ARMCX3,721,218,171
ARMCX3_CACGTCGGGCTGTCCAGAAA,ARMCX3,1998,1309,1108
ARMCX3_ACGTCGGGCTGTCCAGAAAC,ARMCX3,1467,851,1084
ARMCX4_TGCTCCTGATCAGTATAGAC,ARMCX4,1330,239,406
ARMCX4_CCGGGACTAAGGCAGACCAG,ARMCX4,3122,386,538
ARMCX4_CCTTGGACCCTCCACCAGCC,ARMCX4,1655,197,544
ARMCX4_CTCCATTCGTCTGACTCCCA,ARMCX4,542,177,524
ARMCX4_TTCCACTGACCTGACTCCCA,ARMCX4,21,154,128
ARMCX5_CTCCATCACCAGCTTTGGCC,ARMCX5,250,344,184
ARMCX5_GGGAGGCTATGGCTGTGACA,ARMCX5,530,189,120
ARMCX5_ACTATACTGCGTTCTGCCAG,ARMCX5,14,90,50
ARMCX5_TAATAGCATGGTCAAGGGCC,ARMCX5,662,157,197
ARMCX5_GCCTGCCACTGCAAATCACG,ARMCX5,640,163,243
ARMCX6_GCTCGGCCCTGGACTGAGGA,ARMCX6,355,441,519
ARMCX6_TTGAAACTATGGCTCGGCCC,ARMCX6,867,181,331
ARMS2_AGGACCGATGGTAACTGAGG,ARMS2,427,30,73
ARMS2_ACCGATGGTAACTGAGGCGG,ARMS2,49,88,76
ARMS2_CGATGGTAACTGAGGCGGAG,ARMS2,647,481,406
ARNT_CTCAGCCTATTCACAGAAAC,ARNT,2528,1180,1196
ARNT_CGTATCCTGGATCTAAAGAC,ARNT,1405,3635,3868
ARNT_TTGTCTCATGTGAGACAGGC,ARNT,150,212,111
ARNT_AGAAACTGCCATGCGTAAGA,ARNT,1168,5122,3744
ARNT_ATTGTTGGCTTTCCTCAGGC,ARNT,367,2303,2732
ARNT_TCTGGACCTGGAATTCAAGG,ARNT,867,3254,2317
ARNT2_CAGGCCGCTACTCACCCGGA,ARNT2,1139,93,176
ARNT2_CGGACAGGTGAGGATGGCGG,ARNT2,2343,145,117
ARNT2_ACAGGGAACAAGTCCACCGA,ARNT2,1522,214,240
ARNT2_TGGGAGCACACTGTATGAAC,ARNT2,1435,813,778
ARNT2_CTGGGACGGTCAAGAAAGAA,ARNT2,563,533,359
ARNT2_GGAGTCTCCCAATTGCCACG,ARNT2,445,201,361
ARNTL_GATTGCAACCGCAAACGGAA,ARNTL,162,70,60
ARNTL_TCAACTGGAGATGAGCAAGG,ARNTL,1696,457,427
ARNTL_TCTCCTGATTAGGCAGCAGA,ARNTL,361,148,106
ARNTL_GCATCTATGAGCCGCTCCCG,ARNTL,984,89,47
ARNTL_GAACATAATCGAGATGGCCC,ARNTL,564,10,36
ARNTL_AAGCTGGCCACCCACAAAGA,ARNTL,1626,384,684
ARNTL2_TCCTGCGATGGCGGCGGAAG,ARNTL2,468,215,187
ARNTL2_CTCACGCGGCTGGAAACCAC,ARNTL2,117,25,40
ARNTL2_TTTGTCCAGTTTACGCGCCA,ARNTL2,1391,393,447
ARNTL2_GCACTGGTTACTTGAGAAGC,ARNTL2,355,246,186
ARNTL2_TTGACTGACAAGCACAAAGC,ARNTL2,1393,339,590
ARNTL2_CTTGATGATTCGAGTCCAAC,ARNTL2,1105,657,670
ARPC1A_TTCACATTATCCGGAGGCCC,ARPC1A,756,130,221
ARPC1A_GGCAGCTGATGGGCTCCACC,ARPC1A,426,121,1
ARPC1A_AGCCCATCAGCTGCCACGCC,ARPC1A,1718,324,363
ARPC1A_TGCGGTCCTTGTTCCAGGCG,ARPC1A,2800,921,663
ARPC1B_AGCCAGTTCCAGGAGAAGAC,ARPC1B,736,257,258
ARPC1B_GGACGCTGAAGGGCCGCACA,ARPC1B,563,305,431
ARPC1B_ACACTTGAAGTCACAGGAGC,ARPC1B,994,120,176
ARPC1B_GGCGTCTGTTTCTCAGCCAG,ARPC1B,178,120,135
ARPC1B_TATTCCTCACCGCTGCCACC,ARPC1B,124,0,44
ARPC1B_CCTAAGCAGAGCTCGCAGCG,ARPC1B,973,517,167
ARPC2_AGTTCGAGAACGCGGCCGCC,ARPC2,104,93,79
ARPC2_GATTCCATTGTGCATCAAGC,ARPC2,315,0,27
ARPC2_CGACGATGTGGTCATTGGAA,ARPC2,2308,344,436
ARPC2_TCTTGGCAGGAGTTCAAAGA,ARPC2,595,60,36
ARPC2_GCACTGGCATTGGTGTGACG,ARPC2,871,0,62
ARPC2_TACGTGTGTGAATATAGGCC,ARPC2,837,4,85
ARPC4_GCCCGCGATGGTGAGAGAGC,ARPC4,588,0,0
ARPC4_TGTGGAACGACACAACAAGC,ARPC4,1083,20,22
ARPC4_ACGACACAACAAGCCGGAAG,ARPC4,717,23,80
ARPC4_GGTCAGCATTGCTGTGAAAC,ARPC4,764,237,317
ARPC4_AGGATCCTCGCCAGAGGACC,ARPC4,219,107,43
ARPC4_GAGGATCCTCGCCAGAGGAC,ARPC4,160,8,40
ARPC5_GCAGTGCTATGTTACTGCAA,ARPC5,1804,34,116
ARPC5_TTGACCCACCAGGACCGGGC,ARPC5,155,11,57
ARPC5_GACTCTTGGTGTTGATAGGG,ARPC5,378,37,68
ARPC5_GCAAGGATATTGCCGCAGGC,ARPC5,41,62,8
ARPC5_CCACGTCCACCTTCCGGAAG,ARPC5,1693,519,695
ARPC5_CCGCTTCCGGAAGGTGGACG,ARPC5,933,193,402
ARPC5L_ATTCGTCGATGTCCACCCGG,ARPC5L,302,167,117
ARPC5L_CAAATTCGTCGATGTCCACC,ARPC5L,129,172,56
ARPC5L_GAACAAATTTGTGGACGAGC,ARPC5L,581,70,65
ARPC5L_CAAATTTGTGGACGAGCAGG,ARPC5L,438,5,5
ARPC5L_CGTCTGCAGGAGCGAGCCCA,ARPC5L,753,197,167
ARPC5L_GCAGCGCAGTGTTACTCCAG,ARPC5L,1587,424,274
ARPP19_ATCGATGGTTGCAGAGACCA,ARPP19,120,87,17
ARPP19_TCGATGGTTGCAGAGACCAA,ARPP19,753,135,104
ARPP21_GAGACGGCCACTCCAGAGAA,ARPP21,1115,360,362
ARPP21_TTCCAACATACAGAGGCGGC,ARPP21,546,144,247
ARPP21_GAGGAATCTTCTGCCAGACC,ARPP21,399,191,215
ARPP21_TTTATCCTCCTCTTGCAGGC,ARPP21,159,281,172
ARPP21_GAGGATGCTTGTCCATCGAG,ARPP21,752,130,195
ARPP21_TTGCTGGCAGACCAGAGCAA,ARPP21,2290,394,573
ARR3_TGGGTTCCACCGTGTCCACA,ARR3,757,185,257
ARR3_CACTTCAAAGTCAATCCCAC,ARR3,708,134,236
ARR3_GCTCAGAGACTATGTGCGGC,ARR3,773,183,186
ARR3_CTTACATTGTGCTAGAGGCC,ARR3,1596,458,364
ARR3_ACAACCTCCAGTATTAGACC,ARR3,464,244,441
ARR3_TCCTAGGAGACCTGACAGCC,ARR3,1302,374,522
ARRB1_CTCCAAATTCTCCGCGCAGA,ARRB1,1135,1007,436
ARRB1_CACAAACAGGTCCTTGCGAA,ARRB1,3239,1592,1828
ARRB1_GAGTATCTCAAAGAGCGGAG,ARRB1,200,119,48
ARRB1_ACTCACCCACAGGGTCCACG,ARRB1,322,115,237
ARRB1_TTCAAGAAGGCCAGTCCAAA,ARRB1,1101,655,667
ARRB1_TCGCGGACCATGGGCGACAA,ARRB1,2070,461,385
ARRB2_GCTGAGCAGCCTCTGCGGCA,ARRB2,302,95,23
ARRB2_GCGGGACTTCGTAGATCACC,ARRB2,17,5,3
ARRB2_GACTACCTGAAGGACCGCAA,ARRB2,1181,238,91
ARRB2_GGACCGGCTGCTGAGGAAGC,ARRB2,1893,609,971
ARRB2_GGCTGCAGTGTGACGGAGCA,ARRB2,327,467,654
ARRB2_AATCTCAAAGTCTACGCCGC,ARRB2,271,123,129
ARRDC1_ACGCGCACGGTCCCAGCCAA,ARRDC1,1137,298,106
ARRDC1_TACCCTTGTCTGCCAGCGAC,ARRDC1,355,150,142
ARRDC1_GGCTCAAGATATAGAACACG,ARRDC1,872,62,81
ARRDC1_GCTGGTGAAGACGGGCAGCG,ARRDC1,668,343,321
ARRDC1_TGTCCTATAAGGCCAAGCGC,ARRDC1,1316,375,277
ARRDC1_TGGTGCGGAAGGCACCACCA,ARRDC1,138,23,11
ARRDC2_CGCTGCGACCCTCCAACCAG,ARRDC2,1871,431,575
ARRDC2_GGCCTGGCCGCCGCTAAACA,ARRDC2,1212,385,584
ARRDC2_AACAGGAACTCATGGCGCCC,ARRDC2,922,74,1
ARRDC2_GCTGGCGTGTTGATGTCCAC,ARRDC2,57,45,13
ARRDC2_TCGGCCAAGATCGACCGCAA,ARRDC2,1442,610,357
ARRDC2_AGGCGCCCGAAAGCAGAAAC,ARRDC2,899,487,464
ARRDC3_CCAAGTGTTCCTTCAACGAG,ARRDC3,3043,1071,824
ARRDC3_CAAGTGTTCCTTCAACGAGA,ARRDC3,434,84,115
ARRDC3_ACCACCCAGCTATGCAGAAG,ARRDC3,3906,517,1116
ARRDC3_TCGAGGATAGAGGGAGAAAC,ARRDC3,2639,467,564
ARRDC3_ACCTCATTCGAAGGCCGACA,ARRDC3,387,61,24
ARRDC3_GAGGACATGCGAAAGTACGC,ARRDC3,621,54,212
ARRDC4_GGTGTTCGAGGACGAGCGCA,ARRDC4,35,54,24
ARRDC4_CGCAAGGGCTGCTATTCCAG,ARRDC4,1873,717,852
ARRDC4_CCAGTAAACGAGGTGACCAA,ARRDC4,660,548,253
ARRDC4_ACCTGATCAGAGTGTAAAGC,ARRDC4,1381,372,335
ARRDC4_CTCTCGTCTGATTGTTCCAA,ARRDC4,205,349,194
ARRDC4_GGATTGCTGCATTATCAGAG,ARRDC4,325,257,468
ARRDC5_TGGTGTTGAAGCGGGTCACG,ARRDC5,2009,457,338
ARRDC5_TATGCCCACATACAGTACGA,ARRDC5,1696,235,48
ARRDC5_TCCTCAGCCTCCACGAACAA,ARRDC5,828,407,538
ARRDC5_GCCTCGTCCTTACCCTCCAC,ARRDC5,32,22,13
ARRDC5_TCGAATGGAGTGAAGAAGCC,ARRDC5,598,325,249
ARRDC5_AAGGTGGAGCTCGTGGGAAG,ARRDC5,1617,485,316
ARSA_AAGGCTCACTTCTTCACCCA,ARSA,652,75,215
ARSA_ATGACCTGGCCAGAAGGCCA,ARSA,252,3,24
ARSA_TTTGCAGAGCGTTCAGGCCG,ARSA,2533,680,733
ARSA_ACGGACAGGTTGGCCAACAG,ARSA,2204,455,713
ARSA_GGTACATGCCCATCCGAACC,ARSA,429,47,83
ARSA_CAGCACGATGTTGGGCGGAC,ARSA,1617,135,191
ARSB_GCAATGCACTGGTACTCACA,ARSB,1467,84,283
ARSB_CACGCCCTTCTGCTTCAGCA,ARSB,1671,736,642
ARSB_CAGGCATCACTATGCAGGAA,ARSB,1484,417,822
ARSB_GATGGCGAAGAAGTTGCAAC,ARSB,200,238,103
ARSB_GAATGCCTTCCAACCCGCCG,ARSB,177,66,39
ARSB_CGGACAAGGATGGGTCCGCG,ARSB,19,1,1
ARSD_CCCGTTCTGTTCATGCCACG,ARSD,1675,406,422
ARSD_AGCATCTTCACGCAGCACGC,ARSD,824,79,264
ARSD_ATAATGTGGAGGAGATGGAC,ARSD,781,171,170
ARSD_GCGTCGCACAAACCCGAAGG,ARSD,234,32,66
ARSD_CTCACAAACGACTGTGACCC,ARSD,1890,346,695
ARSD_CAGCAGCATGGCTATGCAAC,ARSD,1196,1251,681
ARSE_TCCTCGGGAAGAGTCTCCAC,ARSE,315,101,245
ARSE_GATGACCGGCATCCACGAGA,ARSE,25,67,109
ARSE_TACCGTGTTCTTCAGTGGAC,ARSE,180,438,207
ARSE_AGAGACTGACCTGATCGCAC,ARSE,387,184,68
ARSE_GGTCGTCCGCCATCAGAAGA,ARSE,656,128,154
ARSE_AACATCAAATCAAGGGAGCC,ARSE,301,22,20
ARSF_AGTTTGCGCACCTGATCGGA,ARSF,572,189,62
ARSF_GGCTAATTCCGTGTTACGAG,ARSF,1038,385,380
ARSF_GCCCAACTTGGTGGATGGAA,ARSF,1409,529,669
ARSF_AATTGTCCGATGGCCTGGAA,ARSF,1046,205,469
ARSF_CTGACGTTGCCCTGCAGCAA,ARSF,2284,507,1063
ARSF_CAACGCCCTGAAGGAACACC,ARSF,879,272,316
ARSG_CTTGATAAGATGGCTTCGGA,ARSG,525,95,205
ARSG_GGCCGGCTTGGCCTTCGCAA,ARSG,310,216,368
ARSG_TCCTTGTCCAGCGTGTCCAC,ARSG,1019,242,329
ARSG_AGACTCCTCACCTTGCACGC,ARSG,1164,313,395
ARSG_AGCTCACACTTCTGAGCCCA,ARSG,830,297,200
ARSG_GCCAAGCAGACGACCTGGGA,ARSG,979,130,144
ARSH_TGAGTCCCGTGCGGTAGCCA,ARSH,1017,365,336
ARSH_TCATTCCCAAGTTCGCCCGC,ARSH,989,228,311
ARSH_TGGAGTATGTACGTGCAGGA,ARSH,913,534,571
ARSH_TACTTCACCTCTGACAACGG,ARSH,546,340,248
ARSH_CCTCCAAGACTGACGGCCAC,ARSH,693,135,292
ARSH_GGGACGCCCTTCCTTCCAGC,ARSH,3,51,82
ARSI_TTAAAGTCAGGATGAGCCCG,ARSI,1215,333,153
ARSI_ATTCGGCCAGGCGAGCCAGC,ARSI,846,77,210
ARSI_CGCAAGGGCACTTATTGGGA,ARSI,3065,195,614
ARSI_TGGACAGGCTGGCGGCCAAG,ARSI,657,299,203
ARSI_CGACCAAGGCTACCACGACG,ARSI,1897,1114,1584
ARSI_TTCATCCTCACGGACGACCA,ARSI,1676,168,343
ARSJ_AGCCGACCCATATGAGAGGG,ARSJ,802,82,256
ARSJ_GAACGGATCACCTTGTCAAC,ARSJ,772,156,281
ARSJ_CCCTCAGTCTTTCAGCAACC,ARSJ,3110,968,1423
ARSJ_TGGATGGTGTGCAAATAGGC,ARSJ,1891,775,518
ARSJ_CGCTGCCGAAGGAGTTAAAC,ARSJ,1387,745,814
ARSJ_TCCTGGAAAGATGCTAGCAA,ARSJ,1114,406,458
ARSK_CTGCCTCGCGGTACTTACGA,ARSK,664,52,154
ARSK_ATTTGTTGCCCATCACGCGC,ARSK,1129,162,199
ARSK_TCAGTAATCGTGTGGAAGCG,ARSK,1874,698,866
ARSK_TCTTACTCAGACAAGAAGGC,ARSK,815,119,606
ARSK_ACATGCTTCGAACTAACCAC,ARSK,940,212,249
ART1_GATTCAGCTGGACATGGCCC,ART1,446,41,19
ART1_AGCGTACTGGTCATCAAAGG,ART1,2581,453,621
ART1_ACCAGGTGTATGCAGACAGC,ART1,1345,286,174
ART1_CCTGAATTATCCAGATGGCA,ART1,1132,297,352
ART1_CGTGTCTCATGCATCAAAGG,ART1,2273,353,413
ART3_AGATGGATAACACAGTGAGC,ART3,768,130,84
ART3_CCCATCTATGTCTACAACCC,ART3,1016,834,1106
ART4_TGGTTGCAGTTGAGGTCAAC,ART4,1225,310,378
ART4_AGTACTGTACAGGTGCACCC,ART4,361,107,136
ART4_CTGTACAGGTGCACCCAGGC,ART4,817,407,603
ART4_ATCGACTTCGACTTCGCACC,ART4,745,503,270
ART4_TGGCCTGCAGAGACCCACAG,ART4,1521,387,784
ART5_ATGAAGGTCACCCGTTCCCA,ART5,197,141,107
ART5_CACTTAGGAGCCCTGGGAAC,ART5,1362,288,386
ART5_GGATGGAAGGGCAACTCACC,ART5,359,116,100
ART5_TGTCTTTCCCAAGGAGCGCG,ART5,763,76,78
ART5_AATCAGGCCGTGCGGACGGG,ART5,281,156,359
ART5_CATTTCCTCCTTTAGCAGGG,ART5,219,216,125
ARTN_CCTCGGGCTGAGATCAGGCC,ARTN,170,191,79
ARTN_GGAGACCGCTTCGTAGCGCG,ARTN,803,63,194
ARTN_TCATGGACGTCAACAGCACC,ARTN,764,216,191
ARV1_TGAGTGGAAATGGGCAACGG,ARV1,1390,267,604
ARV1_TTTGTGAAGCATACCTGAGG,ARV1,1153,47,118
ARV1_GGGCCGTTCTACCCACAGGA,ARV1,907,566,1034
ARV1_TCATGGGCCGTTCTACCCAC,ARV1,363,150,65
ARV1_GCCACTCAACACGGCCAAGA,ARV1,571,170,251
ARV1_CAGCAGTAAGCCACTCAACA,ARV1,4052,1252,1512
ARVCF_ATGGGAGCGTGAGCCCAACG,ARVCF,103,90,134
ARVCF_CAGTGTCGCGGCCATAGGAG,ARVCF,1151,364,409
ARVCF_GGAGGATGACACGCGCAGCC,ARVCF,1365,6,46
ARVCF_CTCACTGGCCACGATGCCGG,ARVCF,1151,352,181
ARVCF_CCAACCTGTCTGAGTTCGGC,ARVCF,1489,44,154
ARVCF_AGCAGGAGGCCCGCTTCGAG,ARVCF,805,340,383
ARX_CGCGCTGAGGCTCAAGGCCA,ARX,2309,691,713
ARX_AATGCCGGGCTGATGAAAGC,ARX,1467,277,218
ARX_CGGAGGTAGGCTCGGGAAGG,ARX,1641,564,584
ARX_GCTTTCTTATAGGGAGGAAC,ARX,1245,172,291
ARX_GGAACTGCTGGAGGACGACG,ARX,243,175,218
ARX_GGACACGCTCAAGATCAGCC,ARX,204,193,182
AS3MT_TCGTGACGCTGAGATACAGA,AS3MT,791,154,106
AS3MT_GGGTCAGACCTACTACGGGC,AS3MT,417,121,28
AS3MT_TCGGCAGACCTCCAGACCAA,AS3MT,1182,229,272
AS3MT_TTGCTATGTACTTAGCCAGC,AS3MT,568,101,195
AS3MT_AGATTGGCAGTGACCAAACG,AS3MT,955,534,382
ASAH1_CTGCGATCATCAAGGAAGAA,ASAH1,1808,944,833
ASAH1_CCTCCCAGGATAAAGTAGGC,ASAH1,611,308,111
ASAH1_TAGTTGCTCAGTTATGACCC,ASAH1,985,228,185
ASAH1_GGAAAGTTGCCAAGTAGGCC,ASAH1,2219,309,369
ASAH1_CTGCTAGAGCGATGCCGGGC,ASAH1,1337,166,240
ASAH1_GAAAGCTCGCGGGTCCCACC,ASAH1,300,69,87
ASAH2_TGTCAGCATCGACATAGGCA,ASAH2,2393,491,632
ASAH2_ATGCACAGGGCATCCTCACC,ASAH2,1397,50,436
ASAH2_AAATCCGGCCAGAATGCACA,ASAH2,1025,248,395
ASAH2_AGCCTCTTGTTTATCACCAG,ASAH2,1125,171,94
ASAH2_TGGCACTCATCATTACAAGG,ASAH2,1638,762,724
ASAP1_TGGCTGGTTGCCTGTTAGAC,ASAP1,868,334,425
ASAP1_ACTTACTGTGGCATGTGAGA,ASAP1,390,120,123
ASAP1_GATTCTCAGAGCCGGCAAGG,ASAP1,430,206,179
ASAP1_AGCTGAGATTGCGGAAGAAA,ASAP1,1176,169,264
ASAP1_ACTTGACAAACGCGGTGCCA,ASAP1,600,286,167
ASAP1_CCGCGTGGTGAAGCTGGACG,ASAP1,3140,950,832
ASAP2_TGAGGACTACAAGGCGCCCA,ASAP2,329,204,260
ASAP2_AGCAATCAACAGCTCTGGGC,ASAP2,162,219,87
ASAP2_TCATTCTGTTGCAGCTCACG,ASAP2,962,360,738
ASAP2_TCGGACTGAAATAAGCGGAG,ASAP2,1889,674,1088
ASAP2_TCAGGATGGACTCAAAGCCG,ASAP2,2029,770,731
ASAP2_GAACATGGGACCGAGCGGAA,ASAP2,2020,696,702
ASAP3_CCGCCAGCTTCTCGATGAAG,ASAP3,2355,1190,1156
ASAP3_CTAGTATCTGCTCAAAGCCG,ASAP3,1260,666,765
ASAP3_AGAAGGAGCGCGATCGGGCC,ASAP3,424,131,211
ASAP3_GCAGCTGAGGGACGGTCGAC,ASAP3,675,235,69
ASAP3_GCTCATGGCTGTTCTGGGAC,ASAP3,742,447,303
ASB1_GGCGGAAGCATCCATGGCGG,ASB1,451,27,206
ASB1_TGCAAGAGGAGAGCTACCGG,ASB1,2109,534,252
ASB1_GATCCTTCTCGAAGCTGGCG,ASB1,170,79,30
ASB1_GGTCCGCGCCAGCTTCGAGA,ASB1,862,67,83
ASB1_CAATGGTCCTGTCAACACAC,ASB1,1487,379,218
ASB1_GCGAAGGAATCAGATGAAGC,ASB1,1380,211,269
ASB10_CTGCCTCACCAAGGCGAAGA,ASB10,799,224,264
ASB10_TGTTGTGCAGCTTCCCGAGG,ASB10,1693,258,236
ASB10_CCTCAGGTTTGGAGCGAGAG,ASB10,1455,412,889
ASB10_GACTTCCGTGTGGCCACGGC,ASB10,417,81,103
ASB10_ATGAGCATGTGGGCAGGGAA,ASB10,1128,281,162
ASB10_GCTGACTGCCTCGGCCACAG,ASB10,0,35,0
ASB11_TATAGGAGGAATCGTTCGAG,ASB11,292,112,20
ASB11_TAAGGAGCCAGTGTCGACCA,ASB11,327,168,470
ASB11_ATGTGGCCTGCACCTACCAG,ASB11,696,97,139
ASB11_CACTGCCTCATGGATGGGCG,ASB11,528,216,266
ASB11_CGCTGCAGCAAGCATTGAAG,ASB11,2352,1339,910
ASB11_TTCCAATAAGGCTTTGGCAC,ASB11,538,222,425
ASB12_GCCACAAGCCATCAACCAGC,ASB12,1271,117,465
ASB12_GCATTGCTGCTACAGGCCCG,ASB12,587,223,189
ASB12_TAGACTGCGGCCAAATAGAG,ASB12,792,454,557
ASB12_TGACGTTGGCCTCTGCACCA,ASB12,831,260,106
ASB12_ATCACGGGCAGCTGTGAGCA,ASB12,1201,296,699
ASB13_CCAAGTTAAACATCCCGCCC,ASB13,1552,313,317
ASB13_TGCCCTTCACCACGCGGCCA,ASB13,1816,506,975
ASB13_TCATGCAGGCCTCGTGCAGG,ASB13,397,90,143
ASB13_CACACACTCGATGCTGCCCG,ASB13,885,295,124
ASB13_CACGGTGACCTGGTTCACGC,ASB13,1879,423,558
ASB13_CTGCAACAGCTGATCGAGAG,ASB13,2866,893,836
ASB14_AGATCCGGAAATGCATGGGA,ASB14,1877,341,335
ASB14_CCAGTTCACTGTGCAGCAGC,ASB14,857,365,627
ASB14_ACTTGCGGCTTCAAGTAAGA,ASB14,1049,236,182
ASB14_TAGCAGTCACGCAGCACAGC,ASB14,748,452,516
ASB14_TGGGAGCAAACCACTCACAA,ASB14,1436,525,558
ASB14_AGTGGTTTGCTCCCACAGAC,ASB14,732,255,417
ASB15_GCTGACCATCGCTTGACACA,ASB15,1024,294,178
ASB15_TGCTGACCATCGCTTGACAC,ASB15,3109,717,569
ASB15_TCGGTGCTGTTTGAGGCAGC,ASB15,215,385,280
ASB15_CGCTTCCTCCATATTCCAGC,ASB15,1320,392,474
ASB15_GGAAATGTACCTAACCGAGC,ASB15,1029,144,153
ASB16_CTGTGAGCAACCAGCTGGCC,ASB16,1027,225,348
ASB16_GCTCGACACCTGATCCGGCA,ASB16,917,87,45
ASB16_GGGATCGTGCAGAGGTGCAA,ASB16,725,169,14
ASB16_GCGACGGTGAACCTGGCAGC,ASB16,764,116,107
ASB16_TCCACCCAGGTCTCACAGGA,ASB16,1857,230,592
ASB16_TGGCTGGTTCACCATGCACA,ASB16,1316,250,92
ASB17_ACCAACAATATGCTCCCAGA,ASB17,1459,280,241
ASB18_GGCTTTGGCAAGGGTAACAG,ASB18,1017,387,572
ASB18_ATGCACAGGTCTTCAGCACC,ASB18,370,14,25
ASB18_GGCCGCAGGCTTTGTGCAGC,ASB18,427,342,292
ASB18_AGGTCCTTACCCGAGCGAGG,ASB18,316,33,44
ASB18_AAGGATCCTCAAGCTAGAGC,ASB18,99,78,215
ASB18_AGTTCTATCACAGCGTCCAC,ASB18,307,85,43
ASB2_CGACGCCAACAAGACCAACA,ASB2,1754,994,798
ASB2_TCTGGGCGGCCACGAACAAG,ASB2,791,235,163
ASB2_CGAGAGACACCGCTCTACAA,ASB2,2453,680,807
ASB2_TCTCGCAGAGCCCAACAAGG,ASB2,1220,372,406
ASB2_CAGGAGTCACTTACGCCAGC,ASB2,544,209,157
ASB2_GCGGTTGGTACATGCAGACG,ASB2,49,7,7
ASB3_AAGGTTGCTCATTGGGACCA,ASB3,788,290,151
ASB3_CCAAACACTGCTGAGTAAAC,ASB3,2454,1473,1267
ASB3_CTCTTGAGCAGCAATGAACA,ASB3,1922,773,858
ASB3_TGGATGGAACTCCTTGCACC,ASB3,2224,615,308
ASB3_TACAGTTGGACTTGCTGCCA,ASB3,465,37,80
ASB3_CGGACTGCGAGATGGAGGAG,ASB3,1144,368,524
ASB4_CAGCTCCAGATTTAGTGACA,ASB4,1148,564,443
ASB4_GGCCTTCTACGTGGAACACG,ASB4,314,431,431
ASB4_GGACAGCGTGAATGCCCACA,ASB4,785,212,123
ASB4_TAAGGAGCAGGAGTACAGCA,ASB4,1208,430,408
ASB4_ATGCACATGATGCTGGAAGC,ASB4,893,535,484
ASB5_TCTTCAGTAACGTTGGCAGC,ASB5,1358,239,300
ASB5_TTATTCAACGCATGCTCCCA,ASB5,82,85,73
ASB5_AGCCTGCCTTGGAGATCACG,ASB5,1252,655,468
ASB5_CCAAGGCAGGCTTCGTGCAA,ASB5,1931,710,691
ASB5_TATGGAGTAACCCAAGGACA,ASB5,754,151,90
ASB5_GCAACCGCAAGGAAGCGGCA,ASB5,153,162,249
ASB6_CGGCTGAAGGTAGAGCCGGA,ASB6,1130,206,229
ASB6_ATGCTCTGGCCAGCAGCGAC,ASB6,470,212,91
ASB6_TCCTCGCTGGCCAGGTCCAA,ASB6,573,171,214
ASB6_CGACGTTAATCGGAGGGACC,ASB6,55,44,97
ASB6_GCCGACGTTCTCTTGCGGCA,ASB6,419,45,200
ASB6_CGTTCCTGCACGGCTTCCGG,ASB6,513,109,221
ASB7_CCGAATGGCCGAGATGCGAA,ASB7,1923,566,968
ASB7_TCAAGCGTGCAATGCGGGCC,ASB7,827,172,316
ASB7_TGCCGAATGTTCCTTCAGAG,ASB7,2065,1004,1508
ASB7_GCCGAATGTTCCTTCAGAGA,ASB7,2512,599,732
ASB7_CCGAATGTTCCTTCAGAGAG,ASB7,2401,988,2072
ASB8_TCTGGCCACCTCTCGTGGCA,ASB8,421,153,150
ASB8_TGGCACCATGCCACGAGAGG,ASB8,78,113,92
ASB8_CCTCTGCGCCATAATCCAGA,ASB8,798,174,274
ASB8_TGCGGGCTCTCCTAGAGAGC,ASB8,288,135,244
ASB8_TGTAGAGGACCTCATCAGAG,ASB8,1110,409,517
ASB8_ATGTAGAGGACCTCATCAGA,ASB8,606,87,147
ASB9_CGGCATAACTGCATCAAAGA,ASB9,1815,818,797
ASB9_GCGGACGTGAACCAAGGGAA,ASB9,999,367,232
ASB9_TAGGAGCGGACGTGAACCAA,ASB9,762,162,179
ASB9_CCAAATAGAGTGGAGTGCCC,ASB9,291,43,152
ASB9_CTGCTGTCACACCATTCACC,ASB9,1265,146,99
ASCC1_AGGATTCCTGAGATTCCAGG,ASCC1,394,130,160
ASCC1_TCCTAAACCTGGACAAGACG,ASCC1,764,232,312
ASCC1_GACTCACTTATAGAGCAAGC,ASCC1,395,192,200
ASCC1_TCCACCTCGTAGGCATCACA,ASCC1,913,179,189
ASCC1_TGATAGGTCTGTTCTTGGAC,ASCC1,1432,198,211
ASCC2_AAGGGCAACCTTACCAGGAG,ASCC2,939,236,249
ASCC2_GCCAAGTTACTACAGTGACC,ASCC2,1012,138,34
ASCC2_GGATTTCTCCAAACGCAGAA,ASCC2,250,290,325
ASCC2_CCTTGTGAGTGGACATGCGG,ASCC2,930,388,192
ASCC2_GAGGTCATTGGCTACGAAGG,ASCC2,500,127,157
ASCC2_ACCCACAAGGACCCGAAGAC,ASCC2,2281,165,386
ASCC3_ACCATGTTACCTGTATGAGG,ASCC3,1137,121,8
ASCC3_ATTCTCTACACCTCCAGGAG,ASCC3,416,82,90
ASCC3_ATGCAGATATTTGGTCGAGC,ASCC3,1297,94,58
ASCC3_TGTGTACAGCTACGTTAGCC,ASCC3,627,515,213
ASCC3_GCAAGTAAAGGCTGGACACC,ASCC3,1307,22,11
ASCC3_AGTTGCCCGTACTTTACGGC,ASCC3,361,10,44
ASCL1_TGCGGCCGTGGCAAAGAAAC,ASCL1,1385,706,903
ASCL1_CCAGGTTGACCAACTTGACG,ASCL1,1749,484,465
ASCL1_CCCGAAGGGTGGCAAAGCCC,ASCL1,889,250,161
ASCL1_TCATCCTACTCGTCGGACGA,ASCL1,958,222,537
ASCL2_TCCGACGAGTAGGCGGAACG,ASCL2,307,52,97
ASCL2_CCGACGAGTAGGCGGAACGC,ASCL2,394,194,559
ASCL2_CGACGAGTAGGCGGAACGCG,ASCL2,877,332,163
ASCL2_GATGCAGGCGCGATGGACGG,ASCL2,621,73,235
ASCL3_TTCTGAACATAGGGTCAGCA,ASCL3,1120,739,381
ASCL3_GCTCCGCCATCATCTGCCAG,ASCL3,2,53,96
ASCL3_GGCCAGCCTTCACCCGGAAA,ASCL3,1204,281,232
ASCL3_ATAAGGCATCGGGAAAGAGA,ASCL3,393,157,163
ASCL4_GATGGAGACGCGTAAACCGG,ASCL4,464,36,121
ASCL4_GCAGTACTTGCCCGTGCCGC,ASCL4,42,108,164
ASCL4_GGCTCGAAGGCGCTGTCCAG,ASCL4,459,110,205
ASCL4_CTCGTTGCGCTTGCGGAGGA,ASCL4,1621,515,835
ASCL4_GGCGGAATGCAACAGCGACG,ASCL4,1638,839,88
ASCL5_GGGCCCGGGTACAGCAGGAA,ASCL5,1071,247,211
ASCL5_CAGGAAGGGCACGTTGCCCA,ASCL5,462,381,493
ASCL5_TTATTGTTCATGGTGCCGCG,ASCL5,915,160,193
ASCL5_CTCAGAGTTCCGCGGCGCCA,ASCL5,1268,494,455
ASCL5_GCCCATGGGTGCTGCGGAAC,ASCL5,3308,853,601
ASCL5_TGCCCATGGGTGCTGCGGAA,ASCL5,2101,1403,1324
ASF1A_AACGGGTTGTAGAAAGGAGA,ASF1A,823,30,59
ASF1A_AGGTGATCTCGAACTGGAAC,ASF1A,451,195,135
ASF1A_CGCCGCACTCACCTTCAGAC,ASF1A,4945,865,1320
ASF1A_TGGGTCCTGTTCCCGCAGGA,ASF1A,1324,460,250
ASF1A_ATATGCCTTCCTGCGGGAAC,ASF1A,771,157,242
ASF1A_AATGTGGAATCTTGTGACCC,ASF1A,386,180,161
ASF1B_TGACCCGCTTCCATATCAAC,ASF1B,1507,351,344
ASF1B_TGATATGGAAGCGGGTCACC,ASF1B,192,258,244
ASF1B_CATCCCAGAGACTGATGCCG,ASF1B,835,749,525
ASF1B_CTCCTATATCTTTGCAGACC,ASF1B,1912,421,350
ASF1B_CTTCGAGTGCAGTGAAGCCC,ASF1B,606,180,288
ASF1B_GAAGCTGATCTCGAACCGGA,ASF1B,371,75,303
ASGR1_CGCCGACAACTACTGCCGGC,ASGR1,261,184,70
ASGR1_ACTGCTTCACGTGGAGCAGC,ASGR1,315,49,106
ASGR1_GAAGTCGCTAGAGTCCCAGC,ASGR1,270,152,110
ASGR1_CAACTTCACAGCGAGCACGG,ASGR1,1498,563,1189
ASGR1_TGTGTGATCGGATCCCAAAG,ASGR1,874,366,350
ASGR1_GACCACCATCAGCTCAGAAA,ASGR1,1171,327,376
ASGR2_AAGGCGGAATGCCACCGGCG,ASGR2,1573,381,171
ASGR2_TGTGTTGAAGTCCAGCCGGA,ASGR2,788,313,256
ASGR2_ACTCAGCCAGATAATTGGCA,ASGR2,1172,187,31
ASGR2_GACCTATCCAGGTATTGAAG,ASGR2,732,179,187
ASGR2_CCTCACCTTGATGGAAAGGA,ASGR2,313,365,377
ASH1L_TTACCAACATGAATGGGCGC,ASH1L,667,310,44
ASH1L_GAAGGACTGGGAATCTCAAC,ASH1L,334,48,41
ASH1L_TCCTTGCTGTGGCTACGGCC,ASH1L,81,108,88
ASH1L_CCTCTGATAAACCCTCCCAG,ASH1L,205,94,102
ASH1L_GCATAAGCTACTTCGACAGG,ASH1L,847,393,323
ASH1L_CGAGAAAGAAACATCGAAGC,ASH1L,1930,475,325
ASH2L_GAGCGGTCGCAAATGCAACA,ASH2L,690,442,504
ASH2L_AACTTGGTCGATGTAAGCGG,ASH2L,868,374,192
ASH2L_CGAACTGCTCTGACACAGGA,ASH2L,2034,962,522
ASH2L_TGCAACGTCTGCCATCACAG,ASH2L,2957,262,416
ASH2L_ATGACAACCAGACAGAGACC,ASH2L,364,232,680
ASH2L_CCACCAAGAAGGCCCGGAGG,ASH2L,1380,258,147
ASIC1_CCTCGTCGAGCTTGGTGACA,ASIC1,1662,214,169
ASIC1_CGTGAGTTCTACGACCGAGC,ASIC1,1294,187,201
ASIC1_ACTTTCATCCAGTCCCAGCA,ASIC1,774,399,157
ASIC1_CAACTAGAAGCCCATGCAGG,ASIC1,1585,230,114
ASIC1_CGGCTGAAGACCATGAAGGG,ASIC1,2262,515,724
ASIC1_ACCTCCTTTCATCGACCAGC,ASIC1,251,179,277
ASIC2_CCTGAGTACTGACCTAGGGC,ASIC2,114,185,177
ASIC2_TGAGTGCCGATCCTCAGAGA,ASIC2,1160,377,533
ASIC2_CCAGACCTTTGTGGCCACAC,ASIC2,1386,987,1196
ASIC2_CTGCTCACCACGGTCAAGGG,ASIC2,1343,398,1112
ASIC2_TCAGCTTCCCGTCACACACG,ASIC2,3269,1221,1433
ASIC2_CTACCAGCATGTCACTAAGG,ASIC2,789,724,576
ASIC3_CGTTGGGCGTTAGGCGCGAG,ASIC3,1001,324,364
ASIC3_GCCGCCCATCATCGATCAGC,ASIC3,504,556,281
ASIC3_TCGGAAGTGCGGCTGCCGAA,ASIC3,615,195,318
ASIC3_GCTCGCCCTTACCTATGGCC,ASIC3,373,75,86
ASIC3_CCGGAAGCTCAACCGCAGCG,ASIC3,1516,984,929
ASIC3_GGATCTCGAGGATGGTGAGC,ASIC3,544,151,17
ASIC4_GAAGCGGTTGATATTGCAGA,ASIC4,755,113,75
ASIC4_GAAGTGTTACACCTTCAACG,ASIC4,748,132,183
ASIC4_GCCGCCCTACATCCACCAGC,ASIC4,1116,402,505
ASIC4_TCAGCGCTGCCACTGCCGGA,ASIC4,16,39,82
ASIC4_CGAGTGTGCAGACCACACAC,ASIC4,379,525,239
ASIC4_GACACCAGTCTCACCCAGCA,ASIC4,993,200,149
ASIC5_AGCAGATCTTGGTGGTCAGC,ASIC5,369,150,239
ASIC5_ATTTACCTTCACTTGGCGGA,ASIC5,513,38,78
ASIC5_ACCCTTGCGTGCATTCCCAC,ASIC5,1128,509,344
ASIC5_TCCCAGCATCAACGAAACCA,ASIC5,1995,601,715
ASIC5_TTCTTTCGCTCAGTGGGAGA,ASIC5,589,138,382
ASIP_GGCGTTTCCCACGCAGAAGG,ASIP,711,192,154
ASIP_CACGCAGGGCGCAGATAGGG,ASIP,1489,293,229
ASIP_CCGCAACAGCTGCAAGCCGC,ASIP,911,201,177
ASIP_CGCTGCGGAAGAAGCGGCAC,ASIP,603,80,237
ASL_CGACGAGGAACCGCCCAACA,ASL,4948,721,793
ASL_GATACTCCATGGCCTAGACA,ASL,284,48,184
ASL_TTGCTGCTACCCACTACAGG,ASL,1179,446,52
ASL_AGCTCATTGGTGCAACGGCA,ASL,797,148,202
ASL_CGCCTCTGCCCGATCCACCA,ASL,1295,753,736
ASL_AGCCCATCCGCTGGAGCCAC,ASL,485,284,95
ASNA1_TTGCTAAGTGTAGGCTCCAG,ASNA1,969,135,184
ASNA1_CTGGCAGTCCAGCTCTCCAA,ASNA1,692,32,72
ASNA1_GCCTGACGAGTTCTTCGAGG,ASNA1,468,24,210
ASNA1_CTCGGTGGTGGTATTTGACA,ASNA1,1370,57,174
ASNA1_GGACATGAACGCAGACCAGC,ASNA1,604,148,86
ASNA1_TCTCTGTCTCATACAGGGAC,ASNA1,238,104,89
ASNS_AGGATCAGATGAACTTACGC,ASNS,427,67,148
ASNSD1_AGGAATATGACGGTCAGCAA,ASNSD1,1607,499,321
ASNSD1_TACCAGATCGAATCACAGGA,ASNSD1,692,403,263
ASNSD1_ACCAGATCGAATCACAGGAA,ASNSD1,1149,176,239
ASNSD1_AATTGGTTGGTTAGTGGCCC,ASNSD1,207,153,148
ASNSD1_CGTGTCCGCTTTCAGTCGCA,ASNSD1,213,754,735
ASNSD1_CCGCTTTCAGTCGCATGGGC,ASNSD1,1338,112,196
ASPA_CTCCGGTTAGCTCATTCCCA,ASPA,1203,400,523
ASPA_TCACAACACCACCTCTAACA,ASPA,2204,603,402
ASPA_AGTTGGTCCTCAGCCTCAAG,ASPA,405,151,139
ASPA_TAGACCTCAATGGCGCAGGG,ASPA,817,46,142
ASPA_TTTCCTGAGAGGATCAAGAC,ASPA,668,345,614
ASPA_ACGGTACAGTCTCCGCCCAG,ASPA,1662,249,492
ASPDH_ATGTAGAGCTGAGCGGACCC,ASPDH,535,178,193
ASPDH_CATGGTGTTGGAATTTCGCG,ASPDH,1799,286,508
ASPDH_ACGCCGTGTTTGTGGCCCGA,ASPDH,770,170,484
ASPDH_CACAACCAGATCAGGGCGCC,ASPDH,1099,494,270
ASPDH_GAGCCAAGAGGCGGGAGACG,ASPDH,68,48,78
ASPDH_TGGTCAGGGACTCACCGAGG,ASPDH,1559,21,178
ASPG_GAGCTCACTCCGCATGCCAA,ASPG,326,30,99
ASPG_ACTGCCCATGTTCCATGACG,ASPG,1273,168,474
ASPG_TCATGTCACTGGAGTCGAAG,ASPG,1350,207,861
ASPG_CATCCACGGCACCGACACCA,ASPG,1827,545,989
ASPG_ATCCATGCCCTGTGGAGCGA,ASPG,970,251,183
ASPG_GAGACCTTCGGTTCAGGGAA,ASPG,229,64,159
ASPH_GAAATGGTACACGCAGAACA,ASPH,1769,190,348
ASPH_ACACACTGAGCCCGAGGAGC,ASPH,1379,17,115
ASPH_TGATGCAGACCTATCCAGGA,ASPH,2233,482,514
ASPH_TATGTAGGCCTGACCAAAGA,ASPH,2019,302,486
ASPH_CAGGAACTTCATTCTTCACG,ASPH,1011,326,443
ASPH_TGCTCTTGGCATTCTTACGC,ASPH,2046,823,716
ASPHD1_GGTAGCAGTACCAGAGGAAC,ASPHD1,562,124,31
ASPHD1_TTGCGTAGGCCCGAAGCCGC,ASPHD1,488,69,221
ASPHD1_CTGCTTGGTACAGCAGGAGC,ASPHD1,354,296,256
ASPHD1_GCCAACCCAGCAACTGCCGC,ASPHD1,46,54,45
ASPHD1_CGAAGACAAAGTCGAGGGCC,ASPHD1,308,215,290
ASPHD2_GCAGGCCACAGTGATGACAG,ASPHD2,1115,506,357
ASPHD2_AGTTGACGGAGACGTAGGGC,ASPHD2,664,0,44
ASPHD2_GATGCCAACGGGCTGCAGAA,ASPHD2,483,268,255
ASPHD2_CACAAGGGCATCCGCGAGCA,ASPHD2,3025,753,805
ASPHD2_AGCAGAGGATGGCCCACGGG,ASPHD2,1515,113,85
ASPHD2_CAAACGTCGCAGCGGCCGAA,ASPHD2,1170,443,469
ASPM_TTGCTGTTGGATCACAACGG,ASPM,720,189,249
ASPM_GCGTCAAATGGCACATAGCA,ASPM,1931,458,693
ASPM_TATTACTGCCAGGCGAACCA,ASPM,930,432,776
ASPM_AGACCAATTCGAAGCCACAA,ASPM,1449,265,360
ASPM_AACTGAAGCTGTTGTCGAAG,ASPM,466,681,590
ASPM_GGCCCTAGACAACCCTAACG,ASPM,1275,229,372
ASPN_GATGTGTGAAGGGCTAAAGA,ASPN,1119,357,246
ASPRV1_AGTGGCCAATGCGAGTGCCG,ASPRV1,484,202,270
ASPRV1_TGAGCCTATTGTAGACACCC,ASPRV1,458,283,382
ASPRV1_GAGCCTATTGTAGACACCCA,ASPRV1,319,9,105
ASPRV1_GCTTGGTGATATGGTCCCAA,ASPRV1,313,118,124
ASPSCR1_TCACCTTCACCGTGTGGCGC,ASPSCR1,641,283,259
ASPSCR1_TTCTGGAGGACACGTGCCGG,ASPSCR1,727,154,173
ASPSCR1_CCTGCCCAACAATGCCAAGC,ASPSCR1,1001,346,299
ASPSCR1_GCTGCAAAGCGATGCGAACC,ASPSCR1,622,307,345
ASPSCR1_CTTTCAGCCCACTTTCCAAC,ASPSCR1,1500,972,1808
ASPSCR1_CCACCCGAGAAAGGAACAAA,ASPSCR1,1912,506,644
ASRGL1_CCCATCGTAGTGGTCCACGG,ASRGL1,3958,1260,1053
ASRGL1_TCGGAAGGAGCGAGTGCACC,ASRGL1,631,163,145
ASRGL1_TGCTCGGCTTGTCATGGAAA,ASRGL1,2179,842,1502
ASRGL1_ACCGTGTCTAGGTAGGACCA,ASRGL1,541,93,85
ASRGL1_ATCGGAGCCGTCTCAACCAC,ASRGL1,12,35,87
ASRGL1_TTCAGGAAAGACGGTAGAAG,ASRGL1,2363,470,358
ASTE1_ACCAGCTGTTCTAAGAACAG,ASTE1,546,278,574
ASTE1_AGTGAAGGCGCAGACACGGC,ASTE1,268,146,61
ASTE1_GAAATGTGGACCCTGTACCC,ASTE1,199,45,224
ASTE1_AGTAGGGATTGGCTCCAGAA,ASTE1,481,447,508
ASTE1_CCACATAGCACCGCAAAGAG,ASTE1,2845,2434,2423
ASTE1_CTTGGATCTCCGGTATGGAG,ASTE1,1672,257,301
ASTL_GAGTGCCTCGGACATCACCC,ASTL,116,47,32
ASTL_TCTGGAGACACGTGGGCGCC,ASTL,420,143,51
ASTL_GGTGACAAACCTGATGCACG,ASTL,618,35,0
ASTL_CACGACACCACTACCACCCA,ASTL,3180,514,317
ASTL_GAGCAGCTTCCTCATCGAGG,ASTL,561,145,269
ASTL_GGCGCTCCTAGGATCACACC,ASTL,398,76,77
ASTN1_GGGTGATCTTGACAACGAGA,ASTN1,464,80,21
ASTN1_ACACGGATCCTTCAAGGAGC,ASTN1,944,181,176
ASTN1_CGGATCAACAACAAAGCAAG,ASTN1,859,688,240
ASTN1_GATCATCACCAGGCACAAGA,ASTN1,511,233,470
ASTN1_GCTGCCTCCAGCGCACCAAA,ASTN1,97,138,267
ASTN1_GGATGGATCCACGTCGCCGG,ASTN1,928,224,58
ASTN2_GAGTTCCTGCATCCTGGCCA,ASTN2,253,127,164
ASTN2_TCAGCTTTGGGAGAGCCAAG,ASTN2,574,182,103
ASTN2_CCCTGCGCAGCACATCGGCA,ASTN2,1546,281,266
ASTN2_GGATGAGGAGCCACCTAGGC,ASTN2,467,123,233
ASTN2_TGCTCCTCAACAATCTCCGA,ASTN2,626,181,220
ASTN2_TGACGGTCTTCAGCCGGCAC,ASTN2,132,0,6
ASUN_AGTCACTCTTCACTGCCGGC,ASUN,195,0,0
ASUN_CACAGTTGGTACAAGAGGAA,ASUN,1689,196,498
ASXL1_AAGCCGTCTCGTTCAACCGA,ASXL1,1138,302,255
ASXL1_CACTTACCTTGAGCGTGAAA,ASXL1,1227,667,751
ASXL1_TCGACCTCTTTCCAATCCCA,ASXL1,330,167,69
ASXL1_TGACTCCTCTGAAGGTAAAC,ASXL1,1049,596,400
ASXL1_CCGGAAGCCTCTCAGGAGCG,ASXL1,926,154,510
ASXL1_TCCGAGAGTTGATCAGGGCA,ASXL1,1257,276,315
ASXL2_ACCATTCCAGGACCTGGCCC,ASXL2,367,31,313
ASXL2_GCCAGTCACCTCTGCTGAAC,ASXL2,847,678,450
ASXL2_TGGAAGGAAAGACTCTCAGA,ASXL2,424,37,84
ASXL2_TGACATTGACGTTGAGACAC,ASXL2,1208,22,65
ASXL2_TTTCAGAAAGATGTGCCGGA,ASXL2,299,156,25
ASXL2_ATTGCATTCAGGCATGCAAG,ASXL2,433,14,108
ASXL3_GGAAGAAGAAGGACCGCACC,ASXL3,173,121,311
ASXL3_GCTGTCTCCAAGCCATGCCG,ASXL3,2,9,3
ASXL3_ATTCAGACAGGCTAATGGAG,ASXL3,1416,292,301
ASXL3_ATGGCCGAGGCAAATGCCCA,ASXL3,422,89,96
ASXL3_AGTAAGGCTTGAATCTCGAG,ASXL3,327,54,114
ASXL3_GCTCCCAGAAGTGGATAGGC,ASXL3,604,19,99
ASZ1_CCTACTTACAGGCTTTAACG,ASZ1,1865,390,610
ASZ1_TGCTCGAGATGGTCACACCC,ASZ1,1079,170,569
ASZ1_TAGTGTTGCCAATGCAGAGC,ASZ1,426,297,222
ASZ1_GACCAATGAAACATCTCCGA,ASZ1,685,52,0
ASZ1_GGGAGATTGGGTATCTCGAC,ASZ1,183,13,184
ASZ1_AGGCGAGAGTAGCGAGAGCG,ASZ1,84,67,269
ATAD1_CCGACTCAAAGGACGAGAAA,ATAD1,1762,426,959
ATAD2_TGGCTCCAGTACGGTCAAGC,ATAD2,1103,86,220
ATAD2_TGCCAATGAGTGCAGTCAAG,ATAD2,1804,388,643
ATAD2_GCATTGGATCAACATCGGCA,ATAD2,737,388,253
ATAD2_AGATACCGATTATCTTCCGC,ATAD2,535,0,0
ATAD2_AGGAAGTTGAAACCTACCAC,ATAD2,133,269,255
ATAD2_CGCTTTGGCTGTGGTCGCCG,ATAD2,1532,261,514
ATAD2B_TCTTGTCTGCTAGAGCGAAC,ATAD2B,758,232,434
ATAD2B_AGCTAATGCTCTGGCAACCA,ATAD2B,422,289,392
ATAD2B_TCTCCGAGAACGAGTGAAAG,ATAD2B,1490,470,257
ATAD2B_CCATTTGGTAATGTAGCACC,ATAD2B,348,124,41
ATAD2B_ACTTATCAACTGGACAGGCC,ATAD2B,625,276,343
ATAD2B_GAGACTTGGACCCGAGAAGG,ATAD2B,548,113,164
ATAD3B_AGTACCGACAGAAGATGCGC,ATAD3B,591,87,221
ATAD3C_CAATGAGGATTTACGGAAGC,ATAD3C,596,335,257
ATAD3C_GCGACATCGCCATAATGACA,ATAD3C,731,137,239
ATAD3C_ATGCCGGAAGATCGCACAGC,ATAD3C,617,110,185
ATAD5_ATCTCGCAGTCCTTCACGGG,ATAD5,579,416,319
ATAD5_CAGTCTTTGTTGCTGTCAAC,ATAD5,1036,468,391
ATAD5_TCTTCTAGTTGACTTGGGCG,ATAD5,593,213,135
ATAD5_TGCAAAGAAAGCTGCTGCGC,ATAD5,1070,119,177
ATAD5_TATAACAGGGCCAACAGGAG,ATAD5,368,95,47
ATAD5_GAATTTGTCTACCACTGCGC,ATAD5,63,18,0
ATAT1_TGGACGCGCTGTTCCCGGAG,ATAT1,1003,457,414
ATAT1_ACTGGGCAAGGCTTCTGCCA,ATAT1,547,11,80
ATAT1_TGATGCACTAGTGATAGGAG,ATAT1,1370,157,359
ATAT1_CCGTCCTACAGGGCTGGAAA,ATAT1,1952,559,395
ATAT1_CATGAGTCTGTGCAACGCCA,ATAT1,921,176,96
ATAT1_GCGAGTGGAACCGCACCAAC,ATAT1,883,511,681
ATCAY_ACGTGGACGTGAAGGAGGAA,ATCAY,2218,273,307
ATCAY_TTACAGGATGTGTCTTCCAC,ATCAY,1851,329,340
ATCAY_GGCAACGAACTGGAGTGGGA,ATCAY,1224,134,151
ATCAY_CATGTTCTTGGCGGTGGCCA,ATCAY,760,166,303
ATCAY_TCCTCAGGGTACTACGGCGA,ATCAY,1302,452,306
ATCAY_GCTACCAGATGATCGACCGG,ATCAY,116,129,28
ATE1_TTACACTTGGCCTGCTGACC,ATE1,751,139,48
ATE1_GCCTTTGGTGGAAACAAAGA,ATE1,739,91,168
ATE1_TGAGCCCATGGATTCCACAA,ATE1,1856,104,266
ATE1_AGGATCTCATAGACCGAGGA,ATE1,357,61,11
ATE1_CGGCTCGCTCACCATTGGAG,ATE1,1630,141,293
ATE1_GCGTCGGGAACACTCACCGC,ATE1,1145,269,196
ATF1_ACTTGTGCCCAGCAATCAGG,ATF1,125,25,97
ATF2_AGTTCGGTCAGCACATCCAA,ATF2,805,185,85
ATF2_GCTCGTTCGACCAGTCACCA,ATF2,510,74,67
ATF2_TGCAGGAATAGCAACAGGCA,ATF2,1634,728,387
ATF2_ACAATTGGCCTGTTAGAGGA,ATF2,308,320,434
ATF2_CCAGGCGCAGTACATAGAAA,ATF2,1288,768,559
ATF2_CCCTTTCTATGTACTGCGCC,ATF2,762,305,480
ATF3_TCAAACACCAGTGACCCAGG,ATF3,1459,182,322
ATF3_CTCAGCTCTTCCTTGACAAA,ATF3,3005,1094,898
ATF3_AGAACAAGCACCTCTGCCAC,ATF3,70,100,36
ATF3_CCACCGGATGTCCTCTGCGC,ATF3,3285,736,393
ATF3_CTGAGCCCGGACAATACACG,ATF3,2635,769,404
ATF3_TGTATTGTCCGGGCTCAGAA,ATF3,471,363,396
ATF5_CAGGGTCGCCAGGAGTGACA,ATF5,1095,363,361
ATF5_TCCCAGCTAGTGGGCTGGGA,ATF5,214,13,50
ATF5_AAGGACCTCATAGGGAGCCA,ATF5,227,72,85
ATF5_TCCACCTCAACCTTCTCGCC,ATF5,1885,1030,673
ATF5_GGAATCGCGAGCTGAAGGAA,ATF5,1205,173,104
ATF5_GAATCGCGAGCTGAAGGAAC,ATF5,1112,49,78
ATF6_CCCGGGACTCTTTCACAGGC,ATF6,1278,58,146
ATF6_TCCCAAATGTCTGACTCCCA,ATF6,1477,160,41
ATF6_ACTGAATAACTTGAGGAGGC,ATF6,18,134,22
ATF6_ATTGGTTGCTGCTTTGCCAA,ATF6,314,73,142
ATF6_CACTGGGCTATTCGCTGAAG,ATF6,1951,779,727
ATF6_TGGAACACTGAAGCGGCAGC,ATF6,412,198,148
ATF6B_CCTGAGGAGCCATCAAGGGA,ATF6B,351,273,389
ATF6B_TCAGAGTTGACGGAAGAACA,ATF6B,741,508,368
ATF6B_TGACTCGGAGCTGAGGGAGG,ATF6B,765,40,41
ATF6B_AAGATCGGCAGGAGTTCCCA,ATF6B,155,97,40
ATF6B_GGACATCCTGCTCCGGGCAA,ATF6B,635,18,52
ATF6B_CCCAGTCCTCCGGGCTAAGC,ATF6B,2191,800,933
ATF7_TGGCTTCTGATGGTATAGGG,ATF7,1546,76,104
ATF7_AGACCATGCCTGTGTTGCCA,ATF7,863,188,194
ATF7_CAGGGAGCCAGGACGTACAA,ATF7,1493,187,218
ATF7_GAAGGCAGAGACATGTCAAG,ATF7,986,57,170
ATF7_ATGACTGAGTCAGTTCGGGC,ATF7,268,148,43
ATF7_AACGTACCTGTCCACAGCCC,ATF7,790,0,8
ATF7IP_TCCGGCATCCAGATCACCAG,ATF7IP,1411,314,229
ATF7IP_ATACTAGGACTGGGCACAGA,ATF7IP,975,306,190
ATF7IP_GCCACTGGCAGTGATTCAAG,ATF7IP,1160,502,644
ATF7IP_GGTTGCAATGGTCGTGACAC,ATF7IP,719,116,173
ATF7IP_TGCATAACAGTTCCTCGCAA,ATF7IP,2782,323,393
ATF7IP_GGACTAACCCTGGGATCAAC,ATF7IP,214,80,227
ATF7IP2_TACACTGGGTGGACAGCAAC,ATF7IP2,814,391,460
ATF7IP2_GGTCAGACATTTGATTCAGC,ATF7IP2,220,109,132
ATF7IP2_TTTCGAATGTGACTCCAGGG,ATF7IP2,487,112,301
ATF7IP2_GCTTTCGAATGTGACTCCAG,ATF7IP2,309,72,109
ATF7IP2_CTGAGATAAAGTACAGGCCA,ATF7IP2,506,444,356
ATG10_TGCGACTGCTACAGGGACCA,ATG10,2240,822,321
ATG10_ATGGGACACTATTACGCAAC,ATG10,660,171,189
ATG10_GGTAGATTCAGCCCAACAAC,ATG10,607,25,145
ATG12_TTCTCCAGGGAGCGTCGCAA,ATG12,1156,156,249
ATG12_TCCAGGGAGCGTCGCAAAGG,ATG12,3582,953,1375
ATG12_GAGCGTCGCAAAGGAGGCGC,ATG12,144,51,261
ATG13_GACAGCTGCCTGCAGTCGGG,ATG13,166,0,0
ATG13_TTCCTGGAGAGCCTATAGGC,ATG13,479,143,151
ATG13_GACAGTTCGTGTTGGGACAG,ATG13,1617,480,395
ATG13_CTTGAGAGTCTTCTACAGAC,ATG13,286,725,616
ATG13_CTCAGGGTGTCCGTCACCAC,ATG13,1498,251,295
ATG13_GGGCGTTGGATCAGCTGACC,ATG13,23,58,147
ATG14_ATCGCGAGCAGCAGTGCAGG,ATG14,584,153,324
ATG14_GCTGTGCTATGCAACTCAGC,ATG14,162,85,410
ATG14_CAACTTACCTCTCAGGACGA,ATG14,1557,553,460
ATG14_TAATCGCAAACTTGGTGACC,ATG14,728,142,208
ATG14_TCTACTTCGACGGCCGCGAC,ATG14,770,199,178
ATG14_CGCTGTGCAACACTACCCGC,ATG14,1396,489,700
ATG16L1_GAGATGTGGCGCTTCCAGCG,ATG16L1,2211,357,431
ATG16L1_ACTGAGGATTAAGCACCAAG,ATG16L1,741,403,177
ATG16L1_GAATAACCAAATGCAGCGGA,ATG16L1,374,461,204
ATG16L1_GACTATCTCTGACCTGGAGA,ATG16L1,213,29,45
ATG16L1_CCAACAGGAGGCGGCAAGCC,ATG16L1,823,250,514
ATG16L1_CTCACTTCTTTACCAGAACC,ATG16L1,2460,889,763
ATG16L2_GCTTCGGGACCGTACGCAAA,ATG16L2,2520,795,879
ATG16L2_GACCCACATACACTTACCAG,ATG16L2,1872,327,147
ATG16L2_ACTCTGATTGGTTGGCAGGG,ATG16L2,1006,366,250
ATG16L2_GCTGCACGAGCCTCTCCAGC,ATG16L2,395,174,153
ATG16L2_TTACCCAACAAGGGCCAAGC,ATG16L2,909,227,739
ATG16L2_TTACCAGCACATCCTGAGCC,ATG16L2,1615,250,323
ATG2A_GGTCTTCGGCACCTAGCGGG,ATG2A,44,122,24
ATG2A_GCAGCTGCCGATCTGCAAGG,ATG2A,320,48,107
ATG2A_TGACCCTACACTCTCCAGAC,ATG2A,2201,330,487
ATG2A_GGGCTGCCGACTCACAGAGC,ATG2A,871,235,361
ATG2A_TCGGTGAGCAGAGCAGCCCA,ATG2A,342,0,0
ATG2A_CGGTCTCCGAGATGTCACGA,ATG2A,672,245,441
ATG2B_GCTCGTACACCTTCTAGCCG,ATG2B,5,3,4
ATG2B_TTGGCAGCTATTGCTGGACC,ATG2B,637,164,110
ATG2B_ATTAACCGTCCAATCTGCAC,ATG2B,298,113,181
ATG2B_ACTGGTGCAGTTGAACACAC,ATG2B,479,286,175
ATG2B_AACCTGGGCGAGGTCTAGGC,ATG2B,318,266,157
ATG2B_TGGACCTGTACCAAGGCACC,ATG2B,814,302,307
ATG3_GCATGGGTGAACTGAACACA,ATG3,807,794,751
ATG3_TTGCTCAGCACTATGTGAAG,ATG3,2095,394,264
ATG3_TGTTTGCACCGCTTATAGCA,ATG3,927,556,249
ATG3_ACCACTGTCCAACATGGCAA,ATG3,1060,344,243
ATG3_CCTGAATAGTTTGTGGCAGC,ATG3,730,401,217
ATG3_GCCTGGCTTACCTTGAGGAC,ATG3,713,93,214
ATG4A_TGGACCAAATACAGTTGCAC,ATG4A,498,217,191
ATG4A_CCCTTGAGTGCTGACACAGC,ATG4A,579,1050,562
ATG4A_GAAGCAGTTAAAGAATCGGG,ATG4A,115,60,35
ATG4A_TGGTTTATGCCCAGGCGAAG,ATG4A,1531,353,497
ATG4A_GCGAATGAACATCCTAAACC,ATG4A,1920,655,430
ATG4B_CACCGGCGGAGAACTGAGGC,ATG4B,569,160,209
ATG4B_GCCTAGGTGCCGGCACACCA,ATG4B,517,85,187
ATG4B_TAGATTGGAGGTGGACACAA,ATG4B,713,313,395
ATG4B_CAGTGTTGGGCCCGTACCAC,ATG4B,388,308,85
ATG4B_CATTGCAATGTGGACCGCCA,ATG4B,1203,166,124
ATG4B_AACGCAGTGGCGCCTGCACA,ATG4B,980,84,109
ATG4C_GAACTACTATAGCTTGGACC,ATG4C,466,226,239
ATG4D_CCCGAGTGAGCCGGACGAAG,ATG4D,772,186,1064
ATG4D_GGCCAGATGATGCTGGCACA,ATG4D,217,166,274
ATG4D_CCAGACTGGACATGGGCCGA,ATG4D,1831,549,655
ATG4D_AGAAACGTACACCACCAGGC,ATG4D,693,326,366
ATG4D_TTCACGCAGGGCACATACAC,ATG4D,2893,653,624
ATG5_AACTGTCCATCTGCAGCCAC,ATG5,216,496,2736
ATG5_CCTTAGATGGACAGTGCAGA,ATG5,846,442,377
ATG7_GAAGCTGAACGAGTATCGGC,ATG7,95,108,140
ATG7_AACTCCAATGTTAAGCGAGC,ATG7,497,213,133
ATG7_TCCAATAGCTGGGCAGCAAC,ATG7,2498,1244,1390
ATG7_CTTCCAAGGTCAAAGGACGA,ATG7,1093,440,755
ATG7_TGTAACTTAGCCCAGTACCC,ATG7,962,410,375
ATG7_CCGTGACCGTACCATGCAGG,ATG7,971,219,408
ATG9A_CAGATGGATGTTCGCCAGCA,ATG9A,2000,2880,1943
ATG9A_ACTCGTCCCGGGTCTGCGAG,ATG9A,364,355,373
ATG9A_CTCAAGGCCGAGTACAAACG,ATG9A,2376,2606,2456
ATG9A_AGATGAACTTGATAAGCCGG,ATG9A,689,385,245
ATG9A_TAGTGAAGGCAACCACAAAG,ATG9A,660,1359,1338
ATG9A_CTGTTGGTGCACGTCGCCGA,ATG9A,654,455,1479
ATG9B_GGAGGTAGTGCATGTGGGCC,ATG9B,526,124,199
ATG9B_AGTGCGGCTTTCCTCAGCCG,ATG9B,435,110,274
ATG9B_GGATGTCCCAGTAGCTGAAG,ATG9B,835,212,249
ATG9B_ATCCACGCATCGAAGGAGGA,ATG9B,599,147,360
ATG9B_TGCAGGCAAAGCCATTCCGC,ATG9B,525,21,139
ATG9B_CCAAGACTCACCCATCCACG,ATG9B,809,512,897
ATHL1_TTCGCCCTGGACACCAACAC,ATHL1,2901,828,881
ATHL1_GCCCTCCAGGGTGTGAAGAA,ATHL1,1420,488,356
ATHL1_GGTAGAATGTGGCTTGGACG,ATHL1,252,11,11
ATHL1_GGATACTCGGGAACATCCAG,ATHL1,478,121,48
ATHL1_CAGCTCGAAGGCCAACACCA,ATHL1,1773,573,682
ATHL1_CTGCAGCTATTTCGAGAGGC,ATHL1,1079,347,562
ATIC_TCGGTGAGGCCCTAGCGGAG,ATIC,1042,940,448
ATIC_TGAATCTGGTCGCTTCCGGA,ATIC,189,105,179
ATIC_CTGGCGTCTAGTCTCCAAGG,ATIC,1681,228,403
ATIC_TGGGCTGCAGTGTGTACAGC,ATIC,1895,267,568
ATIC_TGTGCGATGCTTTGAACGCC,ATIC,884,159,180
ATIC_TCTTGCATATGCCGCTGAGA,ATIC,951,108,265
ATL1_CCACCATGGCCAAGAACCGC,ATL1,2552,386,600
ATL1_CTCGGAGGCTGTCAGAGACA,ATL1,1640,260,242
ATL1_TGAGTATGGCAGACTGGCAA,ATL1,1032,153,145
ATL1_CTCTCGGGACTAAGTAGCCA,ATL1,1188,262,354
ATL1_AGCTAACAATTTAGCAGCCG,ATL1,238,315,259
ATL1_ATCTGTGAAGCTATTCCGAG,ATL1,1490,285,345
ATL2_ATCTGGCATGATGAGACACC,ATL2,520,83,215
ATL2_TGCTGAAACACTATGGGAAC,ATL2,1532,850,991
ATL2_TAAGACCAGGATGTGGCAAA,ATL2,1059,157,85
ATL2_TGTGCTGCTTATGGATACCC,ATL2,942,127,7
ATL2_TTGACAGGCTTTACATGGCG,ATL2,2520,160,136
ATL2_AAATCGGTACAAGATGGCGG,ATL2,812,22,79
ATL3_AGAATACGGTCGTCTGGCAA,ATL3,381,95,73
ATL3_TGTTCTGATGGATACCCAGG,ATL3,900,88,56
ATL3_GGATCTGATCCAGAAACCAC,ATL3,387,88,108
ATL3_GAAGGACTTGCCCTTTCGGA,ATL3,0,0,19
ATL3_TGCTTCTGCTTTGAAGGCGG,ATL3,430,135,72
ATL3_GGACTACAATTCCCAAAGGA,ATL3,823,85,393
ATM_CGGCATTCAGATTCCAAACA,ATM,3257,1037,1499
ATM_CACCAGTATAGTTCCAGGAA,ATM,2526,668,486
ATM_TTGCTTGAGCAACTGTACCA,ATM,350,125,186
ATM_TCTACTTCTCCACGGTCAAA,ATM,810,282,371
ATM_CGTAACTCACCATATGCAGG,ATM,2409,684,635
ATM_GAACATCTTCCATTGGCAAG,ATM,467,308,323
ATMIN_GATGTTGGTCCGCACGGCCC,ATMIN,359,0,0
ATMIN_GGATGTTGGTCCGCACGGCC,ATMIN,1248,62,5
ATMIN_GCACAGGATGTTGGTCCGCA,ATMIN,166,3,0
ATN1_GAGGTTCCTCGATAGCCCGG,ATN1,253,9,0
ATN1_CGACCTGTACTTCGTGCCAC,ATN1,1507,689,357
ATN1_GAACGTCTAGCGCTGGCAGC,ATN1,149,0,54
ATN1_TTCCATCCTTACCAAAGAGC,ATN1,1418,184,364
ATN1_CTGTAGTAGTCCTCCTGGGC,ATN1,1589,445,725
ATOH1_GACAGCTCAGGCGGGTAGAC,ATOH1,673,139,79
ATOH1_TCCCGCACTTTCACCGGCCC,ATOH1,1284,144,206
ATOH1_ACGGGATAACATTGCGCAGC,ATOH1,224,228,37
ATOH1_ACCGCGGCCTCCTATGAAGG,ATOH1,2528,155,366
ATOH1_GAGTACCCTCCCGCAGAAGC,ATOH1,306,271,163
ATOH7_CCGAGCGATTCGGCTCGGAG,ATOH7,255,83,244
ATOH7_TCTGACCCGGATCCTGGCCG,ATOH7,489,48,69
ATOH7_TGCCTTCGACCGCTTACGCA,ATOH7,2503,130,263
ATOH7_CTGCCTTCGACCGCTTACGC,ATOH7,1363,298,218
ATOH8_ACATCCCGGTCCTCGAGGAC,ATOH8,1427,345,208
ATOH8_CTTAAGAAGCTCAAGCGGAA,ATOH8,874,477,322
ATOH8_CAGGACCCATCGGCTGCAGC,ATOH8,867,37,71
ATOH8_TGGGCAGAAGCTGTCCAAAC,ATOH8,1862,568,1066
ATOH8_AAGGTCAGCCAGCCGCGCCA,ATOH8,776,306,367
ATOH8_GGGACGTGCCAAGAAGCGCA,ATOH8,265,139,110
ATOX1_TACCTTGGCCTTGAGTAGCA,ATOX1,897,677,431
ATOX1_CATTGAATCTGAGCACAGCA,ATOX1,998,394,575
ATOX1_TGGATGAAAGCAGAATCACC,ATOX1,407,146,82
ATP10A_CACCAAGTCCCACCGGCGCA,ATP10A,2930,334,439
ATP10A_AGCTTGCTGCGCTTGTAGCG,ATP10A,879,342,391
ATP10A_CTTCTCGCATTCGATCACGC,ATP10A,1284,284,405
ATP10A_GAGAGCAGCAGAATGTCCGC,ATP10A,614,18,64
ATP10A_CCTTTCACTTCAGGTGGGAG,ATP10A,264,250,254
ATP10A_TGATCTTGTGGTCGGAGCGG,ATP10A,1149,241,342
ATP10B_TTCGATGTGCCAGATGCCAA,ATP10B,538,270,229
ATP10B_TCTTGCTGCGTTTGTACCGG,ATP10B,1585,652,543
ATP10B_CACCATCAGAAACACCGAGA,ATP10B,1472,150,195
ATP10B_CGTGAAGGGCTTCTCACAGC,ATP10B,1104,567,476
ATP10B_CCTTGATCATGATGACGAAC,ATP10B,1063,888,469
ATP10B_AGCAGCGGTGTGGTTTCCGA,ATP10B,349,119,181
ATP10D_GGCTGATCAGAGGTGCAACC,ATP10D,829,385,296
ATP10D_ATTGTAAGGACCACCACCAG,ATP10D,1577,331,605
ATP10D_GGATGACCTCGTTGCAGGAG,ATP10D,1467,337,182
ATP10D_CCAGAAGCATGACACACCAG,ATP10D,1614,837,838
ATP10D_CCGAGCCCTGAACATCGCCG,ATP10D,1632,754,380
ATP10D_ATTATGAACTGTCCTGCAGC,ATP10D,125,103,40
ATP11A_TGTGCACGAGCGTCCGCACG,ATP11A,319,328,156
ATP11A_ATGTAGGCCTCTGCGCCCGG,ATP11A,865,2,81
ATP11A_CCCACAAGTCCAGTGACAAG,ATP11A,1860,804,561
ATP11A_GAAGATCAAGTCGCAGGGAA,ATP11A,105,317,148
ATP11A_CTTACTTGTAGAGGTCGGGC,ATP11A,572,59,240
ATP11A_TGTGGCTATTTACACGGGAA,ATP11A,213,281,197
ATP11B_GAACCATCTACGTAGCCAAC,ATP11B,618,339,249
ATP11B_CCTACCAGTCCAGTTACCAG,ATP11B,648,869,393
ATP11B_TTAATCTGGCTCCACGAAGC,ATP11B,1646,309,113
ATP11B_ACAGGTGTTGCGGTATACAC,ATP11B,460,314,359
ATP11B_TCTGAATGAAGAGCTTGGAC,ATP11B,87,59,42
ATP11B_CCAACACCAGACTCTTCAGA,ATP11B,636,102,199
ATP11C_CCATGTGGAACGTAATGCAA,ATP11C,2183,537,314
ATP11C_ACATTCAATTGCTGCTCGGA,ATP11C,436,185,82
ATP11C_CTTCTACTACATCACCAACC,ATP11C,1326,469,275
ATP11C_AACTGTTACAGCCATCAAGC,ATP11C,904,201,412
ATP11C_TCTGCATGTCAGTATGCAGA,ATP11C,741,116,158
ATP11C_CCTTCGACGCGATGTTCCGC,ATP11C,651,51,117
ATP12A_GCTTAAGGCTACTGACCAGA,ATP12A,490,226,195
ATP12A_CTCAGGCGTCTGCTTGGGAG,ATP12A,132,249,176
ATP12A_GCACACAGCCCAAGTACACC,ATP12A,1898,929,678
ATP12A_GACATTGTGGAGGTCAAAGG,ATP12A,643,302,203
ATP12A_TGGATAACTCATCTCTCACG,ATP12A,110,77,31
ATP12A_TCTGATTGTCGAACCACAGA,ATP12A,1018,276,193
ATP13A1_GGCCTCGAACGCCACCAGCA,ATP13A1,589,18,18
ATP13A1_CTTCTACCGCAGGGCGAAGA,ATP13A1,802,95,81
ATP13A1_GGTTGGCACCACCTTCACAA,ATP13A1,1172,443,252
ATP13A1_GAACAGCCATCAGCCAGGAG,ATP13A1,951,81,115
ATP13A1_CATAGCGAACGGTGACGAGC,ATP13A1,711,221,111
ATP13A2_CGTCGTCACAAGAGCGGCCA,ATP13A2,1296,366,643
ATP13A2_TCCAGATATAGCGCTGGCCC,ATP13A2,893,197,41
ATP13A2_CCAGCTCCACAAGAGCGAGG,ATP13A2,919,133,92
ATP13A2_GCAGACTGAGGCCATCGGCG,ATP13A2,976,143,324
ATP13A2_TCCAACGGAAGAGCAGCAAA,ATP13A2,1463,352,425
ATP13A2_CCCACTCTGCCCACTTACCA,ATP13A2,2391,753,849
ATP13A3_TGCTGAAGCATTACCTCCAA,ATP13A3,756,414,207
ATP13A3_GGTCTCTGTAAACCTGAAAC,ATP13A3,470,68,163
ATP13A3_CCCTGCAGGAAACCAAGAAA,ATP13A3,446,339,257
ATP13A3_ATACCAGCAGTCATTGCAGC,ATP13A3,375,851,359
ATP13A3_GCATAGTGCAGGACTGACAA,ATP13A3,1969,577,795
ATP13A3_ACTCAGGCATCCAATAGAGG,ATP13A3,1025,275,124
ATP13A4_CAGGCATTATCTATGCCCAG,ATP13A4,57,79,74
ATP13A4_TCCAGGATTCAACACTGCAA,ATP13A4,1276,377,116
ATP13A4_AGAGTGAAGCGGATTACAAG,ATP13A4,2217,623,529
ATP13A4_TTCAGCTGGAGTTCAAGAGC,ATP13A4,687,1240,888
ATP13A4_CCTCATCTGTCATGAGAGGG,ATP13A4,74,95,122
ATP13A4_ATGAGAAGATGGATCCGGCA,ATP13A4,279,304,63
ATP13A5_TTGCCTATGGTCAGGGCAGC,ATP13A5,670,448,325
ATP13A5_TGTCTCCGGGAACCAAGAGA,ATP13A5,725,245,219
ATP13A5_CTTTGTTGTGGTCCTCCACG,ATP13A5,1514,322,390
ATP13A5_AGAGTGGCGGTCAGCCACCA,ATP13A5,46,20,7
ATP13A5_AGGTCAGCACGGATGCGACA,ATP13A5,1739,214,256
ATP13A5_CCTGGTTGAGCAAAGCCCGA,ATP13A5,558,387,319
ATP1A1_CATTCAGGAGTAGTGGGAGG,ATP1A1,643,1,135
ATP1A1_CGGCTGATAGCACCACACCC,ATP1A1,1785,61,247
ATP1A1_CAAGCCCTTGTGATTCGAAA,ATP1A1,743,960,1004
ATP1A1_TTCTGATTCACCAGTGAGCG,ATP1A1,1466,105,172
ATP1A1_CCTGCCTCTTACCGTGACAG,ATP1A1,123,0,41
ATP1A1_TTACTGCCAAACGCATGGCA,ATP1A1,831,0,1
ATP1A2_GCCGCCACCACGGCAGAGAA,ATP1A2,949,609,589
ATP1A2_GCTGGGCCGCAAATACCAAG,ATP1A2,385,168,155
ATP1A2_CAGGACGTTCTGGCTCGAGA,ATP1A2,805,170,260
ATP1A2_CATGAGAAGAGATGATCCGG,ATP1A2,1085,305,231
ATP1A2_AGATATTGCGGGTCTCCAGG,ATP1A2,504,13,122
ATP1A2_TGGGCGGACACCCATAGCAA,ATP1A2,2412,578,697
ATP1A3_CATGGGCCGTATCGCCACCC,ATP1A3,1765,91,150
ATP1A3_CTCGGATTCGCCAGTCAGGG,ATP1A3,1327,277,312
ATP1A3_CTCACCTTCCCGGATCACCA,ATP1A3,1848,707,525
ATP1A3_CTTGCTGGGCACCCTTCACC,ATP1A3,1585,396,188
ATP1A3_CAGGAGATCCTGGCCCGGGA,ATP1A3,442,60,238
ATP1A3_ATCTTTCTTGTCCTGCGAGG,ATP1A3,840,122,130
ATP1A4_CCATAGCCACCAAAGGGCAA,ATP1A4,1830,345,269
ATP1A4_ATCCTTGTGCAGAGATAAGC,ATP1A4,890,109,377
ATP1A4_TAGGTGTCTGGCCAACCGCC,ATP1A4,134,296,244
ATP1A4_CTGACACCTTAGCAATGGGC,ATP1A4,1744,288,89
ATP1A4_CTGCTCGATGAACTTGAGGA,ATP1A4,968,514,343
ATP1A4_GATGTCCATCCACCTTCGGG,ATP1A4,183,25,32
ATP1B1_CATGGCCCGCGGGAAAGCCA,ATP1B1,431,54,173
ATP1B1_CTTGTTCCAGTTCCAGAAGA,ATP1B1,671,262,317
ATP1B1_GCCCACATATCAGGACCGAG,ATP1B1,1024,442,347
ATP1B1_TCATGAACGAGGAGAGCGAA,ATP1B1,920,234,364
ATP1B1_ACCTTGCCAGTGCACTGAAC,ATP1B1,2274,590,426
ATP1B1_TGGTGAACTGTACGGCCAGC,ATP1B1,323,192,163
ATP1B2_CACCAGTTTATGGGCCGCAC,ATP1B2,672,787,360
ATP1B2_TCCCGGTGCGGCCCATAAAC,ATP1B2,1964,651,679
ATP1B2_AGTCTGCAGCATCACCCACA,ATP1B2,633,417,662
ATP1B2_ACCCACTATGGTTACAGCAC,ATP1B2,1533,202,226
ATP1B2_CGAACTCACCTTCCCAGCAC,ATP1B2,3392,915,1079
ATP1B2_TGCGGAGTTTGAAGGCCACG,ATP1B2,326,28,55
ATP1B4_AAGGCAACTCCGGTCCAGAA,ATP1B4,684,340,326
ATP1B4_AGGATGTTTCTGGCCCGAAC,ATP1B4,1439,634,505
ATP1B4_TATACCAACCTTCACGGAGC,ATP1B4,571,133,166
ATP1B4_TCAGACGAACTTACTTACCC,ATP1B4,947,235,281
ATP1B4_CGTAGTAAGGGTAGTAGCGG,ATP1B4,599,262,705
ATP2A1_TGAGACCACGGGCCTCACCC,ATP2A1,325,176,71
ATP2A1_GGAGGAGAATCCGCACCAGG,ATP2A1,98,28,29
ATP2A1_CTGACCGCAAGTCAGTGCAA,ATP2A1,1476,253,265
ATP2A1_GCGTGGTGGATTTGATGGCG,ATP2A1,947,241,468
ATP2A1_CAGGGCACCAACATTGCAGC,ATP2A1,807,151,361
ATP2A1_CTTGCCCTCCGTAGAGACCC,ATP2A1,1175,154,138
ATP2A2_GAACGCGCACACCAAGACGG,ATP2A2,446,0,54
ATP2A2_ACAGAGTTACCGGCTGAAGA,ATP2A2,429,11,0
ATP2A2_CTCAATCACAAGTTCCAGCA,ATP2A2,1700,65,37
ATP2A2_AATGGGCAAAGTGTATCGAC,ATP2A2,645,0,0
ATP2A2_TGGCAAGATCCGGGATGAAA,ATP2A2,2143,209,243
ATP2A2_TCATGTCTGTCATTCGAGAG,ATP2A2,1705,466,421
ATP2A3_CAAAGCGGTGGGTGTGGCCG,ATP2A3,1167,299,518
ATP2A3_CCTCACCCGTCAGGATGGAC,ATP2A3,128,57,213
ATP2A3_TGCCCGGGACATCGTCCCAG,ATP2A3,350,56,189
ATP2A3_AGGATCAGCATGATGACCAG,ATP2A3,1124,243,108
ATP2A3_TGGCAGGGCCCTACTTACAA,ATP2A3,1539,412,217
ATP2A3_CACTTCTCGGTGACAGCCGA,ATP2A3,322,155,334
ATP2B1_CACCAGTTACAGCTACAACC,ATP2B1,1070,367,934
ATP2B1_GGCTGGAATTACTGTGCGGA,ATP2B1,1342,206,521
ATP2B1_ATTGAACCGATGGCATCAGA,ATP2B1,142,18,32
ATP2B1_TTAGTGGTCGCAGTGCCAGA,ATP2B1,601,102,370
ATP2B1_TGAATAAGTATGCCGTCAGC,ATP2B1,469,114,52
ATP2B1_CCACACACACTACAGACAAG,ATP2B1,3513,776,1004
ATP2B2_TCATCACACAGGTGTGAAGA,ATP2B2,192,217,167
ATP2B2_ACGTGATGGAGGGCTCAGGA,ATP2B2,1651,388,701
ATP2B2_TGGATGAAGAGGCCGTCGGC,ATP2B2,667,193,108
ATP2B2_AAATTTACCGTGGTCCGGGC,ATP2B2,334,77,64
ATP2B2_TTCTACCACCCGCCCGGCGA,ATP2B2,983,849,595
ATP2B2_CAAAGAAATGAGTCGAGCCA,ATP2B2,1389,567,686
ATP2B3_TGGAGGCTTTGGGTGCACGC,ATP2B3,596,484,263
ATP2B3_ACCCAAGACCTTCCTGCAGC,ATP2B3,754,334,295
ATP2B3_AAGTTCACGGTCATCCGGAA,ATP2B3,416,188,224
ATP2B3_TGGATGAGCACGCCGTCGGC,ATP2B3,394,50,46
ATP2B3_ATCTTCACGCTGCTTGGAGC,ATP2B3,1159,414,157
ATP2B3_ATGGAGAGTAGCCAGACCAA,ATP2B3,57,88,157
ATP2B4_ATATGGCCTTTACCTTCCAC,ATP2B4,459,1,72
ATP2B4_AGATCTGGAGAAACGTAGGC,ATP2B4,146,128,20
ATP2B4_CCACGATGATCACTGAGAAA,ATP2B4,1854,692,764
ATP2B4_GCCTATACCTGAGAGCAACA,ATP2B4,1139,335,337
ATP2B4_CATGGAAGGTTCTGGCCGGA,ATP2B4,1178,108,97
ATP2B4_CTTATCAGAGCAGATGGCGG,ATP2B4,273,42,54
ATP2C1_AAACCAAAGAGCCGAAGAAC,ATP2C1,890,302,413
ATP2C1_TCAAACAAGCGTAAGTCAGC,ATP2C1,617,124,97
ATP2C1_GGAGCTGTCACCTTAGAACA,ATP2C1,1501,165,379
ATP2C1_TAGCGTCACTGTGACCACAA,ATP2C1,804,158,194
ATP2C1_AAGGCACGCATGGGCTCAGC,ATP2C1,569,44,8
ATP2C1_GGAATACAATCCCAGACGAC,ATP2C1,621,32,104
ATP2C2_GGAGACGCGTCCCTCGACCA,ATP2C2,808,172,155
ATP2C2_TTCCAGGTGGACTTACACAC,ATP2C2,1766,467,328
ATP2C2_CCTGGTGAGTGTCCTCACCA,ATP2C2,390,142,140
ATP2C2_GAACCAGTTCTCGAGCAAGC,ATP2C2,810,371,315
ATP2C2_TGGATGAATCCAGTTTCACC,ATP2C2,272,164,82
ATP2C2_TCACTCACCGATTATGCCAA,ATP2C2,1346,192,185
ATP4A_CATCCACACAGCTGACACCA,ATP4A,2400,1131,575
ATP4A_GAAGACCATGGCCCGCAGGA,ATP4A,333,243,246
ATP4A_GCGATGTTGCGGGTCTCCAG,ATP4A,12,53,46
ATP4A_CTGGTAGTAGCCAAAGCAGC,ATP4A,411,245,169
ATP4A_AACGCACTGCGGCCACCACG,ATP4A,1974,207,243
ATP4A_TGAGCTCTACTCGGTGGAGC,ATP4A,1362,196,313
ATP4B_TTATTACGGGAAGAAAGCCC,ATP4B,136,22,52
ATP4B_CGCGGCCGTACTCACCAGGA,ATP4B,1159,418,714
ATP4B_CCCAACTTCGGCTTTGAAGA,ATP4B,2072,991,550
ATP4B_ACGTCTCTGATAACAGAACC,ATP4B,485,217,241
ATP4B_GACAGTGGACCCGTACACAC,ATP4B,616,178,125
ATP4B_TTACTGCTGGAACCCGGACA,ATP4B,1515,248,93
ATP5A1_GACCAACGTTAATTGCAGGG,ATP5A1,678,66,68
ATP5A1_AATTCGAGGAATGATACCGG,ATP5A1,795,45,1
ATP5A1_ATTCCTCAGCCCATGTACGC,ATP5A1,794,163,100
ATP5A1_GAAGGCCGGCATGATGCAGG,ATP5A1,308,149,81
ATP5B_AGTACCCATGTCAGTGGCCA,ATP5B,481,31,8
ATP5B_TAACATCTTTCGCTTCACCC,ATP5B,626,321,64
ATP5B_CTCAATGCTTACCTTAGAGG,ATP5B,1389,113,155
ATP5B_TCTGCTAGCTCCCTATGCCA,ATP5B,1092,67,252
ATP5B_ACCACCAATTCTAAATGCCC,ATP5B,77,27,23
ATP5C1_GACACCCGCGCGAGAGAACA,ATP5C1,1083,127,103
ATP5C1_CTACTTACCAGCACTTGCAA,ATP5C1,2578,650,666
ATP5D_CACCTTCGCCTCTCCCACGC,ATP5D,1008,109,81
ATP5D_CTCACCAAAGTATTTGGAGG,ATP5D,1712,161,152
ATP5D_AGAGTCGGCGTTCACTGCGA,ATP5D,1433,25,65
ATP5D_GGTGCAGTTGTTGGCCGAAG,ATP5D,662,203,188
ATP5D_GACAGCTGACGAGGCCACGC,ATP5D,331,50,90
ATP5D_GATCCGAATCGAGGCCAACG,ATP5D,2668,616,931
ATP5F1_CGGCGGCGGAAAGTACCACC,ATP5F1,709,118,268
ATP5F1_CACTTACCCTGGACCTAGGA,ATP5F1,630,138,81
ATP5F1_CATTATCCTCACACTTACCC,ATP5F1,692,107,166
ATP5G1_ACAGATCCGCTGTTGTACCA,ATP5G1,905,376,312
ATP5G2_GGCTCAGCGCATGCGTGACC,ATP5G2,189,88,184
ATP5G2_GCTCAGCGCATGCGTGACCC,ATP5G2,199,26,3
ATP5G3_GAGACCCATAGCTTCAGACA,ATP5G3,1199,189,225
ATP5G3_AGGTGCTGCAACAGTAGGAG,ATP5G3,517,261,405
ATP5G3_CGACCAGAGGCTAGTAGGAC,ATP5G3,4290,707,1038
ATP5G3_ATCAGTGTTATCTCGACCAG,ATP5G3,553,267,89
ATP5G3_GCCTGGGCTACGCACCAGAG,ATP5G3,508,190,106
ATP5G3_CTGGGCTACGCACCAGAGAG,ATP5G3,660,141,347
ATP5H_CTCTCAGAAACATACTGACC,ATP5H,1706,761,946
ATP5I_ATTGCCAGAGAATTGGCAGA,ATP5I,35,0,0
ATP5I_CGGTCACTCACTGTAGCGCG,ATP5I,217,112,382
ATP5I_CGTAGGCCACACCGAGGAAC,ATP5I,3433,492,428
ATP5J2_TCCTGACTTCAGAGCACGAG,ATP5J2,1017,246,382
ATP5L_CTCACCGTTCACCAGCGCCG,ATP5L,1530,493,232
ATP5L_GCTCACCGTTCACCAGCGCC,ATP5L,29,41,29
ATP5S_TATCTGGAGTCACATGACCA,ATP5S,167,55,106
ATP5S_TGCGCTACCATGGCCAGGAG,ATP5S,2230,834,731
ATP5S_GACTACAACCACCTTCCAAC,ATP5S,433,387,158
ATP5S_CCAGAGGGCCTGTTGGAAGG,ATP5S,2785,319,201
ATP5S_AATCGCCTTATACGGCCAAA,ATP5S,449,312,508
ATP5SL_CCGAGATGTCCAGCCTGCGG,ATP5SL,945,795,259
ATP5SL_AGTCGGCCAGTGGGTAGAGG,ATP5SL,988,7,94
ATP5SL_TGACATCAACTACGAGGGCC,ATP5SL,462,227,290
ATP5SL_ACCTGGCTGGAGAAGCAACA,ATP5SL,946,282,407
ATP5SL_CCTGATACGCCCATTCCACA,ATP5SL,1006,314,321
ATP5SL_ACTCCGGTCACTTACCGCCC,ATP5SL,504,128,45
ATP6AP1_TATGATGGCGGCCATGGCGA,ATP6AP1,517,50,159
ATP6AP1_ACCTTGTCCCAACTGTAGGG,ATP6AP1,328,83,226
ATP6AP1_CGGTGTGTTTGGAAACAAGC,ATP6AP1,546,338,270
ATP6AP1_AGGCGAATGAGCAGCAGAGC,ATP6AP1,416,231,380
ATP6AP1_AGGGAAGTCCTCACAGGCAA,ATP6AP1,892,91,146
ATP6AP1_TGCTGGAAGGGCACATACCC,ATP6AP1,1051,820,605
ATP6AP1L_GGCTTGGTCTCAACTCCAAA,ATP6AP1L,473,323,418
ATP6AP1L_GCAGCGGTAGGAGTAACCAG,ATP6AP1L,1228,88,234
ATP6AP1L_CTCCTACCGCTGCCAACGCG,ATP6AP1L,504,531,646
ATP6AP1L_CCGTGTCGCTGGGCAGCAAG,ATP6AP1L,2712,869,1640
ATP6AP1L_TTCAGCTGCGAGAAGTGGGC,ATP6AP1L,430,255,176
ATP6AP1L_TCGAGACACAGCCGAAGAGA,ATP6AP1L,383,306,312
ATP6AP2_AGGAGAGCGGATCCCAGACG,ATP6AP2,1319,11,12
ATP6AP2_GCGATTACGGAGCTGGCGCA,ATP6AP2,1044,367,71
ATP6AP2_GAAACAGGCGATTACGGAGC,ATP6AP2,446,11,79
ATP6AP2_CCTTGTTGACGCTCTGCAAA,ATP6AP2,1137,595,432
ATP6V0A1_CCGGAGTGAAGAAATGACAC,ATP6V0A1,1577,279,318
ATP6V0A1_CTAAGTCAATCATGTCCCGG,ATP6V0A1,632,146,359
ATP6V0A1_ATGCTTTGGCGGGTATGCCG,ATP6V0A1,500,142,97
ATP6V0A1_CTCCTGTGGTGTCTCAGGAC,ATP6V0A1,2161,406,710
ATP6V0A1_GAGTCACATCTATGTTGCAC,ATP6V0A1,637,23,7
ATP6V0A1_TCCACCAAACACTCCAGGGA,ATP6V0A1,1590,349,320
ATP6V0A2_ACATGGTCTCGCTCCGGAAC,ATP6V0A2,600,244,437
ATP6V0A2_CATCGTGTCCTATGCAGAAC,ATP6V0A2,1873,963,710
ATP6V0A2_ATCTTCTTATGCTCTGCGGG,ATP6V0A2,2,91,78
ATP6V0A2_CATGAAGAGAAGTTCCGGGA,ATP6V0A2,1163,331,362
ATP6V0A2_AGAAGAGGGAAATCACCAGG,ATP6V0A2,695,139,206
ATP6V0A2_GAGGCTCTGGGCGCTTAGCC,ATP6V0A2,162,154,315
ATP6V0A4_CAGATAGCGCCCGTGGAAGA,ATP6V0A4,1919,476,656
ATP6V0A4_CTCCAAACATCACAGCGAAC,ATP6V0A4,3821,943,1524
ATP6V0A4_TGGTCCTGTTAAATGTGGGA,ATP6V0A4,512,190,112
ATP6V0A4_CAGATGCCACACGTATCAAG,ATP6V0A4,1236,133,88
ATP6V0A4_CCTCTCCCTGTTGATCACAC,ATP6V0A4,745,141,199
ATP6V0A4_CCCACGGGAAATGATTACCC,ATP6V0A4,357,108,149
ATP6V0B_GGATTTCCAGCTGCTTGAGG,ATP6V0B,653,46,228
ATP6V0B_GAAGGGCCACCTCCCTGAAG,ATP6V0B,442,0,27
ATP6V0B_GCTTCCGCTTTGATGTGGCA,ATP6V0B,310,60,190
ATP6V0B_TCCACCAATGATGGAGGAGC,ATP6V0B,415,49,85
ATP6V0B_ATGGTAGTTCCGATGGCCGA,ATP6V0B,200,70,30
ATP6V0B_CCACGCAGACTCCACAGAAG,ATP6V0B,2757,94,134
ATP6V0C_GACATGTCCGAGTCCAAGAG,ATP6V0C,468,13,47
ATP6V0C_GCGCTCACCGCTGAAGACCA,ATP6V0C,1300,129,1
ATP6V0D1_AGTTCTGCACCCTACTGGGC,ATP6V0D1,759,51,61
ATP6V0D1_CGAGCTCAGCGATGGAGCGC,ATP6V0D1,832,22,15
ATP6V0D1_GCATACCTTGATGGAGGCCA,ATP6V0D1,208,0,129
ATP6V0D1_AAGTCTAGGAAGCTGGCGAG,ATP6V0D1,224,108,46
ATP6V0D1_AGGAATGGATGGTGCCACAA,ATP6V0D1,1248,375,565
ATP6V0D1_CCAGGCCGACTACCTCAACC,ATP6V0D1,2404,166,260
ATP6V0D2_CAGCTCCGCACCTTCGAGCA,ATP6V0D2,2152,466,477
ATP6V0D2_TGGCCTTGCATCCTCGAACC,ATP6V0D2,1202,431,496
ATP6V0D2_TTTCTGTGAAACGGCCCAAG,ATP6V0D2,76,51,30
ATP6V0D2_ATTTCTGTGAAACGGCCCAA,ATP6V0D2,479,32,68
ATP6V0D2_GACATGCAGTCTTGGAAGAA,ATP6V0D2,1286,475,307
ATP6V0D2_CTCAGGATAGAGTTTGCCGA,ATP6V0D2,3634,1770,1103
ATP6V0E1_AGTGAGGCCGTGATACGCCA,ATP6V0E1,178,47,217
ATP6V0E1_TCCCTAAGGGTCCTAACCGG,ATP6V0E1,819,479,318
ATP6V0E2_CTTCGGCACGAACCAGGGCC,ATP6V0E2,1226,462,319
ATP6V0E2_GGGTCCCTTCGGCACGAACC,ATP6V0E2,295,59,152
ATP6V0E2_CAAGAGGTAACAGCAGACGG,ATP6V0E2,2334,403,541
ATP6V0E2_GGGAGAGTAGTACTTACAAG,ATP6V0E2,823,66,18
ATP6V0E2_CAGGAAGCGCACGTACCAGA,ATP6V0E2,1483,163,157
ATP6V0E2_TGGGAAGACTTCCAGGAACC,ATP6V0E2,915,290,310
ATP6V1A_TATTCGATTGGAGGGTGACA,ATP6V1A,123,0,9
ATP6V1A_CAGGACCAAGCTCTACAGAG,ATP6V1A,2474,0,40
ATP6V1A_ACTCTCTGGCCAGTCAACAG,ATP6V1A,1344,45,33
ATP6V1A_TTGTTTAGGTGTGTCCAGGG,ATP6V1A,533,67,30
ATP6V1A_GAGGCTTCTCTAGCAGCAAC,ATP6V1A,160,33,50
ATP6V1A_AGACGGGCACCAAGATAGGC,ATP6V1A,1919,38,14
ATP6V1B1_CTAGGTTGCAGCTACTGCCG,ATP6V1B1,971,177,362
ATP6V1B1_TGACCCGGTCCAGCACCACC,ATP6V1B1,674,369,231
ATP6V1B1_TCTCCGCATACTGGGCAAAC,ATP6V1B1,2981,838,978
ATP6V1B1_GACCACTTGCGAATTTACAG,ATP6V1B1,1653,316,411
ATP6V1B1_AAGTCCTCCGCCATGACCAC,ATP6V1B1,244,180,171
ATP6V1B1_GAGCCCGGCTGCTGAGAAGA,ATP6V1B1,1052,549,387
ATP6V1B2_GATACTCACTGAGGCGAGGC,ATP6V1B2,3,0,33
ATP6V1B2_TGCCATCCGGTAAGGTCAAA,ATP6V1B2,962,471,383
ATP6V1B2_AAGTCTTCGGCCAGTACAAC,ATP6V1B2,1370,71,67
ATP6V1B2_GCGAATTATCACTCCTCGCC,ATP6V1B2,140,66,73
ATP6V1B2_AACGCGCTGGGCGAGTGGAA,ATP6V1B2,796,825,144
ATP6V1B2_CTTGACTGGCTACATTACAG,ATP6V1B2,1046,43,133
ATP6V1C1_AACAAGGTTCCAGTGGGACA,ATP6V1C1,1501,152,151
ATP6V1C1_GATATTTGGCCATGTCCCAC,ATP6V1C1,308,0,0
ATP6V1C1_TATAGGGACCACTTGTACGG,ATP6V1C1,780,38,19
ATP6V1C1_ACTTTCAGCCACCGTACAAG,ATP6V1C1,1361,86,155
ATP6V1C2_AAGTCATGGAGGACTCAAAG,ATP6V1C2,527,332,280
ATP6V1C2_TGTGGTGGACACAATAGCCA,ATP6V1C2,1425,348,327
ATP6V1C2_GCAACTGGCGCAGATCGAGA,ATP6V1C2,486,37,58
ATP6V1C2_CACTCAGTGTCCGGGTGAAG,ATP6V1C2,1779,667,879
ATP6V1C2_CTACGAATCTCTCTCAGACA,ATP6V1C2,3729,398,442
ATP6V1C2_CTCATTACTGAGGACAAGGA,ATP6V1C2,509,205,305
ATP6V1D_GAACTGACTGGTTTAGCCAG,ATP6V1D,88,0,51
ATP6V1D_CGTTTAAAGGGAGCACAGAC,ATP6V1D,1331,17,104
ATP6V1E1_CTCCTTACATGTCTTCAGGC,ATP6V1E1,1154,89,106
ATP6V1E2_TTTGTACAGCAGCCTCCACC,ATP6V1E2,327,71,153
ATP6V1E2_CCACCATGAGGAATCAGGCG,ATP6V1E2,629,111,91
ATP6V1E2_TCAGTCGTTGGGTTTGCACG,ATP6V1E2,1609,480,567
ATP6V1E2_CATGATGGCTTTCATTGAGC,ATP6V1E2,1293,94,245
ATP6V1F_CGGAAGGCTTCCAAGTGAAC,ATP6V1F,2198,1035,997
ATP6V1F_CTTCTACAACACTGCCCGGA,ATP6V1F,559,55,346
ATP6V1F_CCACAGGCAATTTCTAAACC,ATP6V1F,1744,698,557
ATP6V1G1_TCTCAGAATCGCTGCCGCCA,ATP6V1G1,1019,156,115
ATP6V1G1_CAAGGCCAAGGAAGCTGCGG,ATP6V1G1,236,171,31
ATP6V1G1_CTCCAGGCATTGGGATCCCG,ATP6V1G1,2847,205,298
ATP6V1G2_CGCAGACCATGCCAAGAAGC,ATP6V1G2,2437,848,889
ATP6V1G2_GGAGCAGGCTACAAGGCGCC,ATP6V1G2,298,169,69
ATP6V1G2_CTTTGCCTGCTTCAGTCGCC,ATP6V1G2,455,144,310
ATP6V1G2_GAAGGCCCGGCGACTGAAGC,ATP6V1G2,140,68,87
ATP6V1G2_CTTTCTTCTGCCTCCAGGGA,ATP6V1G2,426,148,154
ATP6V1G2_GAAATGGCCAGTCAGTCCCA,ATP6V1G2,414,29,76
ATP6V1G3_CACAGACCATGCTCAAGAGC,ATP6V1G3,823,387,225
ATP6V1G3_GATGAACCAGCTCTTGAGCA,ATP6V1G3,681,71,263
ATP6V1G3_AAAGCGATTGAAGCAAGCCA,ATP6V1G3,742,330,111
ATP6V1H_CATGCATCATGAAGACCAGC,ATP6V1H,380,42,15
ATP6V1H_GGCATTATCCACGAGGCAAA,ATP6V1H,765,95,122
ATP6V1H_GAATGATATTATAGCGCCGC,ATP6V1H,67,5,19
ATP6V1H_CAAAGCGGTACTCATTGACC,ATP6V1H,7,0,0
ATP6V1H_AGTATGTGCAGTGCGTGGCC,ATP6V1H,75,0,35
ATP6V1H_TCTGCCAATGTTGAATCGCC,ATP6V1H,547,0,49
ATP7A_CTGCTCAATGGTCCAAACAC,ATP7A,1631,1072,922
ATP7A_GATCATAGTATGGCTCAAGC,ATP7A,501,86,122
ATP7A_GCAATAGAGGCTGTATCACC,ATP7A,328,498,210
ATP7A_GATGACACCAGTTCAAGACA,ATP7A,300,183,172
ATP7A_TTTGTTGGTTGCCAGGGCCA,ATP7A,516,50,31
ATP7A_TGTTTATTGCACTAGGCCGA,ATP7A,411,24,113
ATP7B_TCATCACTTGGACCACAAGA,ATP7B,597,348,349
ATP7B_CCCGGAAATTATCGGTCCAC,ATP7B,933,267,806
ATP7B_AGAGATCAAGTATGACCCAG,ATP7B,49,142,68
ATP7B_TCCATGGTGCAAACTACAGA,ATP7B,1033,211,137
ATP7B_GCTATCGAGGCACTTCCACC,ATP7B,791,80,199
ATP7B_GACAGATCACAGCCAGAGAA,ATP7B,346,383,235
ATP8A1_CAGAGCGGTACAAGTTCACG,ATP8A1,165,38,59
ATP8A1_CATCTACATCTGTGCAGAAC,ATP8A1,1341,597,763
ATP8A1_ACAGCAGTGCCAGAGCGAGA,ATP8A1,323,203,172
ATP8A1_CTGTCCTAGCACCGTTCCAC,ATP8A1,1601,494,107
ATP8A1_ATACCTGATGTGTCACCAAC,ATP8A1,971,302,198
ATP8A1_GCGCGAGCGGATCTCCGACA,ATP8A1,1414,342,833
ATP8A2_CCAGCTCACCCACGGACGAG,ATP8A2,2804,680,1007
ATP8A2_TTGAGGTAAATGGTGCGGGC,ATP8A2,276,271,142
ATP8A2_AATGATCAATGGCACCAGGG,ATP8A2,116,193,44
ATP8A2_TCTGTAACAGAAGCGACACA,ATP8A2,832,209,218
ATP8A2_GGTCAGGCCCAAGGGCAACA,ATP8A2,619,316,295
ATP8A2_ATGGCCTTGGTGAGCTCGGC,ATP8A2,18,101,36
ATP8B1_AATCTTCTGTCTTCCTAGCG,ATP8B1,1224,477,526
ATP8B1_ATGAGGAATCCACGGTAGGA,ATP8B1,696,371,191
ATP8B1_AGGAACACCGATTTCTGCCA,ATP8B1,275,27,73
ATP8B1_TGACGCCCAGCACCACAAGC,ATP8B1,2337,640,1054
ATP8B1_CCTGTAAGATAAGAAGAGCC,ATP8B1,653,113,128
ATP8B1_AACCGGGAGCCATTCAGAAA,ATP8B1,2561,1230,910
ATP8B2_TTCTTTCGGCTCCAAGAGGG,ATP8B2,505,192,273
ATP8B2_GCTCAAAGAGGTTGACAGGC,ATP8B2,395,311,335
ATP8B2_CAATGGTGGTGAACCAGGAC,ATP8B2,571,164,262
ATP8B2_GAGACTGGCGGTTATTCACC,ATP8B2,64,15,13
ATP8B2_TGTCCCTTACCGCCACAAAC,ATP8B2,1474,633,930
ATP8B2_TGAACCTCCCAACAACAAAC,ATP8B2,1458,735,543
ATP8B3_GGATGTGGTCTGTCTCCGCA,ATP8B3,308,212,157
ATP8B3_CCGACATCTCCACGCTGCCC,ATP8B3,597,0,6
ATP8B3_CCAGACCAATGTCATCCGCA,ATP8B3,1500,242,413
ATP8B3_CTCTCGCTGCAGCATTCACC,ATP8B3,146,235,177
ATP8B3_GGAGATCTTCTCTCTGGCCG,ATP8B3,486,321,878
ATP8B3_GGTGAGACGGTGATCAGAGC,ATP8B3,0,267,189
ATP8B4_ATGTCAGAAGAGAATAGCGC,ATP8B4,1017,184,403
ATP8B4_AGGTGAAGTACATGATGACC,ATP8B4,358,128,278
ATP8B4_GACCACGCTCAATGAGGAAC,ATP8B4,532,124,186
ATP8B4_TCAATCTGGGAGAGTCAAAC,ATP8B4,1588,437,786
ATP8B4_CTATCAAGTAGTGAGCCACA,ATP8B4,752,232,419
ATP8B4_CAGCTGTCATAGTTATCACC,ATP8B4,617,94,208
ATP9A_TCAGGCTCTCGCTGATCGGG,ATP9A,506,98,81
ATP9A_CTGGAAGCTGCGGCTTCCCG,ATP9A,98,86,111
ATP9A_TCATGTCGGCAGGGACCCGC,ATP9A,923,123,361
ATP9A_CGTCACTGTCATCCGTGAGG,ATP9A,2318,335,558
ATP9A_TGAACTGGTTGAACAGCACC,ATP9A,176,104,125
ATP9A_ATCCGCTTCTTCTGGCGCAC,ATP9A,536,215,180
ATP9B_CGCAGCCAACCGCAAACGCG,ATP9B,670,258,260
ATP9B_GCGCAGACTCATCCTCCAGC,ATP9B,1426,93,599
ATP9B_TGCTGGTACAAACTGTGAGC,ATP9B,316,139,227
ATP9B_CTTGGCTGTTACTATGACAC,ATP9B,1250,202,532
ATP9B_CTAAGAAACACCATGTCCGA,ATP9B,1610,407,132
ATP9B_TGAGACTTTCATGAATGGGC,ATP9B,457,65,83
ATPAF1_TTCCACCTTGCAGACCCGAG,ATPAF1,1717,405,277
ATPAF1_TGTTCCACCTTGCAGACCCG,ATPAF1,2016,571,942
ATPAF1_TTCTATGTGCTCTGCCAAGA,ATPAF1,385,366,307
ATPAF1_CTGTTGGACAGGACTGAGCC,ATPAF1,800,563,305
ATPAF1_TCGCGGTAGCGGTCGTAGAA,ATPAF1,1075,256,384
ATPAF1_CGCGGTAGCGGTCGTAGAAA,ATPAF1,788,255,143
ATPAF2_GCTGCTGTCACGCCTGGAGG,ATPAF2,445,213,187
ATPAF2_ACCTGGCATCTTACAACACA,ATPAF2,1434,595,270
ATPAF2_AGTGGGATCCAATCATCGAA,ATPAF2,385,144,106
ATPAF2_CAACCCAACCCAGAGAAACA,ATPAF2,2769,364,406
ATPAF2_TACTGAGTGGGATTCCCAGC,ATPAF2,380,24,40
ATPAF2_CCGTCTCCTGAATCGGCCGG,ATPAF2,638,149,314
ATPIF1_TGCAGTCCGAGAATGTCGAC,ATPIF1,1383,132,57
ATPIF1_GCAGTCCGAGAATGTCGACC,ATPIF1,542,119,36
ATPIF1_GGCCTTCGGAAAGAGAGAGC,ATPIF1,33,30,45
ATR_CTCCTCCACAATTGGTGACC,ATR,1110,399,175
ATR_GCTGACTCTTACCTGACAGA,ATR,220,0,1
ATR_GGAGAACAGCAGTTTACAAC,ATR,373,142,281
ATR_ATCTGTTCAGAAACTGGACC,ATR,744,126,92
ATR_TCATGCTGTGGAATGGCCAG,ATR,1077,16,0
ATR_GAAATCAAGCAACATCACGG,ATR,943,0,80
ATRAID_CCAGGGTCGTAAGACTACCC,ATRAID,1047,492,265
ATRAID_CGTTGCTGCCTGAATCAGAA,ATRAID,2445,1927,2032
ATRAID_CCTTCTGATTCAGGCAGCAA,ATRAID,2496,569,500
ATRAID_CCTGATGAAAGTTTGGACCA,ATRAID,1528,447,691
ATRAID_TGGCCAAGTCACCTTTGAGG,ATRAID,1719,680,897
ATRAID_TGGATACAAGTGTATGCGCC,ATRAID,724,225,311
ATRIP_GGTGAGCGGAAAGCATGGCG,ATRIP,329,18,13
ATRIP_GCGAGACTCACTACATCAGA,ATRIP,550,67,268
ATRIP_TTACCTGACATGGGAAACAG,ATRIP,1159,90,106
ATRIP_TATCCTGACTCCGTCTGGCA,ATRIP,220,75,92
ATRIP_TACTACTCAGGAGGTGGCAA,ATRIP,367,67,186
ATRIP_CTGCTCCGCTGTGGCACACC,ATRIP,2150,50,160
ATRN_ACTGGGACTGGGACGTGACC,ATRN,402,31,69
ATRN_ACCCTGCCAGTCTGAGAAGC,ATRN,1193,275,256
ATRN_GAAGCCACTCCCTAGAAGCA,ATRN,632,146,103
ATRN_CAGGGTGCCCTTGTGCAAGG,ATRN,810,183,185
ATRN_TTCTCCTAGCCTGTGACCGC,ATRN,1620,192,108
ATRN_ATACCAGGATGTCGCTGAGG,ATRN,705,43,34
ATRNL1_GGCTGCTGGACGGGAACAGC,ATRNL1,1328,141,26
ATRNL1_TGTGAAGCCCGACCTACAGA,ATRNL1,906,21,59
ATRNL1_GAGTGTCCATATCTCTGGAG,ATRNL1,238,133,64
ATRNL1_GAGGGTATAAAGCATTGCCA,ATRNL1,206,0,72
ATRNL1_ATCTTGCGCAAGCCTACCCA,ATRNL1,874,72,150
ATRNL1_CAACTGTACAAGCAATGGCA,ATRNL1,1296,158,243
ATRX_TCAGTGTGCAGATTCTACCA,ATRX,1336,0,0
ATRX_GCAAGAATGCATCCTGAACC,ATRX,1506,0,46
ATRX_GATTCCAAGTCTCCTGGAAA,ATRX,154,155,273
ATRX_GCAGTGACCAAGTCCAACAA,ATRX,2886,213,94
ATRX_CTGCACTGCTTGTGGACAAC,ATRX,4837,617,573
ATRX_ACTATGCAGAGCTTGCCAAA,ATRX,1086,600,460
ATXN1_ACCTCCTGAGGAATTAGAGA,ATXN1,764,116,111
ATXN1_CCGCGGCAACGAGGAAGAGG,ATXN1,906,222,167
ATXN1_GCTGGTTCTCTCCGGACAGC,ATXN1,420,169,260
ATXN1_GGGCAGTCTGAGCCAGACGC,ATXN1,215,179,173
ATXN1_ATTGGGTCCTCCCAATACAG,ATXN1,215,81,109
ATXN1_GGTGGAGCTTGGTTTACAAC,ATXN1,145,130,77
ATXN10_TCCAGGTCTTGGATGGGCGC,ATXN10,659,86,88
ATXN10_TCTGTTTCGTGAACTGCGAG,ATXN10,1262,91,138
ATXN10_CATGCACCCAAACAATAGAC,ATXN10,769,284,178
ATXN10_AGTCTTGCACTGATCCACAA,ATXN10,1432,156,63
ATXN10_TGCAGTTGTCCAGGATCAAC,ATXN10,1643,44,25
ATXN10_ATCACCCACTGGGTCAGAAC,ATXN10,1242,93,280
ATXN1L_TAATAAATGGGCATCCGACC,ATXN1L,126,124,141
ATXN1L_CGCAGTGCCGAAGTGAGCGG,ATXN1L,694,223,11
ATXN1L_CCCTTCTTTGTATATGGCCA,ATXN1L,495,390,203
ATXN1L_GGTTGGTCCTCTTGCAGCCC,ATXN1L,584,211,241
ATXN1L_AGAGTTGTGTCGTCCGCCCA,ATXN1L,616,150,136
ATXN1L_GCACCGGACTCAGGCTGGGA,ATXN1L,271,215,98
ATXN2_CTATGACTTACTTGCACGCC,ATXN2,1745,629,399
ATXN2_TTAGTAACACGGAGCACAAG,ATXN2,908,183,242
ATXN2_CAGCTACTCCTCCAGTAGCA,ATXN2,2014,898,569
ATXN2_CCTAAACGCATGTCTTCAGA,ATXN2,348,42,41
ATXN2_TCACCGCGTATGGGCCAGCC,ATXN2,1326,241,483
ATXN2_CATACACCGGCTCGCACGCC,ATXN2,201,68,83
ATXN2L_CTCTCCTGGTGTTGCTGCGG,ATXN2L,638,237,231
ATXN2L_TAGCCGTGGATGCTGTGCAC,ATXN2L,1393,2,37
ATXN2L_CACTTTCGAGTTCATGGCAA,ATXN2L,1528,616,485
ATXN2L_CAGTCACCTGGATGCCAAGC,ATXN2L,1049,356,303
ATXN2L_TTTGAACTCTTTCCTCAGGG,ATXN2L,828,199,91
ATXN2L_ATCCGGCCCACTGGAAGAAA,ATXN2L,942,282,322
ATXN3_GAACATGATGAATGGTGAGC,ATXN3,509,173,39
ATXN3_CTGGTGGCTGGCCTTTCACA,ATXN3,1360,55,290
ATXN3_TGAGGAAGCAGATCTCCGCA,ATXN3,555,101,232
ATXN3_ATGAGGAAGCAGATCTCCGC,ATXN3,809,196,29
ATXN3_ATCAGCTGGATGAGGAGGAG,ATXN3,765,418,287
ATXN3L_TGTAGGTATGAACTGTGGCC,ATXN3L,516,160,203
ATXN3L_TTCTTCGGCTGTTCTGAAGC,ATXN3L,682,302,567
ATXN7_AAGAATGTCGGAGCGGGCCG,ATXN7,1038,749,757
ATXN7_TAATCAGGTTGTCAAACCGC,ATXN7,607,289,264
ATXN7_CTTTCAGCTCCTGCGCAGAA,ATXN7,1282,559,419
ATXN7_GCCATACTCACATTCTACCA,ATXN7,1337,298,564
ATXN7_CTACCTTGCATGTCAAAGAC,ATXN7,1309,707,1023
ATXN7_CTCCTGTGACGTTCTAGGAG,ATXN7,2448,1058,1346
ATXN7L1_TTGCTTTGTGTTCTGCCAGG,ATXN7L1,152,151,101
ATXN7L1_AAGATCTTCTCTGGTGAAGG,ATXN7L1,662,66,294
ATXN7L1_CACACAGTCTTTCCTGCGAA,ATXN7L1,876,682,634
ATXN7L1_AATGAAGGCATCTCCAGGAG,ATXN7L1,814,245,87
ATXN7L1_TCCACTTACCGCAGTGCGAC,ATXN7L1,163,461,443
ATXN7L1_AGGCGTTTCTGGGCAAACCC,ATXN7L1,1203,495,286
ATXN7L2_AATGGCCGCTCTGGAGCGGC,ATXN7L2,178,7,0
ATXN7L2_TTCTTAGAGGGCCTTTGGGC,ATXN7L2,275,159,96
ATXN7L2_GCCATGACCCTCATTAAAGA,ATXN7L2,1594,453,611
ATXN7L2_GGCAGGGCAGTGCCCGAAGA,ATXN7L2,98,102,34
ATXN7L2_TACATGGCATTTCTGAGAGC,ATXN7L2,1196,102,163
ATXN7L2_ACTCACGAGCCATCTTCCGG,ATXN7L2,479,402,219
ATXN7L3_CTTGTTGGAACCTAGGCCGG,ATXN7L3,1056,91,243
ATXN7L3_CTGTAGGGCCACTTACGCCG,ATXN7L3,2648,1284,916
ATXN7L3_TGGGATCAGCTATGAGACCC,ATXN7L3,568,38,177
ATXN7L3_TCCTATGGCTCGGAGAAGAA,ATXN7L3,482,90,134
ATXN7L3_GCAGCCGAATCGCCAACCGC,ATXN7L3,1116,187,109
ATXN7L3_CTACTTCTTCTTGGACGACA,ATXN7L3,1662,156,268
ATXN7L3B_TACGTAAATCTCCTGAGCGA,ATXN7L3B,527,372,148
ATXN7L3B_TACCTGGAGTTCGCAGAGAC,ATXN7L3B,592,312,460
ATXN7L3B_CACGCTCCTTTGTCTTCCAC,ATXN7L3B,1629,158,517
ATXN7L3B_TGCTCCCTTCCCGGAGAACC,ATXN7L3B,1489,263,361
AUH_GGGACCTGTTGCAATGAGAG,AUH,865,180,156
AUH_AGGGACATTCCAATGGCGCG,AUH,441,266,210
AUH_GAACTACTCATACCTCCACC,AUH,138,118,127
AUH_TTTAGGTGGTGGTCTTGAAC,AUH,1029,425,366
AUH_ACGCACTGCAAGCGGCCACC,AUH,138,164,130
AUNIP_GCCTGATTTGCTCTTTACCC,AUNIP,948,111,257
AUNIP_TGAAGATTCTCAAGGCCAGC,AUNIP,217,157,192
AUNIP_AGTGGTTGAAGTGGCTAAAG,AUNIP,473,278,127
AUNIP_ATGCAATCGTGTGCTAAGCC,AUNIP,896,510,483
AUNIP_TCAGCGGCCATGAGGCGGAC,AUNIP,529,126,84
AUP1_TGCACTCCGTGTACAACAGG,AUP1,1152,237,326
AUP1_CACACTCACCACAGAGACCA,AUP1,1451,337,308
AUP1_AGAGGCCACCAATGGCCGGG,AUP1,172,56,31
AUP1_CTCACTCACGGTGCTACAGG,AUP1,2319,329,322
AUP1_ACGAGGAGGCAGAACCCGAC,AUP1,241,92,55
AUP1_AGCGGCTCTTTGACTCGCAC,AUP1,160,114,163
AURKA_CGGGTAAGACGCAACTGAAA,AURKA,1318,637,559
AURKA_GCTAGTTTACCAGGTGCCGA,AURKA,108,0,0
AURKA_TTTACCAGGTGCCGATGGCA,AURKA,143,15,82
AURKAIP1_GGCGCATCTGGCTGAAGGCG,AURKAIP1,1653,139,122
AURKAIP1_GAGGCGCATCTGGCTGAAGG,AURKAIP1,710,136,81
AURKAIP1_GGGACGCCTGAGACGCAAGC,AURKAIP1,15,37,58
AURKAIP1_AAGGAACGGCCCTCAACAGC,AURKAIP1,630,116,88
AURKB_TGTGATGCACTCTCAAAGGG,AURKB,1296,30,184
AURKB_AGGCCACCATACCTCAGGGA,AURKB,894,6,0
AURKB_TGACGAGCAGCGAACAGCCA,AURKB,2032,0,58
AURKB_GCATCAACCCATACTGCAGG,AURKB,485,11,14
AURKB_TGCGCCAGTTACCTGTGGGC,AURKB,446,0,30
AURKB_CTGGCCCTACGGCCGACAGA,AURKB,315,165,120
AURKC_GGCTTTCCTTGAGCCGAGCC,AURKC,176,92,88
AURKC_ACTGGAGCACCAGCTGCGCC,AURKC,3,144,33
AURKC_GGAAATAGTTATACAGGCGC,AURKC,523,153,256
AURKC_ACCTGACCTACCTCAGGGAG,AURKC,512,0,0
AURKC_CTGTGGGAGGCGCTCTCAAA,AURKC,1332,675,765
AURKC_GGTTCAGGCCCACTCCCGAA,AURKC,1160,121,66
AUTS2_TCTCTCCGCTTCCTCCGCGG,AUTS2,1704,283,74
AUTS2_AATGCCGAAGGCACTCAGAC,AUTS2,420,127,101
AUTS2_GAAGCCCTTGGATTCTCCAC,AUTS2,161,59,45
AUTS2_GAAGTAGCCTGTTCCCAAGC,AUTS2,809,212,383
AUTS2_ACCAAGTCAGGGTCCGGAGA,AUTS2,1515,166,374
AUTS2_CCTGAGTAAGTGCTCCCGGC,AUTS2,1443,246,223
AVEN_AAATGTTACCGAGGAAGAGC,AVEN,36,67,48
AVEN_GGCAAAGACAACCCAAGCCC,AVEN,29,118,0
AVEN_ACTCAACGTTGCTGCCGAAC,AVEN,301,209,44
AVEN_ACGTTGAGTCGGAGGCAGAG,AVEN,1032,210,210
AVEN_GCGGAGATCGCCACAGCGAG,AVEN,1351,299,156
AVEN_TGTGGCGATCTCCGCCAGGC,AVEN,13,50,47
AVIL_ATCGACAGGTGGAAATGAGC,AVIL,485,252,160
AVIL_CGCCTCTGGGATGAAGCACG,AVIL,2047,221,260
AVIL_TTTCCGTGGCTACTTCAAGC,AVIL,928,219,252
AVIL_GGAGGAGGGTGCTCACCGAG,AVIL,285,135,135
AVIL_GGCAGCTTCCATCAGAGAAA,AVIL,676,137,148
AVIL_AGGGCTGTGGACAACGACCC,AVIL,287,8,41
AVL9_GGTCGGATTTCACCACAAGA,AVL9,639,291,314
AVL9_GCCACACTTTACCTGAAGAA,AVL9,559,668,655
AVL9_TTGCCACCCAGAAATGGAAA,AVL9,1277,273,394
AVL9_TTCTAATGAAGCACCTCCCA,AVL9,747,96,246
AVL9_TCCAAACCCGAAATGAGCCC,AVL9,800,43,74
AVL9_TCTTCCTAGATGGCACGGGC,AVL9,466,173,183
AVP_GCAACGCCACGCAGCTGGAC,AVP,800,127,415
AVP_TTCGGCGTTTGCTGCAACGA,AVP,1352,1001,734
AVP_CAAGAGGGCCATGTCCGACC,AVP,2345,115,286
AVP_TACTTCCAGAACTGCCCGAG,AVP,934,29,168
AVPI1_CTGACTTCCTCCAGTTCCGG,AVPI1,3320,399,409
AVPI1_AGTGGTGTAGCGAGTGGCCC,AVPI1,494,74,75
AVPI1_TGGTGTAGCGAGTGGCCCAG,AVPI1,482,165,270
AVPI1_TCAAGAGGCTGCGCAGGAAG,AVPI1,869,427,496
AVPI1_GGCTCACTGACCACCGAGGC,AVPI1,642,228,1303
AVPR1A_TGCAAGGCTCAAGTTGAAAC,AVPR1A,1430,906,973
AVPR1A_CCGCGATCATGAGGCGCGAG,AVPR1A,672,645,364
AVPR1A_CGCTGGCAACACAAGCCGGG,AVPR1A,1035,89,153
AVPR1A_CGGCGCTGGCAACACAAGCC,AVPR1A,1806,294,293
AVPR1A_CATGGGCTGGAGTTGCCCGA,AVPR1A,1411,269,198
AVPR1B_GGGCTAAGTGCAGCACGAAC,AVPR1B,870,370,407
AVPR1B_ACTTGACGGCCCTGCACAGG,AVPR1B,301,77,47
AVPR1B_CGGCAGAACGAAGATAGCCA,AVPR1B,1608,238,253
AVPR1B_TTGATGCTGCTGACCCGAGA,AVPR1B,1316,207,196
AVPR1B_ACAGCAGGCAAGGTGACGCA,AVPR1B,1331,631,398
AVPR1B_CACAGCAGGCAAGGTGACGC,AVPR1B,1903,643,1115
AVPR2_CCAGGTCGGCCAGGCACAAG,AVPR2,1971,1593,1154
AVPR2_ATACTTCACGGCCCGACACA,AVPR2,2465,138,258
AVPR2_GCCCAGCGCAACGTGGAAGG,AVPR2,1208,303,143
AVPR2_TGGCCACAGCTGCTGACACG,AVPR2,995,187,147
AVPR2_AAGCTTGCTCTGCTGTGCCC,AVPR2,626,38,60
AWAT1_CTTGGGTCAATACTCACAGA,AWAT1,339,250,130
AWAT1_TTGCCTGGTTGTTCCTGGAC,AWAT1,2947,489,533
AWAT1_GACACACCAGTTCCTTACCC,AWAT1,525,1,12
AWAT1_TGAGGTACTCCCTAACAAAG,AWAT1,1106,627,761
AWAT1_CCACGAGGTTGCCAGTGCCA,AWAT1,2325,287,268
AWAT1_AGCTTCTGTCAAGGCTCCAC,AWAT1,262,206,253
AWAT2_CCACGTCCATAGAAAGCACA,AWAT2,368,536,251
AWAT2_CATTGTGGTGATTGGTGGAC,AWAT2,1720,138,119
AWAT2_GACGAGGATGTAGTTGCGGC,AWAT2,927,67,89
AWAT2_GCCTCACACAGGTAAACCGG,AWAT2,519,121,263
AWAT2_AGTATGGTGTGAACACCACC,AWAT2,186,4,52
AWAT2_GAAGGACCTCAAGACTGCCC,AWAT2,22,6,81
AXDND1_CTCCTGTGAGGGAGACGGGA,AXDND1,142,1,42
AXDND1_CCAGCTCCTGTGAGGGAGAC,AXDND1,1034,434,369
AXDND1_GATACTATGCTAGAGAGGGC,AXDND1,0,28,51
AXDND1_CTGATACGCCTCTTGAAGAA,AXDND1,1071,196,523
AXDND1_CTGTCTCCTAAAGTTGGAGG,AXDND1,425,165,215
AXDND1_AATAGAGCGGCTACTTGAAG,AXDND1,1000,410,359
AXIN1_CATGCAGTGGATCATTGAGG,AXIN1,1205,114,307
AXIN1_CAGCCCATGTCCACACAGCG,AXIN1,2526,2220,1800
AXIN1_CACGTACCGGGTGCCGAAGG,AXIN1,1412,833,789
AXIN1_GATCCGTAAGCAGCACCGCA,AXIN1,1182,696,506
AXIN1_GGGTGTCTGCATCGCTGGAC,AXIN1,317,352,315
AXIN1_CGATCCTGCCATGTTTGACC,AXIN1,738,570,601
AXIN2_CAAACGCAATGGGAAAGGCA,AXIN2,766,125,144
AXIN2_CCCAAACTGCTCGCTGGGCA,AXIN2,2,183,70
AXIN2_AGCTGAGCTGATCTCGAGGC,AXIN2,192,81,106
AXIN2_TTACTGCCCACACGATAAGG,AXIN2,883,337,309
AXIN2_TATCTCACTGTCGTTGGCGC,AXIN2,169,141,47
AXIN2_CAACCCATCTTCGTTCCGCC,AXIN2,518,330,492
AXL_TGAGGAAAGTTTGGCACCCA,AXL,1208,345,314
AXL_AGTCCCTTCGTGGGCAACCC,AXL,436,278,206
AXL_TCCCTGCAGCTTTCCGACAC,AXL,1900,205,283
AXL_CTGGAACATGCAGGCTGCGC,AXL,1303,112,223
AXL_CGAAGCCCATAACGCCAAGG,AXL,1010,282,538
AXL_GGGTAGATGCCGCTCAGGCC,AXL,515,73,23
AZGP1_GGTCTCACGTATTGCAGGGA,AZGP1,718,57,183
AZGP1_GAGGTCATTGAGTGAGCCAA,AZGP1,244,75,117
AZGP1_TGAGCCAAGGGCCTGAAACG,AZGP1,1425,220,297
AZGP1_AGCCAAGGGCCTGAAACGCG,AZGP1,1106,508,720
AZI1_CACCTGAATGGCTGCTCGCC,AZI1,324,1,86
AZI1_GCACTTGCTTCAGGCCAAGC,AZI1,874,370,401
AZI1_AGAAGACCTTACTTGAGGGA,AZI1,167,71,220
AZI1_CCAACTTCACTGCTAACAAC,AZI1,4147,611,677
AZI1_CCTTACCAGGACGTTCCAGG,AZI1,725,124,164
AZI1_TGTCCACCATGAAAGGCACC,AZI1,491,71,81
AZI2_GCTTTGCCATTTGGTAAGAG,AZI2,1276,373,712
AZI2_GGCCTATCATGCATATCGAG,AZI2,1968,367,438
AZIN1_TGGCTCAGCTGAATGCAAGA,AZIN1,926,484,491
AZIN1_CAAAGGCTGCTTGTAAACAG,AZIN1,2462,619,857
AZIN1_TGCTCGATGTGTGTTTGACA,AZIN1,585,74,81
AZU1_TGGCCGCGGTCATCACGAAG,AZU1,2214,815,1043
AZU1_ATCAGCAGCATGAGCGAGAA,AZU1,1412,833,663
AZU1_GGTTGGCCTCACGGTCCAGC,AZU1,59,0,128
AZU1_AGCCGGCACCAGATGCCAGG,AZU1,466,230,91
AZU1_CGATGGTGTTCTCAACAACC,AZU1,2328,837,711
AZU1_TGTTCTCAACAACCCGGGAC,AZU1,1058,392,201
B2M_AGGGTAGGAGAGACTCACGC,B2M,852,381,274
B2M_TCACGTCATCCAGCAGAGAA,B2M,2108,738,561
B2M_AGTCACATGGTTCACACGGC,B2M,1341,435,311
B3GALNT1_TCAGTGACATCCTACTCGGA,B3GALNT1,1244,400,586
B3GALNT1_AAGGACAGTCCAGAGAGCCG,B3GALNT1,373,155,306
B3GALNT2_CACAGTTCCGTCAGTTCCCA,B3GALNT2,212,382,355
B3GALNT2_CAGTTGACCGAACCGGAAAG,B3GALNT2,1927,301,280
B3GALNT2_AATTGGGCAGTTGACCGAAC,B3GALNT2,951,19,129
B3GALNT2_GATTTCTTGACACAAGGCCG,B3GALNT2,219,33,102
B3GALNT2_GACTGAAGCGAGCAATGAAG,B3GALNT2,730,221,292
B3GALNT2_GAAACGTGATAAGAAGCACC,B3GALNT2,455,63,73
B3GALT1_CCTCATCAGCACCACTCACA,B3GALT1,1579,719,426
B3GALT1_CCTCCACCAAGCCACGAAGA,B3GALT1,1094,725,509
B3GALT1_GGGACTGTGTCTTCGAAAGC,B3GALT1,265,388,427
B3GALT1_TTGAAGCCACTGTTCTGGAA,B3GALT1,1281,491,500
B3GALT2_AACACAAACTCATTGGGAGG,B3GALT2,66,37,142
B3GALT2_CATCTTCCAAGTGCAAACGG,B3GALT2,796,465,375
B3GALT2_CCTGTCTTCTGTTCTGGAAC,B3GALT2,2398,417,447
B3GALT2_CTCGGAAAGTGTATGTCACA,B3GALT2,489,409,312
B3GALT4_GCAGCAAAGCGGCGAGAAGG,B3GALT4,1699,87,153
B3GALT4_GCGGTAGGAGTCCTGGAAGG,B3GALT4,106,0,2
B3GALT4_TGCCTCTTCTGTACTTGGGC,B3GALT4,379,119,82
B3GALT4_AATTCCTGCTGACGTCCCAC,B3GALT4,636,96,159
B3GALT4_AGGCTTCCTGCATCTTCCAG,B3GALT4,259,69,162
B3GALT5_CCAGGAGAGCCAGCGACACG,B3GALT5,1975,274,772
B3GALT5_CCACCATTCTGCTCCGGCAC,B3GALT5,2163,1241,576
B3GALT5_TCTCCGTATGCCTCTTCAGG,B3GALT5,572,76,52
B3GALT5_GGCTCTAGAGAATTCCCGGG,B3GALT5,1,41,35
B3GALT6_GCAGCGTGATCCGCAGCACG,B3GALT6,535,128,208
B3GALT6_CGGACGACGACTCCTTCGCG,B3GALT6,770,406,443
B3GALT6_ACCAGTCGTACACGTAGGAC,B3GALT6,1569,67,142
B3GALT6_CTTCTCTGGCAGCACTGCGA,B3GALT6,599,99,29
B3GALTL_CCGCTACTTACCCAGGGAGC,B3GALTL,1237,143,342
B3GALTL_TGGCCGCCCGCTACTTACCC,B3GALTL,582,447,199
B3GALTL_GCAGGCTGCAGATCTTACAC,B3GALTL,147,186,266
B3GALTL_CATCAGCTGGCTAAACAAGA,B3GALTL,495,268,703
B3GALTL_TACAGCTACATCACGGGAGG,B3GALTL,734,124,182
B3GALTL_TAGTCCTTAGGGTAATCCAC,B3GALTL,276,86,38
B3GAT1_CTGTCCGTGTGTGCCACACC,B3GAT1,1356,975,883
B3GAT1_GGGTGACAAGTTCTCGAAGG,B3GAT1,164,162,416
B3GAT1_GAAGGTGGTCGGCTGGAAGA,B3GAT1,449,230,108
B3GAT1_GAAGGCCGAGCTGACGCGCA,B3GAT1,490,73,75
B3GAT1_CAGCGTGTCGGACCATGGCG,B3GAT1,1976,684,564
B3GAT1_ACCCTTATGTACCGCGAGCA,B3GAT1,607,216,519
B3GAT2_CAACGAGCCAAAGTACCACC,B3GAT2,533,89,168
B3GAT2_AAGCGTCGTGGATCCCAGCC,B3GAT2,595,175,345
B3GAT2_ACACCGGCTGGAGAGCAGAC,B3GAT2,662,381,271
B3GAT2_ATAGATGCGAACCACCCGCA,B3GAT2,294,373,414
B3GAT2_TCCAGTGCAGCTGCGCCACC,B3GAT2,737,177,72
B3GAT2_GGCGGAACGTGTTGGCCAGG,B3GAT2,398,276,139
B3GAT3_CCGACCTCCGTTAGATGCGC,B3GAT3,1482,382,217
B3GAT3_GCTGTACCAGCGCGTAGAGG,B3GAT3,443,257,86
B3GNT1_CCTTCAACTCCTGTTTGAAC,B3GNT1,612,606,654
B3GNT1_CCTATATCGCCAGTTCAAAC,B3GNT1,1421,611,565
B3GNT1_GCAGCAAGCTCTCTTCCGGC,B3GNT1,692,223,200
B3GNT1_CCTGGTGATCGATGTGGACA,B3GNT1,729,540,428
B3GNT1_AGGTCTTTGACAAGCTAGCC,B3GNT1,608,301,117
B3GNT1_CGGCTGCCTCGTAACGCGAG,B3GNT1,410,131,301
B3GNT2_CATGCTGACCAACCAGACGG,B3GNT2,2235,202,148
B3GNT2_AAGCAACGCAGGGAACCAAA,B3GNT2,838,180,107
B3GNT2_CAACGCAGGGAACCAAACGG,B3GNT2,1517,123,312
B3GNT3_CGGCTGCGCGCACTTAGAGG,B3GNT3,1057,317,219
B3GNT3_CACAGCCTCCAACCCGCACG,B3GNT3,2918,488,560
B3GNT3_GGTCAACCGGCTGCTGGAGC,B3GNT3,511,128,174
B3GNT3_CTTCAACCTCACGCTCAAGC,B3GNT3,1845,617,509
B3GNT3_TCTCCTGCCACTGTAAGAAC,B3GNT3,800,217,302
B3GNT3_ACGCCAGCTTCGTGCTCAAC,B3GNT3,1787,732,1316
B3GNT4_TCCGCAGCCCACCAGGGAAG,B3GNT4,2323,415,180
B3GNT4_CCTTTAGCATGAAATGGGCC,B3GNT4,299,199,95
B3GNT4_GGGTATGTGCCTGAGGCGGC,B3GNT4,93,250,285
B3GNT4_ACATGGTCCACATCTCGAGG,B3GNT4,262,126,108
B3GNT4_ATCTGTCACCAGTGCCCACA,B3GNT4,468,208,48
B3GNT5_CTTAGGAACTCCTAATCCAC,B3GNT5,481,210,63
B3GNT5_AGATAAACGCAGCCCTACAA,B3GNT5,2259,399,201
B3GNT6_GGGCAAGAGCGCAGCTACGG,B3GNT6,1372,196,179
B3GNT6_GGCAAGAGCGCAGCTACGGC,B3GNT6,30,62,13
B3GNT6_AATAGAAAGAGGCGGCGCAC,B3GNT6,627,151,6
B3GNT6_ACACCGGGTAAGCGGACCCG,B3GNT6,903,297,116
B3GNT6_TACCCGGTGTACTGCAGCGG,B3GNT6,242,47,56
B3GNT6_GCATCTCGTAGGGCGCGAAG,B3GNT6,1472,279,182
B3GNT7_CACCGTCACGGCCACGAGCA,B3GNT7,1846,825,1141
B3GNT7_TCAACTTGACCCACCAGCCC,B3GNT7,1173,87,201
B3GNT7_CGGCTCCAGGACCTGGAACC,B3GNT7,936,463,527
B3GNT7_CCGACTTGACAACCACCAGC,B3GNT7,1005,179,238
B3GNT7_GCAGGATGTCGCCGTAGAGG,B3GNT7,961,429,202
B3GNT7_CACATGGCGAGCAGCTCAGG,B3GNT7,891,134,206
B3GNT8_TTGCATCCGAGCCCTGGGCC,B3GNT8,1020,212,409
B3GNT8_CAGTGTAGACGTCCTCAAAG,B3GNT8,2290,477,509
B3GNT8_CCCTTTGAGGACGTCTACAC,B3GNT8,1574,468,215
B3GNT8_CTGCTGACAGCAAGAAGCGG,B3GNT8,1607,410,887
B3GNT8_GCGGGATAGTCTGGCCCAGG,B3GNT8,26,10,17
B3GNT8_CGATGTACACTTTGAGGCCC,B3GNT8,1399,146,439
B3GNT9_AATGCGGCGCGGCTGAAGGC,B3GNT9,264,91,167
B3GNT9_TCCTGGAGTTCCTGGCGCCG,B3GNT9,978,333,162
B3GNT9_AACCAGCCGCACAAGTGCCG,B3GNT9,1165,317,394
B3GNT9_AAATAGCGGGCGAAGTCAAA,B3GNT9,1002,227,322
B3GNTL1_CAGTCAAGCTGCGGTACAGC,B3GNTL1,9,1,18
B3GNTL1_TACGAGCACCTCAGGAAGGG,B3GNTL1,1546,180,121
B3GNTL1_GGAAACCGCTGCCTGTCCGC,B3GNTL1,260,141,133
B3GNTL1_GGCCAGTACTTACGCTCGAC,B3GNTL1,316,137,122
B3GNTL1_TTACTTACCGCCTCTAGGAG,B3GNTL1,1052,140,166
B4GALNT1_CTAGCTGCACACCTTGCCGA,B4GALNT1,1168,155,273
B4GALNT1_CCCTCGGTGGAGAACCGGAC,B4GALNT1,570,447,283
B4GALNT1_CAGACCAACACAGCAGACAC,B4GALNT1,1985,220,353
B4GALNT1_GCTATGAGCAGCTGGTCAGC,B4GALNT1,591,91,211
B4GALNT1_CCGAGCTATTGACCTCACCA,B4GALNT1,2278,659,2244
B4GALNT1_ACCGGGATGTGTGCGTAGCG,B4GALNT1,2160,595,327
B4GALNT2_GATTCGGGATGACTTCGGGC,B4GALNT2,159,13,104
B4GALNT2_TCCTCCCGTGGGCAGCAAAC,B4GALNT2,1637,808,1069
B4GALNT2_TGTCTCCTCGCTTTCACCGC,B4GALNT2,1123,529,430
B4GALNT2_ATCACCTCCACTCCGTGGAC,B4GALNT2,330,61,161
B4GALNT2_AGGACTCACCTCATAGACGG,B4GALNT2,984,203,184
B4GALNT2_ACGTGACATACACCAGCACG,B4GALNT2,1959,896,677
B4GALNT3_GCTACTTACTCCGGTTCAGG,B4GALNT3,275,129,155
B4GALNT3_AGGACCACGACATTGACCAA,B4GALNT3,1319,41,71
B4GALNT3_GCTCTATCCAGCAGCTCAGG,B4GALNT3,473,135,171
B4GALNT3_CATTGCTGCAGATGACAACG,B4GALNT3,1598,599,1021
B4GALNT3_TCGGAGCCAAATTTCCAAGC,B4GALNT3,2352,626,284
B4GALNT3_TGAGGAGGGCACCGACCACG,B4GALNT3,187,56,27
B4GALNT4_ATCTTCTTCACCGGGAGCCG,B4GALNT4,815,101,258
B4GALNT4_GACCAGTGAGACCGACGGCC,B4GALNT4,13,39,190
B4GALNT4_CACGGCCAACTTCTTCACGG,B4GALNT4,2034,400,556
B4GALNT4_ATGACCTCGAACTTCAGGCC,B4GALNT4,438,158,17
B4GALNT4_AGCCTTGAAGATGGACCACG,B4GALNT4,1166,169,551
B4GALT1_TGACCGAATTGCACACACAA,B4GALT1,2106,736,887
B4GALT1_GCCCAAATGCTGTGGTCGGG,B4GALT1,744,128,26
B4GALT1_ACGGCACATTTCCGTTGCAA,B4GALT1,1250,369,547
B4GALT1_TGCTCCTGCCGGTTGCGGAA,B4GALT1,937,606,523
B4GALT1_CATTCCATTCCGCAACCGGC,B4GALT1,469,615,169
B4GALT1_CCGAGGTCAAGTTGCTAGCG,B4GALT1,1546,894,1068
B4GALT2_CCCTGTCCTGACTCGCCACC,B4GALT2,1063,60,77
B4GALT2_ACCAGGTGGCGAGTCAGGAC,B4GALT2,1019,211,397
B4GALT2_ATGACCGCCACCGTCTGGGC,B4GALT2,181,0,0
B4GALT2_GATAGTGGAGCCAGTAGCGC,B4GALT2,428,43,131
B4GALT2_ATGGTGAGGACACCTTCAAC,B4GALT2,543,329,213
B4GALT2_ACACGAAGCTGACCATGAAG,B4GALT2,1856,292,326
B4GALT3_AGGAATTCTGGGTACGGACC,B4GALT3,272,66,20
B4GALT3_ATAGCAACGGCAACATGGCG,B4GALT3,1759,118,276
B4GALT3_CATTGTGCCTCATCGTGCCC,B4GALT3,18,62,84
B4GALT3_ATGATGGCTGTTCGGGAGCG,B4GALT3,1193,343,286
B4GALT3_CTCCTGCACTTACCTAAGAG,B4GALT3,1846,282,303
B4GALT3_GGTTACTGTAGACATCACGA,B4GALT3,1071,87,109
B4GALT4_TGCTCCAGGTTACGTTACAG,B4GALT4,3514,520,424
B4GALT4_TATATTCCACGATGTGGACC,B4GALT4,265,83,37
B4GALT5_ATGGATGTGGACAGATGCCG,B4GALT5,467,175,285
B4GALT5_TGCTCGTGGCGGTTCCGGAA,B4GALT5,28,39,37
B4GALT5_CACCGAGGCATGCAATCAGA,B4GALT5,1349,356,202
B4GALT5_TCACTGTGGTTCAAGTCAAG,B4GALT5,1146,79,266
B4GALT5_CTCTTCATGATGCAAGCCCA,B4GALT5,657,135,113
B4GALT5_ATAGACGAAGTACAGCAGCG,B4GALT5,451,66,158
B4GALT6_CCTCAACATACCTGTTCCAA,B4GALT6,1166,130,33
B4GALT6_AATGCTCCAGAAGCAGCGGC,B4GALT6,147,207,116
B4GALT6_TGTTCATGGCGATTACGGAA,B4GALT6,758,389,301
B4GALT6_AGTACAGACAGGACGAAGAG,B4GALT6,453,78,167
B4GALT6_GGAAGATGTCTGTGCTCAGG,B4GALT6,171,60,21
B4GALT7_TGCGCCGCTTTCCTCCGCGA,B4GALT7,3104,460,354
B4GALT7_CTCCTCGAAGCGTTCGCGGA,B4GALT7,823,183,165
B4GALT7_CCGGGCAGCGCTCATCAACG,B4GALT7,3282,1733,1762
B4GALT7_GCCCAGCTCCCTTAATGCGC,B4GALT7,1954,141,597
B4GALT7_TGGTCCCTCTTCCGCCAGGC,B4GALT7,801,246,322
B4GALT7_TGGTGCACATTCAGCTGAGC,B4GALT7,1047,241,203
B9D1_TGGCCTTGGTCCACATCAAG,B9D1,1099,564,438
B9D1_CTGAGATTCCCAGATCAACC,B9D1,2515,586,714
B9D1_AGAATGAGGACCTACCGGCC,B9D1,239,9,392
B9D1_CCAAGATGTGCGGCAAGCAC,B9D1,398,130,75
B9D1_GCTTTGTGTACGGCCAGGAC,B9D1,720,424,270
B9D1_GCTAGGACTCGCGGTCGCCA,B9D1,594,45,16
B9D2_GGTCGAAGTTGCGGAGCAGC,B9D2,11,103,74
B9D2_TTGGCGAGAACAGTTGGCAC,B9D2,823,82,281
B9D2_TGTTCTCGCCAACTGCCCAG,B9D2,735,103,106
B9D2_CTCCTGTCAGGCGTGCGGGA,B9D2,173,182,131
B9D2_AAAGTAGCCTCTTCTGCAAG,B9D2,880,201,303
B9D2_GATCACGTGCACCTCAGCCA,B9D2,1672,154,173
BAALC_GCTACTACGAGAGCTGGACC,BAALC,406,8,48
BAALC_CTACTACGAGAGCTGGACCC,BAALC,1541,324,505
BAALC_CGAGTCGGTGTAGGTGAGCC,BAALC,1253,842,485
BAALC_TCTGGGTTGGGTATTCCACC,BAALC,1104,143,142
BAALC_CATTCTGTTTCTGGGTCAGA,BAALC,215,168,239
BAALC_GAATGGCCTTCAGACCACAG,BAALC,1155,212,385
BAAT_CACCTTCTCCTACAATGAAG,BAAT,894,48,187
BAAT_CCTAAAGCAAGTCACAGCCA,BAAT,1183,364,460
BAAT_CAAGGAGGCGAAGCCACGAC,BAAT,244,211,164
BAAT_GCAGAGTAATTCTACTCACC,BAAT,152,14,73
BAAT_GAGAGGTGGTATGTGGCACC,BAAT,32,73,16
BAAT_AGGCCTGATTCCCTTTCAGA,BAAT,659,56,54
BABAM1_AGGTCCAAATTCGGACACCA,BABAM1,550,219,533
BABAM1_GGAAATGTCACTGCCAAAGC,BABAM1,737,719,479
BABAM1_TGGTGAACGATGACACGGCC,BABAM1,911,243,373
BABAM1_AGGCAGCTACAGAGCTCGCG,BABAM1,423,87,68
BABAM1_TGGACGGCTGTAGACAAGGA,BABAM1,1621,595,630
BABAM1_ATGGGCAGCCTGGATACCAA,BABAM1,320,186,36
BACE1_ACACTTTCTTGGGCAAACGA,BACE1,1439,254,498
BACE1_GCGGGTGGAGATCAATGGAC,BACE1,1,1,0
BACE1_GCACTTCAGACTGGTTGAGG,BACE1,645,308,189
BACE1_ACATACCGGGACCTCCGGAA,BACE1,1347,308,258
BACE1_CTGGTAGTAGCGATGCAGGA,BACE1,620,219,625
BACE1_GGAGACCGACGAAGAGCCCG,BACE1,205,34,53
BACE2_AACTACGCGGTTCGTGGCCG,BACE2,647,435,970
BACE2_CTACAGATTCTCGTTGACAC,BACE2,2707,736,823
BACE2_TACACACAAGGAAGCTGGAC,BACE2,553,37,73
BACE2_TGTCACCAGGGAGTCGAAGA,BACE2,1355,652,525
BACE2_CCAGAAGGTGTTTGATGCGG,BACE2,777,361,251
BACE2_TCCAAGTTCATACCTGAGGC,BACE2,575,97,426
BACH1_TACTCAGCCTTAATGACCAG,BACH1,478,248,95
BACH1_CCGCTGTCCCTCCACAAAGA,BACH1,1795,808,1124
BACH1_CCACTCAAGAATCGTAGGCC,BACH1,759,330,371
BACH1_TGAAATCCGACTTGGGCACC,BACH1,1142,390,425
BACH1_GACTCTGAGACGGACACCGA,BACH1,955,217,298
BACH1_AGTGAGCCTGGCTACGCGCG,BACH1,382,1,164
BACH2_AGGAGGTCCTCTCTCTGAGA,BACH2,515,178,97
BACH2_GGCAATACCGATGCAGGGCC,BACH2,385,75,0
BACH2_GCCGCATCCTTCCTGGCAAG,BACH2,981,313,274
BACH2_GGACAAAGACCTCTCTGAGC,BACH2,332,171,190
BACH2_GAAGGAGTTCCGGGCCCACC,BACH2,0,15,67
BACH2_ACGTGACTTTGATCGTGGAG,BACH2,332,120,255
BAD_TGGCTTCACACGCACCGGAA,BAD,1700,566,589
BAD_CTTCCTCGCCCGAAGAGCGC,BAD,615,182,185
BAD_TGCTCGCGGAAGCATCAGCA,BAD,1473,746,619
BAD_TTCCGCGAGCATCCCTGCAC,BAD,1387,263,529
BAD_GGTGACTGGCGTCCCACAGG,BAD,319,34,77
BAD_TTACGTAGTCAAGGCACAGC,BAD,531,249,222
BAG1_CTGCTACACCTCACTCGGCC,BAG1,1871,239,153
BAG1_TGCTACACCTCACTCGGCCA,BAG1,2037,213,419
BAG1_ATTGGACACTCTCAAACACC,BAG1,318,141,57
BAG1_TGAACCAGTTGTCCAAGACC,BAG1,681,133,345
BAG1_AGAGATGAATCGGAGCCAGG,BAG1,667,217,255
BAG1_CGAAGAGATGAATCGGAGCC,BAG1,853,67,105
BAG2_GATCAACGCTAAAGCCAACG,BAG2,594,237,151
BAG2_ATCAACGCTAAAGCCAACGA,BAG2,729,169,461
BAG2_TCAACGCTAAAGCCAACGAG,BAG2,1205,349,456
BAG2_TGTTCATCTGAGGTGCCACA,BAG2,721,154,320
BAG3_GATCTTGATCTCCCATCCGG,BAG3,206,0,17
BAG3_ATCAAGATCGACCCGCAGAC,BAG3,151,246,145
BAG3_GAATGTAGCCTGGTCGGAGC,BAG3,92,57,68
BAG3_CTGTGTACCACAAGATCCAG,BAG3,1193,83,147
BAG3_TGTGCACACGGATGGGCGAG,BAG3,1174,339,183
BAG3_ACATCCAGGAGTGCTGAAAG,BAG3,1987,639,719
BAG4_GGGCGAAGAGGATATAAGGG,BAG4,100,60,102
BAG4_GGATAGATCCAACGAGAGAC,BAG4,607,143,151
BAG4_CCTACCTTGGGCTGCTGGAC,BAG4,1349,445,616
BAG5_CTGGATGCTGTTGATCCGCA,BAG5,611,441,333
BAG5_CGATAAGAACTACATCCGGC,BAG5,1295,42,105
BAG5_TTCCAGACGGCTTTATGGGA,BAG5,969,88,227
BAG5_ATGCTCTAGATGTGTGCGGC,BAG5,287,165,23
BAG5_CGCTCAAGGTGGGTAACCAA,BAG5,2268,186,541
BAG6_TGCAGGCCAGATTGCAGCGC,BAG6,1006,1804,1695
BAG6_GCTCCAGGAGCTACAGCGGC,BAG6,448,357,1024
BAG6_CCTACCTTCAGTGTCGAGGA,BAG6,1485,2824,2605
BAG6_AGCCATCACCAGCCGTACCC,BAG6,644,760,452
BAG6_GAGGAGCCCGTTCCACCAGG,BAG6,374,144,150
BAG6_AACTAGTGAGGTGTCTCACC,BAG6,228,280,216
BAHCC1_CGCTCCGACAGCAGATGCGG,BAHCC1,395,792,765
BAHCC1_CGATCGGATCAGCCAGGAAG,BAHCC1,3496,916,1002
BAHCC1_TTCGTGGGTGCTGGGTAGAG,BAHCC1,1872,614,996
BAHCC1_TGTTTCCATGGTGATCCAAG,BAHCC1,1097,325,168
BAHCC1_GCTGGCCTTTAGGTCCCGGG,BAHCC1,44,82,53
BAHCC1_TCCAGCGCGTGTGTGGAACG,BAHCC1,829,620,301
BAHD1_CCTGCTGATGGGTGGACAGG,BAHD1,641,390,393
BAHD1_CACAGGCCATTGTAGTCGGC,BAHD1,1947,96,207
BAHD1_GAGGAAATTCCAACTGGCCC,BAHD1,832,4,83
BAHD1_CGCCTGGTAGCTCTTTCGGA,BAHD1,666,39,134
BAHD1_GCTCAGGTCTGTAATACCAC,BAHD1,414,282,79
BAHD1_GGTTCTTAAGGATGCGCCCG,BAHD1,60,6,35
BAI1_GGTGCGCGTGGACTCGAGGA,BAI1,140,112,20
BAI1_GAATGCACGCGGGACTGCGG,BAI1,475,85,53
BAI1_TAAGCCCGTCCTGCAGCCGC,BAI1,580,164,111
BAI1_AACAACTCTGCCGTGTGCCC,BAI1,199,65,158
BAI1_TGCAACATTGCCCTGTGCCC,BAI1,898,194,253
BAI1_ACTGGAATGAGTGGTCGAGC,BAI1,1149,15,190
BAI2_TTCCGCATGTGCCAGGCCAC,BAI2,498,335,333
BAI2_GGTCCCATTGGCACAGGACG,BAI2,762,278,349
BAI2_GCCCACGGGTGCTACTGACC,BAI2,684,225,186
BAI2_TCCCTCTCTCGTAGGCGACC,BAI2,509,154,28
BAI2_CATCTGCAGACCTCGGCCAC,BAI2,272,179,305
BAI2_CGGGCACCAGGGCATTGGAC,BAI2,1567,338,908
BAI3_GCCAAGCGACCACCCAAAGA,BAI3,2564,511,460
BAI3_TAACCGAACATGTGCTCCAC,BAI3,580,64,217
BAI3_TATGGGAGGAATGGTCACCA,BAI3,702,91,81
BAI3_TCGAGCACGTTACTGAGCAC,BAI3,2751,221,414
BAI3_CCAAGTCCTGTGATGGCGGC,BAI3,470,222,443
BAI3_CCAACAGTGTCTTGGTCACC,BAI3,677,683,611
BAIAP2_CTGCGCTGAAACCAGAAAGC,BAIAP2,873,185,159
BAIAP2_CCTCCGGAACTTCATCGCCA,BAIAP2,994,355,336
BAIAP2_CACCGAGTTCTTTGGAGCCC,BAIAP2,1153,447,411
BAIAP2_ACACATGGACCCGGAACAGG,BAIAP2,770,63,0
BAIAP2_GCTTACGCAGCTGGAGCAGA,BAIAP2,59,141,154
BAIAP2_AAGGAGCAAAGGCGACGCCC,BAIAP2,31,20,33
BAIAP2L1_AAGCATTCCAAGTAGTCGGG,BAIAP2L1,560,301,42
BAIAP2L1_GCAACTTCGTGTACGACGAC,BAIAP2L1,754,309,270
BAIAP2L1_GCGATCAGTTTCGGTTGCAA,BAIAP2L1,767,421,462
BAIAP2L1_ATATGCTCTGCCTGAAGGAG,BAIAP2L1,961,28,83
BAIAP2L1_CACTTTGATGGCATCAACAC,BAIAP2L1,770,266,630
BAIAP2L1_TCACCCAGTTCAGTTGACAC,BAIAP2L1,2205,430,322
BAIAP2L2_TCTGGCTCTAGCTGGGACGC,BAIAP2L2,588,161,210
BAIAP2L2_GCTCCTTCCACAGCAGCACG,BAIAP2L2,843,217,94
BAIAP2L2_GATGTTAGCTGATGGACGCC,BAIAP2L2,470,195,184
BAIAP2L2_CCGGCCGAAGAACTGCAGGA,BAIAP2L2,953,294,177
BAIAP2L2_GGTCAGAGTTCAAGTGCCGC,BAIAP2L2,407,58,23
BAIAP2L2_ACTCACCGTGGAAGGCACGC,BAIAP2L2,558,666,370
BAIAP3_GCACCGCCATCGGCTTCGCA,BAIAP3,1141,203,690
BAIAP3_TAAGAGCAGCGTGCTCAGGC,BAIAP3,727,17,61
BAIAP3_GCGCCTCATGCTGAAGAAGG,BAIAP3,1329,312,275
BAIAP3_TGCCGTCAGAGCCCTCACCC,BAIAP3,1565,267,154
BAIAP3_TACCATGGGCCCTGACCAGG,BAIAP3,335,203,86
BAIAP3_GGCCATCGAGCGAGTGAGGA,BAIAP3,482,199,261
BAMBI_TTTGGTGAGCAGCACGGCCA,BAMBI,519,97,112
BAMBI_TATAACCAGTGGCTACACAG,BAMBI,1261,162,196
BAMBI_CGTGAAAGCTGTAGTGCAAA,BAMBI,2061,1228,1117
BANF2_ATGAAGCCGAGTTTCAGAGG,BANF2,569,100,56
BANK1_ACAATGCTGCCAGCAGCGCC,BANK1,360,123,154
BANK1_TTGGAGTTAGGTCTCTAAGC,BANK1,881,181,84
BANK1_TTCAATGTTCAGGAGCAACC,BANK1,1411,351,680
BANK1_CATTAGCTACAGGTCGCGGC,BANK1,632,309,84
BANK1_CCTGGTGTTAGACAAGAAAC,BANK1,1104,684,624
BANK1_TCTTTACTTTCTCCTGCAGG,BANK1,375,40,17
BANP_GATGATGTCGGAACACGACC,BANP,367,21,67
BANP_TCCGCTTTGTTGTGGAAGGC,BANP,1139,301,497
BANP_CCGGTGCCCTGTTGCTCAAG,BANP,657,317,495
BANP_GAAGACAGCCACCACGAGGA,BANP,89,50,144
BANP_CCAGTGAGTGACCACACGGC,BANP,942,157,155
BANP_CGGAGATGCAGCTCGAGCAC,BANP,1701,502,427
BAP1_CCAGCTCATGGTGCCTACCA,BAP1,1459,278,417
BAP1_ATATGCGATTGGCAATGCCC,BAP1,64,0,0
BAP1_GAACTGCAGCAGCGTGGACC,BAP1,509,124,21
BAP1_TCAAATGGATCGAAGAGCGC,BAP1,1227,159,75
BAP1_ACGAGCAGGGTGAAGAGGCC,BAP1,624,43,125
BAP1_GCGGGAAGATGAATAAGGGC,BAP1,2,0,0
BARD1_ATTAAGCTCGTCACTGCAGG,BARD1,159,1,5
BARD1_CTGAAGGTCCACGCAGAAGC,BARD1,595,27,43
BARD1_CCACTGCCTATAAGTACAAG,BARD1,354,54,93
BARD1_CTTCACGATGCAGCCAAGAA,BARD1,1181,944,753
BARD1_GACTCTATTTGCTCAGCCAA,BARD1,247,4,23
BARD1_AACGAGGCTCGTTCCCGGAG,BARD1,133,35,285
BARHL1_CGAGTGGTTTGCAGTCGGCA,BARHL1,2189,581,354
BARHL1_GCTGCTAGAGTAGGGTGCAC,BARHL1,845,184,322
BARHL1_GGCCTTCACCGACCATCAGC,BARHL1,793,131,65
BARHL1_CGTGTCGGTGAGGTTGAGCG,BARHL1,2127,351,358
BARHL1_GCGGGTAGAAATAAGGCGAC,BARHL1,17,2,4
BARHL1_TGCGGGTAGAAATAAGGCGA,BARHL1,853,60,89
BARHL2_CAGCATGGACAGCACTACGG,BARHL2,4243,801,1606
BARHL2_GGGTGATAGAAATAAGGCGA,BARHL2,691,90,100
BARHL2_CGTGCAGGATCGCATGGACC,BARHL2,1785,574,475
BARHL2_CGACCACCAGCTCAATCAAC,BARHL2,3052,1779,1170
BARHL2_GCAAGACCAAACTCGACAAG,BARHL2,1948,711,652
BARHL2_TGGGCTGCCTGAACTGGCAC,BARHL2,720,121,477
BARX1_AGTCTCCCACCAAGCCCAAG,BARX1,789,159,176
BARX1_GAGTCTCCCACCAAGCCCAA,BARX1,357,77,172
BARX1_CTGCAACTGGCTCAGGCCCA,BARX1,266,315,363
BARX1_GCTCTGCGTTGCTGGCGGCA,BARX1,496,186,78
BARX1_CGCCTGCTCGGCCTTCAGCA,BARX1,1499,802,558
BARX1_AGCTGCGATAGCGGTGCGGC,BARX1,416,72,78
BARX2_CCGGCCAGCTCAAAGCAGCC,BARX2,1185,559,355
BARX2_CACGACCAGCGACGGGCACA,BARX2,1057,202,390
BARX2_TTGGGTCGCACGACCAGCGA,BARX2,835,240,162
BARX2_CGGATATGCCCGCAGGGAAG,BARX2,1299,486,556
BARX2_GCTGGCGGGTGATCACCGAG,BARX2,695,296,293
BARX2_TGAAGAGAAGATGAACAGCC,BARX2,167,241,286
BASP1_TTGCTTCCAGAACTCCAAGA,BASP1,1571,333,392
BASP1_AAGCCCGACCAGGACGCCGA,BASP1,886,86,66
BASP1_GCGGAGCCCGAGAAGACGGA,BASP1,314,41,88
BATF_GCTGTCGGAGCTGTGAGGCA,BATF,1063,360,994
BATF_GACTCTACCTGTTTGCCAGG,BATF,147,7,46
BATF_CCGCCCAGAAGAGCCGACAG,BATF,1167,710,739
BATF_ACAGAACGCGGCTCTACGCA,BATF,753,90,128
BATF_CCGCATCGGAAGCTCAGGGC,BATF,1829,348,278
BATF2_GCTTGCACGTCTGCAGAGCA,BATF2,476,198,277
BATF2_GGCTTGCACGTCTGCAGAGC,BATF2,1438,344,320
BATF2_GGCAGTTTGGGCCGTGAGGC,BATF2,539,45,130
BATF2_TTCTCACCTGGGATATGCAC,BATF2,1297,134,168
BATF2_CCGGCAGAAGCACACAGACA,BATF2,7264,2484,2576
BATF3_CCCGATCTCTCTCCGCAGCA,BATF3,6103,1932,1747
BATF3_ATGATGACAGGAAGGTCCGA,BATF3,10,15,25
BAX_CCAGGATCGAGCAGGGCGAA,BAX,2665,592,432
BAX_GGACGAACTGGACAGTAACA,BAX,1579,599,528
BAX_TTTCTGACGGCAACTTCAAC,BAX,79,317,328
BAX_GCGTCCCAAAGTAGGAGAGG,BAX,510,321,640
BAX_GAGCACTCCCGCCACAAAGA,BAX,885,357,274
BAX_ACTCACCATCTGGAAGAAGA,BAX,601,42,269
BAZ1A_TGCATGGCCACAGTTACACC,BAZ1A,813,165,844
BAZ1A_CTAACTGATGCTGACACCAA,BAZ1A,651,480,334
BAZ1A_AGTCCTGCTAACAGACGAAG,BAZ1A,482,27,77
BAZ1A_CAACACTGTGAACCACAAGA,BAZ1A,874,93,230
BAZ1A_TGTGCTGTGACGGGTAGACC,BAZ1A,1353,104,227
BAZ1A_AAACTTCCTCGTCGGGCCGC,BAZ1A,160,91,99
BAZ1B_AGGCCAAACTAGTCATGCGC,BAZ1B,1209,272,149
BAZ1B_TCTGCATTCTGTTTCAGAGC,BAZ1B,594,61,129
BAZ1B_CGGCATAATGCATTACGAGC,BAZ1B,447,154,177
BAZ1B_ACAAGCTTCTCATACCAGGC,BAZ1B,809,178,38
BAZ1B_AAGCAGTCAGCTAACACACA,BAZ1B,998,39,257
BAZ1B_CTCAGGAGGCCTTCCGCACC,BAZ1B,1886,194,386
BAZ2A_AGCATTTACCCATGTTGGAG,BAZ2A,805,406,220
BAZ2A_TGACGCTGAACAGGAAGAAA,BAZ2A,1046,288,229
BAZ2A_GCAGTAGCATTATTGAGGGA,BAZ2A,1371,190,312
BAZ2A_CCCTTCAACTCTCTGGCACC,BAZ2A,836,151,389
BAZ2A_TTGCTGCCAGGATTGGCAGA,BAZ2A,313,32,124
BAZ2A_GGTTTCAGTCCTGAGGCAGC,BAZ2A,52,113,21
BAZ2B_CCTAATAGGAACGAGAGCGA,BAZ2B,1686,200,103
BAZ2B_TGAAGCCAGAGATGGACCGC,BAZ2B,1479,401,323
BAZ2B_CTTCCCTTGACTATGCAGGA,BAZ2B,1267,638,420
BAZ2B_TCCCGTAGACTGTATTACAC,BAZ2B,1063,301,321
BAZ2B_GCTGAATGTAGACCAAAGAC,BAZ2B,177,222,66
BAZ2B_TGAAGTTGGTGTAGTAGAGG,BAZ2B,862,348,481
BBC3_TCCTGACACCCTGGCCAGCG,BBC3,1948,474,1036
BBC3_CCCGAGTCCCTGACGTCCAC,BBC3,110,203,90
BBC3_ACCTCAACGCACAGTACGAG,BBC3,550,1248,563
BBC3_AGGCCGCAGGACACTGCCGA,BBC3,417,38,61
BBC3_AGGACACTGCCGAGGGCACC,BBC3,174,89,44
BBC3_CACTCACCACAAATCTGGCA,BBC3,1859,334,604
BBIP1_CGGGAAGTTCTTCCAAAGCA,BBIP1,1062,786,1061
BBIP1_ATGCCTGAAGACAATCGGAG,BBIP1,574,215,199
BBIP1_GATGCCTGAAGACAATCGGA,BBIP1,354,39,46
BBOX1_TTGTCTCTCAACCATACAGC,BBOX1,1096,352,302
BBOX1_TCCAGGTAGCAATCAGAGCA,BBOX1,1886,389,686
BBOX1_ACCGGAGCATCTGACAAACC,BBOX1,1272,430,492
BBOX1_GGCCGACGTAGCTATGAAGC,BBOX1,235,256,142
BBOX1_GCTTCGTATCTTAAGGCAGA,BBOX1,832,38,9
BBOX1_TCGTATCTTAAGGCAGAGGG,BBOX1,1341,757,792
BBS1_CAGGACGACGCCTGCGAAGA,BBS1,307,383,415
BBS1_GGATGCGCACTACGACCCAA,BBS1,442,206,80
BBS1_CCATGTAAATCTGCCAGCGC,BBS1,1336,168,328
BBS1_GGGCTTTCGGTCATCACCAG,BBS1,1216,253,171
BBS1_ACAAGTCCAACTCCATCAAG,BBS1,1040,423,250
BBS1_GAAGAAGAACCTGGCTGACG,BBS1,19,0,85
BBS10_TGTTCAATGAGACCATGCAC,BBS10,331,95,138
BBS10_AAGGCCTGTGGTGGTACAAA,BBS10,1000,183,150
BBS10_TCTGAAACGTTAGGAGAGCC,BBS10,617,56,75
BBS10_AGTGTAGCGCCTCCAGGAGG,BBS10,848,15,30
BBS10_GCTGAGAAGCACCTCGCCAG,BBS10,1116,3,122
BBS10_TGTGAAGGCGGCGTTGCAGG,BBS10,1127,164,42
BBS12_CTTTCATCATTCGCGGAAAC,BBS12,707,1210,663
BBS12_GAGAAGTTGTCCCACTGCAC,BBS12,196,126,43
BBS12_CATTTCCTTGTACCAGGACA,BBS12,400,195,240
BBS2_GATCAGGTCCTGCTCTGCAC,BBS2,0,14,20
BBS2_GATGCTCGAAGTGACCGAAC,BBS2,503,227,105
BBS2_AACTGGTTGGTCCAATGGGA,BBS2,639,244,158
BBS2_TCCAACTGTGCCATTGGAAA,BBS2,1381,942,652
BBS2_GCCACCAATAATCGCAAGAG,BBS2,1410,259,266
BBS2_TGGCCATAGGGCGCTACGAC,BBS2,1290,637,686
BBS4_TCTTTAGTTGCCCGGCCGCA,BBS4,177,89,181
BBS4_TGCTGATAACCTCAAGCAGG,BBS4,331,149,56
BBS4_GATTCAGGGCATTGTGCAAC,BBS4,888,321,511
BBS4_CAAGCTCGGCATTTACCAGA,BBS4,229,167,275
BBS4_CAGCATGATGCAGACCCACG,BBS4,1738,388,458
BBS4_CTACGCAGAAGCAGTCCACC,BBS4,619,101,223
BBS5_AAGCGCATCCAGCACCGACA,BBS5,1856,226,310
BBS5_TGGAAACTCACTGCGCGGAC,BBS5,469,517,526
BBS5_CTGTCAGAGCTTCGAGCGGC,BBS5,1404,205,498
BBS5_TCGACTGTCAGAGCTTCGAG,BBS5,655,362,498
BBS5_GCTACTCCAAACATGGAACG,BBS5,1145,161,292
BBS5_ATGGACTGCTACTCCAAACA,BBS5,845,386,706
BBS7_CCAGGCAGATACTACAAGGC,BBS7,2018,343,662
BBS7_AGCGTCACATCTATCCAGGG,BBS7,1335,245,63
BBS7_CATCCAAACCAGTACGCAAG,BBS7,1001,169,392
BBS7_CGTCTGATGTCCCAAACAAA,BBS7,2197,1062,1027
BBS7_AGCCTTGCAATCTTCGGCCC,BBS7,812,166,149
BBS7_CAGTGTTCAAGACTTTACCC,BBS7,884,489,208
BBS9_ACGAGATCCAGTACTTCAAG,BBS9,1229,190,72
BBS9_CCCATGTTCCACATTACCCA,BBS9,1002,432,594
BBS9_GAACTGTAGGCAAGAGGACC,BBS9,1695,50,319
BBS9_ATACCTTCACCGTGACAGAA,BBS9,1059,563,512
BBS9_AATTTCGGGCCATTCAACGC,BBS9,692,451,207
BBS9_GCAGAAGCTTAGTGCTGACC,BBS9,100,21,56
BBX_AGCACCTCGGTTATCAAGCC,BBX,236,126,154
BBX_ACATGCTCTTGGCACACCAG,BBX,1487,1889,1878
BBX_TGTGCGGACCTTCTTGCGAG,BBX,2408,4281,3657
BBX_TTTAGTCAGAGTGGGACCAG,BBX,1234,893,991
BBX_GATGCCATTCACCCTACAGA,BBX,39,87,204
BBX_GATGGCCGGGTATCACCAGC,BBX,32,68,417
BCAM_TGCGAGCAACAGCAGCCGCG,BCAM,737,416,394
BCAM_CTCGCATCACCTCCACCAGC,BCAM,1000,204,189
BCAM_AGTCTCGCTCGTCGCCCACC,BCAM,240,110,157
BCAM_TGTGATGGAGGACTCTGCCC,BCAM,405,73,82
BCAM_CAACAGCCGGAACGGGAACC,BCAM,58,8,54
BCAM_CCAGCAGGCTGGGTACGCGA,BCAM,1216,271,137
BCAN_GGTACGCAGGCAGTGCCACG,BCAN,425,92,91
BCAN_GGTCGTCTTTCTCTACCGAG,BCAN,652,421,504
BCAN_CACACCATAGTTCCGGACCC,BCAN,1315,237,178
BCAN_CACGGGCGTACTGCCAGGAG,BCAN,1285,316,213
BCAN_CGTCACAGTGACAGAGACCC,BCAN,2095,571,413
BCAN_TCAGGAAGTGGTGATGCACC,BCAN,954,1548,186
BCAP31_ATACTTCCGAATTTCGCGCA,BCAP31,517,124,140
BCAP31_CACCGATGACCAACAGCACA,BCAP31,1551,734,472
BCAP31_GACCTCCGCATAGAGGAAGG,BCAP31,426,1,402
BCAP31_TGCCACCTTCCTCTATGCGG,BCAP31,2356,187,72
BCAP31_TGTTGACACACGTGCTGGAG,BCAP31,308,40,172
BCAR1_AAAGGGCAGCATCACGCGGC,BCAR1,97,76,133
BCAR1_GCAGTACGAGAACAGCGAGG,BCAR1,422,51,62
BCAR1_CGTCATACACCTCCAGCAAC,BCAR1,4529,664,763
BCAR1_GCTTCCCAGCCAGTATGGCC,BCAR1,436,57,31
BCAR1_TTCCCTAATCACTACTGCCC,BCAR1,14,54,160
BCAR1_GCCCTCACTTACTCTGAGGC,BCAR1,383,403,149
BCAR3_GAGTCTCTGAAGAGATGAGG,BCAR3,45,12,14
BCAR3_GAGCCCAGCAGTGGTTCGGA,BCAR3,100,1,130
BCAR3_CCCGAAACATACCAATCGGC,BCAR3,554,108,269
BCAR3_CGTGCAGTACCAGTTCGAGA,BCAR3,2161,148,124
BCAR3_TGTTGCAGTTCTCCAAGGAG,BCAR3,2352,623,459
BCAR3_GCAGAACTCGCCTGTGACCC,BCAR3,520,309,191
BCAS1_AGCACCACAGAAGGGTAAAG,BCAS1,720,340,188
BCAS1_GATGGCGTTTCTCAGACAAA,BCAS1,703,132,106
BCAS1_TTTACATCCCAGGAGACCCA,BCAS1,97,127,182
BCAS1_TCTAAAGGCGAGTCCTAGCC,BCAS1,428,165,326
BCAS1_AGAAGCTCCCTCCAAGCCCA,BCAS1,701,183,97
BCAS1_CAACGCGTCTGCTCTGAACG,BCAS1,2094,366,382
BCAS2_TCTTTCTTAGGCTGCAGCGC,BCAS2,618,79,0
BCAS2_TCACCGCTTCCCGCACACCA,BCAS2,1791,161,233
BCAS2_CACCGCTTCCCGCACACCAG,BCAS2,1810,418,205
BCAS3_AATGTGCTTACGTGACAGCC,BCAS3,257,164,372
BCAS3_TCGACATGGCCCAATTCGAG,BCAS3,1770,1017,690
BCAS3_TCTCCTGCAAGACTACGACA,BCAS3,678,214,179
BCAS3_TTTCTGCATAAGCAAGCCAG,BCAS3,397,146,61
BCAS3_ATTCGATGTCATCAGTCCCG,BCAS3,488,87,134
BCAS3_CGAAACCGTTGGAGAGGGCC,BCAS3,187,426,326
BCAS4_GCAGCATCAGGAGGGCGACG,BCAS4,937,198,176
BCAS4_GCGTGGCATCTATGCCAAAG,BCAS4,1104,176,266
BCAS4_GCATCTATGCCAAAGTGGAC,BCAS4,919,221,156
BCAS4_CCCTCAGGCCTTCGTCAAGA,BCAS4,2139,1153,1087
BCAS4_GGATCCCAGCCACCTCCGCA,BCAS4,608,96,126
BCAS4_ACAAAGCTCACAAAGGCCGA,BCAS4,405,178,146
BCAT1_TATGGAGAATGGTCCTAAGC,BCAT1,640,13,64
BCAT1_ACTTGACAACAGCCCTGGAG,BCAT1,501,56,278
BCAT1_TTCTTCCAGGAGTGACAAGG,BCAT1,317,309,174
BCAT1_GGTCCTGTGGCTCTATGGAG,BCAT1,1131,33,26
BCAT1_TATGTAAGAGCCTGGAAAGG,BCAT1,1042,126,54
BCAT1_TAGTGCAAAGCTGATGAGCC,BCAT1,1071,474,652
BCAT2_GCCCACCGTGTTAGTGCAAC,BCAT2,706,313,97
BCAT2_GGATGAAGGCTGGGTCGGCC,BCAT2,632,78,292
BCAT2_CACAGGCCGCACATAGAGGC,BCAT2,1980,171,792
BCAT2_CATCCGGTCCATGTTGAGCC,BCAT2,228,223,196
BCAT2_CAGAAGCCTCATAAGAAGCC,BCAT2,862,304,290
BCAT2_TTTCACCTTGAAACTGGAGG,BCAT2,391,105,57
BCCIP_TCTTCCTCGTCGCGCTGGAC,BCCIP,629,7,25
BCCIP_AAAGAGCATGGTTGAACAGC,BCCIP,461,101,118
BCCIP_CTTGCAGGAAAGAACTGGCG,BCCIP,533,188,32
BCCIP_ATTTCGTTCATCTTGTCGCC,BCCIP,162,151,100
BCCIP_GCTTCTATTCCGGCAGGAGC,BCCIP,107,53,26
BCCIP_TTCCTTACAGGTGGTTCACG,BCCIP,875,8,138
BCDIN3D_CATGAATCAAAGGACCCGGA,BCDIN3D,110,168,79
BCDIN3D_CTTCCTCTCCCTACCTGACG,BCDIN3D,433,176,231
BCDIN3D_AGCTGTCGAAGCAGCTCCGG,BCDIN3D,62,0,24
BCDIN3D_GAATCGCGAGTTCTGGCACC,BCDIN3D,490,94,75
BCDIN3D_TAAGGAGACCGCAGCGGAAG,BCDIN3D,1488,217,224
BCDIN3D_AATGGCGGTGCCCACGGAAC,BCDIN3D,308,235,86
BCHE_CCAAACTTCCGTGGCCAGAA,BCHE,1627,719,958
BCHE_TTCTTGGTGAACTCCAAGGC,BCHE,442,225,340
BCHE_TAAAGAGATGTTACCGCCCA,BCHE,154,290,247
BCKDHA_GGTAGCGATCGCTGCAGCGA,BCKDHA,212,179,105
BCKDHA_TACCGCGTCATGGACCGGCA,BCKDHA,3674,272,566
BCKDHA_CCTCTATGAGTCTCAGCGGC,BCKDHA,33,61,101
BCKDHA_ATGACCAACTATGGTGAGGA,BCKDHA,189,130,207
BCKDHA_TCCTTGCAGCCGTAGTGGAC,BCKDHA,840,128,208
BCKDHA_CATCTGTTACTTCGGCGAGG,BCKDHA,439,108,181
BCKDHB_CGCATCCTCGACAGTCGCGG,BCKDHB,678,355,178
BCKDHB_TCGAGGATGCGGCCCAGAGG,BCKDHB,1468,43,0
BCKDHB_ATGACTTCGGCCTGGGACAG,BCKDHB,910,230,146
BCKDHB_CTTCCTGTATGACTTCGGCC,BCKDHB,469,253,113
BCKDHB_CAAATTGTGTCCACATCCCA,BCKDHB,290,59,103
BCKDHB_GCGACTGCTAATCAGTCACG,BCKDHB,318,179,178
BCKDK_CGACACACACCACGTGGAGA,BCKDK,1369,655,436
BCKDK_CCCACCATGATGCTCTACGC,BCKDK,3942,548,846
BCKDK_ACGTAGGCCCTCTGCCAAGA,BCKDK,2481,443,718
BCKDK_CCTGGCGCTGCATGAGGACA,BCKDK,825,193,405
BCKDK_TGATGCCGACAAAGTCAGGC,BCKDK,79,112,100
BCKDK_ATGGCCATTGATGCGGACAC,BCKDK,681,289,65
BCL10_TGTAGATCTGGTGGCAAAGG,BCL10,1599,395,288
BCL10_TCAACTACACTTCCCAGACC,BCL10,1753,418,449
BCL10_CTCGCCGAATAGATTCAACA,BCL10,3042,1447,853
BCL10_GGACCTCACTGAAGTGAAGA,BCL10,305,164,57
BCL11A_TCTCTGGGTACTACGCCGAA,BCL11A,1173,361,582
BCL11A_CGGTGGTGGACTAAACAGGG,BCL11A,1558,139,207
BCL11A_AGAGCTCCATGTGCAGAACG,BCL11A,3567,816,819
BCL11A_TGGCATCCAGGTCACGCCAG,BCL11A,763,93,515
BCL11A_GCCTTGCTTGCGGCGAGACA,BCL11A,1020,140,315
BCL11A_ACCATGTCTCGCCGCAAGCA,BCL11A,1193,388,186
BCL11B_TGCTCGGACGACGTGGCGAA,BCL11B,1621,1087,742
BCL11B_GAGTCCCGTCACCCGAGACC,BCL11B,836,139,63
BCL11B_TGCCTTTCGTGGGTGAGAGC,BCL11B,435,188,276
BCL11B_GATAGAGGAGCCAAGTGGCC,BCL11B,0,75,32
BCL11B_CCCGCAGCACTTGTCCCAGA,BCL11B,2974,592,595
BCL11B_ACCCGCAGCACTTGTCCCAG,BCL11B,739,959,440
BCL2_TGTGGCCCAGATAGGCACCC,BCL2,236,203,241
BCL2_GGGTGATGCAAGCTCCCACC,BCL2,229,107,164
BCL2_GACTCTGCTCAGTTTGGCCC,BCL2,527,166,176
BCL2_ACCTGGATCCAGGATAACGG,BCL2,806,210,85
BCL2_TGTGTGTGGAGAGCGTCAAC,BCL2,814,283,237
BCL2_CATTATAAGCTGTCGCAGAG,BCL2,1764,322,446
BCL2A1_TCTACGACAGCAAATTGCCC,BCL2A1,110,137,322
BCL2L1_TCATGCCCGTCAGGAACCAG,BCL2L1,649,116,229
BCL2L1_GCAGCAGCCGAGAGCCGAAA,BCL2L1,669,324,346
BCL2L1_CCTTGGATCCAGGAGAACGG,BCL2L1,1481,741,1211
BCL2L1_CGCTTGCTTTACTGCTGCCA,BCL2L1,819,606,333
BCL2L1_TGGCAACCCATCCTGGCACC,BCL2L1,1046,122,175
BCL2L1_TTTCCCAGAAAGGATACAGC,BCL2L1,384,94,41
BCL2L10_CCAGCCGCGGCTAAAGGAGC,BCL2L10,767,182,361
BCL2L10_TGACCGCCCGGTGGAAGAAG,BCL2L10,2790,368,536
BCL2L10_TCCGTGCTCTCCGACAGCCC,BCL2L10,333,90,370
BCL2L10_CCAGCTCGAAGCGGTTCCCG,BCL2L10,1099,315,411
BCL2L10_CCGGTGAATCTGCCGTAACC,BCL2L10,2968,770,608
BCL2L11_AGTTCTGAGTGTGACCGAGA,BCL2L11,457,200,153
BCL2L11_GACAATTGCAGCCTGCGGAG,BCL2L11,951,227,45
BCL2L11_TCCCTACAGACAGAGCCACA,BCL2L11,1110,41,36
BCL2L11_AATGCATTCTCCACACCAGG,BCL2L11,230,228,196
BCL2L12_GCGTAGAAAGGGCGGAACGC,BCL2L12,482,255,202
BCL2L12_GACCGCAAGTTGAGTGGAGG,BCL2L12,825,189,103
BCL2L12_GGCAGAAGTCATTAACCAGA,BCL2L12,391,25,66
BCL2L12_CGAAAGAGTCGGAGGACAGG,BCL2L12,1492,537,165
BCL2L12_CATCCTGGCTGTTTCACCCG,BCL2L12,2326,1031,627
BCL2L12_TGAGAAAGAGCTCAGTCCAA,BCL2L12,261,78,85
BCL2L13_TTGAGCTTTCTGGATTGGCA,BCL2L13,1065,264,463
BCL2L13_CCACAGTTCATGCCAGCGGC,BCL2L13,533,181,455
BCL2L13_TGATACCTTATTCCAGCCGC,BCL2L13,718,52,50
BCL2L13_GGTGCCCGAGGGCATGGAAG,BCL2L13,460,6,0
BCL2L13_AGAAACGCTGCTGAGTGAGA,BCL2L13,149,73,102
BCL2L13_CCCGATGGCCACTGCCAGGA,BCL2L13,1131,556,465
BCL2L14_ACAAGAAGTTTGTCCCAGAG,BCL2L14,1587,528,334
BCL2L14_TTCGCAGAGCACGCCTGCCA,BCL2L14,411,209,127
BCL2L14_CCACCACAAGCGACCCAGGC,BCL2L14,1318,523,592
BCL2L14_AACTTGAAGCTACAGGCACG,BCL2L14,1631,669,848
BCL2L14_GCTGGTGTCAACCAAGGGAA,BCL2L14,274,136,160
BCL2L14_TTTCAAGACCATCACAGACC,BCL2L14,780,230,835
BCL2L15_CGGGAGTTCATCCAGGGCCA,BCL2L15,1622,630,609
BCL2L15_TGCTCCTGAAGTAGTGGGAC,BCL2L15,1211,269,307
BCL2L15_TACACAGCATAGGTTCCGGC,BCL2L15,559,59,123
BCL2L2_CAGTGAGGACAGTGCTGACG,BCL2L2,1533,321,394
BCL2L2-PABPN1_GCCTCTTATAGCCGCCCGGA,BCL2L2-PABPN1,61,25,4
BCL2L2-PABPN1_AGGTTATAAGCTGAGGCAGA,BCL2L2-PABPN1,451,79,51
BCL2L2-PABPN1_GGTTATAAGCTGAGGCAGAA,BCL2L2-PABPN1,629,173,209
BCL2L2-PABPN1_AGCCCAACAACGCTTCACCC,BCL2L2-PABPN1,662,568,519
BCL2L2-PABPN1_TCCTGCACTTGTCCCACCAG,BCL2L2-PABPN1,2651,897,1224
BCL3_GGTAGTAAAGCGCCTCCGGC,BCL3,15,31,9
BCL3_GCCACCCGTGCAGATGAGGA,BCL3,1233,364,57
BCL3_GGTCAACCTCTTCCAGCAGG,BCL3,525,48,199
BCL3_ACCAGGAGCCGGACCACAGA,BCL3,1890,406,225
BCL3_TTTCCACGGCGTGGATGAGC,BCL3,519,213,373
BCL3_TCTCACCATTGGAGCTGAGG,BCL3,815,286,60
BCL6_CTGTACAAATCTGGCTCCGC,BCL6,1186,102,56
BCL6_ACCACCCTCCAACAGAGAAC,BCL6,1218,104,106
BCL6_CGCAGGACGTGCACTTCGGG,BCL6,983,237,562
BCL6_TCGGCCGGCTGTACTCACCA,BCL6,862,298,222
BCL6_ATCTCGGCTCAATTTGCGGG,BCL6,354,96,214
BCL6_AACTGGATACAGCTGTCAGC,BCL6,17,29,30
BCL6B_CGTCAGTGAGGATCCCGCGC,BCL6B,3330,502,193
BCL6B_GGCCGCCACCTATTTGCAGA,BCL6B,1518,511,540
BCL6B_GGTAGTCCCAGGCGCTCCGA,BCL6B,14,28,17
BCL6B_CTCTGGATCACCCTCTGAAC,BCL6B,1310,388,317
BCL6B_CGGTCTTCGTTCCGCTACAA,BCL6B,2269,766,1072
BCL6B_CTCCGGTGTGGATGCGAACG,BCL6B,3021,1192,2692
BCL7A_GGTCGGTTCGAGCCGAGACG,BCL7A,32,39,45
BCL7A_TTCGAGCCGAGACGAGGAGC,BCL7A,427,45,33
BCL7A_TCGAGCCGAGACGAGGAGCC,BCL7A,520,132,85
BCL7A_CAACCTTGGGCTCCGTCACA,BCL7A,746,97,191
BCL7A_ACCTCGCTCGAGGTCTCAGA,BCL7A,94,55,79
BCL7B_CCAACCCACAGTGCCGCAGA,BCL7B,1503,356,549
BCL7B_ACCAGTTCCACTAGAGACAC,BCL7B,1102,87,110
BCL7B_AAGCTGATAGACGTCAGACA,BCL7B,2131,234,225
BCL7B_CACAGAGATGCAACTCACCC,BCL7B,1640,77,99
BCL7B_ACTCACCCTGGAATTCAAGA,BCL7B,400,161,262
BCL7B_GGTTCCTGTGACAGACAGCA,BCL7B,243,142,196
BCL7C_GGTGACACAGAGGACTCGGA,BCL7C,6,8,60
BCL7C_CTTGACGTTCCAGATCCCGG,BCL7C,722,340,522
BCL7C_TTTGCAGGGAACCTTCCGAA,BCL7C,1529,280,772
BCL7C_GGCAGAGAGATCCCGTGGCC,BCL7C,414,132,301
BCL7C_GCACCCACTTGAAGATACGA,BCL7C,531,417,286
BCL7C_CCATCGAGAAGGTCCGGAGA,BCL7C,3099,248,745
BCL9_TCTCCAATCAGGGTAAACAG,BCL9,1546,525,815
BCL9_CCTAAAGCACTCCCTGGCCC,BCL9,993,709,87
BCL9_GCAGTAGTTTGGCCATGGGA,BCL9,792,79,40
BCL9_ACATGATGGTCCATCAGCAC,BCL9,1114,310,762
BCL9_TAGAGAGTGGGTTCTGGGAA,BCL9,1018,382,357
BCL9_ATGCCTTGTTGGAGAAAGGC,BCL9,206,80,155
BCL9L_AGCAGCTCCTCACGGACCCG,BCL9L,1099,115,86
BCL9L_ACCACCAGCAGAACGTGCCC,BCL9L,509,24,54
BCL9L_ACATATACGAACTGCGAGGG,BCL9L,1464,311,276
BCL9L_CTCTGGACCGGACAGTGAGG,BCL9L,1284,175,227
BCL9L_CAACGTGGGCTCGAAGGGCG,BCL9L,1326,391,616
BCL9L_CACACCTTGTCTTGTTAGCC,BCL9L,2213,345,661
BCMO1_TCCCTCGGCACCCTGAGCAA,BCMO1,1600,215,229
BCMO1_GGGCAAGGCCGTCGAACCAA,BCMO1,354,252,90
BCMO1_GCCTACCTGGTACTGTGGCA,BCMO1,1402,216,239
BCMO1_TTGCTAGAGGGCAAGAAGCA,BCMO1,1007,397,436
BCMO1_GGTTGGCCAGGTAGAAGAGC,BCMO1,342,166,169
BCMO1_ACGGCCCTGAAGGAAGAAGA,BCMO1,1071,86,202
BCO2_GCCGGTGCACCATCACAGGA,BCO2,776,516,249
BCO2_TCTCTACTTCGAATTGGACC,BCO2,286,282,285
BCO2_GCTGCTTCACCAGTTCAGAA,BCO2,1329,467,479
BCO2_TATTCGGGTTCCTCCAGAGA,BCO2,512,351,403
BCO2_AATCAATGCCTTTGAGGACC,BCO2,479,37,226
BCO2_TTCAGCCAGTGCTGTGAAAC,BCO2,1544,853,1491
BCOR_TGCTGCACCTTAGAGAACGA,BCOR,2024,989,643
BCOR_TTTCCAACACTATACTCGCC,BCOR,504,105,256
BCOR_GCAAATTCAGCCCAGCCGAC,BCOR,426,618,470
BCOR_CTGACCTCACAGTAAGCAGC,BCOR,104,329,202
BCOR_CACAAACTCTGGACGGCCGG,BCOR,501,260,200
BCOR_ACAGCTGGATGAACAGCGAG,BCOR,641,132,536
BCORL1_TCTACAGCACCGCTCTACAG,BCORL1,668,2206,807
BCORL1_TCTGATGAGGAGTCAACGAC,BCORL1,129,212,226
BCORL1_TCTGAGGGCTGAGGGTCAAG,BCORL1,1300,409,737
BCORL1_CGAGCCGACAGCCACGAGGA,BCORL1,2253,1468,598
BCORL1_GACAAGTCTCTGCTGAGCCA,BCORL1,482,111,0
BCORL1_TCTTGCCCAACAAAGTCCAG,BCORL1,272,299,303
BCR_CTTTGTCGTTGACCTTCACC,BCR,706,109,110
BCR_GCCCACGGCATTCCTCGACC,BCR,1330,203,207
BCR_GATACGGCTGCGCTGCAGAC,BCR,164,34,51
BCR_CGCTAGCCAGGATTCCCGAC,BCR,646,737,1291
BCR_CGTCAGCACCGGCTGAGAGG,BCR,1884,385,594
BCR_CGTAGTTGTCCACGAAGGCC,BCR,1396,394,429
BCS1L_GAAGGGTGTCCAACTGGGCC,BCS1L,6,103,270
BCS1L_AGATGATAGACTTGCAGACG,BCS1L,999,131,341
BCS1L_CGGCGGCGTGGATAGCCAAA,BCS1L,2070,736,631
BCS1L_AAACTGCTCTTTCCGCAACC,BCS1L,2111,376,315
BCS1L_GAGTCGGTCATCAGAGAGGC,BCS1L,255,55,49
BCS1L_CCAGACCCAGTAAAGTACCA,BCS1L,1532,301,383
BDH1_CCTGGGCGTGAAGGTCAGCG,BDH1,439,415,250
BDH1_GGAGGTGGAGTTCACCAGCC,BDH1,121,58,348
BDH1_AGATGCCGGCATTGTTAACG,BDH1,2121,682,738
BDH1_CGCTGCTGCAGACATTGAGC,BDH1,1520,389,1119
BDH1_GCCAAGCATCTGCATTCAAA,BDH1,446,513,598
BDH1_TTATGCCAGTGCGGCGGAGC,BDH1,414,54,83
BDH2_GACAGACCCACCTTTGACGC,BDH2,833,414,122
BDKRB1_CTCCGAAAGGCCAGTTAAAC,BDKRB1,3260,1288,1726
BDKRB1_CGGCAGAGGAGGGCTCCGAA,BDKRB1,2294,1317,1432
BDKRB1_AGCCTCGGACTGCTTGCACC,BDKRB1,997,68,109
BDKRB1_TTCAGCCGGCCTTAAGCAGG,BDKRB1,662,99,231
BDKRB2_GACAAAGATGTTCTCTAGGG,BDKRB2,190,31,109
BDKRB2_CATGGTCCGGAACACCAGCA,BDKRB2,1179,623,567
BDKRB2_AAGTCTTGGGAGGTGTACCA,BDKRB2,526,187,125
BDKRB2_AATCTGGCGTTCCACGGAGA,BDKRB2,1622,510,304
BDKRB2_AGATTCACAAACTGCAGGAC,BDKRB2,1065,251,461
BDNF_ACGACTGGGTAGTTCGGCAC,BDNF,524,249,179
BDNF_GACGGTCACAGTCCTTGAAA,BDNF,579,424,266
BDNF_AGTGGACATGTCGGGCGGGA,BDNF,463,39,0
BDNF_GCAAACATCCGAGGACAAGG,BDNF,1762,235,319
BDP1_CTGCCTCCGCCATGTTCCGC,BDP1,364,26,29
BDP1_ATTCGGTATCTGTCTGAGCA,BDP1,870,45,40
BDP1_ACTTACTCTCTTGTCTGGAC,BDP1,525,72,140
BDP1_AGACACGGAAAGATCTCAGA,BDP1,330,88,55
BDP1_ATAAGGCCTGAGCTAAAGGA,BDP1,470,81,12
BDP1_TGTTCTGGAACTGCGGACGA,BDP1,952,219,252
BEAN1_CAATGATGGTGATGCAGGAG,BEAN1,196,226,359
BEAN1_TCATTGTGGGCAGCATCCGC,BEAN1,1278,254,244
BEAN1_CATACAGCCGCTCAAGCCGC,BEAN1,223,111,162
BEAN1_CCGTCAGAGCTGATGTCCAA,BEAN1,2046,646,485
BEAN1_CCGCACACAGCCTCGTAGGG,BEAN1,2475,277,665
BEAN1_AGCCCTGCAGCTGCCTCGAG,BEAN1,490,132,99
BECN1_ACTGCTCCTCAGAGTTAAAC,BECN1,1015,537,385
BECN1_ATTCCATTCCACGGGAACAC,BECN1,426,102,218
BECN1_TGCCCAGTGTTCCCGTGGAA,BECN1,2332,171,169
BECN1_TAAACGACAGCAGCTGGAGC,BECN1,432,186,176
BECN1_CGAGAGACACCATCCTGGCG,BECN1,873,176,55
BEGAIN_AAGGCCGACAGCTTCTCCGA,BEGAIN,260,73,91
BEGAIN_AGTGCAGCCAGACCTACGGC,BEGAIN,827,208,129
BEGAIN_CCAGGGCCAGCACTATGAGG,BEGAIN,2428,247,303
BEGAIN_GCAGAGGATCAACCAGGAGC,BEGAIN,687,227,343
BEGAIN_CGCGCAGGAGGAACTGGAGA,BEGAIN,921,433,522
BEGAIN_AGAAGGGCGAGCTGCGCAAG,BEGAIN,2154,628,787
BEND2_ACCTTCCACTGATAATCCAG,BEND2,975,146,122
BEND2_GGGATTGGCTGTCTTTCAAA,BEND2,526,194,337
BEND2_CTCGTATTTCCCGATAAAGC,BEND2,1822,872,1005
BEND2_ACCAGGGTTATTTGCCAGAC,BEND2,1077,400,488
BEND2_CAGTTACAACTCAGAGGAAG,BEND2,738,322,367
BEND2_TGATGGCCATCATTGCCGCC,BEND2,405,200,56
BEND3_GGATGAGCTTGATGCGGGAG,BEND3,978,196,146
BEND3_GGTGAGCCGCATCAAGAAGC,BEND3,309,109,64
BEND3_TCAGGAGCCGCAGTGACGAG,BEND3,647,403,257
BEND3_CGTGTACGAGCTCTTTGAGA,BEND3,1928,297,243
BEND3_CGAAAGCAGCTGGTCAGCGA,BEND3,2077,429,851
BEND3_CACTGTGAAAGTGGAGACAG,BEND3,580,517,360
BEND4_TTATGAAGGGATCGATCACC,BEND4,258,90,23
BEND4_ACTCATGCGGCCTTGGGAAA,BEND4,2223,843,645
BEND4_AGAGACCTACCTCTGTCGGC,BEND4,409,30,6
BEND4_TTCATCTACACTGCCAGAAG,BEND4,995,247,282
BEND4_ATATGGCCATCTGGCCGACG,BEND4,203,3,148
BEND4_GATGTGGCGGGCGTGCAGGA,BEND4,12,2,3
BEND5_CTTAGTTTGTGAGGCGAGAG,BEND5,1747,335,642
BEND5_AGAATGTCTCGAGCCCGAGC,BEND5,927,90,80
BEND5_CCATAGCACGTGTCCGGAAG,BEND5,5133,1041,980
BEND5_CCGGACACGTGCTATGGCCC,BEND5,986,364,311
BEND5_GAAGTCGCGCACGCACGACA,BEND5,337,112,178
BEND5_AAGTCGCGCACGCACGACAC,BEND5,946,729,357
BEND6_GGTGGATGCAGATGTAGACA,BEND6,553,114,31
BEND6_GAGGCTTGCTCTTGTTACAA,BEND6,947,185,393
BEND7_GGACTCAATGACAACCGGAA,BEND7,733,100,166
BEND7_TGGCAACTTACATCTGAGGA,BEND7,1672,503,952
BEND7_ATGCTCAGGAGAACTTCCAG,BEND7,666,68,107
BEND7_CACCCTACCACGAGCTCCAA,BEND7,1156,520,239
BEND7_CATGCCAGATTATCACCACG,BEND7,2307,1110,344
BEND7_AGCTTCAAACTGGTGAGCCG,BEND7,228,164,203
BEST1_GGATGATGTAGTAGCAGAGC,BEST1,698,140,220
BEST1_CTCGTACTGGTTCCACCAGC,BEST1,1608,138,229
BEST1_ACAGTGGGCTCACGTTCAGC,BEST1,371,368,57
BEST1_GACACCTGTATGCCTACGAC,BEST1,209,105,344
BEST1_ACGTGAAGACGGGCACAACG,BEST1,2623,951,930
BEST1_AGACCAACTGGATTGTCGAC,BEST1,313,145,175
BEST2_GCACCAAGCACGAAGGAGAC,BEST2,467,308,222
BEST2_TGAGTGTGCGCCGGTAGAGG,BEST2,1672,276,220
BEST2_CCTTAAGCTGCTGCTCGAGG,BEST2,779,232,232
BEST2_ACAGTGCGATGGTCACCACC,BEST2,565,419,244
BEST2_CTTGTACTGGGATGCAGCCG,BEST2,1685,455,646
BEST2_GGAGTAGAAAGGACAGGCGC,BEST2,383,0,67
BEST3_GATTAGGAGACATTCGGCAA,BEST3,1165,140,87
BEST3_GAGCTTACCCAAGATGAAGA,BEST3,383,161,190
BEST3_AGACAGCAAGAGTGACAACC,BEST3,1812,522,379
BEST3_TGACTGGGTTGGGATTCCGC,BEST3,1392,125,237
BEST3_ACCAGTTTGTGAATTTGCCC,BEST3,421,58,181
BEST3_AGGTTACTCCTCAAGTGGAG,BEST3,808,65,138
BEST4_AGTTCCGGAGGCTGATGGCC,BEST4,297,109,185
BEST4_CAGTGCAAGCCACTCACCGC,BEST4,1717,293,477
BEST4_CACAAACTGGCGGCCAACCA,BEST4,2274,337,446
BEST4_TTGTGTACTGGGACCACCAG,BEST4,451,191,320
BEST4_GAGGTACGTGTATGCTCAGG,BEST4,252,6,20
BEST4_GCCAGAGAAACCTCCGAAGC,BEST4,423,28,98
BET1L_ACTGGCTCACGTCCTTGCCC,BET1L,1015,63,96
BET1L_CACGCTCCCTGTAAGCAGGC,BET1L,1447,496,412
BET1L_TGAAATCCGAGTCCTAAGGG,BET1L,1234,336,285
BET1L_GATGGCATGGTAAGGGCCCA,BET1L,6,76,63
BET1L_ACCACTGACCGATTTGAGCC,BET1L,748,266,261
BET1L_AGACCGGGAGAACAAGCGAA,BET1L,370,126,144
BEX1_CAGTATTCACCAGCATCCAA,BEX1,397,134,129
BEX1_ATTCACCAGCATCCAAAGGG,BEX1,504,556,180
BEX1_TTCACCAGCATCCAAAGGGA,BEX1,1340,551,538
BEX2_TCACGTCGAGAATCGGGAGG,BEX2,1265,287,124
BEX4_TAGCGGCAAACAATCTCAAC,BEX4,879,864,702
BEX4_AGCGGCAAACAATCTCAACG,BEX4,1766,669,574
BEX4_AGAATCCCGCCATTTGGGAG,BEX4,1218,292,263
BEX4_CTGGAGGAAATATCAGGCGG,BEX4,53,113,321
BEX5_TATTCACCACCTCCTAAAGC,BEX5,553,154,111
BEX5_ATTCACCACCTCCTAAAGCG,BEX5,417,192,361
BEX5_TTCACCACCTCCTAAAGCGG,BEX5,2027,218,341
BFAR_ACTAACAGAAATCTGAGGGC,BFAR,667,7,67
BFAR_AAGATGCCCACCATAAAGCA,BFAR,1333,1057,357
BFAR_TCGTCTATCACTGGAGCAGC,BFAR,248,204,339
BFAR_TGAGGGCGTATAGCAGGAAC,BFAR,1320,224,349
BFAR_TTGCTGAGTTTGCTTGGGAC,BFAR,2137,332,308
BFAR_ACTCCGGCGGCTGGAAACCC,BFAR,1334,161,614
BFSP1_CTCTGTGCTTTATGACGGCC,BFSP1,737,432,406
BFSP1_TCATCGAGATTGAAGGCAAC,BFSP1,1076,178,121
BFSP1_CTCCAGCTGACTCCGCAGGG,BFSP1,1666,155,41
BFSP1_CCTCATCCCACTCGTCACAA,BFSP1,2189,936,976
BFSP1_ATATCAGTGCGGCAAAGGAC,BFSP1,758,353,290
BFSP1_TGCTCTCGACTTGGCGGGCG,BFSP1,1631,790,558
BFSP2_CAAACCTGGAGCCGGCACGG,BFSP2,808,481,219
BFSP2_AACACAACTGCGGATGCACC,BFSP2,576,132,132
BFSP2_ATGGATGCTCCCATTGGCAC,BFSP2,419,108,395
BFSP2_TCCACAGCAACAGGCGGAGG,BFSP2,1282,67,60
BFSP2_TTTCCTTGGCCCACTTACCA,BFSP2,342,365,332
BFSP2_CAGGGAAATCCGAGCGGAGG,BFSP2,528,422,558
BGLAP_ACTCCTCGCCCTATTGGCCC,BGLAP,101,31,80
BGLAP_AGCGATGCAAAGTGCGGCCA,BGLAP,1032,300,369
BGLAP_CAGCGATGCAAAGTGCGGCC,BGLAP,281,52,13
BGLAP_CTTTGCATCGCTGGCCAGGC,BGLAP,763,310,357
BGLAP_GCGAGGTAGTGAAGAGACCC,BGLAP,371,156,230
BGLAP_CCATTGATACAGGTAGCGCC,BGLAP,462,61,54
BGN_GCAGAGACACGAGGCGCCAC,BGN,1308,180,58
BGN_CGACATCTCCGAGCTCCGCA,BGN,1083,24,296
BGN_CCACGACAACCGCATCCGCA,BGN,851,386,562
BGN_GAGAACAGTGGCTTTGAACC,BGN,1411,134,124
BGN_ACAGCTTGGAGTAGCGAAGC,BGN,742,189,250
BGN_AGATCAGGATGATCGAGAAC,BGN,792,206,209
BHLHA15_GGATGACTTCACGCAGGGCC,BHLHA15,855,79,102
BHLHA15_GCGTGGAGTACCTCTGCAGG,BHLHA15,276,172,10
BHLHA15_GCAGATCCACAGCTTCCGAG,BHLHA15,1069,440,480
BHLHA15_CAGATCCACAGCTTCCGAGA,BHLHA15,1334,139,136
BHLHA9_CAGGACTAGGCCTCACGGCG,BHLHA9,828,381,301
BHLHA9_TAGGCCTCACGGCGCGGAAG,BHLHA9,439,116,124
BHLHA9_CCAAGATCGCCACGCTGCGC,BHLHA9,1397,666,560
BHLHA9_CAAGATCGCCACGCTGCGCA,BHLHA9,1148,915,831
BHLHA9_TGCGGACACCTGGAGTGCCA,BHLHA9,342,339,168
BHLHA9_ACACCTGGAGTGCCACGGCC,BHLHA9,402,98,592
BHLHB9_CAAGGTTGTTGCTGAGACGA,BHLHB9,1751,322,573
BHLHB9_ACTGATGCCTGGTTCTGGGC,BHLHB9,431,58,6
BHLHB9_GGGCGGCAAGCTGTTGCCAC,BHLHB9,179,53,57
BHLHB9_AGCGAGTGTTCCTAGAAGGG,BHLHB9,1472,313,439
BHLHB9_ACGTCAAATCAGGATCAGGG,BHLHB9,1130,209,291
BHLHE22_AGGGACAGGTCCATGCCCGG,BHLHE22,1366,0,71
BHLHE22_AGCCTAAGCAGCCTGCCGGC,BHLHE22,159,44,24
BHLHE22_TTCGCCGTACTTGAGGCAAA,BHLHE22,1377,955,574
BHLHE22_TCAATGCCCGAGAGCGCCGG,BHLHE22,524,205,281
BHLHE22_GGAGGAGACGCTGTTAAACA,BHLHE22,1714,145,221
BHLHE23_GCGGCGCACTTGTCAGGGCA,BHLHE23,1185,521,496
BHLHE23_GCACACAGTGGCCTGGCCGA,BHLHE23,1158,70,170
BHLHE23_AGAGCAGCGGCGAACAGAGC,BHLHE23,1136,212,121
BHLHE23_GAGAGCAGCGGCGAACAGAG,BHLHE23,574,43,54
BHLHE23_ACTAAGCCACGGCTACGCGG,BHLHE23,86,7,127
BHLHE40_CGGTGCTTTGGGCAGGCAGG,BHLHE40,23,72,71
BHLHE40_TGGAGCACGGAGACCTACCA,BHLHE40,1072,340,367
BHLHE40_CAAGTGTACAAGTCAAGACG,BHLHE40,2237,420,545
BHLHE40_AGACCTACAAATTGCCGCAC,BHLHE40,349,164,174
BHLHE40_CTGCAGAGTGGTTTACAAGC,BHLHE40,1987,767,1071
BHLHE40_AGCACTTCTCCAGCATGGGC,BHLHE40,0,0,35
BHLHE41_GAAGTATCTGTACCCGGCGG,BHLHE41,300,196,201
BHLHE41_CGCGAGAAAGGCAAAGGCGC,BHLHE41,546,58,113
BHLHE41_CGCCGGTGCCTTTGCTCAGA,BHLHE41,1138,572,409
BHLHE41_ATGCTGTTGCTCGGTTAAGG,BHLHE41,1041,358,458
BHLHE41_CATGAAACGAGACGACACCA,BHLHE41,2193,783,1067
BHMT_GCTGTGGAGCACCCAGAAGC,BHMT,381,353,612
BHMT_TGAGGAACTCTCGATGAAGC,BHMT,957,267,626
BHMT_TTGCGACATCGCCCGACAAG,BHMT,1183,669,847
BHMT_AGGCGCACTGCACACTCGCC,BHMT,351,79,68
BHMT_GAGTGTGGTAAGCCAAGGGC,BHMT,499,110,6
BHMT_CCTTCAATGTCAAAGCCAGA,BHMT,616,229,450
BHMT2_CTCATTACTCTGGAGAAGAG,BHMT2,798,341,390
BHMT2_TGCCAGCCACTTCCCTGGCG,BHMT2,2865,1130,1232
BHMT2_CCTCACAGCACATTCTCCGG,BHMT2,519,434,185
BHMT2_CTTTGCCACAGTCAGGCGCG,BHMT2,1005,271,301
BHMT2_CGCCTGACTGTGGCAAAGAG,BHMT2,1575,1241,1392
BICC1_AGGAGCGCTTCCGCGTGGAC,BICC1,58,0,26
BICC1_ATCGGAGCCAAATCCAAGAA,BICC1,1172,227,236
BICC1_CAATCGAGTCACACTGAAGA,BICC1,1744,629,298
BICC1_TCTATAGCGGGACAACCAGC,BICC1,378,66,17
BICC1_GATTACTGGGATCAGGAAAG,BICC1,1237,159,115
BICC1_CTGGATATCTTAGCTTCAGC,BICC1,81,130,127
BICD1_TGATGAGTGGGCCTTGCGGG,BICD1,1082,784,503
BICD1_GCAGGAGTCAGCATCGAAGG,BICD1,1120,573,431
BICD1_TACCTGGTTCTGCTTCAACG,BICD1,2101,419,849
BICD1_TAAGCGATTTGAGGAGGAGA,BICD1,246,55,54
BICD1_GCTCCCGTTTGGTGCTCAGC,BICD1,104,290,365
BICD1_GAGCAGTCCCGACGCAGCAA,BICD1,1068,367,236
BICD2_CTTGCTCTTCAGGTTGGCAA,BICD2,1690,286,166
BICD2_GCTCCTGAGAGGCAATGCGC,BICD2,368,455,180
BICD2_CATCCAGCGAGACATGCAGG,BICD2,195,79,310
BICD2_ACTCCTTGATGTCATCCCGC,BICD2,882,182,130
BICD2_GGCTGCTGACGGAGAGAGCC,BICD2,177,144,47
BICD2_CCTCGAACTGCAGCTTGAGC,BICD2,84,127,77
BID_AAGACATCACGGAGCAAGGA,BID,529,74,124
BID_GAACACCAGCCGGTCGGAGG,BID,839,51,25
BID_AAGTGCTGAGGAAGAAACGG,BID,184,69,195
BID_CCGCAGAGAGCTGGACGCAC,BID,2763,536,957
BID_CCACTGGGACACTGTGAACC,BID,4673,1792,1153
BID_GATGGCTCGGTGGGCAGCGA,BID,417,166,81
BIK_TGACGCATTGGCCCTGCGGC,BIK,394,178,107
BIK_CGTAGATGAAAGCCAGACCC,BIK,2142,467,133
BIK_AGGCTCTTACCCAGGACCCG,BIK,688,266,220
BIK_CCCACAGGTGTCCTGCGAAC,BIK,2635,1337,1430
BIN1_GCAGTTTGCCTTGGCACCAC,BIN1,1543,468,469
BIN1_CAGTCACGCATTGCCAAGCG,BIN1,364,130,337
BIN1_TGTCCATGGTCAGCAGCGCC,BIN1,1104,332,248
BIN1_ATGAGCCCGATTGGCCCGGC,BIN1,148,153,139
BIN1_CTGCCTCCTACCTTTGACGG,BIN1,16,509,426
BIN1_GAAGAAGCTCACCCGCGCGC,BIN1,4,122,104
BIN2_AGCCACTCTTACCCATACGA,BIN2,1083,395,283
BIN3_AGTCATCGGCCACAATGGAG,BIN3,1134,203,274
BIN3_TCTTGTTCCCTAGGCACGAG,BIN3,920,324,277
BIN3_GGCTGTGAAGAGGCGGGAAC,BIN3,353,205,319
BIN3_GGTCCTGGGTCACCTCCGAA,BIN3,774,116,317
BIN3_GGATGCCTTCAATCAGGAAA,BIN3,294,325,255
BIN3_GAAGAGCACCGACGCAGACC,BIN3,1214,317,367
BIRC2_TGGAGACGTATTCTTAGAGG,BIRC2,1156,963,290
BIRC2_CAAGCTACTATGTTCCAAGG,BIRC2,1469,485,804
BIRC2_CCATCAGAATTGGCAAGAGC,BIRC2,1987,479,579
BIRC2_GCTCAGTAACTGGGAACCAA,BIRC2,599,69,110
BIRC3_ATTGAGCAATTGGGAACCGA,BIRC3,121,52,5
BIRC3_CCTCTTTCTAGATCTACCAG,BIRC3,267,161,295
BIRC5_ATGCGGTGGTCCTTGAGAAA,BIRC5,2066,118,134
BIRC5_GATGCGGTGGTCCTTGAGAA,BIRC5,667,22,11
BIRC5_CCCTTGCAGATGGCCGAGGC,BIRC5,278,158,236
BIRC5_CCTTAATCCTTACAGTGGGC,BIRC5,204,10,18
BIRC5_GACAGAAAGGAAAGCGCAAC,BIRC5,838,45,0
BIRC5_TGGCACCAGGGAATAAACCC,BIRC5,1702,201,171
BIRC6_ATCCTGGCCGTCACTAGCCG,BIRC6,984,696,488
BIRC6_TGACATTTCACCTGTCCACC,BIRC6,983,146,62
BIRC6_TGCACGTCCAGAACTCGGAG,BIRC6,1066,248,420
BIRC6_CAGTAGGTTCCCAACAAACG,BIRC6,2173,800,997
BIRC6_GCACAGTTTCCTTGTACGGA,BIRC6,1225,309,308
BIRC6_CAAGGAGACCAACTTTGGCG,BIRC6,796,162,132
BIRC7_GCTGCCGGCTTCTTCCACAC,BIRC7,1193,295,431
BIRC7_CTCACCTTGTCCTGATGGCC,BIRC7,1046,550,1025
BIRC7_CAAGGGCTTGAAGCAGACAG,BIRC7,1657,329,224
BIRC7_GGTGTCAGCTCTCACCGGAG,BIRC7,425,48,89
BIRC7_GCTCCTGGGCACTTTCAGAC,BIRC7,1606,509,623
BIRC7_CTTTGTGCCGTGCGGCCACC,BIRC7,273,54,198
BIRC8_GCTAGCCAACTGGAAGCCCA,BIRC8,402,46,64
BIRC8_CCATGACGGGTTATGAAGCC,BIRC8,848,673,560
BIVM_TTGTCCAGTGACTCATACAC,BIVM,1810,275,306
BIVM_ATGCGAGAGGTAGCTTGCCC,BIVM,342,63,224
BIVM_TTATACAGCACAATGGGAGC,BIVM,598,279,271
BIVM_GCCCTGTCAAAGTTAACCCG,BIVM,825,254,375
BIVM_GGATATCCGGCACTTAGAGA,BIVM,584,204,286
BIVM_GGAAACTAGCACTGAAAGAC,BIVM,1925,251,223
BLACE_CCCAGGGTCTCCAGAACACA,BLACE,1769,400,814
BLACE_CCTCTAGGAGAGGTCACGGG,BLACE,658,104,135
BLACE_GCTCTCTTCCGAGGCCCAGC,BLACE,304,276,94
BLACE_ACATCATCCCTGCCTCCAGC,BLACE,59,30,15
BLCAP_CCGTTAGGTGCCCACAACGC,BLCAP,2348,372,489
BLCAP_CGTTAGGTGCCCACAACGCC,BLCAP,1240,296,245
BLCAP_CATGCGCCGATTCTGGAAGC,BLCAP,1042,344,431
BLCAP_AGTGGCTGAACCACAGGGCG,BLCAP,568,223,306
BLID_TGGATAAATGGAACTGCCAG,BLID,725,175,122
BLID_AGTGTGTGCTCTACACAGGA,BLID,546,139,107
BLID_TTTGTTGCCTATAGAGGGCC,BLID,574,80,26
BLK_CTTGGGCGCTGACCTTCAGG,BLK,671,69,41
BLK_TCCACCGCCCGATGAACACC,BLK,1284,549,303
BLK_TCTTCCTGTGACGAGTGACC,BLK,593,51,177
BLK_TAGATCACAGGGTCGGAAGG,BLK,852,291,228
BLK_ACTAGAATAGTGCTGCACCA,BLK,1065,705,265
BLK_ACCAGCCTGAGAGACTGCCG,BLK,163,66,49
BLM_AGATTTCTTGCAGACTCCGA,BLM,140,79,30
BLM_ACTACCACCCTAGGAAAGAC,BLM,658,31,83
BLM_CATTGTTCTCTTTCAGGAGG,BLM,1047,99,102
BLM_TACGGCCACAGCTAATCCCA,BLM,270,9,20
BLM_TGTCACATTCTCGCCTGGAG,BLM,2302,95,69
BLM_GCATCACATAAGCGATCGCC,BLM,69,0,41
BLMH_CAGCAGTGAAGGTCATGGCG,BLMH,4183,559,472
BLMH_ATCCACCAGAGACATTCACC,BLMH,24,85,63
BLMH_CTGTATACGACTGCGGAACC,BLMH,1021,736,919
BLMH_ATACAACAGAGGCAACCAGA,BLMH,83,82,112
BLMH_CTGCAAATGATGGTGGCCAA,BLMH,2053,1355,817
BLMH_CATCTGTCTGAAGCGGGCCA,BLMH,1098,0,153
BLNK_AAGGATTCTTACTTCTGGGC,BLNK,100,10,1
BLNK_ACAGGTACTTACCCGGCCCG,BLNK,906,111,69
BLNK_AAGACAATCGATCAAGCCAG,BLNK,1309,192,57
BLNK_TATATACTCGCCTCTGGCGA,BLNK,3,0,2
BLNK_ATTTGGAAGGGTTCCAGGAA,BLNK,850,219,195
BLNK_ACCTCCAAGTGTTCCTCGAA,BLNK,983,313,355
BLOC1S1_AGCGTTCCAGCTTCCGGAGC,BLOC1S1,1114,251,281
BLOC1S1_TGCGTTCATTCTGCTTGGCC,BLOC1S1,1495,1618,266
BLOC1S1_CACCAAAGCTTCTGTCAGGC,BLOC1S1,1420,903,560
BLOC1S1_GACAGGCCAGTGGATCGGAA,BLOC1S1,642,109,272
BLOC1S1_AATGGTGGAGAACTTCAACC,BLOC1S1,550,128,380
BLOC1S1_CTGGGCTCGGAGCATCGAGC,BLOC1S1,489,97,163
BLOC1S2_TTCCTCAGCTGTCTCCACGG,BLOC1S2,1022,307,112
BLOC1S3_TTCGGTGCCATGGCGTCCCA,BLOC1S3,514,136,317
BLOC1S3_TGCGTCCTCGTCGGAGGAGG,BLOC1S3,643,111,178
BLOC1S3_AGTTGCAGGAGCGAGCGCGC,BLOC1S3,1163,61,219
BLOC1S3_AAGTTGCAGGAGCGAGCGCG,BLOC1S3,664,401,368
BLOC1S3_TAGTAGGCTGGCGGCAGCCC,BLOC1S3,321,131,38
BLOC1S3_GACGCTCGGCCAGCGCACAA,BLOC1S3,1328,391,371
BLOC1S4_ACTCGTCCACTCTGGTAAGC,BLOC1S4,382,106,139
BLOC1S4_CTCGTCCCACGTCGTCAGCG,BLOC1S4,1176,120,139
BLOC1S4_CAGGAGCTTCTTGAACGCCC,BLOC1S4,1071,68,66
BLOC1S4_GAGGCCTTTCACTGCAACAA,BLOC1S4,1006,51,92
BLOC1S5_TGAAGGAGCAACCCAACAAA,BLOC1S5,1410,667,438
BLOC1S5_AGAAACAGCATATGCTCCAG,BLOC1S5,245,149,97
BLOC1S5_TAGACTCCAACAGAGGGAAC,BLOC1S5,677,172,12
BLOC1S5_AATGCGGGACAGCCTCAGCC,BLOC1S5,988,120,138
BLOC1S5_TCTTCTTGCTGCCACCGCCC,BLOC1S5,377,125,238
BLOC1S5_CGGGCGGTGGCAGCAAGAAG,BLOC1S5,1824,564,328
BLOC1S6_CACCCTACTGCCTGGAGGCC,BLOC1S6,556,414,255
BLOC1S6_TGGGCGGAACTGAAGTCCCG,BLOC1S6,951,253,422
BLOC1S6_GGGCGGAACTGAAGTCCCGA,BLOC1S6,17,7,15
BLOC1S6_AAGGGAGCAGCAACGAGAGA,BLOC1S6,272,51,96
BLVRA_CCCTTGTGTTTCAGCCCGAG,BLVRA,1574,670,816
BLVRA_TGATTGGCTTCGTGTCGAGG,BLVRA,921,244,215
BLVRA_TGCTCTTTCCAGCCAAGAGG,BLVRA,723,200,580
BLVRA_CTGGCCCGTTGGAAGAAGAG,BLVRA,1711,441,507
BLVRA_GCGGCATCTCTCGCCTGACC,BLVRA,118,276,133
BLVRA_TGCCACTTTGGAAGAGCGAA,BLVRA,1029,697,465
BLVRB_CTCACCACCGATGAGTACGA,BLVRB,1566,425,723
BLVRB_AGCGCAGCATGAAATGGCCC,BLVRB,1196,264,65
BLVRB_ATGATCCCACCACCCACCCG,BLVRB,1330,169,288
BLVRB_CCCACGACAGTGATGTCCGA,BLVRB,1581,574,374
BLVRB_TCTCCCACTACCACGTGGGC,BLVRB,636,85,82
BLVRB_ATCGCGATCTTCGGCGCCAC,BLVRB,704,169,67
BLZF1_CCAATCCGAGGAGCAGGAGA,BLZF1,948,244,111
BLZF1_TAACTCCCTCTGACTGACCA,BLZF1,915,190,134
BLZF1_CCAGCTCCGTGTACAGACAG,BLZF1,3795,907,1233
BLZF1_CCTCTGTCTGTACACGGAGC,BLZF1,362,54,92
BLZF1_AATTGCTGCAATCACTGCCG,BLZF1,102,73,336
BMF_CTACTTGCTGCACATGAAGC,BMF,1660,739,1033
BMF_CTTGCTGCACATGAAGCCGG,BMF,1192,115,290
BMF_GCATTGCAGACCAGTTCCAC,BMF,1727,170,229
BMF_CCAGTAGGCTCTGGGCAAAC,BMF,2546,707,1022
BMF_GGATGATGTGTTCCAACCAG,BMF,1023,166,312
BMI1_AAGATCAGTCACCAGAGAGA,BMI1,234,60,30
BMI1_AAGGCCAACAGCCCAGCAGG,BMI1,799,284,92
BMP1_AGTCGGCCAAGTCCAGCGGC,BMP1,742,92,67
BMP1_AGCAGGCTGTGGATCTCAGA,BMP1,540,110,82
BMP1_AGGTAGATCCCGTAGCCGGC,BMP1,102,120,52
BMP1_CCAGAGGGCAGTCTTCCGGC,BMP1,689,382,232
BMP1_CGTGCCAGAAGCCGACGACG,BMP1,2585,298,72
BMP1_AGTGAAGAGTGGAGAACGCC,BMP1,322,77,164
BMP10_TCATAGGCTTCGTATCCAGG,BMP10,567,193,167
BMP10_ACTCCACTGCCCGAATCAGA,BMP10,363,103,50
BMP10_TTTGAAGTGCTGGAGAGCAA,BMP10,793,205,324
BMP10_GCTATACACACTGGTGCAAA,BMP10,1081,488,235
BMP10_CTCCTAATGATGTTGGCAGA,BMP10,708,250,369
BMP10_CACGCAGGATTCAGCCAAGG,BMP10,1564,696,437
BMP15_CACAGGGCCCAAATGGCAGA,BMP15,850,581,692
BMP15_CGGCGTTCAGCTGACTCGCA,BMP15,1799,692,921
BMP15_CATGCGAGTCAGCTGAACGC,BMP15,1085,344,298
BMP15_CAAGCGTTAGACATCAGGGA,BMP15,438,156,683
BMP15_GGCGGAAGCTGATTTGGAAA,BMP15,250,469,403
BMP15_TGTCTCCGAGTACTACGCGA,BMP15,1132,295,239
BMP2_GCAGCAACGCTAGAAGACAG,BMP2,1567,350,455
BMP2_TCAGGACCTCGTCAGAGGGC,BMP2,66,26,5
BMP2_GCGCACAGTGTTGGCTCGGC,BMP2,395,155,100
BMP2_GCACAGGGACACGCCAACCA,BMP2,3491,1070,916
BMP2_CACTGAAGTCCACGTACAAA,BMP2,3402,962,875
BMP2_GAGTTCAGATGATCAGCCAG,BMP2,641,72,94
BMP2K_TCTCGGATGCCCAAGTCGGA,BMP2K,171,119,175
BMP2K_TTCCTCGTGCGTACTCACGG,BMP2K,542,814,587
BMP2K_AATGGTCAGCACACTGGGAG,BMP2K,671,238,73
BMP2K_AGTACTCCAGCAACTACAGC,BMP2K,809,73,154
BMP2K_GGTGATGCCTGTTGTTGAGA,BMP2K,140,67,3
BMP2K_TTCCACCCTGACATATCAGG,BMP2K,1262,54,150
BMP3_TTGCCTTCGCGCAGGAGCCG,BMP3,2050,394,870
BMP3_GCTCCTGCGCGAAGGCAACA,BMP3,1655,534,487
BMP3_AGCTTTCGGGCGGCAGCAGC,BMP3,293,104,315
BMP3_TGGGAGCATCCTCCAGACAC,BMP3,800,350,360
BMP3_TGGCCATATCCACTGACAGA,BMP3,1619,299,294
BMP3_CTTCCTCCGCTCAATGGAAA,BMP3,1299,756,541
BMP4_TACCAGGCCTTCTACTGCCA,BMP4,1320,93,213
BMP4_TGAAGTCCACATAGAGCGAG,BMP4,923,327,475
BMP4_ATGCCTTGACCCGACGCCGG,BMP4,350,3,0
BMP4_GAAGAGCAGATCCACAGCAC,BMP4,1068,74,108
BMP4_CACTCTTGCTAGGCTGCGGG,BMP4,766,333,605
BMP4_CGCCGAGATTCAGGGCCACG,BMP4,1691,758,1157
BMP5_CCAGAGTCTGAACTATAGCG,BMP5,955,475,357
BMP5_TACCTCACTCGCCTTGAAGA,BMP5,160,93,225
BMP5_TGCTGGTCTTGTGGGAAGAC,BMP5,2124,1207,735
BMP5_TACAGCTCTGTGCAGAAACA,BMP5,1055,211,458
BMP5_ACTACGGAACCACGAAAGAC,BMP5,848,341,306
BMP5_GACTACGGAACCACGAAAGA,BMP5,2066,256,395
BMP6_GGCTCAAGACGCAGGAGAAG,BMP6,194,573,518
BMP6_TTTGTGGTGTCGCTGACGAG,BMP6,1691,336,463
BMP6_TTCTGAGGCCCATACTACAC,BMP6,976,304,362
BMP6_CTCTACCCAGTCCCAGGACG,BMP6,4965,1460,1882
BMP6_AAGTCTCCGAGAGCTCACCA,BMP6,543,199,250
BMP6_AGCTTAGTTGGCGCACAGCA,BMP6,1584,764,481
BMP7_CCGTTTCCGGGTTGATGAAG,BMP7,869,222,435
BMP7_CGCCGCCTACTACTGTGAGG,BMP7,1432,96,208
BMP7_GAACCAGGAAGCCCTGCGGA,BMP7,166,109,167
BMP7_GCCGCGGATTGACCACCCAG,BMP7,1997,205,361
BMP7_GATCTTTCCAAGATCCCAGA,BMP7,27,30,36
BMP7_AAGGCCGTCTTCAGTACCCA,BMP7,517,182,256
BMP8A_TGACGTTGTGCGCGCTGGGC,BMP8A,416,104,213
BMPER_AGCACGTAATCCCAGGCGAG,BMPER,460,201,117
BMPER_TGCCCTGGCCATCAAGCAGA,BMPER,1085,206,190
BMPER_TGGCACTGGCGTAGAACACA,BMPER,1610,427,357
BMPER_GAGGGTGTGCAGTATCAAGA,BMPER,173,78,91
BMPER_ACTCTACTGTGGTTTGCAAG,BMPER,1772,270,440
BMPER_CCAAACACCGTGCAAACGCC,BMPER,1603,659,566
BMPR1A_GCTAACCTACCTATGACAAC,BMPR1A,630,327,207
BMPR1B_CTTCTCTCTATGCACACAAG,BMPR1B,1760,337,405
BMPR1B_CAACGCAAGACCTTTGGACG,BMPR1B,2761,507,745
BMPR1B_TGATGGACCTATACACCACA,BMPR1B,525,77,121
BMPR1B_TCTCTCAGGGATTCTCCAGG,BMPR1B,798,27,77
BMPR1B_GGGAAAGTGGCGTGGCGAAA,BMPR1B,1159,247,417
BMPR1B_CATTGATTTAGCGTCTAGGG,BMPR1B,586,366,1923
BMPR2_CAGGATGGTCCATGGTAGCC,BMPR2,665,325,291
BMPR2_AGTGGTGTTGTGTCAGGAGG,BMPR2,456,96,20
BMPR2_CACTTGCAGCTGATTGGCCG,BMPR2,2237,878,1255
BMPR2_CTTCACACAGAATTACCACG,BMPR2,1234,466,284
BMPR2_AGATAATGCAGCCATAAGCG,BMPR2,1996,513,295
BMPR2_AATCGAAGACTGTTGGGACC,BMPR2,433,271,162
BMS1_CTGTTAAGGGCATCAAACGA,BMS1,2243,58,23
BMS1_GAGGAGCTCAGCGGAAGAAG,BMS1,565,158,22
BMS1_GCAATGCCCAGAATCGAAAG,BMS1,1030,538,365
BMS1_ATTGCTTCGTGACTGGAAAG,BMS1,582,33,10
BMS1_GCCAAGGTCTTAGCAGAAGA,BMS1,683,62,198
BMS1_TGAGGCTCGCGTATGACGGC,BMS1,123,0,16
BMX_ATAGTGGGTTCTTCGTGGAC,BMX,809,277,88
BMX_ACTTACCACTCTGTCTGGGA,BMX,439,123,226
BMX_TTGAGAACAGGAACTGCCCG,BMX,1567,329,318
BMX_TCTCAGCATTTGTATGCACG,BMX,570,209,275
BMX_CCATTGCAGGCATGATCACA,BMX,827,144,153
BMX_CCAGTTTGGAGTGGTCCAGC,BMX,1004,213,306
BNC1_GGATGGTGCCCTCGCTCAAG,BNC1,580,135,98
BNC1_ATTGATCATGGTGCCAAGGG,BNC1,814,392,235
BNC1_AATGACCCTATCAGTGCAGG,BNC1,218,87,125
BNC1_GCTTCAACACACTGAAGAGC,BNC1,1208,388,366
BNC1_TGCATTGGTCACACTGACGG,BNC1,2053,523,587
BNC1_CTTAACTGTCAGACTCGGAG,BNC1,2088,718,694
BNC2_GCGGAGGTCCTTGCTAAGGG,BNC2,1654,165,563
BNC2_CCACAGTGAGCCCTCTCACC,BNC2,2359,37,62
BNC2_AGTCCCGCAGAGTCCAGCCA,BNC2,1476,230,347
BNC2_TCAGGCCATCCGTTGCACAC,BNC2,2202,270,269
BNC2_AGAACGACTACGGCTGAACC,BNC2,861,225,265
BNC2_ACAGGCTTAGTGAGCAAGAC,BNC2,695,517,485
BNIP1_CTTGGTTACAGATCCGGACG,BNIP1,2008,38,151
BNIP1_ACAACTTCTACTCCAGGAAG,BNIP1,1214,101,87
BNIP1_GAGGAGATCTCTTAAGGCAA,BNIP1,295,104,57
BNIP1_TGGTACTGGATGTCTGGGCC,BNIP1,594,192,152
BNIP1_CAGCTGGATGGTGCCCGACA,BNIP1,748,269,318
BNIP1_AGAGGACCGTAGCAAGAAAC,BNIP1,702,22,83
BNIP2_TTTCCTGAGCCATCCCAGAC,BNIP2,1578,466,521
BNIP2_TCCAGACATTAGCCTGACAC,BNIP2,482,80,60
BNIP2_ACTGGACCAGAGGACCAGCC,BNIP2,1,8,20
BNIP2_TTACCCTGGTGTGGGTGAAG,BNIP2,792,247,131
BNIP2_GGATGTTATCACTTCCGCCG,BNIP2,638,90,140
BNIP2_CGGGATGTTATCACTTCCGC,BNIP2,523,224,119
BNIP3_ATGGGATTGGTCAAGTCGGC,BNIP3,249,46,19
BNIP3L_TCACTGTTGAGGCCGGCCGG,BNIP3L,3,118,370
BNIP3L_CCCGCACTCACTGTTGAGGC,BNIP3L,1714,668,499
BNIP3L_CTACCCATGAACAGCAGCAA,BNIP3L,2264,1023,784
BNIP3L_TCCTCATCCTCCATCCACAA,BNIP3L,1188,515,542
BNIP3L_AGCCCTTCGCCACAAGAAGA,BNIP3L,1575,968,862
BNIP3L_AACGTTTAGGGTGTCTGAAG,BNIP3L,615,303,338
BNIPL_CTCTAGATTGCTTCCTGAGG,BNIPL,768,174,135
BNIPL_TCCTGATGGCAGTTCTGACC,BNIPL,743,248,59
BNIPL_ACAGCTGAAAGGCTGGGCCG,BNIPL,440,105,304
BNIPL_AGGCCATCACCGTGGTAACC,BNIPL,2046,295,412
BNIPL_TTTGAGTGGAGGCACAAGCA,BNIPL,1502,482,482
BNIPL_TGTAGCATGGACAACCACCA,BNIPL,1670,247,272
BOC_GGGACGATGACGGCGTGGAG,BOC,1093,394,197
BOC_CAGGCATCCGGGCCACACAC,BOC,3249,714,1334
BOC_CTTGTTGTAGCCGGTGACAC,BOC,1415,363,594
BOC_AGCATTCCTCAGCCACAGCA,BOC,867,483,508
BOC_CTATGTGGTGAAACACCGCA,BOC,506,267,282
BOC_ACCAGTTCGGAAGGTGACCA,BOC,725,534,442
BOD1L1_CCCGAACAAGAGGCCAGCAA,BOD1L1,2261,386,776
BOD1L1_CTGGTTGGTAATATCACCAC,BOD1L1,1368,203,87
BOD1L1_GAAGGAGAGATTACGTCAGA,BOD1L1,698,26,90
BOD1L1_GCTACATTAGCACTGGGCCC,BOD1L1,397,26,73
BOD1L1_TGTCTCAGATTCTGATACGC,BOD1L1,801,8,7
BOD1L1_CCAGGCAGTCTCTGCGGAAC,BOD1L1,243,0,22
BOD1L2_CGATGAGCTGAGGGTCGCCA,BOD1L2,605,325,220
BOD1L2_AACGACAACCAACTGCACGA,BOD1L2,939,340,370
BOD1L2_AGAGTGTGGTTCAGTCAGGG,BOD1L2,844,311,276
BOK_TGACCGCTCGCCCACAGACA,BOK,3330,584,320
BOK_GGAGTTCGTGCGCAAGACCC,BOK,221,102,71
BOK_TCTCCGCAGCCAGGTTGCCA,BOK,1393,364,350
BOLA1_TGCCCTGGCACAAACAAACG,BOLA1,575,915,512
BOLA1_TTGTTTGTGCCAGGGCAGCG,BOLA1,1139,449,381
BOLA1_CTCCTCCAACTTCGTGCGAA,BOLA1,431,370,590
BOLA1_CAACGAGAGCGGTGGCCACG,BOLA1,1204,203,290
BOLA1_AAGTGAGTCTCACTGCCAGG,BOLA1,232,31,46
BOLL_TGGCACTTGGAGCATAAACC,BOLL,2565,357,814
BOLL_TCAACCAGTGGAAATTGCAC,BOLL,1136,218,156
BOLL_TGGGCTGAGCTACCATCACA,BOLL,1879,281,349
BOLL_TTACTTACAGGCCAAGGCGG,BOLL,785,250,147
BOLL_GACAGAGCTGGAGTATCCAA,BOLL,40,0,9
BOLL_GATCGCCGTACTCACCGGCC,BOLL,296,71,187
BOP1_CGAAGGCGACGAGGAGGGAG,BOP1,1214,50,16
BOP1_TGATGACGAAGGCGACGAGG,BOP1,874,0,13
BOP1_TTCTGGCGTCTCCGACAGCG,BOP1,981,83,40
BORA_TTCATGATCAGTCCAAGGAG,BORA,1227,30,26
BORA_TCTCCCGGAAGTCCTCACAG,BORA,919,4,54
BORA_ACCGAACTTGGTGTCTGCAA,BORA,281,16,0
BORA_AACCGGCTCCTTAATCCAAG,BORA,506,124,104
BORA_ATGACACTGCTTTCAGCAAG,BORA,843,130,68
BORA_AGCAAGACCACACAACACAG,BORA,1301,736,535
BPGM_GAAACTCAACAGCGAAGGAA,BPGM,695,107,259
BPGM_TAGCTCTTCCAGGATCAGCC,BPGM,562,115,200
BPGM_TGCCCTTGGATCAACTGCCA,BPGM,477,402,231
BPGM_GACCGTGGCAGTTGATCCAA,BPGM,579,272,65
BPGM_GGATCGCCTCTTGGTCACCC,BPGM,779,144,20
BPHL_AGCCCGGGATCCACGTCCCA,BPHL,358,207,103
BPHL_CATTACCAGCAGACTGGAGA,BPHL,1318,144,116
BPHL_AGCTCTTCACGGTGGTCGCC,BPHL,28,28,49
BPHL_GCATCCGAGATGTTTCCAAA,BPHL,1407,409,666
BPHL_GCATGAAACCGTGGGACCAG,BPHL,1128,363,383
BPHL_AGGCTGCATTTGATGCCAGA,BPHL,109,81,446
BPI_TCTTAAAGTCAGGCTTGGCG,BPI,1111,572,680
BPI_GGATGAGAGAGAACATGGCC,BPI,295,23,72
BPI_AGATCAAGCATCTTGGGAAG,BPI,1601,363,407
BPI_ACGCCAATATCAAGATCAGC,BPI,390,210,159
BPI_CATTTCGGCTGATCTGAAGC,BPI,1089,137,269
BPI_GGTGGCACCTCCAGCAACCA,BPI,266,96,216
BPIFA1_TGGATTCACATTCAAGGGCA,BPIFA1,496,140,229
BPIFA1_ACCTGTGGGACTCAAGGGCA,BPIFA1,519,369,223
BPIFA1_ACTTGGAGCTTTATGCCGAG,BPIFA1,696,151,161
BPIFA1_CAACAGACTTGCACCGACCA,BPIFA1,2872,822,1192
BPIFA1_CGGTGCAAGTCTGTTGAGGC,BPIFA1,2550,761,913
BPIFA1_TGAGAACCTCATTGACCAGA,BPIFA1,877,335,357
BPIFA2_TCCCAGTGAGCACGCCGCAC,BPIFA2,1395,195,214
BPIFA2_GAAATCCAGTGCTTGGCAAC,BPIFA2,923,236,364
BPIFA2_CTTGGCCAGTTGCCAAGCAC,BPIFA2,95,74,199
BPIFA2_CAGTGACATTCGCGGTGACA,BPIFA2,831,219,508
BPIFA2_ACTGGCGCATTCTCCCAGGA,BPIFA2,727,233,280
BPIFA2_TGACATTCACATCCAGGGAG,BPIFA2,1962,258,409
BPIFA3_ACTGAATGCCTCAGCACAAG,BPIFA3,133,79,127
BPIFA3_CAACATCACCAACATTCAGC,BPIFA3,57,208,314
BPIFA3_AGAAAGACGAGTTTGGCCGG,BPIFA3,344,180,150
BPIFA3_CGGTGAAATCCTCGGGCAGC,BPIFA3,1209,193,293
BPIFA3_CAACCCTCTGCATGCCAGGC,BPIFA3,336,310,213
BPIFB1_AGCACAGGGATGCCTCCGGC,BPIFB1,722,0,26
BPIFB1_AGCTGTGATGACCTTCAGCC,BPIFB1,1152,597,254
BPIFB1_TATGCAGCAGTTGGATGCGC,BPIFB1,665,236,334
BPIFB1_GCTTAGCTAAGGCGTTCACC,BPIFB1,355,75,26
BPIFB1_ACGGTCAATGCTGAGGGAAA,BPIFB1,1246,361,299
BPIFB1_GAACGGGATGTTGTCCAGGG,BPIFB1,662,177,113
BPIFB2_TGGCGTGGAGGCACCGACCA,BPIFB2,2572,601,867
BPIFB2_CCTCATTTCCTGGACTGGAG,BPIFB2,1516,295,124
BPIFB2_AATGAATTTCAGGTGGAGGC,BPIFB2,146,144,174
BPIFB2_AGTTTGATGGCAGTAACAGG,BPIFB2,539,184,111
BPIFB2_CTTTAATGTGCTTCTGCACC,BPIFB2,999,311,149
BPIFB2_GCAGGGTGTCAATGTCCACC,BPIFB2,284,73,197
BPIFB3_CACGCTCGCTCGGATTGACA,BPIFB3,1216,504,632
BPIFB3_ATCGGTCACAGCTGTGAACC,BPIFB3,302,217,347
BPIFB3_GCTGAGCCTGCACACCAAAG,BPIFB3,734,341,603
BPIFB3_GCAGCGCTTGAGGATAAGGA,BPIFB3,1205,347,291
BPIFB3_CTTCAAGGTGCTTCCGGGAC,BPIFB3,1493,811,756
BPIFB3_CCCACTTTCCCACGCAGGCC,BPIFB3,1686,404,580
BPIFB4_GCACCTCTCTCAGGGCCGAG,BPIFB4,195,170,78
BPIFB4_CAGCCTGGAGAAATCCCACC,BPIFB4,625,269,173
BPIFB4_CTTCCCGTTGATGGCCACAC,BPIFB4,1386,648,986
BPIFB4_TCAAAGTCAAGCTGCTGCGA,BPIFB4,1160,280,192
BPIFB4_TACAATCCACGAGGCCCAGC,BPIFB4,594,319,60
BPIFB4_CACAAGCGGGAGGCTGGAGA,BPIFB4,510,272,115
BPIFB6_CCGGGCCCACAAGCTCACCA,BPIFB6,1417,603,740
BPIFB6_TCCAGAGGTCCAGAGCGCCA,BPIFB6,993,82,261
BPIFB6_ACAGCCCTCACTCTTGAACA,BPIFB6,2853,622,465
BPIFB6_GGTCACTCACCAGCCCAGGG,BPIFB6,399,108,148
BPIFB6_CAGTCCTGGTGTATGTGAAC,BPIFB6,1898,606,1254
BPIFB6_CACAGCCAGCTACATCCAAC,BPIFB6,1183,878,337
BPIFC_CCCAGCTGTGAAATGAGCAA,BPIFC,1815,869,380
BPIFC_TAACTCCTTTGCTGAGCCCA,BPIFC,283,50,87
BPIFC_TAAACAGCCAAGACACAGGA,BPIFC,483,613,482
BPIFC_TGCTGATGTTGGCAGTGCCA,BPIFC,1119,130,163
BPIFC_TCCTTCACAGGTGTTCAAGC,BPIFC,1376,346,481
BPIFC_TTTACCCTGGAATCAAGGCA,BPIFC,1327,298,283
BPNT1_CAAGTCCTGGTTGTAAGAAG,BPNT1,1549,280,312
BPNT1_GGAACCAAGGAATATACCGA,BPNT1,1043,86,67
BPNT1_GCACTGTACTGCGATGGGCA,BPNT1,371,281,224
BPNT1_GCATATGTTCTTCATTGGCC,BPNT1,507,101,44
BPTF_GGAGGACATGGTCTCCGAGG,BPTF,410,19,26
BPTF_TCTGGCACCTCCTCAAGAGG,BPTF,879,63,39
BPTF_CCAGATGATGACCCTGAGCA,BPTF,2740,524,409
BPTF_AGACTAGTCCCTCTGAAGGG,BPTF,1832,490,658
BPTF_CAAATCGGAGAAGTCCAACG,BPTF,935,197,241
BPTF_AAACGATGCAGCAAGCGACA,BPTF,1077,223,342
BRAF_ATACCCAATAGAGTCCGAGG,BRAF,443,41,41
BRAF_TGAACACCACCCAATACCAC,BRAF,1947,382,413
BRAF_GAACTTCTGTACTACAACGC,BRAF,1866,242,237
BRAF_TAGCACTGAAAGGCTAGAAG,BRAF,820,196,116
BRAF_AGCACTCACCTCCTCCGGAA,BRAF,931,350,240
BRAF_TCACCTCCTCCGGAATGGCA,BRAF,1683,302,272
BRAP_TCGAGCCCTGCCTCTTCGGG,BRAP,16,0,0
BRAP_ACTCACCAACGAGCTCAAAG,BRAP,1668,0,25
BRAP_AGATTCGCTGAGATTCCAGC,BRAP,388,47,70
BRAP_CGTCCCAGCGCTGTAGACAC,BRAP,1709,0,21
BRAP_GCTGATAAAGTTTCGTGCAC,BRAP,203,0,7
BRAP_GAGACCATGAAGTCCAACCC,BRAP,227,0,0
BRAT1_AACCGTGGCCTTCAGGACAC,BRAT1,353,110,130
BRAT1_CCCGTGTTCAGTTCTTCCGA,BRAT1,355,53,190
BRAT1_ATGATCTTCTGGGCACACGC,BRAT1,1700,54,0
BRAT1_GGGTGTGGGCGCACTCACCA,BRAT1,416,0,0
BRAT1_GGTCCTGGACTTTCAGCACA,BRAT1,899,226,281
BRAT1_ACCAGAACAGCACAGAGAGC,BRAT1,790,0,1
BRCA1_CGGAAACATCTTACTTGCCA,BRCA1,669,22,36
BRCA1_CCTATAAGCCAGAATCCAGA,BRCA1,185,81,129
BRCA1_AAGGGTAGCTGTTAGAAGGC,BRCA1,554,10,37
BRCA1_GCAGAACTAGGTAGAAACAG,BRCA1,2773,517,478
BRCA1_AGAGAGTTGGACACTGAGAC,BRCA1,979,169,155
BRCA1_TCTTGTGCTGACTTACCAGA,BRCA1,285,0,10
BRCA2_AAGACACGCTGCAACAAAGC,BRCA2,632,0,0
BRCA2_GAGCACAGTAGAACTAAGGG,BRCA2,294,52,46
BRCA2_TGAAGCCTCTGAAAGTGGAC,BRCA2,783,132,76
BRCA2_CTGGCTATCCTAAATGCAGG,BRCA2,940,88,85
BRCA2_CAACGCGTCTTTCCACAGCC,BRCA2,1047,36,134
BRCA2_CCCTCCAATGATGGAAAGGC,BRCA2,1353,43,8
BRCC3_AAGTACCTTGACAGACACAC,BRCC3,620,170,284
BRCC3_ATGCGTATAGGAGGATCCAC,BRCC3,526,100,143
BRD1_CGGCCTTTCTCCTGGGAAGA,BRD1,2477,544,595
BRD1_GCTGCGCAAATATCCTGGCG,BRD1,1782,742,898
BRD1_GATCGAGCTGCTGCGCAAGC,BRD1,104,112,94
BRD1_CTCAAGCGGCTGTCCAGGAA,BRD1,1017,746,391
BRD1_GACTGTGATCAGCAGGCAGA,BRD1,179,69,20
BRD1_CATGTCAGTTTCCACCGGGC,BRD1,631,339,575
BRD2_TCCGCCGACTCCAGGGAAAG,BRD2,2163,694,842
BRD2_CCTTGTGTAGGTATTGCAGC,BRD2,723,1,15
BRD2_TTCCCACCTCGGGTTGGGAG,BRD2,556,30,229
BRD2_CCCTAAGAACAGCCACAAGA,BRD2,2820,28,145
BRD2_TGCAGTAACAGCAAGGAGCG,BRD2,2827,538,317
BRD2_TTAGGCTCAAGACTCCCAGG,BRD2,985,0,36
BRD3_CTCGGACTCGGAGGAGGAGC,BRD3,143,43,13
BRD3_CGAGAGTACCCAGACGCACA,BRD3,1835,408,698
BRD3_GAAGGACCTGGAGGACGGCG,BRD3,163,59,92
BRD3_GGGACGATGGGTGTGGCAGG,BRD3,310,79,16
BRD3_CGACCTTTGCCCTTTGGAGC,BRD3,1387,635,261
BRD3_GCGTCCACGGGCTGGTAGAA,BRD3,1360,1160,1045
BRD4_CAGCAGACTGGCGATGCGGC,BRD4,610,12,91
BRD4_GCCGTCCACACTGCGTGAGC,BRD4,167,275,176
BRD4_CACGGGCCTCCAGTTTAGAC,BRD4,1914,115,188
BRD4_ACGTCCACAGGCTTGTAGAA,BRD4,1660,157,69
BRD4_AGGCACCACTGTCATGACAG,BRD4,1279,137,96
BRD4_CCAACCCTAACAAGCCCAAG,BRD4,1688,172,169
BRD7_TCCTATGCAGGAGCCTCACC,BRD7,32,106,100
BRD8_TCACAGTGGGTAACCTCCGG,BRD8,335,19,64
BRD8_ATACTAGGTTCAGCTTACCC,BRD8,173,0,0
BRD8_CAGACGGAAACGAGGTGAAA,BRD8,1661,540,389
BRD8_AGGGCGGCCAGGTTCTGCAA,BRD8,95,31,65
BRD8_AGCTTCTCTCGGATGGACCA,BRD8,208,7,1
BRD8_GGCCAAGATGGCGACGGGAA,BRD8,988,78,82
BRD9_TCCAGATGGGCTATCTGAAG,BRD9,1325,417,439
BRD9_AAGCTCGGGACAGGATCAAC,BRD9,917,249,197
BRD9_CATGTCGTTTATGCAGGACA,BRD9,441,550,350
BRD9_CGACTTTGATCCTGGGAAGA,BRD9,2347,422,871
BRD9_AGCTTTAGAGGCTTCTCCAG,BRD9,782,166,221
BRD9_GAGTGGCGCTCGTCCTACGA,BRD9,451,267,465
BRDT_GCATCCACAGGACGTTGAAA,BRDT,963,178,312
BRDT_TTGGGCCGCAGTTTGTGAAC,BRDT,1763,454,613
BRDT_CCCAAAGCATTAACGTCAAC,BRDT,1849,403,349
BRDT_GAGAGCTGTTCAGAATCACC,BRDT,28,24,20
BRE_AATCGGTCACAGTTGGGCCC,BRE,502,88,410
BRE_AGGATTTGAAGGATTCCAGG,BRE,476,153,416
BRE_AATCTACGGGCAGCTTCAAA,BRE,836,572,362
BRE_CCTCCTTGGAGGGCCTCAGA,BRE,316,103,80
BRF1_TCTGCCCAGCTGTGTACGAG,BRF1,4068,104,189
BRF1_AAGCGGGACTGGATGCACAC,BRF1,1166,2,0
BRF1_CTGAGATGCGTGGAGGCACC,BRF1,675,183,137
BRF1_TCTTCAAGATGGCCGTGAGC,BRF1,1093,0,8
BRF1_AGAGCGCAGACCCTGCAGAA,BRF1,1596,38,47
BRF1_CAGTTCGTGGAGAGCAGCGG,BRF1,567,17,12
BRF2_CCAGTGGATATCCATCAGGG,BRF2,1845,338,201
BRF2_ATGAGACGTGGCTGGTGACC,BRF2,210,47,0
BRF2_GATAGTGAAGCTCCTGGGAC,BRF2,475,118,47
BRF2_GGGCCAGTTATGCTGTCGGC,BRF2,508,50,100
BRF2_TACCACTACCTTCAGCGACG,BRF2,1061,23,208
BRF2_TGCGGCTGCGTGGTCACCGA,BRF2,1181,276,54
BRI3_TTACGGGCCCACCTGTGACG,BRI3,848,1046,95
BRI3_CAAAGGATACGTGTAAAGCC,BRI3,477,327,471
BRI3BP_GAAGAACAGCTACCGCCGCA,BRI3BP,90,172,152
BRI3BP_AGAAGGTGTTGACCGTGCGG,BRI3BP,378,213,291
BRI3BP_CGTCAGCAGCCTGTTCGGCG,BRI3BP,3949,1092,1132
BRI3BP_CACAAATCTCTCAGTCAGCC,BRI3BP,1410,576,460
BRI3BP_CTTGTGCAGGATGTACACGC,BRI3BP,410,186,215
BRI3BP_GGTCCAGGCTCTCGAGCACC,BRI3BP,773,134,171
BRICD5_TTCACGGCACCCTCGCCACA,BRICD5,923,229,365
BRICD5_CTCAAACCATCCCGAGGGCC,BRICD5,847,881,698
BRICD5_TACTGGGCCCGGCGAGCAGA,BRICD5,508,147,179
BRICD5_GGTATCCACCAGCAGCCGCA,BRICD5,34,52,42
BRICD5_CCAGGATGGTTTGGTTGGGC,BRICD5,767,102,109
BRICD5_AAGACCAAGCCCTCCTGCGG,BRICD5,876,121,41
BRIP1_TCACTCCACTTACCTACCAA,BRIP1,1110,3,29
BRIP1_TGATATGATTAGCCTCCAGC,BRIP1,64,20,13
BRIP1_CATGATGAGCTTACCACAGC,BRIP1,1159,60,174
BRIP1_CACCTAGAACAGTGGCCAGG,BRIP1,447,0,55
BRIP1_ACCCTTAGAAACTACACAGC,BRIP1,1710,15,22
BRIP1_TTGGAGAGTCCCACAGGAAG,BRIP1,1790,44,19
BRIX1_AGTCATCTTCAGTTCAGCGA,BRIX1,821,0,25
BRIX1_CAGTCATCTTCAGTTCAGCG,BRIX1,975,78,8
BRK1_TGGTGAATCTCCCGCTGCAC,BRK1,634,44,15
BRK1_TCACCAGGACTGGGCTAACC,BRK1,1025,242,415
BRK1_TTTACACAACACAGGCCACA,BRK1,450,291,296
BRMS1_AGATCGACATCCTGGAGGAC,BRMS1,967,651,427
BRMS1_CTTCCTCTTGCTGGGCGGCA,BRMS1,804,213,172
BRMS1_GCTCTATGACACGCTGCAGG,BRMS1,1135,73,180
BRMS1_GAGTCAGCTGCGGTTGCGGC,BRMS1,185,71,217
BRMS1L_AATGCCAGTCCATTCCCGAG,BRMS1L,581,138,38
BRMS1L_GACCAACCATCACGATGAGA,BRMS1L,85,258,233
BRMS1L_AGCTCGTCGGTCTCCGAGGA,BRMS1L,547,68,82
BRMS1L_CCCTTTAGCACCTGTGAAAC,BRMS1L,4303,1428,1398
BROX_CAGTTCAAGGAGTCGTGCCC,BROX,658,53,274
BROX_GACTGATACATTGCAAGGAC,BROX,421,52,200
BROX_CGAAGCCTAAAGATTGCAGC,BROX,557,348,438
BROX_CATCAGGCTTACTGTTACCA,BROX,841,386,518
BROX_TATGGAGAAACCAAAGGACC,BROX,174,63,59
BRPF1_TAGCTCATCACCTCACGGCC,BRPF1,773,195,356
BRPF1_AATGAGCGTCGGAAGACAGA,BRPF1,511,54,13
BRPF1_TGTGCAGCCTCTGCATGAAC,BRPF1,583,113,118
BRPF1_CGTGGAATTGATCCGCAAGC,BRPF1,1678,868,571
BRPF1_ATTCGGTTACCTCAGACAGA,BRPF1,333,19,168
BRPF1_ATGGGCATTGACTTTGAGAC,BRPF1,1420,185,381
BRPF3_TTCATTCACCATGTCCAGCC,BRPF3,1007,352,871
BRPF3_AGTGCAAGCGCCGGATAAGA,BRPF3,204,110,299
BRPF3_TGTTCTGTTGAGGACAACAC,BRPF3,741,84,184
BRPF3_CGATGTTCTCTGCCTGCCGC,BRPF3,257,1,0
BRPF3_CATCCTCATCCCAGAGAACC,BRPF3,1265,523,589
BRPF3_CAGGGTCCTGGAGAATGGCG,BRPF3,1027,115,69
BRS3_ACACACCAACAGAAGTGAGC,BRS3,305,141,93
BRS3_TTGGAGGGCTGTCGCTCAAG,BRS3,1042,214,270
BRS3_ACAAAGCCATGCCCGTAAGC,BRS3,837,504,461
BRS3_TCAGCCAGTAGAGAGCAAAG,BRS3,1173,691,336
BRS3_TGACACCTCTCTTACCACCC,BRS3,1796,650,382
BRS3_GGACCGTTCCCATCACAGCC,BRS3,1125,468,562
BRSK1_CCACTGCATCACGGGTCAGA,BRSK1,1011,275,235
BRSK1_CCGAGACGTGCTCCAGAACC,BRSK1,2252,474,1138
BRSK1_ACCCGCAGCTGGTCTCCAGG,BRSK1,491,281,183
BRSK1_TTACCACGAGCAGGGCGAAG,BRSK1,783,281,401
BRSK1_GGCAATCTGGAGGAATGAAG,BRSK1,811,210,103
BRSK1_CGACTCACCACCCTCACAGC,BRSK1,2307,527,551
BRSK2_CCCAGAGCGATGACATCGAC,BRSK2,1351,526,393
BRSK2_AGGTCTGGCCTTGAGGAAGG,BRSK2,813,508,573
BRSK2_CGTCGTGCAGCTTTAGGACG,BRSK2,4023,1322,1943
BRSK2_CCGGCAGATCATCTCTGCGC,BRSK2,1983,233,383
BRSK2_TGTTCTTCTCGTCCAGCAGG,BRSK2,266,51,58
BRSK2_TCACCACCAGCAAGGCGAAC,BRSK2,1766,812,511
BRWD1_CTAGCTCCTAATTCTTCAGG,BRWD1,505,60,40
BRWD1_ACGCAGACCAATATTTGGAG,BRWD1,1757,656,594
BRWD1_TAGGGACTTATCTTCCGAAG,BRWD1,299,46,46
BRWD1_GAACAAAGCATTTGAACGCC,BRWD1,105,36,11
BRWD1_AACTGTCCCATCAGCACCAG,BRWD1,715,95,138
BRWD1_CCCGACTCGATGAGAGGCAC,BRWD1,1606,109,147
BRWD3_TTAAGGTGACTATGGTGGCC,BRWD3,560,237,399
BRWD3_ATGGCCCTGAAGGACTGCAA,BRWD3,522,0,66
BRWD3_TGTGTAGCATTTGACCGAAG,BRWD3,1813,175,326
BRWD3_TCTCTGCTACGGGATGCCAA,BRWD3,141,194,17
BRWD3_CCCTCCCAATCTAAGCGGCG,BRWD3,629,142,157
BRWD3_GCACCTACCCAGATCGAAGC,BRWD3,927,177,246
BSCL2_TGAGCCCAGTGAAGTGCGCG,BSCL2,2428,545,271
BSCL2_CTGCAAAGCCAAATAGCAGG,BSCL2,663,197,193
BSCL2_GCCCAAATCTTGATTCACAG,BSCL2,1191,1416,1552
BSCL2_AATGTCTCGCTGACTAAGGG,BSCL2,281,167,89
BSCL2_TTGACCATGGCCGGGAGAGC,BSCL2,569,122,303
BSCL2_GATCAAAGGACCGGACAAAG,BSCL2,668,265,286
BSDC1_TGAAGAGCCCGGCTGGGAGG,BSDC1,974,20,134
BSDC1_CTTGGTGTAGAGGGCCCGGA,BSDC1,604,261,64
BSDC1_CCGTTCTCTATACAGACGGA,BSDC1,217,111,25
BSDC1_GGACCTGACGGAGTTTACCC,BSDC1,70,0,48
BSDC1_CTACCAAGCAGTCAAAGAGA,BSDC1,1093,160,185
BSG_CACCACTGGATCTCGGGCAC,BSG,849,61,270
BSG_GGCGCTGTCATTCAAGGAGC,BSG,196,6,15
BSG_CTGGATGTTGGCCGTGCCCA,BSG,713,189,258
BSG_CGTCAGAACACATCAACGAG,BSG,2400,519,726
BSG_TGGAGCTGGTGCCGTTGCAC,BSG,780,27,243
BSG_CCTTCTTCAGATGACGACGC,BSG,978,134,131
BSN_CATGGGCAACGAGGTCAGCC,BSN,283,245,136
BSN_AGCTGCTCTCTGGTTACCCA,BSN,580,99,64
BSN_CCTCATGTCTGTGCAGCCCG,BSN,988,166,463
BSN_GGCCAGCCCTCTATCCACCA,BSN,405,336,243
BSN_AGACATGTCACTGCAAACGG,BSN,2480,923,598
BSN_CAAGTTCTCGCCTATTGAAG,BSN,1275,388,279
BSND_CATAGAAGGTGCCGTAGACC,BSND,1260,279,456
BSND_CTACGGCACCTTCTATGCCA,BSND,1079,324,439
BSND_GGCTTGCTGCCGAGATGAAG,BSND,1064,183,214
BSND_AAAGACGCCTAACTCAGAGC,BSND,328,34,104
BSND_GGCTTCCTTCCAAGATGACC,BSND,130,34,58
BSND_AAGTCTTGGAAGCGGTCCAG,BSND,944,96,344
BSPH1_GATCAAGCGTCTGTACCAGA,BSPH1,508,225,127
BSPH1_ATCAAGCGTCTGTACCAGAA,BSPH1,1007,621,636
BSPH1_AGTCCAAGGCAAGACACAAG,BSPH1,690,502,400
BSPRY_GGTTCTGCGGCTCCGAGCGA,BSPRY,606,245,98
BSPRY_ATGTGGCGGACGTCCTGCCG,BSPRY,1352,253,580
BSPRY_GGTGGGCATGCTTACTCACC,BSPRY,197,71,13
BSPRY_TTGCCTGACTTACAATCAGC,BSPRY,872,294,224
BSPRY_ATAAGGACCGAAGAAGCAGA,BSPRY,331,106,51
BSPRY_TGATCGGCCACAGCAAAGAC,BSPRY,1273,671,522
BST1_TCTACTGTTGCTGCTGGCGG,BST1,752,546,167
BST1_CTACTGTTGCTGCTGGCGGC,BST1,193,226,192
BST1_TGGGTGGTGTGTAACACAGG,BST1,600,117,106
BST1_GGAAGCCTTTAAAGTGGCGC,BST1,110,78,101
BST1_GGGTTGCAGATTTCTTGAGC,BST1,680,232,240
BST1_CTGAACCATTCAGCATGACG,BST1,1282,419,634
BST2_CGATTCTCACGCTTAAGACC,BST2,988,110,178
BST2_TCAGGACGCGTCTGCAGAGG,BST2,1067,147,130
BST2_TACCACAGTGTGGTTGCAGG,BST2,777,232,88
BST2_GACACTCCATCACTGCCCGA,BST2,38,44,0
BST2_GCAGAGTGCCCATGGAAGAC,BST2,1088,451,610
BSX_CTCGGTCAGCACGAAGGGAC,BSX,851,770,305
BSX_ACGAACCCAAAGCACCAGAC,BSX,1661,695,392
BSX_CCTGTCCACGCCAGAACGAG,BSX,2559,348,771
BSX_GGTGGTCTCCCTTATGCAGA,BSX,2,72,81
BSX_GCCCAAGCCGCTGAGAGAGG,BSX,453,415,177
BSX_TGGGCCTCTGAGAAGACGCC,BSX,544,241,89
BTAF1_GACCCACCTGGAGACCGCCA,BTAF1,40,0,0
BTAF1_CCAGTGCCGAGAACCAGACA,BTAF1,549,407,419
BTAF1_ATTGACTCAGAGTTTCGAGC,BTAF1,868,86,94
BTAF1_GGGTGACAGCACTTTAGAAG,BTAF1,576,185,137
BTAF1_TGAGCACAAGTTTCACGAAC,BTAF1,878,525,310
BTAF1_GACCTGAGGGTAAGTTAACA,BTAF1,620,204,230
BTBD1_TGTCCCATCACAACTAAAGC,BTBD1,1160,170,145
BTBD1_GCCGGTATCATTCTGTCCCA,BTBD1,205,124,105
BTBD1_TCCAGCAAGTAGAAAGCCGC,BTBD1,143,237,192
BTBD1_CGCCATGTTCAACGGCGGCA,BTBD1,1503,348,432
BTBD1_CAGCTCCGAGTTGAAGAGGA,BTBD1,158,378,166
BTBD1_CTACAACTGGCAGGCGACCA,BTBD1,422,180,265
BTBD10_TCGAGGTCACTGTTGCCAGA,BTBD10,231,203,78
BTBD10_GAGGTCACTGTTGCCAGAAG,BTBD10,1820,404,314
BTBD10_CAGAATCGCTCGAAACACAG,BTBD10,3305,1526,2120
BTBD10_TCCTCCTTTAGCAATACGCG,BTBD10,1276,559,674
BTBD10_AATGCCCAAGGATGCTGACC,BTBD10,204,0,12
BTBD11_CTCCCGCTCTTTATCCGCCG,BTBD11,2906,685,706
BTBD11_CGATGGTCCTCAGCTCCGAC,BTBD11,1676,388,635
BTBD11_AAGTCAACCTCCAGGTGGAA,BTBD11,926,293,336
BTBD11_GGATTCCAGAGAGCCTGCCC,BTBD11,0,0,12
BTBD11_CGGATCCACTCCATCAGCGG,BTBD11,2387,166,747
BTBD11_GATCAACACCATGAGCGAAC,BTBD11,886,164,353
BTBD16_GCTGTTTGGGCAAACGCCAC,BTBD16,165,4,81
BTBD16_CAAGCTCTACCTGAAAGCCC,BTBD16,572,46,14
BTBD16_ATACCGACTTTAGTGACCAG,BTBD16,1067,128,220
BTBD16_TATCATCACATCCACGCACC,BTBD16,2004,195,207
BTBD16_CAGCCACTTCTCGCAGCCGG,BTBD16,1680,508,109
BTBD16_AGAACTGTTGCTTTCTGGAC,BTBD16,765,311,357
BTBD17_ACGTGCTCTTCTCGCCGCGC,BTBD17,878,439,269
BTBD17_CCGGGTTGTTGATGACCCAC,BTBD17,887,287,328
BTBD17_TCTTCGACAAGTTCATCAGG,BTBD17,860,89,54
BTBD17_GCTGCTAAGTAACCAGAGCG,BTBD17,858,638,587
BTBD17_ATGGGTGACCAGGCCCACCA,BTBD17,418,227,236
BTBD17_AGCATAAAGATGCCTAGGAG,BTBD17,878,122,192
BTBD18_TCACCTCAGAGGGCATGACA,BTBD18,1731,339,268
BTBD18_CTTCTCTACCAGTTCTGGAC,BTBD18,800,162,202
BTBD18_CCATCTGGTCTGGGAAAGAC,BTBD18,1829,777,263
BTBD18_CTTCACAGAGCGCCTGGAGC,BTBD18,664,20,799
BTBD18_AAGCTAACCTGAGGAACCGG,BTBD18,712,79,29
BTBD19_TGTATCGCGGGTTGTTGACA,BTBD19,900,158,308
BTBD19_CGTGGTTGGTCAAGAACGGC,BTBD19,1027,123,183
BTBD19_TCCCTCATTCTGCTCGCAGG,BTBD19,506,208,219
BTBD19_CCCATTTGCCGGCTCGCAGG,BTBD19,13,11,19
BTBD19_GCAGGAACCACTCATCCCGG,BTBD19,380,266,250
BTBD19_AGAAAGCGGTGATGCTCCCG,BTBD19,858,99,95
BTBD2_CAGCATCAACCGCTTCCAGC,BTBD2,389,38,125
BTBD2_GACGCCAGAGAACAGGCGGA,BTBD2,248,46,21
BTBD2_GCAGACGCCATCACCGCGGA,BTBD2,1114,146,436
BTBD2_TCTTCAGGAACTCCACGCAA,BTBD2,1222,242,174
BTBD2_GGAGATTGAGCTGCCCGACG,BTBD2,1035,197,138
BTBD2_AGCGCGAGGCCGCGTACAAC,BTBD2,1086,92,204
BTBD3_CTCTGGAAGCATCAAGAAGA,BTBD3,1755,777,1048
BTBD3_TCAGGTCTGGCTCCTCGAAC,BTBD3,2018,263,633
BTBD3_GATAGGCACACGACTGGAAA,BTBD3,651,109,552
BTBD3_ATTGCCATCCAGTATCACAC,BTBD3,403,155,208
BTBD3_TCAGATAGCACCAATGGCAC,BTBD3,1238,269,173
BTBD6_CCGCTACCCACCTTGTGGGC,BTBD6,772,236,148
BTBD6_GGAGGCCCTCAACACCAAAG,BTBD6,709,145,174
BTBD6_GAGTTCGCTGCCGTCCAGGA,BTBD6,467,47,130
BTBD7_AAAGAATGAGCCGATACACC,BTBD7,756,197,247
BTBD7_AGGACTGGGCAGACAGACGG,BTBD7,1353,398,370
BTBD7_ATAATGAGGAGACGAGGAAC,BTBD7,85,37,139
BTBD7_GGATCTTGTGCGCTTGCGAA,BTBD7,556,1077,114
BTBD7_TCCCTATGTGGAAGAAGCAA,BTBD7,1195,43,53
BTBD7_ATGAGAACTCCACTTGAGGA,BTBD7,238,32,55
BTBD8_TTCAGCCGGCGCCGCTCACA,BTBD8,738,324,388
BTBD8_CCGACACCGTCGCCTTCAGC,BTBD8,513,95,113
BTBD8_GACGTCAATGTTCTGGGAAC,BTBD8,693,454,330
BTBD9_CCCAACGATACGGATGAAGG,BTBD9,2196,658,819
BTBD9_CAACCAGCAACAGTGGACCA,BTBD9,2994,732,1127
BTBD9_ACTGACTCCTTCAATCACAC,BTBD9,805,343,360
BTBD9_GCTTAATCTCGATGCCGGAA,BTBD9,409,45,51
BTBD9_TAAAGTGCGATCTGAGAGCC,BTBD9,403,396,194
BTBD9_AACGCTGACAGATGAGAAGG,BTBD9,1264,214,204
BTC_AGGACACTCCACTTACACAC,BTC,1098,166,352
BTC_CACTCCACTTACACACAGGA,BTC,412,791,435
BTC_TCTGCTCGGCCACCACGAAG,BTC,2241,726,647
BTC_ACCACACAATCAAAGCGGAA,BTC,984,460,602
BTC_CCCAGCACGGCCACTTACCC,BTC,1897,397,211
BTC_CCAGCACGGCCACTTACCCA,BTC,1401,105,256
BTD_GATTGCTGCCTATGCAAAGC,BTD,955,354,225
BTD_ATGCGCATATTCAGGGCGGA,BTD,459,183,67
BTD_CGGCTGTTACGTGGTTGCCC,BTD,208,135,257
BTD_GAGCGTGGCTGACCATCACG,BTD,946,278,413
BTD_ATGGGTTCCACCTGACCACC,BTD,153,200,150
BTD_ATCTCAATTGCTGCCAAGAG,BTD,1425,657,573
BTF3_AGGAAGGCGATGCGACGGAC,BTF3,416,129,12
BTF3_TCTCAACCTCCACCTCGCGG,BTF3,733,333,619
BTG1_CAGCCGAATCAGCTGTAAGG,BTG1,1630,295,407
BTG1_CTGTATGAAGCCTCACCAGC,BTG1,370,57,39
BTG1_AGTGTCCTACAGAATTGGAG,BTG1,402,198,161
BTG1_TGATTGGACAGGCAGCACAG,BTG1,1463,909,954
BTG1_CGCCTATCATGGTGGCGGCC,BTG1,759,324,363
BTG1_GCCTATCATGGTGGCGGCCC,BTG1,322,100,276
BTG2_GCGCGACATGAGCCACGGGA,BTG2,3130,380,312
BTG2_CGCGACATGAGCCACGGGAA,BTG2,3640,719,1169
BTG2_GCATGTCGGTTCCCTTCCCG,BTG2,829,312,268
BTG2_TCTGCTCGCTCACGCAGCCC,BTG2,686,232,78
BTG2_CTCCTCGTACAAGACGCAGA,BTG2,711,117,156
BTG2_CCATCACGTAGTTCTTGGAG,BTG2,538,194,185
BTG3_CGGTCACAATGCATTCCAGG,BTG3,740,369,169
BTG3_TCACAATGCATTCCAGGAGG,BTG3,2042,166,144
BTG3_TTCATGGTTACCTGGTACAC,BTG3,2783,127,203
BTG3_TGCGGCTGCAGTCACCGAAC,BTG3,1183,644,409
BTG3_CACCGACAGCACACCTCACA,BTG3,877,449,692
BTG3_TAGTGACCTGGGCTTGCCAA,BTG3,701,115,120
BTG4_CTGCTATGCACCGGCTGGAC,BTG4,573,462,668
BTG4_TAGGATGCTTCTGCGAGCCA,BTG4,257,278,328
BTG4_CATGGTAAGTGTTTCCCAGG,BTG4,679,157,60
BTG4_CTGACTTTAGGAATGACACG,BTG4,2006,1078,783
BTG4_TTCATCGCAGGAAGTGCCAG,BTG4,1120,386,298
BTK_TGAGCAACTGCTAAAGCAAG,BTK,1574,690,490
BTK_AATGATCTACAGCTGCGGAA,BTK,508,86,198
BTK_TGCCCATCGATCCAGAAGCA,BTK,2104,929,1109
BTK_GCCCTTCATCATATACAACC,BTK,1351,224,420
BTK_AGGTGAAGAGTCCAGTGAAA,BTK,1051,126,358
BTK_TGTGCACGGTCAAGAGAAAC,BTK,687,99,222
BTLA_AATGAACTCTCTGACACAGC,BTLA,62,99,127
BTLA_ACGACCCTCCAAGGACGAAA,BTLA,460,312,267
BTLA_AAAGGGATCTCCTGCTAAGA,BTLA,1013,221,297
BTLA_TTGCCTGCCATGCTTGGAAC,BTLA,2427,788,314
BTN1A1_AGATGCCCGAGTACCGCGGG,BTN1A1,1389,233,358
BTN1A1_GGTCCAGGACGGCATCGCCA,BTN1A1,350,0,0
BTN1A1_TCCAGGACGGCATCGCCAAG,BTN1A1,985,337,393
BTN1A1_ACGGCCCAACACACAGGGCC,BTN1A1,0,41,29
BTN1A1_CCCATCAGCAATTGGGCAGA,BTN1A1,557,368,197
BTN1A1_CACAGTCATTGCTAATGCCC,BTN1A1,436,208,141
BTN2A1_TTCTCCAACCGTGGCCAAGA,BTN2A1,1111,1174,834
BTN2A1_GGTTGCGCCTGCCCTGAAAG,BTN2A1,609,278,329
BTN2A1_GAGGCCGTCTGCATCAGGCA,BTN2A1,504,73,82
BTN2A2_TGCCACCACGAGGCGTAGGA,BTN2A2,795,902,428
BTN2A2_GACCGGAGAAGTGTGAGGCG,BTN2A2,1298,273,269
BTN3A1_GATGTGAAGGGTTACAAGGA,BTN3A1,738,190,182
BTN3A1_TGTCTCAGGAATCTGCCCAG,BTN3A1,391,85,83
BTN3A1_TGGACAAATAGTCAGGGCCG,BTN3A1,668,450,425
BTN3A2_TGTGGGCTCTGATTCTCCAA,BTN3A2,1181,89,78
BTN3A2_TCTCCAATGGGAATACCAAG,BTN3A2,519,269,235
BTN3A3_AATAAAGTGGAGCGACACCA,BTN3A3,271,202,195
BTN3A3_TGCAGCGTGCTGAAGAGCCG,BTN3A3,1045,1683,960
BTN3A3_GCAGCGTGCTGAAGAGCCGC,BTN3A3,1000,67,111
BTNL2_GGAACAAGTGACGTCCACAG,BTNL2,1918,342,393
BTNL2_GGTGAGTGACGCCATTGACG,BTNL2,1211,119,134
BTNL2_CCTTCTCCTCAGTGAGGACG,BTNL2,1394,334,554
BTNL2_GCACCAGACAGATTGTAGCC,BTNL2,657,647,531
BTNL3_CTGCACTGGTCTCAGGAAAG,BTNL3,2090,596,1121
BTNL3_CCATACAGGCCGATGTCCGA,BTNL3,654,189,282
BTNL3_CATGACTCTGCTCAGCAAGG,BTNL3,863,385,590
BTNL3_CCAGCATGCGATGTATGACG,BTNL3,3515,591,586
BTNL3_TGCGATGTATGACGAGGAAA,BTNL3,1305,1311,1341
BTNL8_GGTTCTGAGTCTCCTCAAGC,BTNL8,248,156,130
BTNL8_GGTGGACCACGCTAGAGAAC,BTNL8,365,162,80
BTNL8_GGTGAAGGATTCTATTGCGG,BTNL8,350,41,39
BTNL8_GCTCAGATGAGCATGCCGCA,BTNL8,984,305,624
BTNL8_CTTCTAGTCCTAGCCTCCAG,BTNL8,192,162,223
BTNL8_GGGCGTGGTTGCCTGTGAGG,BTNL8,773,210,367
BTNL9_TTGGTCCTGTTCCGGAACGC,BTNL9,1042,324,352
BTNL9_GGTTCAGTGGAGAGACCACC,BTNL9,349,124,234
BTNL9_GAGGACCAACAGCAGCGGCA,BTNL9,292,214,84
BTNL9_CCACAGCCTTTAGATGACGG,BTNL9,3781,1041,1466
BTNL9_CTGGAGACGGGCTGAAGGCC,BTNL9,1222,80,167
BTNL9_GCTACAGCCCTATGAGCCCG,BTNL9,148,67,67
BTRC_GGCCTCGGCGATTATGGACC,BTRC,103,1,134
BTRC_CGAGGCGGTGCTGCAAGAGA,BTRC,612,91,63
BTRC_GCGAAGGCATGCTGTCCGCC,BTRC,23,124,151
BTRC_TTATACAGGCATCGCAGCGA,BTRC,3055,438,624
BTRC_AATGGAACGATCTTTGGAGC,BTRC,120,29,20
BTRC_CAACTGACATTACCCTCCGG,BTRC,1157,55,4
BUB1_GCTGACAGAGCGTTCTCCAA,BUB1,594,125,11
BUB1_CATGAATTCAAGCCACAGAG,BUB1,606,95,32
BUB1_TCAGCAGACACCAGTGAACA,BUB1,2207,763,585
BUB1_TCGGACCTTTCCTGGGAAGC,BUB1,1035,81,433
BUB1_CCGCCCAGGCAATGTACAGA,BUB1,2181,1080,854
BUB1_GACCTTTCCCATTCACCAAG,BUB1,827,533,479
BUB1B_TACAACCTTTAAGGCAAGGG,BUB1B,1086,46,70
BUB1B_ACCTATCCCAAACATCCAGA,BUB1B,567,0,0
BUB1B_GCAGATGCGATATTTCAGGA,BUB1B,490,71,0
BUB1B_AAGCTGTATTGCCACGAGGC,BUB1B,715,6,55
BUB1B_AACAGTCTCTCAGGATCAGA,BUB1B,530,67,23
BUB1B_TATCTTCTCAACCTGTCCCA,BUB1B,368,1,33
BUB3_CTGAACCAGCCACCCGAGGA,BUB3,2451,683,808
BUB3_TGTCCCAGGAGGAGACAAGC,BUB3,526,0,4
BUB3_CGGCACATCGTAGAGACGCA,BUB3,1439,0,23
BUB3_CGGCTCAAGTACCAGCACAC,BUB3,1158,204,7
BUB3_ACGAGCGTTTCCAAACAAGC,BUB3,537,533,182
BUD13_GGATAGGATGCTAAGAGAAC,BUD13,1284,275,76
BUD13_TCGAACGTTTAGAGCAAAGG,BUD13,1624,212,346
BUD13_TGACATACAGCGAGAACAGC,BUD13,1557,102,417
BUD13_CTGACCTCTCTCCACCAAGG,BUD13,2522,215,66
BUD13_CCTTTCGTTCCAGTGCCAAA,BUD13,738,715,561
BUD13_TACTCGGCCTTGGAAAGCGG,BUD13,864,66,44
BUD31_GGAGTTGATTGAGCCAACAC,BUD31,1213,24,20
BUD31_TCATGCGGTTCTGTTTCAGC,BUD31,278,66,112
BUD31_GCCTGCGGTGCATTCAGACA,BUD31,1262,19,117
BUD31_CCCGTGTCTGAATGCACCGC,BUD31,1849,2,68
BVES_AAATCTGGAGGCACACGGAG,BVES,585,263,274
BVES_AGTTGATTCTCTCAATGGGC,BVES,167,38,96
BYSL_CCCAAATTCAAGGCGGCCCG,BYSL,1203,195,234
BYSL_GGTCCAAGAATGCCTCAGGA,BYSL,563,0,2
BYSL_CCCTGTACACTTCTAGGACC,BYSL,1225,17,177
BYSL_CCTCTACGTCACAGAGCCGG,BYSL,250,65,261
BYSL_CATCTCGTACTCGAGGGAGC,BYSL,83,0,0
BYSL_ACTACCTGGAGTGCAACACA,BYSL,428,21,0
BZRAP1_GAAATGCGAGAGCCTGGAGC,BZRAP1,747,78,117
BZRAP1_CCTGCTCTCCAGGCCAGAGC,BZRAP1,855,457,227
BZRAP1_CTTCCGACACAACTCCAAGC,BZRAP1,2110,257,290
BZRAP1_GGCGGTCATTGCCAAGCGCC,BZRAP1,284,34,220
BZRAP1_GCGCTGTGCCATCCTTAAGG,BZRAP1,1723,705,505
BZRAP1_AGCAACTGACAACCCTCCCA,BZRAP1,467,41,26
BZW1_CACTGAGGCGCTTTGCGCCG,BZW1,134,13,61
BZW1_TCACTGAGGCGCTTTGCGCC,BZW1,28,1,11
BZW1_CTGTGGTCCGCTCGTTGCGG,BZW1,1147,355,490
BZW1_ACTGACCCTGTCGCCTGCGG,BZW1,203,90,0
BZW2_AACCGCTGGCCTGTTAGCAC,BZW2,394,367,548
BZW2_TCAGGGATACACTTGTCCAG,BZW2,956,346,373
BZW2_TACCTGAGCATAGTTTCGGA,BZW2,607,154,40
BZW2_TAAGCTGTCGGTGAAGAGAC,BZW2,219,229,187
BZW2_GCTAAATACTTCACTGACGC,BZW2,196,58,3
BZW2_AGAGCTGATCCTCCTCCAGA,BZW2,351,102,228
C10orf10_AGAGCTCTGACCTAAGAAGC,C10orf10,911,185,260
C10orf10_ATCCTGCGGTGGTCTTGCCA,C10orf10,497,326,144
C10orf10_ACGTGCGGTGATGTCTCGCA,C10orf10,907,435,36
C10orf10_ATGTCTCGCAGGGACACAGC,C10orf10,483,261,90
C10orf10_GGGCCACGGAGAGCAGAAGC,C10orf10,929,260,85
C10orf105_GAGCGTCATGAACAGCAGAC,C10orf105,1122,94,206
C10orf105_CGTCATGAACAGCAGACAGG,C10orf105,1046,591,401
C10orf11_ACTGAGCGCATTCAGGAGCC,C10orf11,757,101,172
C10orf11_GGGACGACCTTGTGTTGCCA,C10orf11,105,98,164
C10orf11_TGGGTAACCCTGGCAACACA,C10orf11,1101,310,321
C10orf11_CGTGGCCTGTCCCAACGAGC,C10orf11,1338,344,264
C10orf11_AGTAACCAGACAAGAACGAG,C10orf11,414,133,282
C10orf11_CATGAAGGTGGTGAAGCCCA,C10orf11,248,31,27
C10orf111_CGACTTTGCAGCGACTCCGA,C10orf111,750,73,190
C10orf112_ATTTCTGGTGTCGCCACACC,C10orf112,428,55,112
C10orf112_CATAGAATCTTCAGAGCCAC,C10orf112,445,165,187
C10orf112_ATGGACTGCACCCTCTACCC,C10orf112,174,234,208
C10orf112_TACCTGGAGAGAACCAACGG,C10orf112,1157,245,201
C10orf112_TGGGCTCAAACTGGACAGCA,C10orf112,352,767,625
C10orf112_TTCTCTCTGGGCTAAGCAAA,C10orf112,911,291,371
C10orf113_GCTGGCCAACGCTTGCCAGG,C10orf113,89,267,212
C10orf113_GGCAGAACGGAGAGCCGAGA,C10orf113,1042,36,71
C10orf113_AGCTGTCCGTTCTTCAAGCC,C10orf113,1144,575,622
C10orf114_CGCTACAGGGAGAAGTGCGG,C10orf114,594,188,143
C10orf114_ACTCTTAAGGTGGCACCACC,C10orf114,83,72,44
C10orf114_GACTCTTAAGGTGGCACCAC,C10orf114,3,42,60
C10orf114_CGCGGACCCGACTCTTAAGG,C10orf114,1114,683,766
C10orf114_AATCGCGGGAGCCCTCAGGG,C10orf114,795,173,126
C10orf118_ACATCCCATCCAGCTGACAA,C10orf118,1083,116,106
C10orf118_GGAGGACCACATCAAACAAC,C10orf118,505,24,162
C10orf118_TGACAAAGAAGTCAGCAGCA,C10orf118,2048,1109,517
C10orf118_CTCACCAAACAACTTCAGCA,C10orf118,1521,595,758
C10orf118_GGCCAACAAGAAATGTGAAG,C10orf118,816,47,68
C10orf118_GATGGCCCAACGGATGGAAC,C10orf118,738,57,230
C10orf12_TGTACAGCTGGCATAGGGCC,C10orf12,425,448,180
C10orf12_TTTGCCGCTTTGTGTACAGC,C10orf12,1670,303,649
C10orf12_GGGTTGTCGAGTAGTGGAAG,C10orf12,790,153,293
C10orf12_TGGATCCAGTTGGAGAAAGA,C10orf12,738,275,273
C10orf120_TCTGGTCAAGACCTACAGCC,C10orf120,796,101,301
C10orf120_TCTTGACCAGATCACTGAAG,C10orf120,780,264,336
C10orf120_GCCGGAGTATGATCAGAGAA,C10orf120,844,261,359
C10orf128_GCCCAACAGGCTGTAAAGGA,C10orf128,685,604,949
C10orf128_TGAAGATCTGCATGATCAGG,C10orf128,792,128,155
C10orf128_AAGGGCAGCATGGACTACAG,C10orf128,432,348,405
C10orf128_GCGTGCCATCCTAAGAAGAG,C10orf128,1896,782,670
C10orf129_AAACTCCGGACCAAGGAGAA,C10orf129,1059,208,300
C10orf129_CAGTCTGAAACTCCGGACCA,C10orf129,200,367,440
C10orf129_GGTTAGTGCCAAAGGAGAAG,C10orf129,652,84,78
C10orf129_CTTCATTAGCCACAATGCAC,C10orf129,1026,289,298
C10orf129_GAGAACCGTACCTGGAAGCC,C10orf129,284,155,74
C10orf129_TGGTGATGGGAAATCTGGAC,C10orf129,607,93,78
C10orf131_TTTGGGCAAGTCTTCAGAGC,C10orf131,1214,199,106
C10orf137_CCTCGGATTCTCCCTGGGAC,C10orf137,1380,16,60
C10orf137_TGCAAATGCTGTTCGAGGAG,C10orf137,954,499,219
C10orf137_CAGCAAGTCGCACGTGAGCA,C10orf137,3039,813,960
C10orf137_TGTTCTGCGGTGGATGAGAC,C10orf137,939,223,271
C10orf137_ATCATCTGATGGATCAGAGC,C10orf137,260,132,30
C10orf137_GCAAACTGGAAATGCACAAC,C10orf137,1692,453,517
C10orf2_AAATCCGCCAGTATTTGCGG,C10orf2,351,44,12
C10orf2_GGTCTGGAAAGCGGCTCCAG,C10orf2,559,0,4
C10orf2_CATGCTGACACAGTTTGCCG,C10orf2,1855,129,179
C10orf2_GGTGAATGACCAGTGTCACA,C10orf2,194,0,0
C10orf2_TGTCATCATCCTCTTTCCGG,C10orf2,2123,83,25
C10orf2_CAGATACCGTTTCCCTGGCC,C10orf2,1009,163,282
C10orf25_TCAGATGACTGAGCACGGCC,C10orf25,735,260,251
C10orf25_ATGCAGTTTCTAGGTTGGAG,C10orf25,788,147,381
C10orf25_AAAGCCTCGACCACACACAG,C10orf25,411,500,193
C10orf25_AAACGAACAACGCTTTCGGG,C10orf25,553,113,38
C10orf25_CAACGCTTTCGGGTGGGCCC,C10orf25,789,100,46
C10orf32_GATTACGTCAGTACCACAGG,C10orf32,519,29,62
C10orf32_CGCGATTACGTCAGTACCAC,C10orf32,1698,816,1033
C10orf32_CGTAATCGCGCTCACCAAGC,C10orf32,555,643,450
C10orf35_ATGGTGCGGATCTTGGCCAA,C10orf35,249,162,168
C10orf35_AAGAGGTAGCATTCCTCGAC,C10orf35,360,62,41
C10orf35_CCGGTTGAGGTCATTGAAGG,C10orf35,1694,232,562
C10orf35_CAATGACCTCAACCGGCAGC,C10orf35,635,169,71
C10orf35_GAGGTCACCGCTGACTCAGG,C10orf35,368,146,131
C10orf53_TATGGGCCCTACAGCGCGGC,C10orf53,532,30,149
C10orf53_CTTTGTGACCTGGGTTGGCC,C10orf53,1230,295,138
C10orf54_GCCGCTGGGCCACATAGGAC,C10orf54,1621,232,200
C10orf54_CCTGCCTTTGCTTGTAGACC,C10orf54,1668,176,350
C10orf54_CGATGCAGGCACCCGTAGCC,C10orf54,2457,1278,1307
C10orf54_TGCCAACACCAGCCACGACC,C10orf54,1706,1766,1476
C10orf54_ACGTGAGGTTGCGGATGGGC,C10orf54,780,248,686
C10orf54_CCTTACCTAGGGACGCAGCC,C10orf54,1931,486,829
C10orf55_AGCGGAGGCTTGAGAACCAC,C10orf55,267,291,49
C10orf55_GCGGAGGCTTGAGAACCACG,C10orf55,1099,213,294
C10orf55_TACGAACAGGGTGAGGCGAG,C10orf55,690,44,35
C10orf55_GATGAAGTTCATTGCTGCCC,C10orf55,102,0,0
C10orf55_TTCGCTGGAGAGAACAAAGG,C10orf55,684,156,197
C10orf55_ACTGCCCAAAGAAATTCGGA,C10orf55,404,21,86
C10orf62_CCAGCTTCTCTTCGGAAAGG,C10orf62,3139,756,818
C10orf62_ACATAGAGACCTTCACCACG,C10orf62,4802,1478,2724
C10orf62_GAGACCTTCACCACGAGGCA,C10orf62,427,131,83
C10orf62_AAGTGGGCTCCGCTCTGCAC,C10orf62,822,72,22
C10orf62_GAAGGATTCCCGGTGCAGAG,C10orf62,411,530,330
C10orf62_AGCTATGGCCCGCTGCAGCA,C10orf62,1314,393,628
C10orf67_CGCAAATGCGCGGGTCCACG,C10orf67,39,1,45
C10orf67_GGCCTCCCAGCGTGTGCCAA,C10orf67,441,85,229
C10orf67_AGCCCTGCGATCCCGGACCA,C10orf67,854,527,426
C10orf67_GGCCTTGGTCCGGGATCGCA,C10orf67,2,79,69
C10orf71_AACGCCAGTCCAGAGGAGAC,C10orf71,753,149,61
C10orf71_TGGGTGTTGGAAACTTCAGC,C10orf71,278,24,49
C10orf71_AAGCCAGTCACGGGTGAGCC,C10orf71,1165,248,432
C10orf71_GCAATGAACCTCTTGGAGAG,C10orf71,362,43,166
C10orf71_CCGAGAAGCCGGACACGGAG,C10orf71,556,267,288
C10orf71_CTCCATCCCGTCCTCCGAGG,C10orf71,2133,388,632
C10orf76_GCACATACTAAAGGACGGCA,C10orf76,323,34,2
C10orf76_AAGTTCTGTGGAACTCCCAC,C10orf76,493,8,6
C10orf76_TTGTAGGAGCAGGACTGACA,C10orf76,873,259,422
C10orf76_TCCTCGAATGAGTGCGCACA,C10orf76,514,70,76
C10orf76_AGATTCTCTAACCATGGCAC,C10orf76,221,65,95
C10orf82_GCATACTTTGCGGAGGACAG,C10orf82,1650,503,234
C10orf82_GATCACGGAGAGGGCCAAGA,C10orf82,843,228,173
C10orf82_CTGCCAAGGAATGTCCAAGG,C10orf82,1998,922,534
C10orf85_GGACTCCTCAGCACAGAAGC,C10orf85,1524,172,432
C10orf85_CAGTCACAGCGGCATGCAGG,C10orf85,526,92,43
C10orf85_GCCGGATTCTCAATGGCCAG,C10orf85,427,170,85
C10orf88_TTAGAGGTATCCCAGTGGGC,C10orf88,568,122,69
C10orf88_TAGAGGTATCCCAGTGGGCG,C10orf88,829,332,296
C10orf88_TTCTTGGGATGTTGCAGGCG,C10orf88,2024,432,312
C10orf88_ATGGAGACGCGGACCGAGGA,C10orf88,673,117,632
C10orf90_CCGCATTCCTTTGAAGGAGC,C10orf90,931,358,215
C10orf90_TTGCTTTGCATAGGAAGCAC,C10orf90,84,240,182
C10orf90_AACAGTCTTCGGACAGGCCA,C10orf90,197,197,184
C10orf90_GCATCTCTGCAGGAAGACAA,C10orf90,61,1,8
C10orf90_GGGAACCTTCAGCCGCACCA,C10orf90,516,256,98
C10orf90_ATGCTCAAACTGTCTGGAGA,C10orf90,521,316,172
C10orf91_ATGCGTCCAGCAAGCTCCCA,C10orf91,56,11,27
C10orf91_AGCTTGCTGGACGCATGACC,C10orf91,868,228,115
C10orf91_TCTGGGCCACTGGAGTGCGG,C10orf91,699,104,22
C10orf91_TGTGAGGCTTGATCTACCAC,C10orf91,991,41,23
C10orf91_CTGTGAGGCTTGATCTACCA,C10orf91,833,234,356
C10orf95_GCTACCGGACTTCGTGCGCC,C10orf95,290,190,40
C10orf95_CGAAGTCCGGTAGCTGCAGA,C10orf95,228,60,207
C10orf95_AAGTCCGGTAGCTGCAGAGG,C10orf95,1170,219,128
C10orf95_CAGACGCCCTGTTTGGGCGG,C10orf95,313,54,182
C10orf95_CGCAGCTACAAAGTGCGGAG,C10orf95,1604,396,128
C10orf99_CCTACCTTCTGTGGAGAAGA,C10orf99,23,186,189
C10orf99_TGTGTCCACCCTCAGGGAAG,C10orf99,979,155,87
C10orf99_GACTCGGTGGCAGCAGAGCC,C10orf99,719,59,113
C11orf1_CCTGATGGGCAACTGGAACC,C11orf1,1855,420,441
C11orf1_TTAGATTACCTGGGAAGGCA,C11orf1,1159,203,371
C11orf1_CCCAGGACATCAACCTGAAC,C11orf1,2809,814,825
C11orf16_CACAGGAATGGAGCATCCGG,C11orf16,882,325,207
C11orf16_GCTGCACAAGTCTTTCACCA,C11orf16,1250,455,506
C11orf16_GGCCAACAGCAGTATGGCCC,C11orf16,4,14,0
C11orf16_GCCATGCTGGGTCGGCAACG,C11orf16,953,473,515
C11orf16_TCCACGTTGCCGACCCAGCA,C11orf16,1502,643,451
C11orf16_TTTGCTCAAATACTGCAGCG,C11orf16,1721,610,741
C11orf21_AGCCTCTACCTTCCTGAGAC,C11orf21,441,209,259
C11orf21_AGTCCAAGTCCCATCCCAGC,C11orf21,780,300,375
C11orf21_CCCTGGCTATCCGGCTGGGA,C11orf21,769,102,110
C11orf21_CCTCACTTGTCATCTCAAAG,C11orf21,941,450,504
C11orf21_CTGAGGACGGCGCTGAGAGG,C11orf21,530,293,229
C11orf21_CACTGAGGACGGCGCTGAGA,C11orf21,1964,265,374
C11orf24_CGGACTCAGAAATGTGAGGG,C11orf24,1037,495,388
C11orf24_CGAGTAACAGCACCACCAGA,C11orf24,868,245,323
C11orf24_TTGTTGTGTTAACCACAGGC,C11orf24,629,152,196
C11orf24_CGTACTGGAGGCCACAGCCG,C11orf24,2271,35,12
C11orf24_AACGTCTGAGGATGTAACCA,C11orf24,662,321,103
C11orf30_CAGTGCACTTCGGGCACAGG,C11orf30,317,1,0
C11orf30_CTCTCCGAACTTCAGCACGG,C11orf30,1514,157,120
C11orf30_AACTACATTGGAGGCAGGAC,C11orf30,1195,412,281
C11orf30_CGTCTTTGAGACTGGAACAA,C11orf30,2278,152,392
C11orf30_ACAGCAGACACAGCAACAAG,C11orf30,2775,317,489
C11orf30_GGTTGCAGCCATCCGACCAA,C11orf30,790,73,12
C11orf31_GCCTTACGCTTCCTCCCGCG,C11orf31,1826,451,282
C11orf31_AGCCTTACGCTTCCTCCCGC,C11orf31,859,191,117
C11orf31_CGAGAGAAGCTGGCGAACGG,C11orf31,1934,434,409
C11orf31_TCAGGTGCGGAGCTCTGGAC,C11orf31,294,72,163
C11orf31_CAAATTCCCTGAGCCTCAAG,C11orf31,682,201,154
C11orf34_GCTAAGGCTAAGGTTGACAC,C11orf34,91,97,277
C11orf34_AGCGGGCCTCTGGCAAAGAG,C11orf34,652,470,345
C11orf34_GACGAGAACAGTGACTCAGC,C11orf34,400,56,203
C11orf34_TGACATGCTGCTGCAGCCAC,C11orf34,1138,202,67
C11orf35_GGCATCACAAGACCGTGGAG,C11orf35,164,89,88
C11orf35_ATTGGAACAGCGTTGCCCGC,C11orf35,32,12,35
C11orf35_GGCCCTCTCGGAGCAGGAGA,C11orf35,85,39,38
C11orf35_GGAGAAACTCCTGCAGAACC,C11orf35,436,39,55
C11orf35_TGGAGATCCAGGCCTTGCGG,C11orf35,867,20,85
C11orf35_AGAGTCGGTCAGTGGTCACC,C11orf35,760,81,93
C11orf40_TGGTGTTTCATTGCTCCCAC,C11orf40,520,187,129
C11orf40_CATTGCTCCCACAGGTAGAG,C11orf40,2144,307,669
C11orf40_GAAACACGTTCCAGATAGCA,C11orf40,691,137,254
C11orf42_CAGCTTCATCCAGTGTCAGC,C11orf42,438,84,184
C11orf42_CCGACCTGGCAAAGCCAGGC,C11orf42,105,34,28
C11orf42_CCTGCCGACCTGGCAAAGCC,C11orf42,252,102,260
C11orf42_TTCCCGAGTGCAGTGGGCGA,C11orf42,1473,124,756
C11orf42_TGAGGATAGACCCTGCAGCA,C11orf42,2374,829,1126
C11orf42_CTGAGGATAGACCCTGCAGC,C11orf42,134,102,442
C11orf45_TAGTTAGGACCACCGGAACC,C11orf45,903,202,262
C11orf45_TGATAGTAGAGAGGGCCGCC,C11orf45,64,53,237
C11orf45_CTCAGGACAACAAAGGCAGG,C11orf45,1314,175,302
C11orf45_ACCTCACACAGCCACAGCCG,C11orf45,1073,105,188
C11orf45_CGCAGTGATGTTGACGCGGC,C11orf45,1032,816,397
C11orf45_AAGCCGCAGTGATGTTGACG,C11orf45,3364,481,439
C11orf48_AGAAGCTGTTCAAACGCCGG,C11orf48,258,272,149
C11orf48_GCGACTATGGGAGCTCCGGG,C11orf48,475,37,1
C11orf48_CGCGACTATGGGAGCTCCGG,C11orf48,521,109,19
C11orf48_GAGCCTGTTGAGTCCCAGAA,C11orf48,731,287,340
C11orf48_CATTTAACGCTGGACTCAGC,C11orf48,117,2,42
C11orf48_AATCCTGAATAGGGACAGCA,C11orf48,463,239,651
C11orf49_CTTCGGCTTTGCTTGTCAAA,C11orf49,777,248,858
C11orf49_ACTGTGTCCTGATTTCCCGC,C11orf49,592,131,137
C11orf49_TCGTTGGCGGTGCTGCCCAC,C11orf49,463,173,147
C11orf49_GCTTAGCTCTGACTTACCGA,C11orf49,897,80,290
C11orf49_CCTAGGAGCTTTGCCTGACA,C11orf49,1811,414,428
C11orf49_TCTCCAGGGAGAGCCAACCC,C11orf49,597,161,300
C11orf52_GACAGAGCGCCATGGGAAAC,C11orf52,1102,292,369
C11orf52_GCAGCAGACCCGGTTTCCCA,C11orf52,900,157,227
C11orf52_GGAAACCGGGTCTGCTGCGG,C11orf52,590,130,75
C11orf52_GAACGGGTGTTACAGCAGCA,C11orf52,811,388,391
C11orf52_CTGTCTTCCGACATGAGGCC,C11orf52,1163,131,189
C11orf52_TGTCATAGCGAGGTGTGGCC,C11orf52,2081,217,345
C11orf53_TGCCCTGCGGAGGACTCACA,C11orf53,481,263,56
C11orf53_CGATGCTCCCGGACTCAAGC,C11orf53,851,306,286
C11orf53_CGGGAGCATCGCCCAGCACA,C11orf53,977,536,114
C11orf53_AAATGACCTACCGCCCAAGG,C11orf53,1210,305,318
C11orf54_GGCAATCAACTACAGAGACC,C11orf54,0,16,0
C11orf54_GACTTGTATGAGAGAGACCC,C11orf54,605,107,21
C11orf54_TTTAGTCGTCATGGAGAAGG,C11orf54,907,271,172
C11orf57_AAGAATGTCCCGGATTCCAC,C11orf57,1279,116,41
C11orf57_GCCGGATGACATTCCTCAGG,C11orf57,350,28,10
C11orf57_CACAGATGCTCACAATAAGG,C11orf57,1581,0,118
C11orf57_ATGAAGCAAACATGCCAGAC,C11orf57,487,73,10
C11orf63_GCCCGACAGCTTAGACGAGG,C11orf63,1186,389,217
C11orf63_GATCACGTGGCCCTCGGCGA,C11orf63,449,276,146
C11orf63_TCTTGTCTGTTACTCTGACG,C11orf63,1160,162,264
C11orf63_AAGAGGGCAACCTTCTGACA,C11orf63,2398,380,198
C11orf63_CACGTCGGTCAGCTGCACCA,C11orf63,164,171,464
C11orf63_ACTGCAGAACAGACACGAAA,C11orf63,905,302,371
C11orf68_CCGCTTGGGTGTACTGGAGG,C11orf68,1202,365,735
C11orf68_TGGCTTCACCGCCGAGCACC,C11orf68,908,299,193
C11orf68_AAGCCATCCTCACGGCCACC,C11orf68,547,93,389
C11orf68_TCGAACGCAGCGAAGGCCGG,C11orf68,694,375,92
C11orf70_CCACCCAGCCGAGAGCACGA,C11orf70,2598,1114,1361
C11orf70_GACCTTTCAGTCCTATCGGA,C11orf70,773,147,112
C11orf70_ATTGACAAAGGGCTCCACCA,C11orf70,299,117,275
C11orf71_AGGAGATCGGGTTCAACGGC,C11orf71,338,162,5
C11orf71_CCAAGGGAACCAGATGGCCG,C11orf71,1252,141,531
C11orf71_TCGCTTCAGGCCTGGAAACG,C11orf71,1600,582,844
C11orf71_CCTGCTCCTCTGATCACCGG,C11orf71,967,399,593
C11orf71_CTCCGGTGATCAGAGGAGCA,C11orf71,460,79,351
C11orf72_AGTTGACCAGATAGACACAG,C11orf72,1096,275,263
C11orf72_ATACCTCTTGGCTTGTGGCC,C11orf72,152,158,152
C11orf80_AGCGGCAACGCCCAGTCGAA,C11orf80,487,193,174
C11orf80_CAAAGGGAGCATTGCTAGAA,C11orf80,2236,312,744
C11orf80_CTCCTCACCCATAATTAGCC,C11orf80,1019,316,485
C11orf80_CTGACTTGGACTTCAGAGGA,C11orf80,792,632,799
C11orf80_ACCCAAAGATCTCTGTGGAG,C11orf80,1419,50,354
C11orf80_CCCACTTTGAACCTTGGGAA,C11orf80,1199,488,1250
C11orf82_GGATAATCCTGGTCTCCAAA,C11orf82,353,144,114
C11orf82_TCAAGTCTGAGTAACGAAGG,C11orf82,1891,524,495
C11orf82_CAGGGAAATGATAGGCAGCA,C11orf82,2097,546,648
C11orf82_CGAGTTTCACACACTGAAGG,C11orf82,1503,463,887
C11orf83_TCAGTCGCAATGCTGGGCGC,C11orf83,1510,133,88
C11orf83_CAGTCGCAATGCTGGGCGCA,C11orf83,322,180,528
C11orf83_GCTCCTCGTTATCGTGACCC,C11orf83,390,169,206
C11orf83_ATTGCTGGCCACTCTGCAGG,C11orf83,67,10,0
C11orf83_ACGTGGCCTGGAGGAAGAAC,C11orf83,1907,286,177
C11orf83_TGGATGGTTGGCGGCGAAGG,C11orf83,1349,405,377
C11orf84_TGACGCTGAAATGCGAGGAA,C11orf84,1151,210,282
C11orf84_CAGCTCTCACGTCTTGCAAG,C11orf84,2109,503,515
C11orf84_AGGAGAACGACGATTTCGGC,C11orf84,0,22,50
C11orf84_TCCTTCCATCTCTGACCACG,C11orf84,866,114,219
C11orf84_GCTGCAAGACGAAGCCGGCG,C11orf84,359,40,23
C11orf84_TCTTGCAGGAGGCTGACCGC,C11orf84,1611,99,87
C11orf85_TAGAAACCCAAAGAAGCCGG,C11orf85,306,77,0
C11orf85_CCTAAGGAGCGAGCAGCCAC,C11orf85,654,60,97
C11orf85_CCAAGTTTCCCAAGACCACG,C11orf85,2213,160,117
C11orf85_CTGCTACATCTCCTTTGCAA,C11orf85,2300,538,548
C11orf85_GAAACCTCGTCTCTGGAAAC,C11orf85,503,95,127
C11orf85_CCTACCCGTTTCCAGAGACG,C11orf85,1426,768,477
C11orf86_CAGGGCGCTAAGCCTCAGAC,C11orf86,793,301,504
C11orf86_GGGCGCTAAGCCTCAGACAG,C11orf86,851,222,196
C11orf86_GGCCTCGAGAGAGGCACAGA,C11orf86,1,0,7
C11orf86_CTGATCCAAGCCCAGCGAAG,C11orf86,1937,399,330
C11orf86_CGGCTGACTCAGAGTCACGC,C11orf86,514,282,366
C11orf87_TGCCGCCGTGTCTCCTCAAC,C11orf87,1428,356,485
C11orf87_CAACCCACGCAAAGGAAACC,C11orf87,1653,352,163
C11orf87_CCACGCAAAGGAAACCCGGC,C11orf87,840,128,330
C11orf87_TCCTCCTGTTTGGACACAGC,C11orf87,522,187,395
C11orf87_CTGTTTGGACACAGCTGGCG,C11orf87,1293,387,349
C11orf88_CAAATACCAGTAATCCCGGG,C11orf88,1091,403,292
C11orf88_GCAAATACCAGTAATCCCGG,C11orf88,872,90,30
C11orf88_AGCAAATACCAGTAATCCCG,C11orf88,1632,74,210
C11orf88_GGTACTTACTGTTACTCGCA,C11orf88,103,69,62
C11orf89_TCCGGGCGTTGAAGCGAGGC,C11orf89,513,165,105
C11orf89_AAGCGAGGCCGGTACAGGAA,C11orf89,1375,502,580
C11orf89_GCGGTGAGGACTCCAGCGAG,C11orf89,102,23,6
C11orf89_AGTGGGCGGATGTGAGCCAC,C11orf89,624,104,100
C11orf89_GGTGAGGCCGATGGAGAACG,C11orf89,347,21,165
C11orf89_GAGTGAGGCCAGCCATGACC,C11orf89,849,213,40
C11orf91_CTCTTCGTGCCGCTGAAGGC,C11orf91,570,55,358
C11orf91_AGATGTTGAAGTCGCTGAGC,C11orf91,659,51,98
C11orf91_ATGCCGCGGTCGTACAGGGA,C11orf91,1254,372,387
C11orf91_TGCCGCGGTCGTACAGGGAC,C11orf91,719,501,450
C11orf92_CTTTCATGTGGAGATGGACA,C11orf92,1617,388,282
C11orf92_CCATCTCCACATGAAAGGAG,C11orf92,664,686,397
C11orf92_GAGAGGTTAGCACTCCAGCC,C11orf92,609,179,182
C11orf93_CCTTCAGACAGAGATGCACC,C11orf93,408,201,485
C11orf93_ACACGATGCGCAGTAGCAGA,C11orf93,392,21,174
C11orf94_TAGGGCCCAGCAGCGCAAGC,C11orf94,147,150,144
C11orf94_GCTGCTGGGCCCTAGACAGG,C11orf94,1249,93,24
C11orf94_CCAAGCACCCAAGGCCGCGA,C11orf94,1887,671,513
C11orf94_GAGAGATACTACCATCCACC,C11orf94,390,0,15
C11orf94_CCAGGAGTCACCTCAGAGGC,C11orf94,909,291,258
C11orf96_TTGCCACATATCCAGCCACC,C11orf96,75,156,216
C11orf96_ACGCTACCTCAAGCTGCAGC,C11orf96,515,158,281
C11orf96_TTGTTTACTCTTGCAGGCCA,C11orf96,385,75,225
C11orf96_CTCGCGGCTTATATAGCCCG,C11orf96,1408,848,520
C11orf96_GCTGCGTCTTGAAGCGAGAC,C11orf96,2,238,90
C11orf96_ACTCACAGCAGAGTTCGCAC,C11orf96,172,190,27
C12orf10_CTTCCACTGCGACGAGGCAC,C12orf10,1065,68,147
C12orf10_GGTCATATCGGTGTCTCCGA,C12orf10,73,10,1
C12orf10_GGTGGGCACCCTCTATGACA,C12orf10,613,25,42
C12orf10_TGCAATGGATCTGGTTCAAG,C12orf10,1202,379,254
C12orf10_GCGAATACAGTGTGTGCCCA,C12orf10,274,176,54
C12orf10_TGCATCTTCGTCCATGCAAG,C12orf10,511,226,159
C12orf23_TTTCACCAGCCCTATTCCCA,C12orf23,380,126,98
C12orf36_AGGATTCAGAGGCTGAAGAG,C12orf36,842,363,455
C12orf36_AGTCTTAGTGGATTTCCCAG,C12orf36,929,218,68
C12orf36_CCATCACCAAAGGACTCCGG,C12orf36,611,357,510
C12orf39_AAACTCCAGCTGCGCTCCGC,C12orf39,428,34,119
C12orf39_AGCTATGCTCTACCTGAAAG,C12orf39,1045,385,661
C12orf39_GCTTCATCTCCGACCAGAGC,C12orf39,729,163,218
C12orf39_GGAGAAAGGACCTCTCCGAC,C12orf39,335,161,58
C12orf39_CCAACTACTAACTATTCCGG,C12orf39,1341,501,212
C12orf39_CTGAAGGGACGCCAGTAAGA,C12orf39,2200,583,965
C12orf4_TTCCGCTCTCCTTAAGCACC,C12orf4,496,101,144
C12orf4_TCCGCTCTCCTTAAGCACCA,C12orf4,1777,399,708
C12orf4_TTTATGCTAGAACCCAGCGC,C12orf4,793,235,347
C12orf4_TTCTACATCTCTCTGTGGCC,C12orf4,1175,238,201
C12orf4_AGGCCTTGCATGCTCTAACG,C12orf4,1736,409,445
C12orf40_GGAAGATGAATTGGGTCGGG,C12orf40,470,31,202
C12orf40_TTCCTGCTTGATCAGAACCC,C12orf40,1792,47,36
C12orf42_ACAAACCGTATGGAAACGCC,C12orf42,702,109,92
C12orf42_TCTTGGGACTGCTCAAGGGC,C12orf42,583,229,244
C12orf42_AACTGTGCTTACAGAACACC,C12orf42,824,136,37
C12orf42_CCGCTGACTCACCTTTGCAC,C12orf42,1554,462,1028
C12orf42_GGGTGTGCTTCTATCCCACA,C12orf42,221,94,195
C12orf42_TGTGCTTCTATCCCACAGGG,C12orf42,845,2,145
C12orf43_AGCGACAGCCGAGTCGACAC,C12orf43,743,284,539
C12orf43_GAGAGGTGTGAGTTCTCACC,C12orf43,0,37,0
C12orf43_CTTTGTTTACCTGTCCAGCA,C12orf43,1610,463,645
C12orf43_CAGATGCTAGGCTTCACGCC,C12orf43,712,148,87
C12orf43_CCTAGCATCTGGCACACGCA,C12orf43,1001,540,321
C12orf43_GCGATGCGGAGGAGCTGGAG,C12orf43,1632,0,19
C12orf44_AGGCAAGTTCCACTACAAGA,C12orf44,1430,1069,1121
C12orf44_CATTGGCACCGTGGGCACCC,C12orf44,876,1134,642
C12orf44_CTGCGCAACTCTGGTGGCGA,C12orf44,487,270,295
C12orf44_CAACTCTGGTGGCGATGGGC,C12orf44,720,299,238
C12orf44_GCAGATCTGCCGGGAGAAGG,C12orf44,135,73,56
C12orf44_GATGCCCACACAGTCGGAGG,C12orf44,927,347,305
C12orf45_TCCAAGGAGCTGCTGACGGC,C12orf45,1711,50,0
C12orf45_CTGCTGACGGCGGGAAGCGA,C12orf45,440,5,15
C12orf45_ACTTTCCACAGTATTGGACC,C12orf45,266,0,16
C12orf49_AGTCCGCTGCACCCGTCAAG,C12orf49,1227,161,629
C12orf49_TCCGCTGCACCCGTCAAGCG,C12orf49,2648,853,913
C12orf49_CTTCCTCAACCGGGCAGCCG,C12orf49,867,320,258
C12orf49_TCCTGGAGCGCTTCCTCAAC,C12orf49,1750,291,331
C12orf49_TTTCAGGCTACGTTTGCGAG,C12orf49,1054,497,494
C12orf5_TGATCTCATGAGGACAAAGC,C12orf5,1775,433,223
C12orf5_ATGACTCAAGACTTCGGGAA,C12orf5,567,43,153
C12orf5_TGACTCAAGACTTCGGGAAA,C12orf5,1352,165,383
C12orf5_CCTGTGTTTACACCGCCCGG,C12orf5,965,229,185
C12orf5_CTCCGGGCGGTGTAAACACA,C12orf5,938,193,232
C12orf5_CCTCCGGGCGGTGTAAACAC,C12orf5,121,15,25
C12orf50_GAAATGGGAGCAAGTAAACC,C12orf50,913,235,254
C12orf50_TGACAGCATCTCTTTGAACG,C12orf50,2123,1114,671
C12orf50_GAGGTTCTTGACTCTGGGAC,C12orf50,323,76,131
C12orf52_ACTGACGGCCAGCTCCACGG,C12orf52,1609,201,220
C12orf52_CGATCCGCCCTGGGTGGAGA,C12orf52,607,113,47
C12orf52_TCTGTTAGCCTTCTCCACCC,C12orf52,631,142,208
C12orf52_CGACTCATCACAGTAAGACG,C12orf52,1196,293,1015
C12orf52_GCGACTCATCACAGTAAGAC,C12orf52,666,519,422
C12orf52_TCTGTCTTGGAGGGACCAGC,C12orf52,329,154,169
C12orf54_TGTACTCACCTGGTCCCACA,C12orf54,599,153,157
C12orf54_CTGTACTCACCTGGTCCCAC,C12orf54,1806,139,248
C12orf54_AGTCAATCAGCTTACTACCC,C12orf54,277,151,185
C12orf55_AAGAGAAGCACGAATTCCGC,C12orf55,306,91,53
C12orf55_CATCACTGTCGCAGACCAGC,C12orf55,790,54,43
C12orf55_GAGTGACAGGAGCGGGACCA,C12orf55,741,73,87
C12orf55_GGCCACGAACTGTCACAGAG,C12orf55,1982,455,463
C12orf55_CATACAAGGTTGCTGCCAAA,C12orf55,1672,106,230
C12orf55_TTGGAATCTTTAGGAAGCCC,C12orf55,514,78,85
C12orf56_ACATGCCAGCCTTGCAGAAA,C12orf56,1897,1013,923
C12orf56_AAGCCAAAGGGTTGATGAGC,C12orf56,753,338,22
C12orf56_TCTCAGTCTGCACCAACAAC,C12orf56,631,242,282
C12orf56_TCTCGGTTAGGTAGACGAGC,C12orf56,675,59,21
C12orf56_GCCGCAGGAACACATCCAGG,C12orf56,253,119,25
C12orf57_TGCTCAGCGCTCAAGGCCGC,C12orf57,824,63,101
C12orf57_TTGAGCGCTGAGCAAGCAAA,C12orf57,455,292,476
C12orf57_ACGCCTGGATCACCTCCGCG,C12orf57,1387,820,1411
C12orf57_CGTGGCCACGCAGATCCAGC,C12orf57,569,185,232
C12orf57_CTTCAGCTTGCCTGACAGGC,C12orf57,631,201,572
C12orf57_AGGGAGGGCCAACTCTCAGG,C12orf57,245,13,11
C12orf61_CGCCTCCTGTAGAGCTGAAC,C12orf61,948,712,604
C12orf61_TTCCCGTTCAGCTCTACAGG,C12orf61,1361,230,159
C12orf61_TCGGCGCCGATAATCGCCGG,C12orf61,588,191,351
C12orf61_CGATTATCGGCGCCGAGAGC,C12orf61,1144,239,197
C12orf65_ACGTCAGCTTCTCCCAAAGC,C12orf65,2300,585,440
C12orf65_TTCTTGCCTGCCATCTGGAC,C12orf65,799,185,265
C12orf65_TGTGAAAGGACACGGTCCAG,C12orf65,251,108,40
C12orf66_TGGTAAAGTGAGGTTCCGGG,C12orf66,615,312,511
C12orf66_GGTAAAGTGAGGTTCCGGGC,C12orf66,17,89,32
C12orf66_CTTCTTTGTTCAGGCTCGGA,C12orf66,450,91,125
C12orf66_CAGTCCCACCCAGGGCACCA,C12orf66,1108,734,613
C12orf66_AGAGGCCAACAAGAGCGCGG,C12orf66,854,413,513
C12orf66_TGTCGTAAGAGAAGATACCC,C12orf66,1102,114,217
C12orf68_CCTCAAACAGGGCTTGCAGC,C12orf68,896,149,132
C12orf68_AGTGGTCATAATCTGGCACA,C12orf68,621,35,109
C12orf68_GAGCCGGAGACTCCTTCGCC,C12orf68,18,9,15
C12orf68_CTTGCTGGGTCGCGATCCCG,C12orf68,816,326,612
C12orf68_TCGCGATCCCGAGGACGAGG,C12orf68,478,31,93
C12orf71_CAAGATTTCCAGCTATCCAG,C12orf71,569,280,65
C12orf73_ACCTCAAGTTTCTCAACAGG,C12orf73,724,327,127
C12orf73_AAGTCTTTCGGTCGGAGAAC,C12orf73,283,39,45
C12orf73_CGGACCTGGTGAGTGCGGGA,C12orf73,1362,651,1221
C12orf73_GGTGCACAGGTACTACCGAC,C12orf73,323,139,154
C12orf74_TAATCTCCTCAAAGTGGGCG,C12orf74,790,178,366
C12orf74_GGTCCTTAATCTCCTCAAAG,C12orf74,354,180,131
C12orf74_TTCCTGGCAGGCTCTTCGAA,C12orf74,834,409,282
C12orf74_GGAGATACTTGTCAGTGGGC,C12orf74,213,2,62
C12orf74_GCCTCTCTTCGGCAGCAAGA,C12orf74,717,152,163
C12orf74_GCCTTCTTGCTGCCGAAGAG,C12orf74,1121,289,659
C12orf75_GGTGTCCAGTCAAACAAAGA,C12orf75,634,192,65
C12orf75_GGCCATTCTCAAGCACAACC,C12orf75,871,44,103
C12orf75_ACCCAGGTTGTGCTTGAGAA,C12orf75,1131,573,646
C12orf76_TGGCTGTCACCGACGCCGAA,C12orf76,1045,414,706
C12orf76_TGGATCCGCTGGAGCGGAGC,C12orf76,96,58,50
C12orf76_CTCCGCTCCAGCGGATCCAC,C12orf76,416,74,98
C12orf76_GAACCTTAGGAGCTGTAAGG,C12orf76,324,31,38
C12orf76_CAGATGGCTGCGTTCAGAGC,C12orf76,691,240,337
C12orf77_AGACGCTGGACAGCATACGA,C12orf77,1212,180,231
C12orf77_ACAAGGGAACGTGCAGACGC,C12orf77,1061,268,207
C12orf77_TACCCACTGGGAGCAAACAA,C12orf77,2417,242,677
C12orf77_ATGCCGGGTTCTCTACCCAC,C12orf77,375,37,108
C12orf77_ATACTAGACTCACCTGAAGC,C12orf77,262,319,327
C12orf77_CAATCCACAGATACCGAAAC,C12orf77,1561,317,187
C13orf35_TGTTAGGATGAACTCACCAG,C13orf35,543,84,186
C13orf35_CGGGTCCATCTTCAGGGAAG,C13orf35,1632,489,747
C13orf35_CATCACGGGATTCATCACGG,C13orf35,1685,265,432
C13orf35_TCATCACGGGATTCATCACG,C13orf35,764,272,302
C13orf45_CCATACGCCTTTGTCCAGCC,C13orf45,2723,952,905
C13orf45_CCCAAATCGATGGAATGGAA,C13orf45,1181,188,113
C13orf45_TGATTTCGCTGGAAGTGCGG,C13orf45,404,97,78
C13orf45_AAGTGCGGTGGTGGATAAAG,C13orf45,1146,194,151
C13orf45_GAGGAGGCTTGGGCCGAAGC,C13orf45,162,38,17
C14orf1_GGAGCCCGACCAGCATACCC,C14orf1,803,64,290
C14orf1_CCCGACCAGCATACCCAGGA,C14orf1,1519,662,882
C14orf1_TGTGAATGTCAATGGCACAG,C14orf1,1343,246,363
C14orf1_GAGCAGCGTCCAGATCCCAA,C14orf1,601,185,49
C14orf1_TATGGTGTCCATCATAGCCA,C14orf1,378,93,47
C14orf105_CAGGACAATGCACAAAGCAA,C14orf105,1107,487,353
C14orf105_AAGTCCACACGGCCAGCCGA,C14orf105,324,8,138
C14orf105_GAGGTAGAGACTCCCTCGGC,C14orf105,204,148,169
C14orf119_ATTGAAGAGGATGACTCCAG,C14orf119,27,35,45
C14orf119_GAAGGATAGTGGCATTGAAG,C14orf119,548,73,95
C14orf119_GATGTAAGACATCAGAGGAG,C14orf119,527,90,74
C14orf132_GCAGCAGCATTTCGCTGGAA,C14orf132,1476,588,773
C14orf132_TCCAAGCCTTCCAGCTGAAC,C14orf132,2023,697,668
C14orf132_CACTCTGGCGTCTCCTGAAG,C14orf132,1460,360,342
C14orf132_CACTTCAGGAGACGCCAGAG,C14orf132,1792,378,286
C14orf142_ATTCGACCCTCTGGTACAGG,C14orf142,755,70,97
C14orf142_TATTCGACCCTCTGGTACAG,C14orf142,773,446,84
C14orf142_TGGAAAGGGTCGCCGTCACC,C14orf142,496,45,63
C14orf142_GCTGGGAGAGTACGTCGGGC,C14orf142,271,41,0
C14orf159_AAGGTGCTATCTCAGAGACC,C14orf159,503,91,87
C14orf159_TCAAAGATCTCAGCCAGGAC,C14orf159,2188,830,666
C14orf159_CGAACTCGTATTTCCAGAAC,C14orf159,2075,1184,1620
C14orf159_GCCTCATCGTGACCACCAGA,C14orf159,517,104,25
C14orf159_CCGAGACTGGTCAGCGGAGA,C14orf159,1105,437,416
C14orf159_GACTGACCTGAAGGATGCAA,C14orf159,700,79,170
C14orf164_TTTCCAGCATAGCAGTCAAG,C14orf164,1148,123,165
C14orf164_ATGAGTTGAAGCCGGTGAAG,C14orf164,649,268,355
C14orf164_TTCATCTGCCTCCTCTGGAC,C14orf164,825,69,130
C14orf164_TGCAGACTCTCTACCAACAA,C14orf164,1808,579,729
C14orf164_AGACTCTCTACCAACAACGG,C14orf164,568,198,193
C14orf166_CGTCAACTTGCGTCGGAACA,C14orf166,4922,1626,1474
C14orf166_CTCACCTTTGCAGTTGAAGC,C14orf166,811,149,98
C14orf166B_ATCAAAGCCTACTCTTCCCA,C14orf166B,913,72,17
C14orf166B_CTGGAGATTGAAGGCGAGCA,C14orf166B,1507,554,647
C14orf166B_GAACCTCAACCACCACGGCC,C14orf166B,241,22,25
C14orf166B_ACTCCCTGCCTCTTACCGAC,C14orf166B,0,11,0
C14orf166B_CCAATTCTCTGATGTAGGAG,C14orf166B,1663,205,303
C14orf166B_TCACGTCACTGGATCTGAGC,C14orf166B,953,150,261
C14orf177_GCTGCCAGGCCACATAAGCA,C14orf177,1688,284,336
C14orf177_GCATGCCCTGACGCTCACCA,C14orf177,1027,226,470
C14orf178_AGAAGATGGCGCTCACCAGG,C14orf178,562,0,0
C14orf180_TCAGACCAGAAAGAATGAGG,C14orf180,772,193,92
C14orf180_CTCCGTTTCAGGATGGAGGG,C14orf180,274,55,186
C14orf180_GCTCCGTTTCAGGATGGAGG,C14orf180,537,4,93
C14orf180_CATCCTGAAACGGAGCCGGC,C14orf180,86,15,44
C14orf180_CCGGCCGCAGTATAGGCCCA,C14orf180,868,135,85
C14orf180_CAAGCCCGTGGCAACGGCAC,C14orf180,1580,526,175
C14orf182_CTTCTTGCCACTCAGTAGCG,C14orf182,392,239,530
C14orf183_CAGGCATGAGGTCCACCAAC,C14orf183,1645,603,483
C14orf183_CACTGGCCACGGCCACCAAG,C14orf183,1129,273,463
C14orf183_TCCTGGATGTTCTGGTGGGA,C14orf183,235,269,213
C14orf183_TAGATCGGTCCTCAACACAC,C14orf183,1487,86,296
C14orf183_CTGCCAACGCTGCTCAGAGA,C14orf183,3157,352,571
C14orf183_GCTGCCAACGCTGCTCAGAG,C14orf183,691,905,655
C14orf2_AAGGAAACGTACCAGCAGCC,C14orf2,832,105,102
C14orf2_GGCGAACTATTACCTGACAC,C14orf2,20,9,45
C14orf28_ATGCCCAACTCGAGTGCAGG,C14orf28,758,54,148
C14orf37_GAGGGCTCCCAAGATGAACA,C14orf37,359,143,301
C14orf37_CAGGAACCAGGCTTAGAGGA,C14orf37,700,315,198
C14orf37_CCCTTACAGACCTTCCACAG,C14orf37,2748,1555,1333
C14orf37_CTCGAGCTTATCAGAGACAG,C14orf37,1106,653,581
C14orf37_AGACTTCACGGAATCCACCA,C14orf37,945,323,373
C14orf37_TTGAAGCAGACACAGACCAC,C14orf37,1014,169,188
C14orf39_AATCCTACATTTCGAACGGG,C14orf39,601,176,159
C14orf79_CTCCAAGATGCAAGGCCGGC,C14orf79,485,39,179
C14orf79_CCCGACCTTCTCCTGTCCGA,C14orf79,387,193,500
C14orf79_TTATGTACACGTTCAACGCC,C14orf79,454,318,251
C14orf79_GGCAACGGGACTCGCTCCAG,C14orf79,657,38,13
C14orf79_TAGAACCTTTCTGGAGGCCA,C14orf79,663,284,264
C14orf79_CTGGCCACCTCCGCATGAGG,C14orf79,1721,377,355
C14orf80_CGCCAAGTTCGACCGTCCGG,C14orf80,1398,0,7
C14orf80_ATGCCAAGGCGTTGCCCGCA,C14orf80,205,1,41
C14orf80_CTGGCACAACTACCTGAGGA,C14orf80,1234,82,50
C14orf80_TGCACATGGCGGACATCCAC,C14orf80,112,32,26
C14orf80_TAGATCCACCTGTACACACG,C14orf80,397,1,12
C14orf80_CCTTCCAAGGTTTCTGGAGC,C14orf80,520,303,171
C14orf93_GCTTAGAGTTAGCATCCAGG,C14orf93,237,261,255
C14orf93_AGTAAGGAAGTAGGCCACAC,C14orf93,765,230,428
C14orf93_TACAAGATCCCGCTTGCGCC,C14orf93,752,78,118
C14orf93_AGAAGAACTCCAGGCGCAAG,C14orf93,402,238,279
C14orf93_CCATACTCACAGGATTGAGC,C14orf93,660,167,154
C14orf93_GAGACTAATGGAGGCAACAC,C14orf93,448,141,185
C15orf26_CGGGAGTCCGGATAGGCAAC,C15orf26,1774,408,507
C15orf26_TGAACTGCGCTCAGGCCACA,C15orf26,853,140,300
C15orf26_AGTGTACACAGAGATGCCAC,C15orf26,76,219,116
C15orf26_CCTCTTAGACGATTTCAGGA,C15orf26,118,54,106
C15orf26_CAGATCCAACATGGAGGACG,C15orf26,1753,663,990
C15orf26_GGACACTCGAGCCATGGAGC,C15orf26,1004,146,433
C15orf27_GGAGAGATCGACAGCAGCCA,C15orf27,1357,193,237
C15orf27_CGTGATTCACTGGATCAGCC,C15orf27,666,398,446
C15orf27_CCTCTCACAGGTGTTTGACG,C15orf27,1757,274,380
C15orf27_GCAGATCTGTCAGGAGCAAG,C15orf27,1057,106,107
C15orf27_CACGTGGGACGAGGAGACGG,C15orf27,1189,200,11
C15orf27_GGTCCGAGGAGATGTTGGGC,C15orf27,1,72,100
C15orf32_CACATGGCCTCGCCGAGAAA,C15orf32,1474,655,615
C15orf32_ACACATGGCCTCGCCGAGAA,C15orf32,1235,528,769
C15orf32_AAGATGCCAAAGCTCACGAG,C15orf32,1037,173,164
C15orf32_AGGCTCACCTTATGACAAGA,C15orf32,1086,541,486
C15orf32_TCAATTGCGGAAGCATAGAG,C15orf32,832,245,310
C15orf32_GCATCTTATGAGAGTCAGCC,C15orf32,303,185,70
C15orf37_CCAGACCAGCATCCGAAAGC,C15orf37,1690,837,1142
C15orf37_TCCAGAAGGGCTGTTCGCCG,C15orf37,1982,268,600
C15orf37_CCACGAGTACCCGCCGAGAG,C15orf37,2043,581,663
C15orf37_CTGGCTTTGTGTAGCCAGCC,C15orf37,99,56,134
C15orf38_GCAGCGGAGATCCGAGAGCA,C15orf38,1709,222,375
C15orf38_CTGGATGCCCGAGTCAGAGA,C15orf38,1557,649,443
C15orf38_CAACTTCAGCGCCACCAGGA,C15orf38,1484,533,306
C15orf38_CGATCAGTTCTCCCTCCAGC,C15orf38,953,286,256
C15orf38_TGCAGAGCGTCCGGCTGCCA,C15orf38,378,80,210
C15orf38_ATGAGCCGCATCTACCACGA,C15orf38,1167,272,292
C15orf39_CCGGAGTCTGTCTCTAAGCG,C15orf39,137,309,151
C15orf39_GGTCTGATATTTCTCCAGGA,C15orf39,124,25,74
C15orf39_GACTGGCACTCCCGGGCACA,C15orf39,631,257,690
C15orf39_CGACTGTGTACGCCGCCAGC,C15orf39,148,131,151
C15orf39_GGCCGGTGACTTCTGAGCCA,C15orf39,1619,260,436
C15orf39_GCAGTCTGCTGGAGACCGCC,C15orf39,18,90,36
C15orf40_GAAGGCTGGTGCGACGACCA,C15orf40,385,83,132
C15orf40_GCCGAGATGCCTAAGAAGGC,C15orf40,359,11,45
C15orf41_GCGGCACAGACACTAGGCAC,C15orf41,636,0,11
C15orf41_GAGGTTTCTACAGGAACACG,C15orf41,832,8,55
C15orf41_GACCCTTCTCAGATTCCAGA,C15orf41,419,50,0
C15orf41_GACCTCATGCTCATGACCAA,C15orf41,407,10,23
C15orf41_TGAAGATCAGCTTCGTGCAA,C15orf41,2136,317,282
C15orf41_GCTGGACTGCAACCGGGAAA,C15orf41,1095,92,49
C15orf43_ACCGCGCTGCCCTTGAAACA,C15orf43,3327,646,851
C15orf43_TACCTCCACAGTGGCTGAAG,C15orf43,1089,301,169
C15orf43_ACCTCCACAGTGGCTGAAGG,C15orf43,1450,267,305
C15orf48_ACAGTCATGAACACCACCAA,C15orf48,1598,180,400
C15orf48_GGTGTTCATGACTGTGGCGG,C15orf48,717,58,421
C15orf48_TTCATGACTGTGGCGGCGGG,C15orf48,607,212,690
C15orf52_GCCCGGCACAGAGACGCACA,C15orf52,1386,498,163
C15orf52_CACTTACAATCCGTTTGCCC,C15orf52,100,42,134
C15orf52_AGCGGGTGGTTAGCAGGAAC,C15orf52,966,307,374
C15orf52_GATCCAGGAGGACCGTCGGC,C15orf52,342,68,52
C15orf52_TGCCCTGCGCAAGAAGAACC,C15orf52,631,513,319
C15orf52_GCCGAGTGCATGGCAACGGC,C15orf52,695,163,233
C15orf53_CCCGGAGGAACCATGAAACC,C15orf53,3243,1029,618
C15orf53_CATTGTCTGAAGACATGAGC,C15orf53,549,62,85
C15orf53_GACAGGAAGTGGTGAACGGC,C15orf53,441,89,16
C15orf53_ACTTGGGAAAGTCCACCAGG,C15orf53,626,74,212
C15orf54_CGATGTAAAGGAACCTGAGA,C15orf54,440,187,178
C15orf56_TGGCCTCAGGTAGGACGCGG,C15orf56,482,33,241
C15orf56_TCGAAGAGGTCGTGGGAGCC,C15orf56,691,315,388
C15orf56_GGAGGTTCGCGGCGAGAGGA,C15orf56,487,162,78
C15orf56_GAGGTTCGCGGCGAGAGGAC,C15orf56,608,116,124
C15orf56_GCTCCAGATGCCTGCGCCCA,C15orf56,690,1,189
C15orf57_CTGTGCTAAGGGCTTTGGGC,C15orf57,363,254,56
C15orf57_TACCATGACGACTGCTGGGC,C15orf57,587,121,276
C15orf57_CCTTGGAACATTTCAAGAGG,C15orf57,1104,199,165
C15orf57_GCACCTTGGAACATTTCAAG,C15orf57,756,278,61
C15orf57_GGAGCCCAAGGCTTTACAGC,C15orf57,605,91,59
C15orf57_TACAGCCACAAGATCTGGCC,C15orf57,445,147,378
C15orf59_TCCCGAGTCGACTCGGCCAG,C15orf59,950,0,91
C15orf59_GACCATCCACGGAGTCCGAG,C15orf59,1,29,21
C15orf59_TAGCAGTGACAAGGCGGGCA,C15orf59,2062,68,349
C15orf59_TTGAACTGGAGCCGGACGAC,C15orf59,1346,430,261
C15orf59_CATCCTTCGCGAGCTCAAGG,C15orf59,1632,625,737
C15orf59_GATTCGACAGCGCATGAAGA,C15orf59,469,113,60
C15orf60_GGTGTTTGAGGGTATGCAGC,C15orf60,32,98,126
C15orf60_CACTCATTGGTAGCAAGGAC,C15orf60,2278,528,398
C15orf60_CTGCAGTTGTGTTCAGAAGC,C15orf60,1536,616,631
C15orf60_AGCTGATTCCTGGCCCACCC,C15orf60,1075,245,629
C15orf60_GCACAGGCGCTCCAGACGGA,C15orf60,1484,212,362
C15orf60_TAAGGCACAAACGTAGGAAG,C15orf60,733,200,166
C15orf61_GGCGCTGTAGGGCACGCAGA,C15orf61,348,42,101
C15orf61_GCCGAACTGGTCGTTGCGGA,C15orf61,378,211,332
C15orf61_TGAAGTGCGAGAGGCCGAAC,C15orf61,1256,278,444
C15orf61_AACTACCACGTCCTGCGCAC,C15orf61,848,125,104
C15orf61_CCTTGAGCGCCGTGAAGAAG,C15orf61,1944,272,368
C15orf62_CAGGCTCAGCTGCTTGAAGA,C15orf62,893,322,560
C15orf62_TCATCCGGGAGCTACAAGGG,C15orf62,1938,330,445
C15orf62_GAGCTACAAGGGAGGCCAGA,C15orf62,572,55,44
C15orf62_CAGAGAGAGCGCCGATGGCA,C15orf62,743,477,8
C15orf62_CTCGACAGAGAGAGCGCCGA,C15orf62,334,0,53
C16orf11_AGAAGCCACACTACATCCCG,C16orf11,995,542,726
C16orf11_CTGCCTGAGTCGTGGAAGCC,C16orf11,1264,770,1150
C16orf11_AAGCAGGCTGGAGCTTCCGA,C16orf11,347,43,40
C16orf11_TGTGAAACGTGCGCCCGCCA,C16orf11,1548,277,644
C16orf11_AGCTGGGTCCCGTGTTGACC,C16orf11,2031,289,185
C16orf11_GGAACTCCTCGTCGCAACAC,C16orf11,732,374,435
C16orf13_CCACAAGGTCCGGCCTAGGG,C16orf13,2053,250,552
C16orf13_CGAACCCTGCCTCCCTAGGC,C16orf13,251,70,62
C16orf13_GCCTCACAGAGCCTCCGGCA,C16orf13,523,58,108
C16orf13_CACAGACCTCCGTGCAGCGC,C16orf13,1541,298,310
C16orf13_CAGCGCTGGTCCACGTCCGA,C16orf13,1146,101,45
C16orf13_TACCTGGATCCGGCCCAGCG,C16orf13,510,264,224
C16orf3_CACAGGAATGGGAAGCGGAC,C16orf3,400,130,137
C16orf3_ACGTGCGATGTGCAGTGCAA,C16orf3,985,113,237
C16orf45_GAGGCTTCTCGGCTTCCAGA,C16orf45,0,66,134
C16orf45_AGACGGGATGTATGGGACGG,C16orf45,1494,251,508
C16orf45_GATGCCAGAGGAGATTGAGC,C16orf45,267,39,5
C16orf45_CCATGATGTCCTTGCAGAGC,C16orf45,2139,909,794
C16orf45_CGACCTCCGCATCGTCCACC,C16orf45,1022,513,351
C16orf45_AAGCCCACGGTGGCCAAGAC,C16orf45,1803,598,565
C16orf46_ACTCTGCTCACTGTGAGAGA,C16orf46,839,211,35
C16orf46_ACTGTGAGAGACGGCAAGAC,C16orf46,1615,459,357
C16orf46_GCAGATGTCGCTAATTGCCC,C16orf46,163,103,69
C16orf46_TGTGTGTTAACCTCTCCCAC,C16orf46,437,203,64
C16orf46_CCAACCTATACTTGTCCAGA,C16orf46,353,145,310
C16orf47_AGCGAGAGCCGGGCATCGAC,C16orf47,513,66,195
C16orf47_TTGAGGACAGCCACTGACCA,C16orf47,2363,542,615
C16orf47_CTCTCTAATTCCGGCAAAGC,C16orf47,950,671,714
C16orf47_CAGCTTTGCCGGAATTAGAG,C16orf47,3706,1009,870
C16orf52_AACCCGGACTGGATCAACAC,C16orf52,1633,236,342
C16orf52_GAGCTGGATTAAGGTGAGAC,C16orf52,1430,66,442
C16orf52_AAACAATCCATGGACGAGAC,C16orf52,1108,436,445
C16orf52_AGTGTGGTGACCCACTCCGG,C16orf52,142,66,37
C16orf54_ATCTGCTCCAAGGTGACCCG,C16orf54,1155,285,252
C16orf54_CCGTACTGGAGGTCCCAGCC,C16orf54,1407,802,402
C16orf54_GGGCCCGATCTGTCAGCAGG,C16orf54,992,19,94
C16orf54_TCCTCCTGGGCGCCACACCA,C16orf54,2450,476,404
C16orf55_AGCCGGGAGCGACTCACAAA,C16orf55,2620,504,417
C16orf55_AGAAGCATTCCCAGGAAGCC,C16orf55,985,300,244
C16orf55_CTAGTCAGTTGCAGTTCCAG,C16orf55,1796,174,322
C16orf55_TAGTCAGTTGCAGTTCCAGC,C16orf55,86,16,25
C16orf55_GAGAACCATTCGGGAGCCGG,C16orf55,84,52,43
C16orf58_CCCTGCTTCCGGCTTACCCA,C16orf58,1594,189,557
C16orf58_CCATGTTGTTCCTCCGAGCC,C16orf58,2558,1191,819
C16orf58_CTCCACCAGCAACCTAGCCA,C16orf58,3238,905,628
C16orf58_TCGTCTTTGCCTGGTGGAAA,C16orf58,1745,663,563
C16orf58_TGCCTGGGTGGCTAGGGAGC,C16orf58,1112,231,341
C16orf58_CTCGGCATGGCTGACGACGC,C16orf58,719,143,167
C16orf59_TTGCAATTGTCGCTGTGCGC,C16orf59,1552,20,23
C16orf59_TCTCCATTAGTTTCTGGCCC,C16orf59,669,83,118
C16orf59_GGTGGAGGTTTACCTGGAAG,C16orf59,213,0,0
C16orf59_CTCTTTGAGGTCTTGTGGAC,C16orf59,658,396,278
C16orf59_GCGCAGTCTCAGCAGCGAGC,C16orf59,764,1,140
C16orf59_GCTGTGCACAGCCCGGCACA,C16orf59,348,1,6
C16orf62_GCCGGCGGGAGTTGTAACCC,C16orf62,159,89,110
C16orf62_TGAATTTGCATCATGCCGAC,C16orf62,819,160,158
C16orf62_GCTGCTCAGCGGGTCCACCA,C16orf62,444,76,106
C16orf62_TTCTTTAGGACAGCTCCAGA,C16orf62,365,111,186
C16orf62_AGAGTGAAAGATGCCTCCAC,C16orf62,386,33,84
C16orf62_GCTGTTGAACTTGACTCAGC,C16orf62,1,20,436
C16orf70_AGCCGAACCAATGCTGGACC,C16orf70,1043,139,771
C16orf70_CCAGGTTCTCTACAGTGAAC,C16orf70,281,281,357
C16orf70_TTCTTAACCTGACTCAGGAC,C16orf70,43,145,73
C16orf70_GACTTGGCTTACCTCCAGGA,C16orf70,867,228,371
C16orf70_GATGTTCTTCGAGATGGAAC,C16orf70,341,67,70
C16orf70_TTGGCATCTGCTAATAGGCC,C16orf70,1110,226,260
C16orf71_GGGAGTCTGAGTCCAGAGAC,C16orf71,201,121,158
C16orf71_ATGGCGACAAGTCCAGGGCC,C16orf71,1058,90,187
C16orf71_CCGACCAGCAGTGACAAAGG,C16orf71,4171,484,1945
C16orf71_GATTTCAGCAACTTGAAGCG,C16orf71,432,41,130
C16orf71_TGGTGCCGAGCGCCCACAAC,C16orf71,595,617,359
C16orf71_CTGCGTTAAGCCTCATGCCC,C16orf71,298,173,135
C16orf72_AGGCCGAGATCCAGGAGCAC,C16orf72,781,121,84
C16orf72_ACCTTTGTAGAGCTGGGCCA,C16orf72,138,1,36
C16orf72_GACCGAGTGTGTCAGCAGCC,C16orf72,1237,98,343
C16orf72_GCCGTCACCAATCTCTACAA,C16orf72,1116,47,33
C16orf72_AGAGCTATGGCTTCCCGGAA,C16orf72,1446,40,18
C16orf72_CCTAGGTCTTAGTGGTGCAA,C16orf72,1116,50,66
C16orf74_TTTGTGTTCCAAAGCTGACG,C16orf74,169,123,97
C16orf74_TTGTGTTCCAAAGCTGACGA,C16orf74,953,391,375
C16orf74_CTAGTCTGGCTGGATGAGAC,C16orf74,964,660,686
C16orf74_CCACGGGCATGATGCTGCCG,C16orf74,392,831,680
C16orf74_AGGTGCTTGTCGTTCAGGAC,C16orf74,736,468,514
C16orf74_CGTCCTGAACGACAAGCACC,C16orf74,1474,421,310
C16orf78_ACCTCACCTGTGTGCTGGAG,C16orf78,1742,436,159
C16orf78_GAAGAAACAAGCTCCCGAGG,C16orf78,184,60,27
C16orf78_AAAGGCCTCATGACAGCACG,C16orf78,298,117,201
C16orf78_ATAGAGGCTTCGGTAGGAGG,C16orf78,818,112,98
C16orf78_CTTAGATCCCATGTTACAGG,C16orf78,1647,406,179
C16orf78_ATCCTTGCACAACTTGAGCA,C16orf78,1058,577,426
C16orf80_ACCTTTGCCTTGTTCTGAAC,C16orf80,1453,583,909
C16orf80_ATGCAAATTGTCGCATCCGA,C16orf80,1038,58,97
C16orf80_CCAGCCGTCATCCAGCCGCA,C16orf80,2397,69,103
C16orf80_CCATGCGGCTGGATGACGGC,C16orf80,429,37,105
C16orf80_GCAGATGAAGGGTTTGACCC,C16orf80,1185,9,17
C16orf80_GATGAAGGGTTTGACCCGGG,C16orf80,190,19,0
C16orf86_ACACAGGCCATCGGTCACCA,C16orf86,2133,313,639
C16orf86_TAAGATGGGCACGAAGGCCC,C16orf86,37,0,1
C16orf86_ACCCAAGCTGCCGCTGCAGG,C16orf86,642,103,15
C16orf86_CTGGCCACAGCGTGGAGCAC,C16orf86,514,128,115
C16orf86_CGTACTGGTACAGCGGCCGC,C16orf86,248,129,50
C16orf86_TTGCAACCCTGAGCTGAACC,C16orf86,2627,714,563
C16orf87_ACAAGCATGAGGCCAAGAGG,C16orf87,2253,275,482
C16orf87_TCGAGCCAAGAAAGTGAAGA,C16orf87,828,306,257
C16orf89_GGATGTATAGGAAGCCACCC,C16orf89,127,86,81
C16orf89_CCGACTTCTACAAGCTCCGG,C16orf89,992,74,46
C16orf89_CCATCATGTTGGCGCAGAAG,C16orf89,1783,816,866
C16orf89_CAGAGGTCTGAGAGGCCGCA,C16orf89,941,142,138
C16orf89_GAGGCTGCCTGAAATCAACC,C16orf89,126,16,60
C16orf89_TGGCTCTCTCCAGCGCAGAC,C16orf89,1242,390,329
C16orf90_GAGCGGGTTCTCTTGCACAA,C16orf90,732,207,244
C16orf90_CTTCTAGGCTCAGGCCCAAG,C16orf90,1121,237,379
C16orf90_TTCTGGAAGCCCGATTGCCC,C16orf90,510,186,192
C16orf90_CTTCCAGAAGGGCTGAACAG,C16orf90,1925,808,317
C16orf90_CCATAAGCCGGCCCAGCCAG,C16orf90,646,80,65
C16orf90_TCTGAGCTGCACATAAGAGA,C16orf90,1360,184,356
C16orf91_GATCTGAGAAGTCTTGCCGA,C16orf91,13,0,41
C16orf91_CTGGTCGGTGGGCCATACCA,C16orf91,2108,661,806
C16orf91_GAATCGTGTCTTGTGTGCCC,C16orf91,167,8,59
C16orf91_CACCCACTGTTGTGGGAGGA,C16orf91,578,325,238
C16orf91_AGGCTCCATGGCTAACCAGA,C16orf91,596,102,71
C16orf91_CGGCAGGAAATGGCCAGCCC,C16orf91,1191,292,178
C16orf92_TCAGGTCTGTCTAAGAAGCG,C16orf92,948,409,464
C16orf92_ATCCGGACTCAGACCAAGCC,C16orf92,773,47,192
C16orf92_GGATGTGATGGAAGAGCCCG,C16orf92,139,159,328
C16orf92_CAGGATGTGATGGAAGAGCC,C16orf92,629,209,129
C16orf92_CTTACATGTGGGTGCAGAAC,C16orf92,2770,662,851
C16orf92_CCCACAGAAACTTCCAGAAA,C16orf92,2176,635,702
C16orf93_TGATGTAGGCTCGGAGGACG,C16orf93,2676,337,385
C16orf93_CCTTGCTTCCCAGGTGCGGC,C16orf93,305,58,57
C16orf93_CAGCATCGACCTCTTCAAAG,C16orf93,3249,980,649
C16orf93_CTTGTGAAGATCCTGGAGCA,C16orf93,1221,395,293
C16orf93_TCTCCAGCTGGTGCATGGAA,C16orf93,1340,268,171
C16orf93_GCGGACTCAGTGGACGACGG,C16orf93,52,162,31
C16orf95_TGATGACCCTCGGGATGGCC,C16orf95,501,233,175
C16orf95_CCTGGTCCCTAGGCATCGGG,C16orf95,475,217,263
C16orf95_ATTCACAGCAGATGGCCCAG,C16orf95,31,166,172
C16orf95_GCTTTCCTTACCGAATGACG,C16orf95,272,4,51
C16orf95_CTTTCCTTACCGAATGACGG,C16orf95,434,131,263
C16orf95_GAAGCCATATGCGTGCGAGC,C16orf95,269,108,117
C16orf96_TCTGATCAAGCTCCGGAAGA,C16orf96,843,357,468
C16orf96_GCTGAAGAACATGCTTGACA,C16orf96,32,82,165
C16orf96_TGCAGCCGTGTCTGTTGCAA,C16orf96,643,427,563
C16orf96_ATATGTCCACTGTTGTCCCG,C16orf96,910,280,287
C16orf96_TCGCTACATCACTTTGGACA,C16orf96,2043,431,560
C16orf96_GAATAAGAGCACGATGGAGG,C16orf96,247,11,82
C16orf97_TCAAGTTGTGTTGACCCACC,C16orf97,426,287,165
C16orf97_CAGAAGCGTAGGCGAAAGAC,C16orf97,736,285,612
C16orf97_TCCAAGTGGACTCTTGCAGA,C16orf97,387,233,120
C16orf97_TGCTCATAATTGGGAGACAC,C16orf97,1070,181,390
C17orf100_GGGCCAAGCAGTCTTCGCCC,C17orf100,281,87,158
C17orf100_GGTGGGACGAGGTCTCCACG,C17orf100,288,76,51
C17orf100_AGGACGCCTCGAGGATGCGA,C17orf100,380,113,31
C17orf100_CGTTTCCGTGCGCTGCGAGG,C17orf100,1011,534,18
C17orf100_CAGAGCCTCGTCCCTGAGGG,C17orf100,347,14,79
C17orf100_TGATTGGTCCACCTGGCAGC,C17orf100,1208,333,125
C17orf102_GGGCTCAGCTTCGTGCGGGA,C17orf102,385,171,199
C17orf102_AGGGACATCAGTGACTGCGG,C17orf102,773,147,87
C17orf102_GACTGCGGTGGCGTCTACCC,C17orf102,437,311,205
C17orf102_AGCGCTAGCCGGCGTTGGGA,C17orf102,683,43,162
C17orf102_TTCCCAACGCCGGCTAGCGC,C17orf102,1034,217,419
C17orf103_CCTGGACTTCGTGGTGGAGG,C17orf103,784,154,165
C17orf103_GCTTGGCGATGCCACGCCCA,C17orf103,52,110,76
C17orf103_TCTATGAGTACGTGGGCAAG,C17orf103,1247,146,309
C17orf103_GGGCCGCCTTACCGTTGAGC,C17orf103,907,29,201
C17orf103_CGTTGAGCCGGACAGTGAAC,C17orf103,1636,369,510
C17orf103_GGACAGTGAACTGGCGGCGC,C17orf103,1108,153,125
C17orf104_CAAGATCTACTGGAGTCACA,C17orf104,764,216,117
C17orf104_TCTAATAGCCACAGAACGAG,C17orf104,1620,221,338
C17orf104_GCTTCCAATCGGCAAAGGCA,C17orf104,501,153,278
C17orf104_TCATCTGCAGTGCACACCAC,C17orf104,863,458,332
C17orf105_ATGTGATTTGTGTGCGCCAC,C17orf105,221,101,146
C17orf105_CGAGCTAGTGAGAATCACCA,C17orf105,1817,372,105
C17orf105_CAAGCCTCTTCAGAATGCCC,C17orf105,1,146,169
C17orf105_GCAGGGCATCTGAGATAGAC,C17orf105,1064,110,164
C17orf107_CACTTGTGGCGGCCATGAAG,C17orf107,319,42,236
C17orf107_ATATTCATGGGCTGCGGCCA,C17orf107,359,228,304
C17orf107_GGTGCCGAAGCTCACGAGGC,C17orf107,364,0,48
C17orf107_CGGCACCACCTTGTTAGAGG,C17orf107,2980,737,650
C17orf107_TGCTCCCTGGACTAGGAGCC,C17orf107,255,164,261
C17orf107_ATGCTCCCTGGACTAGGAGC,C17orf107,309,119,206
C17orf112_ACAAGACGACACTGAGCAAA,C17orf112,1576,918,792
C17orf47_TACCTAGGTAAGGACCGAGG,C17orf47,219,192,65
C17orf47_GAAACAGCGAGGTTGGCCGC,C17orf47,743,120,34
C17orf47_TGATACTAAGACCTTTGCGG,C17orf47,1202,370,395
C17orf47_GATACTAAGACCTTTGCGGA,C17orf47,1185,84,110
C17orf47_TGAGAGCAAGTCAGGGCGCG,C17orf47,1344,531,508
C17orf49_CATGACGTCAGCGTCCACAA,C17orf49,2083,580,528
C17orf49_GAGCTTCGTGAAGGCGGCGC,C17orf49,792,68,61
C17orf49_GACGATGCAGCTGCATCCCG,C17orf49,18,32,97
C17orf49_TTGGGTGACTCAGCTGGAAG,C17orf49,1651,449,434
C17orf49_CCAGCTGAGTCACCCAAGAA,C17orf49,3972,1198,844
C17orf49_CCTTTCTTGGGTGACTCAGC,C17orf49,318,78,17
C17orf50_AACGGAAGAGCTCCGGGCCG,C17orf50,1418,52,28
C17orf50_CGCCGGATCTCCAGCACGCA,C17orf50,3027,316,680
C17orf50_GCACTGCGTTCTGGATCACC,C17orf50,553,28,116
C17orf50_GGGCGCTCAGGAGTTCCCAG,C17orf50,14,9,9
C17orf51_TGCGGAGGCATTTGCTCAAC,C17orf51,1500,906,788
C17orf51_TGCAGCCGAGAGGCCCACAC,C17orf51,1101,151,333
C17orf51_CTGTTGGAGCCCGCGAAGAG,C17orf51,2597,1039,823
C17orf53_TCCTGTGGCCTAGAAGAGAC,C17orf53,361,140,69
C17orf53_CACAGCACCAGGTCTCAAGG,C17orf53,1620,306,97
C17orf53_GGAATTTAGCCAGAGCACCA,C17orf53,562,138,160
C17orf53_CATGAAATCCACGCTAGGCC,C17orf53,751,110,257
C17orf53_AGGACCTAATTCCTTACCCG,C17orf53,582,66,96
C17orf53_CAACGTGACACCCAACAACC,C17orf53,1427,443,666
C17orf58_AGGCTGGGCGACCTACAGCC,C17orf58,681,91,162
C17orf59_GAAGGCACAGTGAGCCGCCA,C17orf59,440,55,48
C17orf59_TCAACATCCATCCCGCCGCC,C17orf59,783,138,144
C17orf59_GGTTCTTGTGCCGGGAGGAC,C17orf59,547,102,76
C17orf59_GAAGGTTCGTGCTCTGCACC,C17orf59,60,15,0
C17orf59_CAGGCCCTAGTCTTTGGCGG,C17orf59,742,60,241
C17orf62_ACTTTCTCCATCGTGAGGCC,C17orf62,554,249,115
C17orf62_TGATGTCCGTGATGTGAGCG,C17orf62,1057,676,422
C17orf62_CCCTGTGCTCTTGTCGAAGA,C17orf62,2321,1077,603
C17orf62_AGTTCTGCACAGCCACAAAC,C17orf62,2235,499,422
C17orf62_AGGAATCTTGTCGATTGGCC,C17orf62,481,217,220
C17orf62_GCTCCCGCCTCCATCTGAAG,C17orf62,702,160,185
C17orf64_CTCGCTCATGCGCCATGCCA,C17orf64,2350,586,250
C17orf64_TCGCTCATGCGCCATGCCAA,C17orf64,1233,253,151
C17orf64_TGCAGCATTACTGCCAAGCC,C17orf64,1882,681,911
C17orf64_TTGCTTCCAGCTCCGAGAAG,C17orf64,1763,544,446
C17orf64_ACATCAGCGGCATGAAGGAG,C17orf64,800,372,297
C17orf66_CATGGAGGCACTACAGCAGG,C17orf66,370,257,193
C17orf66_TGAGCAGTTCTATGCAGCAC,C17orf66,1268,242,313
C17orf66_CAGGCCCTTAGAGCCTACCC,C17orf66,401,202,129
C17orf66_TGTATGATCAGCGAGAGGAA,C17orf66,656,188,133
C17orf66_CTTACCTGGTAGCAGGACAA,C17orf66,1458,199,332
C17orf66_TGGGTACAGGAACATTGACC,C17orf66,185,143,134
C17orf67_CAGGATAGACCAAGCAAACC,C17orf67,1267,337,401
C17orf67_GCTCCTAAGATCTCGGCGAC,C17orf67,327,154,131
C17orf70_CGTTCACCTCATCGTCCGAG,C17orf70,1154,278,271
C17orf70_GGCACTGACAAGCCTCAACG,C17orf70,1369,148,63
C17orf70_TCAGGCGGCCTTTGGCGGAC,C17orf70,728,289,307
C17orf70_TGAGCAGCCCGAAGAAGGCC,C17orf70,554,57,27
C17orf70_TGCTGTACGCGCTGTGCGCC,C17orf70,330,157,86
C17orf70_CGTCTACGTGTACGACCAGG,C17orf70,1354,552,8
C17orf72_AAGGCAACCGGCGCCAGCCA,C17orf72,408,57,104
C17orf72_ACCGCAGAGCGCAGTCCCGA,C17orf72,628,119,69
C17orf72_GAGTCTCACCTTCCTTCACG,C17orf72,1239,304,269
C17orf72_CCCACACGCACCTGAGGGCA,C17orf72,1256,383,172
C17orf72_GCAAGTAGGGCTGACAAGCA,C17orf72,2403,1046,846
C17orf72_GGACTGCCAGCCATGGGCAC,C17orf72,688,390,127
C17orf74_CTGCAGTCCTATGGGCGCCA,C17orf74,983,506,601
C17orf74_GGCCATAGGCGTGACCAAGC,C17orf74,291,259,334
C17orf74_AGAGGTAGTCAGAGGACGCC,C17orf74,402,59,116
C17orf74_CCATGTTTGTCCCACTCAGC,C17orf74,1056,306,167
C17orf74_CCGGCTGAGTGGGACAAACA,C17orf74,2580,1161,1250
C17orf74_CCACTCAGCCGGAATCCAGG,C17orf74,1282,96,60
C17orf75_TTTGTGCATGGCCATGACAG,C17orf75,1206,238,244
C17orf75_TAACAACCAACTCGGTAACC,C17orf75,1413,144,225
C17orf75_GATTAGTATCTGCCAAGGAG,C17orf75,563,174,241
C17orf75_TGTAGATTGGCACAGCAACG,C17orf75,1153,668,316
C17orf75_TTTACAGCTATCGCGGAAGC,C17orf75,509,112,78
C17orf75_TCCATCGACTCCTGCAAAGA,C17orf75,1462,283,295
C17orf77_CACCTGTGATCACCAAGGAG,C17orf77,1619,337,303
C17orf77_GGGACTGGTCAGGTTTGCAC,C17orf77,194,86,69
C17orf77_GGGAGTGCACGTAGGAGCCA,C17orf77,165,135,183
C17orf77_GCACGTAGGAGCCAAGGAGC,C17orf77,2563,293,427
C17orf78_AGCATGTGCTCAAGCTAACA,C17orf78,1843,806,704
C17orf78_CAGAGATAGCAGTTGCCGAC,C17orf78,298,466,363
C17orf78_GATTAGGTGACAGCTTGAGG,C17orf78,256,243,9
C17orf78_TGGCAACTCCACTGAGCAAC,C17orf78,800,424,506
C17orf78_AGTATCAATGCCTAGGAGCC,C17orf78,463,160,143
C17orf80_CGATGTAATCCTTCAGAAGC,C17orf80,897,283,354
C17orf80_GAACGGACTGTCATGAGCCA,C17orf80,1661,276,58
C17orf80_GCATTAATGGAGAGTCCCGA,C17orf80,698,126,24
C17orf80_ATTGGTGTGGCGAAGACGAC,C17orf80,262,179,153
C17orf82_GAACGTGTCCGAGCACGCCC,C17orf82,546,84,0
C17orf82_GGAAATCGGTGCTTCCGGAG,C17orf82,1252,291,190
C17orf82_CGAGATGGCGCTGCAGGCCA,C17orf82,531,307,449
C17orf82_CTATCTCCCGCTCTCGCCCG,C17orf82,3053,376,462
C17orf82_GCTCAGTGTGTCCGCAGCCC,C17orf82,990,150,590
C17orf85_TCATTCCCGTCGTATTCAGC,C17orf85,859,32,50
C17orf85_TACGTTGTCTCAGGTAGAAG,C17orf85,674,335,110
C17orf85_TGATCTTATCCTGTGCAGGC,C17orf85,675,85,83
C17orf85_ATCCTCCAGCTCACATCGAA,C17orf85,769,45,103
C17orf85_GACCGAGACATGATGAAGAA,C17orf85,694,210,54
C17orf85_TCCTTGAGCGAGCGCCGCAC,C17orf85,762,76,90
C17orf89_TCCTTACTCAGGCGGCCGCC,C17orf89,83,10,43
C17orf89_CGCAGAAGTCCTTACTCAGG,C17orf89,970,170,471
C17orf96_GAAACTTTGGTGTTACGCGA,C17orf96,1441,168,238
C17orf96_CGTAACACCAAAGTTTCGAC,C17orf96,688,64,183
C17orf96_CACGCTGAGGCTCGAGACCC,C17orf96,1710,358,80
C17orf96_AAGCTGGTCGTAGATTCCCG,C17orf96,1322,167,173
C17orf96_CGCCGCGGAGAGGAGGAAGA,C17orf96,780,68,52
C17orf96_GGCGTTCCTAACACCGCCGC,C17orf96,47,0,0
C17orf97_CGGGTTGGGTTGCAGCCCAG,C17orf97,210,150,52
C17orf97_TTGGGTTGCAGCCCAGCGGG,C17orf97,337,0,27
C17orf97_TGACGGTGGAGGAGTCAGAA,C17orf97,2048,561,424
C17orf97_TTTCGTTGATCCGATTCGCA,C17orf97,500,228,156
C17orf97_GAGACATCATTTCTTTCCGG,C17orf97,6,3,3
C17orf97_GATGTCTCCGCCCAACAGCA,C17orf97,861,391,381
C17orf98_AGACGGACGTGCTCTGACGG,C17orf98,2871,978,706
C17orf98_GACGGACGTGCTCTGACGGA,C17orf98,466,69,25
C17orf98_TACATCCACATCTTCGGGCA,C17orf98,2756,330,527
C17orf98_GAAAGGCTTTATCTTGGACG,C17orf98,278,60,87
C17orf98_TGTCGCCTGCGACTGGAGAA,C17orf98,898,358,386
C17orf98_GAGCGAGTGTCGCCTGCGAC,C17orf98,265,196,81
C17orf99_CCTGGTGGACTCACCCAGCA,C17orf99,1110,1484,962
C17orf99_TGTAGGCAATGGAGACCACA,C17orf99,931,134,540
C17orf99_TGTGACGTTGAGGTTGAAGG,C17orf99,929,371,546
C17orf99_TGCCGAGCCAGACATCGGAC,C17orf99,890,518,422
C17orf99_CATTGGCGTTGTTTGCAGCC,C17orf99,930,596,557
C17orf99_CTCCTCTTCACTCAGACGGC,C17orf99,709,119,145
C18orf21_ACTACCTTGAGGCTGCAGCG,C18orf21,545,0,0
C18orf21_CCCTCCAGTCCTCTTACAGG,C18orf21,814,0,20
C18orf21_TGGGCCTACACTTCGTCGCA,C18orf21,573,42,0
C18orf21_AGTTATCCAGAACCAACAGC,C18orf21,298,11,0
C18orf21_TGCGTCTCAAACCCAAAGCC,C18orf21,618,27,68
C18orf21_CATGACATGTCTGGCTCGAA,C18orf21,770,295,203
C18orf25_ACAGAATGGCCGAGTCGCCA,C18orf25,283,284,423
C18orf25_TGGTACTACTGTCCTGCAGC,C18orf25,259,103,111
C18orf32_AGGCCATATACGACTAACGA,C18orf32,1159,221,190
C18orf32_GGCCATATACGACTAACGAA,C18orf32,232,107,116
C18orf32_CCATATACGACTAACGAAGG,C18orf32,736,218,228
C18orf54_CAGGGTGCAGCTTGCCAGCA,C18orf54,1393,760,602
C18orf54_ATATATCCTGGTGCAAGCAC,C18orf54,552,176,180
C18orf54_TCTTGATTGTGCAGCCAGAC,C18orf54,190,289,326
C18orf54_TCATCAGAGTTAACGGGAAC,C18orf54,2113,363,284
C18orf54_GACCTGGTTGATGATACGAA,C18orf54,557,105,365
C18orf54_CTCCATTCGTATCATCAACC,C18orf54,2786,694,514
C18orf63_TGGCTAGACTTGCTCCAGCC,C18orf63,901,361,504
C18orf63_GCTCCAGCCTGGAATAGAAC,C18orf63,730,285,319
C18orf63_ATGGAGATTTCCAGAGACAC,C18orf63,1832,255,436
C18orf63_AGAAGACTTTGAGCACAGGC,C18orf63,883,363,87
C18orf63_TTCAGTAGCAGTGGACCACA,C18orf63,2416,480,666
C18orf8_TTCGCCTTCTCGAACTGCAC,C18orf8,289,87,174
C18orf8_TTCCCAGCTGGAATACACAC,C18orf8,733,401,396
C18orf8_GCTGAGGGTCTCTTCACACG,C18orf8,158,122,281
C18orf8_TTGCGATGTCTCTTTCGGAA,C18orf8,1991,413,569
C18orf8_TGGTCCTCTATCATCTACCA,C18orf8,468,319,373
C18orf8_CCTGAACGTGGTGGACAACC,C18orf8,360,275,437
C19orf10_TGCAGTGGCTCACAGGCCCG,C19orf10,1247,32,182
C19orf10_CAAGATACTCACGTAGGCCA,C19orf10,418,235,172
C19orf10_CGCTGAGATTGAGTACGCCA,C19orf10,928,195,237
C19orf10_TTCACTTACGCCTCTCAAGG,C19orf10,2369,215,324
C19orf10_TTCTCCCATAACGTGGGCCC,C19orf10,387,146,62
C19orf10_CTTCTCCCATAACGTGGGCC,C19orf10,1572,193,347
C19orf12_GCTGGTGAACTACGTCACCA,C19orf12,164,19,105
C19orf12_GACAAGTGGACAGTTTAAGC,C19orf12,420,178,230
C19orf12_TTAGGTGCCTGGATGACAAG,C19orf12,1315,154,208
C19orf12_TTACCAACGGCGAGTCCCGG,C19orf12,553,126,109
C19orf18_CTCAGCCTGTGCCAGTCGAC,C19orf18,364,426,669
C19orf18_CATTGCCCTGATATGTGGGA,C19orf18,376,114,134
C19orf18_GGAATTCAATGACTCACCCG,C19orf18,546,35,52
C19orf18_CCAGTTGCCTGGGATTCAAG,C19orf18,1413,128,203
C19orf24_TGGCTCCCGTTCGTCACGGC,C19orf24,1331,47,132
C19orf24_CGTGACGAACGGGAGCCAGC,C19orf24,791,16,39
C19orf24_GGCGAGGCTGCATGGTCCAG,C19orf24,271,0,2
C19orf24_ATGCTGTCCCAGCCTGGCCG,C19orf24,1037,215,114
C19orf24_TCTGGGAACACCTTCTCGCC,C19orf24,614,0,0
C19orf25_ACTCGGCATGAATGAGACGA,C19orf25,101,94,27
C19orf25_CGCCTGTGTCAACACCCACG,C19orf25,1618,622,1249
C19orf25_GCCCACGTGGGTGTTGACAC,C19orf25,536,222,450
C19orf25_CTGGTAGAGCTGCTCTCCCG,C19orf25,1890,124,53
C19orf25_GGACCGTGCCCATGTTGCGG,C19orf25,1240,256,189
C19orf26_CCACGAGTGTGACTCAGGCG,C19orf26,1,2,353
C19orf26_CCTCATTGAAGGAGACCCGG,C19orf26,646,94,98
C19orf26_TCACTCGCTCAGCACGCGCC,C19orf26,1132,42,236
C19orf26_AACGGCACCCACCCAGCCCA,C19orf26,1019,40,77
C19orf26_AGCAGCGCTTGCAGAGGAGC,C19orf26,199,17,103
C19orf26_ACGTCGTGGGACAATGCCAC,C19orf26,472,223,111
C19orf33_ATGGAGTTCGACCTGGGAGC,C19orf33,945,160,156
C19orf33_TTCAGGGCCGGTCGGAGGCA,C19orf33,745,384,213
C19orf33_AGGCGACTTACCTTTGGACC,C19orf33,980,274,305
C19orf33_CAGCTCCAGCGATTCGGACA,C19orf33,1950,138,574
C19orf33_GCACGAGAGCATCCCGGGCA,C19orf33,1504,438,439
C19orf35_TCGACCACGCCTTTGGCCGC,C19orf35,877,174,430
C19orf35_CGAGGTTCCAGAGCGCACGG,C19orf35,1481,652,1274
C19orf35_TGTGCAGATCGCGGAGGGAG,C19orf35,1677,349,414
C19orf35_GGGTTAGGATCTTCTTGGGC,C19orf35,192,41,124
C19orf35_TGCCCAAGAAGATCCTAACC,C19orf35,1397,354,334
C19orf35_ATACGTGGGCTGAGTCGACC,C19orf35,101,11,39
C19orf38_ACCAGCTGCAAAGAGCAAGA,C19orf38,770,154,215
C19orf38_TAGAAGGGCCTTACCTGGGA,C19orf38,74,66,41
C19orf38_ACCAAGATCCAAGTGGGCAC,C19orf38,12,85,0
C19orf38_CAGATTAACTTCGACAGCAC,C19orf38,1336,482,470
C19orf38_CACCGCGGAGACGGTAAACA,C19orf38,1902,207,276
C19orf38_GCCTGAGTGATCATCCAAGG,C19orf38,1973,615,127
C19orf40_TGGCCAATGAGAAATGGCGC,C19orf40,773,0,60
C19orf40_GCTGATTTGGTGGCAGGAAA,C19orf40,2076,309,657
C19orf40_GCTTCCATCTGGCTGGCCAC,C19orf40,674,14,197
C19orf40_AGGAATCGGTACTCACCAAC,C19orf40,611,113,77
C19orf40_CCCTCTTCTCGGGAAGAAAC,C19orf40,864,461,586
C19orf40_CCCGTTTCTTCCCGAGAAGA,C19orf40,1350,363,717
C19orf43_TAACAAGTAAAGGTGACGCG,C19orf43,1147,115,59
C19orf43_AACAAACTAGCCCTCAAGAC,C19orf43,887,107,89
C19orf43_TACACCTTCCTAGCCCGGCC,C19orf43,673,30,41
C19orf43_GCTTCCTGGAGCTGTTCAAG,C19orf43,1678,281,385
C19orf43_CCGATCCCGACTCAGCCCAA,C19orf43,824,306,658
C19orf44_TCATGATCCGGGTTTCCAGC,C19orf44,412,160,134
C19orf44_AAGGGTTCTGTCTGCTGCCA,C19orf44,461,17,74
C19orf44_TGAGAACTCCGATTTGGAAC,C19orf44,1904,685,341
C19orf44_CTTCACCTACGAGTGGACCA,C19orf44,1004,214,204
C19orf44_AGCCCTGACCGCTTACAGCC,C19orf44,1023,324,393
C19orf44_ACTGACCATGGAGGATGCCC,C19orf44,271,0,16
C19orf45_AGGTGGCTGGTGTCCCGCGA,C19orf45,1573,456,328
C19orf45_CTCTTACACCTCAAGGCAGG,C19orf45,227,202,190
C19orf45_CACTACGTACAGGTATGACA,C19orf45,1783,420,573
C19orf45_CTGAAAGGAAATTGGTGCCC,C19orf45,914,287,139
C19orf45_TGACTGAAGAGATGCTACAG,C19orf45,1551,255,420
C19orf45_AAGCGCAGTCCACCCAGAGG,C19orf45,1365,226,312
C19orf47_CTGTTCCTGCCAAGCGGCGC,C19orf47,1074,188,172
C19orf47_GATGGCAGCAAAGAGTGCCA,C19orf47,25,180,0
C19orf47_CGGCGAATTTCGCCTGCAAG,C19orf47,1214,190,387
C19orf47_CAAAGTGGTGCACCGTCAGG,C19orf47,1402,140,171
C19orf47_GAACTGGATCCACTCGGAAG,C19orf47,1262,282,205
C19orf47_CGAGTCAGTTCAGCTTCCGG,C19orf47,1172,443,291
C19orf48_TCCTGAATGCAGCTCAAACC,C19orf48,1607,587,785
C19orf48_CCCGCTTCCCTATTGTGACC,C19orf48,1473,72,472
C19orf48_GGTGGATAAGTGGGCTACCA,C19orf48,293,38,40
C19orf48_GGGACCCAACCCAGTGCACA,C19orf48,599,203,344
C19orf52_AAGACGGAAGAGGATGGCCG,C19orf52,840,131,258
C19orf52_AAATCTCCTCAGAGCCGCCG,C19orf52,380,28,78
C19orf52_GACGCGGTAGTGGCGAAGCC,C19orf52,15,30,3
C19orf52_CAGCGAGGGTGCCTTCGAGG,C19orf52,1336,19,4
C19orf52_TGACGTAGCGCAGGCGGCCA,C19orf52,1723,122,53
C19orf52_TGATCGTCGGTGAGCACGAC,C19orf52,639,265,30
C19orf53_TTCCGCTGCGTGCCGGACCA,C19orf53,634,254,414
C19orf53_CAAACCCGCAAAGAGTAAGA,C19orf53,882,61,66
C19orf53_GCCGCGTTAGGAGCGAAGGA,C19orf53,1312,460,514
C19orf53_TAGGAGCGAAGGATGGAGCC,C19orf53,383,51,47
C19orf53_GGAGCGAAGGATGGAGCCCG,C19orf53,882,90,0
C19orf54_GCACAGCCCGAACACCCAGC,C19orf54,1085,464,268
C19orf54_TGCCAGCACCAGCTACGACG,C19orf54,562,780,629
C19orf54_GGTCTCTGTTGGGACCGCCC,C19orf54,66,4,4
C19orf54_ACCCGTATGAGTCTCTCCAG,C19orf54,341,76,127
C19orf54_CTTCTTGGATGAGGGACGGC,C19orf54,610,116,246
C19orf54_GAAGAGCCAGCTCCTGAAGG,C19orf54,204,190,84
C19orf55_CAGTAGTGGCTTCGACCCAG,C19orf55,1716,140,178
C19orf55_CACCCACCCTGATTGACAGC,C19orf55,959,409,391
C19orf55_GGCTCAGCCCACCAGTCGAG,C19orf55,497,207,151
C19orf55_GCAGGAGCCAACAAACCAGA,C19orf55,234,119,52
C19orf55_CTGCCAGGCTGCTCAAACGC,C19orf55,1577,1100,893
C19orf55_TCAGCCCTTACCGGGTGCCC,C19orf55,361,60,12
C19orf57_GCCTACAACTCCCTCCAGGG,C19orf57,569,103,49
C19orf57_ACCTCGAACGAGACCTCGAG,C19orf57,541,96,69
C19orf57_CTGCGATGACAACCATCCCG,C19orf57,1635,617,558
C19orf57_GCTCCTCCGTCAACCAGAAA,C19orf57,541,244,377
C19orf57_GGTTGACGGAGGAGCCGGCA,C19orf57,232,57,12
C19orf57_TGCTGCTGTGTAGAGGGAAC,C19orf57,2017,336,312
C19orf59_AGCCTTCAGGGACAAGAAAC,C19orf59,1116,364,329
C19orf59_TGTTTCTTGTCCCTGAAGGC,C19orf59,542,207,278
C19orf59_CATTCACGACCCACGAGCCA,C19orf59,1341,663,646
C19orf59_AGTCTGAGGGCGGCCTGCAC,C19orf59,1145,273,297
C19orf59_GATGGCTCTGTACAACCAGC,C19orf59,1,0,42
C19orf59_CGTTCAGCAGAGCATCACCA,C19orf59,940,418,418
C19orf60_CATGATCACCGAGACCGCGG,C19orf60,1283,730,744
C19orf60_CTTGGGCCTGGGCTCACCCA,C19orf60,734,76,82
C19orf60_GCTACCGGAGCACAGTGCAC,C19orf60,191,344,644
C19orf60_CTACCGGAGCACAGTGCACG,C19orf60,2529,238,1147
C19orf60_TCAACTGCAGCAGGGCCACC,C19orf60,279,118,233
C19orf60_AACCATGGAGGCGATCAGCG,C19orf60,1566,557,332
C19orf66_GCCGCCACCATGTCTCAGGA,C19orf66,1260,621,134
C19orf66_GCCGGACGCTCTTCTCCAGC,C19orf66,490,21,0
C19orf66_AAGTAACGATCTGGATGCCC,C19orf66,267,106,95
C19orf66_TGACAGGCATGTTAGAGCCC,C19orf66,1454,124,5
C19orf66_CCACTTAGCCGAGCACAACG,C19orf66,2629,1283,672
C19orf66_AGGTCATCACCTCCTTCCGC,C19orf66,1163,283,242
C19orf67_CAGATCCTCACGGGCCAGGC,C19orf67,688,128,116
C19orf67_CGAGATACTTGGGAAGACAC,C19orf67,683,302,196
C19orf67_ACCTCTATAAGAAGATGCGC,C19orf67,633,18,149
C19orf67_GACCCTGCGCCTGGAACAGC,C19orf67,110,134,292
C19orf67_CAGCAGAGACCAAGTACAGA,C19orf67,1244,154,378
C19orf67_TCTTCAGGATCCGGCTCAGA,C19orf67,346,132,180
C19orf68_TCAGCCGCTTCTTCGACGCG,C19orf68,663,395,1055
C19orf68_GGCACCACGCGTCGAAGAAG,C19orf68,977,105,150
C19orf68_ACGTCGATGAGCGTGTAGAG,C19orf68,1522,940,1046
C19orf68_AAGTAGTAGGCGAACTCCAG,C19orf68,752,128,213
C19orf68_TTCGCCTACTACTTCCGCCC,C19orf68,306,89,117
C19orf68_CGAGCCGTCCACGCACAGCA,C19orf68,1415,982,1264
C19orf69_CAGCCATAGCTCAGAGACGA,C19orf69,2022,690,816
C19orf69_CAGTCCTGAGGGTCTGACCA,C19orf69,1386,368,281
C19orf69_GCTGGACATCCACTCGGCGC,C19orf69,789,150,90
C19orf69_ACTGGTCACCATATTGGAGG,C19orf69,196,7,44
C19orf70_GCCCGCGAGTACTCCAAGGA,C19orf70,616,300,305
C19orf70_AGTACTCGCGGGCCTTGGAG,C19orf70,661,16,31
C19orf70_GCAGCTCCTGGTCGTACACC,C19orf70,1304,144,160
C19orf70_CGTCTACCTGGTGTACGACC,C19orf70,582,247,234
C19orf70_TTCTAGAAGCCTTCCAGCCC,C19orf70,232,81,114
C19orf70_AGCTGCGAGTGACAGCGGGC,C19orf70,239,37,0
C19orf71_CATGCAAACCCTCAGGCAAG,C19orf71,957,146,587
C19orf71_GGAAGTACACGCCCATGGGA,C19orf71,898,60,160
C19orf71_GCCGGCCAGCTGTGGTACAC,C19orf71,785,169,338
C19orf71_CTGGTACTGGGCAGGGACGA,C19orf71,2013,358,374
C19orf71_TAGTTCTGGGTGGTGCCGGG,C19orf71,248,60,58
C19orf71_CCACCCAGAACTACCGGGAG,C19orf71,1880,920,697
C19orf73_TTAAGAGCGTCTGAGGGCGA,C19orf73,1061,114,293
C19orf73_CCATTAGCCTCGTCCGCCGG,C19orf73,786,246,298
C19orf73_AAGGTGGAGTGAGCGCCCGG,C19orf73,251,177,148
C19orf73_AAAGGTTGGATTTCAAGGCG,C19orf73,2018,609,331
C19orf77_CCAACCTATACCAGGACCAG,C19orf77,2243,599,812
C19orf77_TCTGGTGTTCCAAGGCCAGG,C19orf77,42,244,105
C19orf77_CGGAGCATCGCCTGAAGCCG,C19orf77,2652,497,677
C19orf77_CAGAAACTCCAGCACCAGAA,C19orf77,1710,900,522
C19orf80_AGGCCGGGTCACCATTGCCA,C19orf80,1632,196,164
C19orf80_TGTACACACCGTTGAGGGCC,C19orf80,825,92,398
C19orf80_TTGTGCGGCCATAGAGACCC,C19orf80,910,145,121
C19orf80_AAGTCCAGCTGAGGAGCGCC,C19orf80,360,15,0
C19orf80_ACCTCAAATTCTCGGTAGGC,C19orf80,266,628,298
C19orf80_CCATCCAGGCAGATTCAGGC,C19orf80,1456,237,597
C19orf81_GCCCGTGTGCTTCCCTGCCA,C19orf81,458,165,100
C19orf81_GGTCTCCAGGTCCATAAGGA,C19orf81,228,125,102
C19orf81_GGGTCTCCAGGTCCATAAGG,C19orf81,1104,160,216
C19orf81_CATTGCAGAGTACGAGGCAC,C19orf81,402,46,285
C19orf81_GATCTGGTGCGCAAGCCCGC,C19orf81,41,67,22
C19orf81_CGATCTGGTGCGCAAGCCCG,C19orf81,1392,505,554
C1D_AAGGAGTACCTATAGAACCC,C1D,450,29,71
C1GALT1C1_GAATATGTGGGTATGGAAGG,C1GALT1C1,639,264,228
C1QA_GACTTGTGCCGAGCACCAGA,C1QA,189,53,167
C1QA_ACTTGTGCCGAGCACCAGAC,C1QA,528,99,159
C1QA_AGGCCTTAAAGGAGACCAGG,C1QA,233,42,33
C1QA_TTTAATTCCCGGGATGCCAC,C1QA,144,23,89
C1QA_CTTTAATTCCCGGGATGCCA,C1QA,756,149,199
C1QA_TCTGTGACACCACCAACAAG,C1QA,1124,702,396
C1QB_TATCGATTAGGCCCAGGAGC,C1QB,1333,107,104
C1QB_GGGAGATATCGATTAGGCCC,C1QB,60,0,66
C1QB_CAGGGATACCCGGGATGCCA,C1QB,224,218,109
C1QB_TGGGCCCTAAAGGTGGCCCA,C1QB,0,13,10
C1QB_GATCACGTGGTCGAAGCGGA,C1QB,333,28,71
C1QB_TGGCCGGGAGCGTGCACAGA,C1QB,1734,181,459
C1QBP_CTTCCATTCAGACTCGCCAG,C1QBP,841,339,109
C1QBP_GAGTTGATGTCAGTTCAGGC,C1QBP,277,142,392
C1QBP_CGCACGCTGAGCAGCCCGAA,C1QBP,2342,638,565
C1QBP_ACGGAGGAGCCCAGCACACG,C1QBP,3348,348,317
C1QC_CAGGCTGCTACGGGATCCCA,C1QC,113,161,145
C1QC_CCAGGGAAGGATGGGTACGA,C1QC,1883,590,572
C1QC_ATGGGTACGACGGACTGCCG,C1QC,353,180,85
C1QC_CAGCCTGATCAGATTCAACG,C1QC,2815,900,1235
C1QC_GGTTGGCTGTATGCGACGCG,C1QC,334,113,31
C1QC_TGCGGTACAGCAGCACGCAC,C1QC,213,104,71
C1QL1_GATGGAGGCAAAGCACACGG,C1QL1,173,166,6
C1QL1_CGCGTCCTGGGCAATAGCAC,C1QL1,1870,633,560
C1QL1_CAGTGCTATTGCCCAGGACG,C1QL1,2734,937,751
C1QL1_AGACCTCTGCAAGAATGGCC,C1QL1,381,19,60
C1QL1_AACAACTACGACGCGGCCAG,C1QL1,1522,273,217
C1QL2_GGACGAAGTGTATGTGAAGC,C1QL2,1296,666,83
C1QL2_GAAGGTGGCGCTCAGCGCAC,C1QL2,250,25,81
C1QL2_AGTCGCCCTTCTCTCCCGGA,C1QL2,186,110,193
C1QL2_TGGCTGCGCCTTTGCACCCG,C1QL2,432,195,204
C1QL2_GATGAGCAGCCCGAGCGCCA,C1QL2,162,126,71
C1QL3_TTAGATGGCGGGAAAGCCCA,C1QL3,385,115,72
C1QL3_CCACGTCCTGATGCGCGGAG,C1QL3,1838,431,1362
C1QL3_ACCACGTCCTGATGCGCGGA,C1QL3,845,107,270
C1QL3_GAAGAAGTAGATGCCCGGGA,C1QL3,542,125,108
C1QL3_GCAGGGACTGCATGAGGCCG,C1QL3,969,216,293
C1QL4_GACGGCGGGAAAGTGCACGG,C1QL4,588,259,544
C1QL4_CGTCATTCTGCACCTGGACG,C1QL4,8879,4040,4134
C1QL4_CGACCTCATGAAGAACGGAC,C1QL4,345,197,152
C1QL4_TAAGCGAAGAAGTAGACGCC,C1QL4,570,57,246
C1QL4_GATGCTGGGTCGCTGCCGCA,C1QL4,149,186,83
C1QL4_TCTCGTAGTGCGCTGGCCCG,C1QL4,1062,637,771
C1QTNF1_AAGATGGGCTCCCGTGGACA,C1QTNF1,2125,534,715
C1QTNF1_CACCTCTCGGCATGGTCCGG,C1QTNF1,188,11,130
C1QTNF1_TACAGGCCCAGTCAGGACCA,C1QTNF1,1912,493,94
C1QTNF1_AGCGCAAGCACCGGGAAGCA,C1QTNF1,1839,403,599
C1QTNF1_CCTGCACATCATGAAGAACG,C1QTNF1,2182,634,598
C1QTNF1_GCTCGGTGGCGTGCTTGACC,C1QTNF1,349,50,134
C1QTNF2_CTGGTGTGCCATGCTTCCCG,C1QTNF2,1486,204,491
C1QTNF2_ACCTGGCCGGACAGGTAACC,C1QTNF2,810,669,852
C1QTNF2_AGATGGACACGACGGCGACC,C1QTNF2,572,183,299
C1QTNF2_CCTGGCAAAGACGGCCAAGA,C1QTNF2,1462,515,598
C1QTNF2_GAGCAAAGAAGCTCTCGGCG,C1QTNF2,745,62,140
C1QTNF2_TGCTGCCGCTGAGGAAAGCC,C1QTNF2,1095,280,200
C1QTNF3_GCTGTGCTGAAGCTAGCCAA,C1QTNF3,1126,240,291
C1QTNF3_CAGTCTTCAGCATGTACAGG,C1QTNF3,630,110,231
C1QTNF3_AAGGAGAGAAGGGCTACCCG,C1QTNF3,1080,141,217
C1QTNF3_TTTGGCTCCTTCATGACCAG,C1QTNF3,555,135,145
C1QTNF3_TACAGCTTTCGAGGCTACCA,C1QTNF3,465,426,317
C1QTNF3_TGGCCGTAGCGGCTCCAGGA,C1QTNF3,970,268,269
C1QTNF4_AGAAGGTGATGTACTTGCCG,C1QTNF4,1633,397,204
C1QTNF4_CAGGCCATGATTTACGACGA,C1QTNF4,2045,256,105
C1QTNF4_CCTGGAGGGCACGTCGGAGA,C1QTNF4,1349,378,596
C1QTNF5_CACCAGATCAAACTGCAGGC,C1QTNF5,1095,277,278
C1QTNF5_GATCAAACTGCAGGCTGGCC,C1QTNF5,541,286,285
C1QTNF5_AAGGGTGCGTCAGACGGCGG,C1QTNF5,830,385,82
C1QTNF5_GGAGCGCTTGGCGCTGAAGG,C1QTNF5,389,68,59
C1QTNF5_GGCTCCGGGAGAGAAAGGCG,C1QTNF5,948,55,59
C1QTNF6_CGGCCACCTCATCAAGGCCG,C1QTNF6,4374,1426,1580
C1QTNF6_GGGTGCTTTGACATGGCGAC,C1QTNF6,540,282,303
C1QTNF6_CCCGCTCTCTCAATAGGACG,C1QTNF6,2290,823,588
C1QTNF6_AGGGCACTCACCCTTCAGGA,C1QTNF6,426,119,207
C1QTNF6_AGCAGGAGCGCTGCCCAGAC,C1QTNF6,378,533,373
C1QTNF6_CTCAGGGTCCGTGAGTCGCC,C1QTNF6,299,220,252
C1QTNF7_CTCCTTTCAACTGATTACCC,C1QTNF7,1498,230,384
C1QTNF7_CTGGAAGGCCGATGCGACCA,C1QTNF7,1190,651,790
C1QTNF7_CTAGGTCTTGCCGGTGAGAA,C1QTNF7,1734,569,1155
C1QTNF7_AAGACCTTCGACGCCAACAC,C1QTNF7,1926,697,604
C1QTNF7_AATAAGCTGTCTGCCCAACC,C1QTNF7,170,488,362
C1QTNF8_AACGCCATCTACGGCGAGCA,C1QTNF8,426,409,363
C1QTNF8_TGCACATCATGCTGAACCGG,C1QTNF8,1169,671,414
C1QTNF8_GGTGCCCTTCGACACGGAGC,C1QTNF8,278,45,75
C1QTNF8_CCAGGCGGTGCCCTTCGACA,C1QTNF8,497,286,370
C1QTNF8_CTATGCCCGGGTGAGTGACA,C1QTNF8,2493,449,766
C1QTNF8_CACCCGGGCATAGGGTCCAG,C1QTNF8,307,174,114
C1R_GACTTCTCCAACGAGGAGAA,C1R,63,17,67
C1R_TAAATTCCTTCTTTCCCGGG,C1R,249,29,4
C1RL_TGAGGACTGAACCTAACGGA,C1RL,315,176,70
C1RL_TTCACCAGTATCCACGGCCG,C1RL,2609,732,812
C1RL_CCTCTCCTCATTTACGCCAC,C1RL,101,92,83
C1RL_AGCCAGTTCTGTGGTCAGCA,C1RL,1178,401,653
C1RL_ACGGACATCAAGGCTCCAGA,C1RL,998,68,152
C1RL_GGCCACACTCACATTGCGCC,C1RL,194,1,269
C1S_CTGACAGCTCAATGTCCAGA,C1S,600,187,267
C1S_GCTGCATACTATGTTGCCAC,C1S,488,8,179
C1S_TCATGGAGGAAATATTCCGG,C1S,645,263,130
C1S_TACCAGATCCGGTTGGAGAA,C1S,2034,755,1054
C1S_ACCAGATCCGGTTGGAGAAA,C1S,1425,482,685
C1S_CTGTTCGCCTCAAGGCGGCA,C1S,213,55,125
C1orf100_ATTCAAAGCCTGCCGAGCCA,C1orf100,275,32,88
C1orf100_TCTTTATACCATGGCTCGGC,C1orf100,9,57,19
C1orf101_CGCCATGTCAGCCCGGGAAG,C1orf101,4601,788,1120
C1orf101_GAATTGCGTTGTTCCTCACC,C1orf101,25,40,69
C1orf101_GCCATTAATTGACTACCACG,C1orf101,1333,403,514
C1orf101_CTGCTACTCTGACCATAGAC,C1orf101,2537,429,630
C1orf101_AGCATGTCCAATAGCCCAAA,C1orf101,839,428,577
C1orf101_TAGTGTGGGAAATACACGGC,C1orf101,523,194,136
C1orf105_TGAGAGGTTACCTTCTGGGA,C1orf105,1046,289,218
C1orf105_TGAGCAGCATGGAGTCACAC,C1orf105,1471,7113,6440
C1orf105_TTCCATGATGACATCCCAAC,C1orf105,1030,536,533
C1orf105_ACGTTCTTCCTTGCCCAGAA,C1orf105,1476,526,872
C1orf105_AACCAATAGGCAAGACAACG,C1orf105,1526,563,906
C1orf106_TTTCCCGCTTACCTGTCCCA,C1orf106,270,232,109
C1orf106_CTCCTTCCAGAAATCCACCA,C1orf106,1787,486,458
C1orf106_GAGACTCTGCCTTCGGGAAG,C1orf106,1037,205,46
C1orf106_GATCGGAGCGGCTTACAAAC,C1orf106,1069,274,514
C1orf106_TCCAGCGCTGCCTGGTCGAG,C1orf106,645,154,182
C1orf106_CAGCCAACAGGACCTGAGGC,C1orf106,1705,380,403
C1orf109_TACAAGCTTTGCCCAAGGCC,C1orf109,298,51,29
C1orf109_TCTGAAACACTCGCTCCACA,C1orf109,1125,12,1
C1orf109_CCATGTCTCGCACCTTGAGG,C1orf109,1286,0,23
C1orf109_CCTCCTCAAGGTGCGAGACA,C1orf109,1780,56,15
C1orf109_TTGCTGAGGGAGGACAGGAG,C1orf109,2233,0,0
C1orf109_AGCAGAAGATGACTCAAGAC,C1orf109,1635,71,183
C1orf110_ATGCCCATTATCTCCGGCAC,C1orf110,22,276,184
C1orf110_CCCAGCTAGTGATAGTGGAA,C1orf110,2146,317,326
C1orf110_TCCACTATCACTAGCTGGGC,C1orf110,642,216,206
C1orf110_TGTTCTCGTGTTCTCACCAC,C1orf110,605,199,322
C1orf110_CCCAGGTCAGCAATTTCACA,C1orf110,1961,836,463
C1orf111_ATTTGCCTAAGGTGTTCAGC,C1orf111,104,26,23
C1orf111_TCCTCAAGAGCCACATCAAG,C1orf111,1070,567,330
C1orf111_GGAGGCCTATGACTTCCCAG,C1orf111,14,14,42
C1orf111_GAGTCAGAGAAGTCCTCACC,C1orf111,199,188,3
C1orf111_CCAAAGTTTACCTGGCAGGC,C1orf111,580,547,247
C1orf112_AGAATTAAGTAGCTGGCCAG,C1orf112,648,107,128
C1orf112_GATGACACAGTCAGATGCAC,C1orf112,404,40,117
C1orf112_TGGTTGTCGTTTCTGAGACC,C1orf112,810,109,239
C1orf112_TCCCTCACTGTTTGCTGAAC,C1orf112,1421,397,453
C1orf112_TAAGCTCAGGAGGTAACGCC,C1orf112,360,39,49
C1orf112_CAAAGTGGAACGTGTGAAAC,C1orf112,1167,534,765
C1orf115_GGGCCGGGACATCATGACGG,C1orf115,1030,247,280
C1orf115_GGGAGCCAGGCTCCGAAGCA,C1orf115,579,162,480
C1orf115_CTCCGCCTTGCTTCGGAGCC,C1orf115,618,616,85
C1orf115_GCACCTGGAGTACGCGGACG,C1orf115,1966,325,777
C1orf115_GCTGGTGGCTACCGCAAACG,C1orf115,1760,419,472
C1orf115_ACGCTGGTGGCTACCGCAAA,C1orf115,2667,943,998
C1orf116_GGCTCTGTCCTTGGTAGGAC,C1orf116,683,91,189
C1orf116_GATCAGGCCAGAATCTCCAG,C1orf116,253,86,63
C1orf116_CATTGGCTCACTGGACACGG,C1orf116,2426,313,331
C1orf116_GACCATTGGCTCACTGGACA,C1orf116,920,399,244
C1orf116_ACTCCTTCTCTTCAGTGGAC,C1orf116,123,247,185
C1orf116_ACGTACAGATCCAGAGCGGG,C1orf116,229,116,93
C1orf122_CCGCGCAAGCGGAGATGGAA,C1orf122,560,402,313
C1orf122_CCGGGCTCAGACTGGTCACG,C1orf122,2036,505,474
C1orf122_CGAGGAGATGTTACGGCAGC,C1orf122,1776,136,360
C1orf122_TGTTACGGCAGCTGGGCCGC,C1orf122,591,92,223
C1orf122_TAGAACGTCTCAGCCAAACC,C1orf122,1503,366,496
C1orf123_ACCAGTTGATTTCCAGCCGC,C1orf123,405,1,19
C1orf123_ATAGTGGAGTTTGAGTGCCG,C1orf123,695,96,199
C1orf123_CGCACAGCCTGACCTACCGA,C1orf123,1444,702,775
C1orf123_CACCGGAAGTCCTCGCCCAC,C1orf123,1376,226,287
C1orf123_CATCACCAACCTCCGGCCCG,C1orf123,749,732,1037
C1orf123_GCTGCAACTCAAAGCCACGC,C1orf123,596,265,713
C1orf127_CCTCGAAGGGACAGCAGCCA,C1orf127,923,225,385
C1orf127_CCTGTCTATTGTCCCTCCAC,C1orf127,711,317,227
C1orf127_CCAGAAAGCAAATTACAGGC,C1orf127,1031,438,307
C1orf127_GGCCTGCTTTGTGCAGAAAG,C1orf127,1308,506,293
C1orf127_ACATGACCCTGTGGATCCCA,C1orf127,232,290,314
C1orf127_TTCAGCCCACGGTGTTCCCA,C1orf127,566,136,242
C1orf131_CATAACCCGTGATACCAAAC,C1orf131,1725,46,13
C1orf131_AGGCTCGTTTAGAAGTGCAC,C1orf131,750,0,0
C1orf131_TGGCCTCTTATGAGAGAACC,C1orf131,455,91,77
C1orf131_TGTCGGAGAACTGGGAGGCG,C1orf131,1777,0,0
C1orf131_ATGTCGCAGGAGCAAGGGCC,C1orf131,190,25,121
C1orf131_CCCACAATGTCGCAGGAGCA,C1orf131,2615,61,412
C1orf134_ATAAGAAGGGCATCAGCAAG,C1orf134,1038,445,397
C1orf137_TTCCTGTGGAGGGTAGCAGA,C1orf137,762,60,228
C1orf137_TCCTGTGGAGGGTAGCAGAA,C1orf137,1552,653,965
C1orf138_CACACCTCAAATGGGAGAAC,C1orf138,3821,453,436
C1orf138_GGATATGCGTACGGCAGAAA,C1orf138,610,293,300
C1orf141_ACATTTGACAGGTAAGGCAC,C1orf141,545,149,131
C1orf145_CGCCAAGTACGGCATCGAGG,C1orf145,3344,663,777
C1orf145_CAAGTACGGCATCGAGGAGG,C1orf145,387,157,15
C1orf145_TACATCTGCGAGACGCCAGA,C1orf145,233,13,128
C1orf146_TAGGTTGATCCACAGACAGA,C1orf146,340,77,82
C1orf146_CACAGACAGATGGCTGAAAG,C1orf146,1086,523,578
C1orf146_CCCTCCATGGGCCTGAAGAA,C1orf146,935,415,432
C1orf147_CCACACTACGGCTCTGAAGG,C1orf147,1415,421,334
C1orf147_AACAGCCAACCAGGCGCAGG,C1orf147,42,37,53
C1orf147_CAGAACAGCCAACCAGGCGC,C1orf147,1138,190,269
C1orf147_CCAGGAGAGTCTCAGCAAGG,C1orf147,2506,438,651
C1orf147_TCACCTGGTAGGGCCAGAAA,C1orf147,1465,760,834
C1orf158_AGCCACTCTCTACTCCGAGC,C1orf158,984,201,92
C1orf158_GACCAGACCAGATCTCCAGG,C1orf158,66,126,143
C1orf158_CCTATGACGACCATTACAAC,C1orf158,2635,555,886
C1orf158_GACGACCATTACAACCGGCA,C1orf158,512,64,129
C1orf158_AGACAGCTCACACCCAAGGC,C1orf158,2035,664,1419
C1orf158_CAGGACATAGCGCACAACGG,C1orf158,1359,583,854
C1orf159_CTTACCAGGATGTGGCCGCC,C1orf159,1375,103,153
C1orf159_GGAACCCTCCCAGCCTACAA,C1orf159,765,254,116
C1orf159_GGACCACACAGACTTGCGCC,C1orf159,145,92,203
C1orf159_AGGGCCCATTCCCTGACCAC,C1orf159,471,84,110
C1orf159_GCACGCTGTGCTGTCACCGC,C1orf159,657,213,456
C1orf159_CAGCAAGTCCATGGAGAACA,C1orf159,1285,431,588
C1orf162_TCCACATGTAAACCCGACAC,C1orf162,1478,326,176
C1orf162_ACCCTTCACCCAAGATCGAA,C1orf162,492,148,120
C1orf162_TCACCCAAGATCGAAGGGAG,C1orf162,333,340,512
C1orf162_GGGCTTGGAGTGATCTGCCA,C1orf162,614,70,45
C1orf162_TGCAGCTTTCATCCATCCCA,C1orf162,1136,128,261
C1orf167_CGTCTAGATTCAAATCCGAC,C1orf167,1869,795,848
C1orf167_CGCTCCCGAAGCCAGGCAAG,C1orf167,895,122,185
C1orf167_TGAGTGGTAGACATGACCAG,C1orf167,1550,386,245
C1orf167_GGAGTCTCACCCAAGCAGAA,C1orf167,1724,318,367
C1orf167_GCGGTCTCCAGGTTGGGCCA,C1orf167,241,123,60
C1orf167_GGCAGCAGTTCGTGCAAAGA,C1orf167,1306,256,80
C1orf168_ACGGTGCTGAAGAATCAGAA,C1orf168,1201,609,294
C1orf168_TGTCGAGTACTCCAGGAAAG,C1orf168,2797,449,646
C1orf168_CAGATGACCAACGTCCACAC,C1orf168,1440,549,581
C1orf168_CCCACCTCCTGAGAGGAGCC,C1orf168,757,108,187
C1orf168_TGCTTGTGGTTGGATGAGAG,C1orf168,803,209,330
C1orf172_TTAGCAGTACACCTGGAGCA,C1orf172,1268,396,884
C1orf172_CATTAGGTCAAGACCACACC,C1orf172,365,246,94
C1orf172_CGACTGCAGATGCCATCGCC,C1orf172,265,69,194
C1orf172_GAATGATGCCGCGTACCAGG,C1orf172,368,83,77
C1orf172_CGTACACCAGATCGATGAGC,C1orf172,639,350,365
C1orf172_ACACCCAGGGTCGCCAGAGC,C1orf172,1319,1272,569
C1orf173_CCGATGCTTGTATTCACAAC,C1orf173,2020,1154,1503
C1orf173_ACTGCAGGATTACTGGGAAG,C1orf173,1767,205,177
C1orf173_ACATTCCAGTCCGTTAGCAC,C1orf173,1495,493,481
C1orf173_ATTGGAGACCTTAGCTAGGA,C1orf173,280,86,192
C1orf173_TATCCGGGAATGCTTAGCCC,C1orf173,493,266,259
C1orf173_CAGTTGTCACTTACCCAGCG,C1orf173,1063,173,499
C1orf174_ACGCTGTTGTCCATCTGAAG,C1orf174,2653,534,627
C1orf174_GGATTCTTCTGCTCCGGACC,C1orf174,686,76,101
C1orf174_TTGCTTCCAGGCAGCGAGGC,C1orf174,151,177,221
C1orf174_ACATGCTGTCTTGGCAGACG,C1orf174,1393,90,60
C1orf174_CACGAAGTTGTTCGGCAGCC,C1orf174,1401,683,735
C1orf177_TGATGGCCTGGTACTGGAAG,C1orf177,1057,335,385
C1orf177_GAGAAACCATGTAGCACCCG,C1orf177,194,13,36
C1orf177_AGAAACCATGTAGCACCCGG,C1orf177,616,194,61
C1orf177_CAGAACTACTATCCAGGCCC,C1orf177,807,202,255
C1orf177_TGGGCCGCTACCTCAACACC,C1orf177,642,297,332
C1orf177_GCATGAGCATGTCCCGGGCC,C1orf177,567,223,142
C1orf185_GGTTCCTGATTTGCAAACGA,C1orf185,732,105,128
C1orf185_GCTGCGATTTGTTGTGGAGC,C1orf185,582,391,137
C1orf186_TATGTTCTCATAGTCCAGCG,C1orf186,700,239,618
C1orf186_ATCTGTTCACTCTTGTGGGC,C1orf186,151,161,399
C1orf186_GCATGGCTTAGTGATCGCGG,C1orf186,1206,564,325
C1orf189_CCTGCACCAGCTGTTTGAAA,C1orf189,1891,656,802
C1orf189_GCAGGGCAGCTTGACGGACC,C1orf189,570,225,69
C1orf189_CAGTGCCAATTCCTGTACCA,C1orf189,824,732,663
C1orf189_CATGGTACAGGAATTGGCAC,C1orf189,688,140,121
C1orf192_CTGTATCCATTTGGTGAGGG,C1orf192,856,499,771
C1orf192_GAGGTCAGGGTCACCCGAGC,C1orf192,98,68,87
C1orf192_AGGTCAGGGTCACCCGAGCA,C1orf192,1317,600,993
C1orf192_TAGTATCTCACCTTGGAACG,C1orf192,590,204,190
C1orf192_CACTAACTACAGTGCCAACC,C1orf192,2102,861,363
C1orf194_GGCTACTCCCGAAAGAAAGA,C1orf194,830,113,186
C1orf194_GCCTTGTACAACCACCACAC,C1orf194,1399,418,443
C1orf194_TCTAATGTAGGCTGCTGGAA,C1orf194,1183,509,219
C1orf194_CTAATGTAGGCTGCTGGAAA,C1orf194,1715,740,666
C1orf194_ACCCTCCAGACGTCGTCGCC,C1orf194,468,174,118
C1orf195_ACTGGGAACGTCTCACAGAA,C1orf195,1452,137,407
C1orf195_ACAAACTTGCTTCCCACAAG,C1orf195,3608,496,531
C1orf198_GGTTCCTGCCGGTAGCAGGG,C1orf198,165,42,16
C1orf198_CCAGATCAAGTCCATGGAGA,C1orf198,801,470,920
C1orf198_ATCAATGCTGAGCGGTCCCG,C1orf198,638,144,156
C1orf198_ATCTCGTCCTGCTGCGCGGG,C1orf198,887,117,69
C1orf198_TTTCGCTCCCGGTCGTCCAG,C1orf198,338,91,102
C1orf198_CGGCGGTCATGAGCGGGAAC,C1orf198,1727,414,634
C1orf200_CTACCGCTCTCAGCCACAAC,C1orf200,1165,637,456
C1orf200_CACAGCTTAGTGCAAAGACC,C1orf200,1312,252,234
C1orf200_ACATGGTATCGGAGGAGAAA,C1orf200,1551,581,529
C1orf204_CTGAGGGAAGTCTACACCAG,C1orf204,3093,678,764
C1orf204_CATTAGCAGCTGGCTGGAGC,C1orf204,792,129,474
C1orf204_AGGCTCTTCACAGTGTGGGC,C1orf204,625,285,92
C1orf21_AGTGGCAACATGCTTGGCGG,C1orf21,834,117,234
C1orf21_TAGGATCAAACCAGTGGAAG,C1orf21,1026,307,431
C1orf21_GGATTACTGTTCGGAAGAAG,C1orf21,1005,239,358
C1orf210_TCAGCCTGGGACTGGCGAGC,C1orf210,550,253,380
C1orf210_CCCACTGCCTGAGACAGGAA,C1orf210,1547,209,576
C1orf210_CATGGTATCGGCGGCAGAGG,C1orf210,741,259,238
C1orf210_AGCACAAATCCTACCAGCAC,C1orf210,735,102,347
C1orf216_TGGAGGCACACCCTTAGGCC,C1orf216,1809,362,663
C1orf216_GGTACATCACCAAGTGCACG,C1orf216,217,139,205
C1orf216_GCGCTACAAAGAGCAGGAGA,C1orf216,971,158,246
C1orf216_CCAGGAGCGCTACAAAGAGC,C1orf216,497,244,246
C1orf216_GCATAGCCGTTGTCCTCCAG,C1orf216,12,9,12
C1orf222_AACAGCTGAGGACAGAACGC,C1orf222,1339,331,226
C1orf222_ACGTGGACCCGGGACACAGC,C1orf222,230,224,202
C1orf222_AGCTGAGGATGACGTGGACC,C1orf222,754,133,170
C1orf226_GGGCCACGGGCTTGGACAAG,C1orf226,1063,313,766
C1orf226_GCTGGCCAGTGGGACTGACG,C1orf226,98,0,30
C1orf226_TGGGACTGACGCGGCTCCAG,C1orf226,581,140,306
C1orf226_GGTGGTCTTCAGGGCCCGAG,C1orf226,191,48,8
C1orf226_TCGGGCCCTGAAGACCACCC,C1orf226,659,285,389
C1orf226_GGAGGTCCGTGCCTGAGGAG,C1orf226,210,117,309
C1orf228_ACAACGCTGGCAAAGTCGCA,C1orf228,577,129,334
C1orf228_CTAGCCCAAGTATTTCCAAG,C1orf228,1248,249,150
C1orf228_GGTGCTGGGCACGATGCACC,C1orf228,0,1,5
C1orf228_TTGGAGATCTCCTTGACCGA,C1orf228,640,264,150
C1orf228_CGGACCACAGCAACAGCCAG,C1orf228,2014,278,215
C1orf228_GCGCACTTACCAGGAAGAGC,C1orf228,1054,175,167
C1orf229_TCCTAGGCTGCGGGAGCGGA,C1orf229,763,49,49
C1orf229_GGAGGACGGCGTTTGGAGGG,C1orf229,379,99,159
C1orf229_GAATGCCAGGCGGAGGCGAC,C1orf229,274,159,164
C1orf233_CACCGAGAACCTCATGCGCC,C1orf233,2244,645,273
C1orf233_ACGATGTCCTGCATGCCGGC,C1orf233,80,191,86
C1orf233_TGTCGTGCACGTCGGGCAGC,C1orf233,1461,377,316
C1orf233_CCACGAGCAGTTGAGCGCGA,C1orf233,909,330,340
C1orf233_CCCTACAAGGTGCTGCCCGA,C1orf233,260,302,19
C1orf27_AGGTATCCAGAATGCTACCA,C1orf27,843,37,46
C1orf27_GGTATCCAGAATGCTACCAG,C1orf27,89,3,146
C1orf27_TGGACTTACACGCTGGGCCA,C1orf27,905,317,179
C1orf27_GAACAAAGACTCGATAAGGG,C1orf27,490,35,74
C1orf35_TCCGTCTGATCCTCCGCCCG,C1orf35,2696,857,1053
C1orf35_GGACAAGGAGGCCGCCAAAC,C1orf35,1188,386,580
C1orf35_CTTCGCGGAGGTCTGCAAGC,C1orf35,53,10,41
C1orf35_TACCTCCTTGCTCAGGCCCG,C1orf35,1213,66,91
C1orf35_AGGCAACTCGCTGATGGCGC,C1orf35,337,354,407
C1orf35_CGTGAAGACTGACAAGCAGC,C1orf35,236,200,305
C1orf43_TGAGTACCTACGCTATCAGG,C1orf43,613,120,143
C1orf43_GAAACAGCCCGCTATGGGAC,C1orf43,726,123,250
C1orf43_TGTCAGGTAGCCCTTACCAG,C1orf43,1406,244,457
C1orf43_GCCCTTACCAGAGGTACGAA,C1orf43,767,127,115
C1orf43_CTACTACAACTGGAAACCCA,C1orf43,281,167,71
C1orf43_CACCAGCACGACATTCACCC,C1orf43,2115,799,376
C1orf50_TTTGCAAGAACAAGCCAGGA,C1orf50,830,201,288
C1orf50_GCTGTAGTTTGTAGGCACCA,C1orf50,814,444,210
C1orf50_TGGGTTCAGTGCACGGAGGC,C1orf50,1183,404,814
C1orf50_AAGTTGGGTTCAGTGCACGG,C1orf50,1037,409,319
C1orf51_CTGCCCAACAGTGTCTGGCC,C1orf51,1676,350,968
C1orf51_CACCATCTCATCCGAAACAG,C1orf51,3053,873,710
C1orf51_CACCCAAGGTTGTACCACAG,C1orf51,483,663,1042
C1orf51_CATCCCTTCTACCTGTAGCA,C1orf51,2986,886,709
C1orf51_GGTCCTTTAGGCACTGGAAC,C1orf51,567,164,305
C1orf51_GATGCTGTAGTAGGTGGGAC,C1orf51,410,228,139
C1orf52_TCAGTGGTGTAGGTCTCAGG,C1orf52,210,91,139
C1orf52_GCTTGCTTAACAGCCTCCAA,C1orf52,173,3,0
C1orf52_CGTCGTCAAGGCGCCTGAGG,C1orf52,757,106,203
C1orf52_GGAGACGAGTCGCAGAACCC,C1orf52,648,50,199
C1orf52_GGAGGATAACATCGAGCCGG,C1orf52,204,153,46
C1orf52_CGAGGAGGATAACATCGAGC,C1orf52,780,253,106
C1orf53_AGGCAGATCTGGGCACGGAC,C1orf53,1121,196,272
C1orf53_ACCCAGAGAGGTGCTGGCGG,C1orf53,612,212,43
C1orf53_ACCCTCTGCCCTGCTAACGA,C1orf53,1062,236,255
C1orf53_TCCCTCGTTAGCAGGGCAGA,C1orf53,521,92,35
C1orf53_AGGGAGTCTCACCGCGCAGG,C1orf53,403,31,22
C1orf53_AGGAGGGAGTCTCACCGCGC,C1orf53,1018,194,368
C1orf54_TCACAGTTACAGGCTTCGGA,C1orf54,703,350,191
C1orf54_AGGACTTCGCAAACTGGACA,C1orf54,694,158,174
C1orf54_CAAAGGCACACGACAGGAGG,C1orf54,446,170,112
C1orf54_CCTGAACAAAGGCACACGAC,C1orf54,1834,292,554
C1orf56_GACTCCGACCGAAATGCAGC,C1orf56,562,22,61
C1orf56_TTGGCCGCCACGGTGTCCAC,C1orf56,560,299,131
C1orf56_CCTCGTTAATGGCGGACGAC,C1orf56,32,13,20
C1orf56_TAGACCCAGGTGTGGACCAC,C1orf56,560,97,414
C1orf61_GGAGAAGGACTTCCCAAGAC,C1orf61,634,246,302
C1orf61_GAGGCACCGTTCTGTACACC,C1orf61,799,129,246
C1orf61_TCTATCGTCCACACGGAGGA,C1orf61,972,241,273
C1orf61_TCGTCCACACGGAGGAAGGA,C1orf61,1053,247,241
C1orf61_TTGACTCCCAAAGCTGGAAA,C1orf61,1030,591,643
C1orf63_ACCTGTCTAGCTGTCGGAAA,C1orf63,934,443,379
C1orf63_TCAGCCAAAGAAACAAGCCG,C1orf63,719,386,611
C1orf63_TGGTCGCACAGTGTACCCGG,C1orf63,390,110,159
C1orf63_CTGGTGGCGCCTTCGGGAAC,C1orf63,1936,480,330
C1orf63_AGTCCAGGTCCCGTTCCCGA,C1orf63,412,201,152
C1orf64_CAGGCGCCGAAGTAGCCGCA,C1orf64,82,115,102
C1orf64_CACCATCCGTGAGACAGGCC,C1orf64,1038,279,444
C1orf64_TTGCCGCCTCTTACCGGAGC,C1orf64,506,393,173
C1orf64_TTGTTATTGACTGCACCCAC,C1orf64,361,113,268
C1orf64_GACAAGCCCTCGATTGGGAC,C1orf64,409,374,500
C1orf64_GGCCTGCCCACAGACACAAG,C1orf64,1388,208,94
C1orf65_CGTGGACTCTCGTTCTCCGC,C1orf65,685,169,75
C1orf65_TGGCACATTCAGGGTAGAAA,C1orf65,1967,767,860
C1orf65_CGACCTAGATGTCTGCCGAG,C1orf65,1383,201,239
C1orf65_CCCGTCTCAAGAAGGCCCAG,C1orf65,564,407,210
C1orf65_CGGTCCCAGGAGATACACCA,C1orf65,1376,448,496
C1orf65_TCACATTGAGGGCATCAAGG,C1orf65,1090,829,693
C1orf68_CCCGAACCTTTCACACAAGA,C1orf68,2223,594,807
C1orf68_TTTGAGTAGGGCATGGAGCA,C1orf68,1492,452,555
C1orf68_TTCACATAGGTCCTCTGGCA,C1orf68,932,441,284
C1orf68_TTGATGTAGGTCATCTGGCA,C1orf68,1490,469,426
C1orf68_TCTGGCAAGGAGAAGCACCC,C1orf68,533,343,398
C1orf74_TAAAGTCAGAGGGCCACAGC,C1orf74,1002,52,240
C1orf74_CTCTAGCAGTCTCCTACAGC,C1orf74,948,122,173
C1orf74_TGTGATGATCTCAGCCACGA,C1orf74,1195,72,71
C1orf74_GGGCCTTCAAGTCCTGAAGC,C1orf74,752,218,137
C1orf74_AGCAGACAGAAGGGTGACGC,C1orf74,869,81,125
C1orf85_GGGCATCATGGCAGTGGCCC,C1orf85,337,160,143
C1orf85_GGCTTCTGGGAGTAAGCCAC,C1orf85,444,30,13
C1orf85_AGCCTGACCTGGAAGACGGC,C1orf85,375,238,273
C1orf85_GGAGGATATGGTCTTCCCAA,C1orf85,148,14,256
C1orf85_GCCACCATTACCACTGCCAG,C1orf85,845,98,61
C1orf85_GAAGTAGAGTCCAAAGGAGC,C1orf85,417,318,256
C1orf86_CCTCACTCAGAGGCATGAGG,C1orf86,310,34,25
C1orf86_AAAGCACAGAAGACGTGACG,C1orf86,1035,299,205
C1orf86_CTGGGCCGAGCTACTGCGCA,C1orf86,895,225,140
C1orf86_CTGATAACTTGAGGACAGGC,C1orf86,1197,273,270
C1orf86_TGCTGGCAAGGACAGCCAAA,C1orf86,1781,527,687
C1orf87_AACGGAATCTGCGCAAGGCC,C1orf87,219,90,257
C1orf87_TCAGCCTTGTTCTTCACAGC,C1orf87,1066,795,881
C1orf87_ACCATTGAAGTGATGTCACG,C1orf87,800,62,98
C1orf87_GATATTGGCCAGAGCCCAAG,C1orf87,149,92,90
C1orf87_CCAGGAGAAAGCTTAGAGAC,C1orf87,1499,667,627
C1orf87_AAGGAATCATGTCTTCAGCC,C1orf87,290,107,92
C1orf94_CAGATACATCTGGATCCACC,C1orf94,193,187,224
C1orf94_GATCTCCTTGTTGGTGGAAC,C1orf94,889,140,204
C1orf94_AAGGACGCCTGTGGTGAGGA,C1orf94,757,539,362
C1orf94_AAGAACAACCCGAAGTACAC,C1orf94,846,227,400
C1orf94_TGTACCCACAGCAGGCAGCG,C1orf94,1570,333,517
C1orf94_GAGGGTAGGGATAATTGGGC,C1orf94,335,31,24
C1orf95_GCACAAAGACGCCGAGACGG,C1orf95,1017,123,256
C1orf95_CAAAGACGCCGAGACGGCGG,C1orf95,144,28,33
C1orf95_AGAGGCAGATGACGGCCACG,C1orf95,974,332,284
C1orf95_GCACGAAAGTGTTGAGGAAG,C1orf95,1593,452,440
C1orf95_GATCCAGCCCACCATGACGA,C1orf95,1094,76,274
C1orf95_CCAACAGCTACTCACTGGCA,C1orf95,2246,476,350
C2_TGCCTGCTGTTCCTGTACCC,C2,1464,86,305
C2_GATATTCACGTTCTGAGGGC,C2,43,1,37
C2_GAGCGGGAGTGCCAGGGCAA,C2,1858,50,137
C2_GGTTCAGATGACCAGAGCGC,C2,347,396,163
C2_GAGCTAGGGTCCAAGAAGGA,C2,407,398,338
C2_CATCGTGCAGGGAAGGCAGA,C2,793,142,318
C20orf112_GATGAATGGCAACGGCGCCG,C20orf112,468,100,171
C20orf112_TGGACACCTCTCTACGGGCC,C20orf112,357,224,346
C20orf112_GATGTCAGCTGACCCGCACC,C20orf112,457,127,33
C20orf112_AAATTCAGCAGCCTCCAAAG,C20orf112,1239,261,206
C20orf112_TCCCGAGAGAGGCCGTGACC,C20orf112,813,66,200
C20orf112_AGATGCCCTCTGGCTCCGAC,C20orf112,498,95,334
C20orf141_CCGATCCCAGTTCCTCCAAG,C20orf141,1895,715,446
C20orf141_TGCGTCCACCTGTATCCACC,C20orf141,930,107,212
C20orf141_ATAGGACACTGTCCAGGAGC,C20orf141,496,132,122
C20orf141_CACAGCGCAAACTTCTCACC,C20orf141,542,270,98
C20orf141_CGGTGAAGGTCCTGGACAGC,C20orf141,1646,719,219
C20orf144_AGCACCCAAGCAGGCCCGCA,C20orf144,145,116,38
C20orf144_CGGCTGACATGGACAAGGCC,C20orf144,1476,415,619
C20orf144_AGCGGCTGCCGCTTGTCCAG,C20orf144,209,19,9
C20orf144_ATTGACTACGCGTCCGGCGC,C20orf144,272,54,175
C20orf144_AGATTGCGCGGAGCGGGCGA,C20orf144,673,18,39
C20orf144_AAGGTAGCGAGCGCGAGCCG,C20orf144,1181,139,100
C20orf166_CCGGGAGGCAGCCTTCACCA,C20orf166,1936,531,318
C20orf166_AGCTGACCACGTGCCGAGCC,C20orf166,1059,440,249
C20orf166_GAGCTGACCACGTGCCGAGC,C20orf166,228,255,279
C20orf166_CAGCACATCTGTGCTGACCA,C20orf166,257,102,183
C20orf166_ACTGGCATCGCCTCCAGCCC,C20orf166,481,145,133
C20orf166_GCGATGCCAGTCCGTGCAGC,C20orf166,242,40,348
C20orf173_ACTGCGGAAGCTCTCTGACC,C20orf173,76,90,124
C20orf173_TCCCAGGAATGCCAGCGACC,C20orf173,1601,72,185
C20orf173_CGCTCCCTGAGTTCATGCCC,C20orf173,697,408,275
C20orf173_TGGGTGAGATCTCCATCCAG,C20orf173,432,275,304
C20orf173_ACACAGCCGACGAATGGAAC,C20orf173,1334,402,894
C20orf173_AGCAGTTGAGGGTCTCAGAA,C20orf173,505,440,410
C20orf194_GCCCAGTGTGTCTCACCAAA,C20orf194,1228,715,699
C20orf194_CATGGAAGGTTGCCTTGGCC,C20orf194,41,249,231
C20orf194_TCCAATGCCCTCAAGTGCAA,C20orf194,683,400,362
C20orf194_GGCATTCCTTACAGCTCCCA,C20orf194,5,52,21
C20orf194_AGCAGCAAGTCTCGGCCGGA,C20orf194,404,116,238
C20orf194_ACCTGACGGAGGGTGACCCG,C20orf194,1772,344,422
C20orf195_CCGAGGTCAGGAACTCACGC,C20orf195,1303,627,1183
C20orf195_TGGGTCTGGCGACCGGAGCA,C20orf195,486,164,167
C20orf195_AGCGCCCAGTCGGCCAGGAA,C20orf195,2634,393,766
C20orf195_AAAGGCGTCGGCGGCTCACC,C20orf195,254,219,106
C20orf195_CGCACTCCTGCTGTGTCCGC,C20orf195,1075,253,311
C20orf195_TATAGGATCGGTTGGGCAGC,C20orf195,20,52,164
C20orf196_TCTGACTGGCCTTTCACAGC,C20orf196,738,529,395
C20orf196_ATCTATCCAGGGATTTCCGA,C20orf196,405,82,75
C20orf196_GAGAGTGAGTTTGCAGAGCC,C20orf196,345,78,20
C20orf197_ATAAGGGCTGTGCTGAAACA,C20orf197,737,351,499
C20orf197_CATGACACAAGACGCTCCAA,C20orf197,1037,105,195
C20orf197_ATGACACAAGACGCTCCAAG,C20orf197,886,359,88
C20orf197_TATGGACTAAGGTGTCCCAC,C20orf197,223,73,42
C20orf201_TGGATGGCACCATCTTCCCG,C20orf201,1323,160,88
C20orf201_GCACCTCTTGGCGGTCCAGG,C20orf201,534,128,174
C20orf201_TTCCACCGACCCGCACGGGA,C20orf201,527,238,569
C20orf201_GCAGGGTGAGGAGCGTGCCA,C20orf201,135,312,75
C20orf201_ATGCCGCCGCCAGCGAAGGA,C20orf201,275,115,195
C20orf202_TGACCTGGTTCTGGGCCCGA,C20orf202,511,95,96
C20orf202_GAGTGACCTTGACACTGACC,C20orf202,821,118,23
C20orf202_TGGACCTGGCGTCCTCCCAG,C20orf202,140,62,32
C20orf202_GGATGTCCCTCCGCTGGACC,C20orf202,531,157,434
C20orf202_AGAGCTCGAGCGGGCTCCGA,C20orf202,42,169,97
C20orf202_TGCCAGCCGGTTTGCTCAAG,C20orf202,980,410,916
C20orf24_CTCAGCCGCAGCTGGCCAAC,C20orf24,522,380,566
C20orf24_TCAGCCGCAGCTGGCCAACG,C20orf24,1620,263,473
C20orf24_CGTGGGAGCTCACGAAGGAA,C20orf24,1592,336,361
C20orf24_ATCAAGAGGGTCCTTTGGAC,C20orf24,226,149,120
C20orf24_CGGGTCTTCCAAGTTCCAAG,C20orf24,996,140,246
C20orf24_ATTCGCGGTCCAGGAAACAC,C20orf24,761,210,280
C20orf26_CAACTGGAATGTTGCCAAGC,C20orf26,1253,537,444
C20orf26_CATGCACCTCTTTGTGGCCG,C20orf26,2692,469,548
C20orf26_TTACCTAGGCTCATGTAGGA,C20orf26,921,324,617
C20orf26_TCTTCCTCATACGTCAGACA,C20orf26,3554,1155,839
C20orf26_GGGAAACAGAGTCCGTGGAA,C20orf26,652,279,225
C20orf26_TGGAAATGTTAGTGAACCGG,C20orf26,1568,423,682
C20orf27_CTTGACACCATCCAGCAGCA,C20orf27,2347,1086,1015
C20orf27_TTGCACCCTGCCTTGCAGAC,C20orf27,727,127,384
C20orf27_CACGCTCTCACCCATGACGC,C20orf27,2238,502,449
C20orf27_GAGATACTGCTAGCCTGCGA,C20orf27,217,197,237
C20orf27_ACTTGCACAAGCTCTTCCGG,C20orf27,763,156,192
C20orf27_GGGTAAGTGCCTTCCTGGCG,C20orf27,399,200,172
C20orf78_CCAATTCTGTCCAAGGGACG,C20orf78,1734,715,288
C20orf78_CTCCACTGGTCTCACTGGCA,C20orf78,1967,1071,1106
C20orf78_AAAGGTCCCAAGGCCTCCAC,C20orf78,286,24,27
C20orf78_CCCACAAGAGCCCATTAGAG,C20orf78,1029,619,938
C20orf78_ATTTAAGCCACATGCTGGAG,C20orf78,517,40,25
C20orf85_GAAACCTCTCAGCACCGCGG,C20orf85,204,0,31
C20orf85_AATCGGAAGCACGGCAGAAC,C20orf85,2643,525,753
C20orf85_TGAGCGTTTCCGCATCCGGC,C20orf85,436,223,252
C20orf85_TCTAGGCACTTGTTCAGGCC,C20orf85,1033,193,234
C20orf85_GATGCGATCAGAAGCTGCAA,C20orf85,257,83,26
C20orf96_AAGGGTAGTGGCTCTTCCAC,C20orf96,228,38,45
C20orf96_CATGCCTGTATTAAGGGCCG,C20orf96,208,270,163
C20orf96_GAGAAGTGCGTGGGCAAGGA,C20orf96,368,535,250
C20orf96_TCTTATGCGCCAGCTGCAGC,C20orf96,736,105,161
C20orf96_ACTTCCTCAGCAAGCTCAAC,C20orf96,805,173,234
C20orf96_AGAAGGCGGAAGTTGGACCC,C20orf96,722,21,176
C21orf128_GCAGATCGTGTCTCTCCAGG,C21orf128,9,24,37
C21orf128_CAGATCGTGTCTCTCCAGGC,C21orf128,187,0,1
C21orf128_GGAACACTGTGCTTGCCAAC,C21orf128,1209,374,462
C21orf128_AGTGTTCCAGATTGACCGGC,C21orf128,307,119,383
C21orf128_CAGGAGAGTTACCTGTAGGC,C21orf128,1020,222,272
C21orf2_TCATCCCAAAGCTGTGACGG,C21orf2,942,54,107
C21orf2_GCACGGTCATGCGGTAGCGG,C21orf2,1460,551,516
C21orf2_GAGCGTGATCACCTCCAGGC,C21orf2,968,325,129
C21orf2_CATGAAGCTGACGCGGAAGA,C21orf2,836,180,183
C21orf2_CGGCCGCCATGAAGCTGACG,C21orf2,1714,529,479
C21orf33_TCCACTCACCAGCGCGACCC,C21orf33,1015,205,155
C21orf33_TCTGGATGCGGAGTCTACGA,C21orf33,1057,76,85
C21orf33_GCACGTGATTGACCACACCA,C21orf33,836,538,633
C21orf33_GAGTCTGCGAGGATCGCCCG,C21orf33,637,90,103
C21orf33_GCACGGCTGTACACACCCGA,C21orf33,861,77,408
C21orf33_AGCTGCGTCTGGTGCTGGCA,C21orf33,864,162,159
C21orf58_ACCGTTGAGTAGGGAAGGCC,C21orf58,3,181,79
C21orf58_CAGGGTTATGTGCATGAGGG,C21orf58,975,131,142
C21orf58_GGAGCAAGAACGGCAGAACG,C21orf58,871,221,672
C21orf58_TCCTGCGAGTAACAGAACCA,C21orf58,725,318,291
C21orf58_CTTCCACGGCTTCCTGAGGG,C21orf58,1223,205,382
C21orf59_AAAGCAGTGTTATCCGCCCA,C21orf59,944,70,130
C21orf59_CTGCTCTCCTCTTTGCAGAG,C21orf59,1375,482,473
C21orf59_AGGGCTCAACGTCATTAAAG,C21orf59,867,33,62
C21orf59_ACCGTATGATCCCATCCGCA,C21orf59,1395,8,44
C21orf59_TTTAAACACTGCACCTCCGC,C21orf59,547,432,188
C21orf59_TACTCCCAGGCGCCTGCAGC,C21orf59,372,0,0
C21orf62_AGCTTACTCATCCATAGCGG,C21orf62,2362,286,268
C21orf62_GCTGGTTCGCTCTACTGCAA,C21orf62,438,52,92
C21orf62_CTGGTTCGCTCTACTGCAAG,C21orf62,1527,474,530
C21orf62_AGAACAGCTGCAGTTCCGAA,C21orf62,902,287,382
C21orf91_TGTCTGCAAGTAGGGCGAAC,C21orf91,574,547,362
C21orf91_GAAGCTGTTCGATGGCAACG,C21orf91,911,445,517
C21orf91_CGATGGCAACGTGGCGGACA,C21orf91,2674,741,465
C21orf91_GCTTAGATCGAGGACAACCC,C21orf91,781,225,247
C22orf15_GAGGTTCACCAGCCTGCAAG,C22orf15,603,97,250
C22orf15_CTTCAGTAGGGAGTTGCCCA,C22orf15,1312,347,111
C22orf15_CCTTACTGATGATCCGAACG,C22orf15,2121,1005,1135
C22orf15_GGATGACCATTACCCAGAGC,C22orf15,364,248,425
C22orf15_TCTCCTCTGTGGGCCACAAC,C22orf15,1839,296,571
C22orf15_TGAGAAGTTGCATCAGCAAG,C22orf15,746,282,396
C22orf23_CTACCTGGGAGATTTCAGCA,C22orf23,1553,423,465
C22orf23_GAGCCTTCTGTCGTGCAGGA,C22orf23,280,257,284
C22orf23_AGCCTTCTGTCGTGCAGGAG,C22orf23,497,256,268
C22orf23_GCCAACATGTGTCAAGCCAA,C22orf23,526,248,181
C22orf23_CTTGACACATGTTGGCAGGC,C22orf23,275,38,57
C22orf23_ACATGTTGGCAGGCCGGAGG,C22orf23,1441,201,255
C22orf24_CTCCCTGTGTGATTGAAGAA,C22orf24,1035,700,468
C22orf24_CCTGCCCTAGCCCACAGAGC,C22orf24,829,145,208
C22orf24_AGGATCCCTTGGCCTCACGC,C22orf24,458,112,16
C22orf24_CTTTGGACCATGTCAAGACC,C22orf24,1124,369,515
C22orf26_AAAGTTCGCCCTGCCCGGGC,C22orf26,265,41,121
C22orf26_CAAACGCGGAGCACGGAGGA,C22orf26,720,229,271
C22orf26_AAACGCGGAGCACGGAGGAC,C22orf26,1013,167,75
C22orf29_GAGTTGGACCCAGACACAGC,C22orf29,379,196,151
C22orf29_CATGGCGGCTGGTAAAGACC,C22orf29,976,250,99
C22orf29_AGAGCTCGTAATCGTCAGGC,C22orf29,921,125,87
C22orf29_GCTCAATCCAGGGATCCACA,C22orf29,895,121,221
C22orf29_CAATCCAGGGATCCACAAGG,C22orf29,1088,87,34
C22orf29_CTGCCCAGATGGGAATGCGA,C22orf29,778,63,66
C22orf31_CATCTCTGAAGGTGCTCAGA,C22orf31,182,77,121
C22orf31_GCATTGGCTCCACCACAGCG,C22orf31,1055,720,535
C22orf31_CCACCATGCAAGTTTGGAGA,C22orf31,3231,582,932
C22orf31_TACAAGCTTAACCAGGGAGA,C22orf31,83,77,126
C22orf31_CTTAACCAGGGAGAAGGAAC,C22orf31,1392,428,423
C22orf31_CACATAGCAGTCCTGAAGCC,C22orf31,2061,798,1011
C22orf39_TGCCCGCTCGCTCTCACAGA,C22orf39,710,169,190
C22orf39_AATCCCTCTGTGAGAGCGAG,C22orf39,209,198,125
C22orf39_CGAACAGTGGCAGCGCGACC,C22orf39,1888,284,301
C22orf39_CGCTGCCACTGTTCGCAGGC,C22orf39,971,241,375
C22orf39_ACTACTACGTCCACGGCGAG,C22orf39,1306,151,338
C22orf39_TCTTCTGTCAGTCGATCACG,C22orf39,917,278,198
C22orf42_GGAATCTCACACTCATGGCA,C22orf42,976,300,112
C22orf46_GGTCCGGCACTGTTGGCACC,C22orf46,469,288,16
C22orf46_ACTGTTGGCACCAGGTCACC,C22orf46,46,80,71
C22orf46_ACAGGTGTTTGAAATGGAGG,C22orf46,662,58,73
C22orf46_ACTGTTCTGAGGCAGTAAAC,C22orf46,2277,584,543
C22orf46_CTTGACACATGTCCAAGGCA,C22orf46,1144,156,103
C22orf46_TGCTGCTTCACTCACAGGAA,C22orf46,3793,1310,1253
C2CD2_TCCGGACCTCATGTGGGAAG,C2CD2,428,133,582
C2CD2_TCGTCACCCACCTGAGGCAC,C2CD2,1500,187,139
C2CD2_TTTCATCAGTGTGCCGGAAA,C2CD2,986,586,536
C2CD2_TGACCAAGAACTGAATAGCC,C2CD2,208,546,755
C2CD2_GCGGGTCCTCCTCAAAGGAC,C2CD2,5,0,1
C2CD2L_ATGCTCAGATTGGTCTACGC,C2CD2L,839,230,286
C2CD2L_TCTGACACTGCCACCAACAC,C2CD2L,1839,798,612
C2CD2L_TGGGCGATCAGTGAAGGCCC,C2CD2L,407,8,110
C2CD2L_ATCTCACTTGGGAAATGAGC,C2CD2L,145,35,81
C2CD2L_AGAAGTGGACCAAGCCCGCG,C2CD2L,2095,521,529
C2CD3_GGACTTGTAGGAGCACAAAG,C2CD3,993,297,396
C2CD3_GACACTAAGTGTGGATAGAC,C2CD3,439,224,165
C2CD3_TGCAGTGCTGAATTATCCCA,C2CD3,377,145,200
C2CD3_TTCAAACAACCTCCCTACCA,C2CD3,4133,714,506
C2CD3_CTCTTAGGTCTCACTTGCCC,C2CD3,988,41,226
C2CD3_CACTCGGACAAGTACACAAG,C2CD3,2402,265,247
C2CD4A_GGTGCGAGACTTGGCTCCGC,C2CD4A,210,17,0
C2CD4A_AGTGAGCACATTTGCGCACG,C2CD4A,411,2,33
C2CD4A_CTGAGTTCTGCATCCCGCCA,C2CD4A,3538,1352,1089
C2CD4A_AGAATTCCGGAGCGCAGCCA,C2CD4A,688,153,160
C2CD4A_GGAAACGGGACCCGGGACGA,C2CD4A,1185,208,90
C2CD4B_GATGACAGCGGGCTCGAGGA,C2CD4B,228,53,30
C2CD4B_ATGACAGCGGGCTCGAGGAG,C2CD4B,577,284,345
C2CD4B_TTGGAGACTCGAGCGTGCAA,C2CD4B,1388,383,209
C2CD4B_CGGCGTGAGCACTTTGGCGA,C2CD4B,3194,458,599
C2CD4B_AAACTCTGTTCCTCGGCCGC,C2CD4B,281,52,112
C2CD4C_GAGGGCCAGTTTCCGGACGC,C2CD4C,408,0,75
C2CD4C_GCGGCGGCTGTTCTTCACGA,C2CD4C,4128,1157,975
C2CD4C_AGGTTTCGCCCAGGACAGCC,C2CD4C,376,156,178
C2CD4C_GATCTGGATCACGTGCCGGG,C2CD4C,277,23,0
C2CD4D_GAGAGCCAAGGTGCTAGACA,C2CD4D,181,86,125
C2CD4D_AATATCAGGCCGGGCCCGGG,C2CD4D,191,108,155
C2CD4D_TCTCCACCGAATATCAGGCC,C2CD4D,847,215,283
C2CD4D_CTCTCCACCGAATATCAGGC,C2CD4D,1351,360,207
C2CD4D_GGGCGCGACGCTTGGAGAAC,C2CD4D,1061,428,330
C2CD5_ACGTGTACAAGGAATCCAGG,C2CD5,351,286,244
C2CD5_TCAATCAGCGTTGGAACAGA,C2CD5,990,161,300
C2CD5_TTGGGCTGTTGTGAGTCGAG,C2CD5,1291,380,114
C2CD5_AGTGGTGCGAGCCATAGGAA,C2CD5,526,164,180
C2CD5_TGATCGAATTCGCACACCAA,C2CD5,1543,499,271
C2CD5_CATCACTGGCAAATGGCGCC,C2CD5,1482,171,157
C2orf15_AGGATTGAAGGGACTGGCAC,C2orf15,684,404,168
C2orf16_ATGTCCTGAGATTCTAGGAG,C2orf16,706,274,113
C2orf16_GCCTTAAGGATATGGACACG,C2orf16,1009,226,104
C2orf16_ACTAGACCTGAAGCTAGAGG,C2orf16,601,136,324
C2orf16_AGCAGGCTCAACCATTAAGC,C2orf16,958,304,415
C2orf16_TCTAAGAACTTGTCCACACC,C2orf16,601,104,189
C2orf16_CTCCCTTGCCTCATCCCGGA,C2orf16,746,246,367
C2orf40_TCTGGCGCTTCAGGCTGCCA,C2orf40,339,45,71
C2orf40_GCAGCCTGAAGCGCCAGAAG,C2orf40,1777,567,507
C2orf42_CTTGGACCAGCCCTTGGAAC,C2orf42,2507,976,968
C2orf42_AGCTTTATCCAGAACCGAGA,C2orf42,752,229,216
C2orf42_TCGGAAAGATGCCTTGCCAC,C2orf42,483,132,65
C2orf42_ATGGATGCGTTCTGTGACAC,C2orf42,692,139,214
C2orf42_TTTAACGAGGAAGCAACCAC,C2orf42,802,275,149
C2orf42_AGCATCGGTAATCAGGGCCC,C2orf42,170,73,148
C2orf43_GGGCTTTAGGATTTGAGCGG,C2orf43,422,168,211
C2orf43_GACTTGATTGTCTCAGGACA,C2orf43,703,306,339
C2orf43_CCTGAGAACTCATGTGCCAA,C2orf43,457,305,321
C2orf43_CCTCCTGTGTCCACCACGAG,C2orf43,1552,741,1045
C2orf43_TGTCCTCTCGTGGTGGACAC,C2orf43,58,139,81
C2orf44_TTTCTTTGAGGCAAACGAGG,C2orf44,428,66,48
C2orf44_TGGATGTTTGGGACTGAAGA,C2orf44,979,333,418
C2orf44_TGTGCATGTTGGACCCAGGA,C2orf44,1028,544,897
C2orf44_TTTGCTTGACTCCATAGGGC,C2orf44,1163,421,305
C2orf47_GCGACCGAGAGTGCAGGAAC,C2orf47,3132,316,263
C2orf47_ATAACGCCGCTCCCAAGCCG,C2orf47,1122,167,339
C2orf47_TCAGCGCAGCTACAGCACGG,C2orf47,1774,386,424
C2orf47_GGAAGAACTTGTGGCCAAAG,C2orf47,780,316,147
C2orf47_TGAGTGTTCAATCCGTGCAA,C2orf47,1659,362,409
C2orf48_ACCGTGAAGTGCAAAGCAGA,C2orf48,1144,378,147
C2orf48_CAGCACGCCAGTGAGGGAGA,C2orf48,332,1,102
C2orf48_ACCAGCCTTACGTCTTGAAA,C2orf48,1064,228,385
C2orf48_TCCCTTTCAAGACGTAAGGC,C2orf48,974,127,154
C2orf48_TCTTGCTGTGAGCACCACGG,C2orf48,613,393,308
C2orf48_ACTCACCAAGAATGCACAGA,C2orf48,490,198,66
C2orf49_GCGGAAGTGACGTACTCGGG,C2orf49,2543,481,711
C2orf49_GGGTCTCCTGGCGACGACCA,C2orf49,521,34,39
C2orf49_TCCTGGCGACGACCATGGCG,C2orf49,669,6,69
C2orf49_TGCAATACCATTGCCTCAGA,C2orf49,1428,26,32
C2orf49_CTGGTAAAGCTTGCCTGCGG,C2orf49,41,0,78
C2orf49_ACAATGGTGGCGACTTCACA,C2orf49,601,408,50
C2orf50_GATGTGGTTCTCTGGAGCCC,C2orf50,584,0,0
C2orf50_GCTCAGGGAGCTGCCTGCGA,C2orf50,1215,83,238
C2orf50_CTCTCCTCAGGGCAACAAGA,C2orf50,566,700,438
C2orf50_AGTTCCCAGTTCCACGAACC,C2orf50,1456,275,385
C2orf53_GCAAGGCCTGGGCTTCAGGG,C2orf53,516,91,114
C2orf53_GCAGATGCAAGGCCCTGGCC,C2orf53,71,85,46
C2orf53_AAGCCGATGCCTATCCGGAG,C2orf53,908,591,429
C2orf53_CATATAGGATACTCCACGAC,C2orf53,2615,244,732
C2orf53_CTAACAGGCAGACATGGCGC,C2orf53,941,246,84
C2orf53_GGAGAGGATGCACGTGGACG,C2orf53,1054,210,500
C2orf54_TCAACATCCAGGATAAGGAC,C2orf54,1133,183,162
C2orf54_TGCTCTGTTGCCTGGCCACG,C2orf54,291,234,134
C2orf54_ACCGGGTCAACCACGAGAGC,C2orf54,660,298,237
C2orf54_GAGAACAATCAGCTTCCACG,C2orf54,241,106,222
C2orf54_AGCCTCGGCATCCACCCACA,C2orf54,649,111,457
C2orf54_CTCTGAGGACCCAATGGACA,C2orf54,1815,603,919
C2orf57_AGATCAGGCCTCCTTCAAGA,C2orf57,549,431,497
C2orf57_GATGCTGACCATGTCACAGC,C2orf57,481,191,81
C2orf57_CCGAGCTGACGCTTCCCACC,C2orf57,1595,306,49
C2orf57_GCACACGGGTGATGGTGCGC,C2orf57,1618,391,423
C2orf61_CCGAATACTTACTGAACAGC,C2orf61,2646,786,916
C2orf61_GGAAGCACGTTGTATTGCCC,C2orf61,393,37,38
C2orf61_GGACCTGTTAAAGAAGCAAG,C2orf61,684,140,150
C2orf61_TGCGGAAGATCATTTAGGAC,C2orf61,1550,419,366
C2orf61_CCTTATTGAGGTGGAAGCGG,C2orf61,452,166,89
C2orf61_TGAGGTGGAAGCGGTGGCGA,C2orf61,1331,642,396
C2orf62_TCCTCCAAGGTTTACTCCAC,C2orf62,146,89,227
C2orf62_GGAGTGTCTGCCACTCCCAG,C2orf62,69,50,28
C2orf62_GCTGTTCTTCTCTGAGACGC,C2orf62,1401,62,93
C2orf62_TGTGACCAGAAGTATCAAGG,C2orf62,1721,506,541
C2orf62_TCAGGGTGATGGCCTGGCGG,C2orf62,254,192,59
C2orf62_CATCCAGGTAGACCATCAGC,C2orf62,793,207,1
C2orf66_CCTGCTACTATGTGTTGCCC,C2orf66,724,139,25
C2orf68_CAACTTGAGGGCTTCTCGCA,C2orf68,275,130,249
C2orf68_TTAGAATACGAGGCAGACAG,C2orf68,2035,625,420
C2orf68_GCGTTGCAGGAAGAGCGCGC,C2orf68,1612,374,492
C2orf68_CAGGGACGACTATGACAAGA,C2orf68,829,299,267
C2orf68_GCTTCGTGCACCATATCCGA,C2orf68,512,302,52
C2orf68_GGGCGGCTGGACATGAACCA,C2orf68,1384,136,538
C2orf69_CGATTCCGAGCTGCGGCAGC,C2orf69,226,71,92
C2orf69_GCCAGAACCATGAACCCGGG,C2orf69,56,205,239
C2orf69_TTGCTCCTGTTGGCGGCGGC,C2orf69,0,95,292
C2orf69_CATACTACGAATGGTTGCCA,C2orf69,389,113,100
C2orf70_CTGTACTCGCGCACCCACCA,C2orf70,3507,600,852
C2orf70_TACCCGGGCATGAGTCCAGG,C2orf70,574,173,66
C2orf70_GGACCACCGCAACAGAGCCA,C2orf70,632,220,181
C2orf70_TCTCCATGGCTCTGTTGCGG,C2orf70,1383,165,246
C2orf70_TGCCCGTGAGGGAGCCGGAA,C2orf70,1324,496,366
C2orf70_AGACCTTCCCATCAGGGAAG,C2orf70,28,14,29
C2orf71_CTGCAACCGGAGCCTCGGAC,C2orf71,1088,416,169
C2orf71_CTGAACTGCAGGGCGGCACC,C2orf71,1211,14,143
C2orf71_TTCTCTCGGCAGCAGCAGCG,C2orf71,2402,505,3306
C2orf71_AGTGGGTGGGCTGTTGAGAG,C2orf71,1133,341,385
C2orf71_CCCAAGGAAACCCAGGAGCC,C2orf71,1874,124,515
C2orf71_TTGCACCAGAGCCCGAAGAA,C2orf71,3403,785,1231
C2orf72_CCAGGCGTTGGTGGAAGCGG,C2orf72,875,24,23
C2orf72_AGGCGTTGGTGGAAGCGGCG,C2orf72,1181,87,216
C2orf72_GAAGACCAGCGGCGAGCGGA,C2orf72,26,98,0
C2orf72_AGACTTCCAGGAACCTGAGG,C2orf72,641,130,220
C2orf72_ACTGTGATGACCTTGGAAGG,C2orf72,1477,228,377
C2orf72_CCTTCATCTTGAGTCTCCGG,C2orf72,1009,69,150
C2orf73_TCGTAAGGTGGTAGGAAGAC,C2orf73,1537,378,340
C2orf73_ACGACTCTAAGAGCACCCAG,C2orf73,686,152,346
C2orf73_TGCCTCACCTTTCCCTGGAG,C2orf73,547,111,159
C2orf73_TGTTCTGATGAACGTGACCC,C2orf73,453,50,78
C2orf73_AGACGTCAGACAGGCAGCCA,C2orf73,2013,263,486
C2orf73_AGGAGCCAAGACTGTAACAG,C2orf73,1199,346,199
C2orf74_CCTTGTACAGATGCAAACGG,C2orf74,847,386,322
C2orf74_AGTGGTGACAAGCAATCCAG,C2orf74,130,76,26
C2orf74_TTGAATGTGCCGATGAGGCC,C2orf74,1188,289,254
C2orf78_GCCCATGAGTGGCTGGAAGG,C2orf78,1377,317,192
C2orf78_AGAGCCATAAGATTGCAGGC,C2orf78,931,141,248
C2orf78_TATGGCTCTGTGTCATACAC,C2orf78,419,120,187
C2orf78_AGATTAGTAGGACTCTGGAC,C2orf78,841,161,145
C2orf78_CGAGCAGGGTAAGCCACAGC,C2orf78,2988,963,528
C2orf78_TAGTAGAATCAGGTCGAGCA,C2orf78,253,155,147
C2orf80_TATATGGGTCTGCCATGGAG,C2orf80,182,16,126
C2orf80_CCATCAGTGTTGCTTTGCAA,C2orf80,2494,318,427
C2orf80_ATCGCTCACCAACCGGAGAC,C2orf80,1146,201,230
C2orf81_TTAGCTGTGCTACGGTCACC,C2orf81,164,45,34
C2orf81_ATGGGATGTTGCTCAACGGG,C2orf81,669,193,148
C2orf81_GAAGGGTCGGCATCGTCGGC,C2orf81,1,53,93
C2orf81_CTAGAGGCCTCTCCTCGGCC,C2orf81,540,60,146
C2orf81_AGTCTACCTGACTCAGCAGG,C2orf81,94,0,0
C2orf81_GCGCTTACAGCCCTCGAGGA,C2orf81,1176,286,184
C2orf82_CAGCAGCAGCGCCATGCGCA,C2orf82,1126,481,400
C2orf82_TCTTACCTGTGAGCACCGCA,C2orf82,1096,312,327
C2orf82_TCGTTCCACAGCGTGGGCAC,C2orf82,324,132,151
C2orf82_GCCCACGCTGTGGAACGAGC,C2orf82,224,53,86
C2orf82_CACGATGGCCGCGATAGCGC,C2orf82,1050,152,398
C2orf82_CAGCAGGGCGGCGATCACGA,C2orf82,1388,856,467
C2orf83_AAACTAGAGCCTTGGGACCC,C2orf83,926,204,162
C2orf83_CCACTTGCCTTAGCGTAAGA,C2orf83,1184,783,750
C2orf83_CTGAGAACCATCACAAGGGA,C2orf83,1986,365,300
C2orf83_GCAGTTCTACAGGTGAAGCC,C2orf83,1252,175,492
C2orf83_TGTGGTTGACAACCAAGGAC,C2orf83,745,296,239
C2orf83_AACCACAGTCATCGTCACGA,C2orf83,1300,302,334
C2orf88_CACACAAGATATCCTGAGAC,C2orf88,366,216,269
C2orf88_TGTGTGATGCCTTGCAGCAA,C2orf88,1343,396,514
C2orf91_CGGTAACCAAAGCAAGGACA,C2orf91,1639,464,439
C2orf91_CATCTGCGGTAACCAAAGCA,C2orf91,495,127,44
C2orf91_CATTATTCCTCGATTGGGCC,C2orf91,321,107,259
C3_CATCCGCCCTCCTCACAGCA,C3,2128,1002,1158
C3_GGAAGGCATCCCGGTCAAGC,C3,135,170,200
C3_ACAAGCTGCTACCCGTGGGC,C3,1127,82,118
C3_CTCCACCACTTGGGTCCCGA,C3,1197,133,385
C3_TGGAGGCCCACGACGCGCAA,C3,492,222,380
C3_GGGACCTGAGGTGGGTCCCA,C3,0,0,11
C3AR1_ATCAGAGTTATCCAGTGGGC,C3AR1,680,150,144
C3AR1_GATACATCCACAGATAGAGC,C3AR1,297,33,61
C3AR1_CCTGCTTACTGCCATTAGCC,C3AR1,976,493,333
C3AR1_AGGGACAGTGGCCCTACGGC,C3AR1,0,48,56
C3AR1_ACTTGGCTCTCCAGGGACAG,C3AR1,1038,324,282
C3AR1_AGTAAGGCTGAGAATGACCA,C3AR1,330,52,195
C3orf14_GGGTGATCAACACACAGAAA,C3orf14,833,205,351
C3orf14_CCCACTTCCACGGCCTGAGG,C3orf14,1009,364,362
C3orf14_ACCACCTCAGGCCGTGGAAG,C3orf14,1011,175,580
C3orf14_AGAGAAACCACCTCAGGCCG,C3orf14,2167,603,487
C3orf17_TGATACCTGAGCCACGAAGA,C3orf17,1194,68,58
C3orf17_GAGCTTCCAGATGTTTAAGC,C3orf17,700,8,0
C3orf17_AAACCTTGTGATGGTTGGGC,C3orf17,127,0,0
C3orf17_TCAGCGACAGTATGACGAGA,C3orf17,704,0,6
C3orf17_TCACTCACCAAGGGCCGCGC,C3orf17,1307,0,0
C3orf17_CCGCCTTAGGGATTCTCACA,C3orf17,1159,0,0
C3orf18_GGAACAAGATGAGTTGGAGC,C3orf18,367,16,35
C3orf18_AGTTGTACATGGGCATGAGC,C3orf18,178,11,146
C3orf18_ACCAGAATCCCTGATGCAGC,C3orf18,631,118,159
C3orf18_AGGGTAGTGGTCTCGGAGGC,C3orf18,922,123,354
C3orf18_ACCCACCTCTGAGTCTGACC,C3orf18,1465,71,229
C3orf20_TGGGTTCCATGAGCACCACC,C3orf20,735,184,285
C3orf20_AACTGCCTGATCAGCACAGC,C3orf20,67,154,122
C3orf20_AATGGCGGACATGTTTGCGA,C3orf20,548,334,119
C3orf20_TTCTCCCGGGCCTCAGGGCA,C3orf20,1369,339,574
C3orf20_CGGGCCAACATTAGATGAGA,C3orf20,731,427,699
C3orf20_CATACAGCGACGTTTCCAGA,C3orf20,7,206,101
C3orf22_TTGCGGCATCCGTAGGCAAG,C3orf22,1858,581,602
C3orf22_TCAGCAACTTGAGTTCCCAA,C3orf22,120,139,223
C3orf22_CAAAGGTTGCACAGTGGAGG,C3orf22,646,704,468
C3orf22_GACTTACCCTCGGACTGGGA,C3orf22,478,105,173
C3orf22_GGTCACAAACGACTCGAACA,C3orf22,1400,323,261
C3orf22_AGTCTCACCAGAGTAAGAAG,C3orf22,1030,183,147
C3orf27_ACGGCTTCAAGGAACACAGC,C3orf27,1063,76,450
C3orf30_TCAGCCAGAGCCTCTTGCGG,C3orf30,1413,327,218
C3orf30_ACCAGAAGAACCAGGCCGAA,C3orf30,419,99,119
C3orf30_TGGGCAGATTGATGGTAGAC,C3orf30,1258,407,441
C3orf30_GCTATGCCATCTGACCAGAG,C3orf30,1133,562,308
C3orf30_GCATCAACTGGGTTGTAGGG,C3orf30,639,298,287
C3orf33_GGAGTAGAACTCGCTGAAAC,C3orf33,2435,482,639
C3orf33_CCAGTACCCGGACTAGGCGC,C3orf33,740,61,140
C3orf33_ATTCCGTCCTTGTCGGCAGA,C3orf33,275,136,1
C3orf35_GCGGGCTAATGCAGAGCAGA,C3orf35,248,36,61
C3orf35_TGCAATCACCTTGGGTCCAA,C3orf35,854,447,620
C3orf36_CTCAGTCTCAAGGCAGAGCG,C3orf36,47,214,217
C3orf36_AGACACGTGAGCACTAACCC,C3orf36,1189,476,400
C3orf36_TGAGCACTAACCCAGGAGCC,C3orf36,728,608,408
C3orf37_TTGCGCCTACCAGGATCGGC,C3orf37,120,45,75
C3orf37_TGCGCCTACCAGGATCGGCG,C3orf37,1748,532,220
C3orf37_GAGGACTCTTGTTGTAAGAG,C3orf37,556,71,66
C3orf37_CTGCAGATAGTCCTGAGAAC,C3orf37,2358,806,720
C3orf37_GCTTGAGTGACATCCACCAC,C3orf37,1275,230,192
C3orf37_TCCTAGAGCAATGGCTGAAG,C3orf37,1810,241,359
C3orf38_GGACATCCACCTATTTCAAC,C3orf38,1288,465,453
C3orf38_CGGTAATGTTCCAGGAGCAA,C3orf38,1985,235,179
C3orf38_TCGGTAATGTTCCAGGAGCA,C3orf38,1532,207,130
C3orf38_CAGGCTTCGGATAGTGGAAC,C3orf38,1571,141,322
C3orf52_CTCACAGCCAGTAGACGAGC,C3orf52,898,263,379
C3orf52_GGTCTTCCCTTCTTTGGACG,C3orf52,363,142,205
C3orf52_GAATTACCCTTTCGGTGAGC,C3orf52,454,63,119
C3orf52_CTCCCGAGCACTGCTTCAGC,C3orf52,1376,486,384
C3orf52_GAAGCCGAATCCTGAAGCAC,C3orf52,314,190,84
C3orf55_ATCCGTGTTCATGTCGAAGA,C3orf55,804,406,230
C3orf56_CCTCGGAGGCCTCGAAGGCA,C3orf56,397,189,257
C3orf56_GGAGTAGATGACAGGCCAGA,C3orf56,924,167,73
C3orf56_GATACGGACTTCCTATGAGG,C3orf56,276,47,65
C3orf56_GGCTTCTCCCACTCTGGGCG,C3orf56,930,376,462
C3orf56_AGCACTCAAAGAGGCGGCGG,C3orf56,278,68,220
C3orf58_CCGCTTCCTCAACGGGCAGG,C3orf58,852,442,603
C3orf58_AGCATCTGCAAGCGGGCCAC,C3orf58,309,64,0
C3orf58_GCGCCTACCTGTAGCACCAG,C3orf58,1364,104,54
C3orf58_GGAGTTACTTTAATGCGCCA,C3orf58,234,168,275
C3orf58_TGTCAAAGCTGACGTCCAGG,C3orf58,661,93,33
C3orf58_TCCAGACATGCCACCTGGCG,C3orf58,726,261,313
C3orf62_TGACCCTGGCAGCCTCAAAC,C3orf62,1178,479,886
C3orf62_CCAAGATTCACCCTTCAAAG,C3orf62,3519,1169,1208
C3orf62_TTCTAGCCAAGAGGTCACAA,C3orf62,1574,222,339
C3orf62_GCATGGTTTGTTGCAAAGGC,C3orf62,2036,222,433
C3orf67_ACCTTCTTCCAGTTGGAGAA,C3orf67,335,291,311
C3orf67_GGAATCCCAGAGTGTTCCAA,C3orf67,321,160,158
C3orf67_TTGAAATAGTGCCATACCGC,C3orf67,841,356,343
C3orf67_ACTTCTCTACAGTGGACGGC,C3orf67,508,1,191
C3orf67_TTATTCCTTCTGCCAGAGAG,C3orf67,976,177,155
C3orf67_AAGGGAACACCATAGACAGC,C3orf67,399,85,222
C3orf70_ACTTCCAGGTCAGACTGCGA,C3orf70,809,193,38
C3orf70_TGTGACGAGGACACAGAAGA,C3orf70,1071,515,282
C3orf70_ATGGTGTTTGTGGGTTCCCG,C3orf70,876,154,159
C3orf70_ACTGGTGCTGTCACCTAGGA,C3orf70,639,137,162
C3orf70_TAGACAGCCCGTCGCACGGC,C3orf70,572,138,54
C3orf70_CCGACTTCCAGCCGTGCGAC,C3orf70,1207,466,413
C3orf72_TTCACCTGAAAGCCGCGAGG,C3orf72,813,145,55
C3orf72_TCTTTCACCTGAAAGCCGCG,C3orf72,442,176,80
C3orf72_CGACGCTTCCCTAGTAGAGC,C3orf72,732,253,242
C3orf72_TATTCTCTCCCGCTCAGGAG,C3orf72,1123,124,181
C3orf72_CTGCGGTGCTTGGCTAGCAA,C3orf72,2995,1112,985
C3orf72_TGCGGTGCTTGGCTAGCAAA,C3orf72,1990,568,520
C3orf80_GCACGCCTTCCTGGACAACG,C3orf80,1210,749,721
C3orf80_CCTTCCTGGACAACGTGGGC,C3orf80,88,97,68
C3orf80_CGATGGCGAAGAGCACCAGC,C3orf80,664,116,119
C3orf80_GCGCTGCAGGAAATAGCCGA,C3orf80,351,211,126
C3orf80_CTCGTGCTCTGAGGCGCAGG,C3orf80,1495,54,245
C3orf83_GCTATGCACTGCGCAGAGGC,C3orf83,79,68,126
C4A_TCCTGTCTAACACTGGACAG,C4A,817,502,169
C4A_CTCCTGTCTAACACTGGACA,C4A,1239,291,424
C4A_GCTCCTGTCTAACACTGGAC,C4A,128,110,132
C4B_TCCTATGTATCACTGGAGAG,C4B,1147,454,221
C4BPA_ATCAGAGACTTTCCACAGCC,C4BPA,611,173,131
C4BPA_AATGGGATCTGACGTAGCCA,C4BPA,582,49,86
C4BPA_GACAAACGATGCAGACACCC,C4BPA,1003,124,17
C4BPA_TGAAACATCTGGCTTGCGAC,C4BPA,1245,289,310
C4BPA_TCTGTAGTGGGTTTGTAGCC,C4BPA,1144,597,85
C4BPA_TATGCCAAGGAGATGGCACG,C4BPA,268,109,16
C4BPB_TTGTATCAAGGGCTACCACC,C4BPB,833,263,535
C4BPB_GGGTCTTCTTTCCTACCAGG,C4BPB,33,5,20
C4BPB_AACTCTCCATTCACCAGCAC,C4BPB,959,226,186
C4BPB_TCCTGGATCAACTTGCAGAC,C4BPB,512,466,740
C4orf17_TCTGAAGAGCAGATGTCGGG,C4orf17,56,193,83
C4orf17_GCTCTTCAGATCGAGGGCAA,C4orf17,317,83,131
C4orf17_AAGACCACCATCACCTCCAA,C4orf17,207,85,149
C4orf17_ACTCTCCTGAGTGTTAGGCC,C4orf17,292,98,141
C4orf19_GGGACCCAAGTCATGAGAAA,C4orf19,613,221,158
C4orf19_TGATCAACGTTGTCTCCAGC,C4orf19,975,128,273
C4orf19_ACCACAGGCATGGCATGAAC,C4orf19,2585,449,536
C4orf19_CTGTGGTTGACTCAGGAAAC,C4orf19,1717,564,979
C4orf19_ACCCATGGCTCCGATGGAGA,C4orf19,487,224,170
C4orf21_CAATAGAACCCTGCTGAAGC,C4orf21,1611,372,240
C4orf21_CCATTGGAAATGCAAGGCCG,C4orf21,725,220,206
C4orf21_CCAGGATATTCAACACAGGA,C4orf21,1615,682,549
C4orf21_AAACACATCCCAATGCAACG,C4orf21,2023,1014,846
C4orf21_TCAACCTCAACATGGTCAGG,C4orf21,604,44,54
C4orf21_ACATCCAAGAGATCGGCCAG,C4orf21,1538,242,138
C4orf22_TTCGGCCGAGGATACCGCAA,C4orf22,747,340,341
C4orf22_TACCGCAATGGATCAGGAAG,C4orf22,1137,226,272
C4orf22_GGTAGCCTAGCTCCACCAAC,C4orf22,790,66,93
C4orf22_TGGTGGAGCTAGGCTACCGA,C4orf22,546,209,318
C4orf22_GAGCTAGGCTACCGAGGGAC,C4orf22,854,253,226
C4orf22_CACGAATAAAGATCACGGAC,C4orf22,1114,577,365
C4orf26_GAAGCAGTGTCTGCGAGCCA,C4orf26,608,162,26
C4orf26_TTACACCTTGAAGGGACGAA,C4orf26,918,261,416
C4orf26_CCCAGAAGAAGACTCCAGAG,C4orf26,1414,622,362
C4orf29_TCTCTTGCACTGGCTAGAGA,C4orf29,593,233,160
C4orf29_TTGCACTGGCTAGAGAGGGA,C4orf29,391,280,798
C4orf29_AAGGCTTACGTGTCCTCCCA,C4orf29,348,66,32
C4orf29_CTAGAATTATGGCAGTCAGC,C4orf29,532,81,406
C4orf29_GATGCCTATATTCCACGAAC,C4orf29,712,110,22
C4orf3_GAGCGGCGAGGCTTTAGCGA,C4orf3,1172,155,324
C4orf3_GGAGCGGCGAGGCTTTAGCG,C4orf3,817,834,786
C4orf3_CCATCTCGACCATCAACACC,C4orf3,1688,739,781
C4orf3_CCGGGTGTTGATGGTCGAGA,C4orf3,1532,327,367
C4orf3_AGAGTGCATTCCGGAACCCG,C4orf3,1716,436,411
C4orf3_CTTCATGCCAGCGGTCACGG,C4orf3,661,167,297
C4orf32_GGCTGCGGGATGTGCTCAGC,C4orf32,681,169,204
C4orf32_CTGCGGGATGTGCTCAGCCG,C4orf32,1290,751,712
C4orf32_ACAGAACCACACTGGTGAGC,C4orf32,776,29,186
C4orf33_ATCATCACTCCTCTGTCACC,C4orf33,2,128,33
C4orf36_AGAGGTCTTCTCAAACCGGC,C4orf36,257,77,40
C4orf36_TCTTGGCACTCCATACGCCA,C4orf36,1123,91,103
C4orf40_GGGAATACTTACACTGACAC,C4orf40,743,338,334
C4orf40_AACCTTGAAGGAGGGACAAA,C4orf40,2119,580,910
C4orf40_ACCTGTTCAAGAGAGGGAGA,C4orf40,127,2,32
C4orf45_GGCAAGCTTCTATTTGAGGC,C4orf45,529,309,45
C4orf46_CAAACTCACTGGGCCGCCCG,C4orf46,4921,496,939
C4orf47_GCCACCATGCCTGCGGAAGG,C4orf47,2071,243,356
C4orf47_GATTGGCCTCTTTAGTGAGA,C4orf47,309,51,113
C4orf47_AACCCGGGAAAGAAAGGAAC,C4orf47,571,188,81
C4orf48_TCCATGACGACGACGTCGGA,C4orf48,186,122,76
C4orf48_TTACCGCGGTTCAGGGACCC,C4orf48,1158,79,281
C4orf48_AAGGCGTGGCAGTCCACGCA,C4orf48,1127,110,258
C4orf48_GGCTGCAGGCTGTCTTCCGC,C4orf48,145,140,76
C4orf50_GCACGTTCCAGGATCAAGCG,C4orf50,2324,838,604
C4orf50_GCCAGCACAGACAGCCCAAC,C4orf50,1279,266,605
C4orf50_TCTCAGACTTGACGTCCAGG,C4orf50,721,175,172
C4orf50_CATGCTCAACGACGTGGCAC,C4orf50,457,288,328
C4orf50_CCACCAGGCGTCTCTGGACG,C4orf50,575,93,210
C4orf50_AGCGAAGTTCCTGGTAACCC,C4orf50,926,214,392
C4orf51_GATCTGATCAGACGCAAGGC,C4orf51,34,73,85
C4orf51_TCTTCCGTGACAACATACAC,C4orf51,1025,157,215
C4orf51_CTGATAAACTACAGTCGACG,C4orf51,1234,650,847
C4orf51_AACTACAGTCGACGAGGGAA,C4orf51,1152,308,383
C5_CTGTTCTCTCGGGCTTCAAC,C5,1205,126,48
C5_TGCTGATACTGTCAAGGCAA,C5,1059,430,433
C5_TACCTGATTCTCTAACCACC,C5,322,7,124
C5_GAGAGATATTAGCACGGAGC,C5,267,60,62
C5_TCCAGCACCGTCACTCCAGA,C5,638,383,163
C5_GACTGGTCTGGAGTATAAAC,C5,711,374,416
C5AR1_TGACGGCATTCGAGGCCAAG,C5AR1,2217,646,365
C5AR1_TCACCACTGGCCCTTTGGCG,C5AR1,563,250,188
C5AR1_AGTACTCCTCCCGGACCACC,C5AR1,665,42,179
C5AR1_CAACACGTTCCGGAGGAGGC,C5AR1,519,106,121
C5AR2_CGGGCAATGCCATGGTGGCC,C5AR2,799,403,703
C5AR2_ACAGCACAGCAAATCCGCCA,C5AR2,2429,204,239
C5AR2_CCACTGCACCATACGGCCAG,C5AR2,948,774,280
C5AR2_CTGGTGGTCTACGGTTCAGC,C5AR2,628,207,200
C5AR2_CATCTACCGCCGGCTGCACC,C5AR2,1369,183,162
C5AR2_ACCACAATGGCTGTGCCCAG,C5AR2,512,120,437
C5orf15_ACCAGACTATGACTGGACCA,C5orf15,1002,63,89
C5orf15_TCTTGGTACTCGTCGTGGGA,C5orf15,598,1,128
C5orf15_TGGTACTCGTCGTGGGAGGG,C5orf15,1360,403,171
C5orf15_TTTACCACTGGATAGAGCGG,C5orf15,1286,236,481
C5orf15_CCGTCCCGAAGAGGATGAGG,C5orf15,469,0,12
C5orf20_TTCTCTCAGCTCCCACCGCA,C5orf20,1431,591,454
C5orf20_GGCAGTTCAATTCCTCCACA,C5orf20,200,116,24
C5orf20_GAACTCGAGAAGCCACGGCC,C5orf20,148,1,59
C5orf22_AACATGAGTGACTCCGCGGG,C5orf22,488,210,258
C5orf22_ACATGAGTGACTCCGCGGGA,C5orf22,483,57,324
C5orf22_GATGCTTTGAGCCTATGGCC,C5orf22,496,65,74
C5orf22_TGACTCTTCTTCAGAAGGAC,C5orf22,233,339,467
C5orf24_CTCAACCGATCTGGTAAGCG,C5orf24,670,303,316
C5orf24_GCGGGATACAAAGTCAGCCC,C5orf24,315,64,91
C5orf24_ATAACCAAGATCGGCAAGAC,C5orf24,768,286,267
C5orf27_TGAAAGCAAACCTCAAGGAC,C5orf27,1833,309,308
C5orf27_CGTTTGCCACAGCTGCAGCG,C5orf27,130,94,81
C5orf28_TTTCAGGGTCAGAACCACAA,C5orf28,623,483,341
C5orf28_TTCAGGGTCAGAACCACAAC,C5orf28,1935,375,446
C5orf30_CAGGGTGTGCTGGAGCAGCG,C5orf30,437,430,405
C5orf30_TAGGATCTGGTAGCCTGACA,C5orf30,321,88,374
C5orf30_AAGTTAGCTCAGAAGTGCAC,C5orf30,982,25,124
C5orf30_AGCTGTTTGGAGCGTAAGGA,C5orf30,293,466,356
C5orf34_TTCCCGGTCTATCTGGAGGA,C5orf34,613,161,162
C5orf34_AACCTTCCTCCAGATAGACC,C5orf34,794,79,285
C5orf34_TAACCTTCCTCCAGATAGAC,C5orf34,1011,140,83
C5orf34_TACCTGTGTAGGTGTGGGAC,C5orf34,710,306,324
C5orf38_CTTGGTTGCGAATTGCCAGG,C5orf38,608,170,219
C5orf38_TTGGTTGCGAATTGCCAGGA,C5orf38,720,405,249
C5orf38_GCTTCAGGTCCTGCCAGAGG,C5orf38,763,430,294
C5orf38_TGTAATGCCCACTGCACCGG,C5orf38,1498,742,527
C5orf38_GAGGATGGCTCCTCCTGAGC,C5orf38,440,60,79
C5orf38_ACGCGGCCGACTGAGAAGGC,C5orf38,1750,208,242
C5orf42_TCCTCTGCAACACTCTAAGG,C5orf42,268,180,154
C5orf42_CCATGAAACGAGCCATGGAC,C5orf42,499,196,570
C5orf42_CTGTGCAACAGCCAGGACAC,C5orf42,1032,167,310
C5orf42_ATGTAGTAACAAGAGTCCCG,C5orf42,426,86,132
C5orf42_CTTGTTGAGCCCAATGAACA,C5orf42,1913,894,631
C5orf42_ACGTGTCTCCTGGTTGGGAA,C5orf42,1897,499,485
C5orf45_GGTCCTGTCCTGACAGGAAG,C5orf45,39,49,139
C5orf45_GGCTGGGAATGTGAAGCAGC,C5orf45,564,292,190
C5orf45_GGTGGGCATCCGAGTCAGCC,C5orf45,1,11,72
C5orf45_GAATCTCATTCCAAGCCAAC,C5orf45,507,383,126
C5orf45_CATGCTGGGACTCCCTGGAA,C5orf45,1913,367,517
C5orf45_TCCCTGCTTGTGCAGTCGCC,C5orf45,597,62,55
C5orf46_TGCTTACGTGCTCCTGGACA,C5orf46,2596,786,807
C5orf46_TGCTCCTGGACATGGAGCGG,C5orf46,341,215,129
C5orf47_GCCGAGGGAAGCAATGGCGG,C5orf47,1025,13,0
C5orf47_GACCCTGAGCTGGGAACCGA,C5orf47,329,96,8
C5orf47_GAACTCTCGATGCCCGCAGC,C5orf47,259,160,154
C5orf47_AGACAGTCGGCGCGTGCAGG,C5orf47,1514,348,129
C5orf48_TGATTTCCCATGGCTTCAGG,C5orf48,339,44,115
C5orf48_CTAGTCGCCTCCTGAAGCCA,C5orf48,1267,395,511
C5orf49_CAGCCTGCACATGGTTGGCA,C5orf49,899,1402,1796
C5orf49_GCTACTACTACCGCCCGGCG,C5orf49,513,183,261
C5orf49_GCACAGCTACTACTACCGCC,C5orf49,72,72,15
C5orf49_TGGCGGCATGGAGGACGACG,C5orf49,731,95,26
C5orf51_ACTAGAGACTGCGGCCGCCA,C5orf51,306,122,173
C5orf51_CTCTAGTGTGGTGAGACGAG,C5orf51,2528,654,797
C5orf51_AGCGAAGCTGCCGGTGAAGA,C5orf51,815,150,144
C5orf51_GAATGTCTCTCTTGGAGACG,C5orf51,624,149,127
C5orf51_CCTACTTCTCGGAAATCCAA,C5orf51,519,190,117
C5orf52_CCCTGGTCACAGGTGACCGA,C5orf52,1263,401,306
C5orf52_ACCCGAGGTGGCGCTGGAAC,C5orf52,2158,939,1090
C5orf52_CTGGTAGTTCGAACCCGAGG,C5orf52,536,165,110
C5orf52_AGATCTGCTTTCCGCGGCCG,C5orf52,1571,684,1067
C5orf52_AGCTCAGAAAGCTCGGGCGA,C5orf52,0,64,17
C5orf52_AACTGGTGGTGGTATCCCGA,C5orf52,904,56,8
C5orf54_TCAATGATGTCCGAGAAACG,C5orf54,1374,514,470
C5orf54_GCTTGCTGAGACAACTGACA,C5orf54,1013,192,159
C5orf54_CCATGTCGAAGAAACGCAAA,C5orf54,1451,743,561
C5orf55_CCACTGGCATTGTTCCCACG,C5orf55,2407,547,872
C5orf55_CACTGGCATTGTTCCCACGA,C5orf55,2830,209,562
C5orf55_ACCTCAGTCCGCGGGAAACG,C5orf55,797,486,488
C5orf55_ACACTGCAGTGCGGACGACG,C5orf55,1626,376,362
C5orf56_GCAGAGCTACAGGAGGCCCG,C5orf56,218,42,42
C5orf56_TAGAGCAAGAGTGAACAGGA,C5orf56,1088,303,638
C5orf56_ACAGCATGGCTGTACTCCAC,C5orf56,1041,104,85
C5orf56_TCCTGGATGCTAGAGTGACC,C5orf56,128,94,100
C5orf56_GCCATATACAGACACAGACG,C5orf56,1236,58,172
C5orf56_TATACCACCCAGAAGTAACC,C5orf56,750,334,251
C5orf64_GAATGTTGGCCCACCACCCA,C5orf64,1061,188,181
C6_TCCATATCCCTGATTCGAGG,C6,1488,383,267
C6_AAGGTCATACACGCCTCCCA,C6,140,161,234
C6_TTTCCAGATTGGCCGGAACA,C6,1090,440,461
C6_AGTGTACAGTTGATGGGCAA,C6,547,507,439
C6_CATGGTTGAAAGGCTACCAG,C6,2229,264,250
C6_TGCATAGTGATCACAGAAGC,C6,1743,1272,854
C6orf1_CCCACAAAGGGCAGAAGGCC,C6orf1,1367,131,130
C6orf10_GGTGAGTGTACCAGAAACAC,C6orf10,200,76,50
C6orf10_AGATGTGCCAAAGGAACAAG,C6orf10,801,228,230
C6orf10_GATGGGTGTGCCAAGAAGAC,C6orf10,421,168,126
C6orf100_GAAGAGACCGAGAGCGCCAG,C6orf100,601,28,64
C6orf100_GAGAGCGCCAGAGGACGCCA,C6orf100,289,85,207
C6orf100_TCTTGTCTTCGTTTCAGAGG,C6orf100,943,435,188
C6orf106_GGAGCCCATGTGTCAGGAGC,C6orf106,564,79,35
C6orf106_CGTCCTTGTCGGTGGTGCCC,C6orf106,112,80,103
C6orf118_CAGCAAAGCACCCATAAGGA,C6orf118,604,463,673
C6orf118_GGCGGACATGGATCTCGCCA,C6orf118,673,112,235
C6orf118_GCCGGTGAAGACGGCGGACA,C6orf118,1311,453,473
C6orf118_AAAGGAGGCCCTCCTGGACG,C6orf118,2012,310,336
C6orf118_TCCAGTGGAGGCTGTCAGAG,C6orf118,1522,942,733
C6orf118_TGCTTCCACTTCAGGTACAC,C6orf118,1276,560,578
C6orf120_TCCAGGGCCAGATAGGCGCC,C6orf120,538,143,301
C6orf120_CAGCTCGTAGTCGTCGAAGC,C6orf120,1061,149,473
C6orf120_GAAGGTGTACTACGACGGCA,C6orf120,71,136,37
C6orf120_GATGCCGGCCAGAAGCACGC,C6orf120,30,44,38
C6orf120_CCAGAAGCACGCTGGTGCCC,C6orf120,892,125,95
C6orf123_TCTGAAGTGAGCAGTCGAGC,C6orf123,628,197,187
C6orf132_AACACGTTCACCGTGAGGCC,C6orf132,1188,176,162
C6orf132_TTGAGGCAGCTCCCGAACGC,C6orf132,1044,852,756
C6orf132_GAACCGTACTCACCAGCGGA,C6orf132,522,73,21
C6orf132_TCTTGGCCGAGCTTTCAGCG,C6orf132,1188,531,498
C6orf132_TCCGCCCTGGATCTTCACCC,C6orf132,1243,587,503
C6orf132_TCTACGCCACCAATCCGCCC,C6orf132,734,157,341
C6orf136_CCCGTCTTGCACTCGGAGAG,C6orf136,2266,572,825
C6orf136_AAGGCCGGCCAGTGTGCACC,C6orf136,785,170,99
C6orf136_CATACTAGGATCTCCTGACG,C6orf136,1299,112,92
C6orf136_GCAGGGTCCAGTTCTCAGGG,C6orf136,517,54,62
C6orf136_ACTGGACCCTGCAAGCCCGG,C6orf136,440,68,86
C6orf136_ATGGCGACAAATGAGGCCAC,C6orf136,310,91,63
C6orf141_CGGCGGCCACGAGGACAGAA,C6orf141,2084,696,755
C6orf141_GGACCCTGCACGGGAAGAGG,C6orf141,536,31,26
C6orf141_CCTCTCCACCCGCATGAGGA,C6orf141,193,250,467
C6orf141_GGTAGTTGGGCTCCTCGCCG,C6orf141,342,136,84
C6orf141_CCAAGGGTCGCATGACCACG,C6orf141,2074,353,708
C6orf141_GGGCTCTCCAGGCACGAACA,C6orf141,414,197,391
C6orf15_AACCCTGTGGATGAGAGACC,C6orf15,846,122,185
C6orf15_GCTCCCAGTGAATTAGAACG,C6orf15,1455,186,238
C6orf15_GAGTCTTCTCCCGATGCCAC,C6orf15,339,43,75
C6orf15_GAGGTTCTGCAGTGCAGAGG,C6orf15,361,26,159
C6orf15_CACCGATGCTCCGGGCAAAG,C6orf15,2216,1512,1141
C6orf163_CTTGGCTGCAGAACAGCGCA,C6orf163,158,224,189
C6orf163_TCGAAGCTGTGGAGAAAGCC,C6orf163,834,697,323
C6orf163_TGAAGAAAGACACATCGCCC,C6orf163,229,236,184
C6orf163_GGATAAACTGGCTAACACCC,C6orf163,321,148,147
C6orf163_GATAAACTGGCTAACACCCA,C6orf163,22,38,21
C6orf163_TAAACTGGCTAACACCCAGG,C6orf163,199,78,148
C6orf164_TGGCCACCTTCTGAAGCCCA,C6orf164,703,194,106
C6orf164_TCAAACTAGGCAGCTTCCAA,C6orf164,1925,358,526
C6orf165_CTAATCTAGACTCTAGGACC,C6orf165,1056,178,340
C6orf165_TCATGGTGAGTTCTTTCAGC,C6orf165,395,154,166
C6orf165_AGTTCGTGAGCACCCAAGAA,C6orf165,1313,533,460
C6orf165_TACACGTTTGCTGCAACAGA,C6orf165,528,327,244
C6orf165_TTCCCAAGTGTACCCTCCAA,C6orf165,1253,205,103
C6orf170_GACAGATAGCAGTTTGGCAA,C6orf170,527,317,261
C6orf170_CTTCGGTCAATAGGATCCAC,C6orf170,350,93,92
C6orf170_CTGTCTCATTTCCGTAGGAC,C6orf170,1588,337,438
C6orf170_GGATCCTGGGCAACCTAAAG,C6orf170,960,358,259
C6orf170_TCTTCGGCACACTCCAGGGA,C6orf170,1692,336,306
C6orf170_TTCGGCACACTCCAGGGAAG,C6orf170,2155,173,288
C6orf195_AGAAACCATCTTCCGTCAGA,C6orf195,768,97,174
C6orf195_TCAGATGGCAGGGAGTGGCC,C6orf195,557,116,133
C6orf195_GGGACCCGTGAAAGTGAAGG,C6orf195,138,5,62
C6orf195_CTTTGCTTCCCTGTCTCCCG,C6orf195,820,318,600
C6orf201_AGGCTGAGCTCTCCGCGACA,C6orf201,1772,1099,605
C6orf201_GCTCTCCGCGACATGGCCAG,C6orf201,1053,59,120
C6orf201_ATCAAGCCAGGAGCACCGCC,C6orf201,475,10,0
C6orf201_TCAACAATGTAACTGACGGG,C6orf201,1049,180,82
C6orf201_ACAGCCTAAGGAATACAAGC,C6orf201,735,140,209
C6orf203_ATGATGTTGTCCTGAAGACG,C6orf203,916,102,201
C6orf211_CCCGGCGTCTCTCTCAGGAC,C6orf211,3455,363,680
C6orf211_CCTGTCCTGAGAGAGACGCC,C6orf211,333,28,90
C6orf211_CTTCTTGTTGTCCTCTGAAC,C6orf211,780,426,379
C6orf211_GAGCCCAGCTGGTGGACCAC,C6orf211,807,105,249
C6orf222_CCAAGAAGTGGATGGCCAAC,C6orf222,1798,1015,597
C6orf222_CTGGCGTGTGGCCTCTAGCC,C6orf222,1384,835,836
C6orf222_CAGAGGCCCGACGACCCAAG,C6orf222,910,364,491
C6orf222_TTCTTCTGCATCTTGGAGCA,C6orf222,545,389,529
C6orf222_ATGTTTCCAGTCCAGAGGCC,C6orf222,466,115,251
C6orf222_ACGACTCCGAGCCTTTCCCG,C6orf222,1949,258,727
C6orf223_ATGATGCCACTGGCAGAAGC,C6orf223,379,185,45
C6orf223_ACTGGCAGAAGCAGGCGCCC,C6orf223,107,0,25
C6orf223_AGTGGGCCTGCATTCTGCGG,C6orf223,434,169,68
C6orf223_AGACTCTCGGAAGCCCAGGA,C6orf223,786,247,500
C6orf226_CAACCAAGCCAGGCTCCGCC,C6orf226,1116,39,234
C6orf226_CCTCAGGATAGGAACGGCCC,C6orf226,377,155,170
C6orf226_TCCTATCCTGAGGGTCGGAG,C6orf226,1348,190,68
C6orf226_TGTGGCGTTTCTCCAGGCCC,C6orf226,399,213,191
C6orf25_TCGAGGGCCCAAGGGAACCC,C6orf25,1034,281,71
C6orf25_GCCTGCAAGGGCCTGTCCAA,C6orf25,55,53,152
C6orf25_TCAAGAGGAGCTCCAGCCGC,C6orf25,485,101,146
C6orf25_CGCTGGGTTGGTGCTCGGAC,C6orf25,2465,1063,866
C6orf25_GGAAGAGCCCAAGATTCCAG,C6orf25,275,26,0
C6orf25_TGGACCATCTAGCCCTCAGC,C6orf25,921,139,158
C6orf47_GGGCCAGTCCCAAACTCAGA,C6orf47,691,142,155
C6orf47_TGCTTCCGAACCAAGCAAGG,C6orf47,451,362,342
C6orf47_GGCTGCTTCCGAACCAAGCA,C6orf47,644,274,235
C6orf47_CGTCTGGGTTCTGGGTAAGG,C6orf47,2608,296,373
C6orf47_CGCCTTACCCAGAACCCAGA,C6orf47,547,119,198
C6orf48_CTGCAACTTGACCTTCAGGC,C6orf48,1764,417,301
C6orf48_CTGACACAATATCTTCCGCC,C6orf48,849,141,212
C6orf52_TCGGAGTGAACTGTGTCCAG,C6orf52,1543,657,1104
C6orf52_ACTCCCTCATGAATTGCCAC,C6orf52,619,161,198
C6orf52_CATAGCTGTAGCCAGAAAGA,C6orf52,1286,279,338
C6orf52_AACTGGTATGCGCGACAGCA,C6orf52,974,294,250
C6orf52_AGAGTTACCGCTATGGCAAC,C6orf52,1021,426,491
C6orf57_ACTTGCCGCTCTCCACGCCG,C6orf57,1844,473,383
C6orf58_ACTAGTACACAAACCCAGGA,C6orf58,1045,323,327
C6orf58_ACCAACTAGTACACAAACCC,C6orf58,507,169,212
C6orf58_CTGGGTATACCTTGAGAGAA,C6orf58,2375,492,613
C6orf58_TATGGCTGGCAATATAGGAC,C6orf58,483,90,130
C6orf58_GATTAGCTGATCCAACCCGA,C6orf58,47,83,126
C6orf62_ACTCTGGCATATAAGGACGG,C6orf62,987,259,493
C6orf62_TCTGCATGTACTGAGCCGCA,C6orf62,601,345,329
C6orf62_TAGACTGATATCGAGGAGCA,C6orf62,42,42,8
C6orf62_CAGCGACTCACTCGCACCAC,C6orf62,1905,364,578
C6orf62_ACTCGCACCACGGGAGACAC,C6orf62,804,196,211
C6orf70_GATATGCACCGTGGTTCCAG,C6orf70,225,3,4
C6orf70_TCTCACACTTACATCACCCA,C6orf70,914,344,188
C6orf70_CATGCCATAAGACGTTACGC,C6orf70,343,139,174
C6orf70_ATGATGATACTGTTGACGGC,C6orf70,141,256,152
C6orf70_ACCATATTGGGAAGTTGCAC,C6orf70,798,107,40
C6orf70_GATTTCCTGAACCATCAGGA,C6orf70,96,61,28
C6orf89_TAAGGAGAGGATACTGCGGG,C6orf89,888,84,188
C6orf89_TCACAGTCGTTTGTCCACCA,C6orf89,2525,691,898
C6orf89_ATTTGAGAGGCTCCATCCAC,C6orf89,922,150,104
C6orf89_GGCGCTGCTTTCCTGAGCGG,C6orf89,253,147,34
C6orf89_GGCCATGCCAATAGAGCCAG,C6orf89,491,57,0
C6orf89_AGGTCTACGTTATAGCCAGA,C6orf89,191,113,6
C6orf99_ATCGCCGTCGACCTTAGGCA,C6orf99,538,423,954
C6orf99_AGCATTTCAGGGACTGAGAC,C6orf99,1146,408,382
C6orf99_AAGAACGAGGAACACTGCCC,C6orf99,14,34,2
C6orf99_AGAACGAGGAACACTGCCCG,C6orf99,1069,88,187
C6orf99_CACCAGACACCGGCTTCGAG,C6orf99,1793,518,159
C6orf99_TGCTGCCGTCCCAGCCACCA,C6orf99,1545,433,487
C7_GCCATTGCATTCTGACCAAG,C7,834,340,544
C7_CAGTCCTGTGAACCTACAAG,C7,1758,332,575
C7_CACTGTAGTCATACAGAGAG,C7,703,184,193
C7_AAGTCATGGATGCAAGGAAC,C7,988,302,278
C7_GAGGAGAACCGTTCATCAGA,C7,97,95,49
C7_TTTGGTGCGGCGTGTGAGCA,C7,1905,429,543
C7orf10_AGCATCGCGTGCGTCTCAGA,C7orf10,228,263,20
C7orf10_CCCTGGCAAACTGTCTGCAA,C7orf10,796,158,314
C7orf10_GATAATTCAGGAAGTTGGCC,C7orf10,407,28,65
C7orf10_CTGGTCTGATGCACATCACA,C7orf10,906,257,56
C7orf10_GCTATGACTGATCTTGCCAC,C7orf10,0,0,9
C7orf10_ATAGATTACCTTGCAGACGG,C7orf10,916,202,346
C7orf25_AGTCTCAAGGCACGCTCAGA,C7orf25,514,18,76
C7orf25_TGAGGGTTGCTATACTGCAC,C7orf25,702,218,26
C7orf25_GGCGATTCGTTCACAGAGCA,C7orf25,864,194,305
C7orf25_ACCCGCCGGGAAATCTCAAC,C7orf25,1653,206,371
C7orf25_CCCGGTTGAGATTTCCCGGC,C7orf25,507,407,312
C7orf25_GCCCGGTTGAGATTTCCCGG,C7orf25,565,85,395
C7orf26_CAAGGAGGTGTTGTACCACC,C7orf26,451,76,33
C7orf26_CTTGAGCAGTACCTGAAGCC,C7orf26,486,9,12
C7orf26_TTCTTTCCAGCGGACGCCCG,C7orf26,408,20,51
C7orf26_TTACTGTGTGAGGTTAGCCA,C7orf26,488,20,105
C7orf26_GGTCACAAAGGACCCGGGCG,C7orf26,39,0,11
C7orf26_GCGTGAGGCGACTGCTGCAC,C7orf26,412,17,40
C7orf31_CTTGGTTGGATTCCTAGAGC,C7orf31,968,332,484
C7orf31_GAGTGTACGAAGTGAGCCAG,C7orf31,253,53,73
C7orf31_GAAATCTTGAGAGGTCCCAC,C7orf31,199,72,248
C7orf31_GCCCAACTGCCTCAGAGGAC,C7orf31,81,90,31
C7orf31_GGGCGAGTAACCGTCTGGAG,C7orf31,1015,112,161
C7orf31_GGCGAGTAACCGTCTGGAGG,C7orf31,1018,3,61
C7orf33_ACTTACCTTATGTCTTCCCG,C7orf33,1745,402,500
C7orf33_GAAGACAAGGTGCCGACAAC,C7orf33,465,146,264
C7orf33_CTAACTCTCTCTTACAAGCC,C7orf33,924,607,530
C7orf34_CAGCTGCCGTCTTGGACGAC,C7orf34,747,410,456
C7orf41_CCACCGAGGAGACCGAACGC,C7orf41,2019,1334,1314
C7orf41_CAGCACATAGAAGGAGACGC,C7orf41,669,118,139
C7orf41_GATCTGATGATGAACAGAGC,C7orf41,159,313,125
C7orf41_GCACGTGTGGAGTGAGAGCG,C7orf41,1981,390,555
C7orf41_GAGCGTCTTCTTGCCGCAGG,C7orf41,413,93,19
C7orf41_TGAAGAGTACAGTGCTGACG,C7orf41,1982,390,327
C7orf43_AAACGCTCGTAGGTCCGAAC,C7orf43,697,338,648
C7orf43_GAGGATTCGGATATCCCAGA,C7orf43,339,42,93
C7orf43_TGGATGCAGTTCCTCTGGGC,C7orf43,989,140,163
C7orf43_GCCGGCATCTCAGAACCGGA,C7orf43,184,107,45
C7orf43_GACACAATCGGTTCCTCCAC,C7orf43,1,189,259
C7orf43_CAAGTACAGATGGTTGCGCC,C7orf43,658,122,222
C7orf49_TGTGTGAGGCGACACGGAGC,C7orf49,606,223,166
C7orf49_ACAGAGCCGCAAACAGGAAA,C7orf49,881,214,271
C7orf49_TACTCCACAGAGCCGCAAAC,C7orf49,1411,896,648
C7orf49_AGTACACAGTCCTTGTCGCA,C7orf49,156,176,48
C7orf49_CCACATTCTTTGTAGCCACC,C7orf49,813,343,612
C7orf50_GCAGCACCTGTCGGATGCGC,C7orf50,370,414,346
C7orf50_ATGCGGGAGCTGGATGAGGA,C7orf50,871,116,260
C7orf50_TTCAGAAGACGAGGCAGACG,C7orf50,2564,483,732
C7orf50_AGGCGGCCTTACCTTGGAGC,C7orf50,1386,245,340
C7orf50_GCACCAAGTGGCGAAGGAGC,C7orf50,124,376,165
C7orf50_TGAAGAAGGCGTCAGCAGAG,C7orf50,1022,723,710
C7orf55_CATGTTTCCGGATGCTACGC,C7orf55,2063,484,592
C7orf57_CAGAGCGCTTCACTGGGACG,C7orf57,1439,458,492
C7orf57_CCCAGTGAAGCGCTCTGAGA,C7orf57,1057,748,526
C7orf57_TGGCCTACTCCCTGCCAGAC,C7orf57,1109,696,374
C7orf57_GGTAGCTATGCATCCAGAAG,C7orf57,139,245,110
C7orf57_AGCGAGCTGACTCAGACAAG,C7orf57,755,209,302
C7orf60_TCTGATCGAACATAGCAGGA,C7orf60,741,482,283
C7orf60_ACTTGAAGCGTTTAAAGCCC,C7orf60,4,78,44
C7orf60_ACTATGCATACCTCTACAGC,C7orf60,423,72,122
C7orf60_GGTACTTCTTGCGGAGCCGC,C7orf60,1,10,0
C7orf60_TGGTGAAGAGCGTCCACCGG,C7orf60,328,233,182
C7orf60_AAATACTGCTCGTGCGCAGA,C7orf60,292,202,50
C7orf61_GGGCAGCATGGCATCGGACG,C7orf61,558,283,330
C7orf61_GGCTGTACCGCAGGCAGGAG,C7orf61,1173,240,598
C7orf61_TCCGAACGGCCCACAGCACC,C7orf61,1255,401,459
C7orf61_ATGGTCTCTGCCCTGCAGAG,C7orf61,583,662,291
C7orf61_TGTAGTCTTGGCCAACACGC,C7orf61,535,282,250
C7orf61_GGGTTAGACGGGCTTGGCAA,C7orf61,1648,430,355
C7orf62_TCCTAGAAACGTGAAGGAGC,C7orf62,268,25,123
C7orf62_ATCCGAAGAATTCATGGACC,C7orf62,370,108,107
C7orf62_ACTTGGTGTAAGTTATCGCC,C7orf62,283,84,176
C7orf62_GGACTCGAGGATATGCAGAA,C7orf62,1372,512,825
C7orf62_CTTCTGGTTATGGACCGAAA,C7orf62,1789,629,632
C7orf63_GACGGAGGACGATGAGGCGC,C7orf63,143,31,344
C7orf63_GCTCATGTCAATGCTTGGCA,C7orf63,667,113,222
C7orf63_CTCATGTCAATGCTTGGCAA,C7orf63,1979,424,616
C7orf63_GCAATATCCGTATCAACCAG,C7orf63,1099,142,474
C7orf63_CTGCAAGGCTCCTCCTCGAA,C7orf63,2782,2067,1401
C7orf63_TCGAGGAGGAGCCTTGCAGA,C7orf63,1551,322,283
C7orf65_CACACAGCTATTCACCAAAG,C7orf65,2456,824,1033
C7orf65_GGAATCACCCTAGAGAAGGC,C7orf65,78,132,309
C7orf69_ACAGCACCACCTACTGGCAC,C7orf69,315,245,391
C7orf72_AAGGTCACATCATCCCGAAG,C7orf72,461,121,137
C7orf72_AGGACTCATAAACCCTGAAC,C7orf72,355,26,364
C7orf72_TATTCCAGGATATACCGGCA,C7orf72,424,112,49
C7orf72_CAGCGTCTTCCAGAAAGAAA,C7orf72,944,282,249
C7orf72_CATTTCTTTCTGGAAGACGC,C7orf72,198,198,297
C7orf72_CAGTTGTGACCAGTCGAGAC,C7orf72,1221,293,461
C7orf73_CAGCTCCACTCACCAGGAAC,C7orf73,2618,522,574
C7orf76_GATTGTAGAGGTCACCCGAA,C7orf76,665,204,251
C7orf76_AGGTCACCCGAATGGCAGCC,C7orf76,331,202,432
C7orf76_TCTTCACAGTGCACCAAGGA,C7orf76,472,720,399
C7orf76_GAGCGACAACAGAGTTAGCC,C7orf76,0,171,105
C8A_ACTCTGACCAGTTGCTCAGC,C8A,182,174,378
C8A_ATCTGGTTTAGTACCGACAC,C8A,609,95,203
C8A_GGTCTCCATTACACACAAGG,C8A,747,171,157
C8A_CAGTGTGAGACGGTATACAA,C8A,1292,598,876
C8A_GGAGATTCCAGTATCTGCCA,C8A,279,125,13
C8A_ATTATTTCTCGGGTGCGAGG,C8A,564,156,103
C8B_GCTGTCACTAGTTCATACAG,C8B,2060,685,636
C8B_ATACCAGGAGCTGCCGACGG,C8B,547,310,136
C8B_TGGGACCCACTACATCACAG,C8B,1783,1118,784
C8B_CGCATTACATCCTGAACACG,C8B,1916,1190,1212
C8B_ACCGTGCAACTTCTCTGACA,C8B,871,372,378
C8B_CAGAGAAGAAATAGCTCCAC,C8B,413,163,164
C8G_AGAAGCCTCAGAGGCCACGC,C8G,110,130,246
C8G_TGGGACTCACAGCTTTCGGA,C8G,685,103,29
C8G_CGCCAGCTCTATGGAGACAC,C8G,1826,694,996
C8G_TGTCCTGTACCTGGAGCGGG,C8G,572,20,176
C8G_TCAGGACCGAGTCGCTCACA,C8G,684,79,94
C8G_TCTGCAGCCTCGCAGAAGCC,C8G,96,483,519
C8orf17_GGCCAAGCCTGACATCCACG,C8orf17,1065,283,280
C8orf17_CAGAGTGACATATGCCACAC,C8orf17,1637,556,1069
C8orf17_ACACTGGATCAGAAGCACGC,C8orf17,1956,360,532
C8orf17_AAGCACGCTGGACCACCACG,C8orf17,1115,514,381
C8orf17_TGTCATGTAGACACTGGGCG,C8orf17,1039,402,586
C8orf22_CTTTCTCACGGGTAAAGCCA,C8orf22,340,101,122
C8orf22_TCTGGCTAGAAGGCAACCAA,C8orf22,248,390,393
C8orf31_CCAAGCAGCTGGTGACGCAC,C8orf31,2738,521,345
C8orf31_AGCTGTACGCACAGGGCCCA,C8orf31,1027,275,414
C8orf31_GGGAGACCTCTGCAATGCGG,C8orf31,305,132,45
C8orf31_GCACGAGACCACGCTGCAGG,C8orf31,595,234,521
C8orf31_GATGCTTGGCGGTCTTGGAA,C8orf31,600,82,556
C8orf31_AGTAGAGAAGGTGGTTCCCG,C8orf31,394,0,102
C8orf33_GGATTCCGGGCGCTGGAAAC,C8orf33,813,133,89
C8orf33_AGTGGAAGGATTCCGGGCGC,C8orf33,1315,0,21
C8orf33_ACAGGCACAACAGTTGGCCC,C8orf33,338,171,100
C8orf33_AGCCCTATAGTCTCCAAACA,C8orf33,1165,432,250
C8orf33_GACAGCTGCTTATTCAGCCC,C8orf33,898,80,71
C8orf33_TTGGCTCTCCATATAGAGCG,C8orf33,966,179,159
C8orf34_CTCAGACAACTCCGAGGCGA,C8orf34,1479,251,475
C8orf34_GGTCAGTAGAGCATCCAAAG,C8orf34,1570,191,511
C8orf34_ATCCATTCTCCAATCACACG,C8orf34,1161,384,326
C8orf34_CTTGAGAGAGCATTGCGGCC,C8orf34,698,351,321
C8orf34_TTACAATGTGTCAGACAGGG,C8orf34,1799,325,254
C8orf34_TAGGCTTCAAGGAGACAACC,C8orf34,343,163,58
C8orf37_CAATAGTTCTCCAGCTACAC,C8orf37,468,323,470
C8orf37_TAGCGACCGGAACCAAGCCA,C8orf37,1229,412,189
C8orf37_GCGGCACCCACAGTAGCGAC,C8orf37,874,100,117
C8orf37_CAGGCGATTCAAGATGGCGG,C8orf37,342,149,259
C8orf4_TGGGCTGACTCGTAGCGACG,C8orf4,1630,290,286
C8orf4_TACGAGAGGCTGTGTCGAAG,C8orf4,2002,283,706
C8orf44_TTCTGCTGGAGCTTCCAGGG,C8orf44,970,227,326
C8orf46_CTCATTGGAGGCGACAGCCA,C8orf46,831,39,0
C8orf47_CTCCAGCAGCGCCCTCAACA,C8orf47,2040,1678,2382
C8orf47_TCTGGGCCGCCTCAACCAGG,C8orf47,68,206,170
C8orf47_GCCTCAACCAGGTGGCAAAG,C8orf47,2056,300,507
C8orf47_GCTACAACCTCAGGGCACAG,C8orf47,1265,368,37
C8orf47_CACAGTGGGAAAGGATGAGC,C8orf47,1823,225,145
C8orf48_TTGGGCCAATTCTGGGCAGA,C8orf48,1170,304,472
C8orf48_CTGCCCAGAATTGGCCCAAA,C8orf48,3073,830,991
C8orf48_CAGACTCCAAGCTTGGAACA,C8orf48,1868,900,782
C8orf49_AGTGGCAGACAGACAACCGA,C8orf49,220,160,124
C8orf58_GAGTCACCAGCACCTACAGA,C8orf58,1084,46,49
C8orf58_GATAGCGAAGACCCTGCCCG,C8orf58,24,11,59
C8orf58_TGCATAGGATCCCGGCGAGG,C8orf58,1841,82,199
C8orf58_TACCACTTGCCATCCTCCCA,C8orf58,245,50,22
C8orf58_AGGTCAAGGTCCTGCTCAAC,C8orf58,910,396,273
C8orf58_GGCACTGAGGCCTTTCAGGG,C8orf58,751,130,73
C8orf74_CCCAGTTCAGAAGCCTCCGC,C8orf74,690,242,666
C8orf74_ACGAACAGAGAGACTCCCGG,C8orf74,812,375,304
C8orf74_GGGTGGTGTTGAAATGGCCC,C8orf74,111,136,170
C8orf74_CGACCTGACCGTTGCCCACC,C8orf74,1091,612,719
C8orf74_CCTGAAAGAGGCGCTGCGCC,C8orf74,615,54,29
C8orf74_CTGAAGCTTCAGGTCCAAGA,C8orf74,830,718,590
C8orf76_GCAAGTGCTGCTGAAAGAGC,C8orf76,1504,295,367
C8orf76_ACTCTTGTCGTCTGTAGGCC,C8orf76,417,114,213
C8orf76_GAGCTTGGCGCAGTAGGACG,C8orf76,1247,318,178
C8orf76_TTGGCGCAGTAGGACGCGGG,C8orf76,507,1,140
C8orf82_GGCGCTGAGCTCGAAGGCCA,C8orf82,426,75,76
C8orf82_ACTTCCTGCGCTGCGAGGAC,C8orf82,346,99,165
C8orf82_CTACGTGGACCACCAGGGCC,C8orf82,946,444,381
C8orf82_TTCTACTACGTGGACCACCA,C8orf82,858,270,299
C8orf82_TTTCTACTACGTGGACCACC,C8orf82,301,74,100
C8orf86_GGACTGCGGAGGCTTGAGAC,C8orf86,1644,317,728
C8orf86_GATAGGTTCCAGGACAAGAA,C8orf86,407,96,170
C8orf86_CAGATGCGAGTCTCTCCCAG,C8orf86,295,341,13
C8orf86_CTCACCGTGACGTGTAGAAG,C8orf86,3636,672,654
C8orf87_GAATATCTGCCGCCCGAGGA,C8orf87,199,215,201
C8orf87_GAAAGAATATCTGCCGCCCG,C8orf87,1049,116,65
C8orf87_CATTCACAGGAATCTCAGCA,C8orf87,712,486,441
C8orf87_CCGTGTGTCGAGAGACACAG,C8orf87,348,114,172
C8orf87_CCACTGTGTCTCTCGACACA,C8orf87,225,49,93
C9_CTACCGAAGACCTTGGAACG,C9,3501,908,1024
C9_CTCTGTAACCGGGATCGGGA,C9,512,259,114
C9_CGATCCTTGTCTCAGACAAA,C9,2432,1060,1547
C9_TCACAGCACAGTACACGACC,C9,1250,771,437
C9orf114_TTGACAAGAACCTGGAGCCC,C9orf114,515,0,0
C9orf114_TTGACAAAGGAGCCGTGGCC,C9orf114,1044,152,286
C9orf114_AGGCGTGCGTACAGCTGGCC,C9orf114,790,390,432
C9orf114_CGACTGAGCATTGTCCAGGA,C9orf114,756,14,0
C9orf114_GGCAAAGCGCCTGGAAGAGG,C9orf114,2,42,153
C9orf114_TCCTTTGGCCGTGTTCACCC,C9orf114,499,60,22
C9orf116_GAAGTTGAGCCGGTCACAGG,C9orf116,867,104,143
C9orf116_TCCCAACAACTTGCAGCGGG,C9orf116,1621,181,361
C9orf116_GGGCTCTGCTCCCGTAAGCC,C9orf116,798,187,261
C9orf116_CGTGTACAGGACCAGTAACC,C9orf116,1349,438,735
C9orf116_TAGTCGCTGGTCCTCTCCGG,C9orf116,1077,47,62
C9orf117_GCCCTGGTTGCCATCAGCCA,C9orf117,1023,531,548
C9orf117_GCAGGAGAAGATGTTCCGCC,C9orf117,223,26,86
C9orf117_AGTCGGTGCTGGACAAGGAC,C9orf117,277,135,133
C9orf117_CGTGGCCAATGAGTTCCACA,C9orf117,656,338,426
C9orf117_GCAGGGATCTCTGCTCCAAC,C9orf117,327,473,196
C9orf117_CTGAGGTCTCGTGGCCACAG,C9orf117,3522,855,489
C9orf129_GGGAATGTCAGTTGTTGCGC,C9orf129,859,292,647
C9orf129_CTGACCACCATGTACAAGGA,C9orf129,1827,968,1034
C9orf131_ACCATATTCCCAGAGCACCA,C9orf131,1008,120,393
C9orf131_TGGGAATATGGTGCAAGGCA,C9orf131,1337,245,545
C9orf131_GCCATCTTCCTGAGCTCAGG,C9orf131,146,4,31
C9orf131_AGCAGCTCCGGTGCAAGAGC,C9orf131,403,219,180
C9orf131_AAGCAGGAGACCATAGAAGA,C9orf131,923,341,227
C9orf131_GCACTGTCCTTGGGCCCACA,C9orf131,530,387,523
C9orf135_CCTGCCAGGACTGGTGCGAC,C9orf135,1372,353,631
C9orf135_CCGGACTTGGTGGAGCGCAA,C9orf135,2854,986,501
C9orf135_ATTTCTTGTGATGGGAGCGG,C9orf135,178,79,103
C9orf135_AACACTTGGCATGATGAGAG,C9orf135,631,150,188
C9orf139_GGCAACGTGGTTGGGTGAAG,C9orf139,1070,310,185
C9orf139_GCCACGCCTGGGACCACACA,C9orf139,1125,362,232
C9orf139_TTTGTGCTGCCAGGCTGGCA,C9orf139,55,79,51
C9orf139_GCGGCTGAGGTCGGTGGCAA,C9orf139,1319,355,355
C9orf139_TGCGGCTGAGGTCGGTGGCA,C9orf139,1566,542,290
C9orf139_GAGTCAAAGAGAAAGTCGGG,C9orf139,163,72,29
C9orf142_CTTCGTGTGCTACTGCGAAG,C9orf142,718,416,289
C9orf142_ACCCGCCCAGTTACCCACGA,C9orf142,2131,446,606
C9orf142_TGGGTCTCACCTGAACCGGG,C9orf142,69,91,41
C9orf142_AGGTCAAAGGCCAGTGCCGA,C9orf142,1094,13,189
C9orf142_GGAGAGTCGCTCATCAACCC,C9orf142,272,69,110
C9orf142_TAAGAAACCAGCTGGTGGCG,C9orf142,794,296,100
C9orf152_ACGCTGAGCCATATAAGCCC,C9orf152,1333,94,222
C9orf152_ATCTCCAGGTGCGTGTGCCA,C9orf152,631,310,208
C9orf152_CATACTGGGCTCGCAGGAAC,C9orf152,2051,193,289
C9orf152_GAGACCTAAGCTGCCAGAAG,C9orf152,699,224,120
C9orf152_TCTCCCGGATCCGGATGGAG,C9orf152,380,271,163
C9orf153_TACTGAACATTGAGGAAGGG,C9orf153,260,59,162
C9orf153_TCTATTGTCCTCAGCTGGAC,C9orf153,270,14,241
C9orf156_TTAAGACCCTAGAGACACCA,C9orf156,1129,304,409
C9orf156_ACAGGGCCAGTCATATGAAC,C9orf156,1213,97,164
C9orf156_CGCACTTCTAAAGTGGCCAC,C9orf156,1353,184,352
C9orf156_ACGTGATCAGAGTTCCAGCG,C9orf156,2246,616,510
C9orf156_CAATGCAATAGGACTGACCC,C9orf156,281,274,121
C9orf156_CAAGATTCCAAGTAGCCGAC,C9orf156,257,174,129
C9orf163_GATATCCGTGCCACGCCAGC,C9orf163,31,17,47
C9orf163_GAGCTTCAGTCCGGCTGACG,C9orf163,1177,229,362
C9orf163_TTAGCTGAGCAGATTGGCCC,C9orf163,258,86,209
C9orf163_CTCCCTAACTCTGTTCAAAC,C9orf163,2830,1098,1289
C9orf163_AATGACACCTCCTTCCGCGG,C9orf163,393,289,222
C9orf163_TGGATGCTGCCTCTCAGGCG,C9orf163,331,277,116
C9orf169_CAGTGCCTGAGTTGAGCGAC,C9orf169,608,108,117
C9orf169_CTAGAGCTCAGAAGACCGAG,C9orf169,1251,574,628
C9orf169_GCTTACCTGTGGTGGCAACA,C9orf169,2048,463,541
C9orf169_CATCTCCGAGGATGAGGAAC,C9orf169,893,215,294
C9orf169_CCTCGGTCGGCTGCAAGAGG,C9orf169,633,62,157
C9orf169_GGGCGCCAAGGGTAACCAGG,C9orf169,132,124,50
C9orf170_TCCCGCTTGGAATGTGGAGC,C9orf170,1069,599,147
C9orf170_CTTGGAATGTGGAGCAGGCG,C9orf170,1540,308,541
C9orf170_TCCTGCTCAGTCGGTGCAAA,C9orf170,1838,1380,1440
C9orf170_ATTTGCACCGACTGAGCAGG,C9orf170,943,202,264
C9orf171_GCCGGAACGGATGTCCGCCA,C9orf171,1065,100,93
C9orf171_AAGAGGTTCCCACCGAGGCC,C9orf171,260,168,106
C9orf171_TACATCCGAGGGCTTGACGG,C9orf171,523,227,371
C9orf171_AGTTCTCCCGGGCAGTCACC,C9orf171,470,132,126
C9orf171_GGAAGTGAGGCATGTGCCAG,C9orf171,482,235,132
C9orf171_GCACGGCACACTCTTCCCGG,C9orf171,1450,281,222
C9orf172_TGCGGCGTAGCGTCTGGGAG,C9orf172,2537,655,716
C9orf172_GCGCGATGCGCGAGAAAGCG,C9orf172,598,323,404
C9orf172_ACGGCGGGCCTGGATCAGGA,C9orf172,3603,711,1201
C9orf172_AAAGCTGCTCGTAGACGCGC,C9orf172,405,131,205
C9orf172_CAAAGCTGCTCGTAGACGCG,C9orf172,174,199,164
C9orf172_CTCACATGATGTCGTCCAGC,C9orf172,334,358,166
C9orf173_GGAGGCAAACACTGGACCCA,C9orf173,98,26,0
C9orf173_TGGTCTCCCTTGCAGGCCCA,C9orf173,76,0,1
C9orf173_GGGAGGACTCTCGTACGGAC,C9orf173,1006,63,65
C9orf173_TACAGAGGGCGGTGGCCGCA,C9orf173,492,108,83
C9orf173_AGCTGGTAGTGGGCTGGCGA,C9orf173,1094,401,406
C9orf173_TCCTCCACGTGGTAGGCGGC,C9orf173,358,55,208
C9orf24_GGATATGGGTAGTATGACGG,C9orf24,558,308,90
C9orf24_CCACTACTGTCTGCGCGGGA,C9orf24,649,419,282
C9orf24_TGAGCCGCTCCGGCCTAGGA,C9orf24,982,180,262
C9orf24_GGCCTAGGAGGGCATTCCAA,C9orf24,396,86,44
C9orf24_ATACCTTAGGCAGCCGAGGA,C9orf24,695,480,382
C9orf24_CTTACGGGAGAACAGGAACA,C9orf24,821,198,968
C9orf3_CCACATCATGGACATACAGC,C9orf3,1208,540,935
C9orf3_CATGTTGACATGGCAACGGG,C9orf3,260,198,300
C9orf3_TGTTTACAGAGTGCTCAAGC,C9orf3,1067,411,338
C9orf3_GAACATCCAGCCGAGAGAAC,C9orf3,987,47,151
C9orf3_CCCGAGACTGGACGGAGGAG,C9orf3,1201,1001,210
C9orf3_AGCTGAGGGCTTGTCTGCGC,C9orf3,946,247,394
C9orf37_TAGGCACCCAGGTTCCCAAG,C9orf37,1445,76,160
C9orf37_CGCCAGCGGGTTTCTCAGCA,C9orf37,429,337,459
C9orf37_CTGAGAAACCCGCTGGCGCG,C9orf37,307,290,54
C9orf37_CTTGCCCAGGTCCCTCCGAC,C9orf37,1045,203,311
C9orf37_GAGGGTGCTTCCAGAAACAA,C9orf37,315,52,41
C9orf38_CTGCGGGTATGTCTCTGGAG,C9orf38,990,667,285
C9orf38_CAGAGCAGCTAGGAGTAGGA,C9orf38,1642,434,439
C9orf38_CTGGACTTCTGCTGGACAAG,C9orf38,1990,633,793
C9orf40_CCAGCAAGCGCCGTGACAGC,C9orf40,1857,299,258
C9orf40_CCCAGCAAGCGCCGTGACAG,C9orf40,6114,2262,1936
C9orf40_CGCTTGCTGGGCGAAGCCGA,C9orf40,318,63,38
C9orf40_CCTCTGGGCCCATGGCCAAG,C9orf40,310,109,233
C9orf41_GCCAGCATCTACATTTGACA,C9orf41,943,467,531
C9orf41_TAGCACCAGTATGCATGAGC,C9orf41,925,179,58
C9orf41_TCCTTACCCGTAGTAGCGGA,C9orf41,431,175,128
C9orf43_CACAGGTGGTTTCGTCCCAC,C9orf43,467,184,73
C9orf43_GGAACACGAGTAGGAACACC,C9orf43,329,73,221
C9orf43_ATCTATACACCGCCTCACCC,C9orf43,1132,92,269
C9orf43_TGCTGCTGTTTCCTGTAACC,C9orf43,3396,772,785
C9orf43_ATAGAGACGGTCATGAACGG,C9orf43,1463,207,339
C9orf43_CACTCTCACCTGTTTCGAAG,C9orf43,1733,736,648
C9orf47_ACCCTCGCTGTCAGGGCGAC,C9orf47,614,70,196
C9orf47_CCAAGCCCAGACCTCGGACC,C9orf47,2889,930,1230
C9orf47_CGAGCTCCAGGTGCAGAAAC,C9orf47,3786,1003,639
C9orf47_GAGCTCGCCCGATGAGGACA,C9orf47,1238,162,413
C9orf47_CAGCCGACGGAGGTGAGAGG,C9orf47,1044,400,171
C9orf47_GCTGAATACCTGGATGAAAG,C9orf47,1431,395,358
C9orf50_CTTGGACCCGCACAGAAACC,C9orf50,1988,609,418
C9orf50_GAGCGTCATTGTGAACCAGA,C9orf50,250,65,41
C9orf50_TCAGCGAATCGCACCCGGAA,C9orf50,2236,1085,779
C9orf50_CTGGTTGGCCTTTCTGACAG,C9orf50,1531,268,274
C9orf50_GGTGTATTAGAGCACTGCCC,C9orf50,134,97,8
C9orf50_GCTCCAGGAGAAGTGCGCCG,C9orf50,1006,67,87
C9orf53_CAGCACGGGATGAGGCAGCG,C9orf53,3129,446,407
C9orf53_ATGACTGCTGCCAAACCGGA,C9orf53,168,518,248
C9orf53_GGTCTCAGAACGCCGAGGCG,C9orf53,564,124,29
C9orf53_GGATTCCGAGACTATGGGCC,C9orf53,170,63,18
C9orf53_TAACTGAATCCAGCCAACCC,C9orf53,925,368,430
C9orf62_AAGGACACTGAGGTCTGCCC,C9orf62,148,45,43
C9orf62_GAGGTGCGTGACCACAACAC,C9orf62,901,471,614
C9orf62_ATGGCGCTGCGTCATGCCCG,C9orf62,420,94,430
C9orf62_AGCGCCATCTAGCGGACAGC,C9orf62,944,368,281
C9orf62_GCGCCATCTAGCGGACAGCA,C9orf62,1011,691,732
C9orf62_TGCAGCGTGGACAGAACGGC,C9orf62,1739,1007,750
C9orf64_TGCGCAGAAGTTAATGCACC,C9orf64,244,178,237
C9orf64_TTGACAGCGGAGGCGTACGG,C9orf64,1149,614,339
C9orf64_CGGGATGTGTTTATTGACAG,C9orf64,2416,833,729
C9orf64_GGACGGGCTCCTAAATCCCA,C9orf64,609,70,58
C9orf66_GGTGATTTCGGCTTAGAAGG,C9orf66,558,151,75
C9orf66_CGGTGGCTTCTAGGGTCGCG,C9orf66,967,109,97
C9orf66_AGAAGCCACCGAACCGCCGG,C9orf66,834,230,291
C9orf66_CCAGAAGGGTGATAGGCGCC,C9orf66,1641,233,350
C9orf66_CGCGCCCAACACGGTTACCC,C9orf66,1749,813,438
C9orf69_CCAGGTACTGTAGGCAGAAG,C9orf69,2741,781,939
C9orf69_GGTCATGCCCATTCCGCGGC,C9orf69,185,394,638
C9orf72_TGCACTGCTACCTACTACAA,C9orf72,1998,596,613
C9orf72_ATCCTTCGAAATGCAGAGAG,C9orf72,902,412,160
C9orf78_CAAGCGTCCTGCTAACGAGA,C9orf78,1040,252,157
C9orf78_CTCAAACATACTCGATGCCC,C9orf78,103,296,37
C9orf78_CCCATAACTTACCACTAGAG,C9orf78,1990,474,384
C9orf78_AATCTTCCGGACGACCGGCA,C9orf78,769,21,48
C9orf84_AGCATGAGCTGAGCCACCAA,C9orf84,1188,147,48
C9orf84_GCAGAGTGGTGGAAACAAGC,C9orf84,597,252,404
C9orf84_GGTCAGTTTATACACCCACA,C9orf84,64,26,209
C9orf84_CTCCCAAATTGAAGTAGAGG,C9orf84,1148,460,616
C9orf84_ATACCTCAGTCTTGGACCAA,C9orf84,383,92,108
C9orf84_TTTAGGAGGCCATGGACGAG,C9orf84,802,143,196
C9orf89_GGAAAGGCGTGTCCTGCACC,C9orf89,266,93,0
C9orf89_ACAGATCCTTACCAACAAGG,C9orf89,835,449,440
C9orf89_CCAGCCTGCCGTTGATGGCA,C9orf89,1074,124,188
C9orf89_AGCGGCGAGCTGAGTAACAG,C9orf89,1141,503,592
C9orf89_GCGGATAGCAGTACAGGAGC,C9orf89,694,109,214
C9orf89_CGAGAAACCGAGGACGCGCC,C9orf89,364,228,472
C9orf9_CCTGCAGTGCTCCAGAGCGG,C9orf9,1186,207,42
C9orf9_ACTGCAACAGCTCCACAGAC,C9orf9,1931,681,726
C9orf9_TGCGCGGCAACTTCTCGGAG,C9orf9,2895,439,1310
C9orf9_TGGTGCTCTCCTGGTGCGCC,C9orf9,331,123,271
C9orf9_TATGGCCTGGGCAGGACGAG,C9orf9,1010,136,60
C9orf91_TGTGAACCACAGGTGGACCC,C9orf91,242,99,64
C9orf91_AGCTCCTGTACTGGTCAGCC,C9orf91,313,127,231
C9orf91_TGGCATGCTGCTCGTGACCC,C9orf91,1843,271,565
C9orf91_GCAGCACCCGGTGTCTCAGG,C9orf91,298,159,122
C9orf91_TTGGTTTGTCTACTTCGACC,C9orf91,638,332,103
C9orf91_TGAGCCCTGCAACAGCGGAG,C9orf91,1138,343,439
C9orf92_TATGTGAGAAACACCACCCA,C9orf92,816,138,182
C9orf96_TACTGATCATGCTTGGGCCA,C9orf96,978,228,320
C9orf96_CCATTACGCCAGTCAGGCCC,C9orf96,315,353,546
C9orf96_GAGCTGTTCATCACGTGGAA,C9orf96,874,137,364
C9orf96_CTGGAATCATGGTCACCGAC,C9orf96,610,622,714
C9orf96_CCAGCACATTCTGCATCCAC,C9orf96,1785,374,374
C9orf96_TGGAATATTCGTGCGGAGGA,C9orf96,529,512,610
CA1_TGGAGTCAAATATTCTGCCG,CA1,503,169,134
CA1_TCCTGGTAGGTCCTGAACAA,CA1,2377,329,567
CA10_CGGTTGTTGAGTGGCTGGAC,CA10,1730,555,513
CA10_TATAGTGGATGAGCTGCACC,CA10,249,52,132
CA10_CATGACATACAGCCACCGGC,CA10,979,72,21
CA10_AGTGGGACCATGTACAACAC,CA10,581,107,169
CA10_CACCTCTTCGCATCAACACG,CA10,2439,536,379
CA10_AGGCTGGTGGGCATACAAGG,CA10,1499,664,977
CA11_TGATGGTGTCGCGGTTAAGG,CA11,1045,237,413
CA11_GCAGCTCATTCACTTCAACC,CA11,1582,801,396
CA11_AGTCGGTGGCTGTAAAGGAG,CA11,1054,220,288
CA11_GACTCCACGCTGCATTCACC,CA11,251,24,11
CA11_GGTGCTGGTCCGATGTGAGC,CA11,366,95,112
CA11_CCAGAGTACCAGCGCTCGAG,CA11,1768,422,184
CA12_AATGATCAACAACTTCCGGC,CA12,318,34,105
CA12_CTGAATATTACCGCTACCGG,CA12,1620,576,483
CA12_TTACCTCAATGAGAACAGCC,CA12,391,231,176
CA12_GGGAACCCGAATGACCCGCA,CA12,107,40,71
CA12_TTGTAGCCTTGGAACTCGAG,CA12,2585,208,332
CA12_AGGAGCCCGCGAAGATGCCC,CA12,5,0,15
CA13_GGACCATGTCGAGGCTCAGC,CA13,236,0,46
CA13_CTTGATACTAAGTGGTCGGA,CA13,774,68,106
CA13_TGGAAGCTACAGGTTACGGC,CA13,1199,374,273
CA13_AGCTCATGAACCAGATGGAC,CA13,338,192,562
CA13_CATGTGACACTCTCAAGAAG,CA13,871,449,466
CA13_TCGCAGTCTCCTGTGCACAG,CA13,1962,958,989
CA14_TCTGAATATCGATGGGCGAC,CA14,689,185,152
CA14_GGGCAGTACTTCCGCTACAA,CA14,2165,517,416
CA14_AGAGCACACTCTGGTAGCAA,CA14,1372,557,173
CA14_CCACGCTTCTGCTCCTCAGC,CA14,757,391,215
CA14_GCAGGATCCTCGTATACCAC,CA14,513,370,163
CA2_ATGAGTGTCGATGTCAACAG,CA2,729,227,140
CA2_CAATGGTCATGCTTTCAACG,CA2,2435,805,855
CA2_AATCTGTAAGTGCCATCCAG,CA2,285,304,175
CA2_TTAGGTTGGCAGCGCTAAAC,CA2,2243,1288,724
CA2_TAGGTTGGCAGCGCTAAACC,CA2,1118,392,396
CA2_CACACATTCCAGAAGAGGAG,CA2,1779,276,442
CA3_GAGGAAGGCGACCATGGCCA,CA3,93,42,111
CA3_CCATCATAAGACACAGACCA,CA3,1972,932,864
CA3_AGTCGGTAGGGTCCAGGGAG,CA3,1376,640,318
CA3_GAAGCCCTGAAGCAGCGCGA,CA3,345,165,224
CA3_TGCTCTTACCCAGGGCAAGG,CA3,1133,447,307
CA3_GGTCGCCAGTTGCTCACAAG,CA3,869,181,289
CA4_CGTCACCACCAAGGCAAAGG,CA4,3823,1171,1057
CA4_GCTACGATAAGAAGCAAACG,CA4,693,55,213
CA4_CGTTCACCTGGGTTCCAGCC,CA4,1046,522,1311
CA4_GAACGAGGGCTTCCAGCCAC,CA4,178,31,7
CA4_CATTCAGCTTCACAGAGAAC,CA4,1475,457,659
CA4_ATCGCAGGAAGCCGGCCAGC,CA4,771,47,251
CA5B_TTCCGAGATTCATGCCAGCG,CA5B,1099,738,994
CA5B_AATCGGTAGTTGTGTTCCAG,CA5B,718,131,196
CA5B_CCCTCTCCGAGTCTGTCACC,CA5B,278,245,140
CA5B_GATTCATCAGTGGCTGAAGG,CA5B,666,85,489
CA5B_CAGCACATAATCATGCCGGA,CA5B,903,450,197
CA6_AGTCGCCTATCAACCTACAG,CA6,846,371,28
CA6_TCGTGCTGAGGGCCCAGAAG,CA6,1277,464,575
CA6_ATAGCCCAAGATGCGCCGGA,CA6,416,170,72
CA6_CTGGCCAACATCAAGTACCC,CA6,1894,422,212
CA6_ACGTTCAGGACATGCTGCCC,CA6,185,162,353
CA6_CCATCCACAACGATTACCGC,CA6,2835,509,759
CA7_AGCGGCATGACCGGCCACCA,CA7,2059,556,795
CA7_GCCTCATAGGAAAGCTCCAG,CA7,90,55,79
CA7_GGAAGTGAAACTGCTTGAGG,CA7,759,69,107
CA7_CGATGTGGGTTCTGAGCACA,CA7,910,286,394
CA7_CTGCCTTTCAGAGATGCAGA,CA7,575,166,166
CA7_GGAAGGAGGCCTTTACCACG,CA7,506,194,173
CA8_ACCTTCACTGCAAGGTGGGA,CA8,75,227,147
CA8_TGGAGTTCCAGTGGATCAGA,CA8,592,60,239
CA8_CCGTGTGCTCAGAACCACGC,CA8,1786,660,748
CA8_AGGCGGACATCCAACAGCGA,CA8,4156,971,1275
CA8_GGCGGACATCCAACAGCGAG,CA8,537,231,149
CA9_GGCAGATCCTCCTCGCCCAG,CA9,64,38,53
CA9_GAACTGCGCCTGCGCAACAA,CA9,1065,237,235
CA9_TCACCTCGGCAGGGAAACGG,CA9,681,432,331
CA9_GAAAGGCGGCCAACACGGCC,CA9,202,35,33
CA9_TTGGAAGAAATCGCTGAGGA,CA9,956,481,352
CA9_ACTACACCGCCCTGTGCCCA,CA9,1723,118,554
CAAP1_CGAACCCAAAGCAGCCACCC,CAAP1,3167,423,585
CAAP1_CGAAGAAGCAGCTGCTCCCG,CAAP1,1189,144,709
CAAP1_TGACCTTGAAGAAGGTGGAC,CAAP1,252,68,151
CAAP1_GAAGAAGTCGGGCTTCCAGA,CAAP1,186,114,85
CAAP1_GCGCAAACGTAGCAGTCAGG,CAAP1,712,286,15
CAAP1_TTTGCGCCGTTTCTCCCGGG,CAAP1,505,161,75
CAB39_TAGTGGGCTCCTTAGCACCC,CAB39,432,1700,1315
CAB39_GAGCTGTAAATCAGCTACCA,CAB39,511,2592,1757
CAB39_CAAGTTTCAGAACGACAGGA,CAB39,671,4403,3339
CABIN1_TTATAAGAACTTGGCCCAGC,CABIN1,209,40,56
CABIN1_TGCGGTGCAATCCTGACCAC,CABIN1,1124,38,269
CABIN1_AGGATTGCCGGTACAGCAAA,CABIN1,1305,67,144
CABIN1_AGCGCTGATTGTGCGGGAGA,CABIN1,341,73,52
CABIN1_GCGCCTGTCTCCAACAGACC,CABIN1,667,75,62
CABIN1_GCACTTGGTGTTTCGGACAC,CABIN1,1590,210,208
CABLES1_ATCAAGGGCGGCAGCGACGA,CABLES1,645,136,380
CABLES1_CGGCAACACGATACCAGGAA,CABLES1,3760,1720,1400
CABLES1_CCACAAATGCCTTTGGAGCC,CABLES1,827,746,679
CABLES1_ACGCTACTCACCATGTAGGA,CABLES1,1147,529,737
CABLES1_ATGTCCTTCTTGAGATCCGA,CABLES1,545,1,35
CABLES1_GATGCGGAAGCTTGCGCAGG,CABLES1,56,51,194
CABLES2_CCTGTATCCCACCAACGCCC,CABLES2,690,105,154
CABLES2_ACACAGAGACGCCGCCGGAC,CABLES2,288,387,174
CABLES2_GACCGAGAAGGCCGCGCACA,CABLES2,1003,220,256
CABLES2_ACATGAGGCAGTACGACACC,CABLES2,1215,231,189
CABLES2_TCAACAACATCTCCCTGGAC,CABLES2,1509,205,146
CABP1_CAAGACGTCGCTGCTGAAGG,CABP1,1769,590,453
CABP1_TCTCAGCGAAGCCCTTGCGC,CABP1,828,223,210
CABP1_GGATAGATCACTGCGACCAG,CABP1,1094,675,99
CABP1_GGGCAACTGCATGCGCACCA,CABP1,331,479,392
CABP1_ACTGCGAGATGCTTTCCGAG,CABP1,2077,372,597
CABP2_GGACGAGATCCTCCAGGACG,CABP2,1207,248,451
CABP2_CCGCCACAGTTCGACACCAA,CABP2,4538,1160,1420
CABP2_AAGTCCACCTTTCCGCCACC,CABP2,101,194,138
CABP2_CTACTCGGTGCTCAACAGCC,CABP2,1169,120,225
CABP2_GGGAGCCGAGCCACTGCAAG,CABP2,645,145,122
CABP2_GGAACTGTGCCAAGCGGCCC,CABP2,253,0,56
CABP4_TCCCGAAGACTCGATTGAGC,CABP4,1005,261,266
CABP4_GAGGAAGGATGACAGAGCCG,CABP4,58,54,62
CABP4_AGTGTCAAACTCCTCGAAGG,CABP4,1040,110,161
CABP4_TGACGGCTACATCAGCCACC,CABP4,426,26,124
CABP4_CACACTCCGCACCTCTCGGA,CABP4,1319,182,69
CABP4_GACCTTAGTTTGACAGGGAC,CABP4,74,107,84
CABP5_AAGATGATGTCTCGCTGAGG,CABP5,619,74,149
CABP5_GATCTCTGAGGTTGTCCGGG,CABP5,211,55,15
CABP5_ACAACCTCAGAGATCTCCCG,CABP5,760,133,294
CABP7_TCGTCCTCCGGGATGTCCAC,CABP7,818,264,115
CABP7_CATGTAACCCAGTGAGCGCA,CABP7,499,98,399
CABP7_AAGTCCACTTGACCATCACC,CABP7,52,57,70
CABP7_GAACATCATCATGACGGAGG,CABP7,1086,69,100
CABP7_GACACTCCTCGGCTGTGCCC,CABP7,452,204,75
CABP7_CATGCTCATTGCGGCCAACC,CABP7,1097,616,366
CABS1_GGGCAAACCATCTTCAGCCA,CABS1,929,247,205
CABS1_AGTTAATGTAGCCACAGCAC,CABS1,1396,345,225
CABYR_ACCTTTCCAGAACACACAAG,CABYR,1260,169,337
CABYR_AGTCTCTGACAATACTGGGC,CABYR,293,94,135
CABYR_GCAGTAAGGCCTTCTGGAGC,CABYR,1121,185,314
CABYR_GCAATGGCAACAAGTGAACG,CABYR,1536,379,479
CABYR_AGGGTCCACATGTTAGAACA,CABYR,1319,227,288
CABYR_CAGAATGCTAATCCTCCAAG,CABYR,528,328,428
CACFD1_ATGCCCTCTTCCTGCGCGGG,CACFD1,157,74,59
CACFD1_TACTCACATCATCCACACGC,CACFD1,1220,263,453
CACFD1_TCGATGAACTGGCAGCAGAA,CACFD1,1200,912,678
CACFD1_CGCCATCGCCTTTGCTACGG,CACFD1,4041,2265,2393
CACFD1_GAGCCTGGGCCATTCTCAGA,CACFD1,325,5,77
CACFD1_GGAGAAGCTCGCGGAGACCC,CACFD1,107,0,2
CACHD1_TGCTGGCGAGCCAGATGCGG,CACHD1,738,223,94
CACHD1_CTCGTCCTGGATTGAAGGCC,CACHD1,259,80,89
CACHD1_CGCCATCGATGAACATGACA,CACHD1,1456,485,574
CACHD1_GCACGCAGTGGGATTCCAAA,CACHD1,1016,493,321
CACHD1_CATCAATCATCCGGTTGGGA,CACHD1,425,473,212
CACHD1_CGATAATCTGGCTGCCCAGA,CACHD1,705,126,244
CACNA1A_GCGGGCTCTTCTGTCCCACA,CACNA1A,83,15,23
CACNA1A_AGGAGGCCGATCTGCAGCAA,CACNA1A,760,241,554
CACNA1A_CATCTTGGCGACAGTTGGGA,CACNA1A,280,43,134
CACNA1A_TTTGTGGAAGGCAAACCCAA,CACNA1A,483,115,110
CACNA1A_GAATTGCATCGTCCTCGCAC,CACNA1A,235,57,90
CACNA1A_CCACGTTGTCTTCGCTGAAG,CACNA1A,2217,1022,949
CACNA1B_AATCGATCGCGCAGCGCGCG,CACNA1B,468,43,78
CACNA1B_AACGCCCATGTCCGAGCGGC,CACNA1B,248,49,87
CACNA1B_ACTTCGTGGTCGTCCTCACA,CACNA1B,438,73,11
CACNA1B_AGTCAGTTCCAGCCGTGGCA,CACNA1B,751,247,178
CACNA1B_CTACATGGGCAAGTTCCACA,CACNA1B,1041,879,544
CACNA1B_GCACTGGAACACCGTCAAGA,CACNA1B,1818,442,412
CACNA1C_CCTCGTATTCTCATTGACCA,CACNA1C,670,369,373
CACNA1C_ATATGGGAAACCCAAGAAGC,CACNA1C,766,86,78
CACNA1C_CAACGCCACCAATTCCAACC,CACNA1C,2785,483,293
CACNA1C_ATGCCTACCTCCGCAACGGC,CACNA1C,504,195,217
CACNA1C_GCAAACGCTCTCGGAGGGAA,CACNA1C,1674,658,806
CACNA1C_CAAGCAGGGCGATGTGCAGC,CACNA1C,996,591,657
CACNA1D_CAGCAAGCGGACCACGCGAA,CACNA1D,1213,571,390
CACNA1D_TGCAATCGATGCTGCTAGAC,CACNA1D,1536,1388,936
CACNA1D_AAGTGGTCGCAACACTCGAA,CACNA1D,675,237,330
CACNA1D_GGACGCCAGTGTACTGCCAA,CACNA1D,227,392,176
CACNA1D_CCATTAGGTGCTGGTGGAGA,CACNA1D,1610,657,512
CACNA1D_AAACGTGACAGACTTCACGG,CACNA1D,2401,460,487
CACNA1E_ATGGAGACTCGGACCAGAGC,CACNA1E,275,84,127
CACNA1E_ACATACCAGTCTTCGGGACA,CACNA1E,1339,829,948
CACNA1E_TGACATTCCAGCCATTGCGG,CACNA1E,2405,330,364
CACNA1E_ACACGAGCTTCAAAGGCCGC,CACNA1E,813,116,74
CACNA1E_CTGGTTATGAATGCAAGGAC,CACNA1E,800,661,718
CACNA1E_GAAGTACAGCCAATTCCAGG,CACNA1E,661,95,105
CACNA1F_AGGCTCACAAAGTACACCCA,CACNA1F,850,182,162
CACNA1F_TGAACCAGACTGAGTGCCGC,CACNA1F,940,295,665
CACNA1F_GCCATTGCGGATGTAGGCGC,CACNA1F,135,118,246
CACNA1F_AGCAGGATGAGGATGTCGAA,CACNA1F,687,76,41
CACNA1F_CCGTCGCAGAGGATTGGCCA,CACNA1F,1074,642,581
CACNA1F_TCGGAATCTGAAGGCGGGAA,CACNA1F,1978,423,427
CACNA1G_TGCGGAGACACCAGCTCCGC,CACNA1G,224,81,209
CACNA1G_TCACAGGCGATGTCCTCGCA,CACNA1G,956,461,420
CACNA1G_TGCCTTCTTTGCCGTGGAGA,CACNA1G,1215,393,528
CACNA1G_CCCTGAGCGGTCGCAGCACA,CACNA1G,175,228,292
CACNA1G_TCGGCGTCCAGCTGTGGGCA,CACNA1G,1782,507,501
CACNA1G_GACCGCATGCCGTTCTCGCG,CACNA1G,76,64,221
CACNA1H_CCACCATGACCGAGGGCGCA,CACNA1H,291,814,636
CACNA1H_CCTTAACCCGCGGCGACACA,CACNA1H,1192,499,734
CACNA1H_GCACGGTCCTGATAGCCGAG,CACNA1H,782,389,395
CACNA1H_CAGAAGGACGTTCCCGAGCA,CACNA1H,2501,899,959
CACNA1H_GCCGTACTACCAGACGGAGG,CACNA1H,296,126,45
CACNA1H_CCACACTCACGATGATGAGC,CACNA1H,1803,319,107
CACNA1I_CAAGTGTCACGCAGTTCAGC,CACNA1I,37,357,159
CACNA1I_GGGCTGACTCACTGGGCACG,CACNA1I,944,289,199
CACNA1I_ACGGCCCTGCTCCTTGAGCG,CACNA1I,1871,538,515
CACNA1I_TCGCTATGACAACGAGGCAC,CACNA1I,1136,320,407
CACNA1I_TCCCGAGTGATCATTTCCAG,CACNA1I,1752,262,421
CACNA1S_AGAAGCCGAAGTTGTCGAAG,CACNA1S,764,183,167
CACNA1S_TGACCATAAAGAGGACCAGC,CACNA1S,139,95,214
CACNA1S_GAGGGCCTTGACATCCAAGC,CACNA1S,490,15,83
CACNA1S_GCACATTCCAGCCACTGCGC,CACNA1S,502,466,464
CACNA1S_GATGATCGTCTCGAAGGGCC,CACNA1S,0,41,47
CACNA1S_GGCCTTGTTCTGCCTGACCC,CACNA1S,93,32,32
CACNA2D1_ATGCCCGATTCATAGGCACC,CACNA2D1,35,86,0
CACNA2D1_AGCCATTTCCTCCTTAGGGC,CACNA2D1,751,285,157
CACNA2D1_TGGCCGGTTATGTTGAAGAC,CACNA2D1,1239,295,253
CACNA2D1_ATAATATCGAGCTAGGCCAG,CACNA2D1,233,144,46
CACNA2D1_GAGCAACAGATCTAAAGCCC,CACNA2D1,472,141,135
CACNA2D1_CCGACTTACGTGACGGCCGA,CACNA2D1,272,476,215
CACNA2D2_GGAGTCACTCGCTACTACCC,CACNA2D2,881,208,51
CACNA2D2_ATCCCTACGGACATCTACAA,CACNA2D2,1478,510,373
CACNA2D2_CATCGTGTACTATGACGCCA,CACNA2D2,890,229,169
CACNA2D2_CCTTGATGTTGTCCTGCCAG,CACNA2D2,935,623,121
CACNA2D2_CATTCTCCTGTACCTCGAAC,CACNA2D2,759,207,289
CACNA2D2_AAGCTGTAGGCAGAGGCGCC,CACNA2D2,426,26,40
CACNA2D3_CAGCGCGGCGTAGAGAAGCG,CACNA2D3,783,513,357
CACNA2D3_ACCGGAGTACTTAGCAGCAA,CACNA2D3,1569,396,1592
CACNA2D3_CCTCCAACTGGTAAAGAAGC,CACNA2D3,520,211,158
CACNA2D3_GCAGTACTTTGGAAGTGCAA,CACNA2D3,352,244,265
CACNA2D3_AGCAACTTCTCCGAAAGACG,CACNA2D3,1313,354,554
CACNA2D3_TTTCCCTAGTTCAACCACAC,CACNA2D3,1025,398,348
CACNA2D4_AGAGAGACCCAACGTTGACC,CACNA2D4,95,9,72
CACNA2D4_TGATGGAGGTGTTCACCGGC,CACNA2D4,360,198,162
CACNA2D4_CAGTCTGAAGATCGAGGAGG,CACNA2D4,734,116,160
CACNA2D4_AGGCTCTCTCTTGCTGCAGA,CACNA2D4,227,50,98
CACNA2D4_TGTCCCTAAAGCTACAGCCA,CACNA2D4,1269,340,663
CACNA2D4_GGCCGAGGTCTTCTGCACAA,CACNA2D4,1873,504,680
CACNB1_CACATCTCCCAGACTGGAAC,CACNB1,2180,226,478
CACNB1_GAAGGCTGTCCAGTTTGACG,CACNB1,414,19,24
CACNB1_AGACTTCCTGCACATCAAGG,CACNB1,896,282,396
CACNB1_AGCGCAGCTCGAGAAGGCCA,CACNB1,356,17,52
CACNB1_AGAGGAAAGGGCGATTCAAA,CACNB1,963,293,113
CACNB1_CAGAAGACCAGCATGTCCCG,CACNB1,3518,384,209
CACNB2_GCTAGAGAACGTGGCTCCCG,CACNB2,339,138,262
CACNB2_CCGGACTCACGATCTTCAGC,CACNB2,1174,96,230
CACNB2_CTTCATGCAGTGCTGCGGGC,CACNB2,332,182,372
CACNB2_AGAGATACATCGGAATCGGA,CACNB2,403,116,147
CACNB2_TGTCCGAACCGCAAATGCAA,CACNB2,1548,1141,820
CACNB2_TGACGTTACACTGTTTGCAC,CACNB2,1149,353,521
CACNB3_CCACGGTTACCTCGTTCAGC,CACNB3,353,25,73
CACNB3_CGCCTCCGAGTCCTCAAACC,CACNB3,3145,863,548
CACNB3_CCTGGCTCTCTACTTCACGC,CACNB3,558,96,143
CACNB3_CCGGCTCAAACAGGAGCAGA,CACNB3,619,34,124
CACNB3_CACCTCATAACCTTTCAGAG,CACNB3,286,50,43
CACNB3_TGCTCAACAATCCGGGCAAG,CACNB3,967,64,202
CACNB4_CGAGCAACTCCCACATCAAC,CACNB4,3513,699,743
CACNB4_TGATTGGTGGATAGGAAGGC,CACNB4,645,152,324
CACNB4_TGTGAGCTACTGCGGCGCCC,CACNB4,472,264,290
CACNB4_CAGCGGATTCCTACACAAGC,CACNB4,2051,680,1084
CACNB4_GCACCACAACCCGGAGGAGC,CACNB4,956,101,122
CACNB4_GCCAAGAACGGGACCGCGGA,CACNB4,1504,316,167
CACNG1_GCCTGCCAGGATGCAGAAGA,CACNG1,1734,403,653
CACNG1_CAGCCGTGGTAACCGACCAC,CACNG1,1819,391,480
CACNG1_AGATCTCCGAGCTCTCGCCG,CACNG1,1167,393,616
CACNG1_CTTCGAATTCACCACTCAGA,CACNG1,1048,360,238
CACNG1_AAGGCATAGAACATGGACGC,CACNG1,810,88,175
CACNG1_GAGGAGGATGAAGGCGGCAC,CACNG1,373,0,69
CACNG2_CTGGAGGTAGTCCGTGGCGC,CACNG2,1348,491,224
CACNG2_CGGTGCACATGTTTATCGAC,CACNG2,859,436,443
CACNG2_TCAAGTACCTTCTAGGCAGC,CACNG2,769,414,473
CACNG2_AGGTTCTCCATAATCCGGAA,CACNG2,725,157,196
CACNG2_GACTATTGGCTCTACTCCAG,CACNG2,1249,104,136
CACNG3_AGCGGCAAAGGCTCCTACAG,CACNG3,1277,317,459
CACNG3_TGAAGATGCTGACTACGAAC,CACNG3,1358,399,408
CACNG3_TGACGTTGTGTCTGCTGCGG,CACNG3,1985,467,202
CACNG3_ACACAACGTCATTCTCAGCG,CACNG3,1604,624,923
CACNG3_TCAGCCAACGCCGGAGACCC,CACNG3,901,295,274
CACNG3_CGGAATCGATACCTGTAGGG,CACNG3,1428,398,494
CACNG4_GGACTATGAGGCGCCCACCA,CACNG4,1336,9,29
CACNG4_CCAACCTGACCATGGACGAC,CACNG4,2805,195,1272
CACNG4_AGAGTGGGTGAGGTCGCCGC,CACNG4,267,241,213
CACNG4_AGGCCTCCTGACACTCACGG,CACNG4,1276,380,338
CACNG4_ACGTCAGCATGCTGAACCGA,CACNG4,1088,76,152
CACNG4_AAGGGCAGGCGGCTCACACA,CACNG4,640,48,52
CACNG5_GGAAGATGAGTGCCTGCGGG,CACNG5,77,38,88
CACNG5_CCGTGGACTCGGATGTCAGC,CACNG5,561,808,465
CACNG5_CAAAGGCCAGTATCGTCCGG,CACNG5,942,142,386
CACNG5_TATGAAGCGGTACACCGCGG,CACNG5,781,0,143
CACNG5_CGGAGCAGTTGCTCAGCCGA,CACNG5,423,364,244
CACNG6_CAAGAGGAGAACCGGCGGCG,CACNG6,438,62,305
CACNG6_AAGAGGAGAACCGGCGGCGG,CACNG6,785,78,6
CACNG6_CACCCAGAACTCGGTGCCCA,CACNG6,316,443,313
CACNG6_AGACGGCTCCAACTCGGAGC,CACNG6,409,82,94
CACNG6_CGGGCTGACTCTCTGCAGCA,CACNG6,1145,356,582
CACNG6_ACGCGTGGCTCTAGGTGGCC,CACNG6,243,89,383
CACNG7_CCGCGATGCCTACCAGGAGC,CACNG7,910,352,557
CACNG7_CACGAGGAAGAGGCTGACCA,CACNG7,2108,403,476
CACNG7_TGACGAAGGCCGTGAACACG,CACNG7,1226,308,304
CACNG7_AAGAACCAAGCCCACCACCA,CACNG7,1116,486,577
CACNG7_ACTCTAGAGTCTAGGTCCCA,CACNG7,623,54,28
CACNG7_CCGGGTACTTGATGGCGGGA,CACNG7,322,85,61
CACTIN_GCAGCAGCTTCGTGCCCACA,CACTIN,1396,145,211
CACTIN_GCTCCAGCTCCATGTAGACC,CACTIN,2968,649,479
CACTIN_TCCAAGATCCGCATCCGGGA,CACTIN,1063,16,0
CACTIN_AGGCAGAGCACTTCAAGACA,CACTIN,2131,117,181
CACTIN_TTGAGTGCCACTTGGGCCGC,CACTIN,1172,336,441
CACTIN_CGAAGGCGGCAGAGTCAGAG,CACTIN,634,180,83
CACUL1_TCAGCATGTGCAAGTTCCAG,CACUL1,498,49,101
CACUL1_GACCAGTCCCGGAAGAGAGC,CACUL1,553,0,77
CACUL1_GAAAGTTCAGATTCCACCGC,CACUL1,735,12,40
CACUL1_GGCCTGTATACCCTCAGACC,CACUL1,934,91,106
CACUL1_GATGTTGAAGAGCTGCGACG,CACUL1,448,423,181
CACUL1_ACGACCAGAACCACAACAAC,CACUL1,1070,391,237
CAD_GCGGCCCTAGTGTTGGAGGA,CAD,593,288,339
CAD_GCCACCATACCTTGCAAGCC,CAD,294,425,373
CAD_GACCAAGAAGTTGCGGGAAC,CAD,1318,190,131
CAD_AGTCCAAAGCAAGGATCCGA,CAD,16,139,201
CAD_CTCTTCTTAAGTAATGGGCC,CAD,593,196,119
CAD_AACCAGGCTCACCTGAAGAA,CAD,1419,616,695
CADM1_TACAAGGCTTAACCCGGGAA,CADM1,959,208,154
CADM1_GATGCTGAAGGTGCACAAGG,CADM1,1080,453,815
CADM1_CGACTATCAGGTGGTTCAAA,CADM1,1474,742,737
CADM1_AGCCAGCCACGACTATCAGG,CADM1,891,406,415
CADM1_CCCACATGCGTTTCTTACCC,CADM1,1906,658,795
CADM1_GCTGTTGCTCTTCTCCGCCG,CADM1,17,51,35
CADM2_GACACTGTAGAAGCGGAGAA,CADM2,565,127,65
CADM2_TTATTCTTTGAAGCAGCCGC,CADM2,269,146,42
CADM2_ATGATAACACCTCCCTCCAG,CADM2,995,130,212
CADM2_TCCCTTGCACTTACCCAGAA,CADM2,1732,667,509
CADM2_CACTGGACTTCCGAGTGGAC,CADM2,446,301,406
CADM2_ATTACCAGATCCTGACCGAA,CADM2,978,581,194
CADM3_CCCAGCAGCAGGCGAACAGC,CADM3,451,305,377
CADM3_AACTCTGGCTCCACTCGACG,CADM3,1627,783,966
CADM3_ACGAGGACTCATCCCTGCAA,CADM3,1315,340,439
CADM3_AGGGACTTGGCAGTTCGCAC,CADM3,941,166,95
CADM3_GCCCGGCTCACCTGGAGAAA,CADM3,2426,551,985
CADM3_GACATTCCAGGTTACCCGGG,CADM3,563,71,203
CADM4_TTATCCGCGGATACCAGACC,CADM4,1275,144,235
CADM4_TGTTGACGTGTGCTGTCACG,CADM4,668,155,161
CADM4_CGTCTGCTTGCTGTGTCCGG,CADM4,850,355,540
CADM4_TACCAGCGCAGGGTGGCAGC,CADM4,776,186,58
CADM4_CTGAGAGCCGGATCCGCACC,CADM4,623,323,253
CADM4_CTCTTCTTCAATGGCACCCG,CADM4,1854,489,629
CADPS_CGTATATTGCACAATGGAGG,CADPS,653,334,305
CADPS_GAGAGCATGCCGGTATCCAA,CADPS,513,9,48
CADPS_ACCACAATGTTTCCTTACCC,CADPS,467,175,77
CADPS_AGAGGACCCGCGGAAGCAGC,CADPS,292,75,154
CADPS_AGCTGCAGACAGTCAAGGAC,CADPS,2404,570,637
CADPS_ATTCTTCTTCGCTGGACGAA,CADPS,868,323,199
CADPS2_AATCAAACTGGCAGTGCGAA,CADPS2,1312,398,481
CADPS2_TTCACTTTGACCACAGGCCG,CADPS2,3468,1470,1549
CADPS2_TCCGGACCACCTTTCGAAAC,CADPS2,3263,1341,1752
CADPS2_ACAAGCAGCCCAGATCAGAA,CADPS2,1888,613,853
CADPS2_GAGTGACCGAGTGGCCAGAA,CADPS2,1369,558,436
CADPS2_AGCGAAGAGGAGTCGGACGA,CADPS2,1780,264,433
CAGE1_TACCCTTCTGGGAGCCAAAC,CAGE1,1183,609,457
CAGE1_ATTGCTCACCTTGTGAAGAG,CAGE1,670,544,237
CAGE1_ACAACCTGTTCAAGAGGACA,CAGE1,402,100,121
CAGE1_CACCTGAGGCAAGTCACAAG,CAGE1,1810,894,712
CALB1_TGGAGGGAAGCTGTACCGAA,CALB1,1145,659,1118
CALB1_TCATGGTTCCTAAACTCACC,CALB1,836,193,116
CALB1_TGGGTAATACGTGAGCCAAC,CALB1,605,101,211
CALB1_AATCACCGTCAGCGTCGAAA,CALB1,955,350,342
CALB2_GCTTCCATATTTCCAGGAAC,CALB2,642,349,240
CALB2_CGTGCTGCCTGAAGCACAGA,CALB2,374,171,152
CALB2_GGCGGAAGTACGACACAGAC,CALB2,565,404,701
CALB2_GCTTGGGCTCATCGTACGGC,CALB2,1083,227,239
CALB2_ACGGATGTTTGACTTGAACG,CALB2,1998,514,415
CALB2_GAGCTTCCCTGCCTCTGCCA,CALB2,14,0,0
CALCA_CATGCTGGGCACATACACGC,CALCA,1486,249,408
CALCB_TATCTTGGTCCTGTACCAGG,CALCB,512,47,41
CALCOCO1_TCAGCGACTGAAAGACAAGG,CALCOCO1,658,656,482
CALCOCO1_GCTCCAGGATGCGTGCCACA,CALCOCO1,2529,293,864
CALCOCO1_CTTGCTGGCTCTCATCGAGC,CALCOCO1,895,253,373
CALCOCO1_GCTCTCGGAACTGGAAAGGG,CALCOCO1,1256,270,255
CALCOCO1_TGTGTGGTAATCCCGAACAC,CALCOCO1,340,134,369
CALCOCO1_CTAAGCCGGGCACCATCCCG,CALCOCO1,1,118,227
CALCOCO2_GCATTTCATCCCTCGTCGAA,CALCOCO2,699,317,334
CALCOCO2_CACTGGTAGTATCTGGCACC,CALCOCO2,1446,305,273
CALCOCO2_CTACTCAAATGGAGGAGCCA,CALCOCO2,299,92,290
CALCOCO2_GAACTTCTTGTCATTGCAGG,CALCOCO2,381,145,164
CALCOCO2_CTTTCTCTTGAGTTGACAGC,CALCOCO2,213,170,198
CALCOCO2_GAAGAAGCTCGAGCAGACAG,CALCOCO2,377,74,24
CALCR_GATTAGTCTCTGTGGAAGGC,CALCR,674,36,38
CALCR_GGTGGTATTATCTCTTGGGC,CALCR,1,12,0
CALCR_CCAATGGAGAGCTCGTGCGA,CALCR,1750,226,515
CALCR_GCACATAGTATAGTTGGACC,CALCR,738,170,49
CALCR_TATTGCAATCGCACCTGGGA,CALCR,215,115,207
CALCR_CGTCCTACGACGTAAAGAAA,CALCR,474,566,424
CALCRL_GGACAGTCATGACTATAACC,CALCRL,865,211,152
CALCRL_ATCTTTCCTTCAGGTCGCCA,CALCRL,289,189,83
CALCRL_GATTTGTGGCTACTAAGGCC,CALCRL,84,5,94
CALCRL_CACTGCAGTGGCCAACAACC,CALCRL,1876,269,583
CALCRL_TGCTGGAACGATGTTGCAGC,CALCRL,63,423,265
CALD1_AGATGCGACTCGAAGCAGAA,CALD1,1266,695,593
CALD1_CTGGGTGGATCCGGATCGCA,CALD1,1458,440,532
CALD1_CTTGGGACAGGTGACCGACC,CALD1,1132,411,306
CALD1_GAGCTTCATGGATCGAAAGA,CALD1,622,206,220
CALD1_GGAGCTTCGTCGTCGTCGCG,CALD1,571,122,347
CALD1_CTCCAAGATTGACAGCAGAC,CALD1,2412,1493,1497
CALHM1_CCACCTCCTTACGCGGAGGC,CALHM1,810,7,121
CALHM1_ACCTCCTTACGCGGAGGCCG,CALHM1,0,1,10
CALHM1_CGGATCAAGGCACCATGAAC,CALHM1,3658,453,510
CALHM1_CGACTGGCTGTTGGCCCGAG,CALHM1,640,589,350
CALHM1_GAACATGTAGCGCAACACAG,CALHM1,1905,470,583
CALHM1_CCAGTTCCTGCAGTCCAACC,CALHM1,1357,477,815
CALHM2_GGGAAGCACCTCCTTAGGAG,CALHM2,333,30,116
CALHM2_CTACTTGTACCGTGAGAACC,CALHM2,1454,338,381
CALHM2_GGATGGCCTAGTGCTAAAGC,CALHM2,436,220,218
CALHM2_CCAGGTAAGGAGCTGTGCAA,CALHM2,1952,215,117
CALHM2_CCCTTCCTCACTCACGGCCA,CALHM2,854,246,237
CALHM2_TTTCAACGGCCTGGTGGCAC,CALHM2,649,281,242
CALHM3_AGTACCACGTGCTTAGGAGG,CALHM3,426,202,55
CALHM3_GGCTGGAGATTGCGCGCAGG,CALHM3,574,118,229
CALHM3_CGAGACACTGCCTTCCGAGC,CALHM3,775,415,242
CALHM3_GGTACAGCTCTTCCTGGCCA,CALHM3,253,47,21
CALHM3_CAGACTGCCGGTTGGCGAGG,CALHM3,649,121,90
CALHM3_CTACAATGCACTCTACGGCC,CALHM3,1415,192,128
CALM1_TTGCCACTCCCGACCTACCA,CALM1,994,555,348
CALM3_CATCTCCATCCTTGTCAAAG,CALM3,1228,337,250
CALM3_GCGTCACGTAATGACGAACC,CALM3,664,307,106
CALML3_ATGAGTGAGATCGACCGGGA,CALML3,1021,199,223
CALML3_GGCCTTCCGCGTGTTCGACA,CALML3,692,410,382
CALML3_TGCCGTCCTTGTCGAACACG,CALML3,1252,250,420
CALML3_GGACGAGATGATCCGGGCCG,CALML3,19,55,58
CALML3_GATGATCCGGGCCGCGGACA,CALML3,464,155,128
CALML4_GAAGCAGATATCGAACCCAA,CALML4,226,187,156
CALML4_CCTAGACGGAAATGGAGAGC,CALML4,912,176,282
CALML4_GCGGGTTTCCTAGACGGAAA,CALML4,18,4,6
CALML4_TGTATGACAAGCAGCAGAGG,CALML4,588,84,360
CALML4_GCAGACTTTAGACTTGAGGC,CALML4,347,92,60
CALML4_TAATAAATGCTCGGCTGCCA,CALML4,2,61,18
CALML5_GAGGCCGACGTGGACCAGGA,CALML5,351,223,127
CALML5_TTCCGCGCCTTCGACCAGGA,CALML5,218,339,252
CALML5_CTTCCAGGAGTTCCTGACGG,CALML5,996,367,355
CALML5_TCCTTAGCTGGGCCTCCGAG,CALML5,1119,409,564
CALML5_CGGTGAGCTGACTCCTGAGG,CALML5,714,173,489
CALML6_CTGTCAGACAACCACCGACA,CALML6,2231,512,341
CALML6_CCTTGATCTGCTCAGCCGAC,CALML6,864,149,128
CALML6_ATGTTCGACGAAGAGGGCAA,CALML6,270,61,170
CALML6_AGGTACGTGCTAATGAACGC,CALML6,379,244,172
CALML6_GATGATGAAGGAGGCCGACA,CALML6,324,0,0
CALML6_AGTTTGTGGCCATGATGACG,CALML6,1637,131,125
CALN1_GCCAACCAGATACTCCGGAG,CALN1,952,346,288
CALN1_CTCCACAGTTTGACATGCAA,CALN1,4421,2033,2557
CALN1_TTTCGGGTTCTGGACCGGGA,CALN1,629,202,83
CALN1_ACCGCCGGCTTGTTGTACAA,CALN1,1478,318,521
CALN1_ACAACAAGCCGGCGGTCACA,CALN1,39,76,47
CALN1_ATGCGGCTGCCAGAGCAACC,CALN1,902,114,374
CALR_CAGCGGCACGGATAGCAGCA,CALR,1609,959,724
CALR_TAGACGGGTGGACTTCCCGC,CALR,905,289,372
CALR_CAGCAACAAAGGCCAGACGC,CALR,622,620,174
CALR_GGTCCCGACATCTGTGGCCC,CALR,2,11,57
CALR_ACCGGAAGACTGGGATGAGC,CALR,739,24,146
CALR_ATGCTAAGAAGCCCGAGGAC,CALR,898,28,203
CALR3_GGAAATGAAGAAGGCCCGCG,CALR3,309,99,118
CALR3_GAACATTGGTGCCATTGGCC,CALR3,655,139,30
CALR3_GCACCAGCAAGCAGAGCGAC,CALR3,190,153,140
CALR3_CCGGCAGCATAGAGTACGAC,CALR3,1691,662,292
CALR3_GGTCTGCAAACCACTCAGAA,CALR3,2237,753,1150
CALR3_GGCTACCGTCTATTTCCAAG,CALR3,546,219,173
CALU_ACGAGGATGTAGAGCGACAG,CALU,1004,500,547
CALU_GATGTAGAGCGACAGTGGAA,CALU,673,78,185
CALU_AGATGGGTTTGTGACGGAGG,CALU,635,113,0
CALU_CATGATCATAGTCTGAGGGA,CALU,905,399,322
CALU_GGATGGCAAGCTTACCAAGG,CALU,829,258,372
CALU_TGACTTATTTGTTGGCAGCC,CALU,685,163,334
CALY_TACCCGCTGAGCCGCAAGCA,CALY,3129,343,536
CALY_CAGTTCAGAACTCAGGGCCC,CALY,328,14,0
CALY_CACGCAGCCCAGTAGCGCCA,CALY,1073,319,160
CALY_GGTGCAGACTGACCAAACAG,CALY,432,242,408
CALY_TGGAGCTGGCTGATGTCCAA,CALY,1801,656,1054
CALY_GCCATCCACCATGGTGAAGC,CALY,1024,206,379
CAMK1_CGAGACTGCTGCGTGGAGCC,CAMK1,1632,243,381
CAMK1_TGATCTGCTCACTCACCGAC,CAMK1,730,302,364
CAMK1_CCTCTCCAAGATGGAGGACC,CAMK1,574,49,93
CAMK1_GATCCCGGTGTACAATGCCC,CAMK1,68,0,4
CAMK1_CTGGATGACATCTATGAGAG,CAMK1,3105,564,653
CAMK1_CCACTGCTGGACCAAGGACG,CAMK1,2941,555,1145
CAMK1D_TCGGCCATGGCCCGGGAGAA,CAMK1D,1255,359,562
CAMK1D_CAGCACTTACTTTCTCAGGA,CAMK1D,1863,586,510
CAMK1D_CAGCTCTCCACCGGACACCC,CAMK1D,1789,341,210
CAMK1D_GACATAGCCTGGAGTTCCAC,CAMK1D,200,52,7
CAMK1D_TGCTGTAAGGTTTCTGGGCG,CAMK1D,2397,1666,1830
CAMK1D_CTTTGAGCAGATCCTCAAGG,CAMK1D,542,392,279
CAMK1G_TCTGGAGGCAATGGGTCGAA,CAMK1G,383,545,453
CAMK1G_TGCCTTCCGGGACAGCAGCC,CAMK1G,1252,562,1286
CAMK1G_TGCCAGTCTGGTGATCCAGC,CAMK1G,921,358,322
CAMK1G_CCAGACTTACCCACGTAGCC,CAMK1G,1904,1261,1124
CAMK1G_TATGTAGGTGATGACGCCGA,CAMK1G,460,61,143
CAMK1G_CGAGCGGTACACCTGTGAGA,CAMK1G,306,63,59
CAMK2A_CCCATTCCGGCGATGGGAAC,CAMK2A,1570,695,902
CAMK2A_GGTCCTCATCCCAGAACGGG,CAMK2A,99,94,94
CAMK2A_CTTTGGCCTGGCCATAGAGG,CAMK2A,331,108,119
CAMK2A_CCGGGAGTATTACAGTGAGG,CAMK2A,1462,139,309
CAMK2A_ACACCTTCGCACCACCGAGA,CAMK2A,1842,170,200
CAMK2A_TGCCCAATTCCTCGAAGAGC,CAMK2A,1058,573,207
CAMK2B_CCCTGAGGTCCTTCGCAAAG,CAMK2B,2680,1573,1249
CAMK2B_TTCTGGCCAGCAAGTGCAAA,CAMK2B,777,827,800
CAMK2B_CGTTCTCCATTGTCACCAAA,CAMK2B,3125,1708,1510
CAMK2B_GGCGAGAGAGTACTACAGCG,CAMK2B,1303,711,505
CAMK2B_GAACTTACAGATCGAAGACC,CAMK2B,222,67,38
CAMK2B_TGCCAATATCCTCGTAGAGC,CAMK2B,732,450,338
CAMK2D_AGATCCTTATGGAAAGCCAG,CAMK2D,219,112,106
CAMK2D_TACTCACCTTCAGGTCCCGA,CAMK2D,719,76,86
CAMK2D_CTGATACTCGTCCGTGAACC,CAMK2D,2092,592,928
CAMK2G_GCGTGGAATGGGCTTACCGC,CAMK2G,1896,21,105
CAMK2G_TGCATTTACTCGCCAGCAGC,CAMK2G,814,280,134
CAMK2G_ACCAGCATGACATCGTCCAC,CAMK2G,1852,19,67
CAMK2G_TTGGTTGCAGTGTTACCGGC,CAMK2G,557,140,248
CAMK2G_GCACTTACAGGTCAAACACG,CAMK2G,1825,425,466
CAMK2G_TGCCAAGCTCCTCGAAGAGC,CAMK2G,966,181,132
CAMK2N1_CCAGATCGGCCGGAGCAAGC,CAMK2N1,1502,378,351
CAMK2N1_GCCAGATCGGCCGGAGCAAG,CAMK2N1,38,12,22
CAMK2N1_TCGGCGCCGGGCAGAACAAG,CAMK2N1,1794,283,281
CAMK2N1_CCAACAACTTCTTCGGCGCC,CAMK2N1,595,529,441
CAMK2N2_CGGCGCGTCTACACTCCGGA,CAMK2N2,372,338,378
CAMK2N2_CGCGTCTACACTCCGGACGG,CAMK2N2,1708,508,549
CAMK2N2_GGATAGACGACGTGCTGAAG,CAMK2N2,848,378,681
CAMK2N2_CAGATCGGCCGAGCCAAGCG,CAMK2N2,209,81,141
CAMK4_GGTGACCGAAGAGCAGGACG,CAMK4,105,9,230
CAMK4_TCTCTGGTTTGAGATCACGA,CAMK4,509,378,268
CAMK4_AAGAGCATACCGCAGTACCC,CAMK4,322,233,331
CAMK4_GAGATACTTCATCCCACCAG,CAMK4,394,40,187
CAMK4_TCTTACCTTAAGCTTACGCC,CAMK4,515,258,260
CAMK4_GACCCTTCTCCAATCCAAGA,CAMK4,312,166,252
CAMKK1_ACTGCCAGAAGATCGTCCAC,CAMKK1,1841,262,371
CAMKK1_ACTCACAGTACTCGAGGCCC,CAMKK1,796,134,221
CAMKK1_AGTGTTTGACCTCCTGAGAA,CAMKK1,1523,399,423
CAMKK1_AGCAAGACAGTGGATCCACG,CAMKK1,1463,425,275
CAMKK1_TCAGTTTGACCACATTCACG,CAMKK1,1382,235,243
CAMKK1_AGGCTGGGCCTTATGCCACG,CAMKK1,952,249,279
CAMKK2_GCGTGCCCACGGTGTTGGAG,CAMKK2,1350,257,704
CAMKK2_CAAACCACTCTCTGAAGACC,CAMKK2,1850,368,84
CAMKK2_TGTTCGAACTGGTCAACCAA,CAMKK2,1364,577,232
CAMKK2_TGGAATAGGCAGGAGACGGA,CAMKK2,422,117,90
CAMKK2_GCCAAACTCACGTGGAAAGC,CAMKK2,337,229,77
CAMKK2_AGCTGACGGGTGAGTAGGGC,CAMKK2,919,653,128
CAMKMT_ATCACAAGGAATCAGAAGGC,CAMKMT,1065,0,40
CAMKMT_CTCTGTACTGGTCCAGAAAC,CAMKMT,3152,1185,1027
CAMKMT_TAAAGAGATTACTCCAGCCC,CAMKMT,517,70,61
CAMKMT_GAAACATACTTACCCTGGGC,CAMKMT,118,22,33
CAMKMT_TTTAAAGTATTCCCTCGGCG,CAMKMT,1162,321,275
CAMKV_CCTCCATCAGCCTTGTGACC,CAMKV,805,246,524
CAMKV_TCAGCCGGTTGTAGTAAACC,CAMKV,1483,475,382
CAMKV_TTTGACTGGATCCTGGACCA,CAMKV,429,124,247
CAMKV_GATGTTGGGATGCTTCACCC,CAMKV,588,66,98
CAMKV_CGGGCCAAGGACAAGACGAC,CAMKV,2503,481,387
CAMKV_TATCTGTCAGTCACCTCCGA,CAMKV,278,73,53
CAMLG_TCGATGGCCGTCGCTACCGA,CAMLG,846,278,323
CAMLG_ATGGCCGTCGCTACCGACGG,CAMLG,384,94,80
CAMLG_ACTCGGAACAGCGCATCAAC,CAMLG,959,133,47
CAMLG_AGCTCCGGCAGCGGAACAGA,CAMLG,613,138,81
CAMLG_TGACAGCGGACTCGGTCCAG,CAMLG,635,161,56
CAMLG_GATCGATTTATCACTTCGGC,CAMLG,283,8,47
CAMP_ACCTGGGCAATGATGGCCAG,CAMP,562,59,17
CAMP_AAAGCTCACCATCGTGGGCC,CAMP,1720,180,260
CAMP_TTGTGACTTCAAGAAGGACG,CAMP,641,91,65
CAMP_CCATACACCGCTTCACCAGC,CAMP,1181,187,270
CAMP_CCGGAAGAAATCACCCAGCA,CAMP,3182,1090,1254
CAMSAP1_AGCTCAAGCGTGACGAAGCC,CAMSAP1,799,410,283
CAMSAP1_TCGGCGGACCTTGTCAGCGA,CAMSAP1,1963,477,490
CAMSAP1_CTCGAGGAGCAGCAATAGCC,CAMSAP1,1724,666,401
CAMSAP1_GCGTTGGAGATCGGTACAGG,CAMSAP1,1585,198,210
CAMSAP1_CTAGAGTGCCCACATGGCAA,CAMSAP1,1663,417,93
CAMSAP1_CTACGTTGACCAGTATGAGC,CAMSAP1,1152,118,82
CAMSAP2_CGAGGAGCCGCGGTGAAAGA,CAMSAP2,723,100,123
CAMSAP2_TTACAGCATCATGGCCCAAA,CAMSAP2,874,649,809
CAMSAP2_CACACAGTTGAAGCTCCAGG,CAMSAP2,703,212,192
CAMSAP2_CCTTGTGGACGAACAACACG,CAMSAP2,1948,605,484
CAMSAP2_TTGATGGCTTCATAGGGACA,CAMSAP2,1035,405,373
CAMSAP2_AGTGATTCCTCGGTTTGGAG,CAMSAP2,551,142,76
CAMSAP3_CTTGATCTCGGGCACTAGAA,CAMSAP3,1175,616,877
CAMSAP3_AGCAGCAGCCGTGTCACCGG,CAMSAP3,2113,184,479
CAMSAP3_AAGCAGCTTGTGCTCCAAGC,CAMSAP3,913,228,217
CAMSAP3_GCTGGTCACCGTCGGGAAGC,CAMSAP3,362,268,246
CAMSAP3_GGCCTTACCTTGAGTGGCGG,CAMSAP3,167,66,92
CAMSAP3_GCATCACCACCAAGTTGACC,CAMSAP3,1322,340,58
CAMTA1_AGGAGGATGTGGCGCGCGGA,CAMTA1,133,345,100
CAMTA1_CTACCTCATTAGTGTTCCAG,CAMTA1,622,429,425
CAMTA1_CATGGGCGCAGCAAAGAAGA,CAMTA1,815,182,187
CAMTA1_GGAGCCAGTAGCACCTCCGG,CAMTA1,387,15,31
CAMTA1_CTCCATCAACACCGACAAGA,CAMTA1,1898,1427,1424
CAMTA1_AGGCTTCTCGGTGGAACAGC,CAMTA1,550,92,137
CAMTA2_AGCAGCGTAAGACACCAGGC,CAMTA2,381,243,128
CAMTA2_TAGCCCTCCCACTTCTCGAG,CAMTA2,1469,284,269
CAMTA2_CTCTAGTTCATGGCATCAAG,CAMTA2,921,332,312
CAMTA2_CTACCTGAACGTCCCAGCCC,CAMTA2,2070,331,667
CAMTA2_CCTGCAAAGGGACTGAACAG,CAMTA2,3146,781,400
CAMTA2_GGATGGGAAGACCACCCGAG,CAMTA2,820,284,111
CAND1_CGGGATCGAGGCCGTCAACA,CAND1,2491,1387,2340
CAND1_TCTTGCTTACCACTGGAAGC,CAND1,470,5520,3795
CAND1_CAAGTCTAGGGCTGGTCAAC,CAND1,1125,1603,2344
CAND1_GACCCTGATGCAATGGAGCA,CAND1,458,2083,1445
CAND1_GGAGTTGCATCAAACGAGGA,CAND1,392,820,800
CAND1_CAGTACTGCACTTGGACAAA,CAND1,1312,3759,1682
CAND2_TGGACGTCATCTTCTCCAGG,CAND2,335,70,203
CAND2_GGACGAGGACAGCGAGCGCA,CAND2,462,264,306
CAND2_TGACCGCATGTTGGTGCACA,CAND2,1219,744,279
CAND2_GCACACGTTGGTGGCCAGCC,CAND2,526,183,94
CAND2_GAGTTGCCATAATCCTGGGA,CAND2,405,5,68
CAND2_TCGCTGACCACCTACTGGAC,CAND2,2201,536,393
CANT1_TGCGGGAGATTGTAAGGAAG,CANT1,2030,219,340
CANT1_CTGCAGCGTGTCACTCCAGC,CANT1,198,86,27
CANT1_TGGTGAACGAGAACCCGGAG,CANT1,1117,482,299
CANT1_AGCCATTCGGCCTTGAAGCC,CANT1,918,329,125
CANT1_TGTACCAGTTGGCGGGCGCC,CANT1,784,82,159
CANT1_AGCTGTCTGAGCACCCGGAA,CANT1,1894,412,411
CANX_GGCAAACGGCAGCCGGCAAA,CANX,366,217,196
CANX_CCTTGACGATGTCATTGAAG,CANX,2116,279,155
CANX_TACAAAGCTCCAGTTCCAAC,CANX,867,116,207
CANX_TCACGTGAAGGATTTACAGG,CANX,769,451,246
CANX_CCTCCGTAGGGATGAAGACA,CANX,1538,157,340
CANX_AAGAGGATAACCAGGAACAC,CANX,1433,240,95
CAP1_CAGGCGGAGATGGTCCACAC,CAP1,1531,635,794
CAP1_TCCATACCACCGGACTGGCC,CAP1,1372,791,506
CAP1_TTTGCTCCAGGCCAGTCCGG,CAP1,157,127,212
CAP1_TGGCCTGGTATTCGATGACG,CAP1,1183,419,624
CAP2_AATGGCCAACATGCAGGGAC,CAP2,553,221,73
CAP2_CCATCAGAAGGAAAGCCCGC,CAP2,189,343,104
CAP2_TGACTGCTTACAGAATGACG,CAP2,1167,270,295
CAP2_CATCAAGGAACACCACACCA,CAP2,2877,1145,847
CAP2_TCTTCTGGTCATCTGTGACA,CAP2,1300,62,6
CAP2_CCACCACATTGTCAAACACC,CAP2,2177,306,479
CAPG_GACTGCTTTGTGCTGGACAA,CAPG,847,341,424
CAPG_CCTTATACAGAGCTGCGGCC,CAPG,610,100,415
CAPG_CCTGGAACGCAACAAGGCGA,CAPG,98,87,67
CAPG_CCACCGAGCGGGCACTGAAC,CAPG,1749,825,552
CAPG_GCAGTCATCCCGGGATGAGC,CAPG,589,174,257
CAPG_TACCTATCCACAGGTGCAGA,CAPG,143,217,93
CAPN1_AAGTGCAGAAGCAGCGGGCC,CAPN1,67,183,423
CAPN1_CGGAACCACTCGGTGCAGGA,CAPN1,2390,836,539
CAPN1_TCCCGTCCTTGATGGGCAGC,CAPN1,416,192,237
CAPN1_CGAGTGGTACGAGTTGCGCA,CAPN1,2355,209,456
CAPN1_GGCCTCCATGTCTAGAACGC,CAPN1,739,228,424
CAPN1_TCCGGATCAGGCTCACCACC,CAPN1,764,137,221
CAPN10_TCCTCGCGGAACTGGGCCAG,CAPN10,504,135,272
CAPN10_GCTGTTTCCAGATGACCCAC,CAPN10,641,85,67
CAPN10_TGCGACAGGTGAAGGAGCCC,CAPN10,1018,42,94
CAPN10_AAGGGCGTAGCAGGAAGCGG,CAPN10,400,103,87
CAPN10_CGTTGGCTACCCGGTCACGG,CAPN10,865,73,207
CAPN10_GGAGGCTGCCGGAACAACAG,CAPN10,711,96,258
CAPN11_GGAGTGACTGCACGGTGCAA,CAPN11,585,184,253
CAPN11_GAGCCTGGATGGATCACAGG,CAPN11,410,58,100
CAPN11_CGAGCAGCCTGTCTAAGAAA,CAPN11,2686,1113,1203
CAPN11_CTATACCGCGTGGTGCCCAG,CAPN11,1996,374,229
CAPN11_TGTCATTCTTTGTGGGCAGC,CAPN11,408,92,115
CAPN11_TCCTATGAAGCATTGTCAGG,CAPN11,754,124,392
CAPN12_GGTGTTCCTGGGCTTCACCA,CAPN12,397,58,92
CAPN12_GGGTGAGTACCGCACAGAAG,CAPN12,831,205,247
CAPN12_CGAGTCCAGGTCTCTTACCA,CAPN12,1060,337,458
CAPN12_AGCTCTGGCAGTTTGGCCGC,CAPN12,628,246,141
CAPN12_GGAAGTAAGGGTCGCGGAAC,CAPN12,2165,196,254
CAPN13_AACAGATACAGCACAGGCGA,CAPN13,1500,89,367
CAPN13_GGAATAGGATCCGAGCAGCC,CAPN13,203,185,113
CAPN13_GGTGGCGAGGACGCACAAAG,CAPN13,684,215,367
CAPN13_AGGGCACACGTACCCGGAAA,CAPN13,1310,472,488
CAPN13_GACATCCAACAAGGAGGCGC,CAPN13,242,94,109
CAPN13_CAGGCAGTGATCCCGCAAGG,CAPN13,1954,434,455
CAPN14_CCTTGAGAAACCTATCAGGC,CAPN14,485,105,138
CAPN14_TGGACGTACACCATGCGGGA,CAPN14,1063,247,492
CAPN14_GGATGTCCCAGAGGTTGCCA,CAPN14,597,337,447
CAPN14_CGTCTGCCTGTGAATGAGGC,CAPN14,616,282,629
CAPN14_AAAGGCTGGATCTGTGCCAG,CAPN14,712,1142,812
CAPN14_GGCCACCTTTCCGATGCAGA,CAPN14,351,58,51
CAPN2_CGGAACGAGTGCCTGGAGGC,CAPN2,1565,243,616
CAPN2_TGGCTCCTCCAATGATAAAC,CAPN2,1242,510,550
CAPN2_TGATCTTGAACAGGTTGGGA,CAPN2,633,123,246
CAPN2_CGTTTCAGAAGCTGGTGAAG,CAPN2,2924,390,271
CAPN2_AAGTGGAGTGGACAGGGCGG,CAPN2,384,1,0
CAPN2_CTGGAACACTATAGACCCAG,CAPN2,926,242,264
CAPN3_AGCAGGAAGCTACTCACCGG,CAPN3,731,132,208
CAPN3_AGTTCTGGCGCTATGGAGAG,CAPN3,891,171,343
CAPN3_TCCTACGAAGCTCTGAAAGG,CAPN3,800,278,355
CAPN3_AATCGGAGGTGTACACACCC,CAPN3,322,121,235
CAPN3_GACAAGAATGGCCTGCGGGC,CAPN3,0,0,15
CAPN3_AAGAACCGTTCCACTCCACC,CAPN3,488,77,103
CAPN5_GGGTCGCTTCCACCTGACGG,CAPN5,486,181,334
CAPN5_CAAACCAGCAGTTGCCCACC,CAPN5,1560,197,208
CAPN5_TTGGTGCGCCCTAGTGGAGA,CAPN5,1046,247,372
CAPN5_TTAACATGCGCTCAAAGAGC,CAPN5,172,41,24
CAPN5_TTACCAGGCCGCACGCCAGG,CAPN5,873,5,283
CAPN5_GGTGTGACCGTGCAGGACGA,CAPN5,1208,123,138
CAPN6_CTTTCGGGTAGCCACGAGCC,CAPN6,522,336,651
CAPN6_AAACTGAACCTGAGCTGGAC,CAPN6,928,400,486
CAPN6_CCTGCGCACTTACCGCCGAA,CAPN6,923,213,286
CAPN6_TCCATTCCTGTCTTCCCAAG,CAPN6,725,338,257
CAPN6_AGCAACCACCAGCTGACCCA,CAPN6,534,152,278
CAPN6_CAACCGACTGCTTCCTGGAA,CAPN6,5070,1173,990
CAPN7_CGCCATGGACGCCACAGCAC,CAPN7,4146,609,865
CAPN7_GGTCGCGCTGAACCGCCAGA,CAPN7,99,49,15
CAPN7_ACTGAAACAGTTGGCTCGAC,CAPN7,375,66,78
CAPN7_AGGAAGGGATTAGCGCCCAG,CAPN7,381,207,378
CAPN7_TGTGAAAGATGCCTATAGCC,CAPN7,466,326,152
CAPN7_TGATTGAGCTACGAGGACCA,CAPN7,1185,117,226
CAPN8_CTCTGTCACTGGAGTCGAAG,CAPN8,1709,841,845
CAPN8_TCTCGCTGGAGGTTCCACAG,CAPN8,1443,534,513
CAPN8_TGGAGGTGGTCATTGACGAC,CAPN8,1127,278,315
CAPN8_TGAAGAGCTGCTTTACCGGG,CAPN8,1087,157,369
CAPN8_CGCACAGACATTTGTCAGGG,CAPN8,1323,588,243
CAPN8_AGCTGGTGTATCTAGGCAGC,CAPN8,427,49,19
CAPN9_CCCTTTGTGTGGAAACGACC,CAPN9,287,131,130
CAPN9_ACCAGGACTGATATCTGCCA,CAPN9,474,8,143
CAPN9_ATTAAGCGTAAGGGAGGCGA,CAPN9,57,213,146
CAPN9_GCACAGTGAGTGGCTGGACG,CAPN9,1280,650,426
CAPN9_AGGCAGCGCCATCGAGGCCA,CAPN9,230,105,92
CAPN9_CAGTGTAACGGGAATTGACC,CAPN9,171,242,119
CAPNS1_TTCTTGAAGGGCGGCGGCGG,CAPNS1,751,461,1076
CAPNS1_CTTATCTCTTCGCAGCGAGG,CAPNS1,373,154,173
CAPNS1_TACTTACATCTCCAGCCAGC,CAPNS1,256,59,107
CAPNS1_TAACTTCCGCCCGCAGGACA,CAPNS1,480,254,127
CAPNS1_TCCCACCAGAGCGACACCAC,CAPNS1,2157,477,252
CAPNS1_GGGTTGTCACTCACGGAACA,CAPNS1,1331,570,667
CAPNS2_GACAGACACAATGCTCCGGC,CAPNS2,45,47,60
CAPNS2_CAGTGACACGACTGGTAAGC,CAPNS2,1987,413,773
CAPNS2_CGCCGGTATGCTAATGAAGA,CAPNS2,1975,802,973
CAPNS2_CATCTTCATTAGCATACCGG,CAPNS2,644,224,126
CAPNS2_CACGAAACATGGCATCCAGG,CAPNS2,1869,329,564
CAPRIN1_CGACAAGAAACTTCGGAACC,CAPRIN1,2579,557,547
CAPRIN1_CCAGGAACGAATGAACAAAG,CAPRIN1,1045,389,307
CAPRIN1_TAAGCTAGTAGACCCTGAAC,CAPRIN1,866,122,184
CAPRIN1_GCAGAAACACAGTTCACCAG,CAPRIN1,1708,204,496
CAPRIN1_ACTCGCTGTCTTCTCACAAG,CAPRIN1,2016,419,483
CAPRIN1_CATAGGCTGTGCAGATACAA,CAPRIN1,1734,296,184
CAPRIN2_CTGTTCAGAGCCCTTTGCCA,CAPRIN2,1154,265,330
CAPRIN2_CTACCTGGAGTAGCTGAAGG,CAPRIN2,561,269,313
CAPRIN2_TCAATACTGGATCCTTCGGA,CAPRIN2,741,147,19
CAPRIN2_CACTCCCATGTGTGAAGAAC,CAPRIN2,771,445,401
CAPRIN2_GCCAGAGATACAACCACAAG,CAPRIN2,628,129,316
CAPRIN2_CAAGTGAACCACAGTCAGCA,CAPRIN2,883,390,529
CAPS_GGCACAACACAGCTAACACA,CAPS,742,20,379
CAPS_CAGACCAAGCATGGACGCCG,CAPS,1220,390,415
CAPS_GGACGCCGTGGATGCCACCA,CAPS,2093,34,143
CAPS_TCCGCCAACTAGACCGGGAC,CAPS,286,185,91
CAPS_TGCAGGAAGTGGGACCGCAA,CAPS,2374,470,471
CAPS_CAACTTCGACTCCTCTGAGA,CAPS,862,96,102
CAPS2_AACTGCTTCTATGGAACAGG,CAPS2,166,125,206
CAPS2_CAGAACTGCTTCTATGGAAC,CAPS2,1188,554,612
CAPS2_CTGAATTTGGCTCCTAGAAG,CAPS2,1973,388,880
CAPSL_CCGACTGCAGTGCCTGGCCA,CAPSL,1293,270,895
CAPSL_AGCGCGCCATGACCGAGAGA,CAPSL,569,296,301
CAPZA1_TGGGCCAGAACAGCCCAAGA,CAPZA1,246,319,271
CAPZA3_ACTTAGCGTGCTGAGCAGGA,CAPZA3,444,122,110
CAPZA3_CCCGTTACTTGGGTTAGAAA,CAPZA3,2066,720,611
CAPZA3_GCACTCTTATTGACTGGCAC,CAPZA3,1090,190,245
CAPZA3_CAAGAAGTGTGTTGTGCAAC,CAPZA3,1767,944,953
CAPZB_CATAGCCAACATCGGGCGCC,CAPZB,66,86,368
CAPZB_TCCTTCCAGGAGAAATCCAG,CAPZB,404,13,37
CAPZB_TCTCAGCCGAGCTGACGGCA,CAPZB,464,204,88
CAPZB_CAGGAGATCCTCACATAGAC,CAPZB,1831,327,682
CAPZB_ATGTGACCCAGAACCTAGAA,CAPZB,659,489,394
CAPZB_TGGACACGATGCACCCAAGC,CAPZB,2941,1368,1253
CARD10_CATGCTCTAGGATGTCCAGC,CARD10,1039,203,346
CARD10_CCATCCAGGGCAGCAGACGG,CARD10,2708,577,476
CARD10_TGCACTGCTTCGAAGGGCCA,CARD10,552,191,209
CARD10_GACCCAATTCTTGATGACAG,CARD10,2040,567,190
CARD10_ATGGACATCTTGCGCTGCCG,CARD10,1256,160,133
CARD10_GCTCGTCGATGACCCGGCAC,CARD10,86,79,38
CARD11_CTTGGAACACGACCGCAAGG,CARD11,1224,208,259
CARD11_CCGGTTGAATAAGATGGAGG,CARD11,1004,148,160
CARD11_CACGCACTTCCTGATGAACG,CARD11,4625,1151,1063
CARD11_AATGGTGGAGAATCTCCGAG,CARD11,514,108,99
CARD11_GGTAGGGCGTGAGCTTGGCA,CARD11,359,96,91
CARD11_CAGATGCCGAGTACCTGGCA,CARD11,258,206,347
CARD14_GGCCAAGGTGCTGTGCCAGC,CARD14,166,153,84
CARD14_CAACCCTGACGTCTACACCC,CARD14,798,184,115
CARD14_CATTGCTATAGTGCAGCGAG,CARD14,342,141,127
CARD14_ACAGCTGTATCTACTGAAGC,CARD14,2163,417,193
CARD14_AGCAGAGCCTGGACGAGGCG,CARD14,430,351,186
CARD14_GGTGAATGCGCTGCAGGCCC,CARD14,54,8,49
CARD17_TTTATCCGTTCAGTGGGCGA,CARD17,1083,156,122
CARD18_CCCTCAACTTGCCTCAAAGA,CARD18,1935,405,320
CARD6_GCCATTTGCGGCTTAAGGCA,CARD6,1454,517,446
CARD6_ACCATGCCTTAAGCCGCAAA,CARD6,891,330,297
CARD6_CGTTGGATATGATGGTGAAG,CARD6,1471,331,437
CARD6_TTCCTCCTCCAATGAAAGGC,CARD6,475,106,174
CARD6_CCGGCAAATCTCTGATGGCC,CARD6,2167,402,345
CARD6_CGGAGATTAGCCAGAGCAAC,CARD6,1745,635,845
CARD8_GCTGTCTAAGATAGGACACG,CARD8,542,172,282
CARD8_AAATTGTCCTACAGGAGCCC,CARD8,291,74,170
CARD8_TAGAAAGGCTCCACCCGGGC,CARD8,673,111,39
CARD8_TACCTTGGAGGGAGATGAAG,CARD8,522,231,147
CARD8_CCAGCAGAGAAACTGACACG,CARD8,2514,1273,837
CARD8_GGGTAGCTCCCTGTATACCC,CARD8,249,67,106
CARD9_CGCCATTGAGCGGGACCAGG,CARD9,141,127,208
CARD9_CTGCGCAAGGACCTCCGCCA,CARD9,1692,356,353
CARD9_GCACAGCCTCATGAAGGCCG,CARD9,253,126,199
CARD9_GGCGCACCAGAGTGAGGAGA,CARD9,281,201,37
CARD9_CGATGATCATGGAGAAGACG,CARD9,1471,498,277
CARD9_CTTTCCGTTTGCGGATGACC,CARD9,387,76,159
CARHSP1_GGAGGTCGTCATCACTCACC,CARHSP1,0,40,24
CARHSP1_TGTCCCAGTGGAAGGCGACG,CARHSP1,789,204,516
CARHSP1_TGAAGCCATGGCCCTTGGAC,CARHSP1,929,450,202
CARHSP1_AAATGCTTCTGCCGGTCCAA,CARHSP1,180,17,20
CARHSP1_TGCAGACTCCTTTGTAGACG,CARHSP1,1733,1085,670
CARHSP1_GAAGGTCCTCGTCCGGCGAG,CARHSP1,26,3,15
CARKD_GAATCCGGAATGCTGCCCGA,CARKD,871,94,104
CARKD_CAATGCGACAACGACCGCGC,CARKD,848,126,324
CARKD_AGCAATCTCAGCTCTCAAAG,CARKD,1875,445,330
CARKD_CGCAGAGCGACTCACAGAAC,CARKD,2274,1281,1204
CARKD_CCTCATCCATGGCTACCGGA,CARKD,512,380,141
CARKD_GACCACCGTCACGTTGCCCA,CARKD,791,314,154
CARM1_ATCTAAGATGGCAGCGGCGG,CARM1,963,369,197
CARM1_ATCCAGTTCGCCACACCCAA,CARM1,615,389,259
CARM1_TGCCGTGCAGTACTTCCAGG,CARM1,1901,278,215
CARM1_TCATGTTCTGCTGCTGGGAC,CARM1,1396,310,621
CARM1_GACCTCAGCGTGCTGGGCCA,CARM1,484,99,8
CARM1_CGTGGTCATCCCGGGCAAGG,CARM1,1096,622,493
CARNS1_CAATCCCACTCGGGACCCGA,CARNS1,340,159,637
CARNS1_CGGCTTGTAGGTGAAAGCCA,CARNS1,1026,157,62
CARNS1_CAGCACAGATTCGCACGGCC,CARNS1,482,130,301
CARNS1_CAACTCCCTGCCGAGGACGC,CARNS1,601,233,166
CARNS1_CGTGGATTTCGCGCTGACAG,CARNS1,1497,419,657
CARNS1_CACCGAGCACGACGTGGACC,CARNS1,2295,904,857
CARS_CCCGATACTGCTCGAACAGG,CARS,1574,211,365
CARS_CGTCTATGACGCATCTCACA,CARS,290,116,111
CARS_ATGGCTGGGTCCCAGCAGGA,CARS,151,0,27
CARS_CTCGTCACTAATGCTCAGAA,CARS,2756,746,694
CARS_TATCCCAAGTCTGTGCGGAA,CARS,1071,373,310
CARS_CTGCCCGGAGGAATCTGCCA,CARS,849,0,0
CARS2_TGCTCCGCAGGCAGAAGAAC,CARS2,1049,167,183
CARS2_TCAGGGCATTTGCACGCCAA,CARS2,942,234,279
CARS2_GGGTTTGGCCGCCTTCCACA,CARS2,734,123,98
CARS2_CATTCGAAGGATCCTAACCA,CARS2,1476,136,151
CARS2_AAACTCACCAAGCATGGCCA,CARS2,1306,89,111
CARS2_TTGAGGACTACGCGCGGCCC,CARS2,617,454,162
CARTPT_AACGACGAGTTTCAGAACGA,CARTPT,599,115,115
CARTPT_CCTGGACATCTACTCTGCCG,CARTPT,980,128,521
CARTPT_GGATGATGCCTCCCACGAGA,CARTPT,344,27,80
CARTPT_TTGTTGTTTCAGTGTGACGC,CARTPT,670,435,234
CASC1_AATCAAGGTAACAGGGCCAA,CASC1,240,303,398
CASC1_GCATCCCACCTTACAACCAC,CASC1,1003,461,509
CASC1_CTCCACCCAGAGTTGTGAAC,CASC1,2454,799,428
CASC1_AGGGTCTCACTTAATTCAGG,CASC1,80,245,51
CASC1_ATTGAAGCTGCTACAAGAGG,CASC1,186,65,4
CASC1_CTTTCCTTACCTGGACCAGG,CASC1,489,80,29
CASC3_TCTCTGCCTTCACAGCGCGG,CASC3,1333,183,299
CASC3_TCTTCGAGGGCAAACTCAGG,CASC3,229,173,114
CASC3_CTCGAAGAATCCGGAAACCC,CASC3,1632,259,402
CASC3_CTCCACAAAGAGATCCAAAC,CASC3,1900,897,896
CASC3_AACCATATACACATGGGAGC,CASC3,274,68,300
CASC3_CTGGCACAGGTCTTTGCCGC,CASC3,993,396,125
CASC4_AGCCATGCTGCGGATCAACA,CASC4,946,1017,1054
CASC5_TGATACGACACAAGATCGGG,CASC5,1125,19,26
CASC5_CTTACTGCTGAAGTCCAGAG,CASC5,718,45,17
CASC5_AGCTTACCGCAGTAGTCAAA,CASC5,940,144,112
CASC5_GAGACACTGCTCTGACAAAG,CASC5,890,23,134
CASC5_CGATAACTGCCTCACTGAGA,CASC5,572,88,15
CASC5_TCAGAATCCCATTCTTCCAC,CASC5,478,50,87
CASD1_GGTTGATCTCCCGCTTGCCC,CASD1,0,39,21
CASD1_AGGAGGCCGAGGTTGACAAC,CASD1,620,159,143
CASD1_ATGAGAGTAACAGGAGGCCG,CASD1,357,261,259
CASD1_TGAACCATACAGTGACCAAG,CASD1,2076,271,395
CASD1_ACCTGTACCACAGAAACAGA,CASD1,245,56,162
CASD1_ATGGCTGGCAGCGGACACAA,CASD1,1503,459,691
CASK_ATCGCCGTTTAAATAGGGAG,CASK,479,43,82
CASK_CTCACAGGTGCTGGACAGCC,CASK,1325,677,624
CASK_TGCTCATGTACCTTAAGCCA,CASK,530,648,977
CASK_TGTACAGTGAAGCTGTAGCC,CASK,411,191,92
CASK_AGTCCAGGGTTAAGTACAGA,CASK,273,110,213
CASK_CAGCACGTCGTCGTCGGCCA,CASK,1486,256,157
CASKIN1_CACCTACAGCCAGACAGCCC,CASKIN1,915,197,43
CASKIN1_TGTCGATGCCGGCTTGGAGG,CASKIN1,1342,241,111
CASKIN1_CCGAGTTGTCCACCATGCAC,CASKIN1,2955,227,711
CASKIN1_AGTGACCATGCTGGGCCGCC,CASKIN1,118,110,54
CASKIN1_TGCGGCCCTGAACGGCAACA,CASKIN1,1013,228,400
CASKIN1_TGATCTTCTTGGTGGAACCC,CASKIN1,878,55,53
CASKIN2_CCACCTCGACAATGCCCGGG,CASKIN2,1757,319,380
CASKIN2_ACTGCTCTCAATGTCCGGGC,CASKIN2,234,0,26
CASKIN2_CCGGAATACGTATAACCAGA,CASKIN2,431,95,89
CASKIN2_GATCAACCGCCAGACCAAGA,CASKIN2,924,77,149
CASKIN2_GATCTGTCCGTCCAGCGAGG,CASKIN2,1069,31,0
CASKIN2_TGTGCAGAAACTGGTGGCGA,CASKIN2,2814,420,379
CASP1_TCTTTAAACCACACCACACC,CASP1,780,124,363
CASP1_TGTGTCTTTCCAGACAGCCC,CASP1,404,172,180
CASP10_CAGAGAAACCCTTTGTCGGG,CASP10,0,91,102
CASP10_AAATGCCAGGAAACTTAGGG,CASP10,491,127,86
CASP10_AGTGACACCTCCTGTAGACA,CASP10,1002,314,471
CASP10_CACAAATGGTGCACCAAGCC,CASP10,1439,359,581
CASP10_AGGATGAATCGGAACCACAG,CASP10,148,203,244
CASP10_GCCTTCCTCCACATGCCGAA,CASP10,742,353,193
CASP12_CAAGGGTCTCTTTCAGGAAA,CASP12,664,198,264
CASP12_TTGTTGCGGATGTTGAGGCC,CASP12,1302,283,194
CASP12_ATCCAGGGTGCCCAACCCAG,CASP12,240,21,54
CASP12_CAACGGTGTTCTGGTCCACA,CASP12,773,258,434
CASP14_CAATCCGCGGTCTTTGGAAG,CASP14,575,49,291
CASP14_TGGTACTCATGGCTCACGGG,CASP14,288,147,307
CASP14_ATCATACAGGCCTGTCGAGG,CASP14,1207,0,71
CASP14_GCCTACCGACATGATCAGAA,CASP14,2244,647,626
CASP14_CTCATGCTTTATCCAGACCC,CASP14,2205,624,456
CASP14_CAGATACAGCCGTTTCCGGA,CASP14,78,86,172
CASP16_TTCCTGTTGCAGGCCTGCCG,CASP16,675,119,256
CASP16_GCAGCCAGCTCCAGTACCAG,CASP16,1961,206,394
CASP16_CAGATCTACGCTGAGGCCCA,CASP16,591,129,26
CASP16_ACGGTCTACTCAGCCGCAGA,CASP16,1356,268,418
CASP16_GCTCCAGAAGGTCTCTCCCG,CASP16,1036,135,25
CASP16_TGGTCCTCAGGTCAACAGGC,CASP16,829,224,88
CASP2_TCTTGTGTCTTAGGCCAAAG,CASP2,2010,431,498
CASP2_AATTCTCACCTGTCGACAGG,CASP2,246,58,119
CASP2_TCGGCCTCGTGGCCTAGCAC,CASP2,682,351,280
CASP2_ATCGTGGCACTCCTCTCGCA,CASP2,963,224,515
CASP2_TTCTTTCTGGCAGCTCCAAG,CASP2,814,304,513
CASP2_GCATATCATGTCTGAGCGCG,CASP2,1175,714,767
CASP3_TTGCCACCTTTCGGTTAACC,CASP3,1561,215,326
CASP3_TGCCACCTTTCGGTTAACCC,CASP3,880,383,218
CASP3_TCTTACCCGGGTTAACCGAA,CASP3,1335,296,219
CASP3_TCAGCATGGCACAAAGCGAC,CASP3,1585,562,509
CASP3_TACAAGAAGTCGGCCTCCAC,CASP3,385,0,77
CASP4_CGGCTGAGGGATTCTTACCC,CASP4,741,211,270
CASP4_CAGTGAGGAAATCTTTGCCC,CASP4,274,46,94
CASP5_TTGCAAGATCCACGAGGAGA,CASP5,1066,436,270
CASP5_TTCTGTTTGCAAGATCCACG,CASP5,948,382,181
CASP5_CGTCAACCACAGTGTAGCCC,CASP5,3226,985,595
CASP5_GCTCTTCTGCAAATCGAGGC,CASP5,76,94,99
CASP5_CTCTTTGCGAAAGAATCGCG,CASP5,490,176,399
CASP6_AACTCCTCACACTGGTGAAC,CASP6,1313,136,259
CASP6_GAGTTCTGTGAACTCTAAGG,CASP6,62,68,212
CASP6_AGCAGGCAGCGTGTAAACGG,CASP6,1771,448,473
CASP6_AAATGTGATTGCCTTCGCCA,CASP6,527,143,54
CASP6_ATAGAGACAATCTTACCCGC,CASP6,241,23,121
CASP6_GGCACTTAACACTGCCAGAA,CASP6,483,406,218
CASP7_GAAGAGGGACGGTACAAACG,CASP7,539,278,272
CASP7_CTTCAAGTGCTTCCGAAGCC,CASP7,659,543,640
CASP7_TAAGAGGATGCAGGCGAAGC,CASP7,693,145,181
CASP7_GAACCGTGGAATAGGCGAAG,CASP7,1419,816,589
CASP7_GGCAACTCTGTCATTCACCC,CASP7,519,96,23
CASP8_CCTAACTCCACGTGCTCAGC,CASP8,270,130,187
CASP8_GCCTGGACTACATTCCGCAA,CASP8,1323,230,567
CASP8_AGTCTGTACCTTTCTGGCGG,CASP8,2304,69,250
CASP8_CTCGGACTCTCCAAGAGAAC,CASP8,1649,429,501
CASP8_AACTTCACAGCATTAGGGAC,CASP8,880,203,376
CASP8_TCCTCTGAATCAGTCTCAAC,CASP8,183,104,132
CASP9_CAGCACTCACCCTAAGCAGG,CASP9,920,171,204
CASP9_TGGAGGCCACCTCAAACCCA,CASP9,1256,129,321
CASP9_ACAATCTTCTCGACCGACAC,CASP9,707,206,174
CASP9_GATAATGAGGCAGTGGCCAC,CASP9,73,19,33
CASP9_CCTCCAGAACCAATGTCCAC,CASP9,795,343,170
CASP9_GCTACTCGCCATGGACGAAG,CASP9,1041,198,186
CASQ1_CATGAGTGCTACAGACAGGA,CASQ1,1343,193,618
CASQ1_CGGGCTGGTAGACTCTGAGA,CASQ1,1044,32,12
CASQ1_ATCAAGCAGAAACTCCACGA,CASQ1,1155,462,277
CASQ1_CTTCGCCACCTTCGACAGCA,CASQ1,1089,537,570
CASQ1_AGACAAGCCCAATAGCGAAG,CASQ1,1339,269,454
CASQ1_CGGAGAGTATGTATGAGACC,CASQ1,2451,636,575
CASQ2_TGGGCGCAGGCGACGTAGAG,CASQ2,2661,600,633
CASQ2_ACCTTACACAGAAGAGGAGC,CASQ2,273,52,133
CASQ2_CTTTGCCACCTTTGACAAAG,CASQ2,748,444,496
CASQ2_GGAGATCATCAGCAGCAAAC,CASQ2,1386,625,617
CASQ2_AGCCAAGCTTGCCAAGAAAC,CASQ2,1378,557,884
CASQ2_TTGCCTCTACTACCATGAGC,CASQ2,617,43,37
CASR_CCTTCTTCCCAACTTGACGC,CASR,1521,1361,256
CASR_CCAGCGTCAAGTTGGGAAGA,CASR,2418,724,544
CASR_ACATCAAGAAAGTTGAGGCG,CASR,605,40,284
CASR_CCCGACTTCCTTAAACACGA,CASR,2704,827,882
CASR_TCTCGGCTGCAGTTGGAGAA,CASR,1079,447,550
CASR_GGATCTTGGCCTCAAACACC,CASR,102,21,0
CASS4_CATCATGGACTGTGCGCCCA,CASS4,1931,281,186
CASS4_GCAGTTGTCATAAAGTGCCC,CASS4,432,31,28
CASS4_ACGAGCTGGCTTTCAGCAGA,CASS4,747,232,465
CASS4_ATGACGTGCCTACCCAGCAC,CASS4,348,28,109
CASS4_CCATGAGGAATTATGGCCCG,CASS4,707,522,576
CASS4_GATCATCACTCAGAGCAAGC,CASS4,607,89,214
CAST_CACTCACCTCATGGGTGCGG,CAST,114,8,0
CAST_TACCGTCTTGTACCACCAGC,CAST,176,133,179
CAST_AGTGAATCGCCTTCCAAACC,CAST,1089,110,158
CAST_ATCACTGACCTTGGTGGCCG,CAST,416,251,105
CAST_AGACTTGCTGGTTGCACCAG,CAST,1310,426,198
CAST_ATCTGGCAAGCCGGGTGACA,CAST,356,257,256
CASZ1_TGAAAGTGAATGTGCAGCCG,CASZ1,1177,416,244
CASZ1_CTTCGGTGGCTCGGAAGCGC,CASZ1,756,26,115
CASZ1_TCCCATTGAGGTGGCAGCCG,CASZ1,865,440,1019
CASZ1_CGCGGTACTGGTAGGCACAG,CASZ1,2461,756,737
CASZ1_CTCGGGAGTGTTGAAGGACA,CASZ1,1851,714,216
CASZ1_TCTTGTCTTCCTCGCTGCGG,CASZ1,901,259,193
CAT_GATGTCCTGACCACTGGAGC,CAT,602,81,168
CAT_AGTGGAGAACCGAACTGCGA,CAT,902,96,160
CAT_ATTTCACTGCAAACCCACGA,CAT,373,90,347
CAT_ACATCTGAAGGATCCGGACA,CAT,1585,378,375
CAT_CTCACCTTGGTGAGATCGAA,CAT,475,208,342
CAT_TGACACTCACCGCCATCGCC,CAT,961,571,465
CATSPER1_ATTTGCGGAACAGTGCCCGG,CATSPER1,106,42,34
CATSPER1_GGACGGCAAGGACTGGCCCA,CATSPER1,92,32,26
CATSPER1_CCACTGACCTGAGCCTCCGC,CATSPER1,395,20,0
CATSPER1_CAGGGCGATGATCTTGAGCA,CATSPER1,421,148,262
CATSPER1_GCTCCAGCGGACCCGCAAGA,CATSPER1,700,374,545
CATSPER1_CACCGTAGGAACGGTGGGAG,CATSPER1,825,115,128
CATSPER2_TGAGGAGATGGCGCGTCGGG,CATSPER2,1018,111,63
CATSPER2_CTGCTTACGAGAAGAACACA,CATSPER2,936,512,361
CATSPER3_AAATGACTCTCGAGTGGCGC,CATSPER3,128,200,195
CATSPER3_CCCACCGATGTAGTGTCAAC,CATSPER3,3634,227,825
CATSPER3_CAAGCTTATCGGCTATAGCC,CATSPER3,242,78,271
CATSPER3_TCGGGAATTTGCTTTGAGCC,CATSPER3,418,302,182
CATSPER3_GGTGATTCTGCAGCGGCAGC,CATSPER3,0,24,0
CATSPER3_CTTGAGCCACACTGACCCAA,CATSPER3,802,451,176
CATSPER4_CCTCCCATACAGGCCTCGAG,CATSPER4,72,403,657
CATSPER4_GGCATTGATCACCAGCAGCA,CATSPER4,773,251,137
CATSPER4_TGACGCGGATGATCCGGGCG,CATSPER4,1167,794,913
CATSPER4_AATGATGAAGGCAGGAGAGC,CATSPER4,210,66,333
CATSPER4_CACAATGCACCAGTGGCAGC,CATSPER4,778,358,448
CATSPER4_ACAGGCGCTCGTCGACGAGC,CATSPER4,13,42,114
CATSPERB_GGCAAAGGAATGGACGAACA,CATSPERB,613,53,191
CATSPERB_AAGGTTTACTCGACAAAGGC,CATSPERB,263,162,278
CATSPERB_ATTCTCTTCTCCCGTTGGAA,CATSPERB,346,136,170
CATSPERB_GGCCTACCTTGTTATAGAAG,CATSPERB,427,364,421
CATSPERB_TAATGCCACATCATTGGCAC,CATSPERB,1196,414,400
CATSPERB_CTAAGTGTGTTCACATCAGG,CATSPERB,1333,244,322
CATSPERD_AGTTCTCGCACAGTGAGGAC,CATSPERD,215,56,109
CATSPERD_CACCAGAGACATGTGTAACA,CATSPERD,2234,1429,1106
CATSPERD_GCCCGAAACTCCGGTTGAGG,CATSPERD,0,74,8
CATSPERD_ACTGGCAGTTATAACTCGGG,CATSPERD,78,0,0
CATSPERD_GAAGCGCCTGGATATTCACG,CATSPERD,285,121,146
CATSPERD_ACGAAGCAGTCAATTCCAGC,CATSPERD,1216,417,75
CATSPERG_AGAAGGTGTCGCGGTACGAG,CATSPERG,1533,399,245
CATSPERG_AGGATTTCCAGGAATGCACC,CATSPERG,462,156,56
CATSPERG_TCAGGTAGTAAGGGAAGCCC,CATSPERG,564,314,130
CATSPERG_TCAGGTGGCCCATGCGCACC,CATSPERG,398,310,224
CATSPERG_ACGCCCATGCCCATCAAGAA,CATSPERG,3225,477,719
CATSPERG_ACGGCTTCCTGAAGAGAGAC,CATSPERG,494,19,91
CAV1_GCCAGAGGAGTGCTCCGAAG,CAV1,1883,140,221
CAV1_GCACCGCTGAGGAATGGGCC,CAV1,692,126,175
CAV1_ACCGTTCCCATCCGGGAACA,CAV1,492,270,242
CAV1_AGTGTACGACGCGCACACCA,CAV1,718,539,408
CAV1_GCACACCAAGGAGATCGACC,CAV1,512,14,161
CAV1_GGACGTAGATGGAATAGACA,CAV1,1158,128,75
CAV2_TCGCGGACTCGGACCAGGAC,CAV2,1491,906,733
CAV2_TGAGATGCGAGTTGAGCCGG,CAV2,1034,336,175
CAV2_CCTTGAGATGCGAGTTGAGC,CAV2,250,217,235
CAV2_AATTCCCGCAATGAAGGCCA,CAV2,874,205,277
CAV2_GAATTCCCGCAATGAAGGCC,CAV2,359,138,150
CAV2_CGTCCTACGCTCGTACACAA,CAV2,1467,1117,1272
CAV3_CACCGCCCAGATGTGGCAGA,CAV3,1011,298,530
CAV3_CGCGAAGAGTGGGTTGCAGA,CAV3,2257,652,722
CAV3_CAACCCACTCTTCGCGGCCC,CAV3,1273,155,386
CAV3_CAAGGTGGTGCTGCGGAAGG,CAV3,1911,470,868
CBFA2T2_GATGGTAGGCGTCCCTGGAG,CBFA2T2,323,87,141
CBFA2T2_GCGGACTCTTGTTCTTGCAC,CBFA2T2,757,60,128
CBFA2T2_GAAGGTGTTCGTGCTGAGCC,CBFA2T2,258,197,321
CBFA2T2_GCAGGACTGTGCCGAGGAGC,CBFA2T2,529,187,54
CBFA2T2_AGTGCAGATTCTCTCAGCAA,CBFA2T2,1106,343,261
CBFA2T2_AAACCATAGCGGATGTCAAG,CBFA2T2,388,244,183
CBFA2T3_GACGCCGAGGACACAAAGAA,CBFA2T3,1178,159,289
CBFA2T3_GCTGCTCACCAAGCGGCCGA,CBFA2T3,84,0,0
CBFA2T3_AAGTCAACGAGAACGGCAAG,CBFA2T3,500,254,230
CBFA2T3_GAATGACAAACGGCCGCAGA,CBFA2T3,348,41,108
CBFA2T3_CAAGGAGGCTGTGGACGAGG,CBFA2T3,1455,115,29
CBFA2T3_CGGCTTCAAGACTGAGGGAC,CBFA2T3,1208,481,467
CBFB_GAGAAGCAAGTTCGAGAACG,CBFB,1569,2044,4136
CBFB_TTCCAGAACGCCTGCCGCGA,CBFB,418,605,925
CBFB_TCGCTGTTCTCCCTGCCAGC,CBFB,445,153,561
CBFB_GGAGGATGCATTAGCACAAC,CBFB,1363,1291,1199
CBFB_CCTTTGAAGAGGCTCGGAGA,CBFB,195,155,87
CBFB_CCACCACCTAAATTGGAACC,CBFB,2390,781,620
CBL_CTTCTTCACGTTGCCGGCCA,CBL,895,316,713
CBL_AACCATAAGCCTCTTCAAGG,CBL,88,778,687
CBL_CCTGTCGAAAGCTCTTCCAA,CBL,885,150,260
CBL_CCAGACGAGTACAGCTCAGC,CBL,1081,69,170
CBL_AGACCATATCAAAGTGACCC,CBL,294,1033,242
CBL_TGTGCACATGAGGTGTCCAC,CBL,235,35,17
CBLB_TCACTTTATGCTAGGGAGGA,CBLB,792,244,470
CBLB_ATTGGTGGAGGTCTTTCAGG,CBLB,382,32,81
CBLB_CGCCTGGATCTAATTCAGAA,CBLB,577,600,743
CBLB_TCGGTTGGCAAACGTCCGAA,CBLB,330,588,295
CBLB_CCACCAGATTAGCTCTGGCC,CBLB,467,441,303
CBLB_GGATTTCCTCCTCGACCACC,CBLB,350,346,84
CBLC_AGCGCAGCTGCTTCGAGAGG,CBLC,919,119,134
CBLC_TCCGCAACTTTCCCTCCAGA,CBLC,906,169,366
CBLC_GAAGACGTCGAACTCGAAGA,CBLC,0,49,26
CBLC_GGCCAACACTCCTCAAGAAC,CBLC,1232,376,512
CBLC_ATCGGCTATGTGAGCTCAGA,CBLC,81,94,19
CBLC_AGACCTGACTGAGCTCGGCC,CBLC,115,129,118
CBLL1_AGCCGAATCATGGATCACAC,CBLL1,1959,943,1173
CBLL1_GAACGGTATGACTGTAAAGG,CBLL1,763,210,180
CBLL1_CACTGCTCAATTCGCTGCAC,CBLL1,327,280,101
CBLL1_TGAATATCAGGGTCAACCAG,CBLL1,1099,93,105
CBLL1_TGGGCAATAATATGTCCAGG,CBLL1,7,20,4
CBLN1_CACGTCCTGGTCACCAGCGA,CBLN1,2427,616,819
CBLN1_AGGTGAGCCTCATGCTAAAC,CBLN1,1003,490,817
CBLN1_ACTGTAGATCCCTTTGCGCG,CBLN1,1221,257,667
CBLN1_TATAACGAGACGGGAACGAA,CBLN1,384,93,212
CBLN1_ATCTGCACGCCGCGGGAGGA,CBLN1,964,299,330
CBLN1_TCTCATTCTGCCCGCGGGCC,CBLN1,145,326,231
CBLN2_CGTGCTGCTGCTCATGGAAA,CBLN2,1809,1355,1441
CBLN2_GCGTGCTGCTGCTCATGGAA,CBLN2,1338,1452,954
CBLN2_TTATAGCTTCAGCTTCCACG,CBLN2,436,127,217
CBLN2_CGTGTCGTTCTGCGCCCGCA,CBLN2,800,294,236
CBLN2_TGTCGTTCTGCGCCCGCACG,CBLN2,293,119,223
CBLN2_TACTGGAATGGATTGGGACA,CBLN2,1178,238,214
CBLN3_CCAATGATCCTGACGTGACC,CBLN3,1789,737,197
CBLN3_CACGTCAGGATCATTGGCAA,CBLN3,1870,443,654
CBLN3_CGAGGGCGGTGGCTTTGACC,CBLN3,522,166,189
CBLN3_GCAAATGCCACTCGCCCAGG,CBLN3,133,92,205
CBLN3_GGCCAGAAGCACCAGAACCA,CBLN3,1176,302,157
CBLN3_GCCAGAAGCACCAGAACCAA,CBLN3,1026,176,109
CBLN4_CCTGCTCTACCTAGATAAAG,CBLN4,726,311,407
CBLN4_AGTAATATCTGCCTTTGCGG,CBLN4,136,11,3
CBLN4_CGACCTTGGAGTTGGCCGCC,CBLN4,557,267,306
CBLN4_AACCCGGCCACGGACTCCAA,CBLN4,328,152,221
CBLN4_CGTCTGGGCACAGAACGACA,CBLN4,1041,259,224
CBLN4_TGCTGGTCCTCACGCTGCCG,CBLN4,1122,302,506
CBR1_TACATGGATGCCGGACGACA,CBR1,158,132,330
CBR1_GGACGTGCTGGTCAACAACG,CBR1,1457,611,539
CBR1_GACGTGCTGGTCAACAACGC,CBR1,2280,434,331
CBR1_AGTGCACGTGCAGCATGGAG,CBR1,972,149,211
CBR1_TCCTGAATGCCTGCTGCCCA,CBR1,730,96,33
CBR1_AACTGACATGGCGGGACCCA,CBR1,304,58,55
CBR3_TCGGCACAGTTCGCGCGCGA,CBR3,1309,497,598
CBR3_GACACTCACAGAAGGAGACC,CBR3,274,3,88
CBR3_TCTCATCCAGACGCCTGGCC,CBR3,239,86,360
CBR3_CTGGTGAATGCGTGCTGCCC,CBR3,270,17,342
CBR3_CAACTTTGTCATGGACCAAC,CBR3,641,386,446
CBR4_TACTGGCACTGTAAACGGAC,CBR4,281,122,67
CBR4_CATTGCCAGAAACCTGGAAG,CBR4,945,95,89
CBR4_TCATTGCCAGAAACCTGGAA,CBR4,744,83,215
CBR4_GCCCAGTTAATGGCCCGGAA,CBR4,954,258,252
CBS_GCATGCTGATCGCGCAAGAG,CBS,1493,565,684
CBS_AGGGTCCATCCTCGCAGAGC,CBS,518,154,204
CBS_TATCCGTCCACCAGGGAAGC,CBS,798,252,152
CBS_GATTTCGTTCTTCAGCCGCC,CBS,19,24,78
CBS_GAGCCGACATCCGGGAACAC,CBS,1006,617,401
CBS_AGCATCGGGCCGGATCCACA,CBS,710,103,362
CBX2_CCGAGTGCATCCTGAGCAAG,CBX2,3567,691,977
CBX2_AGCTGGAGTACCTGGTCAAG,CBX2,1434,138,540
CBX2_ACCTGGTCAAGTGGCGCGGC,CBX2,417,182,243
CBX2_ACATAACAGCTGGGAGCCGG,CBX2,177,254,190
CBX2_CGCCTCTCTGCTGGGTGGCA,CBX2,117,384,456
CBX2_CCGGTTCATGTAGTGCACGA,CBX2,3392,1061,2155
CBX4_GGTCAGGACATTGGAACGAC,CBX4,480,260,499
CBX4_CTGATGGGATATCGGAAGAG,CBX4,3162,661,687
CBX4_CCCTTGCAAGATATAACACG,CBX4,614,649,498
CBX4_ATCTGGTGAAATGGAGAGGC,CBX4,351,85,89
CBX4_CGAGAAGAAGCGGATCCGCA,CBX4,697,510,517
CBX4_TGGCGAGCACGTCTTCGCGG,CBX4,629,99,189
CBX5_GCGCGTGGTTAAGGGACAAG,CBX5,759,582,347
CBX5_GGAGGAGTATGTTGTGGAGA,CBX5,158,51,101
CBX6_AACCTGAAGGTGATCGACAA,CBX6,1175,585,572
CBX6_CATTTCGCCCTTCTCGGAGA,CBX6,798,40,90
CBX6_GCTGTATGGGCCCAAGAAGA,CBX6,1381,165,269
CBX6_AGCTGTATGGGCCCAAGAAG,CBX6,2178,525,598
CBX6_AGTACCTGGTGAAATGGAAG,CBX6,631,205,83
CBX6_CATCAAACGGCGGATCCGAA,CBX6,511,149,143
CBX7_CATCACCGTCACCTTCCGCG,CBX7,2024,282,569
CBX7_GGAGAGCCACAGCCATCGAC,CBX7,281,134,49
CBX7_CTCGTAGGCCATGACGAGGC,CBX7,26,166,203
CBX7_TCGTAGGCCATGACGAGGCG,CBX7,965,413,416
CBX7_ATCTGGTGAAGTGGAAAGGA,CBX7,655,142,527
CBX7_GCTGTCAGCCATCGGCGAGC,CBX7,635,204,111
CBX8_CTTTATCACCCTGGCCGGGA,CBX8,472,332,170
CBX8_CCAACCTACTTTGAGGAGGA,CBX8,1237,381,215
CBX8_TGCTCGCAGCCTTTGAGGAA,CBX8,3033,833,875
CBX8_GCATGGAATACCTCGTGAAA,CBX8,1510,785,886
CBX8_TCCGTATGCGCCGCTTCAGG,CBX8,528,260,221
CBX8_CCGTATGCGCCGCTTCAGGA,CBX8,1663,1295,1465
CBY1_AGAGATGCCGACTTCCGAGG,CBY1,443,54,3
CBY1_CACAGTTGGATCGATCAACC,CBY1,2850,322,759
CBY1_TGTCCTTCCTCCAGAGACAG,CBY1,656,277,215
CBY1_AGGTTCAGCGCCTTCGCAGG,CBY1,430,47,12
CBY1_CCACTTAATGGAGAAGGAAC,CBY1,2016,229,155
CBY3_AGGAAGATGCGCAAGCGCGC,CBY3,39,81,94
CBY3_AGACATGCTGACTGAGACCA,CBY3,1009,102,226
CBY3_AGGCCTTCGTGTTCCGCGGC,CBY3,419,218,252
CBY3_CGAGCACTCGAAGGTTGCCA,CBY3,1453,271,80
CBY3_AGAATGATGAAGGCGAGCCA,CBY3,343,247,190
CBY3_AATGATGAAGGCGAGCCAGG,CBY3,781,89,6
CC2D1A_GCGCAAACTCACCTGGCGGG,CC2D1A,22,2,27
CC2D1A_GCCTGATGATCCCTGAGGAC,CC2D1A,608,302,52
CC2D1A_CCAAACTGTACCTGGGCCAC,CC2D1A,2513,464,418
CC2D1A_ATTGAAAGCGCCAGACAAGC,CC2D1A,765,319,333
CC2D1A_CTGTAGGTAGGCGTGGACGC,CC2D1A,1421,1080,804
CC2D1A_CCGCCAGCGCGACTACAAGC,CC2D1A,1048,521,888
CC2D1B_AGATACCTGACTCCAAGGCA,CC2D1B,604,22,87
CC2D1B_TTCGCCTGCCTCCTTGGCAC,CC2D1B,311,117,96
CC2D1B_GGAGGTCTTAGGTGTGGACG,CC2D1B,834,133,345
CC2D1B_CTCGATGTGGGCCATGGGCA,CC2D1B,2408,518,647
CC2D1B_GGCAAGAAGCCAGCACCCAA,CC2D1B,206,181,32
CC2D1B_CCAGGGCCAAGACCTCGGAA,CC2D1B,1836,378,888
CC2D2A_GGATGCTCCCAGCCTAGGAG,CC2D2A,908,45,314
CC2D2A_CTGAGTATGACAGTCCGGAG,CC2D2A,1970,763,761
CC2D2A_GGAGAAATTGCAAGCAGCGA,CC2D2A,451,143,175
CC2D2A_CTTCGTAAGCGTCTGGGCCG,CC2D2A,1027,264,750
CC2D2A_AACTTTGATCCCGAACCAGA,CC2D2A,280,165,120
CC2D2A_GAAGATGAAGGCCTTTACAC,CC2D2A,524,48,165
CC2D2B_CTAACACTGACGTTCCCAAG,CC2D2B,1215,521,439
CC2D2B_GGATGGGAAATCCCGTGACC,CC2D2B,571,184,262
CCAR1_TGCAGCAGCTGCATTACAAC,CCAR1,2210,1318,946
CCAR1_CCTGTATAGTGTGCAACAAC,CCAR1,1787,453,357
CCAR1_CCAGCAAACCCTCTTAACAC,CCAR1,2301,276,317
CCAR1_AAACACGCTGCTTCTGAGGC,CCAR1,408,288,185
CCAR1_GCAATTGGCTGAAGTACAGC,CCAR1,928,100,213
CCBE1_CGTGCTGCAGCTGAAGCAAA,CCBE1,4258,1722,1737
CCBE1_TGATGGGAAGACATGTACCA,CCBE1,1597,401,471
CCBE1_GATATGACCGGGAGAGACAC,CCBE1,328,85,53
CCBE1_CTTGGACAATGCATCCCAGA,CCBE1,460,216,299
CCBE1_CGCCTGAAGACTTCAGACAC,CCBE1,936,252,721
CCBE1_TCCACGTGTGTCCCAACGCC,CCBE1,840,107,401
CCBL1_CACATCACGCACCAAAGCCC,CCBL1,1957,331,430
CCBL1_CCCATGACAATGATGGCAGG,CCBL1,497,170,252
CCBL1_CTCGTCTCCTTCGTCCACCA,CCBL1,985,535,325
CCBL1_GACGTCGTGAACTTGGGCCA,CCBL1,566,87,350
CCBL1_TGTTCGTCTCCAGCTCGCCA,CCBL1,333,257,87
CCBL1_TCACTATTGACCACAGCAGG,CCBL1,1026,188,77
CCBL2_CTATGAGCCCATGGTGAGAA,CCBL2,1318,573,417
CCBL2_CTATGACTGCTATGAGCCCA,CCBL2,681,82,165
CCBL2_GGCTCATAGCAGTCATAGAA,CCBL2,1147,419,289
CCBL2_AGCCTGAATCAGTATACACG,CCBL2,2731,425,339
CCBP2_ATCAGGGATGGAGACGGCCA,CCBP2,1147,238,474
CCBP2_TATCAGGGATGGAGACGGCC,CCBP2,136,50,34
CCBP2_TGCCGTGCTTGGATGGCACC,CCBP2,381,43,88
CCBP2_CAGCATACTTACTGCCCAAG,CCBP2,1570,259,261
CCDC101_GCGGGAATCGGCAGACACGA,CCDC101,47,4,5
CCDC101_TGCGGGAATCGGCAGACACG,CCDC101,1597,223,267
CCDC101_TCAGCTGATCAAACAAACCC,CCDC101,1931,141,116
CCDC101_TGGCCTCTACACAACCGCCA,CCDC101,606,155,90
CCDC101_TCTTGTCCAGAGCTTTCCGA,CCDC101,398,29,44
CCDC102A_CACTGCGGATCTTCCCGAAG,CCDC102A,988,555,235
CCDC102A_GCGGGTGGAGGAGCTCAAGA,CCDC102A,4,2,2
CCDC102A_GCGGCAAACAGCCAGCGCAC,CCDC102A,582,232,168
CCDC102A_GCTCGGTGCACGCTCCAGCA,CCDC102A,1161,259,560
CCDC102A_CTCATCCAGCCGTAGCCGCA,CCDC102A,604,170,145
CCDC102A_CTGCCAATTGGCGCGAGAAA,CCDC102A,1185,426,366
CCDC102B_TGAGATTGTAGCCCATGAAG,CCDC102B,1533,179,374
CCDC102B_CAGGATTCTTCTACGAAGCC,CCDC102B,659,391,411
CCDC102B_CGGCTTTGTCTCTGTGGAAG,CCDC102B,3528,931,1641
CCDC102B_ATACCTCGGAGTGGGACAAG,CCDC102B,607,188,49
CCDC102B_CGAGTGGAAGAACTAAAGCA,CCDC102B,987,404,402
CCDC102B_ATCAGATCCGTAAGCTCCAG,CCDC102B,465,139,35
CCDC103_AGTTACGGGCAGTGGAACAG,CCDC103,2599,399,129
CCDC103_CACATCTGAAGCCACTGGAG,CCDC103,1571,308,379
CCDC103_ATCTTATCCTTCCGCTCCAG,CCDC103,777,81,163
CCDC103_ACTGTCACACTATTCAGGGA,CCDC103,1269,63,130
CCDC103_AGACGTCTCGGGCTGGAGGG,CCDC103,670,135,191
CCDC103_TGAACCTAAGCCTGCTGAGC,CCDC103,480,221,120
CCDC104_GGGTAGTGGAGAGCATCGCG,CCDC104,607,116,185
CCDC104_CCAACAGTTAACTGCAAAGG,CCDC104,2108,557,758
CCDC104_TTACCTGACTGCTTAACCGA,CCDC104,375,297,234
CCDC104_ACCTCAACCTTACCTGAGGG,CCDC104,379,15,87
CCDC104_ATGCTCGCATGCTCTAAGCC,CCDC104,750,95,181
CCDC105_ACCTTGGAGAAGCCGCCGCC,CCDC105,317,54,129
CCDC105_TCTGGACAAGGTTCTGGAGC,CCDC105,614,19,192
CCDC105_CTTGGCTTCGTTTAGCGCCA,CCDC105,1280,400,310
CCDC105_GGTTATATTTCGTACACCGG,CCDC105,362,118,120
CCDC105_TCGCATGTACCAGAGACACG,CCDC105,830,215,459
CCDC105_ACCGCACGTGTGCTACGAGC,CCDC105,1191,158,197
CCDC106_ATGACCGGAGCAGTCGGAGG,CCDC106,1494,449,185
CCDC106_GGGTGCCTCATCGAAGGGAA,CCDC106,468,109,54
CCDC106_GCAGAAGCGCATCGAGGACC,CCDC106,414,77,47
CCDC106_TCTTCTGCTCGGATGGAGGC,CCDC106,51,23,102
CCDC106_GACCACTGCCGGATGAAGCC,CCDC106,1236,294,161
CCDC106_TCGAGCACCACCGCGTGGAC,CCDC106,458,316,339
CCDC107_AGGATCAACGCGAGCGGACC,CCDC107,380,251,316
CCDC107_GGATCAACGCGAGCGGACCC,CCDC107,340,30,80
CCDC107_AACTGCGGTTCTCCACGAGG,CCDC107,388,95,55
CCDC107_GGGCCAGCTGTTGTGTCAAC,CCDC107,321,536,455
CCDC107_GAACCAGGTGAAGGCTCGGG,CCDC107,164,0,0
CCDC107_CTTCTGTTTAAAGGAGGACG,CCDC107,451,223,166
CCDC108_TCACCTTGATCTGAGAGGCC,CCDC108,722,622,582
CCDC108_CCGCTTTCTCAAACCACAGC,CCDC108,971,712,440
CCDC108_ACCTTACCGCCTCCAGAGGC,CCDC108,418,124,104
CCDC108_TCACGACGGAGCTTGGAGCC,CCDC108,327,261,526
CCDC108_TTTCTCCACCAGTCTACAAC,CCDC108,1700,371,591
CCDC108_GCGTCCTGTATCTATGGAGA,CCDC108,1706,334,349
CCDC109B_GGGCGGGAGGATGCTCCAGA,CCDC109B,278,108,208
CCDC109B_GATGTGCAGTGTCCAAAGAG,CCDC109B,856,872,527
CCDC109B_GCTGCAGCTGTTCCTTCAGG,CCDC109B,416,289,192
CCDC109B_TGCTTCCTAACCTGTTCAAG,CCDC109B,1169,34,54
CCDC109B_ACCAGTGGACTCCTGTGGGC,CCDC109B,506,212,197
CCDC109B_GGCTAAAGAATCCCTGAAAC,CCDC109B,1264,371,344
CCDC11_TGATGCTCACGGAACTACGG,CCDC11,934,172,205
CCDC11_TGAACATGAAGCTCGTGCAA,CCDC11,1808,480,480
CCDC11_GGAGGAAGACCGATTAGCCA,CCDC11,422,349,216
CCDC11_GAATCAAGGATGCTGTGCAA,CCDC11,633,307,128
CCDC11_TCCAAGCCTCCTAAAGGCCA,CCDC11,1023,267,285
CCDC110_TCCTCGGAATGTATCTGGGA,CCDC110,633,175,166
CCDC110_GATCCTAAATTCTTCGGAGG,CCDC110,912,10,40
CCDC110_ATGAGCCGCGGCGATGAGCC,CCDC110,26,100,0
CCDC111_GGTCTATACACTGAGGACAA,CCDC111,1376,69,139
CCDC111_GATAGCGCTCCAGAGACAAC,CCDC111,90,50,22
CCDC111_AACAGGAGACATACTTCAGC,CCDC111,233,39,53
CCDC112_TCCTTAGGGCTATTCCAACC,CCDC112,1442,222,373
CCDC112_AGGCTTTACAAACCCACCAA,CCDC112,933,162,213
CCDC112_AGCGACGCCAGCGCCTCAAC,CCDC112,416,162,335
CCDC113_TGTTATCCAGCTGTGCGGGC,CCDC113,786,38,324
CCDC113_TTACGCTAAACTGGAGCCCA,CCDC113,20,154,46
CCDC113_AGGATGACTTACGACACACA,CCDC113,1062,448,226
CCDC113_TGAGGACATGAACCGCCGGA,CCDC113,614,305,233
CCDC113_TAAGAGGCTCCGGAAGCAGC,CCDC113,419,32,47
CCDC113_TTCGATTCCAAGCCTTACGA,CCDC113,1168,273,451
CCDC114_TCTGGAAGACCTCCCAGGAG,CCDC114,864,128,387
CCDC114_TGTTCTTGAGCTTGAGGAAG,CCDC114,1333,441,514
CCDC114_CCTGACGGCGTAGGCAGAGG,CCDC114,70,29,9
CCDC114_TGGATCTGCTGCGGATCGAC,CCDC114,835,526,504
CCDC114_GGGCTGCGCTGATCTGCACC,CCDC114,54,23,27
CCDC114_ACAGTTGCTTGTTGATGCGC,CCDC114,1046,410,150
CCDC115_GGTCAGCCCTGCTGCTGAAC,CCDC115,55,306,159
CCDC115_TCAGGTCTGCGGAGGCGCAA,CCDC115,1207,13,202
CCDC115_TTCTTTCCTCAGGTCTGCGG,CCDC115,569,18,66
CCDC115_GGAAGCTTCCTCACCTGGCG,CCDC115,317,98,198
CCDC115_ACGAACGGTGTTGAACGCCC,CCDC115,1073,63,8
CCDC115_CTGTCCTGCCAAACTGCGGA,CCDC115,800,251,64
CCDC116_ACTTACCCGTGCACTGCACA,CCDC116,547,304,124
CCDC116_GACAGTGACCTAGGTGCCCA,CCDC116,583,40,44
CCDC116_AGGAGTTTGTCCCTCACAGG,CCDC116,715,211,155
CCDC116_CAAGTCATTACTGAGCCAGC,CCDC116,730,115,226
CCDC116_GGAAGAGGCGGTGGTCAGCC,CCDC116,222,97,133
CCDC116_CATGCTGGACTTCGACGAGA,CCDC116,1439,635,439
CCDC117_AGTCCGAGCCGCCGCTCAGA,CCDC117,1354,317,292
CCDC117_GCAGTCCCTAGCAGTCCCGC,CCDC117,783,34,167
CCDC117_ACACAAGCGAGAGGAGGAGG,CCDC117,1359,0,92
CCDC117_CACAGTGTGAAGTTGCCCGA,CCDC117,722,204,225
CCDC117_CAGTTCAGTTCTCTGAGGGA,CCDC117,587,401,396
CCDC117_TTTCGGAACCTCGGCCAACA,CCDC117,512,273,321
CCDC12_AGTCAGGCTTCCGAGGAGCG,CCDC12,1150,13,0
CCDC12_TCCGAGGAGCGAGGTTGGCC,CCDC12,291,44,81
CCDC12_GCTGCGGAACTATGTCCCGG,CCDC12,251,14,1
CCDC12_AGGCGTTGCGGCGAAAGGAA,CCDC12,811,150,148
CCDC12_AGGCCTGCGCGATGCAAGAC,CCDC12,1116,218,744
CCDC12_TAGGCCTGCGCGATGCAAGA,CCDC12,494,252,484
CCDC120_CATCCACACGGATTCTGAAA,CCDC120,1301,442,387
CCDC120_TTGGTGCTGTCGAGAGGCCG,CCDC120,1533,207,151
CCDC120_CAAAGTGTGTCTCCAGGAGG,CCDC120,824,346,390
CCDC120_ATCTGAGCACCGAGCAGCGC,CCDC120,635,120,91
CCDC120_GGCTGGCCACAGAGTTCCGC,CCDC120,308,106,26
CCDC120_AAACTCCTCGAGTGTGGGAG,CCDC120,190,119,250
CCDC121_CTCCAGTACCTACTTGCACC,CCDC121,2239,712,462
CCDC122_CAAATAGACGACAGTGGCAA,CCDC122,996,495,399
CCDC124_CCGACTTGGTGTTCTCACCC,CCDC124,1585,333,490
CCDC124_CGACCAGCTGGAACGTAAGA,CCDC124,2899,1090,828
CCDC124_TCTCCTTCTTACGTTCCAGC,CCDC124,81,160,31
CCDC124_CCTCCAGCGGCACCTCCAGA,CCDC124,98,20,27
CCDC124_CCGTTACCTGAGCACTGCAA,CCDC124,764,276,256
CCDC124_CATTGAAGGGCACGGCCCGC,CCDC124,19,32,119
CCDC125_GAATTCTGAAGTCTTACGCC,CCDC125,265,99,88
CCDC125_ATTCTGAAGTCTTACGCCAG,CCDC125,135,192,144
CCDC125_GCCATTCTGGCACAAGAACA,CCDC125,1425,397,239
CCDC125_CAAAGCCACAAGTCATACGC,CCDC125,1051,236,290
CCDC125_CCTCCTCCATTTCCGAGAAA,CCDC125,1548,216,406
CCDC125_CCCTCCTCCATTTCCGAGAA,CCDC125,2193,860,1077
CCDC126_AACACAGTGGATGTCGAGAA,CCDC126,1215,1046,527
CCDC126_TTTGCAACGATTGGTGAAGC,CCDC126,825,193,582
CCDC126_TCAGCAGCCAACACCACCAA,CCDC126,3088,490,427
CCDC127_CATCTCTAGGTCAGCGGCGA,CCDC127,342,110,146
CCDC127_TCTTCCTCGCAGCAAGCGGC,CCDC127,442,53,115
CCDC127_TGTTTCTTCCTCGCAGCAAG,CCDC127,967,274,218
CCDC129_CTACTGCAAGTGTACCACAA,CCDC129,1044,640,265
CCDC129_AGATCCAAGAGAATCTCCAC,CCDC129,401,48,210
CCDC129_TTCCAAACAGAACATCAGGC,CCDC129,861,310,345
CCDC129_GCTATTTGCTCTGTCCACCC,CCDC129,1083,190,371
CCDC129_CCTGGTGTCGGCTGCTCAGA,CCDC129,888,136,337
CCDC129_TCAGTGCACAGTCCATGAGA,CCDC129,1176,280,246
CCDC13_ATGCCGGCCCTTCTCCACCA,CCDC13,1108,669,455
CCDC13_TGAGGATCCGCAGCCTGGAA,CCDC13,1205,755,524
CCDC13_CGCAGGAGCCAAGCCACCGA,CCDC13,1937,922,464
CCDC13_GACCACGTCTCCGGCTACAC,CCDC13,585,35,169
CCDC13_GGGAAACGGTGGACGAGAAC,CCDC13,738,106,235
CCDC13_AGGCCATCTGAAACCTCCAA,CCDC13,446,136,43
CCDC130_CGGGCTCGGAAGCTGTCACA,CCDC130,908,17,29
CCDC130_CCATATAACATCTGGTGCGA,CCDC130,801,42,40
CCDC130_GGACATGGCGGACAATGAGC,CCDC130,274,85,89
CCDC130_GACGGACGCCATGTTCCGGC,CCDC130,125,14,8
CCDC130_CATCCCGCTGGTGCCCGAGA,CCDC130,324,468,241
CCDC130_GGAGTAGTCCGCCACGAGGG,CCDC130,261,40,66
CCDC132_ACGGTGGATCAAAGAGCACA,CCDC132,447,128,234
CCDC134_AGATGTTTGAGGTGAAGCGG,CCDC134,1004,175,124
CCDC134_GCTGTTGGCACTGAAGAACC,CCDC134,1316,136,477
CCDC134_CTCGCCAGCTTTCTCCCACG,CCDC134,3701,871,1180
CCDC134_AGGCCGTGTTCTCCACCACG,CCDC134,1294,437,240
CCDC134_CAGACAGGCGTCTTCAACCA,CCDC134,2734,530,534
CCDC134_TCCAGGGCTATAACTCAGAC,CCDC134,839,533,305
CCDC135_CCGAGTGGGCTGAATGGGCG,CCDC135,595,250,334
CCDC135_GCACTTCACACTCGTTCAGG,CCDC135,297,149,309
CCDC135_TGTCTCCGACTTCCTCACCA,CCDC135,1065,339,494
CCDC135_ACTGTGCTCAAGTACCAGAA,CCDC135,1643,236,348
CCDC135_TGGGTGACAGACCATCAAGA,CCDC135,496,552,315
CCDC135_TCCACAGGCTTTCGATGCCC,CCDC135,1098,193,257
CCDC136_AGCCTCATAGGAGCCTAGAG,CCDC136,926,300,219
CCDC136_ACTCCCAGCTCTCTATGAGG,CCDC136,782,150,317
CCDC136_TGACATAGCATCCCTGCAGG,CCDC136,166,20,107
CCDC136_AGAGCTACAGCATCATCGCC,CCDC136,331,146,244
CCDC136_GCAGCACCTCAGGGATACGG,CCDC136,317,107,137
CCDC136_CTTTCCTTTGTCCTCCGGAA,CCDC136,1376,461,478
CCDC137_GCCCAAGAACCAGGACGAAC,CCDC137,749,1,38
CCDC137_ACCCGATCAGTAACAAGAAG,CCDC137,1173,50,37
CCDC137_ATGTCTTTCTGAAGGTCACC,CCDC137,38,0,0
CCDC137_CTGCACCTCTGGCTGCCGGA,CCDC137,635,26,24
CCDC137_TAGTCGCCGCTTCTGGAACC,CCDC137,1337,40,9
CCDC138_TGCTGTGTGCTATGGAGCCG,CCDC138,1419,266,249
CCDC138_CCGAGGGTCGTCAAGCCACC,CCDC138,1702,290,583
CCDC138_TGCTTGAATAAGCTGCCCAA,CCDC138,669,105,226
CCDC138_TGAGGTCGTATTAGTTGGCA,CCDC138,851,178,467
CCDC138_GCCTGAGCCAGGTAATCAGC,CCDC138,559,371,310
CCDC138_GCCAGTCTAAGGGCTTGCAC,CCDC138,1789,151,206
CCDC14_TTGCAATCCACAGCACCAGA,CCDC14,825,369,345
CCDC14_TGCCAGAGAGCAAATTAGAG,CCDC14,2912,1108,1232
CCDC14_GGAGCATGGCATGGTACAGC,CCDC14,331,356,165
CCDC14_TACAGGCTGAAACTGTACAC,CCDC14,1015,196,270
CCDC14_TTATCTTCAGGAAGGCACAC,CCDC14,484,76,232
CCDC14_GGTCAGGTCTGGAGCTCGAC,CCDC14,42,114,24
CCDC140_CTAAACGGAGTAAACGCAAC,CCDC140,33,223,179
CCDC140_AAGAACTGGCCAGATCGCGC,CCDC140,387,272,528
CCDC140_CGGAGATATCCAACTCCACC,CCDC140,531,297,285
CCDC140_GAGAGTACGTGTCCTAGGGC,CCDC140,267,156,129
CCDC140_GGAGAGTACGTGTCCTAGGG,CCDC140,244,117,62
CCDC141_CGAGGATATCCTGTACAAGG,CCDC141,2083,990,692
CCDC141_TGTCTGCACTTGACCTCGGA,CCDC141,799,148,191
CCDC141_AAAGCCACGGAAAGCAAGCC,CCDC141,1555,192,273
CCDC141_TGAAACCGAAATCCCTCAGA,CCDC141,377,44,13
CCDC141_CGAACAGTGTTCAGCGCACA,CCDC141,881,804,551
CCDC141_TTCACCCAGAGTCTCGGCCA,CCDC141,856,218,1176
CCDC142_CCTTGCAATCCTTGCAACAC,CCDC142,2616,249,585
CCDC142_CTAAGCTTTCCTCTGAGGCC,CCDC142,1129,385,126
CCDC142_AGACCTAGGGCGACAGGCGC,CCDC142,650,92,33
CCDC142_ATCAGTCGCTTATCTGGAGC,CCDC142,888,67,155
CCDC142_CGTTGAGGGACCAGCTCCGC,CCDC142,909,86,105
CCDC146_CATCACGGCGTCATGCAGCA,CCDC146,1767,868,719
CCDC146_TGATTTGAGTCATGCGGAGA,CCDC146,615,224,351
CCDC146_CACAATGATCGAAGAGGAGA,CCDC146,553,197,159
CCDC146_TGGCGTTCAGCTGATAGAGC,CCDC146,1305,244,421
CCDC146_ACTACAACTGGCCAAGAAGG,CCDC146,303,119,119
CCDC146_GATAATCGCCAGCTGCCCAA,CCDC146,57,49,29
CCDC147_CACCATTGCATCCCTAAAGA,CCDC147,2086,435,468
CCDC147_CCTGACCAAACTAGTGGAGC,CCDC147,264,247,249
CCDC147_TTCAGGCAGACATGGACAGC,CCDC147,1901,300,125
CCDC147_GCACCACACCGAAGATCAAA,CCDC147,909,299,403
CCDC147_TGAACAAGCCAAGAGGAACC,CCDC147,1155,97,103
CCDC147_CTGACTCTGTCAGGATGCCC,CCDC147,171,141,160
CCDC148_ATGGCGAGCCCACCAAGAAG,CCDC148,1355,105,141
CCDC148_CAATGGGCAGTTCACTAAGC,CCDC148,880,364,563
CCDC149_TCTCGTGGATTGTTTCCAAC,CCDC149,917,146,239
CCDC149_TTGCCTGTTCTCCATACACA,CCDC149,1787,636,376
CCDC149_GCTAGAGCGAGCTAAGGAAC,CCDC149,968,271,323
CCDC149_AGAAGTCCAGGGCGACAACA,CCDC149,3343,829,810
CCDC149_AGGTGTCCAGCTCCTTGGAG,CCDC149,1304,315,386
CCDC149_AGGAGGCCATGAACGGCGAC,CCDC149,100,110,176
CCDC15_ACACGTCCTTGCTCTTCAGG,CCDC15,266,89,127
CCDC15_TCCGAACTACCTGGTGAGGC,CCDC15,343,250,127
CCDC15_GGATATTCTGCCAGAAGCCC,CCDC15,358,48,23
CCDC15_GGTGATTTGCTGGAAACCCA,CCDC15,57,3,46
CCDC15_GCCTCCCAAATCCCAGGACC,CCDC15,168,334,128
CCDC15_ACTGGCATTTCAGTCTGACG,CCDC15,558,120,190
CCDC150_CGGAGCCTCAGGCGGACAGA,CCDC150,1194,138,178
CCDC150_CGTTGATGTGGGTTGGAGAA,CCDC150,1356,679,827
CCDC150_CTTTCGGCTGCAAACTGAAA,CCDC150,448,294,298
CCDC150_CTGCGAGGCAATCTTCAGAG,CCDC150,2714,1355,1047
CCDC150_CCTGTGCTTTCTGGATACAC,CCDC150,1809,222,231
CCDC150_TCAGCTTGCCCAACAGAAGG,CCDC150,1003,796,747
CCDC151_CAATGCCCGGGACATTGCCA,CCDC151,599,177,126
CCDC151_GCGCCTTCTGGAGATGGCGG,CCDC151,382,144,185
CCDC151_CAGTGATTCGCGAATGGAAG,CCDC151,1068,617,775
CCDC151_CCGCAAGGAGACTAAGGCAC,CCDC151,321,2,165
CCDC151_ACCCAGCCACCTCCGAGGCA,CCDC151,1574,359,423
CCDC151_CGCTCGTTCACACCTACACG,CCDC151,4106,1493,1075
CCDC152_GCGTTGCTCTAAATCGCGAA,CCDC152,1309,376,423
CCDC153_TGGTGGCCTCAAAGATCCAG,CCDC153,191,85,227
CCDC153_CAGCACTGAGACTTCACGCC,CCDC153,1245,134,119
CCDC153_TCGGGCCCACATGGCAGACA,CCDC153,1708,429,201
CCDC153_AGCTCTCGGAGAGCGGGACC,CCDC153,1002,97,50
CCDC153_ACTGCTCACAGCTCTACGGA,CCDC153,309,65,23
CCDC153_GACTGCTCACAGCTCTACGG,CCDC153,910,241,204
CCDC154_GGAGAGCTCACGGCTGAAGC,CCDC154,637,240,504
CCDC154_GGTGACCAAGCTCGGCGAAG,CCDC154,12,175,53
CCDC154_CCAAGAGGACAGCAGCCGGA,CCDC154,734,490,511
CCDC154_CCTTGACCCGGCTCAGGAGG,CCDC154,102,64,64
CCDC154_CTTGTAGAGTTGGCTGACAG,CCDC154,2460,278,393
CCDC154_TCCGCTCTGGTCACCTGACA,CCDC154,1144,391,358
CCDC155_CTCAGTTCAGGTGCTCCAGA,CCDC155,481,239,155
CCDC155_TCCAGTCACGCATGACAACC,CCDC155,1613,473,515
CCDC155_GCATGGAGACAGCTGAGGAG,CCDC155,943,527,76
CCDC155_CCTGCAGTTTGCCAAGGCCA,CCDC155,694,271,287
CCDC155_AAGCTGCTTGCCGAGCGGGA,CCDC155,558,29,169
CCDC155_CACTCGCGATGTGGAGAGCC,CCDC155,670,268,230
CCDC157_ATGGTCATAGTGCTCCAGCA,CCDC157,942,417,268
CCDC157_CGTGGCTGGGAACTGCAGGG,CCDC157,1006,45,99
CCDC157_ACAGCAGCGGGAGTCCACAC,CCDC157,1984,1015,491
CCDC157_GAAGGCCCGTGTCGACAGCA,CCDC157,437,66,41
CCDC157_GCGAGCCCTGCTAAAGCAGC,CCDC157,528,140,111
CCDC157_AACCATCCTGGAGCTAGAAC,CCDC157,1141,508,399
CCDC158_CTGGCTGTAGACTGCGAAGA,CCDC158,849,480,386
CCDC158_GGAACGCCGTTTGAAAGAAA,CCDC158,406,326,262
CCDC158_ATTTCAAGTCCACCCGGGAG,CCDC158,594,228,123
CCDC158_TGCGGCGGGAACTGGACAAC,CCDC158,1128,775,408
CCDC158_ACTCAGAGCTAACTGAAGCC,CCDC158,247,249,139
CCDC158_TTCAGCTGGGACTTTGACAC,CCDC158,2303,425,2003
CCDC159_GATGGGAGAGCATGAACAGG,CCDC159,186,43,60
CCDC159_CCAGTTACAGGCCCAGACCA,CCDC159,2322,1027,1142
CCDC159_GGTTCAGGAACTCGAAAGCC,CCDC159,457,172,228
CCDC159_TGGCCCAGGAGATCCGGGAC,CCDC159,703,470,640
CCDC159_GAGATACCGCAGGGAGCCAG,CCDC159,394,44,0
CCDC159_TAGGCTCGAGGCCTTGGGAC,CCDC159,333,206,201
CCDC160_AACGACTGCAGATAGCAGCA,CCDC160,965,222,243
CCDC160_ACGACTGCAGATAGCAGCAA,CCDC160,1289,252,313
CCDC166_ACCTTTGAAGTGGCCAGCGA,CCDC166,1030,341,396
CCDC166_CTCGTTGGTGCTATCGAGCA,CCDC166,431,699,952
CCDC166_AGCGCGTGCAGTCACTGGCG,CCDC166,655,386,380
CCDC166_CGCCAAAGCCATCGTCCGGC,CCDC166,613,433,489
CCDC166_TCACGTAGCTGGCGTAGAGC,CCDC166,1014,291,391
CCDC166_AGAGCCGGTTCTCCTCGCGC,CCDC166,716,195,131
CCDC167_CCTACTGGACCATGTGAGCC,CCDC167,1272,1092,233
CCDC167_AGGCATAGACGAGCGTCAGG,CCDC167,211,13,61
CCDC167_GAGCGTCAGGAGGATAAAGA,CCDC167,650,151,174
CCDC167_CCTCCAGGTCTCTCCGACAC,CCDC167,1668,157,207
CCDC168_CAGTGAGTCTGCCGGTACAC,CCDC168,600,229,134
CCDC168_GAACACTCGTCCAAGTCAGC,CCDC168,163,166,176
CCDC168_TCATGATCAGCGTCCAGCAA,CCDC168,1905,681,676
CCDC168_CTCTTAGACAACATGACACC,CCDC168,1072,548,699
CCDC168_GCATGTCCAGAAGCAACCCA,CCDC168,895,87,44
CCDC169_GGTTGAGGACCCATGTAAGC,CCDC169,511,172,310
CCDC169_TGAGGACCCATGTAAGCAGG,CCDC169,1088,267,343
CCDC169_GAGGACCCATGTAAGCAGGC,CCDC169,51,90,38
CCDC169_TGTCTATGAACGAATGCCAG,CCDC169,264,108,208
CCDC17_GGGAGGCCTACATTCGAGAC,CCDC17,664,125,140
CCDC17_ATAAAGTTCTGCCTCTCGCC,CCDC17,269,4,0
CCDC17_GATGTCCCGCCTCTTCGGCC,CCDC17,182,119,245
CCDC17_CCTGGACACGTTCCGAGGCG,CCDC17,74,115,92
CCDC17_CCAGTAGATCTGCTCTAAAG,CCDC17,1757,449,482
CCDC17_ATGTCATCTCTTGGGTCGGG,CCDC17,486,245,321
CCDC170_TACCTCGGGCGCTGGCGAAG,CCDC170,1926,333,391
CCDC170_TTAACTGCTCCCGCGTGACC,CCDC170,367,458,188
CCDC170_CGCTGCAATCAAGGAGAACC,CCDC170,1648,565,494
CCDC170_AAGGCTGCTTGCTGGCCAGC,CCDC170,449,73,163
CCDC170_TCAGGGTCAGCTGACACACC,CCDC170,843,356,668
CCDC170_ACTTGGCTTTGACATGCGGC,CCDC170,539,107,18
CCDC171_TCAACGGGAGAAGAATGAGA,CCDC171,628,59,141
CCDC171_GACAGATTACCAGAACAAGC,CCDC171,412,215,38
CCDC171_CACTAAATGTGCAGACCGAG,CCDC171,369,339,240
CCDC171_CCCTGATTGCAGACCTCAAC,CCDC171,1116,491,608
CCDC171_GCGCATGATCGGCTATAGAG,CCDC171,2623,736,835
CCDC171_CAAGACGTCATTGGTAAAGC,CCDC171,2653,879,513
CCDC172_CTTCACCGAGCATCAGGCGG,CCDC172,426,323,106
CCDC172_AGTCGCCGTTTGATGCGAGA,CCDC172,589,49,232
CCDC172_CCCGACCTTCTCGCATCAAA,CCDC172,2795,1173,1197
CCDC173_ATTTCAGGACTATGCCAGAG,CCDC173,1272,365,251
CCDC173_GCATTTGCGATCTCAAGAAG,CCDC173,1122,298,298
CCDC173_ATGCCTCCGTGCAGAAAGAA,CCDC173,328,196,263
CCDC173_TAGCAAAGTAGATCTCCAGC,CCDC173,206,457,202
CCDC173_CCGTACCAGCATCTCTGACG,CCDC173,2827,370,430
CCDC174_GGGACCCTCTGCCACGACCA,CCDC174,458,392,148
CCDC174_CGTTTCAAATCGAGCTGAGA,CCDC174,959,169,302
CCDC174_GAGGGATCTCTCCCTCAGGA,CCDC174,82,53,73
CCDC174_TTTGCCAGATCTGCTGGAGA,CCDC174,1038,350,156
CCDC174_CAACTCTTTGTCTCGGGCAA,CCDC174,1296,147,108
CCDC174_CGGGAGTGGGACCGCGGAAA,CCDC174,326,221,169
CCDC175_TACAAGGGTTCATTTCCCAG,CCDC175,579,165,72
CCDC175_GCTGCGTTTGCTTGTGGAAC,CCDC175,1084,349,400
CCDC175_ATGTCAGTACATGGCTACGA,CCDC175,1207,145,542
CCDC175_GATCTCCTGTTGTCTGAAAC,CCDC175,724,346,597
CCDC175_AAGGTGCATAACTCCAGGGA,CCDC175,607,17,36
CCDC176_GAAGCCAAGATGCCGTCGAA,CCDC176,880,182,199
CCDC176_TTAGCACCGACTAGAACAAG,CCDC176,1778,268,335
CCDC176_ACCTTCTTCAGATGAAGGAC,CCDC176,651,99,59
CCDC176_ATCAGACTCTTCTGGTGAAG,CCDC176,1237,449,350
CCDC177_CTCATTCTACCAAGTGGCAC,CCDC177,1794,512,635
CCDC177_ACGCACGTGGAAGGAAGCCC,CCDC177,400,215,539
CCDC177_ATGAGGCCTACGAGGCGGAG,CCDC177,424,107,44
CCDC177_CTTCGACTGCCCAGAGGCGG,CCDC177,552,59,152
CCDC177_CTGGGCAGTCGAAGTTGAAG,CCDC177,1998,470,591
CCDC178_CCAGCCTCATCTGGCTGAAG,CCDC178,642,273,237
CCDC178_GCACAGCTGTGACGTCGACA,CCDC178,945,386,121
CCDC179_CTCACAGGGTTGACTTGGGA,CCDC179,822,340,359
CCDC18_TGTCCGAGGCTTCCACGCGC,CCDC18,1361,453,520
CCDC18_GATGTTCAGCCTAGCCACCC,CCDC18,173,138,258
CCDC18_GCTTGAGTCTGCTCAACAGC,CCDC18,378,39,68
CCDC18_CACACATACTTACTGGCAAC,CCDC18,1089,656,453
CCDC18_CCTCACAGCAGCCAATGCAA,CCDC18,993,43,49
CCDC18_AGCTTCAAACTCCAGCAAAC,CCDC18,2475,755,840
CCDC180_CCATCGTCCAAACCAGGGCC,CCDC180,416,200,439
CCDC180_GATCATGAGACCCACAACGA,CCDC180,1412,147,207
CCDC180_GGGCAATCAGCCACATGCCG,CCDC180,179,170,89
CCDC180_TGGTGCCTAAATCAATCGGC,CCDC180,411,0,123
CCDC180_TGTCGATTAGGGTCTGCAAC,CCDC180,732,600,442
CCDC180_GATTTGCGCCATGCGCGGCG,CCDC180,1,22,22
CCDC181_GGCTGAGCGATATAAGCCAG,CCDC181,211,18,81
CCDC19_GCTGGCAGGACATGGAACGA,CCDC19,1226,775,210
CCDC19_TGTTCTCTCCAAGAGGAAGG,CCDC19,450,41,57
CCDC19_GAAATCCATTCAAAGGCAGG,CCDC19,597,53,133
CCDC19_CAACAAGAAGCTCAGTGACC,CCDC19,964,226,120
CCDC19_CCATGTCCCGGGTGATGAGC,CCDC19,718,261,306
CCDC19_CAAAGCCGTGAGCTCTGAGG,CCDC19,446,108,156
CCDC22_TCTGTCCTTACGTGCCGGCC,CCDC22,460,1,48
CCDC22_AACCGGGCAGACATGGCAAG,CCDC22,1508,9,22
CCDC22_CAAGCTCCAAGGGATAGCCC,CCDC22,826,19,62
CCDC22_GAGCCAAATTCGGGACCAGC,CCDC22,599,0,57
CCDC22_CCAGAATTGAGTTCCAGAGG,CCDC22,1438,198,75
CCDC22_GGACTCGCCTGGAACTCCCG,CCDC22,318,15,9
CCDC23_CAACAGAGTCATGACAGAAC,CCDC23,1668,776,689
CCDC23_ATCTGTCAGCAGAGTTGAGA,CCDC23,392,245,327
CCDC24_AGGTCCTTTAGGAGAGGCGG,CCDC24,76,7,4
CCDC24_CGCAAGAGGTCCTTTAGGAG,CCDC24,3950,869,495
CCDC24_GAGATATTCCAGATGAGAGG,CCDC24,349,51,66
CCDC24_AGGAGTGTCACACCTTGGAG,CCDC24,1023,133,89
CCDC24_GGAGTGTCACACCTTGGAGA,CCDC24,298,63,86
CCDC24_GGTCGAAGGTAGGGCTCCAG,CCDC24,439,105,739
CCDC27_CCGTGGATCTCTCTTCAGCC,CCDC27,1382,323,161
CCDC27_GCTCTTACCACAGTGGGACA,CCDC27,1148,248,254
CCDC27_CCCAGGACCTGTTCTTGGCC,CCDC27,121,175,41
CCDC27_AGATGCTCTTACTGAAGGGA,CCDC27,872,137,289
CCDC27_ACAGGTTCAGAAGAAAGACG,CCDC27,970,210,190
CCDC27_GGCCTTCTCCAGACATGAGG,CCDC27,362,191,186
CCDC28A_GGGAAGCAATGAAATGCCGA,CCDC28A,40,35,6
CCDC28A_CAAACGGAGCTGCGGAGGAG,CCDC28A,867,216,847
CCDC28A_GGGTCTTTGCGGGTTGCGGA,CCDC28A,220,118,59
CCDC28A_GGTCTTTGCGGGTTGCGGAA,CCDC28A,616,56,99
CCDC28A_TCTTTGCGGGTTGCGGAAGG,CCDC28A,1227,231,115
CCDC28B_CGCTGTGGCTGGTAGGCACA,CCDC28B,1707,417,237
CCDC28B_AGCGGGCCAAGTTCAAGAGG,CCDC28B,802,187,168
CCDC28B_ACACAGTTGAGGGTAGGGAC,CCDC28B,1925,314,107
CCDC28B_GGTGACTGATGTCTATGAGA,CCDC28B,17,33,111
CCDC28B_AGATGCAGGAGAAGCTAGCC,CCDC28B,787,292,366
CCDC28B_TGTGAATACTCCTGGAGGGC,CCDC28B,676,231,670
CCDC3_CTTCTTACGCGCCTGCCGCA,CCDC3,230,170,162
CCDC3_TTGCGGCAGGCGCGTAAGAA,CCDC3,1410,598,663
CCDC3_AATTGACTCCGTGAGGCAAG,CCDC3,318,139,58
CCDC3_AGATGCTGTGCGACCAGGCG,CCDC3,1634,504,706
CCDC3_CGACCTCGGCCGAGTAGAAG,CCDC3,1235,352,399
CCDC3_CGAGACCATCGTGTACGCCA,CCDC3,1246,792,281
CCDC30_TGGTCTTGACACTGCAGAGA,CCDC30,774,307,337
CCDC30_TTCAGATGACAGTGGTGCCC,CCDC30,1432,114,300
CCDC30_AGTTGCATAGAATCTGGAGC,CCDC30,124,140,61
CCDC30_AGAGGCCCTACTTAAACAAC,CCDC30,686,176,248
CCDC30_CGATATCTTCCATCCAGAGC,CCDC30,508,287,460
CCDC30_CATCCATATTCGCAGAGGAG,CCDC30,527,358,471
CCDC33_GAAGGCCGAGGAGAAGACGC,CCDC33,16,83,180
CCDC33_CCCAAAGGCTCAGGATCACG,CCDC33,1675,1174,1159
CCDC33_TCGGAGCCATCCTTGCAGGC,CCDC33,1300,332,908
CCDC33_GAACGACTGTTGCGTACAAC,CCDC33,761,322,240
CCDC33_CCTTGTAGTTGGGAACGACC,CCDC33,774,286,236
CCDC33_CATCCGTTCTGGCTGACGCG,CCDC33,2,67,41
CCDC34_TAACCATAGCTCTTTGCAGC,CCDC34,1252,110,190
CCDC34_TTCCAGTTTGACGAGGACGA,CCDC34,601,226,271
CCDC34_ATGACGGGCGCACGTGGGCA,CCDC34,376,268,203
CCDC34_ACTGAGCAGGAGTCCGAGGA,CCDC34,409,678,827
CCDC34_GAGAAACCGGCGTAGGAAGA,CCDC34,412,236,182
CCDC36_TTATATCTCCTCCGAACAGC,CCDC36,475,320,113
CCDC36_TTTCCAACTGACAAAGGAGG,CCDC36,273,125,171
CCDC36_GAGGTATCAGCAGAGGGCAC,CCDC36,332,25,0
CCDC36_CAGTGGTGAGGTTCCTCACA,CCDC36,375,130,240
CCDC36_TGCAGACTAACTGCAAGAAC,CCDC36,1454,504,437
CCDC36_AATCTTATGGCCTGGGACGC,CCDC36,929,38,89
CCDC37_GGAAAGTGCTCCTCTGAGAA,CCDC37,1542,493,395
CCDC37_CCTTCCGCGACTACACGACC,CCDC37,1341,285,437
CCDC37_GGAGACGCTGGCGACCAAAG,CCDC37,486,88,96
CCDC37_ACAAGCTGTCGCCCAAGGAG,CCDC37,978,438,494
CCDC37_GCGAGCTCCATGTGGGCCAA,CCDC37,943,239,249
CCDC37_TCCAGCGGTGGCGACTCCAG,CCDC37,237,60,246
CCDC38_AGCTGCTGTTTGTTACCAGA,CCDC38,796,146,195
CCDC38_CTGAACCGAAACTTTCAGCC,CCDC38,751,624,552
CCDC38_ATGGCTCAACCAAAGAGGAC,CCDC38,886,431,181
CCDC39_CTACCTACAGCTAGCACAAA,CCDC39,3089,1063,1034
CCDC39_TTAGCACTGAGTTTCGCGAG,CCDC39,1394,363,368
CCDC39_TACAGAGACTATAAGCGCAC,CCDC39,541,56,139
CCDC39_GCAAGAGCTCTCAATTACAC,CCDC39,1030,528,305
CCDC39_TGGAAAGTTACGCTGCCGCC,CCDC39,323,47,87
CCDC40_CGTCGCCTAGCAACGGGAAA,CCDC40,1750,616,1181
CCDC40_AAGCCGATCCATCTTCCGGA,CCDC40,999,129,216
CCDC40_ACAGGTGTCACCACCAGAGA,CCDC40,1304,173,198
CCDC40_AGGACTCGATGTCGCTCCCG,CCDC40,870,98,121
CCDC40_GCAGAGAGAGTGGAGTCCGA,CCDC40,14,126,120
CCDC40_AGGTCTTGGTGTAGAGAGCG,CCDC40,1727,545,500
CCDC41_ATCAGCCATGGTTCCAAGCA,CCDC41,1050,270,245
CCDC42_CAGCGAGTCCGGATTTAAGG,CCDC42,1860,335,146
CCDC42_GGAGAAGATTGAGCGCGCCA,CCDC42,343,171,29
CCDC42_GATTGCACGCTACAAGACGC,CCDC42,258,319,2074
CCDC42_GACCAAGCGCAAGCAGGAGA,CCDC42,431,93,57
CCDC42_GCAGCCGGAAGTACTCGGCC,CCDC42,36,50,301
CCDC42B_AGTCGGAAATATTCCTCCCA,CCDC42B,66,44,21
CCDC42B_CCGTCTTGGTGCGGAACACC,CCDC42B,1347,287,377
CCDC42B_AGGGCTCCAGGCGCTTAAGC,CCDC42B,487,81,59
CCDC42B_AGGTGCTCGCACAGGGCCAG,CCDC42B,444,58,42
CCDC42B_CCTGGACATCGAGGACACGG,CCDC42B,1117,231,393
CCDC42B_CTGTGTCAGGGCTAGGAGGC,CCDC42B,862,261,393
CCDC43_GAGAGACAAACTAGCCAAGC,CCDC43,241,42,118
CCDC43_CACTTCGGGATGAATCCCAA,CCDC43,171,32,60
CCDC43_CTTCTCAATTAGGGTGGCAA,CCDC43,671,152,137
CCDC43_GCAAGGAGATTGTGGAACGA,CCDC43,654,284,406
CCDC43_TACTCACCAGGAAAGCAGAG,CCDC43,1214,513,277
CCDC43_CTCCGCCATCGCCTTCGCCA,CCDC43,1263,249,124
CCDC47_AGCAGCACAGTCTCGGCGGG,CCDC47,658,26,59
CCDC47_GGGTAAGTGTTACCTGAGCC,CCDC47,467,135,171
CCDC47_CTCTTTCTGTAGTCGCACCA,CCDC47,939,619,597
CCDC47_ACACTCGACCAGAACACCAC,CCDC47,793,346,346
CCDC47_CTCCCTATGAGTGTTAAACC,CCDC47,2935,854,528
CCDC47_ACAGTCGCCTTGCACAGGCC,CCDC47,714,158,226
CCDC50_TGACTCCAGGCAGCTTGGAC,CCDC50,977,328,266
CCDC50_CTTGGAGCTGCTTAGCCACC,CCDC50,434,85,251
CCDC50_ACGACGCATTCAGGAGAAGA,CCDC50,1293,258,113
CCDC50_AGAGAAACCAGAACATCCAC,CCDC50,577,39,202
CCDC50_CTCCATCACGAATGGCCCAC,CCDC50,216,410,162
CCDC50_TTCGATATCATAGGCTACCC,CCDC50,519,45,334
CCDC51_GCTAGACGCCTGTTCTCGAA,CCDC51,310,235,176
CCDC51_TGTGCGGGAAAGTCATGAGA,CCDC51,647,61,68
CCDC51_AACTGGCTACTCTCGAGCAC,CCDC51,1857,481,323
CCDC51_GAAGGGACCTCTTCATGACC,CCDC51,424,20,7
CCDC51_TGAAGAGGTCCCTTCCAAGG,CCDC51,1361,683,399
CCDC54_TAGACAATGTATCGTGGAGC,CCDC54,891,150,224
CCDC54_AGTATCTCTGGGTTATGACC,CCDC54,42,43,145
CCDC57_AGGAGCTCGACCGTCTGGCC,CCDC57,318,179,153
CCDC57_TGTGCAGCTAACCAGGAAGA,CCDC57,1956,188,168
CCDC57_AGGAAGCTCCAGAGCCGAGC,CCDC57,0,111,116
CCDC57_TACCTTAAGCTCCCGGGACA,CCDC57,1442,264,159
CCDC57_TGGTGAGATTGACCACCACC,CCDC57,231,10,87
CCDC57_GAATGAGCTGCTGCTTCGCA,CCDC57,366,67,129
CCDC6_CTAAGCTCATGCATTAAGGC,CCDC6,918,337,224
CCDC6_CCAACTTCACTGACTAGAGC,CCDC6,1314,905,744
CCDC6_AGGTGTGTAAGGGATCGGGC,CCDC6,225,30,179
CCDC6_TTCGTCGTCCATTTCTAAGC,CCDC6,920,799,615
CCDC6_GGCGATGGTGGAGCAGAGAC,CCDC6,484,77,189
CCDC6_GCCAGCGAGAGCGACACGGA,CCDC6,781,210,172
CCDC60_TGCCTCGGAGAACCTAAGGC,CCDC60,275,100,65
CCDC60_GATCCAGAAGTGTGGCCAGA,CCDC60,577,13,29
CCDC60_CAGTCTGTGAAGATAGGCCG,CCDC60,875,426,307
CCDC60_CACGTGAGCCTCGGTTAGCG,CCDC60,1334,595,327
CCDC60_GCATTTCATCACAGCGCCAA,CCDC60,1096,144,257
CCDC60_TCACCAACCGCAAACCAAGC,CCDC60,3260,1709,1116
CCDC61_CAGTTGAACCGCTCGCGAGG,CCDC61,981,75,81
CCDC61_ATGACGGCTGACCAGTGGCG,CCDC61,1041,364,640
CCDC61_ACTCCGTGGAGTTTGACAGG,CCDC61,1580,380,96
CCDC61_GGCTTGCCCTGGTACGGGAG,CCDC61,960,19,122
CCDC61_TCACCTCCTTGGCCAGACGG,CCDC61,605,388,133
CCDC61_TCTCAGGAGGCGGACTCCGC,CCDC61,412,135,21
CCDC62_TACCTGGCGCCCGGCAAGGA,CCDC62,138,242,345
CCDC62_CACTATCGAGAAACAACGGA,CCDC62,765,344,174
CCDC62_AATCAGGTCACTCACGAAGA,CCDC62,884,292,208
CCDC62_TGCCCTACGTGATGCCAAGA,CCDC62,1636,379,725
CCDC62_AGAACTGCACAATCTGAGAC,CCDC62,568,787,657
CCDC62_GAACGTTACTCACCTTGCCG,CCDC62,658,171,15
CCDC63_ACTCCTGCTCCAAACTAAGG,CCDC63,379,233,317
CCDC63_TCTGTTTCTGCAGTTTCCGG,CCDC63,500,19,60
CCDC63_CACTAATGCCAAGCTCCGGA,CCDC63,779,106,208
CCDC63_GGACACCTCTCAGTACAACC,CCDC63,357,405,140
CCDC63_CACGGAGCTCAACAACGACA,CCDC63,598,322,284
CCDC63_ATTTCTGCTGGGATCGCAAG,CCDC63,768,312,259
CCDC64_GCTAGAACTGGCGTTAGAGG,CCDC64,972,64,167
CCDC64_AGACGATTTGAGAACCGAGA,CCDC64,818,55,23
CCDC64_CGGCCTGAAGGCTCTCCAGC,CCDC64,442,186,194
CCDC64_ACCGGGTGCTAATCCTGGAG,CCDC64,434,37,61
CCDC64_TCCGCCAAGGATGTGCCAGC,CCDC64,408,142,102
CCDC64_CATCCCTACTCACTTTGCAA,CCDC64,691,205,207
CCDC64B_GGCCTCGTCCCGGTCTGAGA,CCDC64B,21,3,0
CCDC64B_GCGAACATCCCTCAGTCCAG,CCDC64B,961,202,188
CCDC64B_CTGGCCCACAGCCTCGACGA,CCDC64B,1374,133,115
CCDC64B_GATCCGAGGCCTGCGTGAGG,CCDC64B,219,156,177
CCDC64B_CAGTGGGCGAGAACGGGCAC,CCDC64B,639,0,65
CCDC64B_GAAGAAGCCCTCGTCGCCGC,CCDC64B,283,28,12
CCDC65_CAGCCAAACATTTGAACGAG,CCDC65,2135,898,802
CCDC65_ACTGCTCCTCGGCTTCGGAC,CCDC65,809,107,97
CCDC65_GGAAAGTTACAACATGGAGC,CCDC65,529,89,147
CCDC65_GAATTACACTGATGCCACAG,CCDC65,627,304,197
CCDC65_CTTTCTCAGGGCCTTGAGGG,CCDC65,597,123,48
CCDC65_CTATAAAGAGTGGGTTGAGC,CCDC65,377,71,385
CCDC66_TCTATCACAGTCTCGTAGCC,CCDC66,418,188,214
CCDC66_TACACCTACAACCGGAAGCC,CCDC66,601,97,132
CCDC66_TCTCGTTCCTCAATCTGAGC,CCDC66,614,81,167
CCDC66_CCCAGGTAGAAGAGAAGCGC,CCDC66,1554,481,727
CCDC66_CCAGACAATGCAGCGAGCAC,CCDC66,2076,284,1041
CCDC66_AAGGATACTGGTGTGCAAAC,CCDC66,684,451,234
CCDC67_GAACCAAGCCCATAATACGA,CCDC67,1261,157,239
CCDC67_GATAAGAAGCCAACTCCAAC,CCDC67,1,57,116
CCDC67_AGAGTACCATAACTCTGAGC,CCDC67,518,19,80
CCDC67_AATGTCGAAGGTGGCAAGGG,CCDC67,1181,239,258
CCDC67_TTGGCTTGAAATGTCGAAGG,CCDC67,980,317,396
CCDC67_TGCAGCCAAAGATGCTGGGA,CCDC67,623,322,156
CCDC68_GGTTAACATACTTGAAGCCC,CCDC68,620,69,101
CCDC68_CCTCCTGGATGACACTGCGC,CCDC68,1300,266,2193
CCDC68_CCTGCGCAGTGTCATCCAGG,CCDC68,710,598,442
CCDC68_CCTCTGAAGATCCTGGCAAC,CCDC68,650,89,292
CCDC68_GCACTGTGGAAACCTTCAAC,CCDC68,1797,130,148
CCDC69_GAATGAGCGTATTCATGAGC,CCDC69,542,38,23
CCDC69_GGAGGCCAGTTCTACCCAGC,CCDC69,451,31,97
CCDC69_GCTAGAGCTTCGAGACAGAC,CCDC69,505,148,149
CCDC69_GGAGGCTGAGCGGCACCAGA,CCDC69,456,14,52
CCDC69_ACACTGTCTGCTGAAGAACA,CCDC69,1583,166,607
CCDC7_AGACAACATGACTTTCACGG,CCDC7,2376,569,363
CCDC7_ACCAGGCAAATATGTTGGAG,CCDC7,858,99,331
CCDC70_ACTGGGAGAGGATGCCGCCA,CCDC70,154,312,147
CCDC70_TACTGGGAGAGGATGCCGCC,CCDC70,108,178,95
CCDC70_GGCTCTTTCCTCTACCCACA,CCDC70,882,127,171
CCDC70_CGCTTGCTGGCCTTCTCCCG,CCDC70,2581,710,907
CCDC71_TTACAGGTGACAGGTTCACG,CCDC71,762,76,242
CCDC71_CAGTGTCCGGCGAATGAAAG,CCDC71,1029,348,243
CCDC71_GGGAGTCTTAAGTGGAACCA,CCDC71,407,59,99
CCDC71_CAGTCTGCCAGATAGCGGCA,CCDC71,727,134,171
CCDC71_ATCTCGCAGGCCCTGCAGGA,CCDC71,755,28,311
CCDC71L_GCGAGTGAACCTGGAACCCA,CCDC71L,739,147,285
CCDC71L_CCCGCACATCCTGCGCAGCA,CCDC71L,1110,849,1087
CCDC71L_GGAGTTCATGAGCTCGGACG,CCDC71L,1133,448,321
CCDC71L_CTGCCCTAAAGTCGCCGCCC,CCDC71L,681,181,561
CCDC71L_TGCGGCGCAGTATGAAGAGG,CCDC71L,960,395,483
CCDC73_TCGTCTTGATTGCCTGCAAA,CCDC73,1199,604,698
CCDC73_GAGTATCCATCCAGATCCCA,CCDC73,257,64,102
CCDC73_TCGAGAACATGCTCTAGAGA,CCDC73,1385,577,659
CCDC77_CGAACAGTTGTCTCCAAACG,CCDC77,5802,918,1086
CCDC77_CAAAGAAGCTTGTGAAGGAC,CCDC77,2098,649,849
CCDC77_TGCCCGAATTCGTGAGGAAG,CCDC77,1333,378,219
CCDC77_GCCCGAATTCGTGAGGAAGA,CCDC77,817,173,190
CCDC77_AGTTAATGCCCGGGCAAACC,CCDC77,1151,362,616
CCDC77_GGTCCGTGACAGCAATAGAC,CCDC77,558,186,288
CCDC78_CGCCTCCAGGAGCACGCAGA,CCDC78,629,357,411
CCDC78_CAGCCTCTGCCTGACGGAGC,CCDC78,1839,94,165
CCDC78_CCGTGTCTTCAGGGCAACCC,CCDC78,1359,531,785
CCDC78_CGCTGGAGCATCAGGAGGCC,CCDC78,696,145,546
CCDC78_AGATCCTTCGGCTGGAGAGC,CCDC78,766,195,263
CCDC78_TTGTGCTACGAGCCAAGGAC,CCDC78,1363,397,321
CCDC79_GCCTTCCGTCCTTGCTGAAA,CCDC79,1636,485,812
CCDC79_CCTTCCGTCCTTGCTGAAAG,CCDC79,2217,931,697
CCDC79_CGTCAACATTTCGGAACAAC,CCDC79,4882,1537,2460
CCDC79_TCCCTGTAACAAGCATGGAC,CCDC79,394,39,83
CCDC79_AACCACTGCAAGTTTAGCAC,CCDC79,1320,281,587
CCDC79_CTTCGTATCTGTGGGCGGAC,CCDC79,533,176,301
CCDC8_CTTGACCTGTTTCCGGGCCC,CCDC8,863,123,446
CCDC8_CCGTACATGACCAGAGGGAA,CCDC8,1054,276,364
CCDC8_AGAGGCCGTACATGACCAGA,CCDC8,324,54,151
CCDC8_CTCCTTTCGGCGCCGCAGGA,CCDC8,560,546,552
CCDC80_TTCGATGCAACTTCGGAGAC,CCDC80,929,389,627
CCDC80_TTTCCAGGTTCCGGTGGAGG,CCDC80,519,237,90
CCDC80_CCATATCTTTGATTCGGGAC,CCDC80,1239,544,405
CCDC80_TCAGCTCGCTGATGAGACGC,CCDC80,880,184,178
CCDC80_TCTTTACCCTCCATCCCGGA,CCDC80,79,84,36
CCDC80_CCATTGATGTCCGAGCGGGC,CCDC80,36,128,120
CCDC81_CTGGCTCAGCGAGGGCAGAG,CCDC81,1154,559,529
CCDC81_ACGGCAGTTAACCCTGCACA,CCDC81,692,331,260
CCDC81_CACTTCCATCCATGGTACAA,CCDC81,1765,487,492
CCDC81_GACCAGTCAGACAAAGAAGA,CCDC81,717,63,165
CCDC81_TGCCAGGATCATAACAAGGC,CCDC81,2741,707,667
CCDC81_GGAGGCTCTCTTCAGACACC,CCDC81,343,137,178
CCDC82_CAGGAGAGTTGTATAACACC,CCDC82,1706,697,304
CCDC82_GATACCAAGCTCTCTAGACG,CCDC82,567,143,50
CCDC82_CTAGACGAGGCTGAACAAAG,CCDC82,1955,1625,1366
CCDC82_CTTTGTAGTGCAAGATGAGG,CCDC82,637,76,198
CCDC82_GAAGAAGAAGACATCAAGCG,CCDC82,1433,260,313
CCDC83_AAAGAAGGAATGGGCCACAC,CCDC83,344,186,112
CCDC83_ACAGGTTGCAATTCACAGGA,CCDC83,707,470,305
CCDC83_CAGATGACGAGGATTAGAGG,CCDC83,429,259,256
CCDC83_AGCCACATACCAGCAACGCC,CCDC83,672,195,367
CCDC84_TTTACAGCCGCAAGCACCAG,CCDC84,1249,62,0
CCDC84_AGCTGAAGGAGGCTTTGGAG,CCDC84,833,14,11
CCDC84_ACCTGACGGTGCTGTACGGG,CCDC84,700,29,0
CCDC84_GGTGGAGCAGAGCCGACAGG,CCDC84,328,45,27
CCDC84_TCTGGAATAATGGACGCCGC,CCDC84,584,93,65
CCDC84_ACACATACCTGGACTGCCAG,CCDC84,290,71,48
CCDC85A_CCTCGTCCGACACTTTGGAC,CCDC85A,317,22,61
CCDC85A_TGAGTTGGCACAGGCTGGCC,CCDC85A,1175,170,316
CCDC85A_AGCCCTGATCACAAACACGG,CCDC85A,1206,527,398
CCDC85A_CTTGTCCTATGTTAGGCAGC,CCDC85A,410,97,127
CCDC85A_GCTCAAATATGGAGAAAGGC,CCDC85A,2114,459,550
CCDC85A_ACAGGTTCAGGCTGCTGGGA,CCDC85A,599,131,170
CCDC85B_GGAGATGGCGGCGCTAGGCA,CCDC85B,1407,74,260
CCDC85B_TGAGCTCGCGGATCTCGCCC,CCDC85B,76,100,139
CCDC85B_GCGAGCTCAAGCAGCTCAAC,CCDC85B,1035,184,446
CCDC85B_GGGTCCCGAAGAGCTGCCAC,CCDC85B,167,0,1
CCDC85B_GCCTGGCGCTGGGCGAAGAA,CCDC85B,1141,460,465
CCDC85C_GGGTGACAAGCTCCTCGCAC,CCDC85C,261,126,42
CCDC85C_TCGACGACGACCGGCAGAAG,CCDC85C,1792,403,263
CCDC85C_GCCTCAAGGACGTGAACCAG,CCDC85C,890,247,151
CCDC85C_CCTTGAACTGGTTCCCAGAC,CCDC85C,1751,367,205
CCDC85C_AGGTACACGAGAATCTGGAC,CCDC85C,1363,67,50
CCDC85C_GAGTTCCGCACGCTGCGGAA,CCDC85C,400,17,62
CCDC86_GAAACTTACCGGCTGAGCCA,CCDC86,208,1,129
CCDC86_GCCTGCACCCTGCTGCAGAC,CCDC86,850,58,83
CCDC86_CACTACTGGAGCTGACACCC,CCDC86,1190,60,91
CCDC86_GCGGAAGATGAAGGAACGAC,CCDC86,327,0,20
CCDC86_AGATGAAGGAACGACAGGAG,CCDC86,807,14,29
CCDC86_GGCGTTTCAGGTTCTCAGCC,CCDC86,221,19,3
CCDC87_TCAAATCATCAACCCTGAGC,CCDC87,919,179,240
CCDC87_GACGTAGAAAGGCTGAGGAC,CCDC87,491,100,189
CCDC87_CTTTGTTGGCAGTACTACCA,CCDC87,924,348,326
CCDC87_CTCTGTAGCCAAGACCAGCG,CCDC87,1323,503,862
CCDC87_CGACATCAGTTCCTCACAGA,CCDC87,1323,1470,802
CCDC87_TGGACGAGCTGAAGTGCAGC,CCDC87,577,1,96
CCDC88A_ATTCTGTTAGGAGAGGCAAC,CCDC88A,129,211,74
CCDC88A_CGCTTAGAAGTTAGCTACCA,CCDC88A,1692,486,285
CCDC88A_ACAACATCTGTCGGTGGAAC,CCDC88A,1018,95,200
CCDC88A_AGTGACTGATATGTCGCAGG,CCDC88A,55,25,21
CCDC88A_GGTTGCCGCACATATTCAAG,CCDC88A,757,70,27
CCDC88A_CTTACATTTGGAGCATGACC,CCDC88A,1711,170,327
CCDC88B_GGAATCTCTTCTCCAACCAA,CCDC88B,385,104,60
CCDC88B_CATGTGCCTTGCAGAAGAAG,CCDC88B,552,305,158
CCDC88B_TCTCGAGGTCCAGAGCGAGC,CCDC88B,407,201,75
CCDC88B_GGACACTGTCGAAGCTGGCA,CCDC88B,634,65,122
CCDC88B_AATAAGAAGGCTCCGCCAGG,CCDC88B,261,135,59
CCDC88B_CGCTGTCGGGACAGGCCAAG,CCDC88B,1257,419,174
CCDC88C_TGTGGACACCAGACATGAGG,CCDC88C,848,226,338
CCDC88C_GCTGCTTGTCTTCGCTAGAG,CCDC88C,1369,437,603
CCDC88C_TGCGGAGGCTCATCGACCAG,CCDC88C,578,422,187
CCDC88C_TATGGGCCACGATGCCAGCC,CCDC88C,602,481,276
CCDC88C_TCTTGATCTAGGGAAGAGCA,CCDC88C,523,218,154
CCDC88C_TGCAGAGCCCGCTGGTGACC,CCDC88C,803,281,109
CCDC89_GCTGCAGCTGTCCATTGAAA,CCDC89,1015,478,444
CCDC89_GACCGTCACTAGAGAGAAAG,CCDC89,712,150,329
CCDC89_GCTGGAGCTACAGAGCCAGC,CCDC89,303,142,97
CCDC89_TCATCTGCATCCTGAAGCGG,CCDC89,948,686,607
CCDC89_AGCTCATCTGCATCCTGAAG,CCDC89,927,260,354
CCDC89_GGAGACGGAGTTTAAGGAAC,CCDC89,339,67,115
CCDC9_GCTAGGGCACCTGGTAGCGC,CCDC9,1024,742,572
CCDC9_CGAGCATCGCGCAGCTGGGA,CCDC9,505,84,104
CCDC9_CCGAGTATGAGCGCAACCAG,CCDC9,2063,258,402
CCDC9_TGGCCTTGAGCACGAGCGGC,CCDC9,192,8,136
CCDC9_GACGTTGTCCATGACGGGCC,CCDC9,302,73,175
CCDC9_CGGTGGGATGGTTCATGGGC,CCDC9,935,217,157
CCDC90B_CCTTGCCTCACCTCTCCGCA,CCDC90B,325,173,193
CCDC90B_CCCTGCGGAGAGGTGAGGCA,CCDC90B,1471,288,209
CCDC90B_ACAAGCTCACCTCCCAGCGC,CCDC90B,1251,294,200
CCDC90B_CCACCGTGGTCCCACGAAAC,CCDC90B,3117,477,984
CCDC90B_CCAGTTTCGTGGGACCACGG,CCDC90B,2598,295,505
CCDC90B_GACCCAGTTTCGTGGGACCA,CCDC90B,280,200,65
CCDC91_GGCATTAGTATCCGCTGCAA,CCDC91,669,147,64
CCDC91_GGAGAGGAACAGTTCCAAAC,CCDC91,952,178,76
CCDC92_GCGGTCGACCAGGTGAACGG,CCDC92,207,20,93
CCDC92_GGGTCGGGCATAGCATCCAC,CCDC92,383,84,121
CCDC92_CATCCACTGGTTCCCGCAAA,CCDC92,1733,1031,1120
CCDC92_CGGCTTATTCTTGTAGGAGA,CCDC92,502,392,424
CCDC92_GGCTGCACTCCGAGATCAGG,CCDC92,310,56,10
CCDC92_TCTTCTGTGCGCTGTGCAGC,CCDC92,781,122,291
CCDC93_GACCGCTATGGCAAATGAGG,CCDC93,854,33,0
CCDC93_TCGGAAATACAAACGCCACC,CCDC93,187,72,96
CCDC93_TAGCTCGTTTCACCAGCCAC,CCDC93,81,0,11
CCDC93_GAGGCTCTCACCTGAACAAC,CCDC93,664,75,22
CCDC93_AGGCTTATCACCCTTTGACA,CCDC93,2018,19,25
CCDC93_TTCTTACCTCCGGGAGACCC,CCDC93,266,105,40
CCDC94_CCTGCAGAAATACTACCCGC,CCDC94,1090,0,1
CCDC94_GCGGAGAATACATCTACAAG,CCDC94,1466,37,5
CCDC94_TGGTCCGGTTCTCCAGCACC,CCDC94,699,41,61
CCDC94_ACCGCCTGTCGGAGGAGGAG,CCDC94,305,1,0
CCDC94_CCCACTTACCTCATCCAGGA,CCDC94,1894,66,84
CCDC94_CACGACCAGCCTCGACAGCG,CCDC94,480,346,191
CCDC96_AAGACGAAGCAAGCCCGAGA,CCDC96,904,88,97
CCDC96_TGTCTCTTCCTAGGGCGGCC,CCDC96,263,203,288
CCDC96_CCACCTCTCGCAGAGCAGCC,CCDC96,674,359,332
CCDC96_AGCGGTTCCGCTCCACCAGC,CCDC96,117,254,257
CCDC96_ACGAGTTTGAGGACCTCGAG,CCDC96,1011,200,222
CCDC96_CGGGTTCGGGAGAGGTCGGA,CCDC96,341,201,143
CCDC97_GCTGCAAACAGGCAGGCGGC,CCDC97,67,29,19
CCDC97_CTCGCAGGGCAGCATAGCGC,CCDC97,3711,901,317
CCDC97_TGTACTGCTCATATAGCAGG,CCDC97,255,79,86
CCDC97_CATCGGGCAGTATCTCACCC,CCDC97,877,408,369
CCDC97_CGCTTCCTAGATGGCAAGGA,CCDC97,2019,614,530
CCDC97_CAACCTCGACATCGTGGCAC,CCDC97,1195,41,60
CCER1_TGATGCAAAGGAGGCGAGCG,CCER1,863,183,311
CCER1_GAAGGTGGAGCGTCAGCAGG,CCER1,289,56,5
CCER1_TCCGCGGGTAGGAGTGGCGA,CCER1,686,195,179
CCER1_TACACCCGAAACACTTGCAC,CCER1,709,90,421
CCER1_GCCGAAGCAACAGCACGGCC,CCER1,1,20,21
CCER1_CGGTGCGGTCTATTGTACGC,CCER1,764,106,219
CCHCR1_CATGGTGCAGCTAAAGGCCC,CCHCR1,163,332,383
CCHCR1_ACACATCCTCGCCCTGCAGG,CCHCR1,92,38,17
CCHCR1_TTTGACACAGGCTCACGAGG,CCHCR1,2194,518,374
CCHCR1_GAGCCTCTAGCTCCATGGCC,CCHCR1,230,87,30
CCHCR1_TCTGAGACATCTTGATGGCC,CCHCR1,544,225,152
CCHCR1_GGCCAGCACTTTAACAGGGA,CCHCR1,994,222,476
CCIN_TTACCTGAGCCCGGTCACAG,CCIN,704,444,703
CCIN_GGACTACTTCTATAGCGGCA,CCIN,645,254,278
CCIN_TCACGTGCTCAATGAAGACC,CCIN,1470,178,171
CCIN_CTCCATCATTGAACTGGCCG,CCIN,3271,1035,995
CCIN_CTATCGCTATGATGAGCGGA,CCIN,133,33,2
CCIN_CTCCAATGGAGCATATAGCA,CCIN,1035,790,578
CCK_CATACTCCTCGGCACTGCGA,CCK,494,58,107
CCK_ACGATGGACATTCGTCCAGA,CCK,264,75,35
CCK_CAAGATACATCCAGCAGGCC,CCK,715,233,453
CCK_AGGGTATCGCAGAGAACGGA,CCK,169,116,218
CCK_GCTGAGGGTATCGCAGAGAA,CCK,1141,492,556
CCK_CTGATGGCGGTACTGGCGGC,CCK,140,38,32
CCKAR_CCATCTTCAGCGCCAACGCC,CCKAR,1519,599,347
CCKAR_TGTCTCTTGCCCACCCAGAA,CCKAR,1316,512,629
CCKAR_CCGTGCTGATTCGGAACAAG,CCKAR,1825,601,856
CCKAR_CAGCGTGCTGGGAAACACGC,CCKAR,624,387,122
CCKAR_GACACTTACCTTTGGAAGGA,CCKAR,265,114,142
CCKAR_CACTTACCTTTGGAAGGACG,CCKAR,378,20,45
CCKBR_AACCGGAGCGTGCAGGGAAC,CCKBR,1205,769,574
CCKBR_ATTCGCGGAGCCGGGACACG,CCKBR,1019,364,737
CCKBR_TCCCAATCTTCTGAGTCGCC,CCKBR,140,197,264
CCKBR_TGGTGACAGTCCTCAGGCGG,CCKBR,1146,688,440
CCKBR_AAGCCTCGTGGCCATCGCAC,CCKBR,576,203,35
CCKBR_GAGAGTGCTCGGTGTGCACC,CCKBR,278,55,74
CCL1_GCAGATCATCACCACAGCCC,CCL1,1342,261,126
CCL11_ATTGGCCAGGTTAAAGCAGC,CCL11,286,72,70
CCL11_TAGCTCTCTAGTCGCTGAAG,CCL11,792,198,261
CCL13_GGGTGTGAGCTTTCCGGCCC,CCL13,134,25,0
CCL14_TAATCCATAATCCGCTGACG,CCL14,1036,382,412
CCL14_AATCCATAATCCGCTGACGC,CCL14,885,122,289
CCL14_TCTGATGCTCTCTCCTCAGG,CCL14,465,287,79
CCL14_GAGCATCAGATGCTGAGGAG,CCL14,366,24,30
CCL14_AGTCTTGGTCCCTAGGGCGA,CCL14,1084,117,23
CCL15_ATCCTGAACTCCCGGACCAC,CCL15,1328,404,357
CCL17_TCTCTGCAGCACATCCACGC,CCL17,1535,255,442
CCL17_CCCTTAGAAAGCTGAAGACG,CCL17,1560,484,495
CCL18_GACAGACTCACCTTGTGCAC,CCL18,228,208,159
CCL18_TCTGCCAGGAGGTATAGACG,CCL18,315,211,164
CCL19_ATCTTAGACAGGAGCTCAGA,CCL19,216,49,19
CCL19_TTAGACAGGAGCTCAGAGGG,CCL19,984,51,5
CCL19_CTGGATGATGCGTTCTACCC,CCL19,790,475,355
CCL19_CCCACAACTCACACTACAGC,CCL19,3259,948,514
CCL19_AAGTTCCTCACGATGTACCC,CCL19,537,61,69
CCL19_AGTTCCTCACGATGTACCCA,CCL19,469,86,129
CCL2_TCAGGATTCCATGGACCACC,CCL2,394,259,304
CCL20_CAAACTCTTGGTACAGCACA,CCL20,2572,890,786
CCL20_GCACTGACATCAAAGCAGCC,CCL20,1223,182,209
CCL20_CACCTCTGCGGCGAATCAGA,CCL20,179,88,135
CCL20_CTTCTGATTCGCCGCAGAGG,CCL20,1806,235,483
CCL21_GCCTCCAAGACTGGCAAGAA,CCL21,799,1029,414
CCL21_CCAAAGGAAGATTCCCGCCA,CCL21,1130,672,779
CCL22_CAAGGAGGACGAGGACAACC,CCL22,2059,459,553
CCL22_GCGCCACAGCAAGGAGGACG,CCL22,566,388,431
CCL22_AGAAGTGTTTCACCACGCGC,CCL22,990,46,115
CCL22_TCAGACTCCTGCCCGAGGCC,CCL22,911,179,261
CCL22_ATCCCTGAAGGTTAGCAACC,CCL22,325,118,151
CCL23_TGGACACACGGATCAAGACC,CCL23,905,200,180
CCL23_GAATCCTGCAGCATGAGAAA,CCL23,424,279,304
CCL23_TCCCAGGCCCGGGTCACAAA,CCL23,2399,919,1042
CCL23_GACCCGGGCCTGGGATCCAA,CCL23,30,133,110
CCL24_GAGAATTCCTGAGAACCGAG,CCL24,516,113,85
CCL24_GGAAACAAAGAACATGCAGC,CCL24,0,148,265
CCL25_CTGGACTTACCGGATCCAGG,CCL25,120,57,38
CCL25_ACCGGATCCAGGAGGTGAGC,CCL25,1002,97,197
CCL26_ATACTCACATCACAGCCCGC,CCL26,694,1,45
CCL26_GAATTCATAGCTTCGCACCC,CCL26,148,116,94
CCL26_TTCCAAGGTGGAGACTCAGG,CCL26,695,58,60
CCL27_CATCCAGGTGGAACTGCAGG,CCL27,825,258,175
CCL27_CTCAGACAAGCTACTGAGGA,CCL27,885,484,993
CCL27_TCGGTAGAGCTGAGTACAGC,CCL27,917,130,207
CCL27_CTAGGCTGAGCAACATGAAG,CCL27,1754,263,341
CCL28_TGAAACCTCCGTGCAACAGC,CCL28,1145,298,297
CCL28_CGTGCAACAGCTGGAGGCAA,CCL28,1870,735,454
CCL28_TAGGGCCGCACAGACAGCCA,CCL28,256,79,303
CCL28_ACAGACAGCCAAGGCCACGA,CCL28,543,187,208
CCL3_ACTCACGTGATGCAGAGAAC,CCL3,1060,290,557
CCL5_TCTTTGGAGATGAGCTAGGA,CCL5,28,2,3
CCL5_ATACTCCTTGATGTGGGCAC,CCL5,19,26,55
CCL5_TACTCCTTGATGTGGGCACG,CCL5,1203,322,206
CCL5_GGCAATGTAGGCAAAGCAGC,CCL5,1018,29,0
CCL5_GATGACAGCGAGGGCTGCCG,CCL5,10,0,0
CCL7_ACATACATTACAGCTTCCCG,CCL7,1158,278,317
CCL8_CACCAACATCCAATGTCCCA,CCL8,1291,447,301
CCM2_CGCGGCGATATGGAAGAGGA,CCM2,902,474,557
CCM2_ATAGTAGCTGTCGGCAGAGG,CCM2,754,139,94
CCM2_GCTGAGCGACTATATTGAGA,CCM2,17,117,14
CCM2_ATCCCGAACATAGGAGACGG,CCM2,328,120,656
CCM2_GCCCAACTGCACTCTCCGAC,CCM2,843,290,451
CCM2_ACATACCGCTGTGCAGGGAC,CCM2,1233,779,1031
CCM2L_GGGTCGATGAGGTAGTCGGG,CCM2L,110,16,116
CCM2L_GGAGCTCGTCCCGACTGGAG,CCM2L,276,174,95
CCM2L_TGTCGCGCCAGGTGAGCAGC,CCM2L,303,330,245
CCM2L_CCTAGGTCTGGGTGTGGACC,CCM2L,215,355,236
CCM2L_GACCTGACAGATGAGTGCGC,CCM2L,657,96,234
CCM2L_TCTGTGTGGCAGCTCTCACC,CCM2L,718,179,186
CCNA1_ACCCTGCTCGTCACTTGGGA,CCNA1,952,145,175
CCNA1_GAAGAGTATCTCAGCTGGGA,CCNA1,134,0,53
CCNA1_CTAGGGCTGCTAACTGCAAA,CCNA1,1497,646,1014
CCNA1_AGACAGCTGCTCGGTCAGAG,CCNA1,1256,174,351
CCNA1_AAGCAGCCAGACATCACGGA,CCNA1,1947,338,276
CCNA1_GCGGCATACACACCTTAGCC,CCNA1,264,357,145
CCNA2_CTTCAACTAACCAGTCCACG,CCNA2,892,0,36
CCNA2_TGAGAGCTATCCTCGTGGAC,CCNA2,2809,98,210
CCNA2_GGTCCCTCTTGATTATCCAA,CCNA2,239,0,0
CCNA2_TCCACATGAATGGTGAACGC,CCNA2,478,36,61
CCNA2_TACTGAAGTCCGGGAACCCG,CCNA2,787,32,53
CCNA2_CGTCCAACAACCGCGGACCC,CCNA2,646,46,32
CCNB1_CCATGGCGCTCCGAGTCACC,CCNB1,279,44,0
CCNB1_CGGGCTTGGAGGTTGCAGCA,CCNB1,3119,260,563
CCNB1_TACTGCCTCTCCAAGCCCAA,CCNB1,350,60,38
CCNB1_CAATCTTAGATGCTCTCCGA,CCNB1,344,22,1
CCNB1_GCTCCTGCTGCAATTTGAGA,CCNB1,1212,438,219
CCNB1_TCTTCCAGTTATGCAGCACC,CCNB1,528,46,43
CCNB1IP1_GGACATTAGCTCCCGAGCGC,CCNB1IP1,674,35,121
CCNB2_CATTTCTCGGATTTGGGAAC,CCNB2,203,166,214
CCNB3_AGTGCTCCCTGAAGTGAAGA,CCNB3,186,158,328
CCNB3_AATGAGCGACTTCTCTCCAG,CCNB3,360,49,80
CCNB3_CCTGTACTTGGCAGTGAAGC,CCNB3,1603,305,887
CCNB3_TACACAAAGTCATCCACACG,CCNB3,1584,815,1002
CCNB3_CTCGCAGATGTAGCGGGACA,CCNB3,912,371,674
CCNB3_CCACTGTAATGCTCCAGGAA,CCNB3,3215,1033,776
CCNC_TCTGTTGAAGGAGCGCCAAA,CCNC,636,413,484
CCND1_GCAGCACCCGGTCGTTGAGG,CCND1,91,0,0
CCND1_GGTGGCGACGATCTTCCGCA,CCND1,368,0,0
CCND1_CGAGGAACAGAAGTGCGAGG,CCND1,867,61,14
CCND1_CGGGCTCCAGCGACAGGAAG,CCND1,1303,500,432
CCND1_CACCCTGTGTTCGCAGCAAA,CCND1,3064,480,273
CCND1_GCTGGAGTCAAGCCTGCGCC,CCND1,14,0,10
CCND2_GCTGTGCCACGAGGTGGACC,CCND2,472,59,148
CCND2_AGCGCTCCTCGATGGTGAGC,CCND2,242,71,16
CCND2_TGAAGTAGGAGCACTGCGGA,CCND2,950,334,159
CCND2_ACAGCTTCTCCGCGGTCAGC,CCND2,275,29,194
CCND2_CCACCGTCGATGATCGCAAC,CCND2,2073,613,829
CCND2_CCAGTTGCGATCATCGACGG,CCND2,1871,1122,1351
CCND3_AGTGGCCACTAAGCAGAGGA,CCND3,494,224,178
CCND3_AGGGATCACTGGCACTGAAG,CCND3,559,80,156
CCND3_CCGCCATCCATGATCGCCAC,CCND3,411,158,271
CCND3_GGCTCTTACCTGTAGCACAG,CCND3,163,22,46
CCND3_ACACGCACCCGCAACTGGCG,CCND3,625,90,94
CCND3_CACTGGAAGTAGGAGGCGCG,CCND3,390,120,207
CCNDBP1_CTCCAAAGGCGAAGCCAGGG,CCNDBP1,619,79,70
CCNDBP1_AAGTGCCGGAGCTGCTCCAA,CCNDBP1,633,32,85
CCNDBP1_CCCACAAGTCGGCGAAGCCC,CCNDBP1,49,70,107
CCNDBP1_AAGGTCATTGTTCTCAGGGC,CCNDBP1,998,24,86
CCNDBP1_TGGATGCTCTCACCAGCGCA,CCNDBP1,938,236,155
CCNE1_CCATCATGCCGAGGGAGCGC,CCNE1,904,209,356
CCNE1_TCCACAGGGATGCGAAGGAG,CCNE1,1114,232,282
CCNE1_GACCTACCTGGCTCCCACAC,CCNE1,0,0,21
CCNE1_ACGTTGAGTTTGGGTAAACC,CCNE1,841,352,588
CCNE1_CAGTTTGCGTATGTGACAGA,CCNE1,89,65,25
CCNE1_GCCATGGTTATAAGGGAGAC,CCNE1,575,156,145
CCNE2_TGAGGTCCATACTTCTAGAC,CCNE2,884,339,308
CCNF_GACTTACAGCTCGGACGGCC,CCNF,38,67,64
CCNF_CACTGGCGTGGTTGTCCACC,CCNF,619,1,65
CCNF_TTTCGAAGCTGCTGTGAAGC,CCNF,1039,588,727
CCNF_CGGAAGCTGCTGCAAGGCCG,CCNF,2367,510,571
CCNF_GATGAGCAGCCTCCTCAAAC,CCNF,339,123,132
CCNF_CTCAGGGACTACGCTGCCAA,CCNF,2099,246,116
CCNG1_ATCTAGACTCCTGTTCCAAC,CCNG1,123,114,94
CCNG1_CGGATCAAGTCAGTTGCCAA,CCNG1,1834,551,459
CCNG2_AGGCACAAGGCTAATACAGA,CCNG2,780,155,126
CCNG2_GCTGCCAACGATACCTGAGG,CCNG2,88,8,43
CCNG2_CTGCCAACGATACCTGAGGG,CCNG2,1074,584,446
CCNH_TCGATGAGGAAGCCCTCAAA,CCNH,1297,89,111
CCNH_CCGGGAGAGTCCTCTTGGAC,CCNH,1175,71,80
CCNH_GCACTGGACCTTCTCCAGCG,CCNH,3106,103,191
CCNH_ACAGTAGTCAGAAGCGGCAC,CCNH,772,16,0
CCNI_TCCTTTGTCACAGGTCACCA,CCNI,375,204,363
CCNI_GCTCCCGACAATGGATCAAC,CCNI,780,192,253
CCNI_GGCCATGGTTAGTCTGGAAA,CCNI,1307,512,477
CCNI_AGGACTGCCAAATGTTGAGA,CCNI,1082,114,153
CCNI_CAGAGCTGTAGGCCTCACAG,CCNI,1119,274,158
CCNI_GGCCTCACAGTGGTGACGCG,CCNI,1,45,23
CCNI2_GGCTTGCGGGACTGTGGAGC,CCNI2,1140,465,506
CCNI2_GCGCAACCTGGAAGGCGACC,CCNI2,160,273,80
CCNI2_AATCAGGAGGCGGCCAAAGA,CCNI2,1115,557,319
CCNI2_CTACCTTCACTGAAATCAGG,CCNI2,967,154,144
CCNI2_CTATTCTGGACAGACTGCAC,CCNI2,638,183,198
CCNI2_CTCTAAGGTGATGATGACCA,CCNI2,893,409,254
CCNJ_TGTGAAGCGATTGCTCACAA,CCNJ,1081,214,400
CCNJL_GCCAAGCATAGGTCCTGCAC,CCNJL,621,124,299
CCNJL_TCTGGCTGACGGAGGCCAAG,CCNJL,129,213,41
CCNJL_AAGCTCACTCCTAACTCACC,CCNJL,898,89,225
CCNJL_TTCGCTTACTTGCAAGCAGG,CCNJL,345,286,214
CCNJL_TGGATGAGCCGTGGTGGGAA,CCNJL,715,608,418
CCNJL_ATGGATGAGCCGTGGTGGGA,CCNJL,1341,207,253
CCNK_TTGATCCAGCCACCGAGGCC,CCNK,70,1,13
CCNK_CAACAGACACTATGATACCC,CCNK,428,0,0
CCNK_CTACTTTCCCAGCCAGAAAG,CCNK,1547,11,20
CCNK_TGGTTCCCACTGCAGTGACA,CCNK,420,0,0
CCNK_GATGGTTCGGAGCTTTGAGA,CCNK,221,0,0
CCNK_CTTAGGTGAGGCTGAGCCGC,CCNK,1472,30,0
CCNL1_AGAACCTGAGGATAGACAAC,CCNL1,1102,185,306
CCNL1_ATCTTACATGGCTTGGAGGC,CCNL1,549,136,108
CCNL1_CTTACCAGGCAGTTTGAACC,CCNL1,2995,417,775
CCNL1_CAGCTACATTTACCAAAGCC,CCNL1,934,158,386
CCNL1_TTCCTCTTAACTGGCGGAGG,CCNL1,644,218,169
CCNL1_AGTAGCTGTCGAATGAGGCC,CCNL1,551,27,53
CCNL2_TTAGGAGACGCTGATCGGGA,CCNL2,735,40,92
CCNL2_GGAGGGCGCCAAGAAAGCCA,CCNL2,82,75,97
CCNL2_AAGAAAGCACGCTATCGAAG,CCNL2,437,209,170
CCNL2_TTATCTTGCTGCCCGGACGC,CCNL2,487,277,155
CCNL2_TGTCTCTCAGCTGTCGAAGG,CCNL2,812,319,195
CCNL2_TTCACGCCGTCCATGTCGAG,CCNL2,2336,820,580
CCNO_AGCTAATGGTGGGCGCACCC,CCNO,599,251,454
CCNO_AGAAGCTGCTTCACGCGCGG,CCNO,1553,491,470
CCNO_TTTGCAAGCGATGAGCAAGG,CCNO,699,695,938
CCNO_GCCAGCTGAGCAGCTTACAG,CCNO,1708,588,306
CCNO_TGTAGATCTAGCTGCGCCAC,CCNO,229,28,114
CCNO_GACGCCTGCTCTTCTTCACC,CCNO,429,94,28
CCNT1_CTGGATGACTCTTCGGAGAC,CCNT1,2336,534,564
CCNT1_GGCCTGTGTCTGCATTCACC,CCNT1,356,0,171
CCNT1_CTTACTTCATGGCAACCAAC,CCNT1,1250,212,264
CCNT1_CCTCACTTCTAGTATCAGGA,CCNT1,608,60,109
CCNT1_ACTTTCTTATCGCCAGCAGG,CCNT1,123,70,27
CCNT1_AGAACTTTCTTATCGCCAGC,CCNT1,509,41,104
CCNT2_AGTGTCATGGCGTCGGGCCG,CCNT2,703,709,643
CCNT2_GGCAGTAAACACAGTGCCGA,CCNT2,126,10,182
CCNT2_CAGCCTCTTCCTTGAAGAGC,CCNT2,474,173,209
CCNT2_TGAGATGTCCGTAGCCCACC,CCNT2,403,279,163
CCNT2_GCTTCTTGTCCAGTTTCACG,CCNT2,1358,269,183
CCNY_ATTCCTCCGGAGCTTGGGAC,CCNY,1085,136,101
CCNY_GAGGAATGCCCACTCCCGGC,CCNY,43,0,8
CCNY_CGGAGGAGATTACCGAAAGA,CCNY,1538,455,790
CCNY_ACGGAGGAGATTACCGAAAG,CCNY,1745,272,277
CCNY_TGAACAGTGTCCGAACGAAC,CCNY,1483,565,484
CCNY_TCTGTCCGGCCAACTGGAAG,CCNY,1598,312,269
CCNYL1_AGAGGAGCGGAGGCTTCCCA,CCNYL1,156,4,38
CCNYL1_TGCCGAGTTGGATTTCGGAG,CCNYL1,1828,522,545
CCNYL1_TGTGTAGAGCCGCTATGAGA,CCNYL1,1444,223,428
CCP110_GAGATACTTTCAGACTGAGC,CCP110,86,0,4
CCP110_GCAAGTTTACCAGTGGAGAA,CCP110,1932,1,39
CCP110_TAGACTCTAGAACAGTGGGA,CCP110,230,31,8
CCP110_ATCACTACTCATAGCTGAGC,CCP110,211,41,74
CCP110_TACTCATAGCTGAGCAGGAA,CCP110,819,402,568
CCP110_GGAAACAATGCTGTCTCAAG,CCP110,841,74,76
CCPG1_CGACCTGGGTCCATATGGAG,CCPG1,3320,422,593
CCPG1_AGTAACTACGGCTTTAAGGG,CCPG1,476,66,88
CCPG1_GCACGGCGTCGTCTAAAGGC,CCPG1,599,63,26
CCPG1_GCGTCGTCTAAAGGCAGGAC,CCPG1,1027,182,305
CCPG1_GAGCTGGTTTCCTCCAAAGC,CCPG1,1797,662,540
CCPG1_CAAGCATTGCAGATAGAGCA,CCPG1,708,645,491
CCR1_GCCTGTGGAACAACTGCCGC,CCR1,50,12,89
CCR1_CCTGGCTGTGCAAGTGACGG,CCR1,773,385,225
CCR1_GCTCACACTCATGGGTGAAC,CCR1,1084,422,242
CCR1_CCGTGCCCGCAAGGCAAACA,CCR1,2625,734,908
CCR1_TGGTCCTTGTGCAATACAAG,CCR1,958,101,155
CCR1_GGATGCAACTCCGTGCCAGA,CCR1,11,235,163
CCR10_GATTGAGGCCACAGCGGGCG,CCR10,1144,100,86
CCR10_GCCTCACGCAGACGGTGAAG,CCR10,1063,249,348
CCR10_GGCCGAGTAGAGGCCAGAGA,CCR10,562,400,152
CCR10_CGATGTCCAGGCCTTCAGCC,CCR10,505,322,215
CCR2_CTGTGAAAGCACCAGTCAAC,CCR2,818,532,508
CCR2_TCAACTGGACCAAGCCACGC,CCR2,1330,295,375
CCR3_CTGTTAAGAGCACACAAGCC,CCR3,946,809,303
CCR3_AGAGGAGCTTACACATGCCA,CCR3,739,60,156
CCR3_TAATCCTGCTGACAATCGAC,CCR3,474,158,200
CCR3_AGTGACAGTCCGGGCTCGAA,CCR3,1178,179,232
CCR3_TTGCAGTGCTCTTTACCCAG,CCR3,481,147,387
CCR4_CCCAAGCCTTGCACCAAAGA,CCR4,2214,832,906
CCR4_TGAGCCGCTTGTATTTGAAC,CCR4,897,321,300
CCR4_ACTCTCTCAACTCCACGACG,CCR4,726,505,545
CCR4_GGACTGCGTGTAAGATGAGC,CCR4,250,239,259
CCR5_GGCAGCATAGTGAGCCCAGA,CCR5,432,94,95
CCR5_TCAGTTTACACCCGATCCAC,CCR5,1330,92,229
CCR6_ATAGACGTCTGTCATAGACC,CCR6,892,84,50
CCR6_TGACTTGCATTAGCATGGAC,CCR6,589,124,139
CCR6_AATTTGCAGCCGTCACAAGC,CCR6,1131,244,248
CCR6_ACTTCCTTCTCACACACCAC,CCR6,213,445,214
CCR7_CCGATGAAGGCGTACAAGAA,CCR7,1289,790,596
CCR7_AGAGGATGTCTGCCACCGCC,CCR7,47,213,93
CCR7_ACGTGCGGAACTTTAAAGCC,CCR7,756,611,452
CCR7_CCTTGGCAGAGAACCTCACC,CCR7,892,462,275
CCR7_ATGAAGAGGCTCACTCACCC,CCR7,510,283,256
CCR8_GCAGATAGTAGGTCTGAAAG,CCR8,1286,223,544
CCR8_CCTACTATCTGCTGGACCAG,CCR8,993,437,192
CCR8_TTACAGTCCCAAACACCCAC,CCR8,552,109,317
CCR8_CCTTTAGGGCATACACGGCA,CCR8,877,751,844
CCR9_CGAGGGAAGGTGATCTGGAG,CCR9,1315,825,452
CCR9_AGCAGCTGCCAATACCCAGA,CCR9,192,35,108
CCR9_CGGCATTGCTATCTGCACCA,CCR9,3030,1009,763
CCR9_CTCATCGCTAGGGTAAACCA,CCR9,1538,642,695
CCR9_GAACTTGGGTTGCATCAGCC,CCR9,733,126,253
CCRL2_ATGTGACAAGTATGACGCCC,CCRL2,86,61,32
CCRL2_TGTCTCATCAGCTGGCAGGA,CCRL2,1150,328,282
CCRL2_TGTAGGGCGCCCACATCAGA,CCRL2,836,60,144
CCRN4L_GCATGTTTCATAGTCCGCGG,CCRN4L,1107,335,424
CCRN4L_CACCTATCAGGGTTATGCAA,CCRN4L,1209,396,677
CCRN4L_CATCCAGCATACCTTGGGCG,CCRN4L,2220,965,1014
CCRN4L_TCCCATTTGAGTGCTTCAAC,CCRN4L,607,268,256
CCRN4L_TAGCCTAGTCTACTGAGGAG,CCRN4L,1043,345,336
CCRN4L_TACATCTAGACAAGGTGACC,CCRN4L,445,43,93
CCS_CGGTGCGCAAATCCCTGCAA,CCS,572,137,90
CCS_GGTGCACTTGGAGGACCAGA,CCS,1,0,61
CCS_GCAGGCGGTACTCAAGGGCA,CCS,375,44,105
CCS_CGAGGGAACTATTGACGGCC,CCS,1065,243,177
CCS_GATAGCAGCTTGGCACCACG,CCS,271,90,129
CCS_CTTTCGGCCCTTGCCAGCGA,CCS,471,281,441
CCSAP_ACGAGCCAAGAACAGAAGAC,CCSAP,1544,235,421
CCSAP_GCGCACCTCGTGCACAGGAG,CCSAP,553,388,423
CCSAP_TGCGTCCGCTCCTGTGCACG,CCSAP,174,207,291
CCSAP_TCGTCAGAGTCGTCGGGCGC,CCSAP,456,140,242
CCSAP_TGCACTACCGCCTAGGCCGC,CCSAP,539,102,58
CCSAP_TGCAGCAGCTCGCGGTAGCA,CCSAP,1287,1285,785
CCSER1_ATATTGGCAACCGGGAGACC,CCSER1,30,869,1327
CCSER1_AACCTCTGCTGCTAATCAGA,CCSER1,124,1,182
CCSER1_AGACTGCGATCCTCGTCAGA,CCSER1,890,174,245
CCSER1_CCCTGCAGTGCCTTCTGACG,CCSER1,1978,554,358
CCSER1_TGTAGAGGCCAATCCGCAGA,CCSER1,874,352,441
CCSER1_AGCATTCGACCTTTACAGGC,CCSER1,486,188,157
CCSER2_GATCAGCTGGTAGCATGCAA,CCSER2,1297,41,47
CCSER2_AATGTTCGGCAGCCTCAGGA,CCSER2,1278,243,86
CCSER2_ATCCTGAACCATGTGCCGAA,CCSER2,423,322,410
CCSER2_ACCATCTTCTGGTTCTGGAC,CCSER2,1877,324,188
CCSER2_CCATCTCTCTCTGCACAGGG,CCSER2,2113,347,263
CCSER2_TTGGGATGCTTGTCTTGGCC,CCSER2,712,192,192
CCT2_TGCGGAACTCCTCGGAACCA,CCT2,2043,170,231
CCT2_AAGAGCACCTTGGGACCCAA,CCT2,163,0,0
CCT2_GGGTTGGAGAGAAGCCACGA,CCT2,373,0,0
CCT2_ACTGAAAGGCTCTGGCAACC,CCT2,504,0,0
CCT2_CAGCTTGCCAATAGAACACC,CCT2,373,4,35
CCT2_AGGCTATGACAGTGCAGACC,CCT2,2101,61,0
CCT3_CATTGAGATTACACGAGAGG,CCT3,489,0,24
CCT3_GCGTGGAGTCATGATTAACA,CCT3,1271,234,151
CCT3_TCACTGTCACTGATGTCGAC,CCT3,367,398,226
CCT3_GGTGATCAGTGCTTACCGCA,CCT3,304,0,18
CCT3_TAGCCGGACCCAGGATGAAG,CCT3,1305,0,0
CCT3_AACTCACTGAGCACGAGCAC,CCT3,718,0,10
CCT4_GCACTGACTGATACCAACAG,CCT4,1151,1,1
CCT4_CTAAGAAACCGGCATGCCCA,CCT4,1046,14,0
CCT4_TTCAGGGCTCTTATTGCAGG,CCT4,581,8,5
CCT4_CTGTGAGTTGGTGGAAGGGC,CCT4,1527,14,17
CCT4_CGGCGGAAATGTTGCTGAAG,CCT4,2662,84,40
CCT4_CCTGATAGGCGCCTTTCCCG,CCT4,681,5,14
CCT5_TTGCTCCGCTTCTTCTAACA,CCT5,2640,20,18
CCT5_CAACAGTTGTCACCGACAGA,CCT5,1017,0,32
CCT5_TAGCTGATTGCCATCGCAAC,CCT5,910,122,73
CCT5_AGAGCTCACAGCCGAGAAGC,CCT5,524,12,0
CCT5_GACCGAAGTCCGAGCCAGAC,CCT5,574,158,172
CCT6A_CGGTCAACATCAGCGCAGCG,CCT6A,1558,56,32
CCT6A_GGTCAACATCAGCGCAGCGC,CCT6A,469,0,2
CCT6B_GAATGCTGGTTATGACCCAC,CCT6B,302,147,52
CCT6B_TGGTGCAATTGAAGTGGCAA,CCT6B,1115,646,513
CCT6B_GGTTGTATGGTTCCTGGAGC,CCT6B,281,157,103
CCT6B_TCAATATATGCGCCGCCCGA,CCT6B,729,113,118
CCT6B_CTCCAAGGCTGAGGTGGCGC,CCT6B,2207,755,410
CCT6B_CGTCAACTCCAAGGCTGAGG,CCT6B,954,265,341
CCT7_TGAGGCTGTAAGAACTACCC,CCT7,275,0,0
CCT7_CCAAAGTCTTTGCTGCAGGA,CCT7,954,0,0
CCT7_ATCAGTACTGCCATACCAGC,CCT7,461,0,0
CCT7_TAAACTGCTCGGCGCCGCCA,CCT7,528,6,0
CCT7_TAGTCCTTGAGTAATCCCGC,CCT7,383,0,0
CCT8L2_CCGGGAAGCAGGACAAACCC,CCT8L2,1139,684,743
CD101_AAGGACTGTGCTGGCCCAAA,CD101,949,215,290
CD101_TTACGCAGTATATACGCAGC,CD101,106,45,186
CD101_GCTGACCCTGATCTGAGGAC,CD101,1338,313,579
CD101_TGAAGGGAAACCCTTAGAAC,CD101,1431,415,254
CD101_TCTCCAGCCTTGTGTTGCCA,CD101,1424,420,902
CD101_AGATGGCAGAAGCCCTCGGG,CD101,63,60,32
CD109_CCAGGGATCATCAGGCCCGG,CD109,1269,313,249
CD109_ACGTGTAACCGGACGTACCC,CD109,1267,369,642
CD109_TACTGGAGCGGATCTAACAG,CD109,1395,359,683
CD109_CCACTAACCACCAACTCAAA,CD109,3034,593,771
CD109_TGGACTAACAACTACTCCAG,CD109,375,317,419
CD109_ATGGTTGGAAGGCTTGGAGC,CD109,1540,60,102
CD14_GGGCTCAATGAACTCCGGCG,CD14,868,366,312
CD14_CGGAGCGCTAGGGTTTACGG,CD14,1072,606,494
CD14_GAGCGTCAGTTCCTTGAGGC,CD14,349,189,193
CD14_GCATCGACGCGCTTTAGAAA,CD14,2258,1219,830
CD14_CCAAGACCCTACACTCACCA,CD14,2524,1155,717
CD151_ACCAAGCGCTACCACCAGCC,CD151,489,55,202
CD151_TGAGTGGATCCGCTCACAGG,CD151,398,4,17
CD151_ATCCGCTCACAGGAGGCCGG,CD151,272,157,35
CD160_GGTTATTCTCCAGGAGGAGA,CD160,245,71,21
CD160_ACCTTGAAGGGCCACAAGGC,CD160,912,237,155
CD160_TGGTAGGTCCCACTGTGCAA,CD160,780,185,133
CD160_CAAGTCACACCGTTGCACAG,CD160,3576,1069,1064
CD160_CAATTGCCAGCAGGATGGCC,CD160,439,49,65
CD160_AATTGCCAGCAGGATGGCCA,CD160,881,143,484
CD163_CAAAGACGATGAATTGCACG,CD163,2341,1052,648
CD163_CTACAAGTTCCTTCTGGGCG,CD163,1332,809,679
CD163_GATTCAGAGACTGTTAGGGA,CD163,333,245,333
CD163_ACTGGCGTTAACTCGACCAA,CD163,71,90,60
CD163_TTGGAAATGAGGCTGACGCG,CD163,374,229,171
CD163_TAGCAGTTGGACATCCCAGC,CD163,1078,210,262
CD163L1_ATGTCGAATTCTGGCTGCAC,CD163L1,143,163,33
CD163L1_TGGAGGTGTACTTTCAAGGA,CD163L1,1287,439,730
CD163L1_ACCTCCAATCTCCCATAACA,CD163L1,2116,721,801
CD163L1_CTAGCTGCTTACAAACCACA,CD163L1,458,296,326
CD163L1_GAACTTGAATACTGCTGCCG,CD163L1,245,80,106
CD163L1_CTAACTAGAGTAGGAAGGCA,CD163L1,434,216,313
CD164_TCAAAGGTAGACTTTCGCAC,CD164,1283,40,912
CD164_CTCCAACGTAACCTCGGCGC,CD164,763,390,534
CD164_CGCCGAGGTTACGTTGGAGA,CD164,840,349,344
CD164_GGCGGCCCAAAGCAGTGAGC,CD164,441,66,34
CD164L2_CACGACACCTCCGATAAAGC,CD164L2,1480,764,838
CD164L2_GAACCGAAGACAGTCACAAC,CD164L2,1217,417,484
CD164L2_AGAGGCATGTCCAGGTAAGG,CD164L2,1106,139,141
CD164L2_TATCTGGCCGGCGGTCCAAG,CD164L2,158,8,55
CD164L2_ATATCTGGCCGGCGGTCCAA,CD164L2,399,10,8
CD164L2_AGAGCGCAGTCCGCAAGGCG,CD164L2,1456,370,208
CD177_AAGAACACCAGCTGCGACAG,CD177,1050,249,169
CD177_ACGTTGATGCTCATTGAGAG,CD177,1657,682,482
CD177_ATCCGGTGCTCAGTGACGCG,CD177,322,57,152
CD177_CCATCCGGTGCTCAGTGACG,CD177,3666,321,851
CD177_CTACACCTTCGTGTGCCGCC,CD177,274,116,303
CD180_TCGAGCAAGTGCAGTCCAGG,CD180,721,296,496
CD180_ATGCTTGCTGGTCTATAGAG,CD180,1414,310,496
CD180_AAGTTGAGATGCCGGAGAAC,CD180,1223,365,333
CD19_TCCACATTGACTGTCCAGCC,CD19,1403,419,589
CD19_GCTCATGAGCTTCCCGGAAG,CD19,1438,212,486
CD19_CTGGAGATCACTGCTCGGCC,CD19,73,117,137
CD19_CCTCTTACCGAGGCCTGAGG,CD19,89,47,54
CD19_CTGCTCGGGTTTCCATAAGA,CD19,2403,711,944
CD19_GAACGACTCCAACCTTGGGC,CD19,53,8,70
CD1A_TTTGAGATACAGGTGACAGG,CD1A,954,53,246
CD1A_ACCCAAGATGAAACGTGGGC,CD1A,462,224,233
CD1A_CAGGAAAGGCACATCTCCAG,CD1A,1513,242,491
CD1A_AAGGCACATCTCCAGCGGCA,CD1A,346,439,397
CD1A_CGCTTTGGTTCAGGAAACGC,CD1A,787,393,236
CD1B_CATTATGGTATATGAGGCGC,CD1B,314,157,33
CD1B_CCTTAGTGAAGCCTGAGGCC,CD1B,806,173,273
CD1B_GCTATGCCCTGGATCTCAAA,CD1B,833,259,178
CD1B_TGAGCCTTGAGTTTGTGCCC,CD1B,510,121,270
CD1B_GGTACTATTGGTAAAGGACG,CD1B,269,35,89
CD1B_CCTGGTGGTAACAGTGAACA,CD1B,2529,741,455
CD1C_TGAGCCCTGACCTCGTGCCC,CD1C,1418,33,115
CD1C_TCTCCCGAGTTAATCCAAAG,CD1C,860,219,389
CD1C_CAGGGAAGATGTATGTACAC,CD1C,701,209,475
CD1C_CATGACAAACCAGCAACAGC,CD1C,1158,741,553
CD1C_GACATGGATGCGGAATGAAC,CD1C,930,251,333
CD1C_TGTGTCTCACTCGACAAGAC,CD1C,2152,679,482
CD1D_CGAGATCTGGAGGCAGCGGA,CD1D,975,127,216
CD1D_CTGAACGTGCCCTGGGACCA,CD1D,1366,317,1561
CD1D_TTGGAGCTCCAGGTGTCCGC,CD1D,460,87,134
CD1D_CAACCAGGACAAGTGGACGA,CD1D,1129,507,265
CD1D_TGCCAAGGCAATCAAGCCCA,CD1D,643,319,246
CD1D_CGTTTGCCTCTTAAACCGGG,CD1D,104,11,4
CD1E_GAGTGAAGAGATACAGGCGG,CD1E,513,219,194
CD1E_AGCAGAGACCCTCGAAGAGG,CD1E,94,70,35
CD1E_GACAGCAGAGACCCTCGAAG,CD1E,756,363,217
CD1E_CCAGCTGTGGTTGGCAAAGG,CD1E,2313,249,854
CD1E_CCTGCCCTCGATTTCTAGCG,CD1E,1104,520,495
CD1E_TTGGCTCCCATGAGAAAGAC,CD1E,1032,334,444
CD2_TTACGAATGCCTTGGAAACC,CD2,1654,1434,1092
CD2_ACAGCTGACAGGCTCGACAC,CD2,793,848,436
CD2_ACACGGTGTCCAGGAGGCGG,CD2,993,329,108
CD2_AACACGGTGTCCAGGAGGCG,CD2,2978,230,65
CD2_GAACACGGTGTCCAGGAGGC,CD2,473,80,38
CD200_CGCGCCTCCAGGAGCAAGGA,CD200,1575,427,639
CD200_CATAGTGCAAGTGGTGACCC,CD200,808,550,463
CD200_CTCACCATAGACGGTGAGGC,CD200,157,81,104
CD200R1_CACTTCATGGCCTGTAAAGA,CD200R1,1211,347,485
CD200R1_TACTCGAAAGTACTCGCAGA,CD200R1,164,13,47
CD200R1L_ATGATCAGTAAGGACAACGC,CD200R1L,898,44,70
CD200R1L_CCGTCATGAGTGGTGTCCAC,CD200R1L,193,198,53
CD200R1L_TTCCAGTTGTGTCATCAGAC,CD200R1L,1047,465,643
CD207_GGATGACACGCCATTCAACA,CD207,1287,748,514
CD207_GAATGGCGTGTCATCCACCC,CD207,502,148,207
CD207_TGCGTTGGCCTTCTCCACAC,CD207,1821,378,580
CD207_TACAAAGGACGGCCTGCAGC,CD207,0,49,11
CD207_TGCATTAATCTGCCTGACGC,CD207,892,381,658
CD207_TCAGGCAGATTAATGCAGCA,CD207,1467,490,970
CD209_GAAGTTCTGCTACGCAGGAG,CD209,625,116,131
CD209_AAGTTCTGCTACGCAGGAGG,CD209,617,73,87
CD209_CATCACCGCCTGCAAAGAAG,CD209,3630,1456,1224
CD209_GAATGTCCATTCCCAGGGAC,CD209,477,271,184
CD209_CACGTCTATCCATTCAGAGG,CD209,1555,569,1100
CD209_ATAGACGTGAAATCAGAGCC,CD209,638,60,106
CD22_CCAGGCCACAGTCCTTACCC,CD22,2377,286,148
CD22_CCACTGTCATTGAGGTGCAC,CD22,1069,169,413
CD22_GCAGGAGAAATTCAGCAAGC,CD22,686,321,296
CD22_GGTCTCCAATGACGTGGGCC,CD22,555,87,65
CD22_CATTCTTGGTACTGGACAGA,CD22,1039,95,144
CD22_CACTGGACATTCAGGGCGAC,CD22,683,420,444
CD226_AGTCTTTGGTCTGCGAGAGA,CD226,754,98,176
CD226_ATGAGATTGACTGTAGCCGA,CD226,414,32,13
CD226_GCAACTGCAGCCACGGAAGG,CD226,1087,318,467
CD226_AGCCACATTGTTTCGGAACC,CD226,1896,995,842
CD226_TTGGCAGAAGGTGATACAGG,CD226,1452,605,481
CD226_TAGAGACATGTTCTCGGCAA,CD226,685,46,185
CD244_TCGATTGAGCCGCAAAGAGC,CD244,1075,328,236
CD244_TCTTTGCGGCTCAATCGAGC,CD244,389,125,199
CD244_CTTTGCGGCTCAATCGAGCA,CD244,428,120,268
CD244_TCCCTCAGAGACCAGTCCCA,CD244,680,63,122
CD244_CATCAAGGCAGCTCAGCAGC,CD244,780,325,289
CD244_CTCCCGAGATGCTAACCACA,CD244,1925,975,1648
CD247_CCAAACAACCAGCGCCGGAG,CD247,1504,433,472
CD247_TCCCAAACAACCAGCGCCGG,CD247,1441,603,287
CD247_GCAGAAAGATAAGATGGCGG,CD247,194,42,153
CD247_ACGTGGCCGGGACCCTGAGA,CD247,1049,98,89
CD247_GCTCAATCTAGGACGAAGAG,CD247,890,455,682
CD247_TTCTGGCCCTGCTGGTACGC,CD247,1584,692,124
CD248_ACACGATGCCCAGTGCAAGC,CD248,1169,518,887
CD248_ACAGCCAGAGGGATGACCGG,CD248,566,65,123
CD248_CACCGAGGGTGGTGACCAGA,CD248,555,204,155
CD248_AAGGGCGTGGTATACACGGC,CD248,750,228,438
CD248_CGCGGCTTCACGTGGACCAC,CD248,956,345,182
CD27_GCTGGTCACAGTCCTTCACG,CD27,715,290,239
CD27_AGTGCCGACAGCTCTCACAG,CD27,980,257,396
CD27_GCACTGCCAGCCATTGCGAC,CD27,1352,452,656
CD27_CAGGGCCTGAGACGACCGAG,CD27,328,101,435
CD27_TGGGTAGAGAGAGTCCGGGC,CD27,569,193,45
CD27_CCCTGTTCCTCCATCAACGA,CD27,2930,459,538
CD274_ATTTACTGTCACGGTTCCCA,CD274,108,39,43
CD274_TCATTTGGAGGATGTGCCAG,CD274,545,174,226
CD274_TGAATGTCAGTGCTACACCA,CD274,1619,341,264
CD276_CGCAGCATCTTCCTGTGAGG,CD276,1288,684,681
CD276_CAGGAAGATGCTGCGTCGGC,CD276,463,90,152
CD276_CTTTGCTGAGGGCCAGGACC,CD276,581,241,240
CD276_TGCACAGTTTCACCGAAGGC,CD276,725,869,674
CD276_GCACAGTTTCACCGAAGGCC,CD276,826,409,105
CD276_CATTGCACTGCTGGTGGCCC,CD276,1192,184,215
CD28_TTCCGGGCATCCCTTCACAA,CD28,2148,1083,604
CD28_GGCATCCCTTCACAAAGGAC,CD28,17,81,125
CD28_CTAGCAAGCTATAGCAAGCC,CD28,618,554,342
CD28_AATGCTTGCGGGTGGGCCCG,CD28,695,304,227
CD28_TAATGCTTGCGGGTGGGCCC,CD28,301,101,112
CD28_GGGCTGGTAATGCTTGCGGG,CD28,232,195,411
CD2AP_AGCACCTATGGACTTCCAGC,CD2AP,330,113,110
CD2AP_TGGTGAAACTCATGAAGCCC,CD2AP,326,339,140
CD2AP_TCACTCACATTTCCCAGAGA,CD2AP,1488,537,490
CD2AP_ACTTACTTGGCTATAGGAGG,CD2AP,415,194,148
CD2AP_TGTCCACCATTGAAACGGCC,CD2AP,503,178,149
CD2AP_TCCACACCACTCAAGAAGAC,CD2AP,1258,247,315
CD2BP2_AGTGAAGGCTACTTCCCGGA,CD2BP2,185,29,88
CD2BP2_TTGGTGTGTACCAGGAAACA,CD2BP2,1562,15,24
CD2BP2_GGTACACACCAAGGTTGCCC,CD2BP2,146,1,19
CD2BP2_ATGCTCAGATCCGAGACAGC,CD2BP2,182,41,43
CD2BP2_TGGCAACTACTTCCTGAACC,CD2BP2,1892,259,193
CD2BP2_AGTTGCCATCGGCATCAAAG,CD2BP2,563,21,11
CD300A_AGGGTAGTGGATGATACAGG,CD300A,588,665,361
CD300A_GGGTGGCACCCACTGCAAAC,CD300A,1499,595,365
CD300A_AAACATCCTCCAGGCTAGCA,CD300A,701,408,762
CD300A_GAATCTGGTTCCTCCTCCCG,CD300A,489,17,115
CD300C_GGAAGCGGACATTGCTGAAC,CD300C,1491,255,107
CD300C_GAAGCGGACATTGCTGAACA,CD300C,1084,1381,1086
CD300C_TATGCGCAGGCACCTTACCC,CD300C,491,124,202
CD300C_ACGCTGGGCCAGGTGTGCAC,CD300C,1878,85,249
CD300C_ACTCACCTGGGACAAGCAGG,CD300C,1000,22,138
CD300C_TGAAGACCGCCACGAGGCCC,CD300C,1,88,174
CD300E_GCTTCAGAAGGACCACGAGC,CD300E,749,229,135
CD300E_TTCGCCCAGGGTTCACCACC,CD300E,638,70,167
CD300E_ATCTTCCTGGTGGTGAACCC,CD300E,444,44,299
CD300E_GAGAGCATTGTGGAGACCAA,CD300E,267,40,0
CD300E_TTTGCTGAGGACGGAAGCCA,CD300E,2332,519,316
CD300E_CAAGTATATGTAACGGAGCC,CD300E,795,238,319
CD300LB_CGAACCTCTGACTAAAGACA,CD300LB,1453,350,352
CD300LB_TGTTCATCGGCTCCCACAAG,CD300LB,1406,521,500
CD300LB_TCACTTTCACTTGAGTCCCA,CD300LB,562,59,134
CD300LB_CATTAAGTGGTGGTGCCGAG,CD300LB,589,584,570
CD300LB_GCCACTGGTTGCAGATCAGG,CD300LB,360,93,107
CD300LB_AGGCGGTCTAGATGTGCAGA,CD300LB,653,133,267
CD300LD_CACAAAGAAGGTCTTGAAGG,CD300LD,803,193,380
CD300LD_GAAGTGGGTGCTCTTGAGCG,CD300LD,1620,672,1040
CD300LD_CACAAACTGCAGTCTCAGAA,CD300LD,1370,810,680
CD300LD_AACAAATGGATCAGAGCAGG,CD300LD,415,332,152
CD300LD_AGTGTGCTTATGGCTCAGGC,CD300LD,501,189,335
CD300LD_TTAGCGGCAATGGAGTAACC,CD300LD,760,389,208
CD300LF_GGAACCGACCTACTGCAACA,CD300LF,1534,813,722
CD300LF_GCAGGCTTCCTTGCCGAAGG,CD300LF,202,155,179
CD300LF_TAGCAGAGGTCGCCCTCCAG,CD300LF,759,87,345
CD300LF_TGGCTTACCTGTTGTCCAAG,CD300LF,607,342,219
CD300LF_CCGGCCACCACTTGGACAAC,CD300LF,5680,2141,1642
CD300LF_AGTGTGTTTACAGATCAGGC,CD300LF,259,73,85
CD300LG_AGGAAATCAGCGGGTTCGAA,CD300LG,646,118,190
CD300LG_TGCAGGCGTGTTGTAGCCAG,CD300LG,1528,839,268
CD300LG_CTTCCCAGTACGGGCACGAA,CD300LG,324,648,428
CD300LG_CAGTATGCGGACCATCGGGA,CD300LG,421,273,30
CD300LG_TCTTTCAGCTCAACAGGCCA,CD300LG,850,3,156
CD300LG_TTTACAGACTGCGGAGGAAA,CD300LG,1032,480,345
CD302_TGACAGATGCGAGTTTCAAG,CD302,1495,503,492
CD302_ACGTAAGGGCTTACCCGCGA,CD302,1783,464,437
CD320_AGCGGTGCTCAGTGCAAGCC,CD320,796,193,162
CD320_ACCAATGAGATCCTCCCGGA,CD320,310,50,92
CD320_ACGGAGCTCGCCTGCTAGGC,CD320,1191,358,252
CD320_AGGGACTTGGACTGCAGCGA,CD320,342,161,97
CD320_CTGATCCCAGAGTCTTCACC,CD320,1367,137,238
CD320_TCATCTCGCTATGAGGAGCC,CD320,267,32,208
CD33_CCTCACTAGACTTGACCCAC,CD33,933,349,365
CD33_GGCCGGGTTCTAGAGTGCCA,CD33,205,65,164
CD33_ACTTACAGGTGACGTTGAGC,CD33,1557,133,188
CD33_CCATCAGAGTGAAGACCCAC,CD33,1291,310,372
CD33_CGGTGGGCCACATTGGGAGG,CD33,1866,487,480
CD34_GAAAGGCCAGTGTGAACCGA,CD34,345,165,86
CD34_TCCTGATGAATCGCCGCAGC,CD34,1003,361,295
CD34_CTGGTCTTGGCCAACAGAAC,CD34,2305,581,585
CD34_TGTCCTTCTTAAACTCCGCC,CD34,33,4,16
CD34_TTGAAGCCTAGCCTGTCACC,CD34,85,142,184
CD34_CAAACTCAGCAAGCAAAGCG,CD34,1512,546,601
CD36_TCATTTCTATCAGGCCAAGG,CD36,1261,257,277
CD37_ACCCACAAAGGACACGAAGC,CD37,1781,298,232
CD37_ACCCAGGAGGGCGATGCCCA,CD37,484,84,200
CD37_GGGTGATCTGTGTGGCAAAC,CD37,2015,343,1291
CD37_ACAGGCATAAACAGCTCCAA,CD37,210,180,454
CD37_CGACAAGTTGTAGCAGGAGC,CD37,1836,684,681
CD37_GATTTAGGGCCGATCGCGGG,CD37,118,108,68
CD38_GGCCAACTGCGAGTTCAGCC,CD38,777,313,231
CD38_CTCCTAGAGAGCCGGCAGCA,CD38,2201,868,712
CD38_TCAGACCGTACCTTGCAACA,CD38,2119,986,1065
CD38_CCAGGGTGAACATGTCCCGC,CD38,742,355,173
CD38_GGGATCCATTGAGCATCACA,CD38,388,142,169
CD38_AGGTTCAGACACTAGAGGCC,CD38,378,238,127
CD3D_AGCATCATCTCGATCTCGGA,CD3D,174,227,341
CD3D_CAACGCTCACCTGATAGACC,CD3D,1404,422,321
CD3D_AGTGACAATGATGCCAGCCA,CD3D,810,74,177
CD3D_GCTCTCAGACATTACAAGAC,CD3D,864,611,528
CD3D_TAGCCTTACCTTGCGAGAGA,CD3D,1444,218,137
CD3D_AGCCTTACCTTGCGAGAGAA,CD3D,3008,799,800
CD3E_TATCTCTACCTGAGGGCAAG,CD3E,341,143,255
CD3E_AAGGCCAAGCCTGTGACACG,CD3E,1807,272,409
CD3E_CAAGCCTGTGACACGAGGAG,CD3E,2257,422,579
CD3E_GGGTGCTGGCGGCAGGCAAA,CD3E,746,506,383
CD3E_AGCCCATCCGGAAAGGCCAG,CD3E,580,118,167
CD3E_GGCCAGAATACAGGTCCCGC,CD3E,0,0,26
CD3EAP_CGCCTCCAAGGAGAAACGAG,CD3EAP,1289,24,55
CD3EAP_GCGCCTCCAAGGAGAAACGA,CD3EAP,619,24,60
CD3EAP_AGCGCCTCCAAGGAGAAACG,CD3EAP,632,1,9
CD3EAP_CAAGGATCCTTAGGGTGCCC,CD3EAP,527,13,0
CD3EAP_AACCGAGGCCTCAGGCCAGG,CD3EAP,110,0,0
CD3EAP_GGTGGATCCCGGAGTTGCCC,CD3EAP,237,0,0
CD3G_GAATCTGGGAAGTAATGCCA,CD3G,627,47,47
CD3G_GGTCTACTTCATTGCTGGAC,CD3G,1200,179,126
CD3G_TACTTCATTGCTGGACAGGA,CD3G,411,197,110
CD3G_GATGGAGTTCGCCAGTCGAG,CD3G,10,20,32
CD3G_TTCAAGGAAACCAGTTGAGG,CD3G,1138,189,445
CD4_CGGCAAGGCCACAATGAACC,CD4,2898,643,1131
CD4_GAAAGTTTCCTTGGTCCCAA,CD4,255,77,68
CD4_CTGGAGCTCCAGCTGAGACA,CD4,1251,186,222
CD4_CACCTTTGACCTGAAGAACA,CD4,1031,468,552
CD4_AGGAGGCAAAGGTCTCGAAG,CD4,325,60,10
CD4_TGTCAGGTGCCGGCACCGAA,CD4,1732,414,189
CD40_TGCTGTTCTTTGTGCCAGCC,CD40,1046,496,405
CD40_AAAGCGAATTCCTAGACACC,CD40,502,103,247
CD40_GGAGAAGAAGCCGACTGGGC,CD40,208,52,99
CD40_ACATTGGAGAAGAAGCCGAC,CD40,200,40,47
CD40_TGCCTGCCTGTTGCACAACC,CD40,963,424,554
CD40_GACTTTACATGGATGCCAAC,CD40,1035,73,112
CD40LG_CATGCTGATGGGCAGTCCAG,CD40LG,765,90,320
CD40LG_ACGATACAGAGATGCAACAC,CD40LG,3513,275,429
CD40LG_TTGACAAACACCGAAGCACC,CD40LG,755,204,245
CD40LG_GATCCAAGCCAAGTGAGCCA,CD40LG,426,224,139
CD40LG_AGCCAAGTGAGCCATGGCAC,CD40LG,614,195,93
CD44_GGCACTCACCGATCTGCGCC,CD44,662,19,0
CD44_CTTGCCCACAATGGCCCAGA,CD44,563,96,63
CD44_TGTGTTGTTTGCTGCACAGA,CD44,1224,423,517
CD44_GAAAGGAGCAGCACTTCAGG,CD44,82,217,350
CD44_TCACAGTTTCAACCACACCA,CD44,1969,445,454
CD44_CATTCGACAACAGGGACAGC,CD44,657,86,238
CD46_AAAGGGACACTCGCGGCGGC,CD46,482,26,149
CD46_AAGGAAAGGGACACTCGCGG,CD46,895,279,23
CD46_GGATATCCTAAACCTGAGGA,CD46,576,104,189
CD47_CAATATGGCAATGACGAAGG,CD47,772,242,295
CD47_AGTGATGCTGTCTCACACAC,CD47,627,96,100
CD47_CAGCAACAGCGCCGCTACCA,CD47,2976,1323,1336
CD48_CCATTCTACTCCAAAGGACC,CD48,805,325,648
CD48_CCCGGTCCTTTGGAGTAGAA,CD48,1597,691,596
CD48_CCAGGGATCCTTCTTACCCA,CD48,1221,397,451
CD48_TTCTTACCCAGGGTACAGGG,CD48,285,287,204
CD48_CCTCAGTCCACCCTGTACCC,CD48,1517,220,191
CD5_CAGTCGCTTCCTGCCTCGGA,CD5,53,7,0
CD5_CTGGCACTTCGAGTTGGAAC,CD5,3805,760,931
CD5_CTCTGGAGTTGTGGTGGGCG,CD5,1949,483,475
CD5_TCACTTACCTGAGCAAAGGA,CD5,1437,401,593
CD5_TCCTATCGAGTGCTGGACGC,CD5,152,274,243
CD5_GCGCCAGTGGATTGGCCCAA,CD5,283,211,261
CD52_TTACCTGTACCATAACCAGG,CD52,463,26,93
CD52_CTCTTACCTGTACCATAACC,CD52,1841,398,477
CD52_CTCCTCCTACAGATACAAAC,CD52,2244,859,647
CD53_AGGGCAAGAATATCACGGCA,CD53,1005,347,98
CD53_CAAGGAGGATAATCAGCAGC,CD53,750,146,124
CD53_TAGCCACATACTCATTCAGC,CD53,588,162,292
CD53_TATTGTCTGAGTGGTAACGG,CD53,657,209,164
CD53_ACAATAGCACCAAGGCAGCG,CD53,1952,877,929
CD55_CTTGTACGGCCTTCCAAAGC,CD55,1844,367,480
CD55_GAAGGTTCTCTTCTGTAACC,CD55,348,63,209
CD55_GGTCAGATTGATGTACCAGG,CD55,159,143,87
CD55_CTGGCAACGGGTCACTCCAC,CD55,809,179,147
CD55_GCACCACCACAAATTGACAA,CD55,1013,534,606
CD55_TGCTTGGTTGTCCTGGAAAC,CD55,2534,1134,893
CD58_GCACAAGTTAGTGTGGGAGA,CD58,915,181,184
CD58_ATGGTTGCTGGGAGCGACGC,CD58,724,197,270
CD59_GCGTGTCTCATTACCAAAGC,CD59,229,105,94
CD59_GGACGAGCAGCAGCCCGAAC,CD59,1921,400,448
CD59_TCACAATGGGAATCCAAGGA,CD59,1387,477,472
CD59_ATCACAATGGGAATCCAAGG,CD59,842,76,148
CD5L_GCGACTGGAGGTGCTGCACA,CD5L,1687,310,425
CD5L_GGCACACCACCTTTGCGGCC,CD5L,286,13,0
CD5L_ATCCAATCAGTCAGTTGCAC,CD5L,789,225,700
CD5L_CGGCTGGGACATTAAGGACG,CD5L,5333,1307,1645
CD5L_GAATCCAGGTCTGGTGCAAA,CD5L,1112,279,210
CD5L_CCAGCCATTTGCACCAGACC,CD5L,3906,1531,1013
CD6_AAGGATGCACAGTTGCCAAA,CD6,212,310,559
CD6_CTGCACTGCTGGTGTTGAGC,CD6,1202,851,695
CD6_AGCTAATGCCACTCTGGCCG,CD6,2044,235,393
CD6_CTCCAGCATCTCCACGCGGC,CD6,1143,538,564
CD6_CTGCGGTTGAGAGGCCCAAG,CD6,769,404,386
CD6_CTATGAAGATGAGGGAGCCA,CD6,1275,472,415
CD63_CGAGAAGGCGATCCATAAGG,CD63,1554,21,86
CD63_CTCGGTTCTTCGACATGGAA,CD63,2039,833,684
CD63_TAACAACTTCCGGCAGCAGA,CD63,735,237,147
CD63_GAGTCAGACCATAATCCAGG,CD63,317,94,129
CD63_TGAGTCAGACCATAATCCAG,CD63,675,139,96
CD63_TGCAGTGGGACTGATTGCCG,CD63,3041,355,250
CD68_AGGCGGTTCAGCCATGAGGC,CD68,152,43,226
CD68_GCACTGGAACAACCAGCCAC,CD68,280,142,27
CD68_TCGAGTCATGTACACAACCC,CD68,4581,1116,1302
CD68_CTACCTGAGCTACATGGCGG,CD68,1898,255,344
CD68_AAGCAAATGCTCAGAGGGCC,CD68,667,342,94
CD69_CACCCATGGAAGTGGTCAAA,CD69,566,826,638
CD69_GACCACTTCCATGGGTGACC,CD69,634,95,49
CD69_AGGACTGGGTTGGCTACCAG,CD69,1383,100,331
CD69_TTCATTACAGCACACAGGAC,CD69,1657,935,1143
CD7_GATCTCCTTCCTCCTCGGGC,CD7,57,11,43
CD7_AGATCACCGCCAGGGCCGCA,CD7,521,133,152
CD7_CAGAGGAACAGTCCCAAGGA,CD7,661,406,302
CD7_CCTACCTGTCACCAGGACCA,CD7,914,515,539
CD7_ATGTTGACGGAGGCTCCCAC,CD7,1011,209,351
CD7_GCTCTTACCTTGGGCAGCCA,CD7,1328,85,118
CD70_CAGCAGGCTGATGCTACGGG,CD70,1452,684,424
CD70_AGGCTGATGCTACGGGAGGC,CD70,710,378,136
CD70_GGTACACATCCAGGTGACGC,CD70,826,261,56
CD70_AGCGCTGGATGCACACCACG,CD70,984,223,472
CD70_ATCACCAAGCCCGCGACCAA,CD70,1151,170,330
CD70_ATGGGACCAAAGCAGCCCGC,CD70,145,66,80
CD72_CCGCCTCAAGATAACGCAGC,CD72,623,474,365
CD72_TGGCGGTCACTCCTAACAGC,CD72,680,296,91
CD72_GCGCCCGGGTTTATCCCGGA,CD72,406,10,20
CD72_CCGCACAGGCACACTCACAG,CD72,2438,796,1054
CD72_CTTACCCTGTCCTAACCGGC,CD72,961,165,185
CD72_CATCTCCAGCCGGTTAGGAC,CD72,369,538,462
CD74_TGGGCCTGAATGAACCCGGG,CD74,486,23,119
CD74_GGCTCCTGTTTGAAATGAGC,CD74,421,105,77
CD74_ACACCATGGAGACCATAGAC,CD74,1079,299,139
CD74_GCTAGCTCCCTGCACTCACC,CD74,320,63,21
CD74_GACTCTGCTCCTCGCTGGCC,CD74,445,41,48
CD74_TGTTGGAGATAAGGTCGCGC,CD74,853,181,280
CD79A_TCCTCCATGGCAACTACACG,CD79A,1992,432,431
CD79A_ACTCGTTGCCCTCCTGGACC,CD79A,463,229,221
CD79A_CATCCTCCTGTTCTGCGCGG,CD79A,1051,191,135
CD79A_GCACCACCGCGCAGAACAGG,CD79A,2119,483,177
CD79A_GAAGCTCGGGTTGGATGCCG,CD79A,1186,23,73
CD79A_GGTGTCACGGCTTCTCCAGC,CD79A,345,107,28
CD79B_TGTAGGTGAGCACCCAGGCC,CD79B,731,264,807
CD79B_TATCTTCCTGCTGCTGGACA,CD79B,1277,137,174
CD79B_CACGTTTCATAGCCAGGAAA,CD79B,1936,664,739
CD79B_CAGCAGCCAGATCGGAGGAC,CD79B,3341,341,814
CD79B_GCAGCAACGCCACCATCCAG,CD79B,2071,349,322
CD79B_AGACAACGCCAGCCTGGCCA,CD79B,445,361,119
CD80_GAGTGAATCAGACCTTCAAC,CD80,300,31,72
CD80_CGCTTTCAAGCGGGAACACC,CD80,438,265,150
CD80_TCGTATGTGCCCTCGTCAGA,CD80,123,309,236
CD80_AACTCGCATCTACTGGCAAA,CD80,1379,436,579
CD80_AAGCCATGGGCCACACACGG,CD80,2091,1254,933
CD81_CGAAATTGAAGACGAAGAGC,CD81,949,241,247
CD81_TTTCGTGGCAGCCAGTCCAC,CD81,401,162,183
CD81_AAGCTCTCCGACCTTCAGCA,CD81,1452,618,511
CD81_TACATAGAAGGTGTTGGGCG,CD81,1160,654,571
CD81_CAACCCTACATCTTCCCAGC,CD81,1301,369,423
CD81_CGGCCACCTCACAGGCAAAC,CD81,3336,1783,2391
CD82_AAGCTCCAGGACTGGCGGGA,CD82,498,254,200
CD82_AGCCCAGGATCACTGCGCCC,CD82,422,124,262
CD82_CTCCTCCAGCTCGCTTAGGA,CD82,2307,542,808
CD82_TGCCCATGTTGAAGTAGAAG,CD82,2634,1172,659
CD82_AGACTACAACAGCAGTCGCG,CD82,485,272,372
CD82_CCTTGACTTCGCAGGAACAG,CD82,2205,596,666
CD83_AAGCTGGAGGCCGCGCGACA,CD83,1761,589,485
CD83_CGCAGCACCTACCTTGACCC,CD83,2773,664,638
CD83_TCTTCACAGTTATTGGAGGG,CD83,348,158,196
CD83_GACTCCTCACAAGACAGAAC,CD83,905,255,192
CD83_AAGACAGAACTGGTATGAGC,CD83,351,85,28
CD84_GCTTCCGTACTCACCACACC,CD84,653,259,188
CD84_GGCTTCCGTACTCACCACAC,CD84,991,281,364
CD84_GGAGCTGCAAGGTCTGAACG,CD84,2375,193,368
CD84_GACATTACCCTCTTCTCCCA,CD84,36,86,63
CD84_GATCTGAGGATGGAAGACGC,CD84,414,210,11
CD84_TTCTCAGGGCCGGAAGCAGC,CD84,1121,228,244
CD86_TTCTGGAAACTGACAAGACG,CD86,377,413,594
CD8A_GACGTATCTCGCCGAAAGGC,CD8A,199,118,54
CD8A_TGGTGTCGTCAGTGCACACG,CD8A,383,162,43
CD8A_AGCGCCGCGACCACCAACAC,CD8A,2857,1068,1035
CD8A_CGCGGACCTGGCAGGAAGAC,CD8A,1272,521,619
CD8A_CTCAAACTCACGGAGCAGCA,CD8A,1464,640,1070
CD8A_TGCGAAATCAGGCTCCGGGC,CD8A,1817,63,56
CD9_GGTGCCTCCTTTGACCGGCA,CD9,250,22,25
CD9_GAATCGGAGCCATAGTCCAA,CD9,482,78,24
CD9_CACCAGCATCATGAGGGCGC,CD9,904,165,70
CD9_CAATGGCGAATATCACCAAG,CD9,1177,141,263
CD9_AGTGGGCATCGGCATTGCCG,CD9,372,294,209
CD9_TATCCGCAGGAACCGCGAGA,CD9,861,91,256
CD93_GGATGAGTGTGTGGGCCCGG,CD93,24,101,57
CD93_CATCTGTGTTGGTGCAGCCC,CD93,285,287,226
CD93_TTCGAGAGGCACAGGTCACC,CD93,495,283,516
CD93_CACCAGGACTGCTTTGAAGG,CD93,4728,1069,1559
CD93_ACATTGGCCGCAGAGGCAAA,CD93,1160,613,218
CD93_CGAGTGGGCCGTGTAGCAGG,CD93,1091,649,784
CD96_TACCGTGTGTCTGAATGAGA,CD96,196,148,105
CD96_CGAAGATTTGGACTGGAGAG,CD96,1331,520,746
CD96_CCATCATCGAAGATTTGGAC,CD96,1092,495,330
CD96_AGACAGAGCCATACACCAAA,CD96,1770,920,492
CD96_AATTCCAGTATGACTACCCG,CD96,1365,313,127
CD96_CAAGTGTACTTGATGGGAGG,CD96,1027,374,603
CD97_CTCCAAGACAAGCTCAGCCG,CD97,2560,1008,651
CD97_AGGCCTCACCTGTGTTCGAA,CD97,541,210,348
CD97_TTCCAAGAAGCAAGCCGAAC,CD97,736,208,383
CD97_CCTTATGGCTCATTATGACG,CD97,880,347,404
CD97_CTCGATGCCGGCCAGGAAGA,CD97,1334,565,841
CD97_TTCGAGGCTCATCCAGCAGA,CD97,514,345,195
CD99L2_TACGGCAGCAATGACGACCC,CD99L2,445,171,125
CD99L2_ATGTAACCACCACGACCAAG,CD99L2,1229,542,160
CD99L2_AAACCGGGTATAGGAGGAAG,CD99L2,1303,278,372
CD99L2_ACCACCACAACCAATAGGCC,CD99L2,801,217,174
CD99L2_TGGTACATTCCTAAGGCAGC,CD99L2,948,263,171
CD99L2_TTGGCCACCCTGGTCCAGCG,CD99L2,974,222,216
CDA_TGAACGGACCGCTATCCAGA,CDA,560,177,236
CDA_TCCAGAAGGCCGTCTCAGAA,CDA,1653,501,635
CDA_TCAGGGCAATTGCTATCGCC,CDA,662,57,69
CDA_CTGCAGGCAAGTCATGAGAG,CDA,2849,728,270
CDA_CGGGCCAGTTGGTGCCAAAC,CDA,3143,1107,1509
CDA_GCCCGTGTACATGACCAAGC,CDA,1709,446,613
CDADC1_AATCTGGAGAGCGCGAGGGC,CDADC1,415,266,163
CDADC1_CGGTCAGTCAGCACCCAGAC,CDADC1,3818,540,809
CDADC1_TCAGCATACTCAGATCCAAC,CDADC1,2053,987,664
CDADC1_CGCCTCGGAATCCACTAAGA,CDADC1,1904,566,548
CDAN1_CGAAGGCGGCCTTGCAGAGC,CDAN1,128,0,0
CDAN1_TCGTGGATGCTTTGGAACAG,CDAN1,1471,104,132
CDAN1_TGTGAGGCTTCCTGTCCGGC,CDAN1,137,32,39
CDAN1_CAACTCCGGTGAGCGAAGAG,CDAN1,2239,12,133
CDAN1_TCCGCCAAACCTCAGCAACC,CDAN1,2861,397,249
CDAN1_TGGATCGCGCGCAGCACCCA,CDAN1,1130,0,1
CDC123_TGGTAACGCCTCGGAAGAAC,CDC123,1180,0,0
CDC123_TCCGAGGCGTTACCATCAAG,CDC123,2480,112,27
CDC123_CTGTGCTCTTACCGTAAGCG,CDC123,595,270,94
CDC123_CTGTTTGTGCAACGGAAAGC,CDC123,1441,540,451
CDC123_TTTGAGTTACCGGCTACCCA,CDC123,332,3,16
CDC14A_CGTGCGTATCTCGCTTAAGA,CDC14A,1170,387,619
CDC14A_TGGACCGCTGAACTTGGCAA,CDC14A,275,121,319
CDC14A_CTGTTTGCAGGGAATCAGAA,CDC14A,1385,289,296
CDC14A_GCAAAGCGCTTCACAGACGC,CDC14A,1499,264,184
CDC14A_TGGATTAGAATATGCCGGCC,CDC14A,125,102,140
CDC14A_ATCCTCCGACCCTCCTACAC,CDC14A,992,440,364
CDC14B_TCCCGAGCCAGATCAGAAGC,CDC14B,1183,278,221
CDC14B_GATCAGAAGCCGGTCTAGAA,CDC14B,295,160,116
CDC14B_AGATCAGCAAGAACCCGAAC,CDC14B,1368,685,461
CDC14B_CCTAGCTGGCCTTGGTCGCA,CDC14B,611,210,248
CDC14B_CTTTGGAGTCATGAGCCGGG,CDC14B,751,108,149
CDC14B_GATGCTTTGGAGTCATGAGC,CDC14B,370,28,1
CDC16_GCGCCGCCATGAACCTAGAG,CDC16,945,2,49
CDC16_GGCCCTTGATGTTCTTGACA,CDC16,1016,1,17
CDC16_TGCTCTAGATAACCGAACCC,CDC16,851,9,0
CDC16_CTATGGACATTCATTTGCGG,CDC16,766,50,28
CDC16_CCGACCTCATGCATAACAAA,CDC16,4344,852,519
CDC16_TCAACACCAGTGCCTGACGG,CDC16,550,0,0
CDC20_CACTGACCAGGAGTTCGGCC,CDC20,906,138,119
CDC20_GACATTCACCCAGCATCAAG,CDC20,657,61,132
CDC20_ATTCCATCTAGGCCGTAGCA,CDC20,564,11,0
CDC20B_AAGCTGTGTGTGCTCTGAAG,CDC20B,766,419,333
CDC20B_GAATCTTGTTGCCATAGCCC,CDC20B,547,117,195
CDC20B_CGATTCCATACTCCAACCAG,CDC20B,2216,302,312
CDC20B_AACCCAGAACGTGGTTCAGC,CDC20B,0,92,52
CDC20B_CTCATGCAATGGACAGAGAC,CDC20B,713,384,649
CDC20B_GCCGGAGATGGAGTGGAAAC,CDC20B,758,157,327
CDC23_TGCCATTGAGGTCAACAAAC,CDC23,2274,911,858
CDC23_TCCAGGTGTCTGGCAAAGAC,CDC23,1816,820,607
CDC23_GGCGCTTAGAGAATTGAGAG,CDC23,868,194,149
CDC23_GGATATGGATGCCTATACCC,CDC23,568,0,0
CDC23_CTTACCTCTGTAATAGGCGG,CDC23,656,20,19
CDC23_GAGTACCTCCATGGTCCCGG,CDC23,184,19,0
CDC25A_TCAGATTCTCTCCATCGAGA,CDC25A,631,54,115
CDC25A_AGAGCACATACCATCCGAGC,CDC25A,586,87,93
CDC25A_CATCGACCCAGATGAGAACA,CDC25A,766,279,446
CDC25A_TCTTTACTGTCCAATGGCCC,CDC25A,506,127,164
CDC25A_CAGTGATTATGAGCAACCAC,CDC25A,689,82,343
CDC25A_ATTTGGCGCTTCAGCCGCCG,CDC25A,716,5,27
CDC25B_GGCCATGAGATCCCAGCAGG,CDC25B,1240,17,142
CDC25B_ACAGGGATAGGTGCGTCAGG,CDC25B,280,8,3
CDC25B_TCTCTGTCCTAGGTTTGAAC,CDC25B,1545,177,272
CDC25B_AGACACTCACCGGCATAGAC,CDC25B,1800,354,370
CDC25B_TGGTGATGTTCCGAAGCACG,CDC25B,318,14,81
CDC25B_TGGCCCACTCTGCCAGAGCA,CDC25B,1098,297,471
CDC25C_GCTGTCTGCGTGAAGAGGAC,CDC25C,1301,60,224
CDC25C_CCGACAGTAAGGCAGCCACC,CDC25C,1851,392,372
CDC25C_CTGGAGGAAGATTCTAACCA,CDC25C,1150,336,350
CDC25C_CCCAAACAGGTGAGCAGAAG,CDC25C,4799,1070,1464
CDC25C_CTTCTTTGTAGCACTCCGAA,CDC25C,962,392,363
CDC25C_TCTAGGGACATCTGGACAGA,CDC25C,856,198,96
CDC27_AAGAGAAATTCATCAGGGCG,CDC27,1482,230,264
CDC34_CCGCGTGACACTGGTGGACG,CDC34,3243,1263,1984
CDC34_CCCAACACCTACTACGAGGG,CDC34,1483,441,364
CDC34_CATCTTGGTCAGGAACCGAA,CDC34,461,337,566
CDC34_GGAGATCACACTCAGGAGAA,CDC34,935,262,283
CDC34_AGGTGTTGGGCTCGTTCAGG,CDC34,593,67,38
CDC34_TACGACGACTACTACGAGGA,CDC34,926,323,295
CDC37_CTACGAGTCCCTCCCTGAGG,CDC37,541,440,249
CDC37_CATTGACCTAGAGGTGGAGG,CDC37,313,163,453
CDC37_CATCCCATCCACGGCGGAGG,CDC37,2406,359,261
CDC37_CTTCGTCACCACCTCCGCCG,CDC37,2083,413,563
CDC37_CTGCCGCGAGTGCAAGCGCA,CDC37,232,109,212
CDC37_GCCTTACCTGATGCCGCCAG,CDC37,497,0,74
CDC37L1_AGAGCTCTGTGGCGTGCAAA,CDC37L1,1222,428,403
CDC37L1_AGTATCAGAACTGAGGCAAC,CDC37L1,150,152,114
CDC37L1_GAAGATGTGTCTGTGGAGCA,CDC37L1,407,636,1233
CDC37L1_GAGCACGGATGCCATTAGCA,CDC37L1,721,230,386
CDC40_TGCATGAGGGAGTCGGCGGC,CDC40,1338,270,327
CDC40_AGTGGACTCGGCTCCGGAGG,CDC40,6,22,71
CDC40_ACTGAACTTCTTTGACGGCA,CDC40,501,94,310
CDC40_TACTGAACTTCTTTGACGGC,CDC40,1105,364,119
CDC40_ACACAGTGGGACATTCGAAG,CDC40,1284,79,35
CDC40_GCAGTGACTTTGTCTCCAAA,CDC40,977,628,623
CDC42BPA_CTGCTGAAGCATCTAAAGAC,CDC42BPA,1841,1173,534
CDC42BPA_TGTCCGAGATAAGGAAGAAG,CDC42BPA,493,152,255
CDC42BPA_AGCTGTTTAAGAGTTACGGC,CDC42BPA,605,21,277
CDC42BPA_GACACATCAGTCACTTGGGC,CDC42BPA,474,102,307
CDC42BPA_ATCCTTCAAGCCATGGAAGA,CDC42BPA,318,375,285
CDC42BPA_GACGGGCCCGCTCAGACCAA,CDC42BPA,45,26,74
CDC42BPB_TTACCTCCTGGTTCTCACAC,CDC42BPB,392,64,230
CDC42BPB_TGACGACGTGCTGAGAAACA,CDC42BPB,1412,666,725
CDC42BPB_CGTGAATGGTCATATCCGCC,CDC42BPB,438,318,392
CDC42BPB_ATCAGCTTCATTACGTGCAC,CDC42BPB,49,213,127
CDC42BPB_AGTGCAGCGCGGTGATCCAC,CDC42BPB,1,184,138
CDC42BPB_CAACGAGAGCGCCCTGAGCG,CDC42BPB,2533,1220,793
CDC42BPG_CTTGCCGTAGGTTTCCACCA,CDC42BPG,1604,251,476
CDC42BPG_GCGTCTCAACACCAACGGCA,CDC42BPG,1021,157,120
CDC42BPG_GCGGGAGACGGTCCTCGAAG,CDC42BPG,6,21,98
CDC42BPG_GCACTATGCCTTCCAAGACG,CDC42BPG,1708,500,565
CDC42BPG_ATCTTGAAGGTGATCGGCCG,CDC42BPG,940,155,245
CDC42BPG_TCTAGGAGGCCGTCGAGCCC,CDC42BPG,797,103,51
CDC42EP1_CATGCATGTGGGCCGTGGCG,CDC42EP1,2621,900,869
CDC42EP1_AGCTGAGCTTGCCAACCACG,CDC42EP1,2571,851,329
CDC42EP1_AAAGCCGCATGACCGAGACC,CDC42EP1,1119,115,257
CDC42EP1_CCGCATGACCGAGACCGGGA,CDC42EP1,875,446,465
CDC42EP1_CGGCCACCACTACCCAGAGA,CDC42EP1,2237,905,1309
CDC42EP2_CTGAAGCGTGGCAGTCGCAA,CDC42EP2,950,550,407
CDC42EP2_TGGCAGTCGCAAGGGCAAGA,CDC42EP2,719,435,576
CDC42EP2_GCAAGTTCCACCTCCTGCCG,CDC42EP2,129,58,0
CDC42EP2_CGGTGCGGGTGAACTGGAAG,CDC42EP2,917,209,318
CDC42EP2_GCAGATCATGGATCAGGACC,CDC42EP2,469,98,274
CDC42EP3_GGGATCCTCCAATGGTCGGG,CDC42EP3,221,139,131
CDC42EP3_GGATCCTCCAATGGTCGGGA,CDC42EP3,387,121,129
CDC42EP3_TATGCCCAGGGAACTGGCCC,CDC42EP3,950,195,566
CDC42EP4_CAGGATGCCTGAGGTGCAGC,CDC42EP4,968,263,78
CDC42EP4_AAGGCCTGCTCATCGAGGAG,CDC42EP4,502,53,156
CDC42EP4_AGCGGTCACAGTCGGTGACC,CDC42EP4,187,24,37
CDC42EP4_CCACACCATGCACGTTGGCC,CDC42EP4,1121,319,324
CDC42EP4_CCGTGAGGTCCGCTCGGGAA,CDC42EP4,3259,885,831
CDC42EP4_CTCCAAGCGCCGTTCCCGAG,CDC42EP4,2487,874,832
CDC42EP5_AAGGACAGCAGCGGGTCGGC,CDC42EP5,28,218,202
CDC42EP5_TCGTTCCTGAGCCGCCACGG,CDC42EP5,1544,285,351
CDC42EP5_GATGCCCGTGCTGAAGCAGC,CDC42EP5,317,78,56
CDC42SE1_AGGGAAACCGAGATAGGCCA,CDC42SE1,352,168,144
CDC42SE2_CAGAACCAAATGCAGTCCAA,CDC42SE2,180,104,112
CDC42SE2_GATGCAGCTCGTGGATACGA,CDC42SE2,64,46,155
CDC42SE2_GCAGCTCGTGGATACGAAGG,CDC42SE2,1162,193,188
CDC42SE2_CAGCTCGTGGATACGAAGGC,CDC42SE2,192,220,101
CDC45_CTACGAGGTGGTCCAGAGCC,CDC45,107,123,215
CDC45_TATATTGCACGTGGTCACAC,CDC45,312,0,1
CDC45_AACCGTGTGCGCTTCTCAGA,CDC45,765,142,47
CDC45_TGGAGCAAACCATGCGGAGG,CDC45,443,105,331
CDC45_CATGGGACCGGCGAACAACC,CDC45,1504,273,377
CDC5L_GCCTCGAATTATGATCAAGG,CDC5L,923,43,1
CDC5L_TCAATTGGATCAGGCCGCGC,CDC5L,758,1,38
CDC5L_GGCTAATACTCAGGGAAAGA,CDC5L,705,0,0
CDC5L_GAGAAGTCACTCTCATGCAA,CDC5L,401,82,1
CDC5L_CATTAATCCCGAGGATGGAA,CDC5L,474,103,38
CDC5L_TGATGTGGATGCTCGAAAGC,CDC5L,2821,140,304
CDC6_TCAAACCCGATCCCAGGCAC,CDC6,958,202,538
CDC6_TTGCAGAATCCGGCTTAAGC,CDC6,1287,47,68
CDC6_TCAGGAGATTTGTCAGGAAG,CDC6,1861,143,204
CDC6_ATGGATCAACTGGACAGCAA,CDC6,661,0,16
CDC6_ACCAAGATCTTCTGCTGAAG,CDC6,995,70,187
CDC6_AGTCTGTCGCAAACAGCAGG,CDC6,346,18,69
CDC7_GATTCAGATGGATGAGCCAA,CDC7,15,23,0
CDC7_AAACAGAGCGCTGGACAGAA,CDC7,833,145,116
CDC7_TTTCATCATAAGGCGTCAGC,CDC7,517,124,130
CDC73_GGTCTTCACATTCTTGGGCC,CDC73,372,10,0
CDC73_GCTGCACGTCGGACATAAAC,CDC73,2040,213,236
CDC73_CGATCAGGTCTTCTAACCAC,CDC73,1261,13,21
CDC73_AGGCTGTTTGGTGCGCAAAG,CDC73,1221,159,113
CDC73_TCGTATCTGTTATAGGCAGC,CDC73,677,122,317
CDC73_GACACTATGGGAACCTACCA,CDC73,255,0,0
CDCA2_GAAGGAGAATCTTGTGCCAA,CDCA2,417,62,48
CDCA2_GGTGTTCCTCCTTTACGCAA,CDCA2,282,87,11
CDCA2_CATTCCGAGCATCCGAAGAC,CDCA2,2001,29,173
CDCA2_CAGTCTTCGGATGCTCGGAA,CDCA2,2134,309,485
CDCA2_CCAAAGTGCGACGTAGCACG,CDCA2,3045,580,284
CDCA2_CATCGGAAGAACCAGCAGCA,CDCA2,2062,720,735
CDCA3_CCCTGTTATCGTGGCCAGAG,CDCA3,2063,1325,737
CDCA3_AACTCAGTCTGGTTCCAAGG,CDCA3,1350,192,272
CDCA3_AATACCAAGAGTAGGAGAGC,CDCA3,131,14,4
CDCA3_ATACCAAGAGTAGGAGAGCG,CDCA3,521,80,291
CDCA3_TGCCAGCACTAGGTGAACGG,CDCA3,1959,310,323
CDCA3_CAACAAGCATCTGGCTCGAG,CDCA3,856,130,116
CDCA4_AGATCCTGTGCCGTGCAGCG,CDCA4,2733,1188,1511
CDCA5_AAGTCAGGCGTTCCTACAGC,CDCA5,825,164,155
CDCA5_CCTTAGTAAGCTCCCTGCCA,CDCA5,670,1,152
CDCA5_TAGCCTTTACCTCTACAGCA,CDCA5,1633,18,114
CDCA5_GAAAGCCCATCGTCTTAAAG,CDCA5,652,55,53
CDCA5_CCTTCGGCCAGATTTCAGGG,CDCA5,417,13,8
CDCA5_TTATGTCTGGGAGGCGAACG,CDCA5,461,145,80
CDCA7_GCCAGATGTCACTAACGAAC,CDCA7,1351,309,163
CDCA7_TTTCCAGCGCGGAGTACCAG,CDCA7,656,132,187
CDCA7_TACTGAGTCGGAGCCTGGGA,CDCA7,262,196,163
CDCA7_GAGGATCCGGGACCTTGACC,CDCA7,187,0,37
CDCA7_TGGGCGAATTATATGCGGAA,CDCA7,1481,476,648
CDCA7_CCATAACGGTTTCGAAGGCA,CDCA7,1550,453,428
CDCA7L_ATTGCAGATCCCACGACAGG,CDCA7L,744,262,381
CDCA7L_CAAGACAGTGTGTCGGAACC,CDCA7L,2624,1030,751
CDCA7L_TCTTCGGTGATATCCTCCAC,CDCA7L,588,133,63
CDCA7L_CGCGGCGTATGAACCCAACC,CDCA7L,1304,591,743
CDCA7L_ATCTTTGGTGAGCGAGGAAG,CDCA7L,501,224,262
CDCA7L_CTCACTAGAGTCAGGGAAAC,CDCA7L,1870,1324,1355
CDCA8_ACGGTCGAAGTCTTTCAGAA,CDCA8,2185,31,3
CDCA8_AGGCTCTGCGCGAGATGAAC,CDCA8,1101,53,86
CDCA8_ATGTTTGTCATAGGCTGACC,CDCA8,218,61,0
CDCA8_ACCTCCAATCGGCCCACGGC,CDCA8,182,21,45
CDCA8_TATTGCCCAGCTGGATCCAG,CDCA8,533,26,56
CDCA8_TGCTGCAGATTTGGGCGAGA,CDCA8,2060,669,791
CDCP1_ACAGCAAATGATGAGCCCGA,CDCP1,815,75,49
CDCP1_GGAGATCTTCAGCCTGGACG,CDCP1,782,335,280
CDCP1_ATTTCCTTTGGCAGTACCGG,CDCP1,569,49,23
CDCP1_TGTCACTCACCATCGAGCCA,CDCP1,1821,514,516
CDCP1_AAACTTGGAACTGCAGCCGG,CDCP1,1742,106,122
CDCP1_GCGGTTTGCAATGCTGAAGC,CDCP1,116,50,43
CDCP2_CCAACAACATCCGCTGCCAC,CDCP2,1893,167,71
CDCP2_ACACCAGCTTGACGTGGGCA,CDCP2,1932,749,521
CDCP2_CAACAACTACCCGAACAGCA,CDCP2,1699,221,537
CDCP2_TGGCCACATGCTTGTCCGAG,CDCP2,1373,473,891
CDCP2_GACAGACATGACATGCCAGG,CDCP2,240,17,26
CDCP2_ATGGCTTGGGCCTGGAGCCC,CDCP2,111,109,176
CDH1_CCGAGAGGCTGCGGCTCCAA,CDH1,1002,307,385
CDH1_CCTCACCTCTGCCCAGGACG,CDH1,696,275,353
CDH1_CCTCGACACCCGATTCAAAG,CDH1,780,127,241
CDH1_CAAGCCCGAATTCACCCAGG,CDH1,1003,19,46
CDH1_GCTGAGGATGGTGTAAGCGA,CDH1,1422,212,144
CDH1_GGTCAGCAGCTTGAACCACC,CDH1,13,100,384
CDH10_TCCTACAGCTCCAGATAACA,CDH10,2128,1029,678
CDH10_TGAGATAGTTCACGGTCAAG,CDH10,476,31,197
CDH10_CTTCGGCTCTCATAGTCGAG,CDH10,1376,316,187
CDH10_CTTCCAATGGCTGTGCCAAC,CDH10,1114,852,547
CDH10_GCGAATTGATAGGGAGGAAA,CDH10,2458,836,771
CDH10_CACAAGGCGAATTGATAGGG,CDH10,1469,339,759
CDH11_AAAGACAGTGATGTTGAGCC,CDH11,1148,375,138
CDH11_GACCCGAAGTTTATCAGCAA,CDH11,1537,579,382
CDH11_AACGGACTATGAAACACAGG,CDH11,433,194,188
CDH11_AGCCCTACCCAACATGGACA,CDH11,1458,668,208
CDH11_CAGGGACACCAATCGGCCAC,CDH11,81,59,134
CDH11_TCGTGATAGAGGAGTACACC,CDH11,768,312,436
CDH12_TCCATGGGTGGTCTCTGACG,CDH12,359,31,95
CDH12_GGGATTGAAACCCGAAGAAA,CDH12,524,196,84
CDH12_AAGGGCCCGCCGAGTGAAAC,CDH12,660,132,218
CDH12_TCAAGTACTCATCCAAGCCA,CDH12,1683,659,589
CDH12_ACCTGGAGTACATATGCACC,CDH12,481,161,240
CDH12_CGAGCCTCAGTATGTGGGAA,CDH12,3084,852,890
CDH13_TTTGTCCGACTAGAAGCGCC,CDH13,370,163,122
CDH13_AACAGTCTTGCTGACCACAA,CDH13,807,265,372
CDH13_CCAAGCCATTGGACAGCCAG,CDH13,1475,817,555
CDH13_TGGTCCTCAATGAATTCAGC,CDH13,156,191,98
CDH13_TACTTCAAGGTGAACAGCGA,CDH13,1642,372,936
CDH13_AAGTTCTGTGCCTAGCACGA,CDH13,448,92,174
CDH15_TTACCTGGGCCAACAGCCCG,CDH15,773,214,98
CDH15_TGTCGATAGAGAAGACGCCC,CDH15,355,34,77
CDH15_AGTGAACGCCTCCTGCAGGA,CDH15,120,203,112
CDH15_GCGGTTCTCCATCCTGCAGC,CDH15,2,21,1
CDH15_GATTGTACACCGCGACCACC,CDH15,256,183,60
CDH15_GGATGTGGGACGCCTGGAAG,CDH15,1379,163,203
CDH16_ATGTTCTGGCCTGCTCGGAG,CDH16,304,337,112
CDH16_GGCTCAGAATTCCCATGGCG,CDH16,966,203,431
CDH16_ATTCACTTCAAAGGGTCCCG,CDH16,461,97,87
CDH16_TATGATGGAGACTTCCACGG,CDH16,1103,106,84
CDH16_GCTTCAGACCGGGATGAGCC,CDH16,488,37,44
CDH16_TACAGAGCTCGGCTGAGCCG,CDH16,862,189,426
CDH17_GACCCTTACTGCACATGACA,CDH17,1249,188,294
CDH17_GGTCCAGGAGAATGAACGAC,CDH17,801,604,410
CDH17_TTTGGGCCCTGTAGGTGCGG,CDH17,228,279,204
CDH17_GATGATCCGGCCACTCCCAA,CDH17,86,22,7
CDH17_CAGGAGGATTGGCCTTAAAC,CDH17,2370,1195,647
CDH17_GGCAACTGGATATGGCCAAG,CDH17,93,106,69
CDH18_TATTCCCTGGCAAGTTCGGG,CDH18,347,5,91
CDH18_TGGGACCATTAGGACTACAA,CDH18,870,299,262
CDH18_TAGACTTCCATGAGGTAGGA,CDH18,728,123,128
CDH18_CTATGGAAACAGCGCTCGGG,CDH18,245,58,148
CDH18_TGTTGAGTGGATATCACCCG,CDH18,1734,403,207
CDH18_AAACAGAGACACACTAGGAC,CDH18,1233,479,600
CDH19_TAGGTCTGGAGGGAATCAAA,CDH19,406,144,174
CDH19_AAGGACATGATTGGTCAGCC,CDH19,499,343,123
CDH19_GATGCTGACGATCCCTCAAG,CDH19,755,27,241
CDH19_GACTAGTCATCACATCGGCC,CDH19,881,73,323
CDH19_TCTCATTTGAGAGTGAAGCG,CDH19,1275,246,396
CDH2_ACCGACCCAAACAGCAACGA,CDH2,1368,115,116
CDH2_TGTCACTGTGATGACGGCCG,CDH2,638,118,91
CDH2_CAGACCTGAGTTCTTACACC,CDH2,811,104,121
CDH2_TGGATCGCGAGCAGATAGCC,CDH2,887,41,50
CDH2_AGCACAGTGGCCACCTACAA,CDH2,1472,48,46
CDH2_GACCGCCGCGTACCTGAAGC,CDH2,1127,78,163
CDH20_TTCGTTCTGGAAGAGTACAC,CDH20,427,128,231
CDH20_CGAGTCACCACCTTACCCAC,CDH20,1359,95,354
CDH20_CTACGGCAACAGTGCCAGGG,CDH20,1418,165,512
CDH20_TAGGACAGCGCTCATGAACA,CDH20,1175,510,413
CDH20_TGTCGGGAGAGTGTTTGCCA,CDH20,857,442,479
CDH20_TGACAGGAACACTTCCAACC,CDH20,2740,654,1102
CDH22_TCGGATCCTTAGGGATGCCC,CDH22,259,112,29
CDH22_GCGCCATCGTGACTGGCAAG,CDH22,1037,1009,624
CDH22_AAGGACGAGAGCAGCAGCGG,CDH22,669,406,144
CDH22_TGACCTTGACCGCGAGAGCC,CDH22,946,519,283
CDH22_CTTCTACACGCTGCGGGCCC,CDH22,929,260,88
CDH22_GGTAGAGGAGTACACGGGCA,CDH22,24,20,79
CDH23_CGTGGCAGCTGGTGGCAACA,CDH23,2834,1304,2086
CDH23_GCGTGTCCTCGCTGATCAGC,CDH23,400,184,52
CDH23_CTCCACTGCAAAGAAGCGAG,CDH23,793,128,337
CDH23_TTCTCTGTCAGCGACCACCA,CDH23,1384,270,301
CDH23_TCACCTTCCGTGTGATCACC,CDH23,376,128,71
CDH23_CAATGGCGAAGAATTGGGAG,CDH23,970,291,165
CDH24_TTGCTTCTCTATCCAGCCCG,CDH24,490,378,726
CDH24_TAGGCAGCCTGGGTGAAGGC,CDH24,806,117,226
CDH24_CAGACTTGCAGGGTCGAGAC,CDH24,1088,493,772
CDH24_CAACATGGACCGGGAGACAC,CDH24,1881,478,131
CDH24_GACATTGGACATCTCGGGCA,CDH24,885,89,103
CDH24_CTTCGAGTCCGCAGCAGAGC,CDH24,1112,390,481
CDH26_ATATGGCCATGAGATCCGGG,CDH26,146,247,24
CDH26_TCTTGGATCGCCGTAGAGGC,CDH26,168,71,27
CDH26_TCATTTCTCGATCGACAGGG,CDH26,513,105,127
CDH26_GATGTTGTGGAGCGCTCAAC,CDH26,703,109,200
CDH26_CTCCACTAAGGCGATCAACC,CDH26,1623,1044,885
CDH26_TTACACTGCTAATCAGAGCC,CDH26,370,299,486
CDH3_AGAAGGAGGAGAGACGCGAG,CDH3,651,434,283
CDH3_CAGCCTCCCTGAAGACCGCC,CDH3,1120,148,157
CDH3_GATGACTTCACTGTGCGGAA,CDH3,812,165,116
CDH3_GGGTGTCTTCGCTGTAGAGA,CDH3,115,344,343
CDH3_CACCATTCTCTGACACAGCG,CDH3,2100,918,855
CDH3_GATGCCATCTACACCTACAA,CDH3,309,430,1014
CDH4_GCAACTTACCCGGAGCGCGC,CDH4,202,18,251
CDH4_TGGGACAGTCTTCGCCACCC,CDH4,1007,210,234
CDH4_CGAAGGACACCCTGCTGCCG,CDH4,387,463,530
CDH4_CCTTGTGACGTACATCCGGC,CDH4,265,249,248
CDH4_TGCCATTCATGTCCACAGCG,CDH4,2578,1335,1101
CDH4_CAGCACCACGGCCAACGGGA,CDH4,1185,336,206
CDH5_AGGTGCTAACCCTGCCCAAC,CDH5,519,150,186
CDH5_AACAACCGATGCGTGAACAC,CDH5,663,215,179
CDH5_CAGGATTTGGTACATGACAG,CDH5,1930,226,272
CDH5_TGATGCCCTCGTTGTGGGCG,CDH5,911,1001,688
CDH5_GGGCTCTGTTTCCCGCGGGA,CDH5,503,64,91
CDH6_CGATTATCAGTATGTGGGCA,CDH6,1570,369,468
CDH6_GCGACATACAGGCCACCAAG,CDH6,2099,998,1027
CDH6_TGTTGTCCAAGTCACTGCGA,CDH6,1083,259,124
CDH6_GCCACCTGTCTTCAGCAAAC,CDH6,1713,1094,1097
CDH6_CTTTCCGGTTCCAGACAACA,CDH6,1510,856,633
CDH6_CAACGACGAAGGTGGTGGAG,CDH6,627,34,57
CDH7_CCTACCTTTCCTACATAGAG,CDH7,1696,319,426
CDH7_CACGCTCCGAGCTCAAGCGC,CDH7,758,208,403
CDH7_ATATGGCAACAGTGCCAGAG,CDH7,289,221,60
CDH7_CAAGACTGCCCTTCCAAACA,CDH7,3823,991,1339
CDH7_TGCCAATGATATTCCCAACC,CDH7,2493,718,956
CDH7_TAGCCTCTTCCTACTTGAGA,CDH7,602,150,94
CDH8_CATCGACCGGCACACTGACC,CDH8,699,179,133
CDH8_ACCCACGCTTCAGTGGCAGG,CDH8,262,180,133
CDH8_TCTTGGCACTGCAATAGGAA,CDH8,509,346,203
CDH8_TAAGTGTCGTGGTCCCAGAC,CDH8,801,151,233
CDH8_AATTCAGAAGGAGGCTCCAG,CDH8,232,144,119
CDH8_TTCCGCTAGCCGTTCTGGCA,CDH8,458,387,282
CDH9_CTACAACGATGAAGGCGGCG,CDH9,1687,299,715
CDH9_GAAGCCCTGATCCTTTCAGC,CDH9,88,54,147
CDH9_TGATCCACGATTCTTACACC,CDH9,781,1190,484
CDH9_CATCACTGACAAGGATACAC,CDH9,1701,121,245
CDH9_TCTGTACATTCTTCGTGCCA,CDH9,921,258,422
CDH9_ATGCTACGTCGCACCAAGCG,CDH9,1633,416,674
CDHR1_GAGACATGAGGCGCTGCCGG,CDHR1,748,144,52
CDHR1_GGCTCTGTTCAGCCTCCCAG,CDHR1,298,49,109
CDHR1_TCTGTCCAGCTCTTCAACCA,CDHR1,2015,762,489
CDHR1_CATCATTGGCATCGGTCACC,CDHR1,795,437,325
CDHR1_GGGCCACTCTGGACTACGAG,CDHR1,673,297,144
CDHR1_ATTCTTCTGCAGGATGGCGG,CDHR1,120,18,138
CDHR2_ACACCTACCAGACACCACGA,CDHR2,1347,403,453
CDHR2_ACCGGGACTCACCCACAGGC,CDHR2,1269,318,215
CDHR2_TACCTCGTAGTCCAGAGCGC,CDHR2,58,138,238
CDHR2_ACACCACACTGCCCACGGGC,CDHR2,1070,360,93
CDHR2_CAAGAGCGCTTTCTACCAGC,CDHR2,1045,112,186
CDHR2_GGTCCACCACGGAGATGGAC,CDHR2,227,92,62
CDHR3_ATCTAGTTGTTCCATCCCAG,CDHR3,1034,502,318
CDHR3_CTGGATCGAAGGCCTCAACC,CDHR3,1324,395,482
CDHR3_AGGCCTACCTGGTAAAGCGA,CDHR3,895,45,145
CDHR3_CAGTGGTAATGCTGTAGAGG,CDHR3,1539,441,499
CDHR3_AGTGACTGGTACAATCCAAG,CDHR3,284,87,154
CDHR3_TGCCGGAAAGAACAGCCAAG,CDHR3,1383,387,247
CDHR4_ACACCTCTCACCACGACCAA,CDHR4,729,96,141
CDHR4_GCAGCTTTGCCTTTGTCCAA,CDHR4,766,579,219
CDHR4_GATGAGCATTATCAGTGCCC,CDHR4,0,14,0
CDHR4_GCTGGTCAATTTGCCAGCCC,CDHR4,208,118,145
CDHR4_GACATTGAGCAACTCCAGGG,CDHR4,260,62,64
CDHR4_CAGAGACCACCGGAGCAAAG,CDHR4,1946,861,555
CDHR5_CGCCACACTAGTGCTGAACG,CDHR5,4649,1673,1504
CDHR5_CGGGACGGTTTACACTCACC,CDHR5,619,36,20
CDHR5_GCAGGCTGAGGACCGCGACA,CDHR5,1471,153,160
CDHR5_TGGTGCCTGCCCTAGAAGGC,CDHR5,299,41,109
CDHR5_GAGTCACGTTGAGAAACAGC,CDHR5,194,177,128
CDHR5_CGAGCAGCCCGGTGAACAGC,CDHR5,1020,563,432
CDIP1_AGTCCCAGCTCCGTTAGCAC,CDIP1,1127,270,98
CDIP1_CCACCACACATGAGTGCAGA,CDIP1,554,217,330
CDIP1_TGACCCGGCGGCTCATAGGG,CDIP1,2359,94,119
CDIPT_AGCGTCACTTCTTCTTGGCG,CDIPT,3380,444,718
CDIPT_GCGCCAAGAAGAAGTGACGC,CDIPT,1395,994,217
CDIPT_GCTGATTTGGAAGAACAGCG,CDIPT,180,55,69
CDIPT_CAAGGGCTGTTATGGCACAG,CDIPT,2847,720,999
CDIPT_TTGGTTTATCACTCTGACGC,CDIPT,621,213,198
CDIPT_CGATGAGGTTGGGCACGAAC,CDIPT,3306,149,246
CDK10_TCACGGTGCCTCCGGAACAC,CDK10,518,426,221
CDK10_GATCGTGGCTGGATGACAAC,CDK10,230,1201,138
CDK10_AAGCTGAACCGCATTGGAGA,CDK10,2000,479,276
CDK10_TTCCATTCCAGATCGGGCCC,CDK10,993,188,107
CDK10_ACGCACCTGAGCCTCCGAGA,CDK10,1577,188,239
CDK10_TGTGCAGATACTGGAGGCCC,CDK10,236,90,267
CDK11A_AGGATAAAGCTCGCCGGGAA,CDK11A,630,253,339
CDK12_TGGCCTTCAAACTAGACCGA,CDK12,498,0,50
CDK12_GGAATGACGACTGCGTGAAC,CDK12,640,235,135
CDK12_AGAACTAGTGGCTCTGAAGA,CDK12,484,12,19
CDK12_CGGCGACGTCAGCGACAAAG,CDK12,2195,445,441
CDK12_TCCCACAATGCCACAGGAGG,CDK12,603,168,134
CDK12_AGGAATGGTTGCCCGACCAC,CDK12,283,85,43
CDK13_ACGACAGCCCGGTGTCCCAC,CDK13,1590,241,254
CDK13_ACACTTCTACACCTACCAAG,CDK13,1131,443,250
CDK13_ACGGACAAGTTTACAAAGCC,CDK13,787,603,371
CDK13_TCTCCCAGTAGCAGTTCAGG,CDK13,747,317,215
CDK13_GGCAGCTCAAATGTGGCACC,CDK13,0,0,20
CDK13_GGAGACTGATGCTGCCCAGG,CDK13,259,5,0
CDK14_CCCACGAAGGCAGAGTAACC,CDK14,1047,385,715
CDK14_TACACGGAACTGCCAGGGAA,CDK14,302,303,185
CDK14_CAGTACATGGACAAGCACCC,CDK14,1110,296,229
CDK14_AACCTTCTGATCAGTGACAC,CDK14,1274,210,131
CDK14_ATCTGGAGGTCTGTACCACA,CDK14,867,211,77
CDK14_ATTGTAGGAGCTTGGAGGCC,CDK14,293,93,228
CDK15_GAGTCAGCCTGAGACCACGG,CDK15,319,37,38
CDK15_CCATTTACAGCTATCCGAGA,CDK15,560,228,387
CDK15_GAACTTACTCATCAGTCACC,CDK15,55,42,133
CDK15_CACTGAATATTCCTCTGAGC,CDK15,355,437,504
CDK15_TTCCAACATCCTTGAACAGC,CDK15,1742,249,245
CDK15_CCTACAGAGGATACTTGGCC,CDK15,735,273,42
CDK16_TCAATTCTGGGCACACGCCC,CDK16,523,45,126
CDK16_TGGCGGCAGTGACCCTGGAG,CDK16,1723,569,811
CDK16_GCCACCAGAGATTGTGCACG,CDK16,1188,212,225
CDK16_TCAGGCAGCCGGATGTCAGC,CDK16,253,89,106
CDK16_ACTGGAGACCTACATTAAGC,CDK16,425,148,256
CDK16_GGCACTCAAGGAGATCAGAC,CDK16,320,63,38
CDK17_CTCTAATTAACCACGCACCC,CDK17,2862,723,376
CDK17_CCCTGCACAGCTATAAGAGA,CDK17,954,471,669
CDK17_CGACTCATTGGTTGGTCAAA,CDK17,2290,376,647
CDK17_ACACTGTGTGGTCTCCGCAA,CDK17,178,78,0
CDK17_TCCTGTGTACTGGTGGAGGA,CDK17,438,129,584
CDK18_CATTCCGCCGGTTGTGGAGC,CDK18,503,302,185
CDK18_AAGGTGCTGCACTCCTGCGG,CDK18,776,170,197
CDK18_CACCACAGGACGTCAGCAAG,CDK18,2796,797,893
CDK18_GATCCGGCTGGAGCACGAGG,CDK18,191,88,149
CDK18_CACAGATCGGTCCCTCACCC,CDK18,469,190,442
CDK18_TGCTCATGAGGTTCCCACAG,CDK18,2643,526,401
CDK19_TTGGTAATTCAGGCGAGAAC,CDK19,960,264,190
CDK19_GGGAGTACCTGATAATCCGA,CDK19,17,94,0
CDK19_CCTTCAGGCGCAAACTCAGG,CDK19,201,126,59
CDK19_GGAGAGAAGCACCTACCAAG,CDK19,1260,175,90
CDK19_TACAAGGCGAGGCGGAAAGA,CDK19,820,260,654
CDK19_ACGGTCACGTCTACAAGGCG,CDK19,1076,599,602
CDK2_AAGCAGAGAGATCTCTCGGA,CDK2,70,31,0
CDK2_CATGGGTGTAAGTACGAACA,CDK2,1532,170,191
CDK2_CCCTATTCCCGTCCCTCAGG,CDK2,653,129,101
CDK2_CTAGAAGTGGCTGCATCACA,CDK2,1001,415,451
CDK2_TCCGAAAGATCCGGAAGAGC,CDK2,1287,80,36
CDK2_GATTTCGGCCAAGGCAGCCC,CDK2,508,0,23
CDK20_GCTGCGATGCGCTGGTGAGG,CDK20,451,478,402
CDK20_CTCACCACAGATCGACGCCC,CDK20,1051,73,353
CDK20_CCGCCTCTACACACACCAGG,CDK20,1002,321,250
CDK20_AGGTGGTGCGCCATGCCCAG,CDK20,940,85,53
CDK20_CGAGATAGTTGCCCTCAAGA,CDK20,3049,916,694
CDK20_TGGCCTTGAAGACGATGCCG,CDK20,1267,430,243
CDK2AP1_GCTGGCCATCATTGAAGAGC,CDK2AP1,330,130,296
CDK2AP1_TCACTCACCGGCGTTGAGGG,CDK2AP1,1078,213,328
CDK2AP2_ATGAAGCCACCCGGCGCCCA,CDK2AP2,626,45,116
CDK2AP2_ACATAGGCGATGAAGCCACC,CDK2AP2,219,293,87
CDK2AP2_CAGCGGTCTGAAAGGAGCGC,CDK2AP2,690,1,73
CDK2AP2_TCGAGGTCTCGAAGAGAAGA,CDK2AP2,609,110,160
CDK2AP2_TCTTCGAGACCTCGACCGCC,CDK2AP2,459,299,124
CDK3_GGCCCTGAAGAAGATCAGAC,CDK3,814,136,76
CDK3_CTCATGGGTGTAGGTGCGCA,CDK3,2216,347,364
CDK3_CCTCATGGGTGTAGGTGCGC,CDK3,411,544,209
CDK3_GCAGCTTCCCTAAGTGGACC,CDK3,769,96,151
CDK3_TAAGTGGACCAGGAAGGGAC,CDK3,693,3,63
CDK3_GATCACAGCCAAGACTGCCC,CDK3,242,26,32
CDK4_AGAGTGCTGCAGAGCTCGAA,CDK4,1325,0,16
CDK4_TACCACCGACTGCACTGGGC,CDK4,678,109,1
CDK4_CCAACACTCCACATGTCCAC,CDK4,1944,0,1
CDK4_CCAGATGGCACTTACACCCG,CDK4,3120,41,214
CDK4_CTCACCTTGATCGTTTCGGC,CDK4,386,45,75
CDK4_GGTGGCTTTACTGAGGCGAC,CDK4,1,0,0
CDK5_TCTGCTGAGATACGCTGGAC,CDK5,562,190,133
CDK5_CTGCTGAGATACGCTGGACA,CDK5,2973,431,206
CDK5_ATCGGAAGATCCTCTTCAAC,CDK5,146,309,273
CDK5_CTCAGCTGAGTAACAGCGGA,CDK5,425,134,342
CDK5_TCAGCTGAGTAACAGCGGAC,CDK5,14,37,22
CDK5R1_CCTTCCGGTAGCTGGGAGAC,CDK5R1,1471,85,249
CDK5R1_CTCCGCAGGGACGCCCAAAC,CDK5R1,1712,574,621
CDK5R1_GCAGCTCACTGGTGGACGCC,CDK5R1,326,149,53
CDK5R1_ACGCTGCGCAGCCAGAGCAC,CDK5R1,1931,77,51
CDK5R1_GGATGTTATCTCCTCCGAGG,CDK5R1,479,27,88
CDK5R1_GCGGCCAGGAGGACAAGAAG,CDK5R1,2012,241,431
CDK5R2_AAGGCGAGAGCCGACTCAAG,CDK5R2,429,40,137
CDK5R2_CAAGAAGGTGACACCCAAGC,CDK5R2,700,554,185
CDK5R2_ACACCCAAGCCGGCATCCAC,CDK5R2,732,297,1926
CDK5R2_CGCGAGAACCTTCTCCGCAA,CDK5R2,1880,285,519
CDK5R2_TTGCAGGCGTAATGAAGGCC,CDK5R2,662,283,210
CDK5R2_GCTCCTTGTCGGGCTCCACG,CDK5R2,894,428,54
CDK5RAP1_TTCCACTCTGGGCTGGCAGG,CDK5RAP1,415,93,100
CDK5RAP1_TGCATTGTTCCTTTCACCCG,CDK5RAP1,2404,851,738
CDK5RAP1_TTAGGCAGTGACTCACACAA,CDK5RAP1,1233,543,907
CDK5RAP1_CTCAGAGGAACCCGGGAGCG,CDK5RAP1,456,149,39
CDK5RAP1_TGAATGACACAGAGATAGCC,CDK5RAP1,822,94,119
CDK5RAP1_GCAGGAGGATGGAGCTCGGA,CDK5RAP1,864,13,68
CDK5RAP2_GCCCATCGAGAGAAGAGCAA,CDK5RAP2,1046,46,154
CDK5RAP2_GACAGCCGCCCAGGCAGAAC,CDK5RAP2,136,99,121
CDK5RAP2_TGCTCGAAAGAAGGTGCAGC,CDK5RAP2,887,108,155
CDK5RAP2_AACGGATGATGGTACTCACG,CDK5RAP2,1124,124,137
CDK5RAP2_CCTTGAGGAAAGAATGCAAC,CDK5RAP2,402,271,200
CDK5RAP2_ATCCAGGTCATCTGGTACAC,CDK5RAP2,919,377,308
CDK5RAP3_CTGGATGGTAAAGCGACGCA,CDK5RAP3,591,282,384
CDK5RAP3_GATGGTAAAGCGACGCAAGG,CDK5RAP3,182,162,108
CDK5RAP3_ATGGTAAAGCGACGCAAGGA,CDK5RAP3,583,70,61
CDK5RAP3_CTGGAGGTGATGGGATAGAC,CDK5RAP3,1566,539,905
CDK6_CTGGAAGTATGGGTGAGACA,CDK6,1613,1,91
CDK6_CCAACACTCCAGAGATCCAC,CDK6,613,59,83
CDK6_AACACTCCAGAGATCCACGG,CDK6,760,70,139
CDK6_CCGCATCTATAGTTTCCAGA,CDK6,1993,273,144
CDK6_TTGGATAAAGTTCCAGAGCC,CDK6,877,212,163
CDK6_CGCGCTTCAACGCCACGAAA,CDK6,2433,175,227
CDK7_TCGGGCTTTACGGCGCCGGA,CDK7,291,43,26
CDK7_GGCAAAGCGTTATGAGAAGC,CDK7,157,119,70
CDK8_GAGGACCTGTTTGAATACGA,CDK8,744,86,157
CDK8_TGCAGCCCTCGTATTCAAAC,CDK8,2059,1319,1149
CDK8_CAGCAATTCACCTTACCCAG,CDK8,1066,715,726
CDK8_CTGAACTACTTCTTGGAGCA,CDK8,2016,1057,947
CDK8_TCCTTATCACCATGACCAGC,CDK8,740,161,109
CDK9_TCGGGAACTACAAGTCCCAG,CDK9,253,92,124
CDK9_GCACCGCAAGACCGGCCAGA,CDK9,758,0,11
CDK9_AAGGATCTTGATCTCCCGCA,CDK9,362,15,0
CDK9_CACGCTGTCTGAGATCAAGA,CDK9,1594,117,102
CDK9_TCACCGAGCAACAGCTCCGG,CDK9,166,0,0
CDK9_CGTCATCGCTGTCGATGCGC,CDK9,246,84,166
CDKAL1_AGTGTATCACAGGATGCAGA,CDKAL1,281,129,79
CDKAL1_TAAGGTAGTCCTGGCGAGGC,CDKAL1,1334,341,544
CDKAL1_CACGATCTATCTGCTGAACC,CDKAL1,2019,1039,889
CDKAL1_TGGTTGACCAGTGAAGACAC,CDKAL1,340,132,153
CDKAL1_CTGTCGGAGGCAGACTGGAC,CDKAL1,2073,471,445
CDKAL1_CATCAGCAAACCGCTAGCAA,CDKAL1,2155,833,550
CDKL1_CCAATTGCCCAAACATCCAC,CDKL1,1265,417,280
CDKL1_ATTGCCCAAACATCCACCGG,CDKL1,467,173,114
CDKL1_TCCTCCTGAAGACTTCCAGG,CDKL1,510,247,161
CDKL1_ACCTCCTGGAAGTCTTCAGG,CDKL1,356,10,6
CDKL1_TGAGCATTCGGATTTCCCGA,CDKL1,828,291,133
CDKL1_GAGCATTCGGATTTCCCGAA,CDKL1,469,128,63
CDKL2_AGGTCAATAGCAGCCAGAGA,CDKL2,594,189,122
CDKL2_ATGTCAGCGTGGACCACACA,CDKL2,1014,386,677
CDKL2_TGTAGGAGCTCAGCACAGAA,CDKL2,1929,785,1152
CDKL2_AACCTTACTCCAGCAAACAC,CDKL2,897,413,302
CDKL2_CTGATTATGTGGCAACCCGA,CDKL2,436,312,339
CDKL2_ATAGCTTGACAACGCCAGAC,CDKL2,1623,262,510
CDKL3_GGTGGAGATGGCCATTGCGA,CDKL3,693,0,0
CDKL3_TGTTACAGCTCACCTCACAC,CDKL3,893,526,256
CDKL3_TGAAGGTGGACTTGGTCAAC,CDKL3,690,335,198
CDKL3_CTAGATGATATCCTGTCAGC,CDKL3,150,55,135
CDKL4_CCAAGATCTGCCAGGTACAA,CDKL4,2630,1616,1001
CDKL4_GCTCTCCAGGAGTTGGGAAC,CDKL4,330,101,364
CDKL4_TATACCTGAGCCAGAAGACA,CDKL4,331,359,150
CDKL4_CCGATTATGTAGCTACGAGA,CDKL4,1318,196,417
CDKL5_GAAGGAAGCATTTCGTCGGA,CDKL5,256,3,105
CDKL5_CAGAGTACGTTGCCACCAGA,CDKL5,835,211,271
CDKL5_AACCTCTTACCCGGAGCCCA,CDKL5,116,140,196
CDKL5_TTCTTTCCAAGGACTGAGGA,CDKL5,373,219,375
CDKL5_TCTGTCAAGTATCTGTCAGC,CDKL5,936,86,279
CDKL5_ATTGAAGCTGCCGGAGCACA,CDKL5,694,179,230
CDKN1A_GCAGCTTTGTTGGCCAGGAA,CDKN1A,2387,812,885
CDKN1A_TTGCAGCAGCTTTGTTGGCC,CDKN1A,332,212,281
CDKN1A_TGTCCACTGGGCCGAAGAGG,CDKN1A,2591,2960,2972
CDKN1A_AACTCATCCCGGCCTCGCCG,CDKN1A,633,614,1080
CDKN1A_ATTTCTACCACTCCAAACGC,CDKN1A,1049,475,457
CDKN1A_GCCGGCTGATCTTCTCCAAG,CDKN1A,995,629,545
CDKN1B_ACGGGAGCCCTAGCCTGGAG,CDKN1B,796,268,152
CDKN1B_TTAACTCTTCGTGGTCCACC,CDKN1B,73,86,193
CDKN1B_GATCCGTCGGACAGCCAGAC,CDKN1B,676,518,452
CDKN1B_GGGTTAGCGGAGCAATGCGC,CDKN1B,113,138,90
CDKN1C_TCACCGCAGCCTCTTGCGCG,CDKN1C,1267,544,598
CDKN1C_TTGGAGAGGGACACGGCGCG,CDKN1C,2448,610,726
CDKN1C_CACCGTCTCGCGGTAGAACG,CDKN1C,1398,643,871
CDKN1C_ACCGTCTCGCGGTAGAACGC,CDKN1C,1104,365,380
CDKN1C_GCCCGCGTTCTACCGCGAGA,CDKN1C,451,36,196
CDKN1C_ACGCCGAGGACCAGAACCGC,CDKN1C,3521,692,696
CDKN2A_CCCGATTGAAAGAACCAGAG,CDKN2A,1924,656,768
CDKN2A_GAGGGTCTGCAGCGGGAGCA,CDKN2A,102,2,61
CDKN2A_CAGCCGCTTCCTAGAAGACC,CDKN2A,1234,409,255
CDKN2A_CATCAGCACGAGGGCCACAG,CDKN2A,2668,945,1122
CDKN2A_TTCACATCCCGCGGCTCACG,CDKN2A,1818,980,663
CDKN2AIP_CAGGCCCAACATGGCGCAGG,CDKN2AIP,273,18,23
CDKN2AIP_GACGTGGTTCGCCCAGGCCA,CDKN2AIP,1352,85,147
CDKN2AIP_GAGGAAGACGTGGTTCGCCC,CDKN2AIP,366,1,53
CDKN2AIP_AGAGGGATATCGAGTAGCAA,CDKN2AIP,522,32,65
CDKN2AIP_CGTTTCCTCTCAGGTAACAA,CDKN2AIP,703,65,185
CDKN2AIP_TCCTCTCAGGTAACAACGGC,CDKN2AIP,520,139,109
CDKN2AIPNL_CACCATGGTCGGTGGCGAGG,CDKN2AIPNL,1663,275,410
CDKN2B_CGCTCCTCGGCCAAGTCCAC,CDKN2B,1610,601,552
CDKN2B_CCGTGGACTTGGCCGAGGAG,CDKN2B,1426,314,599
CDKN2B_GGTGCATGATGCTGCCCGGG,CDKN2B,91,58,77
CDKN2B_GACTCCGTTGGGATCCGCGC,CDKN2B,764,368,485
CDKN2B_GGAATGCGCGAGGAGAACAA,CDKN2B,528,393,246
CDKN2B_CGGAATGCGCGAGGAGAACA,CDKN2B,1661,867,1197
CDKN2C_ATCGTCAGGACCCTAAAGAA,CDKN2C,1493,465,499
CDKN2C_TTGGCGTCCGCAGCTGCCAG,CDKN2C,818,226,366
CDKN2C_TGCTGGCCGTGTGCTTCACC,CDKN2C,802,555,475
CDKN2C_GAGCCTGGCCAAATCACAGG,CDKN2C,496,254,131
CDKN2C_TTAGCCTGATGCAGGCAAAC,CDKN2C,648,142,209
CDKN2D_GGGTCTCACACCCTTGGAGC,CDKN2D,670,138,74
CDKN2D_TGAATCTGATCTCCATCGCA,CDKN2D,416,243,320
CDKN2D_TCAACGTGCCTGATGGCACC,CDKN2D,120,18,31
CDKN2D_GCAGCGCCGTCTTGCCGAAG,CDKN2D,801,225,149
CDKN2D_CCTCAACCGCTTCGGCAAGA,CDKN2D,908,509,504
CDKN2D_CTGCTGGAGGAGGTTCGCGC,CDKN2D,1407,620,272
CDKN3_GGTTTATGTGCTCTTCCAGG,CDKN3,74,39,14
CDKN3_ATTGCTGGTAGAGATCCAGA,CDKN3,188,25,37
CDKN3_CATCATCATCCAATCGCAGA,CDKN3,619,256,365
CDKN3_CTGGTGATATTGTGTCAGAC,CDKN3,1561,929,817
CDNF_TCTCACCCGGTGCTGACGCA,CDNF,497,496,375
CDNF_CTCTCACCCGGTGCTGACGC,CDNF,1025,218,350
CDO1_TACAAGTGAAGGCTCACAGC,CDO1,1247,188,262
CDO1_CTCTACTCGATGTAAGCCAA,CDO1,267,754,132
CDO1_TACCATTGATGTAGGCACAC,CDO1,1145,209,390
CDO1_CGATGAGGTCAATGTAGAGG,CDO1,1271,408,378
CDO1_CCTCATCGCCGGCAAAGAGC,CDO1,425,99,120
CDO1_GGATGCGGATCAGATCAGCC,CDO1,978,70,59
CDON_CTCACCTTTGCTGGTTCGGA,CDON,313,166,328
CDON_ATCAGGAACAGAGATGCCGC,CDON,342,68,32
CDON_TGGGACAGGACGAAGTACAC,CDON,694,209,184
CDON_GCAGTTAGATGTCGTGCAGA,CDON,815,482,394
CDON_GACGGGCAGGACATTGCACC,CDON,564,311,213
CDON_TGCTATTGTTGGCAAGGCAC,CDON,601,103,153
CDPF1_TGCACTCACGTCCGAGAACC,CDPF1,2237,735,921
CDPF1_CTCACGTCCGAGAACCGGGC,CDPF1,947,115,70
CDPF1_TTGATGTTCTCCCGGACACA,CDPF1,906,348,688
CDPF1_ACAAACTGCAGCACGAGCCG,CDPF1,1301,335,848
CDPF1_CATGCACTCACACCATCGAC,CDPF1,1708,119,161
CDR1_TGTGGATTGACTGGAAGACC,CDR1,781,242,429
CDR1_CATATATTGGCTGGAAGACC,CDR1,104,485,386
CDR1_CTTGGATTGTTGGGAAGACG,CDR1,1001,797,678
CDR2_GAAGCGGGTGACTATGGAGG,CDR2,438,67,168
CDR2_AGTCATCTGGCCAAGGGAGA,CDR2,1462,145,124
CDR2_TGATCACCTCCAGAGCCAAG,CDR2,341,108,266
CDR2_AAAGCTAGTTGCTGACAGCA,CDR2,1631,362,473
CDR2_AGACGTCACAGCAAGGGAAC,CDR2,1552,451,544
CDR2_CGAGCCGTGGTACGACCACC,CDR2,448,455,476
CDR2L_GGACTTCTCCGCGGAGGAAG,CDR2L,1035,157,16
CDR2L_CTGGTACGACCAGCAGGACC,CDR2L,480,136,355
CDR2L_CCAGTACCTAACCAAGCAGC,CDR2L,715,164,193
CDR2L_CGCCAAAGTCTATGAGCAGC,CDR2L,767,1437,1203
CDR2L_GCAGTGCTCTCACCTACCGG,CDR2L,1393,218,329
CDR2L_GGAGCGCCAGCTGTGCGAGA,CDR2L,739,435,266
CDRT4_GAGGTATAGGTGACATAGGC,CDRT4,502,202,137
CDRT4_ATAGGTGACATAGGCCGGCC,CDRT4,6,176,132
CDRT4_TAGGTGACATAGGCCGGCCA,CDRT4,411,133,29
CDRT4_AGGTGACATAGGCCGGCCAG,CDRT4,373,183,51
CDS1_CTCGGTTTCGTGGTCGCCGC,CDS1,5,200,311
CDS1_TGGGCTATTAACAGTTCGCA,CDS1,971,147,275
CDS1_GAAGTGAGTAAGTCTGAAGC,CDS1,665,342,374
CDS2_GGTTGCGCCACCCGAGGACA,CDS2,718,97,52
CDS2_ATCATCTGCAGAGACTGGCA,CDS2,441,46,23
CDS2_CATCATTTACCTGGGACCAA,CDS2,1230,26,49
CDS2_CCTGGTTCAGGACGCTCAGC,CDS2,257,162,340
CDS2_GAAAGCCACCACCTACCAGA,CDS2,240,0,0
CDS2_TGTACTCCTGCAGGCGAAAC,CDS2,875,425,738
CDSN_TTGGGCTAGGATATCCCGGA,CDSN,759,232,215
CDSN_TGCATCCGGTTCCTCCCAGC,CDSN,892,487,383
CDSN_GGCTCCAGTGGTAGCTCCAG,CDSN,327,60,170
CDSN_GGTGCCAATGCTCTTAGCCA,CDSN,282,42,62
CDSN_CCAGCCTCCTACCTGGCAGG,CDSN,286,175,93
CDT1_GCGCGAAGAAGTCGGTGACG,CDT1,328,47,54
CDT1_CGTCATGCCTGCAACGGGCC,CDT1,1259,142,343
CDT1_GGCGGAGATGTTCCGCAGCA,CDT1,1053,20,41
CDT1_TGGCGGAAGCGGTAGGAGGC,CDT1,1457,99,2
CDT1_AGATCTGCCGTCGCTGCAGG,CDT1,455,0,0
CDV3_CCATGGCTGAGACGGAGGAG,CDV3,1653,1554,1494
CDV3_CGCCACCAAGGCTGTGACGA,CDV3,4666,1195,1908
CDX1_AAGGATTCGCCCGTGTACCC,CDX1,250,138,237
CDX1_CCCAGTCGTCCTTGGGCGCA,CDX1,370,285,251
CDX1_CGACCACCAACGCCTGGAGC,CDX1,471,319,126
CDX1_GCCGTTACATCACAATCCGG,CDX1,851,291,1239
CDX1_CAGCCAGCTCTGATTTCCGC,CDX1,2540,633,846
CDX1_GCATTGGAGAGGAGGTGGCC,CDX1,161,125,152
CDX2_GGGACACTTCTCAGAGGACC,CDX2,127,42,2
CDX2_TAGCTCGGCTTTCCTCCGGA,CDX2,693,534,337
CDX2_TGGTGTACACGGACCACCAG,CDX2,331,215,112
CDX2_TCTGCTTACCTTGGCTGCCG,CDX2,488,371,241
CDX2_TTGCAGCAGCCCAGAAGCGC,CDX2,1694,813,1009
CDX2_TGGAATGGCTACGCGCCCGG,CDX2,972,115,76
CDX4_GCCGCAGCGAAATTGGAGGC,CDX4,648,195,136
CDX4_CACGCTCCAGTCTTCTCGCG,CDX4,1347,438,542
CDX4_TCGCTTGTCCCGACGGACGC,CDX4,199,123,62
CDX4_ATCAGAGCTGGCAGTTAACC,CDX4,849,275,296
CDX4_CCTGTCTCTCGGAAAGGCCC,CDX4,288,12,0
CDX4_GGTGTACCTGTCTCTCGGAA,CDX4,326,60,63
CDYL_CCTCCTGACCCTGCTCGACG,CDYL,2439,896,405
CDYL_CGGCCCTGTGACTGCAGCCA,CDYL,2595,877,1138
CDYL_GGCTTAGCTGTTAACGGGAA,CDYL,1207,195,635
CDYL_CGCTGCCGATGACAGCAAGC,CDYL,1118,415,240
CDYL_TGGACGGAAGCTGACAGCGC,CDYL,1192,91,380
CDYL_ACGGAAGCTGACAGCGCAGG,CDYL,870,31,54
CDYL2_CAGCTCTGGAGCTCCTCCAA,CDYL2,342,171,369
CDYL2_GATGGCATCCTGCAGTGCCG,CDYL2,215,76,5
CDYL2_CCACGATAGGCTTCTTAAAC,CDYL2,4467,1766,1782
CDYL2_TTCGCCGGTCGCTGGACAAC,CDYL2,1258,587,883
CDYL2_GGCTCTGCTCTGACCAACGG,CDYL2,685,171,194
CDYL2_ACTCCTCACAGTGCAAGAGG,CDYL2,1262,244,284
CEACAM1_TCATTGGAGTGGTCCTGAGC,CEACAM1,663,57,99
CEACAM1_TGTGCTCTGTGAGATCACGC,CEACAM1,888,204,232
CEACAM1_CTACTGCTATCAGAGCAACC,CEACAM1,1783,643,657
CEACAM1_AGCTTCATCCTCTCCGAGGA,CEACAM1,1189,217,228
CEACAM1_TTCACAGAGTGCGTGTACCC,CEACAM1,955,108,111
CEACAM16_TGGCGCTGACTGGGTACAGC,CEACAM16,731,133,118
CEACAM16_AGCCTGCCCAGCCGAGCGAA,CEACAM16,1059,236,288
CEACAM16_GGGAACTGCTCGCCTACAGC,CEACAM16,452,59,3
CEACAM16_GGCTGCTGCACATAAGGCGC,CEACAM16,206,366,135
CEACAM16_GATGGTGCAGCCTGTGCGGG,CEACAM16,813,13,83
CEACAM16_ACGGCAGCTGGCTGAGCAGC,CEACAM16,1195,365,258
CEACAM18_TCGTCTCCCAGCCTTCAGGG,CEACAM18,1173,240,230
CEACAM18_GGGAAACTACACTGTTCGGG,CEACAM18,345,51,15
CEACAM18_AGACCCAAAGAGCAACCGGC,CEACAM18,981,85,63
CEACAM18_GGCTGACCCTGAGGATGACG,CEACAM18,572,315,717
CEACAM18_AAGTACCACTGGATCCACAA,CEACAM18,1164,309,462
CEACAM18_GCTCCCAGGCAAGACTCGAG,CEACAM18,1205,351,304
CEACAM19_CGCCAAGATGGAGATTCCCA,CEACAM19,1493,153,123
CEACAM19_ACACCTTCCAGGACTTCAAC,CEACAM19,663,197,272
CEACAM19_CATTGGATCTCTTGCTGCCG,CEACAM19,138,90,68
CEACAM19_CTGGGCGTCACTGAAGGCAC,CEACAM19,1210,416,405
CEACAM19_CCTTACCAGCATCATGAGCA,CEACAM19,593,638,827
CEACAM21_CGCTGATGCAATAAAGAGCC,CEACAM21,546,229,95
CEACAM21_CGAGAGACAATATCACCCAG,CEACAM21,1960,560,661
CEACAM21_ACTCACCGTATACACGGAGA,CEACAM21,152,123,61
CEACAM21_CCAACCCAGTCAGCTCCAAC,CEACAM21,2738,681,1179
CEACAM21_CCACCAGAAGACTCCCAACC,CEACAM21,5658,819,895
CEACAM4_TACGACTCTGACCAAGCAAC,CEACAM4,363,222,141
CEACAM4_AACATCACCCTGGAGGACGC,CEACAM4,919,282,193
CEACAM4_GCAGGGCTTCAATAGTGAAC,CEACAM4,295,163,89
CEACAM5_ACTCACGGTATACCCGGAAC,CEACAM5,788,430,123
CEACAM5_CACTGGCTGAGTTATTGGCC,CEACAM5,990,157,380
CEACAM5_GGTTGAGGTTCGCTCCCGAA,CEACAM5,175,122,96
CEACAM5_GGGATGGGTTAGAGGCCGAG,CEACAM5,214,151,46
CEACAM6_ACGGTAATTGGCCTTTGAGG,CEACAM6,1216,147,194
CEACAM6_AAAGGCCAATTACCGTCCAG,CEACAM6,179,282,255
CEACAM7_TGTGGCGCTGAGTAGAACGA,CEACAM7,1150,377,516
CEACAM7_TGCTGCTCTCCACTGACAAC,CEACAM7,2924,876,633
CEACAM7_CAGCAACAACTTCAATCCGG,CEACAM7,2495,31,446
CEACAM8_ACTCACGATGTACGCTGAAC,CEACAM8,1840,509,515
CEACAM8_TGGTGACGTTCCGCATCAGC,CEACAM8,628,686,233
CEACAM8_TGTACCAGTTGTAGCCACGA,CEACAM8,988,164,234
CEACAM8_AGGACCCTCGTGGCTACAAC,CEACAM8,329,118,387
CEACAM8_GATGCGCCATCTGCAGGAAG,CEACAM8,126,260,88
CEBPA_GGAACAGCTGAGCCGCGAAC,CEBPA,1086,559,439
CEBPA_CGGCTGGTAAGGGAAGAGGC,CEBPA,1320,220,20
CEBPA_CAGGAACTCGTCGTTGAAGG,CEBPA,1305,371,577
CEBPA_CATCAGCGCCTACATCGACC,CEBPA,1601,328,159
CEBPA_TGCTCGCAGATGCCGCCCAG,CEBPA,881,560,489
CEBPB_TCATGCAACGCCTGGTGGCC,CEBPB,1272,200,278
CEBPB_GGCCACGGACACCTTCGAGG,CEBPB,945,377,925
CEBPB_CGAGTACGGCTACGTGAGCC,CEBPB,359,193,183
CEBPB_CGCGGACTGCAAGCGGAAGG,CEBPB,1636,762,772
CEBPB_GCTGCTTGAACAAGTTCCGC,CEBPB,328,159,153
CEBPD_TGGTGAGCTTGGCGGCCGCA,CEBPD,566,98,108
CEBPD_CTTCTACGAACCGGGCCGGG,CEBPD,0,23,53
CEBPD_GCCCTTCTACGAACCGGGCC,CEBPD,0,25,34
CEBPD_CCCGGTTCGTAGAAGGGCGC,CEBPD,179,209,238
CEBPD_GCCTGCGCCCTTCTACGAAC,CEBPD,1169,653,629
CEBPE_GGCCAACCTCATCAAGGGCG,CEBPE,857,257,145
CEBPE_TCTGGCGGAAGAGGTTGCGG,CEBPE,1132,0,32
CEBPE_TGTTGCGCTCCCGCCTCAGC,CEBPE,821,55,0
CEBPE_CGCCTTCCTGTCTGGGCCGA,CEBPE,1652,186,384
CEBPE_GGTATGTGGAGGGTAGGCAA,CEBPE,359,95,64
CEBPE_CCTACTACGAGTGTGAGCCC,CEBPE,703,67,212
CEBPG_ACATGCCAGCGGCTTACAGC,CEBPG,1051,149,377
CEBPG_ACGCCGAGAGAGGAACAACA,CEBPG,2641,199,330
CEBPZ_AGCTGACATTGTGTTGCGCC,CEBPZ,645,0,0
CEBPZ_TTGGAACACGTCATCAACCC,CEBPZ,1177,26,15
CEBPZ_CAGCCACTAAGTGTTTCAGC,CEBPZ,795,0,0
CEBPZ_AGTAGAAGATCCGGACGAGG,CEBPZ,294,40,58
CEBPZ_CGCTTGGCATGGAACTCCAA,CEBPZ,1620,128,57
CECR1_AGAATCCATCCGAATGGCCA,CECR1,355,184,198
CECR1_CTCCACTGAGCTCATACACC,CECR1,1406,1008,833
CECR1_GGGAGATGGATTCCCTGGAA,CECR1,380,234,71
CECR1_TCTGGTGACCCAGCACCCGG,CECR1,679,51,138
CECR1_TGCTGGAGGATTATCGGAAG,CECR1,2711,1210,1046
CECR1_CACAGGGCTGGCCGCTCAGA,CECR1,651,279,306
CECR2_CGCTCTTCACAGAGATGACG,CECR2,1728,268,430
CECR2_CCACCCGTGTGCGAAGAGGC,CECR2,529,288,97
CECR2_ATGGAGAACTCTCTTTGAGC,CECR2,535,48,109
CECR2_TCCGAGCCACAGACAAGACA,CECR2,1276,422,423
CECR2_TCATGTTGCAGATCTCAGGC,CECR2,369,214,322
CECR2_GCTTGACGGGTTTGATGGAC,CECR2,504,61,126
CECR5_CAGCTGGTCTTCCGCAAGGA,CECR5,1600,232,566
CECR5_CGAGGACCTGATCAGGCGAC,CECR5,863,336,577
CECR5_AGGCTGGTCTCCCAGCGGAC,CECR5,691,261,253
CECR5_CTCTCTTACCTTCAATGCGG,CECR5,640,70,21
CECR5_ACATGGTGGACCTGGAGCGG,CECR5,1773,73,355
CECR5_GATGTCCAACAGGAACCCAA,CECR5,353,154,222
CECR6_CCACTGCATCTCGGAGAACG,CECR6,4745,989,873
CECR6_CCAGCGTGAAGCTGTCGAGC,CECR6,580,504,531
CECR6_CCTGCTCGACAGCTTCACGC,CECR6,1157,327,171
CECR6_CATGGTGAGACGGAAGCCCG,CECR6,1600,218,362
CECR6_CTCCTGGATCGCCACTGACC,CECR6,1696,626,262
CEL_CCTTGGTGGGAGCTGCGAAG,CEL,1823,460,182
CEL_GCCTTGGTGGGAGCTGCGAA,CEL,2667,713,394
CEL_CCAGTGCTGAGGAACCCAAG,CEL,1299,319,237
CEL_GGAATATCGCGGCCTTCGGG,CEL,438,101,135
CEL_AGCCATCAGCCAGAGCGGCG,CEL,1405,785,677
CEL_ATCCTGGCGGCATCACCCAC,CEL,727,364,505
CELA1_TGACCAGCTTTGTGTCCAGC,CELA1,1424,99,279
CELA1_CGTGTGTCCTGTTCAGCCAA,CELA1,1528,806,554
CELA1_AGCAGGGACTGTTGTTAGCC,CELA1,205,612,230
CELA1_TATGGTCTCCAGCCACCACG,CELA1,604,248,350
CELA1_TCTGATAAGGGTCCCTCCAC,CELA1,449,111,128
CELA1_AACACCCACCTGAGAGGGCC,CELA1,740,90,83
CELA2A_CCCACCTTATGTGACTAGGG,CELA2A,1218,329,328
CELA2B_CTGACAGTTCAGCGGCCCAC,CELA2B,565,10,103
CELA3A_GAGGGATCTGACCTACCAGG,CELA3A,366,136,63
CELA3A_GCAGTGCTTATAGTCCACCA,CELA3A,1895,522,494
CELF1_AGGGCATAAACATCTGCAGC,CELF1,393,130,5
CELF1_TGCTCCCGGTGCCATTGGAA,CELF1,2304,417,618
CELF1_ACATTAGCTGGAGCAACGGC,CELF1,240,54,181
CELF1_ACAGGGTTGCTCATCACCCA,CELF1,1086,170,190
CELF1_CTTGATAGCCGTCTGTGCCA,CELF1,832,147,226
CELF1_CCTAACCTTTGCTCTGAGGC,CELF1,418,474,244
CELF2_ACATTCTGTCAGGAACGAGC,CELF2,73,129,86
CELF2_CTGTACCTTTACTCTGCGGA,CELF2,808,289,470
CELF2_CATGCATCAGTCTCAGACCA,CELF2,1866,600,219
CELF2_AGCAGCTCAACACTGCCACC,CELF2,68,75,35
CELF2_GAATGCCGCTGAACGCACCC,CELF2,9,0,0
CELF2_GCGCTGCTCGTGGTAGAGAG,CELF2,1986,797,678
CELF3_AGCAAACTTCACCACCAGGC,CELF3,372,182,217
CELF3_TCAACACCCTTCACAGCAGC,CELF3,295,296,226
CELF3_GCACTCGTCGATGGTCCCGA,CELF3,400,50,145
CELF3_CGCTGTCGGCTGGCTTGACC,CELF3,2091,584,896
CELF3_CCGGGCACAGTATGTCAGGA,CELF3,1012,899,1110
CELF3_AAGTACACCGGGCTGCACAA,CELF3,892,673,705
CELF4_CCTGATGGCATCAGTCGCGC,CELF4,692,419,68
CELF4_CTTATTCCGGGCCTCAGACA,CELF4,925,193,145
CELF4_TGTTCCCAAAGGCCTCGAAA,CELF4,1039,168,220
CELF4_AGTGGGCCCTCACGTGAAGG,CELF4,403,40,220
CELF4_ACGCTCGCAGTAGGTGAGGA,CELF4,1037,248,225
CELF4_ACGGATTAAGCCACAGCCCG,CELF4,2196,187,375
CELF5_GCCCGACGGCATGAAGGACC,CELF5,569,64,51
CELF5_CACAGGACTCACTCCGGGCA,CELF5,2600,574,416
CELF5_CCGCGGCTTTCACTGTCCGC,CELF5,1130,164,521
CELF5_TCTGGCTCCCATGCAAGGCG,CELF5,798,138,229
CELF5_CCACCATCTGCTGCATGCGC,CELF5,1901,142,315
CELF5_GGTAGCTGCCCGAGGTGGAC,CELF5,180,155,350
CELF6_TTGTAGAGCGTGTCGGAGCC,CELF6,1142,290,575
CELF6_ACACGTGGCGGCCTTTAGCC,CELF6,623,111,106
CELF6_TCAAGCTGGCGGACACCGAC,CELF6,1508,273,498
CELF6_TCTGCACGGCAGCCGGACCA,CELF6,47,57,60
CELF6_CACTCCTCGATGTGGCCAAA,CELF6,844,474,559
CELF6_CCGCGCACCTTTGTGGAGGC,CELF6,531,193,312
CELSR1_GAACTACAGCTGCGCTGCCC,CELSR1,0,22,69
CELSR1_ACTGGGAACCTTCGGTGCCA,CELSR1,375,222,180
CELSR1_TTTGCCACTCAGGAAAGGAA,CELSR1,703,227,214
CELSR1_CTCAGGCCGCTGTGCCAACG,CELSR1,3815,965,571
CELSR1_TGCTGGCCCTCTTCGTGGAG,CELSR1,1958,734,945
CELSR1_CAGTTCGTCCTTCTCAAACA,CELSR1,1069,478,595
CELSR2_GCCACTATTGGGAGACCAAG,CELSR2,463,204,155
CELSR2_CGGCCACCGCCTGGATGAAG,CELSR2,1162,589,610
CELSR2_CCAGGGTGAAGTGGAAACGC,CELSR2,2068,597,247
CELSR2_GACGGGTTGCTGTTGTACAA,CELSR2,1560,296,230
CELSR2_CTGACTCCTCCGGGCACGAA,CELSR2,2985,371,553
CELSR2_GGTCAGACAGGGCTCCCACA,CELSR2,654,276,19
CELSR3_GGATGATTGTGATGTGGCCG,CELSR3,1030,311,165
CELSR3_ACCACGGTGTTGGATTCACC,CELSR3,1,97,24
CELSR3_CTGCTGCACTGTCGCGAACC,CELSR3,2182,1164,1573
CELSR3_ACATGACGAACGAACTGGGC,CELSR3,462,164,250
CELSR3_AGGGCGCGGACGAGTCAAAG,CELSR3,821,591,557
CELSR3_CCTGGAAGACAGTTCCGCCG,CELSR3,491,210,344
CEND1_TTGAAGTTCTCACAGGACCA,CEND1,656,81,152
CENPA_GCGGCCGGTTACCTAAGGAG,CENPA,996,13,45
CENPA_CCGCGGCCGGTTACCTAAGG,CENPA,2083,0,51
CENPA_CAACACAGTCGGCGGAGACA,CENPA,1262,102,110
CENPA_AGGGCAGCTTCCTTATCAAG,CENPA,782,6,42
CENPA_GGACTTCAATTGGCAAGCCC,CENPA,155,24,11
CENPA_CCGAGTTACTCTCTTCCCAA,CENPA,2242,19,0
CENPB_GCCGCCTGCTTTCGTGAGGC,CENPB,634,198,310
CENPB_GGTGAAGGGCCACTACCGCC,CENPB,0,39,12
CENPB_GAAGGCGCTGCGCATAGCCG,CENPB,270,328,147
CENPB_GGGCATCATCCTCAAGGAGA,CENPB,350,1,39
CENPB_GGATGATGCCCTTGACCGGC,CENPB,273,78,82
CENPB_GATGCCCTTGACCGGCAGGC,CENPB,213,0,11
CENPBD1_GCGAAGGTTCTCAAACGGAG,CENPBD1,1290,367,509
CENPBD1_TTACAGCGTGAACATGGCGA,CENPBD1,571,247,241
CENPBD1_TCGATGGCGAGTCAACCGAG,CENPBD1,2923,885,1210
CENPBD1_CTGTCATCCCTAGTGCCAAA,CENPBD1,43,104,63
CENPC1_TTTACCCTCGTTGGCTGCAA,CENPC1,1015,243,244
CENPC1_GAGATCCTTTGCAGCCAACG,CENPC1,1083,20,16
CENPC1_ACTTAGCATTTCAGGCAACC,CENPC1,876,142,92
CENPC1_CCACCAATCAGATGGACGCC,CENPC1,2531,287,136
CENPC1_AGTTGCCGCATGCCTAACAA,CENPC1,1568,260,239
CENPE_CAAGGAGCATCGCAAAGCCA,CENPE,1619,34,33
CENPE_CTACGCTGCAAACTGTAGAA,CENPE,638,187,256
CENPE_AGAGACGCGGGCTCAGGCAA,CENPE,1357,0,0
CENPE_TCAGGTGTGCGGCTCAAGGA,CENPE,1170,6,28
CENPE_TCTGCCATACAAGGCTACAA,CENPE,545,0,0
CENPE_GAGTGCGGCCGCTGAACAGC,CENPE,90,0,0
CENPF_ATACGACCAGGCGTCAACCA,CENPF,913,129,88
CENPF_GATGAAGGCCAGACTCACCC,CENPF,422,0,21
CENPF_GACAAGCGTGACTCTGGAGA,CENPF,502,75,48
CENPF_TACCAATTATGAGCCTCCAG,CENPF,185,34,6
CENPF_GCACAAAGACCAGGTGGAAA,CENPF,865,152,69
CENPF_CTCTCAACTTCAAGCTGCAC,CENPF,127,86,102
CENPI_TTCAGACCACGCTTTCAGCC,CENPI,848,142,54
CENPI_GCATGTTCATAATCTCCCAC,CENPI,411,46,71
CENPI_ACACTTGCCAACACAAAGCC,CENPI,1295,44,95
CENPI_TAGCTACTGGAATTGAGCAC,CENPI,654,2,60
CENPI_GACCGTTAGATAACTCACAG,CENPI,793,116,5
CENPI_CAAAGGGTTTGGACGTCCAC,CENPI,349,0,4
CENPJ_GCAGACTTGGATCTTCGAGG,CENPJ,617,55,32
CENPJ_AGTGATGGAAAGATTCCGAC,CENPJ,323,175,14
CENPJ_CCTTGCGATACTGGCTGCAC,CENPJ,562,11,52
CENPJ_TGTCTACCCGGACCCAACCC,CENPJ,1509,126,137
CENPJ_TGTGCACTGCCCAGACACCA,CENPJ,1519,116,34
CENPJ_CCCACTGTTTAACTCTGAAG,CENPJ,1707,273,385
CENPK_CTCAACATAAGGTGGCCAAA,CENPK,1008,124,236
CENPK_ATGTCGAAAGGGAACAACGG,CENPK,1197,0,0
CENPK_TCCATGTCGAAAGGGAACAA,CENPK,1673,45,0
CENPL_TAATCGTTTCTGCAGAGGAG,CENPL,237,105,76
CENPM_GAGCTGAGACACCGGGCACG,CENPM,621,0,0
CENPM_CCGGCACACCGTGGTGAAGC,CENPM,1180,28,83
CENPM_AAGGTGTGTTTCCTCGCCAC,CENPM,93,0,0
CENPM_CGATTCACACTGGAGGGCAA,CENPM,1039,25,0
CENPM_GATGGTGGCCGTGTTCAGGC,CENPM,30,29,0
CENPM_ATGGTGGCCGTGTTCAGGCC,CENPM,957,14,4
CENPN_TGACAACAATCCTGAAGGCC,CENPN,1550,745,329
CENPN_ATTGCGCCTCAGCATGGAGG,CENPN,44,26,0
CENPN_CGGTGTATTGCGCCTCAGCA,CENPN,522,263,308
CENPN_TTCCATACCTGACCCAGAAG,CENPN,1522,127,52
CENPN_TAAGCTGACCACTCACCCGC,CENPN,617,9,25
CENPO_GGGAATTCTCGCTTCTGGCC,CENPO,510,17,171
CENPO_CGTCCAGATGGCGAGTCCAA,CENPO,240,485,196
CENPO_TGAGGGCTGTGGTGCGGCAC,CENPO,1306,454,154
CENPO_TGTAGAACCCAACCAAACAG,CENPO,2187,308,286
CENPO_TTTGCAGCTATCTCTTCCAG,CENPO,1301,84,51
CENPO_CAATCTAGCACAGAACGGGA,CENPO,17,176,168
CENPP_CTGCGGTCAGCAACGCGCCA,CENPP,949,73,311
CENPP_ACGCGCCATGGACGCAGAGC,CENPP,706,12,14
CENPP_CCAGCTGGTCTGTTCTGCAA,CENPP,1551,502,368
CENPP_GATGCCGTGTACCTCTCGGA,CENPP,362,1,2
CENPP_ATGCCGTGTACCTCTCGGAG,CENPP,288,49,28
CENPP_GATTCCAAGCAGTCCTACCA,CENPP,644,22,130
CENPQ_TCTCTGGTACTCTTTGACAG,CENPQ,1400,83,125
CENPT_ACCCACGTCTACAGCTCGGC,CENPT,1840,78,0
CENPT_TTCAGCAGGGAGTGGACCAG,CENPT,1959,316,347
CENPT_TACCGACTCAGGCATCAGGA,CENPT,394,56,115
CENPT_CTCAAGGCAGACGGACAGAC,CENPT,1919,474,687
CENPT_CCGGAGAGCCCTGCTTGAAA,CENPT,4333,1455,1495
CENPT_GCGACGCGTGCTGGATACAG,CENPT,607,74,214
CENPV_AACGCCACATCTCTTACAGA,CENPV,978,160,357
CENPV_AGGAGCTTGAAGCGAGAAGC,CENPV,558,121,116
CENPV_AGCAACGCCAGCTCAGGCGG,CENPV,1007,33,219
CENPV_CTCAGCCGCGGCTTCTCCGA,CENPV,324,241,315
CENPV_AGAGCTCCTCGATCGCCGCA,CENPV,646,64,57
CENPW_TGTCGACCATAGTCTCCCAG,CENPW,534,30,27
CENPW_ACTCGCTTTAGAAAGCCACG,CENPW,295,46,100
CENPW_GACTCGCTTTAGAAAGCCAC,CENPW,449,24,20
CENPW_GCATGTACTGGCCGCAGCAA,CENPW,1120,111,141
CEP104_GACATCAGCGATGCTCGGAG,CEP104,369,17,94
CEP104_AATGCCCTCACTACCACAAC,CEP104,2098,138,347
CEP104_GGAAGACTACGATCTCGCCA,CEP104,346,37,61
CEP104_TTTAGCAGTGTAAGAACCGG,CEP104,419,64,136
CEP104_CTACCTTGGGCACAACAGCG,CEP104,2708,281,641
CEP104_CGAAGACGGCTTCAGTGCCC,CEP104,672,382,210
CEP112_GGAAGAGTTTAAGCGGCAGG,CEP112,250,39,105
CEP112_CTCCAGTCAGCTGCTGGACA,CEP112,2331,477,436
CEP112_CTCTCGAATACGTGAGAAAG,CEP112,887,498,574
CEP112_CTTAGCAGGGAACAGTACAC,CEP112,951,428,647
CEP112_GCCCAGAGGGATTACCAGCC,CEP112,1,214,357
CEP112_TTACACACCGACCTGAACCC,CEP112,748,540,473
CEP120_GACTGGTTGTGAGATGGAAC,CEP120,1169,75,67
CEP120_AAAGTCTCACCTGTTCCAAC,CEP120,288,53,57
CEP120_GGATCCTGTAACTTCAGCCA,CEP120,1173,67,29
CEP120_GGAAAGCGCTTCATCAGCAC,CEP120,1159,9,40
CEP120_CGATTCCAGAAGTGTTCCGG,CEP120,347,295,129
CEP120_AGGCTGCTCACCTTCTAGGA,CEP120,1910,35,25
CEP128_ATTAGCAAGATCTGCTCGGA,CEP128,67,153,9
CEP128_AGAGCTGACTCGCCATGCGG,CEP128,522,186,320
CEP128_GCAGCTGAACTTCAGCGCAA,CEP128,336,234,96
CEP128_GGAAAGACGCCAGGATCAAC,CEP128,620,434,50
CEP128_GAATACAGTAATGGACAGGC,CEP128,526,145,157
CEP128_GCTGCCAGATCAACGCACAG,CEP128,643,613,530
CEP135_ATACCGCCAGACTCTGACAG,CEP135,2435,573,310
CEP135_GGGTCATCTGGTTGAGGAAC,CEP135,674,176,162
CEP135_ACGAGAGCTTATGGAAACCA,CEP135,1094,153,245
CEP135_GAGATGAGTCACCAGCCACA,CEP135,442,23,12
CEP135_TAGTGAATGAGCAGCTACAG,CEP135,899,138,401
CEP135_CAGAAGACTGCAAGATGACC,CEP135,437,90,46
CEP152_GAAGGACATAGCCATCAAGG,CEP152,148,21,20
CEP152_CTGATAAGTCCTTTCACACC,CEP152,2052,221,251
CEP152_CTCTGCAGGGTCAGTACAAG,CEP152,220,36,30
CEP152_ACCTACCGGACTGCAACAAG,CEP152,2010,265,350
CEP152_AGTCACCGCACTTAAAGAAC,CEP152,1076,69,280
CEP152_GAATAATGGCTCACCAGCCC,CEP152,510,29,0
CEP164_ACCTACATTCCTAGTGAGCA,CEP164,1255,250,276
CEP164_ACTGATGTGGCTGGCGCGAG,CEP164,1136,383,538
CEP164_GCCTCTTAGGAACCTACACC,CEP164,144,163,32
CEP164_AAGGCTTCTGCTCTGGAAGA,CEP164,636,156,184
CEP164_AAAGCACATCAACATCCAGC,CEP164,167,138,247
CEP164_CTGCAGAGCAAGCAGTCCAA,CEP164,458,263,424
CEP170B_AGATGAGCTCCCGAGGGAGC,CEP170B,201,126,118
CEP170B_CATCAACTACGACCAGGACA,CEP170B,2031,375,525
CEP170B_TTTGGCGCCCAAGAGGAGCG,CEP170B,646,345,409
CEP170B_AGGCGTGGCTCTGCACCACA,CEP170B,594,227,304
CEP170B_GGAGCTACTACATAACCAGC,CEP170B,156,33,49
CEP170B_CCCTCTGATGACTGGGCGAA,CEP170B,1539,147,381
CEP19_TTCGAACTGGCATAATGCGC,CEP19,1919,318,359
CEP192_AGGGCCAAGATCTCTTCAAC,CEP192,801,192,257
CEP192_GATGCAAATGCCAATAGAGG,CEP192,419,11,9
CEP192_CTCTGCAATGGCTGAAGCAA,CEP192,1775,194,165
CEP192_ACGTGGCTCAGAGGATGAGC,CEP192,510,45,30
CEP192_TGCTGGGAATAGGAGTACAC,CEP192,585,149,56
CEP192_TGCTTAATCCAACTGACCGC,CEP192,585,43,5
CEP250_GGCCTGCAGCTTCCTCACAA,CEP250,1350,301,326
CEP250_AGGTGCTGCAGTACCGAAGC,CEP250,582,65,129
CEP250_TCATTAGCTCATCCCGGGCC,CEP250,719,311,283
CEP250_CTTCAAGGGCTACCTGAAAG,CEP250,1412,344,342
CEP250_ACCCAACGGATCTGGAAGAA,CEP250,1298,250,350
CEP250_CATGATCCTTTGCTCTGGAA,CEP250,1256,369,417
CEP290_TCTTCTGGACCAGTCACAAA,CEP290,778,283,635
CEP290_GGATCAAAGAGAAGTTGACC,CEP290,119,15,0
CEP290_AGCTTTACCCTTGGCACAAC,CEP290,1734,320,532
CEP290_TATTGAACAAGCCTGGGAAC,CEP290,670,131,160
CEP290_GCTCAGGGAATCTCGGAAAG,CEP290,2475,385,512
CEP290_CGTCAAATGGCTCAAGAAAG,CEP290,3063,1299,1105
CEP350_TATGACCCAGCTTCTGGCCC,CEP350,100,4,111
CEP350_ACAGCATCAAGTGACAGAGG,CEP350,1324,138,110
CEP350_ACATGTTACGCAGGAAACAC,CEP350,1296,188,216
CEP350_GGGAGTCTCTCTGAAGAAGA,CEP350,285,27,93
CEP350_ACCACTTAGAGGAGTTGCGG,CEP350,763,14,32
CEP350_AACGAGACGATGCAGCAGAC,CEP350,1194,320,314
CEP41_GATCGTTTCCGGGCAGACCC,CEP41,101,150,201
CEP41_GCCACCACCATGTGCGAGCG,CEP41,2335,555,253
CEP41_TATCACGCACATCTAGCAGC,CEP41,330,115,89
CEP41_TCATAAACAACGCAGGAGCA,CEP41,1068,498,645
CEP41_CTTCCAGTGTTTGATCAGAG,CEP41,741,681,728
CEP41_GGTTCCCAATGTGCCTCCGG,CEP41,192,0,30
CEP44_AAGCTTACGGAACCTAGAAC,CEP44,2765,156,199
CEP44_TGAAATCAAGGCTGAGCAAC,CEP44,877,262,310
CEP44_CTACGCTTCTTGTAGTGACA,CEP44,482,121,194
CEP44_TGATGCTGTACTATAGCCAG,CEP44,1371,214,270
CEP55_GCTCGTGTATGATCAGCAGC,CEP55,47,18,19
CEP55_GGTAGCTCTGTTGGAACAAC,CEP55,129,10,95
CEP55_TGCTGCACTCAATGAAAGCC,CEP55,1456,442,416
CEP55_TGCACTTGGGACATTCCACC,CEP55,999,516,274
CEP57_GGCAGGCTGAAAGATGGCGG,CEP57,242,53,19
CEP57_ACATGCACTGACTTCTGCAA,CEP57,945,553,273
CEP57_CACAAGCCCTAGCCATGCCG,CEP57,2228,210,45
CEP57_TTAATACCGTTGGAGGAGGG,CEP57,354,80,39
CEP57_GCAGCCGTTCTGGAATCACA,CEP57,280,32,18
CEP57L1_TTTCTAGGCCCAGCTTCAGA,CEP57L1,606,210,226
CEP63_GGTTGGAATGTTGCATCAGC,CEP63,336,13,18
CEP63_CTTAAGCAGTAAACTGGAGC,CEP63,617,70,181
CEP63_TCTGCCAGAGATTCTTCCCG,CEP63,1137,342,285
CEP63_AGGTGACTTGTCTTGAAGGC,CEP63,1106,307,82
CEP63_AGAGTAGGAAGTCAAAGACC,CEP63,771,255,313
CEP63_CTGGTAGCTATTGAACCAAG,CEP63,325,235,199
CEP68_AGCGGGAGCTGGACATCCCA,CEP68,246,109,93
CEP68_CAGCTAAGGACACGGGACAG,CEP68,3113,609,329
CEP68_TCCGTGCCCACGACTCCGCA,CEP68,457,208,74
CEP68_GAGACTTGTAAGATTGGACC,CEP68,126,20,25
CEP68_ACGGAGAGTGTCTTACAGAA,CEP68,1213,745,1020
CEP68_CGCAAAGCAGTCTGGTGAGC,CEP68,1636,370,676
CEP72_TCCTCGCTCAGCACCAGCCG,CEP72,1548,295,343
CEP72_CCAAGAGAAGATCACCCACC,CEP72,1103,205,541
CEP72_CCGAAACACTTCTGCCAACG,CEP72,1656,844,950
CEP72_CGTCCCAGCTTCTTTGAAAG,CEP72,3425,1136,1217
CEP72_GCGGAAGCTCTCCACAGAGC,CEP72,262,306,136
CEP76_GGTTTGGGCTGTTCAGCAAC,CEP76,504,108,112
CEP76_TGTGTTGGGACCAAGGCAAA,CEP76,1446,295,504
CEP76_ACCTCCTCCTCCAATAACAG,CEP76,1441,620,417
CEP76_ACCCTCACACAACTCACGAC,CEP76,567,94,169
CEP76_CTTCCCGTATAGTCTCAGCA,CEP76,1718,225,239
CEP76_AGCTCGGAGGCTTTCTCCGG,CEP76,48,65,119
CEP78_TCTTGATGGAGACCAAGGGC,CEP78,822,110,20
CEP78_CCTCACCAATGAAGGAGCAA,CEP78,349,51,79
CEP78_GCACGTTCTGCAGTACGCCA,CEP78,514,265,29
CEP78_TGTGGCAAGCTGCCCAAGCC,CEP78,25,8,12
CEP78_GCTTGGGCAGCTTGCCACAA,CEP78,331,73,116
CEP78_CCAGATGCGACTTCTGGAAC,CEP78,5587,2067,1264
CEP85_AGGTTCCGATGTGATTCAGA,CEP85,328,137,86
CEP85_CAAGAAGGCACCGGGCAGCG,CEP85,1951,129,67
CEP85_CCATCTTAGAGCCAGCACAG,CEP85,4499,361,514
CEP85_CATCAGAGAGTCGCTCAAAG,CEP85,3174,270,120
CEP85_CACTTCTGGACCTTCTCCAC,CEP85,599,71,138
CEP85_AGGACTCACAGTGAATGCCC,CEP85,399,110,48
CEP85L_CTCTTTATTGGATCAGGGCC,CEP85L,701,304,178
CEP85L_AGTTTCCCATTCCCAACAAG,CEP85L,958,269,93
CEP85L_CCCTTATCCTCTCATGCAGG,CEP85L,138,24,162
CEP85L_ATTTGAGAGCTGTAGCAAGG,CEP85L,388,255,250
CEP85L_ACCTTCCACGCTATCAGAAC,CEP85L,1839,292,356
CEP85L_CTGTCCCGTTCCTTACCGGC,CEP85L,547,182,239
CEP89_CACCAGGAGCGCCTCCAAGA,CEP89,1429,702,607
CEP89_ATTGAAGGCCTCCCATCCAA,CEP89,128,106,34
CEP89_AAGGCGTCGTCACAGGAAGG,CEP89,1586,200,124
CEP89_TCAGCTGTCATCCAGCGGCA,CEP89,1316,229,587
CEP89_CTATTCCTCAGCCTCGCCAG,CEP89,1043,50,91
CEP89_AGCTGCCTTCGGAGCAACGC,CEP89,21,76,16
CEP95_TCTCCAGTAGAATTTACGGC,CEP95,699,43,251
CEP95_TGTCCGCCAATTCCAAGCAC,CEP95,1964,397,752
CEP95_ACAACGCAGAGTCTAAGAGG,CEP95,1907,86,310
CEP95_TCTTGACAAGGGTAGTAAGG,CEP95,1202,192,120
CEP95_GGAGAACTACTATAAGGACC,CEP95,259,96,38
CEP95_CAAGTCTGGCCTCATAGGGA,CEP95,1241,37,231
CEP97_ATCGCCTTACCTTCTCCGGG,CEP97,137,0,1
CEP97_AGTGGTCAATTGGTCAGGAC,CEP97,1398,17,21
CEP97_CCGATAGTCAAATCCTGGGA,CEP97,771,177,101
CEP97_TAGCCAGATATTGGACAAGC,CEP97,484,337,404
CEP97_GGAGACAGTCCTGATGCAAC,CEP97,99,77,213
CEP97_GGGAGTTTACCTGGTTCCAA,CEP97,187,6,1
CEPT1_TGAGTGGGCATCGATCAACA,CEPT1,1530,545,359
CEPT1_CTTGCATTAAGGGCTCAAGC,CEPT1,827,65,102
CEPT1_GGCTGTGATTCACTATCAAC,CEPT1,733,113,231
CEPT1_TTCCGTGTAATCTTCACAGG,CEPT1,1092,124,120
CER1_ACTTTCCTCCGTGATCAAGG,CER1,597,200,218
CER1_ACCCGCATTTCCCAAAGCAA,CER1,1545,555,435
CER1_TTCTTGGCTTCTTCCCGAAG,CER1,1385,400,450
CER1_CTATCGGCTGGATGAGGGAC,CER1,1120,208,312
CER1_GATAGTGAGCCCTTCCCACC,CER1,410,72,6
CER1_ATTCCTTGGCAGGAGTACGG,CER1,165,12,70
CERCAM_ATGCCCGGGTCTCTCACCAG,CERCAM,1277,489,117
CERCAM_ATTGTGGTCCGTGGCACACC,CERCAM,425,137,247
CERCAM_CTGTGCGGCGGTAGTAGCCC,CERCAM,471,249,206
CERCAM_CTAGTGCTTCTAAGATCAGG,CERCAM,716,139,135
CERCAM_CAGCAAGATAGGGTTTGACG,CERCAM,2596,447,527
CERCAM_GATCTCCATCTCCCAGAGCG,CERCAM,1005,252,307
CERK_GCCGTAGCCCAGCAGGGACA,CERK,16,27,49
CERK_TTCTGCGTCGCTGGTGCCCA,CERK,95,161,111
CERK_CGGATTGGAATCATTCCCGC,CERK,630,51,139
CERK_TGAACATGCTAATCAGGCCA,CERK,868,148,312
CERK_AGAGAGCACGACGGCACCGC,CERK,946,130,342
CERK_CTGCTGCTTCACCCACAGCA,CERK,2502,765,1219
CERKL_CTCTAGGTGCCACTGAACAC,CERKL,1495,432,383
CERKL_GCTCTGATGATGTGCAAGAA,CERKL,1881,430,764
CERKL_CCACTTGGCTTAATACCAGC,CERKL,792,263,545
CERKL_GCATGCAAACGTTAGAACCA,CERKL,416,167,123
CERKL_ATTCCTGCAAGCTTCAACAG,CERKL,2046,512,964
CERKL_CGGGAGGGACAGTTGTGACG,CERKL,4626,1156,892
CERS1_CATCGTGGCGTTTGCAGCCA,CERS1,1138,295,441
CERS1_CAGTCACTGCAGTCTGCGCA,CERS1,494,100,100
CERS1_ATTTACTTCAAGTCCCGCGG,CERS1,737,48,85
CERS1_GACCACCGAGTCCTTGCGCC,CERS1,681,0,37
CERS1_GAGGCAGCACCGCTTCGCCA,CERS1,151,341,33
CERS1_TACGCGCAGCTAGTGCAGCG,CERS1,1522,434,307
CERS2_ACTGTCGTTTCCTCAGGAAC,CERS2,766,489,226
CERS2_TTTGCCAATTACATCCGAGC,CERS2,1195,389,326
CERS2_GATTGCCTTCATTGCCGGCA,CERS2,791,45,89
CERS2_AGAAGTTCCGAGAAGCCAGG,CERS2,561,54,22
CERS2_GAACATTTCTACCTGACCAG,CERS2,327,12,34
CERS2_GGCTGCCTGTGAACTTGACC,CERS2,736,85,168
CERS3_GGCTACCAAAGGCAAAGAGA,CERS3,545,137,210
CERS3_TCATCAGACTAATAGCAGCC,CERS3,735,376,682
CERS3_TTGGAATGGCTATCCCAAAC,CERS3,1685,661,921
CERS3_TTCCTGGAATTTCTTCAGCC,CERS3,769,185,159
CERS3_TCCTAAACCATCTTTCCACC,CERS3,130,60,58
CERS3_TCAGATCTTGAGGATCACGA,CERS3,586,262,311
CERS4_GGTTACCACCCAATGTCACG,CERS4,351,140,11
CERS4_AGAAACACTTCCTCACGGAA,CERS4,492,113,101
CERS4_CGCTGCAGCAGACCCAGCGA,CERS4,4682,427,399
CERS4_TCACGTGGTACAGGACCGAG,CERS4,1146,394,418
CERS4_GCCCTTTGATGTCAAGCGCA,CERS4,1033,58,20
CERS4_CCAGAGAGCCAATGCGCAGC,CERS4,862,183,196
CERS5_TTGCTGGAGCTACTGTCACA,CERS5,1053,196,152
CERS5_CGTTCTCTCTCCATCAAACC,CERS5,2372,496,560
CERS5_CTTTCTCCAGGCAGCCAAAC,CERS5,1220,678,664
CERS5_GACTCAGATCCTACCTGAAA,CERS5,562,244,298
CERS5_GGAGGGCCTGTCAAAGCAGC,CERS5,300,164,40
CERS5_TAAGATGGCGACAGCAGCGC,CERS5,1083,188,426
CERS6_AAACCTCTCGTTCCAGAACC,CERS6,1084,110,321
CERS6_GCCCTCAACATTCAGGCCAA,CERS6,1065,290,140
CERS6_ATGTTCGAAGCATTCAGCGC,CERS6,1470,379,337
CERS6_CCTCGTATTCCACAACCAGG,CERS6,1075,256,152
CERS6_TATGGCCCGAGTAGGAACGC,CERS6,786,123,95
CERS6_GACTGGCATACTCACCAGAG,CERS6,723,790,546
CES1_CTGCTATCAAGTCCAGGAAC,CES1,993,504,712
CES1_ATGCCGCAGCTTACATAGGA,CES1,195,134,169
CES2_ACTTCGTGCGCGGCTGAGCG,CES2,932,481,238
CES2_CGGCATTGGCGCCCTTCACA,CES2,1408,412,444
CES2_CCTCAGACATGGAGTCGGAA,CES2,487,451,111
CES2_GGTCATCATCCAGTACCGCC,CES2,15,49,0
CES2_AGCTGGCAATGAGGCCGGGC,CES2,153,6,67
CES2_CTGCCTGGTCCCTTTACAGG,CES2,1002,100,37
CES3_CGAACCAGTTGTAAGGAGAA,CES3,1763,338,505
CES3_TCCATTTGCCCAGCCGCCAC,CES3,548,177,215
CES3_CCACAGGTGCCTACAAGACG,CES3,2689,1121,1188
CES3_AGCTGATCCATCGTAGGAGG,CES3,1976,394,372
CES3_ATGTGGTAGCTGCTTTGCGC,CES3,185,282,579
CES3_AGGCACTGCACCATCTCAGC,CES3,1111,58,70
CES4A_CGTCTGCGCCATCAGGCAGA,CES4A,841,454,502
CES4A_GATGCTACCACCTACCCGCC,CES4A,252,50,0
CES4A_GCACGCGGGAACGGTACAAG,CES4A,1922,379,386
CES4A_CCGGGAACCAGACCATCACC,CES4A,993,427,622
CES4A_ACCCTGTTCGGCCAGTCGGC,CES4A,194,40,30
CES4A_CGCGGTGCCACTCTGGGAAA,CES4A,3452,1309,1589
CES5A_TCGGTGGTGCCTTCCTGAAG,CES5A,2649,212,184
CES5A_CAAGGTGCAAATACTGAGGC,CES5A,1008,227,266
CES5A_TTGTATCAGATGGAGGGCAA,CES5A,890,406,325
CES5A_GAGCCTGTATCGGCGTGGGC,CES5A,44,39,33
CES5A_GCTTCTCGCAAGTTATCCCA,CES5A,471,110,48
CES5A_GCCCAAATTAGGATCTGGCC,CES5A,83,72,29
CETN1_AGCGCTGGGCTTCTTGAAGC,CETN1,1499,354,187
CETN1_AGCATTTGACCTCTTCGACG,CETN1,1570,477,438
CETN1_CTCTTCGACGTGGACGGAAG,CETN1,3131,667,937
CETN1_CACTTCCGTCCACGTCGAAG,CETN1,1763,628,139
CETN1_TCTTCTGCGTCATCACGGCC,CETN1,95,126,313
CETN2_AAATCTGAAACGCGTGGCCA,CETN2,851,234,192
CETP_ACTGATACTTACACACCAGG,CETP,273,504,17
CETP_ACCCATACTTGACTTGGCCA,CETP,768,67,97
CETP_TGGCTTCCACCAGCTCCACC,CETP,353,109,125
CETP_GGACTGATCAATACCCAGCC,CETP,759,183,168
CETP_AGCTGCTCCTGCATCTCCAA,CETP,576,46,36
CETP_AACAGCTGCTTGATCCACCC,CETP,275,118,124
CFB_CCAAATGCGACTCCTCGGCA,CFB,2817,456,771
CFB_CAAACGCCTCTGACCAGGAG,CFB,626,191,486
CFB_ACCCACATTGACCCTCCACA,CFB,698,243,349
CFB_TGACATAGCTCTGCTGAAGC,CFB,1123,632,519
CFB_GGGTCCCACTGCATAGGAAC,CFB,854,226,377
CFB_ATCTCTTCCGCATGCAGCCC,CFB,1013,63,125
CFD_GCGGCTTCACCATGCACAGC,CFD,1759,410,353
CFD_CATGCACAGCTGGGAGCGCC,CFD,285,1,213
CFD_TGCCGCCCAGGATCCGACCA,CFD,2674,874,857
CFD_CGTGGTCGATGGTGTCGGGC,CFD,1213,463,291
CFD_AACCGGCGCACGCACCACGA,CFD,472,321,139
CFD_TGCGGCAACCGCAAGAAGCC,CFD,1446,358,351
CFDP1_TCCATAATCGAGGGAAAGAG,CFDP1,1131,2,50
CFDP1_CATCCATAATCGAGGGAAAG,CFDP1,565,57,37
CFDP1_CTCAAATACTCACCCTGACC,CFDP1,877,183,275
CFDP1_TCCCACATCATTGAGGAAGC,CFDP1,1150,68,200
CFDP1_AGGCGGAATCGCTCACCCGA,CFDP1,643,146,140
CFDP1_AGACTTCTCTACGTCGGAGG,CFDP1,275,110,258
CFH_TGGGCTATTTGTGTAGCAGA,CFH,800,200,195
CFH_GCTATCTATAAATGCCGCCC,CFH,129,54,0
CFH_AGTATCTCCAGGATGTCCAC,CFH,121,0,0
CFH_TTACAGGTACATCTCGGAGC,CFH,1273,393,223
CFH_CCTTCGATCAGAAGTTCAGA,CFH,112,65,139
CFH_AGCAATACTGGAAGCACCAC,CFH,255,12,275
CFHR4_ACAAGATGGTTGGTCACCAA,CFHR4,1465,255,298
CFHR5_GAAACTCCATGTTGATAGGG,CFHR5,315,90,144
CFHR5_GGCACTCAGTCTGTATAAAC,CFHR5,1220,251,152
CFHR5_AATCCTGAAGTAGACTGCAC,CFHR5,350,26,110
CFHR5_TTAGGTATCTGAGGTGGCGG,CFHR5,561,184,264
CFHR5_CGGTACGTCACTGTTGACCC,CFHR5,1241,120,665
CFI_GGATTAGCTACCATGTAGGA,CFI,446,460,174
CFI_TGAGGTGGACTGCATTACAG,CFI,1195,686,765
CFI_TGCACAGCATGCCAAGGCAA,CFI,1150,183,511
CFI_TGTCTACATGTGCATTGCCG,CFI,1334,357,533
CFI_GAGGTGCTGATACTCAAAGA,CFI,640,216,147
CFI_GAGCATGAGGGAAGCCAACG,CFI,973,256,332
CFL1_TGGGATGCAACCTACTCAGA,CFL1,626,34,102
CFLAR_ATGAAGGATTACATGGGCCG,CFLAR,1280,317,210
CFLAR_TTCTAGCCACAAGCTAAAGG,CFLAR,895,284,436
CFLAR_GATTGCATTGGCAATGAGAC,CFLAR,525,139,126
CFLAR_ATTTCTGGACTTCATAGCCC,CFLAR,314,66,166
CFLAR_TGTGGTGTCAGAGGGCCAGC,CFLAR,801,200,177
CFLAR_TCAATGTGAAGATCCAGGAG,CFLAR,1913,429,1025
CFP_GAACCCTGAGATGCTGACCA,CFP,634,201,0
CFP_TGCTCAGCCTCCTGCCACGG,CFP,1296,120,71
CFP_CTCCCACAGAGATGGGCGGC,CFP,35,324,29
CFP_TCAGAGCACGTCACCGAACA,CFP,3664,1249,1487
CFP_GAGGCCCTTGCACTTGCCGG,CFP,110,18,0
CFP_CGGCGGCAGCAACAATCGAG,CFP,2524,399,298
CFTR_TTCCTATGACCCGGATAACA,CFTR,2862,537,691
CFTR_ATTCTGCATTGTTCTGCGCA,CFTR,687,258,94
CFTR_CCACGCTTCAGGCACGAAGG,CFTR,954,1035,629
CFTR_CAACCAAAGAAGCAGCCACC,CFTR,671,107,215
CFTR_ATTCTTCAGAGGTCTACCAC,CFTR,153,3,167
CFTR_GGACACTTCGTGCCTTCGGA,CFTR,153,32,152
CGA_CTTCTTGGACCTTAGTGGAG,CGA,1695,471,254
CGA_CGCACCCTGCACATCAGGAG,CGA,3270,1155,831
CGGBP1_TAAGTCAGACCAGCTACGGA,CGGBP1,444,381,433
CGGBP1_CTAAGTCAGACCAGCTACGG,CGGBP1,4617,1028,780
CGGBP1_GGGTGATCAGCCTTCTCAAG,CGGBP1,1347,507,236
CGGBP1_AACTCAGTGACTCGATCCAG,CGGBP1,608,214,189
CGN_CTTCTGTTACTAGGATCCAC,CGN,618,92,134
CGN_CATCTATGGCATCCTGAGGG,CGN,790,61,236
CGN_AAAGTGAAACCTCTGTGAGG,CGN,1288,149,136
CGN_ACTAAGGCCGTGGCAGGGCA,CGN,850,100,217
CGN_CGCTCCAGCCCAACTTGGGA,CGN,2471,536,222
CGN_CATGTCGTAAATCTTCACCC,CGN,955,107,216
CGNL1_GAGTTCTAGATCGCAAAGAC,CGNL1,590,446,469
CGNL1_CCTTATGTTCCAGGCCACAC,CGNL1,794,428,519
CGNL1_CTCCACATTGCAGCAACGAC,CGNL1,2454,1588,1291
CGNL1_CGATCGGAGGACAGGGAGAA,CGNL1,2202,918,1188
CGNL1_CACGCTCTCGCTTTCTCAAG,CGNL1,1055,338,625
CGNL1_ACTTCAGAGCAAGACCAGGC,CGNL1,924,72,97
CGREF1_AGAAGGCGATGCAGCCGCAA,CGREF1,767,265,208
CGREF1_GCACGCCCTTAATTCCAAGG,CGREF1,968,268,435
CGREF1_TGAGGTGCACATTGTTCAAG,CGREF1,1763,554,767
CGREF1_AGGAGAGTTGGCAGCTCCAG,CGREF1,239,11,10
CGREF1_GAGCATCTGAGCCGGGAGCA,CGREF1,1195,277,447
CGREF1_CCACCGTGTCACAGATGGGC,CGREF1,1201,181,52
CGRRF1_CTTCATCGTGACCACCGGCC,CGRRF1,380,335,178
CGRRF1_TTACCATCCCAATACCAGGC,CGRRF1,1017,124,387
CGRRF1_AAGGTCAATAGCGCTACCAA,CGRRF1,590,190,38
CGRRF1_CTTAGCTGATGAGGATGACC,CGRRF1,528,404,24
CGRRF1_TCCTTGCTGTTCTCTTCCGA,CGRRF1,570,225,225
CGRRF1_GCCAGAATGGGACTGTGAAC,CGRRF1,865,305,217
CH25H_ACAGACTGGTGCCCTTCGGG,CH25H,191,226,174
CH25H_CCAGTCTGTGAGTGGACCAA,CH25H,352,158,224
CH25H_TGGAAGGTGCGGTACAGCCA,CH25H,2842,417,697
CH25H_GATCTTGTAGCGCCGCAGGG,CH25H,382,143,164
CH25H_AGGATATCCAGGACCACGAA,CH25H,699,294,328
CHAC1_GACCGACGGACGCACACACC,CHAC1,476,265,162
CHAC1_CGAAGTCGGGCCTCCACACC,CHAC1,2302,555,526
CHAC1_AGCCGCGCACGAAGCCCACA,CHAC1,92,383,67
CHAC1_AGGAGCGTCACCACACGGCC,CHAC1,471,96,345
CHAC1_TGGTGGCTACGATACCAAGG,CHAC1,1031,168,117
CHAC1_GGTGCCCACAGCGTCCACGA,CHAC1,385,9,148
CHAC2_GATACATCACCAACTACAGC,CHAC2,637,77,78
CHAC2_TGTTCAGCAATGTCTTCCAG,CHAC2,394,52,47
CHAD_GGGCCAGCACATCCGTGACA,CHAD,1179,59,50
CHAD_ACAGGTGGCATCTGGGCGGG,CHAD,941,401,146
CHAD_CAAATGGACGTGTTTCAGCG,CHAD,1169,444,482
CHAD_CAGCGTGGTTACACCCAGGA,CHAD,530,228,368
CHAD_CTGGCTGGACAACACCAACC,CHAD,2181,330,762
CHAD_CAAGAGCATTGGGCGGACCA,CHAD,422,102,260
CHADL_AGCTGCTTCCGCTGCACAGG,CHADL,196,328,148
CHADL_TGAGGTCGATGAGCTCCAGC,CHADL,147,94,86
CHADL_AGGTACAGGTAGCCGAGGCG,CHADL,1697,160,378
CHADL_CACAACCCGCTCACCTACGC,CHADL,2099,137,300
CHADL_TACAAGAAGCGGCAGCACCA,CHADL,1217,310,352
CHADL_ACAAGAAGCGGCAGCACCAA,CHADL,1194,190,220
CHAF1A_TCAGGCGCTTAAACGGCAGA,CHAF1A,556,39,87
CHAF1A_GCTCAAGTTACGTGCAGAAA,CHAF1A,1489,504,201
CHAF1A_ACAGCGCATTAAAGCAGAGA,CHAF1A,727,12,44
CHAF1A_TCTTGAAAGACCTCAAAGGC,CHAF1A,383,30,91
CHAF1A_CGTCATCGTGGAGCGTGGGA,CHAF1A,965,408,128
CHAF1A_GAAGCTCCTGGACTATGAGG,CHAF1A,130,0,0
CHAF1B_GGATCTTTGCTTCTCACGCC,CHAF1B,240,57,105
CHAF1B_CTGGGTGTCATACAGAAGCA,CHAF1B,928,3,1
CHAF1B_ACACATCGAGGGTCTTCGCC,CHAF1B,617,28,61
CHAMP1_CGAGATTCTGGAGATGCAGC,CHAMP1,362,65,168
CHAMP1_AGGTTCAGGAGACTCTGAAG,CHAMP1,780,78,105
CHAMP1_TTGCGAAGCTCTGGAGACAC,CHAMP1,1037,183,361
CHAMP1_CGTGCTTCTGGAGAAGCAGG,CHAMP1,39,19,27
CHAMP1_TCAAAGCCGGCATAATGAAG,CHAMP1,1171,294,198
CHAT_CCACTCAGGAGTGTGGGCGG,CHAT,2,86,62
CHAT_TCTGCTGCAGGGTCTCGCCG,CHAT,519,52,87
CHAT_TGCCGAGCAAAGATCACGGC,CHAT,1655,285,398
CHAT_GCTACAAGGCCCTGCTGGAC,CHAT,1478,239,102
CHAT_CGGCCATACCCAGGACACGC,CHAT,1763,403,351
CHAT_TCCTCCCGTCAGACGTCAGC,CHAT,393,201,31
CHCHD1_TGGCGCGGTTTGGGAACCCG,CHCHD1,1213,436,334
CHCHD1_GCTTCAGCACAGGCTTCCGC,CHCHD1,544,95,24
CHCHD1_CGGCACAATCGAGGAAGCCC,CHCHD1,435,154,174
CHCHD1_GCTTCCTCGATTGTGCCGCG,CHCHD1,767,144,134
CHCHD1_GCGAGGGCTCAGGTGACCGA,CHCHD1,851,55,141
CHCHD10_CTGACCGGAGCCTTCAGCGG,CHCHD10,739,39,106
CHCHD10_CCTGACCGGAGCCTTCAGCG,CHCHD10,2095,340,492
CHCHD10_GCCATCTGAGCCATGAGCCC,CHCHD10,359,139,124
CHCHD2_AACCCTGCGATGGTCTCACC,CHCHD2,350,45,57
CHCHD2_CGATGGTCTCACCTGGCCGG,CHCHD2,238,231,173
CHCHD2_GATGGTCTCACCTGGCCGGA,CHCHD2,360,27,62
CHCHD2_ATGGTCTCACCTGGCCGGAG,CHCHD2,254,64,85
CHCHD3_CTGTGTCAATCATGCCAAAC,CHCHD3,2934,1486,947
CHCHD4_CGTATTCATCTGTGACCACC,CHCHD4,1308,225,454
CHCHD5_CTCCCGGCCACAGTAGCGAG,CHCHD5,1816,456,290
CHCHD5_CCAGTGTGTGGCGGCCAAGC,CHCHD5,250,231,185
CHCHD5_CAAGCCGGAATCCTGGCAGC,CHCHD5,1160,234,98
CHCHD5_AATCATCCGCCAGATCCGCC,CHCHD5,54,59,7
CHCHD5_CACTCCTCGAAGGCCTCAAA,CHCHD5,1042,323,187
CHCHD5_GGAGTGTCTTCGACAGAACG,CHCHD5,238,41,133
CHCHD6_GGTGTCCTTCGGAGTGGACG,CHCHD6,468,41,101
CHCHD6_TCTACCTTTGGCCTTCAAGA,CHCHD6,629,226,205
CHCHD6_GCTGATGCTGCCTTCGCCCG,CHCHD6,675,393,290
CHCHD6_GGAGCAGAAGTCAGTCCGGC,CHCHD6,786,127,159
CHCHD6_GGCTTTGTTCTCTTCCAAGC,CHCHD6,1272,320,321
CHCHD6_AGCGCTGGTATGCCTTGACC,CHCHD6,862,157,345
CHCHD7_CTCATGCACCAAACTCGAAC,CHCHD7,2157,938,968
CHCHD7_GAATGCCCTCGGTAACACAG,CHCHD7,594,80,18
CHCHD7_CTCAGCCTCTGTGTTACCGA,CHCHD7,1058,268,456
CHCHD7_AACCATCCTACCGACAAACA,CHCHD7,2028,1035,571
CHD1_ACAGAATGATCTTCAGGCAC,CHD1,854,136,18
CHD1_TGGTTATGCAAGCCTTCACA,CHD1,893,86,123
CHD1_GGACGCATCATCAGACCAAA,CHD1,649,473,443
CHD1_CCACTCTTACTTCCTGGCAA,CHD1,2015,382,286
CHD1_CCTACTGGAAGTCTGTGGAG,CHD1,1205,6,71
CHD1_ACCCAGAATCATCATCCGAC,CHD1,1221,80,151
CHD1L_TGAAGCCGCAGTAAGAAGCC,CHD1L,1717,210,165
CHD1L_CAGCGCTTCCATTGTCAGAA,CHD1L,846,1421,834
CHD1L_TGTAACATATGCAGGCGACA,CHD1L,1793,175,356
CHD1L_GGATGGGAGTTCCGGTCAAC,CHD1L,758,24,38
CHD1L_TTCACTCGCCTCAGCAGAAA,CHD1L,1476,797,728
CHD1L_GATCCACACACTTTCGAAGC,CHD1L,887,330,451
CHD2_AGTCAGTCGGAAAGTGAGCA,CHD2,1446,759,683
CHD2_GCAAGTAGCGGGTCTGAGAG,CHD2,1345,400,531
CHD2_TTCTGGCTCACTCTCTGCAC,CHD2,63,92,24
CHD2_AAGCAGCCGAAGACTCAGCG,CHD2,1787,983,699
CHD2_TACAGTAGTAGATGCTCCAG,CHD2,804,104,35
CHD2_TTTCAATTGCCAACAGGAGC,CHD2,724,104,59
CHD3_ACGAGGGAGTACTCGGGCGC,CHD3,688,194,358
CHD3_GACCGGGTCGGAAACGAAGA,CHD3,712,156,69
CHD3_GGAGCATGTGTTCTCTGAGG,CHD3,241,249,164
CHD3_TTACTCCGCCTCTTATGGCC,CHD3,1124,108,135
CHD3_TAAAGAGAGGCCGGCCAGGA,CHD3,713,201,377
CHD3_GGAGGTTGATGGCTACGAGA,CHD3,668,102,212
CHD4_ATCAGTCACTCACCGTACAA,CHD4,1186,21,7
CHD4_CAGACCATGTGGTAAGCACG,CHD4,1002,44,71
CHD4_TCTTGGCATCAGGTACACGA,CHD4,351,0,12
CHD4_GCGGATAGGCACCTCCACAG,CHD4,1271,9,105
CHD4_TGACCACGTGTTCTCAGAGG,CHD4,1813,22,27
CHD4_GCCGGCATAAGAGCATACGC,CHD4,860,38,59
CHD5_AGAGCATTCGGAGCGCACGG,CHD5,964,241,698
CHD5_TGACCGTCCTGGGTGCCAAG,CHD5,526,386,243
CHD5_GGACTACCTGTTCTCGGAGG,CHD5,543,14,119
CHD5_GAAGGCTCACGGGCTCCACA,CHD5,215,157,12
CHD5_ATCTCCTCGGCGAACAGCCG,CHD5,626,464,240
CHD6_CTTGGAGGTGGCCCACACCA,CHD6,2519,674,220
CHD6_CACAATGGAAGAGCTCGAAA,CHD6,1184,838,751
CHD6_TAGAACAGCTCCAAGTCGAA,CHD6,1069,122,166
CHD6_ACAATTGCTGTTCTTGGAGC,CHD6,1320,304,275
CHD6_TACAGTGGAGAGTTTAGAGC,CHD6,1104,164,225
CHD6_TGATCAGTGCTGCAGTCAAA,CHD6,879,756,493
CHD7_CCGATTCCCATGGCACCAGG,CHD7,454,393,354
CHD7_CTCTAGAAAGGGCTCCGACG,CHD7,2310,597,816
CHD7_GGGTCCTCATCTTCTTCAGG,CHD7,193,55,27
CHD7_GAAGAGACGGTCCAGCAGAC,CHD7,135,526,204
CHD7_TGCACGTAGCACAGATGACC,CHD7,483,288,268
CHD7_TGACTCACTATCTGGTGAAG,CHD7,1823,392,318
CHD8_ACGGGAATATCAGTTGGAAG,CHD8,1918,225,224
CHD8_TAATCCAGACTACGTAGAGG,CHD8,492,31,89
CHD8_TCGCCATCTGGTTCTTGCAC,CHD8,1897,502,233
CHD8_AGGAAGGCGAGAAGAAACGC,CHD8,797,200,140
CHD8_ACTCAAGCCAAGAATGCCCA,CHD8,582,132,117
CHD8_CAGCTGCTTTACTGGTCGGC,CHD8,514,105,373
CHD9_TCACCTATGTTTACAGCGAC,CHD9,1197,318,336
CHD9_CCATCTTCCAAGAAGAGCGA,CHD9,486,88,85
CHD9_ATCAACTGGAAGGACTCAAC,CHD9,759,109,193
CHD9_GGACCAATTTACCAGCAGAC,CHD9,1253,292,446
CHD9_ACCCACCAGCTCGGGTACAC,CHD9,735,313,297
CHD9_TGACCGAGCCAGTTTGAAAC,CHD9,2581,1034,1578
CHDC2_TTGTAAATGCAGCACAGACC,CHDC2,2415,546,718
CHDC2_AAGCCTGGAGTAAACGGGCA,CHDC2,1165,107,364
CHDC2_GCTGCAGTATGGCACTACAC,CHDC2,893,350,758
CHDH_CAGCCCAACTACTTGTCAAC,CHDH,2431,756,528
CHDH_CATCCCAAGTGATTGACCAC,CHDH,1078,298,163
CHDH_ACCAATGCAGACCTTCCGCA,CHDH,937,299,353
CHDH_CTTCCAGGCTTATGCCAGCA,CHDH,1735,614,636
CHDH_AGGCCGAGACGCTTGTGAGC,CHDH,307,277,74
CHDH_TCCAGCAGGAGGGCTTCGGC,CHDH,449,124,114
CHEK1_AGATGTTGCCGCTCCCGCCC,CHEK1,991,48,82
CHEK1_TTGGTGCAAACCCTGGGAGA,CHEK1,749,0,0
CHEK1_TCTTCCATCAACTCATGGCA,CHEK1,594,0,0
CHEK1_CCACAGGACCAAACATCAAC,CHEK1,1625,243,163
CHEK1_CTGTCACTGGGTTGGTCCCA,CHEK1,227,15,36
CHEK1_GGTGTGTCAGAGTCTCCCAG,CHEK1,298,7,0
CHEK2_AAGACACCCGTGGCTTCAGG,CHEK2,88,1,56
CHEK2_AGGTAAAGCTGGCTTTCGAG,CHEK2,222,60,337
CHEK2_TGCCTGTGGAGAGGTAAAGC,CHEK2,1373,568,786
CHEK2_ACTTAGACTGCAAACTGGCC,CHEK2,371,272,261
CHEK2_CATCGTGCTGGTAGAGGAGC,CHEK2,293,60,200
CHEK2_GGGACTGGGTAACGCTGCCA,CHEK2,100,132,128
CHERP_GCTTCGTACTCTGAAGAGCC,CHERP,37,9,105
CHERP_GGAGTACTCGTTGATGAGGG,CHERP,422,67,9
CHERP_ACAGCCAGCGCAAGCAGGCC,CHERP,224,0,22
CHERP_CCGTGATGCGGTTCCGGAGG,CHERP,647,38,0
CHERP_CCCGCAGGAGCAAGTGACAG,CHERP,3550,466,449
CHERP_GCCCAGTTCGTGGCTCGCAA,CHERP,863,231,199
CHFR_TGTCGTCAGGCTGACGGACG,CHFR,531,158,147
CHFR_GGATGAGGTATGCTTCCACG,CHFR,657,78,207
CHFR_AAATGCCCAAACCGTCCACG,CHFR,327,220,134
CHFR_ACCTGAGTGGCGGGCGACGA,CHFR,63,29,54
CHFR_AAGCTCAGAACATACTCACC,CHFR,402,3,154
CHFR_AATCCCGATGGAGCGGCCCG,CHFR,630,151,413
CHGA_CAGAAGAGCCAGGACAGCGG,CHGA,1321,161,537
CHGA_TGTGCCCTCTCCTTGGCGCC,CHGA,116,93,26
CHGA_ACAGACCTTTCAGCTCGGCC,CHGA,668,87,64
CHGA_CTCCTGCATGGGCTCCGGGA,CHGA,1415,243,230
CHGA_AGTGGGAGGACTCCAAACGC,CHGA,598,87,53
CHGA_CAGCTGCAGGCACTACGGCG,CHGA,1698,709,303
CHGB_AGCTGTCAATTCCATGCCAG,CHGB,1548,151,274
CHGB_CAATGATGCAGCGAGTCACC,CHGB,349,266,399
CHGB_TGGAGCGCTGGACTTCGACA,CHGB,1108,249,436
CHGB_TCGTTTGTCCACCTCAGAGG,CHGB,1142,247,286
CHGB_TATCTCAACTACGGTGAGGA,CHGB,13,234,95
CHGB_GACAGTCCTGACAGAGGACG,CHGB,433,25,84
CHI3L1_AATTCCAGGCCGGTTCACCA,CHI3L1,1430,567,410
CHI3L1_CAGACAGTGCTGCGCTGAGC,CHI3L1,590,280,171
CHI3L1_CCGCCATTTCTGCGCACCCA,CHI3L1,1638,674,1636
CHI3L1_TTCCCGGTACTGGGACCAGC,CHI3L1,473,209,191
CHI3L1_CACAGCACTGGAGCAGCACC,CHI3L1,712,245,190
CHI3L1_GGTGTGAAGGCGTCTCAAAC,CHI3L1,678,411,580
CHI3L2_CAACTGGTCCCAGGACCGGC,CHI3L2,25,248,350
CHI3L2_CTTACCCTTTGGAACCAAAC,CHI3L2,1128,731,584
CHI3L2_TAGAAGAATCCACCATAGGG,CHI3L2,815,73,80
CHI3L2_TTGATGGACTGGATGTAAGC,CHI3L2,2404,413,395
CHI3L2_AGGTTCCCTACGCAGTCAAG,CHI3L2,650,237,257
CHI3L2_ACTGGCAAATCCTGCAACCA,CHI3L2,1002,181,305
CHIA_AGTTCCAGCCTCCAATGGCC,CHIA,543,34,90
CHIA_CCAACGATGAGCTTCTCAGC,CHIA,106,125,414
CHIA_ATTGGCTCAATGGGCTGAGC,CHIA,497,34,62
CHIA_TACCAGCAGAACTGCCAGGC,CHIA,1074,558,237
CHIA_TGTCGAAGACAAGCCCGGCC,CHIA,586,277,222
CHIC1_GATACCGACGACGACGACGA,CHIC1,48,201,79
CHIC1_CTCGCTCACTACCCGAGGCG,CHIC1,1262,96,250
CHIC1_TCCTCGCTCACTACCCGAGG,CHIC1,709,90,108
CHIC1_TCCCTCCGTTCTAACAGGGA,CHIC1,286,75,77
CHIC1_ACCTTCCCTGTTAGAACGGA,CHIC1,1038,97,38
CHIC1_CTCTCCCGGTCAATGTGAAA,CHIC1,1871,678,613
CHIC2_GCCAACGTACATTAACAGGA,CHIC2,875,195,188
CHIC2_CAAGTACTCGCCGGACCCGG,CHIC2,180,81,59
CHIC2_CGAAATCTATGAGGAAGAGG,CHIC2,976,134,209
CHIC2_CGACGAAATCTATGAGGAAG,CHIC2,1380,386,665
CHID1_CGCGCTTCTGGCTTAGCAGC,CHID1,1117,326,203
CHID1_GAGCAAGACCGTGGTCCAGG,CHID1,89,23,22
CHID1_GCTGTCAGGAAGCATGCCAA,CHID1,973,266,261
CHID1_GGCCTCCACGACGTGGACCA,CHID1,805,110,250
CHID1_GCTACTGCTCGGCAAAGGCC,CHID1,28,33,24
CHID1_TTTGACAGGGTAGTGTGAAC,CHID1,1392,156,196
CHIT1_CACACGTACCACGTTGAGGC,CHIT1,1720,248,413
CHIT1_CTTGGCCAATGCCTTCCAGC,CHIT1,731,41,34
CHIT1_AAGCGCTCCTTGTCTACGGC,CHIT1,877,63,346
CHIT1_CCAGCCTCCGATGGCTAACA,CHIT1,4748,1436,1941
CHIT1_CGTAGATGAGGTGGGTGCAA,CHIT1,1930,267,502
CHIT1_CCATGATGCAGCTCAGCGGC,CHIT1,895,314,293
CHKA_CCTAGGACTACGCCCAAGCA,CHKA,1191,927,849
CHKA_TTACAATCTGCCCTTGGAAC,CHKA,1237,543,316
CHKA_CATAACGCTCTCCAGAACCA,CHKA,2202,629,574
CHKA_CTTTCCGAGGCTCATCACCA,CHKA,738,526,591
CHKA_TTTCCGAGGCTCATCACCAA,CHKA,1441,245,399
CHKA_TGTGGAACTCGTCCTCGCGG,CHKA,605,173,235
CHKB_AGTAGAACTGGAACCGAGAC,CHKB,191,221,35
CHKB_TCATTGTGGCAGAAGACGAC,CHKB,1039,324,263
CHKB_TGTTCGCCATACTTGCGGAG,CHKB,1494,428,481
CHKB_AGCCGCAGAAGCACCTCCCG,CHKB,3115,579,784
CHKB_GGTGCCGGGAGTACTTGGGC,CHKB,85,7,0
CHKB_GCTGCAAGCCGTCTTTGGCC,CHKB,86,66,4
CHL1_AAGAAGGGACCATCCGCGAC,CHL1,602,206,128
CHL1_ACATTCAGGATCCCAAACGA,CHL1,1019,237,437
CHL1_CTTCGCAAACGTGGAAGAAA,CHL1,319,313,364
CHL1_TGATACCGCCTGCCCTCCAG,CHL1,914,32,92
CHL1_ACAGGAGTGTTCGGCTGACC,CHL1,546,119,36
CHL1_CATCATGAAACACCACCAGC,CHL1,1034,223,108
CHM_TGGAGACAGTTTACAGCCAG,CHM,1151,262,635
CHM_GAGATTCGTCAGACATCAGC,CHM,154,70,36
CHM_GAAAGTAACTGTCCTCCACG,CHM,1509,604,553
CHM_TCGAGAAGGACGAGTGGAAC,CHM,2921,990,936
CHM_CTCATCCTCCGTAGGCAGGA,CHM,653,342,283
CHM_GATGTGATCGTAATAGGGAC,CHM,656,90,17
CHML_CGAGCTTCTGCTGATTCCCG,CHML,1010,468,502
CHML_AGCCATCACTCTTCGCAAGA,CHML,1583,675,649
CHMP1A_GCACGGCTAGTTCCTCAAGG,CHMP1A,2803,255,781
CHMP1A_CCTCATCATGCAGATCGCCG,CHMP1A,1640,295,539
CHMP1A_GATGGACAGGTTCGAGCAGC,CHMP1A,34,1,17
CHMP1A_GGAGGCCACTGCGTCTACGC,CHMP1A,288,445,581
CHMP1A_GCCATCCGCAAGAAGAACGA,CHMP1A,381,223,179
CHMP1A_TCAGTTCACGGCGAAGCAGC,CHMP1A,436,92,95
CHMP1B_GGTCCAGACGGCGGTGACGA,CHMP1B,1112,519,240
CHMP1B_GGACGTCCAGACGCAGCAAA,CHMP1B,721,199,281
CHMP1B_GGATATGCTGCTCCAGGAAA,CHMP1B,1290,316,140
CHMP1B_CTCAACATGGAGCTGCCGCA,CHMP1B,285,463,233
CHMP1B_TCACACTTGATCCCGAAGGC,CHMP1B,1439,449,492
CHMP2A_TTCATCTTCCTCATCACCCA,CHMP2A,1492,113,39
CHMP2A_CATGATGGAGTTTGAGCGGC,CHMP2A,386,56,0
CHMP2A_CATGGGCACCATGAACAGAC,CHMP2A,898,7,54
CHMP2A_GCGACAGAAACTAGAGACCC,CHMP2A,1022,0,0
CHMP2A_AGCTACTGCGGCAGAACCAG,CHMP2A,1517,15,61
CHMP2A_TGGACCTATTGTTCGGGCGC,CHMP2A,374,38,10
CHMP2B_CCGGGCGCAGTCTTTAACCA,CHMP2B,2078,491,420
CHMP2B_CTTCTTGAAGAGGGACGCCA,CHMP2B,521,77,58
CHMP3_GCCAGAACCTCCAGGAGCGA,CHMP3,778,71,146
CHMP3_TAAGTGCAGCCTTACCGAGC,CHMP3,957,13,57
CHMP3_TCAATGACCACTCATTGACC,CHMP3,753,426,403
CHMP3_GGAGAAGCCGCCCAAAGAAC,CHMP3,771,36,61
CHMP4A_CTCACGCTGAAACTCCAGGG,CHMP4A,1272,150,92
CHMP4A_CTGCCCTACAGGCTTTGCGG,CHMP4A,500,20,28
CHMP4B_CAGCTTCCCGAACACCGACA,CHMP4B,741,97,42
CHMP4B_CTGACGGCCGCCAAGAAGCA,CHMP4B,1492,70,42
CHMP4C_CAGTCTCCCGAAGTCGGACC,CHMP4C,461,224,80
CHMP4C_AATCCAGAGAGAAATCGCCC,CHMP4C,342,191,359
CHMP4C_CACGGCACGCAGAATAAGCG,CHMP4C,963,384,306
CHMP4C_GCAAGAGATCACAGAGCAAC,CHMP4C,275,292,157
CHMP4C_ACTGCACGTCGATCCCGAGC,CHMP4C,1035,30,50
CHMP6_TCTGCTTCTTGCGGCCGAAC,CHMP6,1020,49,102
CHMP6_CCGCGTCACGGAGCAGGACA,CHMP6,952,154,135
CHMP6_AAGCACCCGGCCGCCTACCA,CHMP6,1651,0,61
CHMP6_TCAGGGTGCCACCTACCCGC,CHMP6,1407,0,0
CHMP6_TACCTGGGATCTTCTCAGGA,CHMP6,539,186,163
CHMP6_GCCTGGGCCTGGCCTTGACA,CHMP6,761,117,133
CHMP7_TGGCCAGTGTAGACAGCAGC,CHMP7,912,365,274
CHMP7_TCACAGTCCTCGAGCAGAAC,CHMP7,2722,340,203
CHMP7_AGATTGTGAAGTTTGCCCGA,CHMP7,401,29,10
CHMP7_TTCCTGCTCGGCATGCCCGG,CHMP7,960,206,102
CHMP7_CTGTTCAAGGCATCCTGGAC,CHMP7,930,956,846
CHN1_TGAAAGGAGGATGGCTACCA,CHN1,1449,610,576
CHN1_AGCAGCCTTGGGAATGAAAC,CHN1,862,276,533
CHN1_AACTTCAGGCTCTACTACGA,CHN1,1582,282,186
CHN1_TGTAGGTCCCTGGCTGCCGC,CHN1,9,1,11
CHN1_AATTACCTGTACTTGCGAGG,CHN1,511,173,193
CHN1_ACGGCTGCACTTACCAAACA,CHN1,2135,1184,815
CHN2_ATTAATGAAGAGCATCGGCG,CHN2,1139,666,664
CHN2_TAGGACTTACTTGCAAGCCC,CHN2,240,256,101
CHN2_AGGACACCGACGAGCCGGAC,CHN2,1000,204,333
CHN2_CAAATGATTCTCTTGGGACG,CHN2,940,589,1004
CHN2_GCAACCAGGATGCTACACGC,CHN2,1437,976,735
CHN2_AAGTATCCAGAAGGCTGAGC,CHN2,816,60,169
CHODL_CTGACTCACCGCTGACCACG,CHODL,1894,358,714
CHODL_GAGCTTTCAGGAGGCACGCC,CHODL,191,131,112
CHODL_TGGATAGGGCTTTGGAGGAA,CHODL,3222,601,950
CHODL_AATTGCTTCCATCAGACCAC,CHODL,571,68,178
CHORDC1_AGTGTAGCACGAAGAAGACC,CHORDC1,295,447,374
CHORDC1_CACTAACAGGGCTGTACAAA,CHORDC1,3575,29,87
CHORDC1_TGCGGAGAGAGACGCTCCCA,CHORDC1,438,250,66
CHORDC1_GGGAACGCGGCGCAACAGAG,CHORDC1,1495,195,149
CHORDC1_CGGACACCCTCCGGCCCAAA,CHORDC1,2525,565,705
CHP1_CTCTTCGTCCCGCAGTAACG,CHP1,2869,556,592
CHP1_AAGGTGATTCTCTTGGCAGC,CHP1,164,105,92
CHP1_GCAGCCGGGAAGATTTCCAG,CHP1,1304,122,133
CHP1_TTTCACAATCAGAGAGGACC,CHP1,401,114,324
CHP1_CGACCATCATGCGTAGCACC,CHP1,574,124,219
CHP2_TTCCGCCTCCAGCTCGGCCA,CHP2,440,266,741
CHP2_GACAGTATTCGGCGAGAGAC,CHP2,536,121,137
CHP2_TGTCCAGTGCCCGGAACCGG,CHP2,1271,432,291
CHP2_TCCTGTCCAGTGCCCGGAAC,CHP2,1262,785,903
CHP2_CTATAATTCGGTCTCCCAGG,CHP2,0,50,110
CHP2_GACCTTGGTGAACTCCACGA,CHP2,288,509,144
CHPF_AGGGCTGCCGCAGCATCACC,CHPF,535,88,133
CHPF_AGCTTTCGCCCGAGCTGAAC,CHPF,519,344,293
CHPF_GGTGTTCCTGACGGGCGCAC,CHPF,21,0,34
CHPF_GGAACACCACACGCTCCAGC,CHPF,345,23,191
CHPF_CAACTCGGTGCAGCCCGGAG,CHPF,1389,264,209
CHPF_CAGCAGCAGCGATGCCCGCA,CHPF,198,377,139
CHPF2_TCGTTCTCAGGCCAGTCGGC,CHPF2,62,73,100
CHPF2_CAACAGGGAGCTCAGTCGCA,CHPF2,1094,484,246
CHPF2_CTGGCCGCAGCAGAGCCAAC,CHPF2,728,319,287
CHPF2_CTCTACTTCACTGGGCAGCG,CHPF2,1213,394,452
CHPF2_CAGCGCTCTGGAGTTGGAGC,CHPF2,1289,234,259
CHPF2_TGCTTCTGGAAGCGCAGGCG,CHPF2,1431,395,377
CHPT1_CGCTGCAGCTCTACTGGACC,CHPT1,1422,974,759
CHPT1_CTGTCCCACGGCCACCGAAG,CHPT1,2370,190,329
CHPT1_AGGATAAGTTCCTAAGCGAG,CHPT1,290,103,182
CHPT1_CACCACCATGGAGGATAACA,CHPT1,1209,479,539
CHPT1_GGCACCAGTGTCTTGTCACC,CHPT1,327,69,18
CHRAC1_CGTGGTCGTGGGTAAAGACA,CHRAC1,2095,97,68
CHRAC1_TCGTGGGTAAAGACAAGGGC,CHRAC1,466,127,20
CHRAC1_CGTGGGTAAAGACAAGGGCG,CHRAC1,245,75,375
CHRAC1_CTACAGACACGGCAGTGGAA,CHRAC1,1953,129,117
CHRD_TCAGAACGGATGGGCAGCAC,CHRD,2046,688,601
CHRD_TCTATGCCTTGGACGAGACG,CHRD,498,131,72
CHRD_GGGCGGAGCAAGACTTACCC,CHRD,474,225,53
CHRD_ATCGCAGTTATAGCGACCGC,CHRD,789,9,50
CHRD_TGTAGGAGATAGAGAAGCGG,CHRD,764,240,181
CHRD_AGAAGCGGATCCTGGTAGGG,CHRD,631,300,216
CHRDL1_GGAGCTTCCTCACTTCAAGC,CHRDL1,574,82,148
CHRDL1_CCACGTTTGGACTATTCGAA,CHRDL1,1659,808,720
CHRDL1_CCACAATGCCAAATGCCCGG,CHRDL1,304,197,463
CHRDL1_TGATCCTCCACCAAGCCGAC,CHRDL1,675,200,92
CHRDL1_ACCTCTGCATACCCGGCAGC,CHRDL1,772,52,102
CHRDL1_ATTGCTTTACCTGGGCAGCG,CHRDL1,781,229,222
CHRDL2_CGGGAAGACGTACTCCCACG,CHRDL2,695,6,153
CHRDL2_CCTCGCCACTTCAGACCCAA,CHRDL2,49,50,114
CHRDL2_GGACACACTGGTTGGGCAGG,CHRDL2,255,243,27
CHRDL2_GGAGGCGGTAACAACTCACA,CHRDL2,200,189,42
CHRDL2_AGAGGAACCTACCTCTGAGC,CHRDL2,210,74,146
CHRDL2_TCTACTTACGGGCTCGAGCG,CHRDL2,927,471,398
CHRM1_GCAAAGCAGCAGCAGGCGAA,CHRM1,1918,382,326
CHRM1_GGGCGTGATCGAGCTGGCAA,CHRM1,860,312,214
CHRM1_TTGATCACCACTTCGGAGCC,CHRM1,1426,425,398
CHRM1_TCCGAGACGCCAGGCAAAGG,CHRM1,1861,470,839
CHRM1_CATCACCTTTGGCACAGCCA,CHRM1,665,406,268
CHRM1_CCAATGAAGGCCACTTGCCA,CHRM1,581,444,233
CHRM2_AACTGAGGGATCCAGCCACC,CHRM2,1045,172,173
CHRM2_AATTGTTGACGGTCTGGAGG,CHRM2,527,218,182
CHRM2_TCACACACCACAGGTCCCAA,CHRM2,614,72,139
CHRM2_CTCCAAGTCTGGTACAAGGA,CHRM2,2248,660,834
CHRM3_TAATCAGATCGGCACAGGCC,CHRM3,491,89,150
CHRM3_CGTAGTCAATGGCAAGCCAG,CHRM3,654,250,295
CHRM3_GCAGCTTCGAGAACTGCCCG,CHRM3,192,124,76
CHRM3_GAACTCCGCCTCCTCCGACG,CHRM3,2063,496,410
CHRM3_GCCCAGAAGAGCGTGGACGA,CHRM3,1042,213,381
CHRM4_TCCGATACTGGCACAGCAGC,CHRM4,446,187,213
CHRM4_TCTGCCGCTTCTTGCGCACC,CHRM4,545,559,529
CHRM4_GAAGTGTCCTTATCAGCCAC,CHRM4,10,157,97
CHRM4_GCGCAATGGCAAGCTGGAGG,CHRM4,1736,416,567
CHRM4_ACAGGAACTGGATGAAGCAC,CHRM4,55,27,56
CHRM4_CCACAATCGCTATGAGACGG,CHRM4,1553,341,349
CHRM5_ACCAGCCTTTGGAACGCCAC,CHRM5,304,0,25
CHRM5_TCCAATGATGAGATCTGCAC,CHRM5,854,99,291
CHRM5_GGGTCGAGGACAGCGCAAGC,CHRM5,856,245,343
CHRM5_CCAATAGCCCAAGTGCCACA,CHRM5,1947,632,520
CHRM5_ACCAATAGCCCAAGTGCCAC,CHRM5,712,177,93
CHRNA1_GCACCCATGTCATGCCCAAC,CHRNA1,1827,487,402
CHRNA1_ACGTTGACGATGAAGTAGAG,CHRNA1,1138,586,363
CHRNA1_CTCTGTCGTGGCCATCAACC,CHRNA1,2708,894,794
CHRNA1_AACCAATGTGCGTCTGAAAC,CHRNA1,1917,685,795
CHRNA1_GCCAGTGGAAGACCACCGCC,CHRNA1,171,53,285
CHRNA1_TCCGGTAGCCCATGGAGCCC,CHRNA1,1289,332,530
CHRNA10_GCACCAGGAGGCTCATGACC,CHRNA10,709,52,58
CHRNA10_AGCAGCGAGATGAGCACGCA,CHRNA10,870,417,271
CHRNA10_AGGTTCCGCCAGCACCAACG,CHRNA10,1226,380,716
CHRNA10_ATCTGTGGATACGGCAGGAG,CHRNA10,794,232,330
CHRNA10_CCACTAGGATGAACGGAACC,CHRNA10,908,359,558
CHRNA10_ACTGTCCCAGATCATCGACA,CHRNA10,103,209,178
CHRNA2_CGGAGGCAGAAAGAGGCCGA,CHRNA2,1404,172,208
CHRNA2_CACCCAGTGCACAGTGCCCG,CHRNA2,972,516,744
CHRNA2_GGGATCCAGATCATCTCAGA,CHRNA2,564,166,48
CHRNA2_GGATCCAGATCATCTCAGAA,CHRNA2,1460,430,409
CHRNA2_CGTCTGAAGTGTTGGGCACC,CHRNA2,848,287,127
CHRNA2_CTGCGGCAATGCCGTGGGAC,CHRNA2,971,408,783
CHRNA3_CTGTCCCTAGAATGCACACC,CHRNA3,1097,740,530
CHRNA3_TGTCCCTAGAATGCACACCA,CHRNA3,1215,485,686
CHRNA3_GGAGGTACTCTCCAATCAGG,CHRNA3,75,51,74
CHRNA3_CACTTACTTGCTTGAGCCAC,CHRNA3,183,130,684
CHRNA3_CGAGGTGTCCATGTCTCAGC,CHRNA3,1392,639,440
CHRNA3_GAGACATGGACACCTCGAAA,CHRNA3,1049,326,193
CHRNA4_GGATGCTCCGAGACCGGCAC,CHRNA4,201,98,214
CHRNA4_GGCACGACTACAAGCTGCGC,CHRNA4,123,249,99
CHRNA4_CACGAACGTATGGGTGAAGC,CHRNA4,1137,580,779
CHRNA4_CACGTCCGAGATGTTGGCCA,CHRNA4,2319,766,654
CHRNA4_CCCGTAACTTACCGCGCAGG,CHRNA4,1543,693,348
CHRNA4_TAACTTACCGCGCAGGAGGC,CHRNA4,318,99,21
CHRNA5_TCTTGGTCCAGCTGGTCGCG,CHRNA5,842,380,184
CHRNA5_GGTACAATGGCACTGTCACC,CHRNA5,75,31,57
CHRNA5_TGGGAGATTGTGAGTGCAAC,CHRNA5,891,461,763
CHRNA5_CTTGCGGACCAAAGGCGCCA,CHRNA5,315,127,114
CHRNA5_GAAACATCCGATCAAGAACC,CHRNA5,249,123,199
CHRNA6_CTTTGGCAGGCCTCCTGGCA,CHRNA6,694,131,89
CHRNA6_CAACCACGCACACAATGCCC,CHRNA6,1506,648,599
CHRNA6_TAAATTGCGCTGGGATCCAA,CHRNA6,67,102,146
CHRNA6_TAACCATGCTGACCAGCAAG,CHRNA6,325,313,261
CHRNA6_TTAACCATGCTGACCAGCAA,CHRNA6,1350,422,400
CHRNA7_AACATGCGCTGCTCGCCGGG,CHRNA7,541,82,222
CHRNA7_ATGTGCCCGGGATCCCACGG,CHRNA7,1347,163,196
CHRNA7_CCCTGCAAGGCGAGTTCCAG,CHRNA7,587,146,451
CHRNA7_GAGGAAGCTTTACAAGGAGC,CHRNA7,153,165,32
CHRNA7_TTGGCCACGGGCCTCTCCAA,CHRNA7,182,38,49
CHRNA7_AAGACTGTTCGTTTCCCAGA,CHRNA7,0,51,121
CHRNA9_TTGTTGAGTAGCTGCAGAGA,CHRNA9,401,460,408
CHRNA9_CGATGTCTGGCCTCCACACG,CHRNA9,2588,688,703
CHRNA9_TGATCAGCCCATCATACCGC,CHRNA9,2412,449,343
CHRNA9_GAGGTTGACGATATAGAACG,CHRNA9,1021,700,411
CHRNA9_CCCGCACCACAGTAGAGAGC,CHRNA9,1213,453,372
CHRNA9_CACAGTACAAAGTGCTGACG,CHRNA9,1501,384,358
CHRNB1_CCTGGCGCAACTCATCAGCC,CHRNB1,1249,430,268
CHRNB1_CACAAAGGTGTACTTAGACC,CHRNB1,830,1483,359
CHRNB1_CGATTCGCTCCGCATCACGG,CHRNB1,542,284,290
CHRNB1_GCTGCTGCGATAGATGCCCG,CHRNB1,677,82,103
CHRNB1_CCCTAGGATCGCCTGGAGGC,CHRNB1,258,95,166
CHRNB1_TCTTACCTGACGGACCCAAA,CHRNB1,496,256,245
CHRNB2_AGCGAGCTATGCCCGCGGCA,CHRNB2,275,55,314
CHRNB2_AGCCAAGGAGCAGCGCCACG,CHRNB2,1091,530,365
CHRNB2_GAAGCCAAGGAGCAGCGCCA,CHRNB2,133,58,194
CHRNB2_ATAAGCTTGTTGTAGCGGGA,CHRNB2,579,79,103
CHRNB2_AGGAAGACGACCTTCACCCA,CHRNB2,1012,133,114
CHRNB2_TGCTGCATGAAGAGCAGCGC,CHRNB2,151,112,144
CHRNB3_TACTCACCACATCTACAAGC,CHRNB3,1378,202,486
CHRNB3_GGACAGACCACAAGTTACGC,CHRNB3,2319,269,308
CHRNB3_TCATCAGGGAGCCTTCGAAG,CHRNB3,1283,372,426
CHRNB3_CGAAGGCTCCCTGATGACCA,CHRNB3,3431,513,566
CHRNB3_ACACTATCAGAAAGAGCCAC,CHRNB3,255,22,121
CHRNB4_ACCAGCCACAGCCGTGGAAC,CHRNB4,1296,164,168
CHRNB4_GCAGCTTCCAAGTCTCCAGC,CHRNB4,285,15,115
CHRNB4_TGGAACAGCTCCCGCTACGA,CHRNB4,1669,192,361
CHRNB4_CACCTACCACGCTGATAAGC,CHRNB4,702,279,271
CHRNB4_CCTGGCCCAGCTTATCAGCG,CHRNB4,1710,407,318
CHRNB4_AGAACTCACCGCGCCCGCAA,CHRNB4,1454,335,405
CHRND_TCCCTTACCACACACCGCCA,CHRND,630,116,377
CHRND_CGGCACCTGTTTCAAGAGAA,CHRND,1623,639,737
CHRND_GCCGGTTGTCTGTCCAGCCC,CHRND,629,73,231
CHRND_GGCCGTATACTTGAGGGAAC,CHRND,545,91,155
CHRND_CATGTGCCGCCCTCAGAGAA,CHRND,2318,455,230
CHRND_CTGAGCCAGGAGCACCGAGA,CHRND,1238,365,274
CHRNE_GCAATTCATGACAATGAGCG,CHRNE,1887,389,310
CHRNE_GACCGTGCATTTCTGGCCGC,CHRNE,576,16,137
CHRNE_CAGGCCCGAGATGAGCACAC,CHRNE,1723,264,599
CHRNE_CAAGATCGACATCGACACAG,CHRNE,2128,806,1310
CHRNE_GCCAACGTGCTCGTCTACGA,CHRNE,1356,95,497
CHRNE_TTACCGACTCAACTACAGCA,CHRNE,1972,448,801
CHRNG_CTCCGTCCTGCGGCTTACCA,CHRNG,1520,137,92
CHRNG_CACCAATGTCTGGATAGAGA,CHRNG,1280,129,379
CHRNG_TGGGATCCGCGAGACTACGA,CHRNG,379,112,115
CHRNG_CGTGGACGGTGTCTTCGAGG,CHRNG,1210,106,424
CHRNG_GGTGCTGTAAGTCTGGGACC,CHRNG,72,94,108
CHRNG_TACCCTTGGCAGGAAGGAAG,CHRNG,1115,290,134
CHST1_CAAGATCGCCGCCTCGGAGG,CHST1,1405,152,193
CHST1_TTCTCCAACTCCGTGTCCAC,CHST1,379,95,54
CHST1_CGGGAGGAAACCCTACAACC,CHST1,2045,903,1372
CHST1_TTAATCGCGGGTCTTCCACC,CHST1,543,288,89
CHST1_GCCGACCTGGTCCTGGAGGA,CHST1,629,260,225
CHST1_CCGACAGGATCTTCCGCCGC,CHST1,2280,150,555
CHST10_CCTGTATGCCCGTTTCGAAG,CHST10,1974,241,358
CHST10_CCTGTACCAAGGCTCAAACC,CHST10,2192,560,738
CHST10_AGGCGCTCCATGTAGACCAG,CHST10,686,149,234
CHST10_CCTGGTCTACATGGAGCGCC,CHST10,945,82,128
CHST10_CAACTTCCTCACTTCCGGCA,CHST10,1204,121,266
CHST10_TTCACGTACCTTCTGCAGCC,CHST10,1251,571,600
CHST11_GATGAACAGAATCTGCCGGA,CHST11,132,19,0
CHST11_GATAAAGGATCCCAAGCAAG,CHST11,222,28,42
CHST11_CAGCAGATGTCCACACCAAA,CHST11,1494,684,774
CHST11_TGTGGACATCTGCTGCCGGA,CHST11,83,0,49
CHST11_AGACGTGTGCCTCGTTGGCC,CHST11,494,240,233
CHST11_CGTTGAAAGGCTCCTCCCGC,CHST11,744,418,432
CHST12_TGAGCTTGACCTTCATGAGG,CHST12,894,209,245
CHST12_CGGAGATCAGGCGCACGAAG,CHST12,2051,456,572
CHST12_TCTCCGTGTGCGGGTCCAGC,CHST12,464,271,216
CHST12_CGTAGTCGATCTGGCACGGG,CHST12,1871,149,401
CHST12_AAGTCGTAGTCGATCTGGCA,CHST12,524,77,229
CHST13_CCTGTAGCCGCCACTCACGC,CHST13,1524,519,425
CHST13_AGGCGCCGGTTGATCTCGGC,CHST13,181,47,302
CHST13_ACGTCGTAGCGGAGGCGACA,CHST13,110,225,137
CHST13_CCATCTTGTAGAGGTCGAAG,CHST13,3979,670,952
CHST14_GATCACCGCAAACATCAGCA,CHST14,488,330,105
CHST14_CGCGGACTTGCAAGTGCGGC,CHST14,597,166,158
CHST14_GGACGTAGCAGTAGAGGAAG,CHST14,1630,355,273
CHST14_GCTGGAAATCGGACGTGAGG,CHST14,1122,245,218
CHST14_GATTTCCAGCTCGCCAGGCC,CHST14,432,146,137
CHST15_ACAGTTTCTCATTCTTCGCC,CHST15,483,151,162
CHST15_GAGGGTGTTGTTGTAGACGC,CHST15,345,355,240
CHST15_TTCTACGACAACAGCACGGA,CHST15,1061,409,485
CHST15_GGAATCGTCCGCCTAAGAGA,CHST15,287,175,89
CHST15_GCAGGGCGTCGAAGGTGGAG,CHST15,914,182,220
CHST15_TGCATACAGCTGTTACCCGA,CHST15,745,579,127
CHST2_AAGGCGCTGGTGTTGTGCGC,CHST2,588,197,127
CHST2_GCTATTCAACCAGAATCCCG,CHST2,293,11,142
CHST2_CAAGCTTGGCGCCAAGAAGG,CHST2,903,624,313
CHST2_TGGCGCCAAGAAGGAGGGCG,CHST2,1699,589,855
CHST2_ATCTGCACGCAATGCCACGC,CHST2,623,299,403
CHST3_CTCATGGCCACCACGCGCAC,CHST3,2733,664,666
CHST3_TGTGCCACAGCGGCTCGAAG,CHST3,1045,185,420
CHST3_TGAGCACGTCGCGGTACACC,CHST3,951,328,351
CHST3_CTTCATCACGCCGCTGCCCG,CHST3,893,719,684
CHST3_GCCCTTCAAGCTGGCCCAGG,CHST3,82,268,78
CHST4_CAAAGGGCTGTTGACTGCAC,CHST4,641,126,545
CHST4_CCGTTCCCGAGAACGCACAA,CHST4,951,835,562
CHST4_CGTTCCCGAGAACGCACAAA,CHST4,561,477,425
CHST4_TGGTCTTGTAGATCTCCAGC,CHST4,257,152,71
CHST4_ATTCGGGAAGTCTGGGCCAC,CHST4,385,201,371
CHST4_TAGACAGAAGATCCAGCAAC,CHST4,648,308,301
CHST5_AGTGCGCGGATCTCTGCCAG,CHST5,57,0,0
CHST5_ACACCTCGCGAATCAGGCGC,CHST5,1271,254,339
CHST5_CCGAGGCACCATCAGCAAGC,CHST5,2099,930,1288
CHST5_TCTTCATCATCTCCCGGCCA,CHST5,539,105,211
CHST5_AGATGTCGAGACATCTCCCA,CHST5,119,84,44
CHST6_CGCACAGTTCCTGCACGCGG,CHST6,341,191,138
CHST6_AAAGGGCAGCGCATGGCGCC,CHST6,97,113,112
CHST6_CGCGCACAGTGGCTTGCACA,CHST6,730,168,220
CHST6_GGCTCACGGCCCACTGGAAG,CHST6,1076,692,562
CHST6_ACCTGTCCGACCTCTTCCAG,CHST6,155,315,245
CHST6_GCCGGGAAACCAGAAAGAGG,CHST6,211,8,0
CHST7_CGAACTCTTTAACCAGCACC,CHST7,1163,174,404
CHST7_GGACACGGCCAATCTTACCA,CHST7,783,295,487
CHST7_CTTCCGCTGGCGGACTAACA,CHST7,1008,573,564
CHST7_ACGTCCTTGATGACCACCAC,CHST7,2255,449,455
CHST7_GAGGCCTGGATCACGCAACA,CHST7,976,532,355
CHST7_GAAGAAATCGGCGCGCGGCG,CHST7,349,302,217
CHST8_GCGACCTGGAACAATGCGGC,CHST8,1067,264,432
CHST8_GGCCTGCAGCTCCGAACAGC,CHST8,977,362,462
CHST8_TGAGACGGTGCAAGATACCC,CHST8,472,41,86
CHST8_CTCAAACTTGTCGCGGAAGG,CHST8,2914,614,1284
CHST8_AGTGCCGGTCCTTGAACCGG,CHST8,652,186,315
CHST8_CCCAACTCTCGGCCCTGCAA,CHST8,509,16,93
CHST9_ACAGATGATCGGTGCTCCAA,CHST9,406,166,64
CHST9_TGTCCATTCCTACTGGACGG,CHST9,775,150,394
CHST9_TTCCCACCGTCCAGTAGGAA,CHST9,2524,1152,1133
CHSY1_ATGTCGAAACGCCCAGACAA,CHSY1,1683,493,455
CHSY1_TTCGACCCAGGGAGCTGAAA,CHSY1,1227,425,362
CHSY1_TCCCGGCTCATGATCACGCC,CHSY1,481,163,196
CHSY1_CCATTTCTTCCGTGGTGCCC,CHSY1,293,212,135
CHSY1_TCGCTTCAGCTCGGAAGCCC,CHSY1,793,59,82
CHSY1_CGCTTCAGCTCGGAAGCCCG,CHSY1,293,52,24
CHSY3_ATGCCACGCTCATCCACGGG,CHSY3,1113,168,233
CHSY3_GGAGTAGCCACAACGGCAGC,CHSY3,395,56,191
CHSY3_AGAGCTTGGAAAGCTGGGAC,CHSY3,507,236,333
CHSY3_TTAGCCGAGAAGTTCTCAGG,CHSY3,334,56,26
CHSY3_ACCGCACCATCCAGCTCCAC,CHSY3,2203,193,113
CHSY3_ATCACTTCATTTCTCTCCCG,CHSY3,310,271,317
CHTF18_ACGTGAATGCCTCTGCCCGA,CHTF18,94,106,0
CHTF18_GCCATTGGTTGGCGTGGCGG,CHTF18,69,93,89
CHTF18_CGAGGAGGCCCTTGCCAGAG,CHTF18,1588,875,625
CHTF18_CGCCCTCCGTGGATGTCACG,CHTF18,982,211,116
CHTF18_GCCTGTTGTTTGCACAGCGG,CHTF18,1839,134,55
CHTF18_TGTGGCCTCCTTGCTGACCC,CHTF18,596,151,76
CHTF8_CAACCCAAGACCAAGTGGCC,CHTF8,696,320,334
CHTF8_CCCAGAGGTTAACAGAACAC,CHTF8,2257,258,462
CHTF8_GAAAGCAAGCTACACCAAGG,CHTF8,258,191,200
CHTF8_TGTAATGTAGGTCTCCCAGG,CHTF8,707,0,58
CHTF8_ATCGAGGCTCGCTACAGCAC,CHTF8,360,132,1
CHTOP_AGATTCTCGGGATTCGAAGA,CHTOP,605,207,55
CHTOP_TTTAATGCTGCCTGGACAGA,CHTOP,694,123,308
CHTOP_CGAATGGGCTTAAGAAGAGG,CHTOP,1268,388,465
CHTOP_GGTCAATACAGGGCGAGCAA,CHTOP,300,38,49
CHUK_TCTACTCCCTAAGGTGGAAG,CHUK,771,93,157
CHUK_TCTCGTATTGAGCGTGAAAC,CHUK,957,255,322
CHUK_AATTGGGACCCTCAGCAGAG,CHUK,2191,382,380
CHUK_TTATTGGAGCTTTGGGACCA,CHUK,1222,107,179
CHUK_AGGCCTTTACAACATTGGCA,CHUK,361,108,61
CHUK_AGCCGCTCCCGCATCTCCCA,CHUK,424,66,0
CHURC1_ACCGTATCTCAGTTCTCGCG,CHURC1,3046,230,667
CHURC1_ACATCGCGACGCAGTCAACA,CHURC1,1376,351,486
CHURC1_CACATCGCGACGCAGTCAAC,CHURC1,607,112,165
CHURC1_GGAGAAGGAATATCCCAACC,CHURC1,510,131,79
CHURC1_GCCGCATAACAGACACAGCA,CHURC1,1005,508,391
CIAO1_GGCCAGGTAATTACCGCAGG,CIAO1,1132,0,17
CIAO1_CTCGGCTGCAAGTGGCCAGG,CIAO1,336,17,32
CIAO1_CTCTCCCACAGTTGATGAAG,CIAO1,1976,332,247
CIAO1_CACAGTGAAGCTGTACCGGG,CIAO1,843,0,0
CIAO1_CACTACAAGACGCCAGGCGC,CIAO1,764,131,95
CIAO1_CGCGATCCGCGTGTTTCAGG,CIAO1,333,34,6
CIAPIN1_TCTTGAATTCTAGCTGCAGC,CIAPIN1,163,62,44
CIB1_TGACGTGCTGGAACTCAGAG,CIB1,1629,912,909
CIB1_GAGTCTGACATTGACAGGGA,CIB1,324,128,336
CIB1_CCGTGAGGCAGTTCACCAGC,CIB1,1158,267,135
CIB1_TCTCTACCAGAGCCCACAGG,CIB1,1258,147,87
CIB1_CTCTCTCTACCAGAGCCCAC,CIB1,94,139,6
CIB1_CTTGACGTTCCTGACGAAGC,CIB1,494,22,72
CIB2_CTTCGAGGACATGATTGCCA,CIB2,797,147,422
CIB2_CCGGCTCACTAAGTCAGAGC,CIB2,1434,442,215
CIB2_GCTCATGGGCACGTGGACGA,CIB2,450,277,214
CIB2_GCATTCGCGATTCTATGAGC,CIB2,546,81,99
CIB3_GAGTGCCGAGGAGGTGAGCC,CIB3,220,121,164
CIB3_GGTGACCAAACTGACGCGGG,CIB3,420,0,0
CIB3_CGGTGACCAAACTGACGCGG,CIB3,390,0,0
CIB3_CTGGGCAATCCTCTGGCGGA,CIB3,581,129,153
CIB3_CTTCTATCGCTACCAGGACC,CIB3,1026,218,281
CIB4_GGCATCTGTGTTCAGCGAGC,CIB4,275,0,60
CIB4_TGCAGATACGGTCTCTGAAA,CIB4,95,106,22
CIB4_ACTCACCCGCAGAGCTGGCA,CIB4,555,291,394
CIB4_GGCAACGCTCACCATGGACC,CIB4,265,402,218
CIB4_CCTAGCCCGATCTACCCACC,CIB4,1158,419,350
CIB4_GCTTGAGGTATCAGATGCAC,CIB4,546,66,47
CIC_AAGGGCGATTGAGTGGAGAC,CIC,549,677,334
CIC_GCTACTGACCGAACATGCCG,CIC,558,78,111
CIC_ATCCAGTTGCCTCTACCGCC,CIC,0,0,136
CIC_ACAGCGTTACCTGGAAGGCC,CIC,881,541,373
CIC_GGCACAAGGAGACGCGGGAG,CIC,1528,249,71
CIC_GACGAGTGATGAGGAGCGCA,CIC,873,451,697
CIDEA_TACGGTACTAGAGGCGCACA,CIDEA,223,80,95
CIDEA_ACCTGTGCCCAGCTGCAAGA,CIDEA,1671,446,401
CIDEA_TCATGGTTGGAGACCCGGAA,CIDEA,1267,219,206
CIDEA_CCAGTCCGGTAGCGATGACG,CIDEA,620,297,174
CIDEA_TCCTACGACATCCGGTGCAC,CIDEA,725,257,420
CIDEA_TCACCTGGGCGGAGTAGGAC,CIDEA,1285,547,324
CIDEB_CTCCACACTGCTGCAAGGCC,CIDEB,799,323,506
CIDEB_CATATGGCCTGGGACGGGAG,CIDEB,1125,23,21
CIDEB_GCTAACCCTGGTGCTAGAGG,CIDEB,300,100,251
CIDEB_GCTGAATGGAGTGCTAACCC,CIDEB,112,34,153
CIDEB_TTGTGATCACAGACACGGAA,CIDEB,1353,628,640
CIDEB_AAGCTCGGAGTTTGGACGGA,CIDEB,399,56,158
CIDEC_GCATCAGAGTGTCCCGGACC,CIDEC,1274,618,278
CIDEC_GCGGATCGAAGCGTGAGGAA,CIDEC,668,304,448
CIDEC_ATGACTTTCCTCACCTGGAG,CIDEC,738,299,194
CIITA_CTGACAGGTAGGACCCAGCA,CIITA,2070,976,990
CIITA_CTTCTATGACCAGATGGACC,CIITA,1301,201,216
CIITA_CACACAACAGCCTGCTGAAC,CIITA,2090,590,677
CIITA_GACCTGAAGCACTGGAAGCC,CIITA,0,416,180
CIITA_AGGGCCTCCACACGGAGAGC,CIITA,329,1,19
CIITA_GGCTCCTGGTTGAACAGCGC,CIITA,634,173,472
CILP_TCACCAGGGTGCGGTCCACA,CILP,220,89,130
CILP_TGCCATCAGGGCACAAGCCA,CILP,1372,302,440
CILP_GCGCTCTGTGTCTCGGCGCA,CILP,1370,320,460
CILP_GGTCCGAGCCTCTAGCCGCA,CILP,151,25,134
CILP_CATCGACTACCCAGGCGGGA,CILP,51,71,106
CILP_TCACTCTCCAGGGTGTCGGC,CILP,60,45,30
CILP2_CTGTGTCGTCGCTGCGCACC,CILP2,1149,483,1007
CILP2_GGAGCCAATGGCGACTGCAC,CILP2,470,61,54
CILP2_CTCAACCGCGAGCAACCGCG,CILP2,280,141,503
CILP2_ACGCACTTCTGCGCCTCCAG,CILP2,1210,572,422
CILP2_TGGATCCGTTGGCCTGGGCC,CILP2,512,141,174
CILP2_CCCTGAGTCCCGAGTGCGAG,CILP2,1435,658,1008
CINP_GAGAGCATGCTGCTGGAGAC,CINP,711,2,54
CINP_GCTCTTGGAGATGTACAGGA,CINP,465,0,25
CINP_TAGGCCACGTGTGGAACAGA,CINP,319,0,2
CINP_TCTTACCAACCCATCCAAGG,CINP,1339,82,1
CINP_GGTGTGTCTGGAATATAACG,CINP,214,4,75
CINP_CTTGCACTGACAGATAAGAC,CINP,955,342,436
CIRBP_TTTGCCTTCATCTGATGCCA,CIRBP,536,52,77
CIRBP_CAATGAGCAGTCGCTGGAGC,CIRBP,526,119,138
CIRBP_TCGTCAGACAACCGATCCCG,CIRBP,3750,187,426
CIRBP_TACAGTGACCGGAGCTCGGG,CIRBP,243,17,37
CIRBP_GCACCTAGCTGACTGCCCAG,CIRBP,1460,219,146
CIRBP_AGCAGAACTAGCTAACCGGC,CIRBP,499,37,109
CIRH1A_CGTACCATTAAGAGGAGGAC,CIRH1A,555,83,324
CIRH1A_GCTCCAAATAGGTCCTCCAA,CIRH1A,444,0,8
CIRH1A_GGTGTCGCCTTCTTGTCCGA,CIRH1A,440,0,0
CIRH1A_TTCGTGGTGGGCACAGCCGA,CIRH1A,875,0,0
CIRH1A_TCGTCCTCTCATGGAGAAGG,CIRH1A,743,32,19
CIRH1A_AGTGATGAGCAAACTGGAAG,CIRH1A,607,8,21
CISD2_CCGGTAATGCTTTCAGGGAC,CISD2,1502,275,570
CISD2_ACCTGTGAGCCTAGCGAACC,CISD2,915,228,239
CISD2_CAGAGAGCGATGAGCAGGAC,CISD2,1423,419,552
CISD2_CAAGAAGTGCGAGTACACCA,CISD2,2261,470,244
CISD3_TGCAGGACCTGAACCCGCGG,CISD3,542,147,170
CISD3_AGGAGGAGATGTCCCGCCGC,CISD3,705,43,39
CISD3_AAGTGGGAGCCGTCACAGAA,CISD3,1638,313,389
CISD3_GAAGTGGGAGCCGTCACAGA,CISD3,183,156,64
CISD3_CGTACTGCGATGGCACCCAC,CISD3,1453,170,167
CISH_AGTCCACGTCGGCCACCAGA,CISH,1183,177,59
CISH_GGTTGATGACAAGGCGGCAC,CISH,716,338,222
CISH_CATCCTCCTTAGGCATAGGC,CISH,563,116,249
CISH_CAGACTCACCAGATTCCCGA,CISH,1332,102,120
CISH_GCTTGGGCAGTTCCAGGGAC,CISH,692,166,232
CISH_CTTGGGCAGTTCCAGGGACG,CISH,2248,531,281
CIT_AGTGCTGACTGTGATGAACG,CIT,1036,281,439
CIT_CATGGAATATCAGCCTGGAG,CIT,436,184,141
CIT_TATCTCGAAGCACAAGCCCG,CIT,487,257,230
CIT_ACTTCGAAGTCCTTTGCCGA,CIT,272,123,188
CIT_TGTCTCCTCTTTCCCGAGAA,CIT,745,400,562
CIT_TGCTGAACCCATTGCCAGCC,CIT,1319,574,728
CITED1_GGTCCGAATCGATGATAGCA,CITED1,1655,254,259
CITED1_AGAGCCTATTGGAGATCCCG,CITED1,682,162,75
CITED1_GGTAGCCTCAAATGGAACCA,CITED1,126,14,22
CITED1_CTTTGCGATCTTTCACCGCA,CITED1,704,529,303
CITED1_TGCAGCACAACAGCTCCAGC,CITED1,925,265,156
CITED2_TTGGGCGGCAGCATTGCAGC,CITED2,260,93,56
CITED2_GAGTTGTTAAACCTGGCCGC,CITED2,23,5,0
CITED2_GAGCGGCATCAGGCATGCGA,CITED2,317,14,42
CITED4_CCCTCAGCAGCTCACGGAGC,CITED4,707,229,483
CITED4_GGACGCCGAACTCATCGACG,CITED4,744,217,334
CITED4_TCCGGAGCGCATGAGGGCCA,CITED4,671,127,165
CITED4_AGCCCTCGGCGAGCATCAGG,CITED4,181,203,160
CITED4_GACCACCTGATGCTCGCCGA,CITED4,439,170,408
CITED4_GAGCATCAGGTGGTCGGCCA,CITED4,682,231,207
CIZ1_GGCAGCTCGGACGCCTCACA,CIZ1,1,23,14
CIZ1_GGGTCTGACTTGTCTTCCAC,CIZ1,261,57,11
CIZ1_TCCGTCCTGAAAGGTTGAAC,CIZ1,474,278,225
CIZ1_ACCCAGTGTTGCTGTGGGCA,CIZ1,2307,146,128
CIZ1_CATGGAGCCGTTGAGGAGGG,CIZ1,298,527,447
CIZ1_GCTGACAGCCATGGGCAACG,CIZ1,1421,180,279
CKAP2_CGAGGCTACGATGAGCACAC,CKAP2,566,405,681
CKAP2_CCACGATAAGATCCAAGCAC,CKAP2,2112,510,662
CKAP2_GCCAATGTTACAATCCGGAA,CKAP2,841,164,393
CKAP2_GGAGAAGTCTTGTGCAAGCA,CKAP2,688,504,528
CKAP2_CTACTACGCCATACTTGCAA,CKAP2,1975,212,346
CKAP2L_ATGTCTGAACCTCATCGAAG,CKAP2L,390,83,80
CKAP2L_GAAGCTGGATCGTCCACAAC,CKAP2L,1269,515,447
CKAP2L_CAGTATTAGGTGGTCTGGGC,CKAP2L,442,100,223
CKAP2L_CAGGAGTACCTTGCAGCCAA,CKAP2L,822,180,280
CKAP2L_TCAGGAGTACCTTGCAGCCA,CKAP2L,1688,499,468
CKAP2L_GCGGTCGTACTCACCGACAG,CKAP2L,202,4,8
CKAP4_CGATTCCCACGGGCCGAAGG,CKAP4,637,254,387
CKAP4_CACGTCCCTGGAGAACACGG,CKAP4,817,592,470
CKAP4_CCACATGGATCCCATCCGAG,CKAP4,2372,498,799
CKAP4_GCAGGGCGTCGAGCAGAAGG,CKAP4,1808,213,228
CKAP4_CCAGGACTTCTCCCGGCAGA,CKAP4,385,196,158
CKAP4_ATGCCCTCGGCCAAACAAAG,CKAP4,1659,544,215
CKAP5_GCTGAATATCCTGCAACAAC,CKAP5,1160,143,41
CKAP5_ACAGATACATCACGCCAAGC,CKAP5,1283,76,24
CKAP5_CATCTCCAATCTTGTCCACA,CKAP5,430,32,95
CKAP5_ATCCTCACTAATGCCTGGCA,CKAP5,480,93,104
CKAP5_TGGACTAGCTGCTGATAAGA,CKAP5,1277,93,100
CKAP5_TCTTCCTTAGCCCAACAGCC,CKAP5,664,0,0
CKB_GCATGAGGTCGTCGATGGCC,CKB,333,79,195
CKB_CGACTTCAGAAGCGAGGCAC,CKB,795,151,177
CKB_CTTCTGCACCGGCCTCACCC,CKB,488,154,154
CKB_CGCGCTCAAGAGCATGACGG,CKB,1840,386,687
CKB_ATCATCGAGGACCGGCACGG,CKB,943,281,377
CKB_CTGGACGACGTCATCCAGAC,CKB,3081,704,1062
CKLF_TGCTGGGTCTGCAGACGCGA,CKLF,1004,724,541
CKLF_CTGTCACAAGTGCAAACACC,CKLF,1260,247,527
CKLF_GCAGTATGCTGTCTTGCCGA,CKLF,238,105,98
CKLF_CAGTATGCTGTCTTGCCGAC,CKLF,1879,746,578
CKLF_AGTATGCTGTCTTGCCGACG,CKLF,343,103,9
CKM_CAGGCGCCTACTTCTGGGCG,CKM,998,823,709
CKM_CCTCTTCTGCAGACGCAGGC,CKM,156,24,161
CKM_GCAGCCCTACGCAGAAGCGG,CKM,1110,270,357
CKM_GCCTGACGGGCGAGTTCAAA,CKM,1302,461,460
CKM_ATCATCTCGGATCGCCACGG,CKM,675,111,190
CKM_CTACAAGAAGCTGCGGGACA,CKM,2723,936,757
CKMT2_CACTCATCCAAGAGGAAGGA,CKMT2,722,157,240
CKMT2_GCACCAGTGTCCTGACCACC,CKMT2,1,156,321
CKMT2_AAGCTTGGCATAAATGGCGG,CKMT2,1120,160,98
CKMT2_CGTTGTGTGCTTCATCACCC,CKMT2,1910,421,389
CKMT2_CTGTCTTCTCGGGTGCGCAC,CKMT2,899,323,187
CKMT2_CTTGGAACAGGACTACGAGC,CKMT2,363,52,124
CKS2_ACGAACACTACGAGTACCGG,CKS2,1309,722,164
CLASP1_CCCGCACTACCTGAGACCGC,CLASP1,1222,120,231
CLASP1_GGATTCCTCAAGGTCTCGGC,CLASP1,166,11,1079
CLASP1_TTGGAATGGGAACCACCCGC,CLASP1,896,281,184
CLASP1_TAAAGACTCTGTGAGGGAGC,CLASP1,1231,195,203
CLASP1_TCCTGTCCGCCCTGGTGACC,CLASP1,1070,93,60
CLASP1_TTCCACTATGGAGCCTCGCA,CLASP1,430,237,240
CLASP2_GCCAACAGTGCAAGGAAGCC,CLASP2,180,282,207
CLASP2_TGAGGCGACTGATTTGCAAA,CLASP2,2332,808,753
CLASP2_CATCTAATGGCTATGGGAGA,CLASP2,523,227,137
CLASP2_AGCAAGACTTACCTAGCAGG,CLASP2,585,100,103
CLASP2_GACTGTTGGAGTCTCCAAAC,CLASP2,1258,246,281
CLASP2_CTCGGACCTGGAGGAGGACC,CLASP2,626,75,114
CLASRP_GGTCGACTACAAGAAGAGGG,CLASRP,121,0,105
CLASRP_TAACAGGGCTCTCAGCGGCC,CLASRP,13,194,72
CLASRP_ATTCGATGTCCGTGCCCACC,CLASRP,473,77,19
CLASRP_CTACGAGCGCTACAGAGGCC,CLASRP,301,59,104
CLASRP_TTATACCTACGAGGACAGCA,CLASRP,373,26,39
CLASRP_ACGACTTATGGCATGGCCGA,CLASRP,1282,146,43
CLC_GAATGAACCATATCTGCAGG,CLC,34,4,16
CLCA1_CACAGGGAGATGTACAGCAA,CLCA1,2796,587,392
CLCA1_ATGAGTGGGCTCATCTACGA,CLCA1,266,277,365
CLCA1_CCAATCCCGCCAGACGGAGA,CLCA1,2604,213,367
CLCA1_GAGGGACGTCCATCTGCAGC,CLCA1,0,0,27
CLCA1_CGTGGACAGCACCGTGGGAA,CLCA1,2293,554,686
CLCA1_GCAGGGTAGCATTGGACGCA,CLCA1,870,797,890
CLCA2_ATTGCCAGTTTCGACAGCAA,CLCA2,416,306,197
CLCA2_AACAATTCACTCCATTGCCC,CLCA2,339,167,0
CLCA2_AGACTCCTTGATGATGGAGC,CLCA2,903,81,215
CLCA2_CATGACTCCCTGGAATAGAG,CLCA2,956,184,241
CLCA2_ATGGTGGAAACACATCAGGG,CLCA2,468,111,25
CLCA2_AAGCGAAATCCTCAGCAAGC,CLCA2,1931,386,588
CLCA4_AAGTATTTGACTGGTGCAGC,CLCA4,209,38,18
CLCA4_TGCGTAAACAATCATTGGGC,CLCA4,836,213,342
CLCA4_TCACCGTTCACTACCCAGCC,CLCA4,711,235,219
CLCA4_TTCAGCCGAACAGCATCCGG,CLCA4,1127,533,122
CLCA4_GGTGGGTATTGGTCAGGCAA,CLCA4,211,30,126
CLCA4_TACTGATCTGTCACCAAAGG,CLCA4,1121,483,683
CLCC1_CAGAGACAGGCTTGGCCGAC,CLCC1,724,509,110
CLCC1_GGCACGAGAGCATCCCACGG,CLCC1,187,47,18
CLCC1_TTGGTTGGTCCCACCAACAA,CLCC1,709,74,52
CLCC1_TCAGGCTGAAGTCGCCAAGA,CLCC1,1281,121,35
CLCC1_AGTGCATCATCCAAGGCACC,CLCC1,178,0,0
CLCC1_CCAGCAACAGACATTCACAA,CLCC1,3901,310,710
CLCF1_GGCCACGCAAGTAACACAGA,CLCF1,1120,155,74
CLCF1_CTCCAAGTCAACAGTGGCCC,CLCF1,2229,352,321
CLCF1_TGAAGTCTGGCTCGTTGAAA,CLCF1,1450,414,412
CLCF1_AGTCTGGCTCGTTGAAAGGG,CLCF1,888,692,628
CLCF1_GCCAGCTCTCAATCGCACAG,CLCF1,967,577,482
CLCF1_TGCCAGCTCTCAATCGCACA,CLCF1,1858,1228,759
CLCN1_TACGGACTGCCCTCTGAGAA,CLCN1,1268,536,402
CLCN1_TTGTATCCACCGCCTGGGAC,CLCN1,611,327,511
CLCN1_GCAAGTTCTCACCAACAGCC,CLCN1,539,184,304
CLCN1_GGCGACAACCTTGGCCACAA,CLCN1,590,144,445
CLCN1_GATGCTGGCAATGTGGACGA,CLCN1,434,388,93
CLCN1_CTACTCTGATATCCTGACGG,CLCN1,2250,538,579
CLCN2_GGGAGAGGAACTTGCTGAGA,CLCN2,57,151,108
CLCN2_GCAGTTACCTCTTTGCCAAG,CLCN2,1545,423,547
CLCN2_AGATGCTGGTGTTCAAGCCC,CLCN2,1645,92,134
CLCN2_ACCTTGCAGACAGGCAGCAA,CLCN2,1221,382,504
CLCN2_CTGCTCGGATTCGCCTGGGA,CLCN2,1379,158,419
CLCN2_CAGCTCAGCTTCACTTACCA,CLCN2,2620,663,793
CLCN3_TGTATGATGCGTGGTCAGGA,CLCN3,375,440,460
CLCN3_TCAAACCTGATGCCACAGCC,CLCN3,608,207,568
CLCN3_GACATTCCTGATCGTCCAGC,CLCN3,158,14,25
CLCN3_CCTTCCTGCGATCGCTCCAA,CLCN3,332,119,238
CLCN3_TGTGTCAGGACAGCTAAGGG,CLCN3,2042,383,356
CLCN3_CTTCGAAGCTTCAATGGCCG,CLCN3,2367,467,890
CLCN4_AGGACTTCCACACCATCGAC,CLCN4,409,131,57
CLCN4_CCATCCACGTACCCGCCAGC,CLCN4,1714,43,179
CLCN4_TCATCGATCTCGCCGTGGAC,CLCN4,787,272,292
CLCN4_GCTAATCAAGACAGTCACGC,CLCN4,520,119,155
CLCN4_ACGAGACGGCTATTCCCAAA,CLCN4,932,236,262
CLCN4_GGTGCAGACTGTGTCACGCC,CLCN4,446,57,250
CLCN5_GGGTGAAGATAGGATCAAGA,CLCN5,1093,233,320
CLCN5_CCTACTTCTCGGTCTAAGGG,CLCN5,650,262,141
CLCN5_GAGAGAGAAGTCTCGAGACC,CLCN5,143,15,22
CLCN5_CCTTGACAAGAGATACGGCA,CLCN5,1366,338,301
CLCN5_AGAGGGCCCTCTAGTGCACG,CLCN5,750,204,337
CLCN5_TAACAGGATACTTGCCCAAC,CLCN5,991,78,205
CLCN6_CATTGGAGTCTGCACTGGCC,CLCN6,719,206,438
CLCN6_GATCTCTTGCTCTTCACAGG,CLCN6,446,219,50
CLCN6_TAACCCAGTTTCCGCAGCGG,CLCN6,768,217,269
CLCN6_GCCTGCTCTCCTCCATCAGC,CLCN6,787,43,149
CLCN6_TCCTTCTCCACGAAGAGCCC,CLCN6,239,12,74
CLCN6_GGTTCGTCCTTCTGGAACCA,CLCN6,895,222,141
CLCN7_CACGAAGGCGGCGTTCAGCG,CLCN7,1071,375,1017
CLCN7_GGACGGTGGAGATCAAGCGC,CLCN7,1486,277,215
CLCN7_GGAGCGGCGGATCAATCACA,CLCN7,369,99,81
CLCN7_CCACCTCATACTTGAGGGAC,CLCN7,901,327,299
CLCN7_AGTCGGACATATGAGCAGCG,CLCN7,1928,987,658
CLCN7_AGAAGGTGTCCTGGTCCGGC,CLCN7,470,573,325
CLCNKA_ACCTCGGACCACACACCCGA,CLCNKA,613,186,109
CLCNKA_CACCCTGTTCCTGGGCAAAG,CLCNKA,1447,818,970
CLCNKA_GGTCTTGATGAAGCTGAGGA,CLCNKA,299,171,136
CLCNKA_CTCTCCCAAGAGGCGCCCGA,CLCNKA,929,137,145
CLCNKA_CAGCTCCCACCATGTGAGGG,CLCNKA,1648,242,283
CLCNKA_CATCGTGCAGAGGGCCCAGC,CLCNKA,675,47,225
CLCNKB_GAAGCAGAAGCTCTTCCGCC,CLCNKB,100,41,154
CLCNKB_TCTTCCGCCTGGGCGAGGAC,CLCNKB,326,95,35
CLCNKB_CCGAGAAGCTAGGAAGCGGC,CLCNKB,373,60,71
CLCNKB_CAGTTCCCACCGCGTGAGGG,CLCNKB,1324,211,310
CLCNKB_TCCTGGTGGGCATAGTGCGA,CLCNKB,1996,555,304
CLDN1_TCACACGTAGTCTTTCCCGC,CLDN1,1446,213,389
CLDN1_AAAGTAGGGCACCTCCCAGA,CLDN1,491,143,238
CLDN1_CATACACTTCATGCCAACGG,CLDN1,907,509,473
CLDN1_CCTGCGTGTCGCAGAGCACC,CLDN1,774,263,312
CLDN1_CGACAACATCGTGACCGCCC,CLDN1,1108,598,390
CLDN1_GAGCGAGTCATGGCCAACGC,CLDN1,921,208,349
CLDN10_CTCTGGTGTCTGGTGTCGGA,CLDN10,914,148,278
CLDN10_CACTTTCCACTCATTGGACG,CLDN10,1521,580,544
CLDN10_GGTCTGTGGATGAACTGCGC,CLDN10,1040,184,153
CLDN10_AGCCGGCGGCATGGCTAGCA,CLDN10,1861,922,960
CLDN10_CGTCCAGCGCCAGCATGGAG,CLDN10,1647,330,149
CLDN10_GCTCTGTTTATTGGATGGGC,CLDN10,503,63,39
CLDN11_CTGCCGCAAGCTGGATGAGC,CLDN11,527,436,308
CLDN11_GCAGGATGAGGATGTCCACC,CLDN11,546,116,88
CLDN11_AGCAATCATCAGGGCGCGGC,CLDN11,425,15,88
CLDN11_CGGTGTGGCTAAGTACAGGC,CLDN11,1600,618,645
CLDN11_TCACGATGGTGGTCTCACGG,CLDN11,687,388,413
CLDN11_GCTACTCCCTGTATGCAGGC,CLDN11,614,25,193
CLDN12_CGATTCCACACAGGAAGGAA,CLDN12,1779,542,480
CLDN12_TGAGGCGATTCCACACAGGA,CLDN12,757,544,341
CLDN12_CTACTGAGGCGATTCCACAC,CLDN12,1488,569,651
CLDN12_CAGGGACTCTGCTTCCCAAC,CLDN12,621,249,215
CLDN12_CCTCAGCATGCTGATCGCCA,CLDN12,623,274,365
CLDN14_CGATTGTCTTTGTAGGCAGC,CLDN14,1558,286,447
CLDN14_CCTGGCAGGACAGGCAAAGC,CLDN14,1797,535,992
CLDN14_CTCCTGGACCACCAACGACG,CLDN14,2298,367,793
CLDN14_GCCGCCGAGGATGGCAAAGG,CLDN14,2683,591,1472
CLDN14_GGCTATGCCCGAGAGCAGGC,CLDN14,171,66,61
CLDN14_GGGATCGGTAGATCTGGCAC,CLDN14,155,13,74
CLDN15_TTCTTGGTCCGAGGTGGCGA,CLDN15,1230,302,72
CLDN15_TCTTGGTCCGAGGTGGCGAC,CLDN15,421,146,292
CLDN15_CTCGTCAGAGCCGCAGCAGC,CLDN15,284,235,120
CLDN15_GGTACGCCTTCAACATCACC,CLDN15,1,23,0
CLDN15_CTATGCCTAGCAAGAGGCCG,CLDN15,909,198,308
CLDN15_GGCGAGTGTCCACTGTGCAC,CLDN15,223,181,96
CLDN16_AGCCCATCAGGATGGCAACA,CLDN16,2416,677,799
CLDN16_ATTTCACGCAGTCAAGACCA,CLDN16,567,281,291
CLDN16_TAATGTACGGCTCATCAGGG,CLDN16,153,101,186
CLDN16_CCCAGCCATTCCGAGCCAAC,CLDN16,3867,1377,1525
CLDN16_AGGAAAGCCTATTCAGCCGC,CLDN16,18,43,336
CLDN16_TTTGGCCGTCTCTGTGCGAG,CLDN16,1010,694,620
CLDN17_TCTCGTTAGAGCCTGTGCAC,CLDN17,768,103,156
CLDN17_AGTGCACAGGCTCTAACGAG,CLDN17,185,215,235
CLDN17_GAATTGCATCCGACAAGCCA,CLDN17,426,431,211
CLDN17_TGAATTGCATCCGACAAGCC,CLDN17,1207,966,821
CLDN17_ACCAGCCCAGCAATTTGCAA,CLDN17,1959,459,665
CLDN17_TCCCTTGCAAATTGCTGGGC,CLDN17,714,93,161
CLDN18_GCTCCACTGGTCCATGCAGG,CLDN18,103,84,29
CLDN18_GCTCCACATGTCCATCCCGG,CLDN18,552,83,273
CLDN18_ATGCATCCGCATTGGCAGCA,CLDN18,1097,517,269
CLDN18_TGGTGCAGACTGTTCAGACC,CLDN18,1324,302,513
CLDN18_ATGATGTGCATCGCCTGCCG,CLDN18,1177,300,150
CLDN18_CGATGGAGGTGCCCGCACAG,CLDN18,2793,462,512
CLDN19_AAATTGCCCGCCTCCGCCAA,CLDN19,344,114,157
CLDN19_TGTCTCGTGGTATGCCACCC,CLDN19,827,174,331
CLDN19_AGTTGGCATGAAGTGTACGC,CLDN19,972,187,101
CLDN19_GCCAACTACGCTGAGGACCA,CLDN19,1043,174,1
CLDN19_CTACGACTCGCTGCTCGCCC,CLDN19,667,327,166
CLDN19_CGACGCCATCATCACTGCCG,CLDN19,1825,630,448
CLDN2_TTCTACTGAGAGGTCTGCCA,CLDN2,842,114,58
CLDN2_CACAGAGATAATGCAGGCCA,CLDN2,1904,375,471
CLDN2_ATCCCGAGCCAAAGACAGAG,CLDN2,261,387,371
CLDN2_CAACAGGAATGAATCCCAGG,CLDN2,980,109,181
CLDN2_TCCAGCTATCAGGGAGAACA,CLDN2,1541,463,487
CLDN2_AAGCCCAACCTCTTGCCACA,CLDN2,1021,313,361
CLDN20_AGTAACATCATGGCCTCAGC,CLDN20,44,21,0
CLDN20_CAGCCATTGTACAGCTGCAC,CLDN20,776,273,310
CLDN20_GACTGTACGTGGTACAGCAC,CLDN20,294,79,25
CLDN20_CTCGACAGTGTGGTACACAA,CLDN20,1749,770,851
CLDN23_AGTGCGGCCAGACGGACCAG,CLDN23,772,25,105
CLDN23_ACACCGGGATGAGGCCGAGG,CLDN23,2119,103,134
CLDN23_AGTGGTTGTACCAGGACACC,CLDN23,795,213,73
CLDN23_CTCGGTGGACGTCCTCGACG,CLDN23,2391,324,387
CLDN23_CAGGGCAGCGAGCTGTCGCA,CLDN23,503,253,115
CLDN25_GGAGCAGACCCAGCCAAGGA,CLDN25,1005,478,627
CLDN25_GGAGGTCTGCGTGGATCGAG,CLDN25,196,218,129
CLDN25_GGATCAGATGGGTATTCAAG,CLDN25,230,88,127
CLDN25_TCAGATGGGTATTCAAGAGG,CLDN25,912,460,264
CLDN25_GCATGGGCCACCCAGGAGAC,CLDN25,1304,300,217
CLDN3_GGGCACAGGCTACGACCGCA,CLDN3,856,113,212
CLDN3_ACACCGGCACGAGGGTGAGC,CLDN3,612,43,24
CLDN3_CACCGGCACGAGGGTGAGCA,CLDN3,2407,698,406
CLDN3_CTTCGGGCTGCTAGTGGCGC,CLDN3,1792,546,235
CLDN4_ACAGGTAATGGGCATCGCGC,CLDN4,959,396,515
CLDN4_TGCTGATGATGACGAGGGCG,CLDN4,1110,1252,959
CLDN4_GACCATGATCGTGGCGGGCG,CLDN4,172,189,272
CLDN4_TTGTGGGCCGTCCAGGACAC,CLDN4,953,293,109
CLDN5_CCGTGAAGTACTCAGCGCCG,CLDN5,1125,165,533
CLDN5_AGCTCGTACTTCTGCGACAC,CLDN5,1853,335,487
CLDN5_CGTGTCGCAGAAGTACGAGC,CLDN5,1154,34,131
CLDN5_TTCTGCGACACGGGCACAGA,CLDN5,1349,462,283
CLDN5_CGTTGCGCTCTTCGTGACCC,CLDN5,648,333,357
CLDN7_TCCAAGGAGTATGTGTGACC,CLDN7,538,174,143
CLDN7_GCTACCAAGGCGGCAAGACC,CLDN7,452,28,191
CLDN7_GCCCATCGTGGCCACAAACA,CLDN7,1645,522,808
CLDN7_TCCCGCGGCCTTACCGGACA,CLDN7,2109,595,708
CLDN7_GACTGCGTCACGCAGAGCAC,CLDN7,171,91,60
CLDN8_GCTCACATTCTGCTGACGGC,CLDN8,522,75,122
CLDN8_TCCTTGGCATGAAATGCACC,CLDN8,298,86,51
CLDN8_CCGGACCTACAGGCAGCCAG,CLDN8,1029,493,334
CLDN8_GCCCAGCGATTTCTAAGGCA,CLDN8,2007,199,135
CLDN9_GCCCGTATCGTGCTCACCGC,CLDN9,905,241,32
CLDN9_CTGCACTGCTTATGCTGGGC,CLDN9,2360,322,345
CLDN9_CACTGCTTATGCTGGGCGGG,CLDN9,514,100,58
CLDN9_TCCAGATGCACCCGAGCGGG,CLDN9,493,28,73
CLDN9_CCAGTCCAGATGCACCCGAG,CLDN9,2482,310,362
CLDND1_TCTGGGCTGCTCACACCAAC,CLDND1,694,289,304
CLDND1_ATGGAGAATGCCCGTGGCAA,CLDND1,910,211,186
CLDND1_TTATATCCCACCATTGCCAC,CLDND1,297,143,117
CLDND1_TATAGCCCACCAGAAAGGAC,CLDND1,364,182,180
CLDND1_ATTGGTATAGCCCACCAGAA,CLDND1,812,267,458
CLDND1_CCAGGATGCTACGGAGACAG,CLDND1,1568,928,805
CLDND2_CACGGTGTAGCCTATCAAGG,CLDND2,5391,1747,977
CLDND2_GGTCTGCAGTCTCACCGCCG,CLDND2,1405,224,438
CLDND2_CAGTCTCACCGCCGAGGAAG,CLDND2,1723,615,361
CLDND2_CGTGGTTGCATTCCTGCCAC,CLDND2,126,84,36
CLDND2_CTGTGGCAGGAATGCAACCA,CLDND2,41,20,16
CLDND2_CCATGAGGACGTTGGCCACG,CLDND2,1557,888,478
CLEC10A_TACCACTGGGTCTGCGAGGC,CLEC10A,1117,313,453
CLEC10A_CCTCTCAGGAACTGGAAGCC,CLEC10A,731,378,306
CLEC10A_AGGGTGCACTCACTGGAAGC,CLEC10A,861,439,586
CLEC10A_ATCTAGGCTCCGCATACACC,CLEC10A,801,235,236
CLEC10A_GCTCCTGCGAGTCCAGCAGC,CLEC10A,142,197,261
CLEC10A_CATCCAAACCAGACTCACCC,CLEC10A,2572,553,688
CLEC11A_TTTCCCTCAACAGTTCCGGC,CLEC11A,182,84,81
CLEC11A_CGTGCAGACGGACGTGCAGC,CLEC11A,791,225,545
CLEC11A_CGCGTGGTCGAGCTGACCCA,CLEC11A,971,312,440
CLEC11A_CTGGGTCAGCTCGACCACGC,CLEC11A,1117,292,482
CLEC11A_CGGCGCTCGCTCCCTACAAC,CLEC11A,5245,1749,2309
CLEC11A_AGACGTAGTAGAGACGCCGC,CLEC11A,146,137,47
CLEC12A_CGCCATACATGAGAGGGAGC,CLEC12A,187,306,268
CLEC12A_GCTGGACGCCATACATGAGA,CLEC12A,274,46,59
CLEC12A_TTCCACTCGTGGTATGAGAG,CLEC12A,2123,429,328
CLEC12B_GGAGCAAGGAATAACCGAGA,CLEC12B,461,219,122
CLEC12B_CGCCAAATGGGAGATGGAGC,CLEC12B,572,303,326
CLEC12B_GCATGACGCCAAATGGGAGA,CLEC12B,638,328,226
CLEC12B_ACTGTCTATCTTCACTAGGG,CLEC12B,615,47,122
CLEC12B_CCAGAACCAACTTCTGCCAG,CLEC12B,1038,274,307
CLEC12B_GACCAGATCAATGGATCCAA,CLEC12B,64,70,36
CLEC14A_AATCAGGGTCGACGAGAAGC,CLEC14A,946,200,119
CLEC14A_ATGTGCTACGGGCTTCGAGC,CLEC14A,398,118,221
CLEC14A_GCACTCACCTCGGTCCCAGG,CLEC14A,52,148,106
CLEC14A_CGTGTCGCTTTCGAGACCGC,CLEC14A,198,25,91
CLEC14A_TGTCGCTTTCGAGACCGCCG,CLEC14A,1275,156,324
CLEC16A_TGTTTGGCCGCTCGCGGAGC,CLEC16A,250,207,96
CLEC16A_GATCTCAGTGATGGAACGGA,CLEC16A,32,69,43
CLEC16A_TTCTAACCATGCTTTCAGGG,CLEC16A,929,469,505
CLEC16A_AGTCATCGAGTTCGATCACA,CLEC16A,1450,739,551
CLEC16A_CGTGTACTCACTGGAGAACC,CLEC16A,1181,721,564
CLEC16A_GAAGATAAAGAGACACCGGC,CLEC16A,337,205,251
CLEC17A_CCACCAAGACCTCCAAGGGC,CLEC17A,1767,276,78
CLEC17A_GAAGGCTCAAGATTCACAGC,CLEC17A,615,143,32
CLEC17A_CAGACCTCTGATTGAGCCAG,CLEC17A,818,96,96
CLEC17A_TGGACTCTTCTTCATAGACC,CLEC17A,1517,321,282
CLEC17A_CCCAAAGTTCCACCAGGGAC,CLEC17A,2818,290,462
CLEC17A_GAATTACCTGTCCTGAAGGC,CLEC17A,343,61,128
CLEC19A_TTGAACTCCATCCAGAACAG,CLEC19A,2120,681,789
CLEC19A_CTTTGAACTCCATCCAGAAC,CLEC19A,2480,1035,1056
CLEC19A_GGGCAGGAAGTCCGCCAAGC,CLEC19A,1651,348,535
CLEC19A_CGGGAACACAGCTGTTCACG,CLEC19A,416,270,351
CLEC19A_ATCCCAGCTGACGTCTGGAC,CLEC19A,1026,22,38
CLEC19A_AGGCCTGTCCAGACGTCAGC,CLEC19A,381,242,405
CLEC1A_AGCGTTGTGTCTGTGAGAGA,CLEC1A,2156,701,850
CLEC1A_GGTTCCATCCATCCACAGCC,CLEC1A,626,83,92
CLEC1A_CTTGACCAGTATTGGAGAGC,CLEC1A,644,367,246
CLEC1A_GCACCAAGCACAAAGTCAGC,CLEC1A,73,455,537
CLEC1A_ACAGGGCTCCCTCTTCAACG,CLEC1A,2024,585,662
CLEC1A_CAACTCGGCATCCAGAGCCC,CLEC1A,387,79,172
CLEC1B_AGTCGAATGAGGTCTGGAAG,CLEC1B,1186,261,332
CLEC2A_TGCACTGGATTGGACTAAGC,CLEC2A,1756,650,633
CLEC2A_ATTAATCCAGAGCTGCGGGA,CLEC2A,450,224,68
CLEC2D_AGCCCAATCCAGTGATCAGA,CLEC2D,807,176,195
CLEC2D_ATTGGGCTGAGCAGAGAACA,CLEC2D,580,246,293
CLEC2D_AACAAGGCCAACCATGGAAA,CLEC2D,1017,255,366
CLEC2L_CGATCCGGGTCGGGCTACGA,CLEC2L,1584,326,622
CLEC2L_GCTACGAGGGCAGCACCAGC,CLEC2L,1164,311,364
CLEC2L_GGCGAACAGAAGGACCGCGA,CLEC2L,321,113,102
CLEC2L_CCACCAAGATGGCGAACAGA,CLEC2L,798,386,388
CLEC2L_GCAGTACTGCCACACCCACG,CLEC2L,448,299,574
CLEC2L_AGTGTCTGATGACCCGGCCC,CLEC2L,1,31,67
CLEC3A_CCAGGAGTAAGGTGATCACC,CLEC3A,287,209,142
CLEC3A_GCTTCAAACCTTCTGAAGCA,CLEC3A,559,480,486
CLEC3A_TTGGCTGGGCATCAATGACA,CLEC3A,1180,403,397
CLEC3A_ATCAATGACATGGTCACGGA,CLEC3A,696,69,97
CLEC3A_CCTGAGCTGATTGGGAGAAC,CLEC3A,4097,1187,1217
CLEC3B_TTGGTGGCTCGGTGGTGACC,CLEC3B,313,160,62
CLEC3B_AGCGAGGACTGCATCTCGCG,CLEC3B,1281,206,184
CLEC3B_CTCAACGACATGGCGGCCGA,CLEC3B,47,385,515
CLEC3B_CTTGTAGGCGATGCGGGCGC,CLEC3B,940,451,113
CLEC3B_CCGGCTACACGATCCCGAAC,CLEC3B,1920,428,465
CLEC4A_CTTGAGTGTTTATCACCAGC,CLEC4A,262,112,161
CLEC4A_TTGGGATCACTGGGCTCACG,CLEC4A,573,256,464
CLEC4C_CAAGATGGATACGACTGCCA,CLEC4C,949,212,138
CLEC4C_CCATGGACCAGACCTTCAAC,CLEC4C,1725,550,589
CLEC4D_TCACGCTGTAAGAGAGGCAC,CLEC4D,1097,120,91
CLEC4D_CTCTTACTGACAACAAGACG,CLEC4D,2155,789,686
CLEC4D_CCATCTGATGACCATCAGCA,CLEC4D,2172,695,1037
CLEC4E_GCCCAACAACATAGCTACCC,CLEC4E,1397,252,137
CLEC4E_TTGTCGAGGGTCAGTGGCAA,CLEC4E,1564,398,962
CLEC4E_TATCAACTCACAGGAGGAGC,CLEC4E,239,61,52
CLEC4F_TGGATCGGTCTCACTGACAG,CLEC4F,309,40,110
CLEC4F_GAGCAGTTCTGCGTGTCCCA,CLEC4F,446,195,379
CLEC4F_CTAAGCCTCTGCTTAGCACG,CLEC4F,487,380,230
CLEC4F_GCTTGCACAGGCTTCGGAAC,CLEC4F,1252,414,416
CLEC4F_GGTCACAGCCATAAATGCCG,CLEC4F,486,207,161
CLEC4F_ACTGGTTATCTGTGCAGAAG,CLEC4F,556,465,234
CLEC4G_CCGTCCTTCTCGCTGTCACA,CLEC4G,245,277,306
CLEC4G_CGCACCGTGTGACAGCGAGA,CLEC4G,919,90,200
CLEC4G_GAGAGACTCCGTCCACCCAC,CLEC4G,117,7,98
CLEC4G_AACGATCACCAGGTGCGCGC,CLEC4G,459,390,525
CLEC4G_GCCAAAGACGACGTGGGCGG,CLEC4G,337,45,103
CLEC4G_CTCGAAGGACAGCCACGACG,CLEC4G,769,1040,559
CLEC4M_GAAGAAGATCCAACAACCAG,CLEC4M,419,44,110
CLEC4M_CCTGTGCCGCCACTGTCCCA,CLEC4M,1286,233,152
CLEC4M_GCCGCCACTGTCCCAAGGAC,CLEC4M,735,260,142
CLEC4M_AGAATCTACCTGGGTGACAG,CLEC4M,1494,296,150
CLEC4M_TTCCAGCGGTACTGGAACAG,CLEC4M,351,86,61
CLEC4M_CTCCACTGTTCCAGTACCGC,CLEC4M,2058,492,382
CLEC5A_CATGTGACATCAGCTACCGC,CLEC5A,1695,437,341
CLEC5A_CCAACGGCTTCATTACCACA,CLEC5A,1477,773,956
CLEC5A_ACGATGGTTTCACCACCACC,CLEC5A,886,269,121
CLEC5A_GCAGCTCCTTCATCATGAAC,CLEC5A,1107,494,983
CLEC7A_GGAAGCAACACATTGGAGAA,CLEC7A,1506,235,407
CLEC7A_ATTACAGCAATGAGGCGCCA,CLEC7A,386,142,204
CLEC7A_ACAGCAATGAGGCGCCAAGG,CLEC7A,1242,531,359
CLEC9A_AAGCACCTTAGACATGCACG,CLEC9A,1501,466,198
CLEC9A_TTCTTGCTGCTGCATCGCAA,CLEC9A,1381,584,315
CLEC9A_GCTCTCTATTTGTAGCAGCG,CLEC9A,582,97,287
CLEC9A_CACTCAGAGACTTACAGGCC,CLEC9A,1978,726,990
CLEC9A_GCTGCAGTTAGACGAAAGAA,CLEC9A,555,238,261
CLEC9A_TGCTGCAGTTAGACGAAAGA,CLEC9A,1655,630,515
CLECL1_AATCATGTCCTGCCAAAGAC,CLECL1,1252,164,284
CLECL1_AGCTTACCAGATCTCTGAAG,CLECL1,649,263,248
CLGN_AGGAGTATGGAGACCTCCAC,CLGN,414,86,97
CLGN_AATACCAGTCCTCTGTCACC,CLGN,403,56,61
CLHC1_TAATGGAAGATGATCCACGC,CLHC1,382,232,235
CLIC1_CGCCTATGAGCAAGTGGCAA,CLIC1,1397,242,540
CLIC1_ACTTGAGCAATGCCTACGCC,CLIC1,494,319,51
CLIC1_CTGCACTGTCTCGGTCCGCC,CLIC1,296,147,139
CLIC1_TTACCACCGTTGACACCAAA,CLIC1,1246,709,341
CLIC2_TGCTGTACCTTGGAGGAGCC,CLIC2,434,93,118
CLIC2_TCCGTTCCTGGTGTATAACA,CLIC2,1188,339,499
CLIC2_TGACAACTGTTGACATGACC,CLIC2,802,468,374
CLIC3_GCCTGTCGCCGTCCAGGAAG,CLIC3,999,105,221
CLIC3_GCTTCACCTTCGTCCTGCGC,CLIC3,531,172,226
CLIC3_ACTCCCTGTAACGAGGCGCC,CLIC3,8,112,40
CLIC3_TGGCGTCGCTGTCATAGAGC,CLIC3,1134,444,407
CLIC3_CATGAAGAGCCGCTGGCAGG,CLIC3,410,185,42
CLIC3_CCTGCACCTTGACAAACAGC,CLIC3,1827,660,462
CLIC5_TCTTGAAAGAGGCCTAACCA,CLIC5,1043,179,196
CLIC5_CACCGGGAATCCAACACAGC,CLIC5,1207,253,411
CLIC5_TCACCACTGTGGATCTGAAA,CLIC5,1121,572,467
CLIC5_TTTCTCCATCGATTCCAGCC,CLIC5,252,366,227
CLIC5_AGACTCGGCGACAGCTAACG,CLIC5,1706,708,465
CLIC6_GGCCCAGCTCAGCAACCACC,CLIC6,759,187,96
CLIC6_CTCCTTCTCCACTTGTAGGC,CLIC6,1056,145,76
CLIC6_TGACCACAGTGGACCTGAAA,CLIC6,1638,585,316
CLIC6_GAGGGTTTGTTCCGGGAGCC,CLIC6,159,302,198
CLIC6_CATCCCGAATCTAATTCCGC,CLIC6,1392,332,383
CLINT1_TCAGGCAGTTTCCCTTCCCA,CLINT1,548,153,93
CLINT1_GATGGCACCAGCCAGTCAAC,CLINT1,109,63,31
CLINT1_GAGCAGCAGCACATTACACA,CLINT1,1513,266,357
CLINT1_AATTTGCCCAGGATGACGAC,CLINT1,589,67,180
CLINT1_GATCGAGTCTAAGGTTCGAG,CLINT1,509,0,12
CLINT1_CATGTGGAAGGTGCGCGAGC,CLINT1,1148,155,359
CLIP1_AGACCAGCATCTCGTAGAAA,CLIP1,2801,1190,1075
CLIP1_CTAACAGACGCAGACCAAAC,CLIP1,3214,738,1180
CLIP1_AAACCTCCTCCCGTTACGCC,CLIP1,550,181,128
CLIP1_CCTTACTAGTCCTGTCCGAC,CLIP1,517,401,325
CLIP1_CTGGCCGTAGAAGTGCACAG,CLIP1,2259,929,1279
CLIP1_CCCACCAAGATCCTGAAGCC,CLIP1,890,564,358
CLIP2_CCCAGTAGATGTCCGGCCCA,CLIP2,809,174,184
CLIP2_TGAGGACGCTCTCCCGCAGG,CLIP2,382,3,31
CLIP2_TGGCGGGACGAAGACTGGCG,CLIP2,1327,685,693
CLIP2_GACCAAACTTGGGTGGGCAC,CLIP2,234,1,109
CLIP2_GGCTGAACGAGACCTGGAAC,CLIP2,1144,248,254
CLIP2_CACGCTCTCCACGAGCAGCC,CLIP2,714,731,550
CLIP3_GGATCTGGGACCACCTCCGC,CLIP3,766,70,79
CLIP3_CGATGTGCAGGGCTGAGCCG,CLIP3,3614,260,351
CLIP3_CCTTCAGCAGCACACGCACG,CLIP3,2077,668,727
CLIP3_CTCCACTATGCGTGCAAAGC,CLIP3,2525,1165,1173
CLIP3_AACAGGATCTCCTGGCACGC,CLIP3,1040,140,519
CLIP3_ACCGTAGTCCTTAGGGAGGG,CLIP3,371,140,34
CLIP4_GGTCTGGAACAACATCAGCA,CLIP4,1124,273,192
CLIP4_GCTGCTGACAGATCCAAGCA,CLIP4,1202,817,595
CLIP4_GCAAATAATAGCCGTTGCGA,CLIP4,1255,225,72
CLIP4_CAAATAATAGCCGTTGCGAG,CLIP4,962,1550,913
CLIP4_ATTCTCTCACCTTTGCACCC,CLIP4,704,27,42
CLIP4_CTTGAGCTCCGAAGCGCCAA,CLIP4,599,132,298
CLK1_TTCACCACGATCGATTAGAC,CLK1,974,665,414
CLK1_TGTGCAGTCTGACTACACAG,CLK1,958,567,512
CLK1_GCTGTGTCCAGATGTTGGAA,CLK1,1577,440,254
CLK1_ACTTCACATCGTCGTTCACA,CLK1,843,183,140
CLK1_GAGATCACATAGCAGTGCCC,CLK1,34,204,90
CLK1_CTTCGGCCCTGTGGCCGGAA,CLK1,90,132,89
CLK2_CCCATCACTTACCTGGAAGA,CLK2,2297,473,471
CLK2_ATTCTCACCCAGAGTTGGGC,CLK2,146,18,58
CLK2_CCCACTCACACTTGACAGCC,CLK2,1438,392,563
CLK2_CAGACGCAACGATTATAGCC,CLK2,786,461,303
CLK2_TGATCGTTCGTCCGACCGGA,CLK2,269,85,81
CLK2_CTCACCTTCGAGAACGGACA,CLK2,547,379,478
CLK3_CCTAGGAGACTAGTTCCGGG,CLK3,226,212,235
CLK3_TGAGCTACCGATGGAAGAGG,CLK3,1301,305,345
CLK3_CTGGCTACCACTCACCGAGG,CLK3,1943,288,770
CLK3_AATCGCCGATCCGGCACACC,CLK3,596,607,540
CLK3_GGGTGAAGGCACCTTTGGCA,CLK3,1001,198,215
CLK3_CCTGAAGATCATCCGCAACG,CLK3,3880,1356,1307
CLK4_CCGGCACTACAGAGCTCCCG,CLK4,1352,520,389
CLK4_ATGAGCGAGATTATCGGGAC,CLK4,333,141,97
CLK4_GCTATCGTGGAAGTCACAAG,CLK4,561,111,204
CLK4_ATTGGGATAGCAGAGAAAGC,CLK4,490,130,106
CLLU1_CTAGCAGAATTGTCTGCGGC,CLLU1,1230,39,86
CLLU1_GCCAGGTATACATTATGGAC,CLLU1,406,78,231
CLLU1OS_GCATATGTGAGAGCGGGCAA,CLLU1OS,1976,258,458
CLLU1OS_CGCTCTCACATATGCAGAGA,CLLU1OS,2020,512,657
CLMN_CTGAAGTAAAGCCACCAACC,CLMN,2796,840,1213
CLMN_GGAGGCTTATGTAGAAGACC,CLMN,203,69,38
CLMN_GAAGGCTTTCAGCATCGCAC,CLMN,23,48,43
CLMN_CAATATCGGTGAAAGACCAG,CLMN,1480,175,142
CLMN_TCAGCCCAAGAACCAAAGAA,CLMN,903,472,412
CLMN_CCACTTTATTGCCAGAGCCC,CLMN,2375,162,434
CLMP_ATAGTGCCTCACGCAGCCAG,CLMP,238,86,472
CLMP_TGGTGTGGCTGCTAATCCGA,CLMP,438,136,204
CLMP_CTTCGTTGCCTGCTGTGCAC,CLMP,753,140,135
CLMP_CAGCGAATCCGAGAGAAAGA,CLMP,1187,404,200
CLMP_CAGAGGTTCAATCTGCAAGG,CLMP,1794,240,571
CLMP_TTTGCCCTGCCACCATCAAC,CLMP,602,109,363
CLN3_GATACCCAGCATGGACAGCA,CLN3,502,369,138
CLN3_ATGCTAGCGAAGACCACACC,CLN3,865,352,325
CLN3_TCCCACTGACGAGAACCCGG,CLN3,914,1,113
CLN3_TTCTCCCATTAGGTGGACCC,CLN3,538,162,193
CLN3_ACGACATCCTTAGCCACAAG,CLN3,1647,688,1212
CLN3_GGGCGCGCATTGGAAGAACG,CLN3,1446,463,294
CLN5_AAGCTCTGGAGCTGACGCGC,CLN5,744,77,166
CLN5_GCAGGAGGTAGACACGGCAC,CLN5,319,348,223
CLN5_TCCTTACCAAGTGTCCCAGG,CLN5,384,50,69
CLN5_CATCCATTTCAGGTCGGAGA,CLN5,829,171,180
CLN5_CGCCTTGATTACACCAGAAA,CLN5,1896,1054,793
CLN5_GCGCCTTGATTACACCAGAA,CLN5,1355,365,331
CLN6_TGAAGGGTGTAGAAAGCCCA,CLN6,624,57,51
CLN6_AGCCGCTGAAGTACATGAAG,CLN6,1648,170,527
CLN6_CTCACGTACGTGATGGAGCG,CLN6,155,199,306
CLN6_TGAGTGGAAACCACTCGAGA,CLN6,975,442,210
CLN6_AACCAGAGGTCGAGGTGGAA,CLN6,879,539,488
CLN6_AATGGCAGCCGTTGCCGGGA,CLN6,179,125,138
CLN8_AAAGCCAGCGACCATCAGCG,CLN8,1698,760,507
CLN8_AACACCAAAGACTGCACGCG,CLN8,1210,726,313
CLN8_TGCTTGGTCAATCTCCAAGC,CLN8,721,518,703
CLN8_TTTCTGGCACTGGGACGGCC,CLN8,549,604,167
CLN8_GACACTGTTCCTTGTCGGAC,CLN8,562,57,101
CLN8_AGCTTCTCAATCCGGTGGAC,CLN8,1217,405,472
CLNK_TGGCATCTCTGAGGAGAACA,CLNK,1354,479,637
CLNK_CAGAAGTCCAGAGAATGCCC,CLNK,313,56,102
CLNK_GCTTCTGACGTCCTTGGAAA,CLNK,949,606,599
CLNK_GGTCCTGGTGTCTAACGGAA,CLNK,369,102,78
CLNK_AGCTTCGGATGGAAGAGACA,CLNK,1176,179,135
CLNK_TGAACAAGCCTCTTCTAGAC,CLNK,817,162,185
CLNS1A_GAGGATTCAGATGACTACGA,CLNS1A,449,0,0
CLOCK_TACTATGCTTATGGGCCAGG,CLOCK,368,105,44
CLOCK_AACACCAACCAAGATCCCGA,CLOCK,619,0,48
CLOCK_AGCAAGGGTACTCACAGGAA,CLOCK,1016,155,182
CLOCK_GCGAGGAACAATAGACCCAA,CLOCK,451,101,187
CLOCK_CTAGTGAAATTCGACAGGAC,CLOCK,2560,789,737
CLOCK_TCTAGCATTACCAGGAAGCA,CLOCK,1290,730,586
CLP1_AACAGAACTTCGCTTTGAGG,CLP1,438,0,29
CLP1_CTTTGATGCTGGTGCCAAGG,CLP1,744,94,40
CLP1_CCGTCCCACTTATGTGGAGC,CLP1,297,394,386
CLP1_AAAGGTGTGAGGTGAACCGA,CLP1,773,33,14
CLP1_AAGGTGTGAGGTGAACCGAA,CLP1,372,3,16
CLP1_TCCTCTTGAGACATGCCCAA,CLP1,409,11,31
CLPB_CAGTTCCATTACCGCCAGCG,CLPB,1251,377,453
CLPB_CAGTGTTTACAAGACTGCCA,CLPB,470,151,162
CLPB_CAGCCATCAACCGAAACAAC,CLPB,2812,754,699
CLPB_ATGATGCTCAGTCAAGAAGC,CLPB,662,235,195
CLPB_GGCACGGGCAGCTTCCAACA,CLPB,1300,237,434
CLPB_AGCAAGAGTCCGTCCAACAA,CLPB,1343,647,482
CLPP_GGCCCGGAATATTGGTAGGG,CLPP,1182,152,555
CLPP_TACCGTCTGCTCCACCACGA,CLPP,2661,771,424
CLPP_CATCGTGTGCGTCATGGGCC,CLPP,139,154,216
CLPP_GAGCTGTGCGATAACAAGGC,CLPP,391,142,131
CLPP_TCCTCAACCCGATCTGCACC,CLPP,901,263,169
CLPP_TGAGCCCACGCTGGTGCAGA,CLPP,1058,214,291
CLPS_TTTGGCATCTGCCATGACGC,CLPS,319,178,188
CLPS_TACAAGTGTCCCTGTGAGCG,CLPS,2644,421,313
CLPS_CAGCGAGTGCTCTGTCAAGG,CLPS,1011,453,501
CLPS_GGCAGCAATTGCTCTTACAC,CLPS,398,125,336
CLPSL1_GGAGTCTTGCATCCGGAACC,CLPSL1,411,233,204
CLPSL1_CGGAACCAGGACTGCGAGAC,CLPSL1,1316,839,723
CLPSL1_CGAGTCGCACTGCGCGGAGA,CLPSL1,573,502,600
CLPSL1_GAGTCGCACTGCGCGGAGAA,CLPSL1,695,776,745
CLPSL1_ACAAGTCAGGTTCCGCAGGC,CLPSL1,212,246,112
CLPSL1_ATATACAAGTCAGGTTCCGC,CLPSL1,305,214,50
CLPSL2_TGCGGAAGCGCGCTCCAGAG,CLPSL2,2075,925,1126
CLPSL2_TTGCGGAAGCGCGCTCCAGA,CLPSL2,342,229,301
CLPSL2_CACCACTCTGAGTGCTACAG,CLPSL2,1308,712,504
CLPSL2_GATCATGGTTATTCTGGCCC,CLPSL2,10,46,43
CLPSL2_TACCCACTCCCTGCAGACCA,CLPSL2,99,190,662
CLPSL2_ACGTCAAGCCCATCCGGCAA,CLPSL2,1094,384,366
CLPTM1_AGCGGACAGGATGTCCCGAA,CLPTM1,502,105,27
CLPTM1_TCAGAACCCACCGGCCCAGC,CLPTM1,740,237,367
CLPTM1_TCAGCAGTTGGTTCCGCCGA,CLPTM1,299,432,192
CLPTM1_ACTAGCGGCGAGAACTCAGA,CLPTM1,43,62,22
CLPTM1_GGCAGAAGGCCCTGTACCGC,CLPTM1,103,14,17
CLPTM1_CAATGGGAGATCACCTCCAC,CLPTM1,706,164,203
CLPTM1L_CGACAAAGAAGGTCAGCGCC,CLPTM1L,826,403,409
CLPTM1L_CCTCACCGTGTCCTACGACA,CLPTM1L,903,359,168
CLPTM1L_TGCTGAGCTGGTCGATGAAC,CLPTM1L,1765,389,532
CLPTM1L_ATGTACCGATGCACATCGGC,CLPTM1L,2,67,41
CLPTM1L_TGAGCGTGTACACCACGACG,CLPTM1L,1131,653,386
CLPTM1L_CAGTTGGCGTCGCCGGAGCA,CLPTM1L,178,697,1022
CLPX_GCAGACCTTGCTAATCGAAG,CLPX,1132,515,238
CLPX_TTACGGGATGTAGGTGGAGA,CLPX,576,279,351
CLPX_AGGAGCATCAATGCAGCAAC,CLPX,825,163,288
CLPX_TGGCCAGTCATTTGCTAAGA,CLPX,1404,739,821
CLPX_CACATTTAGGACAGCGCAGC,CLPX,821,187,243
CLPX_CGGTGCTTGTACTTGCGGCG,CLPX,1079,155,160
CLRN1_TATCATGACAAGACAGCCAC,CLRN1,157,70,178
CLRN1_GCCTGGTAGCTGGCAGCCAA,CLRN1,727,223,426
CLRN1_GGACCATGCAGAGTTTCAAA,CLRN1,1044,246,408
CLRN1_ACAGTGGCTTTGATCCACAA,CLRN1,794,295,263
CLRN1_CAAGGCTGTCACAACTCCGA,CLRN1,962,201,148
CLRN2_AACGATGATCAGGATGAAGG,CLRN2,235,194,399
CLRN2_TTTACTACGGGCTCTTCCGA,CLRN2,100,0,50
CLRN2_CTGCGTTGAGCTCCTTCACC,CLRN2,847,113,224
CLRN2_TGACTGCCCGGTACGGGACC,CLRN2,95,206,76
CLRN2_TGCAGCATGGGCCGAAGCGC,CLRN2,2998,424,382
CLRN2_TTGGTCTTAATCTCAGGGAG,CLRN2,991,155,226
CLRN3_ATGGAATATGCTCCAAGGGA,CLRN3,473,14,44
CLRN3_ACGTGATCAAACTCAGGACC,CLRN3,1275,44,111
CLRN3_TCAAACTCAGGACCAGGAAC,CLRN3,1142,417,246
CLRN3_CTATTCTTGGGACACAAGCA,CLRN3,1423,487,703
CLRN3_TACAATGAAGGACCCAAGGC,CLRN3,1878,234,254
CLSPN_ACAGATGAGTCTGAGGAAGA,CLSPN,911,137,121
CLSPN_AGACATGGGCACTGATGGAA,CLSPN,1989,202,165
CLSPN_CCTCACTGTGATTGTTCCCG,CLSPN,1533,27,93
CLSPN_TTTCCGTGGCAAGTGGGCCG,CLSPN,455,142,185
CLSPN_TACCTATGACAGTGCCGAGG,CLSPN,1024,30,80
CLSPN_TAGTCCTTCAGATAGTGGAC,CLSPN,454,53,38
CLSTN1_TCACCTGATTCAACTTCCAG,CLSTN1,1188,310,271
CLSTN1_TGAGACATGGGCCATTCGGC,CLSTN1,804,89,150
CLSTN1_TGGAAAGACGGCCAACGCGC,CLSTN1,904,167,239
CLSTN1_GGAGAAGTCCTACAAAGCCA,CLSTN1,1223,50,13
CLSTN1_CCACTACCACTGCATCAAAG,CLSTN1,2899,624,453
CLSTN1_TGGCTGGAGCCCACCTACCA,CLSTN1,1726,375,366
CLSTN2_CGCCTCCTCGCGGCTAAAGG,CLSTN2,1683,236,408
CLSTN2_GGACCCACCACTGGTAGCCC,CLSTN2,319,52,244
CLSTN2_TGCGTTCAAGATCCATGGCC,CLSTN2,1386,177,220
CLSTN2_CTTCACCTGTATATGGACCA,CLSTN2,1650,644,585
CLSTN2_CACAGTCGTAGGCGGTCACC,CLSTN2,322,0,42
CLSTN2_ATCCACCTGGAGACGTGCGA,CLSTN2,955,114,360
CLSTN3_GCGTCCTGCTCCTGTAACAA,CLSTN3,1799,643,466
CLSTN3_ACCACTCTTTGCCTTGGACA,CLSTN3,1138,319,330
CLSTN3_TTCTGGGCCTCGCAGTCCAC,CLSTN3,653,90,48
CLSTN3_CGTCAATGGCTTCCACCCGC,CLSTN3,1579,442,363
CLSTN3_TTGCCAGCTGGGTTTACAGG,CLSTN3,1184,377,124
CLSTN3_TTTGTTCCCTGGTATCCGCC,CLSTN3,0,89,34
CLTA_TGCCGTTCAGTTGCCCGCCA,CLTA,2797,490,511
CLTA_GAACGGATCCAGCTCAGCCA,CLTA,862,114,165
CLTA_ACAGAAGGGATTCCTTACCA,CLTA,1083,274,223
CLTA_TAACCAATCACGTCAGCGAA,CLTA,771,414,1028
CLTA_ATAACCAATCACGTCAGCGA,CLTA,706,269,288
CLTA_AACTGTTCTAGGCTGTAGCA,CLTA,993,433,481
CLTB_GGGACATGAGCACCGAGCGC,CLTB,599,152,231
CLTB_CTAAGGTCACGGAACAGGAA,CLTB,906,430,288
CLTB_GAGCATCCGCAAGTGGCGAG,CLTB,97,0,34
CLTB_CCCATGTCCTCAGAACCAGC,CLTB,904,179,172
CLTB_TTCTTCTCGTCGTCGGAGAG,CLTB,1000,454,376
CLTC_AATTGGCAGAATCTGGGCCA,CLTC,291,0,0
CLTC_ATCCACTGCCTTCTTTGGAA,CLTC,465,60,188
CLTC_CAGTCTCAAGATCATAGAGG,CLTC,1258,0,2
CLTC_GGTGGCTGCTAATGCACCAA,CLTC,210,215,87
CLTC_TGTAGGCCTGTACTTCAGCA,CLTC,2021,2,0
CLTC_CTGAAGGTCCTTTACAGACG,CLTC,2055,71,146
CLTCL1_CTTCGGAATCCTGCTCGACC,CLTCL1,1288,69,283
CLTCL1_AGTTGCAGCGTCTGCACCAA,CLTCL1,1038,161,248
CLTCL1_TTTGCTGTACGTAATCCCAC,CLTCL1,445,169,194
CLTCL1_CAGTCCGGTAGTGAATCACC,CLTCL1,437,174,128
CLTCL1_CATTGACATGAGTGACCCAA,CLTCL1,241,38,128
CLTCL1_AAGTGCTCCTGAAAGCGAAC,CLTCL1,773,216,255
CLU_CTGCAGCGCTTTCTCCGCCA,CLU,474,114,223
CLU_TGGTCAACCTCTCAGCGACC,CLU,976,102,235
CLU_CACACTGGTCCTTCATCCGC,CLU,1926,315,408
CLU_AGAAGAAGTGAGGCCTCCGG,CLU,86,0,46
CLU_TAGACGAGCTCTTCCAGGAC,CLU,842,275,230
CLU_GGATGCCCTAAATGAGACCA,CLU,218,305,120
CLUAP1_CACAGAGATGATGAGAGCCC,CLUAP1,858,31,124
CLUAP1_TGTTCAGTATCCACGTCAGG,CLUAP1,519,177,17
CLUAP1_TTGCAGATTTGAAGGCAGCC,CLUAP1,709,288,295
CLUAP1_TATTTCCAGAGGTCTGGCAA,CLUAP1,284,129,34
CLUAP1_CAGAGGCCACATTATTGAGC,CLUAP1,1290,127,58
CLUAP1_GCTTGAAGACCATCATAGGA,CLUAP1,1400,167,87
CLUH_AAGTACTCACCATGAGCGGA,CLUH,275,84,19
CLUH_GACAGCGGGAAGCGGAAGAA,CLUH,768,53,138
CLUH_GGTCTCGGACATGGCGCACG,CLUH,770,41,240
CLUH_CGCTGCGCAGCTCCGAGAAG,CLUH,1558,715,492
CLUH_GGTGGTCTCATCTCCCGGGC,CLUH,0,0,30
CLUH_CGCCACCATGGTTATCAAGA,CLUH,1905,617,663
CLUL1_CCTGTAGCTCCTGACCACGG,CLUL1,2765,536,794
CLUL1_TCTGCACACAGAATTAGACG,CLUL1,671,258,432
CLUL1_ATTTGGCTGGGTGTCTGAAC,CLUL1,1073,286,315
CLUL1_GGTGTCTGAACTGGCAAACC,CLUL1,897,328,137
CLVS1_CCAGTACCGCCAGCTAAACC,CLVS1,3518,1638,1233
CLVS1_AGATGATCCCGGCATTAAGA,CLVS1,880,359,204
CLVS1_ATGACAGCAGGATGGCACGA,CLVS1,566,667,302
CLVS1_GACTTCCAATGACAGCAGGA,CLVS1,972,47,173
CLVS1_TAGAGGGCATGAATGTACCA,CLVS1,442,404,397
CLVS1_GCTCACCCAAGCTGATGAAA,CLVS1,1016,506,497
CLVS2_GCTGCACCAGGACATCCAGG,CLVS2,486,64,125
CLVS2_AGCTTTAAGGCCACCGACCC,CLVS2,920,483,542
CLVS2_CATAGTGGTCCAGATTGGCC,CLVS2,371,595,376
CLVS2_TGTCGCCGATAGGTACACAC,CLVS2,497,370,185
CLVS2_TACAGGGCATGGATATACCA,CLVS2,1418,131,110
CLVS2_GGATCACGGTGTACAGGGCA,CLVS2,552,130,142
CLYBL_TGGCGCTACGTCTGCTGCGG,CLYBL,326,392,70
CLYBL_GCACAATCTACATTCAGGGA,CLYBL,1559,286,490
CLYBL_AGCATTAGCTACTCACCCAC,CLYBL,306,239,162
CLYBL_CCCTGGATATTCTCTACGCC,CLYBL,723,168,294
CLYBL_TCACCCTAACCAAATTGCCG,CLYBL,1313,443,75
CLYBL_CGACATGCCATTACTGAAGC,CLYBL,4441,1182,1516
CMA1_GAATCTCCCATTACCGGCCC,CMA1,44,25,108
CMA1_TGTGGTCAAAGTCTCTGAAG,CMA1,1616,211,157
CMA1_AGAACAGGTGTGTTGAAGCC,CMA1,567,253,348
CMA1_ACCTGGGAGAATGTGCCGGG,CMA1,446,289,215
CMA1_TGGAGCCCATAACATAACAG,CMA1,1805,645,762
CMAS_CACCTCCGTCTCCAACCCGC,CMAS,568,277,223
CMAS_TGGCAGCCCTAATTCTGGCC,CMAS,1631,418,250
CMAS_CCTCGTCGACAAGACTGGGA,CMAS,206,46,8
CMAS_CCATCCCAGTCTTGTCGACG,CMAS,2855,870,1277
CMAS_GGTGAGGCTAATCTCAGAAA,CMAS,357,106,299
CMAS_TGCCTGTTCTACTGCCCAGA,CMAS,343,102,85
CMBL_CCTACATTGACGAGGCCAGA,CMBL,835,161,151
CMBL_AGACAAGCCCTACATTGACG,CMBL,1943,399,672
CMBL_AGATAGACCAGTCGCCAGAG,CMBL,527,556,551
CMBL_GCTGACATGATCTCAGGAAA,CMBL,999,239,268
CMBL_AGCTTTGCCTGCATCAACGG,CMBL,875,188,248
CMBL_AGTCTGTGGCCAATGTCACA,CMBL,177,186,364
CMC1_TTCTTCTCGGCCCGCCGAGA,CMC1,581,138,89
CMC1_ATGCGGGCTGGATGCCGACC,CMC1,1049,250,181
CMIP_AACGCTGGCCGACAACAGCC,CMIP,782,157,52
CMIP_AGTGGTTCCATTCTCTGCAA,CMIP,114,32,43
CMIP_GCTGACAGTTGCCAGAGCGA,CMIP,328,105,24
CMIP_CTTTCAAGACAACTTCCCAG,CMIP,1059,137,122
CMIP_CTTGAGGATTCGCTGCACCA,CMIP,2639,483,481
CMIP_TGCCTTGAACGAGCTCAACG,CMIP,849,199,333
CMKLR1_CAAACTGCAGCGCAACCGCC,CMKLR1,973,87,62
CMKLR1_TTGGGAGTGAGTGGGCCACG,CMKLR1,186,247,172
CMKLR1_CCATGCAGGCCATGTAAGCC,CMKLR1,2258,939,563
CMKLR1_GAACCACCGCAGCGTTCGCC,CMKLR1,661,402,192
CMKLR1_CCATATCACCTATGCCGCCA,CMKLR1,1176,441,926
CMKLR1_CATGGTCTGGTTCCTCAACC,CMKLR1,892,475,235
CMPK2_GGTATAAGGTTCCTCCCAGC,CMPK2,2,76,5
CMPK2_AGAAATGTCCTACCAGCGGA,CMPK2,43,166,245
CMPK2_TCTCAGGTACTGGCACAGCA,CMPK2,1713,483,492
CMPK2_CCTCCACTGGCCAATGCAAG,CMPK2,1009,539,436
CMPK2_GGTTGTTGCCATCGAAGGAC,CMPK2,811,470,265
CMPK2_TCTGGGAGGTGCAAGACGGC,CMPK2,110,29,62
CMSS1_CAGACGATCTCGGAGACGAG,CMSS1,971,58,131
CMSS1_GAGAACCAGCCGACTGGAGC,CMSS1,706,99,95
CMSS1_TTCTCTGAAGGTACAGGAAC,CMSS1,989,339,332
CMSS1_CTTGGAACAGGTCCAGGCGC,CMSS1,182,147,569
CMSS1_GAGAATGATGGACATTCCCG,CMSS1,70,1,104
CMTM1_CGTAGTGAGTTCTGTACCCA,CMTM1,3014,720,598
CMTM1_GATGGCGATCAAAGAGCGCG,CMTM1,73,41,87
CMTM1_CAGGATCTTCAACATTCCAG,CMTM1,224,196,276
CMTM1_GGCATTTACTCTATGTCGGG,CMTM1,388,47,38
CMTM1_ACAGTCCCTGTGTCTCACAG,CMTM1,522,289,339
CMTM2_GGTGCAGCCCAAGCACGAAG,CMTM2,283,124,78
CMTM2_CTTGAGGCTTATCATCACCA,CMTM2,1132,482,485
CMTM2_TACTTACAGAAATGGGCCAC,CMTM2,282,40,87
CMTM2_AAGCAATCAGGTCGTTGAAG,CMTM2,1302,167,199
CMTM2_TGCGTTCCTTGTGGGAGCCG,CMTM2,1112,141,138
CMTM2_AAACCACTTCAGAGGCAAGA,CMTM2,598,372,279
CMTM3_CACTCACCGACTCGGCCAGC,CMTM3,153,1,283
CMTM3_GCTGCATGGCATCAGCAAAG,CMTM3,796,362,280
CMTM3_CAGCTGAATGACAAGTGGCA,CMTM3,108,38,364
CMTM3_GCCATCGCCAAGTACTCGGA,CMTM3,666,0,2
CMTM3_GGTGGATGGGATGCATCACA,CMTM3,184,17,5
CMTM3_CTACCTGATCTTTAACGACG,CMTM3,1070,320,427
CMTM4_GCCAGTGATTCAAACTCAGC,CMTM4,729,103,150
CMTM4_TGACTACATCCGAGCCCGCA,CMTM4,593,445,393
CMTM4_GCTGCTTTAAACCATAGAGC,CMTM4,514,104,68
CMTM4_AAAGTAGAGGCCTTCACACG,CMTM4,1623,1758,859
CMTM4_CCACTTGGGCGACCTTGAGG,CMTM4,1690,92,157
CMTM4_CCGCCTCAAGGTCGCCCAAG,CMTM4,1709,418,261
CMTM5_GCTCAGTGCTCGAGATCGCC,CMTM5,251,393,327
CMTM5_CCAGGGCTTCGCGGTGGACA,CMTM5,1124,200,357
CMTM5_GAAGAACTCCAGTAGCGCCG,CMTM5,390,169,76
CMTM5_TCAGGGTTCCTCACCAGACA,CMTM5,1717,573,560
CMTM5_GCAGATGAACCAGAGCAACC,CMTM5,764,282,71
CMTM5_ACCGGACTGAGATGGCACCC,CMTM5,395,148,107
CMTM6_CCCACTACGGAGGAGGACCC,CMTM6,356,376,750
CMTM6_CGAGGCGATGGAGAACGGAG,CMTM6,1419,460,385
CMTM6_CGGCCCGAGGCGATGGAGAA,CMTM6,2640,757,763
CMTM7_GCGCAATGTCGCACGGAGCC,CMTM7,676,149,47
CMTM7_CCACTTTCAGCAGGGCCGCG,CMTM7,1002,377,215
CMTM7_GCACGCGGTAGAAGCGGAAG,CMTM7,546,189,252
CMTM7_AGACCACTCTCTTACCGACA,CMTM7,3338,450,462
CMTM7_GAGCGGACTGGTAGCCGGAG,CMTM7,469,279,91
CMTM7_TCGTGTGTAACCCAGTCCAC,CMTM7,1057,241,607
CMTM8_CCACGATGAGGAAGCCGGGC,CMTM8,595,61,151
CMTM8_TCGGCCACGATGAGGAAGCC,CMTM8,646,311,398
CMTM8_CCAGGTGCCCTGGACAACAG,CMTM8,2043,611,784
CMTM8_CCACTGTTGTCCAGGGCACC,CMTM8,860,85,177
CMTM8_CATCTACAACAGCGGCAGAG,CMTM8,589,498,328
CMTM8_TGTATTTCCAGCGTAGCAGA,CMTM8,421,48,69
CMYA5_CGAGAAAGCTCTCGCCAGCG,CMYA5,1461,482,323
CMYA5_CATCACAGAGGACGTCAGAG,CMYA5,1788,458,582
CMYA5_TGTCCATGCTCTGCAGAAAG,CMYA5,1686,1265,737
CMYA5_CGATAGGTTGCTTTCTGCAA,CMYA5,1099,587,282
CMYA5_ATGTAGCCTGCCCAGTGAAA,CMYA5,595,229,389
CMYA5_GGAACACAGCCACTATCCGA,CMYA5,37,102,63
CNBD1_GCCACATTAGAGGACAACAC,CNBD1,1062,137,229
CNBD1_GGAACTCAATGAAGGCAAAG,CNBD1,879,402,309
CNBD1_ACCTGTGCTGCCTTTCAACC,CNBD1,784,338,175
CNBD2_TGATGATATCCATGGCGAGC,CNBD2,1346,200,389
CNBD2_CCGAGTCACATTTGATACCA,CNBD2,2300,617,521
CNBD2_CAAAGCGCATGACTTTGGCC,CNBD2,578,39,216
CNBD2_CCACCCGAAATTGCTGCACA,CNBD2,1788,519,1035
CNBD2_GCTGGACCAGGAAGTTCAGA,CNBD2,214,110,40
CNBD2_TAGCCATGGCGAAGATAGAG,CNBD2,766,348,268
CNBP_GGTGCCCTGACTCGCCACAG,CNBP,223,156,170
CNBP_GGTCGCAGTCACGAGCCAGA,CNBP,17,112,31
CNBP_TAGAGGTGGCCACATTGCCA,CNBP,790,76,72
CNBP_CAAGGATTGTGATCTTCAGG,CNBP,582,1,40
CNBP_ATGAGAAGCCGTGGCAGAGG,CNBP,1293,156,132
CNBP_GGCTTCTCATTCCACGACCA,CNBP,609,204,165
CNDP1_GACTTTCTCTAACAGCGCCG,CNDP1,213,198,179
CNDP1_TCTTGTCTGAAGCGAGGCAC,CNDP1,98,181,128
CNDP1_CAGCAGGCTGCACGTCCAAG,CNDP1,1345,395,519
CNDP1_CATTGATCCAAGCCAAGACA,CNDP1,964,390,468
CNDP1_AAGAATACCGGAATAGCAGC,CNDP1,265,175,267
CNDP1_GAGGGCGCGTTTGATGAGCC,CNDP1,66,21,69
CNDP2_AGAAGAGAGGCGAAATCAGG,CNDP2,362,164,70
CNDP2_GGACAGCGAGCCCTTCACCC,CNDP2,1183,162,309
CNDP2_TTCCAGGGCGTTTATCCAGC,CNDP2,393,189,375
CNDP2_CCGATTCTGCCTCGAAGGCA,CNDP2,252,133,18
CNDP2_GGCCTTTGTTTCCGTGCAGG,CNDP2,612,54,128
CNDP2_GGCTCTTTGGTGGACAAGAG,CNDP2,654,420,597
CNEP1R1_CGACATGAACTCGCTGGAGC,CNEP1R1,809,254,135
CNEP1R1_CATGAACTCGCTGGAGCAGG,CNEP1R1,777,8,88
CNEP1R1_AACTCGCTGGAGCAGGCGGA,CNEP1R1,243,25,20
CNEP1R1_CAGTTACCGGAAACCACCGC,CNEP1R1,200,313,245
CNEP1R1_TATAGCTGCTCGATGTCGAA,CNEP1R1,688,250,319
CNFN_GCCATCTGGCAGAGGGCGCA,CNFN,1029,87,118
CNFN_AAAGTCGTCGGAGATGCGGC,CNFN,502,19,83
CNFN_CGTCGGAGATGCGGCAGGCA,CNFN,1285,96,484
CNGA1_AGCCAAGATTCGGGCAAACC,CNGA1,2320,505,467
CNGA1_AGAAGGTTACTCGAATGGAG,CNGA1,1274,280,192
CNGA1_TACTCAGAATCCCTCACGGG,CNGA1,934,24,97
CNGA1_ACTCAGAATCCCTCACGGGA,CNGA1,361,52,148
CNGA1_GAAAGGGAGGACCATCACAG,CNGA1,1143,158,166
CNGA2_CCAATGGCAAAGATGACCAC,CNGA2,1462,257,474
CNGA2_AGGGAAGGAGTGGCTTCCGC,CNGA2,298,100,169
CNGA2_CACCTCTAGGATAGTTCGCC,CNGA2,67,127,254
CNGA2_AGGCACCAGTTGTAAAGGAC,CNGA2,1737,218,551
CNGA2_GGGATTACATTTGCCGCAAA,CNGA2,581,431,349
CNGA2_ACTGCTGGATGAGAACGAAG,CNGA2,676,308,260
CNGA3_CTGAGGTCTTTACCTTGAGG,CNGA3,947,144,475
CNGA3_GACATCGTCAGTGCTGCAGC,CNGA3,10,239,85
CNGA3_AATCAAAGGTCTCCCACGGC,CNGA3,1060,59,17
CNGA3_TCATCTTCTTGCTGCGCAGG,CNGA3,964,522,469
CNGA3_TAACACCAGCAACAACACGG,CNGA3,588,437,670
CNGA3_ACCAGTTATAGAAGACAGGC,CNGA3,171,70,16
CNGA4_CTACTGGTGGCTGAACACAA,CNGA4,1210,584,750
CNGA4_AGCACGGTTATCTGGTGGCC,CNGA4,407,202,261
CNGA4_GGCATCCTGGTGGTGGACAA,CNGA4,1017,187,483
CNGA4_CGAAACCCATGACGGCCAGC,CNGA4,1065,383,601
CNGA4_CAACAAGAAGATGACCAACG,CNGA4,1890,636,1151
CNGA4_CTGGTCTAGGCCTCGTAGCC,CNGA4,579,260,269
CNGB1_TAGAGGAGGTTGAACCGCCC,CNGB1,201,22,34
CNGB1_GGCATGGGTCCTGCACAGGC,CNGB1,411,56,255
CNGB1_TGCATTGAGGGTGGCTCACC,CNGB1,168,276,87
CNGB1_TCCTCCGTGATGCTGTGAAC,CNGB1,1443,534,517
CNGB1_TCCTTGAATGACTCTTCGGG,CNGB1,161,14,123
CNGB1_GACCAAGATGCAGGAGGAAG,CNGB1,1428,287,260
CNGB3_TGAAGTTCACATCAATGGCG,CNGB3,1513,347,551
CNGB3_TGGTGTCATCCATGCAGGCG,CNGB3,2027,648,843
CNGB3_CGGTTTGATATGGGAAGACG,CNGB3,1359,802,867
CNGB3_TCCCTATGAAGCAAAGCCCA,CNGB3,469,203,128
CNGB3_CCCGAAGCCAGCCCACAAAC,CNGB3,4419,1622,1293
CNGB3_TGTTTGGACCTTCTTTCCCG,CNGB3,844,248,157
CNIH_TCGGCCAAAGACAGTTGAAA,CNIH,1301,369,360
CNIH_CGGGATTCAGGGTATTACAC,CNIH,1791,574,369
CNIH_CCAGCTACTCACGTGCCAAA,CNIH,2897,735,1374
CNIH_CAGCGCCAGCATGTAGCAGA,CNIH,863,333,389
CNIH_GGCCGCGAACGTGAACGCCA,CNIH,449,39,0
CNIH2_CGCGGCGAAGGTGAACGCCA,CNIH2,1319,367,113
CNIH2_GGTGAGCATGTAGCAGAACG,CNIH2,276,142,138
CNIH2_TATCACTTACTGCCCGCGCA,CNIH2,252,42,202
CNIH2_GCTGCTACCCTCACCTCCAG,CNIH2,377,301,65
CNIH2_CAGAGCCATCTGCAGGACGG,CNIH2,1626,147,153
CNIH2_ACGTTGGTGAGTTTCTAAGG,CNIH2,1615,267,223
CNIH3_CGCAGCGAAAGTGAAGGCCA,CNIH3,1233,233,176
CNIH3_CGTGTTACTCACGTGCCAGA,CNIH3,1054,741,440
CNIH3_CCGCATGAACAGGATTGCAC,CNIH3,995,444,556
CNIH3_CCGCCACTTACCGCATGAAC,CNIH3,4308,2161,2543
CNIH3_CCACACTGACCTTTCGCAGA,CNIH3,1650,550,406
CNIH3_GAAGGAGGCCTGGTGTAAGC,CNIH3,339,44,171
CNIH4_AGGATACGAAGTAGACCGAG,CNIH4,66,79,68
CNIH4_TACTGCTCATGTCATTGCAC,CNIH4,809,248,198
CNIH4_AGATACATTATGGTGCCGAG,CNIH4,254,198,305
CNIH4_TATGGTGCCGAGTGGTAACA,CNIH4,739,179,329
CNIH4_CGAGGTTACGGTGATTAGCA,CNIH4,869,505,747
CNKSR1_CCAAGTTGCCACCTTTCCGG,CNKSR1,1538,264,146
CNKSR1_TGACCAGCATTCACTCACCA,CNKSR1,1710,585,908
CNKSR1_CTCCTACCTCATGCAAGACC,CNKSR1,1816,340,273
CNKSR1_GGATGGTCCAGCGGCTGAGA,CNKSR1,185,146,139
CNKSR1_ACAGAAGGCCGTGCTCGAGC,CNKSR1,878,90,213
CNKSR1_GGTTGTCCAGATCAACGAGC,CNKSR1,163,48,230
CNKSR2_CTCCGAGTCAAGTAGTGGAC,CNKSR2,2337,534,579
CNKSR2_GATGTGTAATGCGCAGCAGC,CNKSR2,286,66,27
CNKSR2_AAGACTTTACCTGTCCAACC,CNKSR2,392,181,226
CNKSR2_CATTAAACCAAGCGAAGGGC,CNKSR2,1123,111,348
CNKSR2_GAATCACTTCATCGCCAGCA,CNKSR2,1174,169,179
CNKSR2_GCACTACGAGAGGACCCGAG,CNKSR2,1462,312,507
CNKSR3_ATCCCAGATACCTGTACAAG,CNKSR3,1941,213,295
CNKSR3_CTTCCTCCAGACATGCACAC,CNKSR3,2635,1147,1480
CNKSR3_GGATTGCTTTGTAGCGGAAA,CNKSR3,1394,569,514
CNKSR3_CCTGACCACTACAGTCCAGA,CNKSR3,1819,197,331
CNKSR3_GCAGATTTCCCATCAGGACC,CNKSR3,782,180,241
CNKSR3_CCATGGAACCCGTGACCAAG,CNKSR3,663,511,351
CNN1_TGCCTACGGGCTGTCAGCCG,CNN1,1889,422,792
CNN1_GCTGAGAGAGTGGATCGAGG,CNN1,1483,184,118
CNN1_TTCATCAATAAGCTGCAGCC,CNN1,714,334,406
CNN1_CCCACCTAGGCGAAGACGAA,CNN1,762,326,262
CNN1_CAAGCGGCAGATCTTCGAGC,CNN1,1090,136,140
CNN2_GGGACCCTAGATCTAGGCCC,CNN2,21,43,20
CNN2_GGGCCGGGAGTACCAGCAGA,CNN2,52,75,21
CNN2_CCCACGAACCTCCCTGCAGA,CNN2,1847,280,221
CNN3_CACAACGGAAGCCAAGGAAC,CNN3,2405,497,289
CNN3_GAAATTGTCGAGTTGTCCAC,CNN3,86,26,82
CNN3_TGAGAATGGAAACATGACCC,CNN3,325,169,48
CNN3_TCAACGAGTCCTCACTGAAC,CNN3,2832,264,295
CNN3_CTCGGCCGAAGTCAAGAACA,CNN3,1210,146,175
CNN3_AGGAAGGGCCCTTGTTGAAG,CNN3,1670,226,221
CNNM1_CTTCATGCTGCGCTCAGACG,CNNM1,2296,205,224
CNNM1_ATGCCCATCACCTCATAGAA,CNNM1,958,520,453
CNNM1_TCCCGCAACGGGAGCGGAAG,CNNM1,267,548,319
CNNM1_AGCAGCACAAAGTAGTCCAC,CNNM1,764,67,40
CNNM1_CTTAGATAATGACGTGCGGA,CNNM1,301,88,158
CNNM1_TACCTTCGCTGTCAGCAGAG,CNNM1,372,382,291
CNNM2_ACGACGTGTCGTTCATGGAA,CNNM2,2043,437,695
CNNM2_TTACCCGCTGCACGATAGCC,CNNM2,1360,531,547
CNNM2_ACTTGCCTGTTGCTAGGAAA,CNNM2,897,203,215
CNNM2_AGTCTACTGGCTTGTTGCGC,CNNM2,31,77,81
CNNM2_CTCTGTTCTGCTGACAACAA,CNNM2,2575,614,451
CNNM2_CAAGCCACATGGGCGAGGAG,CNNM2,683,73,146
CNNM3_GCGCATCCCGGTGTACGAGG,CNNM3,1165,143,279
CNNM3_ACCCAGCGCTTCCTGTCCCG,CNNM3,1311,251,484
CNNM3_GAATGAAGTAATCCACCGGC,CNNM3,373,14,72
CNNM3_GGCCGTGGCTTACCCGAGGA,CNNM3,965,350,395
CNNM3_GATGAATGCGTGCCGTCACC,CNNM3,212,64,2
CNNM3_GGTTCTGGGCTCGGGTAGCC,CNNM3,201,133,138
CNNM4_GAAGGTAGTTGCCCTTGCGC,CNNM4,428,70,291
CNNM4_CTAGGAGCAACGAGCAGAGA,CNNM4,1802,472,372
CNNM4_GGAAGCGATGAGCGGCCAGG,CNNM4,235,84,95
CNNM4_GGTACTTGAGTAGCCGCAGC,CNNM4,147,37,142
CNNM4_GCGGTCTGGGTAACTGAGGG,CNNM4,266,35,63
CNNM4_ACTCGGCAGCAGTACCAGAA,CNNM4,2063,651,572
CNOT1_GGATCCTGCCTGATTCCGGA,CNOT1,157,0,0
CNOT1_CTGTTCTTGTCCAACTCCAA,CNOT1,675,119,118
CNOT1_GAAACCTCTAAGATCTGAGC,CNOT1,953,66,27
CNOT1_CCAACCTTCTGATAGTGCAA,CNOT1,1533,92,257
CNOT1_GGCACGGTCCTGAGGCAGAC,CNOT1,774,175,231
CNOT1_AAATTACCGAGCCAGCCAGC,CNOT1,581,75,26
CNOT10_CCCGAGTCGAAGCGGGAAGA,CNOT10,1985,412,369
CNOT10_CTACTCTGGCCTAATGAACA,CNOT10,2403,597,501
CNOT10_ACAGGCAAGGTGTTGTAGAC,CNOT10,820,230,294
CNOT10_TGTTTCATCACCCTACAGAC,CNOT10,1887,336,240
CNOT10_CTGCATTGCTGCCAATAAGG,CNOT10,2529,184,204
CNOT10_AGCCCGAAAGTGTCTCCACC,CNOT10,764,395,336
CNOT11_GCAAAGAGGGTCCCGGGAAG,CNOT11,2730,420,205
CNOT11_ACTGATGGACGTTGGAAACA,CNOT11,1625,267,384
CNOT11_TGATTCCTCCTTACCGGCCA,CNOT11,223,168,139
CNOT11_ATTTATCCCACTGGATCGCG,CNOT11,497,18,9
CNOT11_CACACATCGATTTATCCCAC,CNOT11,1100,0,6
CNOT2_CCACGTCACGCCAACAACAG,CNOT2,3600,787,406
CNOT2_ACACGCCTCCATCTCCAAGC,CNOT2,420,1,12
CNOT2_CAGCATTAGCAGACCGAAAC,CNOT2,2106,572,965
CNOT2_AAGGAGCTCTTCCAGCCAAG,CNOT2,376,14,9
CNOT2_GGAATGTTAGTAACCCGACC,CNOT2,424,0,0
CNOT2_CGACAAGGTGAAGATGCCCA,CNOT2,1234,2,55
CNOT3_GATTGATCGCTGCCTCAAGA,CNOT3,4,0,0
CNOT3_CAACCGCAAGCTCATTGAGA,CNOT3,1211,0,0
CNOT3_CCCAACTCACCGTGAGCCAC,CNOT3,1516,0,30
CNOT3_CGACACGCTCAACATGCAGG,CNOT3,787,116,34
CNOT3_ATTGTCCAGCATGCGCAGGA,CNOT3,314,12,11
CNOT3_CAGCCCAGCCAACTGTACCA,CNOT3,1294,13,0
CNOT4_GGTCTGTGATGGAGCAGCGC,CNOT4,496,166,70
CNOT4_GGAAGAGGTTGACAGTGGCA,CNOT4,672,149,77
CNOT4_TCAATTTCAGCAGCACCGAG,CNOT4,238,193,316
CNOT4_GATACGCCTTCACCACCACC,CNOT4,17,141,87
CNOT4_GAACGGTGATAATTCCCAGC,CNOT4,328,40,43
CNOT4_TGCAAAGAGGGCACTCCACA,CNOT4,424,222,671
CNOT6_TTATTTCAAGCTCTGCCCAG,CNOT6,16,102,37
CNOT6_TGTCTGAAGGAATTCGGGAC,CNOT6,1755,469,375
CNOT6_ATAATCCAAGACCTTGGAGG,CNOT6,481,117,289
CNOT6_CTGGTAGAGCTGAAAGAACG,CNOT6,1634,637,707
CNOT6_AGTACTGCTAGAACTTCGGA,CNOT6,98,52,37
CNOT6_TTACAGAGTGCCTATGAGAG,CNOT6,783,209,385
CNOT6L_TGAAGCTTGGCAATATCAGG,CNOT6L,1233,113,162
CNOT7_CTAGGGTGGATTACAGGAGG,CNOT7,711,6,50
CNOT7_CCAATTGCTTCTCTGACACA,CNOT7,1837,483,501
CNOT8_AGCACTTGTGGAGAATAGCC,CNOT8,342,66,81
CNOT8_ATTGGTCGCACCACAACACC,CNOT8,601,306,183
CNOT8_TTGTGAATGTAAGGCCCAGC,CNOT8,488,124,96
CNOT8_GCTGCTTATGACATCAGGAG,CNOT8,743,612,569
CNOT8_TTCTCCATACATCTCCAGGG,CNOT8,687,125,369
CNOT8_GCATGTTGTTGATAATCGCC,CNOT8,140,32,63
CNP_CCTTCTCCGAGGAGTACAAG,CNP,973,381,195
CNP_GAACCACAAGGCCTTCAAGA,CNP,653,114,191
CNP_TGACTACGGGAAGGCTCCCG,CNP,708,112,223
CNP_TTGAGCGTACTCCTCTGCCC,CNP,462,154,45
CNP_ATTCTGCGGCAGGAGAAGGG,CNP,602,9,0
CNP_TGGGCGCTGGATGCTGACCC,CNP,2027,31,33
CNPPD1_TCTGGAGCTTCTGGCAAAGG,CNPPD1,2196,450,731
CNPPD1_AGCACCTCAAAGATCTCCCG,CNPPD1,528,97,2
CNPPD1_AGGAGGTCTTCAACGACGAA,CNPPD1,569,508,327
CNPPD1_TGCTGTCGAACTGCTCCAGA,CNPPD1,1106,371,403
CNPPD1_GGCTCTACTATGGCTGGGAC,CNPPD1,1019,378,308
CNPPD1_CTGGAAGCCGGCGAGGGAGA,CNPPD1,1393,79,129
CNPY1_AATATCCTCACTTATCGCCC,CNPY1,116,286,180
CNPY1_AAGAGATTCGCTCCTAGGAA,CNPY1,1181,281,382
CNPY2_CATGCGATATGTGCAGGGCA,CNPY2,924,499,145
CNPY2_CACGTACGTAGTTCTTGCGA,CNPY2,347,89,11
CNPY2_TCTTTCCGGATCAATCCAGA,CNPY2,234,55,73
CNPY2_ACTAGAATGGGAAATTGCCC,CNPY2,423,75,84
CNPY2_TTGTGCCTTTACCTCCACAG,CNPY2,1593,468,375
CNPY2_AGCCCAGGCGGTTCCCAGCA,CNPY2,4257,989,923
CNPY3_CGTTCTCCTCAGCTCCGGCC,CNPY3,520,240,272
CNPY3_CTATGGCATCCTGGACCAGA,CNPY3,884,422,443
CNPY3_ATTATAGCCTGCACAAGGAG,CNPY3,1361,78,365
CNPY3_GGACTGGTACAGGAACCACC,CNPY3,359,112,96
CNPY3_AGAGCAGTGGTCCGGCAAGA,CNPY3,1590,707,564
CNPY3_GAGCAGTGGTCCGGCAAGAA,CNPY3,942,508,730
CNPY4_CAGGCGGAACTGAGTCGCAC,CNPY4,1222,488,340
CNPY4_TAGTGTTCACGCTGAGCGCA,CNPY4,562,105,227
CNPY4_AGTGTTCACGCTGAGCGCAA,CNPY4,418,97,131
CNPY4_GAAAGGCCTAGTGCAGAAGG,CNPY4,228,52,35
CNPY4_CCTCCAACATGGTCTCACAC,CNPY4,3325,493,990
CNPY4_CGCTTACCAGTTTCAGCAGC,CNPY4,338,614,407
CNR1_CAATGCAGCCAGTGTTCACA,CNR1,1422,102,195
CNR1_CTGCGCAGTGCCTTCACAAG,CNR1,2161,1007,516
CNR1_AGCAGATGATCAACACCACC,CNR1,611,840,116
CNR1_CATTAGGTTAGCCAAGACCC,CNR1,1073,257,219
CNR1_GCCACGCTGAATCATGCGGA,CNR1,154,161,166
CNR1_CGTTGCGGCTATCTTTGCGG,CNR1,370,164,334
CNR2_GGCCTCATCAGCAATCAGAG,CNR2,832,165,220
CNR2_GGTCACCAGTGCCCTTCCAC,CNR2,234,34,51
CNR2_TCACGCTGCCAATCTTCAGC,CNR2,305,94,197
CNR2_CAGCCAAGCTGCCAATGAAC,CNR2,615,384,294
CNR2_ATAGCCAATGGCTCCAAGGA,CNR2,1486,142,297
CNRIP1_AAAGAGCCACTTTCAGAGGA,CNRIP1,799,114,152
CNRIP1_AGGAGTCCTTCCTCTGAAAG,CNRIP1,376,668,518
CNRIP1_CAGTCTGATGTGGGTGAACA,CNRIP1,1940,519,631
CNRIP1_ACGGGTACATATGACACAGA,CNRIP1,627,63,148
CNRIP1_CTCAACCTTGTAGGAGGAGC,CNRIP1,542,41,184
CNRIP1_ATGGAGAGGCGCACGAGGCC,CNRIP1,176,102,198
CNST_GACCAGCAGTGACAGTGCGA,CNST,539,379,296
CNST_CTGCACATTGAGCTGCGAGG,CNST,2173,307,348
CNST_TCTGAAGATCCAAAGGAAGG,CNST,489,79,41
CNST_ACCCAGTCCTCCGAGACAGC,CNST,792,272,190
CNST_GGTTTGTGTTGCATTTGGGC,CNST,642,42,44
CNST_GGTCTTGCTGTGCATAGCAA,CNST,159,137,112
CNTD1_CTCCAAACTGAAAGTCAACG,CNTD1,2280,929,581
CNTD1_CCAGACACCATTGTTCAGAC,CNTD1,3501,580,896
CNTD1_GCTCCTTACTTTGTTTCGGA,CNTD1,232,82,59
CNTD1_TGTGTAGATAGCCTAGAGCC,CNTD1,974,448,239
CNTD1_CTGCCTGACACTGCTCGACC,CNTD1,2077,393,642
CNTD1_AAACCATGAGTGTTGGAGCC,CNTD1,1045,134,195
CNTD2_TACAGGTGTAGTCTTGGCGG,CNTD2,884,240,106
CNTD2_GATTTCCGGCTGCACCACCC,CNTD2,441,116,42
CNTD2_GCAGGCGATGTAGACGCACG,CNTD2,536,104,24
CNTD2_TCCAGATACCTACGTGCACC,CNTD2,1125,239,325
CNTD2_AGGGAGAACGCGAGTACGCC,CNTD2,340,18,49
CNTD2_GCCTAACGATAGGCCCGAGC,CNTD2,96,273,279
CNTF_GGGACAGTTGAGTTAAGGGA,CNTF,0,78,27
CNTF_AGCGGCTACAGAGGTCCCGA,CNTF,88,43,80
CNTF_GCCGCTCTATCTGGCTAGCA,CNTF,484,111,236
CNTF_CTCTGCGGATGGGATGCCAG,CNTF,563,82,16
CNTF_CAGACTGGGATCCCAGCACG,CNTF,1557,474,408
CNTFR_CACAGATGCCTACGCCGGGA,CNTFR,655,80,115
CNTFR_TCTGCCACGTCACCTCCAGC,CNTFR,441,55,0
CNTFR_CATAAGTGTCAGCAATGCCC,CNTFR,807,83,96
CNTFR_TTGGAGCGGCAGCTGAGCAC,CNTFR,398,532,393
CNTFR_GGTGCTCCATGGCCTGGAAC,CNTFR,2047,677,723
CNTFR_GGCGGCAAGCACAGCACAGC,CNTFR,657,198,298
CNTLN_AGTACACGCAATGCGCAGCG,CNTLN,387,155,128
CNTLN_TGAGATCTGGGTTTGTAACC,CNTLN,1051,263,362
CNTLN_ATTGCTTGCTTTGCACAGGA,CNTLN,612,135,221
CNTLN_GACCTTGAACGTTTCACAGG,CNTLN,1242,196,299
CNTLN_CACTTCCCTGAGGAGACAAG,CNTLN,1405,234,271
CNTLN_ACTTAGTCCTTCAAGGAGCA,CNTLN,694,155,335
CNTN1_CTTGTAAACCGGGAAAGGGC,CNTN1,110,203,47
CNTN1_ACCTCAGGACGTTCCTCAGG,CNTN1,319,171,19
CNTN1_AATGTTGAGGCTTCCGACAA,CNTN1,1187,272,277
CNTN1_CGCCATCGGATATCCGGAAC,CNTN1,2335,2415,1439
CNTN1_AGCCCATCCCTACAATCCGA,CNTN1,1592,403,85
CNTN1_CCCTTCCACCTTTAGCAGCC,CNTN1,883,627,1066
CNTN2_ATGAGCCCTCTTACCTGAAG,CNTN2,966,147,270
CNTN2_GAAGGTGGTTTGGGATCCCA,CNTN2,332,7,0
CNTN2_CAGTGGGCACCGTTGTCAGC,CNTN2,1516,271,268
CNTN2_CCCAACTTCATCCCGACGGA,CNTN2,1499,282,308
CNTN2_CTCATCCTCAAAGCTGACGC,CNTN2,1016,281,290
CNTN2_AGCCAGCGCACTGTAGGCCG,CNTN2,1524,577,519
CNTN3_GGGTCATGTTGTACCTGGCA,CNTN3,170,107,129
CNTN3_GAAGTTGGTTCAGGTGCAGG,CNTN3,342,112,183
CNTN3_AACAACTTTGAGCTCAGCAC,CNTN3,905,209,233
CNTN3_AGCCCAAGCCTTCCTACCGA,CNTN3,1480,108,447
CNTN3_TGCATTGCTGAGAATTCACG,CNTN3,371,169,137
CNTN3_GCACCTCTACATATCTAAGG,CNTN3,476,143,187
CNTN4_TGCAGTACCAGCAGTTCCCA,CNTN4,623,84,8
CNTN4_ACGAGTTTGTCGCTGTGCAC,CNTN4,1383,472,291
CNTN4_TGTCCGTCGAGGTCAAGGAA,CNTN4,1392,348,298
CNTN4_CGGCGATTATCCTGATAGGA,CNTN4,2382,962,775
CNTN4_GAAACAGTTCCGACTGCAAA,CNTN4,1445,715,711
CNTN4_GGCCTAAGCCTACATACAAG,CNTN4,605,250,162
CNTN5_GCATATGAAGTGGAGAGACC,CNTN5,872,134,67
CNTN5_TCCTACCTGTAACTGGGAAC,CNTN5,680,272,253
CNTN5_AGCACATCAGAACGACACCC,CNTN5,441,79,202
CNTN5_CCGGCTGTCTTCCGCCACAA,CNTN5,2953,1134,1061
CNTN5_ACGTCTGCGGAAATCTCAGG,CNTN5,157,103,87
CNTN5_TACTTACAGCCTACCCACAC,CNTN5,1654,432,211
CNTN6_ACTGATTGTCTGGCTCCGAC,CNTN6,49,174,58
CNTN6_AGCACAGTATCTGTCCGAGA,CNTN6,374,90,268
CNTN6_TGGACGGGAGCCCGTTGCCA,CNTN6,445,270,359
CNTN6_TGGTGAACGACTCAACCCAG,CNTN6,1122,284,336
CNTN6_TGCACATCCTCAGGAGGACC,CNTN6,1019,504,583
CNTN6_CCAGTAAACATCCATGGAGG,CNTN6,989,331,534
CNTNAP1_CTTCTGCATCCTGCTCGCCG,CNTNAP1,672,270,97
CNTNAP1_AGACGGCTGCGACGAGGAGC,CNTNAP1,115,116,90
CNTNAP1_TTTCTATAGGCATAAGCGGG,CNTNAP1,562,37,89
CNTNAP1_GGATGTAGCGCGCAGTGAAG,CNTNAP1,1560,156,252
CNTNAP1_ACGTGACGCTCGAGCTGGAG,CNTNAP1,381,107,75
CNTNAP1_TTCTCAATGGAGACTTCGAG,CNTNAP1,727,253,209
CNTNAP2_AGACGGCTACTTACGGGACG,CNTNAP2,1645,573,559
CNTNAP2_ATAGCTACCAGAGATGGAGG,CNTNAP2,337,56,34
CNTNAP2_CGGATGCTCTACAGCGACAC,CNTNAP2,1678,747,601
CNTNAP2_ATAGTGCCTCTGGATTGGAA,CNTNAP2,706,119,106
CNTNAP2_ATGCAGCACTTCCGTACCAA,CNTNAP2,1928,478,728
CNTNAP2_GGTGCCCGGACGGCTTAACC,CNTNAP2,35,80,16
CNTNAP4_AATTGGAACAGAGTCGAAGC,CNTNAP4,319,211,168
CNTNAP4_GCAAGGCTGAATAGAAGAGA,CNTNAP4,786,255,163
CNTNAP4_CACCGCTGTGGCCACTCAAG,CNTNAP4,1482,804,517
CNTNAP4_TGCGCTTCATCCCTTTGGAA,CNTNAP4,2092,705,777
CNTNAP4_GGGATTCTACTCCACAGGGA,CNTNAP4,347,934,308
CNTNAP4_CACCCTGGTCAATCTCACCC,CNTNAP4,2387,312,405
CNTNAP5_ACTCTCCAGTTGAGTTGAGC,CNTNAP5,603,200,230
CNTNAP5_TCAGTGACACAGGACGCAAC,CNTNAP5,1270,839,727
CNTNAP5_TCTCATGCCAATCTTCCCAC,CNTNAP5,352,215,190
CNTNAP5_TTCCATGGAGAAGGTCAGCG,CNTNAP5,2271,616,909
CNTNAP5_CTCGGTCCTCATTGAGCGGG,CNTNAP5,206,75,179
CNTNAP5_GATGCTTTCGTCTCTTAGCC,CNTNAP5,933,363,146
CNTRL_AACCACTCAGGATAGACAGG,CNTRL,282,79,215
CNTRL_TCTTCCAGTTGCGTGTCCAG,CNTRL,378,261,113
CNTRL_GCAAATAGCCATAGATAGCC,CNTRL,466,250,313
CNTRL_CCATGGCAACTATTTCCAGC,CNTRL,1683,303,388
CNTRL_TGCATCTTTGCAGCAGACCC,CNTRL,1378,396,301
CNTRL_TTTGGTTCGTCCAGAAGAAG,CNTRL,895,144,126
CNTROB_CCGTCTAACCCTTCATGAGG,CNTROB,454,51,43
CNTROB_CGTCTCTCTGAGCCAGCGCC,CNTROB,0,263,273
CNTROB_TTTGCATCTTACCTTGCGGC,CNTROB,501,246,160
CNTROB_GCTACAGCAACAATTAGCCG,CNTROB,20,16,68
CNTROB_GGGACTTCAAGAGGAACACC,CNTROB,116,21,0
CNTROB_CAGAAAGGCTTTGTTCCAGG,CNTROB,958,407,197
COA1_TCTCAGGTGGCACCTTGACG,COA1,142,60,100
COA1_CTCTACGTCCACTCATCCAG,COA1,1741,191,101
COA1_CGTGGACATTGTTGATGCCA,COA1,1158,406,348
COA1_CCACGGTGTGTTCTATGCCG,COA1,2594,269,363
COA1_TTAAGTATGCAGGAAGCAGG,COA1,478,190,278
COA1_TGTCTAACTCGAGAATACCC,COA1,739,68,90
COA3_GGATACAAATAGCCAACACC,COA3,286,21,30
COA3_GGCAGAAGGTCCTACCACGG,COA3,1001,334,176
COA3_GCAACTGCATTCCATGCGGC,COA3,644,39,93
COA3_GGGTCGATACGCTGAGCGAA,COA3,1305,147,141
COA3_CTCCACGCTTAGAATCCAGA,COA3,366,488,501
COA3_GACCCTCTGGATTCTAAGCG,COA3,2055,278,391
COA4_TGAGTGAACAGCAGGCGAGG,COA4,1212,335,346
COA4_GCATGAGTGAACAGCAGGCG,COA4,1479,309,579
COA4_GGATTGCATGAGTGAACAGC,COA4,601,207,73
COA4_AAGGCCATACCTGGACCCAA,COA4,118,46,42
COA5_TATGAGGACAAGCCGCAGGG,COA5,1395,174,296
COA5_TATTATGAGGACAAGCCGCA,COA5,268,27,14
COA6_GCTTCTAGAGCTTGAGCCAG,COA6,206,122,119
COA6_TTCCTCCCGTCGACATCGAA,COA6,1526,524,666
COA6_TTCCTTTCGATGTCGACGGG,COA6,589,35,146
COA6_CATCGAAAGGAAGCCGGACG,COA6,1128,426,235
COASY_AGTGCTGACCGACAGGAGCC,COASY,566,48,94
COASY_TGTCGCGTGCATCCTGGCCC,COASY,414,318,139
COASY_AGGAGGGCTTGATGTCCACC,COASY,92,42,42
COASY_CAACATTCGCTGGCGGAAGC,COASY,659,403,461
COASY_CATAGGCCCGATGACCCAGG,COASY,517,26,211
COASY_AGATGGCATCATCAACAGGA,COASY,333,293,417
COBL_CAGAGAGACGATGTCTGAGG,COBL,1339,413,310
COBL_TGCTTGAAAGACCCAAGAGA,COBL,780,170,386
COBL_ACCACGTCTGTGTCGGGAGG,COBL,314,90,94
COBL_CAACCGCACTGAGGATAAGG,COBL,880,547,460
COBL_GCACTCACGTTCTCTTACGC,COBL,1587,603,526
COBL_GAACTTGGTTCGCATGAAGG,COBL,921,162,534
COBLL1_GAAAGAGTCTGCTCCGGAGA,COBLL1,282,95,162
COBLL1_CTCTCCACTACCATTGCCAA,COBLL1,1390,274,414
COBLL1_ACCTCTGTCTTTGAGTGCCC,COBLL1,1390,120,146
COBLL1_CTTGGGTGCATCCGACGGCA,COBLL1,718,339,270
COBLL1_TATGCGATGGATGTCAACAG,COBLL1,2489,247,585
COBLL1_CCGGACTCCGGGCAGGGAAA,COBLL1,1448,325,507
COCH_CGGGATCCAGGCTGCGGACA,COCH,1733,673,794
COCH_AGTAGTACACAGGAGGCCAC,COCH,234,0,12
COCH_ATGTGGGCCTTGTTCAAGCC,COCH,346,94,220
COCH_CAAGCCTATCCCTGAAGAAC,COCH,2522,918,896
COCH_GCTGGAGCCATCAATTAGAA,COCH,510,287,175
COG1_TTTCGAGACGCATGGAGCGG,COG1,672,266,272
COG1_GGGAACTAGAAGAATCCAGC,COG1,210,1,64
COG1_TAGTTGCCTTTCTGGCCAGC,COG1,369,59,158
COG1_GGCATGAGCTTGCTTCAGAG,COG1,586,44,17
COG1_AAGAGATGAAACTCTGCAGC,COG1,176,59,24
COG1_TGCTCTTCACGTACATGAGC,COG1,606,289,367
COG2_GGACACGCTCTGCTTCGACA,COG2,1128,125,215
COG2_CATGGTCGAACTCATCAACA,COG2,1789,402,153
COG2_CCTCTGCACTAGAAGCAAGC,COG2,1439,82,7
COG2_CGCCACGATTGACAAGACAC,COG2,2100,43,45
COG2_CTTCTTCGAGAAGTCACAGG,COG2,576,53,111
COG2_CGTGTATGTGGTTGCAGACC,COG2,1583,30,40
COG3_GGCTCTCTGGGATCGGAGAC,COG3,455,189,116
COG3_AAGAATTGAAACCGCACAGC,COG3,811,17,40
COG3_AAGCAATACTAGGGCCCAAA,COG3,610,7,8
COG3_CAAGCTGTTTGTAGAACAGC,COG3,130,23,0
COG3_TCTTATATGCAGTTGCCGCA,COG3,677,129,252
COG3_TACCTGTTCCATAGATGGAC,COG3,1125,399,332
COG4_CCTGATCAAATATCTGCAGG,COG4,831,46,44
COG4_TTTGCCATTGCCACCAAGGA,COG4,2143,354,181
COG4_CTCAGCCGACAGGGCAAAGA,COG4,1871,430,178
COG4_CAAAGTTCGTCAGCTTGACC,COG4,1433,122,175
COG4_GATGGTCACTCTCCACCGAA,COG4,629,60,71
COG4_AGCTGGAGGCTGTATACGAA,COG4,2255,186,201
COG5_AAGGAGGATTACGACCACCC,COG5,407,43,133
COG5_TTCTTCACAGGATGGACAAC,COG5,312,242,213
COG5_AGCTAAGCGCCTACTAGAGC,COG5,1280,288,228
COG5_CTCCAAGGACAACTGCAAGG,COG5,2755,601,483
COG5_GATTTACTGGCACAAGCAAC,COG5,805,286,269
COG5_CGGGATTCTGCGTCACCACC,COG5,913,161,413
COG6_ACGCGCAGCGCTATGGCAGA,COG6,632,106,163
COG6_CGTACAAATCAACAAACGGC,COG6,274,247,140
COG6_CGTATCTCCAGTATTGACAC,COG6,1477,195,486
COG6_ATTGATGCGCTCACAAGAGG,COG6,729,134,62
COG6_CAATTTAGGCACAGCTGACA,COG6,284,178,283
COG6_TGTGACACTGAAGGCTGCAA,COG6,1045,259,483
COG7_CCATGTCGCCATACTTCAGC,COG7,976,90,379
COG7_GCCACCGCCCACTTCGCCAA,COG7,1453,455,611
COG7_CTTGGCACACACAAATCCAG,COG7,979,357,382
COG7_GACACTTGTAGTAGTAGGCC,COG7,417,113,388
COG7_TGCCGCTACAATCTGTGGAC,COG7,633,169,243
COG7_ACGACTTCGACGTGAAGGAG,COG7,713,87,314
COG8_TTTGGCAGGATAAAGGCGAG,COG8,751,297,396
COG8_ACAGCCCAAAGTACATGCAC,COG8,2085,0,0
COG8_TGCAGCCTACGTACGCCGAC,COG8,1770,305,407
COG8_ACGCCTCCACGTCGCCAAAC,COG8,1158,74,92
COG8_CCTCCACGTCGCCAAACAGG,COG8,1405,0,8
COIL_CTGCTAGTTTAGGAAGAGGA,COIL,314,128,203
COIL_AGTGGGTGATGATAACGAAG,COIL,355,77,50
COIL_GGCAGTCGTTGTCTCTCACA,COIL,105,64,24
COIL_CAGAACTGAAGCCGAAGCGC,COIL,368,271,488
COL10A1_ATGGACCCACCGGGCCACCA,COL10A1,164,123,231
COL10A1_AGAGGCCCTATTGGGCCACC,COL10A1,16,37,60
COL10A1_CCCGGACACAATGGAGAGGC,COL10A1,712,260,147
COL10A1_ATGGTCCTAAGGGTAACCCA,COL10A1,410,52,68
COL10A1_ATGGGACCAATTGGCCCACC,COL10A1,123,15,41
COL10A1_CCTGGAATCCCTGGACCGGC,COL10A1,39,164,302
COL11A1_ATGCTTGTCGAAGGACCACC,COL11A1,300,144,126
COL11A1_CATGGTGCATATGGAGAGAA,COL11A1,439,383,302
COL11A1_TCAGTTTCTGCTGGTACACC,COL11A1,538,148,330
COL11A1_GGAGACAATAGCACAGACGG,COL11A1,894,204,264
COL11A1_GCTCTCTCACTTCTATCAAG,COL11A1,283,89,81
COL11A1_GAAGAGGAAGGTCAATGCGA,COL11A1,1186,208,246
COL11A2_CTGTCTCCGCAGAGAGGGCA,COL11A2,754,74,69
COL11A2_CATAGAGTTACCTCCTCAAG,COL11A2,1585,274,140
COL11A2_CGTCCAGTATTGGACACCCA,COL11A2,1098,268,315
COL11A2_TGCCCAGGGTGTCCGACAGC,COL11A2,2600,572,689
COL11A2_GGGCCCGGAGCACATCCACA,COL11A2,296,184,123
COL11A2_CCAGCACCAGAGGTAGGAGG,COL11A2,2287,38,126
COL12A1_AGCTTCCAATTCTGAGCGAA,COL12A1,940,485,405
COL12A1_GAGGTCGCGAACACTGAGCG,COL12A1,847,199,234
COL12A1_CACTCCAAGAGCCATCCACG,COL12A1,2686,468,592
COL12A1_AGGTAGTTCGACAAAGCCAG,COL12A1,1175,248,143
COL12A1_ATAACGGTGGACCCTACAAC,COL12A1,1004,184,105
COL12A1_CTGTCTTCCATTGAGGCAGA,COL12A1,943,104,243
COL13A1_CCGTCCGAAAGTGGGCGAGC,COL13A1,580,207,387
COL13A1_GCTCCACTCAAGGAGGCGCC,COL13A1,241,41,73
COL13A1_TCGGCTTGAGTACTTACAGG,COL13A1,1469,288,472
COL13A1_CAGGGTCCCACTGGAAGACC,COL13A1,754,256,33
COL13A1_CACACGTCCAGGCATCCCAA,COL13A1,1230,181,404
COL13A1_AAAGGGCCAACCAGGCGAGA,COL13A1,767,153,229
COL14A1_ACCAGTACCGCATCTTGCGC,COL14A1,1377,129,280
COL14A1_TTTCAGTGGCTCCACCCACA,COL14A1,886,383,327
COL14A1_CCACATCGAATGCTGTAACC,COL14A1,2758,1045,926
COL14A1_CGAAACCTCCCATATAAAGG,COL14A1,1474,277,657
COL14A1_CAGGACTCTCTGCTCTAGAG,COL14A1,1225,387,586
COL14A1_TAGGCGGCCCAGTGATGGCA,COL14A1,704,374,415
COL15A1_AGACCCGCGAGATGGCACCA,COL15A1,2250,820,499
COL15A1_TTGCTTACCTGTCGCACCGC,COL15A1,1984,427,320
COL15A1_CCTCCACACCTGAGAGCCGC,COL15A1,235,507,116
COL15A1_TTCTGGTGAACCTGTACCCG,COL15A1,1472,251,205
COL15A1_CTGTACGATCCTTACCACAG,COL15A1,987,1386,1058
COL15A1_AGACTTCAGTTGCTCACCGG,COL15A1,1488,269,187
COL16A1_CAGAGACCTCCAAGGCCCGC,COL16A1,478,308,193
COL16A1_GGTGCACATCTACTGTGACC,COL16A1,119,0,0
COL16A1_GCCAACGCAAGTCGAAGAGC,COL16A1,763,113,308
COL16A1_CGATGCAAATGGGTATCCAC,COL16A1,471,229,228
COL16A1_ACATGGATGCATTTACCGCG,COL16A1,1563,395,343
COL16A1_CTTTGGGCTACCTTCGGCCA,COL16A1,1281,178,142
COL17A1_AGCCTACTGACCTGTGGAAG,COL17A1,1697,203,251
COL17A1_AGGACCACACATGGGAGGGA,COL17A1,586,89,568
COL17A1_TCATGACCACTTACATCGGG,COL17A1,1546,181,103
COL17A1_CTCCGGAGAAGAGTTGCCAC,COL17A1,397,79,181
COL17A1_CTCCACCTCTAGTTACAGGA,COL17A1,223,328,517
COL17A1_CCGGCTCCCTCCACCAAGAG,COL17A1,3115,1024,708
COL18A1_GGTCTTACCTGGCTCCGCGG,COL18A1,106,131,82
COL18A1_CTCTGTGGAACCATTCCGGG,COL18A1,1059,175,456
COL18A1_CACATCCGGCCAGCCACAGA,COL18A1,904,252,412
COL18A1_CGCTGAGCTGAAGGTGCGCA,COL18A1,766,308,392
COL18A1_CATCCGGAGACTCTGGCAGC,COL18A1,391,217,62
COL18A1_ACCGGCTTTCCGTCTTCACC,COL18A1,448,80,256
COL19A1_ACGGTCACGGAAGTGGAAGC,COL19A1,339,277,219
COL19A1_ATTGCTACGCGAGCTTCAGA,COL19A1,48,24,15
COL19A1_CCTTTATGCCCTTTCTGCCC,COL19A1,778,164,106
COL19A1_TTTGGTTTCAAGGGAAGACG,COL19A1,755,480,327
COL19A1_CCTTTAGGGCCAACAGACCC,COL19A1,434,133,52
COL19A1_TGGGCTTCCTATTAAACCAG,COL19A1,699,83,284
COL1A1_CATCATAGCCATAAGACAGC,COL1A1,1014,74,61
COL1A1_ACTTACTCCTCCGAGGCCAG,COL1A1,691,181,120
COL1A1_CCAATCCCACAGGGACCCAA,COL1A1,1525,40,74
COL1A1_GGAGATTACCTCGACGCCGG,COL1A1,234,94,0
COL1A1_CTGCGTCTGCGACAACGGCA,COL1A1,602,347,225
COL1A1_CGGTGGCCGCTAAGAGGAGC,COL1A1,732,81,102
COL1A2_TTACACACCCTTTCTCCACG,COL1A2,1030,966,708
COL1A2_TTTACATAACAGGGTCCACC,COL1A2,364,140,48
COL1A2_AGAGGCCCACCTGGTGCAGC,COL1A2,258,7,212
COL1A2_TCTTCACCAGCCTTGCCAGG,COL1A2,445,346,97
COL1A2_TTTCATGTTTAGGGTCACCC,COL1A2,331,185,137
COL1A2_GCTACTTACAGGAGGTCCAA,COL1A2,263,49,70
COL20A1_AGCAAGCGGTCTCCTGAGGC,COL20A1,260,23,139
COL20A1_GCGCTTCCTGCTAGCTCGGA,COL20A1,359,120,150
COL20A1_AGTTGCCTTCACACCAAGCC,COL20A1,561,267,151
COL20A1_GACCATGTCAGCAGGCACGG,COL20A1,776,47,238
COL20A1_CAGGCCTGACTCAGTACAGC,COL20A1,197,26,33
COL20A1_TGCCCGTGTCCTCAAGGACC,COL20A1,329,269,256
COL21A1_CCTGGCATGCCATGAAGCCC,COL21A1,1115,361,430
COL21A1_ACCTTGTCACCATCTCGCCC,COL21A1,1124,175,181
COL21A1_CAGGGAATTGCAGGGACACC,COL21A1,581,172,54
COL21A1_ACAGGCTTACCATCTTGACC,COL21A1,119,194,119
COL21A1_TGACCCAGAACAGAACAACC,COL21A1,1056,377,283
COL21A1_CGAGAGGAATCTCCAGCACA,COL21A1,1436,558,483
COL22A1_CCTGTACTGACCTTTGGACC,COL22A1,2202,206,434
COL22A1_GAGTCTGCTCACCGGACCCG,COL22A1,279,79,138
COL22A1_ATGACCTCTTTGACCGGGAC,COL22A1,860,146,125
COL22A1_ATACCAGTCTTCCTTCCGAG,COL22A1,667,332,349
COL22A1_TCAGAGTTCCTATGTACGGA,COL22A1,520,360,186
COL22A1_CTACAGCGACCGGCCCACCA,COL22A1,2622,351,587
COL23A1_AAAGGAGAGCCCGGACAAGA,COL23A1,350,112,304
COL23A1_TCCATGCCCTCTCTTACCGC,COL23A1,1451,329,325
COL23A1_CAAAGTCTCCTGGTGCACCC,COL23A1,1315,318,433
COL23A1_GGGACTTCCAGGCCCGAAAG,COL23A1,326,62,182
COL23A1_GGCTTGCCATCCAAACCCAG,COL23A1,662,72,84
COL23A1_AGACGCTCACCTCCCGCAGC,COL23A1,1725,268,469
COL24A1_CTTCTGGTCCAGCTAAACCC,COL24A1,893,345,227
COL24A1_GCTGGTAATATTGGTTCACC,COL24A1,130,37,69
COL24A1_TTATCACCTTGCATACCAGG,COL24A1,989,129,103
COL24A1_ACCTGGATTACCTGGTCCAA,COL24A1,794,22,115
COL24A1_ATAGCCCATCTACTTACCCG,COL24A1,1425,357,381
COL24A1_ATCTACACCGTTACCTCAGG,COL24A1,421,125,134
COL25A1_TTCTTTGGCCAGGGAGAACC,COL25A1,795,261,145
COL25A1_TAGGGTTCTATTGGAGCACC,COL25A1,119,40,3
COL25A1_AATTACCTTACCTGAGGACC,COL25A1,118,223,235
COL25A1_GCAGCAAACATACTTACAGG,COL25A1,1408,471,398
COL25A1_CCAGGGAAACGAGGTAAGAG,COL25A1,2515,779,823
COL25A1_CTGAAGAAGCACGCAGGGAA,COL25A1,2105,926,796
COL26A1_TGCAGAGCTGCGGCCGAGAA,COL26A1,862,583,1167
COL26A1_TACCTTACGAGGTTGGCGCA,COL26A1,718,79,152
COL26A1_CTACAGAGTGTCCTACCGCA,COL26A1,1653,567,625
COL26A1_CAGAATGCATGAACTGCACC,COL26A1,1047,205,147
COL26A1_CCACGACAGAGAAGGCCCAC,COL26A1,5,112,114
COL26A1_CCGAGGCCAGACAGGAGAGA,COL26A1,2968,1128,902
COL27A1_GGTCGAAGGCCACTGAGCGC,COL27A1,254,67,299
COL27A1_AGTGTGAGATAACTCACCCG,COL27A1,65,49,102
COL27A1_GGATTTCCATAAGGCCCAGG,COL27A1,383,48,28
COL27A1_TCACCAGGAAAGGCCCACGA,COL27A1,982,553,265
COL27A1_TCCAGGACCTCCGGGACGAA,COL27A1,1089,259,193
COL27A1_AGGGCTACATTGGGCTCCCA,COL27A1,417,35,35
COL28A1_CCTGGAGAACCATAAGGACC,COL28A1,1738,215,447
COL28A1_TATGGACCAAAGGGACCCAG,COL28A1,43,29,8
COL28A1_ACCTTGTCACCCTTGTACCC,COL28A1,956,469,302
COL28A1_CCAGGTATCAAAGGTGAGCG,COL28A1,1261,754,781
COL28A1_AGTATACTCACAGGAGGCCC,COL28A1,238,59,5
COL28A1_CCTGCAGACATTTAAGCAGA,COL28A1,769,435,281
COL2A1_CCCTTAGCACCGTCCAGGCC,COL2A1,1895,671,429
COL2A1_CCTTTGTTTGTAGGGTCCCA,COL2A1,335,31,154
COL2A1_GGGAGTAATGCAAGGACCAA,COL2A1,101,226,214
COL2A1_ATCTCTGCCACGAGGTCCAG,COL2A1,154,451,284
COL2A1_TCACAGATTGTAGGACCCAA,COL2A1,572,391,507
COL2A1_CATCCTGGCCCTGACACCGA,COL2A1,2259,338,390
COL3A1_CCGCATAGGACTGACCAAGA,COL3A1,2383,691,843
COL3A1_CTGGTTGTCCTGGAATACCA,COL3A1,1372,492,268
COL3A1_GGATGACCAGATGTACCAGG,COL3A1,173,153,105
COL3A1_TAGGGATCTCCAGGATACCA,COL3A1,135,172,59
COL3A1_CCAGATGGACCTATAGCACC,COL3A1,986,248,528
COL3A1_TCAGGTAGACCCGGACGACC,COL3A1,831,270,491
COL4A1_CTTCGCCACCAAGGGAGAAA,COL4A1,446,164,250
COL4A1_GCGAAACCAGGCAAGCCAGG,COL4A1,150,124,0
COL4A1_GGGTAGCCAGATGCTCCCGG,COL4A1,58,65,124
COL4A1_CAGGGTGATACTGGAGAACC,COL4A1,580,206,264
COL4A1_CCAATGACACCTTGTAACCC,COL4A1,1165,513,329
COL4A1_GCTCCACGAGGAGCACAGCC,COL4A1,157,164,148
COL4A2_TTACCGCCGTAGGGCAGGGC,COL4A2,1004,332,293
COL4A2_CACCTTTCTCAGGGTAGCAC,COL4A2,1480,214,361
COL4A2_TTGTTCCCACAGGGTCAGCC,COL4A2,283,451,286
COL4A2_TCTGGATTCCCTGGTGCCGA,COL4A2,467,462,154
COL4A2_CGATGGCTGCAACGGAACCC,COL4A2,970,302,545
COL4A2_CTACGGAGTTAAGGGTGAAA,COL4A2,1911,444,496
COL4A3_CCTGTGAATCCTTTCTGGCC,COL4A3,341,290,290
COL4A3_CCAGGACTCACGGGTTCCAA,COL4A3,223,102,259
COL4A3_ACCGACAAGTCCGTAAGGCC,COL4A3,1774,130,279
COL4A3_ATACTCACAAAGAATCCCGG,COL4A3,511,149,121
COL4A3_AACTGTTCCTGGTGGTCCCG,COL4A3,313,295,197
COL4A3_ACCTCACTTCCAGGGAAGCC,COL4A3,698,410,306
COL4A3BP_CATAATCTGGTCCTCCAAAG,COL4A3BP,2105,334,549
COL4A3BP_ACGTGAGAAGTTGGCTGAAA,COL4A3BP,1805,719,811
COL4A3BP_GAATCCAGCTTGCGTCGACA,COL4A3BP,754,153,164
COL4A3BP_AGATGCCATTGAACAGCACA,COL4A3BP,464,64,89
COL4A3BP_AGGATCCATCTGTCTTAGCA,COL4A3BP,374,77,77
COL4A3BP_CCATGTCGGATAATCAGAGC,COL4A3BP,1740,98,123
COL4A4_ATCCCGGTGTGGGAGTAAAG,COL4A4,1574,228,372
COL4A4_AGGGACCTCCGGGCCAACCA,COL4A4,278,71,54
COL4A4_CAGGATATCCTGGAGAGCCA,COL4A4,186,172,130
COL4A4_GGTGACCCAGGGTTTCCAGG,COL4A4,215,0,9
COL4A4_ACAGGTATGCCATCTAAACC,COL4A4,1497,490,458
COL4A4_TCACACTGAGGATACTCACC,COL4A4,876,161,195
COL4A5_GAAACTGCGTGGAGTCAGCC,COL4A5,125,183,220
COL4A5_GATGGAATTCCAGGGCCACC,COL4A5,0,2,0
COL4A5_ATGCTACTTACAGGAAGACC,COL4A5,530,219,253
COL4A5_TCCCGGATGCAATGGAACCA,COL4A5,1341,744,796
COL4A5_AGAGAGCTTACCATCAAACC,COL4A5,2292,528,632
COL4A5_GAAGTCCTGGTGGACCAGGA,COL4A5,209,35,28
COL4A6_TCCACCATCTACTGGAGAGC,COL4A6,536,155,99
COL4A6_CCTGGTCAGAAAGGATCAAA,COL4A6,327,289,478
COL4A6_CCATTACAGCCATCCAGACC,COL4A6,4163,1213,679
COL4A6_ATTGGAATTCAAGGCCCAAC,COL4A6,179,63,90
COL4A6_CGGTCAGGCACAACGTAACC,COL4A6,990,850,971
COL4A6_GGAGCCGCAAGCATGCACCC,COL4A6,426,61,41
COL5A1_GCATGGACGTCCATACCCGC,COL5A1,250,180,273
COL5A1_GCCTTTGGAAGATCGCCGCG,COL5A1,379,517,539
COL5A1_GGTCTCCATCTACAACGAGC,COL5A1,72,129,16
COL5A1_ACCATCTGTTTCTTTGCAGG,COL5A1,861,57,121
COL5A1_TGCTCTTTGTCTCGGACCAC,COL5A1,756,290,419
COL5A1_TACACGGAAGGAGACGGCGA,COL5A1,1032,163,94
COL5A2_ACCATTGGTCCAGGATCACC,COL5A2,108,38,62
COL5A2_TTAAGGGTCCTGTTGGCCCA,COL5A2,152,84,224
COL5A2_TTTATGCTTACCACAGAGCC,COL5A2,1233,231,267
COL5A2_CAATTCCCTGAGGTCCACGA,COL5A2,244,113,327
COL5A2_TAGGGACCTCCAGGATCACA,COL5A2,76,54,123
COL5A2_CATACGTGGTCGTCCAGGAC,COL5A2,1288,359,874
COL5A3_CCAGGATTCCCTGGCGACCC,COL5A3,37,36,50
COL5A3_AGAGCCCGCAGTGATTGAAA,COL5A3,1523,518,371
COL5A3_CCCTGACAGTGGAACCGAGC,COL5A3,1089,641,362
COL5A3_ATTGAGTCCAGTAGTCACAG,COL5A3,917,152,120
COL5A3_GAAGAAAGGGCGAGGTCGCA,COL5A3,862,33,58
COL5A3_CCAGCTATGCTGATGAAGCG,COL5A3,553,426,419
COL6A1_ATCCTGCGCGGCTGTCCAGC,COL6A1,29,71,36
COL6A1_TCATCGACAACCTGAGGGAC,COL6A1,533,375,150
COL6A1_CGCGGTCAAGTACTTTGGGA,COL6A1,642,108,371
COL6A1_ACCTGATTGTGGTGACCGAC,COL6A1,1155,258,247
COL6A1_CACCACTCACCTCAAAGCCG,COL6A1,3095,452,752
COL6A1_CTGTCTCCGCAGGGCTCCAG,COL6A1,148,25,48
COL6A2_CCTGCACTTCTCTGACCAGG,COL6A2,970,349,145
COL6A2_GAAACACGAAGCCTACGGAG,COL6A2,835,67,106
COL6A2_CAAGGGCTACCGTGGACAGA,COL6A2,580,487,493
COL6A2_TTGTCCTTCACAGGGAGACC,COL6A2,864,206,107
COL6A2_CTTTGAAGCCAGGAACGCCC,COL6A2,329,125,156
COL6A2_ATTTGGAGCCGACGGTCGCA,COL6A2,161,167,106
COL6A3_GCGAAAGGTGGGAATGGCCA,COL6A3,199,504,580
COL6A3_CATAGTCCAGCGCGTAGCCC,COL6A3,867,162,57
COL6A3_GCCAACCACTTCACGGAAGC,COL6A3,899,271,364
COL6A3_ACTCAGCTGGGATGAACACC,COL6A3,352,110,128
COL6A3_CACTTATGAGGACCAGCACC,COL6A3,1331,96,394
COL6A3_TCCGTGAGTCCAGAAAGGGC,COL6A3,536,59,29
COL6A5_TGCTGCGCTGAACCTTCGAC,COL6A5,686,290,344
COL6A5_CATCACAGATGGAGTAGCGC,COL6A5,1681,602,329
COL6A5_TGAGAATCTGCGGAAGCGCA,COL6A5,279,80,136
COL6A5_CCTTTGCGATGGCTCTGACA,COL6A5,795,102,169
COL6A5_AAGGATAAATCTGCATCCCG,COL6A5,527,77,198
COL6A5_CCAGGACCTCATGGGACCCG,COL6A5,761,479,646
COL6A6_TTTATCACTGTACTGGGCCA,COL6A6,1018,125,146
COL6A6_ATGTCTGGTTGTGAGCAGCC,COL6A6,549,176,322
COL6A6_CATTTGTCAGGACAACAAGG,COL6A6,689,167,213
COL6A6_CCTTATTGATGTCGCTGAAC,COL6A6,1272,641,839
COL6A6_TACTTATACTGCTGAGGCAC,COL6A6,181,115,114
COL6A6_TCGCAACATCTGTACCACAG,COL6A6,2206,1087,1081
COL7A1_ACTGCCGAGTGAGCGGCAGG,COL7A1,0,43,59
COL7A1_CACACTCTCCGGGAAACGAG,COL7A1,1009,203,467
COL7A1_AGACGGGAAGTCCCAGGACC,COL7A1,757,234,284
COL7A1_TGGCCGCAGCAATTTCCGCG,COL7A1,974,214,404
COL7A1_CCGAGTGCGAGCCCAGCACA,COL7A1,1618,423,460
COL8A1_TCCATCAGGCTCATTCAGGC,COL8A1,1161,505,781
COL8A1_AATTCAACCGGCGCCAAGAA,COL8A1,1282,465,319
COL8A1_CCCTTTACACCTGGCGCACC,COL8A1,1177,150,96
COL8A1_CCCTGTTGGACTGCCAGGAG,COL8A1,3280,686,1108
COL8A1_CCTACTTCACCAAGGAAACC,COL8A1,1485,812,423
COL8A1_TTCCCTATACCAGGGAACCC,COL8A1,430,79,88
COL8A2_AAGTAGTAGACGCCGCCCAC,COL8A2,605,0,11
COL8A2_ACTCTCTACAATGGCCACAG,COL8A2,766,199,145
COL8A2_AAGGCCTGCCGGGCCTGAAG,COL8A2,223,4,21
COL8A2_GCCTGGCATTCGAGGTGACC,COL8A2,305,4,197
COL8A2_GATAATGGAGTGGGCCAGCC,COL8A2,195,88,63
COL9A1_CGCCTACTCACATCAGCGCC,COL9A1,1159,287,513
COL9A1_TGCTCCAATCAACTTACCGG,COL9A1,1933,386,305
COL9A1_CGATGCCTGGAACTCCAGGG,COL9A1,750,249,128
COL9A1_ATGCCACTGGGAATCAAACA,COL9A1,931,517,487
COL9A1_AGGGTACATTGCTACTCACC,COL9A1,497,40,75
COL9A1_CTTGACAGCTGCAGATGCCC,COL9A1,292,111,175
COL9A2_ATCTCACCAGGGAGGCCAAC,COL9A2,1234,375,255
COL9A2_CATCCCTGAGGACTTACAGG,COL9A2,94,334,209
COL9A2_ATGGGCCAGACGGGAAGCCC,COL9A2,65,33,57
COL9A2_AGAGAGGTCCACCGGGAGAG,COL9A2,517,134,214
COL9A2_CCAGAGCGAGCACTACCACC,COL9A2,572,170,275
COL9A3_GACTCCGCTCAGCCATGGCC,COL9A3,195,0,0
COL9A3_TCCTCCTGCACAGGGACCAA,COL9A3,1057,158,177
COL9A3_CATCTCGTCCAGTCAGACCC,COL9A3,1112,129,129
COL9A3_GGGTTGTCAGTACTCACGGG,COL9A3,904,28,29
COL9A3_CTTTACTTCCCTCCAGGGAG,COL9A3,462,291,244
COL9A3_CCTCTGCCCAGTACTTACAG,COL9A3,568,121,1218
COLEC10_CACAGACTTCAGCGGTAGGA,COLEC10,1321,286,227
COLEC10_GCCACACACACAATTTCACC,COLEC10,573,210,114
COLEC10_CAGGGCAATATTGGCAAGAC,COLEC10,2051,792,650
COLEC10_CAACTTACCCTTCTTCCCAA,COLEC10,784,174,270
COLEC10_GCTGACTATGTTGCCAAGAG,COLEC10,1865,610,401
COLEC10_TGGCGTGAATGACCTTGAAA,COLEC10,1376,452,448
COLEC11_AGCGGTTACCTTTGAGGCCA,COLEC11,542,272,466
COLEC11_TACTGACCTGGCAGGGCGCA,COLEC11,587,201,126
COLEC11_GACTCTTCCAGGCCGTCCGG,COLEC11,0,86,9
COLEC11_CAGCTTCTGACATCTCCAAA,COLEC11,819,339,378
COLEC11_CCTGGTTCTCCATTAGGACC,COLEC11,402,405,255
COLEC11_CGCTGGTCAGCTGAGAGACC,COLEC11,1759,460,362
COLEC12_AAATTGGAAAGCTGGACAGC,COLEC12,81,253,185
COLEC12_CCCTTGTTGCCAGTTGGGCC,COLEC12,1782,431,447
COLEC12_GACCTCCTTGAATAATACCC,COLEC12,256,33,106
COLEC12_GGAGAAGTTACAGGCGAGCG,COLEC12,101,192,202
COLEC12_ACCAAACCGCTTGTAACCGA,COLEC12,1770,200,223
COLEC12_CACAGACGACTTCGCAGAGG,COLEC12,1818,313,511
COLGALT1_AACAGCGCGATGAGCACGCG,COLGALT1,410,234,156
COLGALT1_GGTGGCTACGGACCACAACA,COLGALT1,697,119,161
COLGALT1_CCATAGGTCCTACCCGGACG,COLGALT1,2531,647,489
COLGALT1_TATCCGCAAGCGAGACCGCC,COLGALT1,0,10,94
COLGALT1_AGGGTGCTGTGGGCGCGCAA,COLGALT1,319,161,385
COLGALT2_ACCTCAAACGCAGAAAGGAC,COLGALT2,373,143,83
COLGALT2_GGGAGGGTTCCATTGGAGGA,COLGALT2,291,175,77
COLGALT2_CTTCCTGAGGTCAATTAGGA,COLGALT2,1033,145,266
COLGALT2_CCTGTCGTAGTTTCATCACA,COLGALT2,1159,473,383
COLGALT2_GACTCTATCACTATGTGGAG,COLGALT2,523,67,272
COLGALT2_ACCAGGCGAGGGTGGCAGCA,COLGALT2,1152,394,266
COLQ_TTCAGGGCCTGGCCAACCGA,COLQ,1279,224,278
COLQ_GCTTGGCCGACCAGGAAGGA,COLQ,873,246,272
COLQ_CCTGGCAAGACAGGACCAAA,COLQ,1175,478,562
COLQ_CTAGCGAGCCTTGCATGCAC,COLQ,1911,224,453
COLQ_GGACTGCTCTGTTACTCGGC,COLQ,394,152,109
COLQ_TCGGCTGAGACACGATAGAG,COLQ,2044,865,1015
COMMD1_GCCTTCGCAGAGCATGGCGG,COMMD1,302,57,54
COMMD1_ACGGAGCCAGCTATATCCAG,COMMD1,1384,116,31
COMMD1_ATATCCAGAGGTGCCACCCG,COMMD1,1411,349,139
COMMD1_GCCTCATGAACCAGAGCCGC,COMMD1,620,91,161
COMMD1_TCCAGCTCTATAATGGCAAC,COMMD1,461,192,298
COMMD10_CAGTGCGAGAAAGCCGAAGA,COMMD10,167,131,213
COMMD10_TCCCGTAGGATCAGCGCCGC,COMMD10,501,116,332
COMMD10_CTCCCGTAGGATCAGCGCCG,COMMD10,1125,109,87
COMMD10_ATGGCAGCTTAACCTTCAGA,COMMD10,228,20,83
COMMD2_TTGAACCAAATGGAGCAGGG,COMMD2,963,73,53
COMMD2_AGTAGTGACACTGTCCAGCA,COMMD2,359,206,73
COMMD2_CCGCGCTGTCCACTTGAGGC,COMMD2,677,93,101
COMMD2_CTGCCTCAAGTGGACAGCGC,COMMD2,330,276,452
COMMD3_CTCTCGGAGTCTGTGCAGAA,COMMD3,3298,315,389
COMMD3_CTAACACGGCCTCGTCCGCC,COMMD3,275,0,30
COMMD3_GCCGAGCGGCTTACCTAACA,COMMD3,1830,257,218
COMMD4_CGCCAAGTGGCTCCGGAAAC,COMMD4,3656,1172,1316
COMMD4_TTCCACGGATTGCAGCAGGC,COMMD4,618,24,86
COMMD4_GCTGAGAGGGACATGGCAAC,COMMD4,465,27,170
COMMD4_CTTGTCTGCTGAGAGGGACA,COMMD4,330,41,17
COMMD6_GGCGACAGTTATTCGAAGCC,COMMD6,304,90,18
COMMD6_ACATCGGACTTAGCATCCAG,COMMD6,392,91,70
COMMD6_TCGGACTTAGCATCCAGCGG,COMMD6,1452,222,159
COMMD7_CTACAGCTTCCTGCACGAGA,COMMD7,806,201,138
COMMD7_TCCACTCCATATCTATGAGC,COMMD7,933,36,58
COMMD7_CCAGAGTTATGAAATCCGCC,COMMD7,950,20,112
COMMD7_AGACTCTTCTTCAAAGCACC,COMMD7,171,237,109
COMMD7_ACTCACCATTTGGAACCAGA,COMMD7,556,29,34
COMMD7_CTGCTGCATGTCGCCGCCCA,COMMD7,1152,389,860
COMMD9_CTCCACGGTGACAGCTGAGA,COMMD9,1181,183,213
COMMD9_GGTCGATCTGGACTGGAGAG,COMMD9,796,71,30
COMMD9_TACTTGGAGAACCGAAGCCC,COMMD9,149,47,57
COMMD9_TCTGCACCGCCTCACTAGGC,COMMD9,1062,102,92
COMMD9_TCTGACAACATCTTTCGAGG,COMMD9,685,52,74
COMMD9_CCCTTCGACTTACCTTGAGC,COMMD9,1599,181,130
COMP_GGTCAGTGTCGCGACCACAG,COMP,868,363,158
COMP_GACTGCGTCCTAGAGCGCGA,COMP,226,38,45
COMP_ACTCCGTGTGCATCAACACC,COMP,856,504,268
COMP_CCGGGCTGGTGTTGATACAG,COMP,3198,927,993
COMP_CGGCGTGGCCTGCATCCAGA,COMP,428,286,361
COMP_GCTAACGCGGCTTACCCAAC,COMP,380,131,246
COMT_CGTTCCAGCCGATAAGGCAC,COMT,497,25,66
COMT_ATGAACGTGGGCGACAAGAA,COMT,792,330,463
COMT_TGGCTACTCAGCTGTGCGCA,COMT,508,288,352
COMT_ATGGCCCGCCTGCTGTCACC,COMT,309,118,50
COMT_GAAGTATGATGTGGACACAC,COMT,464,243,359
COMT_AAGGCCATCTACAAGGGCCC,COMT,1,54,21
COMTD1_CCAAGGTGAGTCCATCGCCC,COMTD1,889,27,101
COMTD1_CTCCTTGTCCGCATCCACCA,COMTD1,2207,376,371
COMTD1_TCCCGCTTCGGTGCTCACCC,COMTD1,1010,300,110
COMTD1_CTTCACGGGCTACTCCGCCC,COMTD1,134,24,5
COMTD1_GCGGCTCATCCAGGCCAAGA,COMTD1,1434,565,289
COMTD1_GGTCCTGCTCACCCAGGAAG,COMTD1,424,60,59
COPA_TAGCTGTGATGCAGTTGCGG,COPA,589,195,93
COPA_GGATCAACTCTTGGCGAGGG,COPA,1224,58,23
COPA_CATCCGATTCCACCGCACCA,COPA,2672,0,62
COPA_CCTCCTGCTTTACCAAACAC,COPA,964,0,32
COPA_TGGAAGTCAATGCCTCGCAC,COPA,518,6,0
COPA_AATTCGAGACCAAGAGCGCG,COPA,166,25,2
COPB1_AGAAGGAATCCTCTCAAGGG,COPB1,1107,10,50
COPB1_TTCTAGACCCACCAAGAAAG,COPB1,717,43,39
COPB1_GGGAGAATACTGTAGTACCA,COPB1,95,41,0
COPB1_GCTGGTTATTGTCCTGAAGA,COPB1,577,63,31
COPB1_TGTAGTACTCGTTCATGAGC,COPB1,1017,0,1
COPB1_ATGGATTAGCATGACAGACC,COPB1,520,3,25
COPB2_CCAGACAGCTGTCATGCGGA,COPB2,87,74,24
COPB2_TTCCCTTTAGGTATCTACGG,COPB2,333,1,0
COPB2_CCCATATCCTTTACTGCCAG,COPB2,553,0,9
COPB2_GGTGCGTGGCCAGTCTAAGA,COPB2,635,15,5
COPB2_CTTGATAGTCCTGTCCAAAG,COPB2,925,0,0
COPB2_ACAAACTTTGCAGCTCGAAC,COPB2,1234,469,1044
COPE_TGTCTAGCGCCTCCTGCAGC,COPE,513,0,2
COPE_TGACCCAGGCAGTGGCGAGC,COPE,3217,57,0
COPE_GAGAATGCAGGACCTGGACG,COPE,197,123,120
COPE_CTATCTCCACGACCAGAACC,COPE,2508,106,52
COPE_ACCTCCGACTCTCGTGGGCG,COPE,221,1,65
COPE_CAGCAAACATGCGCACGGCC,COPE,276,473,389
COPG1_GGATGTGGGCACATTTCCGA,COPG1,435,45,14
COPG1_ACATCCGACGGAGTGTGGGC,COPG1,8,0,12
COPG1_GAAACAAGCCATTGTGGACA,COPG1,626,72,77
COPG1_CGTCAAAGCTGCACTTCAGC,COPG1,1808,589,406
COPG1_GGCGGTCATTCTTACGCACA,COPG1,965,0,0
COPG1_TGGCAGATTGACGATGGCCG,COPG1,2097,1,0
COPG2_GCTATGATGTGGTTAAGCGC,COPG2,322,519,327
COPG2_CAGTGCTGAACTGGATACAC,COPG2,1334,484,233
COPG2_AGAAGATGTATACCGAGGCC,COPG2,623,223,108
COPG2_CAATCGCGTCATTGCAAAGA,COPG2,1580,516,450
COPRS_TAATAGGGTATCAGTGGAGG,COPRS,545,73,143
COPRS_CCTAATGACAGTCCTGCCCG,COPRS,1528,107,63
COPRS_TCCTAATGACAGTCCTGCCC,COPRS,765,56,194
COPRS_ACGCTGGTGACCGAGAGCCG,COPRS,1916,398,336
COPRS_CATGGACCTTCAGGCCGCCG,COPRS,508,36,109
COPRS_GGCATGGACCTTCAGGCCGC,COPRS,169,0,0
COPS2_CCAGTTTACTGACTACAGCC,COPS2,1468,405,539
COPS2_AGTCAACCAACTCCTTGAAC,COPS2,1118,38,162
COPS2_CGTACCTCCTGTGAGTCAAA,COPS2,1376,383,551
COPS2_TCCATTCCCTGCGCCTCACC,COPS2,405,24,39
COPS2_TTTCATGTGCGATGATGAGG,COPS2,728,8,71
COPS2_CCCGGCCAAGATGTCTGACA,COPS2,1716,384,462
COPS3_GCAGTTGTCTGGACCTCAGG,COPS3,241,0,25
COPS3_CTTCACTCGCGATAACAACA,COPS3,1578,15,8
COPS3_CATGATATGACTGACCGCCA,COPS3,786,243,163
COPS3_TGCCCTTCCATATCTTGACG,COPS3,2410,95,33
COPS3_CGTTTCGAAGTCAGGAACAC,COPS3,1782,127,147
COPS3_GATGGGATAAGTTCTTCGCA,COPS3,359,0,29
COPS4_CTGGGCCAAATCCTGTCGCA,COPS4,818,246,102
COPS4_AGCCGCTCGAATTCATGAGC,COPS4,188,206,168
COPS4_GCTGTCTTATGGAAGCAACC,COPS4,507,56,156
COPS4_ATGTAAGCCTCTGCCTGGAC,COPS4,665,35,1
COPS4_TGTACGATCTTAGCATCAGC,COPS4,287,82,118
COPS4_CTGCTTATCCCACGTTGGCA,COPS4,963,59,78
COPS5_TTGCCAAAGCTACAAGAGAC,COPS5,842,401,392
COPS5_CAAATCAAAGACCTGACCAG,COPS5,746,15,50
COPS5_CAGAATGCAGACTATACCAC,COPS5,2039,0,0
COPS5_GGGTGGTATCATAGCCACCC,COPS5,248,32,133
COPS5_TAGTCCAGGGCTTCGCCGCC,COPS5,270,30,67
COPS5_AAATCCTGGCGGCGAAGCCC,COPS5,105,3,21
COPS6_GCGGCGGCTGCAGCTACGAA,COPS6,1776,496,634
COPS6_CACTCCGCAGGCCATCACGC,COPS6,680,20,110
COPS6_GCTCTGATTGGCAAGCAGGA,COPS6,663,7,0
COPS6_TGGGTTGGTATACCACAGGG,COPS6,389,0,0
COPS6_GACCTACACTCTGGCCACAG,COPS6,586,17,0
COPS6_ACTCCAAGATGAGCTTGACG,COPS6,1962,1,38
COPS7A_TCCTAGCCAAGTCGGCCAAG,COPS7A,600,367,334
COPS7A_AAACACTGTGAGCAGCCGGA,COPS7A,159,148,216
COPS7A_ACACCTCTCAGTTGTCACCC,COPS7A,703,409,54
COPS7A_CCAGCTGCCGCACATTACGC,COPS7A,1961,642,1406
COPS7A_TGTAGTCAACCTCGAGCCGC,COPS7A,274,158,84
COPS7A_GCTCCTTGTGTTGGTTGGCA,COPS7A,547,240,65
COPS7B_CTTTGGAGAACTTCTGGAGC,COPS7B,364,247,311
COPS7B_GGTATGTCCCATAGGCAAAC,COPS7B,811,34,91
COPS7B_TCTTGATGCCAAGCTCACGA,COPS7B,2034,483,303
COPS7B_TTCGCTGGTCCAGCTTGCCC,COPS7B,858,180,589
COPS7B_CCACAACCGAACTCAGCAGC,COPS7B,2316,753,278
COPS7B_TGCCTCTGCTCAGCGTGAGG,COPS7B,784,195,0
COPS8_CTCCCACAATAGATGCAACA,COPS8,4341,592,827
COPZ1_GCTTTGACAGTATACAGGGA,COPZ1,536,164,338
COPZ1_ATGACCTACTGTCAGTCCGA,COPZ1,113,0,82
COPZ1_TCCAAGAGGGCAATTTCACC,COPZ1,781,132,110
COPZ1_TGCTTACCCTTAATGCCACC,COPZ1,423,127,222
COPZ1_GGAGAGTCATACCTGAGACA,COPZ1,649,77,32
COPZ1_AACAGTGAGGTCTTCACCGA,COPZ1,988,0,45
COPZ2_GACTGAACAGAGTGTGGCCC,COPZ2,45,250,86
COPZ2_AATCTCGTCCAGCACCAAGA,COPZ2,387,96,265
COPZ2_ATGTCTTCAACAAGACCAGC,COPZ2,192,100,19
COPZ2_AGGTTACCTTGGCCAGCAGC,COPZ2,626,125,126
COPZ2_TCCTAGATAATGACGGGCGC,COPZ2,417,113,41
COQ10A_CACCTCATTGGTCGCGGCGG,COQ10A,314,81,128
COQ10A_TCTCACCTCATTGGTCGCGG,COQ10A,1247,118,242
COQ10A_CAGCAAATCCCATGAAGGAA,COQ10A,1768,592,587
COQ10A_TTCCATGGTCAAACCTCACA,COQ10A,1055,186,150
COQ10A_GAGGATAGGCAGGAATACCA,COQ10A,508,26,49
COQ10A_TCATGGAACATCAGTTCACG,COQ10A,755,121,31
COQ10B_CTGGTCATACGGCCTTGAGA,COQ10B,795,258,144
COQ10B_TGGTCATACGGCCTTGAGAA,COQ10B,1533,642,730
COQ10B_CCGTCCGAAGTCGGCGACAG,COQ10B,890,214,220
COQ2_AGCCTAGTGGGTGTGAACAG,COQ2,3552,562,605
COQ2_TTCAGTATAGCTCTGGGAGC,COQ2,1069,90,231
COQ2_GGGACAGCTAACCCTGGCAC,COQ2,476,24,34
COQ2_GAATAGCTCCAGTGCCAAAG,COQ2,1752,226,516
COQ2_AATAGCTCCAGTGCCAAAGA,COQ2,503,26,45
COQ2_AAACTGAGCTGGCGCCCGCG,COQ2,604,107,341
COQ3_AATGCCAGTAACCTGAGAAG,COQ3,661,29,133
COQ3_AATGCCATTAGCCTCTAGGG,COQ3,293,76,23
COQ3_CATCCCACCATTTGTGAGCC,COQ3,1214,710,787
COQ3_TCCCAAACCACTGTCGACAG,COQ3,810,684,826
COQ3_CGTCCCTTAATTTCCTCGGC,COQ3,910,275,172
COQ3_CGTAAGCTGGGCTCCTCCGG,COQ3,794,72,163
COQ4_CGCAGAGCCGACGGAGGACA,COQ4,1088,194,465
COQ4_CAACAGCCCTTTCTGCAGCG,COQ4,245,363,473
COQ4_TCCTCAGGGACCAGATGAGG,COQ4,621,202,251
COQ4_ACGGAGATACTCGCGACCGA,COQ4,942,97,36
COQ4_CTCCTCATCATCCACGAAGC,COQ4,1353,173,237
COQ4_TGGTTTGAGGCTGTCCAGAC,COQ4,692,541,627
COQ5_CGATGACCTCTCCCAGGACA,COQ5,1236,455,492
COQ5_CATCGGGTGCTGAAACCAGG,COQ5,1209,242,208
COQ5_ATTCCGGATCCCAAAGGCAA,COQ5,885,124,120
COQ5_AGCTCTGTATCCTTGAGCCA,COQ5,996,174,423
COQ5_CTTGATGTTGCTGGAGGCAC,COQ5,940,165,124
COQ5_GCTTCGTAGCTCTTGGCCCG,COQ5,1293,195,272
COQ6_CACGGTGTCTGTTGAGGCGC,COQ6,1086,153,391
COQ6_ACAAGGCCAGGTATAGCGAA,COQ6,1395,344,214
COQ6_TTGGAATCCAGAATGTGAGC,COQ6,750,171,207
COQ6_GAGCAGAGCAATAGGCCCAG,COQ6,181,102,34
COQ6_TACCCAATGAGCGCCACCCG,COQ6,2413,452,443
COQ6_TACGGCAGCCTTCAATGGGA,COQ6,391,62,211
COQ7_TTCCGGCAATGAGTTGCGCC,COQ7,536,155,304
COQ7_TCCGGCAATGAGTTGCGCCG,COQ7,1693,577,467
COQ7_TGTGGATCGAATAATCCGGG,COQ7,755,105,114
COQ7_ACCGCCTTGCTCGGGAAGGA,COQ7,383,101,160
COQ7_ACCTTCCTTCCCGAGCAAGG,COQ7,797,343,117
COQ7_TCGCCACTCTGCATCCGGCC,COQ7,1129,134,83
COQ9_ATCTGGTGCGCTTGGCCGGG,COQ9,808,105,140
COQ9_CAGCAGCATTCTGAGACACA,COQ9,1938,490,550
COQ9_ACAGCAGAGGCGATTGCAGA,COQ9,1081,123,155
COQ9_AGCAGCCAGCATGTTCGGGA,COQ9,144,113,70
COQ9_CATACATTGAGCACTGGCCC,COQ9,1417,275,284
COQ9_GATGACATGTGGCATTACGC,COQ9,380,209,179
CORIN_GGTGACGAGGACTGCAAGGA,CORIN,213,59,174
CORIN_GGCGCTGCATCGCCATGGAG,CORIN,528,12,234
CORIN_CTGTGACGACTGGAGTGACG,CORIN,1602,577,260
CORIN_AATTTGCTTCTCACCTCAGC,CORIN,341,23,58
CORIN_CTACGGATGCTTCTCTCCCA,CORIN,1681,94,273
CORIN_GGACCAGCAATAGGAACCGG,CORIN,91,196,145
CORO1A_CGTGGCGGAACTTGCTGGAG,CORO1A,1513,360,516
CORO1A_TGTGGACAAGAATGCGCCCA,CORO1A,70,229,75
CORO1A_AGCGTGTGGGCATTGTGGCC,CORO1A,636,351,416
CORO1A_ACACGATCTACAGTGTGGAC,CORO1A,420,59,469
CORO1A_GAACACTGCACGCACGGGCC,CORO1A,378,115,138
CORO1A_ACGAGGCCACCTTGCCACAG,CORO1A,1750,456,216
CORO1B_TGTGGTCTACGTCTGCGGCA,CORO1B,774,399,320
CORO1B_GGAAGATGGCCCGCATGGGC,CORO1B,121,62,53
CORO1B_AGTACCACGTTGTCGCAGCC,CORO1B,155,130,199
CORO1B_CCCATTTGTCATGTGGGCCC,CORO1B,1227,288,199
CORO1B_AACGACGAAGTCATAGCCAG,CORO1B,517,335,90
CORO1B_CCGGCATGTGTTCGGGCAGC,CORO1B,348,206,264
CORO1C_GCTCATGCGGCTGAACCCAG,CORO1C,295,115,191
CORO1C_AATGTGAGCTGGAACCGGAA,CORO1C,618,93,154
CORO1C_CATCGTGGCTTGGCATCCAA,CORO1C,493,63,118
CORO1C_AACGATCAGGTCATTGCCAG,CORO1C,887,346,424
CORO1C_TGCAGACACGATGAGGCGAG,CORO1C,1937,667,518
CORO1C_AAGGGTCTCTTACTTCAGCC,CORO1C,123,113,139
CORO2A_GCTGTTTCCCTTCTATGACG,CORO2A,1251,291,243
CORO2A_TGTCCACAGGCACATCCCGA,CORO2A,1180,172,116
CORO2A_AGTCATAGCCAGCACTGAAG,CORO2A,988,435,344
CORO2A_TGGGCACTGTCTTGCAGACA,CORO2A,942,259,228
CORO2A_AACGCTGCGGGTGATAGGCA,CORO2A,1958,525,352
CORO2B_CCATCGTCACCGAGAGCGCA,CORO2B,1439,577,322
CORO2B_CGACGTGTCCTCCGAGCACG,CORO2B,1790,545,916
CORO2B_AACAACATCCTGTTCAGCGC,CORO2B,1144,405,532
CORO2B_TGCATGTCCTTCAACACGGA,CORO2B,1244,225,384
CORO2B_TGAAGCGGCTCCTCACGACA,CORO2B,1264,497,707
CORO2B_TGGGTGTCAGCATCATAGAA,CORO2B,1667,639,599
CORO6_AGGAGATGGACACAAGCAAC,CORO6,511,216,128
CORO6_ATGGCCCTGGCGCGTGAAGA,CORO6,641,346,251
CORO6_GCAACTCGCGCTCTGGGACC,CORO6,314,118,275
CORO6_AGTGTGTGCTGGAACAGCAA,CORO6,911,146,116
CORO6_GGATGCCCACACGCTTGGAG,CORO6,971,81,193
CORO6_CACGGATGTCCTCGTAGGCC,CORO6,1161,416,343
CORO7_CAACTCACCTGAGAGGCCCG,CORO7,792,345,497
CORO7_CACCAGAATGCCGTCAGAGG,CORO7,2617,455,289
CORO7_CACAGGCTCGGCTGACAGGA,CORO7,1356,1233,1084
CORO7_AGGAGAGGACAAGCGACGCG,CORO7,267,10,141
CORO7_ATGGCCATTCCCTACCAGGA,CORO7,1106,126,196
CORT_ACTCACCTCGCTGTCTCGGC,CORT,485,109,90
COTL1_AGCCAATTACGACGCCCAGA,COTL1,523,178,306
COTL1_CATCAAGAGCGAGCTGAAGA,COTL1,890,439,619
COTL1_AACCGGGACGGACAAGACCC,COTL1,598,264,316
COTL1_CCAAGTTTGCCCTCATCACG,COTL1,2937,1420,918
COTL1_CACTTCATCCAGCAGTGCAC,COTL1,812,178,196
COTL1_GCACCAGGTTGTACGCCGCC,COTL1,186,32,176
COX10_CTTTAGCTTCCTCAAACGCA,COX10,751,114,83
COX10_TAGGACAAAGAACAGACCGC,COX10,510,105,169
COX10_CTGATCTGTCCACGAACCAG,COX10,1898,302,446
COX10_CTCCGTGAAGACTACTCCCG,COX10,2211,683,655
COX10_CCCGGGAGTAGTCTTCACGG,COX10,596,82,120
COX10_CATGTGGTGATGTCCAGCAC,COX10,756,347,235
COX11_GAACCCTTTCACACGCGCGC,COX11,56,128,224
COX14_ACCACTATTTCCAGTGGCGC,COX14,346,219,261
COX14_CCACTATTTCCAGTGGCGCA,COX14,136,160,82
COX15_CCGGTGATCAAACTGCACCA,COX15,2014,537,367
COX15_CGATTTGCTCATGGAACAGC,COX15,636,247,119
COX15_ACTGCTACTCCCTCCGCACA,COX15,985,61,124
COX15_CAGCAGGCAGGATGTACACA,COX15,2147,133,97
COX15_CTCAAAGGCTGCTGAGCGGG,COX15,225,94,264
COX15_CCCTTCAAGGCCCTCAACGG,COX15,2130,416,351
COX16_TTCACTCATGTTTGCACCCG,COX16,2560,980,887
COX17_CCGGGAAACGATGGAGAGAG,COX17,1102,300,496
COX17_AGCTTAGTACCGGGAAACGA,COX17,705,221,293
COX18_CTGTGAAAGGCCCACGAAGC,COX18,853,442,436
COX18_GCTCTCCGGAATTTAAGCAC,COX18,465,39,178
COX18_CCAACACAGTGGCTTTGAAA,COX18,3681,496,460
COX18_CTGCAGTACATGCGAACGGC,COX18,1638,327,325
COX18_TTCGCATGTACTGCAGAGAC,COX18,1359,448,531
COX19_CGCTCACCTAAGTGATCCAG,COX19,535,264,380
COX19_GGACAAGGGCAGCTTCCCGC,COX19,566,139,16
COX19_TTTCCCTTGCAGATCCCGAC,COX19,813,160,169
COX4I1_AGCTCGTACACACACAGAGG,COX4I1,1263,254,75
COX4I1_CATGGGCCACCTCCGGCAAG,COX4I1,737,49,197
COX4I1_ACATGGGCCACCTCCGGCAA,COX4I1,1567,248,228
COX4I1_CTGCCACATGATAACGAGCG,COX4I1,1053,291,426
COX4I1_AAGCACTATGGTGAGTAGAG,COX4I1,1455,489,302
COX4I1_TCCAGGGCTTAGCCTCCAAG,COX4I1,546,122,107
COX4I2_CGAGGGATGCACAGCTCAGA,COX4I2,1151,66,247
COX4I2_AGAACTCAACGCTGAGGAGC,COX4I2,228,152,98
COX4I2_CCAGCTGACCCACGCCGAAA,COX4I2,4704,1273,1151
COX4I2_TTGAACTGGAGCCGGTACAC,COX4I2,1054,205,246
COX4I2_TCTTCCACTCATTGGAGCGA,COX4I2,833,25,61
COX4I2_CGATCACCTTGACGGACGAG,COX4I2,2528,313,438
COX5A_CTTTGCCATCAGGACAAAGC,COX5A,608,64,8
COX5B_GCTGCTAGTCGCGGACGCAA,COX5B,437,283,267
COX5B_ACTTCGCGGAGCTGGAACGC,COX5B,1734,384,510
COX5B_CCGAGTACCTCCAGATGCCA,COX5B,4272,717,950
COX5B_TGTTCCCACTGATGAAGAGC,COX5B,1037,228,96
COX5B_ACTGATGAAGAGCAGGCGAC,COX5B,61,304,219
COX5B_GCTGGCTGCAAAGAAGGGAC,COX5B,115,149,63
COX6A2_CACGTGAACCCTCTGCCCAC,COX6A2,377,214,157
COX6A2_ACACCTCCGCATCCGCACCA,COX6A2,2096,520,412
COX6A2_TTGGCCAGCGCTGCCAAAGG,COX6A2,523,189,234
COX6B1_CGGTCATTGCCTTCTGACAG,COX6B1,1342,440,985
COX6B2_GGCACAGCGAGTGGTACACG,COX6B2,812,169,222
COX6B2_ACGCGGAAATAGTACTCGCA,COX6B2,1157,464,67
COX6B2_AGGGCTGCGTGCTCTTCCCG,COX6B2,2105,514,445
COX6B2_ACCACCGCTGCCTCAAGACC,COX6B2,423,101,64
COX6C_CATATGATTTCGCAGACGCC,COX6C,567,113,138
COX7A1_ATGCCGCCCTTCAGGTACAA,COX7A1,820,487,586
COX7A1_TGCCGCCCTTCAGGTACAAC,COX7A1,1272,576,723
COX7A1_CGCGCACTCGGTTCTGAAAG,COX7A1,2524,839,1413
COX7A1_TGAAGGAGCGGATCAGCGCC,COX7A1,492,125,202
COX7A2L_AGGCCTCGTTTCAGGTAGAC,COX7A2L,49,380,464
COX7A2L_TTCGGAGGCCTATAGCCCGC,COX7A2L,1128,155,31
COX7B2_GCTTAGTGCATTTCTGGCCA,COX7B2,1263,540,692
COX8A_TGGATCTTGGCGCGCGGCAC,COX8A,752,308,292
COX8A_AACGAATGGATCTTGGCGCG,COX8A,1318,188,536
COX8A_GATCCATTCGTTGCCGCCGG,COX8A,157,344,163
COX8A_ATCCATTCGTTGCCGCCGGA,COX8A,457,184,128
COX8C_TCAACTCACCGCGGCAGACA,COX8C,3790,1542,1586
COX8C_CTCAACTCACCGCGGCAGAC,COX8C,1453,742,854
COX8C_TTGCCTAGCACATATGCAGC,COX8C,875,191,115
COX8C_GCAACCTGAAGCAGTTCAGA,COX8C,98,2,17
CP_ACGTGGGAGATGAAGTCAAC,CP,651,144,192
CP_GGAAACACATATCTGTGGAG,CP,919,111,192
CP_CTCCTTTCGATTTGTGAAGG,CP,1653,331,547
CP_ACTTGTTACACTCCTGGACC,CP,1321,41,379
CP_CCCTACACCTTTCATTCACA,CP,905,558,669
CP_TGGGATTATGCCTCTGACCA,CP,681,212,144
CPA1_CTCTGTAGCCGATGAGGCCC,CPA1,404,450,552
CPA1_CGTGCAGTCGCTGCTGGACG,CPA1,2970,867,1590
CPA1_CTCCTCTCCAGTTCAGCACG,CPA1,2162,933,775
CPA1_CTTTGCCTTCACGCACAGCA,CPA1,1190,259,456
CPA1_CCCAACAGGAACTGGGACGC,CPA1,652,759,566
CPA1_TGAAGGCCTTGATGTTCCCA,CPA1,662,10,65
CPA2_AAAGTGTTCTTGGAGTCCCA,CPA2,209,8,81
CPA2_CCTTGAGCACGTTCATAGGC,CPA2,185,229,206
CPA2_GGCTTCCAGATACCTTGGAC,CPA2,1184,459,513
CPA2_CGTGGTATGAATCAGAGCAA,CPA2,2652,325,451
CPA2_GCATGGCACCAAGTACAAAG,CPA2,1787,1037,872
CPA2_TCAGATCCTGCCCACAGCCG,CPA2,1611,494,330
CPA3_TTTGCCTCCACAAAGGGAGA,CPA3,420,139,228
CPA3_GCTACGTGGTGGGTGGCACC,CPA3,331,47,64
CPA3_GGATTTCCGAGTTAGTGAGA,CPA3,414,183,122
CPA3_TGGGTCATTGGTGTTAGGAA,CPA3,1575,308,317
CPA3_TTTAGACTGGGCTTATGACC,CPA3,656,53,94
CPA4_GATGGGACCAGGACATCCAC,CPA4,138,49,37
CPA4_GCTTCAGATTTACCACGAGA,CPA4,630,178,134
CPA4_CCTGCATTCAGCCAAACGGC,CPA4,802,257,240
CPA4_TATCCATCAGGATTGGCCAC,CPA4,225,44,47
CPA4_ACCGATTATGGAGGAAGACG,CPA4,600,286,368
CPA4_CCTTGCTCCGAAGTGTACCA,CPA4,1744,397,411
CPA5_CCAGGATAAAGCTGAAGACC,CPA5,889,409,408
CPA5_AACAAGGTGGACTTCTGGCG,CPA5,1314,302,453
CPA5_CAGCCGGCGGGATTTCGCCA,CPA5,114,311,350
CPA5_ATTGGCAGTCCAGATGCCGG,CPA5,423,6,69
CPA5_TCAGTATGTCTGTCAGGACA,CPA5,1295,300,340
CPA5_GCATCGGCGTGGATCTCAAC,CPA5,133,140,121
CPA6_CAGCATAGTTTCTGTACAGG,CPA6,2136,570,455
CPA6_GCTTTCGAACTACGTGACAC,CPA6,58,447,185
CPA6_CAACTGGGATCCAGATCCAA,CPA6,202,139,74
CPA6_AAGGTTTCGCTGCCGTGGAG,CPA6,704,352,325
CPA6_GAAGTGTCTCGGGAAGCGCA,CPA6,307,181,168
CPA6_TGAAGTGTCTCGGGAAGCGC,CPA6,384,405,332
CPAMD8_TGTAGTTGTAGACACTGAGC,CPAMD8,1066,117,68
CPAMD8_AGTGAGCCTGAACCACCGGC,CPAMD8,32,268,126
CPAMD8_CCGGCTCACCTGTCTCAGAA,CPAMD8,1767,744,1031
CPAMD8_CCAGCACGTGTGGCTGGAGG,CPAMD8,658,52,4
CPAMD8_AGAAACTTACCGCAGCAGAA,CPAMD8,1585,390,474
CPAMD8_CCCAAGGGACCTACCCAGGA,CPAMD8,1863,490,489
CPB1_CGAGTTGGCCAGCACGACCC,CPB1,1117,570,605
CPB1_GATAGCCGGGTTCGTGCAAC,CPB1,661,202,145
CPB1_TTGATGGCTACATCTACACC,CPB1,516,344,164
CPB1_TCATCATTTGGGAGTACGAG,CPB1,1428,179,147
CPB1_ACCAAGTACACATATGGCCC,CPB1,1081,93,67
CPB1_GACGACTGGGCTTATGACCA,CPB1,277,84,161
CPB2_ACCAGGTATACACATGGCCA,CPB2,429,142,144
CPB2_GGTTTCCGAGCATGAGGAAC,CPB2,280,89,126
CPB2_GGAACTTTGCTTCCAAACAC,CPB2,987,435,320
CPB2_ATGAACCACAAGCAGAAAGC,CPB2,231,309,134
CPB2_CTGTTCATAGTACGATGCGG,CPB2,1313,197,257
CPB2_CTGCTCACAGAAGAGAACAA,CPB2,1227,300,416
CPD_GGGCCAAGTAGATCAACACC,CPD,1127,77,99
CPD_TCCTGTCGAAGCTGTGAAGC,CPD,873,496,273
CPD_AATCCGGGTGTCCATGAACC,CPD,1359,282,388
CPD_CTCTGACGCCCTGATGAACC,CPD,2432,994,1014
CPD_AGCCAGAGCCAGATTTGAGG,CPD,1076,236,487
CPD_TCTCTTACTTGGGTAACAGC,CPD,328,33,63
CPE_CATCAGCAGGATTTACACGG,CPE,1576,778,840
CPE_CCTATGCAACGAATACCAGA,CPE,395,182,193
CPE_GAACCGGAACTTTCCAGACC,CPE,699,88,182
CPE_CCATATGATGAGACGCGGAG,CPE,1330,532,654
CPE_CCTCATTAGCTACCTTGAGC,CPE,305,24,29
CPE_GACCACGATGTTACATCCGG,CPE,136,15,0
CPEB1_CTGGCCACTCCAGGTACAGG,CPEB1,316,144,199
CPEB1_TGCAGCTTGTCGGTGCAGCC,CPEB1,1419,425,618
CPEB1_CTCAGTTAGAGGATCACGCC,CPEB1,2029,374,604
CPEB1_GACTGAGGGACTGCAGGCCA,CPEB1,402,0,26
CPEB1_ACCTGGGACCTCCCATGGCA,CPEB1,1584,226,181
CPEB1_TTACTACACGTGGAGAGAGC,CPEB1,1756,341,618
CPEB2_ATATTCATGGCGGGCGGCGG,CPEB2,162,94,32
CPEB2_GGTATATTCATGGCGGGCGG,CPEB2,73,73,42
CPEB2_GGCAGAGATCATCGTAGAAC,CPEB2,1437,161,154
CPEB2_CGGAACATCCAGAATAGACC,CPEB2,892,278,394
CPEB2_TGAGGCCAATCTACTACCAA,CPEB2,1166,250,182
CPEB2_TCAGCACCTTCCTTTACCAA,CPEB2,1601,448,601
CPEB3_GCTGATTGGAGAATGCCACG,CPEB3,709,307,177
CPEB3_TTCCACTCACCAGCTCGAAG,CPEB3,2269,330,400
CPEB3_TGAGGCCAGTCTACTACGAG,CPEB3,1427,645,537
CPEB3_ATGACAAGGCTTGATCACCA,CPEB3,1418,218,158
CPEB3_TCATTGGTGGGCCACTGGGA,CPEB3,1380,138,94
CPEB3_CGTGGACCAGGTGCTGCCGA,CPEB3,689,87,27
CPEB4_GCATTTCTATGTGTGAAGGG,CPEB4,906,505,787
CPEB4_AGGACATATGGGCGAAGGAG,CPEB4,1069,216,287
CPEB4_GAACCCAGGCCACTATGAAG,CPEB4,1167,445,224
CPEB4_GAGGCCAATCCACAATCAGA,CPEB4,1,66,49
CPEB4_CATGCTGCAGCTGAACAAAG,CPEB4,1729,1095,1244
CPEB4_TCACCGCCTTCCTTCACCAG,CPEB4,1275,746,1040
CPED1_ACCAGACTCTGACCCTCCGA,CPED1,928,118,143
CPED1_ACTTTGGCAGCCATGGCCGA,CPED1,1087,56,92
CPED1_AGCCACGTGTGTGGAAACCA,CPED1,939,632,581
CPED1_GAGAGCCAGTTCACCTCAAC,CPED1,1231,33,171
CPED1_TGGCTATCTTACCATTCCAG,CPED1,620,164,172
CPED1_TGCACCTGTACGAGCAGGCA,CPED1,1791,360,741
CPLX1_GCAGTACGGCATCAAGAAGA,CPLX1,1250,402,172
CPLX1_CAAGTACGCCAAGATGGAGG,CPLX1,598,92,44
CPLX1_CCCAGACGCCGCCAAGAAGG,CPLX1,966,525,430
CPLX1_GGACCCAGACGCCGCCAAGA,CPLX1,922,250,256
CPLX2_GCTAACCAGAGCCGGCGGCA,CPLX2,527,29,44
CPLX2_CATGGACTTCGTCATGAAGC,CPLX2,342,317,170
CPLX2_GCGCTGGACCTCACCTCCAA,CPLX2,1606,277,366
CPLX2_TAAGGCCAAGCACGCGCGCA,CPLX2,2264,682,682
CPLX2_CCAGTATGGGCTGAAGAAGA,CPLX2,1339,491,724
CPLX2_CAGGGATGGCCTTCTTGGGC,CPLX2,195,6,54
CPLX3_GGTCTTCACCATGAACGCCA,CPLX3,86,26,11
CPLX3_CCGAAGCTCAGGGCATGAGC,CPLX3,1054,377,408
CPLX3_TGCACAGTTCACACAGAGGA,CPLX3,793,604,727
CPLX3_AGACAAATACCGGCTACCCA,CPLX3,700,97,234
CPLX3_ATCATCTTGGCCAGCTCCCG,CPLX3,1137,115,350
CPLX3_AGTGAGCCCAGGTTCAAGCC,CPLX3,676,105,31
CPLX4_ACAGTCTCACCTACAACACG,CPLX4,2578,741,845
CPLX4_CCTTCTCCGTCCAGTGCACA,CPLX4,803,597,493
CPLX4_TCCTTCTCCGTCCAGTGCAC,CPLX4,694,213,611
CPLX4_TGATTTCAGTGAAGGTGGCC,CPLX4,486,130,167
CPM_GAATCCAATTGCCCTTGGAA,CPM,754,140,60
CPM_AAATGGGTAACTGGCCACGA,CPM,490,280,278
CPM_AAACTGTGGCAGTCATGAAG,CPM,1425,302,263
CPM_ACACATATAGACTGTTGGGC,CPM,580,111,14
CPN1_GCACCATTCCCTTGATGCCC,CPN1,340,87,71
CPN1_CGCTGTAACTCCTCTTCGGG,CPN1,1864,594,230
CPN1_TGCGGAGATTACTTCCCAGA,CPN1,419,304,46
CPN1_GCATCCACCGGATCACCGCC,CPN1,10,55,78
CPN1_TTCCTGCCAACTAGATACCC,CPN1,141,159,138
CPN1_GCATTGGGCGCAGCGTGGAG,CPN1,735,130,253
CPN2_TTTCGTCCGGCCACGTGACC,CPN2,434,152,233
CPN2_AGCTGGTGTGTCCCGTCACC,CPN2,718,20,216
CPN2_ACCTGGCCTACCTCTTCAAC,CPN2,387,110,183
CPN2_GACAGGTTCTGGAAGAGGGC,CPN2,322,27,16
CPN2_CCGTAAGGTTGTTGCTGCCC,CPN2,1230,78,139
CPN2_CCAGTTTGCCAAACACACCC,CPN2,1800,492,685
CPNE1_TCACCCGACAAATCTTGACA,CPNE1,2490,688,572
CPNE1_TGGCAAGACCAGCACTCACC,CPNE1,209,325,161
CPNE1_CACCACAGAAATGCTGAACG,CPNE1,3559,1058,900
CPNE1_ATACCTCAGATCTGTACACC,CPNE1,115,139,61
CPNE1_GGCCAGAAACCTAGATAAGA,CPNE1,637,169,151
CPNE1_GCTTCTGGACTGTCTCAAAG,CPNE1,469,224,315
CPNE2_TGGCCAGAACCTACTGGACC,CPNE2,329,1049,796
CPNE2_CGAACTTCTTGGAGAAGGCG,CPNE2,300,267,103
CPNE2_GGCCTTACAGATCGCTGCCC,CPNE2,0,44,9
CPNE2_GCAAGTGGATGCTGGTCCAC,CPNE2,199,123,165
CPNE2_ACTGTGAATGGCTTCCACAC,CPNE2,2357,270,416
CPNE2_CTACGACTATGACAATGACG,CPNE2,1529,344,244
CPNE3_GCGCCACCTTTGTGACACAC,CPNE3,3249,520,478
CPNE3_TGTAGGTTGAGCGCACAGAA,CPNE3,1245,904,1015
CPNE3_CAAGAAGCTAACTCGACCAC,CPNE3,1627,283,710
CPNE3_GCTAATGGTTCATCGGACAG,CPNE3,762,706,520
CPNE3_CAATCATAAATCACGTGGCC,CPNE3,570,120,203
CPNE3_CTGATGGCCACTTCGCCCAA,CPNE3,1663,838,1158
CPNE4_ACTCATTGGGTTGGTAAGGG,CPNE4,565,559,356
CPNE4_GATTTCTGACCTTTAGCCGG,CPNE4,47,41,18
CPNE4_TCCAAATCCTTGCTGAAGCA,CPNE4,785,687,689
CPNE4_GGAGTGCACACTTGGCCAGG,CPNE4,738,70,124
CPNE4_TGAGTCCGCTGCCAACACAC,CPNE4,791,372,463
CPNE4_GCTGCTGGGTTCTACAGCCA,CPNE4,1304,224,210
CPNE5_GACCTCGGTCTTGTGGCAAA,CPNE5,1213,325,362
CPNE5_GCAGTTCTGTGCCAACAAGC,CPNE5,984,541,522
CPNE5_TTCAGCCTGAATTCCAGGAC,CPNE5,1708,691,474
CPNE5_AATCTCTCCAAGGGTGCAGA,CPNE5,70,74,127
CPNE5_TGTGCGTCATGTATACCCAA,CPNE5,788,288,89
CPNE5_CAGCATCCCGGCCACCAAGG,CPNE5,1882,407,1114
CPNE6_AAACTAACCCGGAATACAGC,CPNE6,856,102,192
CPNE6_TGAGTGTGTCCCGGTCCAGG,CPNE6,301,100,57
CPNE6_CACGTGTTCGATGCCGAGGA,CPNE6,1368,504,760
CPNE6_CACCTTCAGAGCCTACAAGC,CPNE6,2249,404,222
CPNE6_TGCATAGGGAATGCAGGGAC,CPNE6,755,493,326
CPNE6_TTTGTGGCACCTCCTGCCCA,CPNE6,445,106,40
CPNE7_AGCTCCACCTTCGAGGCGCA,CPNE7,389,264,165
CPNE7_GGTGGACTACTACTTCGAGG,CPNE7,284,89,59
CPNE7_AAGAAGGACCCGTCCTGGCA,CPNE7,303,188,301
CPNE7_ACAGATTGTGGCCCAGAAGA,CPNE7,1112,256,221
CPNE7_CTCCTTCCGGGCCAGGAAGC,CPNE7,815,454,534
CPNE7_CGACGACCAGGGCTTGCAGC,CPNE7,606,118,200
CPNE8_CTCTCCTATATGAGAGCCCG,CPNE8,329,218,129
CPNE8_TGGTTCACAGGGAAGTCGCC,CPNE8,71,0,92
CPNE8_GGAGAGATCGTTGGTTCACA,CPNE8,449,232,32
CPNE9_TCACCTCGGTCCGTCCGAAC,CPNE9,1265,562,663
CPNE9_TTCGCTCTACTCGGCTGCCC,CPNE9,345,0,14
CPNE9_GCTCCTGTAGAACACAAGGA,CPNE9,249,56,75
CPNE9_ATGCTGAAGGGCTGCCACAC,CPNE9,685,234,271
CPNE9_TTGATGTGTACGACTGGGAC,CPNE9,1053,426,516
CPNE9_CAGCTACCGGGAGCTGAGCA,CPNE9,1341,682,954
CPO_ACGCAAGCTCCTTAGGAACC,CPO,1594,322,238
CPO_GCCCACCTGTGAGGAGACCA,CPO,738,266,143
CPO_CTCCATGGTCTCCTCACAGG,CPO,731,165,245
CPOX_TTCTACGCCATCCAAGGGAC,CPOX,727,42,211
CPOX_GGAAGTTCTACGCCATCCAA,CPOX,503,44,71
CPOX_CTTTGTACAGAGCTGTGCCA,CPOX,812,149,160
CPOX_GCTCTGGCACAGGTAGACGG,CPOX,991,100,82
CPOX_GGGCGACATGAAGACCAAGA,CPOX,258,78,87
CPOX_CACGGCTCGACGTCGAGAGG,CPOX,953,202,267
CPPED1_TACCTACCAGAACCTCGACA,CPPED1,631,362,302
CPPED1_CGGGATGTGCTGGAAGACGA,CPPED1,1593,748,425
CPPED1_TCCAGGGAAGCCGTGGCGGA,CPPED1,29,127,156
CPPED1_GAGTCTTACCTGGCATGGCG,CPPED1,992,442,179
CPPED1_AGTTTGGGCTGATCAAGGCC,CPPED1,340,141,91
CPPED1_CCATGTCGGCTGCAGAGGCG,CPPED1,655,266,611
CPQ_TATAGCTTTCCCAGAGCACA,CPQ,443,132,176
CPQ_ATATAGCTTTCCCAGAGCAC,CPQ,309,128,229
CPQ_CTTTCGATGAACTGCAGAGA,CPQ,1073,307,220
CPQ_GACGGTGCAATACCGAACGC,CPQ,189,126,71
CPQ_TCCAACAGCCTGTATTACGG,CPQ,1338,513,682
CPQ_GCCAGTGAATTGCAGCCCAG,CPQ,1459,302,254
CPS1_AACCACTTCACCAGCAACAG,CPS1,2231,518,738
CPS1_TACTACTGCTCTGGATGAAC,CPS1,756,291,206
CPS1_CTACCAAGAGTTTAGGGCAA,CPS1,1477,548,299
CPS1_GATGTCAAAGTGTACGGCAA,CPS1,898,138,152
CPS1_ATTAGTGGTTCTGCAAGAGC,CPS1,410,118,15
CPS1_ACAAGATGTCCATGGCCAAC,CPS1,1211,142,228
CPSF1_CGTCGATGATGTAGCTGGGC,CPSF1,1137,102,231
CPSF1_GCTTGTCTACGGCACGCGGC,CPSF1,113,31,15
CPSF1_TCTGTGGTGGAGTACGACCC,CPSF1,525,7,0
CPSF1_GGACATGACGTTGCCAAAGA,CPSF1,1379,48,137
CPSF1_TGTCATTCTTGGTCAGAGCC,CPSF1,535,245,463
CPSF1_AAACAGGCGCATCCGCCCAC,CPSF1,302,27,0
CPSF2_CATACGGGAGGGCACCAAGG,CPSF2,2251,0,0
CPSF2_CCACCTATCATATGACCAGC,CPSF2,452,19,64
CPSF2_TTAATAGCAGTGGACACAGC,CPSF2,848,80,0
CPSF2_AACTTTAGGGCTAGGTACAC,CPSF2,582,99,45
CPSF2_CATCGTCCATGGCCCACCAG,CPSF2,2040,141,105
CPSF2_AGTTTCCAAAGTGGACACAG,CPSF2,498,36,25
CPSF3_AGCTGGTCGCTCTCCTCAGC,CPSF3,213,29,47
CPSF3_CTCGACTGTGGGATCCACCC,CPSF3,1451,0,9
CPSF3_TAGCGGGATACTGTGTAGAA,CPSF3,1490,12,0
CPSF3_CATAGACTAACCACATGAGG,CPSF3,1533,0,13
CPSF3_TACTTACTGGACAGGTCGCA,CPSF3,88,126,132
CPSF3_CACCTGTCAATTTCTGCAGC,CPSF3,752,547,646
CPSF3L_GGCTGTCCACCTCCACCAGA,CPSF3L,156,34,100
CPSF3L_TTCTCCTACATCACCCAGAA,CPSF3L,1583,116,52
CPSF3L_TCCGGATGCTGTGAGCAGCC,CPSF3L,534,159,127
CPSF3L_TCTTGCCCGCAATGGAGACC,CPSF3L,707,0,0
CPSF3L_CACCACACATCAGGATGACG,CPSF3L,1255,204,310
CPSF3L_GGCGTGAGCGCTTCCTCGGA,CPSF3L,323,119,311
CPSF4_GATCGCGGTGGAGCAGCAGC,CPSF4,772,1,76
CPSF4_GAGTTTCTTACCTTTGCCGC,CPSF4,92,25,33
CPSF4_GGTCTCCGTGCCAGCCAGGA,CPSF4,238,62,160
CPSF4_TGCGTGGCCTATGCAAGAAA,CPSF4,1926,119,215
CPSF4_TGTGTGCCGGTGCCTGCAGA,CPSF4,301,46,23
CPSF4_GGGCTGCTCGGTGGTTCCCA,CPSF4,129,0,82
CPSF4L_TACTTACTGGCATAATGGCC,CPSF4L,35,19,86
CPSF4L_ATAGGAGGTGCTGAATCCCG,CPSF4L,471,21,17
CPSF4L_ACTTGAAAGCTGGCTTCACA,CPSF4L,963,49,34
CPSF4L_TTCAGGTGACTGCAGCAACA,CPSF4L,2487,884,831
CPSF4L_AAGGATGTCGAGATGCAGAA,CPSF4L,1249,65,181
CPSF4L_GAAGGATGTCGAGATGCAGA,CPSF4L,208,69,46
CPSF6_TGTCGGCGAAGAGTTCAACC,CPSF6,488,42,0
CPSF6_CTTCAGATCCAACACCAACA,CPSF6,3018,0,3
CPSF6_TCCCGTGCAGCATTTCCACA,CPSF6,1056,66,60
CPSF6_CCAAGTGGACCGGGTGGACG,CPSF6,545,294,424
CPSF6_TGGGAGTGCTATTGAGACAC,CPSF6,2043,9,9
CPSF6_ACGTGAACGATCAAGAGAGA,CPSF6,535,0,35
CPSF7_AGATGAGGAGGTAATCGAGG,CPSF7,1009,39,82
CPSF7_GAGTGTGTCCGAGTCCCAAG,CPSF7,254,140,112
CPSF7_CTCCTATAGAGCGAATAACC,CPSF7,941,293,441
CPSF7_GGCTCCTGGCGAACAGGAGG,CPSF7,127,52,157
CPSF7_CCTTCCGGAGCCATGTCAGA,CPSF7,808,210,151
CPSF7_CCGCTCCCTCCCGACAAACC,CPSF7,2910,626,1724
CPT1A_TACATCTACCTCCGAGGACG,CPT1A,423,167,232
CPT1A_TACGTAATTTGTAGCCCACC,CPT1A,342,130,154
CPT1A_TCACAGTGTCTTTGACAGCC,CPT1A,1177,498,457
CPT1A_AAGTGCTGCTCTCCTACCAC,CPT1A,585,50,26
CPT1A_CACCACCACGATAAGCCAAC,CPT1A,1456,442,761
CPT1A_CAGTTCACGGTCACTCCGGA,CPT1A,215,217,219
CPT1B_CGTGGATGATGTTTCCCAGG,CPT1B,1424,95,45
CPT1B_CCCACCATGACTTGAGCACC,CPT1B,392,518,265
CPT1B_GGTGCCGGCTGGATAGAAGG,CPT1B,90,41,25
CPT1B_AAGCTGCTTCTCTGCTACCA,CPT1B,907,514,384
CPT1B_GGGTTCCTCCTTCTGCAACG,CPT1B,1219,444,332
CPT1B_CGACTTCCGGCTCAGTCGGG,CPT1B,133,264,23
CPT1C_CAGCGAGGGTCGGAAGCCCA,CPT1C,961,2,14
CPT1C_TTCTCCATCAGTCCTAAGGA,CPT1C,750,194,116
CPT1C_CCTGATCTTCACACTGCACG,CPT1C,1905,459,769
CPT1C_GCCAGAGAAGATGCGGACCA,CPT1C,1814,348,104
CPT1C_CACATAATTGGACGCCCACC,CPT1C,107,80,82
CPT1C_TCAGCGGATTTCGGGAGCGC,CPT1C,1316,395,332
CPT2_AACTGGCCATCATTCAAGAG,CPT2,1079,513,632
CPT2_TGTTGGTTGCCCGGGTGAGC,CPT2,1036,202,146
CPT2_TTCCTTTCCTTAGGACCAGG,CPT2,395,146,173
CPT2_GCGGCAGTACGGGCAGACAG,CPT2,1343,822,583
CPT2_ACAAGTGTCGGTCAAAGCCC,CPT2,217,46,33
CPT2_CTACCCAGGCCGCAATGCCC,CPT2,607,247,210
CPVL_TCTGATCTACAATGGCCAAC,CPVL,573,183,331
CPVL_CAGTACAGTCAGTTAAGCCA,CPVL,1393,463,252
CPVL_GGTGAGACAAGCCATCCACG,CPVL,480,113,55
CPVL_CAATGAGGACGATGTAGCAC,CPVL,941,275,330
CPVL_TGTTGGGCACCTACCTGAGC,CPVL,1564,301,324
CPXCR1_AACCCAATAAACAGGGAGCC,CPXCR1,492,136,197
CPXCR1_GCACAGACCTCACAATAGCA,CPXCR1,1424,602,430
CPXM1_GGCGAATGAAGCGGGCCACC,CPXM1,350,46,36
CPXM1_TCCGACTGTCATTGCTGAAC,CPXM1,1490,684,1055
CPXM1_CCATGGTTTCAGGTGGACGC,CPXM1,2265,400,484
CPXM1_TCGGTGTGGTCCAAGACCAA,CPXM1,767,136,239
CPXM1_CCCGCTGAGAAACAAGAAAC,CPXM1,1045,837,664
CPXM1_CCGTTAGCTGTCTCCGCCGG,CPXM1,1,40,0
CPXM2_GCGGATGTAGCGGGCCACCA,CPXM2,1009,121,187
CPXM2_ACGTGGGTCACTGTTAAGAA,CPXM2,1715,934,983
CPXM2_CTGGTGTCATCACTCAAGGG,CPXM2,1380,382,693
CPXM2_TCACCGTGGAGGCATGGAGC,CPXM2,1397,161,211
CPXM2_TGACATCTTCACGGGCCACA,CPXM2,450,245,185
CPXM2_ACGGGCAGGAGATCTGGAGC,CPXM2,1645,135,183
CPZ_TTCCGCTCAAACTCGCACCC,CPZ,1435,366,356
CPZ_GGTGGCCTGTGGCATTCACC,CPZ,238,21,43
CPZ_GCTGGTGTAGAACGCTCAGC,CPZ,72,19,81
CPZ_CGTAGGAGTGGTGGCTGAAG,CPZ,2320,591,609
CPZ_CTATGAGGTGGCAGCTGCCG,CPZ,558,428,255
CPZ_AGGGTGCCGGCTACAACGGG,CPZ,557,233,107
CR1_CTCCGGGCTTCTTGGAGAAG,CR1,1618,1049,1087
CR1_ACCAGAACCCTTCAATGGAA,CR1,1052,209,96
CR1_CCATTGGATATGGTTGGAGG,CR1,1899,244,318
CR1_CAGTGCCACACTGGACCAGA,CR1,118,83,104
CR1_GGTCCCATCTGTCATCCGCC,CR1,0,139,61
CR1_CGAGAGGTACATTTGGCCAG,CR1,2660,387,325
CR1L_AAGGGACGCTCGAGACGGAC,CR1L,815,48,26
CR1L_AAGGAAAGGGACGCTCGAGA,CR1L,189,83,158
CR1L_ATCAATGCAATGTCCCGGAA,CR1L,2031,512,445
CR1L_GCCTGGCACTTCACATGGGA,CR1L,15,30,139
CR2_TTTCTTGGCTCTCGTCGCAC,CR2,213,375,210
CR2_CGGCCATTTAGGATAGGCGG,CR2,359,312,329
CR2_GGAAGTGCTGGACACTCGAG,CR2,796,220,255
CR2_TCTCTAGGACGATTTCCCAA,CR2,148,166,79
CR2_ATTACACACCGACTAGAAGG,CR2,235,163,276
CR2_CACTTGTGACCCGGACCCAG,CR2,1077,230,384
CRABP1_CGTGGAGATCCGCCAGGACG,CRABP1,1901,362,293
CRABP1_CTACATCAAGACATCCACCA,CRABP1,3535,858,621
CRABP1_CTTGTTCTCATTCTCCCAAG,CRABP1,717,383,204
CRABP1_AACCTACTGGACCCGTGAGC,CRABP1,1448,218,425
CRABP1_GACGTTTGGCGCCGATGACG,CRABP1,1766,280,325
CRABP2_TCACTCTCGGACGTAGACCC,CRABP2,1910,488,414
CRABP2_GGATGACGTTGTGTGCACCA,CRABP2,797,255,268
CRABP2_CGGATGACGTTGTGTGCACC,CRABP2,3464,691,952
CRABP2_ACCAGAGAACTGACCAACGA,CRABP2,1536,262,359
CRABP2_GGTCAGTTCTCTGGTCCACG,CRABP2,379,57,348
CRABP2_AATCTCTGTGGTGCGCACGG,CRABP2,1333,525,119
CRADD_AGTACTCCGCTCACTTCGCC,CRADD,268,137,86
CRADD_CTGGATATCCTACCTTCCAG,CRADD,940,120,139
CRADD_GACTTCATAACAGAGTGGGC,CRADD,466,93,121
CRADD_GGGTAGACTTCATAACAGAG,CRADD,803,290,255
CRADD_GAGCTGTTGAGGATGTGCGA,CRADD,152,354,310
CRADD_CCACAACGTGCAGTCGCAGG,CRADD,837,477,581
CRAMP1L_GCTCAAGAAGCTGGGCAAGC,CRAMP1L,393,200,189
CRAMP1L_GGCTAATAGACAGCCAGAGC,CRAMP1L,514,293,155
CRAMP1L_TCCACGACTCCCACTGCCGC,CRAMP1L,24,31,67
CRAMP1L_GCCACTTCTACTACCGCACC,CRAMP1L,189,31,145
CRAMP1L_CCACCACTGTACGTTACAAA,CRAMP1L,3056,877,920
CRAMP1L_GGGCCATGTTACCTGAGGCG,CRAMP1L,1835,460,697
CRAT_TTGGAGGTGAGGATGCCCAC,CRAT,963,218,207
CRAT_CGTGGTACACAACTACCAGG,CRAT,520,143,287
CRAT_AGGCGTGATGCTACCCAAGC,CRAT,1504,245,319
CRAT_CACACCAGGATGCACTGCCA,CRAT,1255,170,337
CRAT_TAATTTCAGGACCGATCCCA,CRAT,215,38,3
CRAT_CACCACGGTCCTGGCAGCGA,CRAT,1343,40,203
CRB1_ATCTTCCAGCATATCCAGCA,CRB1,1065,440,564
CRB1_GCACGGGTAGTGGATTCACA,CRB1,145,381,193
CRB1_CATTGAGGTCGATCTCACAC,CRB1,1391,253,424
CRB1_AGGGACCCGGTGTAGCCAGA,CRB1,241,396,17
CRB1_ATCCGTGTCTGGCTAGAGCG,CRB1,398,389,418
CRB1_TGTGTAGGATCTTGGGCAAC,CRB1,1555,539,581
CRB2_TGGCTATACCTGTGGGCCCA,CRB2,914,265,293
CRB2_GGCACTCGTCGAGGTCCAGC,CRB2,0,1,113
CRB2_ACGAGGGCACGCACTGCGAG,CRB2,2527,593,856
CRB2_GGCACAGGAAACCCGCAGCA,CRB2,2466,311,321
CRB2_AGCCGACTGCGGTGTGGAGG,CRB2,1216,219,216
CRB2_AGGGCATGGCAATGGAGCCG,CRB2,320,228,128
CRB3_CACCAGGTTGCCATCGGAGC,CRB3,1111,229,120
CRB3_CGGGAGAAGCGGCAGACGGA,CRB3,502,228,272
CRB3_TCAAGTTGCCGCCGGAAGAG,CRB3,2106,640,1039
CRB3_TCAGTTCTCCCATGCAGCCG,CRB3,2366,589,716
CRBN_GGCTTGCACAGATCTTACAC,CRBN,1066,152,259
CRBN_CCACCACCATAATATTACCC,CRBN,2169,490,269
CRBN_TTTATCCTTATGTGGGCCGA,CRBN,98,132,112
CRBN_CATTGGTCTTCTCTTGAGAC,CRBN,1058,195,87
CRBN_TGTATGTGATGTCGGCAGAC,CRBN,1683,113,445
CRBN_ACTCCGGGCGGTTACCAGGC,CRBN,597,138,96
CRCP_CAGGCCGGTGGTTCAGCAGC,CRCP,426,0,13
CRCP_GAGTGAAGAGCGGCTCACGG,CRCP,703,0,31
CRCP_CAATGTGGCAATGGACGAAG,CRCP,2187,285,273
CRCT1_CAGAGCGCCGTTTCCGCCAA,CRCT1,688,456,563
CRCT1_GGTCCCAGCGCTCCAACAAC,CRCT1,1541,335,178
CRCT1_AGCTCCGGTTGTTGGAGCGC,CRCT1,883,165,70
CREB1_CAGCTGTACTAGAGTTACGG,CREB1,1147,51,69
CREB1_GACTTATCTTCTGATGCACC,CREB1,376,2,105
CREB1_TGGAGTTGGCACCGTTACAG,CREB1,1730,97,247
CREB1_CAATGCAGCAGCCACTCAGC,CREB1,341,81,94
CREB1_AATGCAGCAGCCACTCAGCC,CREB1,1752,79,133
CREB1_AGGTCCGTCTAATGAAGAAC,CREB1,810,43,33
CREB3_TCCATAGAGACAGTTTCCCG,CREB3,1685,265,513
CREB3_AAATTCTGAAACGTGTGCGG,CREB3,198,102,118
CREB3_GGCTGTGTATTTCAAGACCC,CREB3,633,190,233
CREB3_ATATCTCAATCACCATGGCC,CREB3,255,77,146
CREB3_CTCTTACCTCCATGCTCAGC,CREB3,551,408,217
CREB3_AGGATGGGACCTCGGCAGAG,CREB3,181,185,60
CREB3L1_GAACAGCCTGTCGGCCGGGA,CREB3L1,440,49,47
CREB3L1_AAGATGGAGGACACCACCCA,CREB3L1,1355,88,107
CREB3L1_TAGATGCAGAGCATGGAGCA,CREB3L1,828,585,474
CREB3L1_AGGAACTGGTTCACCTCCAG,CREB3L1,337,253,67
CREB3L1_AGCCGTCGCTGTCACTGCCA,CREB3L1,837,256,496
CREB3L1_GGAGAGCCGTCGTAAGAAGA,CREB3L1,478,221,83
CREB3L2_TCAGACTTTGGTGATGGGCA,CREB3L2,459,267,305
CREB3L2_GAACTTGGAGCTTCGGAAGA,CREB3L2,1573,178,155
CREB3L2_TCCATAACCCAAAGGGACAC,CREB3L2,774,252,379
CREB3L2_CCAGTGTTCATTTCCAGAGG,CREB3L2,1597,427,566
CREB3L2_AGCCTGGATGAGAGGCGCCG,CREB3L2,758,24,54
CREB3L2_CGAGGCCCTCATGTACCACA,CREB3L2,1249,718,658
CREB3L3_TACGGATTTAGCTGCTGGAA,CREB3L3,1557,726,515
CREB3L3_GGACGGCATCCTGAGACACG,CREB3L3,1176,46,177
CREB3L3_AGTTGCCAGGATGATAGGAG,CREB3L3,931,170,301
CREB3L3_CACTGCTGCCCGAAAGGAGG,CREB3L3,196,94,217
CREB3L3_ACCAGGACTCACTGCGACAC,CREB3L3,523,447,213
CREB3L3_TGAGGGCAAAGGACAGCAAC,CREB3L3,1181,481,786
CREB3L4_CTGCAAGGCTGGAAGTCCGG,CREB3L4,2508,105,56
CREB3L4_CATAGGAGAACTGGTTGCCC,CREB3L4,994,18,0
CREB3L4_CTACGGTGCCTGCTCTGGGC,CREB3L4,1294,248,320
CREB3L4_CTCCTCATCGGTCAGGAACA,CREB3L4,1225,602,1110
CREB3L4_CAGCTCAGGACAGTCGGCGG,CREB3L4,1194,161,219
CREB3L4_TACCTCCCTACATTCTAGGG,CREB3L4,532,300,180
CREB5_AGCAGTCCAGCTCGCTGAAG,CREB5,1124,395,464
CREB5_GCTGGACTGAGGCGACGGCA,CREB5,415,107,123
CREB5_CTCATGTTCTGCACCTCAGG,CREB5,1238,286,279
CREB5_TGGCATTGTAGGGTTGGGCA,CREB5,1193,619,417
CREB5_CATCTCCATCATGTGTCCCA,CREB5,998,149,250
CREB5_CCGCTGCAGACAGAAGAGGA,CREB5,1769,2055,1365
CREBBP_CTTAGCCCACTGATGAACGA,CREBBP,1487,348,315
CREBBP_ATAGGCTCGCTGCATGGAGC,CREBBP,445,69,139
CREBBP_TCGACAATGCGGGAGCGAGC,CREBBP,711,66,78
CREBBP_GGACAGCCCTTTAGTCAAGC,CREBBP,1294,591,925
CREBBP_AGCCCTGCCACGTCACAGAC,CREBBP,700,88,75
CREBBP_AGAGCCAAACTCAGCTCGCC,CREBBP,199,248,165
CREBL2_AGCTATATGTGCCCTCAGAG,CREBL2,2750,616,1167
CREBL2_ATGTGCCCTCAGAGAGGAAC,CREBL2,95,148,146
CREBL2_GAACTCAAGCAGGCATACCA,CREBL2,1016,362,437
CREBL2_TCAAGCAGGCATACCAAGGC,CREBL2,2516,1366,748
CREBRF_AGGGTGCTTTAACCTCAAAC,CREBRF,596,392,397
CREBRF_TCAACCCAGTGCAACAGAGC,CREBRF,1472,396,273
CREBRF_TGTGTGAATCTGGCTCAACA,CREBRF,1341,502,910
CREBRF_TTACACCATCACAGCAAGAG,CREBRF,2188,643,742
CREBRF_TCTGAGGTTTGCCCAGCAAC,CREBRF,1210,253,594
CREBRF_TAATCCTACAAGGCCTCCAG,CREBRF,305,73,47
CREBZF_TACAACGGAGCCTGGCAGGA,CREBZF,1119,157,125
CREBZF_GCAGTCTTAGCCAACGAGAC,CREBZF,1949,577,335
CREBZF_ATCCGAGCCTCCGCCAGACG,CREBZF,740,200,230
CREBZF_CCTCTCTCCTCGTCTGGCGG,CREBZF,638,63,245
CREBZF_TGGACGTACAGGTTGTGGGA,CREBZF,1436,484,194
CREG1_CCAATTATGGCTGGAAGGCC,CREG1,592,423,322
CREG1_GCTGTCAGGAACTGTGACCA,CREG1,1317,652,658
CREG1_GAGCGAGAGGACGTCGGCGA,CREG1,204,153,79
CREG1_CCAACAGCGTCGACGCCAGC,CREG1,637,306,374
CREG1_CAACAGCGTCGACGCCAGCA,CREG1,2026,1013,394
CREG2_CGCATCCAGTATTTCAAGGG,CREG2,2062,567,706
CREG2_TGATTCTGGCAGCATCAGCG,CREG2,612,230,341
CREG2_TTCATCAGATCAGCCACCAC,CREG2,690,110,248
CREG2_ATGTTCTCCTACCGGCGCGA,CREG2,724,67,70
CREG2_CAACGAGGTGGACGAGGAGC,CREG2,465,53,138
CREG2_TTGGGCCGTCACCAACGAGG,CREG2,345,198,99
CRELD1_GGTTGACAGCTTTAACAAGG,CRELD1,474,182,168
CRELD1_ATCCGGGACAACTTTGGAGG,CRELD1,1575,171,304
CRELD1_TCCGATCAGTGAGACCCGCC,CRELD1,919,312,241
CRELD1_CAAAGTAGCCAAGGCCACAC,CRELD1,1813,358,574
CRELD1_GGTCCTGAGCATCGGGCACA,CRELD1,16,377,49
CRELD1_ATTGATGAGTGTGGCACAGA,CRELD1,628,165,235
CRELD2_GGTGGACAAGTTTAACCAGG,CRELD2,147,7,16
CRELD2_GAACTTTGGCGGCGGGAACA,CRELD2,513,96,477
CRELD2_AGAGGCGCAGGAGGAGCACC,CRELD2,724,0,44
CRELD2_AATGGCCACTGCAGCGGAGA,CRELD2,11,33,1
CRELD2_CGGAACACGCACACCCAGCC,CRELD2,3555,1063,1083
CRELD2_GCGGCGAGTGTGAAGTGGGC,CRELD2,1315,720,435
CREM_GCTCATGTGCAGACTCAGAC,CREM,1978,576,476
CREM_CCCTCGGAATAAAGCAGCCC,CREM,720,336,216
CREM_TTTCAGGCGTCCTATAGAAG,CREM,1169,367,241
CREM_GGACAGTAACCACCTCCCGA,CREM,165,40,52
CREM_GCTGGATCAGGCACCAGAAG,CREM,388,129,92
CREM_ACCACCTAGTATTGCTACCA,CREM,788,374,298
CRH_GAGCGAGGAGGCGGGCGAAA,CRH,1022,503,370
CRH_TCTCCCATGCGGAGCAGGAC,CRH,1224,97,181
CRH_AGCCACCAGCAGGACTCCCG,CRH,1583,278,669
CRH_CTGCCGCTGCTTGTGTCCGC,CRH,1206,40,138
CRHBP_CTTCCTGACGGCTCTAAGAG,CRHBP,1004,597,408
CRHBP_TTGGCGCTGAAGAGCAGGAA,CRHBP,1153,504,477
CRHBP_AGTTCACCTTCACCGCCGAC,CRHBP,436,0,37
CRHBP_TTCTTCCGAGTCCATGAACC,CRHBP,1433,366,638
CRHBP_AAGACCATTTACGTGTCCCA,CRHBP,256,20,124
CRHBP_CCTCACCCGGGCCATGAAAG,CRHBP,1854,369,645
CRHR1_TAGCCGAGCGAGCCCGAGGA,CRHR1,734,606,382
CRHR1_TACCGGGAGTGCCTGGCCAA,CRHR1,597,409,357
CRHR1_GGGCCACCAGGGAGATACAG,CRHR1,1483,315,481
CRHR1_GGATGATGTTTCGCAGGCAC,CRHR1,713,200,142
CRHR1_TTCTTCTGGATGTTCGGCGA,CRHR1,1302,333,191
CRHR1_AGGTTCTTACCAGCAGGACC,CRHR1,961,61,116
CRHR2_GACATTTCGCAGGATAAAGG,CRHR2,1389,191,220
CRHR2_CGGAAGGGCAGACTCACCGC,CRHR2,1708,166,266
CRHR2_AAGAGCTGCTCTTGGACGGC,CRHR2,531,261,299
CRHR2_AGGTCCCTGTCTTCAGGCCA,CRHR2,272,150,165
CRHR2_CTGCTCCAGAAGTGCCCACA,CRHR2,2430,471,616
CRHR2_CCTGCACTTACGTATTGGAG,CRHR2,1600,475,351
CRIM1_TCCCTCACCGAGTACGAAGC,CRIM1,3498,1148,863
CRIM1_GAGAGAACTGGACTTCACAG,CRIM1,495,57,124
CRIM1_ACGCGGTCTGCTGAACAGGA,CRIM1,681,859,892
CRIM1_CGCATAGTCTCTCGTGGCGA,CRIM1,1157,897,626
CRIM1_CGCAGTTTATCTCACCACAC,CRIM1,3614,1313,1043
CRIM1_GAGTGTTGCCCTGTGTGCGA,CRIM1,147,329,88
CRIP1_GGGTCCCACCTACCTCAGCG,CRIP1,1109,380,934
CRIP1_CATACCTTTAGGCCCAAACA,CRIP1,1130,353,437
CRIP1_TTCTCTGCAGGCTTTGGGCG,CRIP1,50,23,103
CRIP2_GGTCAGGCTGGTCAGTCGGG,CRIP2,376,9,36
CRIP2_CAGCAAGACGCTGACGCCCG,CRIP2,1419,300,366
CRIP2_CTCACCTTTGGGTCCGAACA,CRIP2,1753,895,1188
CRIP2_TACACCTTCTTGCTGCAGCG,CRIP2,735,310,309
CRIP2_AGAGACGTCACCTTCTCAGC,CRIP2,344,23,15
CRIP2_GGAATCCTCTTCGGACCCAA,CRIP2,225,147,97
CRIP3_GCCAGGGTATGCTTAACCAC,CRIP3,827,273,130
CRIP3_CAACGCTGGCACCTCAGACA,CRIP3,1852,353,249
CRIP3_GCTTCAGCCCTCCCAGGCCA,CRIP3,1195,329,183
CRIP3_TCTGCTTGTGCCCAGCACAA,CRIP3,325,52,55
CRIP3_AGCGGTGCCAGTTCTTGCCC,CRIP3,788,28,181
CRIP3_AGGTTGCTGGCAACGCGGAC,CRIP3,1181,199,331
CRIPAK_CCTACAGAACCACCATGCCA,CRIPAK,253,89,79
CRIPAK_TCTGACTCGGCCGGCAGGAC,CRIPAK,874,1,53
CRIPT_CCAGGTTCTCATTACTGCCA,CRIPT,24,12,87
CRISP1_TTGTTGGCGGCAAGATGCAA,CRISP1,1261,232,229
CRISP1_ATTGCATCTTGCCGCCAACA,CRISP1,1813,431,417
CRISP1_CTTGGAAGTCTCCTCTCAAG,CRISP1,1833,213,151
CRISP1_TTGGAAGTCTCCTCTCAAGG,CRISP1,1103,338,265
CRISP2_TCATCAGGGCAACCGGCACA,CRISP2,1462,356,569
CRISP2_CACCCAGTTGCAAGTGCAAA,CRISP2,1030,1086,1018
CRISP3_TGCCCAGATAACTGTGACGA,CRISP3,1761,316,645
CRISP3_AGGCATTTCCACATCCAACG,CRISP3,1686,303,463
CRISP3_AATGCAGATCCCTGTTCCAC,CRISP3,715,156,130
CRISPLD1_TACTCTGAGCCACTCCCGCG,CRISPLD1,181,414,177
CRISPLD1_GAAAGTTGCTTGTGGGAACA,CRISPLD1,1572,1079,815
CRISPLD1_ACTAGGTGGGCAAGCAGAAC,CRISPLD1,1120,610,873
CRISPLD1_CTCTAACAGAAGGGTCAGAC,CRISPLD1,1376,579,318
CRISPLD1_TACCTTGGGCAATGTGAAGC,CRISPLD1,1121,302,186
CRISPLD1_GGAGTGGTTCGAAATCACGG,CRISPLD1,1125,203,165
CRISPLD2_AGCCTTGGGATCCGCAGACC,CRISPLD2,1342,694,325
CRISPLD2_GCAGACCTGGGATGACGAAC,CRISPLD2,766,191,70
CRISPLD2_GAGCACCTCTCTGGACACCA,CRISPLD2,363,20,200
CRISPLD2_CCAGACAGTCATCTTCCGGC,CRISPLD2,21,175,175
CRISPLD2_CCATGTTTGGCTCCAACCGA,CRISPLD2,1310,419,383
CRISPLD2_ACAGGCTCACCTGTTACACG,CRISPLD2,1362,545,991
CRK_CGGTGCATGATTACTTCACG,CRK,1583,270,138
CRK_GATTCTGTTGATCCAGCAGA,CRK,1,14,16
CRK_AATCAGAGCCGATACTGAGG,CRK,706,26,64
CRK_CCAGTTTCCAGATCCAGGCA,CRK,1395,61,124
CRK_GCAACTTCGACTCGGAGGAG,CRK,1942,130,150
CRK_CGAGTCGAAGTTGCCCGCCA,CRK,889,121,93
CRKL_GCGGTCCGAGGAGTCGAACC,CRKL,423,16,6
CRKL_TGCGCCTCCTGGCGAGACAC,CRKL,546,53,66
CRKL_GGTTATCTTCTGCTGTAGGC,CRKL,223,35,2
CRKL_TGGAGTGCCCGGAACAAGGA,CRKL,1157,1,42
CRKL_AGTGGGAAGGCGAAGTGAAC,CRKL,321,54,81
CRKL_GCGAAGTGAACGGGCGCAAA,CRKL,2498,352,290
CRLF1_TCCTTCCAAGCACAGGACGA,CRLF1,72,217,122
CRLF1_TGCTTGAGCTCGCGCCGCAC,CRLF1,466,37,72
CRLF1_TGGAGCCATAGATGCCAAAG,CRLF1,1449,426,655
CRLF1_ATACCAGATCCGCTACCGAG,CRLF1,1643,89,535
CRLF1_CAGCGTGAGTACATCGGAGC,CRLF1,894,247,278
CRLF1_GGTGGAGGCGTTGAGTACAC,CRLF1,63,10,5
CRLF3_AGAGTCTGCGCCCGAGGAGA,CRLF3,545,166,110
CRLF3_CTCGGGCGCAGACTCTGAAC,CRLF3,1093,448,231
CRLF3_CAGTTCAGAGTCTGCGCCCG,CRLF3,942,710,639
CRLF3_CCTCGCACATTCAGTTGGAC,CRLF3,1557,90,322
CRLF3_TTCTCCCACACCACCAAGCA,CRLF3,2043,865,1037
CRLF3_GAGGACTTAGTCCGAGAAGG,CRLF3,198,7,31
CRLS1_CGCCACGCGCAAGGCTAGCA,CRLS1,1545,534,1766
CRLS1_CGCCCGAACAGTGGTTCCGC,CRLS1,310,23,9
CRLS1_CGGAACCACTGTTCGGGCGC,CRLS1,738,188,367
CRLS1_GGAACCACTGTTCGGGCGCG,CRLS1,123,13,206
CRLS1_TAGTTGGTCGAGTATGCCAC,CRLS1,208,45,27
CRMP1_TGCCCTGAGCAGACCTGAAG,CRMP1,2186,783,712
CRMP1_CTACCAAATGTCCGACAGCC,CRMP1,2466,656,654
CRMP1_TTCGTGCCACTTCTCGAAAG,CRMP1,2074,668,538
CRMP1_GGGCGGATGGTTATTCCCGG,CRMP1,1,22,154
CRMP1_GCTGACGTCTACCTGGAGGA,CRMP1,140,150,105
CRMP1_CTTGGACGGGTATGGCGGAC,CRMP1,1484,166,345
CRNKL1_TCTTAACATCAGGGTGCACG,CRNKL1,1268,42,19
CRNKL1_AAACGTTGCCGGTGCCCGGC,CRNKL1,291,66,75
CRNKL1_GAGGCAGCGTTGTTATGGCC,CRNKL1,7,0,0
CRNKL1_GCAGTTATCTGTACCTCAGC,CRNKL1,695,3,0
CRNKL1_GACGCGCAGCCTGGTCACCA,CRNKL1,1331,527,659
CRNKL1_GGAGAACCTAACGTTCCAGA,CRNKL1,0,38,35
CRNN_CGCTGTGTGACAGAAGGGCA,CRNN,1161,313,415
CRNN_GCCAAACTGTAAGCCACGGA,CRNN,619,87,55
CRNN_TCCAGACTCTTGAGAGCCGC,CRNN,581,107,298
CRNN_GGTCTTCATCCAGCAGACGC,CRNN,133,82,170
CRNN_CAGGCGCTATGCAAGGACGG,CRNN,1326,416,334
CRNN_CTTCAGGCGCTATGCAAGGA,CRNN,1183,284,633
CROCC_ACTAGAGACGGTTATCCAGG,CROCC,137,25,87
CROCC_CGAGCTCATCGCGCTCGGCA,CROCC,1112,164,273
CROCC_CTTCCAACGGCAGCCTGCGG,CROCC,497,64,115
CROCC_GCTGCTCACCTCGCGAAGAC,CROCC,656,601,247
CROCC_GCTCCTCATTGGAACGCCGC,CROCC,621,96,70
CROCC_ACAGGGAGAGTACCTGACGC,CROCC,0,0,9
CROT_TGAACACTACTGGCCTCCAA,CROT,1795,210,230
CROT_AAACCTGAGAAGCTCTGGCG,CROT,1976,228,234
CROT_CATAGTGAACCTGATGGACC,CROT,841,476,206
CROT_CAGTCCACATGTAACACCAG,CROT,1273,320,326
CROT_TTGGAGATCCAACAGTACGC,CROT,848,220,457
CROT_GCTGTTTCATAGCAACAACC,CROT,760,313,138
CRP_ACGGAACTGTCCTCGACCCG,CRP,1633,287,564
CRP_AGGACAGTTCCGTGTAGAAG,CRP,842,481,291
CRTAC1_ACTGGCCGCAGCGTCCACAA,CRTAC1,1156,408,375
CRTAC1_GAGGCCAGTGACCTCTCCCG,CRTAC1,65,100,61
CRTAC1_AGAGCGTCCGGCAAAGAGGC,CRTAC1,396,200,132
CRTAC1_CCCGGTCATACTTCAGAACC,CRTAC1,3098,440,566
CRTAC1_CTGCCACACCATAGTTGAGC,CRTAC1,1313,333,280
CRTAC1_CCGGTGCAGATACTCACGCC,CRTAC1,1599,177,246
CRTAM_CTAAGTCCTTACCTTGCAAG,CRTAM,1601,420,421
CRTAM_AGCCAGGTTATCTGCGGAGG,CRTAM,430,236,389
CRTAM_CCCAAATCTTCAAACCGGAA,CRTAM,1949,799,1272
CRTAM_CAGTGGGTGACACTTACCGG,CRTAM,1071,474,305
CRTAM_TCAGCTTCATGATGAAGAGC,CRTAM,906,222,397
CRTAM_AGTTCATGCAACGCATAGGG,CRTAM,472,22,68
CRTAP_AGCGCTTGAGGCAGTGCGCG,CRTAP,713,126,71
CRTAP_CTGCCTCAAGCGCTGCAAGC,CRTAP,47,85,12
CRTAP_TGTAGTCCTCGGCACCAGGC,CRTAP,822,203,270
CRTAP_CGAGCAGTGCGGGCATACAA,CRTAP,1910,605,748
CRTAP_TGTGGTACTGGTAATACACC,CRTAP,349,73,134
CRTAP_TGTGGATGACCTCTTGGAAC,CRTAP,2023,436,441
CRTC1_GCACAATCAGAAGCAGGCGG,CRTC1,915,129,59
CRTC1_GCCATAGTACTGGCCTCGGC,CRTC1,200,89,0
CRTC1_TGTCAGTGGACAAACACGGA,CRTC1,2053,257,298
CRTC1_GACCTCACAGGACTTGGGCC,CRTC1,311,34,114
CRTC1_CCCGCCACCCACAACACAGG,CRTC1,1364,246,465
CRTC1_CACAGAGGCAAGGCGTCAGC,CRTC1,812,6,119
CRTC2_GGCCCAGGCTATGATGCACC,CRTC2,423,179,155
CRTC2_ACAGGACCGAGGTCGGGAAG,CRTC2,729,224,116
CRTC2_AGCATCCTGCCCAGCCGACG,CRTC2,616,56,195
CRTC2_TGGCGGGTGTATCGGCGAAG,CRTC2,52,44,23
CRTC2_TAACCAGATTGGCTCTGGCC,CRTC2,280,173,176
CRTC2_GCAGCGTCAGGCCGAGGAGA,CRTC2,628,100,155
CRTC3_CGCGCTGCACACGCAGAGAC,CRTC3,1325,340,258
CRTC3_GGATCGAGGGCGTCCTGACA,CRTC3,799,481,322
CRTC3_CCCAGCTGCTATGACCCACC,CRTC3,488,223,417
CRTC3_AGCGTGAGAGGGCTGACGGG,CRTC3,754,236,276
CRTC3_CTGCCAGAACTCACCTGGGC,CRTC3,294,294,79
CRTC3_CCACCTGTTGAGGAAAGGCA,CRTC3,2458,134,164
CRX_ATGATGGCGTATATGAACCC,CRX,257,27,109
CRX_CACCTTCACCCGGAGCCAAC,CRX,1903,317,778
CRX_CAGTTGGCTCCGGGTGAAGG,CRX,1115,585,655
CRX_CGGAGACCCATAGGCGGAGG,CRX,618,272,120
CRX_GCTCGGAGACCCATAGGCGG,CRX,456,0,46
CRX_AGCTGCTCCCGCTCCTAGAC,CRX,982,600,1007
CRY1_TCAAACGGCTTGCCTCAGCA,CRY1,687,572,278
CRY1_ATGACACAGCTTCGTCAGGA,CRY1,162,124,264
CRY1_TCATCATGGTCATCAGACAG,CRY1,1622,442,399
CRY1_TGCGTCTCGTTCCTTTCCAA,CRY1,1446,149,292
CRY1_TCCACGAATCACAAACAGAC,CRY1,552,377,372
CRY1_CAGGATGTAGACGCAGCGGA,CRY1,1133,92,339
CRY2_CTACCATGTGTGGGTCCGCC,CRY2,40,276,260
CRY2_AGGAGGAGGCCGCGAACCAC,CRY2,705,79,48
CRY2_AGCCAGCCGACGTGTTCCCA,CRY2,221,115,166
CRY2_ATACCCTCTATGACCTGGAC,CRY2,35,60,218
CRY2_CTTGGTCCAGCTGTCTGGCA,CRY2,1474,147,328
CRY2_CCCACAGGCGGTAGTAGAAG,CRY2,81,18,11
CRYAA_CCCAGGGTGCGCTTGAACCA,CRYAA,3422,1384,828
CRYAA_CTGATGGTGGACGACAGGAA,CRYAA,2747,403,686
CRYAA_TGACTGTCTCCTGGACAGAC,CRYAA,745,254,232
CRYAA_ATTTCAGGTTCGATCCGACC,CRYAA,252,72,62
CRYAA_CGGAAAGCACAACGAGCGCC,CRYAA,620,311,242
CRYAA_GCTTCTCCTCCCGCGACACG,CRYAA,1724,375,312
CRYAB_CTCTTCACGGGTGATGGGAA,CRYAB,1981,561,423
CRYAB_TCATCTCCAGGGAGTTCCAC,CRYAB,344,169,104
CRYAB_AGATGCGCCTGGAGAAGGAC,CRYAB,583,188,115
CRYAB_GAGTCCAGTGTCAAACCAGC,CRYAB,391,118,127
CRYAB_GCACCCAGCTGGTTTGACAC,CRYAB,1731,365,388
CRYAB_GAGGGTGGCCGAAGGTAGAA,CRYAB,126,96,15
CRYBA1_AACCCTTCCAACCACCAAGA,CRYBA1,583,372,126
CRYBA1_GCGCTCAGAGACATTTGGAC,CRYBA1,1263,456,178
CRYBA1_TAATGTCCGGTCCCTGAAGG,CRYBA1,81,35,80
CRYBA1_CGGTCCCTGAAGGTGGAAAG,CRYBA1,1455,365,414
CRYBA1_CCTCGCTGGGATGCCTGGAG,CRYBA1,1382,289,200
CRYBA1_CCACTCCAGGCATCCCAGCG,CRYBA1,5426,1149,2492
CRYBA2_GCTACCAGTATGTGTTGGAG,CRYBA2,512,74,87
CRYBA2_GGGATGGGTAGTCATCAACG,CRYBA2,88,186,111
CRYBA2_CCGTGTGACACTGTTTGAGG,CRYBA2,2613,549,382
CRYBA2_ACTATCCTCGCTGGAGCGCC,CRYBA2,283,73,44
CRYBA2_TGTGCGAACGTCTGCGAGCG,CRYBA2,982,590,501
CRYBA2_CGCTTAGCAGCCGACAGCGA,CRYBA2,3397,1167,1326
CRYBA4_CTGCAATGCACAAAGTCAGC,CRYBA4,656,376,126
CRYBA4_AACGAGGCGAATATCCAAGC,CRYBA4,283,167,416
CRYBA4_TTGTCAGCCTCGAGTCACGG,CRYBA4,1838,136,285
CRYBA4_ATCCTCGGTAGCCCGGAAAC,CRYBA4,1365,482,794
CRYBA4_TACTGAAATCCTCGGTAGCC,CRYBA4,1061,455,164
CRYBB1_GCTTGTCACGCAGGCGACGC,CRYBB1,654,61,108
CRYBB1_GCAACACCATAGAGATCCAG,CRYBB1,542,157,130
CRYBB1_AGTACCCTCGCTGGAACACA,CRYBB1,401,116,109
CRYBB1_AGACAATGATGCTGCGCACA,CRYBB1,1366,461,232
CRYBB1_CTTACCCTGTAGTTCCCAGG,CRYBB1,553,82,93
CRYBB1_CTTGGCGCTGGTAATAGGCA,CRYBB1,1121,285,455
CRYBB2_CAACCTGAAGGAAACTGGCG,CRYBB2,961,249,208
CRYBB2_GAAACTGGCGTGGAGAAGGC,CRYBB2,51,66,265
CRYBB2_GGTTCTGTCCTAGTGCAGGC,CRYBB2,470,117,84
CRYBB2_ACTCATGGACCAGCAGCCGA,CRYBB2,859,178,195
CRYBB2_TACGGCGCACGGACTGCACC,CRYBB2,535,146,221
CRYBB2_CATGTCGCGGATACGGCGCA,CRYBB2,290,164,71
CRYBB3_GCACCCGAACAGGCTGCAGC,CRYBB3,59,36,46
CRYBB3_GACCGACAGCCTGCTGGAGA,CRYBB3,244,281,160
CRYBB3_GGGTCTAGGTACTCACGGCC,CRYBB3,102,126,187
CRYBB3_ACTATCACGGCTGTTGGACC,CRYBB3,929,371,331
CRYBB3_CGAGTGTCCGTGCCATCAAC,CRYBB3,1577,574,586
CRYBB3_GACCAGAAGTGGCACAAGCG,CRYBB3,1692,475,645
CRYBG3_TGCCTGGGCTGTCTTGAACA,CRYBG3,1964,851,672
CRYBG3_CTGAGATGTAACCCAAGACC,CRYBG3,2777,334,366
CRYBG3_ACTGCTCTCTGTATGTAGAC,CRYBG3,573,430,396
CRYBG3_ACAGTTCTGGAGGAAGACCA,CRYBG3,433,341,253
CRYBG3_TCTTAAGGGTGGACTGAAAG,CRYBG3,1300,409,604
CRYBG3_TTTAGATGCTGGGCAACCGC,CRYBG3,1358,314,184
CRYGA_CCAAAGTCGGCTCTTTGAGA,CRYGA,783,207,158
CRYGA_ACGGAACAGTTCTGGAACAC,CRYGA,627,319,286
CRYGA_CAGCCTTAACTTGTGCGAGC,CRYGA,981,188,417
CRYGA_GCAGCCGCTGTCTACTCGGA,CRYGA,327,109,179
CRYGA_AACTCCATCCGAGTAGACAG,CRYGA,1039,303,166
CRYGA_AGCGGCTGAAGTAGACCCGC,CRYGA,947,61,74
CRYGB_GACAGAGCCACACTCACCGG,CRYGB,244,13,45
CRYGB_ACAGAGCCACACTCACCGGG,CRYGB,1094,26,464
CRYGC_TACGAGAGGGAAGACCACAA,CRYGC,598,250,223
CRYGC_CAGGCTGCGGCTGTACGAGA,CRYGC,473,47,158
CRYGC_ACAGGCTGCGGCTGTACGAG,CRYGC,688,236,249
CRYGC_ACAATACTTGCTGCGGCGAG,CRYGC,2701,915,724
CRYGC_AACAATACTTGCTGCGGCGA,CRYGC,924,281,336
CRYGC_CAACAATACTTGCTGCGGCG,CRYGC,1090,222,196
CRYGD_GGATTTCATTGAAGCGGAAG,CRYGD,1244,270,237
CRYGD_GCGGAAGCGGTCCTGAAGAC,CRYGD,1227,395,229
CRYGD_TGATCCTGTGAGAGCCAGAC,CRYGD,1513,247,224
CRYGD_GACTTGAGGATGTACTCACG,CRYGD,184,209,325
CRYGN_CAGAGGTTTGCAGTCAGGAA,CRYGN,2452,677,617
CRYGN_ATCAGATCAAGGACCGGAAG,CRYGN,962,267,358
CRYGN_CACCATTCCTACAGGCCGAC,CRYGN,519,154,740
CRYGN_CTCCTGTCGGCCTGTAGGAA,CRYGN,3540,979,880
CRYGN_CCGAGTGAACTCCATCCACG,CRYGN,2178,364,588
CRYGN_TCACTCGGTTCATAAAGCCC,CRYGN,445,232,241
CRYGS_CCACAATGCGGCGGAAAGAC,CRYGS,421,189,209
CRYGS_CGGCGGAAAGACTGGACAGC,CRYGS,987,1125,756
CRYGS_GGGCCTTTCATAAACAGCCC,CRYGS,140,17,40
CRYGS_TCGCTGCAACTCCATTAAAG,CRYGS,1668,383,580
CRYL1_TACTGCGACAGATACAGCGA,CRYL1,662,155,497
CRYL1_AATCGTGTCTCCTAGTGACC,CRYL1,243,48,79
CRYL1_CAGGCGGTTCAGAACGAAGC,CRYL1,865,198,124
CRYL1_CCACGATGCATTGCTTCACA,CRYL1,1049,915,854
CRYL1_TTTCACCTGGAAGCCTCCAC,CRYL1,656,98,126
CRYL1_GCCAACGATCACCACGCAGC,CRYL1,1609,149,190
CRYM_GGCCGAGATCTTTGCTGAGC,CRYM,352,432,183
CRYM_GGTCTGTTCTTCGGTCCAGG,CRYM,214,96,96
CRYM_TCATCTTACCTTGGTGGCAA,CRYM,740,221,248
CRYM_CTCGGTCGTCCCTTCCCACC,CRYM,1413,412,522
CRYM_CTCCAGCGGTCCCGAAGGAG,CRYM,82,55,104
CRYM_CACAGGTGGCGAGATGAGCC,CRYM,733,125,455
CRYZ_TATGCAGCAGCCCTTCAAGC,CRYZ,935,224,436
CRYZ_TATACTCGACTCCTTTGCCA,CRYZ,623,211,206
CRYZ_TGCAGTGCCTGTGTGAAAGC,CRYZ,3667,1127,1647
CRYZ_CTTATCGAGCTCTGATCCAC,CRYZ,774,103,176
CRYZ_CCAGGAGTATAGGGTAAGAG,CRYZ,1891,971,868
CRYZ_CAACTTCTGTCCAGTCGCCA,CRYZ,521,285,252
CRYZL1_ACGTTGCTCCCTTGAGGAAA,CRYZL1,1613,510,533
CRYZL1_TTCTTGGTGTTGGAGGCCAC,CRYZL1,0,112,56
CRYZL1_TTTGGAAGAAACAGGTGGCC,CRYZL1,309,271,155
CS_GCCTGTACCTCACCATCCAC,CS,283,234,80
CS_CCTTACCGTGGAGGAAGCAC,CS,127,72,59
CSAD_TGTCACTACTCCATCCAGAA,CSAD,942,592,572
CSAD_TTCGATGTGAATAGGGCCAG,CSAD,734,303,269
CSAD_TTCTGCCCTGGTTTGTGAGA,CSAD,787,229,265
CSAD_GATTTGGAGCTGCGGAGCCA,CSAD,11,45,98
CSAD_CCCAAACACGGCCCGGAGCA,CSAD,1630,600,1036
CSAD_TCCGGCTCTCCTGAGCAGAG,CSAD,279,164,233
CSDC2_TGGTCCGCTTGGTGGGCAGA,CSDC2,1712,324,182
CSDC2_TACAGACGCCCTTGAACACG,CSDC2,1546,367,431
CSDC2_CTTACAGACGCCCTTGAACA,CSDC2,1769,622,951
CSDC2_GAAGTTCCAGGCCGTGGAGG,CSDC2,895,72,112
CSDC2_CCACGAGACGTGGTCTGGCC,CSDC2,875,869,339
CSDE1_AACATGGTCACCTTCCAGCA,CSDE1,1066,2,12
CSDE1_GACTTAGAAACCTTACAGCC,CSDE1,634,28,11
CSDE1_ACAAACTACTCCCTGACAGC,CSDE1,1267,190,271
CSDE1_GGGAACGTTCAGCTGGAAAC,CSDE1,1158,426,163
CSDE1_CCCTGTTGGACTCTGACCCG,CSDE1,3498,701,566
CSDE1_TTGAAGTATCATCGGACCGA,CSDE1,1569,57,67
CSE1L_TTCTTTACCTGGACGTCGGA,CSE1L,482,113,233
CSE1L_AATTTGTGAAGCCGATCGAG,CSE1L,219,5,0
CSE1L_GCCTGACTTGCTGACAGAAA,CSE1L,950,368,311
CSE1L_ACTAGTTACAACGGGTCAAG,CSE1L,929,51,0
CSE1L_ATACCGTCAGCTTTAAGGAC,CSE1L,1129,131,1
CSE1L_AACGGCTCTTTACTATGCGA,CSE1L,1107,0,6
CSF1_GGCCGTCGCTTACCGTGGGA,CSF1,568,183,296
CSF1_GGAGACAGACCAACAACAGC,CSF1,760,186,192
CSF1_TCCAGTGTGCTACCTTAAGA,CSF1,1669,262,428
CSF1_AGAAAGTTCGGACGCAGGCC,CSF1,983,283,296
CSF1_CTCCGACGGCCAGCAAGACC,CSF1,1989,380,242
CSF1_CTGCCCTCTGGTTGCTCCAA,CSF1,1004,138,76
CSF1R_GACATGCAGGCGACCACCAC,CSF1R,507,117,58
CSF1R_GCTTGCTAATGCTACCACCA,CSF1R,1666,333,411
CSF1R_CCTGATGCTTACCTACCACC,CSF1R,1249,337,329
CSF1R_GACACTGGTGCCTGCAGAGC,CSF1R,54,112,487
CSF1R_TGCTAGCACGTTCCAGGGCC,CSF1R,368,269,218
CSF1R_ACCTTGCGATGTGTGGGCAA,CSF1R,542,82,208
CSF2_GCATGTGAATGCCATCCAGG,CSF2,884,137,59
CSF2_ACTCAGGTTCAGGAGACGCC,CSF2,770,125,51
CSF2_TACTCAGGTTCAGGAGACGC,CSF2,1298,164,96
CSF2_CTCCAGGCGGGTCTGTAGGC,CSF2,216,191,104
CSF2_CCGCCTGGAGCTGTACAAGC,CSF2,710,870,490
CSF2RB_GCATCACTCACTCATTCACC,CSF2RB,1358,210,37
CSF2RB_CTAGCCTGGGAGTTCACAGA,CSF2RB,2631,274,256
CSF2RB_TCACTGAGGTCACAGGACAC,CSF2RB,2028,510,440
CSF2RB_AGGACCACTTCCTGCTGACC,CSF2RB,270,145,7
CSF2RB_GGGCTTGTAGAATAGGCCAA,CSF2RB,405,139,202
CSF2RB_CAGAGACGATGTATTGGCCG,CSF2RB,3054,476,330
CSF3_CTTGCTCTAAGCACTTGAGC,CSF3,647,262,200
CSF3_TCGCCTCTGCTTTCCAGCGC,CSF3,1646,458,571
CSF3_CGCCTCTGCTTTCCAGCGCC,CSF3,137,192,478
CSF3_GGGCAAGGTGGCGTAGAACG,CSF3,865,655,427
CSF3R_GAGCTGAGAACTACCGAACG,CSF3R,1786,607,173
CSF3R_TTCTGATTTATGTGCAGGCC,CSF3R,936,253,337
CSF3R_ACAACTGTGTCTTGATCCCA,CSF3R,1107,0,101
CSF3R_GAAACTCTTCAGAGTGAAGC,CSF3R,71,144,84
CSF3R_GACCAGGTTGAGCTGCGCGC,CSF3R,797,62,158
CSF3R_ATCAAGTTGGTGCTATGGCA,CSF3R,483,320,258
CSGALNACT1_GCCATGAACGAGGCATCCCA,CSGALNACT1,553,154,79
CSGALNACT1_CGTTGCTTCCCTTCCAGAAG,CSGALNACT1,3266,822,681
CSGALNACT1_GAGATGTGCATTGAGCAGGA,CSGALNACT1,567,338,344
CSGALNACT1_ACCAGGCCGTCCTTCAGGAG,CSGALNACT1,632,85,164
CSGALNACT1_GAATGATGATGGTTCGCCGG,CSGALNACT1,249,114,230
CSGALNACT2_GAGGACTGATTCTTCACACC,CSGALNACT2,166,117,47
CSGALNACT2_TTCTTCACACCCGGACCCAC,CSGALNACT2,470,159,499
CSGALNACT2_TGCGGTCACTGCAAGAAAGA,CSGALNACT2,557,212,177
CSHL1_GAGTACCTTCACCAACAACC,CSHL1,246,160,135
CSK_TACCTTGGTGACGGCCACAA,CSK,1348,1068,494
CSK_AGCCAACTACGTCCAGAAGC,CSK,1566,609,943
CSK_GGTTCCACGGCAAGATCACA,CSK,124,61,19
CSK_TACGCGCCTCATTAAACCAA,CSK,232,51,62
CSK_CTGCTGCAGACCATCGGGAA,CSK,1672,1263,1262
CSK_TGATGCTGGGCGATTACCGA,CSK,1304,66,185
CSMD1_GACAGCAACCACCGACGCAA,CSMD1,955,279,110
CSMD1_AGAACAACGCGGACTGCACC,CSMD1,399,224,344
CSMD1_GGCCTTCCAAGATGTAGCCA,CSMD1,328,163,176
CSMD1_CCTGTACTCACTATAGAGGA,CSMD1,583,96,185
CSMD1_GGCTTAGTCCAGGGTCCCAA,CSMD1,290,420,285
CSMD1_CGAGAAGCAGGAGCAGCGAC,CSMD1,818,640,540
CSMD2_GATGGCAACCACCGGCAGCG,CSMD2,607,289,184
CSMD2_AGTCGTAACCATCCTCCAGC,CSMD2,394,85,95
CSMD2_AACCCAGGGAGGCTGCCCAA,CSMD2,531,326,392
CSMD2_ACTTACCTTCATAGGTGGCG,CSMD2,736,45,108
CSMD2_TGGAACGTGCAGTTCTGGCC,CSMD2,607,333,491
CSMD2_GAACTTGCCATCTAGGGCCG,CSMD2,238,28,39
CSMD3_GAATACCAATCAATGCACGG,CSMD3,95,126,390
CSMD3_TAATCTCTGATCCAGGGAGC,CSMD3,927,332,281
CSMD3_GATACCTTGACAATTGGCGA,CSMD3,463,92,132
CSMD3_GAGCATAACAGGACTACCAC,CSMD3,348,76,211
CSMD3_AATCCTGGTGTTCCACCCAA,CSMD3,217,265,325
CSMD3_TATGAAAGGGATCCGCAAAG,CSMD3,1172,232,126
CSN1S1_CGAATACAACCAACTTCAGC,CSN1S1,704,222,231
CSN2_GGCTCTTGCTCTTGCAAGGG,CSN2,545,215,523
CSN3_TCTTCTAGTTGTCAATGCCC,CSN3,645,259,70
CSN3_GCATGTGGCCTAACTACAGC,CSN3,1360,438,881
CSN3_TCCTGCCACTGAACCAACGG,CSN3,215,132,6
CSNK1A1_TTTACCTTTAGCCCTTGCCA,CSNK1A1,54,0,0
CSNK1A1_TTCTAGTCGCCGAGATGACA,CSNK1A1,697,36,110
CSNK1A1_GATCAACATCACCAACGGCG,CSNK1A1,608,11,20
CSNK1A1_AGGCTGAATTCATTGTCGGA,CSNK1A1,529,26,135
CSNK1A1L_ATAGCCCTTAGTCCTTGCCA,CSNK1A1L,325,62,93
CSNK1A1L_CCCTTAGTCCTTGCCACGGC,CSNK1A1L,1134,405,499
CSNK1A1L_GCCCAGATAAACGTCTCCAA,CSNK1A1L,1112,0,94
CSNK1A1L_AAGCCGAACTCGTTGTGGGA,CSNK1A1L,184,203,110
CSNK1D_TACTTGCCGTGGTGTTCGAA,CSNK1D,312,162,177
CSNK1D_TGAGTATGCGGCTGCACCGC,CSNK1D,1331,650,1174
CSNK1D_CCGGAATCTGTTCCATCGCC,CSNK1D,554,400,291
CSNK1D_TTGGTCAGCAAGCAGCAGGA,CSNK1D,1479,387,333
CSNK1D_GGACATTGCTGCAGGAGAAG,CSNK1D,1500,447,363
CSNK1D_TGCCGATCTTCCGGCCCAGC,CSNK1D,374,165,375
CSNK1E_CGGGCTTGTCGTCAAACCGC,CSNK1E,674,114,105
CSNK1E_GCAAAGCCGTCGAGATGACC,CSNK1E,179,28,152
CSNK1E_TGGCTCCCTCACCAATGCCC,CSNK1E,596,68,35
CSNK1E_CTCCGCACCACTTGATGGAC,CSNK1E,1312,435,491
CSNK1E_GATGGCGACTTCCTCACCAG,CSNK1E,936,122,193
CSNK1E_ACCCAGGTAGATATCTCCGA,CSNK1E,459,96,46
CSNK1G1_ACCAATCACAGCTCATGCCG,CSNK1G1,590,110,74
CSNK1G1_CCTTCGATATGTCAGGCGAC,CSNK1G1,115,161,151
CSNK1G1_CTCTGTGAGAACTTTCCAGG,CSNK1G1,1310,239,178
CSNK1G1_GATACCTTGAGTCCTTGCCA,CSNK1G1,25,21,102
CSNK1G1_AACTTCCTGATTGGTCGACA,CSNK1G1,316,80,192
CSNK1G1_TTCAGGTGAAGGTCTCCCAC,CSNK1G1,295,62,71
CSNK1G2_CGGAGAATGTCCAAGGCCGG,CSNK1G2,1937,342,123
CSNK1G2_GCGTGAAGGTCCGGTCGCAC,CSNK1G2,528,29,30
CSNK1G2_GCTGATGATCGCCATCCAGC,CSNK1G2,378,243,179
CSNK1G2_GCACAAGAGCCTGACGGGCA,CSNK1G2,744,254,375
CSNK1G2_AGGCCGACACGCTCAAGGAG,CSNK1G2,2201,857,611
CSNK1G2_GACTATGAGTACGACTGGGC,CSNK1G2,477,125,376
CSNK1G3_GGACACAACACTCGAGGAAC,CSNK1G3,1535,338,303
CSNK1G3_TGTATTGTAGCCTACTCCAG,CSNK1G3,1001,268,270
CSNK1G3_ATGGCAGTCGGCAGACCACA,CSNK1G3,392,201,127
CSNK1G3_CTGCAAGGTGAGCTCTCAAA,CSNK1G3,1805,680,662
CSNK1G3_TGCATTTGAACGTCCTGCGG,CSNK1G3,603,96,42
CSNK2A2_TCAGCTTGTTCGCATTGCCA,CSNK2A2,700,134,231
CSNK2A2_GGAACCATTCTTCCATGGAC,CSNK2A2,859,26,54
CSNK2A2_AGTTTACCTGATAGTCCACG,CSNK2A2,523,111,119
CSNK2A2_CTGGATTACTGCCACAGCAA,CSNK2A2,895,372,330
CSNK2A2_ACCATTTGGCACCTACCACG,CSNK2A2,2184,230,808
CSNK2A2_TGTTCACCTCGGCGTAGACC,CSNK2A2,1532,228,274
CSNK2B_CCCAGTGCGCTAACCTGAGG,CSNK2B,915,323,151
CSNK2B_GAAGATGAGCAGCTCAGAGG,CSNK2B,580,0,0
CSNK2B_TCTAGACATGATCTTGGACC,CSNK2B,737,13,40
CSNK2B_TCACCATCTGGGCGATGCCA,CSNK2B,628,0,0
CSNK2B_CTCCCTACCTGGGCACAAAC,CSNK2B,4115,1412,2528
CSNK2B_CGGTTTCAAGATCCATCCGA,CSNK2B,428,30,26
CSPG4_AGCTGCACCTCGATGGCGGA,CSPG4,1089,271,83
CSPG4_GGTATCATGGGCCTCCCAAA,CSPG4,147,101,146
CSPG4_AAGTGTGCTCGCCGTCAGAG,CSPG4,728,506,735
CSPG4_GGAAGTAGGGCCCGGAGACA,CSPG4,1454,326,244
CSPG4_CGGCCACGATACTGCCAAAG,CSPG4,3374,1097,1104
CSPG4_TCTCCACGGTGTCGTAAGCG,CSPG4,2177,534,664
CSPG5_ATGTCGCCCAAACTTGAGGG,CSPG5,673,130,108
CSPG5_TCCCTCTCCACCATTGCCGA,CSPG5,486,59,186
CSPG5_GCAGGACTACATCTGGCACA,CSPG5,783,247,113
CSPG5_AACGACACGCGGGAAGAAGC,CSPG5,196,189,65
CSPG5_AGCCGCCTGCCAACGACACG,CSPG5,2937,419,772
CSPG5_GCAGTCATACCTACCCGGCA,CSPG5,935,450,265
CSPP1_AAGAGGTTACAGCGGCCACC,CSPP1,490,123,106
CSPP1_CGTTCATAGTCTTCTCCAAG,CSPP1,286,655,737
CSPP1_GAACCAAAGACGACTAGAGG,CSPP1,1127,427,571
CSPP1_GGATGCACAGGAACAAACGA,CSPP1,1209,351,353
CSPP1_AACAAATGGCTGAGCAACAG,CSPP1,1183,1369,773
CSPP1_AACAGGATGAACTGATGGGA,CSPP1,193,152,77
CSRNP1_GACTATAATCTGGCAGAGCC,CSRNP1,398,107,161
CSRNP1_TGAGGGCTTCAGGTGTGCGA,CSRNP1,3113,487,877
CSRNP1_TCCTACAGCCCTACCCAGCC,CSRNP1,499,278,510
CSRNP1_ACTTCTCCTCTTTCAAGCGC,CSRNP1,1010,204,148
CSRNP1_CGCAGAAGTCACGGTCAGGC,CSRNP1,1441,409,640
CSRNP1_CCATGACTGGGCTGTTGAAG,CSRNP1,2420,525,606
CSRNP2_TTGCAGCCTGACAGGAGCAC,CSRNP2,834,213,313
CSRNP2_CACCATTATGAAGCTGGAGC,CSRNP2,215,169,443
CSRNP2_TTCTTCCCGTGACAGGCGGA,CSRNP2,201,236,172
CSRNP2_CTGTGAGTTTGCCCAGGAAC,CSRNP2,2843,921,877
CSRNP2_AGCTTACTCACGTGTGAAGC,CSRNP2,1276,465,585
CSRNP2_TCACGGGCTCGGGTCTCAAG,CSRNP2,1157,242,487
CSRNP3_AGTCGTTATATAGTGCACGC,CSRNP3,1287,228,376
CSRNP3_CCGTGTACTACTTCACCAGG,CSRNP3,1124,599,295
CSRNP3_TACTACTTCACCAGGAGGCA,CSRNP3,983,282,277
CSRNP3_AGCCATCCGCCTCTCACGAG,CSRNP3,928,385,279
CSRNP3_ATTCTACGGAGTGAGCGACA,CSRNP3,603,125,153
CSRNP3_GAGCAGCAAACGATTACAGA,CSRNP3,567,64,72
CSRP1_TTAGGATCCTCCCATCAAGC,CSRP1,676,288,422
CSRP1_CGATGTGCCAAGTGTGGCAA,CSRP1,1042,551,345
CSRP1_GGCACCCTCAGCACTGACAA,CSRP1,555,168,197
CSRP1_TATGGCTACGGGCAGGGCGC,CSRP1,105,101,22
CSRP1_GCCGAAGAGGTTCAGTGCGA,CSRP1,1290,137,340
CSRP1_GACGGTTTACTTTGCCGAAG,CSRP1,2288,591,987
CSRP2_ACATTCATCTCTTCCAGCCC,CSRP2,673,241,257
CSRP2BP_AACATCGACCTCAGAAGGAC,CSRP2BP,760,436,204
CSRP2BP_GCGGTCAGAGGAGCTCAAGG,CSRP2BP,180,13,9
CSRP2BP_GAAGCTACTGACCCAGCAGG,CSRP2BP,75,5,40
CSRP2BP_GACTTCCTTGCCGTCCAGGA,CSRP2BP,498,115,113
CSRP2BP_GAGCGACCCTCACTGGACGC,CSRP2BP,45,0,0
CSRP2BP_GGTACTGCAGACACTCAGAC,CSRP2BP,409,36,41
CSRP3_GCCTCCAAACCCAATACCCG,CSRP3,278,0,130
CSRP3_ATCGGGTATGGACAAGGCGC,CSRP3,483,42,104
CSRP3_GCAGAAGAAATCCAGTGCAA,CSRP3,512,79,349
CST1_GGTACTAAGAGCCAGGCAAC,CST1,116,2,82
CST11_TCTCAGTGTTTGCTGTACCC,CST11,1111,204,148
CST11_CCCACAGGTCACTGACCACC,CST11,737,424,195
CST11_GGACTCGGAAGATCCTGAAG,CST11,797,78,171
CST11_GATCACCGACCAGTATAACA,CST11,1168,723,321
CST2_GAGGACAGGATAATCGAGGG,CST2,356,57,50
CST3_CTGACAGGTGGATTTCGACA,CST3,3160,638,759
CST3_GGGCTGGGTCTTGGTACACG,CST3,1861,251,414
CST3_GGTGAACTACTTCTTGGACG,CST3,368,107,63
CST3_CACACCCTCCTCCTCCACGC,CST3,3916,991,690
CST3_CGTCCTAGCCGACCATGGCC,CST3,1391,228,399
CST5_CCGGCACTTGTAGTTCAGAA,CST5,3075,1006,1161
CST5_CAATCTAGGACCTTGGCAGG,CST5,1476,352,295
CST5_CCTTGATGGTGGCCGTGGCC,CST5,335,139,283
CST5_GACTGCCTTGATGGTGGCCG,CST5,126,107,78
CST6_CGGGAGGTTCGAACGCGCCA,CST6,875,164,122
CST6_GGCAGAATGCGACCAGGGCC,CST6,0,144,454
CST6_GGCCGTGGCCAGCTACAACA,CST6,2047,731,887
CST6_GCCCATGTTGTAGCTGGCCA,CST6,668,339,360
CST6_GCACAGACTGCCGCAAGACC,CST6,1167,336,166
CST6_GACGTGGTCTCCAGTGACCC,CST6,350,165,163
CST7_CAGAGTTCCAGCCGCTCGCA,CST7,897,435,494
CST7_CTTAACTCACGTGTGAAGCC,CST7,916,370,326
CST7_TCAAGGAGTCCCGCATCACA,CST7,1462,443,357
CST7_AGTCACAGTCATCCAGACGC,CST7,943,220,269
CST7_AACCAACCACACCTTGAAGC,CST7,1361,367,504
CST7_ACCTCGAAGTGCTGGAGCCA,CST7,570,78,30
CST8_TTGCCCAAGGGACCATGCCC,CST8,398,97,117
CST8_TTCCTGGCCACCAGGGCCAG,CST8,38,13,27
CST9_CTTCCCTTTGTCCCTCGGAA,CST9,737,280,259
CST9_GGAGGATAGCATGGACAGAA,CST9,625,264,492
CST9_TTCATGGAGGGAGGATAGCA,CST9,1311,340,160
CST9_CACTTTCAACGTGCAGAGCA,CST9,428,139,516
CST9L_GGACTACTATGCCTACAGAC,CST9L,819,490,698
CST9L_CCTGGCATTTCCACGAGCAA,CST9L,1466,1003,1053
CST9L_ATGCTGGGCCTGCCGTGGAA,CST9L,982,91,192
CSTB_CGTGTCATTCAAGAGCCAGG,CSTB,1197,312,294
CSTB_ATGACACGGCCTTAAACACA,CSTB,221,43,3
CSTB_CCAGCACATCGCCGACCAGG,CSTB,1045,506,322
CSTB_GACCCAGCACATCGCCGACC,CSTB,8,127,221
CSTB_GATGTGCTGGGTCTCGGCGG,CSTB,603,168,2
CSTF1_GGCTACATCAGCATCGCCAA,CSTF1,1252,36,34
CSTF1_CTATAGGTAGCTACACGGCA,CSTF1,1849,0,41
CSTF1_GGCACGTGACTTCATCCACA,CSTF1,70,0,0
CSTF1_TACGTAACTGGAAGCAAGGA,CSTF1,1091,23,18
CSTF1_GGCTGCATCAAATTATGGGA,CSTF1,557,0,72
CSTF1_GCAGCGATGACTTCAGAGCG,CSTF1,2792,82,159
CSTF2_CGTAGAGAACGATCCACCGC,CSTF2,1828,875,439
CSTF2_TGTGGATCCGGAAATTGCCC,CSTF2,189,65,130
CSTF2_GACACATTGGATCCTGAGCC,CSTF2,236,225,426
CSTF2_ATGCAAGCTTCTATGCAGGG,CSTF2,678,125,117
CSTF2_GGACCAGTGTCCATGGAACG,CSTF2,780,76,295
CSTF2_CTCAATTGATGCAGGCCCGG,CSTF2,974,258,250
CSTF2T_AGTCATAGGGCCTCTTGAAC,CSTF2T,788,385,294
CSTF2T_ACACGTGTAATGGAGAGGAG,CSTF2T,756,87,190
CSTF2T_TAGAGACACGTGTAATGGAG,CSTF2T,413,335,154
CSTF2T_TGGTAGAGATTCTCGAGCGA,CSTF2T,1358,160,132
CSTF2T_CTACCTATGGATGGTAGAGG,CSTF2T,974,295,345
CSTF2T_ACTGCAGCTGGTATTGGCCC,CSTF2T,825,184,27
CSTF3_AAATTTGCACGGAGAGCAGA,CSTF3,256,0,35
CSTF3_GGTGATGGCCCAGCACAAGC,CSTF3,128,0,21
CSTF3_GAGCAACCCTCTTCGTACAG,CSTF3,2080,19,0
CSTF3_GAATGCTAGACGTGTAGCAA,CSTF3,460,22,24
CSTF3_TTGGAGCATTCTCATTCGAG,CSTF3,1379,47,15
CSTF3_CGTGGCTCCGTCTCCTGACA,CSTF3,1226,44,10
CSTL1_TGATTCTCGGCAGCTGACGA,CSTL1,623,99,262
CSTL1_GATTCTCGGCAGCTGACGAC,CSTL1,322,43,122
CSTL1_GACAGGAATTGTTCCAGAGC,CSTL1,32,207,203
CSTL1_CACATGCTCGGCCTCCAGAC,CSTL1,8,388,362
CT47B1_GAGGTCGGTTCCTCTGCGGC,CT47B1,522,0,106
CT47B1_ACGAAGCCAATGCCCGCCGC,CT47B1,160,74,192
CT62_GAGTTCAGGGCATGTGGAAC,CT62,981,304,303
CT62_ACATGCCCTGAACTCCCAGA,CT62,12,7,22
CTAG2_TCTCAGAACACCCAAACACA,CTAG2,2963,591,494
CTAG2_AAACAGTAGGTTGCCGGACA,CTAG2,1384,318,561
CTAGE5_TAATTAGGCTCACGAGGCCC,CTAGE5,233,24,72
CTAGE5_AATTAGGCTCACGAGGCCCA,CTAGE5,221,96,75
CTAGE5_TGTCTTTACATACCTGGCGG,CTAGE5,826,142,85
CTAGE5_AGCATACTTGCAAATGGAGC,CTAGE5,774,109,79
CTBP1_AGATGCGAGAGGAGGCGGCA,CTBP1,1473,401,241
CTBP1_TACGACCCTTACTTGTCGGA,CTBP1,364,195,141
CTBP1_CGCGGCGTCTGTGGAGGAGA,CTBP1,574,154,291
CTBP1_AACATCGACATCAAGTCGGC,CTBP1,189,38,29
CTBP1_TCCGACCTCCGATCATGAAC,CTBP1,1662,530,436
CTBP1_AGCTCGCACTTGCTCAACAA,CTBP1,1664,558,561
CTBP2_CTGTTTCTGTACAGGTCGCA,CTBP2,1212,311,219
CTBP2_CACGACCTGTATGAGTGGAC,CTBP2,1786,384,569
CTBP2_GGAAGCGTGCAGCACAAAGC,CTBP2,1951,605,450
CTBP2_GGACCGAAATGCAGCTGCGG,CTBP2,783,174,338
CTBP2_TGAGCCAAACCACCGACCAC,CTBP2,851,1407,1887
CTBP2_TTCCAATGCCAGTTCCCAGC,CTBP2,1694,59,220
CTBS_ACTTGATGAAAGTGGCCAGC,CTBS,960,57,46
CTBS_CCTATGGGATAAAGATCAGC,CTBS,493,183,379
CTBS_TACCTCAGACAGATTCAGGC,CTBS,120,245,290
CTC1_AAACATGCTGGCGCTGACCA,CTC1,349,14,27
CTC1_CCTGCACGATGATGGACACG,CTC1,2833,15,224
CTC1_GGAGGGAGGTAACTCCAACG,CTC1,368,0,0
CTC1_ATGCACTACTGCTCCACGAC,CTC1,1597,45,164
CTC1_GCTCCTTGACAGCTGGACAC,CTC1,517,12,28
CTC1_TAGCAGCACTCACGGAGGAA,CTC1,1592,229,385
CTCF_AAAGACTTACCAGAGACGCC,CTCF,329,27,22
CTCF_CGATCCAAATTTGAACGCCG,CTCF,947,198,205
CTCF_ATGCCGAACCAATTCTCCAC,CTCF,887,0,0
CTCF_GGGACACATACAAGCTGAAA,CTCF,288,48,39
CTCF_CATGCTCGGTTTACCCAAAG,CTCF,1153,1,0
CTCF_AGGAATGCTGCTTTCGCAAG,CTCF,1237,107,113
CTCFL_TGGTCCCGCTCTGGGTGAAG,CTCFL,2139,694,558
CTCFL_TGCACTGGCAACACTGAAAG,CTCFL,2218,500,685
CTCFL_CAAGTGTAACGACTGCAACA,CTCFL,2279,663,707
CTCFL_CAGCAGAGTGACCGTACGGA,CTCFL,1364,464,1342
CTCFL_TTATTAGCTCGAGGAAGAGC,CTCFL,208,55,95
CTCFL_TACTTCTCGCTCTCCTCCGA,CTCFL,571,72,42
CTDNEP1_ATCTATTTCAGGTGAGCCAG,CTDNEP1,656,1,4
CTDP1_CAGTCCCGTGTAGCCTCCGG,CTDP1,192,15,40
CTDP1_GGCCTTTCATGACAACCGGG,CTDP1,521,0,33
CTDP1_CTCCGGCACGCTGTGCACCA,CTDP1,991,2,27
CTDP1_ACTGCACCGAAACCGGAAGC,CTDP1,947,37,173
CTDP1_TCTTTCACTTCCAGCTGGGC,CTDP1,93,0,26
CTDP1_CAAACCATTGAGTCTCCACA,CTDP1,54,0,0
CTDSP1_CTGCTCCTGGGTAGCCCACG,CTDSP1,2025,357,624
CTDSP1_CATTACTCAGATCAGCAAGG,CTDSP1,660,390,386
CTDSP1_CATCGACCTGGACGAGACCC,CTDSP1,691,180,161
CTDSP1_CCCACAGCCAGTGAACAACG,CTDSP1,3053,1390,1272
CTDSP1_GACGCTTCAACACGTAGACC,CTDSP1,379,302,99
CTDSP1_ACTCTCGAAACAGCCGGGCC,CTDSP1,464,2,66
CTDSP2_GAGTCTTGCGTGTTCCACCA,CTDSP2,1147,77,179
CTDSP2_CTCAGGTGTATGTGCTCAAG,CTDSP2,3698,399,455
CTDSP2_GGTCTGGCTGGCAGCTCACC,CTDSP2,160,113,30
CTDSP2_CCTTAAAGGAGCTATGCACA,CTDSP2,766,0,25
CTDSP2_TGAGCTCGCTGCGTATAAGG,CTDSP2,849,553,553
CTDSP2_ACACGGCTCCATCATCACCC,CTDSP2,1473,59,72
CTDSPL_TCACCTTTCTCGCCCGCGCC,CTDSPL,277,385,167
CTDSPL_TCCTCCTTCTCTCTTTAGCG,CTDSPL,1094,362,494
CTDSPL_CCACCATTCTCCTCCACCAG,CTDSPL,2933,838,671
CTDSPL_GCACCGTCACCTCTGGAAGA,CTDSPL,2004,459,629
CTDSPL_GGATGGAAGATGTATGAGGC,CTDSPL,610,137,318
CTDSPL_CGGCTCAGGCCCTCAAAGAA,CTDSPL,2086,970,679
CTF1_GCCAGCATGAGCCGGAGGGA,CTF1,427,34,41
CTF1_GAGAAGCTGGGCAGCCCGAA,CTF1,508,135,142
CTF1_ACACACTGCGTCCAGCAGCG,CTF1,1287,106,1
CTF1_GAGTGGCTGAGCCGCACCGA,CTF1,330,74,141
CTGF_TCAGGGCACTTGAACTCCAC,CTGF,537,234,182
CTGF_GGCGTTGTCATTGGTAACCC,CTGF,1155,465,208
CTGF_GACGAACGTCCATGCTGCAC,CTGF,300,21,0
CTGF_AGGCCCTTGTGCGGGTCGCA,CTGF,570,185,160
CTGF_GACCCATGCGACCCGCACAA,CTGF,2334,716,464
CTGF_TTACCCGGCTGCAGAGGGCG,CTGF,802,457,280
CTH_CTTCCAACATTTCGCCACGC,CTH,1673,435,891
CTH_TCCTAGTGGGATTTCCAGAA,CTH,747,801,1040
CTH_GGCTGCTAAACCTGAAGCAA,CTH,708,295,252
CTH_CTTCTGTCTCAGGTACAAAC,CTH,1485,852,640
CTH_TATCAGCTCCCAGAGCCAAA,CTH,513,154,251
CTH_CAGTGATGTTGTAATGGGCC,CTH,462,303,49
CTHRC1_AAAGGCGCAGCTCCGGCAGA,CTHRC1,388,218,714
CTHRC1_ACGGCCCGAGTGCTTTCCAG,CTHRC1,1566,188,233
CTHRC1_CAGGAGTGCCTGGTCGAGAC,CTHRC1,1352,959,1320
CTIF_CATCAGCCTCCTCGGAGGCA,CTIF,915,123,91
CTIF_GCAGCTGTTCCTTCTCCCGA,CTIF,1465,49,91
CTIF_TGCCACACATCGACCGCGAA,CTIF,2130,1152,1633
CTIF_TTCTGGTCCAGGTGTGGCAA,CTIF,2004,202,153
CTIF_CCAAGAAGCTGTTCCGCAGG,CTIF,246,360,213
CTIF_GCGGCGAAGGCTAAAGGAAA,CTIF,637,760,443
CTLA4_CCTTGGATTTCAGCGGCACA,CTLA4,2671,175,140
CTLA4_CACTCACCTTTGCAGAAGAC,CTLA4,974,750,837
CTLA4_GAGGTTCACTTGATTTCCAC,CTLA4,373,83,155
CTLA4_AGGACTGAGGGCCATGGACA,CTLA4,753,281,131
CTLA4_TACTACCTGGGCATAGGCAA,CTLA4,752,283,288
CTLA4_AAGAAGCCCTCTTACAACAG,CTLA4,168,77,358
CTNNA1_CCCTGCTCTTCTGTGAAGCG,CTNNA1,1336,465,783
CTNNA1_AGAGTGTAATGCTGTCCGCC,CTNNA1,1449,202,255
CTNNA1_TTCTTTCTTTACGTCCAGCC,CTNNA1,288,225,203
CTNNA1_CAATTCGAGGCCGGGCAGCC,CTNNA1,745,17,148
CTNNA1_CACGGAGCGCTTCCTTACCC,CTNNA1,1138,89,311
CTNNA1_ACCCAGTGAGTGGCCAGCAA,CTNNA1,2250,449,542
CTNNA2_TCCGGACGCTAACAGTGGAA,CTNNA2,967,458,512
CTNNA2_CTGAGTGGCTTGCTCTACAG,CTNNA2,1611,228,388
CTNNA2_CCTTGCTCGTCGGTAAAGCG,CTNNA2,1105,212,129
CTNNA2_CTTGGCTTCGTCAGTGGGCG,CTNNA2,999,503,581
CTNNA2_TATTCATGTACTCGCTGAGC,CTNNA2,148,75,190
CTNNA2_GCATACCATGTCTGGAGCAC,CTNNA2,1406,532,731
CTNNA3_AATGGACAGTTACGAGCCAG,CTNNA3,546,29,0
CTNNA3_CATTTCTTCTCAGCTCCGCA,CTNNA3,895,187,235
CTNNA3_GACAAGAGACCTTCGCAGAC,CTNNA3,767,375,153
CTNNA3_ATCCTGAAGAGCCTGGCGAA,CTNNA3,683,68,341
CTNNA3_TGCTTCCCTCAAAGCAAGCA,CTNNA3,1230,646,852
CTNNA3_TTTAGCCTTCAAACGTCAGC,CTNNA3,193,42,21
CTNNAL1_TCTTAGTTACTGTCTGGAGC,CTNNAL1,620,328,364
CTNNAL1_CTGACTGCGAAATTGAGAAG,CTNNAL1,2078,558,800
CTNNAL1_TCATAGTACAGCGACACAGC,CTNNAL1,896,305,265
CTNNAL1_ACTGTCAACTCAGGCGAGAA,CTNNAL1,1597,482,275
CTNNAL1_GGAGCAGACGCTACTCCCGC,CTNNAL1,0,1,5
CTNNAL1_CTTCGCCCTCGACTCGGGAC,CTNNAL1,493,233,119
CTNNB1_TAAAGGCAATCCTGAGGAAG,CTNNB1,746,267,232
CTNNB1_TGCAATGACTCGAGCTCAGA,CTNNB1,475,170,173
CTNNB1_AAGGTTATGCAAGGTCCCAG,CTNNB1,227,41,78
CTNNB1_AAGCCGGCTATTGTAGAAGC,CTNNB1,1332,44,113
CTNNB1_AATGTGGTCACCTGTGCAGC,CTNNB1,349,22,113
CTNNB1_CATGCACCTTTGCGTGAGCA,CTNNB1,1017,229,734
CTNNBIP1_CCCTGGTCGATGGAGTGCGG,CTNNBIP1,539,758,482
CTNNBIP1_CCTCCGCACTCCATCGACCA,CTNNBIP1,1756,1854,1627
CTNNBIP1_GCCTCCGCACTCCATCGACC,CTNNBIP1,447,788,157
CTNNBIP1_AGCTCCCGGGAAGAGTCCGG,CTNNBIP1,21,102,172
CTNNBL1_AAGATGCGTCGGAAACAAAC,CTNNBL1,747,261,253
CTNNBL1_TAGGTTCATGGAATCCGAGC,CTNNBL1,240,46,19
CTNNBL1_ACCCTCCATGAGAGTGAAGA,CTNNBL1,375,48,27
CTNNBL1_TGCTTCGCTATTCTTGCAGG,CTNNBL1,227,30,47
CTNNBL1_CCGGCCTGAGATGTGTACAG,CTNNBL1,2562,87,160
CTNNBL1_GCTGCCCTCTCAGGTTCCGC,CTNNBL1,566,0,0
CTNND1_TGGCATCTTGTGGTGAGACC,CTNND1,608,304,250
CTNND1_GGTCAGCATCGCCCACAAAC,CTNND1,689,432,331
CTNND1_GATTGTGGAGACCTACACGG,CTNND1,952,530,135
CTNND1_CATCATAGCCCATACTACGC,CTNND1,2283,704,589
CTNND1_CCTTTGGCCCAGCATGAGCG,CTNND1,999,351,325
CTNND1_CATGGGATGAAAGATTCCAC,CTNND1,0,76,53
CTNND2_CAGGGTGGCGTACGTGCCGA,CTNND2,1277,121,258
CTNND2_TAGCAACCAGACCCTGGCCC,CTNND2,372,221,108
CTNND2_GCTTACAACAGGTCTCGAGC,CTNND2,558,196,219
CTNND2_CGAGCTTGCATCGCTCCAGC,CTNND2,122,80,151
CTNND2_TTCTTTGACTGAGGCGAGGA,CTNND2,761,235,221
CTNND2_CATGTTTGCGAGGAAGCCGC,CTNND2,322,236,172
CTNS_AGGCCCAGGAACTTACCGCA,CTNS,1144,402,293
CTNS_GCCACCATTAAATGCAACCC,CTNS,1532,228,247
CTNS_GAAATCACTCCAATCAGACC,CTNS,429,184,189
CTNS_GCTGGATCTACTTTGTGGCC,CTNS,196,108,69
CTNS_CCTTGATGTAGGGCACCCAG,CTNS,223,174,320
CTNS_AGACGTCGTTGCTGTTCACG,CTNS,1134,172,539
CTPS1_GGAACCGCTCATAGTTACCC,CTPS1,396,99,73
CTPS1_ACCTGTAGATGAAGATGGCC,CTPS1,202,73,107
CTPS1_CTTGTTGTTAGAGGAGCAAG,CTPS1,490,282,218
CTPS1_ACTTCGTGTATTTGCCCACA,CTPS1,85,191,217
CTPS1_CAAGCTTCGTGGTAGCGCAC,CTPS1,1209,231,42
CTPS1_AGAAACGTGCTGGGATGGCA,CTPS1,823,64,13
CTPS2_GCTTGGTGTATTTGCCAACC,CTPS2,809,213,348
CTPS2_TTGCAGAATCACCGATGGGC,CTPS2,560,298,122
CTPS2_TTGTCACGTGAACCCTGAAC,CTPS2,1469,420,504
CTPS2_CGTTAGCCTTGTCCCACAGG,CTPS2,1100,467,325
CTPS2_GAATCAAGCCAAGGTGCCGG,CTPS2,516,269,146
CTPS2_AAGTACATCCTGGTCACGGG,CTPS2,1474,139,154
CTR9_TTACCTCGTCAGTGTCCCGG,CTR9,717,4,6
CTR9_TGACTTCGATCAGTTACCGG,CTR9,774,8,49
CTR9_GGCCACCTTGTTGTATACAA,CTR9,714,92,137
CTR9_GACCACTTACCAAGAAGGGC,CTR9,198,0,16
CTR9_AAAGCATTGCGTACTAACCC,CTR9,951,21,47
CTR9_AGCGGAAGTTCGTTTAGGAA,CTR9,2190,503,524
CTRB1_CCACAAGGGAGAAGCAGGAG,CTRB1,1384,616,978
CTRB1_TGACACGGGCGTACACGCCA,CTRB1,960,233,125
CTRB2_AGCGGGCGTGGTGGTAGAGC,CTRB2,1350,399,393
CTRC_CACAGGCCAAGAGCGCAGCG,CTRC,930,608,285
CTRC_AGTACCTCAAGAACGACACG,CTRC,418,91,99
CTRC_CATTCCATCTCTTGTGGACG,CTRC,1981,648,384
CTRC_AGGGACGATACTCACTCCAG,CTRC,295,0,31
CTRC_CACGTGGCGTGATCCACCAC,CTRC,658,82,94
CTRL_CTAACTCGAGTATACACAGC,CTRL,1402,153,116
CTRL_GGCACTGATTCACAGTGACC,CTRL,81,0,3
CTRL_TCACGTGTGTCACCACCGGC,CTRL,553,172,185
CTRL_CCAGGCACTCACCCGAGAGA,CTRL,2433,240,463
CTRL_ATGATCGGTCATACTCGCCC,CTRL,407,76,81
CTRL_CGGCATTCCTGCCATCAAAC,CTRL,1473,810,736
CTSA_TCCTGGAGAGCAAGGACGCG,CTSA,391,91,105
CTSA_CCGGAGTACTGGCGGAAAGA,CTSA,1364,507,690
CTSA_CTGCTGTCCACTCACCAGGA,CTSA,1566,206,303
CTSA_TCTTGTACTCCGGAAAGAGG,CTSA,665,70,68
CTSA_TCACTCGCCTGCCACTCAAG,CTSA,926,90,66
CTSA_TCCCGGAGCAGCTGCCACAA,CTSA,1274,400,661
CTSB_TTGTAGGTCGGGCTGTAGCC,CTSB,864,395,259
CTSB_CAGAAGTTCCAAGCTTCAGC,CTSB,783,199,131
CTSB_CACCAATGCGCACGTCAGCG,CTSB,1304,1179,1338
CTSB_CATCAAAGAGATCAGAGACC,CTSB,798,123,249
CTSB_CGGGCACAACTTCTACAACG,CTSB,2966,1589,1565
CTSB_TCAACAAACGGAATACCACG,CTSB,812,287,566
CTSC_CCCAATCCTAAGCCCTCAGG,CTSC,1179,426,416
CTSC_ATTTGCCAACATCTTGGGAC,CTSC,751,212,129
CTSC_GGGTGCATGATGTGTTGGGC,CTSC,537,127,94
CTSC_AGTGGTGTACCTTCAGAAGC,CTSC,928,290,117
CTSC_CCGAGCAGTTGACATCGCGC,CTSC,1811,1002,1432
CTSC_CGTCGCCGGAGAGAAGCAGC,CTSC,1435,224,214
CTSD_AGGGACCCAGATGCGCAGCC,CTSD,1095,239,230
CTSD_GCTGACGACGCTGACTGGCA,CTSD,721,80,102
CTSD_TCCAGCACCTACGTGAAGAA,CTSD,1649,874,769
CTSD_CGAAGACGACTGTGAAGCAC,CTSD,2490,584,643
CTSD_ACAAGTTCACGTCCATCCGC,CTSD,901,408,492
CTSD_TCACCTGACGAGCGCGGAGG,CTSD,747,213,271
CTSE_TTGAGCAGGACTCGGTGAAC,CTSE,2217,1023,981
CTSE_GGCTAGTGCAGTACACAGAG,CTSE,2507,773,1131
CTSE_CTGTATGTGCTGGACTGGGA,CTSE,649,230,415
CTSE_CCACGGTTAGTCCTTCCACC,CTSE,689,195,231
CTSE_AGCTTACTGGCAGATTGCAC,CTSE,1266,412,208
CTSE_CACTCACTTCTCCATCCACG,CTSE,1617,676,430
CTSF_GGACTGTGACAAGATGGACA,CTSF,511,241,252
CTSF_GCCAGTGGTTTCTCAACCAG,CTSF,592,26,24
CTSF_CTTGGTCCTCAGAAGCCCGG,CTSF,253,41,34
CTSF_CGGACATATGAGTCAAAGGA,CTSF,1000,697,619
CTSF_AAGACACGTGCTGCTGCGGA,CTSF,236,51,89
CTSF_GAGCCGCCAGCTTTCAGGCC,CTSF,1209,274,221
CTSG_GGGCCACATTGTTACACAGC,CTSG,418,793,502
CTSG_AGGCAGCCTTCCGTTCCCGC,CTSG,1144,269,239
CTSG_AGTGGCTCTGCCTAGAGCCC,CTSG,258,58,33
CTSG_TCCGCTGATTATATTGAGGG,CTSG,717,183,416
CTSG_GCACAAAGTCTTCTCGCACC,CTSG,1090,354,362
CTSG_CTTCAGATCCAGAGTCCAGC,CTSG,493,183,115
CTSH_TTGCAAGTTCCAACCTGGAA,CTSH,1532,458,668
CTSH_CTGTTGGAGTTACCTTGCCC,CTSH,285,157,121
CTSH_TCAATAATCACGGCTGCCAA,CTSH,856,239,380
CTSH_GAAAGTCCAGCAACTGCCGC,CTSH,287,0,0
CTSH_TTCCGCCAGTCCACGGAAGG,CTSH,835,203,290
CTSH_GAACTCCTTAGGTACGCAGA,CTSH,437,20,40
CTSK_GGCCAGGTTGGCAATGCCAC,CTSK,356,102,76
CTSK_GCAAGGCAGCTAAATGCAGA,CTSK,1654,164,34
CTSK_CCAATATGTGCAGAAGAACC,CTSK,1795,535,527
CTSK_TTACTGCGGGAATGAGACAG,CTSK,965,204,345
CTSK_TGAACTGGCTATGAACCACC,CTSK,706,216,399
CTSK_TCTTCTTCCATAGCTCCCAG,CTSK,685,199,185
CTSL1_CTTTGTGGACATCCCTAAGC,CTSL1,796,393,196
CTSL2_TGCATCCATAGCAACGGAGA,CTSL2,865,397,351
CTSL2_GGTCGCACCTGGAAAGGAGA,CTSL2,290,103,17
CTSL2_CACAGTGGTCGCACCTGGAA,CTSL2,2770,1116,967
CTSL2_GGCTTCACAGTGGTCGCACC,CTSL2,342,99,240
CTSL2_CAGTATGTCAAGGAGAACGG,CTSL2,2422,965,953
CTSO_TCATAGTAGATGCAGTGAGC,CTSO,94,69,197
CTSO_GGAAGACCTAAGTGTCCAGC,CTSO,13,43,14
CTSS_GGCCACAACTTTGGTGAAGA,CTSS,664,620,524
CTSS_GCATCTACACCAACAGACAC,CTSS,1528,652,402
CTSS_AGTTTGCTTAAGACGCACCA,CTSS,522,97,75
CTSS_TATTGCCTGATTCTGTGGAC,CTSS,833,113,106
CTSS_CGATCTGGGCATGAACCACC,CTSS,534,463,123
CTSS_CTTACACAGAATGAAACGGC,CTSS,556,106,152
CTSW_CACTCCAGACTGCACCGGCA,CTSW,481,384,288
CTSW_CGGAGTTACCTGAGCCCAGA,CTSW,809,169,58
CTSW_TCCAGAGCATGCTCACCGCC,CTSW,319,47,194
CTSW_CTATCGGAGGGCAGCTGGAG,CTSW,1487,690,793
CTSW_CCCAGAAACTGATGCGCCAC,CTSW,1970,305,146
CTSW_GGACAGAGTGGTCCACAAGC,CTSW,949,569,450
CTSZ_CACTTCTCACAGGGCGAGAG,CTSZ,2035,427,562
CTSZ_CTACGGCTCCCTCTCTGGGA,CTSZ,62,68,55
CTSZ_CGATGACGTTCTGCACGGAC,CTSZ,2176,709,761
CTSZ_CCACTCACCCGCCATAGCGC,CTSZ,1538,846,590
CTSZ_ACAGGTACTCATGAGGCCGG,CTSZ,312,49,221
CTSZ_AGGGCGGCCTCTACTTCCGC,CTSZ,338,202,149
CTTN_CCACGCTGTGTCCATCGCCC,CTTN,1019,346,96
CTTN_TGGTGTGGAACAAGACCGAA,CTTN,874,270,428
CTTN_TTCCAAGCACTGCTCGCAGG,CTTN,1677,95,166
CTTN_GCTGTAGGCTTTGAATACCA,CTTN,794,144,179
CTTN_CTTCGACTACCAGGGCAAGA,CTTN,1628,265,559
CTTN_CGGCAAATACGGTATCGACA,CTTN,2282,269,155
CTTNBP2_TGAGCAGCTGCAGCACACAA,CTTNBP2,1833,927,1052
CTTNBP2_GACCACCACTCATTAGCAAA,CTTNBP2,817,648,513
CTTNBP2_CGAAGACGTAATGGCCAAAC,CTTNBP2,2677,1679,1065
CTTNBP2_ATACCTCCTTCCTGCGAGCC,CTTNBP2,465,131,140
CTTNBP2_CTGTGTCGTCCTTACCCGCA,CTTNBP2,407,798,421
CTTNBP2_AGCAGGAAGATGGCGACGGA,CTTNBP2,353,142,232
CTTNBP2NL_TGCTGAGAGCAGGCACCGAA,CTTNBP2NL,2020,411,484
CTTNBP2NL_CTTGCACTCAAGCACTAGCA,CTTNBP2NL,552,1094,808
CTTNBP2NL_TGAGCTCCCACTGGAAGAGA,CTTNBP2NL,923,187,348
CTTNBP2NL_TACCGGCGAAGAGCAAGGAG,CTTNBP2NL,516,145,62
CTU1_TCTGTGGAGTGCTGCGGCGC,CTU1,1392,13,0
CTU1_CATCGGTGGCTACCGGGACG,CTU1,803,5,33
CTU2_GCCAGCTCTTACCTGGGCCG,CTU2,110,0,0
CTU2_GCTCATCTTTCCAGGCGAGA,CTU2,1336,10,0
CTU2_CAGACCATGGAGCTGGACGA,CTU2,1045,146,1
CTU2_TGCAAGCAACTGGGTTCCCA,CTU2,497,1,1
CTU2_GGTGCTTTGGTGCTCTGCCC,CTU2,362,62,115
CTU2_CAACCTGGCGCTGGGTCGAG,CTU2,775,1,0
CTXN1_CACAAGGAGGCGCTCGAGCG,CTXN1,790,399,418
CTXN1_CTTGTGGTCGGTCCAGGACG,CTXN1,1447,139,132
CTXN1_TGTGAGCCATGAGCGCGACG,CTXN1,306,238,285
CTXN2_TCATCTTCCCATGTAGAGGA,CTXN2,686,119,158
CTXN3_GGCTGATGGACTTGAAGGCC,CTXN3,411,172,231
CTXN3_GACTTGAAGGCCTGGAGAAA,CTXN3,796,457,234
CTXN3_GACCATGCCCTTGCTTAGGA,CTXN3,690,93,82
CTXN3_CACACCATCCCTCCTAAGCA,CTXN3,1841,821,919
CUBN_CCCGGGAGACACGTGCAGAG,CUBN,2926,1694,1309
CUBN_CATTGAACCGAGGCAGCACC,CUBN,578,157,252
CUBN_ACAAGTGTGGAGCAAGGCCC,CUBN,512,52,65
CUBN_GCGAGAGCAAGCTGGAGAGG,CUBN,1378,57,89
CUBN_CCTCGAATGGCTACAGAGAG,CUBN,577,214,444
CUBN_GCTGAAGTAAATGGCGAAGC,CUBN,409,127,134
CUEDC1_AGGCATCTTCAGACACAGCG,CUEDC1,1111,231,439
CUEDC1_GAAATCTAAATCCAGCAGCG,CUEDC1,647,118,404
CUEDC1_CACCTCTCTCCAGAGCGAGG,CUEDC1,301,18,15
CUEDC1_TGCGGAGAAAGTCATCCGGA,CUEDC1,265,97,267
CUEDC1_AACACGTGCATGTGGTAGGC,CUEDC1,979,225,32
CUEDC1_GCGCCGCCTGGAGTTCAACC,CUEDC1,1148,345,326
CUEDC2_ACCAGGTAGTGAGCACCAAA,CUEDC2,760,399,774
CUEDC2_TCAGAAGATTCACCGGCCCA,CUEDC2,1030,274,238
CUEDC2_TTAGGCAACTGGCGCTGAGG,CUEDC2,1370,75,115
CUEDC2_CTGAGCGATGCCAGGAACAA,CUEDC2,2468,793,584
CUEDC2_TCTCCTCTGATGGGCCCGAG,CUEDC2,919,258,146
CUEDC2_TGTCCAGACACACCTCCCGG,CUEDC2,1006,94,133
CUL1_ATCTGGGACGACCTCAGAGC,CUL1,858,115,10
CUL1_TCCAAGTCACCAATGCAAGC,CUL1,1274,67,219
CUL1_TTTCAGTTCCAAGAACCCAG,CUL1,218,2,47
CUL1_ATGCGAAGATGCTCGCCAAG,CUL1,386,203,55
CUL1_CATCCTTACCTCTGACGGCA,CUL1,504,0,151
CUL1_TTCTACGCCAGCCGCCACAG,CUL1,896,333,185
CUL2_TGTATTCATCTGCCGACGCC,CUL2,108,62,13
CUL2_GCACAATGCCCTTATTCAAG,CUL2,1165,250,337
CUL2_GCTGGTAAACTCATAACCAC,CUL2,261,5,0
CUL2_TTACTCCGTGCTGTGTCCAC,CUL2,1015,95,94
CUL2_CGGATAAGGATGGCCTGAAG,CUL2,2093,187,241
CUL2_GACGTATTCCAACATGACCA,CUL2,1130,32,37
CUL3_GCACAATGTTCTAGTAGCGG,CUL3,1831,139,76
CUL3_CTGTGGTAAACCAACACAGC,CUL3,532,1,100
CUL3_ACAGTCCGGGTGCTCACGAC,CUL3,2002,165,423
CUL3_GGAAAGGAGAAGTCGTAGAC,CUL3,204,66,111
CUL3_GACCACTGTTATTCTTACGC,CUL3,701,29,251
CUL3_TCGAATCTGAGCAAAGGCAC,CUL3,507,633,451
CUL4A_CGAGAAGCTGCCCTTCCGCG,CUL4A,165,43,277
CUL4A_GCTGCCCGACAACTACACGC,CUL4A,811,126,93
CUL4A_CATAGGTGCGGTCCAAGAAC,CUL4A,451,88,141
CUL4A_TACTGCTGATCGAGCGCGAG,CUL4A,1147,164,169
CUL4A_TATATGCTGCCGAAGGCCAA,CUL4A,72,116,130
CUL4A_AGATGTACCAGCTGTTCAGC,CUL4A,962,256,302
CUL4B_CAGAACTCTAGCTTTGCCAC,CUL4B,871,97,227
CUL4B_CTCTTCAGTAGAGTTCGAGG,CUL4B,1197,300,258
CUL4B_CACTCCTCCTTTACAACCCA,CUL4B,1344,331,534
CUL4B_CTTTCTCTTCTTGGCAGAGG,CUL4B,584,302,294
CUL4B_GCTACTACCTCTAAAGACGG,CUL4B,636,35,28
CUL4B_GAGGCTACTACCTCTAAAGA,CUL4B,222,17,109
CUL5_CCAAGATAGTGCAATGAAGC,CUL5,1774,551,517
CUL5_ACTATCTTAGCTGAGTGCCA,CUL5,674,654,459
CUL5_ACATATCATTAGTGCTGGCC,CUL5,52,81,102
CUL5_ATAGGAAGTTGGTATGCCAG,CUL5,694,357,159
CUL5_AAATTCTGAATGCTGGCGCC,CUL5,191,90,189
CUL5_CAATACAGCGAGCTGAAACG,CUL5,1676,1525,1430
CUL7_TGTCATGGGCCTCCAGCGCC,CUL7,882,66,177
CUL7_TGAGGAAGACATTGAGGACA,CUL7,691,563,329
CUL7_CACTTGCGAACTCAGAACGA,CUL7,1246,394,129
CUL7_CGAGGGCATTCAGCTACCAC,CUL7,1119,589,448
CUL7_ACACTCCTCCAGCTGCCGAA,CUL7,329,73,89
CUL7_GGTCGGGCGGAAATGAGCCG,CUL7,66,0,8
CUL9_ATGTTCAGGCGCTGGTACGC,CUL9,767,131,221
CUL9_AGATGGCATCGAGCAGCACA,CUL9,179,539,503
CUL9_GCGGGAACTGGAGTTCAGCA,CUL9,1,42,4
CUL9_GAGAGTGGGATATCTGACCC,CUL9,878,14,72
CUL9_GATCTCTGTGTCCGTGGAAA,CUL9,359,264,336
CUL9_ACCTCAGCGATCTGTCAGGA,CUL9,1094,343,198
CUTA_TCTTCATGATGAGCAGGAAC,CUTA,1026,332,431
CUTA_CCCAACTCCTATGACTCACA,CUTA,755,443,509
CUTA_CCAGAGCCGGAATCCGAGGC,CUTA,1260,352,609
CUTA_TCGAGGCTTCGAGGACCGGA,CUTA,164,66,76
CUTA_CACCATGTGACAGTAGAAGA,CUTA,823,479,440
CUTA_TTGGCTGGCTCTGGAGGCGC,CUTA,1340,262,182
CUTC_AGCGCGGATACCGTCCGGGA,CUTC,496,102,236
CUTC_CGGATACCGTCCGGGAAGGC,CUTC,1020,236,360
CUTC_TGTTCTGGTTTATCAGAGGG,CUTC,467,158,41
CUTC_CAACACGCGTTCAAATCCCA,CUTC,563,170,155
CUTC_TAGTAGACCGAGCAGAACAG,CUTC,1145,245,151
CUTC_CAGAGAGGTCTGGCTACACC,CUTC,1020,246,410
CUX1_TGTTGTGCGTAGCCGGAGCC,CUX1,519,396,392
CUX1_TGCATATGTCTGCGGGCACG,CUX1,436,135,114
CUX1_GCGGCTTATCGAACAGAGCC,CUX1,537,131,289
CUX1_TGCTGTCCGAGATCCAAAGC,CUX1,2293,1420,1065
CUX1_CGAAACCATAGCTCTTGAGA,CUX1,2573,255,152
CUX1_GATGTCCACCACCTCAAAGC,CUX1,853,305,240
CUX2_TTCTGAGCTGTCTGCACGGC,CUX2,1214,729,471
CUX2_TGCCGCCTCAAACACAGGCA,CUX2,721,128,109
CUX2_CGCCTCATTTCTCTGCAGCA,CUX2,1180,539,686
CUX2_GATCACTTTGGCGGCCAGAC,CUX2,1539,233,177
CUX2_CCCAGCGCTAAAGGCTACGC,CUX2,734,116,111
CUX2_CGGCCTGATCATGACCAACC,CUX2,2999,837,1166
CUZD1_TAGGACCCATTCGTCTGAAA,CUZD1,473,445,436
CUZD1_GGGCAAATATAACACCAGCA,CUZD1,2309,945,864
CUZD1_ATTCGAAGGTGGGAGTCACA,CUZD1,843,107,108
CUZD1_TTTGACGGAACCTCCAGCAA,CUZD1,2476,676,406
CUZD1_ATCCCAGTGAGAACTGCACC,CUZD1,3,94,215
CUZD1_CATTGTCAGCTCCGCCAAAC,CUZD1,1435,1346,820
CWC22_TTGTACGACGAAATGAGACC,CWC22,695,35,27
CWC22_TGGGAGTAGTGAAGAGGACG,CWC22,1075,123,33
CWC22_GGATTATAGTCATCCTCCAG,CWC22,320,0,0
CWC22_GGGTTTCTCCTCCCAGGAGA,CWC22,704,28,11
CWC22_AAAGTAATCTCTATCCCGGG,CWC22,594,55,80
CWC22_GGAACTCCTCTCCAGAAGAC,CWC22,584,75,145
CWC25_AGAGACTGAACATCCTCAAG,CWC25,293,63,56
CWC25_GGCACAACTCTAAGGTGAAC,CWC25,150,71,62
CWC25_AGGAGCTTCTGGATCTGGAA,CWC25,533,36,167
CWC25_TAGTGATCGTTCCAGCAGCG,CWC25,727,183,144
CWC25_CTTGCTGGCCATGTCAAGAA,CWC25,2791,459,482
CWC25_AGAGATGCAGCGCTATGCGG,CWC25,1925,260,156
CWC27_ATCCAGGAGCCTCCCACGAA,CWC27,495,146,113
CWC27_GGAGCCTCCCACGAATGGGA,CWC27,132,126,96
CWC27_CCTGGTTTCATAGTCCAAGG,CWC27,2167,273,413
CWC27_CCGCCTTGGACTATGAAACC,CWC27,4039,985,1272
CWC27_GCGGAGATCCTACTGGCACA,CWC27,345,133,229
CWC27_TCGGAGAGGACTGGTTGCCA,CWC27,1118,489,790
CWF19L1_AGTATAAGGCCACTCTGAGA,CWF19L1,331,65,77
CWF19L1_TTGCCTTGCTAGCCCTGAAG,CWF19L1,2353,252,245
CWF19L1_GCTAATGGATGCAGCAGAAC,CWF19L1,1974,260,467
CWF19L1_TGCCAGAGCTATAAACCGGG,CWF19L1,685,115,46
CWF19L1_TTTCAAGCCCGTGGCAAGAC,CWF19L1,1164,340,396
CWF19L1_GAATGGGAGGAGTATAAGAC,CWF19L1,686,78,156
CWF19L2_TCCCAAGGAAGTGGGTGACA,CWF19L2,842,78,76
CWF19L2_TCGGAGTCTTGCTGCACAAA,CWF19L2,3168,1375,1068
CWF19L2_CAACCCATGAGGAAAGAGAA,CWF19L2,742,116,147
CWF19L2_TCATCAGTACTGGTTTCCGA,CWF19L2,521,14,20
CWF19L2_GACACACTACAGTCTTCAGG,CWF19L2,285,18,2
CWF19L2_TCCATCCCAGACTCCTGACA,CWF19L2,1110,220,107
CWH43_TTGGTCTCTCTACCATGACC,CWH43,431,102,118
CWH43_GGCATTTGGAGCCTGGAAGG,CWH43,329,4,16
CWH43_ACACTTGATCGTATTGGCAC,CWH43,398,110,171
CWH43_GACCCAACTGGCTGCTGGCA,CWH43,819,325,17
CWH43_CCACGAAACCACAAACAAGA,CWH43,748,1027,771
CWH43_TCCTCAGGCACCAACCAAAG,CWH43,32,43,68
CX3CL1_CGACAGAGATATCGGAGCCA,CX3CL1,618,163,516
CX3CL1_CATCCACTATCAACAGAACC,CX3CL1,1016,475,588
CX3CL1_CTTCGAGAAGCAGATCGGCG,CX3CL1,1464,211,484
CX3CL1_AGATCGGCGAGGTGAAGCCC,CX3CL1,954,451,369
CX3CL1_GAGGCTCTGGTAGGTGAACA,CX3CL1,31,62,182
CX3CR1_CATCTGAATCACAAAGGAGC,CX3CR1,552,148,67
CX3CR1_AACAACCGGACCGTGCAGCA,CX3CR1,886,560,874
CX3CR1_CCGCCAACTCCATGAACAAC,CX3CR1,4955,1731,1633
CX3CR1_TGTTCATGGAGTTGGCGGCC,CX3CR1,652,285,288
CX3CR1_GGCGGTAGTGAATTTGCACA,CX3CR1,686,440,197
CX3CR1_TCTGATCCAGGCCTTCACCA,CX3CR1,1202,562,375
CXADR_ACTCACCCACTACTCCGCAC,CXADR,1422,653,937
CXCL10_ACTCACATGATCTCAACACG,CXCL10,1388,650,684
CXCL10_CAGCGTACAGTTCTAGAGAG,CXCL10,1901,425,678
CXCL11_ATCCCAAATCGAAGCAAGCA,CXCL11,1720,465,395
CXCL11_AAACATGAGTGTGAAGGGCA,CXCL11,601,69,43
CXCL12_GGTGCCAGGACCAGTCAACC,CXCL12,0,0,2
CXCL12_GCCAAAGACGGATCTCACAG,CXCL12,1082,56,146
CXCL12_GCATTGACCCGAAGCTAAAG,CXCL12,1305,727,629
CXCL12_TGACGTTGGCTCTGGCAACA,CXCL12,1353,1062,716
CXCL12_TGGCTTTCGAAGAATCGGCA,CXCL12,1122,167,329
CXCL12_ACCGTCGCTGAGGCAGAGCG,CXCL12,894,466,875
CXCL13_TCTCACCTTGGACTGGAGAG,CXCL13,785,282,255
CXCL14_ACGCCTGGAACGAGAAGCGC,CXCL14,177,61,220
CXCL14_CTACAGCGACGTGAAGAAGC,CXCL14,1336,228,185
CXCL14_CAAATGCAAGTGCTCCCGGA,CXCL14,202,59,37
CXCL14_GCACTCACCGTCCACACGCG,CXCL14,1929,773,641
CXCL14_GGAGCCTCATGCTGACCGGA,CXCL14,57,233,49
CXCL14_GAGCCTCATGCTGACCGGAG,CXCL14,82,98,163
CXCL16_CCTATGTGCTGTGCAAGAGG,CXCL16,742,388,79
CXCL16_GCGCTGAGTGGACTGCAAGG,CXCL16,1920,417,494
CXCL16_CTCATCAATTCCTGAACCCA,CXCL16,1801,206,259
CXCL16_TCGTGTAGTATAGACACCGA,CXCL16,1072,135,230
CXCL16_CGATTCATGAACTGAACCGA,CXCL16,462,328,186
CXCL16_CTGGTGTACCTGACTCAGCC,CXCL16,76,139,177
CXCL17_GGCGCTCAGAGCTCCTACAA,CXCL17,824,156,153
CXCL17_GGCCAAGAATGTGAGTGCAA,CXCL17,1360,72,204
CXCL6_AGGAGCTCTCACCGCTGGCG,CXCL6,684,661,437
CXCL6_TCTGTCAGCACAGCAGAGAC,CXCL6,728,151,130
CXCL9_GGCAGTGCTACACTGAAGAA,CXCL9,429,362,281
CXCL9_CCTGCATCAGCACCAACCAA,CXCL9,1007,686,318
CXCL9_TCCTGCATCAGCACCAACCA,CXCL9,2900,860,731
CXCL9_CCAGCAAGATGATGCCCAAG,CXCL9,1031,355,318
CXCR1_TATGCATGGCCTGGTCAGCA,CXCR1,1307,551,429
CXCR1_GCGCCGCAACAACATCGGCC,CXCR1,550,155,265
CXCR1_AGCGCCGCAACAACATCGGC,CXCR1,727,118,22
CXCR1_GATGGTAAGCCTGGCGGAAA,CXCR1,573,127,129
CXCR2_TGTGGTCATTATCTATGCCC,CXCR2,608,56,54
CXCR2_AGCGCCGCAATCACATCGAC,CXCR2,1221,131,196
CXCR2_GCGCCGCAATCACATCGACC,CXCR2,2260,345,488
CXCR3_GAATCCCGGCGGGAAGACGA,CXCR3,309,0,6
CXCR3_AGTTGCGGGCCAAAGCGCCC,CXCR3,255,52,109
CXCR3_AGCAGTAGGCCATGACCAGC,CXCR3,171,142,496
CXCR3_CTTCAGCCTGAACTTCGACC,CXCR3,1719,614,367
CXCR3_AGCACTTACCTCAAGGACCA,CXCR3,512,76,190
CXCR4_TTGAGAACACTGTGCACAAG,CXCR4,1920,770,1061
CXCR4_AATGTAGTAAGGCAGCCAAC,CXCR4,385,205,177
CXCR4_GCCAACAGGCGAAGAAAGCC,CXCR4,1016,308,297
CXCR4_TGAAGTCGGGAATAGTCAGC,CXCR4,447,138,301
CXCR4_CTTCTGGGCAGTTGATGCCG,CXCR4,1885,348,203
CXCR5_CATGAACTACCCGCTAACGC,CXCR5,1269,697,560
CXCR5_CTACCCGCTAACGCTGGAAA,CXCR5,1356,608,569
CXCR5_AAGATGAGGCTGTAGGCCAC,CXCR5,327,128,82
CXCR5_AGGGCAAGATGAAGACCAGC,CXCR5,538,37,46
CXCR5_CACCAGCCAGATGGTCCCAC,CXCR5,713,548,487
CXCR5_TCTTGGGAGAAGGTGCAACG,CXCR5,2757,565,441
CXCR6_AGACTTCCTGCAGTTCAGCA,CXCR6,504,451,330
CXCR6_CCTACAACCAGCAAGCCAAG,CXCR6,1309,629,475
CXCR6_TCGAAACTTCAGGCTGACAA,CXCR6,2029,555,306
CXCR7_ACGAGACTGACCACCCAGAC,CXCR7,653,878,743
CXCR7_AACGGCAAAGCCCAAGACAA,CXCR7,773,252,231
CXCR7_CTGGTCACTGGACGCCGAGA,CXCR7,648,75,126
CXXC1_TGATACAGGTCAGGATCCAG,CXXC1,930,91,138
CXXC1_GGGCTGGACTCACCGAGGAA,CXXC1,1509,228,243
CXXC1_AGCTCTGTCCATGCTCACCC,CXXC1,446,122,29
CXXC1_GGAGCGGGATGGCAATGAGC,CXXC1,414,86,88
CXXC1_CATCCGGATCACTGAGAAGA,CXXC1,878,225,138
CXXC1_CTACTGCATCTGCCGCAAAC,CXXC1,892,578,178
CXXC11_TCTGCTACCTGAGCACAGCC,CXXC11,664,214,202
CXXC11_TGACAACGCCACCCTTGCCA,CXXC11,782,323,398
CXXC11_CCCTCTGGAGGCCAATGCCG,CXXC11,420,453,274
CXXC11_CCTCGGCATTGGCCTCCAGA,CXXC11,4,0,5
CXXC11_TGACATCGAAGACTGCGAAG,CXXC11,1003,172,179
CXXC4_CCAGCGCTGAAGCATTCCGA,CXXC4,1483,193,133
CXXC4_AATGCTTCAGCGCTGGGAAC,CXXC4,679,242,282
CXXC4_CCGAAACGACTCCCAGAGGC,CXXC4,4,10,46
CXXC4_ACCACCGAAACGACTCCCAG,CXXC4,1091,113,113
CXXC4_CTTGTAGAAGGAGGTGGCAA,CXXC4,1247,349,436
CXXC4_ACCAATGTCTGCGTGGAGCC,CXXC4,367,218,113
CXXC5_AGCAGCACCAATGGCAGCGG,CXXC5,800,56,234
CXXC5_ATGCCCATTGGCCAACAGGG,CXXC5,1402,175,141
CXXC5_CACCCGCCTCGCTCATCAGC,CXXC5,1703,172,190
CXXC5_GCTCGCAGTTGATGCGCCGC,CXXC5,228,10,57
CXXC5_CCAGAAGGTGATGCTTCCGA,CXXC5,1351,181,189
CXXC5_CAGAAGGTGATGCTTCCGAC,CXXC5,1228,238,541
CXorf21_GAATGAGTACCTGGAGCAGA,CXorf21,371,43,131
CXorf21_CTGAATTAATGGCCATCACC,CXorf21,1920,331,509
CXorf21_CATCCACAGAGGAATAGGAA,CXorf21,1022,535,258
CXorf21_TATAAGAGGCACAACTCCAG,CXorf21,131,104,189
CXorf21_AGTACTGGAATGACATCCAC,CXorf21,325,55,83
CXorf22_TAAGGAGCCCGTCAAGCCAC,CXorf22,201,54,31
CXorf22_ATTTACCTGGAGCTTTGCCA,CXorf22,580,71,85
CXorf22_TGAGGATGGGTAATTGGCCG,CXorf22,2897,877,1090
CXorf22_CATCATACAAGATGATGCCG,CXorf22,32,5,30
CXorf22_AAAGGGCAAGATTACTGGAG,CXorf22,1354,216,167
CXorf22_CCTTCGATCCGTAATCCCAC,CXorf22,994,57,290
CXorf23_GGCCTGATTTATAATTGGGC,CXorf23,83,27,98
CXorf23_TGGTTTCCCTCAACCTCAAA,CXorf23,842,400,218
CXorf23_ACATAGCTAGTGCTGCAGAG,CXorf23,1429,1199,652
CXorf23_CTTCCTAAGATTGATAGGCG,CXorf23,1008,222,298
CXorf23_CCTCACAGAGGATATTCGCC,CXorf23,363,117,28
CXorf23_TCACGTGTCAAAGGATGGCA,CXorf23,835,825,535
CXorf24_CAGCCGGAATAAAGCGCCCA,CXorf24,423,108,197
CXorf24_AATCCCACCAAACGTGCAGC,CXorf24,1,236,54
CXorf24_CAGGACGCGACGGACCAAGC,CXorf24,981,646,321
CXorf24_ATTCCTAGAACAGGACGCGA,CXorf24,839,14,67
CXorf27_CTCGTTCATCTTGCACAACG,CXorf27,2312,1548,1419
CXorf27_TTGCTGACTACATCATGGAG,CXorf27,1348,701,655
CXorf30_TTCTTTCCGTGTCTAGAGGC,CXorf30,166,119,142
CXorf30_ACAATGTCAGTCCAGGAAGC,CXorf30,1516,244,339
CXorf36_CTCAGAGATGCTTTCGCAGG,CXorf36,264,440,548
CXorf36_TGCTTTCGCAGGAGGGCAGC,CXorf36,222,104,233
CXorf36_AGTGGGCGTCATCGACAAGC,CXorf36,466,119,207
CXorf36_TCAAAGACTCCAGGACACCC,CXorf36,954,235,65
CXorf36_TATGCAGAGGTGGCCGACGC,CXorf36,1362,680,320
CXorf36_AATCGGGAGGCAGTCCAAGG,CXorf36,1529,534,307
CXorf38_AAACTGGATTCACAGGAACC,CXorf38,1289,404,365
CXorf38_CCCGAGGAAGATCAGCGAGA,CXorf38,2509,448,350
CXorf38_CGAGGACTAGCAGACAAACA,CXorf38,2070,769,702
CXorf38_AGGTGTGCGCTGAATGGAAA,CXorf38,11,3,9
CXorf38_ACTGCGCCGAGTACAAGAAC,CXorf38,1325,418,302
CXorf48_TTTGGCCTTCTACGGGAGGA,CXorf48,583,345,271
CXorf48_TTGCTTTGGCCTTCTACGGG,CXorf48,542,191,240
CXorf56_TCCAGGTGATGATGACCAAA,CXorf56,1070,352,464
CXorf57_CTTCAGAAATAGAGCGCACC,CXorf57,291,334,129
CXorf57_AGTTTGATCTGTGGATCCAC,CXorf57,68,142,237
CXorf57_CTCACCACTACAAATGAGAG,CXorf57,1900,271,321
CXorf57_GCGAAATATGTACCACCAGA,CXorf57,518,144,230
CXorf57_CCTGCAACCGCTCTTGGACC,CXorf57,370,970,456
CXorf58_CTGGCGGCAGAAATAACAGC,CXorf58,849,306,183
CXorf58_AACGGGCCCATCAGGTACAA,CXorf58,943,422,636
CXorf61_ATTTCCCACACTCAATAGCC,CXorf61,1176,148,156
CXorf64_TGATCTGGATAGCAAGCAAC,CXorf64,1219,289,85
CXorf64_GAGTGGCCCTCTGAAAGAAC,CXorf64,384,332,250
CXorf64_AGGGACTCTTCTGCAACAGC,CXorf64,306,99,164
CXorf64_TACTATCCCTGATCTAAGGG,CXorf64,1044,275,374
CXorf64_AATAGCCTGCAGAGGAAAGC,CXorf64,610,212,260
CXorf65_TACAATGTGATGCCCTGGAG,CXorf65,2415,220,305
CXorf65_GCGCATACAATGTGATGCCC,CXorf65,97,118,75
CXorf65_TGGCTATGTTCACAGGAACC,CXorf65,1794,650,695
CXorf65_TACGTTTGTAAGGTGGAACG,CXorf65,1066,357,389
CXorf65_CACCTACTACGTTTGTAAGG,CXorf65,1550,446,380
CXorf66_AAAGGTCAGTGAGTCTAGGC,CXorf66,316,211,83
CXorf66_CCTGACTGGCTTATCTGAAC,CXorf66,804,553,734
CXorf66_CTTGTCTGCAGTAGATAGCA,CXorf66,1307,370,403
CXorf66_AGCGATGATGCGTCCAAAGC,CXorf66,1185,310,305
CXorf67_CACTCAGTCAGACATGGAGA,CXorf67,606,308,206
CXorf67_ATCTTGATTCCCGGTCCCGC,CXorf67,246,138,80
CXorf67_GAAGCAGCCCTGCCGCAACC,CXorf67,121,122,148
CXorf67_TACCCGAAGCCGCATCACCC,CXorf67,954,208,200
CXorf67_CGGTGCAGCCTCGGATGACA,CXorf67,605,250,171
CYB561_GGAGTGATGTGCAGACACCA,CYB561,1387,318,212
CYB561_GACTTCAAGACGCTGACGGA,CYB561,214,70,139
CYB561_TCGAACACCGCCACCAAGCC,CYB561,1496,1502,1444
CYB561_CGAAGCTAAACGCACCACCA,CYB561,1652,488,711
CYB561_TTGCAGCGTTTGCCTCAGCA,CYB561,1414,297,915
CYB561_GAGGTCTCAAGTCTCGGGAG,CYB561,360,157,149
CYB561A3_CGTAAGTCACAGGGAAAGGC,CYB561A3,795,409,394
CYB561A3_GCGGTCTTTGCCAACAGCAC,CYB561A3,578,279,245
CYB561A3_GCCCGAAATGACGGATGCGA,CYB561A3,290,268,210
CYB561A3_GAGAACAGAGAGAACCCACC,CYB561A3,72,20,0
CYB561A3_TACTGGATGCAGTACTGGCG,CYB561A3,758,242,553
CYB561A3_CACTATTACCCTAGACAGGA,CYB561A3,2064,271,587
CYB561D1_GGTCTGGTTCCCGCTCCAGC,CYB561D1,0,0,7
CYB561D1_CGAACTACTTCCTCAGAAAC,CYB561D1,3588,1249,919
CYB561D1_AAGCACGGATCCGGCTCCAC,CYB561D1,738,166,131
CYB561D1_GGATCCGGCTCCACTGGGCA,CYB561D1,488,42,345
CYB561D1_GCGAGCCACCCTTGAGACCC,CYB561D1,450,221,341
CYB561D2_TAAAGCCCAGGGCCACAAGG,CYB561D2,784,10,29
CYB561D2_CCACAAAGATGGTAAAGCCC,CYB561D2,1325,107,200
CYB561D2_GGCAAGCACAGCCACAAAGA,CYB561D2,255,97,91
CYB561D2_CAGCCAAAGACATAAGCACC,CYB561D2,1460,535,363
CYB561D2_TTACGCGGCATGGGCAGGCA,CYB561D2,595,616,533
CYB561D2_CCTCTGTCACTGGTGCAGCC,CYB561D2,868,190,393
CYB5A_TAGGCGATACATCAAGGCGA,CYB5A,1092,216,162
CYB5A_TTTCTAGTTGGTGGACCAAC,CYB5A,354,164,224
CYB5A_GATGGCAGAGCAGTCGGACG,CYB5A,435,309,68
CYB5B_GCGGAAGCTAGCGGCAGCGA,CYB5B,119,137,182
CYB5B_TGACATCGTAGACTCGCCCA,CYB5B,2373,155,88
CYB5B_CACCCGCTTCCTCAACGAGG,CYB5B,397,234,297
CYB5B_CTCTGATAGTTCTTACCGGA,CYB5B,1106,156,114
CYB5B_GAAAGCAAATCCTCCTGAGG,CYB5B,438,49,140
CYB5D1_TTATGTTGGGCCACCTCCGC,CYB5D1,785,40,23
CYB5D1_CGACCTAACGTCATTGGCAC,CYB5D1,914,575,560
CYB5D1_TGGTCTTTGGATCAAACCAG,CYB5D1,779,220,76
CYB5D1_CTCAGCTGCCCTGTTCGGAC,CYB5D1,3865,689,734
CYB5D1_TCGTTGGCCCAGTCCGAACA,CYB5D1,1907,545,783
CYB5D1_GAATGGGATCCGGGATGAGG,CYB5D1,297,1,12
CYB5D2_GAGCTGTCTCGCTACCGCGG,CYB5D2,1168,98,74
CYB5D2_AGGCTCGTAGTGCCTCCGGC,CYB5D2,373,87,88
CYB5D2_GCTCTGGATGCGTCTCGGCC,CYB5D2,258,3,94
CYB5D2_GGTCGGATACGTCATCCACG,CYB5D2,464,125,124
CYB5D2_GACATTCCCGCCGTGCAACG,CYB5D2,1861,400,865
CYB5D2_GAGCATGTGATGGCTAGCGG,CYB5D2,312,185,27
CYB5R1_CAGGGACTTTCAGGATGGCC,CYB5R1,240,53,43
CYB5R1_GGAATGATTGCCGGCGGGAC,CYB5R1,2018,845,1047
CYB5R1_AGCGGGTTGCTCACTTACAC,CYB5R1,1407,428,892
CYB5R1_GAGTGTATGGCCTGATGACC,CYB5R1,664,240,75
CYB5R1_CTGTGAGCCACAACACCAAG,CYB5R1,1430,408,792
CYB5R1_GCTACGACTGCTAGACAAGA,CYB5R1,459,245,186
CYB5R2_GACGGCGGCTCACCCTAACC,CYB5R2,1211,171,228
CYB5R2_GCCACACACCAGGATGAGCG,CYB5R2,972,387,712
CYB5R2_GCTCATTCGCCACATCACCA,CYB5R2,1339,331,480
CYB5R2_CCTAAGACATGGTCCGGCGA,CYB5R2,1166,444,120
CYB5R2_CCGGCGAAGGCAGTCCAAAG,CYB5R2,3080,1153,1167
CYB5R2_GCTGCCCTTGATTGAGAAAG,CYB5R2,661,478,765
CYB5R3_CAGGGTCCTTCATGATGGCG,CYB5R3,1103,307,283
CYB5R3_CTGTGGGCATGATCGCGGGA,CYB5R3,1827,140,330
CYB5R3_GACCCGAATCACCTTTGCCC,CYB5R3,339,0,82
CYB5R3_TTCCATCAATTCGAGCCGAG,CYB5R3,1133,691,361
CYB5R3_AGATCATCAGCCATGACACC,CYB5R3,1145,69,282
CYB5R3_CTCGAGGGTGATGGCTGGCG,CYB5R3,1078,366,1085
CYB5R4_AATTGACCCAACGATGAACC,CYB5R4,611,15,28
CYB5R4_CTATACAGACTATCGTGAGG,CYB5R4,1077,78,140
CYB5R4_TGGAACAGGCTTCACACCAA,CYB5R4,1140,61,269
CYB5RL_CTTTAATTAGGTCCTGGCCC,CYB5RL,162,96,188
CYB5RL_CTCTTGCTGGCTGCGGGCAC,CYB5RL,722,375,350
CYB5RL_TTGCTTCCAGTGCTACCAGA,CYB5RL,795,393,303
CYB5RL_AGTATCCTTCTGCGTTGGCA,CYB5RL,723,7,55
CYB5RL_CGTAGGATGAGGTGCTGGCC,CYB5RL,1781,539,625
CYB5RL_CGGGTAGAGCAAACCGGACA,CYB5RL,2500,1073,1154
CYBA_ACACGACCTCGTCGGTCACC,CYBA,0,20,32
CYBA_ACACTAGAAGACGCACAGCA,CYBA,2576,295,1075
CYBA_AGATGCCGCTCGCAATGGCC,CYBA,623,38,151
CYBA_AGGGCTCCACCATGGAGCGC,CYBA,347,94,21
CYBA_CGCCTGTTCGTTGGCCCACA,CYBA,1401,936,779
CYBA_GGCCATGTGGGCCAACGAAC,CYBA,835,425,339
CYBB_CCCGGTAATACCAGACAAAG,CYBB,2563,813,1194
CYBB_CCGCCTCTTCTAGTCAGCAC,CYBB,2214,509,705
CYBB_GAGTTCGAAGACAACTGGAC,CYBB,441,112,85
CYBB_TCCAGTGATGCCTGCCAACA,CYBB,1248,917,679
CYBB_ACAGAAGGTGGTCATCACCA,CYBB,2083,298,144
CYBB_TGCTTGTGGCTGTGATAAGC,CYBB,3434,591,1153
CYBRD1_CGAGCTTGGATGCTGGACGA,CYBRD1,1462,504,67
CYBRD1_CTGGGTCCTCCACTACCGAG,CYBRD1,1134,609,562
CYBRD1_AAGCCGGTGACCATGAGCAC,CYBRD1,2012,467,573
CYBRD1_TCATCGTCTACAGACTGCCG,CYBRD1,281,51,56
CYBRD1_GGATAGTCACCAGACCGCAA,CYBRD1,1465,272,273
CYBRD1_TCCAAATGGAGGCACTGAAC,CYBRD1,1223,876,1027
CYC1_AGCTGCGGCTTCGCTTCGCG,CYC1,933,335,123
CYC1_GAAAGTGATGCTGTCAGCGC,CYC1,1188,310,775
CYC1_GGTGGGCGTGTGCTACACGG,CYC1,207,0,68
CYC1_GCTGCTCGAGCTGCCAACAA,CYC1,974,360,385
CYC1_GGCTACTGCGAGCCACCCAC,CYC1,304,192,89
CYC1_ATGTGTGCACCTTCCTGCGC,CYC1,2017,54,223
CYFIP1_TAGAGCAGCGAGGATGGCGG,CYFIP1,506,0,14
CYFIP1_AGCCACCGTCCACTCTAGCA,CYFIP1,1451,28,52
CYFIP1_CGAGCGTGGCACCTGTGGGA,CYFIP1,1085,59,41
CYFIP1_TAACGAGCAGCCTAACAGAG,CYFIP1,1212,44,44
CYFIP1_TCCTCCTCTCGGCATGGCAC,CYFIP1,366,59,67
CYFIP1_TTGAATACAGCAACTCCAGG,CYFIP1,455,45,39
CYFIP2_GGAAGATGCCCTGTCCAACG,CYFIP2,1841,630,808
CYFIP2_AGAGACTTACCATGCTGGAG,CYFIP2,322,392,267
CYFIP2_CATCGAGCGGTTCTGCAGCG,CYFIP2,0,18,36
CYFIP2_TCTGCGACTCCTGGATAGAC,CYFIP2,1097,201,328
CYFIP2_GCCAGCAGCTCCTCATAGCC,CYFIP2,314,174,37
CYFIP2_CGGCGACATGCAGATAGAGC,CYFIP2,2772,819,618
CYGB_TTTCTGGGTGCCAAGGAAGC,CYGB,705,252,150
CYGB_CTATCTCGTCCACAGCCCAC,CYGB,673,186,57
CYGB_CCTTGTAGGCAGCGGTCACG,CYGB,483,226,193
CYGB_TGAAGTACTGCTTGGCCGAG,CYGB,1979,705,593
CYGB_CTATGCCAACTGCGAGGACG,CYGB,1546,940,921
CYGB_AGGAGCTGTCCGAGGCGGAG,CYGB,48,279,341
CYHR1_TCCAGATACAGAAGTAGGGC,CYHR1,325,79,116
CYHR1_TTCGAGAAGATTGGCTACAC,CYHR1,1244,369,342
CYHR1_CGGCCCTACCTGGTACACGG,CYHR1,2486,597,433
CYHR1_CCGGCAGCTACAGCTGCAGG,CYHR1,80,24,51
CYHR1_TATCCAACTGTCACTCCCAC,CYHR1,414,140,252
CYHR1_TGCATACACAGCGCCTCCAG,CYHR1,2508,332,538
CYLC1_TCATTTGTACCTCTCTGGAG,CYLC1,618,263,157
CYLC1_TGATGCTGACTCTGAACCGA,CYLC1,437,48,53
CYLC2_TTTCCCAAACCACAACGGCC,CYLC2,24,47,65
CYLC2_CACAACGGCCAGGAACCAAA,CYLC2,1041,504,403
CYLC2_ACCAACTCGTACTGTCGAGG,CYLC2,761,24,155
CYLD_TAAAGGCCTCCAAATAGACG,CYLD,233,68,356
CYLD_GCATTGGAAAGTGATTACGC,CYLD,1382,259,541
CYLD_AACCCTATTGGCAACTGGGA,CYLD,852,63,196
CYLD_TGTTTCAGAGAGTGTGACGC,CYLD,690,97,140
CYLD_ATAGGATCTACCTCAGACCC,CYLD,1454,207,352
CYLD_GAATGAAGTGCTCGCTGGAC,CYLD,137,235,150
CYP11A1_GCCCACCTTCTTCTTCGACC,CYP11A1,681,50,84
CYP11A1_CATGGCCACGATGCTACAGC,CYP11A1,1258,241,355
CYP11A1_TGGTCCTGAACAGACGGAAC,CYP11A1,1985,544,473
CYP11A1_ACTTCGTCAGTGTCCTGCAC,CYP11A1,0,20,30
CYP11A1_GCCCTTCTCTTTAAGTCCGA,CYP11A1,605,221,117
CYP11A1_AGCCATTGTCACCAGGAGAG,CYP11A1,856,166,154
CYP11B1_TGCTGGTGTACTGTTGAGGG,CYP11B1,1760,398,616
CYP11B2_TAATCGCTCTGAAAGTGAGG,CYP11B2,521,32,23
CYP11B2_AATCGCTCTGAAAGTGAGGA,CYP11B2,418,157,171
CYP11B2_AACCGCCCTCAACACTACAC,CYP11B2,1167,336,169
CYP11B2_CCCAGATGTGCTGTCGCCCA,CYP11B2,1039,716,541
CYP11B2_CAACTTGGGAGGACCACGCA,CYP11B2,958,597,493
CYP17A1_TGAGAAGGAGTGGCACCAGC,CYP17A1,1526,113,248
CYP17A1_GAGGCGAAGCACCTCTCGGA,CYP17A1,34,35,83
CYP17A1_GGTCCATTTAACCACAGAGG,CYP17A1,297,60,33
CYP17A1_TACCGCCACGAAGACAGGAA,CYP17A1,1843,390,252
CYP17A1_ATCCTTGAACAGGGCAAAGG,CYP17A1,695,372,291
CYP17A1_TAAGCACCTCCTTGGCCAGC,CYP17A1,510,161,337
CYP19A1_TGCAGGAAAGTACATCGCCA,CYP19A1,1318,345,286
CYP19A1_CGCATGACCAAGTCCACGAC,CYP19A1,3055,832,844
CYP19A1_AGACTGTGACCATACGAACA,CYP19A1,1131,736,628
CYP19A1_TGCATCGGTATGCATGAGAA,CYP19A1,2865,1348,1555
CYP19A1_GCGAGTCTGGATCTCTGGAG,CYP19A1,589,126,178
CYP19A1_CCAATTCCCATGCAGTAGCC,CYP19A1,1058,380,498
CYP1A1_GGTGGAATTCAGCGTGCCAC,CYP1A1,0,50,14
CYP1A1_CGACAAGGTGTTAAGTGAGA,CYP1A1,1753,220,331
CYP1A1_GACGAAGGAAGAGTGTCGGA,CYP1A1,0,107,95
CYP1A1_TAACCATACCAGCTCCAAAG,CYP1A1,2291,632,561
CYP1A1_CTACAGCTTCATGCAGAAGA,CYP1A1,1375,666,631
CYP1A1_ATAGCGCCGGCCAAAGCAAA,CYP1A1,1227,346,422
CYP1A2_TTGTAAGGGTCGAAGTGCCC,CYP1A2,207,116,176
CYP1A2_GCACTATCAGGACTTTGACA,CYP1A2,1382,223,298
CYP1A2_CAAGAAGGAGGAGTGTCGGA,CYP1A2,755,52,120
CYP1A2_TTCCCTCCTCAGCACAACAA,CYP1A2,1210,740,744
CYP1A2_CGCTCAGGCCGGAACTCAGA,CYP1A2,618,161,182
CYP1A2_CTCCAGTTGCTGTAGCAGGA,CYP1A2,1571,382,846
CYP1B1_ATCGCACTGGTGAGCCAGGA,CYP1B1,806,294,445
CYP1B1_GGTCATGATTCACAGACCAC,CYP1B1,25,15,91
CYP1B1_GGTCACCCATACAAGGCAGA,CYP1B1,155,11,73
CYP1B1_CTGCGAAAGCCTTCGGCCCG,CYP1B1,1867,497,571
CYP1B1_CGAACGAGAGGTGAGCCGCC,CYP1B1,428,69,2
CYP1B1_TCCGTTGCCTCAGCAGCCGC,CYP1B1,575,71,55
CYP20A1_CACCGGATAGAGGTAGAGCA,CYP20A1,2464,369,436
CYP20A1_CAGTGCCCAAACTAACCACG,CYP20A1,807,442,436
CYP20A1_TCACCTTACCTTTAGGAGGA,CYP20A1,626,120,139
CYP20A1_TCTCTAAGCCCTCATGCAAC,CYP20A1,1095,318,221
CYP20A1_ACCAAGGGCATAAAGGACGA,CYP20A1,923,279,80
CYP20A1_CCTACTTTCTGTGGAGGGAC,CYP20A1,575,444,393
CYP21A2_GGGAGTAGTCTCCCAAGGAC,CYP21A2,95,6,21
CYP24A1_TTCCTCAAATCTTCTGCCCG,CYP24A1,1810,120,142
CYP24A1_CCGTTTCCACCGCAGCCAGC,CYP24A1,738,532,405
CYP24A1_AGGCTCTTGTGCAGCTCGAC,CYP24A1,649,110,137
CYP24A1_CGCTGTACAAGTCTTCAACG,CYP24A1,4186,1528,1717
CYP24A1_TGCGGTACAGCGCTTCCAGC,CYP24A1,196,243,85
CYP24A1_CCAGTCTGCCCGCTGACAGC,CYP24A1,995,250,441
CYP26A1_GGGAAGCCCATAGTCCCGGG,CYP26A1,171,5,0
CYP26A1_CTTGCTCGGAGAGCACCGGC,CYP26A1,171,17,26
CYP26A1_CCATCGACGTGCCCTTCAGC,CYP26A1,788,37,0
CYP26A1_GATCGAGCACTCGTGGGAGA,CYP26A1,236,36,22
CYP26A1_AGATGTGGCTGCACTGGCCG,CYP26A1,1458,414,695
CYP26A1_ACCCGAAACCCTCCTGGAAC,CYP26A1,1284,593,676
CYP26B1_CAGCGTCAAGTTCTTTGGCC,CYP26B1,1729,705,622
CYP26B1_CCGCAGCTTCTCCAGCACAG,CYP26B1,2069,536,453
CYP26B1_GCACTGCAGCTTCTCCCGGA,CYP26B1,1,96,244
CYP26B1_CACCCGGATGGCCATGCGGA,CYP26B1,636,326,245
CYP26B1_GCCACTCGGTGCTCACGAGG,CYP26B1,1485,313,324
CYP26B1_GGCCGGTCTCTCCGATGAGC,CYP26B1,863,167,118
CYP26C1_TCTTCGGCGAAACGCTGCAC,CYP26C1,38,135,428
CYP26C1_AGTGATCCGCGTGAGCGGCG,CYP26C1,53,63,19
CYP26C1_GAGGCGTCGTAGACTGAGAC,CYP26C1,228,218,176
CYP26C1_ATTAGGTCGAGGGCATCACC,CYP26C1,254,92,56
CYP26C1_CGAATCTTGGCGATGGCCGC,CYP26C1,787,59,284
CYP26C1_CCCGTCCACTGGGTGCACGA,CYP26C1,1675,1195,1155
CYP27A1_AGGCGCGCGAGCACAACCCA,CYP27A1,1795,399,295
CYP27A1_CGCATCACTTGCTCCAAGAG,CYP27A1,1922,1423,2148
CYP27A1_AGCCAATGCGTTTCTCGAAC,CYP27A1,1906,512,499
CYP27A1_TGGACAGCTCAGTCCTCGGG,CYP27A1,145,26,22
CYP27A1_AGACATCCAACACGCTGACA,CYP27A1,1402,376,340
CYP27B1_GCTGCGCTTGCCAAAGCCAA,CYP27B1,142,6,61
CYP27B1_AGGACAGCCCGAGAAGGACC,CYP27B1,0,1,32
CYP27B1_GGCTCAAGTGCCACCCGACA,CYP27B1,1703,138,287
CYP27B1_TTGAGGCCGGAGGAGGAGCG,CYP27B1,1280,221,317
CYP27B1_CGTCGAGGAGCTGCTGCGAC,CYP27B1,744,163,286
CYP27B1_CCAGAAAGCTGGGCGTAGAG,CYP27B1,2142,867,695
CYP27C1_GCCGGAACTCCTTGGCCCGA,CYP27C1,455,74,18
CYP27C1_CCGGGTCACCCAGGAAGACC,CYP27C1,1173,368,327
CYP27C1_TAAGGAGAGCTCTGACCAGC,CYP27C1,379,181,234
CYP27C1_ACCAAATGGACCGAGGCCGG,CYP27C1,114,50,133
CYP27C1_AGTACCAAATGGACCGAGGC,CYP27C1,486,88,13
CYP27C1_TGTGGAATACATCGAGGCCC,CYP27C1,1053,335,186
CYP2A13_TTTGGCCCACAGGGTCAACA,CYP2A13,811,229,98
CYP2A7_GAGGCCATCCGGAGCACGCA,CYP2A7,676,35,60
CYP2B6_CCGGAAGAATGGGTCGACCA,CYP2B6,2667,664,570
CYP2B6_CCAGGTGTGATCTTTGCCAA,CYP2B6,2008,494,905
CYP2B6_CCATTGGCAAAGATCACACC,CYP2B6,510,579,600
CYP2C18_GGAGATAATCGATGAGAGCA,CYP2C18,401,154,283
CYP2C18_GGGAGATAATCGATGAGAGC,CYP2C18,296,107,66
CYP2C18_GACTCCTGTCCTGCATACAG,CYP2C18,341,220,115
CYP2C18_ACGACCAAATGCATTGGCAA,CYP2C18,1046,284,285
CYP2C8_TGGGCTAGCATTCTTCAGAC,CYP2C8,1448,659,868
CYP2C8_GGGCTAGCATTCTTCAGACA,CYP2C8,1966,597,488
CYP2C8_ATGCCATTATGGTTGTGCCC,CYP2C8,184,0,25
CYP2C9_GCAGTTGACTTGTTTGGAGC,CYP2C9,1592,742,877
CYP2D6_ACCGGAGTGGTTGGCGAAGG,CYP2D6,2137,946,434
CYP2D6_GCCTTCGCCAACCACTCCGG,CYP2D6,154,178,89
CYP2E1_GGTTCCCGATGATGGGAAGC,CYP2E1,271,95,69
CYP2E1_CCCACGTACAGCGTGAACAC,CYP2E1,1646,180,765
CYP2E1_CATCCCATAGTTCCGGAGGG,CYP2E1,801,147,239
CYP2E1_CGCGCAGCCGATGAGGAAGG,CYP2E1,2253,500,421
CYP2E1_AGGCAAGTAGTGTAGAAAGC,CYP2E1,1121,230,224
CYP2E1_TGCAGAGCGCTTGTACACAA,CYP2E1,1886,429,355
CYP2F1_TTCCTACCCTCAGCTGAGCA,CYP2F1,2473,907,848
CYP2F1_CTCCATGTACACAGTGCACC,CYP2F1,492,258,342
CYP2F1_ACACAGTGCACCTGGGACCC,CYP2F1,1729,258,253
CYP2F1_TGAGGAGCGAATCCTAGAGG,CYP2F1,594,403,253
CYP2F1_GAGGAGCGAATCCTAGAGGA,CYP2F1,1006,106,147
CYP2F1_TCTACCAATGCAGGAGAAGG,CYP2F1,623,212,279
CYP2J2_CAATTTGACGGCGCTGCACA,CYP2J2,1188,83,162
CYP2J2_TTGACAGAGTGATTGGCCAG,CYP2J2,780,150,309
CYP2J2_TCTCGGTTCCGGCAAAGAAG,CYP2J2,1040,223,494
CYP2J2_ACCAAACTCTCTTCAGCAAC,CYP2J2,2270,1070,958
CYP2J2_CTTAGAGGAACGCATTCAGG,CYP2J2,1097,143,119
CYP2J2_GCGCCCAAAGAACTACCCGC,CYP2J2,714,149,236
CYP2R1_CTGCAATGTCATGCCTAACC,CYP2R1,1987,1188,1058
CYP2R1_TAGTTCCAGATCTGAAGCCC,CYP2R1,748,271,349
CYP2R1_TGTCCAGAAATCGCTCAGGA,CYP2R1,817,704,815
CYP2R1_CTACAACCAATGTGCTACGG,CYP2R1,2358,495,686
CYP2R1_TTGCCGATAAATGGCAGCCC,CYP2R1,735,124,173
CYP2R1_GCCGCCTCTGCTTCAGCAGC,CYP2R1,98,215,37
CYP2S1_AGATGGAGGCGACCGGCACC,CYP2S1,893,539,146
CYP2S1_TAGCAGCCCTTGACTTACCA,CYP2S1,772,377,425
CYP2S1_CATGCTTGCTCTGCGGGACC,CYP2S1,836,84,140
CYP2S1_AGACTACGTTGGAGGTGGCC,CYP2S1,89,76,108
CYP2S1_CGATGCCTTCCTGCTGAAGA,CYP2S1,981,665,554
CYP2S1_GAGGGTATTTCATCAGGAGC,CYP2S1,376,14,21
CYP2U1_CGACTTCCACAGCGTGCGCG,CYP2U1,35,30,56
CYP2U1_AGGTCTTCAGCGACCGCCCG,CYP2U1,525,514,411
CYP2U1_AAAGCGCTGGCCAAAGCACA,CYP2U1,720,72,248
CYP2U1_AGCTCCTTCCCTCACAGACA,CYP2U1,1686,430,341
CYP2U1_AGCCATTTGGGAGAAACCGG,CYP2U1,981,111,213
CYP2U1_GACCAAATCTTCCAGTCAGG,CYP2U1,880,30,44
CYP2W1_CTTGCTGCGTCTGTCGCAAC,CYP2W1,1719,546,735
CYP2W1_TCGCTGGATGAGCTGGAAGA,CYP2W1,2474,604,464
CYP2W1_TGCAGAATCTTGTCAGCCAC,CYP2W1,891,237,453
CYP2W1_CCTCATCGATGAGACCCAGC,CYP2W1,29,211,78
CYP2W1_TGTGGACGCCCTGATCCAGC,CYP2W1,777,43,58
CYP2W1_GGGCCGCACTTCTGATGGGC,CYP2W1,559,94,139
CYP39A1_TTCGGCATTGCCCTTCCGGC,CYP39A1,394,372,337
CYP39A1_CTCTAACAGAGCAAACCACC,CYP39A1,706,221,254
CYP39A1_GCTTCATGGCATTTGGAAGC,CYP39A1,1560,418,358
CYP39A1_GACATTATTGCAAGCTACGC,CYP39A1,985,327,213
CYP39A1_AATCCAGCCCTTGATGCACG,CYP39A1,1839,405,554
CYP39A1_ATCCAGCCCTTGATGCACGG,CYP39A1,1484,993,461
CYP3A43_CATATAGAGGAGTACCAGGC,CYP3A43,789,96,73
CYP3A43_GGGATCCATGATGACCAGCA,CYP3A43,871,286,146
CYP3A43_ACTCAAGCCTTTAGGTCCAA,CYP3A43,136,139,409
CYP3A5_CCCTTGAAATTAGACACGCA,CYP3A5,1516,627,637
CYP46A1_AAGACGTTGACCCGCACAAC,CYP46A1,593,130,101
CYP46A1_TAGACCTGGCCTTCAGCCGG,CYP46A1,60,67,35
CYP46A1_TGTCACCCATCACCTTGGCC,CYP46A1,1054,662,458
CYP46A1_CGCCGGGAAGCCCTGAAGAG,CYP46A1,2107,563,472
CYP46A1_TTCAGCTGAAGAGGGAGCCC,CYP46A1,403,119,302
CYP46A1_GCCAGCCAGAGATCGTGGCA,CYP46A1,482,50,345
CYP4A11_GGATTCCAGAGACATCACCC,CYP4A11,18,165,46
CYP4A22_GGATCCCGGAGACACCACCC,CYP4A22,1349,649,466
CYP4B1_AGATCAGCCCAGAAGCCCAC,CYP4B1,495,149,349
CYP4B1_CATTTCAGATCCAGGAGACG,CYP4B1,926,181,81
CYP4B1_ACGTGTAGACTCAGTGAACA,CYP4B1,2685,922,1132
CYP4B1_CTTCTGCGATGTGGGTCACA,CYP4B1,584,291,108
CYP4B1_CTGTATGGTCATGGGCCACC,CYP4B1,1206,331,532
CYP4B1_GGGCAACAATGTACTCACCC,CYP4B1,497,366,246
CYP4F11_CACTGTGAGTTCGCACCCAG,CYP4F11,1256,376,635
CYP4F11_GAGCTGATATTGCGCGCAGA,CYP4F11,72,275,164
CYP4F11_CCTCAATTACTCACCCAGCC,CYP4F11,360,454,322
CYP4F11_CTCAATTACTCACCCAGCCA,CYP4F11,2081,1228,1107
CYP4F11_CCAGCCACAACTTAAAGCCC,CYP4F11,1133,427,166
CYP4F11_CATGAAGACATTGACCCAGC,CYP4F11,663,89,98
CYP4F12_TCAGATCACTCCTACAGAGG,CYP4F12,2060,628,374
CYP4F12_TGATCATGCGCGCCGAGGGC,CYP4F12,173,203,407
CYP4F2_TGACATGGCGGGAGATGACC,CYP4F2,318,276,130
CYP4F22_ACCGCAGCAGCAGGCGGAAC,CYP4F22,797,449,654
CYP4F22_GGGTGCACCAGAACCAACAG,CYP4F22,422,318,368
CYP4F22_AGGCGGGTGTCAGCAGGCGA,CYP4F22,558,310,591
CYP4F22_CCAGATGCCGCCATTTAGCC,CYP4F22,1574,581,491
CYP4F22_AGTCATCCAGGAACGGCGGC,CYP4F22,1281,100,82
CYP4F22_GGTCACGACACAACATCCAG,CYP4F22,60,41,126
CYP4F3_ATGCGGACGATTGCGTGCCA,CYP4F3,849,351,212
CYP4F3_CAGCGAGAGACGGCAGGGAC,CYP4F3,1718,512,662
CYP4F3_TTGGGTGCAGCAGCGAGAGA,CYP4F3,466,252,767
CYP4V2_TGGCGAGCTACGCGCGGAAA,CYP4V2,1046,462,471
CYP4V2_CCACGCGCTGCTGATGAAGC,CYP4V2,1367,357,419
CYP4V2_TGCATTATAAAGGGCCACCA,CYP4V2,1382,466,437
CYP4V2_CTTCTGGGTTAGAACCCAAC,CYP4V2,589,228,61
CYP4V2_CGGGCAAATAAAGGAACAGA,CYP4V2,625,358,198
CYP4V2_CCTCAGGATGCACGAAAGAA,CYP4V2,884,758,678
CYP4X1_GAGGAGGCACCTTGATAAGC,CYP4X1,342,248,576
CYP4X1_TTCGGCGCTGCGCAGAGCCA,CYP4X1,720,48,67
CYP4X1_TGAAAGGGCCCAATCCAGAA,CYP4X1,838,616,711
CYP4X1_CGGCTCTAGACGGACCCAAG,CYP4X1,795,291,454
CYP4X1_AGACCAACTGCCAGACAAAC,CYP4X1,2241,861,1002
CYP4X1_CTCGGCTTAACTTCTGGAAG,CYP4X1,2014,622,467
CYP4Z1_GGTCTGGAGCCAGCTTGAAG,CYP4Z1,942,191,74
CYP4Z1_GGACAACTTGACGAACAGGC,CYP4Z1,635,252,137
CYP51A1_TCCGACGGAGTGAATGGCGG,CYP51A1,1280,141,137
CYP7A1_CAACATCCGGACAGCTAAGG,CYP7A1,1409,272,320
CYP7A1_CACCTTTGATGATCTGGAGA,CYP7A1,1067,300,405
CYP7A1_TGGCAGAGATCTTACAAGGC,CYP7A1,1873,426,777
CYP7A1_TCACTTTGCTACTTCTGCGA,CYP7A1,857,396,458
CYP7A1_GGTGAACCACCTCTAGAGAA,CYP7A1,155,101,53
CYP7B1_TACCTAATGCCGTTTGGAAC,CYP7B1,682,349,507
CYP7B1_TCAGGGTCACCATGTAGGAC,CYP7B1,1861,699,790
CYP7B1_AGTTAGCCAAGATGCAAGGA,CYP7B1,691,208,393
CYP7B1_TTTATCAATGGAGGCTCACC,CYP7B1,81,178,109
CYP7B1_GCGCCGGACAAGCAAGCAGA,CYP7B1,620,102,648
CYP7B1_AGGAGAAGTGTCCGCGGCCA,CYP7B1,1026,391,271
CYP8B1_GAGCTTGTTCGGCTACACGA,CYP8B1,1932,370,360
CYP8B1_GCTGTCCTCATGCCAGCAAC,CYP8B1,991,383,240
CYP8B1_TCTTCCGGAAAGCCATGGCA,CYP8B1,906,159,98
CYP8B1_CAGGGATGCTCCGACAACGC,CYP8B1,2351,639,783
CYP8B1_CTGGATACCTGTGCCTGCCA,CYP8B1,136,45,50
CYR61_GACGACTAAGGCGAGCGCCC,CYR61,492,141,26
CYR61_CTGCGCCAAGCAGCTCAACG,CYR61,1010,357,325
CYR61_CGGCCTCCTTGGCAAGGAGC,CYR61,539,165,275
CYR61_CGAATCCCAGCTCCTTGCCA,CYR61,868,141,205
CYR61_CTGTACACTGGCTGTCCACA,CYR61,1269,76,539
CYR61_ATGCGGTTCCGCTGCGAAGA,CYR61,1602,390,326
CYS1_CCTACGACCACTCGGAAGAG,CYS1,1182,482,453
CYS1_TCCTACGACCACTCGGAAGA,CYS1,718,546,569
CYS1_TTCCGAGTGGTCGTAGGAGA,CYS1,1110,279,397
CYS1_TCGCAAGAAGCCCGAGAGGC,CYS1,654,116,66
CYS1_TGCGCAGAGCAGAGCACAGA,CYS1,1502,396,398
CYSLTR1_TCTGGGTACATAAGTCACGC,CYSLTR1,1366,129,464
CYSLTR1_ACATAATAGACCACACGGAG,CYSLTR1,1757,422,510
CYSLTR2_AAGACATAATCCTGCAGGCC,CYSLTR2,75,129,125
CYSLTR2_GGACCGTCCACTTGACGACA,CYSLTR2,1559,261,136
CYSLTR2_CCACTTTCCATGTCGTCAAG,CYSLTR2,1198,389,414
CYSTM1_CCACAGTACGGCTGGCAGGG,CYSTM1,2471,543,578
CYTH1_CTCTAAAGGGATGATTCCAC,CYTH1,520,246,100
CYTH1_TCAATCCAGACCGAGAAGGC,CYTH1,584,302,210
CYTH1_GGCAATGAACCTCTCCACAG,CYTH1,1979,209,255
CYTH1_GATCGTATTTACCCGTGGAC,CYTH1,47,116,140
CYTH1_CTTCACAAGTGTTCTTCAGG,CYTH1,645,194,215
CYTH1_AAGAACTGGAGAACATCCGA,CYTH1,344,160,46
CYTH2_GCTCAGTGAAGCCATGAGCG,CYTH2,304,300,310
CYTH2_ACGGAACCGGAAGATGGCAA,CYTH2,849,212,109
CYTH2_GCTTCCTGTACAAGGGCGAG,CYTH2,766,42,121
CYTH2_CAGGCAGTATCGCTGGGCGA,CYTH2,771,123,227
CYTH2_CCCAATGTCCGGGACAAGCC,CYTH2,3015,1195,993
CYTH2_GAATCTGAGCATCCGAGAGG,CYTH2,413,96,58
CYTH3_TAGGAGGGCGTGTGAAGACC,CYTH3,1317,188,76
CYTH3_TTTAAGATCCCGGAGGACGA,CYTH3,732,259,200
CYTH3_GGCGATGAACCGTTCTGCCG,CYTH3,461,347,236
CYTH3_GAAGCTGTACATCCAGAGAA,CYTH3,1059,385,239
CYTH3_ATCTAACTTCCGTAGAGGAG,CYTH3,786,164,328
CYTH3_AAGATGGATGAAGACGGCGG,CYTH3,883,153,80
CYTH4_GGGAGACGGAAGAGTTACAG,CYTH4,471,85,161
CYTH4_CGACTGCTTCGAGAGTGCGG,CYTH4,1515,257,155
CYTH4_CCGGATGGCCCAGAAGGAGA,CYTH4,1078,366,141
CYTH4_ACGGTTCCTGTATAAAGGCG,CYTH4,1299,268,217
CYTH4_GGACTACTCACCTGAGGGCC,CYTH4,2,112,79
CYTH4_GAGGCAGTATCGAGTGGCAA,CYTH4,233,129,88
CYTIP_TGATAAGTTGCCCTCCCACA,CYTIP,972,472,173
CYTIP_ATAATCGATTCCGGTCCACA,CYTIP,69,56,70
CYTIP_TAATCGATTCCGGTCCACAA,CYTIP,545,208,257
CYTIP_CACTGTGCTGGCCTGCAAGC,CYTIP,1769,497,434
CYTIP_AGTGAACATTTCCGAGGAGC,CYTIP,189,66,6
CYTIP_AATTTGGCGGACTTCTGCGC,CYTIP,1170,267,347
CYTL1_AGGCATTGCAGTCATCCAAC,CYTL1,342,434,336
CYTL1_CCTGGCACCATGAGGACGCC,CYTL1,689,242,28
CYYR1_CTTGCGTTTCCAGGATAAGG,CYYR1,1631,596,595
CYYR1_GCGTTTCCAGGATAAGGAGG,CYYR1,192,82,70
CYYR1_ATCTGACGAATACTCACGAG,CYYR1,503,207,361
CYYR1_CTCGGAGCGTCCATCCAAGC,CYYR1,1102,459,501
CYYR1_GCGAAGGGAGAGCCCGGAAC,CYYR1,3229,305,333
CYYR1_GAGCCCGGAACCGGAGGGAA,CYYR1,890,59,122
CYorf17_ATACTTACACAGACGTGGAG,CYorf17,862,198,237
CYorf17_TATCGTGGCAGTGGTCCAGG,CYorf17,726,231,170
CYorf17_CATTGCTCTCTCCGGAGGCC,CYorf17,748,301,498
CYorf17_CCGGAGAGAGCAATGAGGAC,CYorf17,2480,1415,1272
CYorf17_TTCCTGCCTTGGCTCACACG,CYorf17,1004,536,747
CYorf17_GCCCACGTGTGAGCCAAGGC,CYorf17,1098,241,878
D2HGDH_CGATGCGCTCAAAGGCGGCC,D2HGDH,569,136,142
D2HGDH_GGATGATCTCGTCAAAGACG,D2HGDH,598,181,149
D2HGDH_GCCGCTGGACTTAGGAGCCA,D2HGDH,1143,246,385
D2HGDH_CAGCTGTTCATCGGGTCGGA,D2HGDH,1135,47,131
D2HGDH_GACGTGGGCGTGGCACGAAG,D2HGDH,1413,357,42
D2HGDH_TGACCCGTTTCAGGCTGCCC,D2HGDH,988,133,207
DAAM1_CCAAGAAAGAGAGGTGGACG,DAAM1,2990,539,633
DAAM1_CTCAGCTGGAAGTGCAAACA,DAAM1,3799,1468,1354
DAAM1_CGAAAGGACCCGCTTTCAGG,DAAM1,438,288,479
DAAM1_ATTAATGCAGTGCTCAGCCA,DAAM1,1039,111,134
DAAM1_TTGGAGGCAGTGGTGCAGGA,DAAM1,1039,456,119
DAAM1_TAAGCAAGTCAAGCAGCAGG,DAAM1,265,325,203
DAAM2_CAACATCCGCTTTGCAGAGC,DAAM2,1382,398,1028
DAAM2_CCAACAAGCTGGCAACCAGC,DAAM2,950,349,415
DAAM2_CCTCATAGGCTGTGTCCGGA,DAAM2,551,59,95
DAAM2_TCTTGTGGCCACCAGGCACG,DAAM2,1392,513,323
DAAM2_GCTAGCCAGGAGGTTTGACA,DAAM2,694,149,93
DAAM2_TCTTGGTGTCGATGTGGACC,DAAM2,516,221,240
DAB1_AGAGCAATGCATACTTACGG,DAB1,1227,286,318
DAB1_TCTCATCAAAGTCTGTGGGC,DAB1,623,278,206
DAB1_ACGGTTTGCTGCAGCCACCC,DAB1,797,177,463
DAB1_GCCAATCCGTGATCCCGAAA,DAB1,1997,720,589
DAB1_GGATAGGGATACTCACCGCC,DAB1,214,124,233
DAB1_TCTGGAGTCTTTCTTGGCGC,DAB1,200,362,262
DAB2_GGCACCTACCTAGACCCACC,DAB2,0,118,105
DAB2_CCTCCACAAAGTACCAAACC,DAB2,2071,717,564
DAB2_CCCGTGATGTGACAGACAAC,DAB2,2919,447,916
DAB2_TTTCCACCCTCATCAGGGAA,DAB2,1439,552,371
DAB2_GATGATGTGCCAGATGCAAG,DAB2,280,256,204
DAB2_CAATGGTCAGCCCGACCAAC,DAB2,1080,345,275
DAB2IP_AGGAGTCGTCTTGGTCCAGA,DAB2IP,284,214,78
DAB2IP_ACTACTACCGGCTGCTGAGG,DAB2IP,454,102,34
DAB2IP_TGGCAGAGTCGCCTCAAGAA,DAB2IP,1908,663,698
DAB2IP_TCACCTCTCATTGTCCGCGG,DAB2IP,1495,736,247
DAB2IP_CCAGGACTACTGCTTCGAGG,DAB2IP,1589,487,238
DAB2IP_TATCCCGCTCAGCTGCAGAC,DAB2IP,779,506,341
DACH1_CTTGCGGTTGGTGTAGAAAG,DACH1,1482,562,464
DACH1_AGATTTGGCCGGTCATGACA,DACH1,864,259,258
DACH1_AAGAGCTCTCAGTCCGAGCA,DACH1,849,181,241
DACH1_TATTTGCAATGGTGCTGAGG,DACH1,284,51,42
DACH1_CCATCGTACCATTTGGCAGA,DACH1,2312,482,377
DACH1_CGGAGACGAAGTCGCCGAAG,DACH1,657,109,68
DACH2_GCCGCATGGTCGACATGCAC,DACH2,843,307,371
DACH2_AGTCCTGGCGATAAGAGGCC,DACH2,128,106,393
DACH2_AGGTATAACAGCTGCAGCGA,DACH2,57,346,145
DACH2_CAGTCTCCATTTGCTGCACC,DACH2,364,359,13
DACH2_ACCTCCTGCATCAGTTGCCA,DACH2,218,345,75
DACH2_ATCCATCTGAGAGGGAGAGC,DACH2,366,110,107
DACT1_GCCATGAAGCCGAGTCCGGC,DACT1,121,31,49
DACT1_CCATGAAGCCGAGTCCGGCC,DACT1,371,191,142
DACT1_AAAGACATCTGAAGAGCACC,DACT1,458,49,182
DACT1_GACTCAAGGTCGCCTCCAAG,DACT1,864,260,109
DACT1_CGGTGTTCCGCCATTGGGAC,DACT1,1423,903,892
DACT1_TCAAAGAGCCAGACCGAAAG,DACT1,1071,603,633
DACT2_CACTTACCACTGAGCAGAAA,DACT2,1318,788,737
DACT2_GCATGCATGTCAAGTTCACC,DACT2,599,150,208
DACT2_CACTGGGCTATGTGGCGGCC,DACT2,879,315,523
DACT2_CAGTTTGTTGCCTGTGGCCC,DACT2,501,254,351
DACT2_CGATGTCCTGTTGTCTCAGC,DACT2,575,208,231
DACT2_ACCTCGCGCCCAACCTACGG,DACT2,984,250,141
DACT3_GCCAGAACAGCGTGCGCCAG,DACT3,750,142,27
DACT3_ACCCAGGCGACCATAGGAGC,DACT3,244,237,54
DACT3_ATCCAGCTCCTATGGTCGCC,DACT3,589,101,49
DACT3_CCCAGGTCCCAGACGAGACC,DACT3,1805,269,715
DACT3_ACATTGGCTCCGGGAGAGGC,DACT3,153,183,290
DACT3_CCAATGTAACTCGCAGAGCC,DACT3,1525,874,736
DAD1_CATGACAACAAGGTGCAGGA,DAD1,1456,47,0
DAD1_CGGTCAGCAGTATATACAGC,DAD1,642,9,0
DAD1_CAACTTCAGACGCTGCGGAG,DAD1,2368,48,87
DAG1_AGTGCTCTCAGACCTCCACG,DAG1,334,176,237
DAG1_GGTTGGCATTCCTGATGGCA,DAG1,519,56,123
DAG1_CACCTTGATGATATCTCCAC,DAG1,1370,98,102
DAG1_CCGGACGCGTTTGGGAAGAG,DAG1,2390,784,763
DAG1_GGTTCTTGAGCTCTGGGCGC,DAG1,305,41,37
DAG1_TGATCTGCTACCGCAAGAAG,DAG1,834,203,305
DAGLA_GAACACCACGATCCCGGGCA,DAGLA,765,140,95
DAGLA_GAGCTGCATGATCGCTGAGA,DAGLA,690,179,216
DAGLA_GCCTCACCCAGACGTACCGA,DAGLA,476,65,180
DAGLA_CAGGAATGGTTGTCTGCAAC,DAGLA,1694,632,488
DAGLA_AAGCCACCAGCTGGTCGCGC,DAGLA,446,86,203
DAGLA_GGTGCTCACCTCGTCCAGCA,DAGLA,421,281,169
DAGLB_TACCAACGACTCATCAACGA,DAGLB,1161,1000,558
DAGLB_CTGTTGTGGTCGCTGTGAGG,DAGLB,539,335,168
DAGLB_TGTCCTGTTGCTGATGAAGC,DAGLB,1044,437,408
DAGLB_TAAGCTGCTTTACATCCGCC,DAGLB,164,229,73
DAGLB_GATCAAGTAACTGCTGAGCA,DAGLB,500,33,126
DAGLB_ACGACCAGCTCGAAGAACCC,DAGLB,850,230,121
DAK_CGGCCCTGTATGACTCACCA,DAK,1903,430,945
DAK_CTTGCAGACCTCCAAGAAGC,DAK,1145,397,713
DAK_ACCTCCAGGTTTCATAGGGA,DAK,431,184,110
DAK_TCCTGAAGAAGGCAGGCCGG,DAK,413,169,0
DAK_CGAAGGTGGGTTTGGAACCA,DAK,1037,617,587
DAK_ATCTATCCGCAGGGATCCAC,DAK,210,110,73
DALRD3_ACACAGGTTCCGGCATACCC,DALRD3,1582,341,389
DALRD3_GCCTCAGATACTGGTACAGG,DALRD3,407,0,0
DALRD3_AGGGCTGGGAGTCACTAACC,DALRD3,1376,264,162
DALRD3_TTACCTCTGCTAATGACGGG,DALRD3,549,156,126
DALRD3_CCGTACGCAGCTGGCTCAAG,DALRD3,1140,755,1103
DALRD3_GCGCTTCGATGACGGCCAGG,DALRD3,542,154,225
DAND5_GCCTGTCTGTCTGTCCGGAC,DAND5,599,147,75
DAND5_TCTTCTGTGCCTGCTTAGCG,DAND5,1673,292,470
DAND5_CCACCCACTCACCTGAACGA,DAND5,4447,1003,1228
DAND5_CGAGCCAGGGATGTAGAGAG,DAND5,3019,732,554
DAND5_CAGGCATACAGCTGTTGCAC,DAND5,1861,26,46
DAND5_TATCTTCACCCGTCGACGGG,DAND5,261,30,23
DAO_CTCATGGATGCAGAGGGCGG,DAO,194,16,0
DAO_CAGCGTTGGGAGAATGGACA,DAO,942,343,484
DAO_GAACTGTGTCCTTCCAGGAA,DAO,1587,258,321
DAO_CATCCCAGGTTAACTGAGAG,DAO,2071,427,377
DAO_CTGCGCCTTCTCTTGCCACC,DAO,680,1282,403
DAO_GACCACAACACCATTTGGGA,DAO,461,153,75
DAOA_GAGACGGTAACAAGGAAAGA,DAOA,535,36,53
DAOA_TGAGGACGGCTATTTGGAAA,DAOA,2343,747,854
DAOA_AGGTTACCTTTCACAAGACC,DAOA,359,132,111
DAOA_CCTTAGAGGCCTCATAGGCA,DAOA,504,134,261
DAOA_ATGAGGCCTCTAAGGACCGC,DAOA,222,25,8
DAP_TACCAAGTGCAGCAGAGCCG,DAP,1077,136,294
DAP_AAAGAGTCAGTACCGGCGGG,DAP,156,82,18
DAP_AAGAGTCAGTACCGGCGGGC,DAP,285,115,133
DAP_GGGAAACTAGAGACTAAAGC,DAP,545,77,208
DAP3_TCGGACTCTCAACTGGAACC,DAP3,1027,155,264
DAP3_CTTATTTCCTAGGCCAAGCA,DAP3,2054,860,810
DAP3_TAATGCAGAAGTTCTAGGGC,DAP3,494,55,233
DAP3_TGTTCAACCACTTCTCCCAG,DAP3,685,28,62
DAP3_CTGGCTCAAAGCCGACACAA,DAP3,1988,546,614
DAP3_ACAGTGCCGCTCCAGCAGCG,DAP3,737,155,263
DAPK1_TATCATGACCGTGTTCAGGC,DAPK1,691,532,567
DAPK1_GAAATCTTTGGCTAGGGCAC,DAPK1,428,38,3
DAPK1_GCACAGTGATATCAAGCGAA,DAPK1,894,600,606
DAPK1_CATTGTCATCGTTGATGGCA,DAPK1,1090,244,345
DAPK1_CCCTTTGGATGTGAAAGACA,DAPK1,823,299,554
DAPK2_CTGAACACCCACCAGTCAAA,DAPK2,1327,1115,1363
DAPK2_GAAACGGCTCACAATCCAAG,DAPK2,593,250,258
DAPK2_ACATGTCAGCCTCCAGACCC,DAPK2,293,155,255
DAPK2_CTTCGATTTCCTGGCCCAGA,DAPK2,932,177,165
DAPK2_ACTTCTTCACGATGGCAAAC,DAPK2,626,541,380
DAPK2_TTATGACATCGGAGAGGAGC,DAPK2,1020,260,178
DAPK3_GGCAATGGTCATTCTCCGCC,DAPK3,424,0,37
DAPK3_CAACACCAGCGAGCTGGCCA,DAPK3,1632,521,1032
DAPK3_GATTGTGAACTATGAGCCGC,DAPK3,196,201,196
DAPK3_CATCGCGCACAAGATCGAGG,DAPK3,297,389,290
DAPK3_CGTGGTCCTCATCCTGGAGC,DAPK3,1445,692,277
DAPK3_CACGTCCTCCTGCCTGAACG,DAPK3,1902,1146,1303
DAPP1_ACCTCTGTGAAGGGCGCGAA,DAPP1,768,373,408
DAPP1_GGGACAGCAATGAGACCACC,DAPP1,82,52,50
DAPP1_CCTTTGATTGGAAGCGAGAC,DAPP1,682,245,478
DAPP1_CGTTGAAGGTCACTTACAGA,DAPP1,1124,268,483
DAPP1_GAAGGTTACCTCACCAAACA,DAPP1,398,294,311
DAPP1_CAAGATGGTTTACTCTGCAC,DAPP1,2198,158,233
DARC_GCCTGAACCAAACGGTGCCA,DARC,323,24,85
DARC_CTGGAGGACATACCCAGAGG,DARC,354,161,269
DARC_CTGCGAGTGCTACCTAGCCC,DARC,483,826,412
DARC_CATACCAGACACAGTAGCCC,DARC,947,132,309
DARC_GCAACAGCTTGGACCTCACC,DARC,502,55,199
DARS_TTTGGGATCACGAGGGAACA,DARS,1134,9,35
DARS_ATGCCTCCACCAGCATGAGG,DARS,287,0,0
DARS_TTGGCTATGCTTAGGGAAGC,DARS,1182,105,166
DARS_GCTGTTCGGCCTGAGGCAGA,DARS,340,0,13
DARS_CTGTCACATAGCTACTAACC,DARS,1892,339,315
DARS_GCGGGAGATCATGGACGCGG,DARS,21,0,4
DARS2_CTTGCACCACAGATTCCACA,DARS2,1048,254,180
DARS2_TTAGTACCATCCAGGGAACC,DARS2,430,100,193
DARS2_TGATGGTTGGCGGTTTAGAC,DARS2,523,209,316
DARS2_AGGATCTTTGTCATTGGGCC,DARS2,470,167,220
DARS2_GCTGACCTTCTAGAAACAAG,DARS2,681,136,138
DARS2_TAGGGCTTCAGTTCCTCAGG,DARS2,175,110,2
DAW1_GCGGGTAATACCGGAGCAGG,DAW1,20,3,14
DAW1_CTGCTCCGGTATTACCCGCC,DAW1,487,225,513
DAW1_CTGGCGGGTAATACCGGAGC,DAW1,913,201,155
DAW1_ATCAGCGTCCCACACTACAA,DAW1,1189,545,377
DAW1_AGAACGTGACATAACTCGGG,DAW1,627,200,69
DAXX_AGGTCAGTGCATGAGAAGAA,DAXX,1055,174,214
DAXX_GGAAATGTCCGTCTCCACAG,DAXX,157,59,44
DAXX_GGATCTGGAACAGATGCAGG,DAXX,4,33,0
DAXX_GAGTTTGGCCATGAGTCGGC,DAXX,441,1,29
DAXX_GGATGCGCTGCTCTATGACA,DAXX,694,1,35
DAXX_CACGATGATGCTGTTAGCGG,DAXX,1801,76,78
DAZAP1_CTTGACTGGAGCACGACCCA,DAZAP1,1080,80,248
DAZAP1_CAAACCCAAAGCCTCGAGAC,DAZAP1,1293,413,560
DAZAP1_GAGAGAACACGGCCGAAGGA,DAZAP1,262,74,47
DAZAP1_TCATGACTACCTCCGTGACC,DAZAP1,996,39,43
DAZAP1_GGACGAACAATCAGTGGACC,DAZAP1,1485,44,23
DAZAP1_GACAGCAAGAGCCAAGCGCC,DAZAP1,16,26,0
DAZAP2_GGTGGAGCATCGGTATAGGG,DAZAP2,16,0,29
DAZAP2_CGTCCGAGCTTTGTGCACCC,DAZAP2,1674,1534,717
DAZAP2_TCCAGGAAATGCGGCTGACA,DAZAP2,1479,144,438
DAZL_CCAACCTCGTGCGGCAAAGA,DAZL,2021,985,1160
DAZL_GACGCCATCTTTGCCGCACG,DAZL,389,64,272
DBC1_TCGGAAGCATCCATCAGCAC,DBC1,2907,1020,1136
DBC1_GGCCGAAGCTTATAAGGACC,DBC1,446,94,86
DBC1_CAAAGTAGGATGATGCGAGC,DBC1,232,229,658
DBC1_TAGGTCTCCTGCCAAGCAGG,DBC1,60,0,128
DBC1_TTGACGGTGTCTTTCCACAA,DBC1,1737,422,535
DBF4B_CCGGCATTTGATGAGCGAAC,DBF4B,1573,616,877
DBF4B_AGGAGACGATTGCCTCGAGC,DBF4B,259,128,23
DBF4B_AAATGCCAGAAGAACTCACC,DBF4B,278,124,78
DBF4B_TCGGCCATGGTTGATCCAAA,DBF4B,1666,528,455
DBF4B_GCAGAAGGCTATCAGAAACC,DBF4B,1527,272,500
DBF4B_GGGAGTGAGGATTCTGCACG,DBF4B,305,163,64
DBH_CTGGTGCGGAGGCTCAAGGC,DBH,561,295,120
DBH_GACGCCTGGAGTGACCAGAA,DBH,1343,577,527
DBH_CAACGGCTCGGGCCTGCAGA,DBH,68,118,182
DBH_GGCACGCACCTTGGCACCCA,DBH,922,395,289
DBH_CGGAGATATCTGGAGGACCC,DBH,1607,230,221
DBH_CAAGCTGCGGCGCTTCAACG,DBH,1780,824,705
DBI_GGACGAGGAGAATCGCGGCC,DBI,301,48,24
DBI_ACGAGGAGAATCGCGGCCCG,DBI,1385,46,29
DBI_CAATCCGGGCACTGGGACAG,DBI,285,511,257
DBI_AACAGCATCTCCTCATCCGA,DBI,846,138,57
DBI_CCCTTGTTTAAGAACGGCCC,DBI,56,66,232
DBI_GATGTTGGACTTCACGGGCA,DBI,369,118,138
DBN1_TGAGAGGCTCAGGTTCGAGC,DBN1,1093,214,75
DBN1_GGGCACCACCTACCAGAAGA,DBN1,615,218,130
DBN1_CAGCGTGGAAGACATAGACG,DBN1,2922,436,474
DBN1_TCTCCTGATTACCCTAGAAG,DBN1,578,161,147
DBN1_TTCATATGTGTACAGAGCCC,DBN1,314,17,86
DBN1_GCTGCTGGCGGCTTACGAGG,DBN1,1282,380,315
DBNDD1_TAGGTCTGCACCCGCTGCCC,DBNDD1,278,36,83
DBNDD1_GGGCATCCCAGTACCAGCAC,DBNDD1,75,102,186
DBNDD1_TAAGGAGGCTGAGGTGCCGC,DBNDD1,605,47,116
DBNDD1_ACAAACCAGGAGGAATAGGC,DBNDD1,1049,90,68
DBNDD1_CTGGATGGCGCGAATTAACG,DBNDD1,1653,605,702
DBNDD1_TGGATGGCGCGAATTAACGC,DBNDD1,937,568,264
DBNDD2_GGCTACTGGTACTTCCAAGG,DBNDD2,1562,450,388
DBNDD2_TACCAGTAGCCGCGCTCGCA,DBNDD2,224,148,314
DBNDD2_TTGCCCTAAGCTCCACAAAG,DBNDD2,2491,449,639
DBNDD2_ACCAAGTCTCATGCAGAGGC,DBNDD2,53,67,63
DBNDD2_GCAGGCTCAGCTCCTCCAAA,DBNDD2,291,150,230
DBNDD2_TCGGATGAAGAGGAGGAAAG,DBNDD2,1539,126,240
DBNL_GAACGGGCCAGCGCTGCAAG,DBNL,744,158,218
DBNL_CATCCGCGTGGCTGGCACAG,DBNL,1237,574,302
DBNL_ATGGTGGAGGAGCTCAACAG,DBNL,1764,272,233
DBNL_GGGCGTGAACGATGTGCGGA,DBNL,518,253,179
DBNL_GACCATCAACGCACGGGCCG,DBNL,0,94,217
DBNL_CAGCGCTATCAGGAGCAGGG,DBNL,654,251,107
DBP_CTGGTTCTCCTTGAGCCGCC,DBP,159,85,33
DBP_AGAACAACGAGGCAGCCAAG,DBP,1433,260,101
DBP_CTTGATAGGGCAAGATCAGC,DBP,971,172,90
DBP_CGATGTGGAGTACGTAGACC,DBP,2328,196,221
DBP_ACGTACTCCACATCGCCGAA,DBP,592,243,543
DBP_CAGTGGCGCCAACAGACCCG,DBP,1053,151,212
DBR1_TGATCAGAAGGTTCTACCGA,DBR1,1804,139,18
DBR1_TTCCAAGTAATCAGGAGCAC,DBR1,1519,83,1
DBR1_CGGCAAACTTCACATGAAGG,DBR1,2979,2,43
DBR1_CCAATGAAGAGCGTGAGAAC,DBR1,2879,117,1
DBR1_AGTCGCCGCAGCACAGCAAG,DBR1,1147,14,0
DBR1_GATCTATGAGACGCTGGCGC,DBR1,207,23,23
DBT_TCTTTGCCTGTGAATACCGG,DBT,685,83,80
DBT_TGCAGTTCGCCGTCTGGCAA,DBT,2146,566,571
DBT_CAGTCCGTATGCTGAGAACC,DBT,3539,245,333
DBX1_CCTCAGCGACGTGGGCCAGA,DBX1,891,514,713
DBX1_CTTCTCCGACGTGCAGCGGA,DBX1,108,71,125
DBX1_AGACCCTTCGAAGTAGGGAA,DBX1,552,202,88
DBX1_GGGACGCTCTGGAGCAAGGC,DBX1,137,116,75
DBX1_GAAACGTCGTCTCGCTGGCA,DBX1,545,133,172
DBX1_TGCGGATCAGATCCTCCACC,DBX1,1305,146,136
DBX2_ACCCAGAGCAGACCGTGAGA,DBX2,463,46,5
DBX2_GCACGCCGAGTAGAATGGCG,DBX2,1322,168,74
DBX2_CGATCAGGAAACTCTTGCCC,DBX2,818,518,206
DBX2_TGCGCCCGGCTTTGGCAACC,DBX2,1606,725,803
DBX2_TTGCCAAAGCCGGGCGCAGC,DBX2,477,147,255
DCAF10_CGAGTACTCGAGGTTGAAGA,DCAF10,925,240,140
DCAF10_AACCTCGAGTACTCGCCCGA,DCAF10,494,71,47
DCAF10_TCACGAGCCTCTCAAAGAGA,DCAF10,1146,109,139
DCAF10_GCTTGAGCACCGAAGAAGAG,DCAF10,542,365,244
DCAF10_CAGAGAACGGATCACCCGCA,DCAF10,402,214,217
DCAF10_CTCAGGGTGCCTTAGTGGAC,DCAF10,1918,241,310
DCAF11_TGAAGATGTGGATCTGGCCC,DCAF11,398,172,253
DCAF11_ACACAAGTGGAACTGGCCAC,DCAF11,716,161,38
DCAF11_CCTTCCATTTAGAGAGAACG,DCAF11,732,311,345
DCAF11_TGTGGCATCTACAGCAAAGA,DCAF11,1191,297,583
DCAF11_ATGGACGAGAAGTACTAGGA,DCAF11,549,207,36
DCAF11_GCCATACCTGAAGGGTGCGC,DCAF11,366,104,126
DCAF12_CTGAAACTAACCACTGGCAA,DCAF12,2060,329,359
DCAF12_ACGTTGTATGATGGCTGCCG,DCAF12,230,68,63
DCAF12_AATATGGCAGTTTGGTGGAG,DCAF12,697,67,43
DCAF12_AGTGTCGCTGATCCATGCGA,DCAF12,438,223,169
DCAF12_CTTACATCTCCTACACACAC,DCAF12,2685,526,794
DCAF12_GGAAAGTAGTTAGCAGGAAG,DCAF12,2258,250,193
DCAF12L1_TGATATGTCTGTGTACGCCG,DCAF12L1,1591,546,289
DCAF12L1_TTCCTGGTTCTTGCCGCCGC,DCAF12L1,332,165,392
DCAF12L1_TGTTGCCTGGCATAGCGAGG,DCAF12L1,577,258,271
DCAF12L1_GCCTCACTGTCCCGCAAGAG,DCAF12L1,748,290,274
DCAF12L1_TGAAGGTTCGGGAGGTAGGC,DCAF12L1,1279,256,694
DCAF12L2_ATGTTCTGCTGGCGCTGGCG,DCAF12L2,1310,670,971
DCAF12L2_CCTCCTTGTCCCGCATGAGG,DCAF12L2,1366,139,85
DCAF12L2_TGGTGCACTATCTGAAGGGC,DCAF12L2,713,320,274
DCAF12L2_TTAGCGGCGGCGGACGGAGA,DCAF12L2,1656,98,206
DCAF13_CCACCTCCGGGACCAACGAG,DCAF13,2685,343,294
DCAF13_AGTCCTCTCGTTGGTCCCGG,DCAF13,268,117,114
DCAF13_CGGAGACTCTAGTACTGAGG,DCAF13,1150,470,419
DCAF13_TTTGCCGGCAAACGTTAGCA,DCAF13,732,217,187
DCAF13_TCACGTGACTCGCGGAGCGG,DCAF13,975,183,328
DCAF13_CAGTCACGTGACTCGCGGAG,DCAF13,862,436,405
DCAF15_CGCCCAGCTCGAAATCGGAG,DCAF15,1645,379,592
DCAF15_CTTGAGGGACACGCACACCC,DCAF15,1405,381,281
DCAF15_CGTTCACAGCAAGCTCAAGC,DCAF15,1689,407,663
DCAF15_TGTACCTGACCGTATGCGAG,DCAF15,2516,217,384
DCAF15_TGCTGACGTAGATGTCACGG,DCAF15,1361,180,114
DCAF15_TGGTGTTGAGCAGCACCACC,DCAF15,548,71,39
DCAF16_TTCTGACAAGTGGTCAGGAG,DCAF16,759,430,213
DCAF17_GGAAGCCCAACGTGTGCAGC,DCAF17,257,174,105
DCAF17_TCACCTATAGCCTATGAGAG,DCAF17,877,357,238
DCAF17_TCTTGGCTCAGATGCAACAC,DCAF17,721,260,290
DCAF17_ACAGAGGCTCAGCAGTGGCC,DCAF17,149,91,172
DCAF17_CTTCCAAACCATCGCTGAAC,DCAF17,1672,653,305
DCAF17_GGTGTGACGATGTAGTGCCA,DCAF17,341,137,10
DCAF4_CCGTGGCCGGAATCGTGAGC,DCAF4,714,61,187
DCAF4_GAAAGAGAGCATCCGGCAGA,DCAF4,554,14,17
DCAF4_AAAGGTCCAGATTCGAAGCA,DCAF4,623,73,227
DCAF4_GAACAGTGATGCTGGGAGCA,DCAF4,861,266,192
DCAF4_TTAGCAGGAATAGACCGGCC,DCAF4,824,40,106
DCAF4_TCCGCCAGGCTTGTCTCGGC,DCAF4,133,123,126
DCAF4L1_GCTGCGACTCCTCGAGGAAG,DCAF4L1,1050,309,395
DCAF4L1_TGGAGCCTTCGACTTCGACC,DCAF4L1,699,108,155
DCAF4L1_GGTTCAGCGAGGCCCAGCAC,DCAF4L1,1218,95,202
DCAF4L1_GGTGTTGAGGGACCACGCAC,DCAF4L1,535,86,122
DCAF4L2_GGGAATGTCGTTCTCCGAGG,DCAF4L2,411,266,47
DCAF4L2_GAATGTCGTTCTCCGAGGCG,DCAF4L2,1647,350,369
DCAF4L2_AGAAGGAGTCGTGGCGGCCG,DCAF4L2,1808,345,629
DCAF4L2_TCTTCTTCGTTCACATGCAC,DCAF4L2,200,177,267
DCAF4L2_TTCCCAGGAATGCGTCGGCC,DCAF4L2,796,244,368
DCAF5_TTTACTGCCAGCATCACAAC,DCAF5,1608,534,414
DCAF5_TGGATGTCATAGAGCACAGG,DCAF5,362,92,177
DCAF5_GCCACAGCCAATTCAAAGGA,DCAF5,301,413,248
DCAF5_CCGGCCATCATCTGAGGAAC,DCAF5,2405,441,635
DCAF5_CCGGGTTCTGCTATGGCACA,DCAF5,1046,1014,898
DCAF5_GCGGCGGTTCCAGCATGAAG,DCAF5,3285,1020,858
DCAF6_TGTCAGAACAACCAACAGCA,DCAF6,1535,2434,2497
DCAF6_CATGTCACTTGACGAGCAAC,DCAF6,965,389,430
DCAF6_CCTGACCCTCAGATTTGCAA,DCAF6,2563,194,547
DCAF6_CTTGCACCTGGGATCAGGAC,DCAF6,2724,647,806
DCAF6_GCAAGGTATCGAGCAGGACC,DCAF6,735,225,87
DCAF6_CTGATCTGTCACCCTCCAAC,DCAF6,1363,575,228
DCAF7_TCTACAAGTATGAAGCGCCC,DCAF7,444,0,11
DCAF7_ATCCGCTTACCCTCCACACA,DCAF7,907,18,94
DCAF7_CACCTCATTCCAGTCAAAGG,DCAF7,1243,123,144
DCAF7_ATATTGCATTTAGCCGGGCC,DCAF7,178,59,51
DCAF7_TCGCCTCTGCTGGAACAAGC,DCAF7,214,23,17
DCAF7_CGACAGGTGTGCAGGGAACC,DCAF7,1425,28,47
DCAF8_CCACAGCGCTGGCGAGAACC,DCAF8,1344,563,663
DCAF8_CTGCCTGTGCTGGCAACCAG,DCAF8,341,208,90
DCAF8_TACTGCTACACTTACGACGC,DCAF8,431,283,221
DCAF8_TGGCAGCGATGACCTGAAGG,DCAF8,2495,350,501
DCAF8_GCCAAGGTCCGTAGACCCAC,DCAF8,373,272,169
DCAF8_GGTGCTGGATCTTATGCAGC,DCAF8,251,103,122
DCAF8L1_TCAGATACATCCGAGGAGGA,DCAF8L1,753,118,397
DCAF8L1_AGAGAGCTCATCAACCCGGC,DCAF8L1,96,115,299
DCAF8L1_TGGTACTGACAGAACCGGCA,DCAF8L1,871,288,38
DCAF8L1_TGGTTACCCGTTAGTGGGAG,DCAF8L1,1510,505,580
DCAF8L1_ACAGAGCCATCGACCGGAGA,DCAF8L1,373,109,378
DCAF8L1_TGGAGTAGCAGCGGTGACGG,DCAF8L1,1548,279,576
DCAF8L2_CCATTACCCTTTAGTGGGAG,DCAF8L2,762,406,762
DCAF8L2_GAAGAGATACAAGAGGAGGG,DCAF8L2,115,46,7
DCAF8L2_TGAGCAGTATTCGTTAGAGG,DCAF8L2,1349,386,642
DCAF8L2_AGAGAGGTCGTCACCAGGAC,DCAF8L2,4213,1462,1569
DCAKD_TCCTAGACAACTCGGGCGAG,DCAKD,1156,97,45
DCAKD_CGTTCCCTCAGCTCTTAAGG,DCAKD,1301,385,591
DCAKD_TCTACGATGCGCCGGTGGGC,DCAKD,300,138,314
DCAKD_AGCCAGGATACCCTGCCCAC,DCAKD,375,31,20
DCAKD_TTGACGTGGACGTGATGGCC,DCAKD,258,320,635
DCAKD_TTTCTGGTGGGCCTGACAGG,DCAKD,527,189,180
DCBLD1_AGACCGCGAGCAGCAAAGCC,DCBLD1,3446,566,980
DCBLD1_GAGAAGATAGTCAGAAGCAC,DCBLD1,222,68,167
DCBLD1_TGTGGGATCCACTCTCAAAG,DCBLD1,1160,934,1124
DCBLD1_GCTACGTCTCTACAACCAGC,DCBLD1,359,43,245
DCBLD1_TCAGTGTGCTTCAGCGCAAA,DCBLD1,1708,745,941
DCBLD1_CAGAAATCGCTTGTCTGACA,DCBLD1,2150,384,288
DCBLD2_AGGTCATTGCTGTTCCGAGG,DCBLD2,387,60,22
DCBLD2_TATAACCACTGGATCCACCA,DCBLD2,450,35,90
DCBLD2_TTGCCACTGATGAATACCAG,DCBLD2,1051,125,186
DCBLD2_CTCAGTAAGTACTGCCCAGC,DCBLD2,746,69,165
DCBLD2_GGAATCCATGTTTCTGGACG,DCBLD2,992,257,479
DCBLD2_ATGGGAGATCCGTGTAAAGA,DCBLD2,911,224,279
DCC_ACTCCGCGGAGCAGTCGAGG,DCC,554,115,35
DCC_AATCCCAGGTGACTCCCGAG,DCC,522,319,488
DCC_GACTTCCTCGCCTCGTAACC,DCC,600,124,268
DCC_CTGTCTTTGCAGTTCCGCCA,DCC,1021,255,345
DCC_AGGGACAATGAGCTGTGCAC,DCC,507,68,96
DCC_TTCCCTTTCGCTTCTGCAGG,DCC,373,218,263
DCD_AGTCGAAGATCTAGAAAGCG,DCD,786,151,467
DCD_AAGAGGCTTACCCAGAAGGC,DCD,571,30,135
DCD_AGACCCAGGGTTAGCCAGAC,DCD,1088,353,443
DCD_AATTTGGCAGTCTCTGAAGG,DCD,237,19,160
DCD_CTCCTTTGCAGATGATCCAG,DCD,566,154,85
DCDC1_AACCTCATTAAGTTGGCCAC,DCDC1,371,122,65
DCDC1_AGGTTCTCTTGAGGAGACGG,DCDC1,314,133,83
DCDC1_TGATAGGATGACCAATAGCC,DCDC1,1461,182,149
DCDC1_CAGTGTGTGGCTGATCACCA,DCDC1,822,444,317
DCDC1_CGAGTGAGTGCATTTGCCAG,DCDC1,668,289,768
DCDC1_CTTTGGGTCTCTAAGGGAGA,DCDC1,577,65,259
DCDC2_AAACAAGGACTATGCTGCCG,DCDC2,955,257,292
DCDC2_TGCCTCCATTTACACGAGCA,DCDC2,1496,403,277
DCDC2_AGAGAGGTCTGAAACACGGG,DCDC2,621,82,379
DCDC2_ATAGTGCACGGCTCCTGAAG,DCDC2,1159,397,394
DCDC2_GATTCGGTGGCCAGTCCGCG,DCDC2,550,57,284
DCDC2_GCGTGCTTGTGTACCGCAAC,DCDC2,1194,461,432
DCDC2B_GGCGTTGAGTCACCACCAGC,DCDC2B,212,160,146
DCDC2B_CACAAGTGGCGAGTCACGGG,DCDC2B,2539,578,298
DCDC2B_TTACTATGTGGCTGTCGGAG,DCDC2B,1395,375,459
DCDC2B_TCGGTCTGGTTCCTTTGGAG,DCDC2B,1310,326,365
DCDC2B_CAACAGCTTACCTGATCCAA,DCDC2B,1521,59,137
DCDC2B_GGCAGCACAGATAGTGGAAG,DCDC2B,587,168,81
DCHS1_CTTCACATACCTGTATAGGG,DCHS1,2821,454,128
DCHS1_AAACACTTCGCCCTCTGGAC,DCHS1,816,140,298
DCHS1_GAATTGGCCCGTCTGGCCAA,DCHS1,61,0,69
DCHS1_ATACTGGCAGCATACTCCCG,DCHS1,1764,166,147
DCHS1_CTAGGTGACAGCCACAGACG,DCHS1,3266,203,476
DCHS1_AACCAGTGGGTGTGGGCGCC,DCHS1,0,80,120
DCHS2_ATGGTCTCTGCTCAAGACGG,DCHS2,168,75,46
DCHS2_CTTGGGCACTTAGCCCACCC,DCHS2,150,224,292
DCHS2_GAGAATGACACATTTAGCCC,DCHS2,645,52,104
DCHS2_CTCAAGATATCGACAGGGAA,DCHS2,2619,576,851
DCHS2_TGCTATAGTGTTCAGAAGCC,DCHS2,932,294,646
DCHS2_TCGCGTCTCGGTGTCTGACG,DCHS2,1122,190,220
DCK_CTCCGGAAATGTGGGACGCA,DCK,2441,373,461
DCK_CTTGCGTCCCACATTTCCGG,DCK,1280,367,442
DCK_ACATTGCACCATCTGGCAAC,DCK,869,334,254
DCK_TTTGAGCTTGCCATTCAGAG,DCK,1359,645,481
DCK_TTATCTTCAAGCCACTCCAG,DCK,810,190,101
DCK_AGAGGTGCCTATCTTAACAC,DCK,1240,243,271
DCLK1_ATGGATGAGAACGATGGCCC,DCLK1,355,43,283
DCLK1_ATCCAAGTCATCCGAAGAGA,DCLK1,489,217,130
DCLK1_CTTGGCGACTTGCCTGAGCG,DCLK1,476,49,107
DCLK1_TACCTGAGCTGGTGGAGGCA,DCLK1,1448,227,575
DCLK1_GGATTTCATTCGGCCCAAGC,DCLK1,966,393,358
DCLK1_GACGCTCAGCTCCGAGAAGA,DCLK1,343,313,349
DCLK2_CGCTGGAGATGGCAAACACC,DCLK2,1936,476,629
DCLK2_CTGCACCCTGGATGGAAAGC,DCLK2,1334,293,386
DCLK2_TGCTGCGTCGAGAGGGCCCA,DCLK2,808,152,187
DCLK2_CTGCATGTGTACAGTAAAGC,DCLK2,2082,519,723
DCLK2_TGGACTAGTTGGAGAGGAAC,DCLK2,1843,485,482
DCLK2_TCCTAGCTATGGCCTGAAGG,DCLK2,1397,197,715
DCLK3_ACTTCCGGAGCCAGCACAAG,DCLK3,1053,458,869
DCLK3_TGCCAGCTGTTTCGATCCAG,DCLK3,1993,348,458
DCLK3_GAGATATTGTCCCAGTAAGG,DCLK3,1353,362,97
DCLK3_GCTCTTTAACATCATCCAGC,DCLK3,20,50,35
DCLK3_CGGGCTTTGAGAAGCTCCGC,DCLK3,0,5,20
DCLK3_CCCATGAGCAGGAGCAAACA,DCLK3,2857,652,1163
DCLRE1A_CGGATAACCTCTTGCTGAGA,DCLRE1A,688,534,477
DCLRE1A_TGATGCCTTTCAGTATGGCG,DCLRE1A,1252,559,415
DCLRE1A_CAGCTCATGGTGGGCTGCAA,DCLRE1A,1246,241,282
DCLRE1A_TGGTCCCTTACTGAAGGACC,DCLRE1A,419,24,40
DCLRE1A_TATTCAGCAGACCCAAGACA,DCLRE1A,668,383,186
DCLRE1B_CCAGGTGCTAGACAGGCCCA,DCLRE1B,265,0,0
DCLRE1B_GGAACCATCCTCTACACAGG,DCLRE1B,345,0,3
DCLRE1B_CGGGAAGGAAGAACCAGGGC,DCLRE1B,1323,14,16
DCLRE1B_TGGGCAGCTTCTTGTCGGGA,DCLRE1B,719,47,50
DCLRE1B_CCGAGGACTCAATACCACCC,DCLRE1B,1068,0,0
DCLRE1B_GCCCTTGCTGCTGTGGGACA,DCLRE1B,1055,73,0
DCLRE1C_GCTCCGTACTTTGGGAAGAC,DCLRE1C,744,135,146
DCLRE1C_GATATGCGTTCACAGGACAG,DCLRE1C,60,169,79
DCLRE1C_GATCCCGGACAGTGACCAGC,DCLRE1C,243,140,66
DCLRE1C_TCAGGTTCTCCCTATCGAAG,DCLRE1C,1473,284,171
DCLRE1C_GCGCTATGAGTTCTTTCGAG,DCLRE1C,587,575,237
DCN_TGTATCTCCCAGTACTGGAC,DCN,654,181,104
DCN_TGTAATTCCGTAAGGGAAGG,DCN,322,178,56
DCN_AGTCGTTCCAACTTCACCAA,DCN,564,490,646
DCN_TCTAGCAGAGTTGTGTCAGG,DCN,855,98,97
DCN_AAGCTCAGTGGATGGGCCAA,DCN,535,134,325
DCN_CTGTCAATGCCATCTTCGAG,DCN,1429,623,417
DCP1B_GGTGGGTTGTGCGAACACCA,DCP1B,217,3,21
DCP1B_TATCAAGAGCCGAGTGAGAA,DCP1B,1247,357,602
DCP1B_TCGCTCAGAGCTCTGGAACA,DCP1B,1574,483,642
DCP1B_GGAAACTTAGCGGCCAAGGC,DCP1B,789,364,317
DCP1B_AGTGATCCTCAATTCAGGAG,DCP1B,424,104,72
DCP1B_CTCGTTGGCCCGATGGCCGA,DCP1B,334,204,121
DCP2_CATCATGGAGACCAAACGGG,DCP2,1140,140,83
DCP2_TTCTACATGCAGAACACACC,DCP2,565,72,165
DCP2_TCATGATTGTGCTGCTAGAG,DCP2,2003,277,242
DCP2_TGATGTACAAACGAGCAAGC,DCP2,463,127,116
DCP2_GATTCCTCAGACAGTGACAA,DCP2,235,114,214
DCP2_ACGGTTCTCCTGGTGACCAG,DCP2,1363,34,67
DCPS_CACCTTCTGCAGTCTGAAGC,DCPS,898,296,190
DCPS_CGTCTTCTCCAGGATCACAA,DCPS,1072,113,98
DCPS_CCTCCGCCTGATCCGAGAGA,DCPS,1067,122,79
DCPS_CCTCAAGTGGAACCAACAGC,DCPS,1954,81,111
DCPS_ATCGCCATCTGCCATCGCCG,DCPS,1088,125,61
DCPS_GCATGTGCACTTCACCGCCC,DCPS,226,40,1
DCST1_CTGGTTCCTGTGGCGCCAGC,DCST1,135,12,21
DCST1_CTTGGGTACTAGTAGGAGGC,DCST1,702,278,150
DCST1_CGCAGATTGGCTACTGGCCC,DCST1,1678,488,344
DCST1_CATACATCTTCTGTGTCGAC,DCST1,930,153,201
DCST1_GCTTGCGGTCAAACCAACGA,DCST1,942,396,241
DCST1_TGCCCAAAGTTGCCTTCCAC,DCST1,1079,62,220
DCST2_GGTAGCCATGGACCTCCACG,DCST2,23,86,43
DCST2_TAGGGATGACGCAGAACACC,DCST2,572,352,224
DCST2_GCATGAGCACGTAACACAGG,DCST2,789,96,245
DCST2_ACCGAAAGAACTTGCGGACC,DCST2,289,133,247
DCST2_TTGCGTAGAGTGTTGGCACA,DCST2,1055,627,629
DCST2_CTCCAGAAGCCCGTAGGCCG,DCST2,2488,901,688
DCSTAMP_ATACACTTAGTGGAGTGGCA,DCSTAMP,780,70,75
DCSTAMP_TGTTTCTTGGAACCAGACCC,DCSTAMP,123,99,58
DCSTAMP_TCGCTCGTCCTGCTTGGCAC,DCSTAMP,798,108,195
DCSTAMP_AATAACACTGAGAGGAACCC,DCSTAMP,460,67,168
DCSTAMP_GGTAGAAAGATGCTGACACC,DCSTAMP,282,78,79
DCSTAMP_GATGCGCTTCCTCTCCACGC,DCSTAMP,138,86,106
DCT_TTAGTCACTGGAGGGAAGAA,DCT,955,164,424
DCT_TTACCAGCACATGCAGGGAA,DCT,1470,648,572
DCT_CTTGGATGACTACAACCACC,DCT,608,382,512
DCT_CCCTACTGGAACTTTGCCAC,DCT,549,285,421
DCT_GGGTTCCATTGGGCCCAAGC,DCT,382,334,199
DCT_TGCGAGCCGACACAAGGCCC,DCT,673,43,24
DCTD_GCTCCTGTTTAATATGGCCG,DCTD,51,1,5
DCTD_GGCTCCTGTTTAATATGGCC,DCTD,432,126,129
DCTD_ATGACGTGTTGCCTTGGAGA,DCTD,273,164,178
DCTD_ATTGTCGGGATTGGGTACAA,DCTD,755,160,231
DCTD_ACCTACTAAATAGGAGGGAG,DCTD,0,3,0
DCTD_CACCAGGAGAAGGCGCCCAG,DCTD,557,386,204
DCTN1_GCGCCTCAAGGAGGCGAGAA,DCTN1,143,92,83
DCTN1_CTGCTGACGCTGAGCCAGAG,DCTN1,1109,305,69
DCTN1_GACCACAACTCGGCGACCCA,DCTN1,780,162,122
DCTN1_TTCCTACTCCTCATGCAGCG,DCTN1,1356,919,403
DCTN1_CACGCCTACCCATTTGCCAG,DCTN1,1706,1,39
DCTN1_GCAAGAGGCACGTGTACAGC,DCTN1,1028,128,51
DCTN2_AAGCAGCTGCACGAGCAAGG,DCTN2,1049,0,0
DCTN2_ACTACATTCTCGGCCTGAGC,DCTN2,199,0,39
DCTN2_AGCTGTTTAGCCAGCAACAC,DCTN2,1424,376,584
DCTN2_GGACCTCATGCAGTAGGCGC,DCTN2,259,45,72
DCTN2_AATGTATGCACAGGGAACAG,DCTN2,1415,113,154
DCTN2_GGCGTATTTAGGGTCCGCCA,DCTN2,253,4,22
DCTN3_GGCCAAAGTGTAGCACAGAA,DCTN3,1502,494,584
DCTN3_CCAGGTTGCACTCCTGGAGC,DCTN3,720,48,24
DCTN3_AGGATCCTCAACCCAGAACC,DCTN3,740,316,324
DCTN3_GCTTGTATCCACCAGAAGAC,DCTN3,188,33,49
DCTN3_CTTACAGGTGGCTGACGGCC,DCTN3,246,1,74
DCTN3_ACAGGCCCGAGTGGAAGAGC,DCTN3,992,0,20
DCTN4_ACTTCATCCACAGCCTGAGC,DCTN4,931,40,90
DCTN4_AGCTCGTGGTCGCTGAAGCC,DCTN4,955,235,258
DCTN4_TGAGCGAGATCGCAAGAAAC,DCTN4,2088,470,813
DCTN4_TGCTCGTGGCCCGAGTAGAG,DCTN4,1404,24,24
DCTN4_TTTAGTTTGGCTTCAGCCGA,DCTN4,264,293,230
DCTN4_GAAGTAGAGTTGCGAGAGCG,DCTN4,772,6,15
DCTN5_GAACATCGTTCTCAATGGCA,DCTN5,515,0,0
DCTN6_GCTCAGTCTGCACCCGACGA,DCTN6,1130,54,56
DCTPP1_GACATTCCCTGTGACTCCAC,DCTPP1,557,70,137
DCTPP1_CGGCAGATCCACACGGCAGC,DCTPP1,835,345,111
DCTPP1_GGAACGGGCAGCCCTTCAAG,DCTPP1,1376,201,75
DCTPP1_AGTTTGCTGCGGAACGAGAC,DCTPP1,820,446,407
DCTPP1_TGCTTACATGTCCTCGAGCG,DCTPP1,2318,811,1092
DCTPP1_CGGCCGGTTCAGCTTCAGCC,DCTPP1,1654,713,525
DCUN1D2_TGTTTCCAAAGTCCAGCAGG,DCUN1D2,192,35,64
DCUN1D2_TCACCTAAACCTTTCTGCCC,DCUN1D2,86,17,20
DCUN1D2_TCACCTTCGCTAAGAACCCA,DCUN1D2,829,57,229
DCUN1D2_TCAGTGTATTGGTCATAGCG,DCUN1D2,2019,1205,1453
DCUN1D2_CTTGTCCACAGCGTTCCGCA,DCUN1D2,881,319,299
DCUN1D2_CCTGAGTGCACGCCATAAAC,DCUN1D2,2523,1470,1564
DCUN1D3_TTGACGAGGATATCTCCACC,DCUN1D3,757,555,425
DCUN1D3_TCTCCACCTGGCTTGCCACA,DCUN1D3,252,356,730
DCUN1D3_CCACCTGGCTTGCCACAGGG,DCUN1D3,1084,356,348
DCUN1D3_CCACCCTGTGGCAAGCCAGG,DCUN1D3,482,76,63
DCUN1D4_CTGCTACTCACTGACAGCGG,DCUN1D4,1174,455,122
DCUN1D4_AGCGTTGGGCTGTAGCGGGC,DCUN1D4,385,198,139
DCUN1D4_CTACCACACCCTTAATAAGC,DCUN1D4,2061,642,914
DCUN1D4_GGCCAAGACGATCACCAAAC,DCUN1D4,1588,491,295
DCUN1D4_GATAAATCATCTCCAGAGGC,DCUN1D4,372,89,108
DCUN1D4_TGTTTATGTCTAGGCTGCGC,DCUN1D4,882,125,236
DCUN1D5_CCACTTATTAGTCTAGCAGG,DCUN1D5,472,654,491
DCUN1D5_TACAGCCTAGCTCGATCAAA,DCUN1D5,2182,773,715
DCUN1D5_ACAGCCTAGCTCGATCAAAG,DCUN1D5,1608,247,360
DCUN1D5_CTCCAGTTGTCCAGCAAAGG,DCUN1D5,2069,1863,1969
DCUN1D5_GCAGCAGTAGCGGAAGACGG,DCUN1D5,648,121,308
DCX_TCCGAGTCATCCAAGGACAG,DCX,702,243,127
DCX_AGGACTGGTGGGCGTAGAGA,DCX,1200,214,217
DCX_TTGCTTCGGCGCATAGGACC,DCX,1062,608,141
DCX_GAAGCCATCAAACTGGAGAC,DCX,204,119,127
DCX_TGGTTCGGTAGAAGCTACAG,DCX,543,205,54
DCX_GCAAAGACTGCTTCCTAAGC,DCX,378,395,212
DCXR_TCACCAGCAAACTTGCCAAG,DCXR,1082,599,591
DCXR_CCTCTTCGTAGGCTCCACCA,DCXR,551,272,218
DCXR_TATGGTTAGTTACTGCCCGC,DCXR,215,52,116
DCXR_ACACCTGGATGACCGCACGC,DCXR,2630,238,533
DCXR_CTTCCTGGAGGTCACCAAGG,DCXR,947,46,17
DCXR_TCTTGACAGCCTTGTCCGCG,DCXR,612,151,248
DDA1_ACTCACCGAGGCTTTGCACA,DDA1,1017,272,63
DDA1_CAACCCTCCTGCAGAACCGA,DDA1,277,10,55
DDA1_GGCCACTTACTCTGTTCAGA,DDA1,199,137,108
DDA1_CGACAGCCCAGACATGCACG,DDA1,4861,968,1546
DDAH1_CCAGTTCAGACATGCTCACG,DDAH1,2026,534,506
DDAH1_CGTCTTGCTGCACCGAACCC,DDAH1,2031,547,427
DDAH1_CAGTGAGTTTGTCGTAGCGG,DDAH1,1089,61,333
DDAH1_AAATGCAACCCATCTGCCAC,DDAH1,41,47,27
DDAH1_GCTGAGAAGCGCCAAGGGCG,DDAH1,69,25,17
DDAH1_GCACGCGCTGAGAAGCGCCA,DDAH1,20,30,44
DDAH2_AACTGGAGAAGGCTGGCGCC,DDAH2,399,90,221
DDAH2_GAAGCTCTCTGATGTCACCC,DDAH2,446,64,0
DDAH2_CGAGACTGGCACAGTGGAGA,DDAH2,1521,330,291
DDAH2_AGGAGACGAGAACGCGACGC,DDAH2,83,80,81
DDAH2_CGACACGGCCGTGATCCAAG,DDAH2,1317,643,549
DDAH2_AGCGGCAATGACTCCTCAGG,DDAH2,901,148,188
DDB1_CCGTGTAGAACTCCTTGGAG,DDB1,1213,7,47
DDB1_CAATAAGGGCCCTTGGAAAC,DDB1,2361,320,434
DDB1_AAAGGCCATCATAGAGACGC,DDB1,307,22,0
DDB1_GACATCATTACGCGAGCCCA,DDB1,264,0,0
DDB1_TCTATGTGGTCACCGCCGAG,DDB1,730,15,0
DDB1_GGTCACGCAGCCGTTCACGG,DDB1,754,0,0
DDB2_GGCCAAGAAGCTCTGTGCGA,DDB2,704,108,276
DDB2_TTCCTGGCCATCTGTCCAGC,DDB2,296,103,250
DDB2_GATGTAGCCCTCCTGTCAAA,DDB2,365,113,171
DDB2_TGTGTCTGCTAGTAGCCGAA,DDB2,985,320,163
DDB2_TGGAGCCCGGCTCCTGACCA,DDB2,417,131,313
DDB2_ACAACAATGAGGTTGTAGCG,DDB2,1439,299,273
DDC_GAGCAGGGAAACTTACCACA,DDC,1025,224,324
DDC_CACGTTGATGCAGCCTACGC,DDC,1858,493,921
DDC_CCTCTAGATGGTTGCCACCC,DDC,461,26,271
DDC_CTTTGGTCCGAGCGGCCAGC,DDC,375,71,44
DDC_GCATGTCCGCAAGCATGGCC,DDC,127,6,142
DDC_GGAAGGCATTGAGGGACGCC,DDC,667,151,248
DDHD1_ACCAATAGCGGCTCTCCACA,DDHD1,160,40,242
DDHD1_CTGGATTCCGAGAACAGAAA,DDHD1,947,262,416
DDHD1_TGAGTCGAAACCATGTGGAC,DDHD1,1458,70,205
DDHD1_CACTTGGCAGCCTCTAGAAG,DDHD1,404,191,68
DDHD1_CTATGAGGTAGTGACGGAGC,DDHD1,391,362,336
DDHD1_AGCATGAATTACCCGGGCCG,DDHD1,873,206,304
DDHD2_CTCTGAGGATTCACAGCAGC,DDHD2,570,79,42
DDHD2_CAATCATCAGACCCTGCAAC,DDHD2,951,297,250
DDHD2_GAGGCGGTTAATGCTGGGCA,DDHD2,765,162,80
DDHD2_CTCTGGTTTATAGATGAGCC,DDHD2,352,319,152
DDHD2_GGCCTATAGGATTGAACCAA,DDHD2,523,124,160
DDHD2_TAGGTTCGCTGCGGATGGCC,DDHD2,749,136,181
DDI1_TGATCTGGATCTCTTCGACG,DDI1,1740,498,808
DDI1_CGTAGGAGCCCAGGGAACAG,DDI1,2639,201,214
DDI1_AGGGTTGCGTTCCTTGAGCA,DDI1,1315,451,1223
DDI1_GCGATGTAACATCATGAGGC,DDI1,989,343,280
DDI1_TCATGAGGCTGGTGGACCGA,DDI1,1171,227,365
DDI1_GCAAGATGAGTCTTCGGACA,DDI1,639,499,546
DDI2_ACTCGAGCTCGCACAGCGCG,DDI2,424,491,272
DDI2_TGGATTGCGTTCCTTCAGCA,DDI2,1051,653,540
DDI2_GCCTGAGCTTCAAGGTCAAA,DDI2,1453,626,651
DDI2_TGGCAATCCCTGCCCACCGA,DDI2,559,90,117
DDI2_GGACATGCTTAAACGGCACC,DDI2,28,92,85
DDI2_AAGAGAGGATGTACGGCCAG,DDI2,625,27,77
DDIT3_CCGAGCTCTGATTGACCGAA,DDIT3,1450,736,544
DDIT3_GGAAATCGAGCGCCTGACCA,DDIT3,357,248,217
DDIT3_AGGAAATCGAGCGCCTGACC,DDIT3,114,31,144
DDIT3_AGAGAATGAACGGCTCAAGC,DDIT3,422,43,182
DDIT4_ACGACGAGAAGCGGTCCCAA,DDIT4,701,191,171
DDIT4_CAGCAACAGTGGCTTCGGGC,DDIT4,1004,119,488
DDIT4_CAACAGTGGCTTCGGGCCGG,DDIT4,916,640,299
DDIT4_GCAGTAGTTCTTTGCCCACC,DDIT4,598,246,212
DDIT4_CACGAGGGTCAGCTGGAAGG,DDIT4,1644,82,58
DDIT4_CAGTGCTCAGCGTCAGGGAC,DDIT4,1594,410,765
DDIT4L_AACACAACCTCGCAAGCCGC,DDIT4L,1119,23,127
DDIT4L_ACACAACCTCGCAAGCCGCA,DDIT4L,767,432,470
DDIT4L_TCCTGAACCCAACCTCAACG,DDIT4L,1553,747,700
DDIT4L_CAGTTTGAGCAGCAAGAACC,DDIT4L,847,436,353
DDIT4L_CAAACTGCCAGTTGCAACCA,DDIT4L,995,754,462
DDIT4L_CCGTTGACCATGGTTGCAAC,DDIT4L,2058,510,891
DDN_GACATCAGAGGGACCCAACA,DDN,1117,56,211
DDN_TGGTGCCTGGATCTGGGAGC,DDN,700,25,66
DDN_CAAGGCCAGAGCCCGGCAAG,DDN,1308,88,111
DDN_AGGGCGCACAAAGAAGAGGC,DDN,504,130,54
DDN_TGGACTTCCAGGCCAGCCAC,DDN,820,25,37
DDN_GCTTGGACTTCTGCACCCAG,DDN,824,171,258
DDO_CTACAGGTTTGACTTGGGAA,DDO,3053,997,826
DDO_CACCACTATGGCCATGGGAG,DDO,2694,335,183
DDO_GGCTTGAGGCCCTACAGGCC,DDO,347,60,132
DDO_TCCAACCACGGGAGGTAGGC,DDO,505,193,365
DDO_AATGCCCTGCCTACCTCCCG,DDO,307,0,7
DDO_TTTGGAGATGCACACAGCCG,DDO,1810,218,290
DDOST_TTCCCAGTATCCACATGCGG,DDOST,3031,133,17
DDOST_CCCGGACAAGCCTATCACCC,DDOST,1955,53,53
DDOST_CTCACCCAACACCTCGAAAG,DDOST,3366,128,37
DDOST_AGGTGACCCTCTTCGAGAGC,DDOST,326,330,142
DDOST_GGACTCACCAATGTCGGAGC,DDOST,244,0,115
DDOST_ACCCTTACCTTCTACCGAAG,DDOST,336,13,22
DDR1_CTGATCCCTCGGGCCTAAGG,DDR1,1718,197,174
DDR1_ATGGTCGCCGCTGGATGGGC,DDR1,303,126,184
DDR1_TCATGACCCGGTCAGCCCGG,DDR1,254,22,56
DDR1_GGGCCTTTCTTACCCGCCCA,DDR1,467,148,109
DDR1_ACTGCAGAAAGCGAGCCACA,DDR1,438,184,185
DDR2_AACTCAAGATAGGCAGCAGC,DDR2,373,150,289
DDR2_TGGCCTCCTGACATGCCCAG,DDR2,202,130,121
DDR2_GCGGAACCGTCATGGGAAAC,DDR2,1878,399,328
DDR2_CCGGACAAATCTGGCTACAA,DDR2,1899,1029,978
DDR2_GACCGATGGTGTGTCTGGCC,DDR2,595,319,378
DDR2_CTGGCCATTCGGTGGTGGAG,DDR2,1279,391,434
DDRGK1_GGCTTGGGCAAGCTCGGCGA,DDRGK1,463,236,172
DDRGK1_CTACGCACTCAGGTAAGCCC,DDRGK1,1133,439,508
DDRGK1_GCGCGAAGCTGAGTGGAAGA,DDRGK1,2286,664,446
DDRGK1_TTGACCATACCCAGCCCAGG,DDRGK1,805,123,87
DDRGK1_GCCACTGCACAATGAGGAGC,DDRGK1,715,45,39
DDRGK1_CTCTTCCTGACTCGCAGCCG,DDRGK1,952,74,116
DDT_CAATCTGCCAGGACTCCAAG,DDT,871,98,220
DDTL_GGATAAGACCGTAGGGAACC,DDTL,450,132,16
DDX1_TTCCACAAACGCACCGGAGA,DDX1,974,292,171
DDX1_CAGATGAACCCATATGACAG,DDX1,1691,0,21
DDX1_AATCCAGCAATTGGGTCAGA,DDX1,292,100,49
DDX1_AAGGGTTATGCAGGGTCGGG,DDX1,203,0,0
DDX1_GCTCTTTCCAAGGCACCGGA,DDX1,192,31,41
DDX1_TGTTCAGCTAACTCCCGGGA,DDX1,1045,11,0
DDX10_AGCCAATACCTCTTTGCAAC,DDX10,1428,673,399
DDX10_CTCGGTACAGATACTGGACC,DDX10,529,16,121
DDX17_ACTCGAAGGATGCGCAGAGA,DDX17,1393,81,151
DDX17_TGCCCAGCAAGTACAGCAGG,DDX17,1089,55,5
DDX17_ACCACCAGCCATACTTGGAA,DDX17,1159,221,105
DDX17_TCCGTTGGCTCTTAGTGGCC,DDX17,820,254,244
DDX17_GCATGATGGAAGGCAAACAC,DDX17,2421,417,247
DDX17_TGGAACATCCGGAAGTAGCA,DDX17,2210,203,172
DDX18_TACGCAGGAGTTTCATCGGC,DDX18,542,38,85
DDX18_TGCGTAAGAAGATCGAGAAG,DDX18,840,0,4
DDX18_ACGTTACCTGTCAGTCCCAG,DDX18,375,6,0
DDX18_GACGTTACCTGTCAGTCCCA,DDX18,94,0,4
DDX18_ATACTCAGATCAACGAAGGG,DDX18,719,0,9
DDX19A_GGAGGGTCGATTGAAGCCCA,DDX19A,144,26,7
DDX19A_CTTAGCCATGCTCAGCCGAG,DDX19A,1548,402,257
DDX19A_TATGAGCTGGCGCTTCAAAC,DDX19A,393,56,112
DDX19B_ACTGCCATGCTCAGCCGCGA,DDX19B,1436,627,490
DDX19B_GGTGATGGGAAACCGCCGCA,DDX19B,70,12,28
DDX19B_CAGATACTCACGTCGCCCAC,DDX19B,755,80,244
DDX19B_AGGTTCTACTTGGCTAAGCA,DDX19B,441,243,358
DDX19B_TATGAGCTCGCCCTCCAAAC,DDX19B,676,109,238
DDX20_GGCTTCAAATGCCGCCGCCA,DDX20,460,179,283
DDX20_AGCTATGGTGGAGAACACAC,DDX20,2373,24,10
DDX20_CATCTGTTTACTGGCAGGCA,DDX20,1179,11,12
DDX20_TCGTGGGATTGATGCTGAGA,DDX20,851,29,31
DDX20_ATGTACCTGGTAAAGGGAGA,DDX20,42,6,18
DDX20_GCCGGAGAAACCTACCCAGG,DDX20,144,42,11
DDX21_CCATCATGTTTACAGCGGGA,DDX21,932,1,75
DDX21_TTAATTGCACAGGCACGGAC,DDX21,584,0,0
DDX21_GCATGTTGTCCTGGATGAAG,DDX21,867,38,11
DDX21_CCTACATTCATCGATCCGGG,DDX21,1159,0,0
DDX21_TTGAGTTGATCAAGGAGCGC,DDX21,1493,57,11
DDX21_GAACTGGAAGGACCACGGGA,DDX21,545,67,3
DDX23_GAGCCAATGTACACCACAGC,DDX23,1005,0,0
DDX23_AAGTTTGCGGAGTCTTGCCC,DDX23,224,0,0
DDX23_CAGGCCTGAAGCCACTCACA,DDX23,1401,0,0
DDX23_AGGATGGAACGGGAGACCAA,DDX23,684,0,9
DDX23_TGCGGTCTTCCAGAGAACGA,DDX23,863,81,31
DDX23_CAGAGAGCGGGATAGAGACC,DDX23,602,78,163
DDX24_AAGAGTTGTGCAGGCAAGCC,DDX24,721,488,214
DDX24_GAGATTTATGTCCACCGAAG,DDX24,648,3,15
DDX24_CCTAACTTACTCTTCCAGAC,DDX24,1794,16,77
DDX24_CAACCACAATCTCAGGACGA,DDX24,235,219,99
DDX24_TTCGGTGTTACTTGGAGGAG,DDX24,1481,179,212
DDX24_GAGTGCTCGGAGAACCGGCC,DDX24,221,0,6
DDX25_TGGCCGTGTGGTTGAGCAGA,DDX25,984,291,276
DDX25_CATACTTCGATTCCCTCGAA,DDX25,1136,373,150
DDX25_AGGAGCATTTGGCATTCGGA,DDX25,367,33,83
DDX25_CCTACCTCCACCGCATAGGG,DDX25,1646,142,94
DDX25_CCTCCACCGCATAGGGCGGA,DDX25,42,56,31
DDX25_CTCCACCGCATAGGGCGGAC,DDX25,615,287,205
DDX26B_AGGTGCCCAGGTCAGTGCGC,DDX26B,499,298,227
DDX26B_TTTACCTTGATGCAGTACGG,DDX26B,507,743,404
DDX26B_GGATCAAAGGTTATTTGCCC,DDX26B,130,38,107
DDX26B_CTGTGTAGATTGTGAGCCAA,DDX26B,1338,424,533
DDX26B_TGGATCTCATTCTGGTCAGC,DDX26B,345,207,184
DDX26B_GGGAACCACGAGGCTGAGGG,DDX26B,742,85,101
DDX27_CTATGGTTCCGATTAAGCCG,DDX27,1603,137,132
DDX27_CATGAGCCAACTCAAGAAGA,DDX27,302,338,101
DDX27_GAGAACATCCTCACCAAAGC,DDX27,875,56,84
DDX27_AAGCTGCTACCTTCAGAAGA,DDX27,1261,11,19
DDX27_ATCTGTGCCTGTGCAGCCAC,DDX27,1659,31,0
DDX27_CTGGATGCCCAGCTCTCGGG,DDX27,800,45,22
DDX28_ATTCCTACCCTCATCAAGGC,DDX28,657,226,123
DDX28_CGTGACAGAGCAGAAAGGAC,DDX28,4456,564,716
DDX28_CCAATTCTCGGGAAGGAACA,DDX28,1884,400,404
DDX28_TTTCTGCGGCGCAAACGACA,DDX28,680,14,30
DDX28_CAGGAGCAACCGAGTCACGA,DDX28,1518,256,161
DDX31_TCTCGTTGGCACGAGCACCA,DDX31,934,42,49
DDX31_ACTCCATTGCTTGAAGGGAC,DDX31,479,24,20
DDX31_TGCTCTCGTGAGATCCCAGA,DDX31,336,0,20
DDX31_GGGAACAACGCAGCAAGCAA,DDX31,352,95,8
DDX31_GAATTAGAGGCTGTTTCCCG,DDX31,393,90,104
DDX31_TGGTCTGCGTGGGTGACGCG,DDX31,492,107,30
DDX39A_GGATGTGCTGGAGTTTAACC,DDX39A,910,234,225
DDX39A_CGCACAAAGGAGTCGCCCAC,DDX39A,1615,256,313
DDX39A_TCCTATTCCGCACGAGCGCC,DDX39A,283,224,206
DDX39A_CCTGGTCATGTGCCACACGA,DDX39A,1993,255,369
DDX39A_GGCACAGGACGTCCATGCCC,DDX39A,0,21,10
DDX39A_CCAGAAGGCGTACCCTCAGA,DDX39A,389,102,82
DDX39B_GCCGAGGCATGGACATCGAG,DDX39B,485,52,135
DDX39B_TACTGGACGTCTAACTGACC,DDX39B,545,18,42
DDX39B_TCATTCAAGTGCCAAGAAGG,DDX39B,1220,222,194
DDX39B_TGGTGGTCTGTCTATCAAGA,DDX39B,1235,23,103
DDX39B_CTTGGCCACACTGCAACAGC,DDX39B,1000,27,59
DDX39B_GGAGCAACTCTGGCTTGAGC,DDX39B,723,0,12
DDX3X_CCGAAGCCCTCCAAGCCAAA,DDX3X,1965,890,886
DDX3X_GGATCTCGTAGTGATTCAAG,DDX3X,156,7,6
DDX3X_TACGATGGCATTGGCAGCCG,DDX3X,1194,234,177
DDX3X_TTATTCAGATGGTCCAGGCG,DDX3X,1412,117,164
DDX3X_CTTGACCTCCTAAATGCAAC,DDX3X,1107,262,239
DDX3X_CCATGGAGACCGTTCTCAGA,DDX3X,618,22,0
DDX3Y_TGACCCTGAACTGGACCAGC,DDX3Y,1015,510,727
DDX3Y_ATTGGCAATCGTGAAAGACC,DDX3Y,306,174,116
DDX3Y_GATATACCAGTAGAGGCAAC,DDX3Y,292,55,132
DDX3Y_CCGGTCACAGAGAGATCGAG,DDX3Y,796,703,685
DDX4_CACATACCTGATGATGAAGC,DDX4,412,440,140
DDX4_GATAATCCAACACGGAACAG,DDX4,104,173,296
DDX4_GGTAGTTTCCGAGGTTGCCG,DDX4,168,4,87
DDX4_AGACCAGTATTAAGTGGCAC,DDX4,698,144,342
DDX4_AGTGGCAGTGGAAGTGAACG,DDX4,670,172,388
DDX4_CCTCATCCTCAGGTGGAGGA,DDX4,219,70,124
DDX41_GGCCAGCCTATCTTACCGAG,DDX41,827,0,0
DDX41_GACATGCTCAGAACATAACG,DDX41,1031,6,0
DDX41_AGCGCGCAAAGAGTCTGCCA,DDX41,429,275,222
DDX41_CTGCTGCAGCGAAGACGCAA,DDX41,77,53,37
DDX41_ATGTGCCGTTACGGCAGCGC,DDX41,705,78,54
DDX41_GGAGTCGGAACCCGAACGGA,DDX41,329,0,13
DDX42_CAGTCATTGGCACCATGAAC,DDX42,1456,597,725
DDX42_GGAGGCATTCATGGCTGAAG,DDX42,105,14,27
DDX42_TGTTGAATTCCACACAGCAC,DDX42,428,270,155
DDX42_TACCAGGGAGCTTTGCCAGC,DDX42,505,41,24
DDX42_CAGTGGCCGTATATGGAGGA,DDX42,664,99,337
DDX42_CCTGATCGACCCTATTCGAG,DDX42,989,122,72
DDX43_CAGTGTCCCGAGCGCCAGAG,DDX43,1959,747,732
DDX43_GAAGAGCCACTTTGTTGGCG,DDX43,541,243,258
DDX43_CTTATAGGAGTAGCCCAGAC,DDX43,1916,466,532
DDX43_GGAGTAGCCCAGACTGGAAC,DDX43,1478,407,428
DDX43_TTGAAGTGCTAATTCCCGAG,DDX43,685,552,401
DDX43_TAGGGCGCACGGGAAGAGCA,DDX43,445,195,163
DDX46_GAAGATCTCGGTCAAGGGAC,DDX46,615,31,24
DDX46_GAAGATCTCGAAGTAGAGAC,DDX46,65,2,12
DDX46_GGAAATTCCACACTGGACCC,DDX46,804,37,1
DDX46_AGAGTGGTCTGTGTTTACGG,DDX46,1298,1,48
DDX46_GACATGTTAGCCGCTAACAG,DDX46,320,0,0
DDX46_CTCAGATGTGGAGCAACAAG,DDX46,1903,25,38
DDX47_CCTCCTCTTCCACAATCGGC,DDX47,32,32,21
DDX47_AAGCTTGTGACCAGTTGGGA,DDX47,906,0,13
DDX47_CTCCAGCAGTGCGTTTAGAA,DDX47,2520,1159,1533
DDX47_GACTCATTTGTCCATGGAGG,DDX47,210,10,4
DDX47_AGGTATGTCCAAACCTCGGC,DDX47,141,0,12
DDX47_TAGAGCTGGGCGCTCCGGAA,DDX47,828,56,0
DDX49_CGTGGAACAATGTCGGCAGC,DDX49,1473,80,228
DDX49_CTGCATCATCGTCGGTGGCA,DDX49,2384,344,444
DDX49_AGGTGATCTGCCAGGCGCCC,DDX49,277,1,13
DDX49_CACTGACTTCACCGTGGACC,DDX49,1038,104,43
DDX49_GCGCTTCCAGGATGAGCACG,DDX49,140,42,98
DDX49_TCTGCACTCCATGATGAAGC,DDX49,1299,8,11
DDX5_CTTCAGTTGGTCGAAGACAG,DDX5,797,50,62
DDX5_AACTCGGGAACTGGCCCAAC,DDX5,1188,30,72
DDX5_CCATCGCCTCTCTCTAGGAA,DDX5,2272,72,48
DDX5_CTGCTATTCAAGCTCAGGGA,DDX5,1567,107,59
DDX5_CGATTTGGAGGAAGTAGGGC,DDX5,282,1,169
DDX5_GCGTATTGTGCGGATGAAAG,DDX5,2271,1051,839
DDX50_GGTCAAGTGGTCGATCAGGC,DDX50,566,78,124
DDX51_GAGACTTCTGTCCCGTAACC,DDX51,152,81,123
DDX51_TGTGCTGCCCACCAAGGAGC,DDX51,507,41,103
DDX51_AAACACAGAGGTCGCTAGGC,DDX51,164,0,0
DDX51_CTGAGCCTAACTGTGTCAGA,DDX51,972,8,0
DDX51_CCTCGCAGAAAGCAACGAGG,DDX51,148,21,47
DDX51_GGAAAGCGACGGAAGGCGGA,DDX51,200,50,116
DDX52_GCTCAGTGGAATATATCCAC,DDX52,228,4,33
DDX52_TCAGTGTGTCCATTGGAGCA,DDX52,929,0,36
DDX52_CTTGCTAGGTCGATTCCGGG,DDX52,873,26,0
DDX52_AACACGAGAACTTGCCAGCC,DDX52,714,187,34
DDX52_CACATGCAGCATAACTGGGA,DDX52,1451,0,0
DDX52_TGTGATGCTCCACACACACC,DDX52,428,99,74
DDX53_TCTCGGTCCCTGATGGCCGA,DDX53,199,112,401
DDX53_GGATGCAGCATTATCCACAC,DDX53,1111,407,519
DDX54_TCCAGAATTATTGCCACGCC,DDX54,1094,185,390
DDX54_CCCTGATCCTGGGTGGAGAC,DDX54,2399,552,361
DDX54_GCCATCCAAGATCACCGGGA,DDX54,902,0,0
DDX54_AACACCGGGTAGCTCAGGCC,DDX54,335,53,77
DDX54_ATCCGAGGTGCATTCCGAGG,DDX54,483,124,68
DDX54_CGGCGAGTTTGAGATCCAGG,DDX54,800,56,47
DDX55_GGGCTTCCCGTACATGACGC,DDX55,1236,0,42
DDX55_AGTGCTTCGTGAAATGCGAC,DDX55,395,65,137
DDX55_AGATTCTTTGGATCGGAGGC,DDX55,504,21,38
DDX55_GCTTGGAGGACATGTTCCGG,DDX55,82,1,0
DDX55_CCTTCACTGAGACCCGGACA,DDX55,3070,0,0
DDX55_TGCACTGATGTGATGGCCCG,DDX55,856,78,308
DDX56_AGGGCCTCTGATCCGGAAGC,DDX56,686,21,65
DDX56_ACTGGTCTGGCCCAGGCAGC,DDX56,442,54,41
DDX56_TTCATTTCAGTCACTTGCCC,DDX56,146,0,7
DDX56_ATTCTTACAGACAGGTCCGG,DDX56,381,1,15
DDX56_AGGCTGTCACCGATCTGGGC,DDX56,195,0,0
DDX56_TCGCGTGTACCTGAAGGAGC,DDX56,1041,0,20
DDX58_CACCAGCATTACTAGTCAGA,DDX58,883,339,591
DDX58_ATATACACTTCTGTGCCGGG,DDX58,307,96,0
DDX58_TATACACTTCTGTGCCGGGA,DDX58,382,98,0
DDX58_CCTGGCATATTGACTGGACG,DDX58,898,422,271
DDX58_CAAACACAATCTGGAGGAAC,DDX58,996,225,291
DDX58_GGATTATATCCGGAAGACCC,DDX58,77,121,58
DDX59_ATCTGACGTACATTGGCACA,DDX59,587,21,0
DDX59_ATTATATCCAGAAGTCGCCC,DDX59,3,0,0
DDX59_TATATCCAGAAGTCGCCCAG,DDX59,311,0,0
DDX59_GACTTAACGGGCTCTTCAGA,DDX59,123,126,25
DDX59_AAGTCCCGAGCAGGGTGCGA,DDX59,483,89,59
DDX59_CTGAATGAACCTCTGCCAAC,DDX59,2347,435,962
DDX6_TGCCGCAATCTTGTTTGCAC,DDX6,185,1,28
DDX6_CAGAAGCCTACTTCTTACCC,DDX6,291,14,0
DDX6_TAGGATGTGACCTCCACAAA,DDX6,1512,31,36
DDX6_AGAGGCCCTGTGAAACCCAC,DDX6,223,16,35
DDX60_TGCTGAAGGAGAGCGACGAC,DDX60,1571,495,480
DDX60_GAACATTGCCGAAGTGAAGA,DDX60,260,159,52
DDX60_TGCACAGATCTAAGAACACG,DDX60,274,256,140
DDX60_CTTACCATCAAACTGACACC,DDX60,682,358,416
DDX60_CTCAGTTTCCTGACCAGAGG,DDX60,1335,1003,1367
DDX60_TTCCTGATAGTTGCAGACGA,DDX60,902,444,497
DDX60L_ATCTGTCGTTAGCGCAGCAC,DDX60L,541,186,149
DDX60L_CCGCATAGAGTTCTGCCGGC,DDX60L,0,82,94
DDX60L_GACTCAAACTACTCGGCCAA,DDX60L,35,52,58
DDX60L_GGTGTGACACAACATTCCAC,DDX60L,14,200,127
DDX60L_TAATTGCCTATCCCTGCAGG,DDX60L,401,51,55
DDX60L_CTTCAGCACCTATGGTCAGA,DDX60L,908,180,173
DEAF1_TAAGGTCATGTCGTCGCAGC,DEAF1,1077,154,130
DEAF1_ACCTGGATGAGGCACTGCAA,DEAF1,1305,66,202
DEAF1_AGCTCACTGTCGTACACAGA,DEAF1,1041,151,179
DEAF1_CTGATTGTCGTCCACACAGA,DEAF1,3205,647,926
DEAF1_CACAGTGACAGTGGCCAACG,DEAF1,5363,1281,1632
DEAF1_GGACTCGGCGGCAAAGCAGC,DEAF1,391,18,27
DEC1_AGGTCTGTAAAGTGGCAAGC,DEC1,1027,275,278
DECR1_CTCCGAGGAGCGAGGCCACA,DECR1,231,169,152
DECR1_CTCAGTGCGTGATAGCCAGC,DECR1,853,81,311
DECR1_GATGTAAGGGACTTACCGGC,DECR1,457,28,4
DECR1_ATGTTCCAGTTGGGTCCAGA,DECR1,336,162,99
DECR1_CAGAATTCCCTGTGGTCGCC,DECR1,4,84,90
DECR1_GGAATTCAACGACCTGAGAA,DECR1,803,287,294
DECR2_AAAGTGGCCTTCATCACAGG,DECR2,947,121,152
DECR2_ATCACCTGACACAGACAAAC,DECR2,2139,193,281
DECR2_TCACCGTCAGCACTCGCGGC,DECR2,848,132,275
DECR2_CTCGGACGTCCATAGAGAGA,DECR2,903,149,242
DECR2_CCTGCAGAATGGGAGACCGC,DECR2,1168,157,185
DEDD_GCTGGTAAATGTAGACGAGG,DEDD,466,283,84
DEDD_CCAGTTTGAGCGCTTTAACC,DEDD,2731,662,1157
DEDD_AAGTTCAAGGGTTCCAGAGA,DEDD,202,22,43
DEDD_AGTGTGGCTCTCCCTCGGGC,DEDD,215,14,20
DEDD_TTATTGGCACTGGAGCGCCA,DEDD,517,198,133
DEDD_CCAGCATGGCGGGCCTAAAG,DEDD,144,112,46
DEDD2_AGTGCTGCGCTCAAGGGACC,DEDD2,379,322,140
DEDD2_CCTTGAGCGCAGCACTGCGG,DEDD2,1023,59,94
DEDD2_CAGAACTGCTTGACTGCCGA,DEDD2,1430,89,313
DEDD2_TGCTTGACTGCCGACGGCGA,DEDD2,717,343,329
DEDD2_GCAACTGACCGAGTGCGAGC,DEDD2,1403,854,181
DEDD2_GCTTCACCGTATGTTCGAGG,DEDD2,1216,307,215
DEF6_CTTGAGCAGTTCCTTGCGCA,DEF6,892,387,691
DEF6_GACGGCCCTGTGTCCAGCCA,DEF6,1031,136,78
DEF6_CCTCAGACAGGAAGTTGAAG,DEF6,1168,202,232
DEF6_CCTCAGCATGGCCATCCACG,DEF6,1498,619,1034
DEF6_AGGGCTACCTGTGGAAGCGA,DEF6,151,32,60
DEF6_CAGCGCCAGGAGTGGACAGC,DEF6,376,92,191
DEF8_CCGGACGTCACTCCTGAAGG,DEF8,1299,304,291
DEF8_TGACGTCCAGCAGCTGCGGC,DEF8,272,91,74
DEF8_TCTGAATGTGAGCCCAGCGG,DEF8,1373,257,117
DEF8_CGCGTGCAGGGATCACAGCC,DEF8,1141,374,331
DEF8_TTGTTTGCAGAAGCTGCGCC,DEF8,301,44,31
DEF8_CATCAAGCTGGACTGCGAGG,DEF8,1432,271,260
DEFA5_GACAGCAGAGTCTGTAGAGG,DEFA5,393,77,97
DEFB1_ATTCAAGGCACCTGTTACAG,DEFB1,1332,274,482
DEFB113_TATTCCCATACCGCACAGCA,DEFB113,1265,529,174
DEFB113_GCAAGCCGGAATGCAACAGC,DEFB113,259,177,117
DEFB113_TGTTCGTGGTGCTTGCAAGC,DEFB113,761,389,470
DEFB114_GCAACGATCAGCATTCACCA,DEFB114,3363,427,405
DEFB118_CCCTTGAGTGACTCAACACC,DEFB118,1106,396,231
DEFB118_ATGGTTGAAGAGTCTGAGGC,DEFB118,639,39,53
DEFB119_TGCTTATCCTCATGTAGGAC,DEFB119,1906,432,756
DEFB119_CTTCGATGCATGGGTAACAG,DEFB119,1836,791,644
DEFB119_TCTGAGGAGTGGTCCAGCCA,DEFB119,1889,403,183
DEFB119_CACCATCTTTGCACAACAAC,DEFB119,2513,1316,1663
DEFB123_GCACAGTCAAAGTCAGCAAA,DEFB123,1433,453,617
DEFB123_TCAGGTTACCTGGAGTCAGC,DEFB123,449,115,149
DEFB123_CCGTTACAGATGCTCCAAGA,DEFB123,975,429,608
DEFB124_ACAGGGACGCATCCGGGCAC,DEFB124,207,64,32
DEFB124_CCTGCCAAACTTACTGCACA,DEFB124,2383,148,263
DEFB124_ACGGTGCTGGAAGGGTCAAG,DEFB124,549,105,63
DEFB125_TTGCTAACTCGGGTGACCAA,DEFB125,1607,511,498
DEFB126_TAATTAGCACGTCTGTCAGC,DEFB126,782,41,81
DEFB126_TGTTCAACCAGTGGGAGAAA,DEFB126,1518,543,289
DEFB126_AGGCTGGAATGTTCAACCAG,DEFB126,1565,318,287
DEFB128_TTGTTTCCTATGCACAGACG,DEFB128,943,146,241
DEFB129_CCACATTACCTGTGTTCACC,DEFB129,591,533,325
DEFB132_CACCTGGGTCAGGAATCCGA,DEFB132,376,40,173
DEFB132_TCCCATACAGCCAGTGCAGG,DEFB132,1127,618,525
DEFB132_ACTGCAGGACATGTTGCCAC,DEFB132,576,334,157
DEFB132_TAGGTCAGGCTTCGGCAGGA,DEFB132,413,145,246
DEFB134_TGCCTACTGTATGTTTCAGC,DEFB134,456,101,98
DEFB135_GAGTAAGTTAAGGACCACGA,DEFB135,717,160,85
DEFB135_AGAGTAAGTTAAGGACCACG,DEFB135,546,292,340
DEGS1_CGAAGTCTTCCCGCGAGACG,DEGS1,1877,1665,1383
DEGS1_TCTCGCGGGAAGACTTCGAG,DEGS1,1463,506,529
DEGS1_GGCAGCATCTTTACTTGGCC,DEGS1,83,241,113
DEGS1_CAGAAATTGGGTGCAAACCC,DEGS1,441,363,225
DEGS1_TCCAGGAATTGTAGTGAGGG,DEGS1,1023,381,363
DEGS2_GGTGAAGCGGGTGTACAGGC,DEGS2,129,28,53
DEGS2_GCCCTATGCCAGGGTGAAGC,DEGS2,1349,663,389
DEGS2_CCTACTATGGGCCTCTCAAC,DEGS2,344,370,322
DEGS2_CCCAAAGGGCAAAGATGGCC,DEGS2,238,316,181
DEGS2_GGCCGTAGTGAGTAGAAGAA,DEGS2,680,436,317
DEGS2_CAGCCAGAGCAGCTTGCGGG,DEGS2,1487,108,315
DEK_GACTTCTTCCAAGTTAGCAC,DEK,1073,64,37
DEK_CAGTTCTGGAATGGCAAGGA,DEK,838,133,185
DEK_GGAACAGTTCTGGAATGGCA,DEK,296,222,46
DEK_TTGATCCTCACTTTGCCAGA,DEK,1211,179,113
DEK_TCGCTCTCCTCTCTGGGACC,DEK,740,35,77
DEK_CGAAATGCCCGGTCCCAGAG,DEK,2799,428,278
DENND1A_AGCAGATGCGGCGGCAGCAC,DENND1A,983,98,191
DENND1A_CCAGTATGCTGTACGAACGC,DENND1A,981,1266,1348
DENND1A_AGTGTCTGTCCATCTCAGCG,DENND1A,1315,284,417
DENND1A_CACTACCTGTCCACATAGAA,DENND1A,1732,1081,2187
DENND1A_CCCGGAGGACTACAGTGACC,DENND1A,1221,552,174
DENND1A_GAAGTGGCCTATCCCAGGAC,DENND1A,484,587,530
DENND1B_TATATATTCCAGGGAACCCG,DENND1B,291,62,240
DENND1B_CTAGTTTATCGATGGTCGAC,DENND1B,212,417,452
DENND1B_GGTATTGTGGAAATTCCCAG,DENND1B,7,76,62
DENND1C_TGAGTTTGCTGGCGGTGAGC,DENND1C,490,148,146
DENND1C_AGCGGAGTGACGGTCTCCAG,DENND1C,512,8,90
DENND1C_AGTGGGAGACCTCCTAGCCC,DENND1C,567,125,94
DENND1C_AAGGTGAAATGCTGCACGGC,DENND1C,1031,94,179
DENND1C_CCGTACCTTTCCACATCAAA,DENND1C,1252,657,567
DENND1C_AGTCTGGAGGGAACTGCCGC,DENND1C,236,135,25
DENND2A_CGTGAAGTCCCGGCTGAAGC,DENND2A,2053,1068,841
DENND2A_TGAGTCTGACAGTGACACAG,DENND2A,1389,729,351
DENND2A_GCCATTTATGAGGTCCGGAG,DENND2A,384,225,573
DENND2A_CATCCCTGACACACTCACCA,DENND2A,1531,532,355
DENND2A_CTGGTACGCGCAGACTAAGC,DENND2A,978,491,523
DENND2A_GCCTCCCAGGTTCTCAGGAA,DENND2A,1032,247,201
DENND2C_AGATTACCCTACGCTCCAAA,DENND2C,1370,333,587
DENND2C_TGACTGGTGAAGATGGAAGC,DENND2C,1010,702,665
DENND2C_TGCCAACCTCAGAACTCAAG,DENND2C,1420,361,664
DENND2C_AACTGCAACCGTCTTCCAAG,DENND2C,1262,346,364
DENND2C_GGCATCACTTTCGTTCCCAC,DENND2C,7,0,1
DENND2C_TGCCGGTCACTTTAACGGAA,DENND2C,566,396,679
DENND2D_CATGGACAGCCCTATGGAAG,DENND2D,2468,769,764
DENND2D_CCCACCTGAGACCTTCCGCC,DENND2D,789,206,304
DENND2D_GAACGGGTAGATGACAGCCA,DENND2D,960,119,171
DENND2D_ATCCACATTGGTCAGAACGA,DENND2D,1046,139,170
DENND2D_CGACTGCTTCAACTCCGAGC,DENND2D,481,150,159
DENND2D_CTGAGACTGAAGCGCGGCCA,DENND2D,557,430,401
DENND3_ACTTCGGAGACTGTCCCGGG,DENND3,159,174,53
DENND3_TGGGAAGCACAGCTGCGGCA,DENND3,1085,335,400
DENND3_CGTGGCCACTGAACCTAAGG,DENND3,255,133,204
DENND3_GGAGACCACGCACACCGCGA,DENND3,894,136,245
DENND3_CTTCTTCGAAGTGGTCGAGA,DENND3,187,93,119
DENND3_CAAGTCCACGGACGATAACG,DENND3,1195,495,367
DENND4A_AGCACTCGAACTGCAAGCAC,DENND4A,672,408,275
DENND4A_TAGTGACAAAGATGCAAGCC,DENND4A,1126,307,336
DENND4A_GAACATACGGGCATGGCCAG,DENND4A,802,72,60
DENND4A_GCACGGATGGCCGTAGGGAA,DENND4A,1008,384,353
DENND4A_ATCCGTGGTCTCTGAGGAGA,DENND4A,384,97,201
DENND4A_AACTGGAGCCTCAGCTGAAA,DENND4A,886,391,481
DENND4B_CCTCACAGACGCTGGTGAGC,DENND4B,9,112,18
DENND4B_AGTTCTACGAGGCGTTCCCA,DENND4B,492,61,42
DENND4B_AGCTGCACCCGTGAGCACAA,DENND4B,1736,967,1376
DENND4B_CCTGTGCTATAAGGTGGGCC,DENND4B,96,273,103
DENND4B_GCACCTACCTCACTTACCGG,DENND4B,1576,121,172
DENND4B_AACCCGTCATCTGCTACCGC,DENND4B,1413,427,150
DENND4C_TACCCAATATCTGTAAGCGG,DENND4C,481,151,98
DENND4C_GGTACATCTGATTCTGAGAG,DENND4C,111,101,64
DENND4C_AGAGAAACAGCTTATGCACC,DENND4C,1123,169,368
DENND4C_AGGACCCAGATTCATTAGCA,DENND4C,1044,171,280
DENND4C_CAGCCAGTGAAAGAGGACAA,DENND4C,2048,336,224
DENND4C_TCACATTACCTGAAGACAGC,DENND4C,352,209,289
DENND5A_AGGAATCCTGGTTTACCAAC,DENND5A,298,105,130
DENND5A_AGAGTGCCTCCAAGCTGAAG,DENND5A,683,188,136
DENND5A_CTGATGGGTTTGCATTCCAA,DENND5A,648,153,364
DENND5A_TGCAGCTATGTATGCCGAAA,DENND5A,1651,742,916
DENND5A_TGACCAAGATGCAGTAGGAA,DENND5A,2169,699,457
DENND5A_CTACTTTGTCATCTGCGGAC,DENND5A,1053,587,186
DENND5B_CTCAGGCTGGTCAGACAGAA,DENND5B,4063,1831,1493
DENND5B_GGAATCCTGGCTGACCAACC,DENND5B,2151,593,855
DENND5B_CGCCTGATGACTGTGGCAGA,DENND5B,2662,512,226
DENND5B_ACCTACCTTGTGAGTAGAGA,DENND5B,853,203,264
DENND5B_GATCGTCATGGCAAGAGCCA,DENND5B,194,76,81
DENND5B_GCACGAAGTAGTGCGCGAAG,DENND5B,1592,536,633
DENND6A_CTGGTTTAAGACCCGGAGGA,DENND6A,503,221,288
DENND6A_TTGCTAAGACACTCCAGCAC,DENND6A,1952,576,330
DENND6A_TGATGGCGCCATAACCACAA,DENND6A,1211,302,208
DENND6A_TTCGACAGTCTTCTGGGAGG,DENND6A,998,187,386
DENND6A_GGTGGGCTTCGACCTGGAGC,DENND6A,0,4,18
DENND6A_TCCAACGGCCTTCGAGAGCC,DENND6A,94,96,34
DENND6B_TCTTGCTAGCGTCCACGAGC,DENND6B,578,112,191
DENND6B_GGACTCGGACTTGTCCACCC,DENND6B,378,78,183
DENND6B_CGCTTGGAACAGCCGGACAA,DENND6B,1949,782,891
DENND6B_ACGACAGGCACTACAACAGC,DENND6B,2045,400,495
DENND6B_CGACTTCCGGCTCACAGACA,DENND6B,2300,1226,809
DENND6B_TGGACGCGCTGTTGGGCACA,DENND6B,1138,231,645
DEPDC1_CTGTTCATTACCTGAAGAGC,DEPDC1,920,15,145
DEPDC1B_TTGCCGTCAAATTAGTCCAG,DEPDC1B,560,151,31
DEPDC1B_TAGAGGTCTGCAAGGCCAAA,DEPDC1B,572,155,353
DEPDC1B_GCTGTCTGCGGTGGACAAGA,DEPDC1B,1167,215,627
DEPDC1B_ATGGCACTTACCATCACAAC,DEPDC1B,870,154,495
DEPDC1B_TGAAGTGACCCGCAAACAAA,DEPDC1B,2036,704,735
DEPDC1B_CTGGTAGCTCGGTACGGCCC,DEPDC1B,539,57,270
DEPDC4_GAACTTGGCCCGTTCAGCCC,DEPDC4,210,211,266
DEPDC4_CAGAACGAGCTTCCGGGCCC,DEPDC4,5,230,313
DEPDC4_ACCGCCATAAGCTCGCGCGC,DEPDC4,1639,389,733
DEPDC5_CAAACTCGTCATCCACAAGA,DEPDC5,830,511,668
DEPDC5_AAGGATCAGTATATTGGCCG,DEPDC5,202,413,396
DEPDC5_TGCCTATATCACCCAGAAGG,DEPDC5,705,172,176
DEPDC5_CTGTAGTCATGAAGTGACAG,DEPDC5,958,813,1109
DEPDC5_AAACCGAGCCTCAATTCGAC,DEPDC5,1368,192,353
DEPDC5_AGTGTTGGTGCGACTGGAAC,DEPDC5,1431,395,509
DEPDC7_AGTCCTCGGCACCTACCCGG,DEPDC7,166,87,107
DEPDC7_CATACATACGTGGCTCCAAA,DEPDC7,1440,591,483
DEPDC7_AGATATTCCTCGAGCCAAAG,DEPDC7,1388,471,465
DEPDC7_TAGCTTACCTTGTGGAGACA,DEPDC7,1139,347,237
DEPDC7_CTCCTTACTGAAACAGCAAG,DEPDC7,717,360,374
DEPDC7_ACCTAAGAGGCAGTCCACCA,DEPDC7,1105,123,396
DEPTOR_ATGGAGGAGGGCGGCAGCAC,DEPTOR,1607,80,180
DEPTOR_ACTCGCCACCGCACTCACCA,DEPTOR,1811,528,466
DEPTOR_TGCCGTCATCCTTTCTAAAG,DEPTOR,1475,359,294
DEPTOR_TGATGCCATGCTCCATAAGC,DEPTOR,2568,423,475
DEPTOR_GCCGGAAGTTCATTCTGAAC,DEPTOR,499,94,83
DEPTOR_TGAGGAACTCCTTACTCCCG,DEPTOR,949,250,304
DERA_CCGTTTGTGTTTATCCCGCC,DERA,713,345,137
DERA_CGTTTGTGTTTATCCCGCCC,DERA,1710,235,313
DERA_ATCAGATTGGCTGTGGAAGA,DERA,1183,265,196
DERA_TGAGATTCGTCAGTTTCGCA,DERA,1959,459,545
DERA_TACTATAGCTACCGGGAAGG,DERA,758,115,262
DERA_GCTCTCGGACATTGAGAGGC,DERA,98,92,90
DERL1_GGTCTCCAAGTCGAAAGCCC,DERL1,295,37,50
DERL1_CCTAGGCCTGCTATTTACCC,DERL1,1420,339,397
DERL1_CAATCATGTCTCTGTTCAGC,DERL1,688,188,121
DERL1_AATCCAGTTCCTGGACCCAC,DERL1,498,190,137
DERL1_AAAGGAAGGCTTCGGGCCAG,DERL1,328,62,116
DERL1_AGGCCGAGTTTGCCGACCAA,DERL1,613,413,435
DERL2_CTACCTGAGGAACGGCCAGG,DERL2,566,145,217
DERL2_CCACTACCTGAGGAACGGCC,DERL2,531,132,120
DERL2_TGAGAAGAGCCTTACCCAAA,DERL2,1215,569,708
DERL2_CGAGCATTATTGTAAAGGCC,DERL2,486,241,464
DERL2_CGCAGGCAGTGGTGTAGGCG,DERL2,3252,661,696
DERL2_GGCGTACCAGAGCTTGCGGC,DERL2,657,127,156
DERL3_TCAACACTCACAGGAAGCCA,DERL3,1546,258,228
DERL3_CTGTCTCACAGGGATTGCGG,DERL3,2007,72,222
DERL3_AAGAAGTTGACCCTCACCCG,DERL3,824,263,339
DERL3_ACGAGCCTCCAGACCTACGG,DERL3,444,210,52
DERL3_GAAGGTTCAATGGCGTGGCA,DERL3,653,155,198
DERL3_CTTGAGAAGGTTCAATGGCG,DERL3,1570,264,306
DES_GCGCGACACCTGGTACACGC,DES,1124,237,1016
DES_CAATTTGGCTGCCTTCCGAG,DES,343,283,271
DES_AGAAATGTTCTTAGCCGCGA,DES,1175,462,521
DES_TTAGGTGTCAGACCTGACCC,DES,318,8,23
DES_CGATTTGCCAGTGAGGCCAG,DES,704,73,95
DES_TGAGGTCCATACCAAGAAGA,DES,923,193,230
DESI1_GGCCGAAGTGCCTGTCCAAA,DESI1,748,586,676
DESI1_TACGTGGAGAGAACTTCAGA,DESI1,373,81,81
DESI1_TAACACCTTCAGCAACGAAG,DESI1,639,108,80
DESI1_TGTCTCCACTCACCGGAACA,DESI1,2490,291,594
DESI1_CACATCCATAGTTGTGCACA,DESI1,924,255,185
DESI1_TACGTGTACGACCTGTCCAA,DESI1,1155,126,86
DESI2_GGTGCTCAACGTGTACGACA,DESI2,866,134,112
DESI2_GCAAGTCGATTGATCCAGCG,DESI2,3149,632,757
DESI2_CGGGAGGCAACTCTGTAGAA,DESI2,1616,870,1208
DESI2_AGAGTTGCCTCCCGAAGGAG,DESI2,794,206,226
DESI2_TTATAGTTTAGTGTGGCGCC,DESI2,182,53,73
DET1_CTCAAGTTTGAGATCCAGGC,DET1,1211,330,743
DET1_GCTCAAGTTTGAGATCCAGG,DET1,396,65,78
DET1_CAAGTATGGAGGGCACACAG,DET1,1124,200,93
DET1_TTGCAAGGCAGATCCAGCGC,DET1,2996,198,263
DET1_AGAACAGGATGGTAGTGCAA,DET1,1289,115,108
DET1_CTGAGCCCACGATGACACAG,DET1,2446,304,380
DFFA_GAAGACGGAGACTGTTCAGG,DFFA,160,58,76
DFFA_CCTCTGTAGCTCAGTGACCC,DFFA,907,284,373
DFFA_GACCTCCTCGGACGTTGCGC,DFFA,66,70,157
DFFA_AGAGTTGTGCCACCGTCCAG,DFFA,577,150,99
DFFA_CTCGAAGACCTGAGGAGCAA,DFFA,1741,349,342
DFFA_CCTCAGGTCTTCGAGGCAGG,DFFA,1197,134,144
DFFB_CTCGGCGTTGTCGGGAACAC,DFFB,2444,837,657
DFFB_CAGAGGCTCTTCTTGTGACC,DFFB,754,237,201
DFFB_AGAACATCGCGGCCGAGACC,DFFB,216,155,71
DFFB_GAACATCGCGGCCGAGACCC,DFFB,278,458,48
DFFB_AATGGCAGCTACTTCGACAG,DFFB,544,176,263
DFFB_TGTCACTGGCGTTTCCGCAC,DFFB,1544,408,302
DFNA5_ACTCATGGTCCTGGAACCAG,DFNA5,582,111,402
DFNA5_GACATGCCAGATGCTGCGCA,DFNA5,670,285,216
DFNA5_CTCAATGACACCGTAGGCAA,DFNA5,2541,668,1046
DFNA5_CGTGGGCATCCAGACCAAGA,DFNA5,874,313,593
DFNA5_TGGAACCCTGGAGACTGCAC,DFNA5,351,163,149
DFNA5_CTTCTATGAGTACATCGCCA,DFNA5,823,157,62
DFNB31_GCTGCTCAACACCCACGCCA,DFNB31,319,355,190
DFNB31_CTTGGCGATCTCACAACAGA,DFNB31,563,287,339
DFNB31_GAGACCATGGCGAACTCGGC,DFNB31,322,0,90
DFNB31_CGCCAGTGATGTAAATGCCA,DFNB31,1799,226,433
DFNB31_CTACACCTGGGTGGACCCGC,DFNB31,1385,245,272
DFNB31_TGCTGGACAGTCCGGTCAAG,DFNB31,1633,314,166
DFNB59_ATGAACAGAATCCCAAGGGA,DFNB59,786,120,200
DFNB59_GCCTTGCATACTCTGTGGAA,DFNB59,1578,272,379
DGAT1_ACCAGTAAGACCACAGCCGC,DGAT1,107,137,122
DGAT1_GGGCACTGCTTACCACCGCC,DGAT1,100,65,105
DGAT1_AGCTCACCAATAACCAGGCA,DGAT1,1492,219,302
DGAT1_GAGGTTCTCCAGAAATAACC,DGAT1,561,101,37
DGAT1_ATAAAGAATCCTGCAGGCGA,DGAT1,162,27,47
DGAT1_CCCAACAAGGACGGAGACGC,DGAT1,954,598,404
DGAT2_AGGACCTCTTCTCTGTCACC,DGAT2,140,64,48
DGAT2_TACCCAGTACAAGGAAGGAC,DGAT2,482,129,470
DGAT2_GGTCACAGTGGGTCCGAAAC,DGAT2,996,530,321
DGAT2_CACCCAGGCCCATGATACCA,DGAT2,1287,317,291
DGAT2_CAAAGCCCTTGCGGTTCCGC,DGAT2,228,85,57
DGAT2_CTTGTCGAAGAGCTTCACCA,DGAT2,1391,692,383
DGAT2L6_ACAGAACAGCACCATAACCA,DGAT2L6,1595,406,523
DGAT2L6_CTCCCGACTGAATCTCCAGG,DGAT2L6,722,315,321
DGAT2L6_AACTTTGCCACTGAGGCCAC,DGAT2L6,138,102,31
DGAT2L6_GAAGCTCTCTTGTGCCGACC,DGAT2L6,101,6,63
DGAT2L6_TTTCTGTACCTTCCATGGCC,DGAT2L6,367,268,86
DGAT2L6_TTGGTCAAAGAGCTTGCGCA,DGAT2L6,1493,454,445
DGCR14_GAGTGACGGAGAATCTGGCC,DGCR14,746,72,61
DGCR14_CTGCTTGTTCCAGCACAAAC,DGCR14,2313,1360,1703
DGCR14_AGCAGCTGTTTAAGAAGCCC,DGCR14,428,9,0
DGCR14_TTCCCTCATGTACTATCCAG,DGCR14,589,61,19
DGCR14_CCTCCAGACGGTCATCCAAA,DGCR14,1032,66,86
DGCR14_AAGGACGACGCTGATGCGCC,DGCR14,260,0,0
DGCR2_AGACATGGCCGAGGCAAAGA,DGCR2,1766,251,547
DGCR2_AGTTGGGAGCTCGTTTCCGC,DGCR2,477,118,229
DGCR2_CGAGAGAGCCATTCAGGCGC,DGCR2,290,88,113
DGCR2_GGTGCGTCCTCATCATGGGA,DGCR2,529,20,16
DGCR2_TGCGACACGCAAACTGCCCA,DGCR2,613,153,194
DGCR2_CGGTGACAGTGAGCACGAGC,DGCR2,742,33,129
DGCR8_GACAGGAAGGTGCTGTACAC,DGCR8,418,18,0
DGCR8_GACAGCGACCATCCGTCCGA,DGCR8,565,0,0
DGCR8_CAAGAAGTATGGCCTGGACC,DGCR8,256,0,77
DGCR8_ACTCTATGGGTGCTGACCCG,DGCR8,1103,73,8
DGCR8_GGAAGCAGGCGGAGTCCGAG,DGCR8,247,48,63
DGCR8_GGTCTACGAGCTGACCAGCA,DGCR8,953,83,47
DGKA_GCTCTTCGAGGATGGCGAGA,DGKA,132,50,27
DGKA_TTATAGGCCATTGGGTACGA,DGKA,500,119,176
DGKA_CTGGCCGACCACCCTCCAGA,DGKA,835,86,867
DGKA_CTGTACGACACGGACAGAAA,DGKA,1935,340,422
DGKA_CAGCACTAGCAGTGGCACGG,DGKA,2385,286,468
DGKA_TCGCACAGATTGCAGTAGAC,DGKA,1122,462,716
DGKB_CCTGAACATGCTGATTGGCG,DGKB,332,237,149
DGKB_CTGGAGGAATGGATTCAAGG,DGKB,1621,296,441
DGKB_TACCTGTCTCTGCTTGAAAG,DGKB,1005,253,336
DGKB_TTACCGCCTGATAGGAGAGC,DGKB,398,246,286
DGKB_TTGCAAGCACACCATTACCA,DGKB,2180,887,770
DGKB_CACCACCACCATGACAAACC,DGKB,4106,915,886
DGKD_CTGTCGGACGACTCCTCGGG,DGKD,291,226,74
DGKD_TCGCACGGGCTGTCCTGCGA,DGKD,1395,290,637
DGKD_CACACTGGCCTCGATCGGGA,DGKD,1578,343,6
DGKD_TCACCATGGCCTTGCACCAG,DGKD,2054,584,1036
DGKD_AAGTGGGCACTTGGTCAGCA,DGKD,947,1058,380
DGKD_TGAGGTCGAAGACCTGGGCG,DGKD,454,306,444
DGKE_CACTGTCCCAGAATGCGCCG,DGKE,2071,752,667
DGKE_TTCCACTACGAGAGTTGGCC,DGKE,112,76,257
DGKE_TGGAGAAATTCCAGTTGCGC,DGKE,1381,522,572
DGKE_GGTGGCTGCAGACTATGGGA,DGKE,2,0,1
DGKE_TGTGCCTGTCCTATTCGAAA,DGKE,969,616,485
DGKE_CTCCATGATGCCAATGCAGG,DGKE,1641,348,561
DGKG_CTCATGGGCGTCCGCAAGCA,DGKG,2624,884,999
DGKG_GCAAGGGATGGACTACGACC,DGKG,1177,121,227
DGKG_ATATTGCCCAGTACCTGGAG,DGKG,662,144,143
DGKG_ACCTGTCCCTGCTGGAGACG,DGKG,766,156,139
DGKG_TAATGCCACCAAAGCAGACG,DGKG,927,220,63
DGKG_GACCTCTGACCACCCGACGG,DGKG,426,205,114
DGKH_TGACAGCGAAGCGGAGCAAG,DGKH,273,274,208
DGKH_CCGCACCCTTTACTATGCAA,DGKH,2662,349,599
DGKH_TACAGAAGGTGGGTCGGGCG,DGKH,1269,899,830
DGKH_TACCCTGGCCTCCATCGGGA,DGKH,426,136,194
DGKH_AGGTCGCGATGCCTCACCAG,DGKH,1082,435,663
DGKH_CTAAACAGCACCGATTCCGA,DGKH,842,224,63
DGKI_CCTTAATGATCCAAGTGGGC,DGKI,483,114,105
DGKI_TACGTCATCACTGGGTGCAC,DGKI,729,267,259
DGKI_TTCTAGCTGCTCAATGCAGG,DGKI,941,281,139
DGKI_AGACCTCTGCTACCTTGGAG,DGKI,621,202,178
DGKI_AGGAAAGCAATCTCCCGGGC,DGKI,734,21,0
DGKI_CGCGGATGGATGCTGCGGGA,DGKI,515,553,257
DGKQ_CTTCCGCATCGTGGAGGCCG,DGKQ,777,150,118
DGKQ_CATCACCACCACTGGCGGGA,DGKQ,682,17,279
DGKQ_GCGGCAGTCACTGCAGGCGA,DGKQ,30,93,138
DGKQ_CCGCAAGGTCCTGGAGGCAC,DGKQ,2149,544,873
DGKQ_CACACTCACCCGGACCAGGC,DGKQ,2467,357,324
DGKQ_CTGGCCGGCTTCCTGTGCGA,DGKQ,1984,298,288
DGKZ_TGGCGGAAACGCTCCTCCAC,DGKZ,297,295,217
DGKZ_CCAGGTAGCCCTACGGCGCA,DGKZ,940,310,319
DGKZ_CTCTCCTCAGTACCACAGCA,DGKZ,3094,1667,2090
DGKZ_CCGCCTCCAGTGTGATGGAA,DGKZ,2045,826,752
DGKZ_GACGTACTCGCTGTGCAGGG,DGKZ,806,147,573
DGKZ_CTGTTCTCCAGCTGTGCCGC,DGKZ,1289,355,583
DGUOK_ATCGTGGGTGGGATGGCCGC,DGUOK,434,65,77
DGUOK_CTACAGAACCTGTAGCAACA,DGUOK,908,445,599
DGUOK_GAGCCGCCTGAAAGTACAGC,DGUOK,272,307,19
DGUOK_GCCATGTAATGTGATCCGGC,DGUOK,1266,248,112
DGUOK_CGTTGTCTTGTGAATAAGCC,DGUOK,1548,259,663
DGUOK_TTGACATCCAACACCAGCAC,DGUOK,1259,442,398
DHCR24_GCTTGCGCAGGGTCTCACCC,DHCR24,362,182,17
DHCR24_TTGGCAATTACTACAAGCCG,DHCR24,1031,398,576
DHCR24_ACCAGGGTACGGCATAGAAC,DHCR24,1738,829,1245
DHCR24_TCATCAAGCTCAGGCAACAC,DHCR24,2000,332,721
DHCR24_GCAAGACCTTCATGTGCACG,DHCR24,1223,225,594
DHCR24_CGTGCGGGACATCCAGAAGC,DHCR24,1507,943,468
DHCR7_ACTTCTTCTGGAACGAAACC,DHCR7,919,208,240
DHCR7_CTCCCGCTGCTTCGCTGCGA,DHCR7,842,88,235
DHCR7_CCACCATCATCTTCGACAAC,DHCR7,3812,1955,2568
DHCR7_TGGATGCCTCCTACGTAGCC,DHCR7,324,151,456
DHCR7_CATCCGTCCTCGCAGGGAGG,DHCR7,252,183,163
DHCR7_GGCAAGATCCTTACCAGGCA,DHCR7,546,167,119
DHDDS_TGTCTTCCTATTCCACAGGC,DHDDS,779,167,276
DHDDS_GCTCCAAGAGTGAGGTAGAC,DHDDS,1260,73,124
DHDDS_GCAACAAGTGCAGATCGCCC,DHDDS,382,0,0
DHDDS_CGGGATACCTGGGATCCAAC,DHDDS,531,127,88
DHDDS_ACAGAACGGGTTGGAACACC,DHDDS,123,0,0
DHDDS_GCACAAACTCTCGGCCAGAC,DHDDS,2343,380,283
DHDH_TCTGTGCAAACTCCTTCGCA,DHDH,998,484,414
DHDH_CTCCTATGAGGAGCTGGCCA,DHDH,263,193,229
DHDH_AGTTCGCGAGATGGTCGCGG,DHDH,1472,319,122
DHDH_AACTCTAGGAGACCTCCGGG,DHDH,563,60,215
DHDH_GCCTCCGTGAGCGGCACCAA,DHDH,530,829,651
DHDH_GACCGAGCTGGTGGTGAAGG,DHDH,719,90,250
DHFR_CCCGGCAGATACCTGAGCGG,DHFR,437,493,665
DHFR_CAGATACCTGAGCGGTGGCC,DHFR,174,184,270
DHFR_AGATACCTGAGCGGTGGCCA,DHFR,574,111,324
DHH_GGGAACTGCACCGCGGAGAC,DHH,639,166,205
DHH_TGTGGAGCGGCGAGCGGAAA,DHH,1295,198,195
DHH_CAGGATTCACTCCACTACGA,DHH,1243,292,307
DHH_CCGCCAGCGTTGTAAGGAGC,DHH,763,198,235
DHH_TTGTGCCCGGCGTGCCAGAG,DHH,998,747,495
DHH_CCAGAAGTGCCAAGCAGCAC,DHH,2251,661,698
DHODH_ATGACGGAAGGAGCATGGCG,DHODH,1068,191,126
DHODH_ATAGAAACGCTCATCTCCCG,DHODH,780,412,273
DHODH_CGTGGACGGACTTTATAAGA,DHODH,1360,528,591
DHODH_CCGCGGAGGACTACGCAGAA,DHODH,1798,1361,1191
DHODH_CCTCACCAGCCAGGATAAGG,DHODH,2087,296,362
DHODH_CCCTCCTGTTTCAGAGCGCA,DHODH,462,223,483
DHPS_CTTCCATTCCTACAAGAACC,DHPS,1021,20,1
DHPS_CGCCTTCTAAGATGATCGCC,DHPS,281,26,164
DHPS_CATCACCATCTGGTCCAGAA,DHPS,3630,1035,835
DHPS_TGGGCGAGTTTAGCCTCAGG,DHPS,215,0,20
DHPS_CTCACAGATCGAGAAGAAGC,DHPS,600,60,115
DHPS_TTGGAAGCCGGTGGTGCCGA,DHPS,740,0,9
DHRS1_GAAGGCCATAGCGTCGAGCA,DHRS1,286,425,621
DHRS1_CTCTCCACAGTGTGACAAGC,DHRS1,1213,401,579
DHRS1_CTCCTCAGCTCCTATGCCAC,DHRS1,1734,137,452
DHRS1_TCAACAACGTCGGACTCAGG,DHRS1,640,77,59
DHRS1_TGTGGTGTGCGATTCAAGCC,DHRS1,515,331,420
DHRS1_CCTCCTGAGCAACAACGCGA,DHRS1,462,204,223
DHRS11_CTACACCGCTGTGCTGAGAA,DHRS11,2462,1027,957
DHRS11_CCTACCAGTCCATGAAGGAG,DHRS11,906,261,176
DHRS11_AAGGAGCGGAATGTGGACGA,DHRS11,615,242,164
DHRS11_TGCCGTCACTGCGCTGACAG,DHRS11,471,955,1348
DHRS11_CTCTCAGTGTCTCAAACCCG,DHRS11,2363,309,496
DHRS11_ACTCACCTGGATGTGTGCGG,DHRS11,964,14,22
DHRS12_GAAGCGTGTTGGAGCAGCGG,DHRS12,366,367,262
DHRS12_TGACGGAGCGGTGGGCCCAA,DHRS12,990,273,167
DHRS12_CAAATGGTGTTCTTTCGGAC,DHRS12,1058,146,258
DHRS12_TCGTGTTCTTTCTCCAGCAC,DHRS12,2174,533,571
DHRS12_GGTGAGATCATCCGGGAGAG,DHRS12,238,26,96
DHRS12_CAGCGTCGTGTGGTTCGCCA,DHRS12,618,190,759
DHRS13_GGTGCTCCGGGCACCAAGAG,DHRS13,282,104,62
DHRS13_TGACGCCAGTGGCCTCAAGC,DHRS13,547,655,753
DHRS13_CCTTTCTGAGCTCTGAGCCA,DHRS13,611,148,94
DHRS13_CATCGGAAAGATGACGGCGC,DHRS13,521,99,40
DHRS13_TCCGCACTCACCCGTGACCA,DHRS13,2139,471,739
DHRS13_CGTGCTTGTCTACTACAACC,DHRS13,1652,333,479
DHRS2_TCTGTGAGGATGAGCAGCAC,DHRS2,811,480,507
DHRS2_GCAGAACGTGGACCGGGCCA,DHRS2,361,241,140
DHRS2_AATCTCCTCTCCGCAGGCCC,DHRS2,0,105,13
DHRS2_TGCTGCCCTACATGGAGAAC,DHRS2,1401,830,610
DHRS2_AAGCTGCAATGGAAGAGACC,DHRS2,590,90,109
DHRS2_CATTGTAGACACCCAGCGCC,DHRS2,206,139,109
DHRS3_CCCACTGAAGCCGGAGACGG,DHRS3,101,198,192
DHRS3_ATCTCGGTGCTGGTGTGGAA,DHRS3,1375,437,428
DHRS3_CCACGGCGGCATTGTTCACC,DHRS3,433,36,100
DHRS3_GGAGGTGTACCAGACGGCCA,DHRS3,868,124,125
DHRS3_GAGAACGTCCTCATCACCGG,DHRS3,603,0,0
DHRS3_GGTGAAAGCAGCCGTCGGAC,DHRS3,0,23,72
DHRS4_CCGCACCGAATTCCAAGCCC,DHRS4,1523,272,588
DHRS7_CATCAGCCGCACACAACGAC,DHRS7,2556,397,669
DHRS7_TTCTGCCTCACATGATCGAG,DHRS7,427,223,326
DHRS7_CCAGTGTCGGTCAGGTCAAG,DHRS7,416,308,437
DHRS7_TGGGTGACTGGAGCCTCGAG,DHRS7,577,220,373
DHRS7_TGACGCTACTATGGGCCGAG,DHRS7,1093,489,419
DHRS7_CGTGCGCGGCCGCAATGAAC,DHRS7,773,82,127
DHRS7B_TCACCACCACAGCATTCCGC,DHRS7B,227,170,338
DHRS7B_CACCGCTTCTCATGCCACCA,DHRS7B,1310,510,678
DHRS7B_GGCCCAGTTGCTCTAACGAA,DHRS7B,583,76,49
DHRS7B_TGCCCTCCATGATCAAGAGG,DHRS7B,1623,261,186
DHRS7B_TGACTGTCTGCGTGCCGAGA,DHRS7B,841,256,436
DHRS7B_TATGGACACCACCACAGCCC,DHRS7B,382,59,53
DHRS7C_CTCTTGCTTCTTCCTCCGCA,DHRS7C,1360,382,415
DHRS7C_TGACTGCCTCCGAGCCGAAG,DHRS7C,190,71,157
DHRS7C_AACATGATCTCCCGGAGAAC,DHRS7C,2082,411,507
DHRS7C_TGATGTCTGAGAGGTCCAAC,DHRS7C,655,277,382
DHRS7C_GCTCGGGTGTTCCACACAGG,DHRS7C,565,61,69
DHRS7C_ACCCTTGCCCAGTCCTGAGA,DHRS7C,400,82,186
DHRS9_TGGTGATAGAGCATGCACAG,DHRS9,1337,1125,1149
DHRS9_GGAGTGTACCTATCACACAC,DHRS9,738,260,268
DHRS9_CCTTGAGCTTTCTTGACCAA,DHRS9,1280,346,330
DHRS9_TCGCCTTGCAATCGTTGGAG,DHRS9,1518,453,1156
DHRS9_CACGTCTCATGCATTGAACC,DHRS9,682,164,305
DHRS9_TGCACTCTACCACCGGAGAG,DHRS9,1183,481,331
DHTKD1_CTACTGCGGCAGCAGCACGA,DHTKD1,769,290,401
DHTKD1_AGGGCTTGTCCGGTGAAGAG,DHTKD1,1485,550,432
DHTKD1_GCGGTTTGAGGAACTGCAAA,DHTKD1,41,1,5
DHTKD1_GAAGCGATATGGAGGCGAAG,DHTKD1,658,139,258
DHTKD1_GATTGGGCAACATTGTCACA,DHTKD1,437,68,134
DHTKD1_GAAGACCTTCCTCTTTCAGC,DHTKD1,69,18,39
DHX15_CGAGCTGGACGTACCAGACC,DHX15,3003,126,213
DHX15_CGCCCAGGAATAGTTAGGAG,DHX15,3027,39,33
DHX15_TTACACCATAACGCTCCAGG,DHX15,1512,0,4
DHX15_TCATTACCAGGACCCAAGAG,DHX15,1375,9,92
DHX15_AGTCTCACCAACCAGTACAA,DHX15,1694,18,19
DHX15_CGAGGATGTCCAAGCGGCAC,DHX15,774,1,115
DHX16_TCAGGAGCCCAAGTATCAAC,DHX16,358,43,171
DHX16_CACATGCCCAAGGAAACCCG,DHX16,2167,56,52
DHX16_CGAGGAAGACCGGAAGGCCA,DHX16,1152,43,8
DHX16_CTGTCGAACCCGCTCAGCAA,DHX16,1478,218,64
DHX16_AGATCGGTTCTTCTCCAGCA,DHX16,755,82,98
DHX16_ACAGCGCTGCACCTCTGCCG,DHX16,504,28,63
DHX29_TGCATTGTGGAGACGGCCCA,DHX29,558,119,77
DHX29_GAGGATCTAAGGCTTTGGAG,DHX29,382,56,52
DHX29_TCCCTGGCGCTGCAAAGCAC,DHX29,989,105,90
DHX29_GCATGTGCTCCAGTCTGAAC,DHX29,1352,695,355
DHX29_TATACTGCTCGAAGTTGGAC,DHX29,484,146,154
DHX29_AGAGCCAAATCTGCCGAGGC,DHX29,1031,64,116
DHX30_TGACACACATGGGTGGAAGG,DHX30,445,118,316
DHX30_CGCTAGGAGACTCATGGCGC,DHX30,1389,0,0
DHX30_CTAGTCTACGTGCACACAAA,DHX30,1768,392,305
DHX30_GAAGATCGATGCTGAGCGGC,DHX30,524,17,19
DHX30_TCCAGAGAGTATTCGACCAG,DHX30,1995,82,259
DHX30_GGTTCTTGGGAAGTGGAAAC,DHX30,603,106,184
DHX32_GGTGATTGAGTAACCAGACA,DHX32,166,120,53
DHX32_TTCGAGAGTTGTGGATCAAG,DHX32,1471,444,168
DHX32_GGAAGCCAACCTAACAAGCA,DHX32,1205,230,369
DHX32_GCAGCCCATCAGCCAGAGCC,DHX32,754,141,115
DHX32_CTAAGGTACACAACCTCCAC,DHX32,397,26,286
DHX32_TCCATCCACTACCAGCACGG,DHX32,1556,339,384
DHX33_ATATGTAGTTGACACGGGCA,DHX33,385,0,5
DHX33_CCAGGATGTCCTGTGAAGAA,DHX33,3001,313,153
DHX33_CTGGAAGACGGAGACAAGCG,DHX33,436,31,10
DHX33_CACAGATGTGCTCTTTGGAG,DHX33,805,37,21
DHX33_GAGATGGCAGCTACTCGACG,DHX33,350,0,0
DHX33_CCGGCCAAGAGATTCCGGCC,DHX33,96,333,123
DHX34_CTGTTCTTGGCCCTGCCACG,DHX34,546,275,347
DHX34_AGCGGATCTGGTAGCCGACC,DHX34,592,201,185
DHX34_TGTGTACCAGCCGCAGGAGG,DHX34,1013,230,172
DHX34_TACCGGAATCTACTACGAAG,DHX34,2217,209,100
DHX34_AGTCCGATTCGGCATAGAGG,DHX34,934,119,193
DHX34_AGACGTTGAAGAGCGTGAAG,DHX34,447,131,169
DHX35_CCGGTGAAGTTCTGGCGACC,DHX35,746,49,20
DHX35_TCTTCAGAGATGCTTACACC,DHX35,1133,98,178
DHX35_CAGCAGCCACTCTTCGAGGC,DHX35,2072,163,417
DHX35_GGTCGGTGCAGTCATCAAAG,DHX35,595,150,100
DHX35_GCTCGAGCACTAGCTCGCAC,DHX35,278,16,22
DHX35_GCTAATCAGCGAGCAGGACG,DHX35,346,16,65
DHX36_AAAGTCCTCATCCTGTAGAC,DHX36,212,42,10
DHX36_CGTGCCAAGTGGACTCCAAG,DHX36,1419,1,86
DHX36_GCCTACAGTTAACCAGACAC,DHX36,2812,109,190
DHX36_ATGTAAGGGAACTGCGAAGA,DHX36,1756,22,28
DHX36_AGTCGGTTGCCAAGGAAACA,DHX36,2449,9,4
DHX36_ATGATCCTCAGGAGCAAACC,DHX36,554,8,9
DHX37_GGAGAGTCACAATGCGGGAC,DHX37,246,72,46
DHX37_CGTGGCCATGTCCCAGCGAG,DHX37,1334,32,0
DHX37_CTCACCACACACGATGACGA,DHX37,1489,0,16
DHX37_GGCTGACGAGGTGGTAGCCC,DHX37,386,63,86
DHX37_ACCACTTCCAAGCTAGGCAC,DHX37,626,0,0
DHX37_GCCGGCGCTACAACATCAAG,DHX37,1080,159,5
DHX38_AGAGAGCAAGGATGACCAGA,DHX38,431,79,45
DHX38_CTCACACCACCCGGATGGGA,DHX38,886,1,86
DHX38_GATCTCGAGTGGACAGCCGA,DHX38,1226,122,44
DHX38_TCCTCCAGGAAGACGTGAGG,DHX38,675,30,18
DHX38_CCTCCGAGGACTACGTGAGG,DHX38,1007,79,97
DHX38_TGAAGAGGACAACGCGGCCA,DHX38,940,311,19
DHX40_TGCCCGCGACTGCGGGAAAC,DHX40,397,176,272
DHX40_AAAGGATGCACGTCCCAGGA,DHX40,602,288,221
DHX40_GGACCACAGTGACACACGAA,DHX40,828,340,504
DHX57_TAACCGAATCTGGTATCCCA,DHX57,1054,378,151
DHX57_TCCAGTCCATTCTGCAAGAG,DHX57,1224,485,523
DHX57_CAAGCAGTTCCGAATGAAAC,DHX57,2810,349,683
DHX57_TGAGTGTATGGAACAGCGAC,DHX57,798,293,224
DHX57_AGGATCCAAGTCGGGAACGA,DHX57,434,208,353
DHX57_TCTCATGGGAGTGGTGGCGG,DHX57,477,227,213
DHX58_GGATGTGAGTACCTGGACCA,DHX58,892,248,377
DHX58_CAGCCAAGGCATCCACGGCG,DHX58,1593,462,984
DHX58_TCAACTCAGGCATCTCCAGG,DHX58,792,123,26
DHX58_TCTGTGCCAACTTGGACACG,DHX58,1263,413,554
DHX58_GCTCTGCTGTGCAGATGAGC,DHX58,526,128,140
DHX58_CGGCTGCTTATGTGGCCAAG,DHX58,923,419,400
DHX8_CCCGATTAAGGCTCCCGCCA,DHX8,1208,59,87
DHX8_GCGAAGCCTTCCACTAGCAA,DHX8,1086,147,72
DHX8_CTTCTCCTGGCCTGCTGCGC,DHX8,1378,62,31
DHX8_CTAGATATCGGTCCAGGAGC,DHX8,1332,266,385
DHX8_TGCACATCTCTGAGCTCCGG,DHX8,676,42,37
DHX9_CTCCGGACTTACAAAGAAGA,DHX9,992,275,277
DHX9_AACAGCTTTATGCTTACCGG,DHX9,1088,49,44
DHX9_CATCAATGAAGGAAAGCGGC,DHX9,103,124,131
DHX9_AGCGCCAACTCCTTTCGGGC,DHX9,402,1,51
DIABLO_CAGGCCCTCAATCCTCACGC,DIABLO,846,367,514
DIABLO_CCGGAAAGCAGAAACCAAGC,DIABLO,1617,560,325
DIABLO_ATCAGGCCTCTATAACCGCC,DIABLO,6,10,0
DIABLO_ACACCAAGAGTACTTGAAGC,DIABLO,891,527,271
DIABLO_TGCAATAGGAACCGCACACA,DIABLO,3633,458,752
DIABLO_AACTCAAACTCGAGCCAAGC,DIABLO,578,438,298
DIAPH1_CTATGACCTGAAGGGACGGC,DIAPH1,482,21,31
DIAPH1_CGGAAGTCAAGTTCCTCCGC,DIAPH1,190,124,359
DIAPH1_TTAATCCATCCAGCAGCGGC,DIAPH1,1044,50,116
DIAPH1_TTGTATTCTACCGCAGCCAG,DIAPH1,563,95,285
DIAPH1_CTCAGAATCCTCACCTGACA,DIAPH1,4641,754,1396
DIAPH1_GGGACCCGGGACAAGAAGAA,DIAPH1,358,25,48
DIAPH2_GGAGCAACAAGCGGAGCGCG,DIAPH2,208,116,122
DIAPH2_CTTTACCACCAAACGTGAGA,DIAPH2,745,231,194
DIAPH2_CTGCTCGAATGTCATTGAGA,DIAPH2,797,193,220
DIAPH2_AATCCAGCAACTTCGAACCC,DIAPH2,863,243,426
DIAPH2_GGCGGCCCTACACCTGGCAA,DIAPH2,448,311,486
DIAPH2_GCGATATGATCCCAGAAAGA,DIAPH2,1909,443,265
DIAPH3_TTGTCATGCAAGTCCTCAGG,DIAPH3,1125,65,197
DIAPH3_ATGTGAAGAGACTACGGCCA,DIAPH3,658,121,187
DIAPH3_TTGTCCTCCAAGGAATCCCA,DIAPH3,420,61,30
DIAPH3_TATGCAGCTCATCAATGCCC,DIAPH3,277,8,109
DIAPH3_AGATGGAACGGCACCAGCCG,DIAPH3,632,125,265
DICER1_TCAGCCTCGCAACAAACAGA,DICER1,329,23,60
DICER1_ATGAGCAAGAGGAGCTGCAC,DICER1,403,33,18
DICER1_CAATCCACCACAATCTCACA,DICER1,807,10,50
DICER1_TGCTGAAACTGCAACTGACC,DICER1,1522,76,82
DICER1_GCCAGTGTTTAAACAGACGA,DICER1,699,182,172
DICER1_GGACCCATTGGTGAGGAAGC,DICER1,445,115,88
DIDO1_CTTACCTCTGAATCCGACAC,DIDO1,1103,115,65
DIDO1_TTGTAGCCACGAAGGAAGAC,DIDO1,553,110,86
DIDO1_TTTATACAACAGTGACGGCG,DIDO1,1061,138,139
DIDO1_CTGCGCCACGTGACAGCACC,DIDO1,801,195,102
DIDO1_GCATTTCTGAGGCTCGAGGG,DIDO1,605,0,17
DIDO1_AGCGCTTCTGAGACCAGAAG,DIDO1,1151,347,275
DIEXF_ACATCTTCGAGATTTCGGCG,DIEXF,855,20,16
DIEXF_GATGTTTGTGATGTGCCCGG,DIEXF,609,42,6
DIEXF_CCAAGGGTTAACAAGGCCCA,DIEXF,1612,0,38
DIEXF_CCGGGAAGCTGCTTTGCGGG,DIEXF,601,31,0
DIEXF_AATGATGGTCCTCAAGCCCA,DIEXF,95,12,0
DIEXF_CTGTGTCAACATGCAAGGCC,DIEXF,2445,1,13
DIMT1_CTACATGGATTCAACGCAGA,DIMT1,1263,0,0
DIMT1_TAACTTCAGACCACCGCCCA,DIMT1,932,0,60
DIMT1_AAGAGAATTTGCCCTCCGAC,DIMT1,434,13,18
DIMT1_ACTTGAAGTTTGCTGGCCAC,DIMT1,245,0,13
DIMT1_TTGCTTGTGAACTTGACCCA,DIMT1,698,0,8
DIMT1_GCTTTCTGCCGAGATGCCGA,DIMT1,216,1,0
DIO1_CCTGGCCATGGGCGAGAAGA,DIO1,683,213,429
DIO1_TCCAGTTGTCGTGGCTGAAA,DIO1,1878,1171,1187
DIO1_TGTCCTCTAGTCGCTGCCAA,DIO1,775,265,190
DIO1_TGTTTCAGGTAATAGGCCAC,DIO1,330,0,3
DIO1_AGGCTCTACATAATCCAGGA,DIO1,389,205,184
DIO1_TCTACATAATCCAGGAGGGC,DIO1,261,108,187
DIO2_CCGAGTTGTGGCTGACCGCA,DIO2,2328,239,1116
DIO2_CCTCATCAATGTAGACCAGC,DIO2,908,256,76
DIO2_GCTCGTGAAAGGAGGTCAAG,DIO2,121,75,54
DIO2_CCAAGTCCACTCGCGGAGAG,DIO2,4136,1000,783
DIO2_CTCCGCGAGTGGACTTGGAG,DIO2,611,269,374
DIO2_TGACCGAGTCATAGAGAGCC,DIO2,634,185,119
DIO3_TCCGACCACCAACCGCGACG,DIO3,835,434,322
DIO3_GGAAGCGCGGGAAGAGCACG,DIO3,792,234,254
DIO3_TTCAAGCAGGCGCACGAGGG,DIO3,750,310,948
DIO3_ACATCCTCGACTACGCGCAA,DIO3,966,156,256
DIO3_CATGAGCGCCTTCCAGCGCC,DIO3,14,9,33
DIO3_TCGAGGACCAGAGCGCAGCC,DIO3,1884,474,564
DIP2A_GCCGTGGTTTGTGAGGGCCC,DIP2A,115,55,2
DIP2A_GCCAGGGCTCGACGCTGGAA,DIP2A,1868,123,306
DIP2A_CGAATGCTCCACGAGGCCCG,DIP2A,1386,406,807
DIP2A_TGTATCCAAGGCAGTCAGAC,DIP2A,1134,795,341
DIP2A_ATCACTAGCCAGGAGAGCGG,DIP2A,323,0,9
DIP2A_CTTCTGAGTACCCGCACGCC,DIP2A,1680,740,1061
DIP2B_AGCTGCGCCCGCACTTCAGG,DIP2B,236,77,162
DIP2B_CCTTACAGCCCGCAGACACA,DIP2B,1022,861,397
DIP2B_GCTCTGATAAACCTACCAGG,DIP2B,106,289,382
DIP2B_TACATCAGCTAGAGACCCAC,DIP2B,504,192,43
DIP2B_ATCAGCTGTATCCATAAGGC,DIP2B,360,206,230
DIP2B_ACACTCTGAAACGACCCAAA,DIP2B,1044,435,340
DIP2C_TCCGAACCAACCAAAGCCGG,DIP2C,282,139,347
DIP2C_AGGAGTACCAGTAAGTAGCC,DIP2C,276,168,262
DIP2C_GAGAGACCGCAGGGTTCCAC,DIP2C,8,0,0
DIP2C_CCCGCTCTGCGTAGAGGACG,DIP2C,706,802,1053
DIP2C_CCATCGAGGTCTGCACGACC,DIP2C,1215,288,375
DIP2C_TCGGCGGTGGTAGCGAGAGG,DIP2C,1321,376,219
DIRAS1_GGGTGCATTTGCCCTTGACG,DIRAS1,282,135,160
DIRAS1_CGATGAGACGCAGCGGGAGG,DIRAS1,1334,389,464
DIRAS1_TGCTGGTGACGGAGAACACC,DIRAS1,578,261,304
DIRAS2_TGCTCAACCTGGAGAAGCGC,DIRAS2,483,196,255
DIRAS2_AGCGGCTGTCCATCTCCAAA,DIRAS2,2043,593,391
DIRAS2_TGCAGATCACCGACACGACG,DIRAS2,3727,977,1390
DIRAS2_GGAGAGCTACATCCCGACGG,DIRAS2,793,205,481
DIRAS2_CCGGGAGAGCTACATCCCGA,DIRAS2,811,222,370
DIRAS3_TGATGACACCCACCGGGAGG,DIRAS3,1186,319,223
DIRAS3_AAGTGATGACACCCACCGGG,DIRAS3,989,248,332
DIRAS3_CAGCGCCACGTTATAGCCCG,DIRAS3,1223,587,538
DIRAS3_TAACGTGGCGCTGCAGAGCG,DIRAS3,935,746,1374
DIRAS3_CACATCACCGACAGCAAGAG,DIRAS3,1983,849,851
DIRAS3_CTGCTGCACAAGTGGGCGAG,DIRAS3,2141,449,715
DIRC1_GGTGGCAAGTAACAGGAAAC,DIRC1,484,168,192
DIRC2_CATCCAGAACTCGGCGCGCC,DIRC2,1033,228,245
DIRC2_CACCATTTCTCTCTACGACG,DIRC2,2195,901,906
DIRC2_TTCTCCGATAACTCAGCCGC,DIRC2,645,213,264
DIRC2_CTTACTTGGCTGACATGCGC,DIRC2,1546,368,389
DIRC2_ACAGGTCAGGGTGAACCACG,DIRC2,766,87,63
DIRC2_AGACTGAGCAAACACGACCC,DIRC2,1183,146,144
DIS3_AGCTTGCATCATACAGCGAG,DIS3,417,0,0
DIS3_TCCTATAGATCTGCAGACCA,DIS3,797,66,1
DIS3_ATTTGTAGTGTAGACCCACC,DIS3,244,0,0
DIS3_CGAGGGATTCTCTTATCAGC,DIS3,366,36,25
DIS3_TCGGATGCGTTTATATACGG,DIS3,1132,0,5
DIS3_CACTAATGTGTTACTGCACC,DIS3,565,24,58
DIS3L_CTCATTACGTGATCCCAGAC,DIS3L,2776,232,351
DIS3L_CATGACGCGCATCCTTCAGC,DIS3L,91,311,493
DIS3L_TTCTATCCTTCAGTCTCGAC,DIS3L,782,107,59
DIS3L_GGTTTCGAGCCTTCATCCCG,DIS3L,58,46,114
DIS3L_TGTAATCCCAAGGTGTAACC,DIS3L,851,206,114
DIS3L_CCTATCAACGCCTCCCAGAA,DIS3L,1127,310,202
DIS3L2_TCAAAGAACAGGTCCACACG,DIS3L2,1470,467,331
DIS3L2_GGTCGTGAAACTGCTTCCCG,DIS3L2,75,1,0
DIS3L2_GATGGCAGCGACTCAGAAGA,DIS3L2,118,249,143
DIS3L2_GGGCTTATCCAGTATCCCAC,DIS3L2,230,113,33
DIS3L2_TCATCTGCCGCATTGTGGAC,DIS3L2,1001,351,302
DIS3L2_GCCATGGACAATTCCACCAG,DIS3L2,1179,245,232
DISC1_CAGTGTGGCCTTGACTCGAG,DISC1,900,498,221
DISC1_CTTTGTTGTAACGTCTCAGC,DISC1,22,51,70
DISC1_GGTGTGGGTGTCATCTCCGC,DISC1,208,142,119
DISC1_AGCCACCGGAAACCATAAGG,DISC1,1339,282,231
DISC1_TCTAGTTGATGGTTACGGCA,DISC1,506,97,206
DISC1_GCCTCTCATCTTCTACAGAC,DISC1,815,296,148
DISP1_CAACACGAGGCCAAAGCAGA,DISP1,620,37,112
DISP1_ATGCAGCCCTGATAGCCGAC,DISP1,1325,26,200
DISP1_CTGACCATCTATCATCCCGA,DISP1,1414,88,324
DISP1_AGTTGACTGGAACTTCCACA,DISP1,60,317,131
DISP1_AGGTGACCGATATTCCAGAG,DISP1,929,436,448
DISP1_TCCGAGTGTGTTAATACAGC,DISP1,891,290,392
DISP2_GGTCCCATCGCGCTGTGAGG,DISP2,926,284,489
DISP2_GAGCCTTCCAGATGCCAAAG,DISP2,468,143,255
DISP2_GCTGATTGCTGAGTGGCCAG,DISP2,353,443,154
DISP2_CTCCCAATGTCTGTGTCCCG,DISP2,3724,1054,1272
DISP2_CAGGCTGCAGCTTACCAGGG,DISP2,774,190,234
DISP2_CATCCATTCCATGTGTCGCA,DISP2,1392,109,580
DIXDC1_ATGCTAGCCTGCCTGACCCG,DIXDC1,716,271,320
DIXDC1_CTTCAGCTGTGCATTCACCC,DIXDC1,1911,746,467
DIXDC1_AGGTTTGAAATGAGCTGCCA,DIXDC1,75,171,79
DIXDC1_CCCTAGTGCAGCAGTACGAA,DIXDC1,2008,689,734
DIXDC1_TGGGAGGGACGCAAGTCAAA,DIXDC1,754,279,177
DIXDC1_TTATCTCGAGACTGGCGGCC,DIXDC1,571,75,88
DKC1_GGTAACATGGCGGATGCGGA,DKC1,192,64,45
DKC1_CTTCCCATGAGGTGGTAGCC,DKC1,439,455,119
DKC1_CTTCAATAGCATTGTGCAGC,DKC1,488,287,219
DKC1_TCAGATGCAGGAGCTTCGGA,DKC1,564,15,0
DKC1_AAGGGTAAACAACTCGCCGC,DKC1,276,0,1
DKK1_TACCCGGGTCTTTGTCGCGA,DKK1,827,228,270
DKK1_CTACCATCGCGACAAAGACC,DKK1,1286,314,191
DKK1_CGGGTACAGGATTCCCGGCG,DKK1,256,58,110
DKK1_CACTCCTCGTCCTCTGCGCA,DKK1,785,75,203
DKK1_ACTTGACCTTCTTTCAGGAC,DKK1,746,165,218
DKK1_CTTCTCCACAGTAACAACGC,DKK1,1277,284,306
DKK2_CTGTACCAAACAACGCAAGA,DKK2,1336,961,1151
DKK2_CAAACCAGTGCTCCATCAGG,DKK2,1525,107,23
DKK2_AAGAAGCGCTGCCACCGAGA,DKK2,617,91,124
DKK2_GCATTCGGCGGCAGTAAGAA,DKK2,1593,578,564
DKK2_GGCATTCGGCGGCAGTAAGA,DKK2,749,95,211
DKK2_ATCCTTGCTCCGCATCAACG,DKK2,1739,158,623
DKK3_GACCGATGCCCTTGTGCCAG,DKK3,1232,415,110
DKK3_CTGTCTGCAGCTCTGCACCC,DKK3,1257,24,171
DKK3_TACTCACCATCCTCTGGCCC,DKK3,837,295,294
DKK3_CAACAACCAGACTGGACAAA,DKK3,2608,713,627
DKK3_TGTGCACCGAGAAATTCACA,DKK3,473,143,225
DKK3_GCGGAACATCTCATTGAGGG,DKK3,755,143,167
DKK4_CAGGGCCACAGTCGCAACGC,DKK4,897,247,260
DKK4_CAGCGTTGCGACTGTGGCCC,DKK4,782,249,246
DKK4_CGTTCACACAGAGTGTCCCA,DKK4,1300,104,186
DKK4_CATGTCGTGGGTTGCGGAGG,DKK4,1167,132,210
DKK4_TATTGCAGTCCGTGTCAGAC,DKK4,635,406,395
DKKL1_CCTCTTTGTGGTAGTTCCCA,DKKL1,22,9,33
DKKL1_CTACCACAAAGAGGAGAACC,DKKL1,253,324,284
DKKL1_GGCATCCATTCAACCAGCGG,DKKL1,924,127,324
DKKL1_CATCCATTCAACCAGCGGAG,DKKL1,897,410,756
DKKL1_CATCCGGGATGGACTCCGCA,DKKL1,609,505,237
DKKL1_ATCCGGGATGGACTCCGCAA,DKKL1,1567,251,262
DLAT_AGACTGTAATAGCGGCGGCC,DLAT,275,201,275
DLAT_GATACAGATGATCGCTCCGA,DLAT,0,30,0
DLAT_AGCTACTCCTGCTGGACCAA,DLAT,1012,88,198
DLAT_CTTACAGGGACAGGACCAGA,DLAT,1186,223,261
DLAT_GCAGCTGTTGTGCCTCCCAC,DLAT,153,39,8
DLAT_TGGTGCTTCAGAGGATAAAC,DLAT,1062,389,557
DLC1_GGCTCCGGGTCCTCGTAACA,DLC1,2069,1987,3275
DLC1_TGTGATTGGCTACGGGCAAC,DLC1,1513,463,369
DLC1_CGCTAAAGGACCTCCGGAGA,DLC1,3273,1028,1330
DLC1_TCCAGAATTGGCTACTGGAG,DLC1,656,521,484
DLC1_TCACAGGAACGTGCCGCCGC,DLC1,688,276,190
DLC1_CAACATATGATCCAAGGAGC,DLC1,184,207,98
DLD_AGGAGTAACTTCTGAACCCG,DLD,509,124,124
DLD_GGTGCTACCAAGAAGTCAGA,DLD,149,3,13
DLD_TGTCTGTCGATTTCTGCCCA,DLD,552,39,90
DLEC1_GGCCTCAGAGTAGGCGAGGG,DLEC1,468,291,204
DLEC1_ATATCACTCAGGCCCAAGCA,DLEC1,250,812,609
DLEC1_ACACTGTGGACAGCCTGACA,DLEC1,3047,697,819
DLEC1_GCCATACTTCGCTCTGGGAC,DLEC1,780,470,476
DLEC1_CACACTCACATGTCAGCACG,DLEC1,3488,946,469
DLEC1_AACAAAGCCGACGGTTGCAA,DLEC1,671,151,168
DLEU7_ACCTTCTTCACTCATTAGCC,DLEU7,1740,439,414
DLEU7_TCCTGGCTAATGAGTGAAGA,DLEU7,658,353,236
DLEU7_CCGAAGTCGAGTCCACCACG,DLEU7,3537,1517,1171
DLEU7_CGAAGTCGAGTCCACCACGC,DLEU7,3157,1167,664
DLEU7_GGTAGTGCGAGGCGCTGAGG,DLEU7,593,0,40
DLEU7_TGGAGGCCACTAAGGGCGCA,DLEU7,448,359,143
DLG1_AGCTCTCCACTTAGATCAGC,DLG1,583,100,54
DLG1_GGGCTAACATGGTTATCAAC,DLG1,283,199,162
DLG1_GGATGACAGTATTCTCAGCA,DLG1,1311,248,170
DLG1_GGCAATACTAGCTCTAGCCA,DLG1,392,144,61
DLG1_GCTCAGAAGTTCCATAGAAC,DLG1,1957,286,299
DLG1_CTCTCACCTTGCTTCCGGAC,DLG1,2538,595,818
DLG2_AGAGGTTTCCCACAGTAAAG,DLG2,980,292,488
DLG2_GACAATTATAGGAGCAGGAC,DLG2,1048,283,348
DLG2_TACCAGCTTTCGCTATGCAA,DLG2,978,384,417
DLG2_TTTCCGCACACTGTCCCACA,DLG2,481,320,234
DLG2_TCCACTGAACAATTCTGGGC,DLG2,539,91,248
DLG2_TGTCATGGCACGGAGCAAGA,DLG2,836,461,393
DLG3_AGAGTGCACCTGTACCAACC,DLG3,2057,588,495
DLG3_CCAGTGGTGCACTCACCGAG,DLG3,2083,277,730
DLG3_TCTGCAGGGCAACTCTGGCC,DLG3,345,264,273
DLG3_ACCTCCATGATGGTCTCGGG,DLG3,186,89,10
DLG3_CATCACCAAGATCATTGAGG,DLG3,1193,60,88
DLG3_GAGCGTACATGTCGTTGAGG,DLG3,79,114,345
DLG4_CCTGAAGAATGCGGGTCAGA,DLG4,898,201,190
DLG4_CTGCATGTCATGGGTTAAAC,DLG4,1948,805,879
DLG4_TAGATGGAGTCCTCACCGCC,DLG4,301,182,90
DLG4_CAGGATGCTGTCGTTGACCC,DLG4,1442,227,272
DLG4_AGCCCAGACCTGAGTTACCC,DLG4,2375,94,255
DLG5_TCTCACTGTACCTCTTCCGA,DLG5,840,60,6
DLG5_GACTCGGCTGAAGGATGACG,DLG5,537,58,70
DLG5_CCGACATGGCTCGCACGCAC,DLG5,1360,749,666
DLG5_TTCCACAGGCACTACCGGGA,DLG5,1446,52,23
DLG5_AGGACGCTGTAGGTAGAACC,DLG5,474,75,14
DLG5_GACGCCGTTCAGGTAGAGAA,DLG5,1344,48,99
DLGAP1_TTCTTCTACTTGCACTCCCA,DLGAP1,216,72,107
DLGAP1_TTACCTGTATCCCGATAGAC,DLGAP1,1096,424,497
DLGAP1_CGACTCCAGCTCGCTGAACA,DLGAP1,2460,1560,1826
DLGAP1_AGCCATGAGCACCATCAGCC,DLGAP1,228,502,480
DLGAP1_TGGCAGTTATATCAAGGCCA,DLGAP1,592,124,220
DLGAP1_GGTAGGGCTTGCGGTCGGAG,DLGAP1,500,65,124
DLGAP2_GGACAAGCCGCTGCTGCACC,DLGAP2,248,270,397
DLGAP2_TACGTCTGGTGCTCTCCAAG,DLGAP2,1110,334,536
DLGAP2_TGTAGCTCTGGTTCCGGGAG,DLGAP2,2398,376,442
DLGAP2_TTGTTCGGAAACATCCCGGG,DLGAP2,490,312,141
DLGAP2_AGCAGCTACCTGAATCCCGA,DLGAP2,123,121,116
DLGAP2_GATTCTGACACGGAGAGCCG,DLGAP2,104,17,86
DLGAP3_ACACCGAGAACAGGAGCCGG,DLGAP3,757,94,117
DLGAP3_GCGCACACTGGAGTTGGCGC,DLGAP3,572,79,80
DLGAP3_AAGGTGTACTCACAGGAGCC,DLGAP3,150,186,355
DLGAP3_GGAACGGCTGTAGCCAGGGA,DLGAP3,1294,134,314
DLGAP3_TCGCTCCTCCAGCGTGGACC,DLGAP3,1558,565,864
DLGAP3_AGACTGTGTGGGCCACCCAC,DLGAP3,801,414,196
DLGAP4_GACACCAACTACGTCAAACG,DLGAP4,533,333,137
DLGAP4_CATCAAGGCCATGGGCGACG,DLGAP4,2225,158,404
DLGAP4_CACCAGGAGTCTGGACCGCC,DLGAP4,453,292,108
DLGAP4_GCTGCTCATGGCCAAACAAC,DLGAP4,800,464,383
DLGAP4_TTTGCCTGGACAGGTACGGG,DLGAP4,1035,88,83
DLGAP4_GAGCAACTCGTCGGACAGCC,DLGAP4,84,30,111
DLGAP5_GGATTACTGCAGTTTAGACC,DLGAP5,122,142,135
DLGAP5_CACATTGCTTCGAGTGGGAC,DLGAP5,519,877,942
DLGAP5_CAAACAGTTAGAGGACCCAA,DLGAP5,940,155,153
DLGAP5_TCGAGTCATTCTCAACGACG,DLGAP5,282,1,70
DLGAP5_GATGTTCGAGCAATCCGACC,DLGAP5,235,40,25
DLK1_TGCTGTGGCCGAAAGCCAGC,DLK1,176,181,244
DLK1_CAGAGTCCGTGAAGGCAGCC,DLK1,1128,401,738
DLK1_ACGGACTCTGTGGAGAACCC,DLK1,428,193,165
DLK1_AGTCCTTTCCCGAGTACCCG,DLK1,435,70,297
DLK1_ACGGGCCCTGTGTGATCAAC,DLK1,1182,112,432
DLK1_TGCTGGCGCAGTTGGTCACC,DLK1,211,58,131
DLK2_GCTGCGGATCTCAGTGAAGG,DLK2,1396,375,545
DLK2_ACGCTTCTGCACCATCAACC,DLK2,2699,418,764
DLK2_TGGGCGTGACTGCGAGCGCA,DLK2,556,265,205
DLK2_GGCCAGTGCATGTATGACGG,DLK2,1377,422,690
DLK2_TGGCAGTGCATCTGCCACAG,DLK2,152,51,52
DLK2_CGTCAGGTGCACAGCAGCCG,DLK2,6435,550,824
DLL1_GCTTACCCTGGTTGCAGAAA,DLL1,524,553,808
DLL1_GCTGCTCATCACATCCAGGC,DLL1,388,237,171
DLL1_TGACGAACACTACTACGGAG,DLL1,1792,690,348
DLL1_TCTCCTGATGACCTCGCAAC,DLL1,1493,243,321
DLL1_TTCAGTCTGCCCGACGGCGG,DLL1,1175,317,180
DLL1_CAAGGCCGAGAGCACCGCCA,DLL1,1642,88,233
DLL3_GCAGATCCACTCTTTCGGGC,DLL3,1046,158,559
DLL3_GCTGAATGTCCCGGGCCCAC,DLL3,151,23,95
DLL3_GCACACGGGTTCCCGTCACA,DLL3,1024,54,438
DLL3_CGCAGCCCGTAGAACCCACG,DLL3,1904,1315,789
DLL3_AACAACCTAAGGACGCAGGA,DLL3,125,127,255
DLL3_TCCTTCCATCTACGCTCGGG,DLL3,30,41,42
DLL4_CAGCAGTAGCGCCCAGCCAG,DLL4,1584,140,185
DLL4_CAGCTGGAAGACGCCGGAGC,DLL4,1709,5,16
DLL4_CGAGCTACTCACCTGGCCGC,DLL4,388,25,235
DLL4_GATGAGTGCATCTGGTGGCA,DLL4,420,26,207
DLL4_TCGGGCTGTCATGAACAGAA,DLL4,1154,893,1031
DLL4_GGATGCATTCGTTACACAGC,DLL4,1075,174,186
DLST_GAACGCCCGAGACACACAGC,DLST,645,19,58
DLST_AGACCGTACCTTCTGGAAGG,DLST,1533,328,529
DLST_AGGGCAGAACTTACCAGGCA,DLST,2749,78,197
DLST_CTACCAGGTTTGCCAGAAGG,DLST,2452,391,1107
DLST_TGACGACACAACCAAAGAGG,DLST,275,15,58
DLST_CCAGGATGGCAGACTGAGGG,DLST,1237,156,142
DLX1_ACACCGCCTTGCCCGACACG,DLX1,1813,328,508
DLX1_AAACACCGCCTTGCCCGACA,DLX1,1365,622,941
DLX1_CAGCGGTCGGGAGAAGGACG,DLX1,732,167,473
DLX1_GGCGGACTCGGAGAAGAGCA,DLX1,46,82,78
DLX1_GAGGGTAGTGCGTTGGCCAA,DLX1,436,107,16
DLX1_TCATCCGGGAAGGGCTCAGG,DLX1,419,158,214
DLX2_TTCGCCGCCAGTCTCAGCGC,DLX2,436,416,314
DLX2_GAGACTGGCGGCGAAGCACA,DLX2,50,29,94
DLX2_AGGAGAGCGCGGGCCTGAGA,DLX2,485,25,87
DLX2_TCCTACCAGTACCAAGCCAG,DLX2,387,341,525
DLX2_ACCAACCAGCAGCACCCGGC,DLX2,1054,200,340
DLX2_CTACACCAACCAGCAGCACC,DLX2,1888,75,133
DLX3_GAGGCACTGTATGGGAGCGG,DLX3,277,143,42
DLX3_TTATTGGGACTGTGCTCCAG,DLX3,292,46,64
DLX3_GCCGGAAGCAGAGGTGCGCA,DLX3,1979,350,389
DLX3_AGTGTCGGTGAAGGAGGAGC,DLX3,301,76,0
DLX3_TCACCGTCTGGCCATAGGGC,DLX3,492,136,151
DLX3_GGGCCAGCCCTATGGCCAGA,DLX3,285,226,175
DLX4_AGCTTTGGAGGCGTCCCGGC,DLX4,596,37,204
DLX4_AGCCGCTACCGACGGGACAG,DLX4,1551,303,327
DLX4_CAGCCGCTACCGACGGGACA,DLX4,2002,431,329
DLX4_CACCAGACTCGGAGAAGCCG,DLX4,2348,988,855
DLX4_TTGGGTAGATCCCAGAGGGA,DLX4,697,41,75
DLX5_GGGCTCCTTACAGCACCCGC,DLX5,351,30,0
DLX5_GCTGGGATTGACACAAACAC,DLX5,1109,575,327
DLX5_GAAAGAAGTGACCGAGCCCG,DLX5,1491,359,401
DLX5_GGTTGGTGGCGCTTGGGACG,DLX5,377,369,321
DLX5_AGCTTTGCCATAGGAAGCCG,DLX5,565,261,233
DLX5_ATAGCTGCGGACGTCTGGAA,DLX5,1043,357,230
DLX6_AGGGTAGTGCGCGCCTGCCA,DLX6,444,0,20
DLX6_CCGAGTGCAGGCAGTGCAGA,DLX6,952,305,284
DLX6_CCTTCCAGAGAGAGCCGAAC,DLX6,1436,352,775
DLX6_CAGTTCGGCTCTCTCTGGAA,DLX6,768,160,294
DLX6_GAGGCAGAAACGTCCCAGAC,DLX6,44,50,20
DLX6_GACGTTTCTGCCTCGGCCAA,DLX6,11,74,4
DMAP1_GGACATTATCAACCCGGACA,DMAP1,1180,30,222
DMAP1_CTGACTTTCAAGAGGCCCGA,DMAP1,514,0,0
DMAP1_AGAAGGTGCGGCCTTGGAAG,DMAP1,837,104,64
DMAP1_TACTCCTGCTCCGAGTACAC,DMAP1,885,133,356
DMAP1_ATGCTGGGCACGAACGACGG,DMAP1,1754,70,12
DMAP1_CACTGCAGAGCAGCGGCGCA,DMAP1,183,91,126
DMBT1_GATTCCCTCAGAGTCAACCC,DMBT1,271,115,50
DMBT1_GCCTGAGTGTTGACTGAGGC,DMBT1,807,373,274
DMBT1_CTCAGTCCCAGTCAACGCCC,DMBT1,851,98,6
DMBT1_GAAGCCACCACAATTTGAAG,DMBT1,1073,271,302
DMBT1_TGGTATAACTCCTTCCCAAG,DMBT1,825,243,118
DMBT1_GGGCGTGTAGAAATTTACCA,DMBT1,990,243,169
DMBX1_TAAGCGCATGCACTGAAGGC,DMBX1,581,182,203
DMBX1_GCTTACATTGGCTGAGCGCC,DMBX1,564,152,107
DMBX1_TCTTCCGGAACTTGGCCCGG,DMBX1,1,170,19
DMBX1_GGATCAGCCGGACCGTGAGG,DMBX1,617,112,294
DMBX1_CGAAGGACGAGTAGTGCACC,DMBX1,315,112,212
DMBX1_GGGCAGCGTATCGAGTCCCA,DMBX1,620,194,339
DMC1_TCCTCCAGCAGTTATTGCGA,DMC1,1695,87,320
DMC1_ATAAGCTTGCGAAAGGGAAG,DMC1,357,75,68
DMC1_CGAGTGGATTTCAGTGGCCG,DMC1,1702,805,1116
DMC1_CCTAAGGCGATCTGGACGGC,DMC1,789,75,52
DMC1_TCCAGTAAGTTACTAGGAGG,DMC1,818,63,215
DMC1_CAAGTTGTGGCGGAAGAACC,DMC1,1534,280,155
DMD_GATGGAGAGTGAAGTAAACC,DMD,783,98,72
DMD_TGACAGACCTGTGAAGGAAA,DMD,1877,720,968
DMD_GCAGTCAGCCACACAACGAC,DMD,1442,443,794
DMD_GGATGAGAGCATTCAAAGCC,DMD,407,307,264
DMD_TGCCCTGAACAATGTCAACA,DMD,1570,405,523
DMD_CATCCTGTAGGTCACTGAAG,DMD,799,310,222
DMGDH_CAGTGGGCTCTATCAAAGGC,DMGDH,1517,415,266
DMGDH_AGATATGGCATAATCCACGC,DMGDH,1999,440,428
DMGDH_ACCAATGGAGTTCCTCCAGG,DMGDH,792,125,255
DMGDH_GGGACGTTGAAACACCACAG,DMGDH,758,242,151
DMGDH_TGTGAGTCTGGCTTATCACC,DMGDH,431,221,307
DMGDH_GCTCTGTCTGCGGCCGGGAA,DMGDH,553,51,62
DMKN_GGAATGAAGCCCGCGGGAGC,DMKN,262,47,61
DMKN_TCCGGCAACCACGGTGGGAG,DMKN,954,127,216
DMKN_CGACCAACAGGCTAAAGAGG,DMKN,1262,368,260
DMKN_GCTCTCACTGAACCATAGCC,DMKN,208,84,138
DMKN_CCGTGGGTCCACGGATACCC,DMKN,708,91,284
DMKN_GGGAGACGCCCTGAGCGAAG,DMKN,266,73,135
DMP1_AATACTTACTGGGAGAGCAC,DMP1,244,111,204
DMP1_GAGAGCAGTGAGTCATCAGA,DMP1,10,96,114
DMP1_ACCTTTGGTGACGATGACAG,DMP1,1019,348,552
DMP1_AGATACCACCAGTGAGAGCA,DMP1,1064,309,310
DMP1_GGAAGACAGTGACTCCAGCG,DMP1,998,517,654
DMPK_AAGAGCCGAAGTCGGCCAGG,DMPK,22,13,91
DMPK_ACCGGCTTGGCTACGTGCAC,DMPK,744,310,427
DMPK_TGTCGTGCTTCCGTGAGGAG,DMPK,2003,1148,1062
DMPK_TGATCTTCATGGCATACACC,DMPK,1213,186,470
DMPK_CTCACCACGATGGGCTCCGC,DMPK,1069,1072,419
DMPK_CCTGTCCAACATGTCAGCCG,DMPK,2147,325,323
DMRT1_TGCGCACGCTGCAGGAACCA,DMRT1,1667,666,625
DMRT1_CATTGTCGTGTGCTTCCAGG,DMRT1,387,399,281
DMRT1_TGTGGAGAACACACCTGACC,DMRT1,304,242,355
DMRT1_CCCGAAGGCTGTTCTTCACA,DMRT1,1550,533,624
DMRT1_TACCCGGAAGCCAGGGCGAG,DMRT1,1294,432,374
DMRT1_AATAGGAGAGCTGCTCGAGA,DMRT1,328,111,97
DMRT2_GGAGATCGATGTCGAGAGCC,DMRT2,203,51,58
DMRT2_CGATGTCGAGAGCCTGGAGC,DMRT2,657,256,64
DMRT2_GCGCTTGTGGCCCTTCAGGC,DMRT2,752,324,282
DMRT2_TACATAAGTCTCCGCTGGAA,DMRT2,876,617,339
DMRT2_GCTTGGTGGTTCCACTGGGC,DMRT2,935,266,67
DMRT2_TCAGTTCAAGCCCTGAAGCC,DMRT2,1015,446,308
DMRT3_CTACCTGTACATGGGCGGCC,DMRT3,873,104,98
DMRT3_TGTGGCCCTTGAGCCAGGAC,DMRT3,443,347,589
DMRT3_ACTCGCTGCGCGCTCTGCCA,DMRT3,500,1,140
DMRT3_GAGATAGTGTCCGTGGAGGA,DMRT3,710,447,552
DMRT3_TCCCGTGACTGAGGATCGGC,DMRT3,665,77,96
DMRT3_CAACGTGTCTGGGACTCGAA,DMRT3,1174,416,471
DMRTA1_CGCTGCTCGCAGAAAGAGGC,DMRTA1,753,671,590
DMRTA1_CAAAGACTTGACTGCGACCA,DMRTA1,1942,362,526
DMRTA1_GGCATTCTACGGTTCTGCAA,DMRTA1,485,60,98
DMRTA1_AGGTATCAGTCCATTAAGGC,DMRTA1,506,104,130
DMRTA1_ATGTCACCCTACCTAACACC,DMRTA1,654,290,277
DMRTA2_AAGGAGCCGACCTACGGCGG,DMRTA2,406,148,43
DMRTA2_AGAAGAGGGTGAGGCCGCGC,DMRTA2,2195,310,195
DMRTA2_TCAGGCTCGGAGAACGGCGA,DMRTA2,669,167,220
DMRTA2_GGTTCAGTGTGCGCCGCCGA,DMRTA2,206,138,120
DMRTA2_TGAGCGTGCACTTGGCGCAC,DMRTA2,277,275,183
DMRTA2_TCGGCTGCCCGCAGCAACAG,DMRTA2,2040,503,278
DMRTB1_ACGAAGGCTGACCCTGCCAA,DMRTB1,658,146,263
DMRTB1_AAGGCTGGGCATCGCCACGG,DMRTB1,597,82,52
DMRTB1_CCAGGTAGCCCAGCGGGAAC,DMRTB1,1902,562,685
DMRTB1_TCCAGGTAGCCCAGCGGGAA,DMRTB1,2056,425,883
DMRTB1_CGTCCTGTTTGATACTGACA,DMRTB1,2466,881,682
DMRTB1_TTTGTCCTTCACAGATGACC,DMRTB1,118,167,161
DMRTC2_TGAGATGGGCGGTGACACCA,DMRTC2,1852,356,796
DMRTC2_CGCCTCCTGCTGCCTACGCA,DMRTC2,160,52,227
DMRTC2_AAAGGGAACCACTCAGCCAC,DMRTC2,569,0,0
DMRTC2_GACAAGGGCGAGGCTTCCGG,DMRTC2,14,0,22
DMRTC2_GCTGAGGAACACTTAGAGGG,DMRTC2,545,65,13
DMRTC2_CTGGGCTGGGTCGAAGACAG,DMRTC2,1056,84,124
DMTF1_TGAAACTTCCTCGTTACCCA,DMTF1,1760,208,245
DMTF1_ATGTAACCCATTTAGGCACG,DMTF1,868,227,329
DMTF1_TTTAGGCTCCGGATAAAGCA,DMTF1,707,243,238
DMTF1_CCCTGTGTGACTATGTCACC,DMTF1,559,58,13
DMTF1_GGGATCTGTTAGCTGAGGGA,DMTF1,188,7,11
DMTF1_TATCTGAACATGCTGCACAC,DMTF1,589,183,292
DMWD_AACAGTCTCCCGCACCCAGC,DMWD,596,119,104
DMWD_AAAGGCCACAGCGTTGACCC,DMWD,502,237,331
DMWD_CATGGCCTCGAGCCACCACG,DMWD,824,212,315
DMWD_TCTCGGTGGCAGCAGTGAAC,DMWD,1801,670,669
DMWD_GGCCCAAGTTGAAGCAGACG,DMWD,2168,490,214
DMWD_TACAAGCTACTCCCGGGCGA,DMWD,1151,282,268
DMXL1_ACGGAGAAGCAGTGGTCGCC,DMXL1,395,71,94
DMXL1_AATATAACCTGGGATCCCAC,DMXL1,255,48,83
DMXL1_ACAGCTGTTACTTCTCCAGA,DMXL1,587,129,88
DMXL1_GGGATATCTACCACATCAGC,DMXL1,296,63,150
DMXL1_TGGCTGGATGAATACCAGCC,DMXL1,383,206,89
DMXL1_AAGCTCACTGTAAACTGCAC,DMXL1,212,263,213
DMXL2_AGCTGCACTCGGTATAAAGG,DMXL2,463,57,57
DMXL2_TGTTCTTGGCCAAAGTAAGC,DMXL2,614,217,195
DMXL2_TCGAGTTCAATAATGCAGCC,DMXL2,471,254,318
DMXL2_ACTCCTCCAGTGTATGACAA,DMXL2,2083,612,786
DMXL2_CTGGATAGAGAATCTGAGGC,DMXL2,713,321,343
DMXL2_TCACAGGAGGATAGAGAACG,DMXL2,604,584,367
DNA2_TGCTTCACGGTTTAGCACCA,DNA2,555,0,61
DNA2_ATCGTGGGTATGCCTGGGAC,DNA2,1087,77,79
DNA2_ACCACTTACATTTCCGAAGC,DNA2,518,30,68
DNA2_TCTAGATGGTTGGCAGGCAC,DNA2,2029,33,50
DNA2_AACAGTTCTGAGCACAGGAA,DNA2,673,80,112
DNA2_CAGCTGCTCCATCCTGGACG,DNA2,4212,107,179
DNAAF1_ACCCGCAGACTCCTCCACGC,DNAAF1,1205,581,298
DNAAF1_AGTGGTGATAATGGGTCAGG,DNAAF1,26,67,19
DNAAF1_TACCTGTCCTTTGGAAACAC,DNAAF1,432,136,195
DNAAF1_GGGAGGGTACGCAGCTGAAA,DNAAF1,1680,389,373
DNAAF1_TTTAACCTCCACAGGTGGCG,DNAAF1,812,282,214
DNAAF1_CACGCTCTTACCCGGAGAAG,DNAAF1,2414,254,345
DNAAF2_TGATCAGCTACAAGGAAAGG,DNAAF2,731,130,350
DNAAF2_CCTGGCCGTCAGTTCCGGAC,DNAAF2,951,170,197
DNAAF2_TACCCAGTGGACGATGGCCG,DNAAF2,2678,364,648
DNAAF2_AATGTTCTCCCAGTACGCCG,DNAAF2,801,276,160
DNAAF2_TGAGCGGAGAGGAGGTCCAG,DNAAF2,1255,10,1
DNAAF3_AGCCTCCTGCGGACGAGCAA,DNAAF3,36,247,411
DNAAF3_TTCCGACGCTGGCGGGACAC,DNAAF3,271,253,128
DNAAF3_CATGAAGCTGCATGACCGCG,DNAAF3,995,288,495
DNAAF3_GCTGATCTTCAGCCTAGCCC,DNAAF3,443,189,355
DNAAF3_GCCAGAACTTCGCTCGGGAC,DNAAF3,1958,206,152
DNAAF3_CAGCGGTTGTGGAGTGCCGC,DNAAF3,844,137,33
DNAH1_TACCCGCTGATGAAGCAGCG,DNAH1,829,130,111
DNAH1_TGTCAAGGTCAGCCTGCCGC,DNAH1,248,161,7
DNAH1_ATCTTGCGAGGATGCTGGCC,DNAH1,636,372,274
DNAH1_GCTTGTTGGAGTCGATGCCC,DNAH1,265,36,35
DNAH1_GGAAGTCATCAGTGGGCAAG,DNAH1,997,154,236
DNAH1_CACGTTGTGCGAACATGCAA,DNAH1,302,201,183
DNAH10_CCGCACTATGGTGCCGGAGG,DNAH10,585,50,27
DNAH10_TCTCCCTCTTCAGACAGGAC,DNAH10,371,261,157
DNAH10_GAGCCATGCTTACTTTGGAA,DNAH10,1026,122,212
DNAH10_CATTGTCCTTCAATCAGCAC,DNAH10,1300,257,182
DNAH10_TGGAGCAGTGTGTGATAAAC,DNAH10,1986,850,954
DNAH10_CTGCAGATTAGCCACAAGCA,DNAH10,4333,1098,1435
DNAH10OS_TCGAAGCCTCACAGAGAAAG,DNAH10OS,1195,402,598
DNAH10OS_AGCTACCCTGTGAGCCGAAG,DNAH10OS,823,305,184
DNAH10OS_ATGCACAGCCTGCCACGGAG,DNAH10OS,1056,54,0
DNAH11_GGAGTTTCGCCCAAGACGCG,DNAH11,1388,204,208
DNAH11_ACATGTCCAAGAGACAACGC,DNAH11,949,346,468
DNAH11_CATCCAGTGTCTCCAGGAGA,DNAH11,1952,107,93
DNAH11_AGATGAGACTGGAAATCCCA,DNAH11,222,31,21
DNAH11_CAGGAGAGAGCACAGACGAG,DNAH11,1093,237,258
DNAH11_CAGCTCGATCATCCACCCAG,DNAH11,1142,232,430
DNAH12_TAGGTTACCTCATGAGACAC,DNAH12,356,101,144
DNAH12_GAAAGTTGTCTAAGCAGACC,DNAH12,496,174,205
DNAH12_GGAAGTGATAAGTGGCGGGA,DNAH12,561,104,418
DNAH12_ACGATGTGATCGCTGCAGCC,DNAH12,550,270,287
DNAH12_ATGCAACAGATGCCAGAAGA,DNAH12,971,586,543
DNAH12_TGAAGTTCCTGATAGCCAAG,DNAH12,1178,275,351
DNAH14_CCTATGTGCAGACTTAGGAC,DNAH14,667,364,268
DNAH14_CCATTGTGGCCTCTTCGCCA,DNAH14,1526,171,113
DNAH14_CCTGTTCTATCATAGGACAC,DNAH14,1052,309,467
DNAH14_GCAGTTACAGCAAGCTACCC,DNAH14,660,213,244
DNAH14_CACAATGTTTGCCTAAGGAC,DNAH14,622,1003,582
DNAH14_GACTAGTTCAGTCAGGAGCA,DNAH14,1177,248,88
DNAH17_GACACGAACCTTCCTGAGCC,DNAH17,212,66,82
DNAH17_CTGCAACCAAATCATCGAGA,DNAH17,731,587,154
DNAH17_GGAACAAGCCGACTTCACGA,DNAH17,1932,536,471
DNAH17_GCAAGTTGTCCAGTGAAGAG,DNAH17,2332,849,1984
DNAH17_CGATGTCTTCCGAGACCACC,DNAH17,297,360,266
DNAH17_TGATGTCGCCGTAAAGGAGC,DNAH17,834,140,208
DNAH2_CTCTGGCTCACTGACAGCCG,DNAH2,1678,454,357
DNAH2_TGAAGAATCAGTGGAGCCCG,DNAH2,1916,266,291
DNAH2_CTGTCAGCGCAGCTCGGGAA,DNAH2,771,397,472
DNAH2_AAGCACCAGTTCCCATCACC,DNAH2,1674,111,164
DNAH2_ACACTCGGTACAAACTGGAG,DNAH2,374,58,152
DNAH2_GCCCAGGAGACTGTGGAGAC,DNAH2,1437,320,466
DNAH3_GAACGAGGAGCATCTGCACA,DNAH3,506,186,233
DNAH3_GGTGGTCCTCGTGCAGGAGA,DNAH3,15,11,2
DNAH3_GAAGCCATCTGAATCGGACC,DNAH3,71,75,122
DNAH3_ACGTGCGTTGCATCAAGGGC,DNAH3,720,355,43
DNAH3_CATACCTGATAGAGTCCAGA,DNAH3,374,68,48
DNAH3_GAACGCTGAAAGGCTGGGCC,DNAH3,110,178,134
DNAH5_ATCCTGTGGCTGGTTCCAGA,DNAH5,485,264,26
DNAH5_CGGGATCACTGCTGTACAAA,DNAH5,2990,1024,1169
DNAH5_GGATGACGTTGGGCCACGAG,DNAH5,1151,265,287
DNAH5_TGGCTCGTGGCTCTGAGAGC,DNAH5,22,98,283
DNAH5_CCTAAGGTGTTCGTGACCGA,DNAH5,1042,310,369
DNAH5_CATTCTTGAAGGGAATCAGG,DNAH5,299,38,22
DNAH6_TGTGGCAGTTTAGGAGGAGA,DNAH6,189,246,212
DNAH6_CGAAATTGATCGATGGGAAC,DNAH6,1573,1573,952
DNAH6_ATTATTGCATGAGGCTGACG,DNAH6,807,237,194
DNAH6_GGCATTCCGAACAGCAACAA,DNAH6,440,476,695
DNAH6_AATCCAGGACATATCTGGAC,DNAH6,643,27,79
DNAH6_CGGCACAGATGACATACAGG,DNAH6,2086,617,704
DNAH7_ATGAGAGGACATCTCTAGCA,DNAH7,831,124,223
DNAH7_ACTCACATGAAGAGCAGCGA,DNAH7,524,319,353
DNAH7_GGCTCAAAGTCCAAGCCACG,DNAH7,371,159,222
DNAH7_CTGCAAAGGGTAACCAACAA,DNAH7,2958,634,637
DNAH7_CTCCCATCCTTCCATACCAC,DNAH7,2123,389,645
DNAH7_TGATCACTTACTCAGCACGA,DNAH7,1449,272,337
DNAH8_GGACCTCCGGGAAGACGGCA,DNAH8,965,35,94
DNAH8_GCTTTAAACCAGTCCAAGCA,DNAH8,290,155,306
DNAH8_CTCAGAAACTGTTCATCAGC,DNAH8,351,427,413
DNAH8_CACTCACTGAATTGGAACAC,DNAH8,3118,486,349
DNAH8_GGGCATGTTGCGAGCAAGAG,DNAH8,897,551,397
DNAH8_TTTGTGCGACATCCAGAAAC,DNAH8,1042,449,513
DNAH9_AGCGCGGCTAGGTGCTCCAG,DNAH9,289,278,550
DNAH9_ACTCTCTCTTGAGTACCACC,DNAH9,222,57,72
DNAH9_GGAGAATGCAGAATTTCCGG,DNAH9,75,93,177
DNAH9_GGCTGAGATAATTAGAGGCC,DNAH9,111,15,71
DNAH9_CCCATAGGGTCTTCTGAAGA,DNAH9,468,364,617
DNAH9_TGAACATTTGGATGAGGACC,DNAH9,1092,410,164
DNAI1_CCATAAACAGCCTCATAAGC,DNAI1,868,553,402
DNAI1_CCAAAGACTCAGATGAAGGA,DNAI1,959,415,159
DNAI1_CCCTCTCACTGAAGTTGAAC,DNAI1,1481,693,1021
DNAI1_TGATGAATACCGGGACCAGG,DNAI1,410,115,165
DNAI1_CATGTGTCTCGACATCCACG,DNAI1,771,301,437
DNAI1_TGGAGTAGGATTTAGAGCAC,DNAI1,569,72,193
DNAI2_CAGCATGTCGGAACACGAGG,DNAI2,1421,202,235
DNAI2_GGAGTTAACCATGTCGAGGG,DNAI2,807,157,163
DNAI2_CGATTCATACATCTGGGACC,DNAI2,955,270,266
DNAI2_TTGAACTCCAACGTCACGAG,DNAI2,1769,321,569
DNAI2_CGTCATCTCCTGCAACCGCA,DNAI2,1067,544,844
DNAJA1_GAAAGACGGCGCCACTACAA,DNAJA1,579,136,175
DNAJA2_CCTGGCAAAGTAATTGAACC,DNAJA2,1367,134,144
DNAJA2_ATGACTTCTCTTTCCAGGAG,DNAJA2,588,150,158
DNAJA2_ACTTGTGCTTGCTTTAGCCA,DNAJA2,831,99,54
DNAJA2_GGAGAGCAAGGTCTTCGGGA,DNAJA2,430,87,30
DNAJA2_GGCATACAGAAAGTTAGCCA,DNAJA2,590,10,1
DNAJA2_AGCTCGTTCTCGCTGGCGCC,DNAJA2,138,55,89
DNAJA3_CCGATATAGCCGGCAGCCGC,DNAJA3,234,142,75
DNAJA3_TAAGGATGATCCCAAAGCCA,DNAJA3,803,1,69
DNAJA3_CAGCATAGCTACTGGAAGGG,DNAJA3,1057,106,98
DNAJA3_TGTGAGCGCTGCAACGGCAA,DNAJA3,891,65,2
DNAJA3_TGTAGGAGATGTGGTGGCCG,DNAJA3,2155,349,323
DNAJA3_CGCCGTCCCTCCGGAACACA,DNAJA3,3155,47,18
DNAJA4_GGAATCAGACGGGCAGCCAA,DNAJA4,1889,342,367
DNAJA4_GCTGGCGCTCAAGTACCACC,DNAJA4,7,49,28
DNAJA4_GAACCCGGATGAGGGCGAGA,DNAJA4,147,207,130
DNAJA4_CGGATGGCTAGAGAGAGAAG,DNAJA4,1608,225,97
DNAJA4_ACCGTGTGCATCGAGTGCAA,DNAJA4,965,504,581
DNAJA4_TACAGATGACATGGATCAGG,DNAJA4,45,376,168
DNAJB11_CGATGAGGTATAGCAGCAAC,DNAJB11,1900,315,463
DNAJB11_CCCTGCAGCTTCATCCCGAC,DNAJB11,852,601,897
DNAJB11_ATTTCTGTCTTGCTGACGAG,DNAJB11,442,155,87
DNAJB11_AGAGATGCGGACCACCCAGC,DNAJB11,372,203,159
DNAJB11_AGTGAATGAAGAACGAACGC,DNAJB11,484,208,170
DNAJB11_AGCGAAGCTATGGAAGAAAG,DNAJB11,564,492,382
DNAJB12_GGTCCGTGGGCCACATCCAC,DNAJB12,785,100,150
DNAJB12_GCAGGACCGCAGGGACAACC,DNAJB12,943,20,164
DNAJB12_TGTCGGCCTCAAAGCCACGG,DNAJB12,459,112,0
DNAJB12_TTGAAGGCTTCAGTGGCACC,DNAJB12,297,263,202
DNAJB12_TCCAGAGCAACCAGCCCGAC,DNAJB12,184,309,247
DNAJB12_TCCATGGCGGAACCAGAACG,DNAJB12,752,383,330
DNAJB13_AGAGTAATAATCCTGGCCCA,DNAJB13,1047,175,134
DNAJB13_CACACGCATCACCTTTGAGA,DNAJB13,1848,333,229
DNAJB13_CGCATCACCTTTGAGAAGGA,DNAJB13,1808,488,984
DNAJB13_GCATCACCTTTGAGAAGGAA,DNAJB13,1400,727,570
DNAJB13_CATTCTCCCTGCGGAAGCGA,DNAJB13,195,19,349
DNAJB13_TCATTCTCCCTGCGGAAGCG,DNAJB13,921,485,354
DNAJB14_GGACGCTGAGGTCTCACCGC,DNAJB14,156,206,168
DNAJB14_ATGTGTCGAGATCGCCCGGG,DNAJB14,693,149,142
DNAJB14_AGAAATGTGTCGAGATCGCC,DNAJB14,312,109,66
DNAJB2_TGACGACTGACCAGTTGCCA,DNAJB2,1433,294,432
DNAJB2_ATCGGCGCAAGGCTCTCCAG,DNAJB2,142,206,19
DNAJB2_CGGGAAGGGCTGACAGGGAC,DNAJB2,2299,699,573
DNAJB2_GGCCCATCTCGGGCAGAAGC,DNAJB2,572,295,238
DNAJB2_CCTTCTCAGAGCTTCAGAAC,DNAJB2,2234,729,548
DNAJB2_GATGCGGCGTCCTTGGACAA,DNAJB2,1102,294,255
DNAJB4_CTGGAGGATCTTGTTTGAGG,DNAJB4,1133,429,330
DNAJB5_AGACGGTTCAATGGGCGGCG,DNAJB5,1083,676,795
DNAJB5_TTCAATGGGCGGCGCGGAGG,DNAJB5,558,593,689
DNAJB5_AGCGGCTGTCTCACGGACCA,DNAJB5,1151,342,395
DNAJB5_GGTGTAGTGAAAGGAGCCAC,DNAJB5,222,50,22
DNAJB5_CTGCACATAGTCATCAAGCG,DNAJB5,1581,190,737
DNAJB5_ATCAAGCGTGGCTGGAAGGA,DNAJB5,538,180,58
DNAJB6_CCGCATGCGCTCCTCAGCGA,DNAJB6,816,255,297
DNAJB6_GCTGAGGAGCGCATGCGGAG,DNAJB6,755,183,307
DNAJB6_AGGCGCGTGTCTCAGCAGCG,DNAJB6,456,172,167
DNAJB7_TTTCTCAGCAGGAGTCAAAG,DNAJB7,969,288,406
DNAJB7_TTCGTGGACAATGATGAGGG,DNAJB7,1052,353,233
DNAJB8_CCAAGCGCATCGTGGAGAAC,DNAJB8,2117,1229,1276
DNAJB8_CGAGATGATCAATGGCCACA,DNAJB8,1595,504,602
DNAJB8_AATAGTGACCGTGGTGGCCG,DNAJB8,911,292,436
DNAJB8_CAATAGTGACCGTGGTGGCC,DNAJB8,350,630,586
DNAJB8_AGGTGTAGCCGGTGTCGAAG,DNAJB8,671,266,343
DNAJB8_GGCGGAGAAGAAGTTCAAGC,DNAJB8,610,110,50
DNAJB9_AGGACTGTCACTCAACGAAG,DNAJB9,768,156,52
DNAJC1_CACTCACCTTGCTCTTGGAC,DNAJC1,1161,404,635
DNAJC1_ATGTGTCCCGTCCAAGAGCA,DNAJC1,811,441,290
DNAJC1_TGGCGTTGCAGCAGTACCCA,DNAJC1,784,391,366
DNAJC1_ACTCCGGTGAGCAGGAGACC,DNAJC1,1431,174,57
DNAJC1_GCCTGTATTCTACTACAGGC,DNAJC1,282,52,143
DNAJC1_AGCCTGTATTCTACTACAGG,DNAJC1,632,147,110
DNAJC10_ACAGTGACAGAACTTTGGAC,DNAJC10,711,399,104
DNAJC10_ATGGATGGACTGTGCCACCC,DNAJC10,669,107,164
DNAJC10_CTGCCAATGACAAAGAACCA,DNAJC10,1385,590,268
DNAJC10_TCTGGTAGTAAAGCTCGACA,DNAJC10,1047,167,236
DNAJC10_TCAGGCTTATCCAACAACAG,DNAJC10,1243,497,483
DNAJC10_TTCTGGCAAGGTCCACACCA,DNAJC10,1841,485,446
DNAJC11_AACAGCTTGAGACCGAACAA,DNAJC11,223,29,8
DNAJC11_CAGACGAGTAACTTCGGCAA,DNAJC11,1326,92,59
DNAJC11_TGTGCTTTACCTCAATGGAC,DNAJC11,1283,260,317
DNAJC11_AACTCCTCTCGAATTTCAGC,DNAJC11,560,72,296
DNAJC11_CTTCATAAGCCTGGTGAACA,DNAJC11,1619,761,761
DNAJC11_GATGGCGACGGCCTTGAGCG,DNAJC11,200,92,84
DNAJC12_CCTTGGACCAGCGGAAACGA,DNAJC12,1472,347,307
DNAJC12_GAATGACTCAGTGAAGACGG,DNAJC12,491,37,46
DNAJC12_CCCGCTATGACCACTGGCGA,DNAJC12,1284,149,194
DNAJC12_GAGATCTCTCTTCCCAGAAC,DNAJC12,597,25,0
DNAJC13_TTGGAAGCTGAGTGAAAGCC,DNAJC13,1555,515,489
DNAJC13_TCTCACTATATGGAGCACAG,DNAJC13,2545,621,749
DNAJC13_CTCAGATCTCGTACCTGAGA,DNAJC13,737,234,275
DNAJC13_CTTCTCTTTCGAAGAACCAC,DNAJC13,448,29,237
DNAJC13_CAAGGGTAAGCAAGTCCACA,DNAJC13,107,282,271
DNAJC13_CTAAGAGACACCACTTAAGC,DNAJC13,1497,358,419
DNAJC14_GCCCAACAGCACAGTACCCA,DNAJC14,877,232,220
DNAJC14_AAATCCTGAAGATCAGCAGG,DNAJC14,131,66,187
DNAJC14_GCTGCAAGATGACCTCAAGG,DNAJC14,1710,367,207
DNAJC14_TGCTGAGAGATAGCAGGCCA,DNAJC14,1621,247,395
DNAJC14_GCCTGCAGGCATAGATGAGA,DNAJC14,418,143,93
DNAJC14_AGGTATTTCAGGGTCCACGG,DNAJC14,791,269,198
DNAJC15_AACTGGAGCGATGACACCAC,DNAJC15,1112,249,189
DNAJC15_CAACTGGAGCGATGACACCA,DNAJC15,988,323,50
DNAJC15_TAGCGCAAACTCTCGCCAAC,DNAJC15,778,492,296
DNAJC15_GCGTCTGGCCGTTTGGCCGA,DNAJC15,198,65,63
DNAJC16_ATAAGAAGCTCGCCCGGGAA,DNAJC16,750,96,103
DNAJC16_TGGAGACGCTGGAGAGAACC,DNAJC16,452,486,177
DNAJC16_TTCAGGTGTAGGAATTGGCG,DNAJC16,1988,551,498
DNAJC16_TGGGCGTTTGGTCAAACAGA,DNAJC16,581,80,112
DNAJC16_CGTACCTGGATAACATCGGC,DNAJC16,1333,153,138
DNAJC16_TGAAACGGTCGCATCGACAG,DNAJC16,1795,238,307
DNAJC17_CATGATGCGCATGCGCCAGG,DNAJC17,163,63,16
DNAJC17_CATCCGGGAGCAGATACGCC,DNAJC17,1118,254,248
DNAJC17_TCAACCCTTGTGTCTAGACC,DNAJC17,531,23,11
DNAJC17_CTGCCAGGCTGCATATGACA,DNAJC17,1844,124,78
DNAJC17_CGCCCACTTCCTAGCCACCA,DNAJC17,2067,1464,1111
DNAJC17_GAGTGGCTGTCGAGAAAGCG,DNAJC17,870,378,340
DNAJC18_CTCATTGGCCTACGCAGAGG,DNAJC18,2148,619,703
DNAJC18_AACTTTGACAAGGCCTACAG,DNAJC18,919,278,422
DNAJC18_ATTATAAGGTCTGGCTCGAG,DNAJC18,360,103,92
DNAJC2_CTGTTCTTCTGTTGTCCAAG,DNAJC2,1383,83,130
DNAJC2_TTCTGATAATGAGGCAGAGC,DNAJC2,560,98,128
DNAJC2_ATAGTCGTGATGAGAGGAGA,DNAJC2,477,31,2
DNAJC2_CCAGACAAACGGAAAGCAGC,DNAJC2,587,363,238
DNAJC2_AAGTTGAACCTGTGGGAAGA,DNAJC2,770,38,1
DNAJC2_ACTTACCAGAGGTCAGAGCG,DNAJC2,1486,28,22
DNAJC21_ATCGGAAGCTGGCCCTGAAA,DNAJC21,952,100,67
DNAJC21_AGAGAGGCCCTACTTAAAGG,DNAJC21,1421,35,104
DNAJC21_GCCAATAAGCGTAGAAAGGA,DNAJC21,1084,76,74
DNAJC21_GATGGAGGCACGGTACGAGA,DNAJC21,730,51,60
DNAJC21_ACCATTGTTTGTGGTTCAGC,DNAJC21,735,470,118
DNAJC21_TTTGACCATCTAAAGGCCAC,DNAJC21,260,91,114
DNAJC22_TCCACCACCTGTACCTGGGA,DNAJC22,579,246,92
DNAJC22_AAAGCGAATGGGACTCAGAG,DNAJC22,1559,417,295
DNAJC22_TTCTGCCACATAGCTGAGGG,DNAJC22,1025,431,521
DNAJC22_ACTCCATGAGGCGGCCAAGA,DNAJC22,553,167,141
DNAJC22_ATGAAGTCCTGAGTCAACCC,DNAJC22,810,137,403
DNAJC25_CGTAGGCGGTTGCCACCAGC,DNAJC25,241,89,58
DNAJC25_TCCTCCTGCATATGCCCAAG,DNAJC25,530,231,168
DNAJC25_ATGCCCAAGAGGATTGGGAG,DNAJC25,1504,890,163
DNAJC25_TCCACAAATGTTAACCGCCC,DNAJC25,692,49,209
DNAJC27_CGTCTTTGGGCTGAAAGCAA,DNAJC27,692,380,387
DNAJC27_GCTTGGACCTCATGGAAACA,DNAJC27,1056,925,801
DNAJC27_CTCCATGGGCAACGCCGAAG,DNAJC27,1418,465,221
DNAJC27_GGCCAACATGCCGAAGCGGA,DNAJC27,147,120,147
DNAJC28_AGACTGCTGAACGTGGAGGA,DNAJC28,1603,508,671
DNAJC3_CACTCGCGAGCCCTCGGACA,DNAJC3,851,527,678
DNAJC3_CTTCGTACTGCAGATCCACC,DNAJC3,1436,130,121
DNAJC3_AGAAGCTGGAACTCATGGCA,DNAJC3,390,339,535
DNAJC3_GAAGCTGGAACTCATGGCAA,DNAJC3,1434,192,89
DNAJC30_TGTCTCGGGTATCCTCCCAG,DNAJC30,680,234,308
DNAJC30_ATACTCCTGCCGTTTGCGAA,DNAJC30,208,143,28
DNAJC30_GCGATCATACTTGCGACGGA,DNAJC30,366,72,21
DNAJC30_TGCCCAGCACCACGTAGGCC,DNAJC30,316,243,44
DNAJC30_CGACTGCTCGTATTCGCGCA,DNAJC30,501,488,507
DNAJC4_AGGGTTACCTGAGACAAACC,DNAJC4,802,264,275
DNAJC4_ATCCTCAGCAGGGAAGGCGA,DNAJC4,67,50,113
DNAJC4_TGTGCAGGCTTGGGTTCCCA,DNAJC4,1280,43,21
DNAJC4_TTTCACAGCGTGAGGCCACA,DNAJC4,356,378,251
DNAJC4_TGCCCGCCAGCATGAGGAGG,DNAJC4,1202,98,135
DNAJC4_CTACAACGAAGCCCGGGCAC,DNAJC4,931,359,117
DNAJC5_TCTTGTCCAACCCAAGGACG,DNAJC5,588,75,1
DNAJC5_GGCGCCTGAAGGCGAGGAGA,DNAJC5,391,25,0
DNAJC5_AACCTGTCTTGTCAAACAGG,DNAJC5,83,17,78
DNAJC5_ACCTGTCTTGTCAAACAGGA,DNAJC5,205,133,137
DNAJC5_CACGCCGATCGTCATACAGC,DNAJC5,1100,505,227
DNAJC5_GGTGGGAGTCGGCTGTGAGC,DNAJC5,543,17,105
DNAJC5B_CAGCGGACTCTGTCAACAAC,DNAJC5B,1470,728,724
DNAJC5B_AGAGGCCAACGATGACAAAC,DNAJC5B,1217,284,644
DNAJC5B_CGAGTCATCAGTGCCAGAAG,DNAJC5B,2418,801,858
DNAJC5G_GCAGTGCTGGATCTTAAGAA,DNAJC5G,980,349,318
DNAJC5G_CTTGTCGGGATGATACCGCA,DNAJC5G,717,205,103
DNAJC5G_TACTGAGCGACTCTAAGAAG,DNAJC5G,636,347,390
DNAJC5G_AACAAGTGAGCAGAGTACAC,DNAJC5G,608,421,166
DNAJC5G_ACTTAAACCACCACCTGAGC,DNAJC5G,1006,177,155
DNAJC6_CTTAAGTGCGGGAAGCGGCG,DNAJC6,1701,301,149
DNAJC6_GAGTGATACAATCTGTGACC,DNAJC6,273,281,63
DNAJC6_CCTATGTCAACATTGTCCAG,DNAJC6,904,92,153
DNAJC6_ATGCAGTTGGCCCATTAGGC,DNAJC6,1352,302,42
DNAJC6_TTGCTATATGCAAAGCGACC,DNAJC6,459,138,471
DNAJC6_TGAGGTCAACCATTGGGAGC,DNAJC6,1701,292,171
DNAJC7_CCTTCAAAGCTGAAGCCGCC,DNAJC7,613,29,89
DNAJC7_TGGACAGGACCTAGATGAGG,DNAJC7,1347,387,495
DNAJC7_GATGGCTCCTGACCACGAGA,DNAJC7,260,16,55
DNAJC7_GAAGCTGCGACATGCTGCCA,DNAJC7,93,51,144
DNAJC7_AGATGTCAAAGGCGTGGGAC,DNAJC7,1217,281,177
DNAJC7_TCGACGACCAAGAGGCGAAG,DNAJC7,1226,167,154
DNAJC8_TCCTCCTAGGAAACGACAAA,DNAJC8,238,103,110
DNAJC8_TTCCTCCTAGGAAACGACAA,DNAJC8,508,88,83
DNAJC9_GCATACCTGGAAGCGGCGGG,DNAJC9,625,0,0
DNAJC9_TGCCGAACACTTCCTCGCAA,DNAJC9,792,1,10
DNAL1_GACAGTAGCAACCGCCGGAA,DNAL1,1247,103,122
DNAL1_TCAAAGAAGCCTTAGCGAGA,DNAL1,2559,487,605
DNAL1_GCAATTAGCAAGCATGGACA,DNAL1,772,315,337
DNAL1_TGTAGCTGAGTTTGTGAAGC,DNAL1,2362,423,481
DNAL1_ACTGCCATGCCTCGAAGACC,DNAL1,335,97,21
DNAL4_TGGGTTTGAGATCACCCACG,DNAL4,20,165,53
DNAL4_CTGGCACGTGGTGATCGGCG,DNAL4,674,292,316
DNAL4_GCCGATCACCACGTGCCAGG,DNAL4,208,76,58
DNAL4_GGAGATGCGCGTGGAGACCA,DNAL4,1143,279,267
DNAL4_CATGCCAGAGGAGATGCGCG,DNAL4,60,205,130
DNAL4_GGATCATGGGAGAAACAGAA,DNAL4,566,170,187
DNALI1_TGCGGGCGGAATCATGGCGG,DNALI1,2200,440,362
DNALI1_TTGAGCAAAGAGTCTGCGGG,DNALI1,512,638,322
DNALI1_CTTTGTAGGATCTGGGACAC,DNALI1,1408,331,455
DNALI1_CACGCAGCTATGGATCCAGC,DNALI1,418,83,113
DNALI1_CACCATCAACTGTGCGGAGA,DNALI1,752,253,435
DNALI1_GACCCTGTACGAGAGCAGCG,DNALI1,1962,568,282
DNASE1_CACAATGTAGCTGACGAGGG,DNASE1,930,167,397
DNASE1_GAGCCGCTATGACATCGCCC,DNASE1,371,0,0
DNASE1_CTACGTGGTCAGTGAGCCAC,DNASE1,571,115,63
DNASE1_AGCTGTCCACCGCAGACACC,DNASE1,1062,111,114
DNASE1_CGGATGGATGACCACTGGGA,DNASE1,1131,36,63
DNASE1_CGAGCAACACGTGCCGAGCA,DNASE1,851,494,408
DNASE1L1_CTTCCAGCTCACCGAGGAGG,DNASE1L1,425,175,394
DNASE1L1_CCTTAGGAGTGGTGTGCAGC,DNASE1L1,58,216,170
DNASE1L1_CAGCGGGACCAACACCAGGC,DNASE1L1,1226,362,57
DNASE1L1_ACCGATTGAGTTCTCGAAGC,DNASE1L1,684,360,602
DNASE1L1_CAATGCCCAGCGGCTGACAC,DNASE1L1,916,307,317
DNASE1L1_TCTGCGCCTTCAATGCCCAG,DNASE1L1,716,314,242
DNASE1L2_CGCGATGATGCTGCCGCAAG,DNASE1L2,2092,374,687
DNASE1L2_CGCTCATGGAGCAGATCAAC,DNASE1L2,1214,619,668
DNASE1L2_TTGTACTGGTCCCGGCCCAG,DNASE1L2,304,176,202
DNASE1L2_GGTGCTGATCCCGCTGCACG,DNASE1L2,284,33,52
DNASE1L2_CCCTGACAGCGCCGACACCA,DNASE1L2,2201,1047,972
DNASE1L2_AACTTGAGGGTCACCTCCAC,DNASE1L2,452,333,351
DNASE1L3_AGCTTACAAGCTGACTGAAG,DNASE1L3,1223,505,493
DNASE1L3_CCCGATCAGCCAAACAAACC,DNASE1L3,3234,1030,1308
DNASE1L3_CGTGAAACACCGCTGGAAGG,DNASE1L3,2087,466,810
DNASE1L3_ACACGGACGTGAAACACCGC,DNASE1L3,831,210,183
DNASE1L3_CACTACCATGACTATCAGGA,DNASE1L3,1011,291,530
DNASE2_GGTGACATGAATCGGAACCA,DNASE2,315,1,44
DNASE2_TCCAGGGTTCTTGGCTAACG,DNASE2,3472,492,796
DNASE2_ATCTTCGAGAACTGAGCGAA,DNASE2,548,221,355
DNASE2_TTCCATGCGTGGGCACACGA,DNASE2,790,535,631
DNASE2_CAGCTTGTAGACCACGAACC,DNASE2,1958,432,704
DNASE2_ACTCCGGGCAGCCTGTAGAC,DNASE2,1288,641,465
DNASE2B_TTTCCTCCAATTCCGGAAGA,DNASE2B,943,273,219
DNASE2B_GCTATGATTATCCACCCACA,DNASE2B,584,45,59
DNASE2B_CCACCCACAGGGAGACGAAA,DNASE2B,1551,608,706
DNASE2B_GGGAGACGAAATGGACAAAG,DNASE2B,359,172,226
DNASE2B_CACCACACTTCAGTCGGCCC,DNASE2B,848,33,99
DNASE2B_ACCACACTTCAGTCGGCCCA,DNASE2B,140,15,12
DND1_GCTGGAACAGCGGGATAAGC,DND1,426,89,52
DNER_CGGCACGTGCCATGAGCACA,DNER,1936,550,422
DNER_AAGAATACGATGCTTGCCAG,DNER,584,64,185
DNER_GACTTGGAGTGTTCAGGAAA,DNER,1243,528,477
DNER_AGGCGAGCATCTCCTCCAGG,DNER,853,188,275
DNER_GCACTTCAAAGGATACCAGG,DNER,836,65,242
DNER_TGAAGGTCCCAACTGTGAAC,DNER,978,175,158
DNHD1_TGCTCAGGTGGCCCTAGAAG,DNHD1,2321,623,645
DNHD1_GCTTGACTATGAAGTTCCCA,DNHD1,162,24,70
DNHD1_ATCGTCTCGCTACCTTCCAC,DNHD1,225,67,29
DNHD1_CTGCACATCCATTCTTCGAC,DNHD1,1926,1154,467
DNHD1_AATCATGTAGTCAACCAGGC,DNHD1,461,184,273
DNHD1_AGAATACAGGGAATCCGAGG,DNHD1,749,55,30
DNLZ_ATCCACTGCAGCTCCGGAAG,DNLZ,1506,461,233
DNLZ_GAAGAGATCCTGACGGCCAG,DNLZ,570,162,131
DNLZ_GATATGGTGGTTCTGGCAGC,DNLZ,415,8,1
DNLZ_GCTGGCCTATCACCAAGGCG,DNLZ,504,0,9
DNLZ_CGGCGCTCAAGCTCCGAGCA,DNLZ,1230,90,11
DNLZ_TGCTGAGTCGCGTGCAGCCC,DNLZ,837,355,806
DNM1_CTCTGCCATCGGCCAGAACG,DNM1,559,144,175
DNM1_CACCGTGCGGCGAGTAGACG,DNM1,3249,806,835
DNM1_CGGAATGACCAAGGTCCCGG,DNM1,708,0,65
DNM1_GGCCTGCTTACCTCTGCGCA,DNM1,563,341,253
DNM1_TCAGCCAAGTGGCGATAAGA,DNM1,1030,441,558
DNM1_GCTACTGTCCATTGAGAAGG,DNM1,1343,17,104
DNM1L_CTACGACGATTTGAGGCAGC,DNM1L,592,206,296
DNM1L_GAGGTACTGGAATTGTCACC,DNM1L,392,4,0
DNM1L_TATTAGCAGCAGTGACAGCG,DNM1L,734,210,564
DNM1L_ACAGCTAGGGTTCTGCGACC,DNM1L,459,18,71
DNM1L_AAATAGCTACGGTGAACCCG,DNM1L,1772,269,341
DNM1L_TCATTGCCTTTCAGATGCGG,DNM1L,582,299,72
DNM2_CCTGCAGTTTGTTGACCAGC,DNM2,769,50,22
DNM2_GCGGTTCAGGAATCGTCACC,DNM2,8,0,0
DNM2_AGACTTTGATGAAGTCCGGC,DNM2,1,25,8
DNM2_GATCCTGCAGTTCATCAGCC,DNM2,121,0,38
DNM2_AAGTTGCTCCCGTTGAGAAG,DNM2,1946,73,99
DNM2_GAAGGACATCCGTGCAGCAC,DNM2,104,23,5
DNM3_TCCTGCAGACGGTTCACCAG,DNM3,107,44,44
DNM3_GGACCTTATGGATGAAGGAA,DNM3,578,97,182
DNM3_CAGCGATATGTCTGTAAGCC,DNM3,960,510,550
DNM3_GATACCCTGGAACTCTCAGG,DNM3,377,105,103
DNM3_AGGGTTGTTTACTCCAGACA,DNM3,1080,330,234
DNM3_AACCACATTCGTGAGCGAGA,DNM3,862,224,234
DNMBP_CCTGGTGCACAAAGTCACAG,DNMBP,1292,451,560
DNMBP_ATATAAACGGCGAAAGGACC,DNMBP,0,13,20
DNMBP_GCAGGAGCCTATACAACGAA,DNMBP,830,103,146
DNMBP_TCCCGGTGACCAAGAAACAC,DNMBP,1602,471,515
DNMBP_GGGCCACCAGTGATGAAGAC,DNMBP,750,538,581
DNMBP_CTCTGAAGTCAGATGACCGA,DNMBP,536,219,217
DNMT1_TGGGCAGCACCCACCAGACG,DNMT1,1496,41,108
DNMT1_CCTGCAGAGCTGCCAAACGG,DNMT1,3428,169,115
DNMT1_ATCAGGAACGCGCACTGAAA,DNMT1,859,413,616
DNMT1_CCTGAGGTTTCCGTTTGGCA,DNMT1,1414,22,51
DNMT1_CCCAGGAGGAGCAAGTCCGA,DNMT1,658,24,77
DNMT1_TGCCCGACGATGTCCGCAGG,DNMT1,724,116,72
DNMT3A_TCAGTGGGCTGCTGCACAGC,DNMT3A,2267,577,606
DNMT3A_TGTGAGAAGGAATGGGCGCG,DNMT3A,1152,184,163
DNMT3A_CGAGGCTCACCTTCCAGGCG,DNMT3A,1472,322,395
DNMT3A_GCGGGTGAGTCCTCAGCACC,DNMT3A,210,0,1
DNMT3A_TGGCGCTCCTCCTTGCCACG,DNMT3A,1,34,35
DNMT3A_ATGCCCGCCATGCCCTCCAG,DNMT3A,1491,161,315
DNMT3B_TTCGGGACAGCCTGTCCACA,DNMT3B,1186,205,164
DNMT3B_GATCGAGTCTTCCCTCCCGC,DNMT3B,986,222,150
DNMT3B_CAAGCTCGCGACTCTCCAAG,DNMT3B,884,168,227
DNMT3B_ACTTGACAGGCGATGGCGAC,DNMT3B,438,123,83
DNMT3B_GGTAGCCGGGAACTCCACGG,DNMT3B,43,61,73
DNMT3B_CAGCATCGGCAGGAACGCCA,DNMT3B,583,142,197
DNMT3L_GGACAATCTGGTGCTGAACA,DNMT3L,734,285,491
DNMT3L_CGGTCACAGGTGTGGCCCAG,DNMT3L,488,100,189
DNMT3L_ACGGTTTCGAACATCTCAAG,DNMT3L,1225,398,231
DNMT3L_CTTCGAGTGTGTGGATAGCC,DNMT3L,1258,371,291
DNMT3L_CGTCATCGTCGTACAGGAAG,DNMT3L,1984,1202,1153
DNMT3L_AGCTCCGTTTCACCCGGGAC,DNMT3L,1216,656,421
DNPEP_TGGACGCGTCATTGTCAAGG,DNPEP,1753,575,605
DNPEP_GGCCAGTACGTTCCTGGCAA,DNPEP,2018,86,521
DNPEP_GAATATTAAGCCCGAGAGCA,DNPEP,648,249,175
DNPEP_AACTCCTCAAGTTCGTGAAC,DNPEP,436,170,114
DNPEP_CTTGAATTTCGATCCCAGAC,DNPEP,1109,426,507
DNPEP_GATGGAGAGGCTCCGAGCCA,DNPEP,70,0,28
DNPH1_CCTCGAAGTATCGATCCAGC,DNPH1,326,68,5
DNPH1_ACTGCGGGCGGAACAGGCAC,DNPH1,1641,778,160
DNPH1_GATCCGCTTGTTAAAGGCCA,DNPH1,402,99,49
DNPH1_TGACAGGCTCATCCATGAGC,DNPH1,975,142,124
DNPH1_CTCCCGCAGAAGTACAGGGC,DNPH1,1470,109,423
DNPH1_TCCCGCAGAAGTACAGGGCC,DNPH1,866,164,164
DNTT_CATGAGGAACGCTCTGCGGG,DNTT,104,79,8
DNTT_CCATGACACTTACAACAAGC,DNTT,1034,844,754
DNTT_CAATTGGTGGAGTCTTCGGG,DNTT,693,1,149
DNTT_GACGGCCTCTGCTTCTGCCC,DNTT,58,0,75
DNTT_ATCCTCTGTTGATCCTGGGC,DNTT,621,0,49
DNTT_CAAATTGCCTCGTCAAAGAG,DNTT,516,369,629
DNTTIP1_CATAATGATAAAGCACCGGC,DNTTIP1,206,23,61
DNTTIP1_GACACATCCTGTCAAGCGAC,DNTTIP1,173,210,156
DNTTIP1_TGTGAACCAATTCGCCGGGA,DNTTIP1,406,59,206
DNTTIP1_GGCTCGAGATCCCAACACAA,DNTTIP1,671,657,789
DNTTIP1_CAGCATCACATGCGGGCAAC,DNTTIP1,1652,445,409
DNTTIP1_GGCCTACCTCCTCATCGAGG,DNTTIP1,7,2,2
DNTTIP2_CGTGAATGGTAGAAATCAGC,DNTTIP2,774,50,53
DNTTIP2_CACTATATGGTGGAACACAG,DNTTIP2,942,209,16
DNTTIP2_ACTGCTTGATACTCAGACCA,DNTTIP2,687,64,24
DNTTIP2_GGGACTGAACCATCTACGGA,DNTTIP2,694,85,106
DNTTIP2_CTACAGGCTCACTACCAAAG,DNTTIP2,3728,150,35
DNTTIP2_CCCGGAACTTTCAGCCGACG,DNTTIP2,904,185,347
DOC2A_CTGCGCCCATCTGGCTGCCA,DOC2A,1008,285,87
DOC2A_CGCCGCTGACATGGAAGAGG,DOC2A,1381,508,172
DOC2A_CGAAGGCTTGAGGCGGCGGA,DOC2A,647,164,271
DOC2A_ATGAGGACCTGACTTACAGC,DOC2A,976,113,1
DOC2A_AGGAGGCCCGGTCGTAGAGA,DOC2A,1,14,204
DOC2A_CACGCCTGAGGATGGTGCGG,DOC2A,19,139,83
DOC2B_TAGGATCTCTGTGTGTGACG,DOC2B,1132,92,135
DOC2B_TCCTCTGTCCGCAGCTGCCC,DOC2B,306,0,35
DOC2B_AGCCGTAGGCTCCGAAGAGC,DOC2B,252,107,93
DOC2B_CTGCCTGCATGACCCTCCGG,DOC2B,157,21,12
DOC2B_ACCGCACGATGCCTACCAGC,DOC2B,1317,219,177
DOC2B_GACAAGTCCCTGGAGGAGCG,DOC2B,219,218,220
DOCK1_GCGCGAGGAGAAGTACGGCG,DOCK1,1207,53,264
DOCK1_TAACTATGATGCCAGAGGAG,DOCK1,510,262,148
DOCK1_CACGTAGAGCTGCCTCCAGA,DOCK1,95,0,105
DOCK1_CTGATGAATTTGGACTCCAC,DOCK1,1374,354,155
DOCK1_GGGTGCACTTACAGTAAACA,DOCK1,699,326,176
DOCK1_AGCTGAGGGACAACAACACC,DOCK1,1727,211,383
DOCK10_TCAAGGGACTTCCAGAGGAA,DOCK10,1037,175,100
DOCK10_AACTTGTGAATGCACGCCAG,DOCK10,1697,57,164
DOCK10_TCCCACTCGTCTTCCAAGGG,DOCK10,2979,315,675
DOCK10_GAGACATTCGACAGCTACCC,DOCK10,140,9,50
DOCK10_ACCTGAAGATGCAGAGCACA,DOCK10,1341,150,129
DOCK10_CCGCCTGCCCAGGTCTCAAC,DOCK10,1008,552,381
DOCK11_ACCAAACGGCTCAGCAAGCC,DOCK11,104,8,136
DOCK11_GGGACTTTCGAATGTTGCCA,DOCK11,138,142,55
DOCK11_GCCAGTGACGGTAGCCCAAA,DOCK11,1918,521,460
DOCK11_AAACCTGGCAGCCCAAGCGA,DOCK11,1267,410,474
DOCK11_CTGTTCACAGCAATGTAACG,DOCK11,1842,794,863
DOCK11_CCGCATACCGAATAGTCACA,DOCK11,2144,421,446
DOCK2_CTTGTCAGCTTTGCGCCAGG,DOCK2,1057,317,172
DOCK2_CGCCGATCTGCAGGGAGAGC,DOCK2,1712,518,388
DOCK2_TGACAACGACACTTTGGGAA,DOCK2,2074,623,452
DOCK2_TCTCTCAGGAACCTTACCCA,DOCK2,507,78,94
DOCK2_CAATCTCCTTAGGGAAGCCC,DOCK2,270,70,136
DOCK2_GGTGCAAAGAAGTGCACGCA,DOCK2,165,176,59
DOCK3_ACATCACCGTGCGCCTGGAC,DOCK3,2065,330,615
DOCK3_CTTTACTAGACATTTGGGCC,DOCK3,970,426,785
DOCK3_TGAACAAGAATGGTGGGCCG,DOCK3,1372,463,470
DOCK3_CAGTACCTATTCGGATCACA,DOCK3,987,168,262
DOCK3_TATCTCACCATGGCTGGCGC,DOCK3,346,234,61
DOCK3_GCAGCTTCTTCGTGGAGACA,DOCK3,1815,885,992
DOCK4_TGAACAGGTCGAATGGGAGC,DOCK4,1128,144,362
DOCK4_AGATCCACTCACCACAAAGA,DOCK4,1678,335,312
DOCK4_CATGTGTTCCAACCTGGGAG,DOCK4,1382,420,388
DOCK4_CGTACTCTTTCCTAGGCACC,DOCK4,539,310,527
DOCK4_ATGAAATCCTGGACCTGAGG,DOCK4,72,110,348
DOCK4_CAATGACAGGCCATATGGAA,DOCK4,1241,378,414
DOCK5_GCCTCTTGGTCGGGATCCAG,DOCK5,218,104,95
DOCK5_CACATCCTGGAGATGTACGA,DOCK5,734,89,87
DOCK5_ACGTGAGCTCCTGCACCAGG,DOCK5,461,77,155
DOCK5_TGTACGTCATCTGCTGCAGC,DOCK5,780,109,111
DOCK5_CCCATGAGGTGGCCTCCAAA,DOCK5,1178,755,560
DOCK5_GGATGGTACTGAAGATGGAC,DOCK5,359,109,45
DOCK6_CGGGACTCTGACTCGGAGGG,DOCK6,1862,526,606
DOCK6_CTTTGTCCAAAGTGCTCGCG,DOCK6,915,202,523
DOCK6_GCCCTCTCTGCTAGAGCGGG,DOCK6,44,9,229
DOCK6_CACACAGCGGGAGCGACAGA,DOCK6,524,35,41
DOCK6_AATGCCGGACCACGGAGCCC,DOCK6,686,17,193
DOCK6_TCCCTATCTTTCCAGGACGG,DOCK6,2,8,13
DOCK7_AGTCGCCGTAAGACAGAAGA,DOCK7,271,122,255
DOCK7_AAGGGTCTTGGTCAGAGAGG,DOCK7,95,10,5
DOCK7_TGGATTGCAGTCCAAGCAAA,DOCK7,703,112,99
DOCK7_GCCAGGGTAGTAATGGCAGC,DOCK7,377,11,32
DOCK7_ACAAGAGTTCTGCAGTCCCG,DOCK7,614,80,35
DOCK7_CCTGCTGATCTTCTGGGCGA,DOCK7,1183,77,134
DOCK8_TCTGTCGATGGTACTGGCCA,DOCK8,589,168,206
DOCK8_TTTGCAGCCCTCTTTGCCGG,DOCK8,860,665,434
DOCK8_CTACCTCATTAGGGTTGAAC,DOCK8,1529,336,792
DOCK8_AGCAGAACGAGGAGGCCCGG,DOCK8,383,154,233
DOCK8_AGAATGTCCCAAGGAACACC,DOCK8,288,103,192
DOCK8_AGAGGGCAATGCTGGCAAAC,DOCK8,880,345,346
DOCK9_CGAAATGGCGACTCTCACGA,DOCK9,3754,414,505
DOCK9_CACCTGATTCAACTTGGCGA,DOCK9,2736,252,202
DOCK9_TGTCTATGAAGTTGACGAGG,DOCK9,257,72,11
DOCK9_GACGGCCATCCTGAGACGAC,DOCK9,160,111,127
DOCK9_GGATGCAGCTCAGGGCGAAG,DOCK9,1476,131,83
DOCK9_CTTCCGAGTCTCCGCCGAGG,DOCK9,972,325,440
DOHH_CGGGCCTTCCAGTACGCGGA,DOHH,324,76,116
DOHH_AGCCGACCTCGTGGCGGAAG,DOHH,1086,98,115
DOHH_CGCGTTGCGCAGGGCGAACA,DOHH,274,195,186
DOHH_ACGTCACGCTCCTCAGCCGG,DOHH,868,40,332
DOHH_GCCTGGTTACCTCGATGACG,DOHH,353,56,26
DOHH_GGCCAGCTCGTGCTTGAGCA,DOHH,1784,245,159
DOK1_TGGACGGAGCAGTGATGGAA,DOK1,1426,213,264
DOK1_GCCGCAGCTCCTCACCGGAA,DOK1,1349,294,558
DOK1_TTCACCTTCCAGACGGCACA,DOK1,1666,409,279
DOK1_CAGAGCTGACTCCCATGAAG,DOK1,1452,423,481
DOK1_AAGGGCATGGAGCAATGCGC,DOK1,225,80,122
DOK2_CGGGCTGTCATAGAGGGACA,DOK2,1191,376,318
DOK2_ATACGATGAGCCCGAGGGAG,DOK2,336,36,136
DOK2_TGTAGGGCCAGTCGTACAGC,DOK2,1282,346,165
DOK2_TCGGTGTGAGGCTGCCCGGA,DOK2,505,115,251
DOK2_CCACGCCTCTGGCACAGAAA,DOK2,1506,565,636
DOK2_GCAGCAGCAGACGTTTGGAA,DOK2,1821,530,587
DOK3_GCTCCCGGAGAACAGGACCA,DOK3,650,0,0
DOK3_CCTCCGCTCACGACTCAGCA,DOK3,916,440,614
DOK3_GCGCAAGTTCGGCTCCGACA,DOK3,1190,334,341
DOK3_AGATGCCCAGTCTCCCAAGA,DOK3,668,251,325
DOK3_ACTGGCTGCTCAGCACCGCC,DOK3,315,67,43
DOK3_AGGCAGCCTTCTCACGCACC,DOK3,1400,312,444
DOK4_CAAGCGGGTCCTGCTGGAAA,DOK4,390,178,126
DOK4_CCACGAGACGAGCTTCACAC,DOK4,1620,206,458
DOK4_CCAGACTGATGTCGTTGAGG,DOK4,542,223,253
DOK4_CGTTGCTGATCTCAGTCACC,DOK4,315,177,484
DOK4_TTCCGGAAATCCTCCAGCAA,DOK4,2312,307,438
DOK4_GCTACGTGAAGATGAAGAGC,DOK4,568,155,78
DOK5_ATCACGTCCATACCGCCGCA,DOK5,524,235,165
DOK5_TATCACGTCCATACCGCCGC,DOK5,217,116,61
DOK5_TATCTTTCAGACCCGAGACG,DOK5,661,167,42
DOK5_CACCATGGTGCTCAGCGAGG,DOK5,2009,92,284
DOK5_CCTACTGGCAGCACATCACA,DOK5,1159,330,234
DOK5_ATCACACGGCAGCACAGCAC,DOK5,1635,267,428
DOK6_TCTGGCCGCAGGAGTGCAGC,DOK6,935,6,25
DOK6_CCACAATGCCAAGGTCAAAC,DOK6,2640,1926,1869
DOK6_GATACGGTCGGGACTCAACG,DOK6,819,112,290
DOK6_GAAGGTTCATTCTGCGACAC,DOK6,724,289,110
DOK6_TAGCTGCTGGACCGCGACAA,DOK6,2571,1001,837
DOK7_TGCCGTCCCGCAGCTTGACC,DOK7,1443,194,284
DOK7_ATCCGCTATGCGCTCGGCGA,DOK7,557,102,137
DOK7_AGCGGATTCATCTTTGAAGG,DOK7,1814,156,349
DOK7_CCACACGCACCTGGTAGAAC,DOK7,4121,1738,1669
DOK7_CTCCACAGTCGAGGGTCCCG,DOK7,2456,138,146
DOK7_AGTGCGGCCAGGGACTCAGG,DOK7,95,44,0
DOLK_AGCAATATCAGGAGGTAGAG,DOLK,1069,6,2
DOLK_TGTAGTGTATGCTTCCAGGA,DOLK,798,0,1
DOLK_AATACCAGCAGTGCCTCACC,DOLK,272,2,17
DOLK_CAAAGGCATGACCATGGAGG,DOLK,1435,0,2
DOLK_TGGGACCGGCTGCTACAGCA,DOLK,1125,2,53
DOLPP1_CCGGGTAAGATGGCAGCGGA,DOLPP1,1129,80,134
DOLPP1_TCACCGGCCGCCATGAAGCG,DOLPP1,1863,148,253
DOLPP1_CGGAGAAGAACCACATAAAC,DOLPP1,1544,1201,1689
DOLPP1_AGACTAGGAAGGCCACAGCG,DOLPP1,3784,517,540
DOLPP1_CGCCTGGTTCATCTTCACCC,DOLPP1,1741,161,123
DOLPP1_CAGGAACAGACAACGCAAGC,DOLPP1,941,410,905
DOM3Z_TGCATCTTGGTGTACAGACA,DOM3Z,1744,467,361
DOM3Z_GCTGGCTTCCGTAACCCAGA,DOM3Z,10,47,44
DOM3Z_GCTGCGTAGCACAGAGCAGA,DOM3Z,85,243,48
DOM3Z_TAGTGTTCCCTGGAACCGGG,DOM3Z,17,23,42
DOM3Z_AACACCGAGGCCGGTTGGAG,DOM3Z,210,240,230
DOM3Z_AGGGCGCCGGTAGAAAGGAA,DOM3Z,424,110,186
DONSON_CTAATCCTGCTGCTCGGAAC,DONSON,1380,4,9
DONSON_AGTGGTAGCCAAGACAAAGC,DONSON,685,12,27
DONSON_GGCTCTGCTGGAAGGTACAA,DONSON,1179,0,14
DONSON_CCAGGTAAAGGGTTGAGAAG,DONSON,1583,18,0
DONSON_TACAAGACACTCACCGGGAC,DONSON,496,269,277
DONSON_TAGTGCGGCTCCGACGGAAA,DONSON,328,72,115
DOPEY1_GCCTTCCGATGAACTCCACC,DOPEY1,1282,400,97
DOPEY1_ATGGCAGCATTTGCAAGAAG,DOPEY1,526,178,198
DOPEY1_CCCTTCATGTAGTGCTAAGG,DOPEY1,1465,490,725
DOPEY1_AGGATCATGCTCAGTTAAGC,DOPEY1,1223,364,237
DOPEY1_TGTGGGATTATGTTGCACGC,DOPEY1,1336,81,236
DOPEY1_CTGCTCAAAGATCCTTAGCA,DOPEY1,807,388,451
DOPEY2_TAAGATGGATCCAGAAGAGC,DOPEY2,539,187,47
DOPEY2_GGTACTCCTTGTTGCCAAGA,DOPEY2,309,14,115
DOPEY2_TCGGAGCCCTCTTCAAGGCC,DOPEY2,931,309,138
DOPEY2_ATGTACTTCTGCTCCCGGCC,DOPEY2,527,140,45
DOPEY2_ACGATGTCAGATCTGAGGAG,DOPEY2,238,41,94
DOPEY2_GAAGTTCATAGATGCTGACG,DOPEY2,151,120,44
DOT1L_ACGTAGACCGGCAGCGGCCA,DOT1L,847,150,484
DOT1L_CAGGCCGTGCACTCACCGGA,DOT1L,1515,349,266
DOT1L_CATCGACAGCATCCACCAGC,DOT1L,1221,84,116
DOT1L_ACCCTCCGTCCGCAGTGGAA,DOT1L,1018,243,205
DOT1L_CATCCCGGCCAAGTATGCGG,DOT1L,1339,76,0
DOT1L_TGGACCGCGAGTTCAGGAAG,DOT1L,3470,231,269
DPAGT1_GAGCTGATATCGAATGGAGA,DPAGT1,39,0,10
DPAGT1_TAAAGGTGCCCAAGAAAGAG,DPAGT1,1419,150,93
DPAGT1_CAAGATGCCCACCACGGCAA,DPAGT1,988,3,0
DPAGT1_GGAATTAACGGCCTAGAGGC,DPAGT1,632,29,26
DPAGT1_CAGGCCAAGTATCGGGCGGA,DPAGT1,429,0,71
DPAGT1_AGAGGCGCGCAGCAATGAAG,DPAGT1,359,4,7
DPCD_GAGCCAATGAGAGCGGACGA,DPCD,1148,99,170
DPCD_ATTCCCAGACGGCAAGGAAA,DPCD,867,196,147
DPCD_TTCAAGCTGCCACTGGCCCA,DPCD,887,44,133
DPCD_GGAGGTTTCGAATCCGCCAC,DPCD,241,26,20
DPCD_TGCACACCGCATGGCCAGAG,DPCD,2903,1218,1450
DPCD_GGCCGAGTCTGAGCTACAGA,DPCD,331,69,20
DPCR1_GGGATACTATAAACAAGGCC,DPCR1,2,43,82
DPCR1_GCTTGTCAGTTGGCTTAGAA,DPCR1,1014,537,247
DPCR1_AACTGTCGTAAGTCCACAAC,DPCR1,735,600,720
DPCR1_TCTATCACATCAGAAGCCAC,DPCR1,168,0,104
DPCR1_TTACCAAGAAGATCAGGCCA,DPCR1,750,415,210
DPEP1_CAGCCACCATCCGCTCCACA,DPEP1,1178,761,654
DPEP1_AACATATCCAGCAGCTGCCA,DPEP1,666,5,34
DPEP1_TCTTTGTTCTGGGTGTCGCA,DPEP1,444,84,121
DPEP1_GGCCACCTTCCCTTCCCGGA,DPEP1,119,134,1
DPEP1_GACAACTGGCTGGTGGACAC,DPEP1,844,165,111
DPEP1_CCTACAGCGTGTGCGCAAGC,DPEP1,321,335,181
DPEP2_CCGGGAACTTGTCCTCCAAG,DPEP2,2021,519,114
DPEP2_GAGCACTGTTGCACACACCC,DPEP2,1118,420,357
DPEP2_AGAGGCTATTGTCCAGCGAG,DPEP2,587,248,110
DPEP2_AACTTGCCTACCTTTAGCCG,DPEP2,811,547,280
DPEP2_GGCCGTAGCTGAAATTGCGC,DPEP2,1389,194,145
DPEP2_ATTACGCACCCGTCCACGAG,DPEP2,814,254,135
DPEP3_TATGGAAACTCAGCCTCCAC,DPEP3,162,0,8
DPEP3_GGTGGAAATTATGACGGGAC,DPEP3,30,34,0
DPEP3_AGTAGAGGAGTTGAACCGCC,DPEP3,291,54,14
DPEP3_TGTAACGCTGTCTCAGGACC,DPEP3,1131,279,130
DPEP3_GGACACCCGGCGTGGTGAAG,DPEP3,726,318,362
DPEP3_GCAGACGCCGCAGATACCGC,DPEP3,441,86,44
DPF1_TGATCGCCCACAGTCCGCAC,DPF1,1091,208,14
DPF1_TTATACCGTTTCCCACAGAC,DPF1,988,514,434
DPF1_CACAGTAGAGCCTCGAGGAC,DPF1,1818,290,229
DPF1_CCGTTTCTTCCTCCAACAGC,DPF1,959,354,179
DPF1_CCGGTCTGCGAGTCGAGGAA,DPF1,1483,272,396
DPF1_GAGCGGGTTCTGAATGGCGG,DPF1,1348,26,23
DPF2_GAAAGTCGTGGATCCTCAGG,DPF2,341,12,66
DPF2_GACCAACAGTCGAGCGCGAA,DPF2,981,430,468
DPF2_GGGCAGTGCCCGTAAGAAGC,DPF2,237,158,187
DPF2_CGCCCTCCTCCTCAGCCAAG,DPF2,2012,586,542
DPF2_TGAGCGGCCACAGTCAGAAC,DPF2,1281,638,736
DPF2_CACTGCCGCCATCATCACGG,DPF2,262,200,547
DPF3_AGCGGCCGCAGCACGTACCA,DPF3,620,219,121
DPF3_ACAGCCCAGAAAGGACCGGA,DPF3,425,105,34
DPF3_ACTCACCTGGCCAGCGAGGA,DPF3,865,275,191
DPF3_GAAGCCTTGCTCCGTGGCGA,DPF3,487,156,261
DPF3_TTCTTGCGCCAGCAGCGGGC,DPF3,323,30,88
DPF3_TTTACCAGGTGGCATCAGCC,DPF3,384,371,127
DPH1_TCCAGCACCCACCTCTGCCA,DPH1,695,150,92
DPH1_TGTAGTTGGAAGGCAGGACC,DPH1,1226,72,135
DPH1_CAATGGTACAGGCAAAGAGG,DPH1,609,67,71
DPH1_TGTGGATGACTTCACAGCGA,DPH1,2380,54,6
DPH1_CACCCGGAAGTCTTGGGCCG,DPH1,1027,264,615
DPH1_ATTCCTACAGGCAGCCGCCC,DPH1,510,44,37
DPH2_AGTAAGCAGTCCTGGCACCC,DPH2,620,30,46
DPH2_CACGACTGGAGGAGACGACA,DPH2,276,26,36
DPH2_AGAACGTTGACGAAGCACGA,DPH2,739,176,188
DPH2_CTGCCAGCAGCCCTACCACG,DPH2,2567,488,375
DPH2_TTCAGGCTCTCCCTTCCACG,DPH2,1579,138,188
DPH2_GAAGCTGTGAGTGGAAGACG,DPH2,390,100,234
DPH5_AGGAGGCAGCATACATCCAA,DPH5,969,29,53
DPH5_CTGGTCGTCGGCTCCAACCC,DPH5,2288,75,133
DPH5_AGAATACGAGGAGAAGAACC,DPH5,236,51,42
DPH5_TCTGCCTTGACTTACCCAAA,DPH5,754,417,380
DPH5_CTCAGTCCTAACTGTAGGGA,DPH5,976,164,114
DPM1_TAAAGGCTACGTCTTCCAGA,DPM1,174,20,19
DPM1_GCAGCCACACGATGAGCGGC,DPM1,263,156,29
DPM1_ACTACGACTGACTTCCAAGG,DPM1,683,140,335
DPM2_CTATGCTGTCGCCATCCCAC,DPM2,344,47,211
DPM2_ACATACCAAGAGAATCACCC,DPM2,696,130,107
DPM2_TCTTCACCTACTACACCGCC,DPM2,93,0,8
DPM2_TGATCAGGCTAACGGCGACG,DPM2,553,197,262
DPM3_GAGCCGACTTAGCCCGCAGG,DPM3,164,15,11
DPM3_CCGAGCCGACTTAGCCCGCA,DPM3,1796,373,404
DPM3_ACGATAGCCCACAGTGCCCA,DPM3,912,227,175
DPM3_GCCTACTTGCTGGTGTCCGC,DPM3,294,90,119
DPP10_CTTGATGTGATGGGACACGC,DPP10,1518,777,639
DPP10_CCGACTCTCACCTGGTCCGC,DPP10,990,280,517
DPP10_TGCGCAAGGTGGAGAGCCGC,DPP10,309,134,352
DPP10_CTTTGTGCTTCACGATCCAG,DPP10,673,368,296
DPP10_CCGTCTTGCAGTACGCGGCC,DPP10,760,257,106
DPP10_AGTAAACCGAGGGATAACCA,DPP10,518,41,22
DPP3_ACACGCCGATGTCATTGGGC,DPP3,10,64,89
DPP3_AAACACCCGCGGCATAGACC,DPP3,1010,237,233
DPP3_AAGGCTTCGACACCTCGGAC,DPP3,270,96,60
DPP3_GGAAGATGCCAAATTGGCCC,DPP3,730,64,162
DPP3_CCCTTTCCAGGTGACCCGGG,DPP3,509,243,72
DPP3_GATGATCTGAGGCAGACGGA,DPP3,254,0,46
DPP4_CTGCTGTTCCATGAATAAGG,DPP4,1414,501,574
DPP4_CCACCGGGATACAGGCGCCA,DPP4,1830,320,259
DPP4_TCATCTCCTAGTCACTCACC,DPP4,598,131,202
DPP4_TTTCTTTGCAGTGGCTCAGG,DPP4,173,112,98
DPP4_TGTACGGGTTCCATATCCAA,DPP4,750,161,113
DPP4_GGATTCCAAACAACACACAG,DPP4,1182,273,427
DPP6_CTGTAGCCCAGCTTGTCACC,DPP6,1561,302,190
DPP6_GGGCCCTAAAGGCCAACAGC,DPP6,31,50,145
DPP6_GCCATCCGTGTGGTCTCCAC,DPP6,318,92,120
DPP6_ATGGAGCTCCCAACTTACAC,DPP6,739,502,384
DPP6_CTCATCCGTGGATCATCAGG,DPP6,976,131,222
DPP6_GCACCAAGGTCGCCGTGACC,DPP6,210,189,245
DPP7_CAGCCTACGACACGGTCCGC,DPP7,338,7,184
DPP7_GGAACGCTTCCCGCACACCC,DPP7,374,230,81
DPP7_AGAACTGGTTGGAGTCGCCG,DPP7,891,207,238
DPP7_TTCCACCGAAGGCGATGGCG,DPP7,1294,129,545
DPP7_ACTGGTCTTCGCGGAGCACG,DPP7,1513,393,418
DPP7_CGAAGCGCTCGAAGTTGAAG,DPP7,1055,290,163
DPP8_CAGTTACGTAAATCCTGGAG,DPP8,835,52,79
DPP8_TGGGAAGTTCTTGGCCGGCA,DPP8,1297,151,178
DPP8_CTGGGAGCGATCTAGTAGGA,DPP8,1304,358,233
DPP8_TATGCCCTGCTGATCCAGAC,DPP8,473,193,529
DPP8_CCTTTCACATTAGGCAACAC,DPP8,1590,288,194
DPP8_CTACAACTTCGTACTCACCA,DPP8,3330,781,983
DPP9_GAACTCTTCCTGTATGACGA,DPP9,987,123,136
DPP9_CTGACCTTCTGCCACCAAGG,DPP9,2279,1034,809
DPP9_TGCCGCGACGGCGGCAAGAA,DPP9,177,63,34
DPP9_TCCCAAGAAGGTCCGGAAAG,DPP9,1710,385,467
DPP9_GCTGAGAGGATGGCCACCAC,DPP9,149,118,176
DPP9_GAAGGTTAAGAAACTGCGCC,DPP9,152,0,30
DPPA2_TTTCCTTTCCAGGCGTCAGG,DPPA2,80,43,119
DPPA4_ATATTGTCTTCAAGGTGCGG,DPPA4,688,130,274
DPPA4_CTTCATGTTGCGCTTACCAG,DPPA4,2829,245,376
DPPA4_CGAGAATTTCAGCCAGGGCG,DPPA4,510,403,666
DPPA4_CGGTGAATCAGATTAACAGG,DPPA4,1024,214,237
DPPA4_ACTTCTCTGTGGAGGTCCAC,DPPA4,200,23,83
DPPA5_CACGTAGACATATCCCGCCG,DPPA5,3593,466,159
DPRX_CCGATCGGCCTGGTGTACAC,DPRX,1524,867,325
DPT_GGCACATTATGAACTTCCAC,DPT,111,182,149
DPT_CCTCCCACAGGGATCGCCAG,DPT,1609,245,192
DPT_TACCAGACGTGCTCCAACAA,DPT,6067,1866,2067
DPT_TGGGTGAATTTGAACCGGCA,DPT,839,270,365
DPT_ATGGGTGGGTGAATTTGAAC,DPT,902,283,381
DPY19L1_TGCGGGTGCCATGCCCACGA,DPY19L1,1932,277,462
DPY19L1_TCACTCCCACAATGGAAGGG,DPY19L1,343,263,300
DPY19L3_TGTACCACTGAGTAGCCAGC,DPY19L3,418,115,166
DPY19L3_AGCATTAGTGCTGTTCACAC,DPY19L3,699,329,310
DPY19L3_TTTGGTTCTTGCAGGCGACA,DPY19L3,432,164,215
DPY19L3_CACACATGTGTGACGTCCAG,DPY19L3,688,205,114
DPY19L3_ATACAGTGGAGCTGATGAAC,DPY19L3,1804,187,276
DPY19L3_CCTGAGAGAGCGGACCAGAG,DPY19L3,1692,411,419
DPY19L4_CCTAGCCTTCGCAGAAACGA,DPY19L4,1352,345,160
DPY19L4_CTTCGCAGAAACGATGGCGG,DPY19L4,166,26,98
DPY19L4_CTTTGGCGCAGCTCTACAGG,DPY19L4,25,50,32
DPY19L4_CCACAGCTGAATGTGAAGAA,DPY19L4,1493,814,1288
DPYD_CAAGGCCTGACGCAGGACCA,DPYD,716,268,350
DPYD_TCACTACATCATACGGCAGC,DPYD,33,199,305
DPYD_ATTCCACAAGTCAGACCAAG,DPYD,431,88,134
DPYD_TGGACAGCTCTTCTGACACG,DPYD,347,57,141
DPYD_CACACGACTCTTGGTGAGCG,DPYD,907,293,197
DPYD_CCGAGTCCTTACTGAGCACA,DPYD,556,364,234
DPYS_ATAGGGTGCACGCTCCACAG,DPYS,1165,382,430
DPYS_TTCAGTGTCACGGCAGGAGA,DPYS,963,195,297
DPYS_GCAGCCAGTCTTGGCACAGA,DPYS,2097,266,211
DPYS_ATAGCGGATGCAAGGAGAGA,DPYS,433,144,117
DPYS_GATTTCGCCATTCCTCAGAA,DPYS,696,17,147
DPYS_TCCATCGACGACTTCCACCA,DPYS,1348,322,317
DPYSL2_GATCGTCTTCTGATCAAAGG,DPYSL2,351,242,305
DPYSL2_CATCGAGGCCCACTCCCGGA,DPYSL2,908,137,482
DPYSL2_TGTCGGCCCATTCCCTCCAC,DPYSL2,1060,120,77
DPYSL2_CTTTGAAAGCCATGTACACG,DPYSL2,984,297,528
DPYSL2_TGTGCTGAGCCGACCTGAGG,DPYSL2,1170,151,301
DPYSL2_GCAGTTGGTCTGGTTGGCGA,DPYSL2,454,369,646
DPYSL3_ACATCAACTCCTTGCTGGCC,DPYSL3,373,169,211
DPYSL3_ATGACCTTTGTGACGTAGAG,DPYSL3,1581,744,894
DPYSL3_CCTATGAGAAATGGAGAGAG,DPYSL3,1295,357,543
DPYSL3_GACCGTCTCCTTATCAAGGG,DPYSL3,397,163,101
DPYSL3_ACCGCCACCATGTCCTACCA,DPYSL3,2192,528,576
DPYSL3_AACCATGGCCTCGGGCCGGA,DPYSL3,570,14,17
DPYSL4_TCCCACCTCTGATCAGAAGG,DPYSL4,770,195,94
DPYSL4_ATCAAGACCATTGACGCCCA,DPYSL4,283,28,57
DPYSL4_ATGGCATGAGAGCATCAAGG,DPYSL4,1142,177,265
DPYSL4_TTACCTGGCTGTCGCTGCAC,DPYSL4,443,123,108
DPYSL4_CCAGGTGCACGCTGAGAACG,DPYSL4,3302,967,1556
DPYSL4_GCAGTTTGCCTGCTTGGCGA,DPYSL4,1530,214,306
DPYSL5_CTTGATGAGGATCCTCACGC,DPYSL5,458,313,148
DPYSL5_TCTCCTTGTCGGGCAGGACG,DPYSL5,844,106,324
DPYSL5_AATCGAGATCAGCCGTCCAG,DPYSL5,1442,6,118
DPYSL5_GGGACTTACCCTGTTTGCAA,DPYSL5,819,190,195
DPYSL5_AACGTGTCCAGTATCTCGGC,DPYSL5,286,121,158
DPYSL5_TACACTACTACCACCAGGAC,DPYSL5,1337,380,734
DQX1_AGGAGACAGATTGCAGAGCC,DQX1,696,174,136
DQX1_GCAAGACGATTGCGAGCAAG,DQX1,629,456,615
DQX1_GGACAAGGATTCACAGCACA,DQX1,1129,380,416
DQX1_CGGAGCTTAGGTTCAAGGGC,DQX1,232,235,217
DQX1_TGATGAGATGGACCTGACCC,DQX1,690,79,106
DQX1_TCATAGTAGCGGGAAGAGAA,DQX1,1448,249,246
DR1_GACTCTTCCTAATGTCCGGG,DR1,60,0,0
DR1_CTCGAGCATCGTTGGCCACC,DR1,1119,179,112
DR1_ACAAGCAGAATTGGCCCAAC,DR1,926,90,136
DR1_CAGAATTGGCCCAACAGGAA,DR1,824,374,390
DR1_TCCCGCCTGATTAGATGCAC,DR1,1138,99,151
DRAM1_CACCTGATATACGGGAGGAA,DRAM1,738,242,254
DRAM1_CCACTCACCTGATATACGGG,DRAM1,1486,212,288
DRAM1_ATTGGTGGGATGTTTCGGAA,DRAM1,1147,173,410
DRAM1_TGTGCCAGTGGTTCATGACG,DRAM1,1442,221,367
DRAM1_CTCGACATGCCACATACGGA,DRAM1,1283,285,309
DRAM1_TTTCCATAACCAAGCTGGAG,DRAM1,1080,336,390
DRAM2_TGATCACTACTGCAGCAGAA,DRAM2,987,671,967
DRAM2_TCCAGAAGACTTGTTTGCCA,DRAM2,1471,132,144
DRAM2_AACACTCCACCATATAGACC,DRAM2,355,102,1
DRAP1_AGAAGAAGAAGTACAACGCG,DRAP1,1145,282,191
DRAP1_GACGGACGAAGAGATTGGGA,DRAP1,11,0,0
DRAP1_TAGGAAGAGCTCGAGCGCCC,DRAP1,284,45,50
DRAP1_CAGGAAGCAGTGCATCGAGC,DRAP1,448,102,46
DRAP1_ATGGACTGTACCTTCCCAAA,DRAP1,788,204,369
DRAP1_CACCTCTGAAAGTGGGCAGA,DRAP1,125,103,70
DRAXIN_GACGAGGAACAGCATGGGAG,DRAXIN,964,238,564
DRAXIN_ACCGACCTCCAGGTTGGGAG,DRAXIN,234,10,46
DRAXIN_CTCCAGGTTGGGAGAGGACC,DRAXIN,1198,119,139
DRAXIN_GGAGGAATCCTCCACCAGCC,DRAXIN,389,78,96
DRAXIN_CCAAATTCCACCGGAACCGC,DRAXIN,1992,419,326
DRAXIN_CGCAGGGTTACACGGAGGAA,DRAXIN,4779,674,1190
DRC1_CTCCTGCCATGAATCCGCCG,DRC1,1701,550,781
DRC1_TCACAGGAGAGTCGAAGAAG,DRC1,2501,391,570
DRC1_ACTCATCAGCGAGTTACAGC,DRC1,1303,209,133
DRC1_TCTGGAGCGGATGGAAGAAC,DRC1,809,196,246
DRC1_ACTATGAGAAGCAGCTGAAC,DRC1,1724,174,146
DRC1_TGTAGTCCGAGGTTAGAGAC,DRC1,1172,206,472
DRD1_TCCGGTTGAGAACATTCGAC,DRD1,452,208,219
DRD1_GCCTGTCGAATGTTCTCAAC,DRD1,451,216,121
DRD1_ACTGTGACTCCAGCCTCAGC,DRD1,394,27,82
DRD1_AGTGCAGCTCAGCTGGCACA,DRD1,218,25,20
DRD1_GATGTTACAGAAGGACCCAA,DRD1,545,140,118
DRD2_TCCTGTACAGCGCCTTCACG,DRD2,2048,377,507
DRD2_CATTCTTCTCTGGTTTGGCG,DRD2,438,244,358
DRD2_CGAGTGCATCATTGCCAACC,DRD2,1628,587,773
DRD2_CTGCGTTATTGAGTCCGAAG,DRD2,755,578,403
DRD2_TAGGTGAGTGGAAATTCAGC,DRD2,282,47,117
DRD2_TGACCAGTGTGGCGACGAGG,DRD2,754,1333,547
DRD3_AGCTTTACAGTGCCACGACA,DRD3,2652,366,376
DRD3_GGACCAGGCTTCCAAGAAAG,DRD3,839,712,1186
DRD3_GACAAGGACAGTCACTCCAA,DRD3,113,55,62
DRD3_CGTTCACTACCAGCATGGCA,DRD3,2364,549,632
DRD3_ATGCCCGTTCACTACCAGCA,DRD3,1835,327,454
DRD3_GGCATAGTAGGCATGTGGGC,DRD3,1466,74,178
DRD4_AGACGAAGAGCGGCAGCACC,DRD4,101,167,79
DRD4_CATGAGGGCGTCGCACAGGC,DRD4,1120,130,400
DRD4_CCATGAGGGCGTCGCACAGG,DRD4,1446,476,384
DRD4_CCGCTGCGCTACAACCGGCA,DRD4,909,203,82
DRD4_CTGCGCTACAACCGGCAGGG,DRD4,270,56,73
DRD4_CTTCGTGGTGCACATCACGC,DRD4,1078,407,207
DRD5_CGTTGAAGGCATAGATGACG,DRD5,2222,668,187
DRG2_GAAGATCTCGGAGATCGAGA,DRG2,17,32,30
DRG2_ATCACTGACCTTACCCACAG,DRG2,796,131,223
DRG2_CCCAGGAATACACGTCAGAG,DRG2,1962,662,525
DRG2_ATCATTGAAGGCGCAGCCCA,DRG2,410,20,22
DRG2_GGTGATCGCTGTGGCGCGCA,DRG2,156,0,0
DRG2_CTCCTCTTTCAGCCCAAGAA,DRG2,1872,298,310
DRGX_CTCGCGGGCCTTCATGCGCA,DRGX,1537,942,975
DRGX_GGGACGCAGCAAGAGCACAG,DRGX,730,87,59
DRGX_GAACACGGCCACCTACGCCC,DRGX,589,134,308
DRGX_CCAAGCCCGGAGTAAGAAGG,DRGX,1213,561,638
DRGX_CGGCCTCGAGAGCTTCCAGC,DRGX,199,145,71
DRGX_GACGACGTTCACTCTTCAGC,DRGX,4,104,14
DROSHA_TTGTTGGTCATAGGACGACA,DROSHA,460,0,23
DROSHA_ACTCTGCAAATGCAGCGCAA,DROSHA,1284,47,32
DROSHA_TTGGTACAACGATCCAGGCC,DROSHA,272,45,68
DROSHA_TGAGTGCATCGAATCCACAC,DROSHA,1265,117,28
DROSHA_TCCTTTAAGAGAGCGAGAAC,DROSHA,683,236,220
DROSHA_CGAGATCACAGTCATGGGCG,DROSHA,1708,139,298
DRP2_ATCAGACTCTTACCTGAGGG,DRP2,328,135,122
DRP2_AGGCACCTGTTTCTTACCGG,DRP2,1028,276,133
DRP2_TCTCCTTCTCCTGTTGCACC,DRP2,425,294,293
DRP2_GGCTCCTCTAACTCCTCAAA,DRP2,132,305,242
DRP2_GCTTGCATACCTTAATAGCC,DRP2,97,95,266
DRP2_CGTTGATCTGTTCCAGGGCC,DRP2,566,631,798
DSC1_TTAGTTGGCCGATCTTGCAC,DSC1,1048,335,160
DSC1_GCAAGTTGGTGTCATTAACG,DSC1,2659,663,439
DSC1_GGCTATGCAACAACTGCAGA,DSC1,748,98,70
DSC1_AAGGGTTCTTTGTCCACGCC,DSC1,99,64,151
DSC1_ATTTCCACAACACGTTCAGC,DSC1,294,174,226
DSC1_TCCTTTGGTTGTTACTCACC,DSC1,39,95,26
DSC2_AGGTCAGGAGACCATCGAAA,DSC2,495,365,284
DSC2_TCCAGGCATCCTGTTTACGC,DSC2,3164,416,493
DSC2_GAGGAGTACAACTTGGAAAG,DSC2,636,393,235
DSC2_ACAGTCCTTGCATCAGACCA,DSC2,1311,846,566
DSC2_TAAGGCGCGCCAAGAGAAGA,DSC2,422,185,263
DSC2_CGCGGCTACACTCACCGCGA,DSC2,1238,180,309
DSC3_TACCCTGATGGGTAGTGGGA,DSC3,410,147,60
DSC3_GCTTATGCGTCAACTGCAGA,DSC3,658,137,232
DSC3_CTGTTCTCAGGCGTGCCAAG,DSC3,532,467,543
DSC3_ATCAGACAGCGCAACAGCCC,DSC3,1781,103,33
DSC3_GCGAGATCTGGCTTACCACG,DSC3,2251,966,454
DSC3_CGAGATCTGGCTTACCACGA,DSC3,3067,796,1113
DSCAM_ATACCAGTGCTTTGTGCGCA,DSCAM,516,279,579
DSCAM_ACATAGCTGCCTGAGTCCGA,DSCAM,870,53,98
DSCAM_ATCACGCGGCATCGATACAC,DSCAM,1399,309,263
DSCAM_TGTACGCCTCCACCGAGGAG,DSCAM,619,426,250
DSCAM_ATCGTAGATCTCCTCGCCCG,DSCAM,1104,376,906
DSCAM_ATTCGCGAAGCTCTGGAACA,DSCAM,1192,406,314
DSCAML1_TGGTGTACTGGTTGGTGCGG,DSCAML1,1444,480,674
DSCAML1_CCAGTGCTTCGCTACCCGCA,DSCAML1,1184,583,528
DSCAML1_CGGCCCACACTTCCTGGGAG,DSCAML1,2520,504,604
DSCAML1_CACCAAGCACAAGTATAGCG,DSCAML1,1564,663,757
DSCAML1_AAGGTCAATGCGTGGCAACG,DSCAML1,721,663,784
DSCAML1_CCCAACATCCGCGTCAAAGC,DSCAML1,3759,982,1168
DSCC1_TTTCTTGTAGGGTTTAGCGC,DSCC1,523,1,48
DSCC1_AACTCCGGACCAGTTGAAGA,DSCC1,1138,127,55
DSCC1_CGACTTCTGCCTGCTGGAGC,DSCC1,901,0,1
DSCC1_GAAGAGGACCCGCGACGAGG,DSCC1,644,10,0
DSCC1_GACCCGGCGCTGCGATGAAG,DSCC1,340,78,29
DSCR3_GGAGACCACCAACTTCAAAG,DSCR3,1552,209,132
DSCR3_GCAGCCACTAACGGGAGAGC,DSCR3,511,45,92
DSCR3_GGTGTAATCGTGAAGTCCAC,DSCR3,146,9,0
DSCR3_CACTGCGCTGTGACATGAAG,DSCR3,1584,927,747
DSCR3_CACCATAGAAATGGTGAAGC,DSCR3,346,75,197
DSCR3_TAAGGATTCAGTCCAACACC,DSCR3,490,29,29
DSCR4_GGGCTCCACAAGAAATCAGA,DSCR4,213,70,72
DSCR4_CTGATTTCTTGTGGAGCCCA,DSCR4,462,157,144
DSCR4_TTTCCACTCAGAACCAGAGA,DSCR4,601,181,354
DSCR4_TGGCAGGCTGAAACTCAGGC,DSCR4,844,261,317
DSE_CACGTAGGATCTTTCGAAGA,DSE,1656,841,628
DSE_TCTGTGACCTGACCCACCCA,DSE,2481,285,277
DSE_AGGATATGTCACTGAGGCAA,DSE,474,312,231
DSE_CTATAGATGGCCCTATGAAG,DSE,1463,587,726
DSE_TACGCCACATACCTGTGGAC,DSE,494,193,114
DSEL_TGCTTCCTGTATACTGGCCA,DSEL,183,413,481
DSEL_GAGGAGGTTGGTGATGCAGC,DSEL,0,23,22
DSEL_CCGACCTAAAGATGGACCGA,DSEL,1789,424,310
DSG1_CAATGGGCCAAGATTTAGAG,DSG1,1857,474,535
DSG1_TTTGAACCTGGACGAAACAC,DSG1,1044,235,414
DSG1_AGACTTTGTAGCTACTGACC,DSG1,940,157,126
DSG1_CCATCTGAACATTCGGGAAC,DSG1,1017,374,613
DSG1_CGGGCTCTGTTTCCTGAGGA,DSG1,542,676,609
DSG1_TGGTGGGTGTCCACTAACAA,DSG1,1063,492,556
DSG2_TCCCTCCCGAAGAGCCACGG,DSG2,1015,327,269
DSG2_GGTTACGCTTTGGATGCAAG,DSG2,847,63,104
DSG2_TAGAACACTGGAGGATAAGC,DSG2,612,48,174
DSG2_CTCTCTTACCTTGCATGGGC,DSG2,1104,65,109
DSG2_CATTGACAAACCACCTGGCA,DSG2,1482,196,261
DSG2_GCATGACTCCTATGTGGGCC,DSG2,467,108,28
DSG3_TCCAGGACTTACCACGAAGA,DSG3,1251,567,667
DSG3_CACCTACCGAATCTCTGGAG,DSG3,1576,195,188
DSG3_TGTCGGGCTCTAAATGCCCA,DSG3,613,101,42
DSG3_GACCAATTCTCTTGACCGAG,DSG3,853,241,236
DSG3_GAGATGTGGTATACTCCAGG,DSG3,426,80,61
DSG3_AGTCACAGGTCAACAGCAGA,DSG3,627,206,238
DSG4_CGCAGCCTGTCGAGAAGGAG,DSG4,1320,1003,826
DSG4_TTCACCATTAATCCTCGCAC,DSG4,2926,368,160
DSG4_TGCCGGGCTCTGAATTCACG,DSG4,977,233,288
DSG4_GATCTGAGCCTCTCACAACC,DSG4,489,77,6
DSG4_TGATGGAGAGTCAATGCAGA,DSG4,1208,256,304
DSG4_AATGTTGGTCTTGGACCAGC,DSG4,397,59,103
DSN1_CTGACACCTTCTGGAAGCAC,DSN1,1532,229,443
DSN1_CTTGCTTCACTACCAGCAGG,DSN1,329,13,402
DSN1_GCTCTTGCTTCACTACCAGC,DSN1,704,16,0
DSN1_CCCTTAGTGTCCCTTAGGAA,DSN1,4956,166,221
DSN1_ATTCACCAGGGCATCACAGG,DSN1,1693,124,153
DSN1_TTTCATACTTGCTCGCCGCC,DSN1,146,107,67
DSP_CGCTACGAGGTGACCAGCGG,DSP,3404,457,687
DSP_CAGTGTCCCTCGAGTCCGCA,DSP,1053,427,250
DSP_CGGCGACTATCGCTGGCAGC,DSP,315,129,343
DSP_CCACATGATCTCCCTGGACG,DSP,4946,515,421
DSP_ACAGATACGCATGAGTCAAC,DSP,1191,105,74
DSP_CTACTGAAGCATACCTGAAG,DSP,2010,557,572
DSPP_TTTGCATTTGGGCAGTAGCA,DSPP,811,640,440
DSPP_CTAAGTGGGCAGAAGTAGGA,DSPP,1176,198,251
DSPP_CCACATTAGCAAACGAAGAG,DSPP,1435,774,898
DSPP_GGGAATATTGAGGGCTGGAA,DSPP,982,380,262
DSPP_TAATAACAGCAAGGGCCAGG,DSPP,318,215,238
DST_TGGTGAACTACCTCATCCAA,DST,806,259,352
DST_CTGGACGCAGCAGGCAACAG,DST,4187,750,926
DST_CCAGGACATCCTCGTAGGCC,DST,707,432,739
DST_GAAGCACTGCCCTCTCGGCA,DST,309,77,178
DST_ACTCGTCTTCTAAGATGCCG,DST,212,5,57
DST_GGCACCGCAAGCTCCAGAAA,DST,843,284,314
DSTYK_GGCTCACCCATGTGATGCGC,DSTYK,639,521,464
DSTYK_GCTATGGGAGCAAATCAAAC,DSTYK,1391,402,666
DSTYK_GGAAAGCTTCGTCGGAACCC,DSTYK,562,202,84
DSTYK_GAATATTGCCAACCGAAAGC,DSTYK,290,156,193
DSTYK_TCTGAGTCCCATAGGTGAAG,DSTYK,1071,215,245
DSTYK_CAGGCGATGTCGCCGAAACC,DSTYK,930,435,316
DTD1_GCCCGACTGACCTGTGACGC,DTD1,2850,451,626
DTD1_TGTTTCCCTTCAGGACACAC,DTD1,87,71,87
DTD1_CCTAGCAATGCCCACGGAGC,DTD1,1349,51,172
DTD1_TGGGCCTGTGACCATAGAGC,DTD1,1603,339,438
DTD1_GAGGTAGCAGTGCCGGGAGC,DTD1,443,57,74
DTD1_GGGCGACGTGTCCTCTGAAC,DTD1,427,228,493
DTD2_AACATGGCACTTATGGGAAC,DTD2,2026,91,53
DTD2_GCTAGGGTTGTAGTGGAACA,DTD2,1064,484,516
DTD2_GACGAGTCACCGAGACAACG,DTD2,1118,421,512
DTD2_GGGTGGAGGTAACGTCAGCC,DTD2,28,83,0
DTHD1_TGTTTCTCCCACAAATGGAG,DTHD1,539,66,114
DTHD1_CCATTTACTGCACGTTACAG,DTHD1,1097,472,973
DTHD1_CCATGCTTGACTTAAGAGCG,DTHD1,1688,327,593
DTHD1_TAACTGCACCAGCACTGGAG,DTHD1,566,22,319
DTHD1_GCCTTCCAAAGATTTAAGCC,DTHD1,639,157,192
DTHD1_TCTTGCGGAGATGTCGAGCC,DTHD1,1132,286,342
DTL_CATTTCTCAGGACGCCAAGC,DTL,140,1,2
DTL_TGCACTGATAACCAGTCAGA,DTL,760,0,0
DTL_CTAGCAGTTGCCAATGAAGA,DTL,2303,107,91
DTL_AACCCAGGCCAGGTCAAAGA,DTL,1204,14,0
DTL_ACAGCTGTATTCTGTACGGG,DTL,1036,0,128
DTL_TGGACTAGGTCTCCACACCC,DTL,1088,13,103
DTNA_TTGGCATCCGTTTGTTGAGC,DTNA,464,407,342
DTNA_GGAAGTTCTCAAACTACCCA,DTNA,272,92,41
DTNA_AACCAGACCAGACACTGCGG,DTNA,452,76,122
DTNA_AGTAGGAACACTCAACCGGA,DTNA,0,80,53
DTNA_CATACTTTACTTGTCCAGCC,DTNA,958,266,482
DTNA_AGGGAATGCTCTTCAGCCAC,DTNA,22,205,148
DTNB_AGCTCGCTATGCTGCCCGGC,DTNB,592,101,86
DTNB_TCCTAGGTTACAGTATAGCC,DTNB,664,295,283
DTNB_TACGTACCTCTTGGTGGGAG,DTNB,619,136,115
DTNB_CGGCAGTAGGAGCACTCCAC,DTNB,2771,1016,184
DTNB_GCATGAGAGGTAGCCAGACA,DTNB,1059,496,375
DTNB_AGGAGATGACAGTTTCGAGG,DTNB,252,191,107
DTNBP1_CTGCAGATTGCAGAGCGGCG,DTNBP1,704,328,1150
DTNBP1_CTGGCTGAATATGGATCGGA,DTNBP1,467,290,532
DTNBP1_TGGTCATGCTTTCTGCGCAC,DTNBP1,442,96,223
DTNBP1_AGACTGTGCAAGTGCTGGAG,DTNBP1,947,352,669
DTNBP1_AGATGAGTTGTTTCTCCACC,DTNBP1,205,55,24
DTNBP1_AGCAGGATTTCACCTCCGGG,DTNBP1,527,234,233
DTWD1_TGATGGTCCCATCTAGGACA,DTWD1,1449,474,307
DTWD2_TGCCCAAATTCGCCTCAGCA,DTWD2,2336,637,739
DTWD2_CTGTTTGGGATGTCGGAACA,DTWD2,2197,783,909
DTWD2_CTTGTTCCGACATCCCAAAC,DTWD2,2124,680,1081
DTWD2_CGGACGACGACAGTGCGGAC,DTWD2,888,367,423
DTWD2_AGACGCCGAACGACAAGGAG,DTWD2,1092,359,267
DTWD2_CTCTCAGACGCCGAACGACA,DTWD2,1356,275,957
DTX1_CGATGATGTAGGGCACAAGC,DTX1,1672,722,308
DTX1_CGGTTGAGGTTGTTCTGCCC,DTX1,303,34,71
DTX1_GAACTTGAATGGTACTGGGC,DTX1,742,107,84
DTX1_GGGATACTGCTGTGCGCGGC,DTX1,305,152,70
DTX1_GGTTCGAAGATACATGCAGA,DTX1,225,66,46
DTX1_CATTGGAGTACATGGCCACG,DTX1,1647,378,211
DTX2_GCCGTGTGGGAATGGCAGGA,DTX2,709,343,318
DTX2_CCGTGTGGGAATGGCAGGAC,DTX2,3159,1035,3258
DTX2_CCCGTCCTGCCATTCCCACA,DTX2,1885,213,212
DTX2_TAGAGCTCCTGAAGGTGGCC,DTX2,463,78,175
DTX2_GACCGCAACATTACGGGCCA,DTX2,959,12,263
DTX3_CAAATGGGCTCTACCTAGCC,DTX3,35,65,52
DTX3_TCTGCGAGGGCTGCATCACC,DTX3,406,57,70
DTX3_TTCGGTATCCTGGCACCACA,DTX3,1086,189,170
DTX3_TCGGTATCCTGGCACCACAC,DTX3,1772,642,479
DTX3_CGATAGTGAAGGTGAGACGC,DTX3,686,479,350
DTX3_CTACCTGACCCGGGTGCAAG,DTX3,1242,482,366
DTX3L_TTGTACACCCGCACGAGGAG,DTX3L,790,309,867
DTX3L_AGCTCTAAGTCCTCGGGCGG,DTX3L,294,202,327
DTX3L_ACTCCACCCGGAAGGTGCCC,DTX3L,282,66,270
DTX3L_AGGTCACGATGGAATTGAGA,DTX3L,120,193,83
DTX3L_CTCTTTAGCAGACAGTAAGC,DTX3L,968,363,324
DTX3L_TGCAGCAAGGTTTCTGAGAA,DTX3L,1955,624,792
DTX4_CTGGGCTGTAGGGACGCCAG,DTX4,789,163,6
DTX4_GGTAGATGAGGTCGAGGCGC,DTX4,192,27,35
DTX4_ATTTCACTCTTGCTGACGGG,DTX4,252,62,83
DTX4_AGCAGTAGATGTGGTAGACG,DTX4,2732,812,760
DTX4_AAGGCTCACCTGAATGCCGG,DTX4,514,6,66
DTX4_TGCTTTCTGCTTTCAGGGAC,DTX4,1141,753,603
DTYMK_TGGCGTCCTCAGAGAGCACG,DTYMK,217,38,83
DTYMK_CCATGAGCGCTATGAGAACG,DTYMK,2599,728,883
DTYMK_GGGCCTTCCCAAACCCGACC,DTYMK,304,157,53
DTYMK_ATGCGTATCTGTCCACGACG,DTYMK,1115,313,456
DTYMK_TGCGTATCTGTCCACGACGA,DTYMK,2437,164,216
DTYMK_GGAACCGGAGCAGTTCGGCG,DTYMK,857,6,89
DUOX1_GAAGTGTCCATGCTAGAGCC,DUOX1,30,311,157
DUOX1_TCGCTGCACCTCCCACGAAA,DUOX1,3682,1274,1021
DUOX1_CTTAGCAACACCATCTCAAG,DUOX1,1904,557,435
DUOX1_TGAGCAGTTCCTGTCCACCA,DUOX1,1046,548,701
DUOX1_CTCCCAGATCGCAGAGCGAG,DUOX1,1881,1028,622
DUOX1_GCTTGTCTCCCATTACCCGC,DUOX1,173,71,113
DUOX2_CCTTGGGATGTCCAGCCCAA,DUOX2,713,174,139
DUOX2_TTTCCGGAAGGTCCTGAACA,DUOX2,818,603,366
DUOX2_CTACCATGTTCTTTCCGACG,DUOX2,2818,913,467
DUOX2_GGCTCAGCAACGCAGCCACG,DUOX2,730,73,70
DUOX2_AACCTGAGGCACCACGAGCG,DUOX2,1544,556,498
DUOX2_GGAGCCTGATACTTGCCCGA,DUOX2,0,64,6
DUOXA1_CTCGGACATCCGCAGGCACC,DUOXA1,1346,564,500
DUOXA1_CACCAAGGCATACTGTAAGG,DUOXA1,3131,1238,1139
DUOXA1_TGTGGTCAATGTGATCCAGA,DUOXA1,192,84,51
DUOXA1_TACTGGCGGTATAGGCCACA,DUOXA1,103,33,18
DUOXA1_ATGATGTGTTGGTGCTGACC,DUOXA1,230,16,61
DUOXA1_AGGCAGGATGACGATGAACG,DUOXA1,1370,560,609
DUOXA2_GCTTCCTGCTCATCTTGCCG,DUOXA2,155,132,181
DUOXA2_ATGAGGACACCCTTACCGAG,DUOXA2,1296,159,210
DUOXA2_GGGTCACCTCCCTCAGAAGA,DUOXA2,649,88,75
DUOXA2_GGTGCCTATTCCTGCAGCGC,DUOXA2,410,96,13
DUOXA2_ACTGGTGGTACAGGCCGCAA,DUOXA2,294,97,75
DUOXA2_CAACGTGCTGCTCTCCACGC,DUOXA2,1382,352,550
DUPD1_TCATCAGGTAGGCCAGGACC,DUPD1,1833,132,480
DUPD1_ACTGCGTCATGGGCCGCAGC,DUPD1,116,2,4
DUPD1_GGACATCCAGTACCACGGCG,DUPD1,1374,161,238
DUPD1_GGCCGCTGGAACGTGGACAC,DUPD1,1213,56,129
DUPD1_CCAGTACACCCACGTCAACG,DUPD1,4539,1775,1146
DUPD1_ATGCCTACTCATCTGCCAAG,DUPD1,530,85,132
DUS1L_TGTTCCCGTTAGCAAACACA,DUS1L,525,229,164
DUS1L_GACGGTGCACGGACGCACCA,DUS1L,334,42,17
DUS1L_TGTCAATCTCCGGGAAGACA,DUS1L,1165,140,467
DUS1L_GCGCCTTTCTGCAGGACGAG,DUS1L,1564,175,201
DUS1L_CCGGGTCATTGGCACAGAAC,DUS1L,2434,815,1139
DUS1L_CATGGTGGACCAGAGCGAGC,DUS1L,949,191,52
DUS2L_CACAAGCCTGGCCACAGCAA,DUS2L,986,203,143
DUS2L_GGCTGGTATTGATGTCAACA,DUS2L,1433,637,541
DUS2L_CTTGTCAGGGTCTGACAGCA,DUS2L,212,219,533
DUS2L_TAACACACCATCCTTACCGA,DUS2L,650,390,153
DUS2L_TCCTCTCTATCCGCTTCACA,DUS2L,469,127,80
DUS2L_TCTATCTCCAAGGAAGCGGG,DUS2L,192,68,72
DUS3L_CATCGACCTCGTGTACAAGA,DUS3L,940,501,630
DUS3L_GCGCTTGCAGATCCGTCGGA,DUS3L,375,82,233
DUS3L_AGGTCCTACCGTGGTGAGGG,DUS3L,467,106,187
DUS3L_TGCTCTTCGAGACCTTCGGC,DUS3L,380,158,68
DUS3L_CGGCAGATACCTCACCACCA,DUS3L,3717,1111,1075
DUS3L_CGGAGCTTTGGAACGAGGAG,DUS3L,710,397,280
DUS4L_AAGAGGACTCTTAGCAAACC,DUS4L,675,239,281
DUS4L_CATATCCAGCAAACATGGCC,DUS4L,414,115,245
DUSP1_TCAGCGCACTGTTCGTGGAG,DUSP1,1417,889,655
DUSP1_CGCACTGCCCAGGTACAGAA,DUSP1,3399,847,815
DUSP1_TTCTGGATTTCAGGGTGGCC,DUSP1,175,155,286
DUSP1_TTTGCTGCACAGCTCCGGGC,DUSP1,984,130,177
DUSP1_CGTCCAGCAACACCACGGCG,DUSP1,3842,315,673
DUSP1_TCAGCACCATCGTGCGGCGC,DUSP1,639,221,360
DUSP10_AAAGCTGATGGGCGTGGAGA,DUSP10,1316,332,421
DUSP10_CATCAAGTAAGCGATGACGA,DUSP10,1813,178,277
DUSP10_AGGTAGCAAGCTCGAGGCCG,DUSP10,784,454,746
DUSP10_CGGTGGTGGCGATGACAGGA,DUSP10,598,385,199
DUSP10_ACCCTGTCGTCTAAAGGAGA,DUSP10,174,124,164
DUSP11_TGTGAATAGTCCTCTCCAGG,DUSP11,191,160,128
DUSP11_ATCACTTGACCTGGGTACAC,DUSP11,965,211,330
DUSP11_TCAGTATTCAATAGGTGCCG,DUSP11,724,131,267
DUSP11_ACCCATGGTTTAAACAGGAC,DUSP11,1234,265,240
DUSP11_CCAGGCATCCGCTGTCCAAC,DUSP11,1830,468,500
DUSP11_AATAGCGAGACGCTGGAGCG,DUSP11,703,380,243
DUSP12_CATCACGGCCGTGCTAACAG,DUSP12,2198,584,224
DUSP12_GCCGTGCGGTGTTGGTGCAC,DUSP12,1163,34,137
DUSP12_GCTCCAGATTCTCAAACCAG,DUSP12,1485,82,59
DUSP12_CTGGATCACCGTGAAGGAAG,DUSP12,2069,155,389
DUSP12_CTTCCATGCTTACCACAGGG,DUSP12,1671,114,85
DUSP12_CCAAGTTGGGTTCCTTCAAC,DUSP12,2006,562,392
DUSP13_GCTCGGATGTATCGAGCAAC,DUSP13,581,28,45
DUSP13_CATGGATCTTGGGCCTCCGG,DUSP13,666,136,24
DUSP13_AGCATCAAGTGTGCGGAGAC,DUSP13,355,328,104
DUSP13_CGCCCACCACACAGTGCACC,DUSP13,586,594,436
DUSP13_CTCAAAGCGGTTGTTTGCCG,DUSP13,789,222,165
DUSP13_TGGAGGAGCTCCTGCGGGCA,DUSP13,1557,174,101
DUSP14_ACAAGATCCACAGTGTGAGC,DUSP14,303,104,158
DUSP14_CAGTGTGAGCAGGAAGCACG,DUSP14,1313,156,246
DUSP14_GGGCCTGATGACAGGTCGCC,DUSP14,71,1,51
DUSP14_AGTTCCCGACGTCTATGAGA,DUSP14,939,324,127
DUSP15_CCTTCAGCGGGTACAAGAAG,DUSP15,188,36,47
DUSP15_CGGAGGGCATTGGGCACCAG,DUSP15,2057,155,439
DUSP15_CGGTGTCTGTCCCGCAAGGG,DUSP15,1010,350,476
DUSP15_ACTCCTCCTCGTCGCGGAAG,DUSP15,1320,221,470
DUSP15_CGTATGTGATGACTGTGACG,DUSP15,1960,540,770
DUSP16_ACCAAGTCTATTCTGTGCGC,DUSP16,2225,214,328
DUSP16_CTATCGCCTACATCATGAAG,DUSP16,1290,204,198
DUSP16_TAGGAGCTGATGCAGCAGAA,DUSP16,865,303,311
DUSP16_CCAGCGAGATGTCCTCAACA,DUSP16,3925,1458,1867
DUSP16_TATGAAGCGAAGGTTGCAAC,DUSP16,99,119,273
DUSP16_GCTCCAAGCTTATGAAGCGA,DUSP16,614,149,214
DUSP18_GCTCGTGGGATGGCTCACAG,DUSP18,1656,270,163
DUSP18_TCCACGTGTGGGCGTCCAGC,DUSP18,211,207,430
DUSP18_CCACGTGTGGGCGTCCAGCA,DUSP18,1171,409,441
DUSP19_TCTCAGGAAGCAATGCACCA,DUSP19,1395,716,466
DUSP19_TCCAGTTAGCGTTGTCACCC,DUSP19,1361,406,244
DUSP19_TATTACAATTGCAGCAGCCC,DUSP19,582,78,24
DUSP19_GCAGCTTCGTACATATCAAG,DUSP19,1555,250,313
DUSP2_ACTTCGTTAAGCAGCGCCGG,DUSP2,948,115,41
DUSP2_GCTGGCGGACACGTTGAGGA,DUSP2,263,272,212
DUSP2_ATACTCACCTGGTCGTAGAC,DUSP2,462,282,130
DUSP2_ACAGATCGGGACAGCAGCCC,DUSP2,830,275,212
DUSP2_AGCAGCGCGTTCCAAGGCAC,DUSP2,940,329,343
DUSP2_CGCCGGCAGAAGGCCAGGAA,DUSP2,1840,1009,919
DUSP21_TTCCACCGAGGCATTGACAA,DUSP21,2579,812,784
DUSP21_CCACACCATCGATATGAGGC,DUSP21,702,303,425
DUSP21_CGGCGAGTTGATCATGCGCA,DUSP21,2138,931,1721
DUSP22_TGCCGATGTACAGGCCGGGC,DUSP22,446,287,822
DUSP22_AAGTTGCCGATGTACAGGCC,DUSP22,99,112,200
DUSP22_TCTTACCTCCAACATAGGCC,DUSP22,205,89,75
DUSP22_AATCCGCTGCTGGGATGCAC,DUSP22,2180,146,251
DUSP23_TGGTGTCCCTGACGGAGCGC,DUSP23,727,458,309
DUSP23_CGTCCACGATCTGCACGAAG,DUSP23,6757,1712,1602
DUSP23_TCGTGGACGAGGCCAACGCA,DUSP23,1496,142,565
DUSP23_TAGTCGTCGGATTTCAGCAA,DUSP23,1621,166,214
DUSP23_CTCCATCGAGACCTATGAGC,DUSP23,1165,191,315
DUSP23_ATTTCGTTCGCTGGTAGAAC,DUSP23,772,376,573
DUSP26_CTTTCTTGATGGCCTCCACG,DUSP26,709,129,329
DUSP26_CGCCCACAGCACAATGCACC,DUSP26,1327,587,336
DUSP26_CGGCTGCCGACTTCATCCAC,DUSP26,641,219,412
DUSP26_GGACATGGCTAACAACCGCC,DUSP26,164,72,45
DUSP26_AGCCTGTAACCATGCCGACG,DUSP26,525,237,189
DUSP26_AGGGTCCCTCGAGTTCGAAC,DUSP26,212,100,61
DUSP27_GGTTGTCATGGCGACCAGAA,DUSP27,302,209,238
DUSP27_TCTAGAACTCAAGCCACCGG,DUSP27,458,352,525
DUSP27_CGCTGTAGGTCCAGGACACA,DUSP27,3451,933,949
DUSP27_CATGGCACCGGCGTTTACAC,DUSP27,993,374,240
DUSP27_CATTTCCCAGCATTTCCGGA,DUSP27,151,58,95
DUSP27_CGGAGAGCACCTGGGACGCA,DUSP27,2657,765,1173
DUSP28_CAACGGTGGAGGTACGGGCG,DUSP28,827,58,62
DUSP28_CGTGCCCGTGTTCGACGACC,DUSP28,1155,142,481
DUSP28_TCAGCCGGGTCGTCGAACAC,DUSP28,1323,553,231
DUSP28_GATGGTGAAGAGCGCTCGCC,DUSP28,54,57,44
DUSP28_CCCGGTAGCAGAACCGAACC,DUSP28,2129,1038,606
DUSP28_CCGGTAGCAGAACCGAACCC,DUSP28,1401,593,504
DUSP3_CATCAAGGCCAACGACACAC,DUSP3,1813,715,433
DUSP3_TGTCGTTGGCCTTGATGCCC,DUSP3,1372,258,339
DUSP3_TGCTGAACGCGGCTGAGGGC,DUSP3,620,26,113
DUSP3_CCTCAGCCGCGTTCAGCACA,DUSP3,625,322,473
DUSP3_CGTTGCCCACGTAGATCCGC,DUSP3,442,199,140
DUSP3_GAGCTCGAACGAGCCCGACA,DUSP3,452,37,149
DUSP4_AGTGCACCAGCACGCGCCCA,DUSP4,620,54,17
DUSP4_CAACAGAGCCGTGATGCCCA,DUSP4,1290,59,550
DUSP4_GAGAGACATGCTGGACGCCC,DUSP4,99,201,16
DUSP4_CTGAACATAGCAGATCGCCC,DUSP4,513,71,83
DUSP4_GATGACCGCCGAGTAGAGGC,DUSP4,0,1,8
DUSP4_CCCGGCGACCATGGTGACGA,DUSP4,2025,784,659
DUSP5_CTACTCGCTTGCCTACCCGC,DUSP5,1030,168,382
DUSP5_CAGATTCGTACTGCAGGAGC,DUSP5,573,120,344
DUSP6_TAGATTGCAGAGAGTCCACC,DUSP6,372,42,103
DUSP6_GCTGGAACCCTGTTGTCACA,DUSP6,267,140,102
DUSP6_GGCACAGCCCAAGTAGAGGA,DUSP6,335,23,52
DUSP6_GGGCAAGATCTCCACTGGGA,DUSP6,59,289,267
DUSP6_TACCTTCCAGGTAGAACGCC,DUSP6,356,76,43
DUSP6_CGTGCCCTTCGCGTCGGAAA,DUSP6,2075,1208,1432
DUSP7_CCAGCGTATTGAGTGGGAAC,DUSP7,3073,657,442
DUSP7_AGAGCTGCTCACTCGACGCG,DUSP7,2581,439,827
DUSP7_CCTCTACCTCGGCTGCGCCA,DUSP7,0,27,35
DUSP7_TGAGCACTGCGAGACCAACG,DUSP7,1306,503,717
DUSP7_CGAAGCGCTCCTTGTCGGCG,DUSP7,2069,594,878
DUSP7_ACTCGAAGAGCTCGTGCGGC,DUSP7,234,87,422
DUSP8_TGAACTTCGGCGATGCGGCC,DUSP8,578,196,290
DUSP8_TTCAGGCCGAGGCTGTGCGC,DUSP8,586,64,51
DUSP8_GGGAGATGCCAGCCAGACAG,DUSP8,854,157,300
DUSP8_CATGGACTCACCAGTGAGGA,DUSP8,2080,395,305
DUSP8_GAGCGGCTGTCGATGACCAG,DUSP8,1135,355,76
DUSP9_TGTAGGGAGCCGATCGCCCA,DUSP9,345,726,238
DUSP9_CCTGGTCGTACAGGAGCACG,DUSP9,1407,225,405
DUSP9_CGACTCCATGAGCTGTGGCC,DUSP9,1204,620,311
DUSP9_CCTCCGGAAAGAACCGCGAC,DUSP9,854,222,477
DUSP9_TGCTCGTCCACTGCTTGGCG,DUSP9,1195,1045,535
DUSP9_CATAGGCATCGTTGAGAGAG,DUSP9,1248,556,223
DUT_AAGGGCGAGCTTCCTAAGGC,DUT,1097,78,210
DUT_AGGGCGAGCTTCCTAAGGCG,DUT,2192,218,328
DUT_GCTCGGAGAGCCGGGCAAAG,DUT,1,1,0
DUT_AGGCCTTGGATGACACCGAA,DUT,787,159,141
DUT_GGCCTTGGATGACACCGAAA,DUT,1577,148,113
DVL1_TCCGGAAGCACAAACGCCGG,DVL1,790,53,268
DVL1_TTTGTGGACTCGGACGAGGA,DVL1,416,159,137
DVL1_CTCCCGCCGGTGACTGACCA,DVL1,1660,402,273
DVL1_ATGCCGCCTGTCCGCTCAAG,DVL1,1156,160,90
DVL1_GACCACGCGGCCGTTGAAGC,DVL1,1240,235,194
DVL1_ATTTGTAGGCGTGCACGGGC,DVL1,604,90,48
DVL2_GCCTCCTTAAGCGCCACCGG,DVL2,910,260,128
DVL2_AGGAGCTCTCGTATCCGGCC,DVL2,348,19,7
DVL2_AGTCAGTAGTGTCACTGAGG,DVL2,662,150,131
DVL2_TCTGCCCGAGGCTCATGGAC,DVL2,765,220,57
DVL2_TACCACCCTTCCGTTGAAGC,DVL2,1699,507,465
DVL2_GACGCTCTTGAAATCGCCGA,DVL2,64,62,239
DVL3_GCGTCTCCTGCCCATCCAAG,DVL3,1143,164,235
DVL3_CAGCCCACAAAGGAGAGGGC,DVL3,683,55,474
DVL3_GCTACCATGCTTCAATGGCC,DVL3,779,22,304
DVL3_ATAGGTGGTGGCAGCTCCGA,DVL3,626,105,93
DVL3_CGGAGGGATGGCCCAGAGCA,DVL3,2406,219,363
DVL3_CGGCTAAATGGAACTGCGAA,DVL3,1567,764,837
DYDC1_AGCACCTAACTTGAGCAGAG,DYDC1,926,59,256
DYDC1_AGTGGCAAGAGTTCGCCCAG,DYDC1,137,75,105
DYDC1_AACTCAAGGTCTTGCAGAAG,DYDC1,686,425,318
DYDC2_GAAGACCATATTCATGCAGG,DYDC2,265,38,91
DYDC2_GATTCCAGGAATGCCTCAAC,DYDC2,365,0,9
DYM_CGGAATCCATGGTGAACAGC,DYM,1655,406,631
DYM_CGGCCTGTACTGGAATCCAC,DYM,981,153,187
DYM_CAGCAACCTTGAGCTAAAGA,DYM,1308,813,895
DYM_GAGATCGCGTTTGTAAAGCA,DYM,492,483,461
DYM_TCCATCAGTATGCTGCCCAG,DYM,1662,171,467
DYM_CTAGCCAGAACTTACAAGAG,DYM,3785,1016,1364
DYNAP_CACAGGCTAAGAGACAAGCC,DYNAP,887,349,216
DYNAP_GAGTGTGTGACTGTCAAACC,DYNAP,1058,517,441
DYNC1H1_CAAGTTCCTTTCGGACCCGC,DYNC1H1,986,1,28
DYNC1H1_CTACATTAGAGAGTCTGGCA,DYNC1H1,1713,1,3
DYNC1H1_TACAATCTGGAGTTAACCGC,DYNC1H1,271,6,5
DYNC1H1_ATACCGCATCCAGGAGAAAC,DYNC1H1,2063,134,27
DYNC1H1_TTTGCTGTCTGCCACGGAGC,DYNC1H1,791,107,20
DYNC1H1_GGCGTATCAACCCTGCCCAC,DYNC1H1,328,5,11
DYNC1I1_TCGCAAACGACGAGAGACAG,DYNC1I1,760,175,95
DYNC1I1_AGTTGGCCAGGACTCAGAAC,DYNC1I1,1116,472,359
DYNC1I1_GATGTCGGAATCTTCAGCCA,DYNC1I1,639,240,538
DYNC1I1_GAGTGGTCACTTGTATGGAC,DYNC1I1,912,190,259
DYNC1I1_GATGACTGCGATTGTCCCAG,DYNC1I1,17,5,30
DYNC1I1_GGACATGCTCTCAACTCCAC,DYNC1I1,141,114,230
DYNC1I2_ACCTCTCCGTGTAGTAACAG,DYNC1I2,1117,238,208
DYNC1I2_TCCGCTGTTACTACACGGAG,DYNC1I2,1780,491,416
DYNC1LI1_ACACCTACATCTCCTACGGA,DYNC1LI1,962,166,129
DYNC1LI1_ATGGTTACCTTTCGAACAGG,DYNC1LI1,563,96,136
DYNC1LI1_ATTATCCCACCCTGCTGGAC,DYNC1LI1,509,103,39
DYNC1LI1_TATCTAGGTGAAGATGGAGC,DYNC1LI1,652,0,12
DYNC1LI1_AGAGGTGGAGTCGTTACCAA,DYNC1LI1,1778,226,355
DYNC1LI1_GACGCTATCTCGTTGCCCAA,DYNC1LI1,386,155,39
DYNC1LI2_TTGACTACCTTTCTCACGGG,DYNC1LI2,988,98,99
DYNC1LI2_ACTGAAGGCAGAACCTCCGC,DYNC1LI2,31,1,139
DYNC1LI2_CAATGTGCTGACTCATAACC,DYNC1LI2,803,500,291
DYNC1LI2_AATGACGAGGGTCTCTGGCA,DYNC1LI2,162,26,59
DYNC1LI2_ACCAGGATGTTCTTGCCGGA,DYNC1LI2,128,25,32
DYNC1LI2_TGCAGTTGGCAAGATGGCGC,DYNC1LI2,900,194,72
DYNC2H1_GAACCGTACCGTGTTGGAAA,DYNC2H1,1497,325,212
DYNC2H1_AGACACCGCAGCTTTCCACA,DYNC2H1,845,412,222
DYNC2H1_GACTTTGAGAATCGGTGCCG,DYNC2H1,806,73,81
DYNC2H1_CAGCAACAGCGCTGGAAAGA,DYNC2H1,2521,1291,1092
DYNC2H1_TCTGGAGCATCAGTACCAGA,DYNC2H1,223,58,126
DYNC2H1_CGTTGGGACCAACTAAAGCC,DYNC2H1,909,248,285
DYNC2LI1_AAACCGCTGTTTATCACAGC,DYNC2LI1,237,17,22
DYNC2LI1_CATACTGAGGATCTCTCGCA,DYNC2LI1,342,44,63
DYNLL1_CCGATACGCAGCCGGGAGCA,DYNLL1,672,270,387
DYNLL1_GATACGCAGCCGGGAGCAGG,DYNLL1,744,7,127
DYNLL1_TCAGGCGCCCTTAGGAAAGC,DYNLL1,1168,255,335
DYNLL2_TCACACCATGTCTGACCGGA,DYNLL2,315,461,159
DYNLL2_CACTGCCTTCCGGTCAGACA,DYNLL2,2237,626,563
DYNLL2_CATGTCTGAGGACATGCAAC,DYNLL2,248,75,103
DYNLRB1_GCTACCGGATCGGTCGGAAA,DYNLRB1,733,107,37
DYNLRB1_CCAGGAAGAGATGATGGGCG,DYNLRB1,1144,198,228
DYNLRB1_CAGGAAGAGATGATGGGCGA,DYNLRB1,471,36,237
DYNLRB1_AAGCGACTGCAGAGCCAGAA,DYNLRB1,1001,0,0
DYNLRB1_ATCATCGTCGTGAACACAGA,DYNLRB1,180,6,16
DYNLRB1_GAGGATCCAAGCAGGGCCCG,DYNLRB1,767,95,115
DYNLRB2_TGGAGCAGTGGGTCCCGGGA,DYNLRB2,231,20,0
DYNLRB2_GAGTTTCGCGGCCTCCGCGA,DYNLRB2,192,8,45
DYNLRB2_AGGTGGAGGAAACCTTAAAG,DYNLRB2,854,209,356
DYNLRB2_TACTTGAAGGTCACAAAGCG,DYNLRB2,2228,707,819
DYNLT1_CGGTTACCTCCTCCGCAGCC,DYNLT1,1281,437,770
DYNLT3_AGCATTACCGGGAGCGGGAA,DYNLT3,1269,355,355
DYNLT3_GCGGGAATGGCAGTGCCACC,DYNLT3,1,0,2
DYRK1A_CACTTATGTTTGGCTGGCGA,DYRK1A,918,143,328
DYRK1A_AGCAGTTGCTGGGTCACGGA,DYRK1A,491,338,341
DYRK1A_AAAGAAGCGAAGACACCAAC,DYRK1A,427,198,176
DYRK1A_ATGATCGTGTGGAGCAAGAA,DYRK1A,1045,125,230
DYRK1A_GAGAAACACCAATTTCCGAG,DYRK1A,549,52,38
DYRK1A_GCTTGGTCAAGAATATGAGC,DYRK1A,432,81,94
DYRK1B_CATGCTGGACCAGGCGCCCA,DYRK1B,249,76,376
DYRK1B_CTCCACAAGGATGCAGCCCA,DYRK1B,1577,213,108
DYRK1B_GCTGAACCTGACCCGGAAGC,DYRK1B,302,275,167
DYRK1B_AGCCTATGATCATCAGACCC,DYRK1B,1028,407,471
DYRK1B_ACTATGCGAAGAAGAAGCGG,DYRK1B,861,106,206
DYRK1B_CCACAGAGAGCTTACGCAGC,DYRK1B,687,173,174
DYRK2_CTCCAGCGGCCATGTTAACC,DYRK2,1338,485,601
DYRK2_CGAAGGTTTCCTGGTTAACA,DYRK2,2824,661,687
DYRK2_ACGTGGCTTCCAGGCCGAGG,DYRK2,1045,12,62
DYRK2_TCTCACCGTGTGGGCTGCGG,DYRK2,589,164,142
DYRK2_TATCCTTGTCCTGCTTCCGC,DYRK2,385,46,136
DYRK2_AACGGAGGCCGTTCCCGGAG,DYRK2,244,75,49
DYRK3_CAGAGTACATTTGAACAGGG,DYRK3,903,133,177
DYRK3_GCAGAGTACATTTGAACAGG,DYRK3,1135,151,323
DYRK3_GGGCAAACTTGCGTACCAAC,DYRK3,699,260,334
DYRK3_CCTTGGTTGAACTGCGCCCG,DYRK3,1220,976,929
DYRK3_GGGTGTCTTAATGCTTGAGC,DYRK3,283,135,53
DYRK3_GGACAGACTTGCTAATCCAA,DYRK3,687,99,119
DYRK4_GCCGAGTCTCCACTTAAGCC,DYRK4,750,19,132
DYRK4_AAGGTGACTCTGACAGCGGC,DYRK4,307,54,33
DYRK4_TGAAGCCAAGAAGCTCGACA,DYRK4,1343,187,212
DYRK4_TTCTGGAGACAATCGGGAAG,DYRK4,1151,302,533
DYRK4_TCACCTTAGGTTTCACCAGC,DYRK4,901,220,330
DYRK4_ATCACGGCGGAGTTGTACAC,DYRK4,1012,406,373
DYSF_GCGCCGGTCCTTCTTCGCAC,DYSF,768,250,293
DYSF_CCTGCCCACAAGACAGGCGG,DYSF,42,37,41
DYSF_TGGATCAAAGCGGAGGCCCG,DYSF,460,100,65
DYSF_CAGCCCACTCTTCAATGAGG,DYSF,448,174,248
DYSF_TCATTGATTGCAGATGGACG,DYSF,284,38,185
DYSF_CCTGAAGGTCTTCCGGGCCG,DYSF,1302,431,369
DYTN_TGCAGAGAGTGCACCGAGCA,DYTN,1409,1233,1485
DYTN_CCCTTGGAAACAGCTGCGGG,DYTN,944,196,398
DYTN_TGGGCCACGCATGACTCGAA,DYTN,1278,511,294
DYTN_CAGCGGCCGCAGGCATAAGC,DYTN,493,188,257
DYTN_ACTCCAAGAGCTGTTTCAGA,DYTN,817,147,281
DYTN_AGGAGAGCCTATACTTACAC,DYTN,526,296,312
DYX1C1_ATGAAGGCACATGTACGACG,DYX1C1,1417,366,589
DYX1C1_ATCACAAGTAGCAGAAGAGG,DYX1C1,290,265,182
DYX1C1_AGCTGTTGGGAATACTCGAG,DYX1C1,1319,97,215
DYX1C1_CCACTAAAGCATTGGAAGCC,DYX1C1,961,320,342
DYX1C1_AGGCGTGTGCGTCAGAGACA,DYX1C1,1694,782,465
DYX1C1_TTCAGGTTAGCGATTACAGC,DYX1C1,538,85,309
DZANK1_GCTTGCCAGATGGGTAGAAG,DZANK1,1628,300,327
DZANK1_ACTTAGCTTGGACAGAAGCC,DZANK1,497,140,187
DZANK1_CTCCGCCCACTCAGAAAGGG,DZANK1,1458,316,421
DZANK1_GATTTCCTGTACCACAGGCC,DZANK1,299,42,43
DZANK1_TCTTGACAGAAGCGAGCAAA,DZANK1,720,797,387
DZANK1_CCATAAGCTGGGATTTCCAA,DZANK1,975,326,318
DZIP1_GGGACATTAGTTCCACCGAC,DZIP1,670,109,68
DZIP1_AGTGACGCGGACGGGACCGA,DZIP1,42,201,4
DZIP1_GGGTACTTCTCCAGTTGAAA,DZIP1,234,181,345
DZIP1_TCTTAGTCCCTTAGTGAGGG,DZIP1,283,279,373
DZIP1_AGGAACTTACTAGGCACAGC,DZIP1,896,108,161
DZIP1_TCGACGTGGACAAGGTGGCG,DZIP1,300,309,160
DZIP1L_CCTCTCTTCAGGGATCCACA,DZIP1L,289,99,423
DZIP1L_CTTCTTCTGATCCTGAGACA,DZIP1L,828,291,261
DZIP1L_AGCAGAGCTCATTCATCAGA,DZIP1L,119,33,144
DZIP1L_TCTTCTAACACCTCTTCCAC,DZIP1L,259,25,83
DZIP1L_TGAATGTCTTGTCACACAGG,DZIP1L,620,330,207
DZIP1L_ACTCAATGATGAGCTGCGCC,DZIP1L,334,29,33
DZIP3_GGAAGGATGTACAGGTGACA,DZIP3,269,97,333
DZIP3_TATCCTCTTGCATCATCCCA,DZIP3,229,37,20
DZIP3_CAGCCCATATGTGGTAGAAA,DZIP3,2726,484,703
DZIP3_TGTGCTCAATAGGGCTCAGC,DZIP3,428,122,123
DZIP3_TAGCAGAGCTTTAACAGCCG,DZIP3,753,526,704
DZIP3_ATGTCTCAATCAGCTTGCCA,DZIP3,573,241,165
E2F1_AGAACCGCTGTTGTCCCGGA,E2F1,144,105,232
E2F1_CTACTCAGCCTGGAGCAAGG,E2F1,1975,409,631
E2F1_CCTGACACGTCACGTAGGCC,E2F1,1073,289,370
E2F1_CGACGACACCGTCAGCCGAG,E2F1,2005,255,381
E2F1_AGAGGCCGCCATCCAGGAAA,E2F1,572,230,284
E2F1_TGAGCGTCATGGCCTTGGCC,E2F1,736,58,84
E2F2_TAGTCGTCCTGGTCCAAGGA,E2F2,1023,290,200
E2F2_CGAAGTCTACCTGTGCCCAG,E2F2,1936,275,405
E2F2_ACTTCCAGTCTCGTCTGCGG,E2F2,898,267,165
E2F2_CATCCAGCTCATCCGCAAGA,E2F2,1669,706,681
E2F2_CTCCTGAGCGAGTCAGAGGA,E2F2,543,135,295
E2F2_TCGCTATGCTGCAAGGGCCC,E2F2,586,0,60
E2F3_CAGTACCTGGTGACCGCCGG,E2F3,495,226,282
E2F3_AGGGCACTGCTAGCCAGCCC,E2F3,498,24,65
E2F3_GGGAGGGAGGGTATTACCGG,E2F3,609,40,33
E2F3_ATCCCTAAACCCGCTTCCAA,E2F3,566,167,52
E2F4_TAGCTGTACGCCAGAAGCGG,E2F4,1579,354,204
E2F4_ATCTCCCGGGTATTGCAGCC,E2F4,1029,61,125
E2F4_TGATGCCCTATGGTGACAGA,E2F4,279,227,201
E2F4_TGGGATGGGCACCTCCAGGC,E2F4,339,94,114
E2F4_GACGTGAGGCTTCCTGGGAC,E2F4,946,384,561
E2F4_TCCAGTGTTGTTGGGCCCAG,E2F4,633,268,226
E2F5_CGGCGTTCTGGATCTCAAAG,E2F5,1829,764,720
E2F5_GGCACCTTCTGGTACACAAC,E2F5,313,194,201
E2F5_ACCTCCAGTTGTGTACCAGA,E2F5,579,101,59
E2F5_AAAGTTGTAGTCATCTGCCG,E2F5,672,158,98
E2F6_CTTGTCAGATCTGCTCCCGG,E2F6,972,85,50
E2F6_TCTTGTCAGATCTGCTCCCG,E2F6,1250,69,388
E2F6_CCGTCCCGGAGCTTACCAGC,E2F6,916,137,216
E2F6_CCTGGACCCGACGGAGGAGA,E2F6,571,190,155
E2F7_AGCCTTTGCCAGTAAGAGAG,E2F7,913,184,145
E2F7_AAACAGAAGCTGGCTCGCCA,E2F7,283,60,262
E2F7_GGCCCGATCCACTTGAAGGC,E2F7,2156,542,250
E2F7_CTACCTCCAACAGAAAGAGC,E2F7,1486,104,27
E2F7_AGCAACTTCATCTAGGGAGA,E2F7,403,203,199
E2F7_CCGGTCCCTTATATCTGGGC,E2F7,828,107,127
E2F8_AGCCGAACCAGGGAGCCAGC,E2F8,425,105,251
E2F8_AGCCCTATCAAGACCAACAA,E2F8,1030,490,535
E2F8_ATTTGGACTGATTTCTGGGC,E2F8,382,58,29
E2F8_CGATGCTCTTCAAGGTGCCA,E2F8,909,419,513
E2F8_TGACATCTGCCTTGACGAAG,E2F8,1555,216,252
E2F8_AACCACACCTACCAAGCCCA,E2F8,780,153,140
E4F1_CCTTCCTCGCTGAAGGGCGC,E4F1,622,61,0
E4F1_TGGAAGTCGGCTTACCAACA,E4F1,2435,108,107
E4F1_GGTGAAGCTACTGGTGAACA,E4F1,345,160,25
E4F1_GAGTGAGCCCTTGGTGCGGA,E4F1,652,20,0
E4F1_CGTCCTTGCTCACACTGAAG,E4F1,2541,515,261
E4F1_GACTTCACCCGTGATTCACC,E4F1,369,29,7
EAF1_AAACCCGCTGCTGGACCGCG,EAF1,1102,115,99
EAF1_ACAACGAATAGTGTGGAAGG,EAF1,666,0,11
EAF1_GCTGCTGTTCCATTCGGGCC,EAF1,97,476,12
EAF1_AGTAGGCCTGCCGTTGCCAA,EAF1,152,36,4
EAF1_CCGTTGCCAATGGAACCAGC,EAF1,929,0,44
EAF1_CCGGCTGGTTCCATTGGCAA,EAF1,2271,224,551
EAF2_CACACCTAGACCGTCGCGAG,EAF2,1076,736,1339
EAF2_ACACCTAGACCGTCGCGAGC,EAF2,531,219,444
EAF2_ACAGTGTGGAAGGCGCAGCG,EAF2,1489,757,698
EAPP_TGAAGTGGCAGTCTACGACA,EAPP,1132,123,230
EAPP_CACTTTGCCTTGATTGCCAA,EAPP,658,163,264
EAPP_CAAAGTGTGGTCATGCAGGC,EAPP,233,82,31
EAPP_CCTTCTCTGTGCATCAACCC,EAPP,1058,125,227
EAPP_GGCTCGGCAGGCGCAACGAA,EAPP,919,116,74
EAPP_GGTCGTAGTCATCCGGAAGC,EAPP,483,77,60
EARS2_AGGATCCTCTCCACGTAGAC,EARS2,558,351,293
EARS2_TTGCAGAGAACCAAATGGGC,EARS2,1228,155,72
EARS2_CAAGCTCTCCAAGAGGCAAG,EARS2,645,86,128
EARS2_ATATTGAGGACATGCTGGAG,EARS2,331,132,121
EARS2_CCACTCTGACACCACCGGAA,EARS2,2765,495,556
EBAG9_CCGAAACTGGGTGATGGCCA,EBAG9,450,71,112
EBAG9_CCAGTGTAAAGATCGAAGGA,EBAG9,1594,521,406
EBAG9_CCCTCCTTCGATCTTTACAC,EBAG9,1825,300,355
EBAG9_GGCATCCCAGATGGGAGCAC,EBAG9,194,24,39
EBF1_TGACCCTGAGCGTTTGCCAA,EBF1,752,248,427
EBF1_AGTGTGACTTCCACAACACC,EBF1,894,252,263
EBF1_CCCGAGTGAAGGATGGACGA,EBF1,3142,843,863
EBF1_AAGAGGGCGTACCTTCCGAG,EBF1,802,89,228
EBF1_CTGGCCCTCTACGACAGACA,EBF1,1909,521,786
EBF1_CGTGTTGGCGTCCAGCACCC,EBF1,961,714,483
EBF2_TCAATTATGACTGGGTCCGA,EBF2,327,80,42
EBF2_ATTCTGTCCCTCGTAAGCGA,EBF2,377,229,252
EBF2_CATCGACTCGGTCACCAAGC,EBF2,1084,340,608
EBF2_GGCAACGAGAAGACCAACAA,EBF2,697,966,256
EBF2_CCTGCCTGTCATAGAGCGCC,EBF2,510,0,0
EBF2_CACTCCGACATTCCGGACCC,EBF2,975,374,433
EBF3_AGGGTCACTTCGACGACGCC,EBF3,78,136,69
EBF3_AACTATGTTGGTGTGGAGCG,EBF3,1048,385,720
EBF3_TTCTGACGGGTCTAGGCGGC,EBF3,208,313,125
EBF3_GCGCAGGCCATCGTCTACGA,EBF3,2525,1275,1803
EBF3_TCTTTCCTCCCGCAGCGGCG,EBF3,568,248,374
EBF3_ATTCAGGAGAATATTCCGCG,EBF3,1736,237,430
EBF4_GATTACCATCCGGGAGGCGG,EBF4,93,63,36
EBF4_GAGCGCTTACCTCTGCGCCG,EBF4,293,35,117
EBF4_GCTGTGCGCTCCACCTCCAC,EBF4,849,184,208
EBF4_CATTGTTATACACCAGCCGG,EBF4,486,44,91
EBF4_CATCGACTCCATGTCCAAAC,EBF4,1776,953,1126
EBF4_TGTACCTGTCAATGATGACG,EBF4,927,336,290
EBI3_ACGTGGCAATGAAGGACACG,EBI3,1104,93,134
EBI3_TACGTGGCAATGAAGGACAC,EBI3,440,26,103
EBI3_ATTGAGCACGTAGGGAGCCA,EBI3,806,18,59
EBI3_CTGTAGCTGGCGCTCAGCGA,EBI3,128,58,49
EBI3_CCTGTAGCTGGCGCTCAGCG,EBI3,275,70,265
EBI3_AGTGAGAAGATCTCTGGGAA,EBI3,365,86,45
EBLN1_TGGAATCTCCAACACAACAG,EBLN1,1567,673,461
EBLN1_TCAGTGTCGGTGTGAGCAAA,EBLN1,1804,922,741
EBLN1_CAGCCCACAAGACAGTACAA,EBLN1,2242,552,876
EBLN1_CTGTGGGTTGTTTCTTGGGC,EBLN1,2051,180,295
EBLN2_GATGACGCAATGGACAGGAG,EBLN2,254,11,77
EBLN2_CTTGCGTAGCTTGTGTAGAG,EBLN2,1954,469,527
EBNA1BP2_GCAGACTAAACAGGCTGCCA,EBNA1BP2,703,0,0
EBNA1BP2_GACTTTGAGCTGATGGAGGC,EBNA1BP2,184,163,118
EBNA1BP2_AATTCAAGCGGGATCTGGAA,EBNA1BP2,247,79,117
EBNA1BP2_GCCTCAATGTCGTGCTAGAG,EBNA1BP2,1028,5,51
EBNA1BP2_TACCTCTCTGTCTGTGACAA,EBNA1BP2,1103,50,14
EBNA1BP2_CCGGAAGTATGGTTTGCCGC,EBNA1BP2,1556,591,1331
EBP_ACACACTGCAAACCAGCACA,EBP,565,460,460
EBP_CACACACTGCAAACCAGCAC,EBP,2382,782,619
EBP_TCAGGGAAAGAGTATGCCAA,EBP,587,161,201
EBP_CCACAAGCTGTAGAATGAAG,EBP,1634,238,584
EBP_CACTCATGCCCAGAGCACGC,EBP,1224,431,496
EBP_CCAGAGCACGCTGGATGCCA,EBP,2529,398,444
EBPL_TTCTTTCCTTAGGGACAGAG,EBPL,710,216,229
ECD_CTGGCCAGTCTACTGAGAGC,ECD,1127,0,40
ECD_GAGTGGTGAGGCAGTCACAA,ECD,2007,39,189
ECD_TTTGTGCCAGACCGGCGGAG,ECD,606,3,93
ECD_AGCACTGCCACAATGCCAGC,ECD,49,67,76
ECD_CTGTGAATAGGCGCATCAGA,ECD,667,0,0
ECD_AACCATGAAGCTTGCTACGA,ECD,1050,39,131
ECE1_GCCTATTGTGGTCTATGACA,ECE1,829,280,72
ECE1_ACGGCGCTTCTCCTGTGGGA,ECE1,951,257,166
ECE1_AGGGCAAGCCCAGGCCAGAC,ECE1,745,485,438
ECE1_TCCCTGATGGCCACTCACGC,ECE1,2194,83,514
ECE1_GGTACTTCTGGCGGCAGGAC,ECE1,287,94,87
ECE1_GACGTACAAGCGGGCCACGC,ECE1,1258,183,332
ECE2_TACTGGGATCAGCGCTACCA,ECE2,591,222,543
ECE2_AGGGCACTGTTCCCGCAACC,ECE2,1488,754,695
ECE2_CCATCTCTACCTCATGCACA,ECE2,1754,624,558
ECE2_TGCGTCTTCATCCCGAAGCG,ECE2,3869,1491,2493
ECE2_CTCACGCACGCAGCTGGAGC,ECE2,284,47,133
ECE2_AATGCAGGCCTCTGTAAGGC,ECE2,500,150,404
ECEL1_GGAGGGCAGCGACAAGCCAC,ECEL1,417,35,59
ECEL1_CCTTGGTCTCACAGTTGCGG,ECEL1,444,147,55
ECEL1_TGTCAGCTCCATGTACAACA,ECEL1,3354,853,827
ECEL1_TGCAGACGCTGTGGAACAGA,ECEL1,873,193,266
ECEL1_ATGGGCTCACCCTGCCAGAG,ECEL1,161,243,282
ECEL1_CATGCGCGAGATCGAGCGAC,ECEL1,129,132,135
ECH1_TGAAGGCCAGCTCGTTGACC,ECH1,883,372,134
ECH1_GGATGTCACAGGCGGTGACA,ECH1,104,12,4
ECH1_GACCTTCAACGTCATCGAGA,ECH1,204,92,75
ECH1_CTGCGCAGACGTCACACGAA,ECH1,1904,415,576
ECH1_GACTCCGCGACCTACTGACC,ECH1,1228,209,133
ECHDC1_GCAATTCATCCAAGGGCCAC,ECHDC1,94,219,66
ECHDC1_AGATGGGCATAATACCAAGC,ECHDC1,559,187,353
ECHDC1_CAGATTCGTCCACAAAGAGA,ECHDC1,598,59,76
ECHDC1_GAAATCACTAGGAACTCCAG,ECHDC1,166,69,35
ECHDC1_GACCTTCAGAAGGAAGACAA,ECHDC1,624,102,160
ECHDC1_TGAAGGTCAATGGATCCACC,ECHDC1,174,123,79
ECHDC2_AGCCATTGACCGAGGAACGG,ECHDC2,939,222,135
ECHDC2_CTCCCTCCATCCTGGTAGGA,ECHDC2,650,165,659
ECHDC2_GGACTGATTGAGACCACGCG,ECHDC2,1093,467,686
ECHDC2_CGTGTCCTGCTCTTCAGAAG,ECHDC2,1642,477,720
ECHDC2_CCCAAGGCATTGCGGGCAGA,ECHDC2,793,78,529
ECHDC2_TGACGCGACTGGGACTAGGC,ECHDC2,569,199,122
ECHDC3_GAAGGCCCGCAAGACGGCGA,ECHDC3,435,3,24
ECHDC3_TCTTGAGCAATCCCAAGAAG,ECHDC3,1348,136,148
ECHDC3_ACTGGCTCGTGTGACCAGAC,ECHDC3,317,129,69
ECHS1_GATTTGTCCTGTTGAGACAC,ECHS1,145,52,53
ECHS1_GAAGTCGCTGGCGATGGAGA,ECHS1,378,60,102
ECHS1_TATCATCTATGCCGGTGAGA,ECHS1,245,91,50
ECHS1_CGATGACTGGCTTCTTGACC,ECHS1,742,81,65
ECHS1_GGCCATTGTCCTCACCGGCG,ECHS1,969,60,251
ECHS1_GCGCACTCACCCGAGGCGAA,ECHS1,713,516,154
ECI1_CATCGCGCTGCGTGACCAGG,ECI1,563,88,98
ECI1_GAACACCATCGGGCACCGGG,ECI1,131,82,47
ECI1_AGCCCAGGGCCTTACCAGAA,ECI1,1470,605,628
ECI1_AGGCCGGCCGAGAAGACACC,ECI1,362,64,149
ECI1_CCTGGAGTTTCTGACGGAGC,ECI1,123,166,153
ECI1_CGTTGCGGTCAAGATGGCGC,ECI1,338,57,93
ECI2_CACCTAGGCCAAAGTCCGGA,ECI2,227,125,36
ECI2_GGCATCGAATAGCCCAAGGA,ECI2,132,133,35
ECI2_TGACAAACAACCTCAGCCCA,ECI2,1501,1270,349
ECI2_TGCCCTTGGCAGCCTGCCCA,ECI2,355,75,96
ECI2_ACTCTACGCGCTATATAAGC,ECI2,247,119,64
ECI2_GGCGTACTTGGCTTGGAGAC,ECI2,1272,181,381
ECM1_AGCCAAATAGGTCAAGACCA,ECM1,1285,213,597
ECM1_CCCACCCTTTCTCCTAGCCA,ECM1,3120,2135,1406
ECM1_TCTCACCCTGGCGAGTGAGG,ECM1,1042,271,322
ECM1_GAAAGGCAGCTCAAGACCCG,ECM1,669,226,123
ECM1_GCACTCATCCCGAGTAGGGC,ECM1,687,149,111
ECM1_TGGAGACACTGAGAACGCCA,ECM1,287,195,139
ECM2_GCTTATTGCCTCTACCAGAG,ECM2,112,228,185
ECM2_ATGTGGCCAAACACATAGCC,ECM2,687,217,315
ECM2_AAGGAGTACTAGGTGCAGCA,ECM2,567,305,451
ECM2_ATCTGTGGTGCTGTCAGCGG,ECM2,1448,372,519
ECM2_CGGTGGTATCTGGGTAAGCA,ECM2,1222,692,554
ECSIT_CATGGCGGGTGCTCATGACC,ECSIT,442,36,72
ECSIT_CTACCCGATGCAGCTGGACC,ECSIT,1539,314,470
ECSIT_TCAACAAAGACAGGCCGGGC,ECSIT,1151,335,485
ECSIT_CATGTTTGGCCTGCGGCACA,ECSIT,410,232,188
ECSIT_TGCCCAAACAGGTCCTCAAA,ECSIT,2426,804,649
ECSIT_GATGGAGGTTCCTGTGAGGG,ECSIT,173,33,32
ECT2_ATTCAAATGGATGCCCGAGC,ECT2,1017,142,72
ECT2_TAGGAGTGACCCTATGGAAA,ECT2,1466,372,1006
ECT2_CTAGGAGTGACCCTATGGAA,ECT2,1646,170,192
ECT2_CTCACCGAAGCTTAGTACAG,ECT2,3244,1,110
ECT2_TCACCGAAGCTTAGTACAGC,ECT2,210,0,3
ECT2_AGGGCTCTTATGACATCCCA,ECT2,91,0,2
ECT2L_GACGTTGCTTGTTAGTCCAG,ECT2L,715,113,67
ECT2L_CTTGTGTGTCCCACTTAGAC,ECT2L,1348,429,525
ECT2L_CCAGACTGTAAGGGAGCGAG,ECT2L,1001,278,276
ECT2L_ACATACTCTACCTCATACGC,ECT2L,1776,194,338
ECT2L_GAGCTAACCTGATGCTCCAA,ECT2L,147,63,100
ECT2L_TCGCAGAAGTAGATGGAAGA,ECT2L,1545,677,806
EDA_AGTTGCGCTCGGAGTTGCGG,EDA,736,33,194
EDA_TCGGAGTTGCGGCGGGAACG,EDA,249,106,212
EDA_GCGGCTTCTCCCGGTTCCAA,EDA,731,34,38
EDA_CCCTGTAGATGCACCACAGC,EDA,1117,340,198
EDA_TGCACACGCAGCATCGAGAC,EDA,924,671,762
EDA_TACAACACTTGCTATACCGC,EDA,1515,470,515
EDA2R_CACACAGGAGTCCTTTACCA,EDA2R,1918,796,859
EDA2R_TTCAACAGACATTGCCAGCG,EDA2R,2014,640,689
EDA2R_CTGCCTCCACTAAGCTCAAC,EDA2R,554,297,382
EDA2R_CACACATTGAACCTCAGAGG,EDA2R,1709,675,471
EDA2R_TCTCATAAAGCAAGCTCACC,EDA2R,67,78,56
EDA2R_AACACGATTGATGACAGCAC,EDA2R,300,225,329
EDAR_CAGACATACTGGAGTGGGCG,EDAR,284,204,266
EDAR_TGTCGCTGGTTCACCTGGCC,EDAR,192,71,419
EDAR_CCTGTTGCACCAGCCACCCG,EDAR,2046,386,481
EDAR_TGCTGCTGCCCGAGGTGCCA,EDAR,902,446,417
EDAR_ACCGAGGAACATCTATGGCA,EDAR,199,243,177
EDAR_GACCACTTACCACCAGGACG,EDAR,737,50,23
EDARADD_TTTAGTCGTCCTGAGGCCCA,EDARADD,747,82,109
EDARADD_AGGGTCGTCCGGTGAAGCCA,EDARADD,477,60,130
EDARADD_CCGGAACAGTCAGAGGACGG,EDARADD,799,281,195
EDARADD_AGCTCTGCAGGCTCTACCAC,EDARADD,127,0,0
EDARADD_TGGAGAAGGTTCTGCGCAGG,EDARADD,1151,557,479
EDC3_TGCCCGGTTCTGGTTGGCCC,EDC3,1297,257,165
EDC3_TCGCTCTTCAGCAAGACCCA,EDC3,1240,138,195
EDC3_GCTGACCCTTGAGCGGAGAC,EDC3,402,155,171
EDC3_GCCTTTCATTTGGGATGCCC,EDC3,152,101,13
EDC3_GCTCAAAGAGCTATGTCGAC,EDC3,183,101,182
EDC3_GGCATCAATCAGAATGGCAC,EDC3,9,27,0
EDC4_CCTGCGGGACATCCTCAAGC,EDC4,2582,747,493
EDC4_TTGTAGGCACTGGATGGCCG,EDC4,2214,370,306
EDC4_CCGAATGGCATAGGCCAAGA,EDC4,1113,407,724
EDC4_GACGCTGATCACCCGCACCA,EDC4,1519,100,226
EDC4_ACCAGATGATCCTGCGAAAG,EDC4,1689,231,175
EDC4_GGATGTTAGCCAGATCAAGC,EDC4,1002,149,126
EDDM3A_GCGTGCATGCATCAATGAGA,EDDM3A,952,475,352
EDDM3A_CGTGCATGCATCAATGAGAA,EDDM3A,2080,536,673
EDDM3B_CATACCCGTCCATGCTACAA,EDDM3B,1432,520,758
EDEM1_CCAGATGCGCGACCTGGCAC,EDEM1,374,212,67
EDEM1_GGCCTCAAAGACTTGGACGG,EDEM1,343,139,60
EDEM1_CAAACCAGTCTACCCACCCG,EDEM1,1765,853,552
EDEM1_TCAGAATCCCAAATTCCACC,EDEM1,324,132,280
EDEM1_TTCATAGAAGGAGTCCAGCC,EDEM1,869,303,335
EDEM1_GCCAGTTATATCTCTCAGGG,EDEM1,1122,294,33
EDEM2_TCCCTGCCGTACAGGTGACA,EDEM2,439,198,99
EDEM2_TTCCGGGCCTCTCCTGAGAA,EDEM2,1094,469,399
EDEM2_TGAAGTGCTCCAGGACAGCG,EDEM2,1579,1038,988
EDEM2_AGACGAGATACTTACCAGCA,EDEM2,1769,904,845
EDEM2_AGAGGTCGCAGCTCATCGAA,EDEM2,667,398,293
EDEM2_CATGGTGCGCCAGGTCCCGA,EDEM2,641,242,184
EDEM3_TGAAATCTCTGGCTCTCAGA,EDEM3,281,22,55
EDEM3_GACCTCGGAATATACAGAAC,EDEM3,527,225,90
EDEM3_TTCATGGCAGCAAATCCGCA,EDEM3,1495,334,433
EDEM3_ACTGGAGATTGGGTACGAAA,EDEM3,985,180,215
EDEM3_CCGGCTTTCAACACTACCAG,EDEM3,2106,420,531
EDEM3_GGCCGACACCAGGCAGAACG,EDEM3,885,496,490
EDF1_CATTGGAAAGCCCATCGAGA,EDF1,609,37,59
EDF1_CTGTTCAGCGGACCCGGCGA,EDF1,341,76,24
EDF1_GCACCATGACAGGGTGACCC,EDF1,308,132,51
EDF1_AGAACACGGCCAAGCTGGAC,EDF1,312,82,248
EDF1_ATCTTAGCGGCACAGAGACG,EDF1,1026,295,206
EDF1_CGCCCAGGCCAAATCCAAGC,EDF1,4367,665,966
EDIL3_ATCCTCCCGTACCAGGACCA,EDIL3,442,220,314
EDIL3_GGAACCAAGGAAAGCTCGGC,EDIL3,125,112,203
EDIL3_ACATGTTCACTTGGGAACCA,EDIL3,926,325,321
EDIL3_ATTCCACCTTCAATTCCCAG,EDIL3,261,254,209
EDIL3_ATCTGGACACTCACAGGAAA,EDIL3,974,325,325
EDIL3_ACGCCTTACCTTTGCCGAAC,EDIL3,929,321,589
EDN1_CTTAGGCGCTGAGCTCAGCG,EDN1,228,130,126
EDN1_AGCGCGGTGGGTGAGAACGG,EDN1,1842,701,358
EDN1_AGGAGCAGCGCTTGGACCGG,EDN1,823,131,355
EDN1_AGGAACACCTAAGACAAACC,EDN1,1477,203,237
EDN2_CCTCTTTGCCAAGCGACAAC,EDN2,448,347,477
EDN2_CTTCCGGCTTGGGACTGCCC,EDN2,20,14,19
EDN2_ACAGACAGCTCCTTACGGCC,EDN2,259,103,314
EDN2_GCGTCCTCATCTCATGCCCA,EDN2,955,73,63
EDN2_TTCATGCAGGGCCACGAGCA,EDN2,1999,699,558
EDN2_TAGCGCAACGGAGCACCAGG,EDN2,57,249,247
EDN3_CTGATCTAGGTTCATGGAGC,EDN3,1135,363,672
EDN3_AGGTCACTGTGAGCCCGAAA,EDN3,1054,423,587
EDN3_GGTGAAGCACGTGCAGCGCC,EDN3,190,5,86
EDN3_CCCAAACTCTGGACGTCAGC,EDN3,428,411,225
EDN3_ATCTTCACCTCCTTTGACAC,EDN3,516,232,259
EDN3_CCTTCCTGAAAGAGGCAGCG,EDN3,708,146,93
EDNRA_AAGGTCTCCAAGGGCAAGAC,EDNRA,770,137,73
EDNRA_AAGAGCGCAGAGGTTGAGGA,EDNRA,206,280,692
EDNRA_GAATGGCCAGGATAAAGGAC,EDNRA,327,58,76
EDNRA_CAATCGCTTCAGGAATGGCC,EDNRA,701,321,120
EDNRA_AAGATCGCAGTGCACACCAA,EDNRA,543,205,80
EDNRA_TTTGATCGTGGTTCTTCCAC,EDNRA,213,105,73
EDNRB_ATCTCGATGGGTCCTTGGCA,EDNRB,1486,271,346
EDNRB_CCTAAAGGAGACAGGACGGC,EDNRB,790,291,533
EDNRB_AGGCAAGAACCAGCGCAACC,EDNRB,1743,1049,757
EDNRB_TCTGGTTTGTCAGATCCGAG,EDNRB,546,284,410
EDNRB_ATGGAGACCACCTTCCCGGG,EDNRB,1020,129,143
EDNRB_ACCCGCCTGCAGCTCAAGGG,EDNRB,1015,479,583
EEA1_TGCCAAGGCTACATTGGAGC,EEA1,3147,470,583
EEA1_GCAGTTAACACAGGCAGCCC,EEA1,746,202,429
EEA1_GGCTCTTCAGCAAAGCACCA,EEA1,462,153,144
EEA1_CAAGTACCAGCATCTAAAGG,EEA1,614,112,249
EEA1_CTAAGGAGTGAACTTGCCAA,EEA1,1529,354,492
EEA1_TCAAGATCTGAAGACGGAAC,EEA1,990,288,391
EED_GGCGGAGGAATATGTCCGAG,EED,771,230,188
EED_GGAAGTGTCGACTGCGCCGG,EED,1051,145,155
EED_GCAGGCATGTCTGTTCCCGC,EED,838,76,111
EED_GCCATTGTGTGCTGGAAACC,EED,1815,532,705
EED_GCCAGGTTTCCAGCACACAA,EED,1928,552,477
EEF1A2_TAGCCGGCGCTAATCTGCCC,EEF1A2,347,17,37
EEF1A2_TTGAAGCCGACGTTGTCGCC,EEF1A2,239,31,37
EEF1A2_TCCCTTTGGTCCAGATGCCG,EEF1A2,807,138,228
EEF1A2_GCAGTGCTGATCGTGGCGGC,EEF1A2,508,179,504
EEF1A2_GGTGGTCTCGAACTTCCAGA,EEF1A2,48,16,7
EEF1A2_CATCGTGGTCATCGGCCACG,EEF1A2,2321,649,851
EEF1D_TCACAGGCTTGACATCCAGC,EEF1D,1446,122,122
EEF1D_CTGCACTGTCTGCAGGAGAA,EEF1D,770,553,643
EEF1D_CTACTGTTACTTCCTGCAGA,EEF1D,971,318,321
EEF1D_CCGGTATGATGCAGCCGAGA,EEF1D,847,338,419
EEF1D_CCGCTCAGCCTGGTCGAAGG,EEF1D,1381,386,874
EEF1E1_CAGTGCTCAGGGCGAGCGAC,EEF1E1,853,171,173
EEF1G_CTCCACCTTCCTCACCGGAA,EEF1G,3050,209,364
EEF1G_TTCAGGAATGTTCCAGCGAC,EEF1G,1670,488,584
EEF1G_CCTCAGACTCACCATCAAAC,EEF1G,2074,589,407
EEF1G_TCCCAACTCACCTTGCCGGC,EEF1G,393,80,42
EEF1G_GCGCATAAATCTGAGGCGAC,EEF1G,172,96,40
EEF1G_GAAGAATGTGGAGGCAAACC,EEF1G,479,354,204
EEF2_AGGTACTTTGACCCAGCCAA,EEF2,570,3,4
EEF2_ACTTTCTTGGCCCGCTCGGC,EEF2,162,51,26
EEF2_CCGTACCATGATGTTGCCCA,EEF2,427,158,254
EEF2_GCTGCCCTCCGAGTCACCGA,EEF2,371,27,0
EEF2_ACGCTTCACTGATACCCGGA,EEF2,1023,0,0
EEF2_CGAGGCAGGGTTACTCACCA,EEF2,1229,445,211
EEF2K_AGTGAGCGGTATAGCTCCAG,EEF2K,0,35,13
EEF2K_CTGGAAGCACGCAATCCAGA,EEF2K,852,141,336
EEF2K_CCTCATTGCTCCTCGGCCGA,EEF2K,214,177,320
EEF2K_CTACATCGAGCCCGTAGACC,EEF2K,2548,292,754
EEF2K_CCTCGATGTAGTGCTCCAGG,EEF2K,179,137,207
EEF2K_CCCACAGATCCACACGGAGA,EEF2K,1216,534,615
EEFSEC_ACTCGGGCAAAGACGACCGC,EEFSEC,451,82,15
EEFSEC_GCTGGTCATCGATGTGACCA,EEFSEC,423,39,36
EEFSEC_AGACATGAGGAACGGTCCCG,EEFSEC,686,23,0
EEFSEC_AGTTCCTGTCCTCTAGCCCG,EEFSEC,374,0,0
EEFSEC_GAACTTGCCGCTCTGGCCGA,EEFSEC,447,27,4
EEFSEC_CTTCGACACCCACAAGCGCA,EEFSEC,225,74,154
EEPD1_TGAACTTGCGGCTATGGGAC,EEPD1,648,483,608
EEPD1_CCCAACATCCGCAAGTGGAA,EEPD1,1800,530,707
EEPD1_AGGAGAGCTCGCCAAGCAAC,EEPD1,826,249,143
EEPD1_TCTGTGCAAAGCTCGCCAAC,EEPD1,909,383,327
EEPD1_ATGTTGGTGAAGGTGTGCGC,EEPD1,860,171,234
EEPD1_ACCAGTTATCCGGAATCCAA,EEPD1,437,45,101
EFCAB1_CCTCAGATGGCTGTTTGAGA,EFCAB1,1154,829,809
EFCAB1_GCAAGGTCTGGTTGTTGGAC,EFCAB1,633,234,292
EFCAB10_ATCTTCAGTGCATAGACCCA,EFCAB10,580,160,56
EFCAB10_GAGCGATGGAGACCAGCAGC,EFCAB10,428,149,54
EFCAB11_TGTGGAACATCTATGGCACA,EFCAB11,1041,144,116
EFCAB11_ATGTGGAACATCTATGGCAC,EFCAB11,349,1085,420
EFCAB12_CAGAAGATGACCCGGCCAGA,EFCAB12,854,194,174
EFCAB12_GCTCCGTGTACTGGATGGAG,EFCAB12,650,295,40
EFCAB12_TCCGCTCAAGAAGCAGGAGG,EFCAB12,1117,38,2
EFCAB12_AGTCCCTCTGAAGAACCAAG,EFCAB12,272,106,146
EFCAB12_GGTAGGAGTACATGACCGAC,EFCAB12,0,28,5
EFCAB12_CTTCGACCTCTGGCTCAGCC,EFCAB12,539,121,312
EFCAB13_CTTTGTAAATGCTCTCGCCA,EFCAB13,843,444,213
EFCAB13_TTGCCTTACAGAAAGTGGCA,EFCAB13,1096,280,259
EFCAB14_GCATTTGATTCCGATGGAGA,EFCAB14,695,180,280
EFCAB14_AGTTGGGCAGCTTTCTCAAC,EFCAB14,668,363,321
EFCAB14_CAAACAAACCTGAGAGCAAC,EFCAB14,839,601,305
EFCAB14_CCTTCACAACTCTTTAGAGG,EFCAB14,410,252,162
EFCAB14_CACTGTAGAGGGACTTCAGA,EFCAB14,1910,137,61
EFCAB14_CGGAGAAAGAAGCCCAAGAA,EFCAB14,1679,921,751
EFCAB2_GGTCTGGAGGGACAAGGCCG,EFCAB2,104,22,64
EFCAB2_CCTAACGATAACCTCGGCCG,EFCAB2,1267,180,230
EFCAB2_CGACCGGCTCCGCAGCAAGA,EFCAB2,1728,802,518
EFCAB2_AGATGGCGGACGAGAAGGAC,EFCAB2,816,227,508
EFCAB2_TTAGGATGCTGTCCTACGGA,EFCAB2,468,142,137
EFCAB3_GATGTGCACTGTAGCTAAGC,EFCAB3,311,145,263
EFCAB3_TTAGATTTGGCTGGCAACCC,EFCAB3,1736,171,319
EFCAB3_CACACCTCCAAGCTCAAGCA,EFCAB3,2398,994,1483
EFCAB3_AATCCGGGCAGCATTAGCAA,EFCAB3,3783,492,633
EFCAB3_CCATCCACATTAGGGAACAA,EFCAB3,2975,918,823
EFCAB4A_TGCTCCAGTATTGCAGCCCG,EFCAB4A,1054,171,345
EFCAB4A_CACTGGCTTCCTCACCGCCA,EFCAB4A,461,243,107
EFCAB4A_AGGAGACCTTTGAGTCGGGC,EFCAB4A,4,23,3
EFCAB4A_CGAGCAGGACCTGGAACGCG,EFCAB4A,345,128,292
EFCAB4A_CGCTGCGAACGCAGCTGGAG,EFCAB4A,40,36,23
EFCAB4A_AGTCAGCCTGCTACGGCAAC,EFCAB4A,436,173,224
EFCAB4B_CAAGCTGAAACTCACTAACC,EFCAB4B,604,641,674
EFCAB4B_TCAAGCCCGCAGTCAAGAGC,EFCAB4B,1711,501,296
EFCAB4B_GCTCTGGTTGCAGCTGAAGA,EFCAB4B,1413,183,336
EFCAB4B_TGTCCATCAGCATCCGGAAC,EFCAB4B,2030,1346,1356
EFCAB4B_GGAGGATGTGTTTGATGCCC,EFCAB4B,0,13,20
EFCAB4B_ACCTGTGATGCTGAAGGCAA,EFCAB4B,453,283,303
EFCAB5_TTCCTGACACTATCTGCAAC,EFCAB5,725,709,423
EFCAB5_GGTGGCCAACACACGGAAAC,EFCAB5,247,90,130
EFCAB5_CCCGAAATTCATCTGCAGAG,EFCAB5,3972,1164,1449
EFCAB5_GGTCATAGAACAATTCCAGC,EFCAB5,388,68,109
EFCAB5_GCAGAACAAGATCGACACAA,EFCAB5,684,689,362
EFCAB5_TCTCCAGGAGTTGCACAAAC,EFCAB5,849,424,744
EFCAB6_CACTAAGTCTCAAGCCAAGA,EFCAB6,954,287,266
EFCAB6_AGATCCTCCAATGAGAGGGC,EFCAB6,217,48,54
EFCAB6_TCATATGACCTTGGAGACAC,EFCAB6,1442,491,509
EFCAB6_TCTGATGCTCAGAAACCCGA,EFCAB6,529,84,253
EFCAB6_ACACGTAGCCACCTTTACAG,EFCAB6,3192,928,1091
EFCAB6_CAGTACCAGAGGTGCTAAGG,EFCAB6,1262,119,224
EFCAB7_CTTCGATGTGGTTTCCAAAC,EFCAB7,2205,838,828
EFCAB7_GCAGTATCAACGGATAACCA,EFCAB7,945,146,288
EFCAB7_TAAAGCTCTGGAGTTGACAG,EFCAB7,1304,190,265
EFCAB7_AGTGGGACCCAAATCTACAA,EFCAB7,708,222,138
EFCAB9_TTGTGTTTGACATGCTGGAC,EFCAB9,981,352,538
EFCC1_TTCCACCACCTGGACTGCCG,EFCC1,2912,1032,1283
EFCC1_TGTGCTCGCTGAGAGCGCCG,EFCC1,304,20,169
EFCC1_CCATCTCGTGGGTGCTCGCC,EFCC1,477,173,208
EFCC1_CTGCCAGGCTCCCTCTGGAG,EFCC1,1984,424,457
EFCC1_GAAGAAGACGCCGGCAGCCG,EFCC1,819,132,152
EFCC1_AGGGCTGTCTCCGCAACAGC,EFCC1,633,58,21
EFEMP1_CGGCACATGGCATTTGAGAC,EFEMP1,2900,1337,883
EFEMP1_GACCACAAATGAATGCCGGG,EFEMP1,401,0,23
EFEMP1_CTCGCTTCTGATATCCAGGA,EFEMP1,1801,686,222
EFEMP1_AACCAGTGGAGTGTTGCCCG,EFEMP1,865,815,368
EFEMP1_CCTGTGAGACAGCAATGCAA,EFEMP1,1707,579,341
EFEMP1_AACTATGCTGACTCTGGCGC,EFEMP1,579,87,69
EFEMP2_CTGGTGGCAGCGACACAGGA,EFEMP2,282,329,346
EFEMP2_CAGCCTCACCAACACAGGAG,EFEMP2,1023,157,179
EFEMP2_CTTGCGGTAACCATCAGGGC,EFEMP2,724,175,149
EFEMP2_TGATCGTCGGGCTCATAGCC,EFEMP2,736,295,341
EFEMP2_CCAGACAGCCAGCACTGCCG,EFEMP2,1061,330,296
EFEMP2_AGAGCCCGACAGCTACACGG,EFEMP2,748,166,362
EFHB_AGCAGGAATGTCAGATCGAA,EFHB,314,580,415
EFHB_AGCCTTCAGGCACTATGACA,EFHB,853,491,264
EFHB_AAATCTCACGATCAAGCACC,EFHB,745,125,102
EFHB_AGTCCAATGTCCACCTCCAC,EFHB,1076,181,196
EFHB_CTTGGTTCCATAACGAAAGC,EFHB,454,108,202
EFHB_AGAATTCAATTAGCCCAGCG,EFHB,1814,850,869
EFHC1_AAAGGACGTGCCCGGAAGAA,EFHC1,1198,319,254
EFHC1_CCTGGGACAGCTGGTTGAAC,EFHC1,2512,418,366
EFHC1_AAATTCGAGAGGTCCACGAA,EFHC1,520,94,267
EFHC1_CTGACCAAGAAGTGTTGGAA,EFHC1,1729,344,590
EFHC1_ATACCAGAATTGCGAACAGG,EFHC1,547,270,226
EFHC1_CATACTGACCTCCTTAACCA,EFHC1,1424,416,423
EFHC2_AGAAGTCGCGTTAAGAAGCC,EFHC2,449,236,570
EFHC2_TGATGGTGACTCCTAGGGAC,EFHC2,1514,99,163
EFHC2_CCACCTAGAGTCTATCAACC,EFHC2,2750,392,850
EFHC2_TGGGTAGCTTACTCCTCCGG,EFHC2,1305,242,323
EFHC2_GAAGAGTAATCCGATGACGC,EFHC2,906,164,253
EFHC2_CTTATGTTCACAGGTGGGAA,EFHC2,2629,588,473
EFHD1_CCTCGTTGATGTCCAGCCGC,EFHD1,557,26,82
EFHD1_CCAGGTCCTTGATGAGGCGG,EFHD1,382,275,668
EFHD1_TGGCAAGCTCAGCTTCCGGG,EFHD1,7,162,82
EFHD1_TTCTGAGATCGATGTGGCCC,EFHD1,811,267,238
EFHD1_AAACTTACTGGCCGATGACA,EFHD1,306,72,248
EFHD1_GCAAGATGAGCGGAAGCGGG,EFHD1,342,229,350
EFHD2_CGGCGCGCAGACCTCAACCA,EFHD2,1657,472,641
EFHD2_ATCTTCCGCAAGGCGGCGGC,EFHD2,97,68,138
EFHD2_GACGTCGATCTCAGAGAGGC,EFHD2,961,205,138
EFHD2_AGACGTCGATCTCAGAGAGG,EFHD2,1064,165,108
EFHD2_GGCTGGACACGTTGATGGCC,EFHD2,249,125,24
EFHD2_CCTTGATCTCCTCCTCGAAG,EFHD2,2423,288,261
EFNA1_AGCGGACTTGGTCCTTGGAC,EFNA1,871,289,337
EFNA1_AAGTCCGCTGGCAGTGCAAC,EFNA1,1100,387,214
EFNA1_AACCGGCCCAGTGCCAAGCA,EFNA1,2672,1148,1342
EFNA2_CGTAGCGGTCCGAGTTGGCG,EFNA2,488,39,133
EFNA2_GCTGTACATGGTCAACGGCG,EFNA2,1462,664,360
EFNA2_CTGTACATGGTCAACGGCGA,EFNA2,1220,211,311
EFNA2_CGCCTCCCAATGCTGTGGAC,EFNA2,1885,329,289
EFNA2_TACACCTTCAGTCGCAGGCA,EFNA2,1488,240,303
EFNA2_CAATAACTCGTGTAGCAGCC,EFNA2,1206,80,203
EFNA3_CCCAGAGGACAGTCCGCAGC,EFNA3,627,65,164
EFNA3_TCCAGTAGACTACGTGGCGG,EFNA3,773,47,57
EFNA3_AGTAGTACTCGTGGCCGGCG,EFNA3,894,0,186
EFNA3_GAAGGCGATGCCCACGGCCA,EFNA3,218,25,65
EFNA3_AGAAGGCGATGCCCACGGCC,EFNA3,411,38,85
EFNA4_TTGTACATGGTGGACTGGCC,EFNA4,359,351,537
EFNA4_ATTGAACATGGCCAAAGGGC,EFNA4,193,56,37
EFNA4_ACACCTGGAGCCTCAAGCAC,EFNA4,1826,320,329
EFNA4_AGTGGCACATCAGGGTGGCG,EFNA4,251,195,196
EFNA4_GGCACATCAGGGTGGCGAGG,EFNA4,15,87,31
EFNA4_GCCAATTCAGACCGACAAGA,EFNA4,856,300,415
EFNA5_GAGTCAGCCGAGCCATCCCG,EFNA5,344,457,154
EFNA5_AACCGGCCTCACTCTCCAAA,EFNA5,606,122,205
EFNA5_CCTGCGACCACACTTCCAAA,EFNA5,2535,772,983
EFNA5_GCCTGCGACCACACTTCCAA,EFNA5,533,264,202
EFNA5_GACAGCGTAGCGGTCGGCGA,EFNA5,179,32,22
EFNA5_GCACGTGGAGATGTTGACGC,EFNA5,1631,157,153
EFNB1_TTGCCGAGCCAACGCTGCCC,EFNB1,731,148,293
EFNB1_CGGCAAGTGGCTTGTGGCGA,EFNB1,2611,635,490
EFNB1_AGCAACATCCAATGGAAGCC,EFNB1,1136,60,144
EFNB1_GCTTGCCATCAGAGTCACCC,EFNB1,749,99,206
EFNB1_TGCCCTCTCGCTCAGTACCC,EFNB1,925,51,242
EFNB1_ACCCTGGCCAGTCCCAAGGG,EFNB1,1021,103,237
EFNB2_TCCTCCGGTACTTCAGCAAG,EFNB2,1529,210,599
EFNB2_AGACGTCCAGAACTAGAAGC,EFNB2,867,236,173
EFNB2_GCCTGGATAACCAGGAGGGA,EFNB2,281,246,172
EFNB2_GGCCTGGATAACCAGGAGGG,EFNB2,555,122,71
EFNB2_ATTTCTACCTGGACAAGGAC,EFNB2,555,95,96
EFNB2_GCTTCGCCATGGCTGTGAGA,EFNB2,242,1,43
EFNB3_TTCGCCGAGTTCCAGTAGAC,EFNB3,1690,268,338
EFNB3_GGCGATCACAAGTGAGAAGG,EFNB3,169,209,235
EFNB3_CACTTGTGATCGCCCAGACC,EFNB3,1187,343,246
EFNB3_CATGAAGGTGCTTCTCCGAG,EFNB3,1034,595,534
EFNB3_TGCCCATGGAAAGAGACCGA,EFNB3,1063,309,104
EFNB3_CCAGGGTGGCGACTCTCCGA,EFNB3,187,116,48
EFR3A_CGGCCACTCACGGGTAGGCA,EFR3A,2242,490,875
EFR3A_CAGGGAATATGTTGTCCACC,EFR3A,144,144,79
EFR3A_AGTATCTGCTCCAGAGAAAC,EFR3A,549,164,302
EFR3A_TTTGATTGCTATGGAGGCAC,EFR3A,503,81,159
EFR3A_CATATGCTGAGGTTCCCAAA,EFR3A,937,310,498
EFR3A_CTAGAATCTCCTGGATCACA,EFR3A,888,273,501
EFR3B_CATCTTCCCTGAGGATCCCG,EFR3B,703,241,439
EFR3B_TGAGAGGCTCATCCGTGACG,EFR3B,1780,317,575
EFR3B_TCCTTACCGAGTTGGTGCCG,EFR3B,1036,308,410
EFR3B_TCATAGCTCCGGTGATAGGA,EFR3B,1286,352,353
EFR3B_AGGCATCAAAGGCCTGCAAG,EFR3B,1034,371,186
EFR3B_TGTTGGCGTCCAGGTGGCCC,EFR3B,1112,321,218
EFS_GGTGGTGGCTGCTCATCGCC,EFS,3,107,97
EFS_GGGATCCTGAACTGCCCGAG,EFS,387,39,53
EFS_CGCTCGTTTCAGGTTGGAGG,EFS,350,423,317
EFS_TGGAGGTCCTGAGGTTGGAC,EFS,1762,344,318
EFS_AGGAGCTGTCCTTCCGCCGA,EFS,948,121,192
EFS_CACCGACGTGGCAATGGCCA,EFS,334,460,306
EFTUD1_AACGCAGTACGAAAGCGGAA,EFTUD1,1255,78,72
EFTUD1_CTCAGTAGTTGGCACCCAGA,EFTUD1,737,8,0
EFTUD1_ATACTAGTTGTGGGCTGGCC,EFTUD1,462,523,34
EFTUD1_AACACCTAACAGGGAGAAGA,EFTUD1,213,58,37
EFTUD1_CATGGCTCGAACACTGAGCG,EFTUD1,1368,1,27
EFTUD1_GGTATAAATGGTGGGCAGGA,EFTUD1,545,0,0
EFTUD2_TGGAGAAGCAGACGTTACCC,EFTUD2,907,0,15
EFTUD2_GCATGCGGTGCAGGAGAGGC,EFTUD2,655,20,0
EFTUD2_GCTGGCTTGCGCATCTCAGA,EFTUD2,473,0,0
EFTUD2_CTTTGTGGACATCTCCACCA,EFTUD2,535,0,0
EFTUD2_ACCTGTTACGGTGTATGAGA,EFTUD2,224,0,0
EFTUD2_GATCATGACGATGACCACCC,EFTUD2,247,0,20
EGF_GAAGGTACTCTCGCAGGAAA,EGF,179,122,142
EGF_TCTGAATGGGTCAAGGCAAG,EGF,1030,362,377
EGF_AGCCAACAAACACACTGGAA,EGF,1475,762,423
EGF_GATACGCCCTAAGTCGAGAC,EGF,61,170,169
EGF_CGTGCAGTAATAGGATCCAG,EGF,1312,277,320
EGF_GACTGTGTTCTGACATCAGA,EGF,231,353,333
EGFL6_AGAGCAGCAGCGGGAGCGCA,EGFL6,1075,101,150
EGFL6_AACTGGCCTGCTGCTACGGC,EGFL6,400,276,571
EGFL6_GATGCTTTCCAGGATACACC,EGFL6,21,26,105
EGFL6_GCCAATTGCTTCAATACCCA,EGFL6,975,355,257
EGFL6_GAAAGCGCTAACTTCCAAAC,EGFL6,1093,351,331
EGFL6_CGACTTTGTCTCCGGCCAGC,EGFL6,401,147,448
EGFL7_ACAGAGCACGCCTACCGGCC,EGFL7,316,0,14
EGFL7_GGCTAGGGCTTGGCTCACCC,EGFL7,268,35,244
EGFL7_GCACGAACGACTCGGAGACA,EGFL7,2852,684,887
EGFL7_CCCGGCTGGAAGAGGACCAG,EGFL7,1628,173,239
EGFL7_CCGGCTGGAAGAGGACCAGC,EGFL7,1030,202,135
EGFL7_CTGGCACCAGTAACTGCCGG,EGFL7,877,14,287
EGFL8_CCGATAGAGGTTAGACCGCA,EGFL8,923,128,368
EGFL8_AGAGACCATCCCAATGCCAC,EGFL8,92,63,190
EGFL8_CTTTCTGCGTGTGGGCCACC,EGFL8,192,120,100
EGFL8_CTGCTACTGATACCAGGCGA,EGFL8,1858,537,663
EGFL8_AGGACTCGTTGTAGTGGAGC,EGFL8,391,65,41
EGFL8_GCTGGAAGAAGCGGCACCCG,EGFL8,632,75,76
EGFLAM_TGCAGGCGCCGGCTGCGAAA,EGFLAM,1486,449,392
EGFLAM_GCCTCCTCTTGACATCAAGC,EGFLAM,647,111,145
EGFLAM_CAGCCGGGACATCCCGACCA,EGFLAM,1298,467,186
EGFLAM_ATAGCAGCTTACAGCCAGGC,EGFLAM,589,120,94
EGFLAM_TCGCTCCAGGTTTCCAAGAC,EGFLAM,1247,749,752
EGFLAM_TCATTGCCCTCACGGCAAAC,EGFLAM,516,568,524
EGFP_TGGTTGTCGGGCAGCAGCAC,EGFP,922,376,563
EGFP_GGTTGTCGGGCAGCAGCACG,EGFP,706,65,102
EGFP_TTCAAGTCCGCCATGCCCGA,EGFP,785,294,405
EGFP_CGGCGGTCACGAACTCCAGC,EGFP,297,392,530
EGFP_GGTGCCCATCCTGGTCGAGC,EGFP,494,121,72
EGFP_GAAGTTCGAGGGCGACACCC,EGFP,549,221,262
EGFP_CATGCCGAGAGTGATCCCGG,EGFP,1551,775,473
EGFP_TCAGCTCGATGCGGTTCACC,EGFP,535,343,377
EGFP_GCCGTCGTCCTTGAAGAAGA,EGFP,59,6,8
EGFP_CAGCTCGATGCGGTTCACCA,EGFP,278,175,207
EGFP_GAAGGGCATCGACTTCAAGG,EGFP,510,74,73
EGFP_CCTCGAACTTCACCTCGGCG,EGFP,36,189,237
EGFP_CTGGACGTAGCCTTCGGGCA,EGFP,2441,945,738
EGFP_ATCCGCCACAACATCGAGGA,EGFP,2390,837,485
EGFP_CGTAGGTGAAGGTGGTCACG,EGFP,2476,1649,1818
EGFP_CTGCACGCCGTAGGTGAAGG,EGFP,1422,631,695
EGFP_CAACGAGAAGCGCGATCACA,EGFP,1083,289,347
EGFP_TGGAGTTCGTGACCGCCGCC,EGFP,117,156,379
EGFP_GCCGTCCAGCTCGACCAGGA,EGFP,1132,516,738
EGFP_CAAGTTCAGCGTGTCCGGCG,EGFP,2049,602,634
EGFP_AAGTTCAGCGTGTCCGGCGA,EGFP,1821,486,642
EGFP_GGTCTTTGCTCAGGGCGGAC,EGFP,113,179,247
EGFR_AGCGATGCGACCCTCCGGGA,EGFR,224,203,297
EGFR_TTACTCGTGCCTTGGCAAAC,EGFR,1575,329,520
EGFR_CTCTTCTTAGACCATCCAGG,EGFR,910,77,91
EGFR_AGGGTTGTTGCTGAACCGCA,EGFR,297,72,44
EGFR_ACCAGGCAGTCGCTCTCCCG,EGFR,342,124,180
EGFR_AGCTATGAGATGGAGGAAGA,EGFR,946,90,403
EGLN1_TGCCCAGCTTCCCGTTACAG,EGLN1,2712,208,294
EGLN1_GCTGCTCATGAGCAGCCCAA,EGLN1,8,0,8
EGLN1_CAGCCCAATGGTTTCGCAGC,EGLN1,1493,273,351
EGLN1_TGGATCGAGGGCAAGGAGCC,EGLN1,368,37,72
EGLN1_ACACCGGGAAGTTCACGGAC,EGLN1,1859,31,70
EGLN2_ACTCCTGGACAGTGGTAGGA,EGLN2,877,55,330
EGLN2_GGGCCGTTTGCTGGGTGAAG,EGLN2,765,173,128
EGLN2_TGGCGTGTTACCCAGGCAAC,EGLN2,1641,140,263
EGLN2_TGATGCAGCGCCCATCGCCG,EGLN2,807,334,522
EGLN2_GGCTCGATGTTGGCTACCAC,EGLN2,677,73,107
EGLN2_TCATACCTGGTGGCATAGGC,EGLN2,705,67,297
EGLN3_TGCAGCCCTCTTACGCAACC,EGLN3,2174,394,946
EGLN3_GATCCTGCGGATATTTCCAG,EGLN3,288,48,43
EGLN3_TGGGATTTCTCCATAGGCAA,EGLN3,818,652,656
EGLN3_TGGTCCTCTACTGCGGGAGC,EGLN3,603,96,137
EGLN3_AAGCCCACCTCGTGCAGACA,EGLN3,1417,544,404
EGLN3_CATCGTGCCCTGTCTGCACG,EGLN3,1885,498,924
EGR1_CTGCTCGTCCAGGATGGCCG,EGR1,1786,622,455
EGR1_CGGGTCAGAGATCTGCAGCG,EGR1,704,476,153
EGR1_TTCAACCCTCAGGCGGACAC,EGR1,971,331,498
EGR1_GGCCACTGACCAAGCTGAAG,EGR1,1469,257,277
EGR1_TTGGCGGCAGGGTAGGCAGG,EGR1,393,39,35
EGR1_GCTCGTCGGAGCGGGAGAAG,EGR1,694,314,384
EGR2_CAGCAGAAGGCTGCGACCGG,EGR2,358,80,51
EGR2_AGGTGGTGGGTAGGCCAGAG,EGR2,2298,547,472
EGR2_GATGAGGCTGTGGTTGAAGC,EGR2,598,234,134
EGR2_ACTCCGTTCATCTGGTCAAA,EGR2,1523,406,618
EGR2_CAGTTCGGCATTGGGAAAGA,EGR2,1609,457,586
EGR2_GGAGCAAATGATGACCGCCA,EGR2,322,93,130
EGR3_CGTCCGAACGGCTGAAACGG,EGR3,5923,1313,1581
EGR3_GGAGCGGTGTCTTGCTAGGC,EGR3,837,156,195
EGR3_AGCATGGTGCAGCCACCGCA,EGR3,1032,206,720
EGR3_GCAGACGTCCACGGCCAGCA,EGR3,821,363,836
EGR3_CGCAGTACCTCTCCCACCGC,EGR3,1823,657,841
EGR3_GGATGGAGCCATGTGCGGCG,EGR3,1446,351,297
EGR4_GGCCTATGACGCTTTCCCGC,EGR4,26,164,100
EGR4_CCAGAACGCCTCTGGGAAAG,EGR4,1915,680,660
EGR4_CGCTGTAGCTGAGGCCGGGA,EGR4,1008,525,391
EGR4_CTTACCTCCAGGGTAGCCGG,EGR4,398,50,105
EGR4_AGCCCGGCAGCGCTTTGGAG,EGR4,2677,512,613
EGR4_TTATATAGCTGCGGCGGCGC,EGR4,545,171,181
EHBP1_TGGCAGGCAACCAGATAAAC,EHBP1,4470,1923,1621
EHBP1_GAGCTTTCCTTCGACCAGAA,EHBP1,1117,536,511
EHBP1_TCTTAGACCTTCAGAGGAAC,EHBP1,708,215,372
EHBP1_TCTGAGTCAGGATCTCCAAA,EHBP1,663,262,336
EHBP1_ACTTCAGGATCTGATGACCC,EHBP1,409,119,45
EHBP1_AGAGATGCAGCCTTAAAGGC,EHBP1,583,370,243
EHBP1L1_CGTGGTAACAGGCCACGAAC,EHBP1L1,2417,448,311
EHBP1L1_GCAGATGCGTCGGTTCCGAC,EHBP1L1,333,57,180
EHBP1L1_ACCAGTATGAGGCCAAAGAG,EHBP1L1,1686,338,518
EHBP1L1_AGCCTCACTGGGACTTGGAC,EHBP1L1,615,256,206
EHBP1L1_AGCGTCTTCAGCTCTCGAGA,EHBP1L1,495,34,186
EHBP1L1_CAGAACGAGCTAATGAAGCG,EHBP1L1,1359,322,215
EHD1_CGTGATCTTGCCGTTGACAG,EHD1,4063,923,1062
EHD1_TGCTGGCCAACGACATCGCG,EHD1,1107,422,203
EHD1_ATGACCTGATCAAGCGGGCA,EHD1,294,211,293
EHD1_TCTCTCCAGACAGGATCCCG,EHD1,540,54,70
EHD1_CATCCGACACCTGATCGAGC,EHD1,931,148,174
EHD1_GCTCCGGCTCCTTCTTGCGG,EHD1,1112,357,352
EHD2_AGACTTCGACGGCAAGCCCA,EHD2,376,44,191
EHD2_GCTTTGTGGCCGTCATGCAC,EHD2,275,89,60
EHD2_GGCACCCGACAGGATACCCG,EHD2,130,0,0
EHD2_CAACCGGCGCCTCTTCGAGC,EHD2,1106,219,57
EHD2_TTCTCCTTCCCAAACACAGA,EHD2,938,32,184
EHD2_ATGGGCCCGTTTGTGGAGCG,EHD2,1058,457,538
EHD3_AAGCGGTAATGCTCTTCCAA,EHD3,382,700,430
EHD3_TTTCTTGGGATCCACCACCA,EHD3,967,357,370
EHD3_TCAGCGTCATCGACACACCA,EHD3,2346,835,1136
EHD3_CAAAGCCCTCAAGAACCACG,EHD3,1627,448,326
EHD3_TTGTCCTTCCCGAACACCGA,EHD3,387,187,183
EHD3_GGCGCACTAGCACCATGAGC,EHD3,342,131,191
EHD4_AGGGACTTCCTGTGCGAGGG,EHD4,561,155,154
EHD4_ATCAGGTGTCAACGCCAAGA,EHD4,1050,469,263
EHD4_TGATGATGTAGGCATGCACC,EHD4,167,108,240
EHD4_GGGCCTCAGCCTCGAAGAGC,EHD4,49,48,115
EHD4_GGATCTTGTCGTCCTGGCCC,EHD4,336,0,177
EHD4_AAGCGGTACGCCTCCTCCAG,EHD4,228,73,58
EHF_GACAGCTACTCCACGTGCAA,EHF,1478,90,378
EHF_CCAGCTGGTTGGTGTCCAGG,EHF,647,411,160
EHF_GGAACAGGTCACTACTGCAC,EHF,583,7,85
EHF_AGCCTTCCATCATGAACACC,EHF,1411,288,358
EHF_TGTGATGACAGCTTACCAAC,EHF,1549,396,467
EHF_GGTTCTTGTCTGGGTTCAAG,EHF,199,83,183
EHHADH_GGACGATTTGGCCAGAAGAC,EHHADH,1472,376,206
EHHADH_GCCTCCTGTGCAAGACACCC,EHHADH,316,65,144
EHHADH_GCTGGGTTCCTCTTGCACCA,EHHADH,1075,380,388
EHHADH_GGTGGCAGCAATCCAAGGCA,EHHADH,372,298,205
EHHADH_TGACCGGCGGGTTTCGGAGG,EHHADH,119,21,21
EHHADH_AATCCGCCTCCGAAACCCGC,EHHADH,684,0,9
EHMT1_ACAGGCAGTTCCGGCGAGGG,EHMT1,907,110,77
EHMT1_GACCTTGACGTCGGCGCCAG,EHMT1,848,49,116
EHMT1_CGACTGATGAAGGGATGGGA,EHMT1,551,193,616
EHMT1_TCTTACCTTGGAACCCACAG,EHMT1,907,279,276
EHMT1_CGACTCAGAGGAGCTCGAGG,EHMT1,635,99,154
EHMT1_AGCAGGAGTCCGTGGACACC,EHMT1,1118,0,9
EHMT2_GATTGACCGCATCAGCGAGA,EHMT2,78,128,93
EHMT2_GCAATTGGCAATTACCAGCG,EHMT2,3051,450,469
EHMT2_CGTCTCGGAAACGGCGCAAG,EHMT2,2807,502,580
EHMT2_GGAGAAGTGACCCTGACGAA,EHMT2,1075,399,239
EHMT2_ATAGCCAAACTCTGGACAGA,EHMT2,54,18,9
EHMT2_GCAGGGTTTCTTCACTACGA,EHMT2,820,459,201
EI24_TGGACCTACCTGAAACCAAA,EI24,233,168,231
EID1_GATGGATGTGATGCCTGGCG,EID1,264,68,18
EID1_CGAGGGTGACCTTCCGCAGA,EID1,2477,375,136
EID1_CTTGCTAACGGGCCCAACGC,EID1,2906,564,706
EID1_CAGCGTTGGGCCCGTTAGCA,EID1,1148,678,1097
EID2_TCAGCGAAATCCTCACAGGG,EID2,1482,559,1064
EID2_TCCGTTCCCGTGTCTGGACC,EID2,1283,229,268
EID2_ACGAAGAGGGTCCCGAGGGC,EID2,969,331,206
EID2_CAGTGTCCCGCAGACAGGCG,EID2,62,339,166
EID2B_GCAGCGAAGTCCATCTGCGG,EID2B,1791,253,585
EID2B_CGTCAGCGACGTACTGCGGG,EID2B,1430,231,102
EID2B_GCGTCAGCGACGTACTGCGG,EID2B,1011,273,285
EID2B_CGGAGATAGCAGTGTCCCAC,EID2B,543,306,379
EID2B_GGGACTATGGCGGAGCCGAC,EID2B,0,26,55
EID3_GGAGGGAGCGCTGATGAAGA,EID3,271,243,135
EID3_GGATGTGTCAGTGAGGGCCG,EID3,1264,293,127
EID3_AGAAGTGCCGCAGCATCCGC,EID3,969,242,92
EID3_TTCGGCTCACGCCATCAAAG,EID3,809,464,264
EID3_CTGTTTCCTGCCATGGCAAC,EID3,858,270,401
EIF1_CCCATAGCTTACCGAAAGAG,EIF1,1340,839,691
EIF1_AACTCACCTCTACGAGGAAC,EIF1,524,31,22
EIF1AD_TGGCTGAGAAACACAACAAC,EIF1AD,1672,196,529
EIF1AD_TGCGCTCTCTGCAGAAGGAG,EIF1AD,647,42,132
EIF1AD_CGTGCGCTCTCTGCAGAAGG,EIF1AD,4,0,0
EIF1AD_ACAATCTGCTGCTGGTCGGA,EIF1AD,641,0,0
EIF1B_GGTGACGACTTACTCCCGGC,EIF1B,87,60,5
EIF1B_TGAACATCCTGAATACGGAG,EIF1B,740,346,147
EIF1B_ACAGGTTGGCATTGTAAAGG,EIF1B,1923,440,667
EIF2A_CTCACCTGTCAAGAGCGGCG,EIF2A,385,142,618
EIF2A_TCTTTAGTCCGAGGATCAGA,EIF2A,146,39,76
EIF2AK1_GATAGTCGAGAGAAACAAGC,EIF2AK1,217,34,9
EIF2AK1_CTGCTGTTCCACAATTGAAC,EIF2AK1,1660,538,449
EIF2AK1_AGTGCTCTCCGACCAGGAAG,EIF2AK1,731,241,196
EIF2AK1_TTGTTGGCTATCACACCGCG,EIF2AK1,1054,482,538
EIF2AK1_AAACCCACTTCGTTCAAGAC,EIF2AK1,1481,644,634
EIF2AK1_GGCCATCGACTTTCCCGCCG,EIF2AK1,840,127,481
EIF2AK2_GCAAGACTATGGAAAGGAAG,EIF2AK2,1409,260,106
EIF2AK2_GCGATACATGAGCCCAGAAC,EIF2AK2,2540,779,746
EIF2AK2_AAGGCACTTAGTCTTTGACC,EIF2AK2,373,71,133
EIF2AK3_CCAGACATGGAAACGAGAGC,EIF2AK3,1380,431,225
EIF2AK3_CCAATGGGATAGTGACGAAA,EIF2AK3,2292,688,825
EIF2AK3_TGGATGGAGCCCTCTTCCAG,EIF2AK3,1691,44,262
EIF2AK3_TTCATGTGCTACTCAGAAGG,EIF2AK3,2142,695,643
EIF2AK3_TACCTCTGGTTTGCTAAGGC,EIF2AK3,216,83,252
EIF2AK3_CTCAGCGACGCGAGTACCGG,EIF2AK3,1350,336,439
EIF2AK4_CGTTGCGGGTAGCTCTCCGG,EIF2AK4,250,15,24
EIF2AK4_CGCTGAGAAATGACTGCACG,EIF2AK4,3519,385,521
EIF2AK4_ATCGGGCAAACTCCTCAGGA,EIF2AK4,652,35,110
EIF2AK4_GATCAGCTCATGGTGCACAA,EIF2AK4,73,112,186
EIF2AK4_AGCTGGTAAGTCACTAGGGA,EIF2AK4,1463,408,614
EIF2AK4_AGGATGACCGAGCTGCACGC,EIF2AK4,1187,152,90
EIF2B1_CCAGATTGGAACCAACCAGA,EIF2B1,838,0,0
EIF2B1_CATCTAGCACCACAGTGACA,EIF2B1,1251,7,7
EIF2B1_AAATCGCTTCTTGGCCGCCA,EIF2B1,573,47,154
EIF2B1_AGGCAAGACTGATGAAGCGG,EIF2B1,964,262,52
EIF2B1_GAACTCCAGCAACGTCCGGA,EIF2B1,28,0,0
EIF2B1_GAGGACGCCATGGACGACAA,EIF2B1,151,0,14
EIF2B2_CTTCGTGGAGACCCTGAAGC,EIF2B2,903,80,75
EIF2B2_TCTCCGCACCATGTTGCCCA,EIF2B2,633,319,63
EIF2B2_CACAAACTGTTGACATCCGG,EIF2B2,1177,44,0
EIF2B2_TCAAAGAGGCTGCCCGAAAG,EIF2B2,2150,345,468
EIF2B2_GCTGTGAATTTGTCCAAAGC,EIF2B2,2518,191,224
EIF2B2_AGGAACTCACACTCTGGCAC,EIF2B2,958,0,0
EIF2B3_CAACAATGCTGTGATCGAGA,EIF2B3,655,68,125
EIF2B3_ATCTGGGCTGACGAATGGAC,EIF2B3,511,86,114
EIF2B3_AGAAGCCAATACACTGAACC,EIF2B3,914,252,206
EIF2B3_TTCATTGGAGTGGACAGCAC,EIF2B3,1490,82,44
EIF2B3_AGAACCTGTTCCCGGTCAAA,EIF2B3,1191,479,289
EIF2B3_CAAATCCAACACGCTCAAGC,EIF2B3,549,90,32
EIF2B4_CGCCATCAAGTTCCTTAACA,EIF2B4,3499,1426,908
EIF2B4_CCTGCTTCGTGCCTTGCAGC,EIF2B4,617,0,0
EIF2B4_TGTCAAGGTTCCTACACGAA,EIF2B4,1759,423,68
EIF2B4_TGAGCGTCGAGCCAAGCAGG,EIF2B4,353,106,15
EIF2B4_GCACGAGTACTCGGCGCAGC,EIF2B4,72,61,72
EIF2B4_TGTGGCCGTGGCTGTTCGCG,EIF2B4,239,154,158
EIF2B5_ACCAGGCGGCGCCACTACAG,EIF2B5,831,21,138
EIF2B5_CCAGAGCCCTTGAGGAACAC,EIF2B5,2135,81,50
EIF2B5_CTGTGGATAGTACCACAAAC,EIF2B5,1852,688,370
EIF2B5_CATCACTACTGCCCTGAAAC,EIF2B5,1719,168,414
EIF2B5_AGGTCTCTTAGTGAATGAGG,EIF2B5,128,8,0
EIF2B5_CATGTGTAGGTTGGAGACAC,EIF2B5,555,0,0
EIF2D_ATCCAGGGCCAGTGGAGCAA,EIF2D,1200,68,33
EIF2D_AACTCTGTACCCACCACAAG,EIF2D,1522,393,234
EIF2D_TGTACCTGAGGCAGACCAGC,EIF2D,1153,249,163
EIF2D_GCCTCTGGTGCTCGAGAAAC,EIF2D,1204,292,255
EIF2D_GACTTGATCAGTTCCAAGGG,EIF2D,353,316,383
EIF2D_CTTTCGGGTCAAGTCCAACA,EIF2D,1306,368,304
EIF2S1_GATGACAAGTACAAGAGACC,EIF2S1,86,0,0
EIF2S1_TGTAATGACTACGACAACCC,EIF2S1,681,57,117
EIF2S1_GACTGAACTTGCGAGGCAGA,EIF2S1,12,33,22
EIF2S3_TCCTTACCAATAAGACCGCC,EIF2S3,102,26,1
EIF3A_CAATTGTCTGGCGGCGAGCC,EIF3A,115,203,167
EIF3A_GGGCCATAGTAGATGCAGCC,EIF3A,873,9,102
EIF3A_ACTCTGTGAGCGAGTCACAA,EIF3A,774,16,19
EIF3A_GGAAACCAGACTTGTTCAGC,EIF3A,583,94,108
EIF3A_TCGCAAGAGCCACTTGGCAA,EIF3A,1173,7,30
EIF3A_AATGCCCTCAAACGCGCCAA,EIF3A,264,0,0
EIF3B_CATGCAGGACGCGGAGAACG,EIF3B,1707,96,42
EIF3B_AGTGGACAATGTCCCTCAGG,EIF3B,97,0,0
EIF3B_GATGCTGTGAAGAACGCCGA,EIF3B,63,0,0
EIF3B_ATATGACGATCAGTGACGAG,EIF3B,401,0,2
EIF3B_CTTACGTTACTGGCTTGAAG,EIF3B,410,17,15
EIF3B_TTCAGAGATTCAGCCACCAA,EIF3B,2129,20,10
EIF3D_TCCATGTCGTCCTCCACAAA,EIF3D,2515,78,186
EIF3D_TGTAGGTTGCCTCCATGGCC,EIF3D,482,0,0
EIF3D_CCTTTGACCGCATCACCACG,EIF3D,1443,86,196
EIF3D_GACGATCTTTGTCTCTGCGG,EIF3D,255,0,0
EIF3D_GGATGAAAGTAGCTTCCAGC,EIF3D,246,0,0
EIF3D_AAACTGCTCGGGAACCGCAC,EIF3D,440,3,11
EIF3E_ATACACAGCCTTGCCTAGAA,EIF3E,976,378,436
EIF3F_CTTGTCGAGAAAGAAGGAGG,EIF3F,437,65,42
EIF3F_CTCCTTCTTTCTCGACAAGA,EIF3F,1207,722,644
EIF3F_CATCTTGTCGAGAAAGAAGG,EIF3F,105,248,109
EIF3F_CTCTTAGGTGGCTGTTGACA,EIF3F,4355,247,186
EIF3G_ATGCGGGAGATGGAGCCGAA,EIF3G,1323,63,11
EIF3G_TTGTTCTGCGTGGCCTGCAC,EIF3G,865,80,28
EIF3G_GGGCCTGTCTACTGGCGAGA,EIF3G,756,21,9
EIF3G_GGTGGCCACATTGGGTCCGG,EIF3G,30,58,16
EIF3G_GCACCTTCAGGATTGAGACC,EIF3G,501,14,18
EIF3G_GAAGCCCAGTTGGGCCGACC,EIF3G,586,0,4
EIF3H_AATATGCAGCGCCAGAGCCG,EIF3H,411,32,0
EIF3H_AATTGCTCAGCCTTGCCAGC,EIF3H,209,24,59
EIF3H_CTATGGCTCATTCGTTACCC,EIF3H,714,11,10
EIF3H_TTGATCATCTTCACGTGGGC,EIF3H,343,27,81
EIF3H_AAGATGGCGTCCCGCAAGGA,EIF3H,737,25,17
EIF3H_TGTACAGTAGGCATGCACAA,EIF3H,1448,925,730
EIF3I_TCCTCGCGTCACAGCCGGGA,EIF3I,754,66,28
EIF3I_CAGCCGAATTGGTCTTGAGA,EIF3I,1059,186,42
EIF3I_CTTCCTTCCCTAGTCTGGAG,EIF3I,709,11,65
EIF3I_GGCTGTGTTGTCCTTGGACG,EIF3I,1857,109,100
EIF3I_CCTACCTCTTGCCATCAGGA,EIF3I,481,19,47
EIF3J_CGCTCACACCCGGCTCGAGA,EIF3J,3311,372,105
EIF3K_AGTTGCTCAAGGGTATCGAC,EIF3K,293,46,5
EIF3K_GGAGCGCTATGTAGAGACGC,EIF3K,249,60,56
EIF3K_CTTACAGCTTCAGGACAGCC,EIF3K,706,282,124
EIF3K_GGTCGATCATGCACTTGCAC,EIF3K,236,34,38
EIF3K_CCTCCTCCCAGCAAGAAGAA,EIF3K,1267,226,160
EIF3K_ATTCCCATCACAGCAAGCCC,EIF3K,560,16,1
EIF3L_AGCGACTATGATATGCACAC,EIF3L,648,189,86
EIF3L_CGATAATATCCCAGAGCCAC,EIF3L,846,42,50
EIF3M_CACTGATGTCGATGAAGGCC,EIF3M,660,62,130
EIF3M_AAGCTGGTCAAATTTCGCGA,EIF3M,1922,570,409
EIF3M_TCTTATCCATCCCGTGGAAA,EIF3M,754,463,486
EIF3M_GAGTATTCTTATCCATCCCG,EIF3M,636,13,16
EIF3M_ATTGCTCGGAAGTTACACAG,EIF3M,593,1,12
EIF3M_TGTGGGCATCAACTCGAGCC,EIF3M,614,7,39
EIF4A1_GCCAAACCAATGCGATGGCC,EIF4A1,16,87,47
EIF4A1_GGCTATTGGCAAACTGCGGA,EIF4A1,203,228,255
EIF4A1_GCACCCATGTCTTCCTCCCA,EIF4A1,904,108,173
EIF4A1_GAGAACCGAATTACTCACAC,EIF4A1,392,0,0
EIF4A1_GGCAGCGGGCAAACACACCA,EIF4A1,1120,1,36
EIF4A1_AGTTCCCTCTACTCACCAGC,EIF4A1,230,0,0
EIF4A2_CGTAAGCATAGATGCCACGA,EIF4A2,1722,583,711
EIF4A3_TCAGGTCGATACGGCCGGAA,EIF4A3,1853,141,141
EIF4A3_CAGAATCTCGTGTGGCAGCG,EIF4A3,2197,225,155
EIF4A3_TGGTGCCTCCAATGCAGGCA,EIF4A3,1170,14,1
EIF4A3_CTCCAATGCAGGCATGGCAC,EIF4A3,1348,0,0
EIF4A3_AAGCTTGAGTTTCACGAACC,EIF4A3,435,6,25
EIF4A3_GCGAAAGCGGCTGCTCAAAG,EIF4A3,1675,50,18
EIF4B_TCTCGTACAGACACCCAAGC,EIF4B,573,124,142
EIF4B_AGCAGAAGTAAGTCAGACCA,EIF4B,859,57,111
EIF4B_CAATAACACGATACCCACCC,EIF4B,1593,208,577
EIF4E_CTAGGAGGGTATACAAGGAA,EIF4E,1580,37,22
EIF4E_TGTCTTCTAACCCTGTAGGA,EIF4E,543,41,122
EIF4E_GGCAAACAAGGCTTATCACC,EIF4E,623,0,6
EIF4E_CCTGACCTCCCGCGGACAAG,EIF4E,2188,572,547
EIF4E_ATGTTGGACCTGACCTCCCG,EIF4E,1010,112,59
EIF4E1B_TCTGAGAGGGAAGGCCCGGA,EIF4E1B,258,210,201
EIF4E1B_AGAATGACCGCAGCCGGGCC,EIF4E1B,847,398,167
EIF4E1B_CTGGATGTGACTGTATAGCC,EIF4E1B,1601,453,213
EIF4E1B_AGCCCATGTGGGAGGACAGC,EIF4E1B,1310,171,257
EIF4E1B_CAAGATCGCTGTGTGGACGA,EIF4E1B,2135,231,526
EIF4E1B_AACAAGTTTGTGGTGTGAGG,EIF4E1B,0,20,0
EIF4E2_TGTGAGCTCGTGGGACGGCC,EIF4E2,144,123,251
EIF4E2_CTGTGAGCTCGTGGGACGGC,EIF4E2,766,515,469
EIF4E2_ATTAGTCCTTACCTCCCACA,EIF4E2,155,68,115
EIF4E2_ATGGGTGGCTTACCTGAAAG,EIF4E2,665,411,346
EIF4E2_AGCGGCCGCTGCTGTTCACC,EIF4E2,477,176,258
EIF4E3_AGTCGCTTCACCCACTAAAG,EIF4E3,783,457,298
EIF4E3_TTCACAGACTGTGCCGCAGC,EIF4E3,530,229,216
EIF4E3_GGAAGAGGAGAGTAATGCAA,EIF4E3,308,201,201
EIF4E3_CCCTCACCTGTCGAGCCAGA,EIF4E3,1112,240,414
EIF4E3_CCTGGACCTTCTGGCTCGAC,EIF4E3,179,341,374
EIF4EBP1_TAGCCCAGAAGATAAGCGGG,EIF4EBP1,317,75,110
EIF4EBP1_TCAAACTGTGACTCTTCACC,EIF4EBP1,384,84,189
EIF4EBP2_GCTGCCGGCTGACGAGGACA,EIF4EBP2,305,39,74
EIF4EBP2_GGATCGTCGCAATTCTCCCA,EIF4EBP2,206,11,138
EIF4EBP3_ACTAGCTGCCCGATTCCCGG,EIF4EBP3,24,167,21
EIF4EBP3_TGCTGTAGCAGTCGGGCAGC,EIF4EBP3,768,170,258
EIF4EBP3_ACTGCTACAGCACCACGCCG,EIF4EBP3,1045,483,590
EIF4EBP3_TGTTGGAGGAGTTGTGACCC,EIF4EBP3,629,599,341
EIF4EBP3_GCTCCTCCAGCTTGGAGAGA,EIF4EBP3,64,56,46
EIF4ENIF1_CCGAGTTCTGTCCAGGAGAG,EIF4ENIF1,1484,179,194
EIF4ENIF1_GAACCACCTACTGAACCGAC,EIF4ENIF1,241,69,54
EIF4ENIF1_GGCTGATCAGGAAGTGCCAA,EIF4ENIF1,385,98,37
EIF4ENIF1_CGGACAGCCTCTGTGAAGGA,EIF4ENIF1,2287,150,369
EIF4ENIF1_CTCTGCCCGGACCTTTGAGA,EIF4ENIF1,632,128,121
EIF4ENIF1_ACCTACTATCCTGCGCACCA,EIF4ENIF1,648,296,94
EIF4G1_AATTACCTGTGGGAGTCCGG,EIF4G1,53,13,58
EIF4G1_TGTGGCGTACTGAACACCAC,EIF4G1,400,23,91
EIF4G1_TCATTACTTGGGATCCAGCA,EIF4G1,539,105,75
EIF4G1_AATTCTGTAGGGCTTGCACC,EIF4G1,264,46,40
EIF4G1_GCAGCAGTTTCCCACTGGCG,EIF4G1,495,1,99
EIF4G1_GCCGGACAATGACAGCAACC,EIF4G1,449,92,40
EIF4G3_GGTCGCTAGCTGCAGTGACA,EIF4G3,595,141,87
EIF4G3_TCACTCTGTCTTACCTGAGG,EIF4G3,460,101,87
EIF4G3_ATAGGTGCTGACTGATACAC,EIF4G3,568,369,212
EIF4G3_CAATATCCAGTTCAACCACC,EIF4G3,605,52,97
EIF4G3_GCCTCAGTACTGTATACCAC,EIF4G3,793,114,101
EIF4G3_TCTGCTTACTTACCGGAGAA,EIF4G3,1242,583,548
EIF4H_AGCTCTCGAGAATCTAGAGG,EIF4H,735,182,36
EIF5_GCATCTTGTAGCGATAGAAC,EIF5,1500,12,108
EIF5_TTCCTTTAGGTTGAGGGCAA,EIF5,458,0,1
EIF5_CAACATGGTTGACGTTGCAA,EIF5,719,63,42
EIF5_GGAAGCTCAAAGGCGTCGAA,EIF5,901,27,25
EIF5_CGTTGCTGAAGCAGAAAGAC,EIF5,704,440,408
EIF5A_CTCCCGCGCATGTGTGGAAC,EIF5A,1296,515,445
EIF5A_CCGTGATCTGGAGAAGCAAG,EIF5A,688,313,301
EIF5A2_TTCACCAGTTTCTGTCAGCA,EIF5A2,1960,494,753
EIF5B_TGAATTTGAGGAGCGAGCAA,EIF5B,1923,60,7
EIF5B_CGAGCGCCATTGACAAGCAA,EIF5B,1966,364,1005
EIF5B_TCCTTCTATTTCTGCAGCCA,EIF5B,1160,124,62
EIF5B_CCACTTTCTATGTTAGGACC,EIF5B,1463,90,118
EIF5B_AGAAGCCAAGCGTAAAGAAG,EIF5B,1047,129,81
EIF5B_TACCCGCCTGGTTCAACAGG,EIF5B,345,112,151
EIF6_ATCCCGCATGCTGGTGGCAA,EIF6,2160,153,46
EIF6_AGTAGCTTCCTACTAGCACC,EIF6,572,111,0
EIF6_GGTCCACCCAGACTTGGACA,EIF6,459,4,15
EIF6_TGGTCCACCCAGACTTGGAC,EIF6,1010,30,9
EIF6_AGAACTTCTACAGGTGCGGC,EIF6,413,112,42
EIF6_GAGAACTTCTACAGGTGCGG,EIF6,391,63,61
ELAC1_GCATACCCATCTCCAACCCG,ELAC1,1787,765,797
ELAC1_AGCACTCGCCTTCACACCGA,ELAC1,1401,72,142
ELAC1_TGCACAATCAGCCTGCAGAG,ELAC1,2304,781,1254
ELAC1_GGACTTTATCTGGCGAACCA,ELAC1,611,456,309
ELAC1_GGGTTGCTTCGTGGATCAAC,ELAC1,228,58,30
ELAC1_CAAAGTTGTGCCGTGCAAAG,ELAC1,4067,1460,1062
ELAC2_ATGTGAACCACCAAGGCCAC,ELAC2,76,0,69
ELAC2_AGCAGCAATGATGGGAGCGA,ELAC2,599,0,0
ELAC2_TACAGATGAAAGCTACGACC,ELAC2,247,0,0
ELAC2_AACCATGGCAGAGTCCAGAA,ELAC2,1017,398,535
ELAC2_TAGGTTAAAGGTTGCTCGCC,ELAC2,434,0,9
ELAC2_CTCGGAGAAGACGTAGAGCG,ELAC2,102,0,0
ELANE_CAGCAAGGCCGGCAGGACAC,ELANE,730,135,324
ELANE_CACAATCTCCGAGGCCAGCG,ELANE,1752,520,424
ELANE_TCAGGGTGGCGCCGCAGAAG,ELANE,1832,689,382
ELANE_GAGCCCATAACCTCTCGCGG,ELANE,289,433,184
ELANE_TCCCACGGTTCCTGCCCAGA,ELANE,122,226,253
ELANE_ATTAGCCCGTTGCAGACCAA,ELANE,478,144,168
ELAVL1_AAACTATGAAGAAGCCGCGA,ELAVL1,440,43,103
ELAVL1_CCCACCTGAATCTCTGCGCC,ELAVL1,837,285,426
ELAVL1_TGTACATCAGCGGGCTCCCG,ELAVL1,1398,38,299
ELAVL1_TGTGAACTACGTGACCGCGA,ELAVL1,634,40,121
ELAVL1_CTTCACCAATGCTGCTGAAC,ELAVL1,3603,2080,2045
ELAVL2_ATTGAGGCTAGCTATCGCCA,ELAVL2,107,98,66
ELAVL2_ACCCTGTTCCAGGGTGCCCA,ELAVL2,292,48,197
ELAVL2_TCCAGGACCGCTAGCTCAGC,ELAVL2,614,428,82
ELAVL2_TGTTTGGAGACTGGTACAGC,ELAVL2,586,90,324
ELAVL2_CTGTCTACTTACCAGTGACC,ELAVL2,1298,150,330
ELAVL2_TTCTCGTATTCTTGTCGACC,ELAVL2,703,209,537
ELAVL3_CGTGTACAACCTGTCACCGG,ELAVL3,1416,378,258
ELAVL3_ACATGGCCTACGGCGTCAAG,ELAVL3,233,122,91
ELAVL3_ACCTCTACCAGTCATCCGCC,ELAVL3,627,11,106
ELAVL3_ATGCTAACCTGTACGTCAGC,ELAVL3,818,170,47
ELAVL3_AGTTCACAAACCCGTAGCCA,ELAVL3,1517,153,132
ELAVL3_CAAGGAGTGGCCCGTTGGGC,ELAVL3,862,391,231
ELAVL4_TCTTCTGATCACAGATGGAG,ELAVL4,832,231,181
ELAVL4_CCGACATCCAATACAAGCAA,ELAVL4,1704,873,726
ELAVL4_TCCTTCTCCCATGCAAACAG,ELAVL4,1393,453,404
ELAVL4_AACCTGTGACTTGATCAACC,ELAVL4,2638,774,495
ELAVL4_AATCGGTTCCGTAGCACCGC,ELAVL4,1667,482,713
ELAVL4_TACGTTGTTCACTGCTCCAA,ELAVL4,743,163,129
ELF1_TGTCATGCTGCAGTCACAAA,ELF1,2683,581,753
ELF1_GCCAGTACAGGCTGTCCCAG,ELF1,843,156,160
ELF1_CATCTAATGTGACGGACACA,ELF1,716,98,209
ELF1_TTCATCCAGCATAGGGCCAG,ELF1,244,76,145
ELF1_ACATGTTCCACAATTACGGC,ELF1,734,245,360
ELF1_CGTCATGGAGGATGAACGAC,ELF1,2338,301,404
ELF2_CTGTGAACTGATGCTTCCAC,ELF2,1020,144,213
ELF2_CTGGATCTGCTCATTCGGGC,ELF2,1154,872,558
ELF2_CCAAGTGCCAGATTAGAGCA,ELF2,1148,879,679
ELF2_TCCAAGTGCCAGATTAGAGC,ELF2,1712,387,321
ELF2_TCTAATCTGGCACTTGGAAC,ELF2,1134,292,115
ELF3_CCTGCGTCTTCGACCAGAAC,ELF3,1005,334,741
ELF3_AGCTCTGACGTCTCCACCGC,ELF3,1013,336,356
ELF3_CGGTGGAAGTGACGTGGACC,ELF3,499,722,929
ELF3_ACGGGAAGCGGAAACGAGGC,ELF3,273,51,267
ELF3_CCGGGACATCCTCATCCACC,ELF3,1402,115,273
ELF3_CAAACGGGAGATCCTGGAAC,ELF3,2236,522,252
ELF4_CCACTTGATGTACTTGGGAC,ELF4,1626,440,574
ELF4_CTCATAGTCCGGAAGACCAA,ELF4,1489,314,532
ELF4_GGCGGGTGACACTAGTGACC,ELF4,112,0,123
ELF4_TAAGACTTCCGCGGTTGACA,ELF4,577,61,145
ELF4_CGGGACCTTGTGCATGACGC,ELF4,1713,454,794
ELF4_TCTTTGAGTTCGCAAGCAAC,ELF4,460,252,179
ELF5_CTCCAGAACATCCGCACACA,ELF5,4210,1044,1226
ELF5_TGTACTGGTCGCAGCAGAAC,ELF5,2544,667,640
ELF5_CTAAGCGCCATGTGTGGGAG,ELF5,1511,229,391
ELF5_CGCAGAAGGATGCATTAGGC,ELF5,116,1033,637
ELFN1_GGTACGTGAGGTTGCCAAAG,ELFN1,594,162,169
ELFN1_AAGCACTCATCATCGGCACA,ELFN1,1325,452,238
ELFN1_GAAGCACTCATCATCGGCAC,ELFN1,780,155,125
ELFN1_CCGAAGGCGTCCTTGTACCC,ELFN1,683,90,176
ELFN1_TGGACGAGGTGCTGGCACGA,ELFN1,2211,596,562
ELFN2_GCGGGTCAGCGGCTTGAGGA,ELFN2,8,2,1
ELFN2_GAGCGCCAAGGTCTTTAGCC,ELFN2,514,179,70
ELFN2_ACACCCAAGGTAGCCACCAA,ELFN2,1676,288,200
ELFN2_AGCTGTTGTTGTACTGCACG,ELFN2,555,426,421
ELFN2_CAAAGGTGGCACCGTCCAGG,ELFN2,191,139,121
ELK1_GGCCATCCACGCTGATAGAA,ELK1,1726,480,474
ELK1_CGCTGCCACTGGATGGAAAC,ELK1,3521,1609,2042
ELK1_TTCCTAGAACATCATCCGCA,ELK1,575,416,494
ELK1_CTTGCGGTACTACTATGACA,ELK1,439,118,185
ELK1_CATAGTAGTACCGCAAGGCC,ELK1,346,478,227
ELK3_GATCCAGCAGCAACTGCAAC,ELK3,55,41,68
ELK3_ATCTGCTGGACCTCGAACGA,ELK3,662,80,46
ELK3_CGAGGCCCACAAACACGGCC,ELK3,871,193,65
ELK3_TCGTGCTTCTGAGGGCGGCC,ELK3,637,195,175
ELK3_AAACCGACAAGCACGTCACC,ELK3,1175,71,42
ELK3_GCAGGACTCAGCGGAGCAAC,ELK3,185,107,191
ELK4_CCATGACTGTTCAGTACAGA,ELK4,1111,727,849
ELK4_GACTGAGAGTACTCCAGAAG,ELK4,970,414,468
ELK4_GATCACTGCTCGTGATCACA,ELK4,0,90,93
ELK4_ATCACTGCTCGTGATCACAA,ELK4,0,190,236
ELK4_TTCTCTGCCAGTTTCTCGGC,ELK4,244,223,27
ELL_CATGTACAAGGATGTGCAGA,ELL,676,0,36
ELL_GCAGAAGGACGGCCTGACGC,ELL,601,38,158
ELL_GCCAAACCCACTGCTCACCC,ELL,1066,38,414
ELL_TGTCGCGGCCGATGTTGGAG,ELL,1692,4,16
ELL_ATCCGATTTCAAGGAAGCCA,ELL,1002,12,7
ELL_GCGGGTTAGCGACGGCAGCA,ELL,10,0,1
ELL2_AGATAGGTTGAAGGCAGCGG,ELL2,1635,480,299
ELL2_AAACCTACATATGGTCCACC,ELL2,82,69,74
ELL2_CCAGTTCCAAGGACTCCACG,ELL2,1636,791,535
ELL2_TCCAGTTCCAAGGACTCCAC,ELL2,480,633,328
ELL2_CATAGCGCTGCTCCTCCCGC,ELL2,874,230,14
ELL2_GGGAGTTTAAGATGGCGGCG,ELL2,885,321,340
ELL3_CAGCCGGAAACGTCTGGACA,ELL3,798,327,348
ELL3_AGGATCCTCAAGGGAGCACA,ELL3,643,115,260
ELL3_TGCAGTATCACAGCCACAGA,ELL3,1109,202,303
ELL3_TGAGGAAGCGTTGGCACACA,ELL3,3095,357,293
ELL3_TGCTTTCCAAGGCCACCGAG,ELL3,2066,250,226
ELL3_GACACTCTTGCAGCGCCCGC,ELL3,231,130,37
ELMO1_GCACTTGTAGAACATACAGC,ELMO1,591,147,171
ELMO1_TGAAGGCTCCTGATGAGAGG,ELMO1,2031,356,401
ELMO1_CCTCTACCAGAAAGTGGCGC,ELMO1,652,119,38
ELMO1_ATGGTCCATCAGCTCAACGA,ELMO1,1055,219,223
ELMO1_TGGCATCCATACTCGAGGAC,ELMO1,1140,2185,2614
ELMO1_GCCACCTTGACGATGTCCGC,ELMO1,1,367,326
ELMO2_TGGAACTTACACAATTGGCG,ELMO2,1620,8,56
ELMO2_TCAATGGCACTGCGGCCAAA,ELMO2,1111,598,443
ELMO2_GGCTCCTGAGGACAAACGAC,ELMO2,717,12,15
ELMO2_TTGACACGTCCACCATGGGC,ELMO2,820,0,4
ELMO2_CTGACAAGGCTCGTGGAAAG,ELMO2,4331,496,299
ELMO2_TATACCCTCCGTTATGCAGA,ELMO2,11,128,239
ELMO3_AGGTCAGGTCTCGGAAAGGG,ELMO3,1117,225,161
ELMO3_TGCAGTTTGCGGATGGGCAC,ELMO3,1155,199,170
ELMO3_TGCCATTCTTGATCTCCGCG,ELMO3,3378,1418,905
ELMO3_AAGATCATGTCCGAGGCCAG,ELMO3,144,122,210
ELMO3_AGAGCTCATGGAGCACGGCG,ELMO3,1011,169,104
ELMO3_TGCACCAGCAGCCTATCCAG,ELMO3,1124,251,301
ELMOD1_TCACAGAAGTCTGCAACAGC,ELMOD1,1474,835,479
ELMOD1_TGTACCCAACGATTTGCAGA,ELMOD1,1136,362,278
ELMOD1_CTTGAAGCCCAATACTCCAC,ELMOD1,1502,92,135
ELMOD1_GGATGCCACAGCAGCTCAGC,ELMOD1,144,49,60
ELMOD1_TCGGATGAAGAGAGTCAGAC,ELMOD1,415,260,222
ELMOD3_GCTACCCTCATACCTTGAAG,ELMOD3,216,125,41
ELMOD3_CCCTTTCTTCCCGAAGGCGC,ELMOD3,345,98,79
ELMOD3_CCCTCTTACCCTGAAAGCCC,ELMOD3,907,179,114
ELMOD3_AGGTCTTTGAGTCCATCACC,ELMOD3,53,224,4
ELMOD3_TGCCATCCAGGCCTTGAGAG,ELMOD3,1238,751,713
ELMOD3_GCCCAAGGTGGTTGCTAGAC,ELMOD3,1553,682,502
ELMSAN1_AGTGATAAGTTGCCAGCGGA,ELMSAN1,155,56,125
ELMSAN1_TCCTGGTTGGTGCCAGCACC,ELMSAN1,700,87,139
ELMSAN1_GGGCACGGTCCCTCATCAAG,ELMSAN1,581,292,282
ELMSAN1_GGAAACCAAAGCAGCGGCCC,ELMSAN1,201,262,302
ELMSAN1_GGACCCAACTGAGGCAGCCC,ELMSAN1,1079,182,482
ELMSAN1_CTGAAGCGGGAGAAAGCGGG,ELMSAN1,291,65,94
ELN_TCCTTACCTCCAGGCCGAGA,ELN,228,64,103
ELN_CATGAAACTTCCACACACCC,ELN,811,228,429
ELN_GGTCTCGGAGCCCTTGGAGG,ELN,17,40,0
ELN_GGAGGCAAACCTCTTAAGCC,ELN,137,14,89
ELN_TCTTATCCACAGTTCCCGGA,ELN,491,86,140
ELOF1_CTGAGGCTCTGACGTTCGGG,ELOF1,531,125,173
ELOF1_TTGGATAGACGCCTGCGAGG,ELOF1,1006,52,20
ELOF1_AACGTGTATCCTTGGAAACC,ELOF1,1270,786,911
ELOF1_TGACTCCGGTGTTGCGGGCA,ELOF1,1280,392,506
ELOF1_GGATTTCTCGTGGTTGCAGA,ELOF1,442,95,136
ELOF1_GATTTCTCGTGGTTGCAGAA,ELOF1,676,6,14
ELOVL1_ACTCTTATACCAAGGGCAAG,ELOVL1,516,48,56
ELOVL1_CAAAGGTAGGGTTGTGCCAC,ELOVL1,2155,67,297
ELOVL1_CTTCTTGCAGATGGTTCGGG,ELOVL1,239,29,79
ELOVL1_GCCAGCCCGACATCAGGAAC,ELOVL1,2433,533,491
ELOVL1_GAGAATGGAGGTCATTAGCA,ELOVL1,831,212,197
ELOVL1_GAATGGAGGTCATTAGCAAG,ELOVL1,602,75,101
ELOVL2_TGGAAGATGAGACAACCGAA,ELOVL2,1229,431,310
ELOVL2_GAAGCCACACGGTTTCACGA,ELOVL2,86,144,86
ELOVL2_TGGTGAGCACGAACTGCACC,ELOVL2,419,278,216
ELOVL2_TGTCAAGATCTTACCAGCGC,ELOVL2,2189,357,576
ELOVL2_GACAATATGTTTGGACCGCG,ELOVL2,1115,330,361
ELOVL3_ACAGCTCGAAGTTATAGGGC,ELOVL3,719,34,54
ELOVL3_GAACTACATGAAGGAACGCA,ELOVL3,719,90,206
ELOVL3_AGATGAGTGGCCGCTTACGC,ELOVL3,578,115,275
ELOVL3_CCTCACGTACATCTGGAGGC,ELOVL3,581,158,396
ELOVL4_AGACAGTGCCGTGTGCCCAA,ELOVL4,1188,668,429
ELOVL4_CCGTGTGCCCAATGGTCACA,ELOVL4,1452,473,288
ELOVL4_GGTTAACTGCATTTGGCCCA,ELOVL4,1,20,0
ELOVL4_TAGAGTTCTACCGCTGGACC,ELOVL4,971,179,284
ELOVL4_ACACGGTAGAGTTCTACCGC,ELOVL4,998,96,205
ELOVL4_TACCGTGTCGTTGAGTGCCG,ELOVL4,606,354,208
ELOVL5_TGATGTACTTCTTCCACCAG,ELOVL5,957,342,788
ELOVL5_TCTGGTGGTTTGTGATGAAC,ELOVL5,1827,404,279
ELOVL5_TGTCAGGGCACACGCACCGC,ELOVL5,1918,236,137
ELOVL5_TGAGGCACAGGCAGATCGAC,ELOVL5,933,371,335
ELOVL5_GAGGCACAGGCAGATCGACG,ELOVL5,770,22,42
ELOVL5_AAACAGCCATTCTCTTGCCG,ELOVL5,2235,363,405
ELOVL6_CTCTTACTATGCCTTGCGGG,ELOVL6,216,232,380
ELOVL6_TACAAAGACATGGTTGCCGG,ELOVL6,442,200,105
ELOVL6_GAAGCAGTCAGTTTGTGACC,ELOVL6,641,224,149
ELOVL6_ATATTCGGTGCTCTTCGAAC,ELOVL6,562,74,129
ELOVL6_ACGAGAATGAAGCCATCCAA,ELOVL6,694,57,169
ELOVL7_TCTGACCTTTGGTGTAAGCA,ELOVL7,1552,663,601
ELOVL7_GGATGGCGACAATAACAAAC,ELOVL7,690,171,310
ELOVL7_TGGAATGTTCCCAAACCACC,ELOVL7,735,193,174
ELOVL7_ATACCATCATGCCGTGGACC,ELOVL7,1802,153,281
ELOVL7_TTCCATGAGCTTTGGTCCCA,ELOVL7,1193,369,432
ELOVL7_GACATAGAATCCTAGGAGGA,ELOVL7,370,138,175
ELP2_CACGGAGCAGGACGTGCCAA,ELP2,92,20,0
ELP2_CCCGAGTCAATTGCATACAG,ELP2,2000,187,321
ELP2_CGGTGCATGCTGTTTACCAG,ELP2,1802,108,154
ELP2_TCACTTGGCCTGAATGCAGA,ELP2,209,299,452
ELP2_GACCTAGTCTGGGATCCAGA,ELP2,160,30,0
ELP2_CAATTTCATGCCAAGTCACC,ELP2,364,56,110
ELP3_ACTGATTGAAGCCCACGAGC,ELP3,760,39,23
ELP3_CAGCAATGATATCCACCAGG,ELP3,553,1,34
ELP3_AATCAGAATCAGGTCCACCA,ELP3,779,0,6
ELP3_CGGTGTCTTGTCTGTAGGAA,ELP3,2751,1375,1277
ELP3_GACCTATGGCTGCACAAGGC,ELP3,490,182,75
ELP3_TCCGAGCCACCAATTCAACC,ELP3,1754,10,0
ELP4_ACGTCACCAGTTTCCAGAGG,ELP4,859,61,117
ELP4_AGCTGTCCATTCCGCACCGA,ELP4,902,0,1
ELP4_GACAGCTGCTGGTATCAACC,ELP4,555,0,0
ELP4_CCTAAGAGCTGGTCTAGGGC,ELP4,610,0,0
ELP4_TCTGCATGCAGCGACTAAGG,ELP4,1332,423,236
ELP5_AAGCAGCACCAGGCCGCCCA,ELP5,944,0,0
ELP5_GCTCTGCAGATTCCGTGGAG,ELP5,2,0,0
ELP5_CCTGGGCTGTGAAGTGAGCG,ELP5,1869,16,26
ELP5_CCTTGAGAGCCATGTGCAAG,ELP5,2163,332,208
ELP5_CCGACAGCGCCCAACTGACC,ELP5,814,11,21
ELP5_TTGGCATTCTTAGATACCGG,ELP5,447,0,79
ELP6_AAGTGAAGCTCTGATCCCGG,ELP6,258,0,0
ELP6_CTGCAGGGATGTGCACGGGC,ELP6,1421,52,118
ELP6_TACCTTTAGTTCCCAGCACA,ELP6,794,0,4
ELP6_TGTCAGCCTGACCATGGCGC,ELP6,2832,11,38
ELP6_CAGTATCGTGGGACAGAAGC,ELP6,632,35,4
ELP6_TACTGTAGTGGCTGAAGGAC,ELP6,754,119,85
ELSPBP1_GGGCAGCCAAGATGACCCGA,ELSPBP1,13,0,0
ELSPBP1_GGTCCAGTTACCTGTTGGGA,ELSPBP1,160,279,123
ELSPBP1_CGGCTCTGGTGGCACACCAA,ELSPBP1,2041,441,624
ELSPBP1_CACTCTGGCAGTACTTCCAC,ELSPBP1,1464,411,246
ELSPBP1_CCCTTTCATCTATCGAGGAA,ELSPBP1,778,539,1061
ELSPBP1_AAGAAGTTGCACACCACACA,ELSPBP1,1670,503,302
ELTD1_CCACTGATGCGTGCACAACA,ELTD1,2205,1309,2025
ELTD1_TGGCTATCTAAGCCCAGCCG,ELTD1,794,96,362
ELTD1_TCTTACAATGGAAGGACCAG,ELTD1,796,239,188
ELTD1_ACTTCTTGTAGCAAAGCCAC,ELTD1,2,125,25
ELTD1_TTACTGCTGGATCTGAAGCC,ELTD1,938,411,396
ELTD1_AGCACTCACCTAGGAGCGGG,ELTD1,431,211,49
EMC1_AAGCGTCCACTGGGTTGGGC,EMC1,367,157,159
EMC1_GCTGAAGGGAACAACTCCGA,EMC1,699,22,0
EMC1_ACTTGAGGTGCCCACTGGAG,EMC1,452,103,59
EMC1_GCGCCATGTTGACAAGGGCA,EMC1,534,202,161
EMC1_GCAGCATTAAATTCCCGAAC,EMC1,1251,259,213
EMC1_GCTGCTGATTCCTGCGGCCG,EMC1,0,75,19
EMC10_CTACCGCCATCAGCAAGAGC,EMC10,381,156,258
EMC10_ACAGCGGCAGCTCAGCGAGG,EMC10,1180,196,266
EMC10_CCCGACACCAACTCACCGCA,EMC10,2013,888,672
EMC10_GGACCAGCTGACCCTGCACG,EMC10,1301,302,615
EMC10_GGCGGCCTTCATTGAGCGCC,EMC10,0,17,37
EMC10_ACTCAGGCCTCCTGTGGCGG,EMC10,673,305,260
EMC2_ATACTCATTCAGCTCCCGAA,EMC2,823,63,18
EMC3_CGACATCATCTAGTGCCCAC,EMC3,479,144,107
EMC3_CCAGGATGCAGAACTCACCC,EMC3,2009,131,22
EMC4_TGTTGCCATGACGGCCCAGG,EMC4,605,21,68
EMC4_AGTGGGCCATTGAGCTAAGC,EMC4,550,187,56
EMC4_CCGGTCTGTCTCTTGCACGC,EMC4,2487,451,625
EMC4_AGACCGGATCCTGGTGGAGA,EMC4,1366,231,192
EMC4_TAGGTAACAGTCCCATGGAC,EMC4,354,109,98
EMC4_GACCCAAATACATAGGGACC,EMC4,133,134,75
EMC6_GCCGCCGTTCATCAGCGAGG,EMC6,354,70,104
EMC6_GCCGCCTCGCTGATGAACGG,EMC6,550,104,236
EMC6_TCATTCTCAAGGCGGGAAGG,EMC6,326,25,29
EMC6_CGGAGACCTCTCTTTACAGG,EMC6,2351,257,131
EMC7_AAGTGATCCTGACATGAGAC,EMC7,1458,441,316
EMC7_CAAGTGATCCTGACATGAGA,EMC7,1495,54,239
EMC7_CGAGTGGATATCACTTCGAA,EMC7,1470,652,455
EMC7_CGAAGTGATATCCACTCGAA,EMC7,1668,368,401
EMC7_GAAGTGATATCCACTCGAAC,EMC7,568,141,88
EMC8_CGTGGATTTCGATAACCACC,EMC8,368,133,63
EMC8_CCACGAGCGTCTCGTAGGAC,EMC8,2027,625,321
EMC8_TCTCATGGTGCTCGTACACG,EMC8,3275,958,498
EMC8_GGTGGCCTCCAGAATCGCCG,EMC8,69,0,32
EMC8_GCCAGGGTGCCGTGGAAGAG,EMC8,1246,355,241
EMC8_ACCCGCACTGCGCCGTCAAC,EMC8,1111,112,247
EMC9_CCTGCCGGATGTCATCAAGG,EMC9,1500,125,243
EMC9_TCTTATCCTTAGGGACCCAG,EMC9,309,115,251
EMC9_TGGAGAACCAAGGTCTCCGC,EMC9,175,2,16
EMC9_ATCTTCCCTCTACACAGCCC,EMC9,519,39,389
EMC9_GGGCATCCAACGGAGGCACC,EMC9,1,12,5
EMC9_CATTCTCCAGACCGCGGCGC,EMC9,1020,120,105
EMCN_CTCACTGGAATAAGACCGGC,EMCN,649,94,259
EMD_AGCTGACCACCTTGCTGCGC,EMD,2426,400,351
EMD_CGCCGGTACAACATCCCGCA,EMD,2010,949,308
EMD_GAAGCTATAAGAGGAGGCGG,EMD,537,66,267
EMD_GCTTTACTCTACCAGAGCAA,EMD,558,176,284
EMD_CACTGACTGGCGGACAGCCC,EMD,1819,510,687
EMD_ACGGCGGGTGAGCCATGAAG,EMD,1484,309,270
EME1_CATGTAAGCCTTTGAGCCAG,EME1,833,84,71
EME1_CCGCTGTGTGATTGAGGCGC,EME1,270,26,118
EME1_TTTGGCAGGACAGAGAGGAC,EME1,1766,36,144
EME1_ATCCAGGGTAGACGCTGAAG,EME1,895,136,210
EME1_GAAGGTGGACCTTGCTGGCA,EME1,402,78,55
EME1_CATCTGAAGGTAGATACGCC,EME1,942,133,11
EME2_TCCGACGCTGAGGACTCCGC,EME2,851,47,66
EME2_GGCACCGGCGTCTTCCAGGA,EME2,78,37,378
EME2_CATCCAGCCCGATGACAGCC,EME2,1417,160,422
EME2_AGGTGAGGGCCTGTCTGAGC,EME2,1062,72,90
EME2_CCGACTCAGCTCCTGCCAAG,EME2,2003,616,584
EME2_CCTGCGCCGTCTCTTGCCAC,EME2,223,171,148
EMID1_CCGGACAGCTCATGGGCCAG,EMID1,2039,484,512
EMID1_CATGGTACTGCCCGACCACA,EMID1,1555,398,367
EMID1_TCTGAGTCTGACACTCACCC,EMID1,1101,226,417
EMID1_CATGCCCGGATCTCCCAGCA,EMID1,1472,862,1199
EMID1_GCCTGGACTCAACTTACCCA,EMID1,919,178,371
EMID1_AGAGATTCCTTTGGGTCCAG,EMID1,563,178,117
EMILIN1_CGAGGTTTCAGCCTCTACAC,EMILIN1,390,506,206
EMILIN1_GGTGTGCCTACGTGGTGACC,EMILIN1,381,11,12
EMILIN1_TTGTAGGCCACACGGTAGCG,EMILIN1,2224,2674,2079
EMILIN1_TGGAGACGGCCTTCAACGGG,EMILIN1,716,387,494
EMILIN1_GGTGATCCTGGAGGTCCAGC,EMILIN1,7,45,6
EMILIN1_GGACCGTGCCTGGTTCAGAC,EMILIN1,1407,464,519
EMILIN2_GCGGGATGTGGCAGCCCAGA,EMILIN2,137,6,19
EMILIN2_CACTTACTTGTTCCTGGCGC,EMILIN2,952,173,497
EMILIN2_ACTCTCACTTCCCTCCAGCA,EMILIN2,3309,1172,1097
EMILIN2_AGAAGGTTCTTCGACTCACA,EMILIN2,972,323,284
EMILIN2_CAAAGTGCTGGTGAACGACG,EMILIN2,762,438,295
EMILIN2_CTCATCGTGCACCTGAAGGC,EMILIN2,1690,422,513
EMILIN3_GGCAGTCACCGAGACCCAAA,EMILIN3,586,319,194
EMILIN3_GGCAGACTCACCATGAGGGC,EMILIN3,411,13,0
EMILIN3_AGACAGTGACAGACCTCGCC,EMILIN3,521,57,108
EMILIN3_GCACTTACGTGACTGTCCCG,EMILIN3,607,55,139
EMILIN3_CGTGTAGAGACTGTAGCGGG,EMILIN3,1160,272,238
EMILIN3_AGACTGTAGCGGGAGGCACC,EMILIN3,358,131,28
EML1_CGCTTCTGCTGCAAGTAGCA,EML1,1703,863,732
EML1_CCACCCTTAGTAACATCAAG,EML1,1168,838,338
EML1_CGTGGTGGTGTTATACAACG,EML1,3408,1335,1882
EML1_GATCGGATCACGATAGCAAC,EML1,288,110,179
EML1_AGTCCCATACAGAGAGCACA,EML1,226,96,109
EML1_CGAAAGCTCATTTCTTGGAG,EML1,1852,750,693
EML2_CTTGCCGGCTCAAGCTGGAG,EML2,1120,180,262
EML2_GCTCTGGTGACAAGTAGCGG,EML2,439,288,157
EML2_TCTTGAAAGGCCTTCCCACC,EML2,503,25,100
EML2_CGAGCTGGCGGTCCTAAAGG,EML2,926,118,105
EML2_CAAATGGGTGTGATACCAGA,EML2,355,90,216
EML2_TCGCTGCTGCGATACTGCAA,EML2,1048,170,378
EML3_CACTCCAGCTGTCTGTCCCG,EML3,1800,253,199
EML3_GCGGCCAGAGACATTACCGG,EML3,2199,371,180
EML3_AGCCTTGAGGAGCTGCCGAG,EML3,672,198,192
EML3_CCGCACTAACAGGTTGGCGG,EML3,695,301,185
EML3_CTGGGTGCCTCGGCTCACCA,EML3,259,120,102
EML3_TCGGGTGCAGGAGCAGGAGA,EML3,641,56,18
EML4_TCCTGCAATTGAGACAGCAC,EML4,1058,417,337
EML4_AGAATGCTACTCCCACCAAA,EML4,1143,837,684
EML4_TCACACAGTCTGTATGGCCC,EML4,1071,85,54
EML4_ATAGCTGGCGTGGATAAAGA,EML4,741,125,96
EML4_CAGAATCCCACACTCTGACG,EML4,703,86,217
EML4_ACTACTGTAGAGCCCACACC,EML4,1066,179,113
EML5_TCTGTCTGATGTTCCAGAAC,EML5,1578,528,513
EML5_TGAGCCATCCTTCATTCCAA,EML5,743,219,210
EML5_TGATCTCAGGGAAACAGACC,EML5,798,366,449
EML5_CGAGGTGTCTTTGGTAAGAC,EML5,2881,695,1028
EML5_GAACGAGTGTTGGTAGCAAC,EML5,290,145,110
EML5_TGATGTCGTCGCTGTGGCCC,EML5,1154,343,144
EML6_CCTGTACTACACGGCAGGCA,EML6,760,468,529
EML6_TGCAACTGGCCAAGTCGGGA,EML6,1006,334,162
EML6_AAACTTCTGGCGTCAGCCAC,EML6,189,19,53
EML6_CTTTGGCACATGCAAGGCAA,EML6,497,370,467
EML6_TTTGCCACTGGTGGGCGAGA,EML6,577,104,192
EML6_AGCACACGCTCCGGATAGAG,EML6,2000,118,142
EMP1_CTGGAACACGAAGACCAGGA,EMP1,950,319,110
EMP1_GATGGAACGCAGTATCACCA,EMP1,31,68,0
EMP1_GCTATTCCTACATCCTGGGC,EMP1,821,57,99
EMP2_TTCTATCCCGTGACCAGAGA,EMP2,1159,564,629
EMP2_GAAACTTACATTGTCGACGG,EMP2,1010,301,97
EMP3_CACCAGCAAGAGGAGTGACA,EMP3,1617,383,443
EMP3_ATCTCTGGTACGACTGCACG,EMP3,2028,399,656
EMP3_CAGCTCTACACCATGCGACG,EMP3,1063,913,888
EMP3_CTCTACACCATGCGACGAGG,EMP3,381,392,671
EMP3_TGTAGATGATGCCGCTGACC,EMP3,511,226,306
EMP3_CTACATCCACCTACGGAAGC,EMP3,3110,1087,1491
EMR1_GATGTTGTGTTATGCACAGC,EMR1,247,65,170
EMR1_GGTGGCATAAGCTGGGCACA,EMR1,553,153,201
EMR1_TACTCTTGTTTCTGCAACCC,EMR1,456,125,72
EMR1_TTCTATCTGCACCAATGCCC,EMR1,569,122,304
EMR1_GCAGATCCAGCAATGCCAAG,EMR1,738,224,338
EMR1_GAGTGTGGAAAGCATGACAC,EMR1,320,99,41
EMR2_CTGCTGGCTCCAACCAGAAA,EMR2,2286,807,719
EMR2_GCTGGGACTCCGTAGCCCAC,EMR2,73,110,82
EMR2_ATCGTAGTGGGCCATGAGGA,EMR2,1442,329,249
EMR2_GGTGTCGTTGTTGCTCAGAA,EMR2,1053,253,217
EMR2_GCACAGAAATCTGGTGACCC,EMR2,838,91,95
EMR2_CATCCTCTAGGCCATCCAGC,EMR2,324,120,292
EMR3_AGCAGCCATCCCTGGACCAC,EMR3,827,183,97
EMR3_GACTTTCCAGCACGTGAAGG,EMR3,351,366,400
EMR3_ATCATCCAGGGAGACACACA,EMR3,844,248,246
EMR3_TACCGTTACATGTCTCCAAG,EMR3,624,266,228
EMR3_AACAGAGAACTTGTGGACCA,EMR3,121,135,501
EMR3_CACATACCTGGAAGAAGCAA,EMR3,838,298,211
EMX1_GGTAAAGCCGCGCTTGGCCG,EMX1,98,8,0
EMX1_GCGCCGAAGAAGGAGTGCGG,EMX1,925,23,214
EMX1_GGCCGAAGAAGCGGTTCCGC,EMX1,119,82,65
EMX1_CCGCTTGGGCTTGCGTGCGA,EMX1,860,282,502
EMX1_CAAGCCCAAGCGGATCCGCA,EMX1,635,309,324
EMX1_TGAGTCCGAGCAGAAGAAGA,EMX1,602,322,262
EMX2_CATCGAGTCGCTGGTGGCCA,EMX2,2308,411,331
EMX2_TCGGTAGCGGTGGATGAGCC,EMX2,472,421,772
EMX2_GGGCCAGCGCGTTGTGCAAA,EMX2,1142,321,656
EMX2_CCCGTCCCAGCTTCTAAGGC,EMX2,1048,599,209
EMX2_GGACGCACCATATTAACCGG,EMX2,550,101,216
EMX2_GCTTGGTGGCGATTCTCCAC,EMX2,145,80,120
EN1_GCTACATCACGGAGCAGCGG,EN1,1128,365,394
EN1_ACGTGTGCAGTACACCCAGG,EN1,428,256,822
EN1_ACCCAGGCGGGCCATACGAG,EN1,1180,334,330
EN1_GGGTGCCCAACGGGTGGACA,EN1,503,314,247
EN1_GGCCTCTGTCACGCTCGACC,EN1,284,160,89
EN2_GGGATTTACTGTGAACAGCA,EN2,370,303,260
EN2_CAAGCCTGGCGAAGCAGCGG,EN2,724,69,171
EN2_CAGCGACTCTCCGGGTGACG,EN2,873,663,692
EN2_AGAGGACAAGCGGCCGCGCA,EN2,261,44,78
EN2_CAGCGTGTTCTTGTTGCCCG,EN2,1069,720,853
EN2_GCCGTGCACCTCATGGCACA,EN2,1807,701,424
ENAH_TTTCCATCCAGCAATCAGGC,ENAH,827,120,258
ENAH_AAAGCCTTACCCTGTTGGGA,ENAH,417,210,105
ENAH_GAGACAAGAACGGGAACGGC,ENAH,426,136,49
ENAH_GAGCAAGGTTACTGCTACCC,ENAH,283,2,108
ENAH_CCAGTGGCGAGATGCTAGAC,ENAH,806,387,462
ENAH_AGGCAACAACACATTCAGAG,ENAH,1273,871,813
ENAM_CAAGAAGCCCTAGAAAGACC,ENAM,461,124,100
ENAM_ACCCTTTCAGATGGCACACC,ENAM,611,200,176
ENAM_TAATCAACCTCAGCCCGAAG,ENAM,984,96,140
ENAM_ATTGGTGGGCGTCCATAACC,ENAM,820,123,232
ENAM_TGACTACCGTCTGTATACAG,ENAM,1089,319,464
ENAM_AGGGACCAATGTACAGGACC,ENAM,543,145,232
ENC1_TCAACAGTGAGACTTACCAG,ENC1,2379,1058,827
ENC1_TTGCTAACGCCTTCTCGGAG,ENC1,806,512,788
ENC1_GGTTTATGATACCCTGCACG,ENC1,309,84,60
ENC1_ATAGGACCTTCCCTTGCCAC,ENC1,330,77,76
ENC1_AATGGAGCCGCTGCTGGCCC,ENC1,285,125,30
ENDOD1_CTCGTGGGCGAGGAGGAAGC,ENDOD1,836,146,438
ENDOD1_AAGATCTGTCAGCGCGCGGA,ENDOD1,216,66,51
ENDOD1_TGGCCTTCAGCAGACAACAA,ENDOD1,1321,591,508
ENDOD1_TGGCCACATCCACAAGGACA,ENDOD1,957,367,559
ENDOD1_TGTTTGCAAGGACATTGCAC,ENDOD1,132,179,166
ENDOG_CGTACTTGGCCAGCTCGCCC,ENDOG,715,278,232
ENDOG_AGTCGGCGTTGGTGGCACGG,ENDOG,691,200,573
ENDOG_TGGCTTCGACCGCGGTCACC,ENDOG,295,163,239
ENDOG_TCCAGGCATTCTGGTTGAGG,ENDOG,1075,232,287
ENDOG_TTGTGCCAAACATCCTGGCG,ENDOG,1960,932,540
ENDOG_CCAAACATCCTGGCGCGGGC,ENDOG,1112,218,511
ENDOU_TGGTTTGGGCTCTATTCAAG,ENDOU,755,105,183
ENDOU_ACCTCCTCAACAACTACCAG,ENDOU,1242,369,194
ENDOU_TTGGTTTCTGGTCTCTGACG,ENDOU,279,67,59
ENDOU_GAGAGCCTGTGTAGTGACCA,ENDOU,461,89,135
ENDOU_CTCATTACATCGAGATGCAC,ENDOU,481,51,134
ENDOU_ACACAGCACGGCCAATACCA,ENDOU,1925,328,388
ENDOV_CGAAGCCATGGCCCTGGAGG,ENDOV,1465,107,158
ENDOV_CTCTGCAGACCCGAGAAGGC,ENDOV,356,207,185
ENDOV_GGGCTGACAAGCAGAAGGCA,ENDOV,167,387,103
ENDOV_GGTGTATGAGGAGAGCCGCA,ENDOV,111,21,100
ENDOV_CCTTCTTGTGGATGGAAACG,ENDOV,2018,666,493
ENDOV_GGTCTGTAAGGACGCCAAGG,ENDOV,553,55,182
ENG_TGCCGACGACGCCATGACCC,ENG,911,701,304
ENG_ATCCTTCGTGGAGCTACCGC,ENG,164,192,200
ENG_GGAACTGAGCTGCGCACCCG,ENG,734,57,30
ENG_CGCGTGTCTCTGCAGCCCAG,ENG,0,29,0
ENG_CCAGAGCATCCTCCTCCGAC,ENG,2105,675,1024
ENG_ACCACTAGCCAGGTCTCGAA,ENG,567,148,188
ENGASE_TCACCCGGTCGGCTACACGG,ENGASE,1164,331,170
ENGASE_TGTGTCATGACATGATGGGC,ENGASE,692,89,114
ENGASE_ACCAACACTGCCCACAGGCA,ENGASE,263,43,141
ENGASE_ACTGAGTGATCTGGACCAGC,ENGASE,115,56,50
ENGASE_CACCACACAGCTGCACCGGC,ENGASE,1010,135,160
ENGASE_CACTAACTATAACTGGCGGG,ENGASE,523,37,0
ENHO_CACGAGACCGTTGCAGACGA,ENHO,1239,526,759
ENHO_CTCATCGCCATCGTCTGCAA,ENHO,1866,709,536
ENKD1_CGCGCATGCCTGAGAACCAG,ENKD1,3712,543,410
ENKD1_CACTACAATGCCACGCAGAA,ENKD1,1472,1321,1242
ENKD1_CTCACCTTAGCTTCGGGACC,ENKD1,2105,842,391
ENKD1_CTCACCCAAGTACGACAAGG,ENKD1,2430,631,113
ENKD1_ACGTGCTGTTGCAACTCGAG,ENKD1,503,71,85
ENKD1_TCTGTCCTGACAACTACAGG,ENKD1,387,74,215
ENKUR_GAAGATCCGCAAGCAGAGGC,ENKUR,421,179,97
ENKUR_AAAGGCTCTCCGATGAAGAA,ENKUR,1540,531,420
ENKUR_TCAGTCTTCAATGGCACAGC,ENKUR,516,254,264
ENO1_CCCACAGCTTACTTGGCCAA,ENO1,1362,284,422
ENO1_CAACCCAAAGAGGATCGCCA,ENO1,952,78,129
ENO1_TGATAAGGTGGTCATCGGCA,ENO1,736,152,132
ENO1_AACGGCACCAGCTTTGCAGA,ENO1,1450,181,75
ENO1_ACCAGCTTTGCAGACGGCAA,ENO1,281,13,42
ENO1_TCAACAGCCTTTGAGACACC,ENO1,1348,206,112
ENO2_CGGGAGATCCTGGACTCCCG,ENO2,338,183,294
ENO2_GATGCCCGTAGAGGCTCCAC,ENO2,0,28,5
ENO2_GACTGAGAACAAATGTGAGC,ENO2,483,39,69
ENO2_CTCTGGCCGTGTGTAAGGCA,ENO2,1354,271,360
ENO2_CATTGATCACGTTGAAGGCC,ENO2,896,352,283
ENO2_GGTGAAGGAAGCCATCGACA,ENO2,77,34,33
ENO3_CGGGAAATCTTGGACTCCAG,ENO3,1452,187,321
ENO3_TTCCAACGTGGAACCAGAGC,ENO3,738,339,139
ENO3_ACAGCTGCTCGGAATCGGCC,ENO3,1360,113,92
ENO3_AGGCGGGAGCAGCTGAGAAG,ENO3,468,90,68
ENO3_GACCTCGGCGCCAATGCGCA,ENO3,304,74,147
ENO3_GCATCTGAGTTCTATCGCAA,ENO3,2128,490,389
ENO4_GGGAGAACGACGTTCCGCGC,ENO4,164,21,21
ENO4_GAAAGACGTACTAGATGGAC,ENO4,53,142,58
ENO4_CCATCACGCACGAGCTCCAG,ENO4,2259,238,189
ENO4_CAATATTTCTCCCTCCAGGG,ENO4,495,39,23
ENO4_ACCAGCGATACCATCAGCAA,ENO4,1327,395,237
ENO4_CAGCACTTACCAAATCGACA,ENO4,1033,275,456
ENOPH1_GGATCACGGTGACTTCGGCG,ENOPH1,1239,381,119
ENOPH1_AGGATCACGGTGACTTCGGC,ENOPH1,627,74,23
ENOPH1_TGGAGGGCGGCATTCACAGC,ENOPH1,1333,14,139
ENOPH1_TTATTCGGGCATTCTACGGA,ENOPH1,710,291,284
ENOSF1_CATCCGAGACATGATTGGAC,ENOSF1,380,353,229
ENOSF1_TCCAGCCATCCTTCAGCGCC,ENOSF1,620,296,486
ENOSF1_CAGGCACTTCCAATTCCGAA,ENOSF1,828,366,354
ENOSF1_CGTGGTGCACCTGGCGACAG,ENOSF1,1930,197,565
ENOSF1_TGTTGAGCACATGGTGGGCG,ENOSF1,1255,636,475
ENOSF1_TTACCATGGCGTCCGCGCCG,ENOSF1,2575,889,1105
ENOX1_CATCCGCCGCGAAGAAGAAA,ENOX1,493,297,322
ENOX1_TGCTTTCCTGGATTGAACGA,ENOX1,1139,131,206
ENOX1_CCTTCATGTGGACTTTGCCC,ENOX1,750,193,45
ENOX1_ACAAACACGGTCTTACACCC,ENOX1,2312,510,466
ENOX1_TTGAGGCTTGGATCAAAGCC,ENOX1,960,156,239
ENOX1_CTGTCACGGACATGTTGAGC,ENOX1,885,200,274
ENOX2_CTGTTCATGGTCTTCTCAAG,ENOX2,1664,429,571
ENOX2_AGCCCTGCAAGGAATGCAAC,ENOX2,1152,69,124
ENOX2_ACACGCTGATGTTCTTCCGC,ENOX2,915,355,531
ENOX2_AGCAAAGGAGAAGTTCAAGC,ENOX2,451,363,165
ENOX2_GGGCTCTAGTACTGACAAGA,ENOX2,546,149,146
ENOX2_GGTTGTCCGGCAATTCCCAG,ENOX2,95,133,48
ENPEP_TCAACCTGAGCGCTCCCACC,ENPEP,850,327,383
ENPEP_GCACTGGTGCCATGGAGAAC,ENPEP,2470,685,573
ENPEP_CCTTACCCAAGATCTGAAGG,ENPEP,1400,153,406
ENPEP_AGCGCTCTCCTTGAACCACA,ENPEP,441,256,189
ENPEP_GCTGAAATTACTCTCTGCCA,ENPEP,453,30,27
ENPEP_CTATTGCAGATTCTCTGGGA,ENPEP,602,543,214
ENPP1_GCAGTTTCCAAGCTCAACAC,ENPP1,1742,1142,1217
ENPP1_GGTAGGAGGCGTTTCAAACC,ENPP1,113,126,64
ENPP1_GGTCATCAAAGCCTTGCAGA,ENPP1,103,90,72
ENPP1_AGGTCCATAGCCAACAAAGA,ENPP1,753,134,285
ENPP1_GGATGCTTTGGCGTATAAAC,ENPP1,1170,281,288
ENPP1_CCACGGTATAGGATGTCCAA,ENPP1,687,191,182
ENPP2_GATTACAGCCACCAAGCAAG,ENPP2,816,153,257
ENPP2_GGGCTATATCCAGAATCACA,ENPP2,370,216,121
ENPP2_CTGCTGTACCAATTACCAAG,ENPP2,1720,982,968
ENPP2_TCCGGAGATGTTGGTCCAGG,ENPP2,728,534,182
ENPP2_GAATCCTCGACATGGCAAGG,ENPP2,817,103,176
ENPP2_CATACCGTACCCGATCGGCG,ENPP2,1136,119,77
ENPP3_CTATGCAGCTACCAGGACAA,ENPP3,2478,971,534
ENPP3_CATGTCACTTGGATTAGGCC,ENPP3,301,215,460
ENPP3_GGTTGCCCATGCCACCAGGC,ENPP3,66,172,31
ENPP3_GAAGTGTCCCATTTGAAGAG,ENPP3,655,256,391
ENPP3_ATCATCCTTCTGGCTGACCA,ENPP3,934,62,95
ENPP3_GCACCAAACAATGGAACCCA,ENPP3,1191,88,145
ENPP4_GGCTTGTATGAAGAAAGCCA,ENPP4,154,100,43
ENPP4_TGGAATTAGCCACAATGCCA,ENPP4,824,227,107
ENPP4_TCAGGACAGACTGATAAACC,ENPP4,2393,780,1235
ENPP4_GGTCCGTGGGCAGCTAGAAA,ENPP4,1471,310,541
ENPP4_AGTGCTTGTTAGTTGACCAG,ENPP4,222,167,36
ENPP4_TGAACCGATAACAATCGCGA,ENPP4,1079,135,123
ENPP5_CAGCAGAATATGACCAAGAG,ENPP5,1980,1171,1529
ENPP5_CCAGCAGAATATGACCAAGA,ENPP5,1618,920,973
ENPP5_CTGGTTTAACACTACCAGGG,ENPP5,444,78,219
ENPP5_TGACGCAGTGCTCTGAGGAA,ENPP5,2221,649,562
ENPP5_TACATCTGTTCCGGGCCACA,ENPP5,499,244,311
ENPP5_TGGATCACAAACCAGAGGGC,ENPP5,869,236,218
ENPP6_GATGAACAGCACCGGCAGGC,ENPP6,102,76,26
ENPP6_CTTTAGTGGCTGATGAAGGC,ENPP6,1368,458,532
ENPP6_GCCGGCCAAAGGCTCACAAC,ENPP6,512,530,784
ENPP6_ATATGGCTGCCAGGTCGGCC,ENPP6,84,35,81
ENPP6_TGGATGTTCACACACTCACC,ENPP6,1132,55,137
ENPP6_CTACATCAGTGATGAGGCGC,ENPP6,119,108,94
ENPP7_ACGCCACGCTGGGCATCCAG,ENPP7,460,107,55
ENPP7_TCTGGATGCCCAGCGTGGCG,ENPP7,1251,206,183
ENPP7_GCTGGCTCCTTCTTCTACCC,ENPP7,465,44,32
ENPP7_CTCAAACTCGATGTCCCGGA,ENPP7,220,79,524
ENPP7_TACACGTGGACGCTCTCAAA,ENPP7,983,231,376
ENPP7_AGAGTAGGCCTTCCATCAGG,ENPP7,910,159,206
ENTHD1_TCCTCTACATCAGAAGACAC,ENTHD1,740,78,167
ENTHD1_GCAAGTGATTGGAGAGACAA,ENTHD1,973,252,362
ENTHD1_ACAGGAAATGTGTGCAAGGC,ENTHD1,2336,383,625
ENTHD1_TCCCTCTCTTTACACAGCAA,ENTHD1,927,333,290
ENTHD1_GGGTAAGGGATTTATACACG,ENTHD1,810,14,71
ENTHD2_CCAGGGTTTCGGCTACAGCA,ENTHD2,1358,661,1184
ENTHD2_GCAACACGGTGTCCGAGAAC,ENTHD2,2152,333,264
ENTHD2_CGGGAACAGCTTGTACCAGA,ENTHD2,697,327,228
ENTHD2_CGTGGCTGCACAGATAGAGC,ENTHD2,620,152,156
ENTHD2_TCAAACAGGTAGCCCGGACA,ENTHD2,3893,902,923
ENTHD2_TTGACCTTGCGTCTCCGCGC,ENTHD2,899,208,239
ENTPD1_CTATGATAGAGGAGAAGCCA,ENTPD1,575,187,85
ENTPD1_AAAGGAGAATGACACAGGCG,ENTPD1,1278,200,291
ENTPD1_ACCCGTTTACCTGGGAGCCA,ENTPD1,1419,187,222
ENTPD1_ATCATTACTGGCCAAGAGGA,ENTPD1,66,68,50
ENTPD1_GCAATTTCGCCTCTATGGCA,ENTPD1,732,171,159
ENTPD1_CTCAAATCTCTTGGTGCAGG,ENTPD1,1456,485,511
ENTPD2_TGAAAGAGCATCGGGAGAAG,ENTPD2,1517,666,478
ENTPD2_GCCGTGACCAGGTCCTCCAG,ENTPD2,232,12,27
ENTPD2_GCTGGAGAACTTCATCAAGG,ENTPD2,308,200,128
ENTPD2_TCTTGTTGGATGCCTCGAAC,ENTPD2,598,37,85
ENTPD2_CGGCCACTTGTAGATAAACA,ENTPD2,2802,653,535
ENTPD2_TGACCGCACCTTCCCGGCCA,ENTPD2,1311,365,266
ENTPD3_ACTCACAAGCAAGACCACCA,ENTPD3,342,252,521
ENTPD3_CCGCATGGAGTGGAAACCAC,ENTPD3,2412,517,815
ENTPD3_CCTCATTCCGGCCATAGCAC,ENTPD3,1004,164,329
ENTPD3_AAGCTGATGCTATAATCCCG,ENTPD3,1248,364,455
ENTPD3_GCTATCAAATACATGGCCCA,ENTPD3,10,173,100
ENTPD3_CTATGGGCAGACGGATCAGA,ENTPD3,1363,319,503
ENTPD4_GCCAGTCACACCCACTGGCG,ENTPD4,723,240,380
ENTPD4_CCTGTAGAGGATGGCTCCAA,ENTPD4,507,25,233
ENTPD4_ACCATATACCTACGAGGGAC,ENTPD4,355,98,139
ENTPD4_GCCACCAAACCCAAGAAACG,ENTPD4,497,1061,201
ENTPD4_GACAGCGGGCATTCTCGACA,ENTPD4,1316,210,142
ENTPD5_ATCACAGCCCTGTTAAAGGA,ENTPD5,636,94,198
ENTPD5_TTCCAACCATCTCGGTAAAC,ENTPD5,1195,1095,932
ENTPD5_ACTAGCAACCCTGGGAGCCC,ENTPD5,272,154,462
ENTPD5_ATCATGGATGGATCCGACGA,ENTPD5,1355,117,267
ENTPD5_CGTTCAAGGGCTCTTAGAGG,ENTPD5,427,566,368
ENTPD5_TTTGCAGCGCTGTCTCCCAC,ENTPD5,696,183,153
ENTPD6_TTGCCTACATCAAGTGGCAC,ENTPD6,319,26,71
ENTPD6_ACCTTCAAAGCACTGAAGCC,ENTPD6,341,143,122
ENTPD6_GGCCCAGAAGTTACTGCAGA,ENTPD6,267,61,41
ENTPD6_CTCTTGCAGGCGTTTCGGCG,ENTPD6,1430,596,768
ENTPD6_GATCGCCTTCCTGCCACGCG,ENTPD6,48,82,206
ENTPD6_CGCAGTGCCGTCAGGTAGCC,ENTPD6,1714,837,1204
ENTPD7_TGTGCAGCCTTACCTAGCCA,ENTPD7,1963,498,398
ENTPD7_GCCACCCGCTGACGGAGAAA,ENTPD7,1216,243,72
ENTPD7_AGACCGCAACAGCCAACCAG,ENTPD7,2645,357,136
ENTPD7_TTTGGGAAGATTCGACCACG,ENTPD7,392,354,295
ENTPD7_ATCAGATGCTGAGGCTACCC,ENTPD7,834,130,103
ENTPD7_CCATGGGCCAACATTTGCCA,ENTPD7,958,450,99
ENTPD8_TTGCCAGAGGCCCTGGAAAC,ENTPD8,1370,506,189
ENTPD8_AACCTCACAGTTGAAGGGAC,ENTPD8,227,127,77
ENTPD8_TCTGGTCCCGTCCAAAGCAC,ENTPD8,963,336,331
ENTPD8_ACTTCTAATGCTGCACAGGC,ENTPD8,105,93,661
ENTPD8_GCGAACAAGGAGAATGGCAC,ENTPD8,549,171,130
ENTPD8_GCACCTTGATGTCTGTGGGC,ENTPD8,901,39,71
EOGT_ACAGGGCCACCATCCAACCC,EOGT,1483,321,225
EOGT_GCTGTTACTTAGACTTGGCC,EOGT,130,142,33
EOGT_TTCTGTGCTCCGTGCAAGAA,EOGT,1400,858,759
EOGT_CTGTCAGCCTAAGGAAACGG,EOGT,3113,1041,810
EOGT_ATGTCGACATAGCTGCAAAC,EOGT,1664,579,651
EOGT_TAGTTATACAGAGGTTCGCC,EOGT,81,0,25
EOMES_CCAGTGCTTGTAAGCGAAGG,EOMES,1327,477,593
EOMES_TGAAGTTACAGAGGATGGCG,EOMES,1014,429,766
EOMES_AAATCTCCTGTCTCATCCAG,EOMES,201,41,129
EOMES_CTACAATGTGTTCGTAGAGG,EOMES,1782,419,223
EOMES_CCAGGGTACGGCCCGTAGAG,EOMES,1187,485,395
EOMES_TGTCACTAAGCATGGCCGCG,EOMES,2040,280,755
EP300_ATCGCTGGCGGACGCCGAGA,EP300,523,174,326
EP300_TGGCTGGCCATGACTTGACC,EP300,1448,1534,746
EP300_ATGTTGGGCATTCCTCCACC,EP300,303,394,450
EP300_GACTCCAGTTGCCCAAGGGA,EP300,368,390,240
EP300_GCTGGTTCTTTGCTTGCACC,EP300,692,292,282
EP300_AGGACCCAGGGAGGGCACAC,EP300,1841,677,561
EP400_CGGGCTTGCTGAGGGAGCGA,EP400,644,170,249
EP400_AGCAACCCAGCTTCCGCCAA,EP400,887,184,268
EP400_TCGCAGGGAGCCTGGTAGCA,EP400,2605,246,444
EP400_CAACTAATGCCGACCGCACA,EP400,825,499,215
EP400_CCACGTTCCCACACCTGGAA,EP400,856,356,400
EP400_AGAACTGTCTTGGGACGAGG,EP400,252,70,35
EP400NL_CAGGCCACTGGACATGGCGC,EP400NL,439,142,0
EP400NL_AGGTTGTGGCCAGAAAGCAC,EP400NL,993,125,46
EP400NL_TAGCAACCCAGCTACCGCCG,EP400NL,2050,449,334
EPAS1_AGCGACAATGACAGCTGACA,EPAS1,407,126,445
EPAS1_TGCTGGCCTTACCTGAGGAG,EPAS1,1381,489,400
EPAS1_CAAGTTCATGGGACTTACAC,EPAS1,922,116,299
EPAS1_CGAATCTCCTCATGGTCGCA,EPAS1,1697,375,268
EPAS1_GGTCTTGCACTGCACGGGCC,EPAS1,151,97,64
EPAS1_TGTTCTCGGAGTCTAGCGCA,EPAS1,474,460,227
EPB41_TCTCAGGTGTCCGAGGAAGA,EPB41,2243,576,614
EPB41_TCTCTGAGTTCTTCCTGAGC,EPB41,788,66,150
EPB41_AGAGGTTGCGTTATCCCAAA,EPB41,886,349,286
EPB41_GCTAAGGTTGCAAAGGAACA,EPB41,357,118,170
EPB41_CATCAAGATTCGGCCTGGAG,EPB41,1054,161,24
EPB41_ACTGGGAAGTTTGAATCCGA,EPB41,139,106,33
EPB41L1_CTCGGAGTATGAGTGTGAGG,EPB41L1,1309,413,307
EPB41L1_CCTCCTTAGAAACATGGCCG,EPB41L1,1971,572,559
EPB41L1_GCTTCTTGATCTCCTTGGAG,EPB41L1,260,73,83
EPB41L1_CTACGCTGTGCAGGCTGAGC,EPB41L1,395,291,242
EPB41L1_ATGTTAGGCGTTTGTGCCAA,EPB41L1,920,320,242
EPB41L1_GCTTTAAGCTCCCAAACCAC,EPB41L1,628,240,67
EPB41L2_TGAGCGCACTTCTAGTAAAC,EPB41L2,1684,602,451
EPB41L2_ATTCAAACTGCCAAACCACC,EPB41L2,300,29,0
EPB41L2_TGTTGACCTACATCATGCCA,EPB41L2,502,174,220
EPB41L2_GACTATGACCCAGAAGAACA,EPB41L2,1070,401,145
EPB41L2_CACCGAATACAGCTGTGACC,EPB41L2,1558,965,389
EPB41L2_ACCTTAGTAGTGGCCAAAGA,EPB41L2,1489,634,530
EPB41L3_ACTCGGGTCATTGTCTAGGG,EPB41L3,765,351,179
EPB41L3_CATCTCGGCCATCCGGCACG,EPB41L3,845,433,565
EPB41L3_TGGGCGATCTATCAACGCAC,EPB41L3,283,152,153
EPB41L3_GCCCTGCTCCTTTGTTACCC,EPB41L3,1740,357,707
EPB41L3_TTTCTGTAGAAACGCTCCAG,EPB41L3,122,18,63
EPB41L3_GGAATCCAAGCCGGACCAGG,EPB41L3,506,145,144
EPB41L4A_CATTGTCACTTCCACAGGAG,EPB41L4A,959,209,657
EPB41L4A_TTGTCACATTCTGATCAGGC,EPB41L4A,961,131,211
EPB41L4A_TGTTACTCACATAGACGGGA,EPB41L4A,1041,230,184
EPB41L4A_CCGGTTTGTTCCTGATCAGA,EPB41L4A,972,255,297
EPB41L4A_TGCTTAAGTGGCACCTACAC,EPB41L4A,1410,885,538
EPB41L4A_GAATACGTGGTCAAGGACAA,EPB41L4A,531,141,175
EPB41L4B_AACGTTGAATGTCTCCGGGA,EPB41L4B,643,176,303
EPB41L4B_TTCTTCCGACTGCGGACGCC,EPB41L4B,148,410,453
EPB41L4B_TCAGATAGGAGAGTTCCGCC,EPB41L4B,401,122,350
EPB41L4B_ACCTTGTAAACTCCTCACGA,EPB41L4B,867,226,559
EPB41L4B_CCTGGGCAGAGTCGAGGAAC,EPB41L4B,1241,551,547
EPB41L4B_GAAGACGCGGCAGTAGAGGG,EPB41L4B,220,71,107
EPB41L5_ACCGGGTTAGCTCCTCACGA,EPB41L5,1704,465,130
EPB41L5_GCCTATTCAGACTGAAGAGA,EPB41L5,688,292,179
EPB41L5_TCAGTCATGGCTGTATGGCC,EPB41L5,686,257,295
EPB41L5_ATGACGTTAATGTAGCCACC,EPB41L5,1691,158,196
EPB41L5_AACATCGATGTTGGATCGAG,EPB41L5,3,75,169
EPB41L5_AGAACAGAACCACTGTCGGC,EPB41L5,365,36,179
EPB42_GGGCCTTGCTGAACAAGCGC,EPB42,408,274,239
EPB42_TGATCCTTAACAGTTCGAGG,EPB42,929,122,170
EPB42_GGATGCAGTCAGCTGTACCC,EPB42,90,25,0
EPB42_GCAGTGTGAACTGACCCAAG,EPB42,1762,334,286
EPB42_AGTCACAGCTCTTGATACCC,EPB42,1170,319,102
EPB42_GCGGCCTGCAACCATGGGAC,EPB42,1018,291,741
EPC1_CCTTGGAACTGAATCTACAG,EPC1,1145,551,410
EPC1_CGAACAGGAACAGCACAACC,EPC1,3679,792,499
EPC1_AAGCCTCACTTAGACCAAAC,EPC1,547,73,110
EPC1_CCGATCTTATCCGACCGAAA,EPC1,2269,952,1038
EPC1_GCGGGCTATTTCAGCACAGC,EPC1,233,42,78
EPC1_CGAATACGCCTCGATAAACA,EPC1,2149,680,757
EPC2_GCTGCCTATCTACCGCGGCA,EPC2,452,169,0
EPC2_TGTGCTTTCAGAAGGCGGGC,EPC2,545,19,22
EPC2_TGGTTAGCTTGGTCCAAACG,EPC2,1397,144,221
EPC2_TTATTGTTCACAGTCTGCCC,EPC2,379,45,88
EPC2_ATTGCTGTTTCTGCTGAAGC,EPC2,862,419,350
EPC2_AAGTCGCAGTGAGGTAGCCA,EPC2,1515,213,201
EPCAM_TCGTTGATGAGTCACCGCCC,EPCAM,2292,856,885
EPCAM_GACTGCTCACCTCTGGCCGC,EPCAM,134,65,67
EPCAM_CAAGCAGAAGCCCGAACGCG,EPCAM,1850,731,643
EPCAM_GATCCTGACTGCGATGAGAG,EPCAM,384,111,188
EPCAM_GGTTCTCACTCGCTCAGAGC,EPCAM,309,81,90
EPCAM_GATCACAACGCGTTATCAAC,EPCAM,1332,218,106
EPDR1_AAGGCTCCAGTGAATCGCGC,EPDR1,248,111,252
EPDR1_GCAGAGGCCACCGAAGGGAC,EPDR1,916,357,248
EPDR1_CGTCGTAGGAGAGCAGGGCG,EPDR1,1962,1008,512
EPDR1_GGACTCAGTAACACCCAGCG,EPDR1,1306,614,612
EPDR1_GGAGTACTGGTCTTCAAAGG,EPDR1,441,338,653
EPDR1_AGCAGATCACCGTCCAGGAG,EPDR1,1455,656,370
EPG5_CAGTATGTGAGCCATAACCA,EPG5,1446,307,608
EPG5_ACTTGGACGCTAGTAGACGA,EPG5,317,275,402
EPG5_AGCCCATTTACTAACACCAG,EPG5,1338,264,300
EPG5_TGTGCTCTCAAGATTGCAAG,EPG5,609,201,353
EPG5_GGTACTAGTTCCAGTTGAGA,EPG5,301,61,62
EPG5_CGCGGAAGGGTCTATGGCCG,EPG5,3937,857,882
EPHA1_TCTTCACCAGTCTCAGAGAC,EPHA1,970,267,352
EPHA1_AGGGCACAGCACAGGACGGG,EPHA1,824,230,298
EPHA1_CCCTAGCGGCTCCTACCGGA,EPHA1,395,176,148
EPHA1_GAAGACCCGGACAGACACCA,EPHA1,466,52,92
EPHA1_CGGTGAACTGCAGCTCCACG,EPHA1,1899,478,995
EPHA1_TACTCTGATGGACACAAGCA,EPHA1,724,185,344
EPHA10_TTACTCCATGGTGAAGACAG,EPHA10,799,132,157
EPHA10_CGAGATCCGATACTACGAGA,EPHA10,1632,686,359
EPHA10_CCTTCCTACCGCGCCAGGCA,EPHA10,2240,423,451
EPHA10_TCACGGGTGCAGGAAGCCGA,EPHA10,796,262,209
EPHA10_AGCGCGGGATTCCAGGAGCG,EPHA10,1320,468,290
EPHA10_GCTGCATCCGGCAGAGGAAG,EPHA10,912,226,174
EPHA2_GGTGCAGGCACTGACGCAGG,EPHA2,214,80,13
EPHA2_ACACTCGGCTCTGCTGCGGC,EPHA2,333,39,158
EPHA2_CAGTGTGACAGTGAGCGACC,EPHA2,1195,183,217
EPHA2_TTCCTCACACTCGCAGGAGG,EPHA2,2324,232,224
EPHA2_GGTGATCTCATCGGGCGCAA,EPHA2,403,121,147
EPHA2_TCACACACCCGTATGGCAAA,EPHA2,2440,923,819
EPHA3_AAGACCCTCTAACCTCCACC,EPHA3,108,82,50
EPHA3_CTACTCACGGGTACAAGCCA,EPHA3,3165,289,569
EPHA3_AGCATCACAACTAATCAGGC,EPHA3,766,161,197
EPHA3_GCTGTTCGTCCCATATCCAG,EPHA3,393,311,143
EPHA3_TTGGCTACTTTCACCAGAGA,EPHA3,1224,504,212
EPHA3_TGACTTATAGCCACAGAACC,EPHA3,1240,714,902
EPHA4_TTGGAGGTTACAACCAACAC,EPHA4,835,333,506
EPHA4_AAGTGCCGACCCTGTGGAAG,EPHA4,1580,705,798
EPHA4_TCGGTCACAGGTGCACGAGG,EPHA4,1655,348,323
EPHA4_CTGATTGGATCACCCGAGAA,EPHA4,1803,733,807
EPHA4_TAGCAAGCCCTCTGGAAGGA,EPHA4,962,317,479
EPHA4_CGCTCTTACCTTCATTCGCG,EPHA4,1010,399,324
EPHA5_TTGGATGGGCAACAGCGCAC,EPHA5,1518,266,276
EPHA5_CAAGAACCAGATCGTCCCAA,EPHA5,712,128,132
EPHA5_TGGATTCCGCCTGCTGACAC,EPHA5,742,545,246
EPHA5_TCATGGGTATAACTGTGAGG,EPHA5,645,255,29
EPHA5_GAAGGCTGTTGCAGTCCCGC,EPHA5,2,241,146
EPHA5_AGGAGAAGGCACGTCCAGAG,EPHA5,608,360,758
EPHA6_TGCGCGAGGTCCCGGGAACA,EPHA6,1790,410,899
EPHA6_ACAACTGGCTTCGTACAAAC,EPHA6,2675,992,1363
EPHA6_AGCCCACCAAGTGACACAGG,EPHA6,1115,597,201
EPHA6_CCTGATAGGTGTGGTAAGGA,EPHA6,779,610,550
EPHA6_ATCCGAGTGAGAACTGCGAC,EPHA6,392,309,197
EPHA6_CTCTGTTTCAGCTTCTGACA,EPHA6,1684,1016,655
EPHA7_AGCTGTCCATCAATTCGCCA,EPHA7,1109,588,402
EPHA7_GCTGCTGTCAGTATCACCAC,EPHA7,389,61,59
EPHA7_GCAACGTATGGTGGGTCAGA,EPHA7,179,48,74
EPHA7_CCCTCGAACCTCGACTAAAG,EPHA7,1809,481,750
EPHA7_TGGATTTCCTCTCCACCCAA,EPHA7,778,171,64
EPHA7_TGCTCCGCTTTGCACACACA,EPHA7,675,279,309
EPHA8_CCGTGACGACCCAGAGCGCA,EPHA8,1735,977,675
EPHA8_GGACACGTCGACCATCCACG,EPHA8,1189,618,731
EPHA8_GCATGCTGTTGCAGTCGCGC,EPHA8,836,286,252
EPHA8_GGTAGTAGCTGAGGTCACAG,EPHA8,425,147,376
EPHA8_CGCTGCGAGGCATGTGGGAG,EPHA8,2459,609,775
EPHA8_GGTGATCCGTCAAGAGCGGG,EPHA8,64,46,8
EPHB1_GGCATCCGCAGTGGCTGCGA,EPHB1,798,33,194
EPHB1_CACCACCTTCATCAACCGGC,EPHB1,299,167,443
EPHB1_TTGGAGGATCCTTAGACAGC,EPHB1,958,247,157
EPHB1_CCCATCTGCACCTGTCGGAC,EPHB1,4423,2373,1725
EPHB1_ACAGGCTGCTGATGGAGACG,EPHB1,1878,937,752
EPHB1_TGAGATCCGGTACTATGAGA,EPHB1,780,160,125
EPHB2_CGCTCGCTCACCTTCCACGG,EPHB2,3009,1396,1328
EPHB2_CTGCATAAGTGCACACAGGC,EPHB2,558,922,366
EPHB2_CTGCATCGCCAATGCGGAAG,EPHB2,796,554,906
EPHB2_GGACTTTCAAGGCCAACCAA,EPHB2,348,353,345
EPHB2_TGTACTGGGTGTGGGCCAGC,EPHB2,469,268,354
EPHB2_ATGGACACTGCCGATGGAGC,EPHB2,172,102,307
EPHB3_TCCTAGAGCTGCCACGGCCA,EPHB3,463,181,373
EPHB3_GGGTAACATCTGAGTTGGCG,EPHB3,703,94,180
EPHB3_TGCGCACCTTGGTGTTGACA,EPHB3,2054,256,505
EPHB3_GGGAGCTACAAGGCGAAGCA,EPHB3,206,190,163
EPHB3_CTACACCTTTGAGGTGCAGG,EPHB3,572,355,170
EPHB3_TAGTGTGGGCACTTCAGACG,EPHB3,1303,136,112
EPHB4_TGGGTGAGGACCGCGTCACC,EPHB4,469,375,169
EPHB4_AATGTCACCACTGACCGAGA,EPHB4,1864,328,310
EPHB4_ATCCTCACGGCAGTAGAGGC,EPHB4,430,1082,864
EPHB4_GAGCGATGCGGACACGGCCA,EPHB4,651,185,122
EPHB4_ATTCCCTCAGGTGGACGGGC,EPHB4,302,46,77
EPHB4_AAGCCCAGCAGAGCAGCACC,EPHB4,527,187,70
EPHB6_GAGCCAGAACTGAAGACACC,EPHB6,170,203,51
EPHB6_AATCTCAGATGTCTCTCCGG,EPHB6,347,126,293
EPHB6_AGAAGAGCCTGACAGCGACC,EPHB6,473,23,69
EPHB6_CGGTAGAAGCCCTCCAGGCA,EPHB6,2592,608,665
EPHB6_CTCTCTGGCGAGGGTCGAAG,EPHB6,1623,756,684
EPHB6_TGTTGGATGCCCGGCTCACC,EPHB6,519,336,376
EPHX1_GAGGAGGATTTCTAGCCACA,EPHX1,43,297,159
EPHX1_ATTTGACTGGAAGAAGCAGG,EPHX1,112,80,37
EPHX1_TCAGAGGCATCCTCCAAGAA,EPHX1,1705,1177,999
EPHX1_TCAACTCGGTGGCCACCGCC,EPHX1,270,147,103
EPHX1_TCCCGAAACGCTGTCCCAGG,EPHX1,284,49,143
EPHX1_ATATAGGCAGCCAGACCCAC,EPHX1,251,97,156
EPHX2_GGCCGTCTTCGACCTTGACG,EPHX2,629,168,231
EPHX2_GCTCTCATGCTCAGGAAGAA,EPHX2,1288,509,432
EPHX2_AGAGTCGTGTCAGGTGGGAA,EPHX2,776,367,268
EPHX2_CCGTGTCAGTGTCCTGGACC,EPHX2,1989,438,752
EPHX2_CATGTCACTTGGATTGCAAG,EPHX2,109,76,27
EPHX2_CTAGATCCCTGCTCTGGCCC,EPHX2,917,436,607
EPHX3_ACCCTCACCCACCGCAAGAC,EPHX3,1890,713,904
EPHX3_TGTAGTGGGAACGGAAGAAC,EPHX3,1925,463,338
EPHX3_ACCATCCGCTCGACCAGGGA,EPHX3,526,169,126
EPHX3_ACATCCCGAGGTGCATCCGA,EPHX3,117,60,68
EPHX3_CGTCTGCACTATGTCTCGGC,EPHX3,991,180,438
EPHX3_CGCGCAGCAGCTTCAGCGAC,EPHX3,2003,760,477
EPHX4_CGGAGCGTGAGCATCAGGCG,EPHX4,997,412,212
EPHX4_GCCCGCAGTAGCAGTAGACC,EPHX4,3167,387,603
EPHX4_TGGATTTCAACAGCTGAGCA,EPHX4,1717,781,628
EPHX4_CTGGATTTCAACAGCTGAGC,EPHX4,860,308,331
EPHX4_CTGTTTACCAGTCACAGCAC,EPHX4,1255,945,622
EPM2A_ATCTTCTTGTGCCCGGGCCA,EPM2A,467,125,310
EPM2A_TGACGAAGAGGCCTTGGCCC,EPM2A,568,307,150
EPM2A_GGGTAGCTGCCCTCGTCAGG,EPM2A,13,11,95
EPM2A_ATTGTCTCCCAATAGGACAC,EPM2A,283,122,74
EPM2A_AAGTTCCTGAAGCGGGAGCC,EPM2A,156,126,141
EPM2A_TGTACCAGAACGTGTCCACG,EPM2A,238,359,179
EPM2AIP1_TCGGGTTGCCACAACTGAAA,EPM2AIP1,838,341,469
EPM2AIP1_AGGGCTTAGCTTGCAGAGAA,EPM2AIP1,928,224,383
EPM2AIP1_CTACACCGCGGATAAAGACC,EPM2AIP1,757,307,109
EPM2AIP1_CACCGCGGATAAAGACCAGG,EPM2AIP1,398,93,135
EPN1_CATAGATGGGTGATCAGAGC,EPN1,596,124,180
EPN1_CCAGGGCGGCAGGAAGAACC,EPN1,225,71,305
EPN1_CATCTGGCGCCTCAAGGACG,EPN1,739,303,185
EPN1_AAGCTGGCACAGACCGCCAC,EPN1,11,24,0
EPN1_AACTAAGGGCCAGCTGGAGC,EPN1,828,238,190
EPN1_CGATTGCCATCTGCAGCCGC,EPN1,233,233,153
EPN2_CAGGAGTATGGCAAGGCCGG,EPN2,330,178,35
EPN2_GGACCAGTCGCCATTTGGGC,EPN2,457,308,456
EPN2_CAGCTCGGAGGACACTCGCG,EPN2,1336,197,253
EPN2_GGCCCTGGAAGAAAGCCGAA,EPN2,621,184,168
EPN2_TCTTTACCAAACGATGGCCA,EPN2,635,26,70
EPN2_CTGAAGAGCTCAAAGGACCC,EPN2,978,77,8
EPN3_TGGCTCTGGAGACGCTCCCG,EPN3,1354,128,420
EPN3_TGGCGGCGGCTCAATGACAG,EPN3,1994,299,212
EPN3_CCTCCTCACGGCTCATGGCG,EPN3,376,188,58
EPN3_GAGCCGGCAGGAGCACGAGA,EPN3,949,44,47
EPN3_GATGTCAGCCAAGTCCAGGA,EPN3,249,61,62
EPN3_CTGGAGACCTCCGACACACC,EPN3,2452,436,357
EPO_CGGCTGTCACAGATGAGGCG,EPO,1133,474,639
EPO_CGGGCTGTGTGCATTTCAGA,EPO,994,447,230
EPO_CGTAGAAGTCTGGCAGGGCC,EPO,1103,390,297
EPO_TCCCAGAGCCCGAAGCAGAG,EPO,1042,692,669
EPO_TCAGCAGTGATTGTTCGGAG,EPO,2213,511,460
EPOR_TCATGGGTGTCTCAGGCGGC,EPOR,415,11,59
EPOR_ACGGTGATATCGCGGAGCGC,EPOR,813,222,359
EPOR_AACACTCCCGCGATCACCGC,EPOR,659,116,97
EPOR_CGGATCGGACTCACTCGAGC,EPOR,1519,131,145
EPOR_TGTGCGCCAGTGGTGACGGC,EPOR,105,132,95
EPOR_GGAGACAAAGGGAGCCGACC,EPOR,256,151,80
EPPIN_GCAGCCACCATAGACAAACA,EPPIN,2163,678,751
EPPIN_CTATGCTCTCTAAGGCACAC,EPPIN,876,364,800
EPPIN_ACTATGCTCTCTAAGGCACA,EPPIN,109,55,131
EPPIN_CTAAGAGGACGAATAGCACC,EPPIN,307,308,128
EPPIN_AGAGGACGAATAGCACCAGG,EPPIN,524,235,297
EPPK1_GACAGCCTCAGGTTGCGCAC,EPPK1,1006,26,0
EPPK1_GGCTACAGGGATCCGGCCAC,EPPK1,140,240,174
EPPK1_CGTTGGCGCTGACAAGCGGC,EPPK1,321,44,51
EPPK1_TGTGGTGGACCCTGTCCACG,EPPK1,998,69,79
EPPK1_GGAGACCAAGCTCCTGGCCC,EPPK1,152,552,417
EPPK1_GCACACACCTTTCCAGCAGC,EPPK1,1199,777,198
EPRS_GAATGTACCTGAAGCTCAGG,EPRS,143,7,0
EPRS_CTCACGTTCAGTCGTGAACA,EPRS,1309,419,557
EPRS_TTCGTGGTGTACTGAGAAGA,EPRS,1389,0,31
EPRS_TACCGTCAGATTTCCTCCAG,EPRS,944,32,7
EPRS_TTCAACAACCAAAGCTCGAG,EPRS,1222,146,202
EPRS_GCTAGAGTTGCAACTACAGC,EPRS,370,180,78
EPS15_TCAGGAGTAAGAACGTGAGG,EPS15,1056,179,196
EPS15_ACTCTTCCAAGGATATCCAC,EPS15,48,66,43
EPS15_GAGGTTCCACTGATTAGCAA,EPS15,701,170,220
EPS15_CTTGTGGCATGTGCCCAGAA,EPS15,352,120,137
EPS15_TTAGCCGACACAGATGGCAA,EPS15,466,101,176
EPS15_TGGAAACACCATGGCTGCGG,EPS15,1101,212,216
EPS15L1_GCACTTGGTGTACCGAGCCC,EPS15L1,494,218,99
EPS15L1_GGACCTCAGTGACATTGACA,EPS15L1,923,121,86
EPS15L1_ACCCTGCCCAGGACATCAAG,EPS15L1,707,174,75
EPS15L1_ACACTCACAAATTTAGGCGG,EPS15L1,982,410,166
EPS15L1_TGGGACTTGGCCGATCCAGA,EPS15L1,345,0,59
EPS15L1_CGATCCGGCATACACAGGGA,EPS15L1,978,172,333
EPS8_AGCAGAACATCAGCGCAAAC,EPS8,1555,837,677
EPS8_TAGGTGGTGCAGGCAACAGG,EPS8,867,71,226
EPS8_ACCAAGGCAGTATCATGAGC,EPS8,140,123,42
EPS8_CTGCATGGGCAGCCGACCAA,EPS8,250,115,201
EPS8_GCAATCAGTGACAGTAAAGG,EPS8,2866,381,443
EPS8_ATCTTTCCGATCCAGGACAA,EPS8,773,203,97
EPS8L1_CCTGGCAAAGAGGAAACGCA,EPS8L1,950,181,150
EPS8L1_CCATGGTCCGTACCAGCACC,EPS8L1,667,160,54
EPS8L1_CGCCATCGTGCGCTGTGACG,EPS8L1,2852,380,1159
EPS8L1_ACAATTACCGCTCGGGCCGC,EPS8L1,317,346,329
EPS8L1_TGGCGGTTCTGCAGGCGGAG,EPS8L1,126,69,141
EPS8L1_GCTGCAGAAGTCGGCGGAGG,EPS8L1,2171,231,283
EPS8L2_TCAAACCTCACTCACCAAAC,EPS8L2,1239,719,942
EPS8L2_TGTCCATGATGAATGTGGCC,EPS8L2,635,218,252
EPS8L2_CCTCATCGCAGTGGAAGAAG,EPS8L2,703,403,380
EPS8L2_GCCGCATCTTCTTGCCCAGC,EPS8L2,993,341,216
EPS8L2_CAAGAATCGCGTGGGCCCGC,EPS8L2,380,213,83
EPS8L2_GCTCCTCCTGCGACTCCCGA,EPS8L2,107,124,39
EPS8L3_CGAAGTTCAGGGACTTGAAG,EPS8L3,1413,199,579
EPS8L3_TCTCGGGCACTGGTGTGGCG,EPS8L3,1561,290,415
EPS8L3_CGTGCCTGCTCCATAGGGAG,EPS8L3,1902,588,724
EPS8L3_GCTCCTGCACGGTGATGGAC,EPS8L3,541,105,125
EPS8L3_GCTGTTCGAGATGGATGCAC,EPS8L3,573,65,258
EPS8L3_TGCCCTTGTAGTGCACCGGA,EPS8L3,100,249,116
EPSTI1_CCAGATTGCTCGAGGCCACC,EPSTI1,655,498,189
EPSTI1_TACCTAGCCGTCTGGGCACC,EPSTI1,4,139,134
EPSTI1_CTTAGTTGCGGAGCAGGAGC,EPSTI1,466,36,28
EPSTI1_GCCTGGCTTAGTTGCGGAGC,EPSTI1,850,136,232
EPSTI1_GCACGACGCTCTCCCGCGAA,EPSTI1,775,454,585
EPSTI1_CAGGACCCTTCTGGGCGGCA,EPSTI1,1812,374,906
EPT1_TCAGGCACGTGCTTGTGACC,EPT1,789,593,388
EPT1_GGGATATGACATTAGCCAGG,EPT1,368,171,123
EPT1_CCAATTCAAAGTTGGACACC,EPT1,888,551,396
EPX_ACAATTGGACCCAGAAGAGG,EPX,1028,290,199
EPX_CCTGTCCTACTTCAAACAAC,EPX,991,320,777
EPX_GGTTGGAGACAGCCCGGACC,EPX,402,96,97
EPX_AGAAAGGGATGCAGTCACGC,EPX,2142,647,703
EPX_TCTTTATGCGAGAGCACAAC,EPX,1052,170,241
EPX_CTGCTCCAATGTGGACCCAC,EPX,568,143,380
EPYC_AATTAGACAAGGCTCCCAAC,EPYC,1061,71,75
EPYC_AGGCTCCCAACAGGCAGACG,EPYC,1431,365,455
EPYC_GCGGTGTTCTTTGGCAGCGG,EPYC,28,1,13
EPYC_ATGGTCATCACAGTACACGG,EPYC,998,418,643
EPYC_CCCAGGAGCCTGAATTCACA,EPYC,1260,291,451
EPYC_AGAAGAGCCATCAATCAGCC,EPYC,347,181,142
EQTN_TAGCACTACAGAATGCCAAG,EQTN,267,177,182
EQTN_CCAAGAGGACCACAAAGAGG,EQTN,928,625,351
ERAL1_CCCTCATGTCGCGAGGGAGC,ERAL1,1138,246,88
ERAL1_GGCTTCTCGCAGTAATGGCC,ERAL1,126,86,127
ERAL1_GGAGGACCACTCGTAGGACC,ERAL1,136,21,12
ERAL1_ATGTCTCAGACAAGTGGACA,ERAL1,330,390,416
ERAL1_CTTCTGACACAGGCCCAGCC,ERAL1,1108,358,511
ERAL1_AAACTCCTGATTGGTCCGAA,ERAL1,429,158,308
ERAP1_CACAAGAACACGGCTTGAAG,ERAP1,1041,296,327
ERAP1_CGGCTGATAGTTGTGCACAC,ERAP1,2955,240,733
ERAP1_CACTTGCCATACTATCCCAC,ERAP1,741,63,76
ERAP1_AACATCTCCCGGATCTGAGC,ERAP1,455,105,73
ERAP1_CAGGAGTGCAGACTCACCAA,ERAP1,888,208,387
ERAP1_TACGGGAGCCCGACAAGGAG,ERAP1,756,442,434
ERAP2_TGAGCCAACCCAGGCACGCA,ERAP2,2574,339,264
ERAP2_CTACTATCCACTCTCCAAAC,ERAP2,3200,1960,1765
ERAP2_CAGTTTATCGGAAGCAGAAG,ERAP2,1136,390,376
ERAP2_CTCCTAGTGGTTTGGCAACC,ERAP2,2039,481,1332
ERAP2_ACTACATGGACTCTCCAGAA,ERAP2,937,438,508
ERAP2_AGGTCAATGGGATATGCCAC,ERAP2,133,53,60
ERAS_CGAAGCACTGGTGGTTCAGC,ERAS,571,49,69
ERAS_CTACTGGAAGGAGTTGACCC,ERAS,307,133,201
ERAS_CAGCCAGGCACTGGTCACGC,ERAS,400,491,315
ERAS_CATCACAGACAGCCAGGCAC,ERAS,1269,579,173
ERBB2_CGGAGCCGCAGTGAGCACCA,ERBB2,2593,439,687
ERBB2_ATGCTCCGCCACCTCTACCA,ERBB2,1001,285,330
ERBB2_CGGGTCTCCATTGTCTAGCA,ERBB2,673,511,329
ERBB2_CACAGAGATCTTGAAAGGAG,ERBB2,810,397,610
ERBB2_CCTTACACATCGGAGAACAG,ERBB2,1601,713,672
ERBB2_ACGCGCACTGTCTGTGCCGG,ERBB2,583,58,95
ERBB2IP_TACCATGTCGCTGTCTACGA,ERBB2IP,1116,286,461
ERBB2IP_TATGAATAGACTGACCCAGC,ERBB2IP,0,1,28
ERBB2IP_ACATGTTCCCTCAACAGCCA,ERBB2IP,989,166,243
ERBB2IP_TGAAAGGGAGGCACCTCCCA,ERBB2IP,386,109,93
ERBB2IP_ACTGAATCAGACATCCGAGA,ERBB2IP,489,192,115
ERBB2IP_TGAGCCCGCCTTGTAGAGCC,ERBB2IP,632,458,60
ERBB3_GAGGTGGGCAACTCTCAGGC,ERBB3,286,76,228
ERBB3_CACTGTACAAGCTCTACGAG,ERBB3,2034,551,652
ERBB3_CCAACCTCCGCGTGGTGCGA,ERBB3,627,288,100
ERBB3_CTTGCAAACCTCATGACAGG,ERBB3,358,261,158
ERBB3_TGCCATGATGAGTGTGCCGG,ERBB3,367,157,69
ERBB3_ACTGTCATTGAAGTGCCGGC,ERBB3,552,24,112
ERBB4_GCTTGTGATGGCATTGGCAC,ERBB4,690,212,286
ERBB4_TGCACTGACATTTGCCCAAA,ERBB4,1929,1351,1019
ERBB4_ATTGTGCTCCAGTTGAAAGG,ERBB4,670,404,288
ERBB4_TGCGTAAATTCTCCAGAGGC,ERBB4,1612,606,536
ERBB4_AAAGCCACAGCTTTACCCGC,ERBB4,1142,220,236
ERBB4_TGAGCCTTCTCGTGGCGGCG,ERBB4,112,83,165
ERC1_TGTTATCTCTCGCCTGACGA,ERC1,538,93,151
ERC1_AGGATGAATTGCGGATCCAG,ERC1,652,19,110
ERC1_GGAGCGTGGGCTTCGAGACC,ERC1,824,203,61
ERC1_GGAGGAACTAAGTTCGAAAG,ERC1,230,129,161
ERC1_TGGACAGCTCCTGTTTCACC,ERC1,743,17,37
ERC1_TCAGGATATGGCTGAAGAGA,ERC1,765,182,233
ERC2_CAGAGTGAAGTCCTTGCAGA,ERC2,1249,172,434
ERC2_AGATGCGCTGAGATTACGAC,ERC2,1570,445,260
ERC2_CCTTACCTCAGTCTGAAGGA,ERC2,334,418,451
ERC2_GCCGGAGCCAGCCAAGACGA,ERC2,610,358,315
ERC2_CCAAGCCGAGCATGACAGGC,ERC2,766,112,323
ERC2_TGTCTAGCTCTTTCCGGAGG,ERC2,1195,267,222
ERCC1_TTCTCCATCAGGAGGTCCGC,ERCC1,491,49,103
ERCC1_ACTGCACATTGATCCTCGCC,ERCC1,443,26,0
ERCC1_ATTACGTCGCCAAATTCCCA,ERCC1,363,1,5
ERCC1_TTGGGCGTCTCTCCTGCCAG,ERCC1,269,53,129
ERCC1_GGATGAGGTCCCTCCTGGAG,ERCC1,1333,106,190
ERCC2_GGCCGTCGTGGTCTTCGACG,ERCC2,140,64,24
ERCC2_TCCCAGGAATTTGATGCCCA,ERCC2,487,10,26
ERCC2_GACGTCCTTCCCAAAGCGCA,ERCC2,300,0,110
ERCC2_TTATCGGCAGGCATATCCGC,ERCC2,486,0,6
ERCC2_TGCCATGATCAGGGCCAACA,ERCC2,1360,0,4
ERCC2_GCGGGAGCTCAAACGCACGC,ERCC2,10,0,0
ERCC3_TCCCGAGTGACAGATCCACA,ERCC3,562,13,102
ERCC3_AGCGGCATTCTCGGATCACG,ERCC3,1791,71,91
ERCC3_AGCTGGTCTTGAAGCACAAC,ERCC3,1991,25,62
ERCC3_ACATGGGTTGGTCGGCACAC,ERCC3,1288,41,79
ERCC3_GGATGAGTCAGGCACCAAAG,ERCC3,643,41,125
ERCC3_CGCCCAAAGGCCTGTCCCAA,ERCC3,1680,258,123
ERCC4_GCGTGTTGAGCACCAGCACC,ERCC4,412,0,0
ERCC4_CATTTGTTACACGGCGAGGG,ERCC4,613,13,53
ERCC4_GGAAACTGTATCTGTGGCCA,ERCC4,412,82,106
ERCC4_CCATAACCCATCGCTTGAAG,ERCC4,2685,195,188
ERCC4_GCTCCAAGCTGGTGCCACAA,ERCC4,1439,144,59
ERCC4_CTATATCACTCTTGGAGCGG,ERCC4,742,0,8
ERCC5_TCTTCGAACTTGGGTAAGAC,ERCC5,344,394,295
ERCC5_AACATTCAGGACACATCCGA,ERCC5,857,19,24
ERCC5_TCCCTTCCATTCGGGAGCCC,ERCC5,539,18,119
ERCC5_GAACTGGTAGGAACTAGGGA,ERCC5,683,148,18
ERCC5_TCCCTACATCCAGGCTCCCA,ERCC5,374,14,56
ERCC5_TGTGGGTTGTGTAACCGCCA,ERCC5,861,167,266
ERCC6_AACATCATGGTCTGCTCCAA,ERCC6,218,160,144
ERCC6_CTCTCTCTCTGTTGCAGGCC,ERCC6,966,411,418
ERCC6_TTGTGTTTCTTCTGACCACG,ERCC6,932,396,438
ERCC6_CACTATGTGATCTTGGACGA,ERCC6,1914,327,655
ERCC6_AGAATTGCCACTCTGAACGG,ERCC6,1377,267,136
ERCC6_GAATTGCACTGCCAGCAGGC,ERCC6,483,157,243
ERCC6L_ATGACATCAGTCCACCAGGA,ERCC6L,1245,154,132
ERCC6L_GGGACATTCTCTGCTCAAGA,ERCC6L,1050,79,174
ERCC6L_AACCTTTCATGGTCCTAGCA,ERCC6L,234,244,306
ERCC6L_TTGGAGGAGTTGGCAGAACA,ERCC6L,1195,179,101
ERCC6L_CCGAAGGTTTCCGGAAGCCG,ERCC6L,3602,55,247
ERCC6L_GGGTCATGGAGGCATCCCGA,ERCC6L,187,0,0
ERCC6L2_TTGCCTGAGGTTTCCGCGCG,ERCC6L2,1245,515,868
ERCC6L2_CAAGGATCAGTTGCCTAAGA,ERCC6L2,1747,422,279
ERCC6L2_CAGCTTGCAGTAGCGCGACA,ERCC6L2,889,277,434
ERCC6L2_GCAAATCTCACATCTCCAGC,ERCC6L2,457,14,176
ERCC6L2_CCAAGGGTCTTGTCTTACGA,ERCC6L2,2355,439,464
ERCC6L2_AGAAAGGAGAGCAGCGCACC,ERCC6L2,912,40,362
ERCC8_ACCTCATCATCATCAGGAAC,ERCC8,390,198,159
ERCC8_ATAGTCATAACGTGGAGACC,ERCC8,216,159,134
ERCC8_ACCCTGTAGAATGTGAGAAC,ERCC8,2117,219,119
ERCC8_AAACAGTGCTTGGTGGAGAC,ERCC8,1672,365,645
ERCC8_GGGTGTTAATTCCACCGCCG,ERCC8,57,32,77
ERCC8_TCTGCTCTCCGAAGGCGAAG,ERCC8,551,254,257
EREG_CTCCCATCGCCGATGACCGC,EREG,1816,591,675
EREG_TGGAGATGCTCTGTGCCGGC,EREG,440,221,169
EREG_GGAGATGCTCTGTGCCGGCA,EREG,131,190,284
EREG_TGAGGACTGCCTGTAGAAGA,EREG,838,329,368
EREG_ATTGACACTTGAGCCACACG,EREG,847,210,122
ERF_GAAGACTGTCGCCTCGAAGG,ERF,644,128,42
ERF_ACCTTGATCTGTGGTGGCGG,ERF,708,122,91
ERF_GCCGGTGCTGACAAGAGCGG,ERF,701,300,235
ERF_ATCGGGCTCAGCGTGGGCGA,ERF,800,127,32
ERF_GCATTCTGCACAAGACCAAG,ERF,430,256,198
ERF_GCGCATTCTGCACAAGACCA,ERF,1178,333,354
ERG_ATCATCAGCAGTTTCTCACC,ERG,735,707,336
ERG_ACATACCTAACTGAGGACGC,ERG,1832,184,307
ERG_CCCAGGAGATCAGCCTGGAC,ERG,1177,496,198
ERG_TGACCAAGGACGACTTCCAG,ERG,1445,133,244
ERG_GAATGCAGTGTGGCCAAAGG,ERG,885,586,670
ERG_CTGTCCATAGTCGCTGGAGG,ERG,2282,516,364
ERGIC1_CGATGCCCTTTGACTTCAGG,ERGIC1,926,188,46
ERGIC1_TGGCTACTCACTAATGGCCC,ERGIC1,1082,214,235
ERGIC1_CGGTGAGCTCCGAGAGGAAG,ERGIC1,2021,404,295
ERGIC1_GATGACCCAGACAAGGACAG,ERGIC1,746,82,193
ERGIC1_GCTTGACATTCAGGATGAGA,ERGIC1,513,81,73
ERGIC1_TGGCACTGTGTGTGGACACG,ERGIC1,64,171,111
ERGIC2_GCCAAATGTGCATGACCACG,ERGIC2,1270,216,217
ERGIC2_ATACTCACCTGTACCTCCAC,ERGIC2,270,14,73
ERGIC2_TATGTAGAGACTTCAGCCAG,ERGIC2,392,71,97
ERGIC2_AGAGTTGGATGCCTTTCCGA,ERGIC2,650,68,155
ERGIC3_GCTGCAGTATTACCTCACCA,ERGIC3,463,265,364
ERGIC3_CTCTACGTGGACAAGTCGCG,ERGIC3,944,208,373
ERGIC3_CACCTGTGAAGATGTGCGGG,ERGIC3,1,0,21
ERGIC3_AAAGATGATAGCACGGAGCC,ERGIC3,494,365,311
ERGIC3_TGAAGCTGACGGAGAAGCAC,ERGIC3,1613,123,101
ERGIC3_GAATCGATGAGTCCAGCCAC,ERGIC3,150,70,77
ERH_CCTTCGTCGGCAGGCCCAAC,ERH,431,151,179
ERH_CTACGTGCTCCTTCGTCGGC,ERH,1026,304,442
ERI1_CTCTGGCGTGACAGCCGGCA,ERI1,1942,440,257
ERI1_CTCACCTCGGGACTGGGACG,ERI1,2027,219,300
ERI1_TCGACTCCTCACCTCGGGAC,ERI1,1983,433,488
ERI1_TGCGAGTGACTTCAGTGACC,ERI1,672,361,473
ERI1_ACATTCAGTGTCAACTCAGC,ERI1,668,165,429
ERI2_TGTCACTGGCATGTCTGCAA,ERI2,1311,399,231
ERI2_TCCAGGTCCACGAAGGCAAG,ERI2,2278,551,731
ERI2_ATGATGAACAGTTGGAACGG,ERI2,694,248,137
ERI2_TGGGAAGCACCACCATAGCC,ERI2,1055,484,445
ERI2_AAGTCAATTGCGCCAGCAAA,ERI2,240,110,96
ERI2_TGTCGGGAATGGCGACCAAG,ERI2,293,483,514
ERI3_GCAAGCCCAAGTACTGGCAC,ERI3,609,295,665
ERI3_CACCGGGATTATTCAAGCCA,ERI3,2129,227,294
ERI3_AAAGCTAAATGGCCGGACCA,ERI3,321,112,180
ERI3_CCATGGATGCGCCAAAGCCG,ERI3,1010,621,877
ERI3_AAGATGCCAAGACCGGCAGC,ERI3,122,208,37
ERI3_AGCGGGAGAGGCTGTCGCCA,ERI3,650,252,481
ERICH1_AAGCTGAGATTACTCTGGCA,ERICH1,611,92,141
ERICH1_ATCGTACGGTACTTACCAGG,ERICH1,49,39,238
ERICH1_CAGTTTCATGTACCAGCCCG,ERICH1,375,435,338
ERICH1_GACGGCTCTACACTGCCAGC,ERICH1,18,39,113
ERICH1_CGACGGCTCTACACTGCCAG,ERICH1,1029,222,404
ERICH1_ATGGCGGCGCACAGGAAGCA,ERICH1,892,443,422
ERICH2_AGTGACGAGAGCTCTGACGA,ERICH2,669,150,143
ERICH2_AGCTCTGACGAAGGTGAAGA,ERICH2,657,312,242
ERLEC1_ACATCCCTTTCCGAGTCAAC,ERLEC1,976,75,49
ERLEC1_CGGGCCAGTTGACTCGGAAA,ERLEC1,2481,462,502
ERLEC1_TTCTATTTGCAGCCCACAAC,ERLEC1,1824,468,508
ERLEC1_TCTTGGCCAACATATTCCCA,ERLEC1,434,41,60
ERLEC1_ACCATACTATCCTGTGGGAA,ERLEC1,667,564,390
ERLEC1_TCACAGTACTTGATCTGGGC,ERLEC1,118,206,83
ERLIN1_CACACAGCACAAGTTGACCC,ERLIN1,1160,142,532
ERLIN1_GCCAGTCACCTTGTTTGAGG,ERLIN1,1514,155,91
ERLIN1_CTTACCTGTATAGTGAGACC,ERLIN1,589,113,29
ERLIN1_GGCAACATGATATGATAGCC,ERLIN1,128,110,27
ERLIN1_GATATGATAGCCTGGTCCAC,ERLIN1,25,0,1
ERLIN1_ACCTGTAGTACACAGCCAGA,ERLIN1,78,93,45
ERLIN2_GAGATGGAAACCAGGGCCGC,ERLIN2,391,27,62
ERLIN2_AACTTCCTGGTCCCGAACGC,ERLIN2,1489,149,132
ERLIN2_ATCACACCCTGCAGGCAGCC,ERLIN2,597,110,180
ERLIN2_TACTTGAATGACCAGCCCAG,ERLIN2,525,150,331
ERLIN2_GCTTTGTTACCCGCACAGCC,ERLIN2,777,111,153
ERLIN2_TGCCGCCCAGAAACAGAAGG,ERLIN2,1114,119,93
ERMAP_GGATGCCGGCAAGTTCCACG,ERMAP,984,265,110
ERMAP_GACGTGCGCCTTGAGGACCA,ERMAP,1489,198,213
ERMAP_TCTCTATGAACATGTGACGG,ERMAP,1164,32,99
ERMAP_CTATGAACATGTGACGGAGG,ERMAP,1010,198,321
ERMAP_ACCGTGGAGGCTCTTTAAGG,ERMAP,1740,311,547
ERMAP_GGGACACATCTCCATTAGCA,ERMAP,911,77,385
ERMN_AGGTGTCACAGCTTGGGAAC,ERMN,1266,203,204
ERMN_TACTGAGCAGCCTCTCAAAG,ERMN,1404,361,369
ERMN_AGCTGTCAAATAGACCAGCC,ERMN,137,67,232
ERMN_TGTTCCGGCTACATTTACCC,ERMN,925,260,312
ERMP1_TGATTGAGCCAATACGAGAG,ERMP1,1892,221,430
ERMP1_TCACACCAAGTATGACACAG,ERMP1,1489,620,849
ERMP1_TTCATTAACCTAGAGGCAGC,ERMP1,200,206,210
ERMP1_AAGATGTTGACAAGACGCGA,ERMP1,904,161,99
ERMP1_CACCAATGTTGTGGTAAAGC,ERMP1,1951,1227,769
ERMP1_CCGCTGCACCCATCCACCAG,ERMP1,3543,744,752
ERN1_CATGAAGGTCAGATAGCGCA,ERN1,1292,631,391
ERN1_CAAAGTAGGTGGCATTCCAC,ERN1,778,335,334
ERN1_TCGCCCAAGATACAGAAGAG,ERN1,1241,677,654
ERN1_ATTCCATCTGAACTTCGGCA,ERN1,546,74,182
ERN1_TTAGGATCTGGGAGAAAGGC,ERN1,759,575,201
ERN1_CTTGTTGTTTGTGTCAACGC,ERN1,948,337,345
ERN2_TGAGATGCGGCAGCTGGCGC,ERN2,534,80,208
ERN2_GGTAGGTGGTGTTCCAGCGC,ERN2,935,135,175
ERN2_TGTTCGGCCAATGTAGAGGC,ERN2,325,149,115
ERN2_CATCCAAGGTGGACACCAGC,ERN2,135,177,68
ERN2_CAGGAGGCCTAACATCCGGG,ERN2,436,83,124
ERN2_ACCGCACTCGCCATAGCGCC,ERN2,1029,367,379
ERO1L_GAGCGCTACACTGGTTACAA,ERO1L,631,472,221
ERO1L_CTTAATCCTGAGCGCTACAC,ERO1L,787,393,419
ERO1L_CATCAGCCAGTGTGGAAGAA,ERO1L,2324,526,421
ERO1L_CAACGCGCACATCGCTCACC,ERO1L,859,34,290
ERO1L_TGGCTGCTCAGCTCGGGCCA,ERO1L,388,244,382
ERO1LB_AGGCTTCCAACTCACCCGAC,ERO1LB,638,335,353
ERO1LB_CCAAGGGAGAAGGTCCAAGA,ERO1LB,2251,579,383
ERO1LB_AATCCTCTGGCGCCTAGCCG,ERO1LB,1127,442,272
ERO1LB_CTGAACCCAGAGCGTTACAC,ERO1LB,1249,680,941
ERO1LB_AGGTCTACATACTGAGCAGC,ERO1LB,142,87,126
ERO1LB_TAGAGGTCAGCATGAGCCAA,ERO1LB,101,45,152
ERP27_ACCAGACTCTAGATGACGAG,ERP27,829,83,233
ERP27_AGGCCTTGTTCATTATCAGG,ERP27,608,58,55
ERP27_TACCGACCTGTATTTCCAGC,ERP27,790,398,204
ERP27_AGTGCCCATACTCCATAGCA,ERP27,1142,372,195
ERP27_TGGGACATCTGTGAGCCACG,ERP27,133,247,122
ERP27_ATTTCTCCTCACGTGTGAGC,ERP27,200,85,29
ERP29_CAGAGATGACACGGATCGCC,ERP29,546,146,153
ERP44_CCTCACTCACCAGGAGCAGA,ERP44,507,101,168
ERP44_GGTAAGGATAGGAAGACGGC,ERP44,87,1,22
ERRFI1_AGGTCTCATTCGGGACCAGC,ERRFI1,308,77,53
ERRFI1_AGTTGATTTGTCCACACCCA,ERRFI1,782,271,338
ERRFI1_GGATGACACAGACTGTGAGG,ERRFI1,552,144,83
ERRFI1_GCAGATTTGGAAGCATGCCC,ERRFI1,107,29,40
ESAM_GGCTCGTGCGGAGGTGACAG,ESAM,888,149,360
ESAM_CTCCAGCCATGGAAGACGAA,ESAM,1203,668,1096
ESAM_CATTGATGTAGGACAACACC,ESAM,386,119,178
ESAM_CAGCGTGGTACACCTTGCAC,ESAM,977,146,152
ESAM_AACTGCACTTGCCCGCCAAC,ESAM,1136,313,227
ESAM_CCGCAGCAAGTTGGTCACCA,ESAM,2690,715,1203
ESCO1_TGGTAATGTTGAGCAGCACC,ESCO1,374,121,92
ESCO1_TTATCCAATGGTGGGTCAGA,ESCO1,187,107,112
ESCO1_CAGCCAAGAAGAACTCCAAC,ESCO1,595,300,264
ESCO1_GATAATGAGCTGGAGCAAGC,ESCO1,726,97,36
ESCO1_AGCTTAACCGGAGATCACAA,ESCO1,832,194,249
ESCO2_CCACAAGTTACACTCCAGGG,ESCO2,2507,7,83
ESCO2_AGCATGTACAGCATCACCAC,ESCO2,560,167,108
ESCO2_AAAGCGCATTGCAAGACGAC,ESCO2,1614,160,56
ESD_ATCCTATCCAGGATCTCAGC,ESD,343,11,85
ESD_CTGGATAGGATTTCACAAGG,ESD,994,557,567
ESD_CCACAAACACTTACGAGGGC,ESD,710,79,143
ESD_TGCTGTCTACTTACCACCAA,ESD,1097,680,662
ESF1_GCTTATGATGGATGAGGACG,ESF1,312,81,160
ESF1_AGTGGCCCTGATCTTGCAAG,ESF1,630,0,0
ESF1_AGAGCTTCAGGTGATGACGA,ESF1,1167,57,126
ESM1_AATCACAGCCGGGATCAGCG,ESM1,1343,725,296
ESM1_GCACTGTCCTCTTGCAGCGC,ESM1,1065,632,666
ESM1_CTGGAGCAATAATTATGCGG,ESM1,1353,342,431
ESM1_CGCATAATTATTGCTCCAGG,ESM1,471,702,505
ESPL1_TGCCTGGCTCGGGATACACC,ESPL1,1,156,125
ESPL1_ATGCAGCTCGCCGTTCCAAC,ESPL1,902,271,320
ESPL1_CCGTCAGCTCTTGGCCCGAC,ESPL1,1178,1165,1157
ESPL1_TAGTCACAAGCTCTATGCCG,ESPL1,589,68,93
ESPL1_GAAACTGGGTAAACAGGCCC,ESPL1,331,24,5
ESPL1_AGCCACCCACCTGGTAGAAC,ESPL1,2991,205,177
ESPN_ACAGTGCAGCTTCCCAGCGC,ESPN,2968,789,639
ESPN_GGGCTACGATGAGAGCAAGC,ESPN,768,156,233
ESPN_AGGATGACCTGTCGCTGCCA,ESPN,389,30,58
ESPN_GCGACAGGTCATCCTGAAGA,ESPN,1269,550,381
ESPN_GACAGGTCATCCTGAAGAAG,ESPN,540,152,234
ESPNL_CGTCAAGTTCTTGGTGCAGC,ESPNL,1028,699,473
ESPNL_GGTGGAGTGGCTGCTCCACG,ESPNL,0,50,43
ESPNL_TCATGCCATCGAGAGCACGA,ESPNL,733,509,418
ESPNL_CGATGTCGGTGAATGTGACC,ESPNL,673,692,447
ESPNL_GACCCTAGTCTCCCACCACG,ESPNL,560,286,368
ESPNL_CACTGGTGATGATCCTCGGA,ESPNL,333,49,52
ESR1_GCGGGTGCAGTAGCATCAGC,ESR1,0,2,0
ESR1_TCAGATAATCGACGCCAGGG,ESR1,704,104,238
ESR1_TCATGAGCGGGCTTGGCCAA,ESR1,667,348,449
ESR1_CTCCTAACTTGCTCTTGGAC,ESR1,1119,793,879
ESR1_ATCCACCTGATGGCCAAGGC,ESR1,942,375,338
ESR1_TAGTGGGCGCATGTAGGCGG,ESR1,1100,207,282
ESR2_CGTACCTCGCATGCCTGACG,ESR2,694,174,159
ESR2_TGGCGCTCAATTGACCACCC,ESR2,425,264,187
ESR2_CACTTCTCTGTCTCCGCACA,ESR2,1103,304,363
ESR2_ACTTCCGAAGTCGGCAGGCC,ESR2,307,167,173
ESR2_TGAGCATCCCTCTTTGAACC,ESR2,2203,1153,832
ESR2_GATGGACCACTAAAGGAGAA,ESR2,101,89,88
ESRP1_CAAGCTAGGCTCGGATGAGA,ESRP1,153,29,75
ESRP1_GCTGGACCAAGCCCTCCGAC,ESRP1,436,229,56
ESRP1_TCAGGGCACGAGGTTTACCA,ESRP1,1326,494,216
ESRP1_AATGCTCAGGGTCGAAGGAA,ESRP1,965,195,152
ESRP1_CTTCAGCTGTGGCCGTGAAA,ESRP1,2861,1145,1017
ESRP1_TCCACAGCGTACTACCCAGC,ESRP1,568,427,458
ESRP2_GCAGTCATCAGACCAGGACG,ESRP2,820,399,132
ESRP2_GGTCTGGGAAGTCAAGACAA,ESRP2,492,48,19
ESRP2_ACTGTGGCCACCATGGCACA,ESRP2,96,0,105
ESRP2_GGATGTGGCTTTGCTGGGCG,ESRP2,859,593,563
ESRP2_CAAATCGCTGGTTCGTGCCG,ESRP2,1130,149,361
ESRP2_AATCCTCCTAGTTTGGCAAG,ESRP2,1316,277,89
ESRRA_GCAGAAGTACAAGCGGCGGC,ESRRA,644,144,26
ESRRA_GAAGTACAAGCGGCGGCCGG,ESRRA,67,169,66
ESRRA_TGCTCTCACCTGTCTTCCGG,ESRRA,978,352,230
ESRRA_AGACTCACCTGAATTGGCAA,ESRRA,623,119,74
ESRRA_CAGACTCACCTGAATTGGCA,ESRRA,3486,1098,829
ESRRB_AGTGGCTCGTCCGACGCCAG,ESRRB,12,14,15
ESRRB_TCTCGCACTCGTTGGTGGCC,ESRRB,945,464,910
ESRRB_TCAGAAATACAAGCGACGGC,ESRRB,50,233,136
ESRRB_CCTGACCACTCTCTGTGACC,ESRRB,868,326,537
ESRRB_CTACCGGGCCATCCTGCAGC,ESRRB,863,174,317
ESRRB_CCTGCAGTGCCTCGTGCAGC,ESRRB,827,421,562
ESRRG_GCGCTGCAGGATTATGAAGC,ESRRG,1455,420,512
ESRRG_ACATTTGTTGGTGGCTGAAC,ESRRG,749,247,292
ESRRG_CCCATACCTGAACCCTCAGC,ESRRG,747,155,318
ESRRG_AGCGTCAACCACCACAGCCC,ESRRG,1105,397,445
ESRRG_CTTGATGAAGGACGAACAGC,ESRRG,479,444,385
ESRRG_GACCTGTCTCCTCTCTCGCC,ESRRG,136,8,0
ESX1_TGGCTCCTGTACACATCACA,ESX1,858,559,203
ESX1_AGGTCACATGTGCCTCACAC,ESX1,401,483,196
ESX1_ACTGCGTGAACGCGGTGCGG,ESX1,206,317,78
ESX1_CTCTTGCTTCAGCTCGAGCA,ESX1,534,183,313
ESX1_ACCTGAGTACGGAACAGAAG,ESX1,1370,489,272
ESX1_TGATATTGGCTACCGCAGCC,ESX1,317,130,194
ESYT1_CGAATGAAGTCAGCACCGCC,ESYT1,1582,213,300
ESYT1_CCAGGTCAGCTTCCCAGACG,ESYT1,5260,674,553
ESYT1_GCTTCTCCATATACTGGCCC,ESYT1,281,131,71
ESYT1_ATTGGAGTCAAGGTTCACCC,ESYT1,365,29,8
ESYT1_AATGTTCTTCATCCGACGCC,ESYT1,440,65,33
ESYT1_TCCAGACCCTAGACATCAAC,ESYT1,1125,436,303
ESYT2_CCACTGTGTTACCTACCGGA,ESYT2,1700,288,376
ESYT2_ACTCTGGACGAGGTTCCCAA,ESYT2,334,198,97
ESYT2_CTTTGATGAAGACCCAGACA,ESYT2,1322,223,461
ESYT2_CGGTTCCAGGATCACCCGCA,ESYT2,737,401,450
ESYT2_TAGTTTCACGAAGGTCGACG,ESYT2,379,234,200
ESYT2_GCTGGCGCTGCTGGAAGACG,ESYT2,395,111,96
ESYT3_TACAGAGCTCGGGCAGCAGC,ESYT3,518,108,113
ESYT3_GCGGGTCGAGTGGGCCAACA,ESYT3,3,7,40
ESYT3_CAAGCTCTACTTTGGACAGA,ESYT3,628,147,348
ESYT3_CACCGTTGACCCTGGGACAC,ESYT3,2376,676,542
ESYT3_AGATTCAGGCTGGTGTGAAC,ESYT3,1401,154,524
ESYT3_AAAGGGCTTGTCCACTAGGA,ESYT3,972,74,287
ETAA1_CATAGGCAATGAGTCGGCGA,ETAA1,276,223,201
ETAA1_TGTACTCCCAGTGTAGCAAA,ETAA1,2004,559,607
ETF1_AAGAGCTTGGAGGCGGCCCG,ETF1,746,19,44
ETFA_TGACATGCAAGTTGGACAGA,ETFA,1688,210,277
ETFA_AGCATCAAGTACTTCACCAG,ETFA,2040,611,492
ETFA_TTTGATGCTGCAGCAACAAG,ETFA,997,141,124
ETFA_AGCTGGAACCAAATGTGACA,ETFA,750,253,269
ETFA_GCTACGATTTCAGAGTACCC,ETFA,271,212,70
ETFA_GGAGACCATGTTCCGAGCGG,ETFA,189,209,134
ETFB_AAGATCGAGGTGATCAAGCC,ETFB,428,138,591
ETFB_TTGGGCAGCGTGGCGTAGCG,ETFB,2367,823,777
ETFB_TGGATTTCTTGACTGGCCAC,ETFB,300,208,135
ETFB_GGAGACGATTCGTACCGCCC,ETFB,0,153,153
ETFB_AGGACAACGACAGCCTGGAA,ETFB,1469,184,311
ETFB_GCGTGCTCGTAGCTGTCAAG,ETFB,1051,235,661
ETFDH_CCGCCCGTTTCCTCTCACCC,ETFDH,3683,718,799
ETFDH_CATCTCTTGTCCTTATCCCG,ETFDH,1350,85,106
ETFDH_TCCCAGGAGTGAACATGGAA,ETFDH,934,228,183
ETFDH_CCTCAGCAGCTGCATAACCA,ETFDH,1728,402,711
ETFDH_CCATAGGTATGTCTGTCCAA,ETFDH,1185,86,148
ETFDH_AGGTTGGCCGAATGCTAGGA,ETFDH,633,98,83
ETHE1_CACCATGGTAATCGTGAGCA,ETHE1,2171,1008,1103
ETHE1_CTGCCAGGCGTTGGAGACCA,ETHE1,1416,1062,974
ETHE1_CACGAAGCGCCCGAAGCGGA,ETHE1,156,99,52
ETHE1_AGTGAATACCCACTGCCACG,ETHE1,200,106,224
ETHE1_GCACTAGGCGGCAGCAAGGA,ETHE1,2083,926,465
ETHE1_AGGCTGTACTGAGGGTCGCC,ETHE1,36,115,202
ETNK1_ACGGCGACCACGAGAACGGC,ETNK1,415,329,253
ETNK1_GGCGACGGCGACCACGAGAA,ETNK1,429,447,276
ETNK1_TGGTAGTCTCCGCCGTCGCC,ETNK1,41,27,24
ETNK1_AAGCCTTGACCCTCTGCAGC,ETNK1,458,25,69
ETNK2_CCCAGAAGAAGTGAGACGCC,ETNK2,300,272,368
ETNK2_ATTACTGCCTGTACCCGGCG,ETNK2,135,27,325
ETNK2_CCTTAGGGACATCTGCAGAA,ETNK2,1066,302,711
ETNK2_AGCTGTGTGCTCGCAGCAGC,ETNK2,465,184,210
ETNK2_CCCGGACGACATCCTTCCCG,ETNK2,3593,284,396
ETNK2_GCGCGTCCTTTCACCTGAGG,ETNK2,503,210,200
ETS1_ATCTGGCTTGACGTCCAGCA,ETS1,1257,339,462
ETS1_CTGCCCAACCACAAGCCCAA,ETS1,1198,516,305
ETS1_GAAATATGACCTACCACGAC,ETS1,607,166,289
ETS1_CGAGAAAGCAGTCTTTACCC,ETS1,1686,317,381
ETS1_AGTTGCCATCTCATCCCAAA,ETS1,888,227,370
ETS1_GAGGCGCTGAGTAAGGGACG,ETS1,378,254,333
ETS2_CGGAATCAAGAATATGGACC,ETS2,938,101,239
ETS2_TCATCACAGCCTTGCTGCAC,ETS2,1220,167,292
ETS2_CTGGCTGTGGAGTGAGCAAC,ETS2,1911,368,416
ETS2_CCAGAAAGCGTTCCTTGCCA,ETS2,922,313,196
ETS2_GCTGTTCCAGGACTGGAGGA,ETS2,344,133,124
ETS2_CTCAGTCCTCCGTGTCGGGC,ETS2,419,326,296
ETV1_TGGACGCTGATTATCTGGAA,ETV1,807,346,529
ETV1_GAGCCAGGAATGTATCGGGA,ETV1,350,40,125
ETV1_CTTAAAGCCTTGTGGTGGGA,ETV1,1221,598,924
ETV1_CTATCTGGTATGGACTGCGA,ETV1,1644,206,364
ETV1_TCATACACCGAAACCTGACC,ETV1,198,58,122
ETV1_AACATGAGTGGAAGAGGAGA,ETV1,33,166,44
ETV2_ATGCCTCATCCCAGTTCCAC,ETV2,62,120,3
ETV2_CCCTGATCTGGCACTCCAAG,ETV2,1630,443,477
ETV2_AACTTCTGGGTGCAGTAACG,ETV2,2148,804,339
ETV2_TGTACCACCTCCTGGAACCC,ETV2,1163,135,256
ETV2_CGCGGCTGTTGCCAGTCCAA,ETV2,252,465,314
ETV2_CGCGACATCGTGCGCAAGAG,ETV2,1467,736,1210
ETV3_AGCTTCGGTTGAAGCGGCGC,ETV3,830,165,393
ETV3_TTGGGCGGAAGAACCGGGAG,ETV3,717,149,181
ETV3_TCCCGGTTCTTCCGCCCAAC,ETV3,843,534,504
ETV3_TTAAGGACACCTCCGCGGCC,ETV3,698,418,411
ETV3_TCTCCAATCCCTGGCCGCGG,ETV3,1197,188,210
ETV3L_ACCTTCCTCTCTAGTTAAGG,ETV3L,408,186,203
ETV3L_CAGCAAAGGCCCAGCCGGCA,ETV3L,1036,293,707
ETV4_GAGGTACATTGATGCGCACC,ETV4,135,44,65
ETV4_ACTCCTTCACATCTCAGGGA,ETV4,377,22,57
ETV4_AAATTCCGTTGCTCTGCCCG,ETV4,588,124,134
ETV4_AGTAAAGGCACTGCTCGCCA,ETV4,63,4,317
ETV4_TAAGTCACTTCCAGGAGACG,ETV4,536,133,235
ETV4_TCTTTACCTTCAGAGTCGAG,ETV4,542,41,210
ETV5_CCAGTCATCCTACATGAGAG,ETV5,1386,249,443
ETV5_CATGACCCACTCTATGAACA,ETV5,3313,616,519
ETV5_ACCAGTATCCATCAGAACAG,ETV5,3240,842,1002
ETV5_ACCTCCAACCAAGATCAAAC,ETV5,828,230,504
ETV5_CTCGATCTGAGGAATGCAGA,ETV5,572,238,118
ETV5_TAGAGACGCTGAAAGCACCA,ETV5,396,130,200
ETV6_ACCTTAATGCTACACTGAGC,ETV6,196,14,152
ETV6_GAGGAAGCGTAACTCGGCAC,ETV6,58,368,356
ETV6_GCAGCCAATTTACTGGAGCA,ETV6,774,396,370
ETV6_CTCTATACACACACAGCCGG,ETV6,618,67,295
ETV6_GGCGGATCATGTTGTCCAGG,ETV6,530,36,55
ETV6_GATAGTGGATCCCAACGGAC,ETV6,508,65,41
ETV7_TCTCGTAGGTCATGTTCACC,ETV7,205,135,127
ETV7_GATATGAGCCCTACATCAAG,ETV7,188,90,167
ETV7_CTTCGGGTGTCCATCTGAGA,ETV7,315,198,601
ETV7_TCCAGTACATCAAGACCCAG,ETV7,598,233,212
ETV7_AGCTCATACAGGACGTCACC,ETV7,172,145,65
ETV7_ACGTGCTGCACTGGCTGCGC,ETV7,657,70,17
EVA1A_TCAAAGTCCTCTCGAAGCGG,EVA1A,1346,255,228
EVA1A_GGAGACACCGCCGCTTCGAG,EVA1A,2341,304,213
EVA1A_GAAGCGGCGGTGTCTCCGCA,EVA1A,406,1,0
EVA1A_CCGCACGGAGAGATCGGACA,EVA1A,4115,539,344
EVA1A_CATCGGGCTGGTGCTGACCC,EVA1A,115,120,34
EVA1B_AGTAATAGTGCATGCGGCCC,EVA1B,654,117,99
EVA1B_AGCTGTCCGCAGAGCCGGAC,EVA1B,364,332,237
EVA1B_GGAGGACACGGTGACTCGGC,EVA1B,87,0,35
EVA1B_GGATGTGCGCGTAGGCAGCC,EVA1B,692,276,110
EVA1B_GGAGTTGCTCAGCAACAGCC,EVA1B,74,58,16
EVA1B_CAACTCCATGTCCCTTCGCG,EVA1B,1612,252,197
EVA1C_CAGTGCAGTAGAAGAGGCGC,EVA1C,461,123,534
EVA1C_TGGACGAATGCCAGAACCAG,EVA1C,1980,720,770
EVA1C_AAACACGGCTATTGACCAGG,EVA1C,44,119,194
EVA1C_CTTTGCAAGTCCTATCCCGA,EVA1C,1564,51,211
EVA1C_GGCCAGGCCGATGCAGACAC,EVA1C,483,379,430
EVA1C_CATCAGAGAGTCCTGTGCCA,EVA1C,1726,345,469
EVC_CCTTTGGCTTGGCTGCCGCG,EVC,552,569,236
EVC_AAGGAGAGGCCTCTACCGGC,EVC,0,20,0
EVC_AGTGAAGGCTGTAGATACAC,EVC,220,212,138
EVC_TGACTCTGAGTACATCACCC,EVC,1241,265,553
EVC_AGGAGGCAGAGCGCTTCAGC,EVC,129,39,6
EVC_GGCGTCTCTGGCTCACCAGG,EVC,181,40,120
EVC2_GATAGCGAACCATGAGGAAG,EVC2,238,139,230
EVC2_GGCTGCGTAGCTGACAGCAA,EVC2,1064,133,264
EVC2_CCAGCAAGAGCAGCTCCGAG,EVC2,6326,1559,1419
EVC2_TAAGTTCTTCTTAGGCCAGG,EVC2,170,134,56
EVC2_CTGTATGATTTGGCCCAAAG,EVC2,2129,1239,1316
EVC2_GCCCAGACCTAGGAGCCACC,EVC2,879,98,63
EVI2A_AAGCGTCAGCCTAGAAGCAA,EVI2A,956,344,243
EVI2A_AGTACTGTTAGCCCACAGAC,EVI2A,395,180,191
EVI2A_CCCACGGACATGGAACACAC,EVI2A,2444,978,769
EVI2B_TGATTGAGACAGTCCAGAGA,EVI2B,1016,204,171
EVI2B_AATTCACCTAGGAGTACACC,EVI2B,210,94,73
EVI2B_TGTTTGGTGTTGTAGGCAAG,EVI2B,677,414,633
EVI5_GAGCAACCAAGTGGTTCAAA,EVI5,127,94,164
EVI5_TAGCTCGTACTACTGGGAGA,EVI5,447,83,131
EVI5_ATCGCATACAGTCAGTCAGA,EVI5,828,150,224
EVI5_TAGAAACCCTAGTGGGAAAC,EVI5,1348,489,211
EVI5L_GCTAACAAGCCCACCCACCA,EVI5L,1624,389,558
EVI5L_GCTCCATGAATGGCTCGCGG,EVI5L,840,248,134
EVI5L_GATCAGCTTCTCGCACGGCG,EVI5L,1398,374,822
EVI5L_GGCATACTCGCTGGTAGACC,EVI5L,191,15,156
EVI5L_CAAAGACCCGGGTGGCGACG,EVI5L,2297,330,533
EVI5L_GCTGGAGATCGTGTTCCGAG,EVI5L,349,218,257
EVL_CAATACTCACCTTGTGGCCA,EVL,724,274,424
EVL_CGGCTGAATCCCTGCTGGCC,EVL,2577,541,653
EVL_CAAAGTTTAAGCCGTAGACC,EVL,2320,317,377
EVL_CATTAGAGGATGCACGCACC,EVL,1031,93,123
EVL_GATGTCCATCTCATCAGGAG,EVL,682,178,150
EVL_GAAAGAAGAACCTCGGCCAC,EVL,139,1,56
EVPL_ATCTCCTCTTCATTCTAGGC,EVPL,359,171,150
EVPL_ACAGACCTACCGGGAGGCCC,EVPL,147,4,33
EVPL_ACGGCTGGCCGTCACCGAGA,EVPL,865,314,239
EVPL_AGTTGGAGTTGAGCTTCGCC,EVPL,101,41,14
EVPL_CGAGCACAACATCCTGCAGA,EVPL,1570,266,309
EVPL_ACACACTAGGGCTGCCACCC,EVPL,1494,252,241
EVPLL_CAGAAGGAGATCAACGACCA,EVPLL,1908,122,191
EVX1_CGAGGGCTCAGGCAACCACG,EVX1,1754,348,917
EVX1_CTGGTACTCGGCGTTCCCGG,EVX1,763,232,214
EVX1_CCGAGAGCAGATTGCGCGGC,EVX1,130,158,164
EVX1_AGAACTACGTATCCAGGCCG,EVX1,1138,503,462
EVX1_TGTCACAGCGGCCCGGCCAA,EVX1,1749,531,531
EVX1_CTCCGTCGCGCTGGACCAGA,EVX1,595,480,365
EVX2_GGCCGGATGGAAGTAGCGAA,EVX2,757,287,430
EVX2_GCGGCACGTGCGAGTGGAAG,EVX2,1073,196,297
EVX2_CACTTGATCCGCGCCAGAGC,EVX2,797,523,938
EVX2_GAGCCGCTCTCTGCGTACCC,EVX2,191,24,90
EVX2_CCTTAAGCTGAGCGGCGCCG,EVX2,437,500,1164
EVX2_GAGATGATTCTGATGGAGAG,EVX2,816,152,177
EWSR1_AGTTCCACCATACTCACCCG,EWSR1,2488,10,203
EWSR1_TATTTCTCCTCTTAGACCGC,EWSR1,128,23,14
EWSR1_TCTCCTCTTAGACCGCAGGA,EWSR1,477,15,9
EWSR1_TTCCTCAGGTTCATTCCGAC,EWSR1,1084,151,98
EWSR1_AGGTGGCTTCCGTGGTGGCC,EWSR1,421,234,160
EWSR1_TGTTCCATCAAAGGTCCAGG,EWSR1,551,2,0
EXD1_GATCTTCTCCAAGGCTGGAC,EXD1,479,96,74
EXD1_ATCTACCTCCCACAGAGGAA,EXD1,614,617,539
EXD1_CTACCTCAGTGCCTCCAAGC,EXD1,1697,266,316
EXD1_TACCTAAACACGTATCGCGA,EXD1,78,131,77
EXD1_TGTTTAGGTAACCATCCACC,EXD1,381,203,155
EXD1_GGAAGTCGAGCTTTCCACAA,EXD1,958,231,206
EXD2_AAGGATCCGTTCCTTCCACG,EXD2,540,211,180
EXD2_GGAACGGATCCTTAAAGCAA,EXD2,212,272,348
EXD2_CCCTCTGTCACTTCTACAAA,EXD2,2324,997,975
EXD2_CCTTTCTCTAGGAATTCACC,EXD2,353,55,49
EXD2_GCAGGCTCTCCGCGTTGAGC,EXD2,390,193,108
EXD2_CCAGGAAGTGCTGACGCCAG,EXD2,1682,434,213
EXD3_TGTGGAGGTTCGTGAGCAGG,EXD3,874,254,447
EXD3_AGGTCTTGCGTCTGCAGGAG,EXD3,703,292,224
EXD3_GGCCACATAGCGCTCCACGA,EXD3,1186,398,456
EXD3_CATGTCCAGAAGCCCGGCCA,EXD3,1884,232,541
EXD3_ACTCTGCTTAGGTGGAGAAG,EXD3,1108,183,255
EXD3_ATGGACCCAGGAGATCCCGC,EXD3,365,1,11
EXO1_AAGCTCGAGAGTGTTTCACC,EXO1,421,40,0
EXO1_CTAGGCTGCCCGGTCTCAGG,EXO1,300,239,93
EXO1_GCGTGGGATTGGATTAGCAA,EXO1,2036,306,174
EXO1_CCTGAAACACTAAGCTACGC,EXO1,1539,160,193
EXO1_TCAGAGTATGGAGACCAAGA,EXO1,1286,293,119
EXO1_AGACACACCTCTAAGGAACA,EXO1,1177,406,567
EXO5_CTGACCTGGCTACTCAGAAC,EXO5,3375,831,683
EXO5_ACTGCAAACAGCATATGGGA,EXO5,846,200,158
EXO5_AGCTGCACTATACAGCCAAG,EXO5,126,179,225
EXO5_TGGAGTGCTCAGCTCTACAC,EXO5,1073,74,236
EXOC1_AACCACATGGACTTGGCCAA,EXOC1,892,59,98
EXOC1_ATGAATGTAGCTCTTCGACC,EXOC1,1033,15,28
EXOC1_GATATGCCAAGCTGATGGAG,EXOC1,385,113,0
EXOC1_GCAGGCTGAAGCAGAGGACC,EXOC1,329,0,52
EXOC1_CATTAAGGAGTACCCTGGAA,EXOC1,1005,43,93
EXOC1_TCCTGGATCTGGTGTTACAA,EXOC1,781,54,91
EXOC2_AGGATCCATGACGCAGAAAC,EXOC2,1902,717,506
EXOC2_AGTCACCAACCTAAAGAGAC,EXOC2,339,96,141
EXOC2_CAGTCCCATATCCACTAACC,EXOC2,2850,1378,967
EXOC2_TTAGCAGGACGTAAGGACAA,EXOC2,1085,169,197
EXOC2_ACATCCATTCTGCCGTCAGG,EXOC2,175,2,23
EXOC2_AGAGATGCCGGTCACAAGGG,EXOC2,833,45,43
EXOC3_CATGAAGGAGACAGACCGGG,EXOC3,787,38,77
EXOC3_CCATCCAGTCACAGTTGGAC,EXOC3,396,132,83
EXOC3_TACTGAGATGATGAGGAACG,EXOC3,748,41,106
EXOC3_AGCCAGAAGCCGACCAGGAC,EXOC3,3657,494,465
EXOC3_CTGCAGCGGTTTGCTGGAGG,EXOC3,471,25,47
EXOC3L1_TCTCCCGAGACCACTTCAGG,EXOC3L1,1027,118,124
EXOC3L1_GAACATTCGTGTGGCCAGCC,EXOC3L1,588,170,183
EXOC3L1_CTGTGCCTCAACTACTCACC,EXOC3L1,413,267,386
EXOC3L1_TGGAGTTGCCAGTCTTCCAG,EXOC3L1,450,120,229
EXOC3L1_GCTGGCCCAGGCCATTGAGG,EXOC3L1,103,51,17
EXOC3L1_CTTCTACCGGCCGGAGCAGC,EXOC3L1,640,0,18
EXOC3L2_AGACACGCCCAGCATCCAGG,EXOC3L2,252,33,38
EXOC3L2_CGCTGGTAGCCGAGCTACAC,EXOC3L2,1742,447,452
EXOC3L2_GGATGGCATCGTGGGCACGC,EXOC3L2,294,86,103
EXOC3L2_CACGACACGGTGGCAGAGCC,EXOC3L2,792,305,396
EXOC3L2_TATCAGCAAGACCATCGCCC,EXOC3L2,376,66,11
EXOC3L2_CCTTCTCCGTGTGCTGCAGG,EXOC3L2,718,243,445
EXOC3L4_TCAAAGCCCGCTGGCTGGCC,EXOC3L4,316,286,373
EXOC3L4_AGGACCCTACGGCCTTCGCG,EXOC3L4,370,154,90
EXOC3L4_CGGCCTGACCTCCAGGAAGC,EXOC3L4,1498,281,530
EXOC3L4_CTTCGACAGCATCTTGCAGC,EXOC3L4,208,156,145
EXOC3L4_CCACCCTGCGAATCTGCACG,EXOC3L4,1774,1111,1520
EXOC3L4_AGGCGTTGATGTAGGCGCCC,EXOC3L4,348,84,40
EXOC4_TAGTGACGATGTCGAAGACA,EXOC4,362,30,74
EXOC4_GCAGCATCTTGCATGAAAGC,EXOC4,1480,151,128
EXOC4_CCGAGTTGTGCAGCGTAACA,EXOC4,3487,1888,1748
EXOC4_GAACAGAAGCATCTTTCACG,EXOC4,818,20,0
EXOC4_AGACAGTGGCTATCAGCGGG,EXOC4,1255,260,44
EXOC4_AGTGACTCCACTGACTCAGC,EXOC4,132,37,44
EXOC5_TACTCACCCTCCTGTGCCAA,EXOC5,1834,216,236
EXOC5_CACCTCGAAGAGCTCGGCCG,EXOC5,1582,133,40
EXOC6_TGTGCTGTGTAGGAGGAGCG,EXOC6,584,146,536
EXOC6_CGAAAGACTGAATCTCAGCC,EXOC6,761,372,511
EXOC6_TGGGATGAGATCTTTACCGG,EXOC6,820,298,310
EXOC6_TGACCCAAGGATTAGTAACC,EXOC6,1408,404,216
EXOC6_ACACTGCTTAAGAAATGGGC,EXOC6,77,68,19
EXOC6_TTTCAGAGTCACTACACCGG,EXOC6,1954,372,171
EXOC6B_CAACAAACCTGTTGCTAACC,EXOC6B,757,879,572
EXOC6B_ACTCTGCTAAAGAAGTGGGC,EXOC6B,209,31,55
EXOC6B_TGGGCTTCTTACATACCGAG,EXOC6B,1171,418,344
EXOC6B_TACTAGTCCGAAGTCTGAAC,EXOC6B,607,263,220
EXOC6B_GATAGTGGCTTACTTGAGGC,EXOC6B,163,1,12
EXOC6B_AGACAGCGGCAGAGCACGAG,EXOC6B,1778,291,218
EXOC7_CCTTCAGTCCTTTGATGGAG,EXOC7,663,86,42
EXOC7_AATTTCGCAGCCTGATGACG,EXOC7,878,60,1
EXOC7_CCATGTCCCTCATGAGACCA,EXOC7,1043,328,324
EXOC7_CTGAGAAGATCATCAGAGAG,EXOC7,1203,132,369
EXOC7_CGACCAGCTCACTAAGAACA,EXOC7,2830,165,233
EXOC7_AGGAGGCATCCGCTCGACGG,EXOC7,1023,44,1
EXOC8_CTTGATGACGCCAGAAGCCC,EXOC8,494,334,167
EXOC8_GCAACTGGGTGATATCGGAC,EXOC8,1151,341,345
EXOC8_TGCGCAGAGAGACTTTGAAG,EXOC8,2428,219,244
EXOC8_TGAACATGTCCTTCATGGGC,EXOC8,947,0,6
EXOC8_CTTTCCTTCCTCGCCTGGAC,EXOC8,1147,255,94
EXOC8_ACTCCAGCTGCCGACGCAGG,EXOC8,367,38,0
EXOG_TGGGTGGTCACGAGGACACA,EXOG,1291,109,183
EXOG_ACTGTCGAGAGCTGACAGAA,EXOG,1061,304,510
EXOG_GGTGATTGGCGAGGACAACG,EXOG,209,317,113
EXOG_CTCAGTATCTACCGAACCAC,EXOG,1368,163,303
EXOG_AGCCCGATCAGTGCTCAGAC,EXOG,757,487,211
EXOSC1_AGCGGCACCTACACCCGCCA,EXOSC1,498,0,0
EXOSC1_CGTCTGTGTAACTTGGAGGA,EXOSC1,1801,68,141
EXOSC10_TTCCACGAGTTCATCCAGGG,EXOSC10,1319,37,37
EXOSC10_CACTATTTACCTTGAGGGAG,EXOSC10,291,217,287
EXOSC10_CCTCACCTTACGGTTCCAGC,EXOSC10,2,112,16
EXOSC10_TAATGTTGCTGCGACACCCA,EXOSC10,641,40,63
EXOSC10_TTTGCGAAACACAGGGAGAC,EXOSC10,859,217,142
EXOSC10_TGGTTGCGCTGGTCGCCGAC,EXOSC10,25,112,81
EXOSC2_GAAACATCTAGTGGTGCCGG,EXOSC2,3,18,0
EXOSC2_CGTAGTGGGACGAATCACAG,EXOSC2,1808,24,1
EXOSC2_GAGAGGTTTCTTACAGGAAG,EXOSC2,810,82,67
EXOSC2_TTCTGCCGTTTCACCAGGGA,EXOSC2,2180,1753,1746
EXOSC2_TCTCGATCAGCAAGAGAGAC,EXOSC2,105,4,16
EXOSC2_TTGTGATGGAAACACGCCAG,EXOSC2,844,99,34
EXOSC3_GGTGGACTCTCAGCAGAAGC,EXOSC3,51,0,0
EXOSC3_ACGCACAGTACTAGGTCAGG,EXOSC3,215,32,50
EXOSC3_TGAATCTCTCGCGGGCAGCA,EXOSC3,855,13,101
EXOSC3_GATTCAGCCGCGACAGACGC,EXOSC3,1028,179,59
EXOSC4_CTGGAGCTCTTGTCGGACCA,EXOSC4,934,81,90
EXOSC4_GGCTCGGCCTACATTGAGCA,EXOSC4,892,86,1
EXOSC4_CATTGAGCAGGGCAACACCA,EXOSC4,1407,1,21
EXOSC4_CACTAGGGCCCTGTCCGGCA,EXOSC4,1059,26,66
EXOSC4_TCACTAGGGCCCTGTCCGGC,EXOSC4,170,29,65
EXOSC4_GCACACCCTCTTAGATCGAG,EXOSC4,923,0,42
EXOSC5_GCAGCGATTCCCGGTAGAAA,EXOSC5,2044,521,340
EXOSC5_TTGCCCTGGACAGCGTGGAA,EXOSC5,2719,209,133
EXOSC5_CGGCATTCAGACAACAGGCC,EXOSC5,1510,21,23
EXOSC5_GATCAGGAACACGTGCGAGG,EXOSC5,1382,0,0
EXOSC5_TTGCTGACCTTCACCTCGGC,EXOSC5,1371,173,242
EXOSC5_AGCCATCTGGCCGCGACAGC,EXOSC5,872,291,306
EXOSC6_CATGCCTGTGCTGAATCAGG,EXOSC6,222,28,45
EXOSC6_CAGCACAGGCATGAGCGCCA,EXOSC6,750,1,0
EXOSC7_ATCGGTAGTCCTCACAGCCA,EXOSC7,1553,51,0
EXOSC7_CAACACTAGTGGGTCCGCCA,EXOSC7,1919,0,0
EXOSC7_TGTTAGCGATCTCGGTGCCA,EXOSC7,386,129,24
EXOSC7_GGATGCTACTCTTCAGGAGG,EXOSC7,836,34,39
EXOSC7_GCTGGTGTCGGTGACCAGCA,EXOSC7,599,274,191
EXOSC7_GACTGGCAAGCGTGTGGGCA,EXOSC7,962,8,0
EXOSC8_CGGAATCTCGATGAACACAG,EXOSC8,2094,69,149
EXOSC8_CCGGAATCTCGATGAACACA,EXOSC8,2057,166,51
EXOSC8_ACCGGAATCTCGATGAACAC,EXOSC8,1056,19,125
EXOSC8_CTCATTTGCCTCGACTACGA,EXOSC8,921,434,417
EXOSC8_TATAGTTGACCCTACTGGAG,EXOSC8,505,9,0
EXOSC8_AGTTGACCCTACTGGAGAGG,EXOSC8,261,0,0
EXOSC9_CGATGGCACGGAGTAGGAAG,EXOSC9,804,13,0
EXOSC9_GAATTTGTGCTTACAGCGGC,EXOSC9,455,93,34
EXOSC9_GCCGCTCCAGCTTTCGAACC,EXOSC9,1547,176,189
EXOSC9_CTGTGTTGTTGCTGGTGAAA,EXOSC9,4174,1499,1238
EXOSC9_CCAAGGAGATGAAGTAACAC,EXOSC9,1701,316,376
EXOSC9_TAGTAGCATTATCCCACCAC,EXOSC9,872,13,86
EXPH5_GGAGTGCTTCATCTCTGGAG,EXPH5,1449,91,212
EXPH5_CTGTTCTCCGCTTCGTCCAA,EXPH5,695,363,298
EXPH5_TCCAGCAGTGAAGCATCCCA,EXPH5,507,106,1
EXPH5_AGCAGTGAAGCATCCCACGG,EXPH5,1200,445,256
EXPH5_TACAGAGGGCCGAGAAGGAC,EXPH5,976,458,100
EXPH5_AGATCCTTCAGGTGCTGGAA,EXPH5,1213,317,274
EXT1_CGCCGTGCTCAGCCTTGACG,EXT1,2757,1742,1404
EXT1_CGTCATTGAAGGAGAGAGCA,EXT1,1340,279,321
EXT1_CTGGCTGGGACTGAGAGACC,EXT1,1515,46,77
EXT1_ATCCATTGCTGAGCATCACA,EXT1,155,216,11
EXT1_GACCCAAGCCTGCGACCACG,EXT1,1474,321,477
EXT1_TGGCATCTCGCTTCTGCCGG,EXT1,1387,356,310
EXT2_CACGGCTTCTGGCACCGCAA,EXT2,1565,385,411
EXT2_CCGACAGTCCCATCCCAGAG,EXT2,3318,1370,1133
EXT2_CCCAGATTATAACACAGCCC,EXT2,917,213,106
EXT2_TCTACGTGGACTTACCGGCA,EXT2,1057,133,403
EXT2_GGTCCTCTCTGTACTCAGGA,EXT2,115,170,110
EXT2_AAGTTCTTGACTGGAAGAGG,EXT2,720,72,210
EXTL1_GGGAGGGCCACATCAAAGCC,EXTL1,358,132,125
EXTL1_CCAGTCGATGACCTCGGAGA,EXTL1,1954,143,266
EXTL1_AGTAGGCATCCCATAGAAAC,EXTL1,642,198,169
EXTL1_CGCTGAATCTGCCCTCAGGG,EXTL1,1478,1059,372
EXTL1_TGACAGTCATTGATGGGCAC,EXTL1,461,77,168
EXTL1_GCGGGCATCGAGGCTGAGGA,EXTL1,152,81,49
EXTL2_AGTCCATGGTGGACTTGCCC,EXTL2,190,72,104
EXTL2_ATCCCAGGGCAAGTCCACCA,EXTL2,895,313,209
EXTL3_ATGCTACACAAGTCAGAGGA,EXTL3,353,194,160
EXTL3_CTGGGAGCAGTCGGATGGGC,EXTL3,90,202,103
EXTL3_ACATGATTTCGTCATGGCGG,EXTL3,1,18,0
EXTL3_TCCCATGCGTGGTAACGGCC,EXTL3,576,148,314
EXTL3_TTCATCCACCATGTCCCGGA,EXTL3,1077,9,56
EXTL3_CCCTGAACTGCGTGTACAGG,EXTL3,881,410,237
EYA1_GGTGGATGGTGTCGTTGGGC,EYA1,13,58,20
EYA1_TTGTCACAGTCTCAGTCACC,EYA1,492,277,256
EYA1_AGCCATAGTTTGTGAGGAAG,EYA1,1991,227,331
EYA1_AAATCTGTGGTGGAGAGAAC,EYA1,725,223,211
EYA1_ACAGCTTCAACGACAGCCGA,EYA1,126,55,204
EYA1_ATGACTCCCAATGGCACCGA,EYA1,360,147,303
EYA2_TCCACACAGCAGCGTCAGCA,EYA2,655,274,432
EYA2_GCACTCACCTGGAGAAGAGC,EYA2,1195,290,149
EYA2_CGTCTGGCCGTAGGCTGCCA,EYA2,329,63,24
EYA2_GGTGTATGGGCTCTGTCCAG,EYA2,61,43,0
EYA2_CTCCTTCCCACAGGCACAAC,EYA2,1016,1007,1244
EYA2_CAGGACTATCCTTCCTACCC,EYA2,621,428,395
EYA3_AACCATTTCCATACCTGGAC,EYA3,397,172,186
EYA3_GATGGTTTCAGTGGCTCAGG,EYA3,0,14,0
EYA3_GGTGTAGTCTGGGACAAAGA,EYA3,200,210,144
EYA3_TGACACTAGGCTTCTCCGAC,EYA3,1225,519,392
EYA3_AGTAGCCAGCATCTCAAACC,EYA3,544,128,187
EYA3_GGGTAAGCAGTTTCCGAAAC,EYA3,411,337,179
EYA4_TACTCCAGGTAGCTCCAAAC,EYA4,1623,612,417
EYA4_CATACTTGTTGCAGAAGAGG,EYA4,813,199,149
EYA4_AGTGAAACCACAGCCACGAC,EYA4,618,62,102
EYA4_ACATCGAATAACACAGCCGA,EYA4,616,238,247
EYA4_ACCTCCAGGTCACTATCAGG,EYA4,773,227,164
EYA4_GAGTCCAAGGGTTACAGCCA,EYA4,536,286,313
EYS_AGCTACCTTCCATGTAGACA,EYS,545,647,789
EYS_GAGTGTACATCTGGATGGAC,EYS,500,379,418
EYS_CATCTTATCCCAACATAGCC,EYS,595,140,129
EYS_TACAATTGTGCGAAAGGGCC,EYS,360,39,95
EYS_CAGTCAGTACCATTCTGACA,EYS,484,178,215
EYS_GACGGCAATTGGTGGAAGAA,EYS,991,371,347
EZH1_CACCCTCGGAGCCTGTGGAA,EZH1,1839,468,424
EZH1_ACGACCAGAGCACTTGGAGC,EZH1,189,210,442
EZH1_AGTCGTATTTAAAGCAGCGC,EZH1,291,66,160
EZH1_GAATCAGTACTCAGATGAGG,EZH1,109,68,50
EZH1_TACCACTACCTTCTTCACCA,EZH1,2780,416,2852
EZH1_ACAGGCTTCATTGACTGAAC,EZH1,1031,136,116
EZH2_TGGTAACACTGTGGTCCACA,EZH2,231,55,73
EZH2_TCAGAAGGAAATTTCCGAGG,EZH2,452,43,159
EZH2_GATCTGGAGGATCACCGAGA,EZH2,662,85,176
EZH2_CAGTCGCCTATTGTACCAGC,EZH2,394,156,47
EZH2_CTCATTGCGCGGGACTAGGG,EZH2,1038,123,297
EZH2_ACACGCTTCCGCCAACAAAC,EZH2,1285,699,890
EZR_AGAGCAGATGATGCGCGAGA,EZR,69,1,93
EZR_ATGAGTTGTATATGCGCCGC,EZR,423,48,59
EZR_ACAAACTTACCAGGGACCAG,EZR,1639,192,214
EZR_GCCCGGAACTTGAACTGGAG,EZR,2420,210,397
EZR_CAAAGTACCACACTTCCCGG,EZR,1462,129,159
EZR_CAATGTCCGAGTTACCACCA,EZR,735,108,218
F10_CACAGTACTCGGCCACACCA,F10,2359,619,863
F10_CATCCTGGCGAGGGTCACGA,F10,1640,690,562
F10_CGAAATCCTCTCTTTGCAGA,F10,1073,521,304
F10_AGGCCTTGCCGTTGTCAGCC,F10,582,235,303
F10_CAACCAGACGCAGCCTGAGA,F10,778,163,215
F10_CCTGTCGATCCACTTGAGGA,F10,1577,504,255
F11_CATCTGAGGATCCCACCCGA,F11,898,530,291
F11_CTACTGAAGCACACCCAAAC,F11,2792,1834,1403
F11_CCCAAGCATCCTGCAACGAA,F11,2545,582,481
F11_CAATGATGGAGCCTCCACAC,F11,1303,371,94
F11_TGTGCCGGCTACAGGGAAGG,F11,1731,97,196
F11_GGGCGAAGGCTGTGCTCAAA,F11,1109,570,422
F11R_ATCTGGTTTGCCTATAGCCG,F11R,1664,221,717
F11R_AATGCTGTGCGCATGGAAGC,F11R,507,290,63
F11R_CACTATCCCATCTTTGAACC,F11R,1623,607,1040
F11R_GGTGATACCAGTTGGCAAGA,F11R,180,188,309
F11R_TCAAACTTCCACTCCACACG,F11R,1897,596,680
F11R_ACGAATTCCGCACCTTCAGC,F11R,1006,124,187
F12_CCGGCTGAACGTAAGGCGAC,F12,308,83,63
F12_CGCACGGCCAACGTCTGGCA,F12,2635,709,547
F12_CGGACAACGACATCCGCCCG,F12,1064,755,762
F12_CAAGCTGCTATGATGGCCGC,F12,178,46,43
F12_ACCTGTGTGAACATGCCAAG,F12,973,376,455
F12_ATTTGTGGTACAGCTGCCGG,F12,87,127,0
F13A1_TGATGGCTTGAACCGAGGCG,F13A1,1897,278,474
F13A1_TATTGTCCCAGGATCCAACG,F13A1,503,277,424
F13A1_TGTGATGGACAGAGCACAAA,F13A1,1036,454,593
F13A1_AACTCTGAGACTATAGGCAC,F13A1,763,409,146
F13A1_TGTCCCATCTCTCCTTGAAC,F13A1,992,508,781
F13A1_AACTGCTCTTCTGCCTCCAA,F13A1,223,0,59
F13B_TTATCTGTGCAGTGCAACAG,F13B,802,559,703
F13B_TCTCATTCGATCCATGGAGA,F13B,1138,331,121
F13B_AACGTATTTCTGCTGACCCA,F13B,1603,224,183
F13B_CCAGAATCTCCTGTATGCGA,F13B,432,261,189
F13B_CCAGCCTTCTGTTGTACACG,F13B,2979,805,461
F13B_TCAGGAGAACTCTATGCAGA,F13B,817,81,89
F2_TACCATGCTGGCTGTGCACA,F2,846,157,242
F2_TTCTTGGAGGAGGTGCGCAA,F2,1008,568,326
F2_CAAGGCCCTGAGCAAGCACC,F2,334,102,79
F2_GAGGACCTTTGGCTCGGGAG,F2,145,74,96
F2_AGCGACTTCTTCTCGAACAG,F2,1776,274,520
F2_GCTTGCCAATGCGCACCAGA,F2,403,111,180
F2R_CGCTGTTGTCTGCCCGCACC,F2R,1658,354,643
F2R_GGGTGCGGGCAGACAACAGC,F2R,650,232,127
F2R_CTCCAAGATCGAGTCCAAAG,F2R,3185,864,1098
F2R_GGTGGTGTACATGCTGCACC,F2R,4,18,92
F2R_ACAGCACATCTGCCGTGGCC,F2R,177,85,210
F2R_TCTCCTGGCGTACTCTGGGA,F2R,337,96,367
F2RL1_TATTGCCAGGGAGATGCCAA,F2RL1,76,109,82
F2RL1_CAATGTACAGGGCATAGACA,F2RL1,1649,479,687
F2RL1_TGCAGCTGTTAAGGGTAGAG,F2RL1,2203,396,645
F2RL2_AGGCATAGGTGTGCTTGGGC,F2RL2,1579,208,1670
F2RL2_TGAAAGGATGGACGATGGCC,F2RL2,840,202,348
F2RL2_CACTGTATTCTACACCAACC,F2RL2,2801,665,787
F2RL3_CCAGCGTCTACGACGAGAGC,F2RL3,402,140,184
F2RL3_CCCGCTCTCGTCGTAGACGC,F2RL3,706,387,652
F2RL3_TACGACGAGAGCGGGAGCAC,F2RL3,2143,57,358
F2RL3_AGGACCAGCCCATAGAGGGC,F2RL3,257,174,186
F2RL3_CAGGACCAGCCCATAGAGGG,F2RL3,1303,230,495
F2RL3_CCTGGATCGCTACCTGGCCC,F2RL3,29,180,170
F3_CCCGGTAGAGTGTATGGGCC,F3,734,360,416
F3_CTTCCGGTTAACTGTTCGGG,F3,420,139,174
F3_TTCCGGTTAACTGTTCGGGA,F3,1325,283,230
F3_GAAGCAGACGTACTTGGCAC,F3,1256,169,113
F3_TGAAGCAGACGTACTTGGCA,F3,1854,365,623
F3_GAGCAGGAGCGTCCGAGCGA,F3,1088,62,137
F5_AAGACCATACTACAGTGACG,F5,3482,765,695
F5_CTTTGAGTGTGTCTCTGACC,F5,1312,165,97
F5_AGCAGAGGCGGCACATGAAG,F5,1207,361,367
F5_AGTGGATGTAGCACTGACAA,F5,338,98,147
F5_ATAGGGACCCTAACTGAGGG,F5,397,79,129
F5_TCATAGGTGTATTCTCGGCC,F5,459,303,440
F7_AACTTTGCCCGTCAGTCCCA,F7,732,103,48
F7_CCCAGTCTTCGTAACCCAGG,F7,644,217,610
F7_GCCTCAAGTCCATGCCAGAA,F7,540,222,310
F7_TCTCGTTCACACAGATCAGC,F7,315,262,167
F7_GAGCTCCATTCACCAACAAC,F7,3002,205,656
F7_ACGACCTCAGCGAGCACGAC,F7,347,365,349
F8_TCTTTGTAGCAGATGAGGAG,F8,283,269,194
F8_TATTGAGTGCACTTCAGGAG,F8,1327,269,332
F8_ATGCTGCATCTGCTCGGGCC,F8,249,35,89
F8_GCCCTACTAGTATGTAGAGA,F8,284,222,277
F8_TCGCTAAGCCAAGGCCACCC,F8,896,103,105
F8_TGCCTTTACCTTGCGTCCAC,F8,192,359,534
F9_AGGCAGATGGTGATGAGGCC,F9,549,487,518
F9_CAACTGCCGCCATTTAAACA,F9,1895,522,709
F9_GGGTTCGTCCAGTTCCAGAA,F9,1075,213,277
F9_AGGGTTCGTCCAGTTCCAGA,F9,334,61,39
FA2H_GCACTTTGGCTCGCCGCACA,FA2H,205,551,714
FA2H_GGTACTCGATGAGGCTCCAG,FA2H,132,14,18
FA2H_TGAAGAGTCGGACGTTGCCC,FA2H,590,87,154
FA2H_GGGTTCACCAGCCGGTGACC,FA2H,32,20,78
FA2H_TATGGAACCACGGTTCAAAG,FA2H,462,246,436
FA2H_CCAGGACATCAGCGCCGACC,FA2H,2408,272,111
FAAH_CTCCGGCAGTCACCTGGAGC,FAAH,326,137,200
FAAH_GCTCTTCACCTATGTGGGAA,FAAH,1212,122,151
FAAH_CAGGCCTGGGAAGTGAACAA,FAAH,3322,437,711
FAAH_GGAACATTGGTGTGCACGAA,FAAH,1126,200,100
FAAH_ATCTGCGGCCTCAAGCCCAC,FAAH,215,39,51
FAAH_CACCTCTTCTCTGAAGGGCA,FAAH,250,206,54
FAAH2_GAAAGCCTAGCGCCCGCAAG,FAAH2,897,41,101
FAAH2_CTACAGTTGGTTATGCCAAG,FAAH2,2596,1028,584
FAAH2_GCCCACACCAATAACTGAGC,FAAH2,429,103,202
FAAH2_TTGAAGGTCATGGCAGGACC,FAAH2,1362,188,170
FAAH2_CATTTGATCAACTCCCACAG,FAAH2,1243,98,107
FAAH2_AGCATCATGTCCCTCTAACA,FAAH2,763,426,283
FABP1_CGGAAGAGCTCATCCAGAAG,FABP1,3414,1043,624
FABP1_CCGGAAGAGCTCATCCAGAA,FABP1,2835,1321,1377
FABP1_GCCGGAAGAGCTCATCCAGA,FABP1,287,66,63
FABP1_CAAGTACCAACTGCAGAGCC,FABP1,1359,383,301
FABP12_AACCACCATAACGAGAAAGC,FABP12,1418,201,113
FABP12_CGAAGACTACATGAAGGAGC,FABP12,289,397,412
FABP3_GAGTGCAAACTGCAGTGCCG,FABP3,502,228,220
FABP4_GATTTCCTTCATACTGGGCC,FABP4,0,69,75
FABP6_CTGTGTTGTCTGCGTGCACA,FABP6,1140,263,551
FABP6_TTTCACCGGCAAGTTCGAGA,FABP6,722,83,85
FABP6_CAACTTCAAGATCGTCACGG,FABP6,1769,492,599
FABP6_GATCGTCACGGAGGTGCAGC,FABP6,105,28,37
FABP6_AGAGATCGTGGGTGACAAGC,FABP6,1181,193,157
FABP6_CTCATAGGTCACGCCTCCGA,FABP6,187,726,287
FABP7_CGTGGGCTTTGCCACTAGGC,FABP7,160,79,119
FABP7_CACGGAGATTAGTTTCCAGC,FABP7,310,57,137
FABP9_CACTAAGATCTCCTTCAAGC,FABP9,1545,223,418
FABP9_TAGGAGTGAATTTCGCAGCC,FABP9,357,142,271
FADD_ACACCGAGTGCAGCAGCACC,FADD,526,8,98
FADD_CGCGTCGACGACTTCGAGGC,FADD,1202,433,267
FADD_GCGTCGACGACTTCGAGGCG,FADD,165,258,222
FADD_TGACGTTAAATGCTGCACAC,FADD,987,298,310
FADD_GATGAACCTGGTGGCTGACC,FADD,96,0,0
FADS1_TCTCACTATAGGACTTGGCC,FADS1,123,237,386
FADS1_TGTGGTTCCACCAACTGGCG,FADS1,1037,350,235
FADS1_TTGAGGTGCTGAAGACCGAC,FADS1,981,220,91
FADS1_AAAGACCCAAAGGGTGAGCC,FADS1,407,68,79
FADS1_TGTGGCCTTCCACATCAACA,FADS1,1489,387,750
FADS1_GGCGTAGTGGCTGATGACCC,FADS1,199,99,229
FADS2_CTGCAGATGGAATGCACGGC,FADS2,914,2197,690
FADS2_GGCTTGGACATCCGTAAAGC,FADS2,2214,336,555
FADS2_TCCCAGCACAGTACCAGCCA,FADS2,3108,708,270
FADS2_AATGGTCCATCCAGCACCCG,FADS2,2267,241,251
FADS2_CCAGACTTACGTTCTTGCCG,FADS2,964,257,218
FADS2_GGGCGATGATGTGGGCCAGG,FADS2,28,110,61
FADS3_TTCACCAGGGTGAGCAGCGG,FADS3,1929,442,130
FADS3_CACAGGGCTTCTCCGCCCAC,FADS3,1284,49,231
FADS3_TCACGAACTTCTGGGCCACG,FADS3,457,417,499
FADS3_TGGCCAGGATGAAGGCGGCC,FADS3,779,210,53
FADS3_AGCCAGCTCTCCAATCAACA,FADS3,2761,1061,887
FADS3_ATGACCAGCCACTTGTCGCC,FADS3,258,0,3
FADS6_CATAGCGACGGAGAAACAGC,FADS6,55,229,205
FADS6_CTCATCATGTGAATCCGACG,FADS6,2966,378,654
FADS6_AATCAGGGCCAGCGTCCGCA,FADS6,731,124,271
FADS6_TAGACATAGCGGTTGAGGCA,FADS6,528,170,546
FADS6_CACTGTCAAGGGCAGCCACC,FADS6,487,221,143
FADS6_AGGCGAAGAGGCTGAGCGCG,FADS6,631,52,151
FAF1_CAAAGGACTCCAACAGAGCA,FAF1,1837,414,136
FAF1_TCCCTGCCATCGACTTACAG,FAF1,1612,245,137
FAF1_TCCCATAATTGGTGGCGAAC,FAF1,1957,500,563
FAF1_AGTTCAGGTTGTACTCCCGC,FAF1,421,90,49
FAF1_GCATGACTAGATGATGAAGG,FAF1,754,221,177
FAF1_GGCCGCCATGGCGTCCAACA,FAF1,320,95,173
FAF2_TGAGGAGCGGGATCTAACCC,FAF2,699,208,476
FAF2_GGACAGATTGAATGAGCAAG,FAF2,460,780,466
FAF2_TACGGCCTGACCCTCGCAGC,FAF2,989,485,122
FAF2_AGGCACTTAACGATGCCAAA,FAF2,612,254,395
FAF2_GGAGCGTAAGCGGCGGAAGG,FAF2,146,96,87
FAF2_GATGCAGGGCAGCACTCGCC,FAF2,29,1,42
FAH_TCGAGAAGACGCCGTAGGGC,FAH,327,54,90
FAH_ATGACACCGAACTTCGGAAG,FAH,1184,85,344
FAH_GGTGCATCGTGGCAGAAGCC,FAH,132,11,88
FAH_CGACAGAGGAGGCACGGCCA,FAH,2706,319,353
FAH_TTGCAGGCACCATATACGGG,FAH,1924,448,470
FAH_GAATGGTCCTTATGAACGAC,FAH,234,18,87
FAHD1_CATTGTCCCGCTTCTGGGAG,FAHD1,934,679,482
FAHD1_CACTCCCAGAAGCGGGACAA,FAHD1,1230,241,211
FAHD1_TGTGCCTGGATATGACCGCC,FAHD1,490,110,303
FAHD1_ATCTTGACTGGGACGCCAAA,FAHD1,970,105,210
FAIM_CATCATCTACAAACTCACCC,FAIM,1349,477,145
FAIM_AGTAGTGGGAAGCGGAAAGA,FAIM,444,289,174
FAIM2_CCCAGGATCACTTACAAAGA,FAIM2,2607,607,506
FAIM2_TGGCTTGCTGTTCTGGACCC,FAIM2,480,286,163
FAIM2_CCTGGACATAGTCCTTGACA,FAIM2,1761,635,461
FAIM2_TCGTCGAGTCTTTGTCAGAA,FAIM2,1802,547,702
FAIM2_ATAGCTCTCCGTGGCTAACA,FAIM2,714,385,484
FAIM2_AGAGACGGCACCATGACCCA,FAIM2,956,90,246
FAIM3_CCTCCATCATGGCGGCAGGC,FAIM3,305,213,268
FAIM3_CCTCGCTGTTCCCTAGGCAC,FAIM3,573,128,81
FAIM3_ACATCTACAGCGCCTGCCCG,FAIM3,180,118,11
FAIM3_AGGGCCGTTGAAAGGAGGAA,FAIM3,633,275,451
FAIM3_CTCTGGACACTCGAGGGCGG,FAIM3,498,73,73
FAIM3_TGTGTTCATGCCCGCTCCGC,FAIM3,457,337,267
FAM101A_GCGCCAGGGAGTAGAAGGGC,FAM101A,870,86,25
FAM101A_GGCGCCAGGGAGTAGAAGGG,FAM101A,403,17,22
FAM101A_CCGGGCGCCAGGGAGTAGAA,FAM101A,815,611,531
FAM101A_CTACCGCAGCCAGCTGACCC,FAM101A,256,151,229
FAM101A_GGTGGTGCTGCGGAAGCGCA,FAM101A,235,19,22
FAM101A_TGGTGGTGCTGCGGAAGCGC,FAM101A,649,386,276
FAM102A_TCGGGTTCCTCTGGCAGCCC,FAM102A,759,59,124
FAM102A_CTTACACGTCAGCTGCAGGG,FAM102A,1444,281,171
FAM102A_AGCACTCACGTCTTGAAGCA,FAM102A,554,339,490
FAM102A_GGGCTTCGCTGACTTGAACC,FAM102A,439,131,120
FAM102A_ATGAGTGCTAACCCGGCCAC,FAM102A,7,291,97
FAM102A_TGCGGTTCCCTTCGTGAACG,FAM102A,3099,998,651
FAM102B_ATGAGTGCAAGTGCTGCCAC,FAM102B,192,0,36
FAM102B_GGGCTTTGCAGATCTAAACC,FAM102B,991,171,169
FAM102B_CATAGCCTTCCAGTAAACAG,FAM102B,994,577,375
FAM102B_TCAGTGGGAAGCACATCAAC,FAM102B,893,216,161
FAM102B_GCGAGTTGATGACACCAGGG,FAM102B,553,90,170
FAM102B_AATGTCATCTGCATCCACCC,FAM102B,822,167,211
FAM104A_TCCACAGCCTACAGCACCGA,FAM104A,1069,511,408
FAM104A_GAGCAGTCCGCGCTGTGCCA,FAM104A,1,0,0
FAM104A_AAACAAAGCGTTCTGCGCGG,FAM104A,346,399,415
FAM104A_TCCCAGGAATCCTGAAAGAC,FAM104A,479,334,475
FAM104A_AGGCGCTCGCTCATGGCAGC,FAM104A,745,115,69
FAM104A_TCCGCGAAGAGAGGGAACAG,FAM104A,2230,413,718
FAM104B_ATCATTCCACCCAGCCCAAA,FAM104B,728,150,185
FAM105A_ACTGTCTGGAGAATGGCAAA,FAM105A,1271,339,445
FAM105A_TAGCCTCCGGAAGTAGCAGA,FAM105A,26,38,115
FAM105A_CCGTAACAAGCTGATGAGGA,FAM105A,3884,943,930
FAM105A_CGACACATGTGGACTAGAGC,FAM105A,1435,441,331
FAM105A_GCGGTCGTTCTCGGTCAGCA,FAM105A,67,20,16
FAM105A_GGCGGTCGTTCTCGGTCAGC,FAM105A,183,50,63
FAM105B_GAGAAACCTCTTCATAGCCC,FAM105B,485,169,153
FAM105B_ACTATTCACAAATGAGGCGG,FAM105B,571,150,48
FAM105B_CGGGACACATCAAATGACCC,FAM105B,731,211,293
FAM105B_CCACCGACCCACCCAAGGAC,FAM105B,2321,274,812
FAM105B_TCAGCAATGAGCGTTACCAC,FAM105B,1543,300,237
FAM105B_TCTCCTCACACACTCTGACG,FAM105B,1319,241,216
FAM107A_TCAGTGTGGCAATTCTCCGC,FAM107A,935,373,155
FAM107A_AGCGTGTCCTAGAGCACCGC,FAM107A,400,99,201
FAM107A_GGTTCATGAGCAGCTCCCGG,FAM107A,18,219,115
FAM107A_GACTCCGAGAGGCCTTCACG,FAM107A,1150,95,95
FAM107A_CAGCACAGCCCGGTAGAGCC,FAM107A,2006,487,311
FAM107A_CGTGCCATGGGAGCAGCCCA,FAM107A,588,19,94
FAM107B_CCAAGAAGTCGCCCAAGCCC,FAM107B,1805,282,624
FAM107B_AAGATCTTGATGGTTCCGGG,FAM107B,172,238,84
FAM107B_AGAACCTAAATGCCTCGAGC,FAM107B,31,12,148
FAM107B_TTCCTTCAATCAGTCCGGCG,FAM107B,1349,359,327
FAM107B_GGTGAGTCTTGCTTTCCACG,FAM107B,204,12,84
FAM109A_TATGCCCTCTGGGACAGGCC,FAM109A,563,48,265
FAM109A_GCTGAGCCACTGGCCACGCA,FAM109A,417,85,110
FAM109A_AGTCGAAGCTGGCACGCGAC,FAM109A,1277,343,83
FAM109A_TCCAGGATGATGACGCCCAC,FAM109A,525,139,614
FAM109A_CAAGAAGGGTGGGCGGCACG,FAM109A,1229,912,527
FAM109A_GAAGCTGAACGAGCGCAGCC,FAM109A,270,32,39
FAM109B_GAGCCATGAAGCTGAACGAG,FAM109B,841,208,618
FAM109B_CCTTTGAGAGTCGCGAGGGC,FAM109B,753,258,378
FAM109B_CTTTGAGAGTCGCGAGGGCC,FAM109B,715,678,800
FAM109B_GGCATCAAAGCAGATGGCAA,FAM109B,280,24,7
FAM109B_ATGAGCGGCGTTGCAAAGCC,FAM109B,81,90,107
FAM109B_CCAGCCTCCTCCTAGGCAAG,FAM109B,882,298,248
FAM110A_AGAGCGGCTGTTTGGACAGC,FAM110A,972,211,893
FAM110A_ACCGCAGAGGTACTGGGCGG,FAM110A,1037,463,435
FAM110A_CAGTACCTCTGCGGTCCGCC,FAM110A,10,5,11
FAM110A_TTGGAGCGTTGCAAACCCGG,FAM110A,644,25,54
FAM110A_CAGGGACACGATATCCGAGC,FAM110A,1265,283,228
FAM110A_GCAATGCCCGCGTGATCAAG,FAM110A,1586,502,516
FAM110B_CAAGTACGTCAAGAGCCAGG,FAM110B,144,213,184
FAM110B_AACCACGCCAAGACCGAGAG,FAM110B,801,189,172
FAM110B_TCAAGTCTGACTTAGACCGC,FAM110B,939,420,402
FAM110B_GAGTGGACGCGGACGTGGAG,FAM110B,512,229,171
FAM110B_TCCACGCACTGTCTTACACA,FAM110B,3148,607,744
FAM110C_AGAAGTCTTCATCATCGGGA,FAM110C,567,143,111
FAM110C_GGAACGCCCGCATCATCAAG,FAM110C,532,396,329
FAM110C_GGAGGGAGAACTTCACCGCG,FAM110C,531,353,207
FAM110C_TGCGCGGAAGCCGTTGAGAC,FAM110C,1801,715,1019
FAM110C_CAATAGCCCTGCGCGCCACC,FAM110C,617,178,322
FAM110D_AAGCGCTCCTTCTCCGACAG,FAM110D,1351,579,574
FAM110D_GAAGCGCTCCTTCTCCGACA,FAM110D,1828,435,483
FAM110D_GCGACTGGACATCCAGCGAC,FAM110D,151,133,131
FAM110D_CGACTGGACATCCAGCGACA,FAM110D,1510,1180,556
FAM111A_CTCAGTTGTTTCCCTGAAGG,FAM111A,2559,443,485
FAM111A_TTGTTTCCCTGAAGGTGGCC,FAM111A,235,52,96
FAM111A_ATTCTGAGAAGCTGCTGCAC,FAM111A,481,143,180
FAM111A_ATCAACCCACTAAGTGGCAC,FAM111A,704,157,46
FAM111B_GAAGGAGCCTTATGCAAGGA,FAM111B,465,199,184
FAM111B_TCCAGATACTTCATCCACCA,FAM111B,1679,388,399
FAM111B_AGTCAGTTGGGTTCATGCAA,FAM111B,1313,221,211
FAM114A1_AACTTCTGCTTTGTCTCCAG,FAM114A1,346,85,77
FAM114A1_TCTTGGTCCGCTTAAAGCCC,FAM114A1,399,7,48
FAM114A1_ATATCAAGGCTTGTCACACC,FAM114A1,248,229,183
FAM114A1_GGCTCATGACTGGGTGGAAG,FAM114A1,1270,343,470
FAM114A1_ACAGAGCAACAAGAAGGCCG,FAM114A1,605,78,192
FAM114A2_CATCTGCCATTTCTTTGACC,FAM114A2,843,179,137
FAM114A2_CAAACCAGAGAAACTTGCCA,FAM114A2,649,259,112
FAM114A2_TACTGTAGCTACTGTAGCCG,FAM114A2,1272,218,584
FAM115A_CACTGGTCACGAGGTTCCCA,FAM115A,519,56,298
FAM115A_TGCTCATAGGAGGACAAGCC,FAM115A,865,452,537
FAM115A_CCCACTGCGTTCAGGAGAAA,FAM115A,1891,922,628
FAM115A_GGCAGCAGAGGGAGTCGCCA,FAM115A,309,227,93
FAM117A_ATCCTTCCGAGGTGGTGGCC,FAM117A,900,347,313
FAM117A_GATGTTCCTCATGACTGGCC,FAM117A,207,88,113
FAM117A_GGAAGGGCTCAACCAAGAGC,FAM117A,430,30,240
FAM117A_TGCTGAGCGCTTGTGTGCAC,FAM117A,425,82,248
FAM117A_TTCTAGCTCTTGCCAGGACA,FAM117A,756,359,566
FAM117A_GGCCTTGTCATTGGTGCAGC,FAM117A,645,442,273
FAM117B_CTTGCAGCCCATGAGGGCGA,FAM117B,177,196,502
FAM117B_TGCGTCGGATAATACTGGAG,FAM117B,1841,320,249
FAM117B_TTGGTACTCTTACCTGACAC,FAM117B,95,27,38
FAM117B_TTCCACGCTATTCCGGAACC,FAM117B,1491,291,339
FAM117B_CTGCTACTTCTCTGTACAAG,FAM117B,3325,1259,1438
FAM117B_CTTGCTCTGTGTTTGTAGAC,FAM117B,2069,553,669
FAM118A_TGCAGCTTCTCCACGAGCAA,FAM118A,765,360,113
FAM118A_GATCATGGGCGACAACCAAC,FAM118A,467,381,512
FAM118A_GATGGAGGTGTTTGACGACC,FAM118A,357,5,56
FAM118A_CGGCACGGAGTAAAGAAAGA,FAM118A,1366,418,417
FAM118A_TCGGCACGGAGTAAAGAAAG,FAM118A,1086,148,241
FAM118A_TCCTTCAGATGCTGATCGCG,FAM118A,1710,231,237
FAM118B_TCTCGTCTATATCAGAGGCC,FAM118B,696,79,69
FAM118B_CTTGTGCTAGTGATTGGAAC,FAM118B,1635,428,413
FAM118B_CAGCCCTCAAATCCTGGAAG,FAM118B,672,263,231
FAM118B_GCTTGACAGCCTCCAAGAAA,FAM118B,324,237,104
FAM118B_CATTTCATGCTGGTTCGGAG,FAM118B,757,111,111
FAM118B_ACATGTGAGATCTCCACAAG,FAM118B,1211,305,175
FAM120A_GGCTGCAAGATGGATGGCCG,FAM120A,962,39,236
FAM120A_AGTCATACGCAACCAAGCCA,FAM120A,367,141,78
FAM120A_TTGATCACTACGTCGCAAGG,FAM120A,1421,337,129
FAM120A_GATCCTGGAGCAGAGCACGA,FAM120A,140,130,105
FAM120A_CTCTCTGCACTGTAGGCAGA,FAM120A,1113,206,296
FAM120A_CCGTAAACATACTGACGAAC,FAM120A,2009,681,665
FAM120AOS_AGGAGCAGGATGCAACCGAC,FAM120AOS,0,3,65
FAM120AOS_CGAGAATGCAGTTCCGCGGC,FAM120AOS,164,20,28
FAM120B_CCTCTCAATGGATCGCCAAA,FAM120B,322,205,331
FAM120B_CCATAACTGAACTCCGGGAA,FAM120B,2114,652,913
FAM120B_AGACCCGCTGTCGAATGGGA,FAM120B,1275,243,613
FAM120B_CCACTCCTTGACAGCTAGGC,FAM120B,1840,240,378
FAM120B_AGGCAGCACAAAGCTTGAAA,FAM120B,1331,331,400
FAM120B_TAGATTTACAAGCTGCGAGG,FAM120B,360,40,39
FAM120C_GCCCACTTGATTTCGTGGAA,FAM120C,1698,252,153
FAM120C_GATGGAAGCCTTACCTAGAA,FAM120C,455,131,60
FAM120C_CTAGGTTCGAGCTCATCAGC,FAM120C,2028,378,289
FAM120C_CATCCTCCCAGATGAGGACC,FAM120C,275,78,244
FAM120C_TGAAGACCACCATTTGGAAG,FAM120C,4527,798,973
FAM120C_CGCTGACAAGTAGCCCAGCA,FAM120C,3602,1052,1084
FAM122A_GCACCAGATCAAACAAGAAG,FAM122A,1709,388,289
FAM122A_GGACTTGATCAACCGAGAGA,FAM122A,534,72,212
FAM122A_ACCGAGAGACGGTCCACGAA,FAM122A,461,7,101
FAM122A_CAGCCTGAGTGACAACGACG,FAM122A,1128,339,282
FAM122A_GGTAAATCGGGTCGTTGGGC,FAM122A,374,83,18
FAM122B_TCCACACATCTGGTCAAGGC,FAM122B,1835,421,221
FAM122B_TAGCGCTGCCTTTAGCCAGC,FAM122B,402,35,89
FAM122B_TGGCTTATCCTCAGACCCGC,FAM122B,404,73,247
FAM122B_AATCGTCTTGGACTGGGAAC,FAM122B,681,167,270
FAM122B_TAGGTGAGGATGACAGCAAC,FAM122B,715,89,190
FAM122B_AATTATGAGCCGTCACAGCC,FAM122B,616,161,325
FAM122C_ATGGCATATTTCCCTGGAAC,FAM122C,629,546,410
FAM122C_CCTCGACCCGGACATGGCAC,FAM122C,787,168,269
FAM122C_CCGAGTTCCACTACCGCAGA,FAM122C,914,687,428
FAM122C_CGGCTGATGGAACCATGAAA,FAM122C,2177,677,525
FAM122C_CAAACTTGTGTGAGTTGCAC,FAM122C,502,291,146
FAM124A_GACGTGCACCATGGACCCAA,FAM124A,52,50,193
FAM124A_ACCATGGACCCAAAGGCGGG,FAM124A,749,12,41
FAM124A_TACTGCTCGTGGAGGACAGG,FAM124A,251,201,439
FAM124A_ACTTACTGCTCGTGGAGGAC,FAM124A,487,242,183
FAM124A_GCTTTCCGTTGAAGAGGCGC,FAM124A,243,3,6
FAM124A_CCCGCTCAACAGTCCTCACC,FAM124A,2330,427,525
FAM124B_TTTGCCACTTGCTGGCCAAA,FAM124B,576,218,344
FAM124B_GCCGAGACGAATGTTGACAC,FAM124B,1800,217,278
FAM124B_CTGACCTGGAATGACCGGCC,FAM124B,546,483,270
FAM124B_ACTCTCTCCAGCATTCGCCA,FAM124B,567,81,272
FAM124B_CACGGACATCCCTGGAAACC,FAM124B,3439,732,995
FAM124B_CCTCCATGGATGAGACACAG,FAM124B,1426,554,451
FAM126A_CTACCTAAGCCTAGTAGCCA,FAM126A,1003,292,181
FAM126A_GCTGGTACTAGACGCAGCCC,FAM126A,414,82,51
FAM126A_GGAGATATCTGAAGTTGACG,FAM126A,1025,119,66
FAM126A_AGTCAGGCACCTACCAGCAA,FAM126A,1350,281,754
FAM126A_GAGAGTGCACTATCCCAGCA,FAM126A,549,421,454
FAM126B_CGTCATAGATGGAGAAGAGA,FAM126B,1268,524,540
FAM126B_CATCAAGAACTTCCTGGCCA,FAM126B,247,206,628
FAM126B_TATGGTGCAACTTCTCACAG,FAM126B,944,309,410
FAM126B_ATCCATGGCTTTGACAGAAG,FAM126B,619,540,572
FAM126B_TCAAACAGCTGATGGCAGAC,FAM126B,2231,637,477
FAM126B_ACCGTTGTGTTGTGGAAGAA,FAM126B,1810,1376,1010
FAM127A_AGCGAAGCGAGGAGCAGCGA,FAM127A,434,100,148
FAM127A_CCGGATCGGCAAGGCCAGGA,FAM127A,879,257,305
FAM129A_AGGATTAAGTGCCTTGAAGG,FAM129A,479,318,209
FAM129A_GGTCTGTCTGAAGAGTGGGC,FAM129A,323,14,77
FAM129A_CAATTCTTCCGACAGGAGAA,FAM129A,232,144,172
FAM129A_CGGCTACTTCTGCTTCCACG,FAM129A,1964,573,528
FAM129A_TGTCGAATTCTTCCAGCCGG,FAM129A,1011,460,175
FAM129A_CGCACTTGCCCTCGTCCAGC,FAM129A,1050,649,560
FAM129B_TGAAGGCAGAGCTCGGCCCG,FAM129B,1128,467,557
FAM129B_CGGATGGCATCTGTGAACGC,FAM129B,1699,579,845
FAM129B_CATGATGACAGAAGCCGAGC,FAM129B,675,89,172
FAM129B_AAGACGATGCGCTCGTCCAG,FAM129B,408,31,43
FAM129B_CGCCATGAGATTGAGGGCAC,FAM129B,1415,341,261
FAM129B_GGACGTGCTGTCCACGCACC,FAM129B,186,129,125
FAM129C_CCCGGGAGACGACAGCAGCA,FAM129C,4279,1470,1222
FAM129C_GCTGCCCACGGTAGCAAGGC,FAM129C,457,40,325
FAM129C_AGAGTGGTTCAGCCACAAGG,FAM129C,925,122,103
FAM129C_GAGTCGGACGGCGTCCAGGA,FAM129C,132,83,142
FAM129C_GCATACCTCGGTCCAGGCCC,FAM129C,632,194,183
FAM129C_GAAGACGATCCGCCCGGACG,FAM129C,516,97,131
FAM131A_CTGTGGCAGCGTGAAGGGCC,FAM131A,255,131,127
FAM131A_TCCACTCCACAGCCCAAGCG,FAM131A,2520,720,760
FAM131A_GGGCTGCATACCATGCAGGG,FAM131A,392,326,290
FAM131A_TCCTATTCAGACCTCAGCGA,FAM131A,1086,263,106
FAM131A_CGGAAGCCAAGCTCCGAGCA,FAM131A,2435,558,686
FAM131A_AGGACCTGTTCACCGGCCAC,FAM131A,466,66,21
FAM131B_ACAACCCAGCTTGCATGAAA,FAM131B,2454,879,575
FAM131B_CTCACCATCCATGGAAGACC,FAM131B,2396,288,329
FAM131B_GGCATCCGTATCCCTGCGCA,FAM131B,166,337,312
FAM131B_GCGTGCTTTATACATGGAGG,FAM131B,561,443,362
FAM131B_CGAACTGATTTCTCCTGGGA,FAM131B,1817,352,359
FAM131B_GCTGCTCCCGTGCAGTGAGC,FAM131B,381,153,233
FAM131C_CCTCACGCAGCTCATCCGGG,FAM131C,2217,918,456
FAM131C_ATGGGCTCCTGCGTGTCGCG,FAM131C,1059,209,187
FAM132A_GCTTCTGTGTTTGTGGACAA,FAM132A,1767,238,162
FAM132A_ACTGGAAGATGCCGGACACG,FAM132A,989,448,196
FAM132A_CCAGCGTCCGCTTGTCCACC,FAM132A,737,287,184
FAM132A_GCTGAACTTTGTCCGGCGGC,FAM132A,416,19,93
FAM132A_CATGGCTGAACTTTGTCCGG,FAM132A,878,139,371
FAM132A_GCACAGAGGACGCAGCAGCC,FAM132A,2808,374,1216
FAM132B_GCGTCTTACCGGCGGACGAG,FAM132B,465,227,330
FAM132B_AGAGCATCCAGGCGTCCCGG,FAM132B,227,32,108
FAM132B_TTCGTCAGGCAGAGTGACAA,FAM132B,826,550,292
FAM132B_TCAAGTTCAGGCCCGGGCCG,FAM132B,1327,302,285
FAM132B_CCGGGCCTGAACTTGACCAG,FAM132B,1402,325,477
FAM132B_GCTGGCGTTGTCCAAGAACA,FAM132B,786,270,353
FAM133A_TAAATCGACCAAGACCCACC,FAM133A,615,201,218
FAM133A_TGAAGAGCGAGAACAAGCAA,FAM133A,1492,149,348
FAM134A_TCCGCGGCCGTTACCAGAAG,FAM134A,1848,507,501
FAM134A_CGCTGAGTAGGAAGAAGGGC,FAM134A,1012,102,197
FAM134A_ACAACTCGGGCACACTCAGC,FAM134A,394,159,141
FAM134A_AGCTCATGATAAACCACCAG,FAM134A,569,79,209
FAM134A_CTTTCCCTGGACCTCACCAC,FAM134A,889,299,311
FAM134A_CAGCTGACTGATGTCTCCGA,FAM134A,1728,37,93
FAM134B_ATTGGGACTTACACAAGACC,FAM134B,631,264,179
FAM134B_TTGGTCACTGTTCAGAGGAA,FAM134B,823,407,538
FAM134B_GGGACCTTCAACCTTTCAGA,FAM134B,503,0,28
FAM134B_TGGCAGCGACGAAGCCGAGC,FAM134B,922,159,336
FAM134B_AGCTCAGCAGCTCGTCGGCG,FAM134B,1338,290,292
FAM134C_AGGCCAGCTGAATCATACCC,FAM134C,445,148,265
FAM134C_GGACGATTCTACTGTTGCCA,FAM134C,293,59,137
FAM134C_TCTCCACCCAGAACGAGCCA,FAM134C,1082,151,50
FAM134C_AAGTCTAGCCGCTGCAGAGC,FAM134C,644,136,57
FAM134C_AGTAGGACAGCAGAAGCCCA,FAM134C,1,4,0
FAM134C_CGGGCACGCTGAGCAACCGA,FAM134C,1284,297,193
FAM135A_GCTAGTTTGTTGCATGCAAC,FAM135A,801,197,50
FAM135A_ACGATACGCATGATGTAGGA,FAM135A,1660,114,119
FAM135A_GCAATCCTTATGACTAGCCA,FAM135A,1193,1184,408
FAM135A_CTGAAGTTCCTGGTATGCAA,FAM135A,958,516,469
FAM135A_AACACAATCTGGCATCCAGA,FAM135A,199,340,88
FAM135A_ACTTCACTGTACATGAACCC,FAM135A,916,134,202
FAM135B_TACGTGGACTGCCCTGCGAC,FAM135B,1012,235,143
FAM135B_GATCGCTGAGCAGATAAGCA,FAM135B,487,282,553
FAM135B_GCATGCAGCACGCACACAAG,FAM135B,2454,671,940
FAM135B_TGGGCCACCTTTACCAAGCC,FAM135B,1007,427,817
FAM135B_TCACCGAGATCACAGACAGG,FAM135B,648,436,333
FAM135B_GCCTCCATCGCTGGGCAGAC,FAM135B,482,341,245
FAM136A_CTTCTTGCCACAGGACCGCC,FAM136A,108,190,98
FAM136A_AGCAGGACCGAAACACACAG,FAM136A,922,336,366
FAM136A_AACCCGCGCTGTGTGAAGCG,FAM136A,2203,364,271
FAM136A_CAACCTCGCTTCACACAGCG,FAM136A,1578,448,357
FAM136A_AAACAGCCTCGCGCACGGCA,FAM136A,709,105,104
FAM13A_ACACGATCTCATGAGAGAAC,FAM13A,130,413,103
FAM13A_TCAAGGTGGTTGAACCCAGA,FAM13A,234,241,113
FAM13A_GAGCAGGATGAAGTTCGACA,FAM13A,424,163,85
FAM13A_ACTGGCAAAGGTACTTGAGG,FAM13A,132,110,182
FAM13A_GGTGAATGGTAACGTGAAGG,FAM13A,504,58,79
FAM13A_TCTCCAAGAACTTGAACGGC,FAM13A,767,266,146
FAM13B_GAGGACAGTCCTCTTCCAAG,FAM13B,160,54,72
FAM13B_TCAGAGTGTTGGTGTTCAAG,FAM13B,1088,496,338
FAM13B_AGCCATCTTCACTATCACCA,FAM13B,1042,171,344
FAM13B_ACTACTTACTCTGTAGAGGC,FAM13B,240,88,38
FAM13B_ATACGACAGCGGAGAAGAGG,FAM13B,488,29,62
FAM13B_CCTCAATATAGTCCACAACG,FAM13B,3047,771,778
FAM13C_CTTGTAATCACTGCAGGCCG,FAM13C,1485,572,716
FAM13C_GGTGCATGGAGTCAAGGACC,FAM13C,91,48,76
FAM13C_TCAGAGTGTCAGGTGAGAGC,FAM13C,999,582,695
FAM13C_CCCGCTCTCCGCTTTGAAGA,FAM13C,2809,1362,990
FAM13C_GACTGGATCTTCGTCACACC,FAM13C,1206,505,240
FAM13C_ACTTCCTGCTCCAGGTGCAC,FAM13C,277,300,586
FAM149A_GCCTGACATCGGCGAGGAGG,FAM149A,598,108,76
FAM149A_ATGGCTTCCGCTGGAGGAAA,FAM149A,548,162,135
FAM149A_CCGCTGCACTGACTGTGAAC,FAM149A,2790,1081,756
FAM149A_GATGTTGCTGCTGTGTCCGC,FAM149A,478,81,52
FAM149A_ACGTTCATCCCTGGAAGAAG,FAM149A,1258,670,490
FAM149A_ATCTTTGACACAGTCACGCG,FAM149A,1182,231,232
FAM149B1_CTCCAGATACACTCGGAAGG,FAM149B1,1229,552,519
FAM149B1_GAGAGCGAGTCGGGTGCCAC,FAM149B1,219,0,15
FAM149B1_TAGTCGAGCTCAAAGTGCGG,FAM149B1,1106,23,199
FAM149B1_TATCCTCATCAGGCCCGACC,FAM149B1,1103,45,0
FAM149B1_TCATCAGGCCCGACCTGGCA,FAM149B1,1990,139,315
FAM149B1_CCAGTCTCTCGAACCAGGCA,FAM149B1,1855,381,258
FAM150A_CACCCAAGTTACTTACAAGC,FAM150A,1603,228,324
FAM150A_GGGACAAAGCCAGCGCCAGC,FAM150A,0,87,33
FAM150B_CGCCAGGCTTCTTACCCGGC,FAM150B,2196,1193,1477
FAM151A_AGAGGCGTGCCAGCAAGGCC,FAM151A,73,169,80
FAM151A_TGGAGTATGAACAATGGGCA,FAM151A,942,206,338
FAM151A_GAGCAGATCTTCCACCGACA,FAM151A,1219,431,581
FAM151A_CATGGAAGACCGTACAGGGA,FAM151A,1163,190,182
FAM151A_CTCGGCACAGCCAATGAGAC,FAM151A,1403,525,640
FAM151B_GCCTCCAGCGGATGCTGCCA,FAM151B,193,210,169
FAM151B_GCGCTTACCTGGGCCTCCAG,FAM151B,267,58,41
FAM151B_AAGACGGTGCTGAGATCACC,FAM151B,67,22,32
FAM151B_AAACGTCACGTCTGGAAAGA,FAM151B,1317,478,509
FAM151B_CCCTGGGTTGGACAACAGGA,FAM151B,997,1289,847
FAM151B_TACAGCCTGACTATTTGGAC,FAM151B,457,205,334
FAM154A_CGTCCCTCCCGAAGACAGGA,FAM154A,1979,249,766
FAM154A_ATTTGCCTTGGAACCAACCA,FAM154A,192,398,334
FAM154A_CATGGATATTTACTGTCCCG,FAM154A,1519,442,202
FAM154A_TCCCTACCCTGTCTGTCGAG,FAM154A,1282,660,364
FAM154A_CAAGGCGGGAGTACCAGAAA,FAM154A,554,131,290
FAM154A_GCTTGAAGGACTCTCTGGGC,FAM154A,261,134,92
FAM154B_AGGCGCGGTGGAGGAAAGCA,FAM154B,666,98,237
FAM154B_AAAGGCCGGACTATTGCCAC,FAM154B,650,172,94
FAM154B_TAACTTGTCTCTCCAAAGGC,FAM154B,844,59,180
FAM154B_TGAGACCCTGAAAGTCACAC,FAM154B,561,100,184
FAM155A_GGCTGTGTTCTGTGCTGCCG,FAM155A,989,29,83
FAM155A_ACTGTTTGGAGGTTCAGACG,FAM155A,1503,248,531
FAM155A_TACCTTACAGTCTTCAGGAC,FAM155A,1336,297,437
FAM155A_CACGGTGGAGAATGCGGACG,FAM155A,2171,426,373
FAM155A_CACCGTGAAGCACTGGCCCG,FAM155A,1651,849,491
FAM155B_GCAGCAGCAGATAGTCAGCG,FAM155B,4609,1267,1198
FAM155B_GACCGTGTAGGTGTCGCAAA,FAM155B,1473,464,574
FAM155B_TATCGAGGCGTACCAGCGGC,FAM155B,470,196,205
FAM155B_ATACTTCAGCGTGACCCAGC,FAM155B,567,127,67
FAM155B_GGGCGGGCTTGTTGCTGACA,FAM155B,259,639,353
FAM155B_GGATCCTGCTAGGGCTGAGG,FAM155B,290,343,236
FAM159A_GAGCTACGTGAGCGCAGAGC,FAM159A,854,381,486
FAM159A_CTACGTGAGCGCAGAGCAGG,FAM159A,966,284,454
FAM159A_GAACCACTGCTGCTACGGAC,FAM159A,1389,345,373
FAM159A_CTGTCTGTAAGCTCAAGCCC,FAM159A,975,378,327
FAM159A_GGCTTGAGCTTACAGACAGC,FAM159A,1149,203,233
FAM159A_CTCCAGCTGCGGGTTCAAGC,FAM159A,1464,636,942
FAM159B_CAAGTACTGCTGCAGCGAGC,FAM159B,1167,239,167
FAM159B_AAGTACTGCTGCAGCGAGCC,FAM159B,1422,170,302
FAM159B_GACACAGACACTGATGACAA,FAM159B,1303,564,577
FAM160A1_CATACATTACCTGTGCCCAG,FAM160A1,1226,282,184
FAM160A1_GATTCCCTTCATTCACCGAG,FAM160A1,100,29,59
FAM160A1_ACTCCAGGGAGTTCATGAAC,FAM160A1,1671,320,489
FAM160A1_TCACTGACCTTATGGAGAGC,FAM160A1,976,407,319
FAM160A1_GGCGCTCTCCTTACCCGAAA,FAM160A1,660,320,387
FAM160A1_CAGCGGGATCACTCTGACGC,FAM160A1,1816,369,988
FAM160A2_GGTGGGCCTAGCAGAGAGAC,FAM160A2,133,14,81
FAM160A2_ACCTGAGAACCAGCTGCAGC,FAM160A2,639,157,200
FAM160A2_TGCGATTCCTGTTGTTGCAC,FAM160A2,537,539,174
FAM160A2_TTCTCATAGGTGCTGGCCAC,FAM160A2,1001,296,246
FAM160A2_TGCTGACCCGTGTGTTGACA,FAM160A2,1787,754,570
FAM160A2_ATTCTTGAAGACCATGAGGC,FAM160A2,254,73,101
FAM160B1_GAACGGGAATCTGGAGAGAC,FAM160B1,220,40,135
FAM160B1_TCCTCCGGGAATGAAACAGC,FAM160B1,510,161,267
FAM160B1_AGATGAGCCTCCTCATCAGA,FAM160B1,175,31,17
FAM160B1_CATTGTGCTCAGTTCTGAGA,FAM160B1,1389,405,264
FAM160B1_TCCTACCATGTTGAGGGCAC,FAM160B1,894,51,257
FAM160B1_GAAAGTGCTGTTCGACAGAA,FAM160B1,803,575,631
FAM160B2_CGGGCGCCATCATGCTGAGC,FAM160B2,896,229,79
FAM160B2_GCCCTTCCAGTGCTCCACGA,FAM160B2,1528,364,424
FAM160B2_CAGCATCTGCTTCAGCCGCC,FAM160B2,502,491,330
FAM160B2_CGCTGAGGTAATGCAGCAGG,FAM160B2,719,242,387
FAM160B2_TTCCGGATCCGTTACAGAAA,FAM160B2,1452,407,466
FAM160B2_CTAAGGACACAACCAGCCAC,FAM160B2,642,561,24
FAM161A_TGAGTCATAAGCCTTAGCCC,FAM161A,1445,203,205
FAM161A_GGGTTGCAGTTACAAGGCAC,FAM161A,131,126,117
FAM161A_TACAGCCTGTTCAGGACACC,FAM161A,889,261,436
FAM161A_ACACATACAAGGAGGAAGAC,FAM161A,753,467,115
FAM161A_GATCTTGGAGGACGAAGAGG,FAM161A,357,91,67
FAM161A_CTCCCACCGAGTGGCGAAGC,FAM161A,836,60,124
FAM161B_CAGCATCAGAGATCCAGAGC,FAM161B,1903,137,364
FAM161B_TGGCATCTGTGATGTGCACA,FAM161B,1028,131,193
FAM161B_CCGGTGGTGGCAGCATCACA,FAM161B,915,404,306
FAM161B_GCGTCATGCGGAATGGCCGA,FAM161B,301,86,30
FAM161B_CTCGTCAAGTTTGCTGGCCC,FAM161B,1301,426,479
FAM161B_ACGAACCTTGCCTCCTCGGG,FAM161B,386,50,104
FAM162A_GGCGGAGTAGCAAGTGGCCA,FAM162A,526,0,20
FAM162A_TCTAATGATTGCCCTGACGG,FAM162A,532,231,287
FAM162B_CTGTGATAGTGTCAGCCAAA,FAM162B,2023,612,717
FAM162B_CACACTTACGGGATCCGAGG,FAM162B,1903,570,695
FAM162B_TGAAACGCCCTGTCCACAGC,FAM162B,934,657,267
FAM162B_CTAACAGTCCGCTGCGGCCC,FAM162B,959,152,311
FAM162B_CGCAGCGGACTGTTAGCCCG,FAM162B,1090,451,373
FAM162B_GGACTGTTAGCCCGCGGCCA,FAM162B,1025,419,594
FAM163A_CGGGCGGATGACAGCGGGAA,FAM163A,2028,238,528
FAM163A_CGGAACCGAGGTTGCAGACG,FAM163A,4261,723,1036
FAM163A_TTACATACGGACGGCTGACA,FAM163A,1473,329,505
FAM163A_TGCTCCCACATACTACAAAG,FAM163A,1886,682,772
FAM163A_CCCAGAGTTACCCGGTGACC,FAM163A,1185,120,182
FAM163B_GCTCTACAAGAGCGTGAGCC,FAM163B,559,76,34
FAM163B_AAGAGGACGTGCTGAACGGC,FAM163B,1260,243,130
FAM163B_TTGCGGTTGGAGTGCAGCGG,FAM163B,699,265,307
FAM163B_GCAGTACTACTGCTGCAAGA,FAM163B,1285,361,446
FAM163B_CGCCCGGGAATACCTGGAGC,FAM163B,188,242,89
FAM163B_CCGGGACCGTGGTCATCACC,FAM163B,639,172,277
FAM166A_CCCATTACCCAGGTGAAACG,FAM166A,2128,1019,667
FAM166A_GCCAACGTTCAGGGAACGAA,FAM166A,242,237,42
FAM166A_CCCTCTGGCAGTGGTACAGC,FAM166A,317,516,498
FAM166A_TTCCTGCCTGGTGGGCACGG,FAM166A,874,83,113
FAM166A_AACACCTATGGGCGTACCAC,FAM166A,412,0,52
FAM166A_GAAACACGATCTCTTCACGC,FAM166A,730,72,36
FAM166B_CCAGAGCATCATGGGTGAGA,FAM166B,1138,525,412
FAM166B_TTTGGGCAGAAGCACTCACC,FAM166B,477,131,87
FAM166B_CTGACATGAAGAACTTCCGA,FAM166B,775,72,99
FAM166B_GAGTGAAGAGCTACCAAAGG,FAM166B,544,276,217
FAM166B_GCGTACAAACCTGTGTACCC,FAM166B,556,206,138
FAM166B_GCTAAGTGGGAGTCTTACCC,FAM166B,605,48,60
FAM167A_CAACGATGCCACCTACGAGC,FAM167A,1638,251,131
FAM167A_TGAGCATCCTCCTGTGGAGG,FAM167A,1265,338,761
FAM167A_GCTTGTTGATGTCGCCACGC,FAM167A,334,49,80
FAM167A_CCACAGGCGAGCTTGGAGGA,FAM167A,849,351,454
FAM167A_TGAGGGCCTTCAGGCTCCGG,FAM167A,236,20,53
FAM167A_CTCCGGAGGTGGTCATCGGG,FAM167A,1075,494,445
FAM167B_CGCCCTTGAGTGGCTCCGAC,FAM167B,1173,1105,953
FAM167B_TGAGTGGCTCCGACGGGAGC,FAM167B,544,144,163
FAM167B_CGCAGGACAGGCAGCTGGCA,FAM167B,1678,704,590
FAM167B_CCATCTTCAGTCGGTGCAGC,FAM167B,496,459,583
FAM167B_TGTTCATGCGCGTGAGGCCC,FAM167B,681,265,171
FAM168A_TTGGGCCCTATATGTTGGCA,FAM168A,632,128,189
FAM168A_ATGCCAACATATAGGGCCCA,FAM168A,224,122,77
FAM168A_GAGGACCAACGGTGTGGCCA,FAM168A,58,132,33
FAM168A_TGAGGCTGGGCAGCATACAC,FAM168A,1495,120,174
FAM168A_TTCTCGGTCCCGGTGTCCAC,FAM168A,425,307,325
FAM168A_CCTAAGAACATGGCCTACAC,FAM168A,1078,141,233
FAM168B_ACGTGGGCACAGTGACCGGG,FAM168B,1222,65,105
FAM168B_GCCCAACGGCATGCCTGCAA,FAM168B,864,166,255
FAM168B_ACCACGGTGGTGCAGCCCAA,FAM168B,737,850,538
FAM168B_CCAGCAGAGCCCGTATGCAC,FAM168B,2851,699,868
FAM168B_GGTGTGCCAGGAGTGTAACC,FAM168B,891,54,136
FAM168B_GCGAATCCTACCTTCCAAAC,FAM168B,1977,915,1149
FAM169A_AAATTCCGCCTGTCTACCAC,FAM169A,663,71,93
FAM169A_AAGTGCCTGTGGTAGACAGG,FAM169A,742,65,0
FAM169A_TCTGGTGCATCTACCTCAGG,FAM169A,414,74,101
FAM169A_TAGAGATGCACGGCCAGCAC,FAM169A,862,156,186
FAM169A_AGCGGCCAAAGATTGGAAAG,FAM169A,2014,290,438
FAM169A_ACCTTCGGAAGTGCTTGCAA,FAM169A,1589,380,251
FAM169B_CGTCTGGAGACGTCAGGGAC,FAM169B,903,490,345
FAM169B_TACCTTGCTGCCGTCTCCAG,FAM169B,208,33,93
FAM169B_TGTTCATCAGGAGGAAACAC,FAM169B,453,132,107
FAM169B_CGGTGTCAAAGACAGGCAGC,FAM169B,202,137,215
FAM169B_CAGCCGCTCCACGTCTCCAC,FAM169B,863,184,19
FAM170A_CTTGCGTGAAGAAGAAACGC,FAM170A,1344,285,706
FAM170A_TCACGCAAGCTCATCCACAG,FAM170A,2046,972,1258
FAM170A_TCGTTCCTGAACCTGGGCCA,FAM170A,733,394,230
FAM170A_AAGGAGACATGTTGTGAGCG,FAM170A,1490,268,694
FAM170A_CTGCCGGGTGTTCACCACCA,FAM170A,1571,513,351
FAM170B_CACCGATATGCGCTGGGACC,FAM170B,841,548,313
FAM170B_CTTCCAACACCGATATGCGC,FAM170B,1594,447,429
FAM170B_GAACGGCTCCTCCTTCGAAA,FAM170B,1027,397,492
FAM170B_ACTGGTACTGGGAGTAGGAC,FAM170B,624,320,172
FAM170B_AGTGTGGAAGTGTTCTGGCC,FAM170B,216,186,93
FAM170B_GGAGAACAGTCACCCACCGA,FAM170B,926,63,133
FAM171A1_TCTAGGTCCCGTTGTAACAC,FAM171A1,1416,245,201
FAM171A1_ACAGGAACGTGGCTGAAGAG,FAM171A1,1561,689,810
FAM171A1_GCTGAGCAGTAATGGAACGC,FAM171A1,595,421,357
FAM171A1_GGATTAGACGGAAATGGAAC,FAM171A1,638,235,358
FAM171A1_CACGTAGGCATGCTTCGAGG,FAM171A1,1257,359,181
FAM171A1_TGGTCACCGCCTTCCAGACG,FAM171A1,1859,503,605
FAM171A2_ACCACTACCTGGGCCACAAG,FAM171A2,2180,263,453
FAM171A2_ACAGCAGGATAAGCACCAGC,FAM171A2,1111,21,178
FAM171A2_TGGCACTGGTGTAATCCGGA,FAM171A2,903,207,179
FAM171A2_GGCACGAGTCTCGGAGGGCA,FAM171A2,151,88,150
FAM171A2_AGCCTAGGAGAATGTGCACC,FAM171A2,430,121,236
FAM171A2_ATCCACTGAGGCCCGGGCCA,FAM171A2,713,87,94
FAM171B_TCTGGCTCTAGGCCATGGCG,FAM171B,133,23,24
FAM171B_CCTACCTGGAACCGTCAAGG,FAM171B,978,335,340
FAM171B_ATACCTCTAGTTCCTGGAAG,FAM171B,585,99,182
FAM171B_ATCGGCTCCAATCTGAAGCC,FAM171B,28,206,95
FAM171B_ACTCAAGTAGAAAGCTCGAG,FAM171B,459,252,416
FAM171B_CTCAAGTAGAAAGCTCGAGA,FAM171B,778,296,393
FAM172A_CGTGCTTGATGCGGTGGGAG,FAM172A,2983,1003,709
FAM172A_AAGATACGAGGCTCTAGGAG,FAM172A,702,182,462
FAM172A_ACCGGGAAGATTTACACAGA,FAM172A,1118,211,118
FAM172A_AAACATGGCACAAATCCAGC,FAM172A,683,100,180
FAM173A_ATCTGGGCTCTGGCGACGGC,FAM173A,314,355,262
FAM173A_TTCAGCTCGTAGCCCACGGC,FAM173A,475,278,347
FAM173A_CAGCGTCTGCTATCGCCGCA,FAM173A,809,362,467
FAM173A_CCTGTGACCGCGGTTGGCGA,FAM173A,435,184,34
FAM173A_GATGGGTATCCGCGAGGAGG,FAM173A,35,78,0
FAM173A_AGCCTGGATGGGTATCCGCG,FAM173A,2000,709,556
FAM173B_TTTATGCTTGAATGGGCAGC,FAM173B,347,66,124
FAM173B_AGATACCGCGCTTGGCGAGA,FAM173B,881,119,207
FAM173B_CTACAGCGTACACAGCCACC,FAM173B,1364,162,339
FAM173B_TACAGCGTACACAGCCACCA,FAM173B,248,542,728
FAM173B_AATCTCGCGATGGAGGGAGG,FAM173B,709,87,46
FAM173B_GGAAATCTCGCGATGGAGGG,FAM173B,730,202,86
FAM174A_GACATTACCGCCGCTGCCAC,FAM174A,415,0,53
FAM174A_CCCTGTGGCCGGGCTTGAGA,FAM174A,867,229,162
FAM174A_CCGTCTCAAGCCCGGCCACA,FAM174A,1686,324,480
FAM174A_GGTGTACTTCGTGGTCAGGA,FAM174A,272,96,364
FAM174B_CGAACAGCTGCGAGGTGGCC,FAM174B,1561,553,592
FAM174B_GCAACTCCATTGTGGTGACG,FAM174B,928,114,122
FAM174B_TCAACACCTCCGACGCAAGA,FAM174B,1409,744,779
FAM174B_AATGGCGCCACTAAATGAAG,FAM174B,224,26,28
FAM174B_GATCACGGCTGCCTTGAGGG,FAM174B,2,186,68
FAM174B_GATGGAAATGCGGGTCACCA,FAM174B,124,95,109
FAM175A_GCCTTAATATAGGTCGGGCG,FAM175A,914,111,196
FAM175A_CCTCAACACGGACTCGGACA,FAM175A,1709,260,205
FAM175A_GAGGCGGCGGTAGCATGGAG,FAM175A,148,13,82
FAM175B_ACTGAAGGTGTAGCCCGAAA,FAM175B,1497,570,446
FAM175B_CCACAGCGCCAACAGCAACG,FAM175B,3841,4021,3922
FAM175B_TCTGCTGCTGCGTATTGCGC,FAM175B,1280,1884,937
FAM175B_GGCATCCGAGGACTGAACGC,FAM175B,260,97,19
FAM175B_AGGATACTTCAGTCCGGCAC,FAM175B,221,56,110
FAM175B_TTCAAAGGATTCTCGACCCA,FAM175B,1175,304,178
FAM177A1_TGCTGGCGCTGGTGAGAAAG,FAM177A1,1120,532,339
FAM177B_AGAATATAGCACAGAGGAGG,FAM177B,971,168,80
FAM178A_CGGGTCTCAGATGGCAGCGC,FAM178A,1070,199,334
FAM178A_GCAGAGAACGAGAACTAAAG,FAM178A,774,157,178
FAM178A_TAGCTCCACGACAAAGGAGA,FAM178A,182,29,116
FAM178A_GAAGACATAAGGCAAGGCCG,FAM178A,315,19,87
FAM178A_AGCCACTTTAACACAGGGAC,FAM178A,1514,685,622
FAM178A_GATGGGATCCATGGCCAAAC,FAM178A,374,130,304
FAM178B_ACAGTCTCACCTGGATGGAC,FAM178B,823,49,56
FAM178B_TTCCTATAGGGAACAGGCCC,FAM178B,267,138,82
FAM178B_ACTACTTACTGCAGGAGAAG,FAM178B,947,158,181
FAM178B_ACTGGCTGGTGAGCTGCCCG,FAM178B,531,58,88
FAM178B_TTCTCAAGATCACGAAGCCC,FAM178B,418,102,161
FAM178B_GCCTCGCTCCACAACTCAGG,FAM178B,220,42,288
FAM179A_TGGAGTTGATGCTTCCAGGC,FAM179A,1613,164,305
FAM179A_CAGAGGCCAACAGCGTGGCC,FAM179A,15,315,143
FAM179A_GGTCCTCACGAGTTGAGACC,FAM179A,359,153,0
FAM179A_CGTGATCCCACCCATCCCAA,FAM179A,1473,801,778
FAM179A_GGTCCTCTTCTTTCAGCGGA,FAM179A,159,40,22
FAM179A_CTGAGGCGTGGCGGGCAAAG,FAM179A,454,189,145
FAM179B_TTGGAAAGAGTCACTGCACA,FAM179B,1000,128,310
FAM179B_CTAGTTCGAGGTGATGAGAC,FAM179B,1739,640,420
FAM179B_TTTAGACCTCGTCGGGAAGA,FAM179B,510,172,177
FAM179B_AATGAAGCTCGACTTGACGA,FAM179B,213,36,57
FAM179B_TGAGCAAACTTAGCAGCAGC,FAM179B,1250,317,406
FAM179B_AGTGGCTCTCTGCCTGGAGC,FAM179B,1,34,67
FAM180A_CCTTTCGTACCAGCCAAAGA,FAM180A,1282,204,280
FAM180A_TTGGCTGGTACGAAAGGAGG,FAM180A,918,191,94
FAM180A_GAAGTCTGAGGCCTTCCGCA,FAM180A,393,50,49
FAM180A_TGATCTCAAGTTCGGCCAGC,FAM180A,124,93,341
FAM180A_TCCAGGGAGGTCTGCAGGAC,FAM180A,533,28,160
FAM180A_TATGTGCCACAGGTGGAGCA,FAM180A,585,147,120
FAM180B_TCAGAGGACGTGGTTGAGCA,FAM180B,2385,755,830
FAM180B_CACACCAGAGAGGAGACAAA,FAM180B,701,240,394
FAM180B_AAGTCCCAAGTGCTAAGAGG,FAM180B,1210,279,240
FAM180B_GGAGCCGGTAGACGCAGGAC,FAM180B,573,135,164
FAM180B_TGCGTGGAGCCGGTAGACGC,FAM180B,5083,341,490
FAM181A_CCCACAAATCACAGAAGGCC,FAM181A,1139,815,258
FAM181A_TGTCGGATGCCATCACCAGG,FAM181A,951,165,385
FAM181A_CTGTCGGATGCCATCACCAG,FAM181A,2796,775,840
FAM181A_ACTGTCGGATGCCATCACCA,FAM181A,844,320,154
FAM181A_AGAAGTATTCCCGGCTCCCG,FAM181A,1223,278,365
FAM181B_CCCGTCGGATCTCCAAAGGC,FAM181B,721,361,497
FAM181B_GGCTCCGTGAAGAAGGACGG,FAM181B,766,144,159
FAM181B_GCAGATTGCGTGCCCGCAGC,FAM181B,767,130,227
FAM181B_AGTGCCCGCACCTCCTAGCC,FAM181B,844,236,303
FAM181B_GCCTTCGGAGCCCTGGACAA,FAM181B,2930,256,255
FAM183A_TGCCTCTCACTCTTGCGGAG,FAM183A,510,335,276
FAM183A_CGTGCCTCTCACTCTTGCGG,FAM183A,805,274,378
FAM183A_GGAAGGAGCCACGCTTACCA,FAM183A,478,96,119
FAM183B_ACGGCGTTCTGGGTCGACCA,FAM183B,1079,223,232
FAM183B_GCCAACGAAGAAGTACCCGG,FAM183B,512,0,118
FAM183B_TGGAGGAACCCGCAGACGCC,FAM183B,656,108,468
FAM183B_AATCCTGTGAACCTTGCGCA,FAM183B,646,582,191
FAM184A_AGTTTACGCAAGAACGACAG,FAM184A,75,246,175
FAM184A_TCCTTACCATATCTTGGAGG,FAM184A,726,88,107
FAM184A_GCAAAGTAGATTGGAAGAGG,FAM184A,1480,1407,352
FAM184A_CAGCTTGATGATGCCAAGGA,FAM184A,1977,810,933
FAM184A_GGAACTACACAGAATGGAGG,FAM184A,314,178,210
FAM184A_TGGCAGCAGCACTATTACGG,FAM184A,3914,692,1383
FAM184B_AGCCCTGCGCATGCTGGAGA,FAM184B,690,340,345
FAM184B_AAGTGACCCACAACCTCCAC,FAM184B,366,137,325
FAM184B_GAGTGCCCTTGCATGAAAGG,FAM184B,174,161,73
FAM184B_GCAGCTTAAGGAGGCTCGAC,FAM184B,457,126,207
FAM184B_GCAGGCTCAGGTCCGGAAGC,FAM184B,890,141,138
FAM184B_TCCAAAGCCGACGGTGGCGC,FAM184B,1164,250,233
FAM186A_CACTTCTAACTGAAGCAGCC,FAM186A,592,149,60
FAM186A_TGCTATTGGGTAGCTTGAAG,FAM186A,1670,675,550
FAM186A_CTGGGAAAGGCTATGAGGCC,FAM186A,1048,362,478
FAM186A_CATGTTGCCAGATGCTGCCC,FAM186A,109,43,162
FAM186A_GGACAGACCCTGGTATACGG,FAM186A,808,199,233
FAM186A_ACTCCATTTGTGCTATCCAG,FAM186A,237,356,457
FAM186B_GCCCGGTGCCTAGACAGAAA,FAM186B,1358,722,322
FAM186B_GGCCTGGACGGACAAGCAGA,FAM186B,1061,85,64
FAM186B_TCACTGGGACATCCATCCGA,FAM186B,811,194,135
FAM186B_TCATAGGTCAGAGTGTCACC,FAM186B,826,128,332
FAM186B_ACCTGTATGACATTCTCCGC,FAM186B,1901,216,81
FAM186B_CCAGCTAACTCGGGCTCAAG,FAM186B,1900,356,72
FAM187A_TCAGTTCCACCAGCAGAGAC,FAM187A,1327,529,926
FAM187A_TCCAGCAATAGTAGATGCCC,FAM187A,491,78,86
FAM187A_CATCTACTATTGCTGGAGGC,FAM187A,133,105,21
FAM187A_CAAAGACTGCTGTGATGAGC,FAM187A,777,189,509
FAM187B_GAACGATGCCCAGTGGCGGG,FAM187B,108,153,106
FAM187B_GACTGGCGGCGGGTTTGAAC,FAM187B,998,152,218
FAM187B_TGAAGTCCTGGCCGGAGAGC,FAM187B,1526,577,341
FAM187B_TGTTATTGGTGCACTGGACG,FAM187B,1314,584,671
FAM187B_CTCTCCCAGATAGAGCCAGC,FAM187B,995,137,263
FAM187B_CTGTTGGCACTGCTTACCAC,FAM187B,1125,366,600
FAM188A_AGTGTCATCTGTCTGTAGCA,FAM188A,340,179,355
FAM188A_TTTCAAACCTACGACCCAGA,FAM188A,513,65,138
FAM188A_TGCAGAGTCTAGTTGCCAAG,FAM188A,1531,465,395
FAM188A_CCAAGCAGTATGATCCAGAG,FAM188A,2267,1190,787
FAM188A_GGAGTCTATGTTACCTGAAC,FAM188A,193,260,221
FAM188A_GACTAAAGAGCTGATGGAGC,FAM188A,186,45,59
FAM188B_CAGGGAGTTCCTCAGCAGAA,FAM188B,1841,672,1064
FAM188B_AAGATGCTCAGAGACTACAC,FAM188B,990,112,85
FAM188B_AATCAGACCAGACTTTGGCC,FAM188B,581,106,135
FAM188B_TGGTAATTCCAGGATGACCC,FAM188B,430,109,201
FAM188B_TGACAAGGTGGATGGTGAGC,FAM188B,721,94,306
FAM188B_GCACTGATGGGACTGGCGAC,FAM188B,843,452,788
FAM189A1_CACCACCGCCTCGTACGGAG,FAM189A1,903,212,335
FAM189A1_CACCGTTCTCCACCAGACCC,FAM189A1,1130,244,412
FAM189A1_AGCCATGTGCTGTATGCAGA,FAM189A1,1376,471,796
FAM189A1_GGTTGCTGCAGCCGGACGAC,FAM189A1,847,182,23
FAM189A1_TGAGTCCCGACAGCAGCACC,FAM189A1,191,119,238
FAM189A1_CACCGAGAAGCCTGCCCAGA,FAM189A1,459,174,165
FAM189A2_GGATTTATCCTAGGCTGCCA,FAM189A2,103,14,69
FAM189A2_ACAGCACTACAGGGCTGAAC,FAM189A2,1069,118,193
FAM189A2_AGCGGCCACCAAGCAGACGG,FAM189A2,690,143,143
FAM189A2_ACCACAGCTTCATATGGCGG,FAM189A2,1357,13,21
FAM189A2_TGTGTGCAGCCCAGATCCAA,FAM189A2,304,123,67
FAM189A2_AGGACGCACCAGGGTTGAAC,FAM189A2,1426,289,380
FAM189B_CAGCATGGTGTGTAGGAGAG,FAM189B,1619,767,826
FAM189B_CCCTTCTCACCGTATGCACG,FAM189B,2159,862,565
FAM189B_CACCTGTGATGAAGCCCGAG,FAM189B,856,410,114
FAM189B_CACCGAAAGCAAGGAGAAGA,FAM189B,1097,657,456
FAM189B_GGACACAATGCCAACCACCC,FAM189B,996,307,328
FAM189B_GCTGCAGGCCCTGCTTACGC,FAM189B,1049,503,116
FAM192A_GAAGGTGTTGGTTCGGAAGA,FAM192A,613,126,135
FAM192A_CCAGATGACAAGAATCAAGG,FAM192A,1552,144,325
FAM193A_ATGAACTGGTGCGCTTGCGG,FAM193A,2056,529,750
FAM193A_TCAGAGCAACTTGCCCGCAC,FAM193A,3237,1884,1259
FAM193A_CGACGCCTATGTCGACGAGC,FAM193A,287,234,490
FAM193A_TCGAAGCCAGGACTGGACAA,FAM193A,1097,290,653
FAM193A_CCAACTGCAACTACAGGAGA,FAM193A,2190,294,255
FAM193A_TTGCAGATGACACACTGGGC,FAM193A,553,107,143
FAM193B_GCTGGAATTCATCAACAGCA,FAM193B,324,252,328
FAM193B_ATCAGGGATCCCGGGTGCAA,FAM193B,787,66,57
FAM193B_TGCTGGTGGTGCTCCGAGAC,FAM193B,2315,2214,1381
FAM193B_GCCCTGGGAACTCGGGAGAC,FAM193B,1671,449,339
FAM193B_CTGTGTCACCGGGAACGCAA,FAM193B,1196,301,37
FAM193B_AAAGCTTCGGCGCCGGACCC,FAM193B,376,56,78
FAM194A_TTAAACTGGCCAGCAGAAGA,FAM194A,1343,525,682
FAM194A_CATCATTCGAGTGCCCAACA,FAM194A,1608,891,890
FAM194A_TAGGAAACAGGAGCAACGAA,FAM194A,472,322,529
FAM194A_CTGGGTAACGTTCTTAGAGA,FAM194A,1699,401,675
FAM194A_GCTGACGATGCTGGCTAAGC,FAM194A,849,145,349
FAM194A_CGATGTCCGTGACCTTCCAG,FAM194A,1022,102,228
FAM194B_CCAGGTACAAATAAGGAGCC,FAM194B,262,56,141
FAM194B_TTCCATCACCTTGATGCACC,FAM194B,630,549,131
FAM194B_TGCTCACAATGAACTGGAAG,FAM194B,2051,1324,1166
FAM194B_AGTCAACGGGACAGTCAAGA,FAM194B,1594,488,487
FAM194B_CCTTGCATCACGAAGAAGCA,FAM194B,742,717,309
FAM194B_GAACTTGCCTTCAGAGAAAG,FAM194B,959,141,408
FAM195A_ATTTCAGGAGCTCGCCGAGC,FAM195A,422,30,44
FAM195A_CGCGCGTCTCACCTCGACAG,FAM195A,3012,355,460
FAM195A_CGCTACCTTCGGACACAAAG,FAM195A,3021,861,1064
FAM195A_GGCCTGTGCAGTACGTGGAG,FAM195A,1384,335,307
FAM195B_ACCTGAGTGACCTGAAGCGC,FAM195B,2148,356,306
FAM195B_GATGGGCTTGAAGGCTGCCA,FAM195B,71,147,15
FAM195B_CGGACGTTCTCCTCGTGGGC,FAM195B,1298,380,249
FAM195B_TGTGCCCTGTCTCATGCGCC,FAM195B,262,122,262
FAM195B_AGACCCACCTGGTCATCGCG,FAM195B,3175,488,546
FAM195B_GACCCACCTGGTCATCGCGG,FAM195B,1387,75,36
FAM196A_TGTAGGCTTTCATATCGGAC,FAM196A,1301,250,271
FAM196A_CTGCCGGGCAGAGTGACCAC,FAM196A,692,238,266
FAM196A_CAACCAACACATGAACACAG,FAM196A,1353,552,679
FAM196A_CGAGGCTGGACCCATGGAGG,FAM196A,1052,164,18
FAM196A_CCTGGAGATGAAATACGCCC,FAM196A,372,56,75
FAM196B_AGACCAAACTTCAGAGCAAC,FAM196B,2222,619,803
FAM196B_GCCGTCTGCTCCTGACACCC,FAM196B,537,477,330
FAM196B_AACGCTGGTGGCATTTAAGC,FAM196B,587,115,136
FAM196B_GCTGGTGGCATTTAAGCAGG,FAM196B,236,110,41
FAM196B_CTGGACGTGTGTCATCCAAA,FAM196B,2118,713,548
FAM196B_GGCTGTTGGCATTTCCACCA,FAM196B,744,190,190
FAM198A_GCATGTTGTGCTCCTGAGGG,FAM198A,619,445,740
FAM198A_GATACACAGACGGTGGAGCA,FAM198A,73,214,106
FAM198A_AGTTGCAGCTGTGTGCCAGC,FAM198A,827,368,204
FAM198A_GAGCAGCGATCCATCTCACC,FAM198A,72,117,80
FAM198A_TCGATGTAGACCAGGTGAGA,FAM198A,764,328,409
FAM198A_CCTCACACTCTTCAGGGACG,FAM198A,1443,276,520
FAM198B_CACCTATATCAATGCACACG,FAM198B,1878,716,310
FAM198B_TCCAGCGAAAGCATGACCCA,FAM198B,399,150,270
FAM198B_CTGTGGATTCAGACCTCGCA,FAM198B,963,608,370
FAM198B_TTTCCTGCTCACAGACGGCA,FAM198B,374,71,32
FAM198B_GGACCCTGCCGTCTGTGAGC,FAM198B,365,315,180
FAM198B_CGCCTGTCCATGCTGGAGAG,FAM198B,2042,437,384
FAM199X_ACTCCTGGGACCTCCTCGCG,FAM199X,2396,258,240
FAM199X_TCGCTGATGTCCAGGCAGCC,FAM199X,1080,336,206
FAM199X_AGAAAGTACATCACTCCCAC,FAM199X,834,151,146
FAM199X_TCGGAAAGTGAGTACTGAGA,FAM199X,989,219,172
FAM199X_AGGAACATAGCCCTCGCCAA,FAM199X,669,176,101
FAM199X_TGGGCTCTTCCTTAACGAAG,FAM199X,572,373,232
FAM19A1_TATCCACAAATACAGGACCC,FAM19A1,141,251,96
FAM19A1_TGTGCAATGCTACTCTGCCA,FAM19A1,865,58,166
FAM19A1_TGGCTGGAACAACAAGAAAC,FAM19A1,1048,411,734
FAM19A1_TACCATCGACGCAAGAAGGC,FAM19A1,461,296,465
FAM19A1_TACCTACCATCGACGCAAGA,FAM19A1,1220,464,644
FAM19A1_CCTCCATAGTGATTGGGAAA,FAM19A1,1550,615,499
FAM19A2_TGTAGGTAACCCATTAACCC,FAM19A2,937,434,671
FAM19A2_TTCTTCCGGATCGGAAAGGA,FAM19A2,1115,343,426
FAM19A2_AAAGTTCTTCCGGATCGGAA,FAM19A2,547,66,223
FAM19A2_ACATGATGGAGCAGCTCGCG,FAM19A2,525,619,492
FAM19A3_GGATGAGTGAGAGGGTCGAG,FAM19A3,36,96,142
FAM19A3_GGTCGAGCGGAACTGGAGCA,FAM19A3,279,148,82
FAM19A3_CCCTCAGTGCTTGTGCAGCA,FAM19A3,2507,1477,1498
FAM19A3_CATCGAGGAGCGCTCCCAGA,FAM19A3,894,50,18
FAM19A3_CCTCCATCGTCCTGCAGAGA,FAM19A3,1129,427,372
FAM19A3_GGTCACGGCCTGGACAAGAA,FAM19A3,540,306,319
FAM19A4_CAATCCTCTCCTTCCAAACA,FAM19A4,1974,790,702
FAM19A4_CTCTTGCTTCCCGGGACAGG,FAM19A4,811,123,298
FAM19A4_CATAGAAGAGCGGTCACAAA,FAM19A4,344,75,117
FAM19A4_GGTCACCACCAAATCAAGCA,FAM19A4,1062,271,319
FAM19A4_CCGGAGGTGCTGGCTTGAGG,FAM19A4,1660,515,537
FAM19A4_AGTCAGTGTTGCTGTCGCAC,FAM19A4,897,134,158
FAM19A5_GCGCGTGGATCACTAGGACG,FAM19A5,1339,722,481
FAM19A5_TGAGATTGTGACCTTGGACC,FAM19A5,2391,219,539
FAM19A5_AGCCTCGGAGGACGATCGCC,FAM19A5,594,113,42
FAM19A5_CACCCGAAATGTACCACCAC,FAM19A5,1901,746,873
FAM19A5_ACCCGAAATGTACCACCACC,FAM19A5,663,62,110
FAM19A5_GGTGGTCTTTATCCTCCCGC,FAM19A5,136,1,48
FAM200A_AGGCATCGTGATAGTGAAGG,FAM200A,787,207,153
FAM204A_CGAAGTAACACCATCAGGAA,FAM204A,3522,2145,1975
FAM205A_ATCTCGTCCTGCTCAGAAGC,FAM205A,1580,448,596
FAM205A_CTTCGCAGCGGCTGAGAACA,FAM205A,740,241,248
FAM206A_GGCTTCGGGCTCGGTAGCCA,FAM206A,478,178,24
FAM206A_AAGTATCGATCCACGAGCGA,FAM206A,643,43,76
FAM206A_CTTCCGTCTCATTACACAGG,FAM206A,9,9,8
FAM206A_AGGTAGAAGACGTCATCAAG,FAM206A,1478,402,373
FAM207A_AGGCTGCCGTGAGGCCGAAA,FAM207A,805,141,222
FAM208A_AAAGAGACCAAAGGATCACG,FAM208A,583,38,67
FAM208A_CAGTGAGCGAAACCACAGAG,FAM208A,1711,216,220
FAM208A_TTCAACCAATGCAGCACCAC,FAM208A,2497,307,377
FAM208A_AGGTATCCTCGGTCTCCCAA,FAM208A,5,0,0
FAM208A_AAGCGAATCCTTTGGACACG,FAM208A,1505,311,303
FAM208A_ACGGATGCGAGTTGGGAAAG,FAM208A,2381,335,374
FAM208B_TCAGCCTTACTATCAGAACC,FAM208B,2737,518,378
FAM208B_TGTATCCTCACCTGTTGACA,FAM208B,732,228,197
FAM208B_TGCACTCTCAGATTTGACGC,FAM208B,3221,677,298
FAM208B_AACAGAAAGCAGCTACAACC,FAM208B,1534,510,315
FAM208B_CGGCTAACATATTTAGGGCC,FAM208B,152,341,224
FAM208B_CAAGCAGTTAGGATCACGGA,FAM208B,991,287,475
FAM209A_AGTTGGCCGCCTCGAAGGCC,FAM209A,197,67,95
FAM209A_TACCTTAATGGAACTCGAGG,FAM209A,574,55,289
FAM209B_AATGGGAAGCCTCGAAGGCC,FAM209B,56,0,21
FAM20A_CAGAGAGGGAACCCTCCAGC,FAM20A,240,24,64
FAM20A_GCAGGATTCTGGACTTCCGA,FAM20A,864,115,115
FAM20A_TCGCAGCTTTCCATCTGGAC,FAM20A,1180,254,392
FAM20A_GAGGTTCTCGGATTTCGGGA,FAM20A,374,54,77
FAM20A_AGCTCCGACTCGAGGCCAGC,FAM20A,1317,220,173
FAM20A_AGGCGCTGCGGTATTACCGG,FAM20A,1394,266,198
FAM20B_CACTGGGCTGCAATCTCCCA,FAM20B,859,194,316
FAM20B_CCGAGACCATGTGGTGGAAG,FAM20B,1490,1180,962
FAM20B_CAAATCTGCCAACTACCAAG,FAM20B,554,342,214
FAM20B_TGCAGAAGCACCGTCACCCA,FAM20B,1090,191,114
FAM20B_CAATGATGTCCAAGAGGCGC,FAM20B,22,202,364
FAM20B_CATGCAACACTGATAGAGAG,FAM20B,967,477,407
FAM20C_CGAGCACCCGCTTTACCGGG,FAM20C,844,70,53
FAM20C_CTCCCAGAGGATCACCAGCG,FAM20C,1593,175,188
FAM20C_GGAGATTGCTGCCTTCCACC,FAM20C,5,37,17
FAM20C_AGGAGATCCGGGACGTCACA,FAM20C,153,169,69
FAM20C_TTCCTACCACAAGCGCAAGA,FAM20C,1406,538,497
FAM20C_GCCTCTCTCCGCAGGAAACA,FAM20C,312,83,54
FAM210A_AAAGTCACGGTATACCGAGC,FAM210A,862,30,11
FAM210A_GGAGTCCTTCGCCATAAGCA,FAM210A,906,59,79
FAM210A_CTGTATCTCGACTGGCACGC,FAM210A,1662,316,73
FAM210A_ACCACGGACTGTATCTCGAC,FAM210A,1056,1,68
FAM211A_GACCTCCCGAGACCTGGAGC,FAM211A,603,14,68
FAM211A_AGGCGATGCACTGGGCGCCA,FAM211A,2031,176,293
FAM211A_CTACATCCACTGTCCCAAGC,FAM211A,2317,545,534
FAM211A_CTACGCCAGCTTCCGGAACC,FAM211A,1500,774,530
FAM211A_CTACCACCGGCGAGTCGGCA,FAM211A,1510,225,663
FAM211A_ATGGGCACCCGGCAGACCAA,FAM211A,685,87,55
FAM211B_TCAGTCGGTTGCCGTTGAGC,FAM211B,788,32,162
FAM211B_AAGGGTCCAGCCTGCGCCAG,FAM211B,312,171,219
FAM211B_CCCGGGCCAGGTTCACAAGC,FAM211B,609,909,760
FAM211B_ATCCGGGAGACAGTGGACCC,FAM211B,955,121,51
FAM211B_CTCCTTCTCTCGCCTGGCGC,FAM211B,808,47,108
FAM211B_TCCAGTCCACGCTCCGCGAG,FAM211B,1388,274,279
FAM212A_TAGCCAGCTCCGCTGGGAAC,FAM212A,18,19,4
FAM212A_TCACCAGTTCCCAGCGGAGC,FAM212A,138,128,333
FAM212A_CGAGCCTCACCAGTTCCCAG,FAM212A,1629,519,960
FAM212A_CATAGCTGTCCGCCGAGCCC,FAM212A,443,118,109
FAM212A_GCAAAGCGTGAGACATCCGC,FAM212A,863,0,29
FAM212A_CATCATTGCAGATGATGGGC,FAM212A,167,0,44
FAM212B_AGTGCCTTAACTGCACCGGA,FAM212B,77,58,61
FAM212B_CCGAACCGGCCGCTCACAGA,FAM212B,1456,358,462
FAM212B_ATGGTCCCTGAGTCCCGAAC,FAM212B,346,65,159
FAM212B_CCGTCGCCTCAAACAGGAGC,FAM212B,927,70,27
FAM212B_CTATCTCCGTCGCCTCAAAC,FAM212B,1153,399,499
FAM212B_GCGCATGACGATGGAGAGCA,FAM212B,2415,710,541
FAM213A_CTGCACTCACCTCTCGACAG,FAM213A,2238,704,921
FAM213A_GGTACAACTTCTTCCGAGCC,FAM213A,241,52,114
FAM213A_TTCTTCCGAGCCTGGAACGG,FAM213A,950,154,111
FAM213B_TGGATCTATGAGCCGGGAGC,FAM213B,768,81,170
FAM213B_CACGGTGGACCTTGCTCGCG,FAM213B,1064,277,761
FAM213B_TGAGGTCCTGGGCGATCCAG,FAM213B,1830,120,259
FAM213B_GGCCAAACTCCGGAGAAGCC,FAM213B,533,447,59
FAM213B_CGTGCGTGATGTGGCTGCCA,FAM213B,824,385,515
FAM213B_AGACCTCCGCAGAGATGCCC,FAM213B,206,11,41
FAM214A_ACATCCGACACACAGAAGAA,FAM214A,1198,445,401
FAM214A_AAACCATCAACAATGCCGAG,FAM214A,272,158,214
FAM214A_AGAGCCTTTCATCCTCAAAC,FAM214A,830,469,329
FAM214A_GCATGTTGAATGACTGCCGG,FAM214A,348,23,8
FAM214A_CGATGATGGGCCCACCACAG,FAM214A,3498,634,772
FAM214A_ATGTAGTGACAAGCTGGCCC,FAM214A,277,133,270
FAM214B_GCAAGTAGCAGAGGAGGCGG,FAM214B,1306,39,70
FAM214B_CAAGGTGGGCACCGTCCAAG,FAM214B,1103,570,306
FAM214B_GCATACCAGGAAGGGAGCCG,FAM214B,701,26,49
FAM214B_CCTTCCGGAGGCTTCGAAGG,FAM214B,857,277,306
FAM214B_CACTTACAGCTTCAGGCGAC,FAM214B,492,233,358
FAM214B_CTTCATGCGCCACGTGCAGG,FAM214B,351,145,219
FAM216A_CACTACATGGCGACATCAAC,FAM216A,3032,961,1005
FAM216A_CGGCCAGTGAGAAACAAAGA,FAM216A,1880,716,406
FAM216B_TTCCAACAGGCCCTCAACCA,FAM216B,2204,1059,1003
FAM216B_TCCAACAGGCCCTCAACCAA,FAM216B,1851,386,365
FAM216B_AACCAAGAGAGCCTCAGCCA,FAM216B,1190,311,46
FAM217A_AAGCAAGTTGGTCCTTACCC,FAM217A,1108,156,164
FAM217A_TCTAGCATCAGTTGCTCCAC,FAM217A,659,119,97
FAM217B_GCCACTACCTCACCAGGAAG,FAM217B,396,348,246
FAM217B_AGAGTACGAAGCTGCAGCGC,FAM217B,750,377,417
FAM217B_TCACATTCGAGTTCCCAAAC,FAM217B,2292,671,831
FAM218A_TGGAAGGATGCGCGGTGCGG,FAM218A,3107,279,112
FAM218A_GAGACCCGAAGCCCTGCACC,FAM218A,126,19,21
FAM218A_CCAGGCCACTCCAAGTCAGA,FAM218A,1534,266,168
FAM218A_CCTTCTGACTTGGAGTGGCC,FAM218A,395,74,217
FAM219A_TTAGTGAGCACGGAGAAACC,FAM219A,505,300,385
FAM219A_GGCCTGGCAGCACATGCACG,FAM219A,671,294,204
FAM219A_AGGAACCTGTATAGCACAAG,FAM219A,381,59,133
FAM219A_ACAATGTCATGGCCCGAACA,FAM219A,2735,754,981
FAM219A_CTGACGGAGACTGTGACGCC,FAM219A,821,161,319
FAM219A_CCATGATGGAGGAGATCGAC,FAM219A,1240,449,739
FAM219B_AAGAGGCCATGGGCTTAGGG,FAM219B,202,80,18
FAM219B_CTCTGCAGATGAATACCCGG,FAM219B,888,170,58
FAM219B_AGAGTCTGGGCGGTTCGGCG,FAM219B,1965,502,809
FAM219B_AAGGCCGTTCTGCGGAGAAA,FAM219B,733,239,281
FAM219B_TTACCGATCTGCCCGGAGGG,FAM219B,632,219,202
FAM219B_CGCGTTGCGGTTGTCTACCC,FAM219B,263,134,317
FAM221A_ACGAGTACCTGGAGTACCGG,FAM221A,813,145,177
FAM221A_TGAGCTGGCGGTCACCAACA,FAM221A,2919,848,546
FAM221A_CTGGCGGTCACCAACAGGGA,FAM221A,656,299,396
FAM221A_GATCAGCACAGTGCTGCGCC,FAM221A,195,44,6
FAM221A_GGTTTCAGCTCGCTGGCGGA,FAM221A,291,94,161
FAM221A_TACATGCGGTTAGATGACAG,FAM221A,977,284,286
FAM221B_TCTCGTGTTCCTCCCAGCGC,FAM221B,903,256,393
FAM221B_CACGAAGAACATGCAGCCAC,FAM221B,1050,490,306
FAM221B_GACACTTGTTGAGAGAGCAC,FAM221B,165,46,122
FAM221B_ATAGGCAGTCACAATGCAGG,FAM221B,294,31,41
FAM221B_GGCTAAGGCAATGCATAGAG,FAM221B,1232,449,1097
FAM221B_CGGTTGTGTCCACTTGGACC,FAM221B,498,286,872
FAM222A_CTCCAGGCTCTTGCTCGGGC,FAM222A,994,645,537
FAM222A_GGAAACCGCGGCCTTGACAA,FAM222A,1377,118,262
FAM222A_TCAAGAGCGCCGAGGGCAAG,FAM222A,2436,589,706
FAM222A_TAGCCATGCCCTGGCAGGCA,FAM222A,497,241,234
FAM222A_TGCTGGTGGTCGAGTAGCCG,FAM222A,2482,408,753
FAM222B_AGAGTTCCTGCGGGTAGGCA,FAM222B,867,295,133
FAM222B_GAGGTCGCTAGGGTAGCCAG,FAM222B,239,23,26
FAM222B_ACACAGGCTGCCACCAAGGC,FAM222B,1829,271,749
FAM222B_CCTCATTCAGGAGTATGGAA,FAM222B,946,198,109
FAM222B_CTCATTCAGGAGTATGGAAG,FAM222B,1562,372,655
FAM222B_CTAGCCTGTCTACCAGGGCC,FAM222B,636,282,171
FAM227A_GAATTCGTGCGTGTCGAACC,FAM227A,114,103,125
FAM227A_TTAAGAGCGCCTCTTCAGAG,FAM227A,1038,269,430
FAM227A_AAACAAGCTTCCGAATGGCG,FAM227A,865,289,297
FAM227A_CGCAGCAGTCCAGAAGACAA,FAM227A,1624,388,537
FAM227A_CCTTATTGGCTCCATGCACC,FAM227A,879,63,231
FAM227A_GCTTGTCGCACGGAATACAA,FAM227A,470,216,200
FAM227B_ATGGAGAAACCACCACCAAA,FAM227B,232,150,163
FAM227B_GCCAACGAACATGTCAAAGG,FAM227B,1466,457,274
FAM228A_GAAAGTGAAGTAGGGCGAGC,FAM228A,825,101,168
FAM228A_ATAAAGCCTCTGCAAGAGCC,FAM228A,184,18,183
FAM228B_CAGCGGTTCTCTTTCTAGAA,FAM228B,654,513,646
FAM228B_AGAACCGCTGTGCTATCAGG,FAM228B,968,3,92
FAM228B_GAACCGCTGTGCTATCAGGA,FAM228B,529,304,277
FAM229A_CATCCAGGGCAGCGACGAAG,FAM229A,2784,1426,895
FAM229A_GGGAATCTCCGACCCTGCGG,FAM229A,78,57,31
FAM229A_TGGACCGGAGCGTTCTCCCG,FAM229A,420,314,212
FAM229A_ATGCTGCCCTCCTCGACGCC,FAM229A,491,337,241
FAM229B_GGAAGGAGATGTCACCAACC,FAM229B,666,175,76
FAM24A_CAGCTTACTGGTTGCCGCGA,FAM24A,465,111,240
FAM24A_TTCTACAACCTTCACAGCAC,FAM24A,2167,503,863
FAM24B_AGGACAAGACTCCGTGGCAA,FAM24B,1104,215,257
FAM24B_AGAGCACGACAACTATCAGC,FAM24B,525,53,73
FAM26D_AGGACAGCTGAATGTAGAAG,FAM26D,1066,271,317
FAM26D_GCAACGAGAAGGATCAAGGC,FAM26D,1154,490,340
FAM26D_ATAATACGTGCCTGTCAGCA,FAM26D,941,218,231
FAM26D_GCATTCCTTCTTGTCAGGAC,FAM26D,1507,677,250
FAM26E_AAAGAGACGCTCACTTCCCA,FAM26E,1118,8,82
FAM26E_TGAGAATATGACCTATGGGC,FAM26E,1345,395,220
FAM26E_TCTATGAATGTGCCATGAGC,FAM26E,585,226,234
FAM26E_ATGCCAACAAGCTGAGCGAG,FAM26E,1075,188,197
FAM26E_GCAAACGTAGGCATGGGAAA,FAM26E,1549,491,189
FAM26E_CTCCACAGAGTGGTGGACAA,FAM26E,2620,661,864
FAM26F_CGCTCAGCACGTAGCCCAGG,FAM26F,721,442,490
FAM26F_ACGTGCTGAGCGCACGCACG,FAM26F,97,37,0
FAM26F_GCCTGGTTGCACGGCACCAG,FAM26F,615,265,213
FAM26F_GGTGCCGTGCAACCAGGCCA,FAM26F,1,126,72
FAM26F_ACACTCCAAGCATGAAAGAG,FAM26F,1814,545,583
FAM32A_CTGGGTCCATGCATAAGACC,FAM32A,1296,247,345
FAM32A_CTTATGCATGGACCCAGAAC,FAM32A,2104,432,677
FAM3A_AAACACCCAGCTGTCCCGGA,FAM3A,533,222,146
FAM3A_CGTAGGATGCCACGAACACC,FAM3A,864,132,210
FAM3A_CGGGCCTTTGACATGTGGGC,FAM3A,572,94,188
FAM3A_GAGCAGCGTCAAGGACAACG,FAM3A,650,305,353
FAM3A_GCTATCCCTGCCCAGCGCCA,FAM3A,312,24,78
FAM3A_ACCACAATGCGGAGAGGGCC,FAM3A,484,79,35
FAM3B_CCTTGAGCAGGCCTGCAGAG,FAM3B,437,592,389
FAM3B_CTGGAATGAGCTCTGCGAGC,FAM3B,737,287,303
FAM3B_GCCTACAGGTTACTCAGCGG,FAM3B,418,689,325
FAM3B_CAGACTTATGGGAGAACAGC,FAM3B,810,291,620
FAM3B_CATAGGTCACCATGAAGAGC,FAM3B,1369,432,260
FAM3B_CCTATGACGACGGAAGCACA,FAM3B,1077,277,411
FAM3D_CTTCGGACCCTCCTGCAGGA,FAM3D,754,482,454
FAM3D_AAACCATCCGTCTGCCACGC,FAM3D,1505,514,646
FAM43A_TCCAGATCTTGCCCACAGCA,FAM43A,2898,1330,689
FAM43A_TATCCGCATGGTGCACGCCG,FAM43A,1567,122,361
FAM43A_CAGCTCGTGCCGGTACACCC,FAM43A,1231,243,547
FAM43A_CGGAATTTAAACGCCTCAAG,FAM43A,816,326,558
FAM43A_TGCCGAAGCTGAGCTCGCCC,FAM43A,1547,209,115
FAM43A_GCGAGAGCTCCATCGAGGGC,FAM43A,515,48,96
FAM43B_ATTCGTGCTGGTGGAGGACG,FAM43B,686,74,86
FAM43B_AGCGACGTGTAGGCGAGCCC,FAM43B,524,92,85
FAM43B_ATCACCTACTGCACGGCGGA,FAM43B,365,117,170
FAM43B_TAGACCCAGGCGAAGACGCG,FAM43B,920,274,168
FAM45A_CTCACCAGAGGCCATGGCAA,FAM45A,2127,535,425
FAM45A_AGGGAGTTACCTGTATAACG,FAM45A,1383,315,262
FAM46A_TTAATTGCAGGGTAGCCAAG,FAM46A,973,184,233
FAM46A_GAATTCAAACTGCCTCCGGA,FAM46A,0,40,13
FAM46A_ACCATTCCGATTCACGGGCG,FAM46A,278,113,16
FAM46A_CGCCATGTCTGAGGACGAGC,FAM46A,1992,94,114
FAM46A_CAGCTGCGGTGGTCCCGAAC,FAM46A,777,128,169
FAM46A_CAGTTCGGGACCACCGCAGC,FAM46A,505,353,327
FAM46B_GAGCCAGGAGAGGTTGCACG,FAM46B,623,303,538
FAM46B_CTCGTGGTTCATGAGGCACA,FAM46B,1432,270,181
FAM46B_CTTCATCGACTTTCCAGACC,FAM46B,1554,533,703
FAM46B_TGGCGATGACACGGTGCCGC,FAM46B,115,36,91
FAM46B_CGCTCAGCTCCGCTCTCCGA,FAM46B,779,189,197
FAM46B_CGGATGATGCCGTCGGAGAG,FAM46B,1274,884,531
FAM46C_TTTGCACGGACACTGACCGC,FAM46C,846,124,348
FAM46C_GCCTGAAGTCCCGCACAAGA,FAM46C,1401,598,643
FAM46C_GGACTTCAGGCCCACAGACC,FAM46C,1320,331,399
FAM46C_ACAGGTGACGTTGGTGGCAC,FAM46C,1443,139,335
FAM46D_GCAAGCTGCAGTACTTCAGA,FAM46D,540,145,390
FAM46D_TATGGCTGGAAGCTAACGGG,FAM46D,356,67,67
FAM47A_CGTGAATTCTTCAAGTGGGC,FAM47A,479,211,414
FAM47A_TATGGGATCGTTGTGAGGCC,FAM47A,615,188,275
FAM47A_CGAGGACAGAATTTCCCACA,FAM47A,1917,866,761
FAM47A_TCCAGCCCAGCTAGCACGGA,FAM47A,1730,434,506
FAM47B_CGCGTGGATCCTCCCGAGAC,FAM47B,1561,1249,981
FAM47B_GACGAGTTATGGGAAGCACC,FAM47B,550,138,31
FAM47B_GCTTCCCATAACTCGTCGAA,FAM47B,1016,284,318
FAM47B_TTCAAGGCTGATGTACGGCA,FAM47B,828,484,252
FAM47B_AACTTAGGCTCGAAGTACCA,FAM47B,271,301,184
FAM47C_TAGTGCACAGCATGTGAAGA,FAM47C,727,557,339
FAM47E_CCGCGAAGCTAGGGCCACCA,FAM47E,196,414,312
FAM47E_CAGTTCACGCCCTCGCGCAC,FAM47E,564,201,300
FAM47E_AAGGGCTGCCCGCCTTGCAC,FAM47E,880,102,135
FAM47E_GGGCTTATTGTCAGGACACC,FAM47E,347,96,208
FAM47E_CTGTGTCAAACGCAGGCCAA,FAM47E,477,504,536
FAM47E_AAGGACCCTTTACTCACACG,FAM47E,873,133,201
FAM49A_CAAGTGCTTTGTAGTGAACC,FAM49A,1413,296,289
FAM49A_TGCAGAAAGCTCCCACAGGG,FAM49A,1206,560,797
FAM49A_AAGGGAACAGGCCCTGGCAA,FAM49A,639,181,225
FAM49A_CACCAACCCAACACCTGGAA,FAM49A,1691,822,1236
FAM49A_CTGCAGGCTTACAAAGGCGC,FAM49A,690,373,281
FAM49A_TTAGATGCTCAGCCTACAGA,FAM49A,1141,154,243
FAM49B_CTATGACCACGTACATCCAG,FAM49B,1285,1189,1376
FAM49B_AGCTGGCCACGAAATACGAG,FAM49B,1149,1817,487
FAM49B_TTGCAGTCATACAGAGGAGC,FAM49B,1476,1496,1055
FAM49B_GACATGCACAGACCTTGAGC,FAM49B,784,595,31
FAM50A_GCTGCCATGGCTCAATACAA,FAM50A,773,0,0
FAM50A_CTCTGCGCACTACGACGCGG,FAM50A,1528,173,227
FAM50A_GAATGACATGAAGGCCAAGC,FAM50A,156,34,30
FAM50A_GGAGGCGGCCATGTATGAGG,FAM50A,804,68,39
FAM50A_TGCCTACCTTGACTGTCCGC,FAM50A,944,5,9
FAM50A_TTCCCGGATACAGATGAGAA,FAM50A,946,38,6
FAM50B_ACTAGACGACCTCGATGACC,FAM50B,920,361,77
FAM50B_GCGGGTGCGCAAGGGCAACA,FAM50B,6,4,5
FAM50B_CTTCATCATCGCCAGGGCGA,FAM50B,406,383,146
FAM50B_TGCACATCGAAGCTGAAGAG,FAM50B,1911,927,980
FAM50B_CCATGGTGGCGTCGCTGAGC,FAM50B,1198,276,293
FAM50B_GAGAAGGACGAGTCGCACGC,FAM50B,561,170,196
FAM53A_AGATCGAGAACAACTGAGGC,FAM53A,637,354,310
FAM53A_CCGACTCCCTAGAGGCCCAC,FAM53A,594,239,314
FAM53A_GGTCCGAGCAGTCAGTCCAG,FAM53A,499,66,128
FAM53A_CAAGGATGGGCGTGTCCACC,FAM53A,449,402,205
FAM53A_TCGCACCGCCTCTTGGAGAC,FAM53A,245,294,383
FAM53A_GCTCACCGTTGAGCTCCAAA,FAM53A,910,515,434
FAM53B_GCGAGGTGGTCGTCGAAGGA,FAM53B,756,557,420
FAM53B_TTGCTGACGTGGCGGGCGAA,FAM53B,186,12,43
FAM53B_TTACCTGTGCCATCTTGGCA,FAM53B,813,214,214
FAM53B_TGTCGTTAAGGACACACGGC,FAM53B,191,234,329
FAM53B_TGGGACCTTCAGCCGTGAAC,FAM53B,783,300,328
FAM53B_AAGTGAAAGCCTCAGCACCC,FAM53B,402,126,203
FAM53C_GGACCTGTCTCGCTGGCAGC,FAM53C,417,170,55
FAM53C_AACGAAGGCCGCAGACGCCG,FAM53C,632,270,366
FAM53C_CCAACGAAGGCCGCAGACGC,FAM53C,2706,996,669
FAM53C_GCTGAGTGAAAGCGAAGAGG,FAM53C,0,104,84
FAM57A_GGCTCTTCGCGCTCTGCACC,FAM57A,532,33,98
FAM57A_GAAGTTTCGAAGAGTGAGGG,FAM57A,269,199,102
FAM57A_TGTCCTTGTGCCAGTCGCAC,FAM57A,761,12,227
FAM57A_CTCCGTTTGTGTCGCTGGGC,FAM57A,726,121,93
FAM57A_TCCGTTTGTGTCGCTGGGCA,FAM57A,1387,355,459
FAM57A_GGTGAATGGAATCCTCACGC,FAM57A,45,91,103
FAM57B_CGCCCAGGTTGACGTGGGCA,FAM57B,1043,541,446
FAM57B_GATCTTGCCAAGGCAGACGA,FAM57B,638,91,49
FAM57B_AGCACGTGGGCCATAGCGCG,FAM57B,1199,103,345
FAM57B_CTGGACAGAGGACACCAGCC,FAM57B,1558,155,421
FAM57B_GCTGGAGCGTGTTCTTGGAG,FAM57B,1322,184,146
FAM57B_GCAACCCACTGCGAACAGCA,FAM57B,684,234,205
FAM5B_AGTCAGCATACTCCTGAGCG,FAM5B,1418,618,478
FAM5B_CCAAGTTGTTCACCTTCCAA,FAM5B,593,544,428
FAM5B_CAACTTGGCTCTGGAAAGGA,FAM5B,499,371,206
FAM5B_ACAGAGAGAGCACGCTGCGA,FAM5B,1349,298,140
FAM5B_GCTTGCAGAGGTTGAAGAGC,FAM5B,599,106,176
FAM5B_TGCTATTGTCTGGAGCACAG,FAM5B,828,315,106
FAM5C_GAGCATCCGCTTACGCCAGG,FAM5C,704,114,39
FAM5C_ACCGGCTACATGCTCAGCCA,FAM5C,2020,418,261
FAM5C_CACCGGCTACATGCTCAGCC,FAM5C,1530,333,392
FAM5C_TCAGCGCCGTTATGAACAAC,FAM5C,1419,752,745
FAM5C_TTTGTGGACAGAAGCCGGCA,FAM5C,565,21,168
FAM5C_CTGTGTATTCCTGTGAGCGA,FAM5C,1275,498,419
FAM63A_ACAGTCCGTGGTAGGTCAGC,FAM63A,463,30,0
FAM63A_GACACCAACCTCGTGACAGA,FAM63A,534,152,276
FAM63A_AATGACAGTGCTGCCTAAAC,FAM63A,842,350,283
FAM63A_CGCCCAGTCACTCACCAAGA,FAM63A,2101,1611,906
FAM63A_TGAAGCTAGCTCAGCTCCAC,FAM63A,330,98,77
FAM63A_TACTTGCTCACAAGGAGAGG,FAM63A,371,39,0
FAM63B_TCCGAAGAGCCCAGCAGCGC,FAM63B,1552,596,495
FAM63B_ACTAACCACCCATGGTACAA,FAM63B,726,396,503
FAM63B_AGTGAGCTGGTTAGTGAAGG,FAM63B,612,151,101
FAM63B_GCCACTCAACTGACATACCA,FAM63B,222,94,104
FAM63B_ATTTGTTGGTAACGGACCAG,FAM63B,696,119,365
FAM63B_AATTGGGAACAAATCCCGGA,FAM63B,176,61,27
FAM64A_TCAACCTCAACCTCCGCGCA,FAM64A,1499,592,1261
FAM64A_TGTCAGTATTACCTGGGACA,FAM64A,1862,339,372
FAM64A_AACTTCAGGAGCTGCCGAGA,FAM64A,225,1,21
FAM64A_ACCCATTACGGCGATCAAGG,FAM64A,980,315,352
FAM64A_CCCATTACGGCGATCAAGGC,FAM64A,556,267,330
FAM64A_GGCAGGGCACAGACGAGCCA,FAM64A,115,148,81
FAM65A_ATCATAGAGTGAGTCCGCGC,FAM65A,764,399,160
FAM65A_TGGTGTACACGGCGCTGAAG,FAM65A,213,147,73
FAM65A_CTACTTGGAAGTGCACCAGC,FAM65A,854,295,86
FAM65A_GCACTCGTACCTTGCTGGCA,FAM65A,1336,187,523
FAM65A_ATGGTCCGTGCCTACACCAC,FAM65A,230,15,65
FAM65A_CTGATCGCCTACACACAGCC,FAM65A,1231,295,260
FAM65B_ATCCAGCGACGCCTCCAGGA,FAM65B,508,148,171
FAM65B_TGAAAGATACATGAGACGCC,FAM65B,314,25,114
FAM65B_ATATCTGGAGGTTCACCAGA,FAM65B,455,23,52
FAM65B_CGCTGAAACCCGCAAAGGAC,FAM65B,1577,1226,1113
FAM65B_GGAGCTCCTGGTCGATGAAG,FAM65B,212,53,29
FAM65B_TGTTACCTTCGCGATTACAC,FAM65B,493,215,274
FAM65C_GGACATGTGGCTCATCGAGG,FAM65C,747,284,242
FAM65C_ATCCAGTGCCGCCTGCGCGA,FAM65C,1202,322,353
FAM65C_AGCAAACGCGCTGTGTGGAA,FAM65C,537,290,609
FAM65C_TGTCTTTGTGGCGTCCAGAC,FAM65C,1173,498,492
FAM65C_GATGTACGGCACGCTGCGGA,FAM65C,217,61,244
FAM65C_GAACCGCAACCTCACCGACA,FAM65C,761,253,432
FAM69A_GGTTAATCTCATCTTGACGG,FAM69A,503,26,184
FAM69A_GGCGAGGAGTCTCTGTCCGG,FAM69A,61,30,50
FAM69A_CGGACAGAGACTCCTCGCCA,FAM69A,2037,596,768
FAM69A_GATGTGTGATTACCATGGCG,FAM69A,1224,354,359
FAM69B_GCCTGCAAAGACGCCCAGCC,FAM69B,171,100,115
FAM69B_TCAGTGTGACCAGTACCGCA,FAM69B,860,209,230
FAM69B_AGTGTGACCAGTACCGCAAG,FAM69B,905,177,220
FAM69B_AACAGTACCAGCTCCCGCCG,FAM69B,1379,111,182
FAM69B_AAACAGTACCAGCTCCCGCC,FAM69B,729,6,88
FAM69B_CTACATGTGTGAGACCACAC,FAM69B,1561,283,359
FAM69C_TGCTCTCCGGGTGTTCCCAC,FAM69C,775,163,178
FAM69C_CCTGTAACTGCAGCTGAAGC,FAM69C,1615,509,312
FAM69C_CCACCTCTGCGACATCAAGC,FAM69C,1615,389,460
FAM69C_CTGCGGCCACTTCTACGCGG,FAM69C,1561,614,849
FAM69C_CAGCGCTCGGAGAGGACACC,FAM69C,643,579,198
FAM69C_AGCGCTCGGAGAGGACACCC,FAM69C,330,155,169
FAM71A_GCAGCGACAACTGTACAAGG,FAM71A,2429,466,295
FAM71A_CAGATAGCAAGATCTGCCAG,FAM71A,521,69,122
FAM71A_TCTCCATGGGTGGCCGCAAG,FAM71A,1114,405,199
FAM71A_CCTGAGTGGACAGCATGGAA,FAM71A,1464,564,648
FAM71A_GGCGGAGAGGAGCACCAACG,FAM71A,1476,391,430
FAM71B_CACTATGACATCCGAGAAGA,FAM71B,661,437,178
FAM71B_AACCAATCTGCATCTAGCAC,FAM71B,407,158,225
FAM71B_AGTTCTCATCACCGCAAGGC,FAM71B,220,313,106
FAM71B_GGCTACATGAGTGAACGAGA,FAM71B,444,266,152
FAM71B_TCTTCCCGTGTGTCAGAAGA,FAM71B,834,220,292
FAM71B_CCGTGTCCGAATGGTGACAG,FAM71B,2475,906,864
FAM71C_CGTGCACAACCGTGCCCGAA,FAM71C,567,384,333
FAM71C_TTACATCCTGAGACCACCAG,FAM71C,1854,465,547
FAM71C_GGAGGCTTACAGTGATACCA,FAM71C,953,236,180
FAM71D_AAACGTTTCTCAGAGCCACC,FAM71D,303,89,67
FAM71D_TGCACTCAGGTCAACAGAAG,FAM71D,3317,908,799
FAM71D_AGCACTAGTTTCTCTGCAGG,FAM71D,10,21,50
FAM71D_CAGAGAAACTAGTGCTCACC,FAM71D,412,177,38
FAM71D_GGCTTTCTCCTGATTCAAGA,FAM71D,694,484,397
FAM71D_AAACTGCTCGGGAGTCACAG,FAM71D,2144,384,692
FAM71E1_TTCTGCTGTGCCCTTCACGC,FAM71E1,2669,479,605
FAM71E1_TCCGTTCTCCTTGGCAGGGC,FAM71E1,1024,299,110
FAM71E1_CTTCTCCCAACCGAGTCACC,FAM71E1,50,230,631
FAM71E1_CTCCAACGCTACCTCCAGAG,FAM71E1,2691,1893,1842
FAM71E1_AGCGTTGGAGCCGTCTGGGA,FAM71E1,232,141,82
FAM71E1_TTGTGATGACGTCCCTGGAG,FAM71E1,2251,271,488
FAM71E2_GCAGCTGAGGCCTTCCGGGA,FAM71E2,1120,122,369
FAM71E2_GATGCTGAAGATGGTCCAGG,FAM71E2,285,64,38
FAM71E2_TGAAACTGCGCTTGAGCGCC,FAM71E2,123,95,71
FAM71E2_GGCCAGCGGCATATCCAGGG,FAM71E2,689,87,125
FAM71E2_GCAAGATGTCAGGCAACACC,FAM71E2,1089,145,148
FAM71E2_CCATGATCTGGCTTCGAAAC,FAM71E2,2127,932,1182
FAM71F1_GGGTTCGGCTCTCCATCCAC,FAM71F1,17,104,171
FAM71F1_ACACCACGGAGTCAAGAAAC,FAM71F1,2423,630,819
FAM71F1_TACTCATGGCCAGTGTCAAA,FAM71F1,913,382,359
FAM71F1_GAACCAGTCGGATCCAGAAG,FAM71F1,1645,254,410
FAM71F1_CTCTGAACTGCTGGTCCAAC,FAM71F1,493,772,902
FAM71F1_AACGTAGGTCACAGGTGCAA,FAM71F1,472,78,190
FAM71F2_CCACCTGAGGTCAGGGAACC,FAM71F2,1396,714,573
FAM71F2_AGGTCACTAAGCCCGGGAAC,FAM71F2,865,280,279
FAM71F2_AGGTAACATTGGCCATCAGG,FAM71F2,465,563,118
FAM71F2_TCCTAACCCTCAGGATGCGC,FAM71F2,1446,279,437
FAM71F2_CTGGCGGCTGAGCAGACCAG,FAM71F2,1068,252,37
FAM71F2_CTACAAGATACCCTCTCCAG,FAM71F2,2574,734,622
FAM73A_CGCTGAGCAGCAGTCTGACA,FAM73A,2160,395,580
FAM73A_TCTGACCTTTCGCAATAGAC,FAM73A,978,228,207
FAM73A_AAGAGCCTATCGTCTCCAAG,FAM73A,350,12,79
FAM73A_TACCTCTGCTGCGGAAGCAA,FAM73A,634,183,143
FAM73A_AGTACGGCATACCTACAGCC,FAM73A,235,109,82
FAM73A_AGGATATTCCTCGCTGAGAG,FAM73A,1008,373,315
FAM73B_ATGGCGTTCCGGAGGGCCGA,FAM73B,0,3,12
FAM73B_AAGGGACCTTCCTGGCCAAG,FAM73B,566,55,182
FAM73B_TCCTCACAGGATACTCCAGC,FAM73B,1,88,178
FAM73B_CGGGACTATGGGATGCCAGA,FAM73B,267,151,144
FAM73B_CACTAAGCGTGGGCCAGCGG,FAM73B,1700,529,378
FAM73B_AGCCGAACTCCTCCTGCAGG,FAM73B,367,259,99
FAM76A_CACTGTTCACAAGAATAGGG,FAM76A,737,186,182
FAM76A_CTCTTCTCGTGCTGGCCACC,FAM76A,375,39,223
FAM76A_AAACCGAGAGCTCCTGAAGC,FAM76A,989,246,90
FAM76B_GATGGCTACTGCTGTGACGA,FAM76B,193,115,106
FAM76B_CCTTTCGAGGAGCTCTCCCA,FAM76B,264,62,84
FAM76B_GCTCCTCGAAAGGATAACGC,FAM76B,401,203,170
FAM78A_TGGTGATCCCGCCCAAGCAC,FAM78A,1449,349,608
FAM78A_TTTGGGCTGGTCCTGGGCGA,FAM78A,537,215,320
FAM78A_TGACTGCTGTTGGCTGCACC,FAM78A,782,471,174
FAM78A_CATCGATGAGTCCTCCAGCG,FAM78A,1233,616,773
FAM78A_AAAGCCAGAGTCTTCCGGGA,FAM78A,594,93,52
FAM78A_GATGCTCTGAATACAGCCCA,FAM78A,232,96,183
FAM78B_GGAGGGATCACAACCAGAGG,FAM78B,523,130,294
FAM78B_GAGACCAAAGTTTCACGACC,FAM78B,412,63,60
FAM78B_AAAGCCATCAGTGACTCAGA,FAM78B,377,39,77
FAM78B_ACCACCCAGGTCTCGTGGCG,FAM78B,1942,594,242
FAM78B_GGTCTTGTAGCGCAGGACGA,FAM78B,899,225,134
FAM78B_CGAGGTCTCCTCGATGCGCG,FAM78B,1409,1027,738
FAM81A_TACAGATGAGTATGGTGCCA,FAM81A,962,239,100
FAM81A_CCGAAAGGCGTGCTCTACGA,FAM81A,1274,247,550
FAM81A_GATCTCCCAAACCGGAGAGC,FAM81A,155,62,32
FAM81A_TGCACGGAGTTGGTTGCAAC,FAM81A,1368,513,615
FAM81A_GCACGGGCGAATCACCAAGC,FAM81A,712,848,434
FAM81A_TCTCGAGGCCAAGATGAAGC,FAM81A,814,228,398
FAM81B_GGTTATTGTCTGAGCCAGGA,FAM81B,121,219,171
FAM81B_TCTTGGTTATTGTCTGAGCC,FAM81B,925,272,262
FAM81B_ACAAGCCTTCCGCATCAAGG,FAM81B,837,333,329
FAM81B_GATGTCCTCCTTGATGCGGA,FAM81B,154,38,71
FAM81B_TCAAGAATTCGTGCCCGCCC,FAM81B,449,166,162
FAM81B_GAAGGTCCTACAGGAGAAAC,FAM81B,291,88,218
FAM83A_GACGGTCTGGAAGTACACAG,FAM83A,628,313,359
FAM83A_TAGTCCGGGTGATGCAGCGG,FAM83A,1354,265,504
FAM83A_ACACATCCATCAGGATGACC,FAM83A,56,104,46
FAM83A_TATACTGTGCCAAGTCAGGC,FAM83A,218,127,164
FAM83A_AGAAGTTCATCATCTCGGAC,FAM83A,719,163,123
FAM83A_TTGCTGTAGACAGCGGCGGG,FAM83A,12,66,0
FAM83B_CTCCAAATCTTGACTTAGGC,FAM83B,1335,918,830
FAM83B_TGAGAAAGCTCACCTCAGCA,FAM83B,627,575,679
FAM83B_ACCCACTTTACCTGAGCAAA,FAM83B,1039,703,805
FAM83B_GGGAAGTGAGACACCTAAAG,FAM83B,1109,335,244
FAM83B_TGTGACTCATAACTTGGAGG,FAM83B,953,145,122
FAM83C_GATATCAAGCCCTGCTCGCA,FAM83C,509,123,43
FAM83C_CTCGGGACAGGAGATCCAGC,FAM83C,519,166,153
FAM83C_CCTCATTGACTGTGAGCAAG,FAM83C,916,360,346
FAM83C_CCTGGTCCTCACTGACCGGC,FAM83C,120,9,41
FAM83C_TCGCTGTGCCGCAGCACCAG,FAM83C,1187,82,32
FAM83C_GGTGAGCTCTCCCGCCACCA,FAM83C,145,39,56
FAM83D_TATAAAGCGGGACTGCACGC,FAM83D,1094,205,294
FAM83D_GGTGCACGCCATTCTGCGCG,FAM83D,407,351,161
FAM83D_TAGGCGCCCTGGTAGAAGGC,FAM83D,227,100,46
FAM83D_TGTGTATATCCTTCTGGACC,FAM83D,539,433,345
FAM83D_GACCACTACTCAGACTGACA,FAM83D,109,98,77
FAM83D_GATGGAAGCGGGAGAACCAG,FAM83D,117,0,0
FAM83E_GGGACAGATAGCGGAGGCGG,FAM83E,152,38,29
FAM83E_GGTCATAGGTGGCCTGCAGC,FAM83E,23,140,86
FAM83E_TGTGCTGCTGGACGGCGAGA,FAM83E,913,127,255
FAM83E_CCATGACCACGGCCACCAGC,FAM83E,658,192,272
FAM83E_TCTGTTGAGCAAGGGCGCGG,FAM83E,994,199,116
FAM83E_GGCTCTGTTGAGCAAGGGCG,FAM83E,625,226,192
FAM83F_GCTCTTCACCCACCCGCCCA,FAM83F,462,170,378
FAM83F_GATGATCCAACAGGCCCAGA,FAM83F,86,155,38
FAM83F_TGGATGCTGCCTGTAAGCGC,FAM83F,929,141,104
FAM83F_GGATGATGTACACTGGGACC,FAM83F,341,148,149
FAM83F_CGCCTGTCACAGAGCGGACA,FAM83F,1730,548,854
FAM83F_TCTTCAGTCGCCGAGCCAAG,FAM83F,1038,312,443
FAM83G_AGTCGAAGCACCTAAAGGCC,FAM83G,12,33,186
FAM83G_ACAGATAGCTGCCGCTGGAG,FAM83G,271,27,59
FAM83G_TCTCAGAGTGCGGAGCAGCG,FAM83G,762,234,158
FAM83G_GGCCACTTTCCTCTTGAAGC,FAM83G,672,359,338
FAM83G_GCTGCATGTAGACGCTAGCC,FAM83G,199,46,232
FAM83G_GCCTGAGTTCTTCTACAGCG,FAM83G,3042,498,798
FAM83H_CAAGCTGTCCGAGCGGAAGA,FAM83H,1058,337,643
FAM83H_CGTTGGCCGTGGCTGAGGAC,FAM83H,2241,378,260
FAM83H_CCCACCTACTACTGCCGCAC,FAM83H,327,152,97
FAM83H_GCGCGTTCATCTCATCCAGC,FAM83H,911,180,164
FAM83H_TCTCGGGTAACATACTGCGG,FAM83H,1289,285,240
FAM83H_TAACATACTGCGGAGGCCGA,FAM83H,409,12,118
FAM84A_AACTACAGCGAGTTGCCCAC,FAM84A,383,336,239
FAM84A_CTACAGCGAGTTGCCCACAG,FAM84A,1766,540,854
FAM84A_AGGAAGACCTGGACGAACGC,FAM84A,1469,551,372
FAM84A_TTCGCAGAGCGCTGGCAGCG,FAM84A,2268,594,903
FAM84A_CTGGTGCCGCTTTGGCAAGC,FAM84A,948,356,506
FAM84B_AGGGCGACAGCAACGTGGCG,FAM84B,1623,265,350
FAM84B_CAACGACCAGATCGGGCGCG,FAM84B,598,238,150
FAM84B_ACGAACTCCACCAGATCGCC,FAM84B,308,150,59
FAM84B_CTACGATCCGCGGCTGCACG,FAM84B,904,522,501
FAM84B_CTCCAATGACGATGAGGACG,FAM84B,1520,707,796
FAM89A_GAATCCAGTCGCTGCTGGAG,FAM89A,1296,180,259
FAM89A_CGGCTTCTTCGATGAAGAGG,FAM89A,958,651,345
FAM89A_AGTCGATTCAGGAGTACAAG,FAM89A,1749,239,132
FAM89A_CAAGGTTGGTCTCCGCCAGC,FAM89A,495,76,12
FAM89A_TCCAGGACGAGCTGAGCCGC,FAM89A,1044,206,463
FAM89A_CGCTCAAGCTCTTTGGCAGC,FAM89A,517,275,814
FAM89B_AGCGGCCTCCTTAATGCGAG,FAM89B,856,24,28
FAM89B_CGGCCTCCTTAATGCGAGCG,FAM89B,1032,457,152
FAM89B_GGCCTCCTTAATGCGAGCGG,FAM89B,600,34,74
FAM89B_AGAAGCTCAGGTCTTGGCAC,FAM89B,773,40,218
FAM89B_TTCGGACAGCTCCTACCCAC,FAM89B,1063,16,182
FAM89B_TGCGGGCCTGTCTGACGACG,FAM89B,1258,403,787
FAM8A1_ATGGGACGGCGGTGGTAGGA,FAM8A1,862,160,156
FAM8A1_CTCCAATTTGTCGGCTGCGG,FAM8A1,723,97,284
FAM90A1_CCCAGGTGCTTAGCGGCGAC,FAM90A1,1471,291,505
FAM90A1_TCGCCGCTAAGCACCTGGGC,FAM90A1,769,96,75
FAM92B_CTTCATTTGCCCTACTCAGC,FAM92B,438,301,364
FAM92B_ACACCTCCACCGCTTTGGCA,FAM92B,839,168,47
FAM92B_GGTGCGGCTGGAGTCCACAG,FAM92B,403,33,68
FAM92B_ACGATCATTTGCTGATCCGA,FAM92B,558,71,20
FAM92B_GGCACAGATCAAGCAGACAC,FAM92B,735,47,194
FAM92B_CCTACACGCGCAAGACGGCC,FAM92B,977,491,529
FAM96A_GCTCTCCGGCCTCTCTGAGC,FAM96A,314,40,35
FAM96B_ACTTGCAGATAAGGAGCGGG,FAM96B,696,0,0
FAM96B_GCAACTTGCAGATAAGGAGC,FAM96B,295,0,0
FAM96B_AACCATTCCGCACTGCAGCA,FAM96B,331,14,62
FAM96B_GGAGTTGAACGTAGTAGAGC,FAM96B,586,71,0
FAM96B_GATTCGCTCCATCAATGACC,FAM96B,242,50,505
FAM96B_CAGAGCGCTGGTAGATGAGG,FAM96B,748,0,17
FAM98A_TATGACCATGGTGGCCGAGG,FAM98A,150,38,23
FAM98A_GGCTATGACCATGGTGGCCG,FAM98A,772,486,237
FAM98A_ATAAGACTGAACGTTTCGGC,FAM98A,308,69,135
FAM98A_GATGATTACTACTCACCCAG,FAM98A,115,0,17
FAM98A_GCCTTTACTGAAGAAGCCAA,FAM98A,199,61,15
FAM98A_AGCGCTCCATCTTCCAACAA,FAM98A,1971,392,408
FAM98B_GACCATGAGAGGGCCGGAGC,FAM98B,0,0,31
FAM98B_GGGAGACGTGCTGGACACAC,FAM98B,154,0,8
FAM98B_CTTACAAAGGCGGCAGAGGG,FAM98B,1866,534,179
FAM98B_TCCGCATATGCTAAACCAAG,FAM98B,1049,20,67
FAM98B_TGCTCTATCAGACCATCCAA,FAM98B,832,1,23
FAM98B_GACAAGTAGTGGCACCAGCC,FAM98B,79,202,83
FAM98C_GAAAGTCCTCCTCCGCGCCA,FAM98C,684,51,49
FAM98C_AGCCGGCATGGTCCAAGAAC,FAM98C,2702,462,716
FAM98C_ATCTAGCGAGCAGCTGAGGA,FAM98C,359,182,131
FAM98C_TGCTTTCCACTGGAGTGACC,FAM98C,437,220,112
FAM98C_TGGCTGGGACGAGACAAGAC,FAM98C,1662,588,855
FAM98C_TGGGCAACGTTCCAGACCGG,FAM98C,1071,12,221
FAM9A_AACCTACAGGTGTTAGGAGC,FAM9A,539,45,142
FAM9A_TCAAGTTACGGCCGCCCAGG,FAM9A,716,568,584
FAM9A_CTCAAGTTACGGCCGCCCAG,FAM9A,467,2484,1572
FAM9A_GCTCAAGTTACGGCCGCCCA,FAM9A,871,283,433
FAM9B_TTGGCAGCCCTCCTGCCCAC,FAM9B,188,46,121
FAM9B_CCACGGATCCTGTGGGCAGG,FAM9B,760,150,449
FAM9C_CCTGTTACAGAGACAAAGGA,FAM9C,1182,301,411
FAM9C_GGTTCAAGTTATGGCCGCCC,FAM9C,65,69,4
FAN1_GGGCAGGCAAGTTTAGCAGG,FAN1,888,235,74
FAN1_TTCCACTTGGTGAATCCCAA,FAN1,393,111,26
FAN1_TCGTACTGACTGTCCAGCCA,FAN1,1489,504,705
FAN1_AGGCCGATGGTGGGATCGAC,FAN1,985,364,262
FAN1_CTATCAAGTGCATCACAGAG,FAN1,1869,1018,1309
FAN1_GAAAGCCTGCTCAGTTACCC,FAN1,458,117,198
FANCA_GCCTCGTGTGCTCCCAAAGG,FANCA,601,29,0
FANCA_GGTTGTGCGCCAGGCAGCAC,FANCA,336,146,48
FANCA_GCTCACCTCACTGTACCGCA,FANCA,127,20,20
FANCA_CCACAGCATGCATGTCGGGA,FANCA,639,73,223
FANCA_CCGGCTGAGAGAATACCCAC,FANCA,1829,126,147
FANCA_CGTAGCGGGAAGGGTCAAGA,FANCA,723,69,113
FANCB_GGCTGCTTTATCAGACAGAA,FANCB,1376,489,576
FANCB_CGGCTGCTTTATCAGACAGA,FANCB,1414,350,448
FANCB_ATTGAATTCAGGGCATAGCC,FANCB,111,53,43
FANCB_TAATACGTCAAGTGCAGAGG,FANCB,513,67,6
FANCB_TTCAGTCCTGTTTCTAGAGG,FANCB,1804,499,512
FANCB_ACTGCACAAGGATCTCCAAA,FANCB,923,97,136
FANCC_GACCACAGGGAGACTTACCA,FANCC,553,14,1
FANCC_ATCCTCCGAAGTGAATGAAC,FANCC,529,51,98
FANCC_AGCAGCACCATGGCAAGAGA,FANCC,793,64,101
FANCC_TGTGCACTCCTGGAAACCGA,FANCC,913,18,14
FANCC_CAACAACCCGGAATATGGCA,FANCC,375,37,78
FANCC_TAGAATGGCTCCCGAGCGAG,FANCC,495,355,180
FANCD2_CCCTAGGATCTCAGGTAGGC,FANCD2,727,146,45
FANCD2_TCTTCATTCCGTAACAGCCA,FANCD2,777,132,146
FANCD2_GCCTACACTAACCTTGAGAA,FANCD2,1800,74,111
FANCD2_CACGGTGTAGTTGATGGACC,FANCD2,365,120,117
FANCD2_CTTAGTAGCCGACTGAAACA,FANCD2,1487,134,132
FANCD2_CTCTGTCGGGTGTGGCCAAG,FANCD2,2990,540,592
FANCD2OS_TCATTAGCAGGGAGCACCAG,FANCD2OS,1295,193,191
FANCD2OS_CAGAATCTACTCCACTGAGG,FANCD2OS,949,323,335
FANCD2OS_AGCTGCACTTCAAGGTCGGA,FANCD2OS,343,147,208
FANCD2OS_GGACGGTGTGTGTGGGAAGC,FANCD2OS,771,366,382
FANCE_AGTCGAAGGGCTCCCAGCCG,FANCE,1813,167,337
FANCE_CATGGCAGTTAAGACTGGCG,FANCE,760,31,67
FANCE_TCACGAATGTAGTCCCAGCC,FANCE,1097,440,572
FANCE_CACCTACCCGTCCAAGAAAG,FANCE,1369,149,249
FANCE_CAGGGCAGTTGTAAGCAGGC,FANCE,826,16,1
FANCE_AACTCTGTTTGAGCAGGACC,FANCE,776,48,0
FANCF_TCTGAGGCAAGCGCTCCCAC,FANCF,1239,42,14
FANCF_GCACAACCAGTGGAGGCAAG,FANCF,1444,61,77
FANCF_CCGCTCCAGAGCCGTGCGAA,FANCF,857,265,475
FANCG_CCAACACAGGCCGTGGACAC,FANCG,1734,1320,595
FANCG_ATTGACCCTGCAGGATGCCC,FANCG,287,88,0
FANCG_CAGACAGCAGCTCCGGCAGA,FANCG,660,95,175
FANCG_CACCTCTCTCTAGGCTCCGC,FANCG,393,10,40
FANCG_CTGTCGCCTCAGAGTCAGAC,FANCG,444,136,166
FANCG_CCGGCTCGTTCGACAGGCCA,FANCG,2153,253,297
FANCI_CTACGAGGCCCTGAGTAACA,FANCI,3035,678,704
FANCI_AGCCTTTGTACAGTCTGAAG,FANCI,797,4,6
FANCI_TGGCAAACATAGCTTTCCGA,FANCI,1273,20,68
FANCI_TCTTCGAAGGAACTCTCAGC,FANCI,34,17,18
FANCI_GAAGCTTGTATTCTGACCCA,FANCI,223,31,0
FANCI_TGAGCTGGAAGACTTTGAAC,FANCI,1655,60,90
FANCL_ATTTACCTGAGGTGTCCAGG,FANCL,195,1,9
FANCL_CACTCTCAAGTTGAAGGCAA,FANCL,791,453,383
FANCL_GCTCGCTTCCGTCACCGCCA,FANCL,750,111,17
FANCM_ATTGCGGGATACCCATCACC,FANCM,645,64,51
FANCM_CGGGACAAGCTCCTCTAGAA,FANCM,2418,638,693
FANCM_CCTACCACAATATTCGGAGA,FANCM,690,79,85
FANCM_TCTACCTGTGTGGGTGAAGA,FANCM,851,113,212
FANCM_AGCTGAATGTGACAGCAAAC,FANCM,2324,353,681
FANCM_ATCCATACCTTCTGTGGAAC,FANCM,753,490,800
FANK1_TGAGTCACTTTGCCCACGAC,FANK1,646,276,453
FANK1_TTGTTGAAGGTCTGGAACCA,FANK1,1043,258,310
FANK1_TAAGTAGTGAGCACTTGCAC,FANK1,615,67,189
FANK1_CTGCCCAGAAAGGATACACC,FANK1,663,131,209
FANK1_TTCTTGGCAGGCTAGAGACC,FANK1,1248,116,125
FANK1_CCCAGCATCAATTAGAAGAG,FANK1,2504,707,710
FAP_CTCATCCACGGAACAGCAGA,FAP,424,224,86
FAP_CTGGCCCTTGCATCTGGAAC,FAP,1579,610,945
FAP_CTATGCAGTGTATCGAAAGC,FAP,1367,683,610
FAP_AGTGCGTCCATCATGAAGGG,FAP,465,86,414
FAP_CCCTGAAGTCACATATAGAC,FAP,964,619,660
FAP_ATTGTCTTACGCCCTTCAAG,FAP,388,32,22
FAR1_ACAGACACCACAAGAGCGAG,FAR1,718,276,236
FAR1_CGAACTCACCCAACCTAAAC,FAR1,2381,989,1088
FAR1_TAGGCCATCATCCATCCACC,FAR1,495,122,110
FAR1_ACATGAGTCTTGCGGCAGCC,FAR1,686,376,320
FAR2_TTACATCCTTGTGAGGCCCA,FAR2,813,142,115
FAR2_TGACTTTGCCATCAGCAAAG,FAR2,1007,394,392
FAR2_CATAAGCAAGAGCTGCCGGG,FAR2,456,43,117
FAR2_ATCTCATGCTAGCTGTAGGA,FAR2,354,194,344
FAR2_CTGGAATGCGGTCAGCCACC,FAR2,501,6,149
FAR2_TCATCAACCGGAGTTGGGAA,FAR2,1476,286,633
FARP1_GGGATCAGTACCTTGGAACG,FARP1,965,333,590
FARP1_CAGTACCCAACCCGTCCAGG,FARP1,53,133,193
FARP1_AGCAGGACTTGGCTCAAGGC,FARP1,636,771,236
FARP1_TGTCCTTGGCCGGGTGCAAC,FARP1,1714,509,671
FARP1_CAATGCCTTCAACTGGGCCA,FARP1,261,94,37
FARP1_GGACTTGCAGAAATCCCGAC,FARP1,799,343,69
FARP2_GGAGTTAGCACCCTTGAGCC,FARP2,706,276,361
FARP2_AGAATGTGACTACTTCGGGA,FARP2,455,211,141
FARP2_AGGTCAAACGCTCTTCCAGC,FARP2,0,20,0
FARP2_AGGAGATTACGATGAAACGC,FARP2,1264,256,128
FARP2_TTCGAGCAATTTCGAGCACC,FARP2,327,340,254
FARP2_AAAGCCGTCTTCTTCAGCCG,FARP2,2207,903,443
FARS2_CGCACACGTCTGCACACCAG,FARS2,5247,1122,610
FARS2_CAGTGGGACTTGCTGCACGC,FARS2,1170,110,195
FARS2_CGTCCTCACACCAGAAGAGA,FARS2,2085,265,404
FARS2_CCGAACAATTGGAGGAGACC,FARS2,725,207,468
FARS2_CCGCATCACGTACCGCCACA,FARS2,3675,766,1023
FARS2_AGAGGTCAGGCACATCCACC,FARS2,646,83,67
FARSA_AGATCTGTCGGAACTGGGAG,FARSA,747,108,147
FARSA_AAGACCTACTGGGTGAGCAA,FARSA,1025,0,0
FARSA_TGGCAAAGTGGGCTTCAGCA,FARSA,1517,0,0
FARSA_GGAGGGCGAGGAGATTGCCC,FARSA,118,0,7
FARSA_CATCAGACGCCTCCAGCCGC,FARSA,208,9,19
FARSA_CGCCATTGATGGAGCCAGGG,FARSA,1159,165,133
FARSB_TGCCTCCTGGTGAAGACAAG,FARSB,479,39,30
FARSB_GCTATGGTCTTCAGGAGGCC,FARSB,298,0,1
FARSB_CGACATGACATGGCAGCCGC,FARSB,549,65,1
FARSB_GGCATTACCCGTTTATACAC,FARSB,211,0,0
FARSB_GAACCAATCCTTCCAGACAC,FARSB,1182,0,0
FARSB_TGATCTGCTCTTCCAAGCCC,FARSB,374,0,0
FAS_TGTAACATACCTGGAGGACA,FAS,918,223,128
FAS_ACTGCGTGCCCTGCCAAGAA,FAS,775,229,230
FASLG_AAGAGAGGGAACCACAGCAC,FASLG,387,24,195
FASLG_TAGGTGTCTTCCCATTCCAG,FASLG,104,56,98
FASLG_GGTTGTTGCAAGATTGACCC,FASLG,0,16,45
FASLG_AGGATCTGGTGATGATGGAG,FASLG,287,61,73
FASN_TACATCGAAGCCCACGGCAC,FASN,1197,187,77
FASN_TGACCAAGAAGTCCCTGGCC,FASN,1493,109,136
FASN_GCCTACCAGGCCATCCACAG,FASN,1246,327,337
FASN_GACACTCGTGGGCTACAGCA,FASN,368,168,486
FASN_TTCAGCTTGCCGGACCGCCG,FASN,1365,442,516
FASN_GATGACCGTCGCTGGAAGGC,FASN,240,11,25
FASTK_CTCCACGGCCGTGTCCAGCA,FASTK,2076,604,1164
FASTK_GGATCCTGGCTCGGGAAGCA,FASTK,811,308,157
FASTK_GGGCCAGGAGCACCATCACG,FASTK,523,281,182
FASTK_TGTTCCAGGGCACACACCAG,FASTK,1545,172,267
FASTK_AGCCGCTGCAGTCCTTGCAC,FASTK,2424,635,917
FASTK_TAGCCGATGAGGAGGCCGCG,FASTK,364,146,30
FASTKD1_CAGAAGCGGTCATGAAACCA,FASTKD1,690,101,128
FASTKD1_CAGTTTGGATCTGTTACGGA,FASTKD1,547,187,348
FASTKD1_CTAGCAGGATGATTACACAG,FASTKD1,1376,944,1091
FASTKD2_CGGCAGCTGTGGGAGTGACA,FASTKD2,2140,524,344
FASTKD2_TGTGACGATGGCAGCTCCCG,FASTKD2,854,223,585
FASTKD2_TGCACATTTACAGCAGCAAC,FASTKD2,1991,567,503
FASTKD3_GACTTTGATCAAGAACCACC,FASTKD3,337,149,117
FASTKD3_CTCAAGTATCTGACTGCGAC,FASTKD3,1203,517,816
FASTKD3_GAGAACACTGGTCCACCGAG,FASTKD3,1149,170,65
FASTKD3_GGTTGTCGTGAACACAACCA,FASTKD3,229,147,192
FASTKD5_TGGCTGTTCAGTTCACAAAC,FASTKD5,2195,780,900
FASTKD5_TAGTACTCACCTTCAGCAAG,FASTKD5,976,272,248
FASTKD5_TGCGTCTTTGCCTCCTAGAG,FASTKD5,1481,334,533
FASTKD5_AATGTTCCGTTTCACTCACG,FASTKD5,986,241,309
FASTKD5_CTGGTACTGCCCAGCAAGAC,FASTKD5,1697,339,571
FAT1_CTCAGAAGTATAGAGAGAGC,FAT1,367,99,168
FAT1_AGTCACTTCGATGTGGACAA,FAT1,2262,761,640
FAT1_AATGAAATGGGCTCCAGGGA,FAT1,497,141,236
FAT1_CTGGAGTGGTTTCGTCCAAG,FAT1,1146,396,486
FAT1_CATAGAGACGTCAGATCGAC,FAT1,535,130,119
FAT1_TTACACTGGAACCCACAGGC,FAT1,2090,628,220
FAT2_TGCTTGGGTCCAGCTGGAAG,FAT2,1897,717,629
FAT2_GACCTTCTCCTGGTATCAAG,FAT2,558,119,362
FAT2_CAGCTTTACGGTCATGGAGA,FAT2,1820,100,427
FAT2_TCAATGTCCGCCTTCCAGAG,FAT2,2092,567,956
FAT2_ACGGTATTAGCAGTGGACAG,FAT2,1878,286,404
FAT2_TTGACATAGAGCTGGAGACA,FAT2,1915,431,262
FAT3_ATCCAGTACTCCATCAGGGA,FAT3,817,419,314
FAT3_ACCTCAATGGTGGAGTAGAG,FAT3,1138,202,278
FAT3_GAAATTGGATCGAGAACAGC,FAT3,333,168,614
FAT3_GAACGTGACCGAAAGAAGAG,FAT3,729,277,415
FAT3_CCAACTATGTCAAACCACAG,FAT3,1522,1019,468
FAT3_GACCTCTGCTCTGCATCCAA,FAT3,659,86,268
FAT4_GAATATAAGTGCCCGGGACC,FAT4,103,65,152
FAT4_GATTATGCAGCTGACAGCCA,FAT4,396,173,396
FAT4_GAGATCTGATAGCAACCAGG,FAT4,181,14,88
FAT4_CTCACTGTTCGAGCAGAAGA,FAT4,721,753,486
FAT4_TGTCAACAGTAAACTGCCCA,FAT4,373,222,118
FAT4_GGTATGTACTGTTCTACAGG,FAT4,152,72,58
FATE1_GAACTGAATCATGGACGCCA,FATE1,463,200,411
FATE1_AACTGAATCATGGACGCCAA,FATE1,663,328,226
FATE1_GCATTCTGGGCTTTGGCAGC,FATE1,179,396,280
FATE1_TGCCAGCGTACTCCTGGAGA,FATE1,2194,569,382
FATE1_TGCAGTGGCGCAGACTAGCC,FATE1,966,342,273
FATE1_TGCAGCTGTATGCAGTCAAC,FATE1,721,555,372
FAU_CCTTCTCCAGGTGGCCAAAC,FAU,2647,689,751
FAU_CACCTTCGAGGTGACCGGCC,FAU,632,72,121
FAXC_CTTTGATTCGGATGTGGACA,FAXC,902,283,631
FAXC_TACCAGGGACAAGACCCGAA,FAXC,1007,217,121
FAXC_CGGAGAAGCGGCCAATGCCG,FAXC,1289,136,245
FAXC_TGAAAGAGCCATCTCCAGAG,FAXC,2141,441,628
FAXC_ATTACGGTGGGATCATGGCA,FAXC,886,35,51
FAXC_CCTTCTTCGGCTGGTGGGCC,FAXC,260,65,64
FAXDC2_CACCATGTTCAAGCAGACCA,FAXDC2,1244,745,329
FAXDC2_TAGTCGTGGAATTCAGGCGA,FAXDC2,631,275,284
FAXDC2_TCACTGCATGCTCTATAGGG,FAXDC2,2832,556,313
FAXDC2_CCACTGGTTCCTCCTGGAGC,FAXDC2,1606,354,248
FAXDC2_CTATTGGTGGTTGACACAAC,FAXDC2,1816,608,393
FAXDC2_CTACATTTGAAGGGAAGGAG,FAXDC2,1371,806,1177
FBF1_CTGTCTCGGAAGAAGTCCCA,FBF1,491,67,47
FBF1_CTTACCTGACAGACTGCCGG,FBF1,843,41,25
FBF1_ACCCAGCAGCTCATCCAGCG,FBF1,1568,975,742
FBF1_AAGTGACTTCTTGGTGGGAA,FBF1,516,282,261
FBF1_TTTCTAGGACCTGGACGGCA,FBF1,279,269,307
FBF1_CTTCAGCACCATGGCAGGCC,FBF1,1916,307,239
FBL_CAAAGTGTCCTCCATTACGC,FBL,1623,0,0
FBL_TAATGAGGTCACGGCCAGAG,FBL,747,1,5
FBL_CCAGATCCACATCAAACCGG,FBL,2942,0,200
FBL_CCTCGACAAATGAAGACACC,FBL,332,18,0
FBL_GGCTTTAGAGGTCGTGGACG,FBL,1415,624,719
FBL_CCAGGGCTCGCCATGAAGCC,FBL,1323,16,8
FBLIM1_AGTGCTTCTGCCTTCTGAAG,FBLIM1,691,146,71
FBLIM1_GACTTCTACAGGTACGAGAA,FBLIM1,659,248,191
FBLIM1_TACGAGAAGGGTTTGTGCAC,FBLIM1,122,105,165
FBLIM1_GCACTCCGCTTCACATGGCA,FBLIM1,1501,134,140
FBLIM1_CCGCAGCACTCCGCTTCACA,FBLIM1,1955,701,233
FBLN1_CTGTGCGGACGGACACCGGA,FBLN1,456,82,131
FBLN1_GGCGTGGGCAGTATGGAAAG,FBLN1,2757,574,472
FBLN1_CATCAGCCTGGCCAACGAGC,FBLN1,2058,327,322
FBLN1_GGCATGCTGTGTCAAGAGCC,FBLN1,211,156,105
FBLN1_TATCTGAATGACCGCTGCCG,FBLN1,831,219,282
FBLN1_CCGAGACACGGGTGACGAGG,FBLN1,2224,377,456
FBLN2_ACTTCCCTTAGCCTGGAGAG,FBLN2,1024,232,261
FBLN2_TGAGAAGTTCCCGTGGCAAC,FBLN2,1780,572,614
FBLN2_ATCGAGACTTGCTGCGCAGC,FBLN2,353,159,62
FBLN2_TAGGATTGGACTCACACGAC,FBLN2,756,195,141
FBLN2_GCTATATCCTCAATGCGCAC,FBLN2,560,82,96
FBLN2_CGAGCACTGTGTGAACACAC,FBLN2,1719,704,442
FBLN5_GAGGATGGAAGGTCTTGCCA,FBLN5,246,63,93
FBLN5_GAGAGCTGTTACCTAAGCAC,FBLN5,379,186,33
FBLN5_AAAGCGGCATATAAGAGGCC,FBLN5,337,17,59
FBLN5_CTGCAGGCACAGTGCACGAA,FBLN5,3114,775,476
FBLN5_ATTTCAGGGCTGACACACAG,FBLN5,633,397,424
FBLN5_ATCTTACCTGTGCATTCCCA,FBLN5,171,2,105
FBLN7_CGGGATTCCGACTGGCAAGA,FBLN7,1185,949,927
FBLN7_CAGGAGACACGCTTCGCCGA,FBLN7,1115,280,307
FBLN7_AAACTTTCTGCCGTCTGCGG,FBLN7,1092,132,246
FBLN7_AGCCAGAGTTCGGTATCCAC,FBLN7,248,0,128
FBLN7_GACACACTGGAAGCTTCCAC,FBLN7,313,0,7
FBLN7_ATCGTGGGTGGGAACAGCCG,FBLN7,2226,365,231
FBN1_TCCACTGGTGGTCGAGGGAC,FBN1,1199,87,303
FBN1_TGTGCCAGGGACAACTCAGC,FBN1,247,256,248
FBN1_GATCACTGTCTATGCCAGAA,FBN1,316,231,262
FBN1_CCCACAGGAATGCCGGCAAA,FBN1,1992,921,1166
FBN1_ACAATACACTGATTTCCGCC,FBN1,492,128,103
FBN1_GCGTCTGCTGGAGATCGCCC,FBN1,392,143,68
FBN2_CACTCTGTTTGTGACCAGCA,FBN2,1261,759,1118
FBN2_ACCCATAAACACAAGCACAG,FBN2,1081,514,733
FBN2_CTGGCAGTGGTCATCTGCAC,FBN2,1,0,11
FBN2_GGTTGATGATATTTGCCCAC,FBN2,63,86,159
FBN2_AGCACTCACGGACAATGCAC,FBN2,2005,337,661
FBN2_GACCGAACCTGTTGCGGCGG,FBN2,704,142,110
FBN3_CGGCGCTGCTGTCACTGAGC,FBN3,1352,480,391
FBN3_GACGGGCCTCGTGTGCACCA,FBN3,1044,212,428
FBN3_TCCCATGAAGCCATACACAC,FBN3,1836,643,540
FBN3_GGCGTCCTGTCTGTGTCAGA,FBN3,8,145,364
FBN3_AGCCAGCGTCCCATCCGCAC,FBN3,637,494,767
FBN3_AGCACTCACGTACGACACAC,FBN3,1822,273,183
FBP1_CATCGCACTCTGGTCTACGG,FBP1,3034,429,321
FBP1_TGGATGTACTCAGTGACGGC,FBP1,648,471,381
FBP1_GAGAAGGATGCTCTGCAACC,FBP1,400,36,103
FBP1_AAATGGTTCCAACGGACACA,FBP1,1053,114,48
FBP1_GGACGTCCTCTCCAACGACC,FBP1,412,42,264
FBP1_GACCCGCTTCGTCATGGAGG,FBP1,399,40,22
FBP2_GATTGCATTCATACAGGAGC,FBP2,81,201,181
FBP2_GGAAGATTCCTCCATAGACC,FBP2,173,142,395
FBP2_GGCCGCAATATTGTGGCCGC,FBP2,501,30,433
FBP2_CCTTATTCTCTTCTGAGACC,FBP2,1421,373,244
FBP2_GACTCACAGGTGGGCCAGAC,FBP2,1532,578,930
FBP2_GACCCGCTACGTTATGGAAA,FBP2,1625,433,800
FBRS_GCTTCGTCTGGAGAGCGGCC,FBRS,364,0,9
FBRS_GACAGCTCTGATCGAGAGCC,FBRS,36,229,77
FBRS_CGGAAAGTGATCTGGACGAG,FBRS,1924,273,227
FBRS_CGAGGTCATCATCGGAGACC,FBRS,1924,211,123
FBRS_GGAGAAGTGCGGAGGCCGAA,FBRS,573,140,153
FBRS_AGAGCAGGACCTGATCGGCC,FBRS,616,42,214
FBRSL1_CGAGTCCAGCTCGCAGGAGG,FBRSL1,86,135,76
FBRSL1_TGAAGGTCACCGTGTCCAAA,FBRSL1,1867,895,780
FBRSL1_GCTTGAGAAGTCGGAGGCCA,FBRSL1,270,11,232
FBRSL1_CCACCTGTCTACCTCACACC,FBRSL1,1494,365,378
FBRSL1_TTCTGGTGCAGAGCGCCGAG,FBRSL1,1033,185,316
FBXL12_TCTTGCGCACATCTCGGAGG,FBXL12,1349,111,525
FBXL12_CCTACCGTGTGACCGAGACA,FBXL12,1577,429,263
FBXL12_CCAGCACGATGCATTCAAGC,FBXL12,3249,939,532
FBXL12_GATGATGCCGAGATAGGCCC,FBXL12,1,13,1
FBXL12_CTCTACACGGTACGCGCAGC,FBXL12,93,42,5
FBXL12_TGGAGATGCGATGTGGCCCG,FBXL12,698,141,192
FBXL13_CATTTCTGAGGGCTGCCCGG,FBXL13,311,61,0
FBXL13_ACTCTTGCAAGTTCCTACAG,FBXL13,775,551,454
FBXL13_GGCATTGCGTAGCGAGGCCA,FBXL13,128,40,0
FBXL14_AGTCTGGCTTACATAGCCCA,FBXL14,393,104,125
FBXL14_GGATGTTTCGTTCTGTGACA,FBXL14,741,210,161
FBXL14_TGCAGCAACATCACCAACAC,FBXL14,4266,1089,1512
FBXL14_TGCTACAACCTCACCGACAA,FBXL14,3375,1130,1268
FBXL14_TACCACAAGTCGGTGTGGCG,FBXL14,383,284,291
FBXL15_CACGCGCAATAGACAGCCGA,FBXL15,1243,226,165
FBXL15_TGCTCCCACACGTCCTGAAC,FBXL15,1836,190,284
FBXL15_GCTCCCACACGTCCTGAACC,FBXL15,1304,162,276
FBXL15_CACTGGCGCCGTGTCACGAA,FBXL15,582,369,438
FBXL15_CGCACTGTGACTGGGTGGAC,FBXL15,3595,675,574
FBXL15_CACCCGCAGCGAACGCAGCA,FBXL15,3075,508,619
FBXL16_TACTCAATGACGAGGCAGCG,FBXL16,974,728,430
FBXL16_GCTGAAGCACCTCCTGGCCC,FBXL16,432,31,81
FBXL16_CAAGGTCACCGACGACGGCG,FBXL16,664,97,699
FBXL16_CGTGAGTGACTGCATCAACG,FBXL16,5808,1851,1783
FBXL16_GGCCTGCCCAGAACTTGGGC,FBXL16,271,77,58
FBXL16_TGCCAGGAAGATGTCGAGCC,FBXL16,1780,337,140
FBXL17_GCTGCTCTGTGCAATCAGGG,FBXL17,184,62,95
FBXL17_GATATGACGTAGGTCCAAGC,FBXL17,414,9,79
FBXL17_AGGAGTCATTCACCTAACCA,FBXL17,1173,46,277
FBXL17_GAAAGTGCATGTAGGCAACC,FBXL17,1035,75,221
FBXL17_GGATCTTAGTAGTCGTCAGC,FBXL17,247,15,0
FBXL17_GCAGCATGAATGTGGCGACG,FBXL17,1362,181,214
FBXL18_GAAGATGACGACGTTTAACG,FBXL18,847,615,635
FBXL18_TTGTCCTTGCGGTCGGCCGC,FBXL18,722,112,300
FBXL18_GGCTCAGCGCCTGGAAGAAC,FBXL18,478,379,281
FBXL18_GAGCAGCAGCTTCTCTAGGC,FBXL18,329,44,28
FBXL18_TGAGGCTCTTGTCAAGGCAC,FBXL18,460,352,163
FBXL18_GGACAGTACCTCTCCGGAGC,FBXL18,1083,544,299
FBXL19_ACTCAGTTCGCACACAGGCC,FBXL19,774,71,208
FBXL19_CCATCACCTTCAGGCAGCCG,FBXL19,1831,672,847
FBXL19_TGCCCTCGCTGCACCCAGGA,FBXL19,1807,771,864
FBXL19_TAGGGCCGACAACGGCGAGG,FBXL19,360,13,28
FBXL19_CTCCGAGGATCGGACCCAGG,FBXL19,475,169,133
FBXL19_ATGCAGATACACAGCTCCCG,FBXL19,2093,115,226
FBXL2_CGCGGGTCCCAGACTCACCA,FBXL2,2537,664,526
FBXL2_GCCCTGGTATATAAGGCAGC,FBXL2,1039,44,117
FBXL2_AATATCTCGAAGCGATGCGG,FBXL2,313,201,228
FBXL2_TTGGTGTGATCAGATCACGA,FBXL2,988,288,242
FBXL2_AGGCACGCTACTTACTGAGC,FBXL2,433,246,165
FBXL20_TGACTGCCAGCAAATCACAC,FBXL20,2046,227,437
FBXL20_GGGCTTTACCACTCTAGCCA,FBXL20,1196,163,384
FBXL20_CTGACCTAGAGCATTCAGGA,FBXL20,1357,667,715
FBXL20_AGGTGCACACTGCCCTGAAC,FBXL20,1662,124,110
FBXL20_TGTGACCAAGTAACCAAGGA,FBXL20,1940,505,487
FBXL20_TGAACGGAGTGACCAAGAGC,FBXL20,716,189,101
FBXL21_CACACACGGTTCTTCTAGAC,FBXL21,1685,1065,1407
FBXL21_CTGTGATATACTCTCTCAGC,FBXL21,292,108,12
FBXL21_GGCTGTTGAAATCAAGCCCA,FBXL21,200,76,154
FBXL21_TTGTCAAGGCCTTAGAGAAC,FBXL21,1286,181,226
FBXL21_TGGTCGTTCAGTCAGCAAAG,FBXL21,1481,1026,594
FBXL22_GCACATAACCCAGCTCAACC,FBXL22,1442,297,568
FBXL22_GCAGGCACTCCCGGTTGAGC,FBXL22,264,145,330
FBXL22_AGGTGTGCAGCATTGAGGAC,FBXL22,951,349,586
FBXL22_TTAAATGACACAGTGGCACC,FBXL22,657,193,321
FBXL3_GGGAATGACATGCCCTAGAC,FBXL3,286,235,174
FBXL3_TAGGGCATGTCATTCCCACA,FBXL3,245,125,100
FBXL3_TGTCCTCATGTCTCTCCAGC,FBXL3,828,41,50
FBXL3_GCCACTAGTACTTTGAGAGA,FBXL3,627,138,111
FBXL3_AGTTTGCCGCAACTGGAACC,FBXL3,667,168,281
FBXL3_CGGAATAGGATGAAACGAGG,FBXL3,974,336,336
FBXL4_TTGTACCAGGTTACAGCAGC,FBXL4,867,184,191
FBXL4_ATGTGGTTGAAAGCTTGAGG,FBXL4,214,107,187
FBXL4_CTCGCTGCACTCTTGTCCAG,FBXL4,2315,328,576
FBXL4_TTGGTCAGAGAGACCTACGA,FBXL4,679,175,123
FBXL4_GACTACCTCTGCATTGAGAG,FBXL4,291,174,273
FBXL4_TATGCCTTCGGCGCCGAGCC,FBXL4,435,112,138
FBXL5_TCAAGGGTCATTCGCCAGAG,FBXL5,1089,880,1302
FBXL5_CCTCATGCTGATACCGCCAG,FBXL5,964,280,49
FBXL5_TGAGTGACCACAATACGCAA,FBXL5,496,209,284
FBXL5_TGACCACAATACGCAAAGGC,FBXL5,362,472,291
FBXL5_TACCTCTGGCCCAATGAACA,FBXL5,737,508,237
FBXL5_GAAGTGTCAGAACACTCCAC,FBXL5,282,34,151
FBXL6_GCCTCGACAGGCAGCTGAAG,FBXL6,1281,93,25
FBXL6_AACTTACCAGCAGTGCGCCC,FBXL6,826,6,29
FBXL6_AGCAGTCACACCGTGGCAGC,FBXL6,516,0,0
FBXL6_GGAGCTCTCACCTTCAACAC,FBXL6,1317,152,249
FBXL6_GGTCACGGTGTGCCAGAGCG,FBXL6,182,371,300
FBXL6_ACCACCAGTCCTCGGCCGAG,FBXL6,446,166,382
FBXL7_CGGGCATGACGGCTACAGGA,FBXL7,1286,999,951
FBXL7_AAGAATGTGGCTACCAGCGA,FBXL7,1187,549,373
FBXL7_AGAAGATCTGCACCATGGAG,FBXL7,1258,314,377
FBXL7_GCAGGCGGCTCACAGACCGA,FBXL7,688,53,49
FBXL7_CGTCATGTCCAGGTAGCGGA,FBXL7,979,280,199
FBXL7_CTGTCCCTTCAGAAGAAAGC,FBXL7,983,235,353
FBXL8_CACGGTCTCTCAGGGACAGG,FBXL8,587,254,108
FBXL8_CTTCACACTGGACGACGCGC,FBXL8,1214,109,390
FBXL8_GCACGCCATCCTCGAAGCAC,FBXL8,1159,223,180
FBXL8_AGAAACAATGCACCTCGCGC,FBXL8,1506,362,366
FBXL8_GCTTGAGGGTATAGGTGCGC,FBXL8,247,118,148
FBXO10_GGAGGTGTGGACATCCGCCG,FBXO10,194,25,121
FBXO10_TCACTGCTATGCCGGCAGCA,FBXO10,1775,502,572
FBXO10_GGACGACAATGCCAGAGCGA,FBXO10,973,236,116
FBXO10_TTTCTTCGCTTGGAGGGCGG,FBXO10,403,58,60
FBXO10_AAGTACCCGGGCCATGGACC,FBXO10,346,78,49
FBXO10_ATCATGCGCCACAGCTCCAA,FBXO10,1041,237,168
FBXO11_CCGGATACACAGTGGCAAGC,FBXO11,1153,715,777
FBXO11_CTCCAGTACTGAGAAGAAAC,FBXO11,1958,356,367
FBXO11_AGCCTATGCTAACCCTACAG,FBXO11,1565,671,469
FBXO11_TCCTGAAGATACTGTTCAGC,FBXO11,160,375,245
FBXO11_CGGAACAACGTCGGCGAGCG,FBXO11,2354,418,417
FBXO11_TCTCCGGTTGGCGGCTCGGA,FBXO11,956,14,120
FBXO15_CTAATGTGCTCCTCTCCACA,FBXO15,1841,125,344
FBXO15_CGGATCTTCTGCCTGCACCC,FBXO15,552,370,531
FBXO15_AAACCTGTCAACCCTTACAC,FBXO15,1677,226,391
FBXO15_CTGAGGTGCCATGCCGGAGG,FBXO15,1263,255,521
FBXO15_GAAAGCAGATGAGCAAGACC,FBXO15,1437,295,126
FBXO15_CTCCTTGTCTCTATGGCGAC,FBXO15,1272,230,466
FBXO16_AAGTTCCAGCTCATCTCGCC,FBXO16,946,184,149
FBXO16_TGCTTATCAGAAGATCGCCA,FBXO16,1317,87,201
FBXO16_CTCTCCAACTCCCTTTGAGC,FBXO16,593,365,584
FBXO16_GAGCCTTTGTCGTTGTGCAC,FBXO16,37,162,377
FBXO16_ACAGCGAGCAGCGCTCCAAC,FBXO16,1142,231,391
FBXO16_TGTTTACCCATTTGCCAAGC,FBXO16,330,442,498
FBXO17_TGCCAAAGTTGGTGAAGACG,FBXO17,2592,499,734
FBXO17_CTCTCAGTCCACTGAAGGAC,FBXO17,687,385,228
FBXO17_TCTTGGAGCACCATCTGGGA,FBXO17,307,66,237
FBXO17_TTGGGCCACTCACTCGAAAG,FBXO17,2530,1067,836
FBXO17_CTCGAAAGAGGTCACGAAGC,FBXO17,2263,1889,645
FBXO17_CCCGTCCACTATGTCGCGCC,FBXO17,793,580,774
FBXO18_GATAATGGGCTACATTGCGC,FBXO18,193,91,82
FBXO18_TCCATCTTTGACCGAAGGGC,FBXO18,737,115,116
FBXO18_GCCATGCACAAGGCCTAGGG,FBXO18,353,286,346
FBXO18_CGACCTCTACGCTGCTGCCG,FBXO18,1472,133,488
FBXO18_GGTCTCGGTGACATCTGGCA,FBXO18,177,140,292
FBXO18_CACTGGGAAGACCTCAACGC,FBXO18,1726,730,619
FBXO2_CGCTTCGTCCGCTTCGAGCA,FBXO2,1589,850,954
FBXO2_GGCTGAGTTCAGCAGCGGGC,FBXO2,130,27,95
FBXO2_GCTGCTGGACACGACTCAGC,FBXO2,2197,196,300
FBXO2_CTACAGAGGACTTGGAAGGC,FBXO2,1407,404,469
FBXO2_AAGCCCGGAGGAGCAGCCAG,FBXO2,166,12,0
FBXO2_TCCGCAGCGATGGACGGAGA,FBXO2,361,194,145
FBXO21_AGGTGGTGCCAAGGCGCAGA,FBXO21,317,297,95
FBXO21_ACGACCAACTGAAGTTCAAG,FBXO21,816,210,297
FBXO21_CCCAGCTTGGCCTTCAAGGC,FBXO21,1174,840,597
FBXO21_TTAAGATCTTCTGTTGCCGC,FBXO21,207,78,59
FBXO21_TTGTAGCCTCGTTCTCAAAG,FBXO21,705,694,541
FBXO21_AGTCGACAGCGCGATGGAGG,FBXO21,739,247,185
FBXO22_CACCTTCGTGTTGAGTAACC,FBXO22,1578,574,500
FBXO22_CAACGCCTTGGCGGGCAGGA,FBXO22,197,391,356
FBXO22_AGATCCAGGTTACGCTCCGA,FBXO22,776,129,99
FBXO22_GAGTGTCGTGGCCATAAGAG,FBXO22,929,330,377
FBXO22_CCGAGGCATCAATATCCAGA,FBXO22,450,216,93
FBXO22_TGCCACTGTGCTCCTCAACG,FBXO22,2599,1460,1185
FBXO24_ACCCGCCTCCTCCTTAGCAA,FBXO24,784,462,243
FBXO24_CACCAGGCTGTGTGGACGGG,FBXO24,1218,338,462
FBXO24_CCAAGCTCCGAGCCACAAGA,FBXO24,1856,1130,1236
FBXO24_TACTTCCACGAAGTGTGCGA,FBXO24,718,0,52
FBXO24_CTTCCACTGCATCTGGCCGA,FBXO24,210,135,184
FBXO24_TCTGCAGTCTAGTGGGCAGC,FBXO24,0,254,390
FBXO25_TTGTGGTGGTCATCAAGAAC,FBXO25,1405,352,345
FBXO25_TGTCCCATCCGTCTGAGAAC,FBXO25,2294,275,962
FBXO25_GGACATCATCACCTTAGGCC,FBXO25,261,150,175
FBXO25_TCAGAAACATTACCCAGCGA,FBXO25,1317,1019,517
FBXO25_ATGAAGTGCTGCGGAGACAC,FBXO25,1549,415,114
FBXO27_GGTGTTCGAAAGACACAAAG,FBXO27,157,100,68
FBXO27_ATTGTTGTTCCACTGCGGGA,FBXO27,528,9,15
FBXO27_GGTCTTGGACCTAGAGGAGG,FBXO27,125,77,34
FBXO27_CACGAAGCACGTCTGAGAAG,FBXO27,589,252,207
FBXO27_GCGAATAAGGTTGCGTCCGA,FBXO27,378,336,341
FBXO27_TGGCGTTACGGGCGGGAGAC,FBXO27,1632,457,746
FBXO28_GGTAGAGCCGGAGGCCAAAG,FBXO28,103,42,45
FBXO28_AGGCTGTCGCTGGGTAGAGC,FBXO28,1933,638,613
FBXO28_CGAAATTAGCCAGCTCCGCC,FBXO28,1058,20,76
FBXO28_AGGGATTTCTGAAAGTGGAG,FBXO28,432,46,111
FBXO28_ATTGTTGTTAGGGCTGCAGA,FBXO28,285,109,230
FBXO28_GGTTACCAAACTCCAGCAGC,FBXO28,517,365,420
FBXO3_TGAGCAGCGGCGTCTGCGAA,FBXO3,934,137,351
FBXO3_AACAAATGCTAAGGGTGACG,FBXO3,359,237,111
FBXO3_GACGTCGATACAGCTGCCGG,FBXO3,263,1,15
FBXO3_CTTTATAGAGGGTGCTCGAG,FBXO3,647,308,302
FBXO3_TTGCAATGTCTTCTCCACAG,FBXO3,1871,407,541
FBXO3_TCGACTGACATAACAACAGC,FBXO3,718,776,563
FBXO30_CAATGTTGTCGAGAAACGGG,FBXO30,884,159,86
FBXO30_TGTCTAGGAGATTCTCCAGG,FBXO30,1377,107,243
FBXO30_AGCAACTTTATTTCGGGCCA,FBXO30,245,448,331
FBXO30_TCAGTAGACGGTGCATGACC,FBXO30,437,40,56
FBXO30_TGGACTGGCCATTATGGAGG,FBXO30,543,138,195
FBXO31_GCATCACAATCTCCAGGCCG,FBXO31,1209,76,257
FBXO31_TTTGGAAGGAGTTTCGGACG,FBXO31,856,388,276
FBXO31_GACCACCACAGGATGTCCGG,FBXO31,454,0,0
FBXO31_AGTGCATGTACGGCCACAAA,FBXO31,1516,981,540
FBXO31_CCAGATATCGGGCCATACGG,FBXO31,2026,771,783
FBXO31_CGTGCAGACCTGGGCCAAGC,FBXO31,1358,303,455
FBXO32_GGTTATTGGCAGTGCACGGA,FBXO32,669,200,170
FBXO32_TCTGTCAGACAAAGGGCAGC,FBXO32,319,197,317
FBXO32_GCCAGTACCACTTCTCCGAG,FBXO32,1582,220,136
FBXO32_TAACATGTGGGTGTATCGGA,FBXO32,348,35,85
FBXO32_GCGCCATGGATATTGCACCC,FBXO32,1409,200,275
FBXO32_TGCCATTCCTCGGGCAGGAC,FBXO32,1732,479,664
FBXO33_CCAAGGTTGACCCAGGCCCA,FBXO33,2107,146,158
FBXO33_AACCCAGTATACCACTAGAG,FBXO33,1430,464,496
FBXO33_ACAGTCGTTGCAAAGGCACA,FBXO33,1822,132,111
FBXO33_TAATGCTGTTGCCAACACCA,FBXO33,121,106,445
FBXO33_GCCGAGAACTATCTGAGCGG,FBXO33,780,95,215
FBXO33_CGCATGAGGAATTCCAGCCG,FBXO33,4389,532,504
FBXO34_AGATGATGCTTTACCGAGAG,FBXO34,1640,406,473
FBXO34_CCCTGGTGGATCGTTGCAGA,FBXO34,914,208,286
FBXO34_ATCCACCAGGGCGAAGAAGA,FBXO34,865,202,384
FBXO34_ATCTGGGCTGTTGTGAAACC,FBXO34,1500,581,587
FBXO34_TTGTTCTCCTAAGGAGGACC,FBXO34,203,175,83
FBXO34_TTCACGGCAGTTTGCGAACC,FBXO34,1435,506,713
FBXO36_ACGGCGGTGGCGTCCCAAGA,FBXO36,1678,808,614
FBXO36_TAATAGTCTTTGCTAGGCGG,FBXO36,375,56,58
FBXO36_ATTACCAGTTACTGGTCACC,FBXO36,177,19,21
FBXO36_GGCTCGCACTTGCCTGAGAC,FBXO36,1357,330,585
FBXO38_TAGATCTCTGTGCAGGGCGG,FBXO38,719,112,212
FBXO38_GATGTTTCGTGAACCACCCA,FBXO38,590,138,65
FBXO38_TTTCGGCAAGATCTGCAGCC,FBXO38,643,285,571
FBXO38_CATCGTCCAAGAAGATGGAG,FBXO38,534,130,284
FBXO38_TACTACACGCTGAAGACCAC,FBXO38,391,237,262
FBXO38_TTTGTAAGGACGGTGAACAG,FBXO38,738,399,423
FBXO39_AACTTCAGATGCATGTACCC,FBXO39,656,247,64
FBXO39_TGCTCTTACTCAGACAAGAC,FBXO39,1361,993,604
FBXO39_ATACCTGGAGCTGGACCGCC,FBXO39,562,122,55
FBXO39_TGATCGGGATCTCCTGCAAG,FBXO39,909,199,279
FBXO39_CAACCATGAGTCACTCGACG,FBXO39,2209,613,575
FBXO39_CTCTTACCTTGAATACACGC,FBXO39,1658,443,594
FBXO4_GCGTACGACCTCACGGGAGG,FBXO4,854,115,116
FBXO4_AGCTCCATACATAGGACGGC,FBXO4,505,229,436
FBXO4_GAGGAACTTTGCCCAACAGC,FBXO4,105,63,10
FBXO4_CTTCCCGAAGACCCAAAGGC,FBXO4,1233,382,414
FBXO4_TGGTCTTCCCGAAGACCCAA,FBXO4,320,31,28
FBXO4_TTCCGAGGTCCAGGATACAG,FBXO4,542,562,493
FBXO40_ATGCCTGTGGTGCCCTGGCG,FBXO40,1065,118,306
FBXO40_TGATGAGATCTGATTTGGGC,FBXO40,851,641,407
FBXO40_GGACATTCTTGAAGTGCAGG,FBXO40,493,13,36
FBXO40_ATGTACATCCCAAGTAGGCG,FBXO40,1311,619,399
FBXO40_CTCTCTCGGGCCTGCTCACG,FBXO40,414,422,545
FBXO41_CACCCATCGCAGGCCTCACC,FBXO41,501,92,91
FBXO41_CCGCCGACACAGCACTGAGG,FBXO41,1972,140,129
FBXO41_ACATATGCAGTGTCACGGCA,FBXO41,1043,156,301
FBXO41_TCCTGAAGGAGACGGCGGCG,FBXO41,1616,398,300
FBXO41_GGCCTCACTCAAGCAGGACC,FBXO41,0,105,136
FBXO41_TGGCTTGTCTGATCAGCAGG,FBXO41,958,288,75
FBXO42_CACCATTTGTCTGTTCAGGA,FBXO42,1555,1104,706
FBXO42_TCCCTGCTTACCCGGCAAGC,FBXO42,867,1076,664
FBXO42_GCCACCTCGAGGATGAGGAC,FBXO42,413,231,122
FBXO42_TGTTTAGGTCAAGTCTCCAG,FBXO42,609,194,242
FBXO42_GATACGGTGAGAGAAAGGAC,FBXO42,361,119,360
FBXO42_CATGTCGGAGCTGCCAGAAG,FBXO42,675,616,1092
FBXO43_CAGCTGAGTAGTGATGAGAG,FBXO43,1482,284,517
FBXO43_ACTGCGAGCTTTGTTCCCGA,FBXO43,930,112,153
FBXO43_CTGCGAGCTTTGTTCCCGAA,FBXO43,1743,902,736
FBXO43_CGAGCTTTGTTCCCGAAGGG,FBXO43,1405,251,423
FBXO43_AGATTCCCTGTCTGACCAGG,FBXO43,568,9,25
FBXO44_TGGAGGCGATGAGTGGAAGG,FBXO44,1218,766,525
FBXO44_AGGATCTCTCTCGAGACCAG,FBXO44,188,72,20
FBXO44_GCTGATGGATACCACACGGC,FBXO44,1142,250,87
FBXO44_CTTGGACCCGCAATCTGGCC,FBXO44,177,293,202
FBXO44_AGCAGAAGAGCGATGCCAAG,FBXO44,931,152,359
FBXO44_TACATCTGGTTTCAGCACGG,FBXO44,2813,614,497
FBXO45_CACCAACTCCAGCACCCGGC,FBXO45,1575,82,96
FBXO45_GCACGGCGATGAGAACAGCG,FBXO45,2115,667,852
FBXO45_ACCATCAGTGCTCTGAGCAA,FBXO45,724,83,47
FBXO45_AGCCACTGTCATCCGTCCAA,FBXO45,886,19,225
FBXO46_CGTGCCGGTACAAGCGGCAC,FBXO46,50,21,53
FBXO46_CCGGTACAAGCGGCACAGGG,FBXO46,895,282,308
FBXO46_CTTTCTCCAGAACCGCGGGC,FBXO46,428,92,86
FBXO46_CTTCCGCATCTCCAACGGCC,FBXO46,368,191,212
FBXO46_CGAGCAAGGTGGACCGGCCA,FBXO46,1947,916,616
FBXO46_GACACAAAGACTACAGGCGC,FBXO46,286,79,105
FBXO47_CAAAGTCTTTAGCACTCCAG,FBXO47,1042,479,205
FBXO47_TTCTCTAGAAGCCACTCACG,FBXO47,940,183,352
FBXO47_ATGACGCTAGCACTAAAGAG,FBXO47,1043,249,441
FBXO47_GATGTGTCCAATGATCAAGG,FBXO47,361,288,206
FBXO47_TCTCTGCCGCAAGATACAAA,FBXO47,779,306,384
FBXO47_TGGGTTGAAAGCCTGAGCCA,FBXO47,621,370,88
FBXO5_GATTTCTGAACAGAAGCCAG,FBXO5,23,0,0
FBXO5_CTCAGCGAACTCTTTCGAAG,FBXO5,3255,181,259
FBXO5_TCTCAGCGAACTCTTTCGAA,FBXO5,428,184,358
FBXO5_AAGCAAGCGCTTGCATAACA,FBXO5,1275,325,53
FBXO5_CCACGTCGGCTGGCATGAGC,FBXO5,1627,334,347
FBXO6_CTGGTGGACCTTGTAGCCGA,FBXO6,627,168,51
FBXO6_GCTACTAGACACATTCCGGC,FBXO6,104,137,302
FBXO6_CCTTAACCACGATGTCCGGC,FBXO6,606,51,30
FBXO6_CTACCAACTCAAAGTGCAGC,FBXO6,496,242,316
FBXO6_CAACACGAAGTAGTCAGCCG,FBXO6,1044,613,639
FBXO6_AGAGGATGTAGCGGACACCC,FBXO6,264,432,181
FBXO7_TGCGGCTTCTGAAGCGGACC,FBXO7,195,381,251
FBXO7_CGTCATTCCAAACACCAGAC,FBXO7,1764,328,364
FBXO7_TCTGTAGTGAATCGGTGGAA,FBXO7,918,469,320
FBXO7_CAACTTCCACTTCTCCGGCA,FBXO7,2089,539,542
FBXO7_ACACCAGCTGGTCTTTAAAG,FBXO7,3169,166,431
FBXO7_GATAATTCCTGGAGGAAGGC,FBXO7,221,186,115
FBXO8_TATCCTGGATGATTCGCCAA,FBXO8,321,195,281
FBXO8_CATCGTAAACAAGTCCAAGG,FBXO8,173,265,324
FBXO8_AACCAGCAGCTGCAACAAGA,FBXO8,1488,777,792
FBXO9_GCCTGCAGATCTGTTTCAGC,FBXO9,712,135,267
FBXO9_CGACCTTGCAGAGCAGCAAG,FBXO9,1237,129,77
FBXO9_ACTTATACCCGGTCTCCAGA,FBXO9,341,128,48
FBXO9_TCCTGATGTACATCTTCCGA,FBXO9,924,21,38
FBXO9_TTACCATCAAACCGAACACG,FBXO9,1700,268,256
FBXO9_CTATAGAGCCTGGCACCAAG,FBXO9,2237,441,404
FBXW10_CTGTTGTTTCGGTTCCAGGA,FBXW10,1226,389,354
FBXW10_GCCACTTTATGTGCTCAAAC,FBXW10,810,689,1070
FBXW10_CATAAAGTGGCAGTATGCCG,FBXW10,277,366,230
FBXW11_CTACATTGACGGCAGCCCGG,FBXW11,1088,261,435
FBXW11_CCCGGTGGCCAACCAGGACA,FBXW11,2420,755,634
FBXW11_CTTGATCTGATTCAGACCAC,FBXW11,683,71,124
FBXW11_CACCTGGAGACATCTGACAC,FBXW11,448,380,297
FBXW12_TCACCAGATTCAAGATCCCA,FBXW12,950,195,106
FBXW12_TGGGTTCAGGCCGCATGAAA,FBXW12,956,743,703
FBXW12_GGTCACTATCTCTGCAGAGA,FBXW12,117,44,83
FBXW12_TGGCGAGATGCATCTGAGGG,FBXW12,1150,72,584
FBXW12_ATACAGTCGTACCTTGCCAC,FBXW12,1,37,16
FBXW12_GAGTAACAAGTATGGTCCAC,FBXW12,486,495,55
FBXW2_CGTGCTCCTTCCACAACACC,FBXW2,1052,323,263
FBXW2_GGTAGCGGTTGTCAAACAGC,FBXW2,5,19,0
FBXW2_CATAACTGGCAAAGTCCCAC,FBXW2,750,97,255
FBXW2_CGTGGACTACAATGATGAAC,FBXW2,2230,323,514
FBXW2_GCTGCCTCGTCTCTAAACAG,FBXW2,245,62,54
FBXW2_CCTAGAGACTCTCCTCAAGC,FBXW2,860,349,395
FBXW4_TCGACGTCAGCGGGAAGGCC,FBXW4,551,332,201
FBXW4_CAGGACACTTACGTGCAGGC,FBXW4,621,393,115
FBXW4_CCAGCACACTCACCGGACGC,FBXW4,2567,593,234
FBXW4_ATCATTTCAGTCAGATGCCC,FBXW4,55,15,56
FBXW4_TCGTTCCTTCACTGGGACAC,FBXW4,1696,212,237
FBXW5_TGGGCCTGTCGCCCGACAAC,FBXW5,625,298,331
FBXW5_CCTCCTCGTTGTCGCTGCCC,FBXW5,216,18,22
FBXW5_ATAGGGCTTGTTCCGCACGC,FBXW5,656,211,148
FBXW5_CGGACATGCGGCCCTACAAC,FBXW5,2041,844,641
FBXW5_GCACCGTGTCATACAGCCGC,FBXW5,1151,1,83
FBXW5_CAGGAACTCGTCCCGCGACA,FBXW5,964,294,126
FBXW7_ATTGATACTAACTGGAGGCG,FBXW7,245,179,288
FBXW7_TGAACATGGTACAAGCCCAG,FBXW7,1721,665,615
FBXW7_AAGAGCGGACCTCAGAACCA,FBXW7,942,164,246
FBXW7_TGTATGTGTGTCCCGAGAAG,FBXW7,1629,475,382
FBXW7_AGCATTAGCATCATTGCCCA,FBXW7,594,112,92
FBXW7_CATCTACCTGGCTTGAGGAA,FBXW7,25,145,402
FBXW8_TGGATGAGTTCCGTCGGCGC,FBXW8,742,653,644
FBXW8_CTTCCAAGAGTGCCGAGCCA,FBXW8,1727,647,1301
FBXW8_TGTGATGTGCATTCTCACGA,FBXW8,1146,293,164
FBXW8_GAGTGTGGGACACCCGCACC,FBXW8,407,99,76
FBXW8_CGTCTAGACATGTGACAGGC,FBXW8,2308,367,582
FBXW8_CTGGTGTATAGCCTGGAAGC,FBXW8,931,445,474
FBXW9_CGGCTTCATGGGTGATGGGC,FBXW9,710,39,95
FBXW9_GAGGCACAGCACGGCTGAGC,FBXW9,1,102,0
FBXW9_GGTGTGGTCACTGGCAGCGC,FBXW9,515,126,127
FBXW9_CTAAGGTCTTGATCAGAACC,FBXW9,1460,205,157
FBXW9_GAATACTTCTGCCTGGCCGA,FBXW9,157,27,35
FBXW9_CGCGTAGCCTCCAGGTGACA,FBXW9,2224,593,534
FCAMR_TGGCTCTGGTTCTATTGCAA,FCAMR,2391,1128,570
FCAMR_GGACTCTCTGGAATCGGAGC,FCAMR,55,5,54
FCAMR_CCACACGGTCACGATAGCGA,FCAMR,1119,775,734
FCAMR_TTCATTGAAGGGCTCAAGGC,FCAMR,763,361,385
FCAMR_CATCCGAGATGGCTGTGGGA,FCAMR,156,654,928
FCAMR_TATCAGCTTTGATTGGAGGC,FCAMR,359,167,226
FCAR_TCTGAAACTCACCAAGACAC,FCAR,1172,266,106
FCAR_CAGTGCTCTGTCTGGGCCAG,FCAR,644,338,284
FCAR_GGTAAGCTTCACGAATGGCC,FCAR,5,0,0
FCAR_GGTCAGGTAAGCTTCACGAA,FCAR,570,409,184
FCAR_CCTGAGACATTGAGGTCCAC,FCAR,304,243,200
FCAR_GACACTTGGTGTTCGTGCAA,FCAR,588,54,214
FCER1A_TCCACCAAATGGTTCCACAA,FCER1A,1008,594,538
FCER1A_TGTAGCCAGTACTTCTCACG,FCER1A,1041,316,490
FCER1G_CTTCAGTCGACAGTAGAGGA,FCER1G,1282,221,463
FCER1G_CCTTCAGTCGACAGTAGAGG,FCER1G,2136,130,202
FCER1G_ATTCCAGATCCAAGTGCGAA,FCER1G,514,194,141
FCER2_GCTGTATCCATGCTCAAGAG,FCER2,2144,525,611
FCER2_CCTTCAGGTCCAAGTTCCGA,FCER2,995,238,334
FCER2_CCAAGCAGTGGGTCCACGCC,FCER2,2208,356,591
FCER2_GCTGGAAAGACTCCGGGAGG,FCER2,1,82,169
FCER2_CACGCAGATTTCACAGGAAC,FCER2,1864,697,1447
FCER2_AGCAGGACCGCCATGGAGGA,FCER2,512,114,430
FCF1_CCAGGAGTTTGGCGTGACCA,FCF1,224,356,283
FCF1_TGGACCGTCTTCTCTCACCA,FCF1,1629,245,307
FCGBP_CTGGTGTACGCAGCCACAGG,FCGBP,820,547,526
FCGBP_GGCTGTGGAGCAACTGAACC,FCGBP,1476,882,842
FCGBP_CACACGCAGCCCTCCACGCA,FCGBP,1927,675,626
FCGBP_TGCCACACAGCCCGCACACC,FCGBP,2107,628,896
FCGBP_CGCGGGTCAGCGACACAGAG,FCGBP,1297,956,992
FCGBP_ACACTCTTGACCACATAGGC,FCGBP,1161,240,299
FCGR2B_CTATTCACTTCTCATGCACC,FCGR2B,596,231,135
FCGRT_CCCAGGTCGTCCTCTCAGCA,FCGRT,1853,377,557
FCGRT_GCGAGGACACCGCGGTAAGG,FCGRT,1176,293,327
FCGRT_CATGAATTTCGACCTCAAGC,FCGRT,1165,565,611
FCGRT_TTTGACTGTTAGTGACGACG,FCGRT,837,237,297
FCGRT_GACGATTCCCACCACGAGCA,FCGRT,394,297,256
FCGRT_TCCCTTCGTGGAGACGACAC,FCGRT,507,279,250
FCHO1_CGCCAGCTCCTTGGTGGAGA,FCHO1,1890,1041,1345
FCHO1_GGAGACCTACTCGAAGGCGA,FCHO1,160,173,82
FCHO1_GGACGTTCTCCGCTACGGCG,FCHO1,457,270,358
FCHO1_GCCGCTCCTGGTCCATGCAA,FCHO1,1190,225,142
FCHO1_GAACATCGAGAACGTCAGCG,FCHO1,1417,536,585
FCHO1_TTCGCCTTCCAGGACTAAGC,FCHO1,1461,246,200
FCHO2_TAACAGAGCTACCATAGAGG,FCHO2,1158,94,64
FCHO2_CAATGCCAAGTGTGTAGAAC,FCHO2,2265,646,505
FCHO2_TACTCATTGGGTGGAGCAGA,FCHO2,2,224,97
FCHO2_ACAATGGTGCCTACAGAAAG,FCHO2,1001,361,347
FCHO2_GCCCGGGCTAATGGTGCAGC,FCHO2,886,400,158
FCHO2_TCTGTAAGGGCAACTGCCAC,FCHO2,139,57,10
FCHSD1_AGGCTAAACCGAAGTGACCA,FCHSD1,1189,178,156
FCHSD1_ACGTGTGTGGGCCTTGGCAC,FCHSD1,1212,140,164
FCHSD1_CGATACCGTGACCTAGCAGG,FCHSD1,1642,186,91
FCHSD1_TCACCAGGCACTCCAGAAAC,FCHSD1,2007,644,867
FCHSD1_CAGATCCTACAGCAAGCAGA,FCHSD1,360,179,33
FCHSD1_CCTTCAGACCTGGCAGCAGA,FCHSD1,134,121,170
FCHSD2_CCGACTGTCCAAAGCGGCCA,FCHSD2,882,374,225
FCHSD2_GCAGATACCGAAAGAGAAGA,FCHSD2,601,103,296
FCHSD2_CATTACTGGTCACTGCAGGA,FCHSD2,0,0,9
FCHSD2_ATTCCAAAGCTACCCACGCA,FCHSD2,213,263,165
FCHSD2_TACCTGAAGAGAGATTGGCC,FCHSD2,1024,266,419
FCHSD2_GCCCTTACCTTCCTCGGCGG,FCHSD2,1012,82,315
FCN1_GCTATGCCAATGGTATCAAC,FCN1,598,254,229
FCN1_ATGACAGTCGGCGTACCACC,FCN1,730,91,215
FCN1_TCCTTGCAGTTGCGTGGGCC,FCN1,316,229,531
FCN1_CAGTCTCAGTCGTGTGCGAC,FCN1,963,317,630
FCN1_CCCTGGAAAGGCAGGACCAG,FCN1,2092,280,466
FCN1_TGAGTGGAGCCACCATGGCC,FCN1,627,199,278
FCN2_TGGAGTGCCCTTACCTGGAC,FCN2,1560,983,851
FCN2_TCCTTACCGTTGGGCCCAGG,FCN2,433,92,163
FCN2_AGTCACCTGTCAGGCACGGC,FCN2,1434,282,226
FCN2_ACCCGCACTGCCCTCCACGA,FCN2,787,465,637
FCN2_TGAATGGTCGCTACCTCAGG,FCN2,372,57,82
FCN2_ACTCATGGCAGCTTTGCAAA,FCN2,1531,488,583
FCN3_ATTGACTGGGCCTCAGGCCG,FCN3,461,156,188
FCN3_AGTGGTCTACCTCACCGAGG,FCN3,548,131,208
FCN3_CTCTGTAGGAGGACCAAGAG,FCN3,1955,862,797
FCN3_TTTGTGACATGGACACCGAG,FCN3,1137,313,137
FCN3_ATCTTGCCTGGTGGTCCAGG,FCN3,132,42,159
FCN3_GAGCTCCGGGACAACTGGGC,FCN3,84,167,184
FCRL1_ACTGGCGTACTATAACCAGC,FCRL1,706,10,48
FCRL1_TATATAGGCTGTAGCTGCCC,FCRL1,151,0,0
FCRL1_TTTCAGGAAGACGTTCAGCC,FCRL1,1155,403,362
FCRL1_ACTCTGCTGTCAGTGAACGC,FCRL1,1873,116,225
FCRL1_GGCATCTGAACTCTGTAGAA,FCRL1,196,111,137
FCRL1_AGGAAGTGCAACTCACCGGC,FCRL1,447,91,442
FCRL2_CACTCACCATTGACATACAC,FCRL2,1678,465,319
FCRL2_TACTAGGAAGAGTTCTCACC,FCRL2,785,28,117
FCRL2_AAGCAACACCAGTGAAACCA,FCRL2,1825,254,330
FCRL2_GATCTCCAGCTCTGCTGACA,FCRL2,436,48,111
FCRL2_TCCTTCCAGCCCATCGAAGG,FCRL2,843,105,377
FCRL3_TATCCTGGAAGGCCTGGACG,FCRL3,421,167,156
FCRL3_TTACCGCTGCGGGAATCACG,FCRL3,375,110,296
FCRL3_ATGTGAGGCTGACAATGGCC,FCRL3,900,191,55
FCRL3_CCTTATTTGCTCAGTAGCCC,FCRL3,881,313,267
FCRL3_CCCTCGGATTGGGCTGGAGC,FCRL3,1303,562,469
FCRL3_CATATCACATTCCCTAGCCC,FCRL3,822,100,224
FCRL4_ACAACGACTGAAGCTCCACC,FCRL4,1118,106,69
FCRL4_GCAGAAACTGAGGTCTCACC,FCRL4,45,92,140
FCRL4_GACGCCAGCAGTGAAACAGC,FCRL4,743,269,128
FCRL4_TTCAGCACCATGCTCTGGAC,FCRL4,918,291,339
FCRL4_TGCACATGGATCTGTAGCGA,FCRL4,2980,605,730
FCRL4_CTGTACAGATGCCAGGCCCG,FCRL4,2774,443,433
FCRL5_AGTTAAGGTGGCGTCAACCC,FCRL5,578,424,113
FCRL5_GGGCTGACCGCGAACAGAAG,FCRL5,1214,492,401
FCRL5_TAAGGACGCTCCTCCAGAGG,FCRL5,429,64,75
FCRL5_GGACTGACTTGTGCCTCAGG,FCRL5,213,298,68
FCRL5_TGAAGAAGCGGAACCGGAGC,FCRL5,1288,416,425
FCRL5_GAGTACAGATGCCAGGCCCA,FCRL5,723,190,90
FCRL6_TGGTGCATAGAACCTCAAAG,FCRL6,1384,556,527
FCRL6_CGGAGGTGAATATGAGAAGC,FCRL6,1833,622,335
FCRLA_AAACACAGTCACCATGAAGC,FCRLA,1378,206,612
FCRLA_GGAGAGCAGCTGCCACACGG,FCRLA,508,62,35
FCRLA_CACCATAGGACACAATCAGG,FCRLA,1842,62,275
FCRLA_TGGTTCTGCGCTGCCAGGCC,FCRLA,1547,244,140
FCRLA_GAAGGATAGTGCAAAGCAGG,FCRLA,354,176,110
FCRLA_AAGCCTGGATCCTCAGAAGA,FCRLA,963,245,189
FCRLB_GGGTGTATCGATGCCAGACA,FCRLB,266,217,193
FCRLB_CACCATTGGATACAGAGAGG,FCRLB,683,218,172
FCRLB_GCTCTCCACCGGGATGCGCA,FCRLB,161,269,160
FCRLB_GCCCATGTTCTCCGCTAAGG,FCRLB,758,461,225
FCRLB_CGTAGAGCTGTTCCGGGCGC,FCRLB,1061,349,390
FCRLB_CCTGGAATTAAAGGAGCCAC,FCRLB,174,60,76
FDCSP_TCTTTAGGTCTCTCAAGACC,FDCSP,356,127,63
FDCSP_ATTGGTGGAAGTGGGCGAAA,FDCSP,585,213,350
FDFT1_GCGGAAGGTGATGCCCAAGA,FDFT1,336,270,371
FDFT1_AACAGCTGCGAAACTGCGAC,FDFT1,147,343,325
FDFT1_TTGGGAAGTCCTCCAGCACC,FDFT1,111,300,154
FDFT1_GACTATCTGGAAGACCAGCA,FDFT1,488,325,498
FDFT1_TCTGGTTTCTGAGTCTCGAA,FDFT1,596,355,309
FDFT1_GGGCAGTGAAGATTCGGAAA,FDFT1,1226,428,458
FDPS_GATCTCAACCAGCGGGACAG,FDPS,116,39,100
FDPS_AGATCTCAACCAGCGGGACA,FDPS,1268,250,327
FDPS_CTGGTGCCAAGCGTGGACAG,FDPS,1400,655,727
FDPS_AATCCCTCACCTCCTTGAGC,FDPS,794,25,18
FDPS_TCTGTCATGACAGCCGGGCG,FDPS,490,45,240
FDX1_GGTGACAGGTTGAACAAGCC,FDX1,203,81,19
FDX1L_GATTGTGCTGACACCGGAGC,FDX1L,974,0,0
FDX1L_CGCGAGTTCTCCTGGAGGAG,FDX1L,1623,792,658
FDX1L_ACTCACCTCTCCTCGGGAGG,FDX1L,620,0,34
FDX1L_ACCTCTCCTCGGGAGGAGGC,FDX1L,0,27,93
FDX1L_TTCACCTGGCCCAGCGCCAC,FDX1L,1329,69,18
FDX1L_ACCAGAAAGTTTCAAGCGAC,FDX1L,299,284,148
FDXACB1_AATGCAGTCCCAGTTTAGGA,FDXACB1,455,128,246
FDXACB1_AAGTGCTTCTGGTTCTGGAA,FDXACB1,476,114,318
FDXACB1_GCATTATGTAGAGGACAAGG,FDXACB1,248,420,576
FDXACB1_AAGCTGGCGTAGCTAAGAAC,FDXACB1,876,203,465
FDXACB1_CAGGGTTTCGCTCAGAGCGG,FDXACB1,1542,242,100
FDXACB1_CGCCGCTCTGAGCGAAACCC,FDXACB1,1387,238,554
FDXR_CCCGTTGTACCAGCCCACGA,FDXR,1988,120,178
FDXR_AGAAGGCACAGCGGCCAGAA,FDXR,1125,222,337
FDXR_CGTAGATGTCCACGTGGGCC,FDXR,1861,370,592
FDXR_ATCCTTACCTGTGAAGCAAG,FDXR,193,29,99
FDXR_TGGGCCGTGTAGAAGCCAGC,FDXR,574,409,112
FDXR_CCTGAATATCCAACAGAAGC,FDXR,1234,230,442
FECH_CTTGTCTATCTTCCAGGCCC,FECH,1196,140,180
FECH_AGGCGACCCATATCCTCAGG,FECH,342,57,181
FECH_GACGGAAGCCCACGATGAAG,FECH,988,53,56
FECH_CAGTACCGCAGGATTGGAGG,FECH,698,232,137
FECH_CTCAAGTTCAACCGCAGAAG,FECH,2705,344,373
FECH_GCGTTCACTCGGCGCAAACA,FECH,1579,605,523
FEM1B_AGCGGATGTCGCTTTCAGAC,FEM1B,882,346,217
FEM1B_AGCCCGCAATGGACACGCAA,FEM1B,1163,416,607
FEM1B_TACCTACCCGTCGAAGCGGA,FEM1B,52,63,43
FEM1B_GATGTACCTACCCGTCGAAG,FEM1B,1012,152,88
FEM1B_ATATGCCGCAATCATTAGGC,FEM1B,521,0,428
FEM1B_AAGGCCTTATAGTTCGGGAA,FEM1B,608,196,125
FEM1C_TTGTCCACAGCCAGATGAAG,FEM1C,1394,182,106
FEM1C_ATGTAACAGTAGTACCCAGC,FEM1C,92,30,0
FEM1C_TTGGAAGTGTCAAACCGACA,FEM1C,682,262,185
FEM1C_TCGAAACACGCAGCTCGAAG,FEM1C,1449,415,636
FEM1C_TGCAGAAGCGGCCCATAAAG,FEM1C,1249,266,234
FEN1_TGGCCAAACGCAGTGAGCGG,FEN1,1421,1,21
FEN1_GGCCAAACGCAGTGAGCGGC,FEN1,20,0,0
FEN1_AGGCTGAGTAAGAGCCGCCA,FEN1,1225,20,44
FER_TGAACTCTGGACCTTTACAC,FER,880,469,392
FER_TACCAGTCCTGTTCTGCCAA,FER,586,90,94
FER_CTATTCTGGGAATTGCACCA,FER,751,186,634
FER_ATGTATCGATTCGAGGGCAC,FER,216,166,163
FER1L6_CTAGCCAACAAGGCTGCGAA,FER1L6,2210,569,887
FER1L6_TGACACTGAAGCACTGCAGG,FER1L6,1195,614,290
FER1L6_CCAATCTCAATGGTCACAAC,FER1L6,1510,658,761
FER1L6_GGGACCGTGTACAACCAACC,FER1L6,1123,134,90
FER1L6_ACATCAGGACTGGCACCAAG,FER1L6,1796,465,538
FER1L6_TTCACCCTCCGACACAAGGG,FER1L6,1797,351,119
FERD3L_ATAGACGATGGCCAGGCGGA,FERD3L,224,3,0
FERD3L_AGGCCGCCAACATCCGCGAA,FERD3L,964,821,664
FERD3L_GATCACCTACGCCCAGCGCC,FERD3L,362,69,4
FERD3L_AGGAGTGCGAAGTGGACCAG,FERD3L,781,256,227
FERD3L_GATGGCGCGGTTTGAAGAGG,FERD3L,968,86,70
FERD3L_TCTTCCCTCTCGGAGCGCAA,FERD3L,492,147,198
FERMT1_CCTGGAGGCGCACCAGAACG,FERMT1,1113,397,252
FERMT1_GCCTGCATGTTGGCATCGAA,FERMT1,1496,217,314
FERMT1_TTACTAATCCCTGTTGCCGA,FERMT1,482,180,108
FERMT1_TTCTAAGAGAATGGCCCACC,FERMT1,477,117,120
FERMT1_TCTTCAAATTCGGCAGACGA,FERMT1,256,63,88
FERMT1_CTTCATTGGGATGGTCAACG,FERMT1,2109,729,789
FERMT2_TCATTCATGCCTTCTGCAAC,FERMT2,1168,574,675
FERMT2_CTGAGGTTCATCTGATGAGC,FERMT2,1055,16,189
FERMT2_TGATGCTGCCCTTTCAGACC,FERMT2,1335,57,59
FERMT2_ATACTTGAATCGGAGCAGCA,FERMT2,287,0,0
FERMT2_GGTGACAGTGCTTTGTCAGA,FERMT2,48,0,16
FERMT2_CAGATGGCTGCTACGCGGAC,FERMT2,781,131,63
FERMT3_GCAACCGAAGGATGACGGGC,FERMT3,0,123,105
FERMT3_TCTTCTCAGGAGCCCGGAGC,FERMT3,973,119,65
FERMT3_GCGCTGTCCGAGAAGTGAGC,FERMT3,1077,427,158
FERMT3_CTTCGATTTGGATCCCAAGG,FERMT3,992,273,583
FERMT3_AGCTGTATGAGCAGGCCCGG,FERMT3,5,30,116
FERMT3_TCAACAAGCTGTCCCAGAGC,FERMT3,1436,630,420
FES_CCCTGTCACTCTTGACCCGC,FES,654,398,618
FES_AAGTACCAGGAGGCCAGCAA,FES,1203,279,334
FES_GGCAGACAAGGACCGTGACA,FES,333,223,145
FES_ATACCTGGAGATTAGCAGCC,FES,755,112,135
FES_TGACTCATCGAACGTGACAC,FES,332,118,107
FES_GATGGTTACGCAGCTGCAAC,FES,358,84,31
FETUB_CAACCGAGTGAACGACGCCC,FETUB,949,26,157
FETUB_TATAACTGTACTCTTCGCCC,FETUB,1040,62,11
FETUB_CCTTACCTGGCTAGAAGCCC,FETUB,405,84,131
FETUB_GAAGTGAACAGCTGCTGGCC,FETUB,855,793,638
FETUB_TAGCCTGTTGGTCTTTGCAA,FETUB,628,154,158
FETUB_GGGATTCTTCCACCTTGGGA,FETUB,240,111,86
FEV_CTTCTCCTACTGGCCGGGCC,FEV,233,150,218
FEV_CGGCCAGTAGGAGAAGCCGG,FEV,92,14,56
FEV_CGAGTTCAAGCTCACGGACC,FEV,1609,260,401
FEV_GAGACGGTCTCTTCAAGGAC,FEV,303,63,31
FEV_CTTGAAGAGACCGTCTCCGA,FEV,49,9,7
FEV_CCGGCGGCGATGAGACAGAG,FEV,927,482,311
FEZ1_ATCTCCAACATTCTGCAGAG,FEZ1,786,377,216
FEZ1_AAACTCCAGCTCGTCCCGGC,FEZ1,1446,416,199
FEZ1_CCAGATCCATGAGAAAGAAG,FEZ1,1956,229,329
FEZ1_TCCCTTCACTCTCAGAAGAC,FEZ1,1342,503,625
FEZ1_GGAGGAGACCCTTCAGGACG,FEZ1,807,637,482
FEZ1_GAACCAGTTACAGATCCAAG,FEZ1,668,176,453
FEZ2_TGAAGATCTTCAACAGACGG,FEZ2,1105,251,429
FEZ2_CTCTCCACCTGAATTTCCAA,FEZ2,1754,89,388
FEZ2_CCGCCTTTAGCGCTTCAGCA,FEZ2,1070,1041,779
FEZ2_ATACCTGGTCTGCCGTGAAG,FEZ2,87,38,5
FEZ2_TACCTGGTCTGCCGTGAAGA,FEZ2,1126,256,272
FEZ2_TACAGTTCTCCTGGTCCAGG,FEZ2,465,163,32
FEZF1_GCCTCGATCACTGGTGGCCC,FEZF1,3,111,277
FEZF1_TCAGTGCCTGGTTCGCCAGC,FEZF1,910,208,165
FEZF1_CACTCATACCCGAATACACG,FEZF1,1908,557,804
FEZF1_CGTCACATGCCAGTGCACAC,FEZF1,3471,927,1397
FEZF1_ACTGAGTCTCAAGGGCGACC,FEZF1,309,153,614
FEZF1_GGGCTCGTGTCGTAGGCCAC,FEZF1,292,32,59
FEZF2_GCGCAAACTCCACGACAGCG,FEZF2,2920,1447,1622
FEZF2_CACGCATATCCGCATCCACG,FEZF2,2195,1348,790
FEZF2_CTGCGGCAAAGGCTTTCGCC,FEZF2,587,132,368
FEZF2_CGCCACATGCCGGTCCACAC,FEZF2,2075,1042,1392
FEZF2_CCGCTGAGGAGCTCAGACGG,FEZF2,2323,763,590
FEZF2_CGTGTGCTGCAAGGCCGAGC,FEZF2,377,191,207
FFAR1_AGTGGGCCACCGCGAAGACG,FFAR1,1016,280,258
FFAR1_GAAGTGGGCCACCGCGAAGA,FFAR1,724,275,562
FFAR1_ACCCAGGTGACACAGGACGA,FFAR1,1512,486,276
FFAR1_CCAACCCAAAGACCAGACCC,FFAR1,2500,379,264
FFAR1_AGGAGGCTCCTGGCGGAAGC,FFAR1,608,378,141
FFAR2_AGGCTGCGTCGAACTTCCGC,FFAR2,815,337,542
FFAR2_TCACTCCATACAGAGGCCGG,FFAR2,620,156,138
FFAR2_ATACTTGAACACGACTGAGC,FFAR2,435,158,157
FFAR2_CGGCTATTGACCGCCACCAG,FFAR2,2940,531,733
FFAR2_ACGGCTATTGACCGCCACCA,FFAR2,1211,780,547
FFAR2_CTTTGCCTCTGCGTCCCAAC,FFAR2,379,47,235
FFAR4_CCGACGTCAAGGGCGACCAC,FFAR4,481,115,188
FFAR4_ACTCGGAAGAAGACGCAGAG,FFAR4,1449,454,664
FFAR4_TCTTCCGAGTCGTCCCGCAA,FFAR4,1350,221,222
FFAR4_CGACAGCTCTTGCATCCAGG,FFAR4,1651,111,476
FFAR4_GAAGAGGCTCACGGTAAGCC,FFAR4,2,81,274
FFAR4_GGTGGCTCTCCGAGTAGGCC,FFAR4,0,0,47
FGA_TTGAGGGTTCCGTAGAGGAA,FGA,1361,580,447
FGA_ACCTGGCAAGACTACAAGAG,FGA,1689,781,645
FGA_AGTTGAGGCAGTGTCGAAGA,FGA,856,351,456
FGA_GGCTCCACCTCTTATGGAAC,FGA,881,587,276
FGA_CTGCCTGCAAAGATTCAGAC,FGA,2026,850,455
FGA_AGGAGGCGTGCGTGGCCCAA,FGA,347,0,26
FGB_AGGTGTCAACGACAATGAGG,FGB,258,78,159
FGB_CCACCGCCCATCAGTGGAGG,FGB,567,628,325
FGB_GCAAGAGGCTTTGCTACAAC,FGB,1861,534,660
FGB_CAATGAGTACTCCTCAGAAC,FGB,2597,484,827
FGB_ATGACAGAGACAATGACGGC,FGB,539,379,425
FGB_CAGTGTTCTAAAGAAGACGG,FGB,380,75,43
FGD1_TGTTGACCAGCTCCACGGCC,FGD1,256,49,109
FGD1_GCCTGAGCTAGAGAAGCGCA,FGD1,0,78,184
FGD1_CGGTGAGAAGGTGCCCAACC,FGD1,1777,695,556
FGD1_CAGTGGGCGTGATGGTGGAG,FGD1,2478,741,626
FGD1_GCGTCCTTCACCACTGAAGC,FGD1,947,263,455
FGD1_CCAGGTGGTAAGAGAAGCGC,FGD1,2395,123,272
FGD2_GGAAACCGGCAGGATGAAGG,FGD2,296,68,210
FGD2_CCGACATTCGTCTTCTCCCG,FGD2,2305,318,655
FGD2_GAAGACAGCCCGCAGCAGCA,FGD2,561,356,637
FGD2_GGATCACGTCACCGATGCGG,FGD2,719,55,100
FGD2_TAACGTGGAATTCTCTGCAC,FGD2,454,57,87
FGD2_CAATGCAGCCATCACTGAGA,FGD2,1261,152,321
FGD3_GCCCTAGGGATGCCAGACAC,FGD3,1740,722,787
FGD3_TGTGGGCTACCTGGTCCAGC,FGD3,189,534,68
FGD3_GCTGAAGACGCGGATCACGG,FGD3,1095,293,280
FGD3_CCGTAGGGCTGGTGAGCACG,FGD3,1689,1276,620
FGD3_TGAGCAGCAGCTCGTACCGG,FGD3,1407,390,205
FGD3_CAATGCTGCCATTCGGAAAG,FGD3,2010,873,866
FGD4_TACACGTCCCAGGTGCGACG,FGD4,437,328,53
FGD4_CTCATCAGTCGCTTTGAAGG,FGD4,1757,509,448
FGD4_GCACAGACTTGTGTGGCCAA,FGD4,920,107,192
FGD4_AGGCTCGTTTCCAGCAGAGA,FGD4,776,117,349
FGD4_CATTCCATCAATGCCAACCC,FGD4,668,95,429
FGD4_CTTTCAATGCACTGACACGA,FGD4,789,613,810
FGD5_TGAAGAAACCGGACCTGAGG,FGD5,282,357,130
FGD5_CAGTTCCTGTGCGATGACAA,FGD5,596,345,95
FGD5_TGCTGTCCGTGAATTTGAGG,FGD5,1167,546,412
FGD5_TACCAAGTGCTCCTCACAGG,FGD5,764,545,553
FGD5_ACTCGGCGGAGTCCGGACAA,FGD5,935,184,358
FGD5_GCCAACGACAGCATGGAGCA,FGD5,3055,388,272
FGD6_TTATACATCCCAGACTGCAC,FGD6,595,90,185
FGD6_TTGGCAAAGAGAGCAGGGCC,FGD6,854,161,234
FGD6_TCCTCTGAACCGGCTTGAGC,FGD6,122,79,97
FGD6_CTCAGCTGTATGAGCTCAAC,FGD6,1136,860,747
FGD6_TGACCCACTGGAAGATAAAC,FGD6,590,330,596
FGD6_GAATTCTGGGTTCCCTGAAA,FGD6,641,143,135
FGF1_AATCAGAAGAGACTGGCAGG,FGF1,677,81,27
FGF1_ACTTGGCCATGGACACCGAC,FGF1,403,193,249
FGF1_TACTTGGCCATGGACACCGA,FGF1,1329,133,564
FGF1_CATCCACTGTGCCATCCGGA,FGF1,625,304,283
FGF1_CTCCTCTACTGTAGCAACGG,FGF1,2129,199,505
FGF1_AACTCCTCTACTGTAGCAAC,FGF1,496,93,109
FGF10_ATGACTGTAAGCTGAAGGAG,FGF10,1963,428,611
FGF10_GAAGGTCAGCGGGACCAAGA,FGF10,329,36,273
FGF10_CCTCTCCTTCCAGCGCGGGA,FGF10,396,43,31
FGF10_CGCGCTGGAAGGAGAGGAGA,FGF10,1112,129,17
FGF10_TGACACCATGTCCTGACCAA,FGF10,1053,459,309
FGF11_TCCAAGGTGCGACTGTGCGG,FGF11,2691,494,518
FGF11_CACCAAACTGTTCTGCCGCC,FGF11,3,383,360
FGF11_TACCTCCAGGCGAATCCCGA,FGF11,402,54,199
FGF11_TCTGGATGGTGACCACACGG,FGF11,1900,486,555
FGF11_CGCTCTGGATGGTGACCACA,FGF11,1765,770,437
FGF11_CTCGGTTTCCCTTCATGACC,FGF11,1296,275,464
FGF12_GGCCACTACACGCAGGCCCA,FGF12,37,118,165
FGF12_GCCACTACACGCAGGCCCAC,FGF12,1102,590,57
FGF12_ACAAGGTTATTCAGCCAGCA,FGF12,1020,778,1036
FGF12_GACAAGGTTATTCAGCCAGC,FGF12,240,236,109
FGF12_CGAGGACGTGCCTCTCGCAC,FGF12,24,37,198
FGF12_GAGGACGTGCCTCTCGCACA,FGF12,3,8,52
FGF13_CGTCAGCAGCAGTCAGGCCG,FGF13,3850,2429,1958
FGF13_CCACCACTCGCAGACCCACA,FGF13,1324,106,229
FGF13_CACTTGCAGCTGCAGGCGGA,FGF13,388,14,79
FGF13_TGGAGCCGAAGAGTTTGACC,FGF13,406,353,196
FGF13_TCGTGACACTTAGCACGAAA,FGF13,1684,766,353
FGF13_GCTGGGATCTATGAGTGGAA,FGF13,578,196,171
FGF14_GCAACAACACGTAGTCCCAC,FGF14,773,111,112
FGF14_TGGAGCTCTCGATGGAACCA,FGF14,1013,374,192
FGF14_GCCTTGCCTGCAATATAACC,FGF14,784,443,328
FGF14_CTTTGGAGAAGATATCCACC,FGF14,564,58,24
FGF14_GGTTGCCGTTGCAGAGCCCG,FGF14,132,69,18
FGF14_CAAGCCGCTAGCGATGGCCG,FGF14,809,121,386
FGF17_CTGAGGAACCTCTCCAGCGA,FGF17,1274,613,311
FGF17_TAACCAGTACGTGAGGGACC,FGF17,520,224,591
FGF17_CCATGACCGACCAGCTGAGC,FGF17,3027,401,251
FGF17_GACGGACACGTTTGGCAGCC,FGF17,12,63,86
FGF17_CAGCCGGGTTCGCATCAAAG,FGF17,2736,526,559
FGF17_GCTGGTTCATGGCCTTCACG,FGF17,238,345,246
FGF18_CGCTTACAGGCAAGTGCAGG,FGF18,894,93,251
FGF18_GCTGGTTGCCGAGGAGAACG,FGF18,1283,292,266
FGF18_GGCTGTACCAGCTCTACAGC,FGF18,115,174,334
FGF18_CCGGATCAAGGGCAAGGAGA,FGF18,860,337,405
FGF18_TACCTGTGCATGAACCGCAA,FGF18,133,79,292
FGF18_ACGTGGGCTTCACCAAGAAG,FGF18,950,480,280
FGF19_ATTTGGGCTTGTCACCGGAC,FGF19,591,166,206
FGF19_CGGCAGCTGTACAAGAACAG,FGF19,3130,1175,699
FGF19_TACCTCTGCATGGGCGCCGA,FGF19,543,3,118
FGF19_AGTCCACGACGCCGTCGGCA,FGF19,618,217,173
FGF19_TTCCTGCGCATCCGTGCCGA,FGF19,135,119,70
FGF19_CGGAGGTGTACAGGTGCCGC,FGF19,444,64,228
FGF20_GGAACTCTTTCTGGATCCAC,FGF20,4,70,144
FGF20_AGTATTAGAGGTGTGGACAG,FGF20,569,131,167
FGF20_GATGCTAGTACGTACCGAAG,FGF20,526,111,215
FGF20_TTTCCTGTTGCCTCCTGCCG,FGF20,222,97,95
FGF20_GACTTCGGCTAAGGGAGCCA,FGF20,256,38,206
FGF21_TTGATGGACTCGGACGAGAC,FGF21,623,342,399
FGF21_CCCGAATTGCAGGAGAGGAC,FGF21,2219,282,421
FGF21_CATCCAGGTTCCTGTGCCAG,FGF21,1961,355,439
FGF21_TGGCCGCTGGCACAGGAACC,FGF21,1530,239,333
FGF21_TGCAGGCCTCAGGGTCAAAG,FGF21,921,543,465
FGF21_TCCGAGGAGCCCACATCGGG,FGF21,1222,121,417
FGF22_TTCCTGCGCGTGGATCCCGG,FGF22,464,164,378
FGF22_CGCACTCACTGTCCTGGCCG,FGF22,2943,1279,981
FGF22_TGTGGGTGCTGTGCTCCGCA,FGF22,1598,248,406
FGF22_AGACACGTGAACAAGGGCGC,FGF22,849,69,68
FGF22_TCTACGTGGCCATGAACCGC,FGF22,359,84,0
FGF22_TTCCTGGCGCTGGACAGGAG,FGF22,267,84,122
FGF23_GGTCGAGTGAACACGCACGC,FGF23,693,87,170
FGF23_CGCCGAGGACAACAGCCCGA,FGF23,707,633,401
FGF23_GCTCGGGAGCTCCTGTGAAC,FGF23,854,230,404
FGF23_CCCTGAACGTGCTGAAGCCC,FGF23,395,233,245
FGF23_ACCTGTACACAGCCACAGCC,FGF23,456,281,429
FGF23_CATGCTGCAGACGCTGCACA,FGF23,88,342,180
FGF3_TCACGTTCAGGCTTCGAGAC,FGF3,995,618,792
FGF3_CTCGAAGCCTGAACGTGAGA,FGF3,1338,422,419
FGF3_GGAGGACTTCTGTGTGCGGC,FGF3,88,106,220
FGF3_TACCTGGCCATGAACAAGAG,FGF3,483,416,342
FGF3_TCTCCAGGCTGCCGTTGACG,FGF3,124,96,406
FGF3_CGCAGTAGAGCTTGCGGCGC,FGF3,1065,507,214
FGF4_TTCATCGCCCTGAGCAAGAA,FGF4,1635,649,870
FGF4_TCAGGGCGATGAACATGCCG,FGF4,743,447,290
FGF4_CGTGCACTCATCGGTGAAGA,FGF4,1181,1062,1422
FGF4_TGCTCATGGCCACGAAGAAC,FGF4,1750,499,712
FGF4_GCATCTTCGGCGTGGCCAGC,FGF4,719,78,411
FGF4_CGTGGTGAGCATCTTCGGCG,FGF4,1226,362,610
FGF5_CATCTGCAGATCTACCCGGA,FGF5,123,142,218
FGF5_CATCCGGGTAGATCTGCAGA,FGF5,365,145,171
FGF6_AAATACGGACGGGTAAAGCG,FGF6,1063,613,1209
FGF6_GCAAATACGGACGGGTAAAG,FGF6,2368,989,1077
FGF6_TTGCCCTGAGCAAATACGGA,FGF6,935,419,302
FGF6_AACACGCTGCTGGACTCGAG,FGF6,278,38,97
FGF6_CCTAGGCATCCTAGTGGGCA,FGF6,1325,468,445
FGF6_CTGTTCATCACTATGTCCCG,FGF6,3516,716,477
FGF7_TGACATGACTCCAGAGCAAA,FGF7,1458,559,960
FGF7_GACTCTTCTGTCGAACACAG,FGF7,336,146,322
FGF8_AGAATGCCAAGTACGAGGGC,FGF8,1078,1,0
FGF8_GACTCGAACTCTGCTTCCAA,FGF8,336,217,31
FGF8_CTTCAGCGCGCCTTACCGAA,FGF8,1218,399,232
FGF8_CCTCTAGGAAGGCCCGGGCA,FGF8,357,35,127
FGF8_TCCTCTAGGAAGGCCCGGGC,FGF8,211,195,49
FGF8_TACTCACAGGCAGCTCAGCG,FGF8,781,565,528
FGF9_AACACGGGCACATTCCCAAA,FGF9,2067,359,257
FGF9_CGTGTTGCCGGTGGACAGCC,FGF9,1567,806,541
FGF9_TATCAGTATAGCAGTGGGCC,FGF9,669,320,256
FGF9_AGCATTCGAGGCGTGGACAG,FGF9,605,340,554
FGF9_ACCTCGGGATGAATGAGAAG,FGF9,1573,167,147
FGF9_CTATATAAGCACGTGGACAC,FGF9,1877,281,268
FGFBP1_CTCGGGAGCTTTGGTGGCCA,FGFBP1,552,705,524
FGFBP1_GGAGCTGACTAGCTTAAGAC,FGFBP1,878,488,388
FGFBP1_ATGGGCTGCTACTGAGCAGG,FGFBP1,158,126,252
FGFBP1_GAATGGACTTCACAGCAAAG,FGFBP1,670,400,684
FGFBP2_AAAGGACTCGATGGAAGAGC,FGFBP2,394,94,274
FGFBP2_GGGTCCAGCCTCCCTGCACA,FGFBP2,473,99,187
FGFBP2_CACACGGATGGCCTAAGCAC,FGFBP2,3688,671,929
FGFBP2_ACACGGATGGCCTAAGCACC,FGFBP2,325,253,183
FGFBP3_TGCGCGGGCAAGAAGGGCCA,FGFBP3,429,26,37
FGFBP3_CCTTCTTGCCCGCGCACAAG,FGFBP3,1977,645,692
FGFBP3_CGCTTGTGCGCGGGCAAGAA,FGFBP3,16,9,15
FGFR1_AAGTTCAAATGCCCTTCCAG,FGFR1,848,12,7
FGFR1_TCATCATCATCCTCCGAGGA,FGFR1,1054,49,187
FGFR1_AGTACCAAGTCCAAATGGCA,FGFR1,351,48,82
FGFR1_GGTTACGCAAGCATAGAGGC,FGFR1,314,43,41
FGFR1_TACCTTCGGCTGGCAGGACC,FGFR1,696,191,407
FGFR1_GCAGTTAGAGGTTGGTGACA,FGFR1,1123,175,108
FGFR1OP_AAGACAAGCGGGCAGAAGGC,FGFR1OP,488,424,361
FGFR1OP_CGGGCAGAAGGCTGGTGACA,FGFR1OP,2534,649,1191
FGFR1OP_TTTGCTCTTGGGTTCTGACA,FGFR1OP,745,173,190
FGFR1OP_AATCCGCAACATCACTGAGC,FGFR1OP,931,460,248
FGFR1OP2_GCGAGTAGAAGCCATGAAAC,FGFR1OP2,1353,578,494
FGFR1OP2_AAGTCGCGAGACATCGGCCA,FGFR1OP2,605,53,9
FGFR2_GCAGTAAATACGGGCCCGAC,FGFR2,619,686,344
FGFR2_AAGTGTGGTCCCATCTGACA,FGFR2,2642,327,564
FGFR2_AAGTTTCGCTGCCCAGCCGG,FGFR2,928,27,17
FGFR2_CTCATCATCTCCGGATGAGA,FGFR2,212,367,286
FGFR2_GGCAGTACAAGCATAGAGGC,FGFR2,254,36,61
FGFR2_TTGCCATGGTGACCACGACC,FGFR2,1256,395,326
FGFR3_CAAGGACTCCGAGGAGGCGC,FGFR3,596,150,7
FGFR3_CCCACCAGGACACGCTCCGA,FGFR3,500,147,225
FGFR3_CTCGGGAGATGACGAAGACG,FGFR3,1427,169,122
FGFR3_AAGCGGACGGTGTTGGCGGC,FGFR3,250,49,219
FGFR3_GCACCACGCTTTCCATGACC,FGFR3,1600,154,225
FGFR3_ACGGTGGCCCACCTTGAGCA,FGFR3,1537,328,356
FGFR4_AGGGACAAGACTGGAGGCCC,FGFR4,381,46,193
FGFR4_GACTGCCCTCCTTGTACCAG,FGFR4,869,231,817
FGFR4_CCGCTGGCTTAAGGATGGAC,FGFR4,693,189,404
FGFR4_GAGTCTCGTGATGGAGAGCG,FGFR4,692,146,87
FGFR4_TGACGATGTGCTTCAGCCAC,FGFR4,108,153,229
FGFR4_AGACTGGTAGGAGAGGCCGA,FGFR4,217,0,19
FGFRL1_GCGCCAGAACTCACCTCGGG,FGFRL1,695,322,541
FGFRL1_GCCGCTGACCATGTGGACCA,FGFRL1,2216,460,1044
FGFRL1_CGACTAACCCAGCACGACGA,FGFRL1,1006,712,550
FGFRL1_GGCTCAAGTGCGTGGCCAGC,FGFRL1,162,79,28
FGFRL1_ACCTGGCAGCACGGTGAGGA,FGFRL1,1020,287,388
FGFRL1_ATGCCGATGACCACGGGCCA,FGFRL1,812,185,430
FGG_GAGTCATATTCTGTTTCCGC,FGG,354,124,180
FGG_TGAAGGCAACTGTGCTGAAC,FGG,1374,635,481
FGG_TTCAGGTCCCACCTTGAACA,FGG,1311,487,249
FGG_GAAATCGATGGGTCTGGAAA,FGG,417,206,155
FGG_CCAGGAACCTTGCAAAGACA,FGG,1593,797,411
FGGY_TGCGTGCTGTGTTGTCACAA,FGGY,3052,1151,1337
FGGY_TCACCCATTACCAGTCAACC,FGGY,981,601,357
FGGY_TTCTTATCGTGGAAGGCAAC,FGGY,331,271,282
FGGY_TGGAAATGGGCTCACACCAG,FGGY,1447,117,277
FGGY_TGGAACGTCTTCTTGTCACA,FGGY,713,610,711
FGGY_CCTTCATTCAGCCAGAACCC,FGGY,1146,250,385
FGL1_ATTGTCTGGTACACCTGGCA,FGL1,913,181,316
FGL1_ATGGGATTGTCTGGTACACC,FGL1,26,148,105
FGL1_TGTGACATGTCCGATGGAGG,FGL1,752,260,181
FGL2_CATCTTAGCCTCTTTGAAGG,FGL2,138,184,169
FGL2_GGCTGTACTACAGTTCAGGC,FGL2,304,277,209
FGL2_GGTAACTATAATGGCACAGC,FGL2,263,0,0
FGL2_GCACCAACTTCACCAGAACA,FGL2,3493,923,823
FGL2_CAATGTACTTCATGGTCGCC,FGL2,66,164,92
FGL2_CGGGAGCTGAATAGTCAAGG,FGL2,1820,177,487
FGR_GCTGCTGCGGCACGACAAGC,FGR,1240,333,225
FGR_CATCATGAAGCCGCAGACGC,FGR,1681,598,357
FGR_GGTCTGATCCCAGTCCCGGA,FGR,49,0,8
FGR_CTCGCTTTCCCGAATGAGAA,FGR,1471,690,775
FGR_TCAGCTTGGATTGAGTCAAC,FGR,382,152,200
FGR_CTGCAAGAAATTGGAGCCGG,FGR,250,120,119
FH_AGAATCTATGAGCTCGCAGC,FH,154,47,35
FH_TGTTCCACTTACTCTTGGGC,FH,158,9,158
FH_CCAGTCTGCCATACCACGAG,FH,1770,428,488
FH_CCTCTCGTGGTATGGCAGAC,FH,775,206,318
FH_GCCTCCGAACGCGGCTCGAA,FH,334,89,440
FH_GCCGAAGCTAAGGCTGCGGC,FH,13,12,59
FHAD1_GCCTATCTAAAGAGCGCAGA,FHAD1,170,640,235
FHAD1_CAGGACTTCAATTCCCGCAA,FHAD1,1477,622,379
FHAD1_ATACCTTGCTTGATGACGGG,FHAD1,399,163,238
FHAD1_TTCTGAGTTCCGCTCTGACA,FHAD1,580,259,137
FHAD1_CCTTACTCACTCTAGAGCCA,FHAD1,322,249,377
FHDC1_TTACACTTGGTGCTCCAGGC,FHDC1,954,165,396
FHDC1_CATTCATGATATTCCCAGCC,FHDC1,111,356,197
FHDC1_TCTCCTGCACTTTGTTGCAC,FHDC1,1374,349,344
FHDC1_ATTATCTCTGGAGAACACGG,FHDC1,862,63,72
FHDC1_CCGAAAGAGGTACAGTGAGC,FHDC1,3953,396,223
FHDC1_CACTGTCCGAGTGATGCCGG,FHDC1,107,51,138
FHIT_CGGCCACTTCATCAGGACGC,FHIT,938,210,138
FHIT_AGGTCATGGAAGCGCTCCAC,FHIT,346,175,77
FHL1_GCAGTCAAACTTCTCCGCCA,FHL1,578,356,443
FHL1_TACCTTGGAGTCCGCACCGA,FHL1,722,442,302
FHL1_GGCTTCCTAGCTTTAGAGAC,FHL1,695,308,532
FHL1_AAGCGTTTCCCGTGGCACAC,FHL1,496,375,333
FHL1_TGAGAGGCAAGCGTTTCCCG,FHL1,1123,453,345
FHL2_GCGTGGCTTCCTCACAGAGA,FHL2,1401,1169,499
FHL2_ACGAAGCACTCCTTGTGCCA,FHL2,998,449,258
FHL2_ACCCGCAAGATGGAGTACAA,FHL2,1341,559,664
FHL2_TGTCTTACAAGGACCGGCAC,FHL2,434,135,617
FHL2_CAAGAAGTACATCCTGCGGG,FHL2,778,152,299
FHL2_TATGGTCAAATGACACGGCG,FHL2,999,338,467
FHL3_TACGAAGCCCTGGCCCACCA,FHL3,3004,827,1073
FHL3_GGTGAACTGCTGCCCTGCCA,FHL3,252,6,28
FHL3_GCTGTTCACAGCCACTGCAC,FHL3,415,64,122
FHL3_GGAAGCAGCCCTCGTGGAAA,FHL3,1004,315,667
FHL3_CTCAGCACAGGTGTTGGCAA,FHL3,3652,679,931
FHL3_AAGTACATCCAGACAGACAG,FHL3,978,680,282
FHL5_TTTGTTACAAAGACCGGCAC,FHL5,250,55,79
FHL5_AATAGCACTCCGTGCACAGC,FHL5,626,46,34
FHOD1_CACGGTCACCCTCATCAACA,FHOD1,2020,1483,1446
FHOD1_AGCATCAGCTGGCCGAGCGC,FHOD1,443,74,93
FHOD1_AATGCACAAATTCAGGCACC,FHOD1,171,374,330
FHOD1_CGTTGACCCTCACAGAGAGC,FHOD1,1029,319,374
FHOD1_GGTGTCCAGGTAGTATCCGG,FHOD1,351,53,27
FHOD1_CAACTTTCCGGAGCCGCGCC,FHOD1,0,297,212
FHOD3_GCCGCTGTTCACGTTCCGCG,FHOD3,1114,385,311
FHOD3_ATCCCGCTGCTCTGCCAGGG,FHOD3,1063,74,261
FHOD3_TGTCTCCTGTCTCGTTAGGC,FHOD3,632,124,103
FHOD3_CAGCGGACGAGATTTGAGAA,FHOD3,682,595,681
FHOD3_TCTTTCCTGCCAGGATGACA,FHOD3,467,99,89
FHOD3_TCTTCACCACCAGGCGGAAC,FHOD3,1646,543,544
FIBCD1_CCTATGCCGACGGCGTGGAG,FIBCD1,436,24,55
FIBCD1_GACCTGGAGGACTTTGAGAA,FIBCD1,1411,740,914
FIBCD1_GGTGTACTGTGACATGCGCA,FIBCD1,455,132,251
FIBCD1_CCTTCAGAGAGCGCCTGCCC,FIBCD1,344,89,0
FIBCD1_CCTGGTCACTGTGGAAAGGG,FIBCD1,647,266,210
FIBCD1_GCCGGAAGATGGTCAACGAC,FIBCD1,871,54,211
FIBIN_CGAAGTAGCCTTGACACAGG,FIBIN,862,1068,755
FIBIN_CATCGAAGTAGCCTTGACAC,FIBIN,1776,270,519
FIBIN_CTCTACCCAGAGATGTCCAA,FIBIN,578,447,124
FIBIN_CACCACTACTTCGTGCCCGA,FIBIN,1259,473,336
FIBIN_GCAGGAGAGCAGGCTCAACG,FIBIN,1709,693,997
FIBIN_GCCGACCTAGTCGGGTCCCA,FIBIN,355,260,67
FIBP_CCCGGAGAGCAGTGCACACC,FIBP,1973,762,433
FIBP_GCTAACAACCGCTTTGAGAC,FIBP,1099,297,320
FIBP_CTTTAAACGGGTCTTCAAGG,FIBP,673,353,192
FIBP_CCTCAAGAGCTGCCGGAGAC,FIBP,1415,313,529
FIBP_CTTTCCAGTGACCGACGCGG,FIBP,882,135,113
FIBP_CCGAGTAACCATCGAGCCAG,FIBP,1334,228,215
FICD_GCTCAGGAGCAAACCGGACA,FICD,1257,435,361
FICD_CCTCTCCAGGTAAGACAGAC,FICD,529,145,191
FICD_TTTCCTGCGGAGACCAGCAC,FICD,666,329,329
FICD_TTCCTGCGGAGACCAGCACA,FICD,1122,352,643
FICD_GCACGCCCTCAAGATGGACC,FICD,149,56,219
FICD_ACGTGCTGGAGATCCACAGG,FICD,2103,91,112
FIG4_ATCCTCGGGCTTATTTCGAG,FIG4,944,183,191
FIG4_GGGTGATGTTGCAAATGAAG,FIG4,838,197,270
FIG4_AGGGCAGCCACATGTGCAAA,FIG4,1409,935,1019
FIG4_GGAGGATGTGTGATTCCCAC,FIG4,563,28,94
FIG4_CCTACAGAAAGATAGCACCA,FIG4,1008,196,353
FIG4_TGGCTATGACAAGCTCAGCA,FIG4,1421,464,377
FIGF_AAAGCATTGCCGCTTTCCAA,FIGF,459,192,292
FIGF_AATCCACTTGCTGGAACAGA,FIGF,511,172,129
FIGF_TAATTGAGTATGGATGGCGG,FIGF,410,196,121
FIGF_CACCTCGTACATTTCCAAAC,FIGF,1681,585,719
FIGF_CCGCAAACCTAGTGGACCGA,FIGF,1846,577,281
FIGF_CATGATGTTGTACGTCCAGC,FIGF,88,76,128
FIGLA_TCTTGACAGCTGTCTTGCCG,FIGLA,220,62,61
FIGLA_ACCTCCAGTTGGTGCTGGAG,FIGLA,75,41,23
FIGLA_AGTGGACGAGTAGCCGCCCG,FIGLA,320,0,130
FIGLA_CCGCTTGAGCCGGCAGACAG,FIGLA,58,15,4
FIGLA_CCGCTGTCTGCCGGCTCAAG,FIGLA,495,327,621
FIGN_TGACATTGCTGGTCTCGACC,FIGN,913,194,122
FIGN_GCAATGTCATTCCAGTCCAC,FIGN,648,267,183
FIGN_GGGTCAGAGCCCTACTGGAC,FIGN,974,381,184
FIGN_TTAGAAGTCCCATTGTAGCC,FIGN,1321,222,393
FIGN_GCCTTGGTCCCAGGCTACAA,FIGN,875,620,828
FIGN_CCAGAGCTATGCAAAGGAGA,FIGN,1109,346,278
FIGNL1_CCCGGAGAAGATTGGTGAAA,FIGNL1,2497,569,701
FIGNL1_TTCTAAATGGGTAGGTGAGG,FIGNL1,1011,303,406
FIGNL1_TTCTTCAGACGCTCATCAAC,FIGNL1,854,405,514
FIGNL1_TAGGAGCTAGTAGATCCCGA,FIGNL1,13,81,125
FIGNL1_CTAGGAGCTAGTAGATCCCG,FIGNL1,819,128,208
FILIP1_ACCCGCATTCCTATGTCAAA,FILIP1,945,684,619
FILIP1_GACAAGACGGGTCATCCCAG,FILIP1,188,20,40
FILIP1_CCCAGGAAATGCCCATGGGA,FILIP1,293,534,277
FILIP1_TCGAAAGCGTGTGCTTGAAA,FILIP1,2986,1723,1583
FILIP1_CCGAGATGCCATTCTTGCCC,FILIP1,1989,505,383
FILIP1_GGAATGAGATCTCGAAACCA,FILIP1,688,288,385
FILIP1L_ACTGTGGCACGCCAAAGCAA,FILIP1L,1897,621,584
FILIP1L_TAAGGAGCTCTCTCAAGAAG,FILIP1L,713,223,151
FILIP1L_AAGGGTCACCACCCTGAAAG,FILIP1L,236,229,119
FILIP1L_TCATAGATGTCCTCCTGCCA,FILIP1L,688,79,165
FILIP1L_TGTAATACTTCCGTGTCCCA,FILIP1L,464,115,48
FIP1L1_TAGTGTCGGAGCTGAGCGGC,FIP1L1,418,11,79
FIP1L1_GGAGTAGACCTTGATGCACC,FIP1L1,484,0,85
FIP1L1_AGACTGGGCTTCCACCGAGC,FIP1L1,1589,169,165
FIP1L1_GCCGAGTAGAAGGCAGGCGA,FIP1L1,2858,78,33
FIP1L1_CCCGGTGGTGGAATCAGAGG,FIP1L1,2257,162,202
FIP1L1_CGTGCATTTCCATATGGCAA,FIP1L1,1928,381,422
FIS1_CATCGTGGGAGGCATGGCCC,FIS1,429,185,247
FIS1_GAACAACCAGGCCAAGGAAC,FIS1,760,170,87
FIS1_GCTGCCCAAAGGGAGCAAGG,FIS1,0,78,182
FIS1_GCTGCTGCCCAAAGGGAGCA,FIS1,415,157,45
FIS1_GCACGCAGTTTGAGTACGCC,FIS1,558,97,135
FIS1_AGACACCAGCTCGTTCAGCA,FIS1,1323,702,994
FITM1_TTCGCTTCCAAAGTACAGCA,FITM1,2540,1124,854
FITM1_AGATAGTCCGAGGGTTGACA,FITM1,967,149,166
FITM1_GGCTGGCGAAGATAGTCCGA,FITM1,76,0,72
FITM1_TTCGCCAAGTACCTGGCCCA,FITM1,817,337,169
FITM1_TTTCCACCAGTACACTCACA,FITM1,766,160,190
FITM1_CTTTCAGTTATGCTTGCGGC,FITM1,973,246,249
FITM2_TTTCCACAACTTGTCCCAGA,FITM2,338,224,118
FITM2_GATGGCCGTGCCCACAAGCA,FITM2,576,50,65
FITM2_AGGCTGGCTTGGTCCTGCGG,FITM2,1155,235,449
FITM2_TACCATCTGACCGGCAAGGC,FITM2,922,719,680
FITM2_CTGAGGTAGCTCTCGGGCAA,FITM2,1109,418,526
FITM2_GAGGTAGCTCTCGGGCAACG,FITM2,848,428,783
FIZ1_AACTTGCCGCACTCCAGGCA,FIZ1,843,509,487
FIZ1_AGAAGGTCCCGCAGTCGCAC,FIZ1,1818,98,226
FIZ1_CTCCTCTGGCTTCGGACCGC,FIZ1,1395,988,717
FIZ1_GGAGCAGGGCGCACTCAAGG,FIZ1,1651,544,883
FIZ1_TTGAAACCCTTGCCGCAGCG,FIZ1,2099,587,997
FIZ1_GCATGTCCGCGCTGCGGCAA,FIZ1,879,204,449
FJX1_GCTGCCCAACCTCACGGACG,FJX1,770,335,300
FJX1_CAACCTCAGCCAGGCGGAGC,FJX1,1100,201,303
FJX1_ACCTGACGGCCAACTTCGAC,FJX1,188,41,51
FJX1_TGGCACGCTGCATGACGCGC,FJX1,800,208,336
FKBP10_TGGAAGATGTGGTCATCGAG,FKBP10,891,270,138
FKBP10_TGGGCATGTGTGTCAACGAG,FKBP10,867,323,606
FKBP10_CGAAGGAGGTGCCGTCCAGC,FKBP10,584,283,339
FKBP10_CTGATCAAGGGCATGGACCA,FKBP10,2893,886,767
FKBP10_GGTTGTGCACGTCAATCAGG,FKBP10,0,2,0
FKBP10_CTACAATACCTATATCGGGC,FKBP10,1258,59,174
FKBP11_GATACCCAATGAGGCCCAGG,FKBP11,87,1,0
FKBP11_GACAACCTGATGAGGCCACC,FKBP11,3,0,15
FKBP11_TTCCCTCAGAGAGAAGCGAA,FKBP11,164,115,125
FKBP11_TGGCCAAGTTCTATAACCAG,FKBP11,1711,175,179
FKBP11_AAAGCAGCGGGCTCGGCACA,FKBP11,153,206,468
FKBP11_TCCCGTCCGGACCCTCCAAG,FKBP11,615,378,260
FKBP14_GATCTCCTGGAGATTCGAAA,FKBP14,114,167,107
FKBP14_TTTCCATAGCCCAGAGCAGG,FKBP14,421,323,55
FKBP14_CACACATTCCTTTCAAGCCC,FKBP14,881,347,661
FKBP14_GCTCTCAAAGGTTGGGACCA,FKBP14,235,307,239
FKBP14_GCCATCGCAAGACCAAAGGA,FKBP14,250,175,113
FKBP14_ATCTGCCATCGCAAGACCAA,FKBP14,183,109,192
FKBP15_GAGGTTGTCAGCACCAGGGA,FKBP15,1165,262,277
FKBP15_TAACCTCCACCTCGAACACC,FKBP15,330,38,49
FKBP15_TGGAAGTGGCCTATACCGGC,FKBP15,524,227,257
FKBP15_TGCTGTGGAGTTCAATAAGC,FKBP15,2271,290,257
FKBP15_GCCTAAGAAAGGCCAGGGAA,FKBP15,413,85,60
FKBP15_GATTTCCTCTCGCCGAGCGG,FKBP15,120,29,14
FKBP1B_CTGTGGGACCGCTATGGGCG,FKBP1B,657,344,333
FKBP1B_ATGGCCCTTGCTGGTAGAAG,FKBP1B,1109,173,252
FKBP1B_TCACCTAGAAGCTGGCACCA,FKBP1B,1730,483,291
FKBP1B_TGATGTGGCATATGGAGCCA,FKBP1B,2173,279,260
FKBP1B_TATGGAGCCACGGGCCACCC,FKBP1B,778,104,172
FKBP1B_GCATTGGGAGGGATGACACC,FKBP1B,628,142,3190
FKBP2_TGCGCGATTTGATGGGACAG,FKBP2,2055,353,236
FKBP2_TCCCATCAAATCGCGCAAAG,FKBP2,3182,1158,1403
FKBP2_GATGACCTGGCCTGTGCCAA,FKBP2,344,0,0
FKBP2_GGCCTCTTACCTAGCTCGGA,FKBP2,35,45,0
FKBP2_TGCAACCCTGGTGTTCGAGG,FKBP2,558,408,526
FKBP2_CAGCTCCACCTCGAACACCA,FKBP2,927,304,365
FKBP3_GGTCCACGCCCGCTGTGGAA,FKBP3,1102,147,70
FKBP4_ACATGCCACAGGAGAGCCGC,FKBP4,319,28,138
FKBP4_ACTCACCTCAAATACAAGCG,FKBP4,957,233,432
FKBP4_TCATGCCAGTTGCACTGGAA,FKBP4,2316,916,979
FKBP4_TAGTACCCTTCCAGTGCAAC,FKBP4,700,175,146
FKBP4_CATTCTTTAGGCCCTAGAAC,FKBP4,906,99,228
FKBP4_TGTGCCAGCAGCGGATCCGA,FKBP4,1070,134,59
FKBP5_AGCACAACGAGCGGGACCGC,FKBP5,665,165,129
FKBP5_CCTTGCTGCCTTTCTGAACC,FKBP5,1530,1048,1530
FKBP5_GGTTCCCTTCTCTTTGACAA,FKBP5,259,142,175
FKBP5_CACCACAGCGGCCTTCCAGG,FKBP5,432,29,220
FKBP5_ATCCGGAGAACCAAACGGAA,FKBP5,360,292,152
FKBP5_GAATATGCATATGGCTCGGC,FKBP5,26,17,12
FKBP6_CTCGGGATACCTGGAACACA,FKBP6,2389,759,792
FKBP6_GGTAGGTTCAGAGTGGGAGC,FKBP6,305,90,21
FKBP6_GAAAGTGGCAGCTACGGAAC,FKBP6,1373,494,836
FKBP6_ACCAGGTGCTGCTCTTCAGG,FKBP6,396,114,16
FKBP6_CACATAGTCCCTGTAACAGC,FKBP6,2082,512,827
FKBP6_TGTGGCGATGGTTCTACAGC,FKBP6,913,446,377
FKBP7_CCCTTCATTTGCATACGGAA,FKBP7,862,2288,1223
FKBP7_ATTTCGAGCCGTCTTTAGCC,FKBP7,511,193,153
FKBP7_GACGGCTACCTGGCTAAAGA,FKBP7,533,176,207
FKBP8_GCCTGCTAAGTGCCCTGGCA,FKBP8,83,167,342
FKBP8_CATCAAGGCTCTCTTCCGCA,FKBP8,868,710,281
FKBP8_AGGTGATAGCCTTGATGGCG,FKBP8,1286,391,334
FKBP8_CAGTGTCCCACTCATGGACG,FKBP8,1100,916,870
FKBP8_GCAGATGTACGGTGACCACC,FKBP8,153,0,133
FKBP8_AGCAAGGAACTCTCGGGCCA,FKBP8,834,39,36
FKBP9_ACGCGGAGCTGCAGATCGAG,FKBP9,2353,408,507
FKBP9_CACGAAGTCGCCGCTGCGCA,FKBP9,1150,647,238
FKBPL_TAAAGGCCTTATACCGAAGG,FKBPL,719,68,153
FKBPL_GGCACAGAACTATTTCGAGC,FKBPL,429,102,573
FKBPL_GACTAGCGAGAAGGAAGCCC,FKBPL,415,36,26
FKRP_CTAGGAATTCCCGGGCCCGG,FKRP,583,85,100
FKRP_CCCGCACCAGGACGGTGACA,FKRP,3691,1051,1573
FKRP_GACGTTCAGGGCCAGGCACC,FKRP,285,94,23
FKRP_GCTGGACTTGACCTTCGCCG,FKRP,2,40,84
FKRP_GCGTCATGACCAAGGACACG,FKRP,1126,121,146
FKTN_GAGTCTATCCCGTCTAGCCG,FKTN,1010,280,357
FKTN_GCAAGTTACTGTTGATGGAC,FKTN,1893,475,617
FKTN_GGCCTTTCGGAAGAGTGCAA,FKTN,343,17,170
FKTN_TTCCTTTGCACTCTTCCGAA,FKTN,1269,552,1036
FKTN_GGAAGATTCCTGTAAAGACG,FKTN,1166,162,137
FKTN_TCAACTAGGCAAGAATCAGC,FKTN,1316,286,195
FLAD1_GGTCCTGGGTCGAGGGAACC,FLAD1,261,55,65
FLAD1_CTTTGGACGTAGGCTTGGCC,FLAD1,713,320,373
FLAD1_CTGTTCCAGCTCAGGGAAAG,FLAD1,3796,1135,1233
FLAD1_GCCGTGCCTGCAGTTCACCC,FLAD1,1230,441,572
FLAD1_ACTGTATCCTGTATGACCGA,FLAD1,552,38,216
FLCN_CTGTACTCTCTGGCAACACA,FLCN,1526,830,703
FLCN_ACAATCACACCGAGATCGGA,FLCN,716,489,1214
FLCN_TCACGCCATTCCTACACCAG,FLCN,3541,656,1166
FLCN_ATCAAGGACAGCCTGGCCAG,FLCN,3,7,782
FLCN_ACAGCTCAGGCTCCGGACAC,FLCN,547,397,462
FLCN_CCGTGCAGAAGAGAGTGCGG,FLCN,513,245,326
FLG_CTAGAATGGCCACATAAACC,FLG,2609,811,812
FLG_GGGTTTAGACACTCTCAGCA,FLG,1495,302,585
FLG_TCTAGTACCGCTAAGGAACA,FLG,1552,639,322
FLG_GACACTCAGCCACTGGGCGC,FLG,148,50,0
FLG2_TCTGCCATTCACGGGAGACA,FLG2,427,511,434
FLG2_TACTTATGGACAGACAGGAG,FLG2,775,430,264
FLG2_AGTCAGTCCTATAGTCAGAG,FLG2,1412,243,271
FLG2_ATGGCTCTCACCTTCAGAAC,FLG2,1862,361,484
FLG2_GAGTGTGGCACACTGAGCAA,FLG2,1264,56,247
FLG2_CGGTGACAACACTTCTCAAG,FLG2,3050,926,469
FLI1_GCAGACTTGGCCAAATGGAC,FLI1,953,366,200
FLI1_CAGTGAGGGTCAACGTCAAG,FLI1,786,587,1027
FLI1_CCAACATGACCACCAACGAG,FLI1,3726,2187,3089
FLI1_AGCAGTCGCCTAGCCAACCC,FLI1,1330,788,797
FLI1_GCATGTAGGAGATGTCAGAA,FLI1,964,2007,1614
FLII_GGACCTCAGCGAGAACCGCC,FLII,3,11,149
FLII_ACCAGCTGACAGAGTGCCCG,FLII,1735,376,770
FLII_ACTGTTGGCTCGGGCCACGA,FLII,271,404,485
FLII_CCAGCACTCACGCGCAGCGA,FLII,2346,795,791
FLII_GGTTCAGCTTCAGCCACCGC,FLII,412,475,187
FLII_AGGTCCACGCCACGCACGAA,FLII,1051,533,552
FLNA_CTTGTTGGCGATGTTGCCAC,FLNA,767,146,112
FLNA_ACCTCCTCCTGGTGTCCGGC,FLNA,375,79,58
FLNA_CGGGTTCAGTTTGGGCCGCA,FLNA,1125,336,264
FLNA_AAGAGTCCCAGTCAGGACAC,FLNA,1413,149,277
FLNA_GCCCATGTGGGACGAGGAGG,FLNA,201,21,26
FLNA_GAGTAGCTCCCACTCTCGGG,FLNA,34,12,62
FLNB_CAGGATGCCGGTAACCGAGA,FLNB,324,38,0
FLNB_TGCAAGAACATAGCACCCGG,FLNB,1213,316,339
FLNB_TAACAGGTCTGTGCCCAGAC,FLNB,1023,552,996
FLNB_CTGTGGACACCATCAGCGCC,FLNB,95,127,263
FLNB_AGATGTGCTGTCCTGCAAAG,FLNB,3659,918,961
FLNB_TGTACACACATCGATACACC,FLNB,589,143,139
FLNC_CTCGAGGAACTCGAGGGCCA,FLNC,313,82,1
FLNC_TTCAACCGTGACTGGCAGGA,FLNC,1080,934,866
FLNC_ACCAGCCCGTGGAGAACGCC,FLNC,539,67,127
FLNC_CAGCTGCTTGGATCGAACAG,FLNC,1829,249,384
FLNC_CCACCGTCTGCACGGTGAAG,FLNC,1136,171,226
FLNC_ATGCCCACGTTCACCTCAAA,FLNC,1048,398,342
FLOT1_GGAAGCGGAGCGCTACAAGC,FLOT1,246,82,52
FLOT1_GGTCAACACCCGCCGAGCAC,FLOT1,904,109,71
FLOT1_CACAGGAGATCTATAAGGAC,FLOT1,1875,501,487
FLOT1_AGACGTTAGAGGGCCACCAG,FLOT1,1810,259,267
FLOT1_CTCAGTCACTGGCATTGCCC,FLOT1,2207,937,864
FLOT1_TTGTGGCCCAAATGAGGCCA,FLOT1,373,92,83
FLOT2_AAACGTCGTCCTGCAGACCC,FLOT2,805,109,131
FLOT2_GGACGTAGAGACGGCCGAGG,FLOT2,153,1,11
FLOT2_CACTTGCAGTCCAATAGGCA,FLOT2,852,341,333
FLOT2_GGTTCCACTATTCGTAACAG,FLOT2,454,126,380
FLOT2_AGTGTCGGAGATACACCACC,FLOT2,605,44,106
FLOT2_CGCCATGGGCAATTGCCACA,FLOT2,1467,328,193
FLRT1_GGTGGCCGTGGTCATCACAA,FLRT1,166,65,88
FLRT1_CTTGAAGGCATGCAGCGGGA,FLRT1,235,171,21
FLRT1_TGGTCAGGTTGTTGTTGGAC,FLRT1,1180,749,770
FLRT1_GGGTGATGGCGCCAAGACCC,FLRT1,153,20,41
FLRT1_CAGACTCCATCCGCATCACG,FLRT1,3824,784,374
FLRT1_CCGGGAGAGGGCCTACAACC,FLRT1,2136,986,1075
FLRT2_AGTGCCTCTTGGGATCCCGG,FLRT2,0,0,1
FLRT2_TGACAACTCCATATCCACAG,FLRT2,1879,568,550
FLRT2_TACCTGGGAGATCGGGAGGA,FLRT2,1490,50,26
FLRT2_CAGCTTACGCAGATTTGAGA,FLRT2,651,241,154
FLRT2_TCAAGCCCGCCAGCAGAAAG,FLRT2,2898,1490,1393
FLRT2_CCAGAAGTGGAAATACAACC,FLRT2,703,469,721
FLRT3_TACAAACTCCTCCTTCGAGA,FLRT3,449,132,177
FLRT3_AAGGATGACTATGCAGAAGC,FLRT3,687,22,245
FLRT3_TGAGTACTTGGTCACAGCCC,FLRT3,445,400,300
FLRT3_GCTTAAACTGGGCCATAGCC,FLRT3,178,113,76
FLRT3_TGACTGCTTTGAGACTCAGC,FLRT3,1234,220,510
FLRT3_ATCTTGCACCCGCAATACCA,FLRT3,917,385,226
FLT1_ACACGAGAGTTCAAATGACC,FLT1,421,143,230
FLT1_TCAGGGATCAAAGTGTCAAG,FLT1,710,183,243
FLT1_TGATGTTAGGTGACGTAACC,FLT1,2136,538,330
FLT1_TGGTGAGTAAGGAAAGCGAA,FLT1,93,156,188
FLT1_ACCCAGCACATCATGCAAGC,FLT1,1412,626,909
FLT1_AGCTGAGCAGCGCGCACAGC,FLT1,596,132,235
FLT3_TGTCTTGGATGAAAGGGAAG,FLT3,608,150,248
FLT3_CACTTCTTCCAGGTCCAAGA,FLT3,1004,277,453
FLT3_TTGACTGGGATGCTTTGAAG,FLT3,1642,166,209
FLT3_ACCATGGATTCGGGCTCACC,FLT3,233,51,70
FLT3_GCTCTCAGATATGCAGACCA,FLT3,738,160,240
FLT3_CGAAGCTGCCGCTGTGGAAG,FLT3,2318,826,967
FLT3LG_CTCGGGACTCAGTGGGACCC,FLT3LG,1386,40,36
FLT3LG_GACAGCGAAGTCGGAGGAGA,FLT3LG,869,32,78
FLT3LG_CTTGCTGGAGCGCGTGAACA,FLT3LG,2270,692,617
FLT3LG_GCCTGCACTGGCAGAGGACG,FLT3LG,286,139,53
FLT4_CAACGTCAGCCAGCACGACC,FLT4,1349,242,585
FLT4_CCTTTGACTGGGACTACCCA,FLT4,401,199,93
FLT4_AGCTCGGTGCTGTGGCCAGA,FLT4,287,371,384
FLT4_GAGGTACATGCCAACGACAC,FLT4,235,108,111
FLT4_CCCGACCTTGAACATCACGG,FLT4,1715,364,548
FLT4_CCACAGTCGCAGGCACAGCG,FLT4,1736,918,697
FLVCR1_GCGCGGCCAGACGATGAGGA,FLVCR1,1163,448,236
FLVCR1_GCGGCCAGACGATGAGGAGG,FLVCR1,796,650,279
FLVCR1_TGGTGCTGATATTACAAGCC,FLVCR1,1595,428,264
FLVCR1_AACGCTAGTAGTAGCTGGAA,FLVCR1,527,225,64
FLVCR1_CATCGTGTTTGTTACTGGAG,FLVCR1,950,230,99
FLVCR1_CAGACTATGGTCCTAAGGCA,FLVCR1,1510,428,270
FLVCR2_CAGACGGAAGCGATGCGGGA,FLVCR2,208,40,81
FLVCR2_TGTTTGTAGAAGCGTGAGAC,FLVCR2,1299,366,150
FLVCR2_CATACTTAGGTTCCATCGCC,FLVCR2,169,152,89
FLVCR2_ACCATTGAAGGGAGGCCAGG,FLVCR2,208,271,124
FLVCR2_CACCATGCGATTCAGAAGAG,FLVCR2,1751,683,788
FLVCR2_CAGTGATGAACACTACCCAC,FLVCR2,611,222,96
FLYWCH1_TGTTCAGGCATCTCTAGGGC,FLYWCH1,2231,66,127
FLYWCH1_TGGATAGTTTGCTCTACCGC,FLYWCH1,699,192,326
FLYWCH1_CCCAGACGAGCACCAGGACA,FLYWCH1,1315,180,180
FLYWCH1_TGACAGTCACCCGTCGGCCC,FLYWCH1,673,193,106
FLYWCH1_ACCTTCAAGAGGGATGGAGA,FLYWCH1,615,133,257
FLYWCH1_GAAGTCCTCAGGAACTCCAG,FLYWCH1,185,10,21
FLYWCH2_GAGGAGGGCCTTGGCAAGGG,FLYWCH2,682,33,107
FLYWCH2_TGAGCAGAAACGGAGCAGGC,FLYWCH2,1372,93,254
FLYWCH2_GGACAGCTCGGCACCTCCCA,FLYWCH2,303,5,75
FLYWCH2_GAAGACAGTGGATTAGCAGC,FLYWCH2,282,63,85
FLYWCH2_TTGCCGGGCGCCACAGAGCA,FLYWCH2,1959,1759,879
FMN1_TTTGATACAGAGAGCCCAAG,FMN1,1122,212,273
FMN1_CGTGGTTGATCTGGAGACCC,FMN1,773,210,226
FMN1_GGGTGAGAGCTGGCTTAAAG,FMN1,1033,233,448
FMN1_TGCACTAAGGACTTCTGCAC,FMN1,600,137,248
FMN1_CGCCTCCATCTCTGTTGGGA,FMN1,604,860,461
FMN1_AGTGTGTCGGCCAGTGCCGA,FMN1,313,163,134
FMN2_CCGAGGGTCCAGAACTGCCC,FMN2,790,97,114
FMN2_TGTTCAGCCAGCAGGAGAAC,FMN2,1998,458,520
FMN2_AGGCTCGAGGATGCTGAAAC,FMN2,1552,702,455
FMN2_TGACATGAAGTCTGAGGGAC,FMN2,1166,215,232
FMN2_GGATAATTCTGTGGTTGACC,FMN2,606,108,105
FMN2_AGGAAATAAGACTCGAGGAC,FMN2,587,61,117
FMNL1_ACCACCATGGGCAACGCGGC,FMNL1,545,161,84
FMNL1_TGTCATACTGGCTCAGCAGC,FMNL1,377,140,213
FMNL1_GCGAGTTCAGGAGTCCACGC,FMNL1,604,41,98
FMNL1_GGGCTTACGTGACAGAGCAC,FMNL1,276,163,262
FMNL1_CCACATACTTGATGGTCAGG,FMNL1,777,89,163
FMNL1_TGACGATGCGGGAATTCCGC,FMNL1,1211,73,223
FMNL2_AATCGCTCCTCCAGTTCACC,FMNL2,55,22,102
FMNL2_ATCATACTGCCGCAGTAACC,FMNL2,571,81,72
FMNL2_ATCTGGATCCAGCTGTAACC,FMNL2,632,324,80
FMNL2_CGGTGGACAAATCAAAGCCC,FMNL2,145,207,69
FMNL2_GCCGTTTGTCTTGTCAGAGG,FMNL2,598,115,307
FMNL2_CAGTTCCACAATCTTGGACA,FMNL2,742,306,186
FMNL3_ATAGCACTCTCCCTGGGCGC,FMNL3,449,112,70
FMNL3_CAGACCCTCAAAGTCAAACC,FMNL3,1431,342,319
FMNL3_AACCAAAGTACTAAGGGAGC,FMNL3,894,53,167
FMNL3_CTTCACCTTCCGAGTTACAC,FMNL3,1833,490,316
FMNL3_TGTCATACTGCCGCAGGAGC,FMNL3,1634,225,211
FMNL3_TTGCCGGGCGGCAGCAACAA,FMNL3,1521,650,610
FMO1_CGAGTTGCCATTGTGGGAGC,FMO1,455,463,393
FMO1_AACCACAGACTTGTAGAGAC,FMO1,546,403,427
FMO1_GGCCAGCCACCTGGCGGAAA,FMO1,418,283,408
FMO1_TGTTCCTCAGCACCACCGGA,FMO1,564,798,634
FMO1_CTACAGACTCATCAAGGAAG,FMO1,3078,370,451
FMO1_CCTTGAATGTTCGGTCCCAC,FMO1,269,116,301
FMO2_AAGGTAGCTGTGATTGGAGC,FMO2,831,337,318
FMO2_TGTCACTCAGAGCAACGGCA,FMO2,1236,246,409
FMO2_CGCCAATACAAGCATCCAGA,FMO2,1755,485,800
FMO2_ACGCATCCTGGTGATTGGAA,FMO2,2562,1366,1044
FMO2_AGAGATACGGCTCATGACCC,FMO2,584,257,77
FMO2_TTGACTTGTCCAGGTGAGCG,FMO2,2246,713,868
FMO3_ACTCAGCCGCACAGCAGAAC,FMO3,1768,868,539
FMO3_GATAACCATTGTCCCAGACC,FMO3,391,104,316
FMO3_CAGTTGACCTCCAGTCCCGC,FMO3,1847,675,537
FMO3_CTTGTGCTGCCCAGCGGGAC,FMO3,455,517,587
FMO3_CACAGATCCCAAATTGGCCA,FMO3,757,419,472
FMO3_TAGTCCCTACCAGTTTAGGC,FMO3,410,300,229
FMO4_TCCTCTAACAGAGCATACCA,FMO4,397,91,73
FMO4_TTCCAAAGATGGGATGACCA,FMO4,951,300,342
FMO4_CTTCGTTATGCTGCACACAG,FMO4,2892,1831,1833
FMO4_TGCTGTGGAACTCAGTCGAA,FMO4,2084,1283,690
FMO4_TGAAGAGCGCCCAAGAACCC,FMO4,1060,266,399
FMO4_GATGATGGAGGCTACTGAAA,FMO4,350,149,133
FMO5_GCGTCCTTGGAGCTCTGAAA,FMO5,1316,491,960
FMO5_TTGGCCTGAAGCCTAAACAC,FMO5,963,561,420
FMO5_GATTAGCCAAACAGCCAAGC,FMO5,676,232,317
FMO5_GATGGAGTCATGGTTTGCAC,FMO5,571,144,25
FMO5_TCCTGAAATACTCCAGGACC,FMO5,83,57,269
FMO5_AAAGGACTGATGACATCGGA,FMO5,573,74,30
FMOD_CGATGAGGCTGGCAAGGCGC,FMOD,591,444,201
FMOD_GAAGTTCACGACGTCCACCA,FMOD,546,522,448
FMOD_AGGAGAGGTCTAGCTCAAGG,FMOD,612,208,311
FMOD_GCTCTCTCAGGGATCGAGGC,FMOD,689,153,58
FMOD_CCAAGCTGAGGCACCTGGAG,FMOD,1024,741,1111
FMOD_GGCGTCTTTGACAATGCCAC,FMOD,374,33,70
FMR1_TTAGCTAACCACCAACAGCA,FMR1,1883,509,650
FMR1_TGGCTTCATCAGTTGTAGCA,FMR1,1637,452,599
FMR1_TCCTGCGCAGAGGAGACGGA,FMR1,183,19,124
FMR1_TGCGCAGAGGAGACGGACGG,FMR1,1737,329,438
FMR1_TCGTCCACGTAATCCAAGAG,FMR1,1958,1004,601
FMR1_GAAGGTAGTCGGCTGCGCAC,FMR1,269,79,145
FMR1NB_AGTGAGCCACACGCATGGCA,FMR1NB,306,37,22
FMR1NB_GCGTGTGGCTCACTTAGAGC,FMR1NB,1033,402,378
FMR1NB_CACGAACAGCAGGATCCAAA,FMR1NB,1374,707,732
FMR1NB_CGGAGCACAGGTAGTAGGAC,FMR1NB,1576,976,975
FMR1NB_AACCGGCCGATGATTTACAA,FMR1NB,1177,165,148
FMR1NB_GGCCGATGATTTACAAAGGC,FMR1NB,2426,617,605
FN1_TCTGTGCAGACCACATCGAG,FN1,1182,425,306
FN1_CCTATGTGGTCGGAGAAACG,FN1,1577,853,728
FN1_CCTACAAGATTGGTGACACC,FN1,649,134,305
FN1_CACTGGGAACACTTACCGAG,FN1,2640,841,702
FN1_ACTTGTTATGGAGGAAGCCG,FN1,429,105,215
FN1_CGGGAGCCTCGAAGAGCAAG,FN1,542,252,287
FN3K_TCGGCCCTCGCTGATGCAGC,FN3K,587,107,182
FN3K_TGTTCGTCAAAGTCAACCGC,FN3K,1008,242,273
FN3K_CATCCTGCCACTCATTCACC,FN3K,261,218,132
FN3K_TGCCGTGCCCACCTGTAGCC,FN3K,1409,506,882
FN3K_GGATCTCTGGTCGGGAAACG,FN3K,1251,238,455
FN3K_CCGGTGGTAGGCGGTGAAGA,FN3K,732,198,233
FN3KRP_CGTGCTGGTGATGGAGCACA,FN3KRP,833,827,364
FN3KRP_TGGAGAGATGCGCCTGAAGG,FN3KRP,3051,553,769
FN3KRP_AATCCAAACCGGGCCACAAA,FN3KRP,1454,492,421
FN3KRP_AAATCCAAACCGGGCCACAA,FN3KRP,1893,271,446
FN3KRP_CATCCCAGCCTTACTCCACG,FN3KRP,2479,503,646
FN3KRP_AGGAATCTGGTCAAGTGAGC,FN3KRP,422,98,155
FNBP1_ACCTCCCACCTGAACAAAGA,FNBP1,1759,204,354
FNBP1_CATGAAGCTTTCTCTCAAGC,FNBP1,2002,363,762
FNBP1_CTCGTTGAAGCGATGGGAGA,FNBP1,2903,864,1284
FNBP1_ATATGCAGAGGTTGATCGGC,FNBP1,1,91,192
FNBP1_TGAACGCGATTGCAAAGAGG,FNBP1,579,229,227
FNBP1_CCTTTGCAGAACTTTCACGA,FNBP1,1308,103,472
FNBP1L_CAGAAAGTTCCGCCATGAGC,FNBP1L,1718,243,173
FNBP1L_GGCTACACACGAGGTAAACC,FNBP1L,1422,384,365
FNBP1L_AGTGCATCCAAACAGGAGAG,FNBP1L,606,124,135
FNBP1L_TATTCAGTGGTCGGTGAAGA,FNBP1L,391,77,96
FNBP1L_TAACATTGACCGCCTACGAA,FNBP1L,1487,279,288
FNBP1L_TTGTAACACAGGGACGAGAA,FNBP1L,1293,431,409
FNBP4_TAAACGCCACTCCTAAAGGC,FNBP4,174,7,3
FNBP4_GGCTGGCTGATATCAGAACG,FNBP4,599,172,18
FNBP4_GGCTCTCTCAAATAGTGAGG,FNBP4,651,26,66
FNBP4_TCCACCTCGACCAGAGCCAA,FNBP4,1071,118,68
FNBP4_CCCACAGCTGTTAAAGCAAC,FNBP4,1502,173,74
FNBP4_TCGGACGACTCGCCTTCAGA,FNBP4,577,0,0
FNDC1_ACCCACATCCTCAATAAGGA,FNDC1,506,214,205
FNDC1_TGAACCGTATGTTTCAGAGC,FNDC1,1272,271,197
FNDC1_GACCGGACACGCACACGCAA,FNDC1,799,464,354
FNDC1_CAGACTGAGATGACATAACC,FNDC1,1656,747,419
FNDC1_CACCGTGCGCTATCGAGAGA,FNDC1,2005,653,419
FNDC1_TCCAAATGGTTTGAGAGCCG,FNDC1,1987,575,327
FNDC3A_AAGTGCAGATGGAACACAAC,FNDC3A,756,186,435
FNDC3A_ACGGGTGAGTACATATGACG,FNDC3A,1977,219,450
FNDC3A_CTAGATGCTCACTCTACACA,FNDC3A,3392,429,473
FNDC3A_ATCAGGTTCACAGCTCAAGG,FNDC3A,315,323,477
FNDC3A_AGTCCTGTATTAACCAAGGC,FNDC3A,797,149,306
FNDC3A_CGTAAACGATAGAAACAGCC,FNDC3A,765,260,361
FNDC3B_AGCAATGGTGGCAGTTCCAG,FNDC3B,934,163,233
FNDC3B_GATGGTGAGTCAGATAGGGA,FNDC3B,384,34,0
FNDC3B_TTCGGGAATAGAGAAACCAC,FNDC3B,925,98,176
FNDC3B_TCCACAGGAAAGTCCAACAG,FNDC3B,1817,619,740
FNDC3B_GAAGCTAACAGGCTCGGAGC,FNDC3B,53,62,69
FNDC3B_GACAAAGCTTTGTCCGGCAA,FNDC3B,1,2,30
FNDC4_CGGAACAGAGTCCTCAGGGA,FNDC4,2278,290,235
FNDC4_GGAGAGCGGCCACTGCAGAC,FNDC4,140,5,97
FNDC4_TCCCGAATCACACGCTGCCC,FNDC4,369,2,35
FNDC4_TGGGACGTCCCAGGACACAG,FNDC4,1175,304,138
FNDC4_GACCGTCACATTCACAGGAG,FNDC4,2711,340,391
FNDC4_GACCTGGGCTTCGTGCGAGC,FNDC4,646,278,607
FNDC5_CCAACAGCTGCGGACAGGCG,FNDC5,726,247,69
FNDC5_AGGAACCAACAGCTGCGGAC,FNDC5,1647,238,78
FNDC5_CATCTTCTCAGCCTCACGCG,FNDC5,379,94,92
FNDC5_GAATGGAGATGGCCTGCACG,FNDC5,719,138,92
FNDC5_CCAGAGGGCACATGAGCGGG,FNDC5,747,570,226
FNDC7_CGGGACTAAAGGCTGCAACC,FNDC7,1589,516,593
FNDC7_GAGAGTTCCGGCTTCTAAAC,FNDC7,256,237,115
FNDC7_TTCCTAGTTGCTTGTGCACC,FNDC7,412,363,311
FNDC7_TACAGTTCGGCACCACGGAC,FNDC7,695,303,202
FNDC7_CTGTATCAGTGCAGCAGCAC,FNDC7,1457,819,479
FNDC7_TAAGTGCCATGCTGTCCAAC,FNDC7,594,501,405
FNDC8_AACCGGACCGTCACTACCAA,FNDC8,2055,421,456
FNDC8_ATGCCCATCGAAGTCCCAGA,FNDC8,715,56,149
FNDC8_ACAGGAGGTGGCCAAGACAC,FNDC8,969,35,0
FNDC8_ACAGGAGAATGAGTTGCCCG,FNDC8,1280,233,378
FNDC8_AAAGATCGTGTCCATCGGGC,FNDC8,634,137,166
FNDC9_CTGATGCGGGTGCCTTACAG,FNDC9,861,286,339
FNDC9_CACCCTGGATAAGAGTCCGC,FNDC9,566,390,154
FNDC9_CCTTCTTACAGCTGATGCAC,FNDC9,1238,340,53
FNDC9_CAGCTTCCACCACGAGGAGA,FNDC9,1107,190,261
FNIP1_GGCAAAGCAATGAGATCCAC,FNIP1,372,0,17
FNIP1_AGAACTGCAGTAATGAGAGC,FNIP1,1476,230,301
FNIP1_GAAAGCTGTGGCCCTAACCC,FNIP1,478,122,261
FNIP1_AAGAGGCGCTCCTGATCAGG,FNIP1,662,109,106
FNIP1_AAAGTGTTTACTGCTCGGAC,FNIP1,201,350,182
FNIP1_CTTCAGCAAGAGGACCGGGC,FNIP1,457,85,174
FNIP2_ACCGTTCAGGAGATGTGCGG,FNIP2,629,360,293
FNIP2_ATATCAGCCAAGTGCTGCCA,FNIP2,172,250,229
FNIP2_CCTCTGCTTGGCATATCAAC,FNIP2,371,332,463
FNIP2_GACTTCGAAGCCAGCGGCGC,FNIP2,297,107,87
FNIP2_GAATGTCTCATCAGTTGACC,FNIP2,132,32,60
FNIP2_TAAACTCCTTGAGAAAGCGC,FNIP2,377,177,75
FNTA_AGCTGCGGACCGAGGCGAGA,FNTA,324,65,160
FNTB_ACAGCGGCTCTGACCAGACG,FNTB,860,162,145
FNTB_GGCGGCTGGCATCCAGACAC,FNTB,565,1,40
FNTB_ACCTCCGACATGCATGAGAA,FNTB,786,15,42
FNTB_GCACTGCTGAATGGATAGCA,FNTB,1092,22,0
FNTB_TGGCTATACCTTCTGTGGCC,FNTB,646,93,177
FNTB_TGCTACTCCTTCTGGCAGGC,FNTB,1372,643,924
FOCAD_CAGTGTTGAACTTCTGAAGG,FOCAD,1434,364,576
FOCAD_TCTGATCCTCAGTAACAGAG,FOCAD,368,156,159
FOCAD_CACCTCCTTGTTGAAGACAA,FOCAD,786,216,139
FOCAD_ACCTAAGCTTGGTGTTCACA,FOCAD,710,307,53
FOCAD_TCCTTGCCCACCGAAAGAGA,FOCAD,304,111,124
FOCAD_AAGCAACCAGGACTGAAACC,FOCAD,1617,352,499
FOLH1_CCCTACCGAAGAGGAAGCCG,FOLH1,1146,876,400
FOLR1_CGAGGACAAGTTGCATGAGC,FOLR1,1448,237,227
FOLR1_GGACAAGTTGCATGAGCAGG,FOLR1,939,98,240
FOLR2_AGCCACCATGTGCAGTGCCC,FOLR2,1300,157,67
FOLR2_CTGGGACCACTGCGGCAAGA,FOLR2,3301,787,738
FOLR2_GGATGTGCCCTTATGCAAAG,FOLR2,1988,802,846
FOLR3_ATCAATAATCCCACGAGACG,FOLR3,1232,345,318
FOLR4_TGTGGACAGTCATGCCCACC,FOLR4,548,198,262
FOLR4_AACAGGCTGAAGTTGTAGAG,FOLR4,1410,257,297
FOLR4_AGCCCTGAGCGACGGAACAG,FOLR4,1830,659,387
FOLR4_ACTGTTCCGTCGCTCAGGGC,FOLR4,984,219,292
FOLR4_GCTCTCAGGAAAGGAACGGC,FOLR4,92,103,119
FOPNL_TTCTTGCGTGGAACTAAGGA,FOPNL,699,163,218
FOPNL_CCTTAGTTCCACGCAAGAAA,FOPNL,1265,369,519
FOS_AGGCGAGCCCATGCTGGAGA,FOS,661,93,150
FOS_CTAGGACTTCTGCACGGACC,FOS,966,151,490
FOS_AGTTGGCACTGGAGACGGCC,FOS,485,27,78
FOS_CAGCCAAATGCCGCAACCGG,FOS,2299,392,579
FOS_CAAATGCCGCAACCGGAGGA,FOS,494,105,235
FOS_AGGTGACCACCGGAGTGCAC,FOS,367,199,262
FOSB_AGATATTGAGACTCGGCAGA,FOSB,474,105,101
FOSB_GGAACCAGCTACTCCACACC,FOSB,712,193,323
FOSB_TACAGCAGTGGCGGAGCGAG,FOSB,1044,164,428
FOSB_AGGAGAAGCGAAGGGTGCGC,FOSB,309,54,263
FOSB_GGAGAAGCGAAGGGTGCGCC,FOSB,1,10,4
FOSB_TCAGCACCGGCTAAGGAAGA,FOSB,1764,400,294
FOSL1_CTGTGCCTTACCTGTTCACA,FOSL1,908,3,27
FOSL1_ACGTCGAAGGCCTTGTGAAC,FOSL1,1098,139,236
FOSL1_TGTTGATGCTTGGCACCAGG,FOSL1,242,25,90
FOSL2_TTGACGTGAGTGAATCCACA,FOSL2,665,243,218
FOSL2_GAATCCACATGGTACAGGGC,FOSL2,333,6,38
FOSL2_GCCGAGTCCTACTCCAGCGG,FOSL2,1674,259,435
FOSL2_CCAATGGTCTTGATCACGCC,FOSL2,950,558,509
FOSL2_CAAGTGCCGGAACCGACGCC,FOSL2,199,152,419
FOSL2_TCTGCGGTGAGCCTTGGAGC,FOSL2,1057,121,189
FOXA1_CTGGAGCCGGCGTACTACCA,FOXA1,1785,677,384
FOXA1_TAGGACATGTTGAAGGACGC,FOXA1,174,154,85
FOXA1_CATGTTGCTGACCGGGACGG,FOXA1,2097,243,376
FOXA1_CTACTACGCAGACACGCAGG,FOXA1,739,648,303
FOXA1_CAGCTACTACGCAGACACGC,FOXA1,393,339,319
FOXA1_AAGGGCATGAAACCAGCGAC,FOXA1,65,185,74
FOXA2_GAACAGGTGATGCACTACCC,FOXA2,474,314,189
FOXA2_ATGTCGTCGTACGTGGGCGC,FOXA2,1102,181,188
FOXA2_TCCGTGAGCAACATGAACGC,FOXA2,2015,306,531
FOXA2_TAGTAGCTGCTCCAGTCGGA,FOXA2,801,74,135
FOXA2_AAGGGCACGAGCCGTCCGAC,FOXA2,218,637,226
FOXA2_GGCTTCCAGTATGCTGGGAG,FOXA2,1237,295,326
FOXA3_GAAGATGGAGGCCCATGACC,FOXA3,204,18,50
FOXA3_CGAGTGGAGCTACTACCCGG,FOXA3,492,155,233
FOXA3_TGGAGCTACTACCCGGAGGC,FOXA3,1009,316,417
FOXA3_GCACGGGAAGGAGATGCCGA,FOXA3,245,69,75
FOXA3_GAGCCTGGAGTCTACTACCA,FOXA3,771,71,252
FOXB1_AGGAAGAAGATGCCTCGGCC,FOXB1,362,26,38
FOXB1_TCGCTGTACGTGTTGCGGCC,FOXB1,1217,1001,765
FOXB1_ACAGGGAGAACACGCAGCGC,FOXB1,1544,225,230
FOXB1_GGCCGAGTCGATCATGCCGG,FOXB1,602,232,131
FOXB1_GGTGGCTGTTTGCGAGGACG,FOXB1,274,14,54
FOXB2_AGGCCCGACCAGCCTGGCAA,FOXB2,1670,239,215
FOXB2_TGTACCATGTGCGGCGGCGG,FOXB2,1404,293,463
FOXB2_GGCTCCAGCAGAGAGGCAAC,FOXB2,537,127,260
FOXB2_CCTACCTCGGCCGAAAGCAA,FOXB2,718,93,152
FOXB2_ACCTCGGCCGAAAGCAAGGG,FOXB2,648,164,158
FOXC1_AGTAGCTCTGCTCGCCGCCG,FOXC1,610,161,127
FOXC1_CTTGATGTCCTGGATGCGCA,FOXC1,398,336,137
FOXC1_TCGTCCCTGAGTCACGGCGG,FOXC1,39,134,83
FOXC1_CGGGAATAGTAGCTGTCAAA,FOXC1,1927,566,646
FOXC2_CCACCCGGAGCAGTACAGCG,FOXC2,3099,406,480
FOXC2_ACCAGGTCCTTAGGCGCCGC,FOXC2,107,28,30
FOXC2_CACCAGGTCCTTAGGCGCCG,FOXC2,1870,383,264
FOXC2_GGTGGTGATCAAGAGCGAGG,FOXC2,241,0,5
FOXC2_GCTGCCGGTCATCACCAAGG,FOXC2,289,61,123
FOXD1_TAAAGTTCTCGACACTGGAC,FOXD1,759,29,143
FOXD1_AAAGTTCTCGACACTGGACA,FOXD1,968,174,286
FOXD1_CCGTAGCCGTAGGCATGCGG,FOXD1,163,71,36
FOXD1_CGAGGAAACAGACATCGACG,FOXD1,3680,789,1311
FOXD2_TCTCGCAGCAGCAGCTGCCC,FOXD2,192,20,95
FOXD2_GGCCGACGCAGACATAGACG,FOXD2,1459,520,262
FOXD2_GAGTCTGGTGGCTGCTCGGA,FOXD2,756,53,240
FOXD2_ATAGACCACATCATGGGCCA,FOXD2,802,80,34
FOXD2_CAGTCAGCATGGCCAAGACC,FOXD2,1096,536,498
FOXD2_GGCGACTTTGCTGGCAAACC,FOXD2,840,411,745
FOXD3_ACGCTTCAAGCGCCACCAGC,FOXD3,451,130,415
FOXD3_GAGCTTCGGCGCTTACAGCC,FOXD3,209,337,418
FOXD3_GCAGCTGCAGCTCAATAGCC,FOXD3,102,285,414
FOXD3_TCAAGTCCGAGCCAAGCGCG,FOXD3,1097,971,917
FOXD3_CACGCTAAGAATGGGCGCGA,FOXD3,1076,655,252
FOXD3_CGGCCATTTGGCTTGAGCGG,FOXD3,961,124,311
FOXE1_CTTCCTCAAGATCCCGCGCG,FOXE1,2766,538,579
FOXE1_TGTAAGCCGGGTAGGTGGAG,FOXE1,285,930,420
FOXE1_CCGCGTCGTGCATGTAAGCC,FOXE1,1484,1187,1634
FOXE1_CCAGGCCGAAGACGCGGCAA,FOXE1,829,108,292
FOXE1_GGTAGCCGGTGGTGGTAGCG,FOXE1,384,113,137
FOXE1_AGGCTCCCAGCGCTCCGAAC,FOXE1,1674,659,667
FOXE3_CAAAGCGTTCGGTGATGAAG,FOXE3,1428,680,547
FOXE3_TCGACGCTGAACAGACGCGC,FOXE3,722,256,477
FOXE3_TCTGTTCAGCGTCGACAGCC,FOXE3,543,221,220
FOXF1_GGAAGCGGCTCTGCAGGAAC,FOXF1,0,87,106
FOXF1_AGCCGTAGGTGTCCGGGAGG,FOXF1,421,203,593
FOXF1_CGTCCACGTTGCCCGGCAAG,FOXF1,2222,437,846
FOXF1_CACTCACCTTGCAGCTCGGC,FOXF1,440,131,114
FOXF1_TCCTCTTCCATGCACTCGGC,FOXF1,102,172,163
FOXF1_CTTCCATGCACTCGGCCGGC,FOXF1,689,289,208
FOXF2_CTCGGCTGCCTGCAAGAGCG,FOXF2,27,19,0
FOXF2_GCGCTCTTGCAGGCAGCCGA,FOXF2,197,126,26
FOXF2_CCGCACATGTCGCCCAACCC,FOXF2,4214,385,1131
FOXF2_TGGCCATGTAGGTGGAACCC,FOXF2,1165,53,211
FOXF2_ACGACCCGCTAGCTGAGGGA,FOXF2,903,98,323
FOXF2_CTTTCCGTTCACATGACGCA,FOXF2,446,296,164
FOXG1_GACAACCACCACGCGAGCCA,FOXG1,1505,115,93
FOXG1_GGGCCGGACGAGAAGGAGAA,FOXG1,534,233,232
FOXG1_TTACTACCGCGAGAACAAGC,FOXG1,891,365,340
FOXG1_CACTACGACGACCCGGGCAA,FOXG1,2170,1039,327
FOXG1_CGTGTTCATCGGCGGCACCA,FOXG1,1939,595,663
FOXG1_CAACACGGAGCTGTAGGGCA,FOXG1,1446,120,109
FOXH1_TGGCAGAACGGAGGTGCGCG,FOXH1,1077,473,640
FOXH1_CTGTGCCGGCGCTGGCAGAA,FOXH1,2362,844,1195
FOXH1_CTCGTAGTCTTCCCTGAAGA,FOXH1,578,521,364
FOXH1_GGCCAGCTTCAGTCTGCGGG,FOXH1,1518,297,107
FOXH1_GGGAGCGGCCTGAATCACCA,FOXH1,262,85,104
FOXH1_ATGGCCAAGTAGGTGTAGGG,FOXH1,720,204,158
FOXI1_GAGAACTTCTTCCACCCACA,FOXI1,1,73,42
FOXI1_CTCAGCGGCCCTCCTTCGAG,FOXI1,768,171,281
FOXI1_TCATCAGCTCCTCCTGCGAG,FOXI1,1017,553,564
FOXI1_TATGACAGCCTATGTGAGCG,FOXI1,405,241,105
FOXI1_ATGACAGCCTATGTGAGCGG,FOXI1,371,413,379
FOXI1_TCAGTCCTGGTGTGACCAAG,FOXI1,1674,357,593
FOXI2_GGCGCGTTCACCCACAGGAG,FOXI2,999,138,506
FOXI2_TGGCGCGTTCACCCACAGGA,FOXI2,781,133,186
FOXI2_TTTCTACAAGCGCAGCAAGG,FOXI2,764,237,249
FOXI2_GCCTCGGGTGCGGATGGAGA,FOXI2,869,87,53
FOXI2_CAGTCACCTCCTCTACAGCC,FOXI2,841,126,237
FOXI2_TCCCTTCCCGGCTGTAGAGG,FOXI2,1026,262,249
FOXJ1_CCACTGCCGCTCTCGTCCCA,FOXJ1,670,151,32
FOXJ1_TCGGCAGCCTGCTCCACCGA,FOXJ1,1499,556,465
FOXJ1_ACATCGACTGCCCTGCCACC,FOXJ1,0,172,21
FOXJ1_GGGAGTTCGAGGAGGCCACC,FOXJ1,91,1,111
FOXJ1_TCCGCCACGCAGATCCCACC,FOXJ1,489,465,543
FOXJ1_AGCGTGGCATACGAGTAGGG,FOXJ1,706,339,340
FOXJ2_AGCAGCCGCAAGTGTTCACC,FOXJ2,8,12,45
FOXJ2_ACCTCGGGATGACCCTGGGA,FOXJ2,255,0,12
FOXJ2_CTTTCGGGAAATGTCAGGGC,FOXJ2,655,87,72
FOXJ2_AGGAGGCAAGCAAGAGCCCA,FOXJ2,588,87,246
FOXJ2_GGACTTATAGAGGTTGCGGA,FOXJ2,829,190,117
FOXJ2_ATGTAGTAGTTGTTCGAGGG,FOXJ2,1327,147,310
FOXJ3_TCTGATGGAGAGTATGAGAC,FOXJ3,716,169,186
FOXJ3_AGGCAGTAATTCGGTTGCAC,FOXJ3,488,166,129
FOXJ3_GAGCAGTCACTTAGTCAACA,FOXJ3,1770,494,101
FOXJ3_GAGGGCACGATCTGTAGAAC,FOXJ3,879,181,241
FOXJ3_CCTCGATCTAAGGATGACCC,FOXJ3,640,208,193
FOXJ3_CCAGATGGGTTTGTATGGAC,FOXJ3,1454,165,359
FOXK1_AGCTGGTAGCAGAAACGAGA,FOXK1,790,132,89
FOXK1_GAACGGCGTCTTCGTGGACG,FOXK1,778,125,106
FOXK1_GGCCGTGCTGGGAAACCGGA,FOXK1,483,28,46
FOXK1_TCCTGCCCAGCCAGTCCACG,FOXK1,1108,93,176
FOXK1_TACTACCGGACGGCCGACAA,FOXK1,900,431,359
FOXK1_TTGAGGACAGAGGCCCGAAG,FOXK1,1249,231,230
FOXK2_GAAGATCTCGAGGTGGCGCC,FOXK2,1,167,19
FOXK2_AGGGCTGATGAGGTGGGCCA,FOXK2,1324,13,132
FOXK2_TTCAGGTGGAGACAGCCCGA,FOXK2,1761,0,0
FOXK2_GATAGTTCAGGCGATTACGA,FOXK2,654,101,35
FOXK2_AGAAGAGAGCGGTCCCAGAG,FOXK2,2390,824,680
FOXK2_CCCGCGTGATTGGGAGAGGC,FOXK2,584,172,318
FOXL1_CAAACATGTCCAGGCAGCGG,FOXL1,1208,193,298
FOXL1_CTTCGGAGAGCTGCGGGAGG,FOXL1,1605,342,103
FOXL1_AAGCGTTGAAAGGCGGACGG,FOXL1,290,305,196
FOXL1_ATCAGGGAAGCGTTGAAAGG,FOXL1,1915,253,267
FOXL1_CTCGACCCGCATGTCCAGGG,FOXL1,1058,359,285
FOXL2_GCACAAGCGAACTGCAGGCC,FOXL2,619,307,366
FOXL2_TGTACGAGTTCACTACGCCG,FOXL2,1201,199,271
FOXL2_TGTGTACGGCCCGTACGAGG,FOXL2,545,218,325
FOXL2_GGAAGGGCCTCTTCATGCGG,FOXL2,340,1,214
FOXL2_CGAACATGTCTTCGCAGGCC,FOXL2,1441,308,530
FOXM1_GGCAATGGCACCTTCACCGA,FOXM1,749,61,229
FOXM1_GACCGAATCCAGAGCTCCGC,FOXM1,1,14,105
FOXM1_CCGCTACTTGACATTGGACC,FOXM1,3600,636,595
FOXM1_AGCACATTGCCAAGCCAGGC,FOXM1,631,220,170
FOXM1_CCGCAGCATCAAGCAAGAGA,FOXM1,692,156,169
FOXM1_GATTAGACTCCTGTTGGGCA,FOXM1,1122,32,145
FOXN1_ACTGGAGGGCGAGCGCCAAG,FOXN1,787,24,251
FOXN1_AAATGACGAGCAGCTGAAGC,FOXN1,1722,162,205
FOXN1_TGACCTCCTCAGTACTCGCC,FOXN1,1322,161,226
FOXN1_TGTAGATCTCGCTGACGGGA,FOXN1,151,74,72
FOXN1_ATCAGGAAGTTCCTCCCGCA,FOXN1,911,163,127
FOXN1_CCGTCCGGCTGTGGGAACAA,FOXN1,1663,778,791
FOXN2_CTGGTAGCAAGCTGGTCCAA,FOXN2,1124,195,166
FOXN2_TCTGGGTTCTGGTAGCAAGC,FOXN2,913,150,210
FOXN2_TACCTTTGAGGTTTCGCACC,FOXN2,1318,223,260
FOXN2_CTCTTGTAATCGTACAGCAC,FOXN2,1340,708,512
FOXN2_ATGTACGAATTCCAGCAAGG,FOXN2,1005,300,424
FOXN3_GCCAGCACTTCGCCAAGGCC,FOXN3,222,94,45
FOXN3_GAAGCGCCAGCACTTCGCCA,FOXN3,958,270,260
FOXN3_CTAGGGACCTACCTTGGAGA,FOXN3,1369,261,556
FOXN3_CTGACATCCGATTAGAAGAG,FOXN3,2903,456,760
FOXN3_CCTGACATCCGATTAGAAGA,FOXN3,1534,472,496
FOXN3_GCCTGACATCCGATTAGAAG,FOXN3,2281,593,607
FOXN4_CCTGGCCCGCATCGACAAGA,FOXN4,1643,1367,679
FOXN4_GGCCATGGCGATCAGACAGC,FOXN4,491,270,276
FOXN4_GGGCCATAGAGGCCCACAGG,FOXN4,120,78,57
FOXN4_CAGACCTGGCATGCCTCGGG,FOXN4,334,1,76
FOXN4_GCAGATGGCAAGTGGCCGCG,FOXN4,1121,2026,1775
FOXN4_ACCTGTATTCCTGTGGAGAG,FOXN4,747,353,467
FOXO1_GGTCAGGCGGTTCATACCCG,FOXO1,157,174,183
FOXO1_CCAGAACCCGGCTGTTGGGC,FOXO1,672,354,385
FOXO1_GGTGGCGCAAACGAGTAGCA,FOXO1,288,195,266
FOXO1_TTGGTGGATGCTCAATCCAG,FOXO1,543,497,170
FOXO1_TGGAGGTGGCCGAGTTGGAC,FOXO1,831,175,518
FOXO1_GGACTGGCTAAACTCCGGCC,FOXO1,437,173,36
FOXO4_AGATCTGGCTCCACCTCGGG,FOXO4,377,96,241
FOXO4_GGCTGTAACAGGTCCTCGGA,FOXO4,233,140,248
FOXO4_CCAGGCCATTGAAAGCGCCC,FOXO4,732,384,188
FOXO4_CACTCCGAGATAGCAGGGAA,FOXO4,1065,596,808
FOXO4_GAGACCACTCCGAGATAGCA,FOXO4,265,124,196
FOXO4_GGAGAACCTGGAGTGTGACA,FOXO4,366,95,47
FOXO6_GACTTGGCCGGCGACGAGGA,FOXO6,896,128,114
FOXO6_AGAGCTCTCGGCGGAACGCG,FOXO6,569,223,68
FOXO6_TTTCATCCGCGTGCAGAACG,FOXO6,1518,352,362
FOXO6_TTCATCCGCGTGCAGAACGA,FOXO6,663,223,294
FOXO6_TCGCCTTGCCCTTGATGCGC,FOXO6,1148,405,752
FOXO6_TGGACCTCGACATGTTCAGC,FOXO6,381,116,42
FOXP1_TCTCAGTCCACACTCCCAAA,FOXP1,1942,214,151
FOXP1_GGCCTTCTGACAATTCAGCC,FOXP1,574,44,277
FOXP1_GCAGGCCCTCATGCTTCAAC,FOXP1,216,144,181
FOXP1_CTGGCTGTTTCTGCGAAGCG,FOXP1,674,116,327
FOXP1_GCAGGACTTCCAACTCCCAA,FOXP1,80,167,108
FOXP1_GCCATCCAGAATGGGTCGGG,FOXP1,8,76,31
FOXP2_TACTGTGCTTACTTCAGAGC,FOXP2,276,226,248
FOXP2_CAGCCTGCTGTTGTTGGAGA,FOXP2,793,464,563
FOXP2_CCTTGAGGCAGCGATTGGAC,FOXP2,2014,334,346
FOXP2_TTCTAAGTGCAAGACGAGAC,FOXP2,902,288,379
FOXP2_CTGAGGGTCGCATGTGCAAG,FOXP2,3076,741,740
FOXP2_GGCTCCCACATTGGGCACAC,FOXP2,898,491,286
FOXP3_CACCCAGGCATCATCCGACA,FOXP3,2389,950,1068
FOXP3_GAGTGCCATGCAGGCCCACC,FOXP3,2,0,0
FOXP3_TGCCCTTCTCATCCAGAAGA,FOXP3,332,246,250
FOXP3_CAAGTGGCCCGGATGTGAGA,FOXP3,1017,146,316
FOXP3_CCCACCCACAGGGATCAACG,FOXP3,3659,727,1146
FOXP3_TCATGGCTGGGCTCTCCAGG,FOXP3,602,45,22
FOXP4_CAACTGCAAGTGGCACGGGC,FOXP4,212,346,167
FOXP4_GCAAGCCCTCATGCTCCAGC,FOXP4,161,203,261
FOXP4_TGCTCACATCTCGGAGAGAC,FOXP4,1288,425,848
FOXP4_CACTCTCCGTGTCCGTACAG,FOXP4,1782,880,719
FOXP4_CCTCAACACAGAGCACGCCC,FOXP4,1585,35,79
FOXP4_AGCTCGCCAAGGAGAGCGAG,FOXP4,70,2,0
FOXQ1_GGCGAACAGAGTGCGGGAGG,FOXQ1,2,160,51
FOXQ1_GCGAGTACACCTTCGCCGAC,FOXQ1,15,86,119
FOXQ1_CAGGATGCTGTCGATGGCGA,FOXQ1,479,696,501
FOXQ1_CCACTGAAGCGTCGTCCCGG,FOXQ1,695,299,576
FOXQ1_CCCACTGAAGCGTCGTCCCG,FOXQ1,1255,497,922
FOXR1_CGGAGTTTATACCTGGCAAC,FOXR1,885,464,300
FOXR1_GAGACCGCTTGCTGGAGGAC,FOXR1,243,90,143
FOXR1_AAAGGCAAACCGCTTCCGAG,FOXR1,1450,253,197
FOXR1_TGTTGCACGTTGAGGCCACA,FOXR1,317,295,336
FOXR1_TCCCTCCCTCTGAGGGCCCA,FOXR1,300,192,71
FOXR1_TGCCTGTCAGCATGCAGGGC,FOXR1,286,223,179
FOXR2_AGGTGGCTACAATTGAGAGG,FOXR2,1840,572,330
FOXR2_AGCTTCCAAAGGCAAGAGCG,FOXR2,895,226,318
FOXR2_CCTTTGGAAGCTCACTAAGG,FOXR2,1432,406,571
FOXR2_TTTGGAAGCTCACTAAGGAG,FOXR2,606,170,240
FOXR2_CCTCCTTAGTGAGCTTCCAA,FOXR2,416,70,97
FOXRED1_ATTCGGAGGGTTCTGCCGCA,FOXRED1,301,142,167
FOXRED1_TCCTTCAGGACCCGAAACCA,FOXRED1,872,213,278
FOXRED1_TTCGAGTGCTAGTGGTGGAA,FOXRED1,1520,885,1024
FOXRED1_CCCACCTACTGAGAGCCCAG,FOXRED1,2026,241,54
FOXRED1_GGGTTGAACCGGAGGTCCAG,FOXRED1,40,33,8
FOXRED1_CACGTTTATCTCAGGCAGGA,FOXRED1,1208,391,316
FOXRED2_TCCCTGTGAGTGTCTCCAGC,FOXRED2,170,95,137
FOXRED2_ACCGCCACCACAGCGTCACC,FOXRED2,724,169,567
FOXRED2_ATCCACGGATTCCGATACAC,FOXRED2,507,498,449
FOXRED2_TGAGCTGGTAGGTATCCAGC,FOXRED2,566,159,34
FOXRED2_AGGCCGAGTTCCCACGACCC,FOXRED2,1212,259,241
FOXRED2_CTGATGAGCTTGCGGTGCCG,FOXRED2,2421,330,366
FOXS1_TCCTGGCGTCCGGTATAGGC,FOXS1,158,32,16
FOXS1_CCCTGCCTATACCGGACGCC,FOXS1,866,229,127
FOXS1_TCGCCTTCTACCGCCACAAC,FOXS1,1781,591,864
FOXS1_GCGGTAGATGCCACTGAGGG,FOXS1,1226,300,136
FPGS_TAACGACCCAGGTCGCGGCG,FPGS,545,242,74
FPGS_CAGGGTATTGAGCATGCGCA,FPGS,274,307,176
FPGS_ATCCACGTCACTGGGACGAA,FPGS,795,757,672
FPGS_CGAAGCTATGGCCTGAAGAC,FPGS,2092,1093,584
FPGS_TGGTCTTTGACAGGTGGACC,FPGS,313,60,164
FPGS_GGTGTGGTCGATGCCAAGAG,FPGS,1434,620,802
FPGT_TGGGCTTATGAAGGAAACGA,FPGT,1397,292,446
FPGT_GAATACTCCACAACTGAGCC,FPGT,21,130,104
FPR1_GCTCTATGTCTTCATGGGCC,FPR1,519,107,18
FPR1_GCCCATGAAGACATAGAGCA,FPR1,1417,587,221
FPR1_TCTCACCGTCAACATGGCAA,FPR1,1326,208,341
FPR1_GAGGACATTGGCCTTTCGGC,FPR1,33,184,0
FPR1_GACCATGAAGAATGGCAAAG,FPR1,718,263,411
FPR2_CCCATAGCAGATGGCAACAA,FPR2,2171,1057,980
FPR2_TGCAATGAGCCCATAGCAGA,FPR2,1375,89,230
FPR2_GCCCACAAAGACGTAAAGCA,FPR2,1504,761,1110
FPR3_TGCCATCCTACCATTCCGAA,FPR3,2089,563,787
FPR3_TGGCCAGACTCATGGTGCGA,FPR3,568,546,563
FPR3_CAGCGAAGACACGTAAGGGA,FPR3,1770,326,518
FPR3_CTTTGCCCACTAGTTTGGAG,FPR3,602,844,560
FRAS1_AGAATGACCTACCGCCAACA,FRAS1,3001,735,670
FRAS1_CCCTCAATGTGCCTTTGAGA,FRAS1,677,253,147
FRAS1_TGGTGTCCACATGACAGCGG,FRAS1,492,456,226
FRAS1_TACACAGACATTTGGCACAC,FRAS1,1797,446,726
FRAS1_GCAAGATCCTGCTCTGCAGC,FRAS1,0,61,149
FRAS1_TACCAGGACGAAATGTGGAA,FRAS1,1381,384,312
FRAT1_ACAGTCTCCGCCAACGCGGG,FRAT1,234,295,193
FRAT1_CTTGATGGGCCTCCGGGAGC,FRAT1,939,26,0
FRAT1_TCATCAAGGAGGCCGTGCGA,FRAT1,2220,64,50
FRAT1_GGGAGGGCGCAGCTCAGAAC,FRAT1,558,91,45
FRAT2_CAGGCTCCTTGCTCTGACGC,FRAT2,610,342,193
FRAT2_ACTCCAACGAGCCGTCGCCG,FRAT2,484,216,159
FRAT2_GGCTCGTTGGAGTCTCCGCA,FRAT2,464,47,26
FRAT2_ACCGTCTCAGCCGAAGCGGG,FRAT2,590,39,119
FRAT2_GCTGCAGCAGTCGGTGACGC,FRAT2,739,385,260
FREM1_ACCGTTGGTGGCCTGCAGCA,FREM1,707,739,779
FREM1_CCTGTATTCCAGGATACACG,FREM1,843,173,440
FREM1_GGCCGTGTTTATTCTGGAAG,FREM1,1417,717,637
FREM1_GATCCAGATGCTGATAACGA,FREM1,699,206,397
FREM1_CTGTGTGGCTGATCTCCACG,FREM1,2175,809,502
FREM1_CCTTCATCAGCATCAACCGC,FREM1,1921,424,383
FREM2_CCGCCAGTCGCTCACCAAAC,FREM2,3764,1893,2110
FREM2_GGCATGGATCTCCTTTGAAA,FREM2,714,467,310
FREM2_GAGATCGTTGATCCAGGAGA,FREM2,282,14,1
FREM2_CTTCAACGGAGTATTTGGAC,FREM2,875,145,261
FREM2_CCGCTTTGACAAAGATGAAC,FREM2,1261,712,722
FREM2_TGACACTAGAAGACTTGGAC,FREM2,943,654,480
FREM3_TGTTGGTATCAGCCGAAACC,FREM3,1399,346,364
FREM3_GAGGTTTGTGTTTGGAGAAG,FREM3,762,353,291
FREM3_CGTTTCACTTAGGCTGCCAG,FREM3,961,225,202
FREM3_TAGTCTGTCCAGGATTGAAC,FREM3,1078,375,215
FREM3_CAAGCCCAGTTTAGATGGAA,FREM3,1229,290,380
FREM3_CGCGGATCCTCACGAGCAGC,FREM3,305,221,337
FRK_TCAAGGTATGACAGGTGCCC,FRK,841,435,206
FRK_TCCAAATGACTTCCTGAGGG,FRK,1483,259,556
FRK_CAGTTTGGCGAAGTATGGGA,FRK,392,10,74
FRK_TGACGGCCTGTGTGTCAAGC,FRK,2213,485,815
FRK_AGTCCTCAGCAGTCCGAGCC,FRK,918,234,265
FRK_TCTGCCTCCGTGGACAAACA,FRK,1516,369,351
FRMD1_TCCCACCGTGATCCTGGGAC,FRMD1,164,208,221
FRMD1_TACCCTGCACCGTGAGCGCC,FRMD1,655,173,176
FRMD1_GCTCGAAGTACCTCCCGGCA,FRMD1,1340,203,362
FRMD1_CACTCGGAGGAAGGCCACGA,FRMD1,1563,472,621
FRMD1_TTTCCAGCAAGTGTGCAACG,FRMD1,1211,318,490
FRMD1_GACCCTGGGAATGGACGCGA,FRMD1,1015,194,239
FRMD3_AAGGTCACAGCTCGTAACAC,FRMD3,1723,237,829
FRMD3_ACAGACTTACCCTCACCCAG,FRMD3,1024,213,190
FRMD3_ACTCACCTGTGCACCTCAGG,FRMD3,309,196,171
FRMD3_TTATGTGATTGGCACCCAGA,FRMD3,604,106,106
FRMD3_CTTGAACAATACAGGCACCC,FRMD3,1081,297,313
FRMD3_CGAGTCGTCCAGCAGCCGGA,FRMD3,1589,478,360
FRMD4A_TGGAAGTTCATGACCCACGC,FRMD4A,300,130,195
FRMD4A_AGGACAAGCAGGGCATACCA,FRMD4A,786,37,57
FRMD4A_AAACTGAACGGTCAGACAAG,FRMD4A,1902,116,87
FRMD4A_TATTGACGTTGACAGCGAAG,FRMD4A,417,10,54
FRMD4A_CTTCCCTCTTAGATGACGGA,FRMD4A,365,63,145
FRMD4A_CACTCATATGACCACGGAAG,FRMD4A,1083,454,261
FRMD4B_AGACAAGGTGAAGCCTCGGA,FRMD4B,247,198,24
FRMD4B_ATTTGGCTTACCAGTAGGCA,FRMD4B,1034,176,147
FRMD4B_GGCACCTACCTTGTGCACAC,FRMD4B,513,257,191
FRMD4B_CACGATTTGCCCAAGAAACC,FRMD4B,2199,775,1026
FRMD4B_CCAGTCTCCTATCATCCAGG,FRMD4B,805,506,312
FRMD4B_CGGTCAAGTTCCATACGAAG,FRMD4B,1935,650,718
FRMD5_TTACAGTGGCCGAGTTGCAA,FRMD5,1659,200,148
FRMD5_TCTCGATTCCACATTTCCAG,FRMD5,687,123,139
FRMD5_TGTTGCTGGTGTTTGACCAC,FRMD5,1414,239,171
FRMD5_TCAGTGCAGTCGCAACAGAG,FRMD5,956,598,743
FRMD5_TCTTTGCAGAGAGATGCCAA,FRMD5,429,113,104
FRMD5_GCTGTCGTCCAGCAGCCGCA,FRMD5,69,1,47
FRMD6_CACAAACCTGGACCAGCAAC,FRMD6,2947,867,1152
FRMD6_CATAGTACTGCACACGGAAG,FRMD6,1116,1165,1954
FRMD6_AAGATCAGCCTGCAGGGCAA,FRMD6,135,252,176
FRMD6_CAACAGGTTGTTTCCAAGAG,FRMD6,1905,1077,1697
FRMD6_TTCCGGATATGGCGCAGGAC,FRMD6,1985,298,328
FRMD6_CCTGTAAGTCCTCTTCCAGC,FRMD6,1380,131,138
FRMD7_TACGGATATGTTTGCAGAGC,FRMD7,784,248,409
FRMD7_TGTCGTTCATGGTACTGAGA,FRMD7,864,385,385
FRMD7_ATGATAGTGGACGAACCCAA,FRMD7,592,170,325
FRMD7_GGATACCTTGGAGTTCACCA,FRMD7,971,178,103
FRMD7_CTCCCATGTGAGCAACAGCC,FRMD7,796,457,533
FRMD7_CGCAGATGTCCAGGGTCCAC,FRMD7,1648,286,230
FRMD8_TTGCAGATGGACGGGACAGA,FRMD8,2653,299,370
FRMD8_GCCAAGCCTTACCCAGCAGA,FRMD8,596,94,114
FRMD8_GGTAGGGCCCAAGCTGCACG,FRMD8,1,71,262
FRMD8_CAGCTTGGGCCCTACCAGCC,FRMD8,409,163,510
FRMD8_CGTCATCGATAGCAGAGAGA,FRMD8,1829,322,695
FRMD8_CCCATTCCCTCGCAGGCAAG,FRMD8,1713,368,390
FRMPD1_TCTTTACTGTGTGTCGCACA,FRMPD1,253,122,44
FRMPD1_CGACTGCTCGTTCCCAGGAA,FRMPD1,2955,830,899
FRMPD1_TCTCTTCTCCTCGGTCAGGA,FRMPD1,754,161,150
FRMPD1_TCTTCTTTCAGGAGGTCCAG,FRMPD1,262,251,61
FRMPD1_GAAACAAACAACAAGCGCAC,FRMPD1,1456,203,276
FRMPD1_AAGGGACGGCTCACCTGACG,FRMPD1,347,149,54
FRMPD2_GAGTTCCTCGAGGTTGGCAA,FRMPD2,904,239,276
FRMPD2_CAACAGGATGAACTCTGGCC,FRMPD2,792,85,276
FRMPD2_CTTCTGATGTGGAGACCAGC,FRMPD2,156,84,200
FRMPD2_TGACCCTCTACTGGTCAGCA,FRMPD2,1243,454,424
FRMPD2_TGGCCAGCGTCACAGAGGAC,FRMPD2,2718,391,379
FRMPD2_CAGCCTTTAACGAAGGACGC,FRMPD2,652,312,154
FRMPD3_CTCACAGATCGAACCACCAC,FRMPD3,781,1539,522
FRMPD3_TTTCATCAGTGCTGCGAAGA,FRMPD3,1914,741,597
FRMPD3_CTTGTGATTCTGTTCTGGCC,FRMPD3,922,492,296
FRMPD3_CCCGACGCAGCAGCTCCACA,FRMPD3,1468,399,620
FRMPD3_GATCTTCTGACTAGGTCGAG,FRMPD3,11,142,116
FRMPD3_GATACCTTGGTGCCGCAGGA,FRMPD3,224,146,56
FRMPD4_ACAGGACGAAGTCTTCAGGC,FRMPD4,707,276,20
FRMPD4_TTTGGCAGCTCTCTAACCGA,FRMPD4,922,194,113
FRMPD4_GGGATCAGCTTGCCTTCAGA,FRMPD4,85,85,47
FRMPD4_CAAAGTACGCTTCTCTGAGG,FRMPD4,663,84,184
FRMPD4_GCTGCTCTTGCTTCATGAAC,FRMPD4,1519,425,262
FRMPD4_TTTGTAATGCGGCCAGCCGC,FRMPD4,55,60,115
FRRS1_ATGCTCCAGGCAGTCAGGAC,FRRS1,854,499,485
FRRS1_GCTTATCGGCTCTCTCGCAA,FRRS1,1757,229,149
FRRS1_GGCCACCTTTACATGACCCA,FRRS1,57,169,90
FRRS1_AAGTCATCACTATACAGCCG,FRRS1,1186,353,323
FRRS1_ACGGGAGGTAACGTTGGCAA,FRRS1,1053,120,41
FRRS1_AGTCAGATGACATTCAGGCC,FRRS1,708,316,160
FRRS1L_ACAACACGCTCTGAAGCCGG,FRRS1L,325,157,55
FRRS1L_ACATGATATAGACTCACCGC,FRRS1L,325,631,118
FRRS1L_TAATGTAGGCCAGTGGGCAA,FRRS1L,1204,248,107
FRRS1L_CGTCCATGATGACAATGGCA,FRRS1L,1889,329,408
FRRS1L_CTGCGCTACCTGTCGGAGGA,FRRS1L,605,250,348
FRRS1L_CCGTAGGAGGAGTCGTGGCG,FRRS1L,1446,192,240
FRS2_ATGGTCTTCTGAAGAAGCCA,FRS2,175,17,48
FRS2_AGTGGTCGAAGGTGTCAAAC,FRS2,1453,64,159
FRS2_CGAAGGTGTCAAACTGGACA,FRS2,1697,146,321
FRS2_AGGCGAGCACTTCCCACAGA,FRS2,614,162,37
FRS2_TGCACCCTCTGTTAACAAAC,FRS2,1762,516,598
FRS2_GGCATACAGCTCTGTGCGCC,FRS2,313,44,62
FRS3_ACCTACGAGAACGTCACCGG,FRS3,1769,177,149
FRS3_ACCTGACCAACGGGACCCAC,FRS3,895,77,200
FRS3_CTGCTTGTCGAGAGCCGCCG,FRS3,1859,109,141
FRS3_GAGGGAGGTCAAGCTCAGCG,FRS3,493,109,348
FRS3_AGTGGCCGCCGATGTCAGAC,FRS3,276,166,94
FRS3_CATCATCCACATTTGTCACC,FRS3,379,300,141
FRY_TCAGCTTCTCCCGTTGGCAA,FRY,2362,753,678
FRY_ATGTACGTAGAATGGAAGGC,FRY,280,210,246
FRY_TATTGCCAGTGTTGGGACCA,FRY,471,399,141
FRY_AAGCCTGTATGACACCACGC,FRY,232,256,400
FRY_AGAGCAAACAGGTCACCAGG,FRY,1128,286,133
FRY_CAAGATGGCTCGAGTTGCAC,FRY,727,268,118
FRYL_AGCACTCGAAAGAAGGCCAG,FRYL,136,728,745
FRYL_GGATCAGATAGTTTCTCCAC,FRYL,50,396,327
FRYL_TATGGGCTCCTTTCCAGAGG,FRYL,747,1044,724
FRYL_GGATCGGGTACAGGATGAAC,FRYL,1216,1562,2308
FRYL_ACAAGGTGCGAAGTAAGGAA,FRYL,1966,3486,3413
FRYL_ATTGACCCAGATGTCAAACC,FRYL,552,2331,1983
FRZB_TAGAGGTTGACAGTGTCCCG,FRZB,1240,30,443
FRZB_CCGTGGAATGTTTACCAGAG,FRZB,1809,1056,449
FRZB_AGCTCCGTCCGCAGTAACGA,FRZB,1256,233,437
FRZB_GGGCGTGTGCATCTCTCCCG,FRZB,72,56,73
FRZB_CCACTCGTGGCCGGAGAACC,FRZB,1741,525,315
FRZB_TCTTAGTCATGTTCCAGGGC,FRZB,1026,211,167
FSBP_AGAGGAAAGTGAAGGCGACA,FSBP,1452,181,289
FSBP_TAGTGCAAACTTGGATGAGG,FSBP,343,185,178
FSBP_GAGACAGGAACCACATACAA,FSBP,507,135,41
FSBP_AGGCCCTGTGCTGTTCGAGG,FSBP,852,185,438
FSBP_CCTGTGCTGTTCGAGGAGGG,FSBP,1076,190,405
FSCB_AGAATTTCAGTCACCGCAGG,FSCB,739,142,209
FSCB_TCGGTCTCCCTCAGCACAAA,FSCB,1828,1178,1222
FSCB_GCAGAACCTTCTTGTACAAC,FSCB,1463,1000,997
FSCB_GGTCCAGTATCCTGTACGGC,FSCB,553,211,268
FSCN1_GCGCCTACAACATCAAAGGC,FSCN1,770,251,260
FSCN1_TAACAAGGTGGCCATCAAGG,FSCN1,1564,240,473
FSCN1_AGGTGGCCATCAAGGTGGGC,FSCN1,474,29,144
FSCN2_ACCTGTCGGCAGAAGAGGAC,FSCN2,334,35,143
FSCN2_GCCCGTCCTCTTCTGCCGAC,FSCN2,195,122,134
FSCN2_TACTGGACCCTGGTCACCCA,FSCN2,885,244,82
FSCN2_AGATGGAGTGGCGTGGCCGG,FSCN2,471,54,48
FSCN2_CTCTTCGTCCTTGCCTGGCG,FSCN2,1767,237,13
FSCN2_TTCTGGTACACGGGCAGCCA,FSCN2,649,358,433
FSCN3_CAACTGCGAAGAGTTTGGGC,FSCN3,478,66,88
FSCN3_GGTCGTTATTTGGAGTCCAA,FSCN3,68,39,83
FSCN3_ACATGCGCTTCCTCTGCAGA,FSCN3,629,159,170
FSCN3_AGAACGTGTCAGACTCCAGG,FSCN3,562,80,74
FSCN3_TCATCTACTACCCTGCCGAC,FSCN3,0,0,47
FSCN3_TACATGCGAGCCGACCAAAG,FSCN3,1789,657,423
FSD1_GAAACAGATGCTGCTGAACG,FSD1,890,193,225
FSD1_GACCCAGGCGAACTCGGCGA,FSD1,290,84,120
FSD1_TCTGCAGGCCATGGACAGCG,FSD1,1598,390,843
FSD1_GCTGCCAAGCAAATCAAAGA,FSD1,1009,221,310
FSD1_TCAATGATAGCCGGAAGGCA,FSD1,632,216,150
FSD1_CATCCGGCATGCGCCACACC,FSD1,481,251,418
FSD1L_CATCGCTCATCCTTTACACG,FSD1L,3903,752,892
FSD1L_CAGAGTGCGAGCTTGTAACA,FSD1L,2994,680,1168
FSD1L_GGTGTATCCATGTCAACAAC,FSD1L,295,38,151
FSD2_TCCACAGTGTACGAGTCCAC,FSD2,273,263,82
FSD2_TTGGGTCACAGCTCACAACA,FSD2,2897,956,1005
FSD2_TGCTCCAGTCATAAATCCAC,FSD2,780,117,190
FSD2_TACACACACAGGTGAGCACC,FSD2,523,134,47
FSD2_AATAGAGGAGATGTGTCACG,FSD2,444,227,442
FSD2_GAAATGGCCAATGAGTCAAG,FSD2,284,108,97
FSHB_GCAGTAGCCAGCACACCAAG,FSHB,2037,408,468
FSHB_TGATTGTACTGTGCGAGGCC,FSHB,175,236,260
FSHR_CACAACACCCATCCAAGGAA,FSHR,2968,920,1198
FSHR_TTTCTAAGCCATAGCTAGGC,FSHR,548,91,142
FSHR_TCACAGAATGACTGGTCCAG,FSHR,757,132,317
FSHR_CCTCAGGGTTGATGTAGAGC,FSHR,1321,383,691
FSHR_GCATTCCTCGGGAGGTCAGA,FSHR,240,88,134
FSHR_AGATTCCTTCTGACCTCCCG,FSHR,875,543,787
FSIP1_CAGTGGATCATCTAAGAAGG,FSIP1,1684,306,451
FSIP1_AGATGATGGACCTGGAAAGC,FSIP1,1203,453,410
FSIP1_GAGTTTACGTACCTCAGAAC,FSIP1,1067,166,132
FSIP1_TCTCTGTCAACCATAACCAC,FSIP1,966,253,163
FSIP1_CTGTATTACTGCTTTCGGAG,FSIP1,2027,400,537
FSIP2_CCCTCTGTCCGGACCTGACC,FSIP2,969,190,382
FSIP2_GGTAGGTCCAGTAGCTGAGC,FSIP2,35,108,318
FSIP2_CAGGCTCATGCTACAGACCC,FSIP2,638,382,221
FSIP2_AAGTACAAGACCACAGACCA,FSIP2,253,453,433
FSIP2_ATAGTAGACACTGGATCCAG,FSIP2,1060,173,191
FSIP2_AAGCCCGATGTCTCCAAACA,FSIP2,2290,758,838
FST_CACTGCGGTCCTCCATGAAC,FST,237,28,37
FST_CACCCTTGTCTCTTCACAGC,FST,39,298,497
FST_ATGTAAAGAGCAGCCAGAAC,FST,2762,396,403
FST_ATCCAATAGATCTGCCCAGC,FST,550,96,95
FST_GCATTGTCACTGGCACAGAC,FST,1770,355,711
FST_TTCCTCGGTGTCTTCCGAAA,FST,932,120,326
FSTL1_TGGCCCAACAGAGTGTGCCC,FSTL1,348,46,103
FSTL1_TGATAATGGTGATTCTCGCC,FSTL1,398,113,220
FSTL1_TCCGACGTCGCATCATCCAG,FSTL1,683,208,341
FSTL1_CATCTCGATGCAGTTCACAG,FSTL1,1158,154,425
FSTL1_ACTTACCTCAATGCAGAGAC,FSTL1,1001,283,473
FSTL1_TTCCGCAGATGTGGAAACGC,FSTL1,884,296,102
FSTL3_TGCGTTCGCCATGCGTCCCG,FSTL3,298,275,486
FSTL3_TGACATCAGTCTGGAGCACC,FSTL3,989,113,107
FSTL3_CTGTCCGCAGATTCGTGCGA,FSTL3,1601,196,496
FSTL3_CGCAGATTCGTGCGACGGCG,FSTL3,1605,783,580
FSTL3_TGCCGCAAAGCTCCTGGCCG,FSTL3,665,719,596
FSTL4_CAAGGTGACCACCATCCACA,FSTL4,1366,1222,433
FSTL4_CAATCATCTGGAAGCGCAAC,FSTL4,1068,389,172
FSTL4_GACTTACTTGGTTGCTCACC,FSTL4,349,76,74
FSTL4_CAGAAGGACATTCTTCAAGC,FSTL4,1775,340,432
FSTL4_CTCCCATCAGAGCCGCACAC,FSTL4,2585,1024,1068
FSTL4_GCGCTGGGATGGATGGACCC,FSTL4,856,638,294
FSTL5_GGGAAAGCAATTTGACAGAG,FSTL5,267,196,332
FSTL5_CACGATCCACACCCAACCAG,FSTL5,6922,1560,924
FSTL5_ATCAGGTCTGGGTGCTAAGC,FSTL5,807,139,231
FSTL5_CAGCTTGGCTGGTTGAAGAA,FSTL5,1317,527,535
FSTL5_AGTCTTAGGTGCCATGCAGA,FSTL5,358,141,177
FTCD_TTTCCAGGTGGTGAGCCGGC,FTCD,866,62,133
FTCD_CTCCTTCTCGCAGTAGAAGG,FTCD,714,132,153
FTCD_AACGCTCTTCCTTTGCAGCC,FTCD,545,147,474
FTCD_CTTGCTCCTTTGTGCCGAGC,FTCD,1614,142,112
FTCD_ACACGGTGCGGTTGGTGGAA,FTCD,2947,630,595
FTCD_GGTGCTGGCCATGTCCCAGC,FTCD,133,0,25
FTH1_GCATCTCATCCACAGCCAAC,FTH1,561,178,161
FTH1_TAAAGGAGGCTCGACGGAAC,FTH1,1196,218,175
FTH1_GCCACACCTGATGTTGAAGG,FTH1,290,129,51
FTHL17_TCTCTTTGACGCGGCCGCCC,FTHL17,558,186,24
FTHL17_CTCTTTGACGCGGCCGCCCA,FTHL17,219,387,251
FTHL17_CATCAACAGCCACATCACGC,FTHL17,2240,742,588
FTMT_GGCGCAGAGACGCCAGCGAA,FTMT,298,370,676
FTMT_TTACTTCTCCCGGGATGACG,FTMT,1168,145,320
FTMT_AACAGGACGACTGGGAAAGC,FTMT,1457,197,190
FTMT_TCTTCACTAAGTTGTGCACG,FTMT,1177,292,410
FTO_TGGCTGCTTATTTCGGGACC,FTO,1670,362,392
FTO_TCTGGTGGACAGGTCAGCGG,FTO,1288,232,300
FTO_TAGCAGTCTCCTTGGTGAAG,FTO,1059,176,179
FTO_ACTAAACCGAGGTTGTGAAC,FTO,653,151,119
FTO_GGCAATTCGTGACTGGCACC,FTO,80,23,44
FTO_CATTCTGGCTTCTGATCAGC,FTO,61,143,239
FTSJ1_GCCAGCCATTCTCCTTGGCC,FTSJ1,21,6,48
FTSJ1_ATGTATGCCCAGGCGTGACA,FTSJ1,1523,413,257
FTSJ1_AGGTGTGGTACAGATCCAGG,FTSJ1,1069,122,100
FTSJ1_GGACCTAGTGGTGTGTGACG,FTSJ1,687,397,34
FTSJ1_GCTACACATGTCCTGAAGCC,FTSJ1,1,24,121
FTSJ1_CCTGCAGATATTCCGAGGCC,FTSJ1,633,93,231
FTSJ2_CACACAGTACCACGGAAGGA,FTSJ2,1366,639,598
FTSJ2_GACATGGCGCCCAATGCCAC,FTSJ2,1172,43,70
FTSJ2_CTCGGGTCAGTCACGTCAGC,FTSJ2,1799,152,98
FTSJ2_ACCTTCGCAGCCTTCACAAA,FTSJ2,2291,740,877
FTSJ2_AGTCGCTGCAAGAATCGGAC,FTSJ2,1094,606,418
FTSJ2_TCCCACCAGGTACTTGAAGC,FTSJ2,2263,639,608
FTSJ3_GATGAGGAGGACTCAACAGC,FTSJ3,358,56,17
FTSJ3_TCACTTCGCTGGCCTTGGAG,FTSJ3,1365,0,37
FTSJ3_GAGGCTGATAGTCACGAGAA,FTSJ3,256,6,4
FTSJ3_GGAGAGGCTTGATTGGAACC,FTSJ3,229,11,23
FTSJ3_TGGTTCGTAACACTCGCCAC,FTSJ3,452,63,38
FTSJ3_TATCACTTGGCGAAGGAGAC,FTSJ3,246,0,2
FTSJD1_TCCAATGACAAGGAAACCGA,FTSJD1,753,183,151
FTSJD1_CAGCTTTCCACTTATTCCAC,FTSJD1,1155,35,92
FTSJD1_AATATCTGGGCTGAATGACG,FTSJD1,1015,72,56
FTSJD1_ATATCTGGGCTGAATGACGC,FTSJD1,550,117,97
FTSJD1_GGACTTGCTAGCTGCTGAAC,FTSJD1,1761,316,229
FTSJD2_GCTCCATGACTGACAGAGGA,FTSJD2,800,83,112
FTSJD2_GGTCTGATAGTGAGACCGAG,FTSJD2,61,40,23
FTSJD2_GGACTGGCGAGATGAGCCAG,FTSJD2,359,8,0
FTSJD2_CGATTGGATGGTGGTGGGAA,FTSJD2,1056,242,67
FTSJD2_TCGCATGTTCACAAATCCGC,FTSJD2,1509,77,105
FTSJD2_GAAGCCACTGGTGAAGGACC,FTSJD2,629,0,0
FUBP1_TGATTGTAACAGGAACGGGC,FUBP1,11,50,18
FUBP1_CCATCGCCATGATGGAAGCC,FUBP1,1066,474,587
FUBP1_ACAGATCTCACGCATACAAC,FUBP1,1509,76,210
FUBP1_CACCGATGCATCAGCAGCAA,FUBP1,6215,1266,1182
FUBP1_AGCAGTACAACACACTGGGA,FUBP1,614,177,58
FUBP1_AAGATGCACTGCAGAGAGCC,FUBP1,637,103,261
FUBP3_CTTCGTGGATGCCCTGCACC,FUBP3,1259,268,140
FUBP3_TCTGGTCATCGGCAGAGGAG,FUBP3,703,189,173
FUBP3_TTGTCTGCTCCCGTGGGCAA,FUBP3,1848,284,166
FUBP3_CGGCGATTTCAACTCTCGAA,FUBP3,1300,291,601
FUBP3_GCATGCTGACACCGATCCGG,FUBP3,775,109,627
FUBP3_ACGAGGCCACACTTATCGGC,FUBP3,582,223,179
FUCA1_CCAAACCATGGCGGGTGCAA,FUCA1,126,44,33
FUCA1_TTTCCCTCCTTAGGATGAGG,FUCA1,690,114,51
FUCA1_GAACTGGAACTCCAAAGACG,FUCA1,1165,396,246
FUCA1_TTGACGACAAAGCATCACGA,FUCA1,2239,680,729
FUCA1_GAAGTCGGCGTAGCTGAAGC,FUCA1,589,341,208
FUCA1_AAGTCGGCGTAGCTGAAGCC,FUCA1,952,100,88
FUCA2_AGTGTCATTCTGGGATCGCC,FUCA2,0,61,82
FUCA2_TGCAGTGATCGTTATAACCC,FUCA2,1859,176,250
FUCA2_CTGTGGTCGGATGGTGACGG,FUCA2,1286,819,420
FUCA2_GACAATGTATTTGGCACCAG,FUCA2,349,316,58
FUCA2_CAGCAACGGGAACGCGAGCC,FUCA2,470,409,705
FUK_ACTGGAAGTGCGGCAGAAGC,FUK,515,155,59
FUK_CCGATGTCCTGCACTCGGCC,FUK,20,265,147
FUK_GATAGGTCATGATGTCCAGC,FUK,2,25,22
FUK_TCTTGCTGTGGCTGTGACGA,FUK,718,280,131
FUK_CATGATTCTGAGCGTAGGCC,FUK,244,307,308
FUK_TGAGAGGCAGTACCCACCCA,FUK,1627,567,296
FUNDC1_CTGGCGGTATCATGGCGACC,FUNDC1,2248,639,151
FUNDC2_GCCCTTACCTTGACTGGACG,FUNDC2,1242,341,139
FUOM_GAGCCCTGGCAAAGATAGAG,FUOM,273,1,51
FUOM_AGTACGAGTCCATCCTACGC,FUOM,100,15,21
FUOM_TGGTGCCCAGCGACAAGGAG,FUOM,1071,440,339
FUOM_CCCATGGAGATCCGTGCAGA,FUOM,1650,123,358
FUOM_GGATCTCCATGGGCCCACAC,FUOM,803,228,164
FUOM_AGCTGCTCTACGCGCTGGCG,FUOM,1069,83,107
FURIN_AGAAGGTCTTCACCAACACG,FURIN,1343,770,690
FURIN_TCACTCCTCGATGCCAGAAG,FURIN,1432,698,504
FURIN_GGTACAGTGGCTGGAACAGC,FURIN,23,86,1
FURIN_GCGGGACCTGAATGTGAAGG,FURIN,46,29,16
FURIN_TCATCTGTGTGTACCGAGGC,FURIN,693,668,570
FURIN_GGTGCGCATGCTGGATGGCG,FURIN,360,79,131
FUS_TGCGCGGACATGGCCTCAAA,FUS,1835,479,443
FUS_TACGGACAGCAGAGTTACAG,FUS,1307,442,156
FUS_AACACCACCGTACCTTCCCG,FUS,1210,238,104
FUS_GCCACCACGGTCACTTCCGC,FUS,839,312,95
FUS_ACTAAAGGCCCTCGGGACCA,FUS,102,184,3
FUS_CTCTGTTCAACAAGCAGAAC,FUS,1390,670,520
FUT1_TAATGCCCACCCACTCGGGC,FUT1,464,61,74
FUT1_CCAGAAGCCGAAGGTGCCAA,FUT1,928,169,260
FUT1_TCACCAGCAACGGCATGGAG,FUT1,1891,110,207
FUT1_CATCAAGACAGCTTTCCACA,FUT1,110,134,324
FUT10_TCTCGCAAAGAGCTCAAAGG,FUT10,1770,233,342
FUT10_CCATCGGCATCCATAGAGGC,FUT10,907,459,348
FUT10_CCAGCCTCTATGGATGCCGA,FUT10,382,0,0
FUT10_ATTGGGTAGTTAGTGGCAAG,FUT10,111,128,284
FUT10_CGTGGCAGTGTAGTTGAACA,FUT10,4090,1463,1369
FUT11_CCATGGGTCCGTAGCGGAGA,FUT11,662,145,15
FUT11_CTTCTTGCTGAGCCACGGCC,FUT11,280,53,32
FUT11_CGTTCCATGGGCGGAGGCAC,FUT11,793,45,37
FUT11_ATAGTCTGAAGCATCGGGAG,FUT11,761,89,129
FUT11_TTTCGTCTGTGACTACGAAC,FUT11,651,47,118
FUT11_TTATTGGCAAGGTCTGGACC,FUT11,65,8,47
FUT2_TTTGATGTTGAGGCTAGCAC,FUT2,1376,521,606
FUT2_CGACCGGCGATACCTACAGC,FUT2,1475,398,765
FUT2_GCGATACCTACAGCAGGCCC,FUT2,582,85,201
FUT3_AACAGCGGGACAGAGCCACA,FUT3,391,189,164
FUT3_TCCCAGTGGGTCCTCCCGAC,FUT3,916,189,317
FUT4_CGCTGGCCCGGGAATGGAAG,FUT4,1827,442,512
FUT4_CGCAGCTACAGCATGAGAGC,FUT4,2107,592,291
FUT4_CCGCCACTGTCCAGGAAACA,FUT4,1831,692,908
FUT4_ACCGTGGACGTGTTCGGCCG,FUT4,1679,263,459
FUT4_TCTATCGCCGCTACTTCCAC,FUT4,171,13,19
FUT4_GCTTCACCGCTCGAACCAGC,FUT4,227,347,346
FUT5_GATGTTGCAGTCGGCCGCGC,FUT5,939,309,140
FUT5_CGCCATGCTGTCCTGGCAGC,FUT5,447,294,441
FUT6_GGTCATCGTGCACCACCGAG,FUT6,487,176,274
FUT6_GGACCCATTAGGGTACACAG,FUT6,192,19,11
FUT7_GAAATTCTGGCGCAACGCAC,FUT7,288,43,72
FUT7_ACAGTGGCCGTCCATTGGCA,FUT7,818,221,175
FUT7_GATGTCTTTGGCCGTGCCAA,FUT7,183,78,10
FUT7_ACCGCTGCCAGCCAAGAGCA,FUT7,1131,199,532
FUT7_CCTCGTGCTGCTGCAGGGCA,FUT7,46,93,85
FUT8_CTCGGCTAGAGTGATCAGGA,FUT8,1561,704,724
FUT8_AGGATCATGAAATCCTGAGG,FUT8,323,40,95
FUT8_CACAACCTACTACTGTGAAG,FUT8,1710,536,466
FUT8_TACTACCTCAGTCAGACAGA,FUT8,1293,148,81
FUT8_CTTACCTGACCAGTGTCCAG,FUT8,723,219,213
FUT8_CCAAGGGTAAATATGGAGGA,FUT8,1326,423,194
FUT9_ACATCAAACCTACCAACAGC,FUT9,365,175,224
FUT9_AGGTCAAAGGTCTGCCCAAA,FUT9,1033,486,725
FUT9_CCAAGGATGCCATCTCACAA,FUT9,2766,1150,844
FUT9_CTAGATGGTCCCAGAACAAC,FUT9,2494,979,1055
FUZ_GGTTCACCTGTGGATACAAC,FUZ,335,60,62
FUZ_TGTTGCTGCCACCACCCGGC,FUZ,172,57,124
FUZ_GGACTGCGTGATTCCTCCAG,FUZ,346,18,100
FUZ_ACTGACCAATATCCGCAACG,FUZ,2878,684,710
FUZ_CCAAATGGTGTTTGGAGCCA,FUZ,1259,232,464
FUZ_CCAGGAGGGAACGTGGGACA,FUZ,1706,117,169
FXN_GCGGATACTTACTGCGCGGC,FXN,116,35,54
FXN_CGCGGATACTTACTGCGCGG,FXN,133,0,1
FXN_TTTCAGAGTTCGAACCAACG,FXN,303,77,36
FXN_CCTAAGCGTTATGACTGGAC,FXN,855,148,256
FXN_CTTCTCCTGGAAGGTTAACG,FXN,862,465,357
FXR1_CGGCCTTTGCGGTTCCAACA,FXR1,1453,818,795
FXR1_GAGAGAAGATTTAATGGGCC,FXR1,235,50,155
FXR1_GCTCAGATTCCGTTTCAGAG,FXR1,1473,527,498
FXR1_CGCTCAGATTCCGTTTCAGA,FXR1,1595,811,836
FXR1_CAGACAAAGAAACCTCCCAA,FXR1,804,164,74
FXR2_ACACCACCAACTCACCAACC,FXR2,2621,658,1505
FXR2_TCACGGTGCCAACATCCAGC,FXR2,409,173,130
FXR2_GCAGAGATGCTCGCTTCACA,FXR2,419,238,462
FXR2_GGTTACCATGGCTGTGCCCG,FXR2,319,72,34
FXR2_CTCCCTTCATCATCCGCACC,FXR2,1862,399,813
FXR2_TCGAGGTGCGCGGCTCCAAC,FXR2,1224,158,164
FXYD1_CCCGCTCACCGTAAGTGAAC,FXYD1,1540,483,790
FXYD1_TCGGAGGCCTCGTCATCGCC,FXYD1,306,75,127
FXYD1_AGAGGATCCCGGCGATGACG,FXYD1,1431,264,302
FXYD1_TCAGCACGATGAGGATGCCC,FXYD1,899,193,117
FXYD1_GCTGCTGGTTGAACTTGCAC,FXYD1,618,111,149
FXYD2_GGGCCTGATCTTCGCTGGAC,FXYD2,872,355,343
FXYD2_GACTATGAGACCGTTCGCAA,FXYD2,2044,644,692
FXYD2_CCAGGCTTACCATAGTAGAA,FXYD2,1727,861,810
FXYD2_ACTGGGTTGTCGATGGACGG,FXYD2,1059,257,274
FXYD3_CCTCTTAAGCCTCTTTCCAG,FXYD3,30,107,0
FXYD3_CCAGCGCTCTGACATGCAGA,FXYD3,1212,271,175
FXYD3_TGACATGCAGAAGGTGACCC,FXYD3,1228,247,171
FXYD3_CCACATACTGCTTGGTGCCA,FXYD3,2524,299,162
FXYD3_CACATACTGCTTGGTGCCAA,FXYD3,1029,376,109
FXYD3_CATGACGATGATGATGCCCA,FXYD3,768,260,207
FXYD4_TGACATGGAGAGAGTGACCC,FXYD4,459,131,186
FXYD4_TGAGCGGACTGATCTGCGGA,FXYD4,823,114,226
FXYD4_CCGCGATCCCAGCAATGGCC,FXYD4,1019,293,125
FXYD4_AACTGCCGCGATCCCAGCAA,FXYD4,985,817,90
FXYD4_CTCTAGTCCTGTACCTGAGA,FXYD4,888,255,122
FXYD5_AGAAGACACAGGCGACCAGA,FXYD5,82,86,189
FXYD5_TCCCAAACTTGGACCAAACA,FXYD5,2763,1177,1097
FXYD5_CTACTCACCATCAGCAGGCC,FXYD5,1788,753,645
FXYD5_GAACACACCCTCCGGAAACG,FXYD5,655,296,122
FXYD5_GGAAGGACACCAAGACCAGG,FXYD5,608,196,48
FXYD6_GAGAACCTCATCACCGCCAA,FXYD6,275,158,175
FXYD7_GATACCCAGCAGGAACAAGA,FXYD7,367,171,148
FXYD7_TGACGATGAGGATACCCAGC,FXYD7,905,96,71
FXYD7_TGTTACACGCCGCCGCCACC,FXYD7,383,210,98
FYB_CTCATCTCTGCTGATGAAAC,FYB,2227,934,1027
FYB_GCTTACTTTAGGTCAAACGG,FYB,1661,251,308
FYB_CTGGGAGGTAGGCTTGGGAC,FYB,991,285,700
FYB_GGACCCAAGGTAAACAAGGG,FYB,853,70,203
FYB_ATGGCGAAATATAACACGGG,FYB,425,173,126
FYCO1_CCTTTCTAGGTCTTCACGCA,FYCO1,1257,241,302
FYCO1_ACTACCACACAGCCCTGCGG,FYCO1,207,113,192
FYCO1_CAGTTTGACCTGGCGTCGAG,FYCO1,632,187,271
FYCO1_TGCCAACCTCTGGTGCACCA,FYCO1,943,234,577
FYCO1_AGTAGTCCTTCTTGTTGCCC,FYCO1,327,38,12
FYCO1_CTCTGCATTGGTGGAGGCCA,FYCO1,667,285,205
FYN_CAGACACCACTGCATAGAGC,FYN,1556,460,670
FYN_CCTGTCACAAAGGGATGCCA,FYN,847,277,86
FYN_TGGATACTACATTACCACCC,FYN,204,151,229
FYN_CGCGAGAGTGAAACCACCAA,FYN,1575,569,765
FYN_GAAGCCCGCTCCTTGACAAC,FYN,451,450,293
FYN_GGGACCTTGCGTACGAGAGG,FYN,160,49,264
FYTTD1_CGACGTCTCCAGCCATGAAC,FYTTD1,2766,215,310
FYTTD1_GACTTCTTCGCCGCCGCCGA,FYTTD1,339,211,80
FYTTD1_TCGTCCACCTCTAAGTGACA,FYTTD1,1528,876,844
FYTTD1_TGGCGGACTTCCACCACAAA,FYTTD1,1884,534,753
FYTTD1_CCTATCCCACGGTGACAAAG,FYTTD1,1302,481,473
FYTTD1_TTGACATGGGACCTATCCCA,FYTTD1,857,317,176
FZD1_CTCTGTTGCTGCTGAGGCGG,FZD1,1414,270,11
FZD1_CAGCAGTACAACGGCGAGCG,FZD1,989,175,377
FZD1_ACTTGAGCGTGTCTGGCCAC,FZD1,378,47,10
FZD1_GGCCAGAACACGTCCGACAA,FZD1,922,157,93
FZD1_AGCTGCGCTTCTCGCGCACC,FZD1,19,62,227
FZD1_GGCTCACCAACAGCAAACAA,FZD1,793,867,586
FZD10_GCTGGCATTTGCCGTCGCCC,FZD10,182,0,65
FZD10_AGGAGCACCCGCTGAAGGAC,FZD10,1517,408,366
FZD10_TCCTGATCCTGGTCATGCGC,FZD10,1382,314,385
FZD10_GAAGACGGGCGGCGAGAACA,FZD10,1070,334,180
FZD10_CAGGGATCTCATATTTCCCG,FZD10,1217,244,277
FZD2_GCGCGCGCTCACAGATAGAG,FZD2,1722,579,794
FZD2_TGCGAGCACTTCCCGCGCCA,FZD2,1500,586,434
FZD2_TTCCATGTTCTTCTCACAGG,FZD2,1102,194,377
FZD2_CGCGCCTCTGGATCCTCACC,FZD2,681,44,127
FZD2_CTTCGTAGGCCTCAACAGCC,FZD2,2,218,209
FZD3_AATCCAGATTCACCATAGGG,FZD3,1501,230,183
FZD3_CGCTGACACAGCCTACGACA,FZD3,3330,1161,683
FZD3_AAGTAAACAATGTGGCCGAG,FZD3,1058,204,159
FZD3_AACTACCACATACAGGCAGA,FZD3,1655,153,163
FZD3_GACGACTCATTTGAGTAACC,FZD3,441,162,36
FZD3_GATAGTGAATGAGAGCCGAC,FZD3,245,82,14
FZD4_TGTCAGGCTGACTGTAGGCC,FZD4,973,219,527
FZD4_CCTAGAAGAATCGATCAGGA,FZD4,1133,222,74
FZD4_GCAGTTCAGACTCTCTGGCC,FZD4,384,41,169
FZD4_CGTGACCAAGATGCCCAACC,FZD4,2513,1024,1083
FZD4_TCTTGGTCACGTTGTAGCCG,FZD4,2097,365,206
FZD5_AGCAGCACTACCGCGAGAGC,FZD5,751,172,163
FZD5_AGGCCACCACAATGCTGGCG,FZD5,783,501,440
FZD5_CGCTCGTCGGCACTGAAGGA,FZD5,949,598,877
FZD5_CGTCGGCACTGAAGGACGGC,FZD5,863,332,262
FZD5_TCCGCACCTTGTTGTAGAGC,FZD5,2378,228,278
FZD5_TAGAGCATAGGAAGAAGCGC,FZD5,922,107,184
FZD6_GAGACTGTGCCCTCTTAGGA,FZD6,278,142,289
FZD6_TTATGACCAGAGTATTGCCG,FZD6,1754,377,425
FZD6_TGACCAGAGTATTGCCGCGG,FZD6,907,148,221
FZD6_CTTTGTTGGCCTTTATGACC,FZD6,545,236,268
FZD6_ACGTCTATGAGCAAGTGAAC,FZD6,1615,190,179
FZD6_AAAGTGCGCGGAGTGAAGGA,FZD6,973,202,308
FZD7_CAGAGAACGACACGGCGGGA,FZD7,6,174,216
FZD7_CGCCACAATCGCGCTCACCC,FZD7,1418,378,518
FZD7_ATCAGGCCGTTGGCACGGCC,FZD7,48,16,16
FZD7_CGGCCTGATGTACTTTAAGG,FZD7,2698,559,651
FZD7_CGAGAAGCGCTCCACGCACA,FZD7,1973,350,569
FZD8_CGAAGAGGTAGCAGGCCGAG,FZD8,1554,281,421
FZD8_AGCGCTTCAAGTACCCGGAG,FZD8,1295,202,455
FZD8_CTCCACCTTCCTTATCGACA,FZD8,2807,327,890
FZD8_CGATCTGGCCTGTCTTGACG,FZD8,3720,778,416
FZD8_TAGCCGATGCCCTTACACAG,FZD8,3470,736,649
FZD9_GGAGATCGGCCGCTTCGACC,FZD9,15,78,92
FZD9_CGGGAATGGGCGTCGAGACC,FZD9,1291,149,250
FZD9_TGGAGCAGTTCAACTTCGGC,FZD9,958,98,99
FZD9_TGCTACCGCAAGATAGCAGC,FZD9,371,93,30
FZD9_CTTAGTCATGTGCAAGACCA,FZD9,1171,634,604
FZR1_GGATGACGATCTGGCGAAGC,FZR1,154,99,31
FZR1_CCTCCAGAGCCGGAGCCAAC,FZR1,1357,564,775
FZR1_AAGGACGCCACCTCAGACAA,FZR1,725,91,39
FZR1_GCTGGGTGCCGGCATCGAGA,FZR1,168,87,50
FZR1_GGCTGGTACAGGCACTCCAC,FZR1,376,68,146
FZR1_CACCCGCTCAGACCAGCCCA,FZR1,1360,57,87
G0S2_GCCGAGCACCACGCCGAAGA,G0S2,1102,790,420
G0S2_GACGTCTGGCGGCCGTGAAG,G0S2,943,160,79
G0S2_CAGACGTCTGCGGGACCAGG,G0S2,52,39,96
G0S2_AGGCGTGCTGCCGGTTGGAC,G0S2,793,551,178
G2E3_AACAGAGGTTCTAGGGCACA,G2E3,11,56,117
G3BP1_TAGGACCTTACCTGTGAAGC,G3BP1,728,267,217
G3BP1_TCCACCACAAAGACCTCAGC,G3BP1,287,47,230
G3BP2_GCAAGAGAGCGAGAAACCAG,G3BP2,818,119,201
G3BP2_GGAACTTCGCATCAATACCA,G3BP2,898,123,148
G3BP2_GGTCGTTGTTCACGCACACG,G3BP2,61,184,44
G3BP2_TTTACTGGTCACTGAAGCCC,G3BP2,442,109,156
G3BP2_AGAGAAACAGGTTCTGCCGG,G3BP2,390,57,9
G3BP2_TACTTCAGGAGCCAGAACAA,G3BP2,1283,110,119
G6PC_GGGAGTCTTGGTAATTCACC,G6PC,0,41,0
G6PC_ATTACCAAGACTCCCAGGAC,G6PC,1361,226,87
G6PC_ATCCGATGGCGAAGCTGAAC,G6PC,750,252,272
G6PC_TGCCAGCCTCCTCAAGAACC,G6PC,2343,780,713
G6PC_CCTGGGCACGCTCTTTGGCC,G6PC,1033,568,580
G6PC_CCAGGCCAAAGAGCGTGCCC,G6PC,498,67,185
G6PC2_AAGTCCATCTGGCCATGCAA,G6PC2,402,268,248
G6PC2_AGTTCTCTATCACTCTGCAC,G6PC2,243,23,18
G6PC2_TCTTCCATCGTAGACTGACC,G6PC2,647,46,88
G6PC2_CTATGGGCACGGACCACAGC,G6PC2,1354,468,395
G6PC2_TGTTCCTCCTGAGCTGCCGA,G6PC2,99,4,39
G6PC3_CGCGGGCATCGTGATAGCCG,G6PC3,1866,498,268
G6PC3_CGCTACAGAACCAGCTAGCC,G6PC3,354,706,984
G6PC3_TCTTGTGAGACTGGTCCAGG,G6PC3,20,13,40
G6PC3_GCGACAAGCCAACCGCCAAA,G6PC3,1789,773,781
G6PC3_TCCTAGGCGCTGTCCTGGGC,G6PC3,167,172,158
G6PC3_AGTGCACATGTTCAGTGCCC,G6PC3,504,6,30
G6PD_GATGTTGTCCCGGTTCCAGA,G6PD,481,0,2
G6PD_CGTGGAGAAGCCCTTCGGGA,G6PD,2119,224,119
G6PD_AGCCACTGTGAGGCGGGAAC,G6PD,924,112,163
G6PD_GGTGGGACACACTTACCAGA,G6PD,216,0,0
G6PD_ACTGATGGAAGGCATCGCCC,G6PD,152,1,72
G6PD_GCCGATTAAATGGGCCGGCG,G6PD,393,129,80
GAA_AGCGGTTGCCAAGGACACGA,GAA,638,313,287
GAA_AGCCCAGAACTCACAGCACG,GAA,1268,623,641
GAA_GAACTGGTCCGCAAAGAACA,GAA,635,178,96
GAA_GACCCGTAGAGGTTCGCACC,GAA,39,105,198
GAA_CTTAGCTGGAGGTCGACAGG,GAA,1065,353,739
GAA_CACCGCTATCACCCGCCAGG,GAA,870,190,40
GAB1_GCAGATCCTGTGAAGCCACC,GAB1,430,71,82
GAB1_GGAAACTCTTGGCATTCAGG,GAB1,380,48,53
GAB1_GGGATACTACACGTTTCCAC,GAB1,81,53,55
GAB1_GCTTGAGGTTCCTATCCACG,GAB1,1009,159,237
GAB1_ATGCACTGAATCTGGTCGGG,GAB1,487,44,68
GAB1_CAGTGTAGCAGATGAGAGAG,GAB1,1767,291,306
GAB2_GGACTACGTTCAGGTGGACA,GAB2,281,32,81
GAB2_TCTGCATCTCCCGTTCCCAG,GAB2,619,170,170
GAB2_TGCTCGTTCCATGGCCAACA,GAB2,2497,510,521
GAB2_CACTCATGGATTCAGCAGAC,GAB2,1074,515,387
GAB2_CATCCATATTGTCTACCAGG,GAB2,1195,108,329
GAB2_GCTGCATGTGGTTTGACACA,GAB2,898,122,82
GAB3_CAAGACCAGAGGCACCAGCC,GAB3,1491,700,473
GAB3_CCTTAAGACACCGAGACAAG,GAB3,997,236,384
GAB3_GACAACATGAGAACCTGGAA,GAB3,506,167,152
GAB3_ATGGGCGGTAAGAAGGGAGC,GAB3,2,12,94
GAB3_ACTCGCTGAGGTCTATCACC,GAB3,254,131,49
GAB3_GGGCGACTTAACGAGCCAGC,GAB3,69,77,20
GAB4_CGCCCAACCTGAGAAACAAC,GAB4,2574,1280,876
GAB4_TATGCACCAAGACCTCAGCC,GAB4,752,150,215
GAB4_ATGCTGGGTGTACTTGCCGG,GAB4,949,685,113
GAB4_GGCGGCACACAGTGAGACAC,GAB4,338,227,117
GAB4_TCTTACTCCTTCCTTAGGCC,GAB4,584,166,190
GAB4_GCCGGCGGAAGCACGAGAAG,GAB4,1534,261,181
GABARAP_CTACTGTCCTCACCGGCACC,GABARAP,689,197,118
GABARAPL1_CCGTGAGTGTAGAGGAGCGG,GABARAPL1,795,219,328
GABARAPL1_AAACGCCGTCAGCCCTGAAG,GABARAPL1,1267,252,252
GABARAPL1_GGTGATCAGAAATCAACACG,GABARAPL1,195,126,35
GABARAPL1_CTTCCAGGTGATTGTAGAGA,GABARAPL1,906,254,223
GABARAPL1_GCATTACCAGTAAGGTCAGA,GABARAPL1,567,92,132
GABARAPL1_TAGAGGATGCCAGACTGCAC,GABARAPL1,958,104,7
GABARAPL2_TTCCCGCCGCCGCCATGAAG,GABARAPL2,1576,558,485
GABARAPL2_CCAAGTGCTTACCCAGCGAG,GABARAPL2,2880,1016,880
GABARAPL2_TTCGAGCGAAATATCCCGAC,GABARAPL2,578,354,198
GABARAPL2_TCGAGCGAAATATCCCGACA,GABARAPL2,2041,342,433
GABARAPL2_TCTAGTAAACACCTCTCACC,GABARAPL2,855,255,122
GABARAPL2_TATGGGACAGCTTTACGAGA,GABARAPL2,674,57,44
GABBR1_TCTTTCTCTGTTGTAGCGCC,GABBR1,140,28,58
GABBR1_ACCCAAGACTCTGGACGACC,GABBR1,940,149,328
GABBR1_TGGGTGCGTTCGGAAGAAAG,GABBR1,1967,717,441
GABBR1_TCCAGCGCCATCTCCACCGC,GABBR1,1028,397,329
GABBR1_GCATCTGTAGTCAGGGCCAG,GABBR1,320,97,18
GABBR1_GCCAGATCATACACCCGCCC,GABBR1,194,77,193
GABBR2_AGTTGAAGTCCTGGATCCGC,GABBR2,842,60,113
GABBR2_GAAGAATCTGCTTGCTGCCA,GABBR2,89,84,155
GABBR2_GACTGGAGTTCTGTATGGCG,GABBR2,874,398,344
GABBR2_GCACTACCAGTGGAAGCGCG,GABBR2,1110,320,292
GABBR2_TCCCAGTGCGACAACGCAAA,GABBR2,2993,752,1514
GABBR2_TCGATGGCCAGTTCCACGGC,GABBR2,363,280,87
GABPB1_ATGACTGCGGCAAAGCACAC,GABPB1,1006,327,127
GABPB1_GATGGGCTGACCAATTCCAC,GABPB1,532,95,0
GABPB1_CCACAGTTTATCATTGGACC,GABPB1,1597,319,354
GABPB1_GATTGTGTTCTGTGGCCCAA,GABPB1,781,42,128
GABPB1_AAACCTCTACTATGCTGGCA,GABPB1,67,36,92
GABPB1_GAGCTCCCTTTACTACAGAC,GABPB1,567,197,126
GABPB2_ATGCCCGGACTAAAGTAGAC,GABPB2,938,105,123
GABPB2_CGGCTGCAGCCATGTGCAAG,GABPB2,3478,692,733
GABPB2_TTGCACATGGCTGCAGCCGA,GABPB2,820,238,197
GABPB2_TGCCTCAGCAAGAGCTGCAA,GABPB2,814,211,31
GABPB2_ACTACAGCAACAACTCCAGG,GABPB2,556,34,100
GABPB2_GATGCTGTAGTAGTCACAGA,GABPB2,308,119,140
GABRA1_CCGCAGGAGTTTGTTGGGCA,GABRA1,4837,1080,1370
GABRA1_CAAACTCCTGCGGATCACAG,GABRA1,1678,326,165
GABRA1_TTGCATAAGCCACCTTAGGG,GABRA1,1018,443,321
GABRA1_TAGCAATGGTGGCTAAGCCC,GABRA1,1287,86,75
GABRA1_TTAGCAATGGTGGCTAAGCC,GABRA1,475,552,432
GABRA1_GATTCCAAATAGCAGCGGGA,GABRA1,714,64,19
GABRA2_CTTCTTGTTGGGTTCTGGCG,GABRA2,1044,365,125
GABRA2_CTTATGCAACTGCCATGGAC,GABRA2,2158,163,146
GABRA2_GAAGGCTATGTTACACAGAC,GABRA2,404,214,200
GABRA2_TAATCGGCTTAGACCAGGAC,GABRA2,500,274,465
GABRA2_TACGATAATCGGCTTAGACC,GABRA2,389,111,142
GABRA3_ACCTAAAGTGGCATATGCGA,GABRA3,1484,80,91
GABRA3_TCACCAAAGACTGTACGGGC,GABRA3,183,325,51
GABRA3_CAAATCCGTGGAAGTGGCAC,GABRA3,1078,97,149
GABRA3_TCTGAGCAGCTTGTTGGGCG,GABRA3,1782,861,804
GABRA3_TTCTGGACGGCTATGACAAC,GABRA3,1333,422,394
GABRA3_GAATCAAGACGACAAGAACC,GABRA3,593,168,213
GABRA4_TTACTTGTGCCAGATCCAGA,GABRA4,466,249,207
GABRA4_ACGGCTGAATGGGTTTGGAC,GABRA4,1195,149,230
GABRA4_AGTGTCCTATGCTACCGCCA,GABRA4,283,158,281
GABRA4_AACCCATCTTCCGTCTGAGG,GABRA4,868,67,194
GABRA4_CTTCCACCTCAGACGGAAGA,GABRA4,219,467,184
GABRA4_ATGTGTTCTTCAGGCAGACA,GABRA4,1724,304,577
GABRA5_TACGACAACAGACTTCGGCC,GABRA5,461,27,99
GABRA5_ACCATTTCCGTGTCGGACAC,GABRA5,1220,241,114
GABRA5_CCGCAGCAGCTTGTTGGGCG,GABRA5,810,159,246
GABRA5_GCAGCTTGAGGACTTCCCGA,GABRA5,766,224,289
GABRA5_GAGAACATCAGCACCAGCAC,GABRA5,504,108,116
GABRA5_TGATTCCCGGTTCAGCCAAA,GABRA5,1280,514,340
GABRA6_CCACAGAATAATGCACAGCC,GABRA6,1232,710,636
GABRA6_CTATGACAATCGGCTGCGGC,GABRA6,268,149,462
GABRA6_GCCCGTGTCAGATGTGGAGA,GABRA6,1488,169,622
GABRA6_GGGACTTCTACTGAGTAAAG,GABRA6,633,68,283
GABRA6_AGCCCATCTTCCTTTGCAAG,GABRA6,2058,1141,1003
GABRA6_AGTGTCATATGCCACTGCCA,GABRA6,285,50,47
GABRB1_ATATGACATTCGCTTGCGGC,GABRB1,151,34,163
GABRB1_CCGCATCCCAACGTCGACGG,GABRB1,1513,370,758
GABRB1_ATCCGCATCCCAACGTCGAC,GABRB1,311,437,296
GABRB1_AAGAAGGTGGAGTTCACAAC,GABRB1,792,220,536
GABRB1_GACATAAGGGATCTTTGGCA,GABRB1,116,52,42
GABRB1_GAAATCCGGAATGAGACGAG,GABRB1,339,58,103
GABRB2_AGCATCCAGTATCGGAAAGC,GABRB2,1105,723,351
GABRB2_GATGCGCCTGGATGTCAACA,GABRB2,485,135,332
GABRB2_CGATGCTTCAGCTGCAAGGG,GABRB2,1457,214,428
GABRB2_CCTGCATGATGGACCTAAGG,GABRB2,1420,329,343
GABRB2_AGACCTGAGTCCATAAAGGA,GABRB2,1017,215,338
GABRB2_TTACCTCTGCGCACAGACAG,GABRB2,2076,110,343
GABRB3_GACCAGACGGTGCTCCACGA,GABRB3,1176,241,247
GABRB3_CTATGGCCCTGGCCTGGAGG,GABRB3,1119,85,126
GABRB3_CCTCACGCTTGACAATCGAG,GABRB3,960,277,383
GABRB3_CATGGTTTCCGAAGTCAACA,GABRB3,1432,420,449
GABRB3_TTTCGGCATCTTCTCGGCCC,GABRB3,411,376,268
GABRB3_TTACCAGTTCACCGTGAGGA,GABRB3,903,258,302
GABRD_TGCGCGCAGAGGAGCAGGAG,GABRD,1975,359,40
GABRD_CGACTACGTGGGCTCCAACC,GABRD,1285,651,307
GABRD_TCGTGAACGCCAAGTCGGCC,GABRD,923,233,478
GABRD_GCTGCAGCTTGTCCAGCCCG,GABRD,712,68,24
GABRD_ATTGGATGATGTACACGCCG,GABRD,307,174,86
GABRE_GCCCTGGCACGCTTACCAAC,GABRE,1516,952,1132
GABRE_CCACATGCTCAGATTTCCAA,GABRE,823,560,555
GABRE_CAAAGGTGTCGTTGTAACAG,GABRE,2012,552,383
GABRE_CTAGGATAGAGAGAGGACCA,GABRE,772,62,22
GABRE_GATAGTGTTCAGGATGCGAG,GABRE,267,247,175
GABRE_AATAAGATGCCTAGGAGGAC,GABRE,666,108,299
GABRG1_GGTTTCTTATGTGACTGCGA,GABRG1,127,54,100
GABRG1_AGGATCAGCCACTTCTACGG,GABRG1,771,265,348
GABRG1_GGATCAGCCACTTCTACGGA,GABRG1,750,81,143
GABRG1_GGATGAACATTCCTGTCCAC,GABRG1,214,29,113
GABRG1_TGACCCTGCATTTGGGAAAC,GABRG1,1584,535,954
GABRG1_TCTGCGGAGTCAAAGTAGAG,GABRG1,2391,387,456
GABRG2_ACCCAGGGTAGAGCGACAGC,GABRG2,787,255,44
GABRG2_CCTCCGATTGAACAGCAACA,GABRG2,1004,916,804
GABRG2_CTTTCCTATCTCACGGCAGA,GABRG2,636,236,75
GABRG2_GAAGCGAAGTTCTGTTGAAG,GABRG2,1979,489,502
GABRG2_CCGGGCAATGGTGCTGAGGG,GABRG2,1640,194,585
GABRG2_TCCTACCTCTACCTGTGAGG,GABRG2,361,73,112
GABRG3_AGCCCGAGAACAGGCAGAGG,GABRG3,31,6,6
GABRG3_TCCCGTCATTCCAAATCCGG,GABRG3,2427,160,153
GABRG3_TGGCAAGGACTTCCTGGCGA,GABRG3,1246,528,492
GABRG3_GGTGGCATACTCCATCAGCG,GABRG3,458,148,226
GABRG3_CAATGCTATACGTACGGAAG,GABRG3,1082,205,153
GABRG3_GGTATCCAACCCAGTAGACC,GABRG3,47,26,50
GABRP_CCAGAGGAACTCCACGAGGC,GABRP,594,118,262
GABRP_CCGCCTCTTCTCCAATGGCA,GABRP,862,141,285
GABRP_TTGCTCAGTACACCATAGAG,GABRP,1667,680,877
GABRP_CTTAGTCACCAGATCGCAGC,GABRP,1379,778,402
GABRP_GGACAACACCACCAGGAAAG,GABRP,935,509,278
GABRP_CTTCCGTTTAAAGCTGGAGA,GABRP,737,558,213
GABRQ_CTCGAAGTGGAATTTCGGGA,GABRQ,1598,150,244
GABRQ_ACGTACAGCTCTCTACCACC,GABRQ,393,334,474
GABRQ_GGGAAGGACGATTACTAGCA,GABRQ,252,191,232
GABRQ_TAGGCCAGTAGACTTGCACA,GABRQ,563,426,316
GABRQ_CCGCTACCGCTACCAGCAAG,GABRQ,1242,97,226
GABRQ_CTTGCACACCCTTCTCGCCA,GABRQ,5381,611,532
GABRR1_GCATGACCATCAGGGTAGCG,GABRR1,2107,936,819
GABRR1_ATTCCACACCACCACCAAAC,GABRR1,1256,759,602
GABRR1_GAGCACGTTTGTGTGTCCAA,GABRR1,44,0,14
GABRR1_AGAGCACTTTCCCATCAGGC,GABRR1,835,140,201
GABRR1_CATGATTTCAGCATGAGGCC,GABRR1,393,176,115
GABRR1_ACGAGATGTCTAAGAAAGGC,GABRR1,399,208,186
GABRR2_TTCCTTGCGCTCCTGCACGG,GABRR2,2606,172,235
GABRR2_ATTTCACACAACTTCCAGGC,GABRR2,205,398,47
GABRR2_GCTCTCCAGCTCCAAAGAAC,GABRR2,1422,297,495
GABRR2_CATGCTCTTGTTGCTGGCGC,GABRR2,514,208,293
GABRR2_GATGTGACCAAGATCCGGAA,GABRR2,370,130,127
GABRR2_TGGATCAATGGTCAAGCCAG,GABRR2,876,186,97
GABRR3_ACCTCACCACAGTGGAAGAG,GABRR3,711,85,57
GABRR3_TGTGAACTACCTCACCACAG,GABRR3,1129,522,726
GABRR3_AACGATTTCGCAATGAGACC,GABRR3,717,561,515
GABRR3_AAGATGACAGTACCAAAGCG,GABRR3,1052,301,533
GABRR3_TCATTGAAGAGGAGCACCGC,GABRR3,929,60,106
GABRR3_ACATCAAGATGACACACCAG,GABRR3,727,116,611
GAD1_AACCTCCTCGAACGCGGGAG,GAD1,508,339,174
GAD1_AGTCTCTGTGCGCCGGAAGC,GAD1,560,61,233
GAD1_GATCTGCTTCCGGCTAAGAA,GAD1,229,129,291
GAD1_TATCCAATCCAGTGGAGAGC,GAD1,557,77,121
GAD1_GGTCCTCTTCACCTCAGAAC,GAD1,541,75,119
GAD1_CTAACAAAGGCTGTGTCACG,GAD1,1570,633,676
GAD2_GCTCCAGTCTCCAAAGCCGA,GAD2,269,14,105
GAD2_TCTTCCTTGCAGCGCGAGCC,GAD2,654,154,228
GAD2_TCTCGGCGTCTCCGTAGAGC,GAD2,700,98,135
GAD2_CTCCATCACACGCCGGCAGC,GAD2,1045,278,291
GAD2_AATGTCAGCGACAGCTAAGA,GAD2,682,181,249
GAD2_GGAAACTGAGTGGCGTGGAG,GAD2,1089,186,306
GADD45A_ACTTTGGAGGAATTCTCGGC,GADD45A,356,84,50
GADD45A_GCCCTTGCCCGCGTGTAGGA,GADD45A,241,304,250
GADD45A_CGCGTGTAGGATGGATAAGG,GADD45A,3436,874,873
GADD45A_ACGCCTGGATCAGGGTGAAG,GADD45A,179,70,292
GADD45A_CATCCTGCGCGTCAGCAACC,GADD45A,811,505,145
GADD45A_CAGCGTCGGTCTCCAAGAGC,GADD45A,760,220,344
GADD45B_GCTCGTGGCGTGCGACAACG,GADD45B,261,721,702
GADD45B_GATGCAGACGGTGACCGCCG,GADD45B,750,150,693
GADD45B_CTGCCTCTTGGCCATTGACG,GADD45B,479,382,515
GADD45B_CCTCCTCGTCAATGGCCAAG,GADD45B,742,916,1226
GADD45B_ACGGACGCCTGGAAGAGCCA,GADD45B,679,304,206
GADD45B_CAGCTACTGCGAAGAAAGCC,GADD45B,791,497,950
GADD45G_TCTGGAAGAAGTCCGCGGCC,GADD45G,921,447,445
GADD45G_CCGGAACTGTGTCCTGGCCG,GADD45G,1183,512,255
GADD45G_TTTGGCTGACTCGTAGACGC,GADD45G,418,115,86
GADD45G_CGACATCGACATAGTGCGCG,GADD45G,19,106,728
GADD45G_AGAGCCGCAGCGTTAACGAC,GADD45G,1589,283,258
GADD45GIP1_GCTCCAGGACCTAGAGAAGA,GADD45GIP1,1604,171,300
GADD45GIP1_GGGCACTCCTTGGGTCCACC,GADD45GIP1,451,0,0
GADD45GIP1_TTGGGTCCACCTGGTAGCCC,GADD45GIP1,394,284,137
GADD45GIP1_TGGAGGCCGAAGAACGCGAA,GADD45GIP1,203,250,67
GADD45GIP1_ACTAGGTGTGGCGGCGACCC,GADD45GIP1,212,80,158
GADD45GIP1_TAGGCTGCGTGCCTGTCGCA,GADD45GIP1,314,78,34
GADL1_CATCTGGTCTTCTGCTACAC,GADL1,1186,164,182
GADL1_TCACAAGGAGAGCACAGCAC,GADL1,1379,525,773
GADL1_AAATAGCAGACATCTGCGAG,GADL1,1026,230,345
GADL1_GGTCATAAATCGGGCCACCA,GADL1,339,137,199
GADL1_AGCTGTTTCAGTTGTTCAGG,GADL1,481,104,141
GADL1_CGTTACCGTCCACAGGACAC,GADL1,2135,213,607
GAK_CTTCCCGATCGGCGAGAAGC,GAK,202,152,221
GAK_ACTACAGCTGGAGCGCCCAG,GAK,224,138,46
GAK_AGAACCGTGTCGCACGAAAG,GAK,1178,457,426
GAK_TACAGAGCTCTGTGAGCAAG,GAK,1133,260,151
GAK_TGCCTGAGTGTGGGTTCGGG,GAK,1262,148,338
GAK_GAAGTCACTCTGGTCGCGGC,GAK,671,83,67
GAL_GGCTGGACCCTGAACAGCGC,GAL,330,57,102
GAL_CAGATGCCGTTGGCAACCAC,GAL,684,289,438
GAL_AGAATGGCCTCACCAGCAAG,GAL,1536,432,430
GAL_GAATGGCCTCACCAGCAAGC,GAL,994,246,266
GAL_GCTCTTCCCTTTGCAGAGGC,GAL,362,145,217
GAL_CCGCTCGATGTCTTCTGAGG,GAL,1925,749,424
GAL3ST1_GCAAGGTGGAGGCCTTCGGG,GAL3ST1,397,41,39
GAL3ST1_CATGCGCTTCCACTACGACG,GAL3ST1,2084,209,534
GAL3ST1_CGGGCCGATAGTCCTGCACC,GAL3ST1,467,164,231
GAL3ST1_GCTTCTGGCCGAAGCGGAAC,GAL3ST1,118,196,262
GAL3ST1_TGCCACCGCAGAAGAAGCCC,GAL3ST1,473,62,367
GAL3ST2_AGTGCAGGAATCCGGCCAGC,GAL3ST2,572,157,16
GAL3ST2_AACATGATGTTGGTGACCGG,GAL3ST2,946,148,112
GAL3ST2_GGTTGTGGGTCTCGGCGAAG,GAL3ST2,617,169,169
GAL3ST2_TAGCGCGCCAGGAAGAGCCA,GAL3ST2,645,184,103
GAL3ST2_GAGGACTCCAGCTGGAACAC,GAL3ST2,42,75,35
GAL3ST2_GGTGCTCATCGCCGAGCACC,GAL3ST2,0,0,8
GAL3ST3_CGAGTACTGGACCTCGGGCA,GAL3ST3,768,385,376
GAL3ST3_CCTCAAGCTGGCCATGCCCG,GAL3ST3,932,98,94
GAL3ST3_ACCTGGAACGCCCTGGACGC,GAL3ST3,1178,144,108
GAL3ST3_GCTGAAGAGCGACTCGAACA,GAL3ST3,600,394,264
GAL3ST3_CGTAAGCCTTCTCATCCACC,GAL3ST3,1139,206,748
GAL3ST3_TGCACCCTAGCACCAGCAGC,GAL3ST3,1891,168,180
GAL3ST4_GGCCCGAGCCTGGAACAACC,GAL3ST4,858,363,593
GAL3ST4_CAACAGTGGACTGACTGCGG,GAL3ST4,1295,171,0
GAL3ST4_TAGCCAAACTGGTAGCGGGC,GAL3ST4,429,35,34
GAL3ST4_AAACTGGTAGCGGGCAGGGA,GAL3ST4,1131,447,84
GAL3ST4_GGAACTCACCTCCTCTGGAA,GAL3ST4,645,207,50
GAL3ST4_GACAGCCGTGCAGCTGCGGA,GAL3ST4,269,81,137
GALC_ACCACTCAGTTTACTCAACC,GALC,1180,378,417
GALC_ACCATACCTGATACCCAGAC,GALC,905,283,458
GALC_TGATGCCGAACTCTTCAAGG,GALC,1471,531,401
GALC_CTGCCTATTATGTCGTGACC,GALC,1908,523,537
GALC_ACGTGCTCGACGACTCCGAC,GALC,673,248,138
GALC_GCACTTTAACGCAGGGAAGG,GALC,682,271,481
GALE_TCCAGGTGGCGATCGGGCGA,GALE,839,297,295
GALE_ATCCTCACCAATGCAGCCAG,GALE,1448,166,143
GALE_AGGGTTGGTACAACCACCCG,GALE,224,49,64
GALE_CTTCTGCACCGACTCGCCCA,GALE,589,279,267
GALE_TACATGTACCCTACCAGGAG,GALE,900,240,310
GALE_TGGAAGTTATCGATGACCAC,GALE,381,141,151
GALK1_GAGCAAAGAGGGCTTCCGGC,GALK1,222,0,0
GALK1_CTTCCAGTTGTACCTCCCGG,GALK1,574,372,153
GALK1_AGGCCGAGCACAGCTTCGCA,GALK1,279,57,72
GALK1_TCCCTCCAGAGCCCTAAACC,GALK1,1693,155,232
GALK1_GGAGTGATTCAGTACTACCC,GALK1,16,17,34
GALK1_CACGGACTACAACCAGGGCC,GALK1,229,113,64
GALK2_AGCACAACAGACCAAAGCAC,GALK2,1721,230,213
GALK2_TGACGCTCACAGTGCTGGGA,GALK2,742,441,263
GALK2_CGTTACATTGGCACTGAAGG,GALK2,1912,702,499
GALK2_TACATTGGCACTGAAGGAGG,GALK2,540,51,143
GALK2_GGGTCACGACTTACTGGAGC,GALK2,290,119,199
GALM_TTTGGAGAGCTGCCCTCGGG,GALM,247,93,49
GALM_AACCTTCAAGGTGGATGGGA,GALM,497,100,326
GALM_CTGGACTGATGCGCGAGAAC,GALM,2681,1075,1434
GALM_GGAATCAGGGTTTCATCCAC,GALM,554,111,71
GALM_TCGAATGCAGTGCCTTGCAC,GALM,687,270,325
GALM_GGGTGCATCATGCTGCAAGC,GALM,667,117,159
GALNS_CATCAAATCCGTGCTTCAGG,GALNS,638,55,94
GALNS_CCTTCTTCAGAAGCTCCGGC,GALNS,500,110,46
GALNS_TCACCTCCACATAGCGAGGG,GALNS,1253,192,277
GALNS_TTGGACCGGATGGCTGCAGA,GALNS,333,60,392
GALNS_TGACTTTCTCAGAGGACAGA,GALNS,466,293,202
GALNS_TCCCGTGGTTGCCATGGCGG,GALNS,1050,347,104
GALNT1_GAGTACCCAAATCAAGGAGG,GALNT1,222,36,3
GALNT1_ACCAGTCGTCATTCCTAAAG,GALNT1,772,324,492
GALNT1_TGCCCATTGTGAGTGTACAG,GALNT1,4421,496,544
GALNT1_TGACCTATGGTGGGTTCAAC,GALNT1,814,441,479
GALNT1_AGGACACCTACCATGGCAGG,GALNT1,350,118,76
GALNT1_ACACCTTACACGTTTCCAGG,GALNT1,594,524,367
GALNT10_TTTGGGCGCTGTACCGCGAG,GALNT10,611,334,318
GALNT10_GAAGGACTGGCATGACAAGG,GALNT10,857,104,75
GALNT10_ACTGTGGACGGTGCGGAGGA,GALNT10,2379,513,946
GALNT10_TTCGAACCAAGAAACGGGAA,GALNT10,946,271,179
GALNT10_TTCGGTACGAGACACAGGCA,GALNT10,1463,249,364
GALNT10_ATCCACGGCGAACAGTCCAC,GALNT10,39,176,168
GALNT11_ACTTGGGCCTCGAGTGAAAC,GALNT11,792,131,182
GALNT11_TTGGTAAGGAATGCTGCACC,GALNT11,418,77,74
GALNT11_GAGAAGTGATACCTGTCGCG,GALNT11,1153,177,510
GALNT11_GAACCCTCCGCGGACGACAG,GALNT11,552,158,119
GALNT11_GACACACAACTCTTTGCGGC,GALNT11,481,101,165
GALNT11_CGACCCAAAGTCCTTCAACG,GALNT11,3346,1330,1837
GALNT12_TGGCGCTACTGGCGTTGGCC,GALNT12,697,199,251
GALNT12_GGACACTGTAAACTGTCCGA,GALNT12,189,31,24
GALNT12_GATCCGCGCCAACAAGAGAG,GALNT12,751,140,259
GALNT12_CCCAGATCGGCGGTTTCGAC,GALNT12,0,11,13
GALNT12_GGAACTCACCAAGCGGGCAC,GALNT12,163,1425,1092
GALNT12_CTCACCATCCCGAAGAAGCC,GALNT12,2407,452,313
GALNT13_CCAAGAAGGGCCAGGAGAAA,GALNT13,2164,1379,568
GALNT13_AGCAGCTGCTCCTCGAAGAC,GALNT13,920,457,649
GALNT13_ACTGTGAATGCACGTTAGGA,GALNT13,630,61,64
GALNT13_AGGAACTTACGATGCAGGAA,GALNT13,632,385,295
GALNT13_TTTAGACAACATGGGCCGCA,GALNT13,439,140,118
GALNT14_TTGCGCAATAATGAACGGCA,GALNT14,935,205,251
GALNT14_CGCTGCTCAGGACCATCCGC,GALNT14,1103,143,205
GALNT14_TCGTCCCAGTCAGCGTCCGA,GALNT14,435,196,79
GALNT14_ACACGACTCATCTTGGGCCA,GALNT14,275,233,405
GALNT14_CCCTCTTTGGTAGGGAGGAG,GALNT14,800,142,692
GALNT14_AGGAAGTTGGAGGTGCCGAC,GALNT14,301,139,335
GALNT15_ACCCTTTATCTCACTGCGGG,GALNT15,446,90,396
GALNT15_GAGGATGATCTCCTTCAGGA,GALNT15,324,208,100
GALNT15_CACCAGCTATTCTGCTGAGG,GALNT15,1356,276,771
GALNT15_ACTGGAAGCTGGATTTCCAC,GALNT15,130,400,67
GALNT15_TCTCTTATGTCGCTGCGAGG,GALNT15,1369,185,139
GALNT15_CCTTACCTTGCTCAAGGAGA,GALNT15,431,117,84
GALNT16_TCGCCATCCTGACCGTAGCC,GALNT16,1466,117,311
GALNT16_ACAGCACGCCTTCAACCAGC,GALNT16,1384,256,436
GALNT16_CCTCTTCACTGTGCGCAGCA,GALNT16,152,131,218
GALNT16_CTGCGCAATGATCGGCGGGA,GALNT16,687,20,52
GALNT16_TTCGCAGTGGCTATCCAGAA,GALNT16,2734,1291,1273
GALNT16_CTCCTAGGACCACACCCGCG,GALNT16,1425,301,379
GALNT18_GAGATCGGCCTGCTGGACGA,GALNT18,307,46,82
GALNT18_TGAGATAGAAGAGTACCCGC,GALNT18,313,198,201
GALNT18_AGTCGTGCGTCACAGCAAGC,GALNT18,1815,227,220
GALNT18_ATTTCCTGACAGCCTGCCAG,GALNT18,101,89,104
GALNT18_ACTCCTCTCTGTTTGCACAC,GALNT18,1615,115,350
GALNT18_TCTGAAGATTATTGAGCGGC,GALNT18,818,103,186
GALNT2_GCCGAGTTGGGAGAATGCGG,GALNT2,874,466,189
GALNT2_ACGGTGGCCAGACTTTAACC,GALNT2,1553,715,701
GALNT2_TCAGCGGAAGCAGTGGCGGG,GALNT2,539,58,205
GALNT2_CATGCGCTCACGGGTTCGGG,GALNT2,306,168,315
GALNT2_TGAGCAGAGAAGGTCCCGGC,GALNT2,733,368,100
GALNT2_CGTGTCCCACACGGCTGCAC,GALNT2,522,97,158
GALNT3_GCAGATATGGGAGATCCAGA,GALNT3,146,160,53
GALNT3_AATTCGGCACAACATCCAGA,GALNT3,314,65,31
GALNT3_TCAGCTATTCTGGCCAACAG,GALNT3,2672,668,476
GALNT3_CAACCATAGAAACACTCACC,GALNT3,450,396,122
GALNT3_AATGCTTTACCAGAAGCACC,GALNT3,359,30,45
GALNT3_CCTCAGGATTCAAATGCACC,GALNT3,221,215,227
GALNT4_CATGGCCCACGTGGGAACAC,GALNT4,827,219,235
GALNT4_GATTAGGACCAATAAGCGAG,GALNT4,173,60,163
GALNT4_GGTACGGAGCAAAGTCGACC,GALNT4,196,129,0
GALNT4_TCAGTTCATCCTCGTTGAGC,GALNT4,507,327,323
GALNT4_TTTCATGCCTCCGCAGGAGC,GALNT4,259,200,37
GALNT4_GAATCCGGATGGCGGTGAGG,GALNT4,314,106,12
GALNT5_ACAGGCAGTAGCAAACGAGA,GALNT5,448,177,16
GALNT5_CTTCGCCTCAAAGAGAGACA,GALNT5,372,41,183
GALNT5_GATGACTTCGATTACTGGAC,GALNT5,231,18,0
GALNT5_GAACTTGGAACATACGACCC,GALNT5,165,87,85
GALNT5_CTAGCCCTTGGTCGATGAGG,GALNT5,258,99,225
GALNT5_TACGGCTCCTTTATCAGGGA,GALNT5,1059,431,319
GALNT6_TCGTTCCGAAATGTCACCGA,GALNT6,971,491,322
GALNT6_AAATCTGCAGGCAGCAAAGA,GALNT6,751,166,173
GALNT6_AAGCCCTCTTCACTCTCACC,GALNT6,417,89,14
GALNT6_TTCGCCAAGCCCGTCCAGAG,GALNT6,1956,833,1240
GALNT6_GAACTTCTGGTCCACACACC,GALNT6,741,119,172
GALNT6_CAGAAGGGCTTCAGTTCAGC,GALNT6,254,578,119
GALNT7_ACGACCCAAGCCCGCTGAGC,GALNT7,427,371,552
GALNT7_AGGATCCCTGGGCGAAGCAC,GALNT7,197,322,120
GALNT7_ACGAAGTATTGGTGCTCAGA,GALNT7,1712,144,60
GALNT7_TAGCTCCCATATCTAAGGAC,GALNT7,876,100,104
GALNT7_ACGTATTCCTCTAAGCCACA,GALNT7,760,141,89
GALNT7_GATGAAGATGGGTATGCCCG,GALNT7,769,31,36
GALNT8_TGTTTACGGGTGGTCTCCAC,GALNT8,377,90,97
GALNT8_ATGTGAACAGCACACTGAAG,GALNT8,799,180,149
GALNT8_ATACGGCATCCTGAAAGGAA,GALNT8,1368,604,873
GALNT8_AATCTTGGCTCGGATTCAGG,GALNT8,463,46,194
GALNT8_GGAAGTGCCTGTTAGCAGCC,GALNT8,738,316,198
GALNT8_ATTCCATGACTCACCTGGAG,GALNT8,691,319,123
GALNT9_TGGCGGCGAGAACGTAGAAC,GALNT9,1908,372,322
GALNT9_ACGCCGCCCATGGCTACAAC,GALNT9,4858,2220,2428
GALNT9_TGGACCAGTACGTCAACAAG,GALNT9,1984,680,451
GALNT9_CAGACAGATGAGCTACGCCC,GALNT9,1346,174,139
GALNT9_CCAGGCCGATGGGCTTGGCA,GALNT9,282,306,289
GALNT9_GGCGGCAGTACACGGAGAAC,GALNT9,2088,374,382
GALNTL5_ACCATAATCATGTGAGCAGC,GALNTL5,772,318,279
GALNTL5_ACTGGACATGGTCTGAAACA,GALNTL5,545,211,440
GALNTL5_CCTTGGCAATGGCATGCAGC,GALNTL5,941,226,386
GALNTL6_GATGACTTTGTTGTTCACGG,GALNTL6,905,233,103
GALNTL6_CCAAGCATTAGTGCAGACCA,GALNTL6,1791,404,610
GALNTL6_ACAGACATTTCCACTGGGCC,GALNTL6,1219,214,247
GALNTL6_CTGCTAGGGAAAGGTGAACA,GALNTL6,2512,1225,916
GALNTL6_TTATACTGTGTATGGTCCGC,GALNTL6,988,19,86
GALNTL6_ACTGCGAGGTCAATGTGAAC,GALNTL6,835,557,779
GALP_TGCATCTCTATCCAGGGACG,GALP,1049,524,458
GALP_CTATCCAGGGACGAGGAGGC,GALP,1809,24,114
GALP_CTCACTCACCGGGACCCAGA,GALP,679,279,225
GALP_TGGGTGACCAAGACGGAAAG,GALP,2299,370,576
GALR1_GCGGTCGGGAACCTCAGCGA,GALR1,134,15,38
GALR1_CGTGGAGAACTTCGTCACGC,GALR1,167,229,253
GALR1_TCGCCCGTGGCCTACCACCA,GALR1,1790,830,1211
GALR1_GGAAGGAAGCCGGCGTCAGC,GALR1,191,3,60
GALR1_AGTGGGCGGTGATTCTGAAG,GALR1,416,136,213
GALR1_CGGAGGAATTGCTGTACGCC,GALR1,875,505,634
GALR2_TGAACGTCTCGGGCTGCCCA,GALR2,9,11,137
GALR2_GGAAGATGAGCGCGAAGAGC,GALR2,561,110,156
GALR2_TGTTGCCCACGGTGCCCACG,GALR2,190,61,31
GALR2_GGCTTCCGCACGATCTGCGC,GALR2,434,122,362
GALR2_CGACCTGTTGCACATGAGCG,GALR2,552,414,343
GALR2_TTGCACATGAGCGAGGCGGC,GALR2,262,84,109
GALR3_AAGATTAGGGCAAAGACCAC,GALR3,343,56,47
GALR3_GGTGCACGGCCTTGCAGACG,GALR3,70,39,31
GALR3_CCAGCAGAGCGCGTAGAGCG,GALR3,845,470,405
GALR3_AGGCGAGCGCGTAGACGAGC,GALR3,490,55,79
GALR3_GAGGCGAGCGCGTAGACGAG,GALR3,457,303,265
GALT_GCAGCAACCTTCCGGGCAAA,GALT,3412,1013,696
GALT_CTCACCGCATGAAGCGGCCC,GALT,240,181,135
GALT_GAAGTCGTTGTCAAACAGGA,GALT,732,189,213
GALT_GAGCAGACTTTGCTTGGAAA,GALT,1026,249,536
GALT_GGCAGCGTTACATCCGACCA,GALT,271,86,118
GALT_GCTGAGATCGCTCCTCACGC,GALT,564,205,299
GAMT_GCGTAGTAGCGGCAGTCGGC,GAMT,127,86,71
GAMT_CTTTCGCCTGCTGAAGCCGG,GAMT,287,74,36
GAMT_CCACCTTGATGAAGTTGAAC,GAMT,2083,674,624
GAMT_ATCAAAGTGACCGTCAGGCA,GAMT,507,113,70
GAMT_GGCACCTTGTGTGTCTGCCG,GAMT,26,79,407
GAMT_GCAAGCCGGTGATGGAGCGC,GAMT,270,101,17
GAN_GCAGAAGAACATCCTGGCGG,GAN,220,21,10
GAN_GGATTACATCTTCAGTGGGC,GAN,134,48,194
GAN_TAAGGTCCGTCAGTAGCAGC,GAN,405,51,87
GAN_CGCTCAGCCAGCCGCAGCAA,GAN,4869,1057,1058
GAN_CAGGCAGCTTTGGATCGAAC,GAN,2287,606,522
GAN_AGCATTGCCACCTATGAACG,GAN,2383,220,428
GANAB_AACACCCAGGGATGGCGACA,GANAB,709,202,120
GANAB_GGTCCTCTAGTAGGTCAAGG,GANAB,268,64,220
GANAB_TCGGTTCAGGATTGATGAGC,GANAB,1465,108,110
GANAB_AAGCTGTAGAGAGTCCAGCA,GANAB,1380,239,466
GANAB_AGTTGCTTCTATCCACAGCA,GANAB,422,63,358
GANAB_AACTCTGCACAAGATGGCGG,GANAB,150,0,108
GANC_TCTATAGGCGTCAGAAACAG,GANC,838,526,636
GANC_GCTGAGGAGCCTGATAAACA,GANC,652,328,639
GANC_GGCAACCTCACGCTGGGCAC,GANC,709,72,74
GANC_GCTCAAAGTATAATTGGCCC,GANC,993,220,148
GANC_CCCAGTTGCTGCTAAACAAA,GANC,1882,846,730
GANC_TAGAGCACACTGAGGGCAAG,GANC,600,220,277
GAP43_GCTTCCGTGGACACATAACA,GAP43,1271,771,574
GAP43_CCTGATGAGCCCGGCAAAGC,GAP43,1819,465,1035
GAP43_GGCAACAGCCCAGCCTCCAA,GAP43,182,59,3
GAP43_GGAAAGTGCCCGGCAGGACG,GAP43,1448,271,260
GAPDHS_GGCACGGCTGTCGCAGCAAC,GAPDHS,136,180,40
GAPDHS_CTAAGATGGTGTCTGTGGCC,GAPDHS,774,555,396
GAPDHS_ATTTGGACGCATCGGTCGCC,GAPDHS,167,0,9
GAPDHS_TCCACCCACGGCCGATACAA,GAPDHS,589,336,209
GAPDHS_CCCTACGTGGTGGAGTCCAC,GAPDHS,825,226,17
GAPDHS_TCACAATGTTCATGGAGCCA,GAPDHS,1990,623,514
GAPT_GCCTTAAGCCAATGATGCGG,GAPT,592,298,224
GAPT_TGAGGAACTTCAGAAGGACG,GAPT,546,335,312
GAPVD1_TGGATCGGCTTATCATAACC,GAPVD1,1510,292,185
GAPVD1_CAGCCTATCTACACAGGAGA,GAPVD1,1023,253,194
GAPVD1_ACATCATCCCTGGAGTAAGC,GAPVD1,1086,305,101
GAPVD1_CAGCTTTCGGATGGAGGACA,GAPVD1,114,333,356
GAPVD1_TCTGTGTCAGAACTTGGAGC,GAPVD1,1464,124,201
GAPVD1_CCGGACACAACACTGAGGCC,GAPVD1,910,207,110
GAR1_AGCAGCAACCACTTCCGAGG,GAR1,844,67,9
GAR1_GGCGGCAATTTCAGAGGCGG,GAR1,64,290,67
GAR1_CAATTTCAGAGGCGGCGGCA,GAR1,542,10,10
GAREM_AACTCCTGCTTGGATCCAGC,GAREM,170,28,180
GAREM_CCCTGAAGAATAGTAGGACA,GAREM,544,713,425
GAREM_CCTTCATGGTTGCAGGGACC,GAREM,276,206,338
GAREM_AGCTGAGCGAATTGGGCACG,GAREM,1167,832,426
GAREM_TGATTCATTCCTGCCGCCAG,GAREM,266,57,1
GAREM_GCCGGTAAGTGCTGACCAGG,GAREM,631,173,139
GAREML_GGCTGACGATGAGGTCGAGC,GAREML,398,22,92
GAREML_TTGTCCACTGCCGGCAGGAG,GAREML,1333,495,361
GAREML_AGCAGCCCAGGGCGATGCAC,GAREML,936,66,149
GAREML_GATGCGGTCAGGGAAGACAC,GAREML,618,0,11
GAREML_GAGGAGTTGTGGGCGCACCA,GAREML,461,162,426
GAREML_TAACCCAAGGGCGCCTGGAA,GAREML,1017,326,324
GARNL3_TGTGCTATCTGACTCCCACA,GARNL3,369,152,219
GARNL3_ACATTATGGATCTGTGGAGC,GARNL3,684,220,451
GARNL3_TGCTGATGGAGCCATCCAAA,GARNL3,1860,340,565
GARNL3_ACCCAGAATACCACACCAGA,GARNL3,441,76,36
GARNL3_AGGGTCACGGACAAGAAGAA,GARNL3,770,241,291
GARNL3_ATCACTCTAAAGGGCTGGAC,GARNL3,388,179,228
GARS_CGAGCACCTCTAAGCAGCAC,GARS,551,478,421
GARS_GAGGGCTCACTGGTTCCAAA,GARS,194,104,72
GARS_TGAGCTCAAAGCCCGCAAGA,GARS,1865,259,115
GARS_TGGAAGATACCCTGAAGAGG,GARS,894,8,8
GARS_TCTGATCAGTCCAGATCGAG,GARS,1497,0,0
GARS_ACTCCGCTTCCGGCAGCACA,GARS,1169,21,2
GART_TGAGGCTCAAGCTCTAGGAC,GART,2082,560,415
GART_TATCCTGGAGACTACACCAA,GART,149,314,136
GART_GAGATGGTGGCCCTAACACA,GART,1380,48,16
GART_TGGCCTTCACAACCAAAGCA,GART,1239,924,899
GART_ATGGAATCCCAACCGCACAA,GART,1342,234,195
GART_AGTGTGGTCACTGATTGAGA,GART,469,271,143
GAS1_CAGCCGCTGGACGACGACGA,GAS1,1425,468,626
GAS1_GATGACGAGCAGCGCACCGG,GAS1,16,86,0
GAS1_CATGCTGGCTATGCCCAAGG,GAS1,833,659,379
GAS1_CAGCTCAACCACACGCGCCG,GAS1,1330,665,1011
GAS1_CGACGAGAAAGAGGCGGCCG,GAS1,366,347,543
GAS2_TGATGCATATCAGAGAGGCC,GAS2,867,220,165
GAS2_GGAGAAATTCAAGGAGAGCA,GAS2,635,123,289
GAS2_AAAGGAGCCCGAGGGTGCAC,GAS2,147,106,11
GAS2_AGCTTGGCCGGATTGCAGCC,GAS2,668,295,222
GAS2_TCCAGCTTTATCAAACCAGG,GAS2,384,137,335
GAS2_CTCCCAAGGAAGATACCGAG,GAS2,3135,1162,1126
GAS2L1_ACGCCTCGTGCAGTTTGAGC,GAS2L1,521,1,147
GAS2L1_CCCATGATCAAGGTCTCAGA,GAS2L1,359,55,101
GAS2L1_GAGCCACGTGATGGTGCGAG,GAS2L1,395,138,553
GAS2L1_TAGCTTACGAAGCACAAAGG,GAS2L1,600,130,289
GAS2L1_CGCAGTGATGACACAGGCAC,GAS2L1,1491,942,630
GAS2L1_TTCATCGGAGGAGCTGGAAA,GAS2L1,1578,381,262
GAS2L2_TACTGTGTCTGCCAGCCCGG,GAS2L2,326,241,132
GAS2L2_CCTCAGCCTTCGGTCTGAAG,GAS2L2,612,7,47
GAS2L2_TTGACCATGGAGAACTGCAC,GAS2L2,614,62,58
GAS2L2_CAACACCAAAGCGCCACGCC,GAS2L2,2175,218,170
GAS2L2_GCTTCGCGACCTCTATGGGC,GAS2L2,224,2,93
GAS2L2_AAAGGCCGGATACTGCACAC,GAS2L2,378,186,213
GAS2L3_AGTCCTCTGACTCCCAGACA,GAS2L3,707,119,99
GAS2L3_CTGACTCCCAGACACGGACC,GAS2L3,1504,344,343
GAS2L3_CGATGAGAACAACTACAAGG,GAS2L3,1147,625,631
GAS2L3_GGTGCAGTTCTTGGTAAAGC,GAS2L3,478,105,140
GAS2L3_ACACAGTCTCAACCATCCGA,GAS2L3,183,44,108
GAS2L3_ACTAAAGGGCCTCCCAGAAG,GAS2L3,1329,91,112
GAS6_GGTCTCAGCAGCTAGAGGCG,GAS6,381,42,58
GAS6_TCCCAGGAGAAGGCTTGCCG,GAS6,1178,456,347
GAS6_CGAATGCAGCCAGGAGAACG,GAS6,4226,808,984
GAS6_TGGGCGTGCACTGGTCAGGC,GAS6,1480,445,658
GAS6_CGACTTACTTTGCACGCAGG,GAS6,187,351,262
GAS6_CCTCGAAGACCTGAAAGGCG,GAS6,211,3,227
GAS7_AGCTCGCCGGGAACCAGCCA,GAS7,606,357,236
GAS7_GAACTTCTGCTTCGTCCGCC,GAS7,149,206,120
GAS7_GAACTCCTTGGCTTCACAGG,GAS7,929,100,149
GAS7_TGTCAGAATTCATCCGGGAA,GAS7,3862,1212,710
GAS7_AGCTGCTGAAACCAACCGAG,GAS7,828,181,438
GAS7_GGCTTTCTTCTCCCGGCGGA,GAS7,369,204,120
GAS8_AGAGGACATGAGCAAGGAGC,GAS8,643,12,34
GAS8_AGAAGCCGAGGAGAGGCACC,GAS8,154,1,21
GAS8_ACAGGAGAGTGTGCTGCGCA,GAS8,867,521,315
GAS8_AACACACCGAGGAGATCACC,GAS8,499,208,216
GAS8_AGCTCCACGAAGTGGAGGAG,GAS8,3,43,29
GAS8_CCCTCTCCAGAAGGCTCGGG,GAS8,425,41,165
GAST_ACAGGGACCTGGAGCTACCC,GAST,491,134,64
GAST_CGTCCAAGAAGCAGGGACCA,GAST,1316,312,115
GAST_ATGGTCCCTGCTTCTTGGAC,GAST,527,94,59
GATA1_CCAGAGCAGGATCCACAAAC,GATA1,3968,1661,1643
GATA1_CATTGCTCAACTGTATGGAG,GATA1,1744,363,314
GATA1_CATCCAGATCTTCCACGGCC,GATA1,993,381,478
GATA1_CAGCCACTCCACTGTGGCGG,GATA1,765,336,530
GATA1_TAGATTGTCAGTAAACGGGC,GATA1,213,56,26
GATA1_GCTTTGAAGGTTCAAGCCAG,GATA1,146,74,31
GATA2_TGTCCGGAGTGGCTGAAGGG,GATA2,958,535,233
GATA2_CGTCTGACAATTTGCACAAC,GATA2,4125,1459,1657
GATA2_GGCCCACTCTCTGTGTACCC,GATA2,22,63,127
GATA2_CCGTCCAGCCAGGGCAAACC,GATA2,1547,819,712
GATA2_ATGTAGTTGTGCGCCAGGCC,GATA2,1280,333,293
GATA2_TGCTGCGCATTCAGCACGGC,GATA2,104,18,89
GATA3_CCGAGTTTCCGTAGTAGGGC,GATA3,1105,311,389
GATA3_ACCGAGTTTCCGTAGTAGGG,GATA3,1700,442,314
GATA3_CAGCTTCATGCTGTCGGGCA,GATA3,266,111,287
GATA3_ACTGTGGCGGCGAGATGGCA,GATA3,334,155,415
GATA3_CCACAACCACACTCTGGAGG,GATA3,3312,587,484
GATA3_TCGAGCAGGGCTCTAACCCA,GATA3,720,112,174
GATA4_AAGGAGAAGCGCGGCGACAC,GATA4,1196,326,572
GATA4_GCTGAGGCTTGATGAGCGGC,GATA4,96,81,38
GATA4_CTGTGGCGCCGCAATGCGGA,GATA4,463,175,67
GATA4_GCCTCTTGCAATGCGGAAAG,GATA4,1293,180,414
GATA4_CCGTAGTGAGATGACAGGCC,GATA4,1316,477,498
GATA4_AGCTTCAGGGCCGAGAGGAC,GATA4,1436,303,366
GATA5_AACTTGAACTCCAAGTGGCC,GATA5,307,40,37
GATA5_AAGACCATCGCCAAGGCCAG,GATA5,498,186,104
GATA5_CTGTGGCGGCGGAACTCGGA,GATA5,256,42,23
GATA5_CGCTTCTGAGGCCGAACGAG,GATA5,973,640,569
GATA5_TCTGAGGCCGAACGAGCGGC,GATA5,5,16,166
GATA5_GACGCTGCCATCGAAGGGCC,GATA5,529,78,88
GATA6_TGGCCTTGACTGACGGCGGC,GATA6,540,383,111
GATA6_CAGTGGGCCAGCCAACCACG,GATA6,602,644,695
GATA6_CATCAAGCCGCAGAAGCGCG,GATA6,958,347,385
GATA6_CTTATGGCGCAGAAACGCCG,GATA6,703,638,367
GATA6_CTCAAGTATTCGGGTCAAGA,GATA6,2759,1120,1022
GATA6_CCAGGAATCCGGTCGCACGG,GATA6,2239,708,1013
GATAD1_GGTCTTGCATACGCTGCAGG,GATAD1,447,134,144
GATAD1_CTTCCACATGGAGGACGACG,GATAD1,1936,563,588
GATAD1_CTGCCATCATTGCACTGGCC,GATAD1,1022,361,316
GATAD2A_TGGACATGCGCACCTCACAC,GATAD2A,1591,634,541
GATAD2A_GCAGTCCTGAAGAACGAGAA,GATAD2A,936,198,185
GATAD2A_TGCTGCCCACCTCGGACCAG,GATAD2A,2487,499,351
GATAD2A_GGGACAGAGGATCATCCAGC,GATAD2A,862,91,40
GATAD2A_CAGAACCTACTGGAGACACA,GATAD2A,894,272,191
GATAD2A_CCAGAAGAAGGCGCTCAAGG,GATAD2A,2043,351,90
GATAD2B_ATTTGTGAAAGCCCTACAGC,GATAD2B,851,125,133
GATAD2B_GAGGATGTTGTACGCTGACA,GATAD2B,524,59,115
GATAD2B_AACGGATGACACTGTGACCC,GATAD2B,379,16,82
GATAD2B_GATGCTGCATTCTGTACAAC,GATAD2B,959,829,451
GATAD2B_CTAGTGAGCCAGAGCGAGGA,GATAD2B,1432,223,152
GATAD2B_CGTCTAGCACTCATATCCAC,GATAD2B,906,68,270
GATC_AAGCTATCGCCTTCGCCGAC,GATC,693,75,184
GATC_CTACGCGCCGTGGACACAGA,GATC,483,66,141
GATC_TGGAATCGGTCCTGGAGGAC,GATC,2096,337,126
GATC_AGTACTCCTCCACGACGCGA,GATC,833,24,69
GATM_CCAACACCAATCATCCCAGA,GATM,1303,392,345
GATM_CCCTGACCGACCATGTCACC,GATM,1299,239,323
GATM_GCTGCTGACTTCATTCGAGC,GATM,1529,536,75
GATM_GGCTGATGAGCTTTATAACC,GATM,1134,572,414
GATM_CGGAAGGAGTGACAGTAAGG,GATM,2024,738,442
GATM_TTCACCTCGATGGTGAACGG,GATM,6,0,3
GATSL3_GGCAAAGAACGTGATGGAGC,GATSL3,0,45,258
GATSL3_TCCACCTGTGCGAGTAGAAG,GATSL3,3533,568,836
GATSL3_ACGAGGGATGATTCCAGCAA,GATSL3,1504,96,190
GATSL3_GATGCTGTCCACTTACCAGA,GATSL3,91,71,47
GATSL3_GACGAGGAGGGCTTTAAAGG,GATSL3,1152,251,202
GATSL3_CGATCCTAATCCTCCGACCC,GATSL3,2213,497,445
GBA_CTGTGCCCGTGTGATTAGCC,GBA,1801,775,747
GBA_CAGGCTAATCACACGGGCAC,GBA,1268,177,185
GBA_CCCATCCAGGCTAATCACAC,GBA,1451,510,317
GBA_TACACGCAGTGGGCGACGGA,GBA,106,132,21
GBA2_GATACGCAGAGTGGGAAGAG,GBA2,318,203,212
GBA2_CACTGGCTTGGGACATGCCC,GBA2,1176,171,330
GBA2_ACCACCCAGTCCATTCCGCA,GBA2,301,250,501
GBA2_ACAGTGTGCCTGCGTCGGGA,GBA2,676,184,284
GBA2_TGTCGTTGGCAGCTTAACCC,GBA2,1556,306,195
GBA2_TGAAGAGACTGGCGGCACCA,GBA2,876,546,427
GBA3_GACACATTTACTCATCAGGG,GBA3,265,138,62
GBA3_CTGTTACCTGATGGGACGAC,GBA3,716,615,598
GBA3_CCAAAGTGAGGGATACCCGG,GBA3,1261,617,478
GBA3_GGTATCCCTCACTTTGGGAC,GBA3,0,102,86
GBA3_CTCTTGATGACACTCAACGC,GBA3,1540,850,567
GBA3_CAACGTGGAAGAGACCAAAC,GBA3,1089,466,575
GBAS_ACAGATCTCGAGAAGACAGC,GBAS,399,167,188
GBAS_GCAGTACTTGTACCCAGAAC,GBAS,2258,357,605
GBAS_AGCCTCCTTCATACCTCCAG,GBAS,540,365,234
GBAS_TTAGGTCCGGATCTTGGCAC,GBAS,667,459,148
GBAS_GCAATCCGCTTCAGACAGGA,GBAS,806,208,402
GBAS_TTACAGGGATCTTCAGACCA,GBAS,1043,483,277
GBE1_ACGCATGGGCTTGGTGGAGA,GBE1,577,441,252
GBE1_GCTTTATCATCACCATGGAG,GBE1,1228,403,449
GBE1_ACCTGAAGAGCTACAAGAAC,GBE1,778,536,639
GBE1_CGAACCACATACTTTGCCCA,GBE1,2188,744,661
GBE1_ATACTGCAAAGAATGGGCCC,GBE1,654,102,249
GBE1_TCGGCCCGAGGACTACGAGG,GBE1,515,56,103
GBF1_CCATCAAACGAAATGCCCGA,GBF1,589,288,324
GBF1_ATTCGCTCTGAAGATACCAC,GBF1,226,41,110
GBF1_TTGGTTAGGTGGGCACCCAC,GBF1,470,0,33
GBF1_TAAGGTGGTTCCATTGGGAG,GBF1,586,184,189
GBF1_CTTACTGATCTAGAGCAACC,GBF1,1152,95,165
GBF1_ACTGTGTAAAGCGCACGCCC,GBF1,276,3,39
GBGT1_TTGGGTGAATGGCAGCCACC,GBGT1,363,14,41
GBGT1_TTGGCGCCCATCGTCTCCGA,GBGT1,305,143,127
GBGT1_CCAGTCTCCTTACCATACCA,GBGT1,1619,521,636
GBGT1_TACCATACCACGGGCTGGAG,GBGT1,1194,205,241
GBGT1_ACTTACAAGATCTCTGGGCA,GBGT1,550,134,138
GBGT1_AGCAATGCATCGCCGGAGAC,GBGT1,846,276,103
GBP1_TTGATCGGCCCGTTCACCGC,GBP1,2100,271,447
GBP2_ACAGGAACGCCTTCTCAAGG,GBP2,1331,310,301
GBP2_TCTGTATAACCAGGCCAAAG,GBP2,651,1193,524
GBP2_CATCTCGCCTTGCTTCCAAC,GBP2,444,252,411
GBP2_ATGTGGACCAAATGTTCCAG,GBP2,589,79,302
GBP2_AGCAAGGTACTTCTTAGGAG,GBP2,1596,316,232
GBP2_ATCAAGGCAAACTCCTCACC,GBP2,326,87,183
GBP3_GCACAGGGTTAGTGAGAGGG,GBP3,936,1,80
GBP3_TCGATCTGCCCATTCACCGC,GBP3,2047,413,399
GBP3_TATTCCCTGAAGCTAACGCA,GBP3,331,97,50
GBP4_CCTTTGTGGAATAGCGGAGC,GBP4,325,207,139
GBP4_ACCTTTGTGGAATAGCGGAG,GBP4,975,189,265
GBP4_CAGCCGCTGGGTTCTCAAGC,GBP4,536,408,621
GBP4_CGTCTTGCAGGAAAGCGCAA,GBP4,453,150,226
GBP4_CACGCTGCAGTGCCCACACC,GBP4,1483,1950,741
GBP5_TTTCCGTCTCTGTGAGAGCC,GBP5,368,59,140
GBP5_TACTATCGGGAGCCTCGGAA,GBP5,242,347,549
GBP5_ATGACCAAGACTCTTCCAGG,GBP5,68,149,167
GBP5_GAGAGATTTCTGCTTAGGCC,GBP5,315,72,49
GBP5_TACGGTGCAGTCTCACACCA,GBP5,1996,912,1976
GBP5_AAAGTTCTCGATGAGGCACA,GBP5,473,102,163
GBP6_TGTACGGTACAGTCCTACAA,GBP6,629,255,251
GBP6_TGTAGACAAAGGTGCTGCAC,GBP6,523,72,17
GBP6_AGAGCTCATTGAGTTTAGCC,GBP6,287,183,153
GBP6_GATGTTGGAGCACACGCAGA,GBP6,655,71,87
GBP6_TTGCAGTTAGCTCATCGGCA,GBP6,1544,499,389
GBP7_AGCTAAGCAGGCTAAGAAGG,GBP7,895,156,492
GBP7_AGGAACTTTCTTTGTTCCGG,GBP7,186,62,25
GBP7_TCCTTGTCTGGAGAATGCAA,GBP7,417,150,131
GBP7_AGAAGTACGAGAAGACCAAC,GBP7,480,451,185
GBP7_ATTCTAACAAGCCCAGGGAG,GBP7,462,133,220
GBP7_GGGCCTGGGTGATATGGAAA,GBP7,601,389,396
GBX1_GCAAACCTGTTGACATGCAC,GBX1,737,229,557
GBX1_AAGTGGAAGCGCATCAAAGC,GBX1,1377,450,208
GBX1_ACCGAAGCTAAAGGGAAGCC,GBX1,278,122,268
GBX1_GGCCCGTAGAAAGCGTCGGG,GBX1,391,19,148
GBX1_GCCGGCGAAAGAGGCTAGCG,GBX1,1970,627,881
GBX1_GATTAGGGAGTCGATGGAGA,GBX1,287,83,132
GBX2_GCGAGCGCTCGGTCAAGGAG,GBX2,443,247,322
GBX2_CGTAGACGTGGTGCTGCCCG,GBX2,1037,390,713
GBX2_GCAGCGAGCCCTCTTTGGCC,GBX2,463,62,0
GBX2_CGGCGGTAACTTCGACAAGG,GBX2,1757,602,625
GBX2_CTTCTGCTCCAGCCTGGCGC,GBX2,484,70,21
GBX2_CGGTGTAGACGAAATGGCCG,GBX2,1320,214,304
GC_GACCAGAGTTGGAGCCACCC,GC,806,298,133
GC_GCAGACTCTATTTGACAGAG,GC,1505,387,553
GC_TGCTGAGTGCTGCACCAAAG,GC,2868,927,1305
GC_CAGCAGTGCCTGGGTGAACG,GC,2972,1375,1239
GC_GACCTGTTCAAACGTGCCAC,GC,437,163,157
GC_TCCCAGTGGCACGTTTGAAC,GC,4170,1277,1275
GCA_GCCTACCCGGGATACGGAGG,GCA,761,96,44
GCA_CCTACCCGGGATACGGAGGA,GCA,460,108,157
GCA_CTACCCGGGATACGGAGGAG,GCA,1652,425,586
GCA_GGACAGCCAGTGCCAGAAAC,GCA,1487,694,806
GCA_TCAGACACTTATTCCTCAGC,GCA,621,392,272
GCA_TCGCAGACCCTTGTTGCAAG,GCA,1585,1272,1258
GCAT_CCGCTTTATCTGTGGAACCC,GCAT,1581,335,345
GCAT_TCCACACACCTCAAAGAGGC,GCAT,886,118,75
GCAT_CCGCTATCGCCACCTGGACA,GCAT,2444,1102,862
GCAT_GCAGAAGCATCGGCTGCGCC,GCAT,106,118,54
GCAT_CCACAGGTTCCGTAGTAAGA,GCAT,2043,609,587
GCAT_GATCTCAGCAGTGCATAGCG,GCAT,664,304,360
GCC1_CAGGGACCGCACACTGAAAC,GCC1,1736,716,343
GCC1_CTCCTCGCAGGAGAGCCGCA,GCC1,1530,239,226
GCC1_TGGTAACCTGGGAAAGGAGC,GCC1,149,117,69
GCC1_CAAGCAGCTGACCCGTGAGG,GCC1,668,105,164
GCC1_TGCCAGTAACAAGGCGGAGG,GCC1,1524,152,251
GCC1_GGTGCTGTCGGTATCCCACG,GCC1,0,103,178
GCC2_CTTAGATTTCCCGGTCCCAG,GCC2,768,335,198
GCC2_CCTTAGATTTCCCGGTCCCA,GCC2,702,22,26
GCC2_ACATGACCACATCTTTCAGC,GCC2,1438,529,614
GCC2_GCGATTCACAGTTTCGAGAA,GCC2,1243,513,508
GCC2_GGTATGCACTTAGCGTACGC,GCC2,0,18,70
GCC2_CTGAGGGCGCTAAACAAGAA,GCC2,555,413,449
GCDH_CGTGCGAAGGACGTGCAGGC,GCDH,1116,203,365
GCDH_ATCCGAGAGCTGCCCGAGCG,GCDH,1170,1201,551
GCDH_CTGTTGGCCAATCGCAACGA,GCDH,1517,624,643
GCDH_TCGGGAGATCATTTCGGAGA,GCDH,1366,425,222
GCDH_TATCTATGCCTATGGCAGCG,GCDH,628,203,346
GCDH_TGTCTTGTGCCTGCAGCCAA,GCDH,639,49,28
GCFC2_GCTTACCTCTTTGGATACAG,GCFC2,1246,201,393
GCFC2_CTCTCTCTTCATACCAGAGA,GCFC2,964,201,286
GCFC2_CTTCATACCAGAGATGGAGG,GCFC2,703,16,71
GCFC2_CTCCCGGCGTGCCACCAAAG,GCFC2,3725,909,880
GCFC2_GGCTCTTCCTCCGCAGAACC,GCFC2,498,158,167
GCFC2_TCCTCCGCAGAACCCGGGAC,GCFC2,502,105,110
GCG_CCGCCAGGGACTTTATAAAC,GCG,3343,1565,1929
GCG_GGCTGGTGAAAGGCCGAGGA,GCG,935,235,75
GCG_GCTTGGCTGGTGAAAGGCCG,GCG,290,24,1
GCG_GAGGACAAGCGCCATTCACA,GCG,456,167,5
GCG_ACGTTCCCTTCAAGACACAG,GCG,1021,466,736
GCGR_AGTCCATCACCTGAGCGGAG,GCGR,979,274,367
GCGR_TGTTGGCCGTGGTATTGGCG,GCGR,2237,178,405
GCGR_AACACGAAGCGGTGTTGCAC,GCGR,1380,404,228
GCGR_AGGCCACTGTAACTCGCAGA,GCGR,79,76,11
GCGR_ACGACCTCAGTGTCAGCACC,GCGR,872,284,170
GCGR_CAGACACTTGACCACTGCCC,GCGR,295,58,0
GCH1_AATGTTGGGTGTGTTCCGGG,GCH1,533,26,148
GCH1_TCGCAAGTTTGCTGAGGCCA,GCH1,500,422,454
GCH1_AACCAAGTGATGCTCACACA,GCH1,1451,341,290
GCH1_CGAGCTGAACCTCCCTAACC,GCH1,3439,580,683
GCH1_CTGCGGCGGGTCCATGGAGA,GCH1,11,1,6
GCHFR_TCCTGGACAAGCTGGAACGC,GCHFR,1528,459,504
GCHFR_TCCGTGTGCTGAGCATGACG,GCHFR,973,193,134
GCHFR_CCGTGTGCTGAGCATGACGG,GCHFR,936,165,302
GCHFR_GCTGGTGTGGTGTCTGCACA,GCHFR,993,186,127
GCK_AGACGCTATCAAACGGAGAG,GCK,736,471,545
GCK_GCACGAAGACATCGATAAGG,GCK,1629,277,326
GCK_CCCTGAAGTTAGTGCCACCC,GCK,1615,632,640
GCK_GGTGATGAGACGGATGCAGA,GCK,222,27,52
GCK_GATGGATGTCACAAGGAGCC,GCK,0,35,0
GCK_AGATGCTGGACGACAGAGCC,GCK,687,329,445
GCKR_TCAACATGTCATTGAGACCC,GCKR,1249,169,465
GCKR_GGTTACCTGGTATGTGGACA,GCKR,475,86,317
GCKR_TTTCCCAGCCACCTGTACCA,GCKR,2022,568,256
GCKR_GAGGAATGCCATCCGGCCAG,GCKR,111,22,63
GCKR_GCAATGAGGTAGGTGTAAAG,GCKR,1757,527,623
GCKR_CAGAAGATAGTGCCTTGCAC,GCKR,978,62,162
GCLC_AGTGGTGGATGGTTGTGGCA,GCLC,269,98,125
GCLC_GAGAGTAGAATTTCGACCCA,GCLC,507,38,121
GCLC_GATAGAACTCGGGAGGAGCG,GCLC,151,25,99
GCLC_AGCTTCAAGGGCTTCTAAGC,GCLC,800,576,351
GCLC_GCCATACTCACCTGAAGCGA,GCLC,1212,315,116
GCLC_GGCACAAGGACGTTCTCAAG,GCLC,1222,439,464
GCLM_CTGACATTCAAGCGCACGAG,GCLM,3885,823,955
GCLM_TGGTGGCATCACACAGCAGG,GCLM,205,351,96
GCLM_GCTTCACCTCCTATTGAAGA,GCLM,405,165,191
GCLM_AGTCCTTGGAGTTGCACAGC,GCLM,469,32,32
GCLM_TGGACGGGCACTTCTTCCGC,GCLM,808,133,205
GCLM_ACGGGCACTTCTTCCGCAGG,GCLM,394,137,240
GCM1_GAGTAGACTCCGGAGGCAGA,GCM1,178,45,51
GCM1_AGGCTCAATGAGACGGAGGA,GCM1,648,91,165
GCM1_ACCAACTTCTGGAGGCACGA,GCM1,1031,203,139
GCM1_GCCTCCAGAAGTTGGTGACC,GCM1,693,84,20
GCM1_CGCGACTGTCTCGCAGAGGA,GCM1,902,581,377
GCM1_AAACCGACTGGTTCCAGGAG,GCM1,163,24,57
GCM2_ATACAGTGACAGTGTGCGAG,GCM2,619,498,312
GCM2_AAGCGCCATCAAGAGACAAA,GCM2,1841,417,368
GCM2_ATTCCTTGTCGAGGGCACAG,GCM2,964,294,185
GCM2_CAGCCGTGCCTTGTCGCAGA,GCM2,1694,281,653
GCM2_CGGCCATCTGCGACAAGGCA,GCM2,3017,467,609
GCM2_CCTACGGGATGCAGCTCAGC,GCM2,677,274,324
GCN1L1_GGACAGGTATCGGAGCAGAG,GCN1L1,1341,19,32
GCN1L1_TCCACCTCTCGCTCACCAAC,GCN1L1,1498,318,267
GCN1L1_GCAGTTCTGCACGAGTCACA,GCN1L1,512,1,66
GCN1L1_ACTCACGAAGCTGTGGAAAG,GCN1L1,1308,25,55
GCN1L1_CCGCCTTGCTGGCCTTGACC,GCN1L1,2706,506,297
GCN1L1_TAGAGATGCAGCCTCCCGCA,GCN1L1,591,0,45
GCNT1_AGTCGTCAGGTGTCCACCGA,GCNT1,786,288,517
GCNT1_GGTTTATGCATCGTGGAGCC,GCNT1,547,51,266
GCNT1_ACATGGACTCCATCGCAGGG,GCNT1,415,84,113
GCNT1_CGCACATGGACTCCATCGCA,GCNT1,2883,651,686
GCNT2_CGTCCAACAGCGTGGTCAGG,GCNT2,225,35,105
GCNT2_GGCCTACGTGGCTCTCACAA,GCNT2,658,330,102
GCNT2_ATATGTCCACCAAGAGCACC,GCNT2,246,78,87
GCNT2_TTGCAAGGGACACTTCGCAA,GCNT2,1900,301,265
GCNT2_GACATGGAAGACAGACACGG,GCNT2,1819,209,333
GCNT2_CTAGGCATTCCACAGTAAGG,GCNT2,1409,285,232
GCNT3_GAGCCCACAAGTAATGCAGC,GCNT3,431,48,62
GCNT3_CTTCCTGAATACATGTGGGA,GCNT3,828,331,129
GCNT3_CCACCCTTCAGCGTGCACGG,GCNT3,3775,624,587
GCNT3_CTGCTCTGGAATCCACCAGC,GCNT3,387,28,82
GCNT3_GGTCAAACTTGTTGGCCAAC,GCNT3,482,28,76
GCNT4_AAGGTGAGATCCAGTACAAC,GCNT4,1111,398,297
GCNT4_CTGTTCGGGTATCTATGAAC,GCNT4,1426,315,288
GCNT6_CATGTAAGTCAACCAGACAG,GCNT6,2194,786,648
GCNT6_ACAGATGTGCAGTCGGGAAA,GCNT6,313,321,152
GCNT6_CAACGTAACTTGAGCCAAAG,GCNT6,2107,995,899
GCNT6_TGTAGGTATCTTGAGACCGC,GCNT6,524,284,172
GCNT6_AATAGACACATCTGTCCACG,GCNT6,1307,152,233
GCNT6_AACAACTGTAGCATCGCAGC,GCNT6,845,169,64
GCNT7_GAAGGCGACTGAATGAGCCA,GCNT7,298,93,93
GCNT7_GACATCTGCGTATACGGACC,GCNT7,16,40,67
GCNT7_CCAGCGTTTGGTGTAGCACC,GCNT7,1862,554,662
GCNT7_CCAGGTGCTACACCAAACGC,GCNT7,2106,715,472
GCSAML_CAGGATTTACTGCCTCAAGA,GCSAML,731,22,205
GCSAML_TTGCCAACCACGAGCTGCCA,GCSAML,357,165,119
GCSAML_TTGGCAAGAGCACGAACCCG,GCSAML,1509,739,1092
GCSAML_AGGACGTTGCATCTGACCAC,GCSAML,421,138,79
GCSAML_AGAACATTGACTCCCTCACA,GCSAML,1523,199,272
GCSH_GCGCTTACCCGAGAGCAGAG,GCSH,1145,171,284
GCSH_CGCTTACCCGAGAGCAGAGC,GCSH,1553,267,548
GDA_GGACGTTCGTCCACTCCACC,GDA,367,68,98
GDA_TTGGTCAGCCACTCCAAGAG,GDA,1641,460,501
GDA_GCTCACCTGTAATGTCGGCA,GDA,2510,264,478
GDA_CCGTGATTTGCACATTCAGG,GDA,1018,304,427
GDA_AGAATTGGGACAGTGTGCGA,GDA,155,203,172
GDA_ACATGAAGTCAAGATAGGGC,GDA,150,93,52
GDAP1_TTGCCTTCCGCCCTCAAGGG,GDAP1,895,377,299
GDAP1_AGCTGAACGAATGCGTCCAA,GDAP1,548,218,215
GDAP1_GCGCTTGGTAATTGCTGAAA,GDAP1,1374,499,563
GDAP1_AGTGCCTGTCCTTATCCACG,GDAP1,792,118,57
GDAP1_TGTATAGGCATCCATTGGCA,GDAP1,941,232,253
GDAP1_GCTGCCAACAGCATTCCGGG,GDAP1,697,150,114
GDAP1L1_ATCGCTCTCCAGCGCGGAGA,GDAP1L1,619,333,288
GDAP1L1_CTGGTTCATGCGGCTCAACC,GDAP1L1,2296,543,443
GDAP1L1_TGGGCAGCCTGCAGCACGCA,GDAP1L1,1338,286,488
GDAP1L1_CACCACGGACCTCATGAAAC,GDAP1L1,2608,1121,1263
GDAP1L1_GGACCAGATTGAGGCGGAGC,GDAP1L1,633,42,272
GDAP1L1_ACAGTCCCAGGAACTTGAGG,GDAP1L1,507,50,67
GDAP2_ACCAGAAGTTCTCCCTCACC,GDAP2,302,141,32
GDAP2_GACCAGCGAATACAATCACC,GDAP2,403,109,96
GDAP2_AATGACCTTGGGAAGTAGAG,GDAP2,432,63,0
GDAP2_CACTGTGTGAATGATGAACC,GDAP2,380,306,443
GDAP2_CCGGTTCATCATTCACACAG,GDAP2,2733,377,940
GDAP2_ATGTGGATACACTACCAAGC,GDAP2,904,185,136
GDE1_CAGCTATATCACTGACAGCA,GDE1,2128,554,781
GDE1_TAACAGTCCAACCAACAACC,GDE1,1296,370,377
GDE1_GATAGGACGACTGATGGGAC,GDE1,11,40,193
GDE1_TAAGAATGGAGCAACAGGCG,GDE1,841,410,271
GDE1_ATGGCAGAAATGCGGTCCCG,GDE1,702,39,107
GDE1_CGAAGAGGCTGCCGGTGAGG,GDE1,1294,595,1052
GDF1_GAGTGCGGCTGCCGCTAACC,GDF1,366,244,219
GDF1_GGAGCTGAGCGTGGCGCAAG,GDF1,834,241,326
GDF1_CCTGGAGCTGCGTTTCGCGG,GDF1,1458,91,155
GDF1_AGACCAGGTCTGGCTCGCGG,GDF1,293,56,173
GDF1_GAAACAGGCGCCACATGACC,GDF1,226,81,12
GDF1_CATCGCGCAGTCCTAGAGCC,GDF1,1332,172,234
GDF10_CATCTTATCGGGAACACAGC,GDF10,823,205,144
GDF10_TTCCTGCGGTCTTTGCGCCC,GDF10,359,103,254
GDF10_CCTTCCGGGCGCTGAAACCC,GDF10,463,342,486
GDF10_CACGCTGTTGGGCTCCGAGA,GDF10,1006,278,165
GDF10_TATGAGAAGTACAGCCGGCA,GDF10,58,72,250
GDF10_CTATGAGAAGTACAGCCGGC,GDF10,539,99,218
GDF11_GCTGCCGCCAAACGCACACG,GDF11,229,23,99
GDF11_TGACGGTCTCGGTGGTGGCG,GDF11,1459,526,451
GDF11_GCCGTAGGTACACCCACAGC,GDF11,946,152,324
GDF11_TGATCCCAGTGGCACAGACC,GDF11,2428,333,529
GDF11_AGTCCAGACCCAGGTTCCGC,GDF11,0,209,80
GDF11_GCATGAACATGTACTCGCAC,GDF11,320,103,228
GDF15_CCTGAGTTCTTGCCCGGGCA,GDF15,1687,210,377
GDF15_GCTCGCCTCGGCCAGAGACA,GDF15,167,112,106
GDF15_ACAGTGCGGCTGGGATCCGG,GDF15,346,189,54
GDF15_CGTCGCTGGAAGACCTGGGC,GDF15,963,336,1336
GDF15_CGATTGGGTGCTGTCGCCAC,GDF15,163,360,132
GDF15_GCCCGCCAGCTACAATCCCA,GDF15,846,175,130
GDF2_CCATTACGAGGGCATGAGCG,GDF2,506,626,833
GDF2_CGACTTTAGCCAGGCGGAAA,GDF2,2133,706,1270
GDF2_AGTCACGAGGAGGACACGGA,GDF2,227,167,116
GDF2_GATCTGCTCATGCCTAGGAA,GDF2,683,125,188
GDF2_CTCCGCACAATGTTGGACGC,GDF2,965,508,701
GDF2_CCTGTAGGGAGCCAGCCAGC,GDF2,909,537,146
GDF3_AGTGCCACCCTTCTCGGAAA,GDF3,1526,588,632
GDF3_GGTTGAGAGTCACCACCAGC,GDF3,375,359,246
GDF3_ACCTGTCTGCCATCAAAGAA,GDF3,680,417,522
GDF3_GAAAGCGAAGTACATTCCCG,GDF3,145,148,71
GDF3_TAAAGGAGCTGGGCGTCCGC,GDF3,233,269,143
GDF3_ATCTGGCAAGAAACGAAGCA,GDF3,653,188,315
GDF5_GCTGATGGGACTCAGCCGCG,GDF5,107,45,79
GDF5_TGCGGCCAAACACCAGGAAC,GDF5,1915,555,772
GDF5_CTGTCCGATGCTGACAGAAA,GDF5,2336,372,463
GDF5_CCGGAACGTCTTCAGGCCAG,GDF5,1206,248,349
GDF5_CCTGAAGACGTTCCGGGCCA,GDF5,997,432,282
GDF5_TGCTTTGGCCAATCCTGGCC,GDF5,635,63,183
GDF6_TCAGCGTCTGGATGATGGCG,GDF6,358,81,132
GDF6_GCTCGCGCATCTCTGCGAAC,GDF6,105,64,103
GDF6_CACGTCGAAGACTTCCCAGC,GDF6,394,92,97
GDF6_CAAGGGCATGCGAAGCCGCA,GDF6,967,151,147
GDF6_GATGGAAGCCTGCTGGAAAC,GDF6,441,225,56
GDF6_GCCCGCCATGGATACTCCCA,GDF6,272,159,252
GDF7_CACCGAGCCGTTCCTGAAGC,GDF7,2283,1177,919
GDF7_TGATCGTGTCCGCGCGACCA,GDF7,3122,222,215
GDF7_GGTCGCCTGGTCTGTGAAGC,GDF7,250,184,208
GDF7_CAGCTGCCCGCGAGTACAGC,GDF7,615,331,290
GDF7_GGCTCGAGGTGCGAACGCAA,GDF7,535,119,155
GDF7_CAACTCCATGGCACCAGACG,GDF7,2067,876,616
GDF9_ACTGGATTGTGGCTCCGCAC,GDF9,1085,121,242
GDF9_TGCCTATCCTGTGGGAGAAG,GDF9,1716,405,398
GDF9_TACTTGCATGAAAGACCAGC,GDF9,310,62,13
GDF9_CTCATCTATATGCTGCAGCA,GDF9,1396,642,843
GDF9_ATATGCTGCAGCAAGGACCA,GDF9,268,157,163
GDF9_GAATTTGTTGGGACGTGCCA,GDF9,2,208,41
GDI1_CCGAGGCCTGACCATGGACG,GDI1,4217,1139,994
GDI1_TCCAGTACCAACACGCCGAG,GDI1,1792,488,417
GDI1_ATCAGGTCTGCTGGTAGGAG,GDI1,1259,386,536
GDI1_CCTCGGCCCATCGACTCAGG,GDI1,333,22,107
GDI1_TCGCTACCTGGACTTCAAGG,GDI1,1286,354,530
GDI1_CATCGCCAAGTGTCTGAGCC,GDI1,933,700,624
GDI2_GATCGAAACCCTTACTACGG,GDI2,200,14,24
GDNF_TTGCAGTTAAGACACAACCC,GDNF,2331,192,206
GDNF_TAGAAGAGAGCGGAATCGGC,GDNF,117,126,32
GDNF_ACAGTCACTGCTCAGCGCGA,GDNF,1161,499,776
GDNF_TCGGGAGGCCTCTTACCGGC,GDNF,108,148,145
GDNF_CTTAAAGTCCCGTCCGGCGG,GDNF,1019,772,378
GDNF_CAGTCTTTGCCTAACAGCAA,GDNF,698,253,390
GDPD1_AAACACATCTCTCACCGCGG,GDPD1,886,386,623
GDPD1_CCCACCTTACCTTGGCAAAC,GDPD1,2233,1249,2255
GDPD1_TCCAGTTTGCCAAGGTAAGG,GDPD1,1218,202,370
GDPD1_TGTTCTCGAATGGGCACAAA,GDPD1,1368,504,885
GDPD2_TGTACAGCCAGCTCAGGGAA,GDPD2,2568,256,248
GDPD2_CCAGTAGAGAGATGACCAGC,GDPD2,926,234,249
GDPD2_TCTACAAAGCCGCAGGAGCA,GDPD2,1039,260,173
GDPD2_TTGTGGGACTGGACATCCAA,GDPD2,696,113,268
GDPD2_CTTCATATTGGAGCAGCCGC,GDPD2,475,91,127
GDPD2_AGAGACTTACCACCCAAGCC,GDPD2,1554,616,661
GDPD3_ATAATCCGTTATGACGCCAG,GDPD3,526,92,151
GDPD3_TCCGACACTTGGAGGAGCGA,GDPD3,84,56,36
GDPD3_ACCTGTTGATGATGTTGGGC,GDPD3,527,260,255
GDPD3_TCCTTGGAAACCTCTGGAAC,GDPD3,1182,325,523
GDPD3_GCCGCCAGTCGGGCCTAAAC,GDPD3,1188,376,884
GDPD3_CTCATCTGCTGCACACGCCC,GDPD3,1043,370,403
GDPD4_CATCCCACAGATACTCAGAG,GDPD4,1372,548,680
GDPD4_ACGTATTGCCTATCATGAGC,GDPD4,1170,67,142
GDPD4_CGACTCTGAATGCAGGCAAA,GDPD4,2023,718,578
GDPD4_TGCACCTCTATGTCCAAAGA,GDPD4,1871,621,511
GDPD4_CTTTGCTCCCTACGTGCACC,GDPD4,936,297,173
GDPD4_CACTGGATGTTTCTATCCAC,GDPD4,935,129,87
GDPD5_CCCTGAGGTGGCACTCACCA,GDPD5,2610,670,739
GDPD5_TGGCCACCACCGTGGAAGCC,GDPD5,1240,344,854
GDPD5_GGCACTATGTCACATTGCCG,GDPD5,99,70,45
GDPD5_GCATGGGCTACTGGAGCGAC,GDPD5,817,371,279
GDPD5_TTCCCACCAGAAGTAAAGCC,GDPD5,1185,203,260
GDPD5_GCCGTAGATGCCCGTGAGGC,GDPD5,489,200,117
GDPGP1_CCACGAAACCCACAGCACCA,GDPGP1,1741,872,684
GDPGP1_TGAAGCCGACACGGAAGCCC,GDPGP1,572,174,144
GDPGP1_CCACAGACTGCCCGTGGAGC,GDPGP1,920,196,351
GDPGP1_TCGCTTGGCGCCTGCTCCAC,GDPGP1,301,47,51
GDPGP1_GAAGGTGATGTCTTTCCCGG,GDPGP1,19,114,197
GEM_GGAGAAGAATGAACGGCGGC,GEM,343,55,115
GEM_GCAAGGAGAAGAATGAACGG,GEM,1405,200,180
GEM_AGCTGCGAATCCAGCTCCGC,GEM,1411,205,221
GEM_AGACCGAGCGAGCTTCGAGA,GEM,941,115,463
GEM_AATAATGTCACCATGCGCCA,GEM,1478,121,192
GEM_GAATAATGTCACCATGCGCC,GEM,280,38,5
GEMIN2_GAATGGGCGCATGCGCCGAG,GEMIN2,373,71,110
GEMIN2_GAGCCTTGCGACTTGACGGA,GEMIN2,594,5,2
GEMIN2_AAACCTTCCGTCAAGTCGCA,GEMIN2,1036,115,258
GEMIN4_CTCGTGTGCCCTCTGGAGCA,GEMIN4,892,417,386
GEMIN4_CATCATGGCCATGCTCCACC,GEMIN4,1926,104,81
GEMIN4_CACCTGGGTGTAAACAAACA,GEMIN4,732,575,452
GEMIN4_TGCCGAGATTGACCACAGCC,GEMIN4,2609,201,44
GEMIN4_CTTCTGCTGGATGACGGCCA,GEMIN4,477,9,22
GEMIN4_TGTTGCCCACCGAGAAGAAC,GEMIN4,1141,411,471
GEMIN5_TAGCCACCTTGGAGTGCAGC,GEMIN5,252,17,25
GEMIN5_ACAGAGGTGAACTGTTGCAA,GEMIN5,1702,0,0
GEMIN5_CAGCAATCAACCAACACAGC,GEMIN5,2845,603,408
GEMIN5_AAAGGTTGCTACTTAGCCAC,GEMIN5,288,0,0
GEMIN5_CACAGTCCCATCGTCGGAGC,GEMIN5,1060,128,109
GEMIN5_GCCTCTTTGGCTTCGCCGCG,GEMIN5,653,40,29
GEN1_GAGACTCAGATCAACTGCAA,GEN1,667,50,90
GEN1_TCTGTACGGTGCCACTCACA,GEN1,269,120,86
GEN1_TTGAGCACTATTGACTGGGA,GEN1,1051,166,201
GEN1_ATCTCTGGCGTAAAGGAAGA,GEN1,520,56,338
GET4_CTGCGCGCCAGCGTCGAGAA,GET4,409,150,106
GET4_GCCATGGCTGAAGAAGAGCA,GET4,65,333,102
GET4_CACAGACACCTACTGTAGCA,GET4,1754,606,503
GET4_TTAAGCAGCGGCTCCACAAA,GET4,1765,479,981
GET4_GAACACCGTCAGCTTCCCAC,GET4,575,132,288
GET4_AGGAAGACGTCTGCTTGGGC,GET4,253,148,9
GFAP_CACAGAACGAGTCCCTGGAG,GFAP,944,142,238
GFAP_CGTTGGCTTCGTGCTTGGCC,GFAP,1577,375,538
GFAP_CAGGCAGGGCTACCTTGGAG,GFAP,3665,998,774
GFAP_CTCCAGATCCAGACGGGCCA,GFAP,2045,206,303
GFAP_CAACCTGGCTGCCTATAGAC,GFAP,593,97,144
GFAP_GCTGAACCAGCTGCGGGCCA,GFAP,413,136,140
GFER_AACCTCTTCTTCCTGCCGGG,GFER,111,0,25
GFER_TCTTGAAGTCGACGCAGGCC,GFER,726,140,36
GFER_GCGGGACACCAAGTTTAGGG,GFER,28,0,10
GFER_CCAGTTCCTCGCGATCCGGC,GFER,301,26,0
GFER_GGTTCACTTCATTGTGCAGG,GFER,378,44,56
GFER_CAATGAAGTGAACCGCAAGC,GFER,982,83,276
GFI1_CGGCTGCGACCTCTGTGGGA,GFI1,583,258,251
GFI1_CCTGTCAGTACTGTGGCAAG,GFI1,574,659,829
GFI1_CGGCAAGACCTTCGGGCACG,GFI1,2774,1254,1201
GFI1_CGTGGGCCTCTCATACAGCC,GFI1,987,498,239
GFI1_ACAGCACTTCAAATGCAGGC,GFI1,588,213,270
GFI1_CGGTACATTCTCTAAACGGA,GFI1,128,7,0
GFI1B_GCGGTTCATCTTCCTGCACA,GFI1B,18,5,12
GFI1B_GACCAACCTCAAACGAGAGC,GFI1B,203,99,19
GFI1B_CTATGGCCACAGCTACCGGC,GFI1B,243,147,198
GFI1B_GCCGCAGATGTCACAGGCGA,GFI1B,1293,366,184
GFI1B_GGAAACGCTTGCCGCAGAAC,GFI1B,1331,374,584
GFI1B_CAAAGGCTTCCAGCGCAAGG,GFI1B,2280,997,1046
GFM1_TCTGCCAGCCTAGGGAGGCG,GFM1,446,88,148
GFM1_TTAATTGGAAGGCCTGCCGA,GFM1,0,1,17
GFM1_CCTCATTTGCTGCAGGGCCC,GFM1,876,150,36
GFM1_AGCGTTTATGCAGATACCCA,GFM1,485,85,131
GFM1_TCCAGCTGAATTAAGGGCGG,GFM1,734,62,58
GFM1_GCATAGTTCTGGACTTCAGA,GFM1,692,224,412
GFM2_GCAGATCTGGCACAAAGAAG,GFM2,1877,360,360
GFM2_TTGCACGCATCTTGAGACAC,GFM2,999,158,292
GFM2_TCTCGATATGCCACCTGGAG,GFM2,1408,283,338
GFM2_ACGAGCTGCAGCTAATGCAC,GFM2,621,499,25
GFM2_TGAGACAATGGTGTCTCCAG,GFM2,500,116,105
GFM2_ATGGCCCAAGAGCGAGAAAG,GFM2,550,236,231
GFOD1_GCCTCGCTGATCAGGTAGGC,GFOD1,422,135,122
GFOD1_GACGACTTGATGGGCGGCGG,GFOD1,12,96,113
GFOD1_AGCCCTCGTCTTTCAGCAGC,GFOD1,336,89,261
GFOD1_ATCCCGCTGCTGAAAGACGA,GFOD1,1158,433,275
GFOD1_CATCCCGCTGCTGAAAGACG,GFOD1,1446,352,488
GFOD1_GATGACACGGGCCGTGAGGC,GFOD1,429,52,51
GFOD2_TCCGCTGAAGTGCCTCACAC,GFOD2,314,590,194
GFOD2_GATGAGCTCATGGGCGGCGG,GFOD2,274,34,81
GFOD2_GAAGAATGTGGTTTGCGAGA,GFOD2,81,73,132
GFOD2_ACCCTCAGAGGACTGCCCAG,GFOD2,869,174,0
GFOD2_AGGCTCTAGGTACGCCCGGC,GFOD2,219,51,70
GFOD2_ACATCGCCTTCTACACCAGC,GFOD2,1075,72,104
GFPT1_CGAACTGCAGGAGATCACCC,GFPT1,804,304,367
GFPT1_CTCCGTACACCAATCAACAG,GFPT1,2698,755,671
GFPT1_CCGGGCAAGCAGTTGGCACA,GFPT1,1445,522,214
GFPT1_TTGGATAACTCTCTCCACCA,GFPT1,1818,412,396
GFPT1_CATACCCGTTGGGCAACACA,GFPT1,1524,244,367
GFPT1_CTCGTCTCGTTCGAGGAACA,GFPT1,936,375,559
GFPT2_ATCGTCGAATCTCCTTCAAG,GFPT2,1480,370,590
GFPT2_TATCATAGAGCACACCAACC,GFPT2,1394,150,181
GFPT2_TGCTCCGGACTCCGATGAGC,GFPT2,1122,373,534
GFPT2_TTTGCCTCACCGTGTGGCAA,GFPT2,555,260,200
GFPT2_TCGGCATTGCCCACACGCGC,GFPT2,1577,1125,951
GFPT2_AGATCTCCTTCCTCGTCCGG,GFPT2,525,105,56
GFRA1_TGGACAGAGCGGTTACCACC,GFRA1,338,239,141
GFRA1_GCAATTCAAGCCTTTGGCAA,GFRA1,875,299,252
GFRA1_GCAGTGGAGCACATTCCCAA,GFRA1,1753,71,54
GFRA1_CTGATATGAATGGGACCACC,GFRA1,917,67,455
GFRA1_GGATGAGTGCCGCAGCGCCA,GFRA1,182,160,137
GFRA1_GCGCGAAGTACAGGGTCGCC,GFRA1,350,51,19
GFRA2_ATCCAGAACTTACGGAGGCA,GFRA2,952,173,207
GFRA2_TGGCATGGAAGTCGGCCAGC,GFRA2,239,151,204
GFRA2_CTTGTTCCTCCTCCAGGGAC,GFRA2,1452,453,292
GFRA2_GCTTCGTAGAACTCCTCACC,GFRA2,477,32,20
GFRA2_TTGCAGCGGCAGTCGTACAG,GFRA2,2185,975,1102
GFRA2_CTTGGTGTGCTTTGGCGAAA,GFRA2,3494,768,1546
GFRA3_TACAGCACACTCACTGAGGC,GFRA3,1034,454,441
GFRA3_CCCTTCTTCCAGATCACGCC,GFRA3,925,222,193
GFRA3_ACAGTAGCAGGCCCTGCGCG,GFRA3,1272,481,562
GFRA3_GCCTAGTTGCCCTCCACACC,GFRA3,1540,244,612
GFRA3_CAACCTGGTTCTTCATGCGC,GFRA3,1770,256,252
GFRA3_TGACACTCACCGGCTGCGAG,GFRA3,2346,312,487
GFRA4_CAAGGTGTCCTCCACAGGCA,GFRA4,1286,222,352
GFRA4_TTCAGGCCTTTGCCAGCGGG,GFRA4,757,157,249
GFRA4_AGGACTGCGAAGCCTTCCGG,GFRA4,270,0,37
GFRA4_ACTGCGGAGCCAGCGGGAAC,GFRA4,1215,458,409
GFRA4_ACCTGAAAGGCCAGGAGGCG,GFRA4,979,418,238
GFRA4_GAGCAGTGCGTGGGTGAGCG,GFRA4,1278,1017,490
GFRAL_CAAGACATGTGCAGTGAACA,GFRAL,1346,829,790
GFRAL_GCACTTGAAGGACCGTCCCA,GFRAL,421,90,157
GFRAL_CCTGTCTAATGTCAAAGGCA,GFRAL,822,102,172
GFRAL_CCATGCCTTTGACATTAGAC,GFRAL,654,305,391
GFRAL_AACCAACAGAAGGATTCCAC,GFRAL,351,271,182
GFRAL_GCTTGACCATAACCAACAGA,GFRAL,588,521,220
GGA1_GATGGAGCCCGCGATGGAGC,GGA1,245,3,0
GGA1_CTTCTGCGAGCAGCTCAACG,GGA1,2461,627,776
GGA1_CCATGTGACGACACCAAGGG,GGA1,2355,454,872
GGA1_CATCAAGGTCGTGTCTCCCA,GGA1,107,112,214
GGA1_CTACCAGATGCTAAAGAAGC,GGA1,943,151,431
GGA1_AAGATCACATTCTTCGGCCG,GGA1,377,337,110
GGA2_ACTCGCCAACCGGAACAGCG,GGA2,774,147,593
GGA2_AGATGCTGAGCATGTACCGC,GGA2,1630,129,406
GGA2_ACAAGACCCTAAACTACCAG,GGA2,688,255,175
GGA2_GGAGAAGTTCCACAGCGAGG,GGA2,812,53,209
GGA2_CTTCCTTCTCTTGCGGAGAC,GGA2,685,573,416
GGA2_AGACCCAAGCATGTCGGAAC,GGA2,1689,369,321
GGA3_TTTGGGACGAGGTGGTGGAG,GGA3,590,31,23
GGA3_GATCTTTGCTTCTTCTGGCA,GGA3,580,58,196
GGA3_TCGGACGGCGATCTGTGGCC,GGA3,74,174,214
GGA3_CAATCCTTCCAACCGCCAGG,GGA3,646,73,139
GGA3_CCACAACAGAAACACTGCCG,GGA3,859,80,9
GGA3_CCGCGGCTACTCACTGAGCC,GGA3,53,117,211
GGACT_CATGACAGCTACGACTCCGA,GGACT,936,220,313
GGACT_GCAGTGCTTCGTGTACAGCA,GGACT,1690,837,831
GGACT_GGTACAGCTGCTGGAGGACC,GGACT,151,25,31
GGACT_AGGTCTACGCGGTAGACGAG,GGACT,237,134,66
GGCX_TGGAATATTTGTCCCGGCAC,GGCX,764,227,147
GGCX_GAGCACTGCATAGTTCCAAA,GGCX,494,110,112
GGCX_CACAGCTTATCCGGTAGCAC,GGCX,2861,252,313
GGCX_AGAGGTCAAGAGATCACCAC,GGCX,198,78,100
GGCX_CCGGAAATACCTTGATGGGC,GGCX,602,108,273
GGCX_GACCCTGCTGAATCGACCAA,GGCX,283,41,138
GGH_AGTGTGATACCTTCACGGAG,GGH,355,91,82
GGN_CTTGGGAGAGGTTTCTCGAG,GGN,933,242,650
GGN_TACGCCGAGGTCCTGAAGCA,GGN,1224,615,657
GGN_TTTACACAGCAGGCTCAGAC,GGN,1006,580,252
GGN_TCCGCCGGCTGCCGTTCAGA,GGN,565,135,56
GGN_ACCTTCTGAACGGCAGCCGG,GGN,678,194,315
GGN_TTGCAGTCGGAGCCATCCGC,GGN,514,176,135
GGNBP2_ACGACACCCTGACGGTGAGC,GGNBP2,263,18,14
GGNBP2_CTTTCCCTCTTTCAGCGACA,GGNBP2,426,186,245
GGNBP2_TGCAGCTTCTAGTTACAGAC,GGNBP2,1546,356,197
GGNBP2_GAGTGAAACAGGTTCTCGGG,GGNBP2,81,32,0
GGNBP2_TTTGGTCCCGATTCCGGAAA,GGNBP2,1490,252,228
GGNBP2_TGTCAACCAGCCACTACAAA,GGNBP2,2899,872,877
GGPS1_TTGGAACTCCATCAGGGACA,GGPS1,1033,3,0
GGPS1_GGCGCAAGATATTCTGCACC,GGPS1,21,0,67
GGT5_ACTTGAGCGTCTCTACAAGG,GGT5,1848,137,242
GGT5_GGCCAAGTTCCAGCCCGAGG,GGT5,240,43,38
GGT5_GGCGTGGAGGTCTTCTACAC,GGT5,794,145,363
GGT5_ACGCCTGCAAGGAAGGCCGC,GGT5,605,247,135
GGT5_GGTGGAGGTCATCAATGCCC,GGT5,71,50,0
GGT5_CGTCGTCAACCCTCAGAGCA,GGT5,3602,772,1247
GGT6_AAAGGAGCAGTTGAGCGAGG,GGT6,1303,124,141
GGT6_CGAGAGCTGCTTGTTGCCGG,GGT6,1675,325,133
GGT6_CCGAGAGCTGCTTGTTGCCG,GGT6,2604,592,500
GGT6_GCACCGTGGTGGTATACGCC,GGT6,793,268,311
GGT6_CACCGTGGTGGTATACGCCA,GGT6,1296,350,111
GGT6_GCCAAGCTTGGAGTCGGAGG,GGT6,1162,214,45
GGT7_CCGGCTGCCTTCTACGCAGG,GGT7,1178,440,251
GGT7_TTGGGCCACAGCTGCTGCAA,GGT7,1446,604,561
GGT7_GCAAAGATCCTGGGAGACCA,GGT7,1271,151,231
GGT7_ATCTTCTGTGGACGCAGCGG,GGT7,907,311,203
GGT7_CGGAGATGGGCAGCCAAGAC,GGT7,3097,2057,1718
GGT7_CACTGGCGAGTAGGCGCCCA,GGT7,616,71,137
GH2_GAGTAGCACCTTCCACGACC,GH2,1245,386,264
GH2_GATAGGTGTCATATGCCAGC,GH2,69,53,4
GH2_ATGCCAGCTGGTACAGGCGA,GH2,460,86,268
GHDC_GGTCCTTCGGCACAGGCACC,GHDC,261,77,189
GHDC_ACCGGAAGTATGTGTGCACA,GHDC,796,267,417
GHDC_CCAGACCCTGAGTGTGCGAG,GHDC,1117,341,810
GHDC_CCACTCGCACCACATCACCC,GHDC,1290,542,685
GHDC_GCAGGGCAAGGAGTATGAGC,GHDC,225,11,77
GHDC_GCAGCTTTGGCCAGAGCCGA,GHDC,508,185,119
GHITM_TTTCCACCCAGCTTTCACCA,GHITM,1647,388,308
GHITM_ACAAGAATTGGGATCCGGCG,GHITM,658,176,83
GHITM_CTTGGCCAGTTCTCCCACGC,GHITM,1585,230,222
GHITM_CAGTTGATCAGATGGGAAGA,GHITM,616,124,189
GHITM_GGGCGCACACATGGCCACAG,GHITM,808,127,249
GHITM_TACTCAGTGGCAATGTACGG,GHITM,57,57,10
GHR_GCTGCTGTTGACCTTGGCAC,GHR,120,184,197
GHR_GATGAACCTCATCTGTCCAG,GHR,0,8,12
GHR_ATCCACCCATTGCCCTCAAC,GHR,1222,1240,292
GHR_TCAGCTCCTTCAGTAGGAAG,GHR,1474,426,595
GHR_ATGTGACATGCACCCGGAAA,GHR,2209,680,727
GHRH_CAACCAAGAGCGAGGAGCAA,GHRH,1493,84,265
GHRH_GACATCATGAGCAGGCAGCA,GHRH,1117,422,641
GHRH_CCGGTAGCTGTTGGTGAAGA,GHRH,1712,922,927
GHRH_TCCTTCCGCACAGGATGCGG,GHRH,178,12,167
GHRHR_GGCTCAACACGCAGAAGACG,GHRHR,393,176,523
GHRHR_CTCCTCTGCTGCTTGTAGAC,GHRHR,1268,721,1084
GHRHR_CTGCTGTGCTGGCCAACGGC,GHRHR,1212,196,323
GHRHR_AATAGAGATGCTATGGCCCA,GHRHR,80,70,18
GHRHR_TTCACCCATGGCCATTACAG,GHRHR,3472,293,875
GHRHR_AGTTGGTCATGGTGGCGAAA,GHRHR,1142,543,574
GHRL_GCGCTTCTAAACTTAGAGAG,GHRL,444,91,107
GHRL_CTTGACCTCCATCTTCCGGG,GHRL,593,78,52
GHRL_TCTAGCAGGCTGGCTCCGCC,GHRL,220,26,46
GHSR_CATGTCCAAGAAGTACCGGG,GHSR,859,108,117
GHSR_AATATCGCCCTACGTGGAAG,GHSR,695,11,92
GHSR_AGGACCGTGAGACAGAAGAC,GHSR,312,346,214
GHSR_GACTAGCACGAAGATGGGCC,GHSR,103,65,181
GHSR_GGTCGCCGAAGTTCCAGGGC,GHSR,75,33,17
GHSR_GGTACTGCCAGAGGCGAACG,GHSR,231,73,183
GID4_TGCGCGAGGGCAAGTCGGGA,GID4,480,181,190
GID4_TGCTGGGTGTTGATGGGCGG,GID4,1865,142,406
GID4_TCCCACTTGCGAGTTAAGAA,GID4,975,216,237
GID4_ACCTCACATGCCAGTACCAA,GID4,1029,218,307
GID4_AGGAGTCCCACGTGGGAACC,GID4,325,264,256
GID4_GAGACTACGTCTTCATGAGG,GID4,361,68,70
GID8_AGCAGCGGAGAAGTTTCGAA,GID8,751,199,88
GID8_GATCGAGCTGATCCGCCAGC,GID8,392,42,57
GID8_GATCCGCCAGCGGGAGACAG,GID8,837,105,11
GID8_GCTGGCCTTTGACAGTCCCG,GID8,248,24,76
GID8_TCGCGAGTCAACACCCAAAC,GID8,2970,1117,1189
GID8_ACTTTGGGCTCAGAACGAGC,GID8,416,19,0
GIF_TACCAGGACTACAAGTGACC,GIF,1180,568,211
GIF_CCTTTAGTACCTGACCAAAC,GIF,1226,478,480
GIF_CAGTGCCAAGATCGCTAGAC,GIF,1341,382,692
GIF_ACCTCCTCCTGCCGAGACCC,GIF,404,1,0
GIF_GGTGAGGCCGAGCTGCCCAA,GIF,281,0,199
GIF_AGCCTTCTCTGGGCTACAGC,GIF,751,372,573
GIGYF1_CCCGCTCAGACAGCGAGAAC,GIGYF1,2750,637,853
GIGYF1_GGCGGTTTGAGAAGTCAGCA,GIGYF1,696,245,235
GIGYF1_CATCCCAGCTCTGGCTGCGC,GIGYF1,287,208,107
GIGYF1_CTCCCTGTCAGTGAACAGCG,GIGYF1,1873,282,237
GIGYF1_GCCGCTGACTGAGGAGGAAC,GIGYF1,1270,429,247
GIGYF1_CTACGTCAAGGAGAACAAGG,GIGYF1,1323,337,251
GIGYF2_AGGCTCCGAGCTCTGTCCAG,GIGYF2,1301,168,31
GIGYF2_CTGCGATTGACAGGACGAGG,GIGYF2,476,430,245
GIGYF2_GCGACTAGCTGGATCAAGGA,GIGYF2,352,412,632
GIGYF2_ACAGGGATAGCTTGCCCGAA,GIGYF2,905,458,328
GIGYF2_TGAGGGTAGCCATAATGAAG,GIGYF2,1626,245,366
GIGYF2_TCATCATCATCTGCTAGACC,GIGYF2,1198,336,260
GIMAP1_TCCAGGTAAGCATGGGAGGA,GIMAP1,608,377,379
GIMAP1_GAGTGTCCACGACTTCCACG,GIMAP1,133,164,142
GIMAP1_GGGCGCCCATTACTCCAACG,GIMAP1,570,254,379
GIMAP1_TGTCGGCCCGGCTGTGGAAG,GIMAP1,2200,765,1140
GIMAP1_TGTGGAGCAGCACCCAGAAC,GIMAP1,2283,989,1030
GIMAP2_CCTCACAGGACCACATGCAA,GIMAP2,2149,360,595
GIMAP2_CTATACCTCACAGGACCAGC,GIMAP2,457,265,159
GIMAP2_GGTTGTACAGCCTAATACAG,GIMAP2,630,291,207
GIMAP2_ACTCTTTCATCTGATCCCAC,GIMAP2,426,49,90
GIMAP4_TACAGGAGTTCAAGCGACAA,GIMAP4,477,145,288
GIMAP4_GCGTTAAACAACAAGGCAAC,GIMAP4,1377,313,330
GIMAP4_TGTTCTCCCTCACCACGCGC,GIMAP4,1423,188,197
GIMAP4_AATGCAAGAACTCCACAGAG,GIMAP4,2118,249,177
GIMAP4_GGAGAAGAAACTAGCAGAAC,GIMAP4,997,378,374
GIMAP5_AGAGAATGGGAGGATTCCAG,GIMAP5,511,140,43
GIMAP5_GAGAATGGGAGGATTCCAGA,GIMAP5,259,92,46
GIMAP5_TAACTTGTCTGCAACACCAC,GIMAP5,558,294,99
GIMAP5_AGGATAATCCTCAATGCCGG,GIMAP5,250,145,48
GIMAP6_AGGACTGTCCCAGATCCAGA,GIMAP6,233,83,125
GIMAP6_GCCATTGCGGCTTCAACAAC,GIMAP6,2452,807,732
GIMAP6_GCCGCAATGGCGCCGTGCAA,GIMAP6,990,149,297
GIMAP6_CTTCCTTCCGGGTGAACACC,GIMAP6,714,302,250
GIMAP6_CAGTTGTGTCACCAGGAGCA,GIMAP6,295,474,877
GIMAP7_AAAGCATCCCGGGAATGGCA,GIMAP7,989,103,254
GIMAP7_TCCAGGGCTCTTTGACACCA,GIMAP7,1243,498,554
GIMAP7_TCCTTGGTGTCAAAGAGCCC,GIMAP7,276,43,148
GIMAP7_AAATGGTGCAGTGCAACGAA,GIMAP7,640,171,203
GIMAP8_AGAGTTGGGTCCTGAGAGAA,GIMAP8,1382,519,516
GIMAP8_TAAGGATGAGCAGATCACCC,GIMAP8,437,267,225
GIMAP8_TCTTTGGTGAATACGAACGG,GIMAP8,659,95,173
GIMAP8_CATTTGTCCCACAGGCCCAA,GIMAP8,76,63,181
GIMAP8_GGACTGGGAAGAGTGCGACC,GIMAP8,839,127,101
GIN1_TCTGTTGGACTCTTCAAACC,GIN1,2478,356,703
GIN1_CTCTTATGTAGGGCTTAAGG,GIN1,1070,144,274
GINM1_TCTGCCCGGGTTGTCCAAGA,GINM1,630,299,711
GINM1_CGGGTAGCGCCACGAACAGC,GINM1,1117,256,115
GINM1_CATAACCTATGAGAGTGGAC,GINM1,512,113,309
GINM1_GCATGCTTTCTTCCAAAGGG,GINM1,1223,669,152
GINS1_AGCTGCATCGCGCGCCCGAA,GINS1,1295,76,55
GINS1_TTCGGATCAGAGCACTCAGA,GINS1,772,51,110
GINS1_CTCTATGTTTGCAGATGGAG,GINS1,1887,482,406
GINS2_ATTCCTCGCCGAGAAGGAGC,GINS2,0,14,0
GINS2_GGTCGAATTCCTCGCCGAGA,GINS2,186,0,0
GINS3_TCGGAAATAAGCCTCTGACA,GINS3,362,11,57
GINS3_GAAAGCGCCAAGGCGAGGCA,GINS3,356,17,20
GINS3_GGGAGCCAAACCCGTAGAAA,GINS3,298,159,136
GINS3_CAACGAAGACACTTCAGCCC,GINS3,1208,59,0
GINS3_CAGGCTAGACGAGATGGAGA,GINS3,1208,0,0
GINS4_AGAATGTGTCATGGAACAGC,GINS4,1489,33,0
GINS4_GAAGGTCAGCATCCACCAAA,GINS4,1027,19,55
GINS4_CGCCTCATGAAGGTTTGACG,GINS4,2083,373,681
GINS4_AGGCCAACTCTTCCGGCGAG,GINS4,721,17,11
GINS4_AAGGTGGACCTCTTTCGGGC,GINS4,435,62,17
GINS4_CAGGGACTACGTGATTGACC,GINS4,347,13,0
GIP_GAACTGGCTGCTGGCCCAAA,GIP,1020,242,149
GIP_ACCTTAGCATGAGATCCAAC,GIP,583,157,287
GIP_GAGATCCAACAGGCAGGGAG,GIP,539,52,130
GIP_CTAGTCCCACTGCCAGGAAC,GIP,3589,1323,1513
GIPC1_GAACCCGGATGAGCTGGCCG,GIPC1,771,377,376
GIPC1_GCCCTCTGCCTTTGAAGAGA,GIPC1,592,462,507
GIPC1_ATGATCAGCCAGCGTTCAGC,GIPC1,220,1,49
GIPC1_GAAGCTCACGGAGCCTCGCA,GIPC1,47,0,174
GIPC1_GAACACCCACAAAGTGGACA,GIPC1,427,50,13
GIPC1_TGGGACTGCCATGGGCCAGC,GIPC1,714,217,119
GIPC2_GCTGGCGCACGGTAGTGCCA,GIPC2,67,13,3
GIPC2_CTGGCGCACGGTAGTGCCAC,GIPC2,142,178,161
GIPC2_ACCTGGCGCCTTACCTCCGA,GIPC2,192,100,143
GIPC2_ACACTTCGCCTGAGATCAAA,GIPC2,1389,249,197
GIPC2_ACATACCATTTCTTCCACGG,GIPC2,1385,78,92
GIPC2_GCCTTCTGAAACCAAAGCAA,GIPC2,624,201,137
GIPC3_CCAGCTGCGTGCGGAAGACG,GIPC3,1882,402,580
GIPC3_CCTTGGTCTCGCCTCGCACG,GIPC3,1692,550,184
GIPC3_GGCGGCAGCCCACAATGGAG,GIPC3,254,42,37
GIPC3_TAGAGGCGAAAGTGACCAGC,GIPC3,328,69,246
GIPC3_CCAGCCCAGTGAGTTTGAGG,GIPC3,1598,778,647
GIPC3_GAAGGCGAACTCGCCCAAGA,GIPC3,610,109,214
GIPR_CCAGGAGACCTTGGCAGCCG,GIPR,1830,537,404
GIPR_ACCTCACCATGGTGGTGCCA,GIPR,168,81,105
GIPR_ATTGGCCATCACTGCCACAC,GIPR,214,149,59
GIPR_GACCGTCTGCTACCTCGACC,GIPR,782,169,124
GIPR_GCGTGGGTGCCAACTACACG,GIPR,1422,235,257
GIPR_GGTCCGTATAATCCACCAAA,GIPR,813,75,178
GIT1_TACCTCTGTGGACGCAAGCC,GIT1,608,91,317
GIT1_GAGCGTGCGGACAGGCAACC,GIT1,775,209,370
GIT1_ACTCCATCATCGTCCCGGCA,GIT1,603,52,51
GIT1_GCACACGCTTGCCAGCAACG,GIT1,2162,808,568
GIT1_ACGAGTGCTGCAGCGTGCAC,GIT1,662,69,213
GIT1_GCCGCTGAGGATGTCCCGAA,GIT1,324,221,215
GIT2_GCAGTATATGGAGCAGACCC,GIT2,883,5,123
GIT2_CTCCATTCGAGCGTGAGAAC,GIT2,1360,569,793
GIT2_GACTGCCAAAGATCTTAGCA,GIT2,740,145,556
GIT2_CTTCCACTCATAATAGACGC,GIT2,712,291,157
GIT2_TATGGCGCCCTAGACTCCGA,GIT2,250,27,45
GIT2_GCTCCGGAGCCGTTTCGACA,GIT2,409,29,88
GJA10_TGGCCCATATAGACCAAAGA,GJA10,1266,330,442
GJA10_AGCCGTAGTTGTACCTAGCC,GJA10,98,90,131
GJA10_CATCCTTTGCAGTAGGAACC,GJA10,1200,370,313
GJA10_ATCTCGCCCAGGCAGTCGCA,GJA10,110,200,55
GJA3_AGACCCAGGTCGGGCCAGCA,GJA3,1020,539,594
GJA3_CTGACCGAGGCGCGCGGAAA,GJA3,3381,969,1055
GJA3_GCGGTGTGCGCATAGTAGGG,GJA3,636,206,318
GJA3_ATAGTAGGGTGGGAACCCGA,GJA3,872,114,86
GJA3_AATCTGAAGCAATGGGCGAC,GJA3,422,116,91
GJA4_GAGTGTAACACGGCCCAGCC,GJA4,410,163,329
GJA4_TCAGTGCTCCGCGGATGCGC,GJA4,647,106,137
GJA4_TCCAGCCGTACAGGCGCCAC,GJA4,667,68,154
GJA4_TGTGTCGCTGCCTCAGCCGG,GJA4,1608,775,208
GJA5_TGTCAAACCGCGGCAGCACA,GJA5,915,700,579
GJA5_ATACGTAACAGTTGACCGGG,GJA5,393,282,104
GJA5_CCAGAATGTCTGCTACGACC,GJA5,2418,308,661
GJA5_CGAGCATACGGAATATGAAG,GJA5,907,588,501
GJA8_ACTAACGGCGGCCCGGACCA,GJA8,1165,81,56
GJA8_CGATGAAGCCCACTTCAAAG,GJA8,1617,708,541
GJA8_TTCGAGGAGAAGATCAGCAC,GJA8,1507,222,705
GJA8_CACAAGAAGTGGAGGGCGAG,GJA8,983,336,379
GJA8_TCGGAGAAGGTGTCAAAGCA,GJA8,3651,1235,1112
GJA9_CGTTACTGCTCATCCTCCAG,GJA9,1241,381,193
GJA9_CCTCAAGGGCCAGTTCAGAA,GJA9,1695,534,780
GJA9_CCAATCGCAGTTAGCTGGCA,GJA9,1510,299,590
GJA9_CGATTATATTTGGACACGGG,GJA9,933,278,335
GJA9_GAGCCGCTATTTAAGTGCCA,GJA9,230,60,72
GJB1_CCGGTTCACGCCACTGAGCA,GJB1,2312,948,1036
GJB1_CGAGAGCCATACTCGGCCAA,GJB1,1152,356,273
GJB1_TAGCAAACGCTGTTGCAGCC,GJB1,654,349,204
GJB1_TCCAATCCACCTTCCCGCAA,GJB1,2255,310,619
GJB2_CGGCTTCTCCATGCAGCGGC,GJB2,597,139,25
GJB2_AGGCGGCTTCGAAGATGACC,GJB2,641,63,0
GJB2_TGCTTGTGTAGGTCCACCAC,GJB2,803,273,123
GJB2_GCTTGTGTAGGTCCACCACA,GJB2,32,10,22
GJB3_TCACACCGCTCAGTAGGGCC,GJB3,323,68,337
GJB3_CGTGGCCTACCGTGAGGAGC,GJB3,637,195,398
GJB3_CGCCGGCACCGCCAGAAACA,GJB3,4524,1131,1292
GJB3_GCCGGCACCGCCAGAAACAC,GJB3,1505,430,636
GJB3_TGTCGTACAGCTTGGCGCAC,GJB3,960,129,391
GJB4_CATTGGGCCCGTGTTTCAGG,GJB4,656,116,225
GJB4_TCAGGTTGTCGTACAGGGAC,GJB4,883,423,414
GJB4_CTCAGGTTGTCGTACAGGGA,GJB4,3009,1434,1018
GJB4_CCTCATCTTCAAGGCCGCCG,GJB4,1069,297,557
GJB4_TCTTCTACCTGGTGGGCAAG,GJB4,560,160,232
GJB4_CCACCATATGTCCTCTCCCA,GJB4,1801,325,450
GJB5_AGACAGCCAGATGCGCCCAA,GJB5,551,216,244
GJB5_ACACACGCTCGGCCGTCACC,GJB5,1627,118,162
GJB5_TCTGCGTGGCACTTGACCAC,GJB5,710,314,237
GJB5_GAAAGATGAGGTCACCCGAA,GJB5,427,200,337
GJB6_GATTTGCATGCTGCTTAACG,GJB6,538,106,92
GJB6_AATCCCACATTTCAACACCC,GJB6,943,141,373
GJB6_ATCCCACATTTCAACACCCA,GJB6,368,243,268
GJB6_ATTTCAACACCCAGGGCAGG,GJB6,454,177,215
GJB6_CACAGCCGGATGTGGGACAC,GJB6,1928,505,479
GJB6_ACACTCCACCAGCATCGGGA,GJB6,754,65,57
GJB7_GAGTGCAACAGTAGACAGCC,GJB7,110,262,104
GJB7_CCACCATGTAGACCAGCAAA,GJB7,1905,572,837
GJC1_CCGCCAGGATTAAATCCAGA,GJC1,443,568,229
GJC1_ACAGCAATGTTATAGCCAGG,GJC1,706,68,165
GJC1_GGCAAGGACCGTGTTTGAGG,GJC1,194,107,69
GJC1_GCAAGCCCTATGCAATGCGC,GJC1,1169,355,328
GJC1_GCACGGTGAAGCAGACAAGA,GJC1,1322,325,542
GJC1_TCTTGTGGATAGCATAGCCC,GJC1,304,99,87
GJC2_ACTTGCAACACGCGGCAGCC,GJC2,349,268,132
GJC2_CCCAGAAGCGCACGTGCGAC,GJC2,701,422,378
GJC2_CAGTCCACCACGTGCGGGCA,GJC2,844,309,431
GJC2_CCACCAGGCTGTAGTCGGGC,GJC2,912,198,126
GJC2_TGACCAGAACCTGGCAAACC,GJC2,1790,924,907
GJC3_AGGTTCTCGGCGACATGCAA,GJC3,424,92,109
GJC3_GGCTCGGCTTGTCCTGGAGG,GJC3,725,55,111
GJC3_GGGCAACACAGATGTCCCAG,GJC3,86,1,41
GJC3_GCACTGGGAATTATCAGGAA,GJC3,2965,143,207
GJC3_GAAACCCATATAGAGGGCGC,GJC3,9,0,73
GJD2_GATCAAGCTGGCTGTGCGAG,GJD2,491,157,146
GJD2_TGATCTTGCGCCATCCCAGG,GJD2,898,131,421
GJD2_TCTATGGCTTTAGTGTCCCA,GJD2,370,16,39
GJD2_AGTGGTGTTCCGAAATGCCC,GJD2,8,25,25
GJD2_AGCACTCCACTATGATCGGG,GJD2,122,127,90
GJD3_ACATACTACGTGCCATGGAA,GJD3,1099,294,120
GJD3_TGCTTTCCCTACGGAAGCGA,GJD3,423,98,49
GJD3_CGTGCTCTTCTATTTCGCGG,GJD3,908,165,144
GJD3_CGGTCGACTGCTTCGTGAGC,GJD3,619,482,364
GJD3_CGTCGTCTACTCCATGCACC,GJD3,794,357,447
GJD3_TAGACGACGAACAGCACCGG,GJD3,1826,309,258
GJD4_TTCTGGAAGCATGGAAGGCG,GJD4,780,522,198
GJD4_TGCACGGAGGGCGCGTGCAA,GJD4,909,647,958
GJD4_CGCTCTGCTTCCGGATGGAG,GJD4,2589,1351,637
GJD4_GGCTCCGCTCTGCTTCCGGA,GJD4,188,42,49
GJD4_GACTGACGAGGAGGGTGGGC,GJD4,47,357,110
GK_CTCAACTTTCTCCATGAAGC,GK,3765,1619,2112
GK_TTACCCACAGCATTGTAGAG,GK,1589,699,326
GK_TCTGCCTAGAGTTTGACAGG,GK,1293,353,574
GK_CAATACTTACCCTCTTGCGC,GK,894,489,82
GK2_GAAGCCAGCATATTATGCAC,GK2,350,83,119
GK2_AGCGAGTGGAGTTGGTGCCC,GK2,49,117,151
GK5_CAGCTAGAGAAGCTGCACCC,GK5,310,149,135
GK5_CATGACATGTCAATGTCGGC,GK5,44,40,230
GK5_TACCTCCTGTGAGGGACACA,GK5,778,127,41
GK5_CCAAGTCACCTTCTGCACGC,GK5,2685,307,592
GK5_ACGTCTATGACCGGGCGGCG,GK5,952,75,186
GK5_CTGCCACGTCTATGACCGGG,GK5,1820,535,467
GKAP1_GCCACTATCCACTTGTAACA,GKAP1,2150,264,566
GKN1_TTCACGAAAGCAGTGGACAG,GKN1,1000,466,348
GKN1_GACAACAACAATGCTGGAAG,GKN1,686,373,269
GKN1_CATTCAATCCCTTGATGCAC,GKN1,780,456,134
GKN2_TTGAAATTCCCAAGATGCCC,GKN2,185,142,72
GKN2_CAGAGGGTTGTACTTGACCC,GKN2,659,418,398
GKN2_CATTGGAGATTGTTCAGAGG,GKN2,701,314,220
GLA_ACTGCGATGGTATAAGAGCG,GLA,1901,578,264
GLA_GAGCAGCCATGATAGCCCAG,GLA,478,70,147
GLA_TCCTTGGCCCTGAATAGGAC,GLA,430,115,162
GLA_ACTCCCAGGGAAGCCTGCGC,GLA,352,43,0
GLA_AGCTCATGGTCTCAGAAGGC,GLA,254,15,88
GLA_CTCCCAGTGCAGCCAGCCCA,GLA,1219,196,175
GLB1_AGCGCTTCTGCAGGAAGCGC,GLB1,43,0,4
GLB1_GAGGCTTCATCTTGGGCAGA,GLB1,449,74,34
GLB1_CCTGGAACTTTCATGAGCCC,GLB1,264,38,100
GLB1_CCGGTCCTTCCAGTAGAAGC,GLB1,824,295,399
GLB1_TGAGACTTAGGCGCTTGCCG,GLB1,1090,120,126
GLB1_CTGCTTCTGGGCCCTACGCG,GLB1,1660,446,569
GLB1L_GGGTTCATACTTCCGAAGCA,GLB1L,860,121,171
GLB1L_ATCTTGCTCTTCACCACAGA,GLB1L,1224,408,734
GLB1L_ACCAGGAGTCCACTGCGGCA,GLB1L,774,504,191
GLB1L_CTGTTGGTCATACTGAGACC,GLB1L,1807,259,375
GLB1L_TGCCAGACACATAGCGGAAC,GLB1L,3193,892,1016
GLB1L_GCGGCAGCAGCAGGGAACGA,GLB1L,1423,438,448
GLB1L2_AGCCCAAGACGACCAGCAGC,GLB1L2,481,148,172
GLB1L2_TGACCACCTGATGTCCAGGG,GLB1L2,395,54,86
GLB1L2_ACCTATCATTGCCGTGCAGG,GLB1L2,549,263,235
GLB1L2_GGAGCAGTTCCACAATGCCA,GLB1L2,450,270,201
GLB1L2_TACCTGGACGTTGAAGAGAA,GLB1L2,846,436,446
GLB1L2_ATGGTGATGGAGTACTGGAC,GLB1L2,323,238,201
GLB1L3_CGGCGATCCGTCACCTGAGG,GLB1L3,1925,676,673
GLB1L3_CAAGCAAACCTAGGCTGGGA,GLB1L3,287,362,177
GLB1L3_GATCGATTCTTCAGCTCCAG,GLB1L3,234,61,42
GLB1L3_TTGTCCTCAACAGTAACCGG,GLB1L3,982,285,206
GLB1L3_CCCTGTCATCGCGGTGCAAG,GLB1L3,1605,803,927
GLB1L3_CTGAGTGGCCACACCAAAGG,GLB1L3,1285,596,518
GLCCI1_TCACCTGAGAGACGGAGCCC,GLCCI1,476,208,98
GLCCI1_TTCACTTTCTGTAGCGGACA,GLCCI1,1390,686,780
GLCCI1_CTACTGCTCCGGTAATGAGC,GLCCI1,798,179,323
GLCCI1_CTGCTGCGCTCCTGGACAGA,GLCCI1,1025,364,660
GLCCI1_TTGAGCATAAGGTCAGAAGC,GLCCI1,1552,413,416
GLCCI1_AAGAGACGTAAAGGAAACCC,GLCCI1,68,44,31
GLCE_AAGCCACTACTCGAACGCCG,GLCE,967,432,518
GLCE_TTCGAGTAGTGGCTTCAGAG,GLCE,2717,466,589
GLCE_CACAATTAAAGGGAGACGAG,GLCE,909,143,67
GLCE_TAATGACTGGACTGTGCCAA,GLCE,1254,210,162
GLCE_GGCCCTGACTAATGTAGAAA,GLCE,775,414,279
GLCE_GCTTGGCATCGCTCCTAACC,GLCE,1262,338,212
GLDC_TGGAATAAGGCCGGTCCCAG,GLDC,205,291,211
GLDC_TGTCTTTGCAAGCGGAGCCC,GLDC,664,205,132
GLDC_TGTGTAGGTCTCAAGCGAGC,GLDC,434,152,263
GLDC_GCAACACATTCGGAGAGACA,GLDC,909,360,407
GLDC_CTCACTTCCTTTCTAGAGCC,GLDC,618,574,439
GLDC_CCTCCCGGCCACTTACAAAC,GLDC,1820,739,973
GLDN_GCGGCTCAACTCGGCCAGGA,GLDN,922,275,239
GLDN_CTCTTACCTGGTGGTCCAGA,GLDN,367,228,212
GLDN_GGCGGGTTGCCAGGACACAA,GLDN,1044,309,371
GLDN_CCTGCAGGCCCAGTTCACCA,GLDN,2306,545,551
GLDN_TACTTGCACTGGGTTTCCAA,GLDN,486,166,130
GLDN_CTCTCTCTACTACCACAAAG,GLDN,1181,378,446
GLE1_TCCCAGCAGCGACCCTCAGA,GLE1,471,0,13
GLE1_GATGGCGAAGTCTCAGACAG,GLE1,580,97,55
GLE1_CTGCGTCCGAATGTACGAAC,GLE1,1366,328,393
GLE1_GGTGCAAGCCCTCTCGGAGA,GLE1,447,48,80
GLE1_CAGCCAGGTCGACCTTAAGC,GLE1,960,629,445
GLE1_GCAAGAGGCACAGATGCAGC,GLE1,565,0,44
GLG1_TCTCGTCTTTGCCACACCCA,GLG1,749,190,191
GLG1_TCAATGCGGTAATCTGCACC,GLG1,890,80,121
GLG1_CCTTGGAATGAACTGCCAGC,GLG1,216,44,31
GLG1_TGGCTTCACGCGATCGCGGA,GLG1,407,208,290
GLG1_CAAGAAAGCCATTCTCCGGG,GLG1,1173,94,95
GLG1_GCGTGTGCCCTAAGCACACC,GLG1,91,127,58
GLI1_TAGCTTGGTGGCAGAAGGGC,GLI1,795,33,96
GLI1_TCCAGGCTGGCATCCGACAG,GLI1,2088,160,392
GLI1_ATCCCACATCCTCAGTCCCG,GLI1,1024,326,48
GLI1_ATTTGACTCCCAAGAGCAGC,GLI1,16,30,0
GLI1_GGAAGGAGTTCGTGTGCCAC,GLI1,272,439,124
GLI1_CACGGTGCCGTTTGGTCACA,GLI1,433,157,332
GLI2_GCCGCTGCAGCCACCACCAA,GLI2,996,645,355
GLI2_ACATGCGACACCAGGAAGGA,GLI2,921,214,450
GLI2_ACACCCTACTCACCATCAGC,GLI2,639,272,42
GLI2_CCAGGAGCACCTTAAGGAGA,GLI2,543,123,326
GLI2_CAGATGCCCGTAGGAACCGC,GLI2,670,282,135
GLI2_CTGTCTGAGTGACACCAACC,GLI2,3609,1112,1036
GLI3_GCTGCGCTGGCCAGTTAGCA,GLI3,344,236,180
GLI3_CGTAGGGCTACTAGATAAGG,GLI3,1941,709,931
GLI3_CATCAATTGGTACAGGAGGA,GLI3,1267,333,133
GLI3_TTCAACATCGAGTGACGAGA,GLI3,920,264,617
GLI3_AGGCAACCATTTGGAGGCCC,GLI3,28,8,8
GLI3_CTCGCTCACATCTGTTCGAG,GLI3,2651,997,836
GLI4_GAGTACCATGTTGATGCCCA,GLI4,32,26,15
GLI4_GGAGATCCAGGTCGGACGGC,GLI4,679,38,1
GLI4_GGAAGCATCAGTAACTGGAC,GLI4,1069,66,147
GLI4_CCAGTTACTGATGCTTCCCG,GLI4,3129,461,545
GLI4_GGAAGAAGTGCGAGCGGCCG,GLI4,392,54,170
GLI4_ACTCGCGGTAGTGCACCCGC,GLI4,482,69,94
GLIPR1_TCACACTTGCTACAATAGCC,GLIPR1,441,298,371
GLIPR1_CTGGGAGAGAACATCTGGAC,GLIPR1,1932,428,1160
GLIPR1_TGTCTTCCGCCATCACAAAC,GLIPR1,1537,914,1316
GLIPR1_CCAACTTGGCCATATAAGAG,GLIPR1,1563,673,1095
GLIPR1_ACTCTGTTGTATATCCAGGC,GLIPR1,672,186,73
GLIPR1_CGTGGATATATGGGCCAGCC,GLIPR1,1283,443,903
GLIPR1L1_TATTTCATGTCGGCCGCGGG,GLIPR1L1,414,61,31
GLIPR1L1_ATGTATTTCATGTCGGCCGC,GLIPR1L1,250,77,55
GLIPR1L1_AGTCTGTGGCCATTATACAC,GLIPR1L1,1607,399,163
GLIPR1L1_GATTCTCCTCTTACGTAAGG,GLIPR1L1,335,76,81
GLIPR1L1_ATCCATTTCTGAAGCCAACG,GLIPR1L1,1069,366,286
GLIPR1L2_TGTCAGCGGCCGGTGGACCA,GLIPR1L2,1448,256,285
GLIPR1L2_GATTTCCAAACCTCTCACCC,GLIPR1L2,113,1,121
GLIPR1L2_TATCACGGACTGCTAGAGCA,GLIPR1L2,275,116,123
GLIPR1L2_TCATATGCAACTATGCGCCA,GLIPR1L2,1237,155,132
GLIPR1L2_ACGAGAAGACCTTATGAACC,GLIPR1L2,688,303,146
GLIPR1L2_GGATCACACACAACTGGCCG,GLIPR1L2,1266,349,367
GLIPR2_AATCTCTACAGAGCCTCCAG,GLIPR2,54,4,20
GLIPR2_AATGAGTACCGGCAGAAGCA,GLIPR2,1745,405,469
GLIPR2_TGGGCATCCTATGATCAGAC,GLIPR2,2324,340,324
GLIPR2_GCATCCTATGATCAGACAGG,GLIPR2,117,339,119
GLIPR2_AACTATAACTTCCAGCAGCC,GLIPR2,960,68,80
GLIPR2_TACAGGACACTTCACGGCCA,GLIPR2,1373,224,400
GLIS1_CTCTCAGAGCCATTCTCCGG,GLIS1,1048,92,203
GLIS1_ATGGCTGAGAGCACCCGGGA,GLIS1,700,220,101
GLIS1_CTGGCTGCCAGCGACGGCAA,GLIS1,527,360,294
GLIS1_GGGCCTTGACGTGCTTGCGG,GLIS1,685,348,131
GLIS1_CCGTGTCTAGGTGGGTGCGC,GLIS1,1409,653,304
GLIS1_GCCAGGCGGCAACTGAGACA,GLIS1,123,392,209
GLIS2_CCGGGCGGCAAGAGAGAAGC,GLIS2,399,133,119
GLIS2_CCCGCTTCTCTCTTGCCGCC,GLIS2,250,115,198
GLIS2_CTTACCGAGGCACTGGGCAC,GLIS2,1407,125,27
GLIS2_ACACACCAGCTGCTTGGGCA,GLIS2,1877,890,244
GLIS2_TTACCATGTCAAGCCCGAGA,GLIS2,958,161,220
GLIS2_GATGTGCTTGCGCAGTGAGC,GLIS2,357,40,37
GLIS3_AATGCCCGAGTGAGTCGAGA,GLIS3,575,34,50
GLIS3_CGGTGAGGCAATCTGTGAGC,GLIS3,1322,406,248
GLIS3_CGGTGTCCAGATGCGTCCGC,GLIS3,106,124,122
GLIS3_ATGAAGCAGGAGTGGTCCCA,GLIS3,528,220,12
GLIS3_AGATCAGTCCTAGCTTACAG,GLIS3,1694,314,559
GLIS3_CATCTCAAGATGCCCTCAGG,GLIS3,163,59,0
GLMN_TGAAAGTGTTCTAGCTCGAG,GLMN,1466,849,576
GLMN_ACCTTAAGCTGCATTTCAGG,GLMN,718,168,89
GLMN_AGGCCTTGCAACACTGACAA,GLMN,631,471,299
GLO1_AGGATCCTTCACTCGTAGCA,GLO1,1195,577,330
GLO1_CCTCAGTTGCTGCTCCGACG,GLO1,3669,453,642
GLOD4_GCTGGGCTATGCTGATAACC,GLOD4,854,316,246
GLOD4_CCACTGACGGAAGTTGCAGA,GLOD4,982,577,201
GLOD4_CTTTAGGCTCTGACTACACC,GLOD4,1513,279,215
GLOD4_CCTGAAGCTGAACACCGCGC,GLOD4,559,424,455
GLOD4_AGAAACGCGCCGTCTGGAAG,GLOD4,1928,629,195
GLOD4_AGTGGGAAACCGCTTCCAGA,GLOD4,84,40,32
GLOD5_CCACATCTTGACTGGCAGCC,GLOD5,867,690,1143
GLOD5_TTATTCCAAGATCCTGGGCA,GLOD5,372,345,250
GLOD5_AAGTCATGACCTCCATGCCC,GLOD5,108,23,94
GLOD5_CCAGAAATTTAACCTCCACG,GLOD5,2261,638,727
GLOD5_GAAATTTAACCTCCACGAGG,GLOD5,244,82,207
GLOD5_GAGGTCCAGCCTCCATCACG,GLOD5,875,346,421
GLP1R_TGCGCTGCTGCTGCTCGGGA,GLP1R,1045,218,218
GLP1R_GATCCTCAGTCAGGGAGCGC,GLP1R,207,41,50
GLP1R_GAATACGCCTGCTGGCCAGA,GLP1R,0,80,23
GLP1R_TACACGTGGCCCTGCGGCAC,GLP1R,70,301,165
GLP1R_CCTCTACATCATCTACACGG,GLP1R,1334,218,225
GLP1R_TCAAGGACGCAGCCCTGAAG,GLP1R,1615,371,317
GLP2R_AGATGAAGCTGGGATCGAGC,GLP2R,262,174,147
GLP2R_TTGAGGAAACGACTCGGAAG,GLP2R,988,280,117
GLP2R_CAAGGTAAGTATGAAGGGCA,GLP2R,1445,380,604
GLP2R_GCAGACGATAGAGAACGCCA,GLP2R,186,53,146
GLP2R_CTACTCACCGAAGAAACAAG,GLP2R,1662,249,299
GLP2R_CGTCCTTCACCAGTACAGCC,GLP2R,993,385,822
GLRA1_GCCATCCTTGGCCTGTAGAC,GLRA1,1172,162,265
GLRA1_AGGCCCGGTTCCACCTGGAG,GLRA1,1255,219,503
GLRA1_TCCCAGAATCACCCTGACAC,GLRA1,164,287,109
GLRA1_TTGCTAAGGATCTCCCGGAA,GLRA1,1552,630,739
GLRA1_TTCCATTGCTGAGACAACCA,GLRA1,1290,476,329
GLRA1_GATCCTGGCATCATATCCGG,GLRA1,255,47,37
GLRA2_TGGCATTGCAGCACTTACCA,GLRA2,2153,464,417
GLRA2_ACAGTGGAATGATTCACGGC,GLRA2,1337,74,302
GLRA2_GGACTTGAAGAACTTTCCGA,GLRA2,232,17,58
GLRA2_TACCTTTGGCAGAGATGCCC,GLRA2,243,149,172
GLRA2_CTTCGTCTCCAGGCAACACA,GLRA2,1205,230,591
GLRA2_CAAGAAGAAGTTTGTGGACC,GLRA2,1369,321,221
GLRA3_CCATGTCTACAAGCAAAGGA,GLRA3,2002,565,490
GLRA3_ATCCCATTTGTCGCTCCAGA,GLRA3,610,325,291
GLRA3_AGATGAGGCACCCGTACAAG,GLRA3,1483,605,781
GLRA3_ATATTCACTGTACGCGAGGC,GLRA3,798,84,169
GLRA3_CTCTATCGCAGAGACGACCA,GLRA3,1062,284,398
GLRA3_ATGTCCGAAAGTGTCTCACG,GLRA3,468,157,357
GLRA4_CAGGATGACGATGAGTAGGC,GLRA4,882,161,283
GLRA4_CATCGAGGTAAAGTTTCACC,GLRA4,535,39,178
GLRA4_CTTCCAGCCACTCAAACACG,GLRA4,2331,1158,970
GLRA4_CAGGATATTCTCGGTAGGAC,GLRA4,1114,594,755
GLRA4_GGAAGTCAAATCTGGAACCA,GLRA4,1838,406,414
GLRA4_ACAGGATGTCCACGCTAGCC,GLRA4,657,267,296
GLRB_ACAACGTTGCAAGATGCAAC,GLRB,148,8,8
GLRB_AAGTCATCTTCACCCTGAGG,GLRB,439,32,56
GLRB_GCTTTCCTTCTGGATCAACC,GLRB,321,348,129
GLRB_CGCGTCCGGGTTGATCCAGA,GLRB,418,126,241
GLRB_GGGAAGCAAACCCAAAGAGA,GLRB,455,119,25
GLRX2_GACCATGATTTGGCGCCGCG,GLRX2,475,248,208
GLRX2_CAGCTGAGCGCGTCCTCCCA,GLRX2,713,48,0
GLRX3_TGAGGCAGCTGTAGCGGCCG,GLRX3,1287,118,16
GLRX3_CCCAGAAATGGACCACAAGG,GLRX3,1925,67,79
GLRX3_GAGCCCATGGTGCCCAGAAA,GLRX3,1177,519,619
GLRX3_TGTGCACACTGTGGAGCCCA,GLRX3,615,92,240
GLRX3_GGCAGCTTCTTACCACAGCG,GLRX3,306,15,16
GLRX5_GCTTGCGTGCGGAGATGAGC,GLRX5,659,18,0
GLRX5_CTACAACGTGCTGGACGACC,GLRX5,1959,468,443
GLS_ACGCCGGCACAGGGTGACCA,GLS,1800,716,648
GLS_GGACGCGTTTGGCAACAGCG,GLS,1550,284,123
GLS_CTGTTGCCCATCTTATCCAG,GLS,1498,215,233
GLS_CTTGATCCTCGAAGAGAAGG,GLS,185,242,261
GLS_TGCTTTGTCAGCTATGGACA,GLS,1450,517,368
GLS_TAGGTGGAATAACACTCCCA,GLS,249,60,3
GLS2_GATCAGGGAGCTGACAACAA,GLS2,791,132,170
GLS2_GGGAGAGCTTGTTGTAGCGC,GLS2,343,140,203
GLS2_AATGTTGCTGCTCACACACC,GLS2,717,253,399
GLS2_CTAAAGGCACTAAAGGCCAC,GLS2,841,98,91
GLS2_AAGTGGCATGCTGTCCCGCC,GLS2,830,88,90
GLS2_GCACCACCTCAGTGAGGCCG,GLS2,191,1,59
GLT1D1_CCTGCACCTACCGAACGCGC,GLT1D1,1930,957,1291
GLT1D1_TGAGAACTGCGAGGCTGCCC,GLT1D1,110,57,0
GLT1D1_AATGCGTCCACCAGATAGAG,GLT1D1,1515,312,330
GLT1D1_GGTCGATCCAGTGTTTACAA,GLT1D1,441,92,141
GLT1D1_TCAAGAAGATCTGCACGCGG,GLT1D1,2866,610,394
GLT1D1_TCACCACGGCAGCATTCCCG,GLT1D1,2847,851,765
GLT6D1_GGTGTTTCTGAAATACCACC,GLT6D1,84,63,35
GLT6D1_TGCCAGTAGCAAAGACGGCC,GLT6D1,1090,152,381
GLT6D1_GCGGAATATCACTGTGGGCC,GLT6D1,533,582,404
GLT6D1_GGAAGGGACTTTCGACAGGC,GLT6D1,0,185,266
GLT6D1_AAGAACTTCGGCTCTCAGAC,GLT6D1,66,165,76
GLT8D1_GGGACTGTATAGCAGAACCC,GLT8D1,46,0,40
GLT8D1_TTGTTGCAAACCTGACGGAA,GLT8D1,1328,521,490
GLT8D1_TACAATACAGCACTGAAGCC,GLT8D1,847,200,351
GLT8D1_TAAAGGAGGATCCTGACCAG,GLT8D1,831,158,34
GLT8D1_TCAGATGCAGCGATGACCAC,GLT8D1,923,244,166
GLT8D1_TGCAGTAGATGGGAGACAAG,GLT8D1,1384,180,439
GLT8D2_CCAATTGCTTGGTGATGCGC,GLT8D2,754,205,345
GLT8D2_CATCTGAGAAAGCCGCCGCG,GLT8D2,332,168,183
GLT8D2_AATCGTGGAATTCAACCCGA,GLT8D2,502,91,80
GLT8D2_TGATTTGTGCTGCAGCAGGG,GLT8D2,631,132,97
GLT8D2_AGGCCTTATCCCAGTAAGAC,GLT8D2,1321,202,337
GLT8D2_CACAGAGGGTCACGATCAGA,GLT8D2,986,397,252
GLTP_TCTTCTGCACGATCCAGCCA,GLTP,1049,156,292
GLTP_CCATTCCGGCTCACCGAAGA,GLTP,1473,554,500
GLTP_TCCGGCTCACCGAAGAAGGG,GLTP,760,168,151
GLTP_GCTCACCGAAGAAGGGCGGC,GLTP,326,3,190
GLTPD1_GACACTGCTTGAAACTGACC,GLTPD1,3,193,79
GLTPD1_CAAGCAGTGTCTCGATGAGA,GLTPD1,593,166,358
GLTPD1_CCCTACATTGCCAGCTGGAA,GLTPD1,3004,956,1023
GLTPD1_CCTGGCACACGCACCTGACC,GLTPD1,776,2,115
GLTPD1_CTACCGCAGCCTGCAGGCCA,GLTPD1,259,143,32
GLTPD1_TGTAGACACGCTGGATGAAG,GLTPD1,1139,137,216
GLTPD2_CTGAACCAGTGCCGCAGGGC,GLTPD2,1172,500,524
GLTPD2_TGCGCCTAGCGTACCTGGAA,GLTPD2,1376,486,843
GLTPD2_TGCTGGGCCGCATGATGAGG,GLTPD2,1310,419,570
GLTPD2_CTTCGGGTTTCAGACTGGCG,GLTPD2,2714,187,68
GLTPD2_CCTAGTGGCGAAGGCGAAGA,GLTPD2,584,149,165
GLTPD2_CTTCACCAAGGTGACAGACC,GLTPD2,1490,236,637
GLTSCR1_CTTCTTGCATGGATCCGAGA,GLTSCR1,1129,385,85
GLTSCR1_TCGGCCGGTGTCTCGCCACA,GLTSCR1,1129,648,468
GLTSCR1_GCGCTGACTATGACCGAGGC,GLTSCR1,880,334,572
GLTSCR1_CCTCCACCTGGTCCCTGAGC,GLTSCR1,186,673,73
GLTSCR1_CTGACCAGCACAGACGCAGC,GLTSCR1,378,662,1097
GLTSCR1_TTCCTTGCTGGGCTGAAGCG,GLTSCR1,1988,1432,1551
GLTSCR1L_TAGGAGTCTGTCTATGAACC,GLTSCR1L,797,200,245
GLTSCR1L_AGTGTGGTGCTCAAGAGCCC,GLTSCR1L,1208,45,209
GLTSCR1L_GCTGCGAAACAGCTAACGAA,GLTSCR1L,866,249,294
GLTSCR1L_GCATGGAGCCCTGGCACACG,GLTSCR1L,2366,114,695
GLTSCR1L_GATCGATAGGATGTTCAACC,GLTSCR1L,1028,202,199
GLTSCR1L_CCAGAGCACGTCTGAAGAGA,GLTSCR1L,637,349,504
GLTSCR2_GGCTACAGGAGCGCACGAGC,GLTSCR2,1195,0,30
GLTSCR2_CCTCAACCCTTCTGCAACAA,GLTSCR2,1867,595,127
GLTSCR2_GCTTGGCCCTTGTTGCAGAA,GLTSCR2,909,513,469
GLTSCR2_ACATTCCAGGAGCTGTGCGA,GLTSCR2,561,52,119
GLTSCR2_AGGAGCTGTTCCGGCTGCGC,GLTSCR2,370,0,0
GLTSCR2_CTTGTACTTGCGTTTGAACC,GLTSCR2,1799,117,191
GLUD1_CAGCATCTGCACACATACCC,GLUD1,2633,585,275
GLUD1_AAAGCCCAAGAACACTGACG,GLUD1,1170,174,102
GLUD1_ACTGACGAGGCATTATCACA,GLUD1,472,134,53
GLUD1_CGAGGCATTATCACACGGGC,GLUD1,744,312,274
GLUD1_ACAGCAACAGCGCTTCGCCC,GLUD1,390,118,8
GLUD2_ACGGCAGCAGCGCTTTGGCC,GLUD2,813,203,33
GLUL_TTACTCTAGGTACATCGAGG,GLUL,540,27,46
GLUL_GGAGCTATACTTACCTGGGC,GLUL,398,97,78
GLUL_TAACCCAAGGAGACTTACCC,GLUL,1019,171,78
GLYAT_ACAGAGGTACACAGTTCCAC,GLYAT,120,37,246
GLYAT_ACGTCACAAGGCCATGGAGC,GLYAT,1307,251,174
GLYAT_ATGGAGCCGGTATTCCGGCA,GLYAT,214,53,1
GLYAT_GATCACCAGAACTCATCAAC,GLYAT,197,40,72
GLYAT_GGTTGTCTGCCCTCAGGAGC,GLYAT,71,116,677
GLYATL1_GAGCGCGAAGTGAACACGGA,GLYATL1,270,185,21
GLYATL3_TATCACCCGACGACAAAGAG,GLYATL3,801,397,358
GLYATL3_GACACACACACTAGGGAAGC,GLYATL3,1282,6,26
GLYATL3_AAACTGGTCTGTGATGGACC,GLYATL3,148,106,203
GLYATL3_TTTCCTGCGATGTTCTGGCA,GLYATL3,1001,73,199
GLYATL3_ATAAGCCTGTGGAAGCGACA,GLYATL3,172,149,30
GLYCTK_GAGCTGTATTTGGTGGCCCA,GLYCTK,72,72,104
GLYCTK_TTGCATCCACTCCTCTGGCG,GLYCTK,1163,753,785
GLYCTK_CGGCACGCTCCATGGCAGCA,GLYCTK,2156,1986,1843
GLYCTK_CACCCTCGAATACCTGGACA,GLYCTK,1718,624,674
GLYCTK_CTGGGACAGGGCCTTCCGAA,GLYCTK,3364,430,828
GLYCTK_ACAGGATGAGGCTCACCACC,GLYCTK,170,236,150
GLYR1_GCTTCCTGTCCGTAGGAAAC,GLYR1,674,270,296
GLYR1_ATTGCCTGGTAACAGACAGC,GLYR1,72,24,58
GLYR1_CCTGCTAAGCCAAACAGAGA,GLYR1,1024,347,208
GLYR1_ATGGCAGCCAACCGCAAGCG,GLYR1,518,159,489
GLYR1_ACTTAGCCTGTCTGAAGGGA,GLYR1,697,20,78
GLYR1_GGCCGATATCCTCCTTGGCC,GLYR1,311,21,80
GM2A_TCAGGCTTCTGATCACCGCA,GM2A,847,202,456
GM2A_TGCATGGGATCTTGATCCAG,GM2A,1082,156,77
GMCL1_AAGACCAGCCCTTGCCCAGC,GMCL1,690,80,59
GMCL1_CTGTCACCCTGACTCGGAGA,GMCL1,1118,301,244
GMDS_GGAGATGGTGCACGCCGACG,GMDS,678,328,387
GMDS_CTCACATCGAAAGCGACCCG,GMDS,1675,253,384
GMDS_TATCTTCCTTACAGGTGGGA,GMDS,287,100,232
GMDS_CGTCCGCAGTGTACTCAGCG,GMDS,1601,722,1131
GMDS_CCTCATAGCCTTTCTCCAGC,GMDS,541,42,88
GMDS_ACGGCGAGATGGGCAAGCCC,GMDS,1074,185,66
GMEB1_GCCACTTACCCTTGTTGCAC,GMEB1,1250,296,222
GMEB1_AGCTGGGTCGGAGAACAACA,GMEB1,700,184,428
GMEB1_TGTCACCATGGCCACGGAGG,GMEB1,1102,248,69
GMEB1_TGATGTAGGGCTGATGGAAG,GMEB1,1233,528,721
GMEB1_GCTCTTCCGCTATGCCACAG,GMEB1,1421,195,309
GMEB1_ACTGGGCAACATGACCACCA,GMEB1,469,101,198
GMEB2_ACACATTTACCTTCTGGCGG,GMEB2,1568,273,214
GMEB2_ATAGAGACCTGTGAAGACCC,GMEB2,329,378,95
GMEB2_GGGAATGTACTCGGCCGACG,GMEB2,730,201,303
GMEB2_CATGATGCCGTTCATGCGGA,GMEB2,62,144,35
GMEB2_CGACCTGACGGAAGATAACA,GMEB2,1128,958,832
GMEB2_TCCCGACGTGAGTGTGCACA,GMEB2,1764,331,379
GMFB_CCGAAGACCTAACTGAAGAA,GMFB,973,515,431
GMFB_GATTGACAAGGATAAACGCC,GMFB,70,87,35
GMFG_GGCTCCAGAGTGTTAGGGAG,GMFG,971,262,346
GMFG_GAGCTCACAAAGGTTCAGAC,GMFG,1107,185,171
GMFG_TAGAGCTGTGTCTCACCCAC,GMFG,526,286,156
GMFG_AGAGCTGTGTCTCACCCACA,GMFG,809,231,119
GMFG_AGTTGCCGGAGAGACAGCCC,GMFG,620,131,113
GMFG_GGTCTACCTCGCACACCACC,GMFG,0,68,55
GMIP_TCAGTCCGTTTGGCGGCGAG,GMIP,614,365,190
GMIP_CGATCTCAGCCTGGGAACCC,GMIP,1722,601,686
GMIP_GAAGATCGCTGAAGCTGGCA,GMIP,167,92,22
GMIP_TTGCGGCTCATTCGGACAAA,GMIP,2191,634,1102
GMIP_CAGTGACATCTTCCGGAGCC,GMIP,1553,356,591
GMIP_GATATGGACGCAGCAGAGCC,GMIP,110,25,30
GML_CTGAGCGCGCATGGTGGCAC,GML,707,163,243
GML_ATACTTACACTGAGCGCGCA,GML,512,144,25
GML_ACCCGATGAAGTAACTGAGG,GML,857,101,41
GMNC_TTTGTGCGTCGAGATGAGGA,GMNC,459,81,251
GMNC_CCCAAGTGTTTGAAGGACCC,GMNC,734,318,372
GMNC_TTTGTAGCTGCAAGATACCC,GMNC,160,379,244
GMNC_CATGAGCACAAGTCCGGAAG,GMNC,1341,547,696
GMNC_CCAACAAGCACCACAGGCAC,GMNC,2157,235,471
GMNC_ACAAAGTACTGGTCTTGGCA,GMNC,778,272,502
GMNN_ACATCTACAACTTCCAGCCC,GMNN,1299,36,52
GMNN_CTCTCAGTATTGGAAGGAAG,GMNN,2315,171,72
GMPPA_CCTGATTGGAGGCCCTCAAA,GMPPA,1857,580,679
GMPPA_CCCTGAGGTTACCTGGGCAC,GMPPA,936,213,291
GMPPA_CTTCCAACATAGCACTCAAG,GMPPA,1880,134,183
GMPPA_TTCCAGCGTAATCAGCAGGA,GMPPA,1510,313,399
GMPPA_ACTCACCAGGCTTGTGGCCA,GMPPA,1276,242,212
GMPPA_GGTATCGGCTCAGGTAGAGG,GMPPA,308,40,153
GMPPB_CAGTGGGTAAGCCTGTGGGC,GMPPB,283,70,35
GMPPB_GCACGTTGCCCACAATGCCA,GMPPB,473,79,63
GMPPB_CCGGTTCGTGGAGAAGCCAC,GMPPB,153,14,27
GMPPB_CACTGTTGAGGACGAAGAAA,GMPPB,1348,217,173
GMPPB_AGCTCACGGCCAGGATCACG,GMPPB,1391,12,161
GMPPB_GCCCATCTTGCTGCACCAAG,GMPPB,1498,151,116
GMPR_TGCTCCGCTTAGGTCGGAGC,GMPR,344,74,128
GMPR_CGGAGCAGATATCATCAAAG,GMPR,1081,1147,739
GMPR_TGCACCACCCGCACCAAGAC,GMPR,3752,800,1063
GMPR_CACCGTTGGCATTTAGGAGC,GMPR,1723,106,41
GMPR_ACCGCCATGAACAAGCACGC,GMPR,1988,608,415
GMPR_ACTCAAGGAGCTCAGCAGGA,GMPR,653,97,284
GMPR2_TACTGCGTTTGGGCCTCAAA,GMPR2,72,261,262
GMPR2_TTCCTGTTCATATCTGCAGG,GMPR2,98,89,145
GMPR2_CCAGGCATATATACTTCACC,GMPR2,504,123,436
GMPR2_GGTGAGCTCATCGAGAGGGA,GMPR2,1,189,38
GMPR2_CTAAGCTCAAAGAGTTGAGC,GMPR2,168,75,173
GMPS_CTGTAAGGCCAACTTCAGGG,GMPS,915,37,90
GMPS_TGAGGGCCTCTTCAACAGAC,GMPS,263,134,210
GMPS_GCCGTAAAGTACCTTGGGCA,GMPS,1418,184,524
GMPS_AGTGCATCCCTTGTTGCAAG,GMPS,1298,122,288
GMPS_CCTACCTTTAGGTCCTGGCC,GMPS,806,61,22
GNA11_CGTAGCATTCCTGGATGCCC,GNA11,844,46,35
GNA11_AGGGTACTCGATGATGCCGG,GNA11,262,282,80
GNA11_CATCGAGTACCCTTTCGACC,GNA11,1196,282,229
GNA11_GGTGGAGTCGGACAACGAGG,GNA11,601,6,0
GNA11_CAAGATCCTGTACTCGCACC,GNA11,624,63,60
GNA11_CTTCACGTGTGCCACCGACA,GNA11,1710,410,777
GNA12_GGGCGTGCTTACTCACCAGC,GNA12,653,40,46
GNA12_CGCGGCTCCGAAGCAGGAGA,GNA12,484,426,411
GNA12_ATGGCCTTCGAGAACAAGGC,GNA12,249,34,25
GNA12_GAACGGAGTGAGACTCACCC,GNA12,0,0,93
GNA12_CATCCTTGCTAGGCACGGCC,GNA12,643,115,175
GNA12_CGGCCGCGAGTTCGACCAGA,GNA12,523,82,71
GNA13_ATGTTTCCGGAACAAACGCC,GNA13,313,73,143
GNA13_TAGGTGGTCAGAGATCAGAA,GNA13,920,181,351
GNA13_CCAGTTGAAATTCTCGACGC,GNA13,873,882,778
GNA13_CCGGCGTCGAGAATTTCAAC,GNA13,1208,127,231
GNA13_GATGCGGATCATCCACGGGC,GNA13,19,65,70
GNA13_CCACTCGTCAGCAGGCAGCC,GNA13,1697,479,334
GNA14_CTTGTGACTAGGACCGAAAC,GNA14,1836,501,590
GNA14_AACGATCGGAAAGACGGAAG,GNA14,531,28,100
GNA14_TGGATACTCAATGATGCCGG,GNA14,552,162,210
GNA14_AGGAGTGTTACGACAGGAGG,GNA14,99,256,91
GNA14_TCCAGGAGTGTTACGACAGG,GNA14,1620,239,365
GNA14_ACTCCTTCTCCTCCGCGGAC,GNA14,588,289,170
GNA15_TCATCCTCCGTCAGGCACCA,GNA15,1285,462,686
GNA15_GGCCTCGATCATGGCCCGCA,GNA15,274,114,33
GNA15_ACACGGCTGAATCGAGCAGG,GNA15,1156,269,50
GNA15_TGATGCGCTCCAGGTGGGAC,GNA15,1135,241,416
GNA15_CGATCACGTTCTCGAAACAA,GNA15,2518,1802,984
GNA15_GGACTATCCTGGAACTACCC,GNA15,609,249,260
GNAI1_CCTCCGTGAGGACGGCGAGA,GNAI1,431,139,88
GNAI1_AGACTTTGGTGACTCAGCCC,GNAI1,1575,217,320
GNAI1_CTCTCGGGATCTGTTGAAAC,GNAI1,1852,1423,1473
GNAI1_AGCACTGAGTGACTACGACC,GNAI1,791,37,266
GNAI2_GAGGGAGCGTCTCATGACGG,GNAI2,365,0,3
GNAI2_TTGGCATGCACCAGCTGCAC,GNAI2,1149,54,126
GNAI2_TGTTGCTGTAGACAACCGCC,GNAI2,715,16,43
GNAI2_CAAAGCAGGCCTGCACACCA,GNAI2,1496,60,375
GNAI2_ACGGACCCGCGTAAAGACCA,GNAI2,1016,134,193
GNAI2_CTTGGTGCTAGCTGAGGACG,GNAI2,1398,136,220
GNAI3_ATGAGAAACACTTACTGCCC,GNAI3,38,23,27
GNAI3_CGGACGAGAGTGAAGACCAC,GNAI3,1633,122,96
GNAI3_CCTCGTCCTCAGCCAGAACA,GNAI3,148,61,110
GNAL_GAGGCGAGGAAAGTGAGCCG,GNAL,8,0,96
GNAL_AGCAAGACGACGGAAGACCA,GNAL,2103,94,222
GNAL_TATAATACCTCCAGTTCCGC,GNAL,311,30,66
GNAL_TGACTACACACCCACAGACC,GNAL,2329,352,536
GNAL_AGCCTGCAGTAGCTACAACA,GNAL,2137,1620,1315
GNAL_ACTGCCGCGACATCATCCAG,GNAL,736,51,242
GNAO1_TGCGCTCAGAGTACATCCCA,GNAO1,1785,771,559
GNAO1_TGCCCAAAGTGTCCATGGCC,GNAO1,271,324,262
GNAO1_TGAGCTGATACTCCCGGGAC,GNAO1,987,168,227
GNAO1_GCAGGACATCCTCCGAACCA,GNAO1,1138,92,193
GNAO1_CGCGCTCAGCGGCTATGACC,GNAO1,1035,243,242
GNAO1_TCTTGCTCTCGTACTGGGCC,GNAO1,670,108,279
GNAS_GGTGAGGGACTGGCCGAAGG,GNAS,174,37,37
GNAS_ATGGATCTTGCGTCTGGCCC,GNAS,233,114,119
GNAS_CAACCGTAAGCTGGACAGGC,GNAS,1711,350,1950
GNAS_GACCGAGGACCAGCGCAACG,GNAS,3358,3289,2796
GNAS_TGTGGCCGCCATGAGCAACC,GNAS,785,1957,1153
GNAS_CTTTGAGACCAAGTTCCAGG,GNAS,963,440,507
GNAT1_TTCGCCTGCTGCTGGGACCA,GNAT1,830,161,143
GNAT1_TCATGGCGCGTACGATGGCC,GNAT1,230,201,235
GNAT1_CGAGGAGGGCACGATGCCCA,GNAT1,547,81,368
GNAT1_GCGCAGCTACCTCTCCGACC,GNAT1,1905,441,140
GNAT1_GCAGGATGTTCGATGTGGGC,GNAT1,380,142,196
GNAT1_ACGTCGTGGCGAAGTAGCGG,GNAT1,1051,344,782
GNAT2_GCACATCTTGCTCACTAGGG,GNAT2,1050,297,205
GNAT2_ATGACCTCCACGAGCTCAGG,GNAT2,785,100,36
GNAT2_GGCCCGGATGATAGCCAGGA,GNAT2,507,251,301
GNAT2_TGCAGGATCATTCACCAGGA,GNAT2,2434,613,978
GNAT2_AGGACAAAGAACTGGCCAAG,GNAT2,781,178,84
GNAT2_CAGTTCTTTGTCCTCAGCAC,GNAT2,1311,81,98
GNAT3_CCACTTCTTCGTCTTCCACG,GNAT3,2610,444,689
GNAT3_CCTCGTGGAAGACGAAGAAG,GNAT3,1434,166,186
GNAT3_TGGTGGCATGACACCTCAAC,GNAT3,271,142,116
GNAT3_TACCACCACAAGATGGGAAG,GNAT3,349,409,260
GNAZ_CCACAGCGGCGGCTTCAACC,GNAZ,599,167,141
GNAZ_AGTCGATCCTGAGGGCGGCC,GNAZ,338,101,97
GNAZ_TCTCGCCCTTGCTCTCAGCG,GNAZ,2038,899,398
GNAZ_GGCGGATCTTCTCTGCCAGC,GNAZ,288,6,123
GNAZ_AGATGGTGAGCGGGATGCGG,GNAZ,1649,261,226
GNAZ_TCAGGTCTTCAAACTGCCGC,GNAZ,146,82,155
GNB1_CGGGTCAGGTACTTACCACG,GNB1,932,186,146
GNB1_CTATGTGGCCTGCGGTGGCC,GNB1,1366,20,137
GNB1_CGAGGCACTGACGAGAAGCC,GNB1,517,145,68
GNB1_CGCATTTGGATTCTTCCCAC,GNB1,1313,98,126
GNB1_TCCTTGCTTCCCAGGACGCC,GNB1,186,53,59
GNB1_GCTTGACCAGTTACGGCAGG,GNB1,364,0,103
GNB1L_GAGTGGGTGAGTCATGCGCG,GNB1L,963,213,432
GNB1L_CCTTGACTTTGACTCCCAGA,GNB1L,191,25,26
GNB1L_GCCGAAGGCAGATGCCAAGC,GNB1L,874,186,190
GNB1L_GCTGGACGCTTGCCGTGCCA,GNB1L,163,0,1
GNB1L_GCGGAGAGCGGTTACCACCC,GNB1L,534,15,75
GNB1L_GGGTGCCTCGGAGGACAAAC,GNB1L,502,105,226
GNB2_GAATCCAGATGAGGACCCGG,GNB2,597,3,26
GNB2_CTGGTCAGCGCCTCCCAGGA,GNB2,738,171,178
GNB2_TACAGCCTCAAGACCCGCGA,GNB2,555,151,102
GNB2_CCTGGCAGAGCCTCACCAGG,GNB2,577,0,66
GNB2_GATGAAGGTCTGTCGGCACA,GNB2,224,67,0
GNB2_GCTGCGCGAGAAGGCAACAG,GNB2,751,131,62
GNB2L1_AAACTTCTAGCGTGTGCCAA,GNB2L1,664,207,220
GNB2L1_TACCTGGCCATCAGCAGACC,GNB2L1,1147,26,0
GNB2L1_AGGATGAGAGCCACTCAGAG,GNB2L1,116,38,0
GNB2L1_CTGCCGGTTGTCAGAGGAGA,GNB2L1,1551,0,25
GNB2L1_CATCATGTGGAAACTGACCA,GNB2L1,1029,14,0
GNB2L1_GCCCTTGAGGGTGCCACGAA,GNB2L1,1004,163,76
GNB3_TGCCAGAGTAACGTCAGCAC,GNB3,1309,38,166
GNB3_GACGAGTCCAGATGCGGACG,GNB3,268,37,57
GNB3_GAGTCCAGATGCGGACGCGG,GNB3,4,47,39
GNB3_CTGGTAAGTGCCTCGCAAGA,GNB3,2183,505,422
GNB3_CAATGTTCAGCCTCACCACG,GNB3,447,349,169
GNB3_GACTGTATTTGTGGGACACA,GNB3,741,76,28
GNB4_TTACACCTAAGCAGCTCACA,GNB4,1156,54,217
GNB4_CACGGTTGTCATGACCAGCA,GNB4,2093,368,901
GNB4_CTGCACGAAGGTCAAAGAGC,GNB4,1254,255,148
GNB4_ATCATCAGAGCCAGTGGCGA,GNB4,949,61,208
GNB4_CGAGAGTTGCCAGGTCACAC,GNB4,2256,699,761
GNB4_GGTAATGACAGGTACAAACC,GNB4,277,92,184
GNB5_TGACGTCCTCTGCTTGGACC,GNB5,1056,357,412
GNB5_TGGTGAAGCTGCAGGCCGAC,GNB5,608,422,271
GNB5_TCCAACTTACCCACAAGCAA,GNB5,2078,502,636
GNB5_GGATTCCTTCACCACAAACA,GNB5,1253,219,170
GNB5_CTTTGCACCAGTCCATGCAC,GNB5,655,266,201
GNB5_GCGCGAAGATGGCAACCGAG,GNB5,1811,492,525
GNE_TGCGAAACTTGGCAATGCGA,GNE,1042,366,548
GNE_CATCCAGAGACACAACAAGG,GNE,1928,587,669
GNE_ACTGTGCTGCCCTGGCGGAA,GNE,1426,284,352
GNE_CCCGCCAAGATCAACGGCCA,GNE,2269,1057,699
GNE_GGTTCGAGTGATGCGGAAGA,GNE,593,113,185
GNE_CCTCACAATTGTGTGTAGCC,GNE,897,461,513
GNG11_AAATCTTCGATGTGAAGGGC,GNG11,515,67,87
GNG11_CATCGAAGATTTGCCAGAGA,GNG11,878,243,293
GNG12_AAGCACCAACAATATAGCCC,GNG12,1508,142,94
GNG13_TGCTGAAGTGGATCGAGGAC,GNG13,3113,495,657
GNG13_CCACCCGCAGGCTGCTGAAG,GNG13,1865,658,1040
GNG13_TCTTGGACGCCATCTCCCGC,GNG13,604,61,95
GNG13_TCTCCCGCTGGAAGGCCAGC,GNG13,361,125,159
GNG2_AGATCTATCCAGCACTCCGA,GNG2,511,207,141
GNG2_CCGCCAGCATAGCACAAGCC,GNG2,1906,1300,1161
GNG2_CTACTGTGAAGCACATGCCA,GNG2,2653,324,360
GNG3_TACTCATAGTGCTGTTCACC,GNG3,674,93,104
GNG3_TATTGGGCAAGCACGCAAGA,GNG3,1053,124,201
GNG3_TACCTTTATCCGACACAAGC,GNG3,376,235,193
GNG3_GGTTCTCCGAAGTGGGCACA,GNG3,807,61,76
GNG3_GGGTTCTCCGAAGTGGGCAC,GNG3,504,11,19
GNG3_GAAGAACTTCTTCTCCCGGA,GNG3,310,0,10
GNG4_CGTGAGCTTCACAGTAGGCC,GNG4,1516,543,1119
GNG4_AGCTGTGGAGCAGCTAAAGA,GNG4,379,272,270
GNG4_CCACTAGCATCTCCCAAGCC,GNG4,4508,1808,2359
GNG7_AGGCAGGGACTCCGACCAGC,GNG7,999,191,294
GNG7_CATAGCCCAGGCCCGGAAGC,GNG7,1576,438,251
GNG7_AGCCACTAACAACATAGCCC,GNG7,636,119,179
GNG8_AAAGAGGCGCTTGTCGCGGA,GNG8,235,86,113
GNG8_AAGAGGCGCTTGTCGCGGAA,GNG8,228,157,212
GNG8_GCGGGTACTGGCGTCACCAG,GNG8,19,0,19
GNG8_CATGCGTCTCGCAGAAAGCC,GNG8,408,40,104
GNG8_GATTGCCGAGGCCCGCAAGA,GNG8,399,227,233
GNG8_CGCAACCATGTCCAACAACA,GNG8,3994,2151,1693
GNGT2_CAGCTACGGTGTCCTAGACC,GNGT2,1189,225,95
GNGT2_CTTCTTGGTTGGAGCTAACC,GNGT2,549,295,537
GNGT2_GAGTACGTGGAGGCCCAAGC,GNGT2,583,84,232
GNGT2_GCAGATTTCCAAAGCGGGAA,GNGT2,1088,307,487
GNGT2_TTCTCGCAGATTTCCAAAGC,GNGT2,966,345,492
GNGT2_GGCCCAGGATCTCAGCGAGA,GNGT2,32,203,142
GNL1_GAGCAGTGGACTTGAGCAGC,GNL1,1165,53,31
GNL1_TTGAAGAAGAGTCGGAGGCG,GNL1,1018,228,551
GNL1_GGCAACCACAAGAGCTGGCG,GNL1,319,0,70
GNL1_ATCCGGGAGGTGTATCAGCC,GNL1,853,323,201
GNL1_AACAGACCGACACCTCGGAC,GNL1,750,1,55
GNL1_GACAAACGGGAGCGGAAGAG,GNL1,1068,31,92
GNL2_CTTACTAACCCGTTTGGCAA,GNL2,679,22,89
GNL2_AGTTGTACTTACTGTTGCCC,GNL2,7,0,0
GNL2_CCAAATCACGATCCTTGCCC,GNL2,1612,0,17
GNL2_TCCTACATCTTACATGAGGC,GNL2,332,193,2
GNL2_GCCTATACATATTCAGGCGC,GNL2,496,0,25
GNL2_TGAAGCCCAAGTACAAAGGA,GNL2,184,62,102
GNL3_AAGCTGAGCTAAGGAAACAG,GNL3,1338,120,59
GNL3_TTTCTGTCCACTCTGGACAA,GNL3,457,66,29
GNL3_ACCAATTACTCCAACCCGAA,GNL3,1559,0,0
GNL3_TCGCAGAGCAAGCGCAGAGG,GNL3,1131,0,0
GNL3_CATTTGTCAGACCGGAAGAC,GNL3,479,21,0
GNL3_TGTTTGCTGCAGAAGAGACA,GNL3,543,108,142
GNL3L_TGGCCCTTGGAACCTTCACC,GNL3L,523,11,35
GNL3L_AGGCTGCCGCTGCTTCCAAA,GNL3L,410,62,42
GNL3L_GCACGTGGACGCAGTTACGC,GNL3L,457,0,0
GNL3L_TAACGATCTCAGCACTGAGA,GNL3L,172,0,0
GNL3L_TGACACGGACCCACTTGAAA,GNL3L,2256,221,151
GNL3L_CCATACTGTTGCTCTTAGGG,GNL3L,1825,150,477
GNLY_GATGGTGGATAAGCCCACCC,GNLY,292,34,39
GNLY_GCGACCCGGGTGTGTAGGAC,GNLY,1842,281,293
GNLY_TTTCTCCGGCCACGAGGCCC,GNLY,8,21,53
GNLY_GGGCAGTTTCTCCGGCCACG,GNLY,1,5,0
GNMT_AGGCTACGTCGAGCACCCGC,GNMT,778,114,129
GNMT_AGTATGCACTTAAGGAGCGC,GNMT,427,141,64
GNMT_TTAAGGAGCGCTGGAACCGG,GNMT,802,314,237
GNMT_TTGCGAGCATGGTGCGGGCA,GNMT,779,817,507
GNMT_CCTACAGAGTGACTTGACCA,GNMT,2611,297,684
GNMT_CAGGGAATGTAGGTTTGGCC,GNMT,989,265,221
GNPAT_GAGCACGACAGCGCTGGGAC,GNPAT,807,276,286
GNPAT_GAGTCAATGTCTTGGCAGAG,GNPAT,643,360,479
GNPAT_CAGGATCTCCAAAGTACACA,GNPAT,653,371,170
GNPAT_ATGACACCAGGGTTCAGGAA,GNPAT,574,465,306
GNPAT_GGTCCTCTTCTTCACTCAAA,GNPAT,167,94,202
GNPAT_CACTACTCCGAGCCTCACAC,GNPAT,1924,382,578
GNPDA1_TCTGTACAAGGCCATCGAGG,GNPDA1,651,98,162
GNPDA1_CCGTGTGAAGACGCTGGCCA,GNPDA1,2438,635,568
GNPDA1_AGGCCTTCCTCGAGACCACC,GNPDA1,294,13,146
GNPDA1_AGCTTCTTGTAGCAGCCAAG,GNPDA1,423,243,212
GNPDA1_TCCATCCAAGAACGCACCAG,GNPDA1,1417,644,232
GNPDA1_ACTATTCTCAGGCGAGCGAG,GNPDA1,269,93,197
GNPDA2_CATTCAGTTCAAACCTGGAC,GNPDA2,883,277,71
GNPNAT1_TTGGGTCAGCTAACAGAGAC,GNPNAT1,354,637,295
GNPTAB_CCAGGTTCCTGGATTAAGGA,GNPTAB,1254,341,317
GNPTAB_CTATCGAGAGGCATGCACCA,GNPTAB,2402,1393,1609
GNPTAB_CAACGGAACCTACTAAGAAG,GNPTAB,1880,257,347
GNPTAB_ACTACTGAAGGAACTACAGC,GNPTAB,260,90,264
GNPTAB_TTCCCTTTACCTCACAGACC,GNPTAB,1533,391,592
GNPTAB_CACCTCTCCGAACTGGAAGG,GNPTAB,487,114,297
GNPTG_CCGAGAGCCCGAGGAGCAAC,GNPTG,1121,608,794
GNPTG_CGACTGGCCTGAGGCAAGAA,GNPTG,1486,813,1037
GNPTG_CTCGGGCAAGTGCTTCAGCC,GNPTG,1926,617,451
GNPTG_TTCCGCTGGAACGCCTACAG,GNPTG,0,127,104
GNPTG_AGGTGCTCGGCTCGGACACA,GNPTG,462,104,171
GNRH1_AGCTCCTTTCAGGTCTCGGA,GNRH1,141,28,84
GNRH1_GCTCCTTTCAGGTCTCGGAG,GNRH1,114,90,228
GNRH1_AGTCAAAGAGGTTGGTCAAC,GNRH1,276,140,115
GNRH1_TGGTCCTATGGACTGCGCCC,GNRH1,342,180,42
GNRH2_GACCCTCAGAGGCTCAGCAC,GNRH2,1721,130,225
GNRH2_CAGGGCATGCTGTCGTCCAG,GNRH2,774,256,236
GNRH2_CCTTCACAGGAAGCGACACC,GNRH2,989,83,190
GNRH2_CACTTTATTGGAGGATGGCG,GNRH2,169,164,171
GNRHR_CCAGCAGACAGTAAATGAAG,GNRHR,1998,542,420
GNRHR_AATCATCTTCACCCTGACAC,GNRHR,910,127,227
GNRHR_CGGACAGTCCATGGTTGGCC,GNRHR,1728,409,166
GNRHR_ACCGCTCCCTGGCTATCACG,GNRHR,1801,496,394
GNRHR_ATCACCACCATCATGAAGGC,GNRHR,573,322,233
GNS_AGGCGAATGAGGCGCTGGAG,GNS,202,29,52
GNS_CACCCTGTCTATCAATGGGA,GNS,681,115,37
GNS_TACCAGTAACTCCAACCCAG,GNS,1031,123,230
GNS_TTGTGAACAACACTCTGGAG,GNS,337,147,180
GNS_CAAAGCTCTCATCGGAGAGA,GNS,241,44,99
GNS_GCTGCTCCTCACGGACGACC,GNS,51,6,32
GOLGA1_GATCACAGCCCTGGAACAAA,GOLGA1,387,253,202
GOLGA1_GCAGAGACACTACTCAACGC,GOLGA1,1071,518,311
GOLGA1_CTGCTCTTGAAATTTCCGCA,GOLGA1,1539,279,405
GOLGA1_CACCCAAGACTATGCTGAAC,GOLGA1,2484,1221,880
GOLGA1_CTACCTCAACAGGCTTCCGA,GOLGA1,371,72,295
GOLGA1_GATCCCACGGTCTGTGAGCA,GOLGA1,503,493,219
GOLGA2_CTGCTCCGACTGCAGTGCGC,GOLGA2,272,466,434
GOLGA2_GCAGAGCGGATTTGTAAAGC,GOLGA2,1756,607,446
GOLGA2_TCGGGTCCTAGTGACTGAGA,GOLGA2,394,118,129
GOLGA2_GCCGCCGGGAATACTGCAGG,GOLGA2,922,165,177
GOLGA2_CCAACAGCTAGCGGTAGCCC,GOLGA2,1461,135,241
GOLGA2_TGTTCTGTGACAGACACCCA,GOLGA2,610,137,90
GOLGA3_GGATTCGCTGAGCTCGGAGG,GOLGA3,728,53,63
GOLGA3_AATGCGACTCGAAGGACAGC,GOLGA3,392,174,94
GOLGA3_CACGCTGTCTCCAGCCAGGG,GOLGA3,230,237,156
GOLGA3_TCCGACTTCAGGCTCGGAAG,GOLGA3,1236,277,309
GOLGA3_AGCCCGGATGGACCTGGCCA,GOLGA3,1049,171,337
GOLGA3_AGGAACCTCACGACTTACAC,GOLGA3,619,273,392
GOLGA4_GGCGGCCATCGTACCTGAGC,GOLGA4,535,122,105
GOLGA4_TGAAGGTACACCCAATAGAG,GOLGA4,1287,401,479
GOLGA4_GCCTCGCTATCCATATCAGA,GOLGA4,214,126,128
GOLGA4_AGAAGCTCTGCAAGAACAAC,GOLGA4,744,123,163
GOLGA4_ATTAAGTCGGGTGAAACAGG,GOLGA4,2,28,72
GOLGA4_GAAGCTTCAGACCCGAGAAA,GOLGA4,433,135,174
GOLGA5_TCACTTTCAGTACAGCCAGC,GOLGA5,637,336,148
GOLGA5_GAACTTGGAGTCCTCTAAGC,GOLGA5,373,143,59
GOLGA5_AGAACTGGAGCGACTGAAGC,GOLGA5,1149,405,570
GOLGA6L2_GAGCAGGAAGATGTGGAGAC,GOLGA6L2,195,87,90
GOLGA7_CAGGGAACTTGGTCTGGAAC,GOLGA7,858,778,661
GOLGA7_TCCCTGCGGAGCTGGAGAAC,GOLGA7,1654,278,202
GOLGA7_CCCGGTTCTCCAGCTCCGCA,GOLGA7,789,353,244
GOLGA7_GCTCAATAGGGTCTGTCAGG,GOLGA7,556,121,30
GOLGA7_CTGACAGACCCTATTGAGCG,GOLGA7,1891,1038,1346
GOLGA7B_ATCCAGAGAGACTACAGCGA,GOLGA7B,810,75,330
GOLGA7B_TTTGGTCTGGAACTGACAGA,GOLGA7B,249,51,42
GOLGA7B_GATGAAGTAGGCCGTGGCGC,GOLGA7B,51,99,86
GOLGA7B_GGAGACCCACTATGAGAAGG,GOLGA7B,384,192,123
GOLGA7B_AGAAGGACTCACAATGAGGG,GOLGA7B,470,87,66
GOLGA7B_TGGGCTTTACCATTCACCCA,GOLGA7B,739,98,197
GOLGB1_GCTCCTTAGTTCTATAGAGC,GOLGB1,210,106,123
GOLGB1_CTCTCAGCAGTTACAGCAGA,GOLGB1,1098,332,470
GOLGB1_GCAAGTCAACGACCTGAGCA,GOLGB1,380,653,731
GOLGB1_TCAGTTGAGTTCCATGCAGC,GOLGB1,1208,376,237
GOLGB1_GCATGACAAGAGTTCTACAG,GOLGB1,1676,708,871
GOLGB1_AGAAGATGTTCAGGAGCGCC,GOLGB1,152,5,150
GOLIM4_AGACATGAGCCTCGTGAACA,GOLIM4,1999,455,617
GOLIM4_GGAACACGATCCATCACCAG,GOLIM4,862,177,262
GOLIM4_AAGGGAGAAGCCAACCCGAG,GOLIM4,224,161,268
GOLIM4_GAGTGCACTAGCTGCTGCAC,GOLIM4,120,87,59
GOLIM4_AGAGGAACATCGCAAACAAG,GOLIM4,1709,348,542
GOLIM4_TACCTTGTAACTGGGCGGAG,GOLIM4,1078,356,357
GOLM1_CCTTCATCTGATTGATGCAC,GOLM1,735,107,169
GOLM1_CCCTGCAGAGGAATTACGGC,GOLM1,1518,183,186
GOLM1_CCACGGTCTCCTTGTAGACA,GOLM1,3662,507,499
GOLM1_GATTGCGAGCTCCCGGAGCG,GOLM1,1414,338,679
GOLM1_AGACGATGATGCAGGCCACC,GOLM1,588,228,135
GOLPH3_TCTCGACTTAGACCCTGAAG,GOLPH3,899,173,215
GOLPH3_AGGAAGCCGTTCTTGACAAA,GOLPH3,1019,459,367
GOLPH3_TAAGTCAGATGCTCCAACAG,GOLPH3,2030,608,427
GOLPH3_TGTAAGTCAGATGCTCCAAC,GOLPH3,1813,465,205
GOLPH3_CAACGCCGCCGACAAGGAGC,GOLPH3,618,88,11
GOLPH3_GCAACGCCGCCGACAAGGAG,GOLPH3,741,122,68
GOLPH3L_AGCCAAGGACTTAGTAGAAC,GOLPH3L,1188,784,723
GOLPH3L_TGTGGCAATGAATCGAGCCA,GOLPH3L,876,308,119
GOLPH3L_CATATCATCAGGCCTGCGAG,GOLPH3L,810,175,277
GOLPH3L_GCATATCATCAGGCCTGCGA,GOLPH3L,574,97,138
GOLPH3L_TTATTTCAGTGCGACGGGCC,GOLPH3L,336,133,104
GOLPH3L_ACGGGCCCGGTGAGTTAAAG,GOLPH3L,938,517,528
GOLT1A_ATCATCTGCTTACCGCACCC,GOLT1A,778,169,229
GOLT1A_TCTGCTTACCGCACCCAGGA,GOLT1A,1617,318,429
GOLT1A_TTTCCAGGAACATGCCGAGG,GOLT1A,978,159,143
GOLT1A_TGGTTATCGTGCTCCTACGC,GOLT1A,1957,257,259
GOLT1A_GACTCACGTTTCCAAAGGCC,GOLT1A,372,106,153
GOLT1A_GCATGATCTCCATCACCGAA,GOLT1A,422,296,383
GON4L_ATACGGCAGATGATGAGGAC,GON4L,1705,173,115
GON4L_GGTCTGTTTCGGCTTTGGAG,GON4L,764,113,62
GON4L_CTTCTTCTTCATCATCCGGC,GON4L,868,73,47
GON4L_CTTGACCGTACCTTGGAGGA,GON4L,656,76,127
GON4L_TGGTGGACTCTTCATTCCAA,GON4L,575,160,52
GON4L_CTCTCTTTGAGCCAGTAGCG,GON4L,817,91,201
GOPC_TGTCTTTGCAACTAGCACCA,GOPC,1582,834,704
GOPC_AGCCCTCCGCATCTATCAGC,GOPC,507,173,97
GOPC_TGGATAAGGAACTGGCAGGA,GOPC,1036,663,686
GOPC_CTTACCAGCTCCTCCACAGA,GOPC,1886,341,177
GOPC_AGAGATCGATCCAGACCAAG,GOPC,908,151,208
GOPC_CTTGACGGCGCCATGTCGGC,GOPC,356,270,256
GORAB_CAACCTTGCGCCATCGGCCC,GORAB,609,287,152
GORAB_CCAACCTTGCGCCATCGGCC,GORAB,1503,395,843
GORAB_AGACGTCGCTGTGGTTCAAA,GORAB,1403,393,322
GORAB_TGGTTGTCCATCACCAACGG,GORAB,444,141,170
GORAB_GAAACTAAAGCGGATCCAGA,GORAB,115,76,52
GORAB_TGGGCAGTTTGGACTAAGAA,GORAB,1659,867,823
GORASP1_GGATCCTCCATGGAGGAGCC,GORASP1,1,0,0
GORASP1_TTGGCTATGGGTATCTACAC,GORASP1,1567,109,220
GORASP1_CAAGTCAGACTCCTGCCGGG,GORASP1,95,61,298
GORASP1_GAAGCTGCAGAAGCGCACAC,GORASP1,584,220,311
GORASP1_CACCATTGGGCACTCGAGGC,GORASP1,1660,100,331
GORASP1_CGAGGGCTTCCACCTCCACG,GORASP1,1565,29,218
GORASP2_AAAGCGTCGAGATCCCGGGC,GORASP2,96,15,221
GORASP2_GGTCTTTCAGGCCACTCGGC,GORASP2,70,11,27
GORASP2_ATCAAATTCTCCTGCAGCAC,GORASP2,406,331,197
GORASP2_CCTACACGCCCATTTGAGGA,GORASP2,649,812,970
GORASP2_AGCACCACACATCATGCCAG,GORASP2,363,187,49
GORASP2_GAAGAGCTCTCTGGAACCAA,GORASP2,454,47,54
GOSR1_CTGACGTTGGACGACAAAGA,GOSR1,2395,519,414
GOSR1_GGGACCAGCAGTTACTGGGA,GOSR1,71,63,45
GOSR1_CAGGAAACAGGCTCGACAGC,GOSR1,606,116,118
GOSR1_AGTCATAGCAGTACCCGAGA,GOSR1,1161,107,262
GOSR1_ATCAGGGCTGCATTCAAGGA,GOSR1,849,464,243
GOSR1_CTGTAAACAGCCTGATCCAG,GOSR1,1767,178,78
GOSR2_ACTTGTGCGTTTGCTGGAAC,GOSR2,1218,393,241
GOSR2_CCAGTCTTGCATGGGACGCC,GOSR2,716,159,94
GOSR2_CCAGGCGTCCCATGCAAGAC,GOSR2,991,278,83
GOSR2_CCAGCATCGGCGCCATGCAA,GOSR2,967,25,96
GOSR2_CTTCACCACTAACGTAAGCC,GOSR2,421,296,247
GOSR2_TGATGCGGCTCATCGAGAAG,GOSR2,1898,137,77
GOT1_GGGCTTCGCATCTGGAAACC,GOT1,1252,185,195
GOT1_GCCTGTGCACACAACCCAAC,GOT1,1494,284,323
GOT1_TCTATGTGTCCTCACCAACC,GOT1,1202,264,69
GOT1_CCATTCTCCAGCATATCGCA,GOT1,1103,280,180
GOT1_AGGTGTGGAGTCCCTGGAAA,GOT1,1439,193,238
GOT1_GCTTGAAGACCAGGACAGGC,GOT1,339,256,283
GOT1L1_GGTCACATCACCGAGCAGAG,GOT1L1,857,203,264
GOT1L1_CCTGGGCTAATCCTTCCAGC,GOT1L1,356,294,66
GOT1L1_TGGACTCGTCTTCCAGGACA,GOT1L1,1631,530,662
GOT1L1_TATGCCAAGCTCTGAGAAAC,GOT1L1,1043,638,520
GOT1L1_CTGCACCACGAGAGAAACCC,GOT1L1,1223,622,338
GOT1L1_CCCTCTAGCTTGTGGGCGAG,GOT1L1,905,119,588
GOT2_CCTTCCACTGTTCCGGACGC,GOT2,745,152,480
GOT2_TGGACCCGCGTCCGGAACAG,GOT2,1626,296,343
GP1BA_GGAGTTCGCCAAGACCACGC,GP1BA,422,232,186
GP1BA_GATCTCACAGTTGCATAACC,GP1BA,574,85,242
GP1BA_TTGTGTTGGATGCAAGGAGG,GP1BA,1100,543,479
GP1BA_GGCCATTAGGCCGTACCCAC,GP1BA,199,3,49
GP1BA_TAATGCTCACTGTGCTCAGC,GP1BA,263,55,139
GP1BB_GGGCTGCCGTCTTCTCGCCA,GP1BB,1100,198,369
GP1BB_GGTTGTGTCGACAGGGAAGG,GP1BB,572,242,117
GP1BB_CTCGGTTGTGTCGACAGGGA,GP1BB,2180,904,648
GP1BB_CCCTGTCGACACAACCGAGC,GP1BB,1026,583,457
GP1BB_ACCAGCTCGGTTGTGTCGAC,GP1BB,521,78,246
GP2_GGACACCTCCCGGTTTAACC,GP2,182,46,312
GP2_TGCAGGCACTAGCCTGGACG,GP2,114,43,23
GP2_CTCACACTTGTCCTCCACAG,GP2,2940,178,315
GP2_TAGCACTTACCTCGTGGAAC,GP2,738,598,375
GP2_GCATCGGTGCACCTGGACAC,GP2,1832,445,551
GP2_GCCTCACCTTATGGAAAGGA,GP2,223,164,245
GP5_ATGATCTTGACCTTTGCCCG,GP5,1570,150,694
GP5_CCAACAGGACCTCCGTCAGC,GP5,245,297,355
GP5_CCCAAACACGTCGCCAGGCA,GP5,2913,940,1117
GP5_CCAGCTCGACCACAACCAGC,GP5,3496,739,1654
GP5_GAGATTGCGGAAGAGGGCAC,GP5,23,7,14
GP5_CAGGCGGCTCAGGTTGCGGA,GP5,314,155,117
GP6_CAGAGGACTGGCACAGCCGG,GP6,594,227,201
GP6_TGAGACGGTCAGTTCAGCGG,GP6,1312,226,371
GP6_TGGTTCTGTTGGTAACCGGC,GP6,479,62,184
GP6_ATGCTACAGCTTCTCCAGCA,GP6,1165,724,766
GP6_TCTTCATGGCCGGGATGAAG,GP6,957,62,72
GP6_AAGGACTCACCACTCTGCGC,GP6,218,108,161
GP9_CTGCCGCGCCCTGGAAACCA,GP9,1027,261,300
GP9_TGTTGTTGGCCAGCAGAAGG,GP9,800,375,155
GP9_GGCTGTTGTTGGCCAGCAGA,GP9,306,207,117
GP9_GCAGGCCAGCCAGAAGAGCC,GP9,229,180,263
GPA33_CGACAACACTGAAGACAAGG,GPA33,1370,845,590
GPA33_GAGATATTCTTCAGGGAGAC,GPA33,920,524,222
GPA33_CCGCATTCTGGTTTGGAGGG,GPA33,1460,269,614
GPA33_ACTCACCGAGGACCAACAGG,GPA33,1562,90,636
GPA33_CAGCTGACCATGGCTGACAA,GPA33,1179,851,973
GPA33_TCCTTACCGTATGAGTGAGG,GPA33,341,96,378
GPAA1_CATGGGCCTCCTGTCGGACC,GPAA1,748,201,313
GPAA1_TTACATGTCGGAGAACGCCA,GPAA1,76,42,76
GPAA1_CCGCATCGTCCGTTCAAGCC,GPAA1,3916,750,770
GPAA1_CTCTGACTCTACCAACAGCC,GPAA1,113,204,36
GPAA1_TTGGCCCAATAAATCTGCCC,GPAA1,522,32,10
GPAA1_CACCAGCCTCGATGTGGCCG,GPAA1,1167,480,786
GPAM_GCACAGGACTTGCTAGCAGC,GPAM,1391,245,63
GPAM_AGCCTGTGGAGTGTAGCAAG,GPAM,672,400,730
GPAM_CGATCATAGGAGATTCCAAC,GPAM,1269,306,352
GPAM_AGGCTCGATGAAACACCAGA,GPAM,85,10,178
GPAM_GATCATTGCCGGTGAGACAG,GPAM,571,157,164
GPAM_ACATTCCGCAAACCCAAAGA,GPAM,607,175,104
GPANK1_CTCGGGTGGCCACACTGAGC,GPANK1,262,150,240
GPANK1_CTCAGTGTGGCCACCCGAGG,GPANK1,2470,269,434
GPANK1_GATTGGCACGGCCCTCACCC,GPANK1,238,13,22
GPANK1_GCTCAGCTCGCTGAAGAAGC,GPANK1,519,39,118
GPANK1_ACTGATGTGTGCTGCTCGAG,GPANK1,757,351,442
GPANK1_CTGGAACCGCATGAGGCAGG,GPANK1,214,199,224
GPAT2_ACTTCGGAGAGGCTGACGGC,GPAT2,1375,173,95
GPATCH1_GGTCAGCTATGGGACCGGGC,GPATCH1,98,49,0
GPATCH1_TGACAGTCTGATCCTGAAGA,GPATCH1,1746,552,488
GPATCH1_GCGTTATGAGGTCATCAAGG,GPATCH1,1997,351,150
GPATCH1_CGGCCACGCCGACAGAAACC,GPATCH1,2618,897,765
GPATCH1_AGATCCTTCCGAGCTTCCAG,GPATCH1,722,9,40
GPATCH1_TGTGACATCTTTGGGTGCAA,GPATCH1,1105,213,431
GPATCH2_GGCCTTGGACGAGATGGCAA,GPATCH2,1628,121,323
GPATCH2_CTCTTGTTACCCACTGGGCC,GPATCH2,570,604,970
GPATCH2_GAGTGACTGGTTCTACGAAA,GPATCH2,634,213,220
GPATCH2_AGCTCAGAGCAAGCTCGAGG,GPATCH2,182,55,299
GPATCH2_CCGATCGGAGCTCCAGCAGC,GPATCH2,221,294,121
GPATCH2_AGCTCCGATCGGTTGGCGCC,GPATCH2,15,160,128
GPATCH2L_TGTGCATCCGCGACTGGAGA,GPATCH2L,1217,306,395
GPATCH2L_AGGGAGTATTCTCCTTCCAG,GPATCH2L,397,21,29
GPATCH2L_ACCAATGATGAAGGGCGACA,GPATCH2L,578,68,358
GPATCH2L_CCTCTTTGAGCTGGCCGAGA,GPATCH2L,532,282,225
GPATCH2L_CAGCTCGATGCCTCAGAAAG,GPATCH2L,481,471,659
GPATCH2L_GCACTTACTCTTTCTGCCGA,GPATCH2L,151,19,76
GPATCH3_GGCCTCTTCAGTTGCCCAAA,GPATCH3,187,99,193
GPATCH3_TCTGCAGGGCATTGGGCGGA,GPATCH3,446,227,102
GPATCH3_TGGCTCTGTGATCGAACGCC,GPATCH3,684,124,226
GPATCH3_GCATGAGGACGTGACCGGGC,GPATCH3,305,0,0
GPATCH3_AAGGCACATTGCCGTAGCGC,GPATCH3,432,179,210
GPATCH3_TGGGCCGAGCGCAACACGGA,GPATCH3,425,238,99
GPATCH4_TCGCCTAGAGGCCCAGGAGC,GPATCH4,1338,140,142
GPATCH4_CTGCAGTGATGACGACAACC,GPATCH4,3128,255,540
GPATCH4_CTTGGGATGATTATAACGGG,GPATCH4,760,112,20
GPATCH4_GGTTTGTGAACTCCTTGGCA,GPATCH4,466,24,19
GPATCH4_GGCCTCGGCCGGAAGGAGAA,GPATCH4,264,79,112
GPATCH4_CGGCACATGTTTCCGCGGAG,GPATCH4,2709,382,345
GPATCH8_AGCGAAGAGCAGGCACCAAA,GPATCH8,2288,504,374
GPATCH8_TGTCTCTTCAAGATCCCGCA,GPATCH8,295,78,272
GPATCH8_CTATGATCATGCACACAAGC,GPATCH8,1108,1122,947
GPATCH8_GGGCATGGGTCGCATGGAAA,GPATCH8,1255,773,696
GPATCH8_AGTCTCGGTCTTCGTTGAAG,GPATCH8,592,87,203
GPATCH8_CTTCGTTGAAGCGGGAGAAG,GPATCH8,203,32,69
GPBAR1_CAACCTCTTGCTGGTGCACG,GPBAR1,2341,256,182
GPBAR1_GGGCCAGCCGAATGCTCCCA,GPBAR1,137,19,28
GPBAR1_CGGGCAGACTGGCAAAGAGC,GPBAR1,2521,179,373
GPBAR1_CAGCACGCGGACAGAGAGGA,GPBAR1,473,101,84
GPBAR1_CTATGAGCAGCGCCCGCCAC,GPBAR1,341,259,272
GPBAR1_AGCGGCAGTGCCCGTAGCCA,GPBAR1,1607,437,295
GPBP1_TGGAGTAGGGAAATTAAGCC,GPBP1,1007,41,100
GPBP1_CGACGACACAACTCTTCAGA,GPBP1,387,43,104
GPBP1_GAGAACGGGAACTTCCACCA,GPBP1,1234,71,109
GPBP1_ACTCAGGATTTAAAGACGGC,GPBP1,267,15,156
GPBP1_TGTGTCTGGGCGTGTAGGCC,GPBP1,899,270,311
GPBP1_CCGTCACAGCCAGTTAAGAA,GPBP1,2638,595,791
GPBP1L1_CCTCCCTGTAGTGGAAGAAG,GPBP1L1,291,401,365
GPBP1L1_CTTCCTGTCGGTGGTTCGGC,GPBP1L1,246,84,267
GPBP1L1_TGCATGGAAAGCTAACAGGA,GPBP1L1,1513,344,314
GPBP1L1_CAACGTAGTGGAGGTGGCAC,GPBP1L1,641,435,75
GPBP1L1_GAATCATGGCGGAACAGGGA,GPBP1L1,688,73,117
GPBP1L1_GAGCACCTACCCAGAGGAGA,GPBP1L1,280,209,223
GPC1_CGCCAGATCTACGGAGCCAA,GPC1,727,425,251
GPC1_CACCATCGAAGCTGCGCAGC,GPC1,739,676,1188
GPC1_TCGCTCCTTTGTGCAGGGCC,GPC1,1134,600,778
GPC1_CCAGGTCGGCCTGGTTGGCA,GPC1,2339,414,526
GPC1_TCATCGGCAGCGTGCACACG,GPC1,3412,356,484
GPC1_CTGAAGGTGGCCTCTCCCGC,GPC1,1571,365,44
GPC2_TGGTCATCCCACGCACCAGC,GPC2,335,314,129
GPC2_GGCCGTCAGCTCAAAGGAAA,GPC2,843,489,488
GPC2_TTGAGGCAGAAGCCCTGGCA,GPC2,1433,141,244
GPC2_CTCCCAGATAACCCGGACCC,GPC2,2313,238,154
GPC2_AGTCTCGCAGCCGAGAGAAC,GPC2,2614,447,1086
GPC2_CCCGGAGTTGTGCAGAGACC,GPC2,985,278,137
GPC3_AGAACCATGTCTATGCCCAA,GPC3,382,227,235
GPC3_TCAGCTCATGGAGATTGAAC,GPC3,1017,360,214
GPC3_AACGACACCCTTTGCTGGAA,GPC3,1367,487,609
GPC3_AAACCTTATCCAGCCGAAGA,GPC3,277,462,301
GPC3_TGGTACTGCTCTTACTGCCA,GPC3,692,30,290
GPC3_GACTGCAGCCCGGACTCAAG,GPC3,561,211,330
GPC4_GAAGAGCCATGATTTGACGA,GPC4,167,233,232
GPC4_GATGACTGTTGGAATGGGAA,GPC4,45,43,143
GPC4_GAAATTCGTCCAGCTGGGAG,GPC4,665,300,148
GPC4_TCAACAGGGCATGGGTACAC,GPC4,4000,530,873
GPC4_TGCGGGAGATGTCGTGAGCA,GPC4,1023,531,1090
GPC4_CGACGTCTTTACGTGTCCAA,GPC4,598,672,565
GPC5_ATATCAGATTGCGGCTCGCC,GPC5,72,24,91
GPC5_TGGCGGAGCTTAATCCACAC,GPC5,655,508,297
GPC5_CCGAGAGTTCTTCCAACGAC,GPC5,1294,904,708
GPC5_ATGGAATGAAGACCACCACA,GPC5,567,115,121
GPC5_GGCAGTACTTTAGACACAAC,GPC5,439,253,268
GPC6_GAAGGCTCGGAGCTGCGGAG,GPC6,465,302,211
GPC6_TTTGGGCTCGGCTCCTGGAA,GPC6,936,459,371
GPC6_GCTCTTGGTGGCAGAGCGAC,GPC6,554,37,3
GPC6_GACCACATCCCTGAAAGACC,GPC6,338,142,35
GPC6_ACGAGGAGGAATGCTGGAAC,GPC6,912,386,404
GPC6_CATGGATGACGTGTGTCCCA,GPC6,324,280,108
GPCPD1_GCAATTGGAACGCCTGAAGC,GPCPD1,931,34,124
GPCPD1_CACTAGGATGGAATGTGGGA,GPCPD1,257,32,66
GPD1_GCAGACTTTCTTGCTAGCCA,GPD1,914,338,235
GPD1_GCTGGCACAGTTTGACCCAC,GPD1,1341,149,148
GPD1_CATCTGAAGGCAAACGCCAC,GPD1,657,140,214
GPD1_CACTTTAGGCTGCAAGGACC,GPD1,469,81,189
GPD1_GGCCTTTGCGCGTACAGGAA,GPD1,1397,531,807
GPD1_TGCACAGTCCATTGAGCAGC,GPD1,1685,566,279
GPD1L_GGCTACATTCGGCCCGGCCA,GPD1L,190,15,44
GPD1L_TGCCATGTCAAATCTTAGCG,GPD1L,2749,261,558
GPD1L_TCCTTGTAGGGCATAGACGA,GPD1L,1180,456,288
GPD1L_AGCCAACATTGCCAATGAGG,GPD1L,867,114,174
GPD1L_AGTGTCTGCATCATCAACCA,GPD1L,738,248,252
GPD1L_TACCTTCCCAGTTCTGGCGA,GPD1L,708,435,637
GPD2_GCCACTTTCTTTCACAGGGC,GPD2,580,222,67
GPD2_AGAGTCCGTGAAAGGTCCCG,GPD2,1602,283,493
GPD2_GATTCCTACCAGTGAGAAGA,GPD2,333,67,149
GPD2_CCTCCACAACTACGGTCCAC,GPD2,259,96,194
GPER_GATGTGACTTCCCAAGCCCG,GPER,784,57,110
GPER_AGAGCGACATGAAGGTGCAC,GPER,529,215,13
GPER_ACCGCTACATCGCCCTGGCC,GPER,128,156,202
GPER_TCCGCACCAAGCACCACGCC,GPER,533,373,467
GPER_GCACAGGCCGATGATGGCGA,GPER,1099,359,176
GPHA2_GCTCGAGATCTTCACGGCCA,GPHA2,428,115,257
GPHA2_TCGCGGGAAGACCAGAGAGA,GPHA2,1454,92,255
GPHA2_GGAAGGCGCTGGACTCACAG,GPHA2,422,171,319
GPHA2_AGAGGTACTCACGGTGCAAG,GPHA2,1063,220,340
GPHA2_TCACGGTGCAAGTGGCAGCC,GPHA2,537,297,299
GPHA2_GACCAGCAGATAGAGGACCA,GPHA2,609,164,125
GPHN_TACCTGTAAGGACTCCGACA,GPHN,1519,197,229
GPHN_ACCACGAGATGTCACTCCAG,GPHN,1241,105,212
GPHN_TGATCCCATCAGCATTGCCA,GPHN,1265,95,139
GPHN_ACAGCAGGACTGGTGTAGAA,GPHN,3451,728,894
GPHN_AGACGGCCGGATGAAAGCAA,GPHN,1307,342,360
GPHN_ACTATAGGTAGATGAGCACG,GPHN,1218,328,564
GPI_CAGCAAAGCGGCGGCGCAAG,GPI,370,114,133
GPI_CCGCCTCTTCGATGCCAACA,GPI,1699,259,285
GPI_AATCCACCAGGATATGCCCA,GPI,403,13,44
GPI_ATTGAACATCCGCTCCCGGG,GPI,160,0,23
GPI_CCGCAGAGCCACGTGCAGCA,GPI,2552,366,1157
GPI_TCCGGAGCGGTGACTGGAAG,GPI,2281,499,393
GPIHBP1_CTGACGCAGAACTGCTCACA,GPIHBP1,324,37,48
GPIHBP1_TGCACAACCCTCATTGCCCA,GPIHBP1,1086,447,301
GPIHBP1_CTCATTGCCCACGGGAACAC,GPIHBP1,3847,1109,868
GPIHBP1_TCCTGACCACCCACTCCACG,GPIHBP1,1399,451,615
GPIHBP1_CCAGCCCATCACCAAGACGG,GPIHBP1,1642,1110,1238
GPKOW_GGAAACACCTTCCAGACCGG,GPKOW,941,157,150
GPKOW_TCCTGACAATGTTCGGGCCA,GPKOW,1799,169,259
GPKOW_GGGCCTCAGTGAGTTGACAC,GPKOW,690,0,0
GPKOW_GAACCTGTAGGTGCCAGAGG,GPKOW,389,4,86
GPKOW_CAGCTCACTGTCTCTGCCCG,GPKOW,600,0,14
GPKOW_GCTTCACTCGCACGTCCGCA,GPKOW,570,200,37
GPLD1_TTAATTACCTTGCACGACGC,GPLD1,564,380,700
GPLD1_TATTCAGAGGCTCATTCGGC,GPLD1,305,133,81
GPLD1_ACATGGCGGCAGATGTCAGC,GPLD1,213,36,213
GPLD1_CACCAGGATGCGTATCAGGC,GPLD1,2443,397,551
GPLD1_TGGGCGTGTTAACTACAGAG,GPLD1,1568,520,769
GPLD1_CCCAACATGATCAGCAGGCC,GPLD1,3131,1740,1179
GPM6A_GCTCTTTGGAGCGAGTAGAG,GPM6A,1110,472,330
GPM6A_ACTCTACTCGCTCCAAAGAG,GPM6A,963,249,408
GPM6A_TTATGGTTCTGTCTGCCAAC,GPM6A,561,241,271
GPM6A_AAGAACTGCTGGAGACACAC,GPM6A,1210,218,304
GPM6A_GGGCAACACCCGCATAGAGC,GPM6A,631,144,369
GPM6B_CTGCACAGGCCACAATGAAC,GPM6B,2680,1340,1217
GPM6B_CCGCAGACCAACGGGACCAC,GPM6B,599,135,349
GPM6B_ACTGATGCATCGGCCACAAG,GPM6B,968,284,277
GPM6B_GCCGCAGAATAAGGCCACCC,GPM6B,474,309,181
GPM6B_ATTTACCTGGACTGCTCAAG,GPM6B,431,123,259
GPM6B_CCAGCGCGCTCGCTTACCCA,GPM6B,2830,387,758
GPN1_TCCTGTACAACGTGGTAAGC,GPN1,782,142,188
GPN1_AGATATGGACTTGGACCCAA,GPN1,371,68,90
GPN1_GACAGATTGAGGTATTCACC,GPN1,788,0,13
GPN1_CCTGACTCGTTCAATGAGCC,GPN1,523,41,85
GPN1_TTCATATTCTTCGGCAGCAC,GPN1,362,330,291
GPN1_TCGAGGAACCTTGGATGAAG,GPN1,1221,361,322
GPN2_AGCCATGATGTCTGCCGCAA,GPN2,1118,155,253
GPN2_TGGCGGTAGTGGCGGAAGAA,GPN2,550,133,134
GPN2_GGCGGTAGTGGCGGAAGAAA,GPN2,264,32,48
GPN2_CGAGGTGGACGGCAGTCAGC,GPN2,1306,39,26
GPN2_GGAGTACCTGGAAGCCAACC,GPN2,173,6,0
GPN2_GAGTGAGTTCCTGCGCGCGC,GPN2,102,6,55
GPN3_CTGCGATTCGGTCCCAACGG,GPN3,3180,0,0
GPN3_TCTCTGCGATTCGGTCCCAA,GPN3,454,41,30
GPN3_GGTTTACAACTTGGACAGAC,GPN3,325,6,48
GPN3_CATGCCTCGGTATGCGCAGC,GPN3,1,1,0
GPN3_AAACGTCTGCACGCAAACCA,GPN3,1107,273,478
GPN3_AGCACATTTGCAAATCGCGA,GPN3,664,283,453
GPNMB_TCACGTTTGGCGGCATCAAG,GPNMB,2137,846,1257
GPNMB_CTCTACCCAGTGTGGAAGCG,GPNMB,487,108,321
GPNMB_TGGTCAGGACCGCCTGCACA,GPNMB,1089,195,372
GPNMB_ACTGTGAAAGCTGCAGCACC,GPNMB,363,72,0
GPNMB_GAATCCTACTCAGCTCCAGG,GPNMB,355,77,122
GPNMB_ACGTCCTGATGCCGGTGCCA,GPNMB,691,152,88
GPR1_GGAATGCCAAACCAGTGGAG,GPR1,1768,252,188
GPR1_TGAGCTCCCAAATGCTAAAC,GPR1,1196,472,645
GPR1_TTTGCACAGCCAGATGCCAA,GPR1,1121,154,230
GPR1_TTGCACAGCCAGATGCCAAA,GPR1,1259,638,533
GPR1_TAGATTGAGGAACCACAGAG,GPR1,1092,307,444
GPR101_GGCAGCATGGAGGGTAAGGA,GPR101,1227,419,628
GPR101_GGACGGCAGCCTGAAGGCCA,GPR101,443,26,100
GPR101_AATGGTGTTGACGCTGGCGA,GPR101,211,137,138
GPR101_TGACGCTGGCGAAGGCGAAC,GPR101,906,816,694
GPR101_ACAGGTGGGTGAGGCTAACC,GPR101,878,467,306
GPR101_TAACCAGGGCCGTGCAGAAG,GPR101,2997,614,555
GPR107_TGAGTGCCAGGTGATGGACG,GPR107,2248,296,594
GPR107_ACCTTTGGCTTCTTCAAGGA,GPR107,695,345,446
GPR107_TCTGGTTGCCTGCTGAAGCA,GPR107,867,128,328
GPR107_ATCAGCACTGATGACCAAGA,GPR107,498,246,266
GPR107_CCTGACAGCTACCTCTCAGC,GPR107,721,73,126
GPR107_AGCCTTCGATAGGGAAGCCC,GPR107,463,59,99
GPR108_CCTTCAGGGTCCTAGTGGGA,GPR108,1109,170,311
GPR108_ATACTTCCGCACCTGGACCC,GPR108,661,73,161
GPR108_TGTTGATGAGGAACAGGACC,GPR108,887,131,200
GPR108_GAACTCTGCCAGACCGAACC,GPR108,740,139,307
GPR108_AGCTTCGGTTTCTACACCAA,GPR108,644,160,147
GPR108_ATGGCAGTGAGCGAGAGGAG,GPR108,647,250,206
GPR110_AAGACTGAGTCGGGATGACA,GPR110,1416,104,155
GPR110_ACAATGTCATTACACTGGGC,GPR110,697,217,259
GPR110_CATTGAACATGTTGCCGAGA,GPR110,867,210,216
GPR110_AACTGCTACCTTCACACGGC,GPR110,1208,339,215
GPR110_AGCAGCTGATATTCTTCGAC,GPR110,951,274,265
GPR110_ACCTTCACTGACGGCCACGG,GPR110,2059,471,551
GPR111_GACCAAGTACACTGTTCAGC,GPR111,475,78,104
GPR111_AAGGTGCCTGCCAGGCCACA,GPR111,22,92,99
GPR111_GGCTGCAAATAGAAATGCCC,GPR111,241,9,45
GPR111_GATCAGGTTTACTACCACGA,GPR111,665,351,95
GPR111_CAGTACCTTTGGATCCAGGA,GPR111,289,314,266
GPR112_TATGTCTTCTCTGCCCAGGA,GPR112,295,104,56
GPR112_AAGGCAGTGGTGCCTACAAA,GPR112,1910,1014,920
GPR112_CTGTCTTTGTTGAAGAGCCA,GPR112,1053,311,398
GPR112_GGACCACACGTTTGATGGCA,GPR112,1871,573,478
GPR112_TGCTGCAGAGTGATAACCAC,GPR112,2004,372,437
GPR112_GGATTTATCCAGGTCTACAG,GPR112,277,48,46
GPR113_AGAGCCTGACTCGTTGAAGG,GPR113,280,210,210
GPR113_CATGAGCTGCTTCGAGGCCC,GPR113,857,60,109
GPR113_AGTTCAGGTTGAGGATCCCG,GPR113,709,78,98
GPR113_GGCAGTACCCGGGTTCGGGA,GPR113,0,100,48
GPR113_TGCTCCTGTAGAATCAGCGC,GPR113,646,670,468
GPR113_TGGCTACGAATACGTGAGCC,GPR113,282,553,421
GPR114_GGCACATCCAACTCACCGAG,GPR114,804,53,140
GPR114_CACCCGCTTCAGAGTGGCAC,GPR114,573,303,134
GPR114_GCAGGAGGTCAGCATGCCCG,GPR114,306,52,40
GPR114_CCCAGCATCTCCACCCAGGA,GPR114,1261,540,1106
GPR114_TGTGATCAGCGAGGCCACGA,GPR114,1427,248,187
GPR114_TCGCAATGTCTCCTGTGCCC,GPR114,861,69,165
GPR115_TGACTGCAACAAATCCGAGC,GPR115,980,148,621
GPR115_CCACACTGGTGTAGTTACAG,GPR115,3016,440,373
GPR115_AGCCACAGTGTGGTCCCGGG,GPR115,392,149,175
GPR115_ATATCTCCGTCACAACCACC,GPR115,271,20,188
GPR115_GCATCACTAGGCCCAACCAA,GPR115,1513,436,499
GPR116_TCAAGACCTCGACCAGGGAG,GPR116,854,377,87
GPR116_CAGACGACCCGCTTGGGCAC,GPR116,693,349,146
GPR116_ACAGTCACGCCCTTGAAGCC,GPR116,985,740,853
GPR116_CTTGTAGGACCTATAGAGGG,GPR116,1341,186,164
GPR116_TTGTGAAGACACCTTTCCCG,GPR116,2323,149,224
GPR116_GGCTTTGATAGGATCCAGGA,GPR116,914,178,362
GPR119_CTATGCCTATTGGCAGAAGG,GPR119,861,383,500
GPR119_CGCAGTAGAAGAAGACAAAG,GPR119,1496,848,979
GPR119_CATGAGTGGGTTCGTGGCCG,GPR119,2006,949,1081
GPR119_TCATGAGTGGGTTCGTGGCC,GPR119,236,106,252
GPR119_ATGCCATCCGCAGGCTGCAC,GPR119,413,96,146
GPR12_GGTGGTCACATAGTGCGACG,GPR12,430,43,77
GPR12_ACGTGACCGTCCTCTCCGAA,GPR12,2570,1141,1038
GPR12_CTCTGACGTACCATTCGGAG,GPR12,1554,514,381
GPR12_TGGTGGCTTCTGACTGAAGC,GPR12,1354,247,318
GPR12_TGAGTCCAATGCCGGCCAGC,GPR12,418,200,123
GPR12_GAACATGGGTGCTCGCAGGC,GPR12,449,560,1033
GPR123_CCGTGCACGCGTACACCACG,GPR123,1910,506,540
GPR123_CACGATGTAGGTGACGAAGG,GPR123,1454,241,237
GPR123_GCCATCCGCATCAGCCGCAA,GPR123,1452,168,57
GPR123_TGTGCACTCAGTACCTGAGC,GPR123,873,109,170
GPR123_GAATTACGGGACAGAGGACG,GPR123,424,215,211
GPR123_GCAACATCCGAACGGGACCC,GPR123,737,219,41
GPR124_GGTGCCGTTAGGCAGAAGGC,GPR124,99,4,0
GPR124_CTAGAGATCTCTCCAACAAC,GPR124,1868,617,607
GPR124_CTTGCTCACCGCAGCAGAGC,GPR124,762,372,491
GPR124_TACGCCAAGTGGTGTTCCAG,GPR124,144,136,91
GPR124_TGCACCGTGTCCATGGCCCA,GPR124,684,115,387
GPR124_CACGAAGGTGTACAGCACCC,GPR124,473,561,110
GPR125_AGCACTGGCAATGTTAGGAC,GPR125,1728,218,531
GPR125_AGCATTGGTCTTGGTGGAGG,GPR125,373,44,127
GPR125_GGGATCTGAACTATACACCC,GPR125,119,26,14
GPR125_ACACTGCGTCGAATTGCACA,GPR125,644,444,509
GPR125_GCTACCTACCGGCTAGCCGG,GPR125,26,0,0
GPR125_CGTCGCGGGAGATACTCACA,GPR125,730,176,113
GPR126_GACTGGGCTTCCATTTCCAA,GPR126,523,161,183
GPR126_GGGATGTGCCAACTGCCGAG,GPR126,428,221,196
GPR126_GGGCTCCCTACCTTGACAGA,GPR126,454,116,173
GPR126_CTTGCCATGGAGGAACCCAA,GPR126,452,134,123
GPR126_TGCATTTGTCCCTGGTAACA,GPR126,1927,1019,801
GPR126_TCCAGGTAAAGGTTGCCAGA,GPR126,46,99,47
GPR128_CCTAAGGTTCCAGGCACGGC,GPR128,311,231,227
GPR128_TCTGCAGGAATGGTGGAACC,GPR128,844,250,349
GPR128_GATGGTCCATATCTGCCCAC,GPR128,64,211,57
GPR128_ATAGAGAGAGACTGCACAAC,GPR128,1241,246,183
GPR128_CATCACTAGTGCTACGCGAG,GPR128,1398,501,417
GPR128_TATGGTTGCAGCGGCAGCGC,GPR128,346,105,126
GPR132_GAAGATGACAACCACCGCGA,GPR132,1394,188,265
GPR132_TTGCCGGGTACTACTACGCC,GPR132,950,222,164
GPR132_CGTACACCACGGCCACGAAG,GPR132,1982,313,286
GPR132_ATATCCGCAACCAGCACCGC,GPR132,1503,255,378
GPR132_GGGTTGCTAGAGGTCACGCA,GPR132,764,114,145
GPR132_TCTGCGGCTTCCTGCTGACC,GPR132,78,301,149
GPR133_TTTGACCTCCGAGAGAGCCA,GPR133,688,139,184
GPR133_ATCCCATCCACATTCTCCAG,GPR133,1211,186,121
GPR133_AGCTTGTGGGTTCGGGACGC,GPR133,1163,369,671
GPR133_TCACGCTTCTCTATTACGGC,GPR133,1132,282,362
GPR133_GGGTTCAAAGTCTGCTCCAG,GPR133,267,17,39
GPR133_TGAGTTCATCATCTGGGAGC,GPR133,128,131,109
GPR135_ATTCCAACCGTCTTAGAGGC,GPR135,364,77,302
GPR135_AAACAGCCTAAATCCGAAGC,GPR135,935,382,407
GPR135_TCCTCTTCCAACCCGGCCAG,GPR135,857,210,149
GPR135_CAGGATGTCCTCTTCCAACC,GPR135,3990,763,1176
GPR135_CTGGACCTCTTCACTCCGCC,GPR135,74,222,422
GPR137_GGCCCTAGTTGCTTGGGCAA,GPR137,41,127,172
GPR137_TATGAACCTCTACTTTGCCC,GPR137,59,0,63
GPR137_GGCCAAGGTGAAGCGTCGGC,GPR137,0,62,0
GPR137_CAGGACGCGGACAAGCAGCA,GPR137,1235,207,165
GPR137_TGGACACCTTCGATTACGAC,GPR137,1175,424,481
GPR137_CCGGAAGAAGCCCACCAGCA,GPR137,2423,1343,1541
GPR137B_GAAGAGCAGCGCGTAGAACA,GPR137B,1133,539,394
GPR137B_TGCTGCGTTACCGCCACAAG,GPR137B,1665,238,443
GPR137B_TAAAGACGGGAAATTGGGAG,GPR137B,363,214,147
GPR137B_GGTTATCGTCTCTGTGCGAG,GPR137B,147,367,131
GPR137B_CTTGACACACGGAGGAGCCC,GPR137B,609,103,171
GPR137B_GGCAGATTTGAAGAATCAGC,GPR137B,410,111,60
GPR137C_GAACAGCGCGGCGTAGAGCA,GPR137C,1122,368,474
GPR137C_GGCTGCTCCTGTACCGCGAG,GPR137C,1084,725,670
GPR137C_GAGCGTGGAGAACTGGAGAC,GPR137C,886,200,131
GPR137C_CCTCAACCTCTACCTGGCGG,GPR137C,1,42,14
GPR137C_CAAATTCGCAAAGTTTGGGC,GPR137C,1008,165,156
GPR139_AGTTTGCCGGCGAGATCCAG,GPR139,438,94,92
GPR139_CTTGAAGAAAGCCTTGAGCG,GPR139,517,363,448
GPR139_AGACCGTGTGGTACTTGAGC,GPR139,933,165,123
GPR139_CGGCTTGGGTTTCGTGCCCG,GPR139,173,598,698
GPR139_GGGCACGAAACCCAAGCCGC,GPR139,450,6,52
GPR139_GCGAGCTGTTGGCTGCGAGG,GPR139,452,277,221
GPR141_TTCCTGGAGGTATTGTGGCC,GPR141,990,358,553
GPR141_TGTCACTATAGGATCGCAAG,GPR141,1108,540,457
GPR141_ATGAGGTAGGTCAAGCGAAA,GPR141,1046,319,459
GPR141_TCCATACCGGGAGACAACCA,GPR141,1005,629,347
GPR141_TCCTAAAGAACTGGTAGGGA,GPR141,1128,119,277
GPR142_AGTGATGTCCTGCAGGGAAG,GPR142,108,31,71
GPR142_TCTCTGCGATCTCTGGCCAG,GPR142,61,6,70
GPR142_GGGATGACGCCAGCCACACA,GPR142,574,70,244
GPR142_GGACACTGTAGTAGATGACA,GPR142,157,47,138
GPR142_AGCACTCAGGACAGCAGCAA,GPR142,2088,197,452
GPR142_CATCCACCGGCTACGGAGGA,GPR142,1012,268,497
GPR143_TTTACACGGAGAACGAGAGG,GPR143,86,58,153
GPR143_TCGCCACGAGAACCAGCAGC,GPR143,1233,285,149
GPR143_CAACTTACCTGGACACGGAA,GPR143,953,85,265
GPR143_AGCAGGCACTGTACAACAGC,GPR143,968,297,165
GPR143_CGTCTCGGATATGAACCACA,GPR143,836,637,507
GPR143_GCAGAAGGTCCCTAGGCGCG,GPR143,785,390,371
GPR144_CAAGGGTTCCTTGATTCACC,GPR144,538,194,263
GPR144_AGTCTTCACCACCTCGCCGG,GPR144,1342,149,236
GPR144_TGGCGCACACATGGTGCCAG,GPR144,276,85,150
GPR144_TTCCTCTGCTGCTACCGGAC,GPR144,1105,147,317
GPR144_CAGGATGCCCAGTCGTGGCC,GPR144,914,271,206
GPR144_TGCCAGCCTCACTTCACGGA,GPR144,957,205,162
GPR146_TAGGTTGGCCAGCACCAGCA,GPR146,1487,187,274
GPR146_GCTGGCCAACCTACACAGCA,GPR146,933,579,440
GPR146_GACAAAGTACACGTCCGGCA,GPR146,283,328,796
GPR146_TGCTACTCTCCCGCGTCCGC,GPR146,1131,281,314
GPR146_CCCAAACTGCGTGCACACGG,GPR146,2294,468,648
GPR146_CACACGGTCATCATCTCGCG,GPR146,1243,1212,708
GPR148_GCGGAACCAACGGCTGCGAC,GPR148,0,26,117
GPR148_GCACAATGGCGGTGAAGGAC,GPR148,232,94,76
GPR148_AGGTGTAGGTAACAATGACC,GPR148,213,138,109
GPR148_GCAGGGCTATTCCCGGGCCA,GPR148,669,185,191
GPR149_CAGACACAGTAGAAGCACAC,GPR149,2376,729,606
GPR149_CAGATCTTTCAGACTGGGAG,GPR149,1034,296,201
GPR149_TGTTTGTCTTGTCCAAACGC,GPR149,471,298,178
GPR149_CGTTTGGACAAGACAAACAC,GPR149,2024,324,373
GPR149_TCGCCTTCAAGTTGCTAGAG,GPR149,937,632,607
GPR149_ACATGAAGATGGTCACCGAC,GPR149,978,470,673
GPR15_GGAGCGTTGCATTTCAAACC,GPR15,1629,570,382
GPR15_GCTTCTTTATCCACCCAGAG,GPR15,778,333,250
GPR15_GGATACGACTGGCCACACAA,GPR15,995,355,363
GPR15_CTGAATTTCCTGGATACGAC,GPR15,2190,669,823
GPR15_TTGCCGCAACCCAGAGACAA,GPR15,1988,481,394
GPR15_ACAGCTGTTGGCAAATGCCA,GPR15,321,232,64
GPR150_ACGGAAATGTTGGGCGCCGG,GPR150,824,110,135
GPR150_GCACGCGTACAGGTCCGCCA,GPR150,1868,275,192
GPR150_AGCTGCCCTACTTTGCCGCC,GPR150,2,42,139
GPR150_AGGCGCTCTACCGCCAACGC,GPR150,393,140,522
GPR150_AAGGCACTTTCGCAGGAGCA,GPR150,481,189,136
GPR151_GGGTCATTGTCCTGTACAGA,GPR151,353,146,130
GPR151_TGCTAAAGAACCATTCCGGC,GPR151,1118,78,66
GPR151_CAGGCTAGCCACAGTCCAGA,GPR151,678,118,133
GPR151_CTCCTTCACAATGCTTGGAA,GPR151,2944,320,493
GPR151_GGTTTCCCACGAAGCCCACC,GPR151,0,99,61
GPR151_CTCACCTCCACTTTGCCGGA,GPR151,1201,198,198
GPR152_TGCCGCGAAGGACGAGAGCA,GPR152,1048,708,289
GPR152_AGACGTCCCACAGGAAGGCC,GPR152,86,108,25
GPR152_GACCAGGTCGTACCACCAGA,GPR152,494,68,126
GPR152_TGCTGGCGCTGTGCCCACAC,GPR152,638,366,310
GPR153_CTGTGGCTCGCACTCGAAGG,GPR153,1705,576,524
GPR153_CAAGTATGAGATCTCCGCCC,GPR153,701,216,44
GPR153_AACGACGAGGAGTCAGACGA,GPR153,835,212,114
GPR153_CATCGTGGTGGAGGACGCGC,GPR153,778,285,84
GPR153_CACCACGGAGTAGGTGGCGA,GPR153,755,60,193
GPR153_GCACCATGAGTGATGAGCGG,GPR153,841,222,136
GPR155_ATGAACCAGACTGCCCAAGC,GPR155,1658,270,209
GPR155_TATAGCACCTACCTGTGGAC,GPR155,218,112,63
GPR155_AGTGGGAAAGGTCAGTAACC,GPR155,460,84,150
GPR155_ATGGTGGAACTCTTGGACAA,GPR155,844,346,263
GPR155_TTGGGTTCTGTAATACACGC,GPR155,1011,284,427
GPR155_TTGCCTACAGCAGTAACGCA,GPR155,573,187,262
GPR156_AGGAGGAGAACTGCCACCCG,GPR156,1042,152,93
GPR156_CCAGGTAGGCACCATACAGC,GPR156,1647,439,522
GPR156_AATACCGGGAAGCACAGAAG,GPR156,1246,288,233
GPR156_TCAGCACCCACGTCATGAGC,GPR156,1292,527,316
GPR156_AAGGGTCCCGGACAAGAGAG,GPR156,723,101,102
GPR156_CTCCGATCCAGCTCCTGGCC,GPR156,1420,510,686
GPR157_TTCTCCTGGCTTGGAAGGCG,GPR157,307,387,245
GPR157_ACATGCAGAACCACCAGCAC,GPR157,2529,771,661
GPR157_GAGGGTCAGCACGAACCGCA,GPR157,399,237,208
GPR157_CCGGAAGCACATCAACAGAG,GPR157,1724,881,1748
GPR157_GCAGCACGCAGTCCCACGAC,GPR157,2825,422,477
GPR157_CACTCCGTAGAAGTAGGAGG,GPR157,912,156,100
GPR158_CACAGCTGGCGGCGCAAGGA,GPR158,860,465,343
GPR158_ACGGGAGTTACAAGCCCGGG,GPR158,290,7,32
GPR158_GGGCTGTCATCAGCACAGAA,GPR158,1706,439,625
GPR158_ATATGTGCCTCATTGACCGC,GPR158,662,139,171
GPR158_ACTGCAACAGCCATATAGCG,GPR158,938,151,511
GPR158_CAGCCGGCAGTGCTCTAAAG,GPR158,1653,499,360
GPR160_CAGCACTTCCAGTTGACAAA,GPR160,3741,735,1401
GPR161_TACAGCACGGACTGTCCCGG,GPR161,494,30,48
GPR161_CTATGGCTTCATCTTCCGCG,GPR161,1059,214,286
GPR161_GGCAGAGCATGCTGGACGAC,GPR161,304,110,146
GPR161_CTGACCTAAATGTCAGCAAG,GPR161,123,225,114
GPR161_TCCTCACGGATTCCAGCCGA,GPR161,164,46,156
GPR161_CCTTTGCCCTGAGCGGGACG,GPR161,677,370,209
GPR162_AGGACAATGCGTTGGAGCGC,GPR162,648,99,114
GPR162_AGACTATGAACTGGCAGCCG,GPR162,1624,340,477
GPR162_ACACTGTGCGCACGTCGGCG,GPR162,1471,682,828
GPR162_GGCTGTGACGACTATGCAGA,GPR162,564,1,23
GPR162_GCAGCAGCTTCACCTGGGCG,GPR162,1125,452,369
GPR162_GGATGACCACTTGTGCAGGA,GPR162,796,205,311
GPR17_GGGTATTGCCAACTAAAGCC,GPR17,404,35,70
GPR17_GGACTTGACCGGGTGCACAA,GPR17,1719,732,616
GPR17_TCTGTGGGCTCACCAGCAGC,GPR17,469,46,64
GPR17_CACCTTCCCGTTCATCACCA,GPR17,1857,481,591
GPR17_GCAGGCTGCGGATGATCAGC,GPR17,72,99,195
GPR171_AGCACAGGTTCGACACAGCC,GPR171,1075,147,62
GPR171_AAAGCATATGATGTAGCCCG,GPR171,913,234,261
GPR171_AAGGACCATTAGCCACACAA,GPR171,703,49,216
GPR173_TTCACATAAGCTGATGCGGA,GPR173,544,222,37
GPR173_CGCATCAGCTTATGTGAAGC,GPR173,1346,845,982
GPR173_CACCTACAAGTTTATTCGGG,GPR173,324,469,800
GPR173_CGATCCAGTTGGCAGCAGCC,GPR173,1693,799,783
GPR173_TCATCCAAACAGCAGTGGCC,GPR173,1055,140,216
GPR174_TCCTACCAGGAATGTCAACC,GPR174,1143,577,377
GPR174_TCATAACAACGGACTGGGCC,GPR174,86,172,218
GPR174_TGGTCATCATAACAACGGAC,GPR174,654,329,151
GPR174_AAACCCAATCAACTCGCCAA,GPR174,616,276,317
GPR176_GGAATGTTTCAGGTTCCACA,GPR176,245,37,269
GPR176_GGTCAGTACAGGGAGTGGCA,GPR176,122,19,80
GPR176_CATTACGGCGACTGTACCGG,GPR176,226,99,247
GPR176_TCCCTATGCCTCCCAGCGGG,GPR176,864,71,157
GPR176_CCAGCTCCCGTTATGTCCCA,GPR176,1604,169,184
GPR176_CCATGGGACATAACGGGAGC,GPR176,827,133,122
GPR179_AGGGCGATGCCCATGTAGCG,GPR179,1188,190,442
GPR179_ACCTCTGTCACCACGACCGC,GPR179,497,205,320
GPR179_AGCGATGCAGCGGAATACAC,GPR179,620,245,172
GPR179_GCTGCCGCCGGAACAAGGCA,GPR179,5,1,4
GPR179_TGTGTGTTAGAGTACCAGCC,GPR179,436,314,364
GPR179_AGTGAGCGCTATGAAGCGCG,GPR179,164,35,62
GPR18_CTTTCCTGATGCTGGGAACG,GPR18,977,585,201
GPR18_GGCGTACTTCGGCTGTACAA,GPR18,819,277,433
GPR18_TGGCAGAAGTACTCTCCAAA,GPR18,1632,797,900
GPR180_ACGTGCTGCTGGTGGCCGCA,GPR180,1175,168,152
GPR180_ACTCGAAGTGGCCGATGCGC,GPR180,256,152,168
GPR180_ACTCTACCTGTTCCAAGCCC,GPR180,692,117,104
GPR180_TGGCAGGCTATTAAGAAAGG,GPR180,1491,537,699
GPR180_ACTGCATTGCTGTTACAAGC,GPR180,455,324,363
GPR180_TAGCGACTACCAAAGAGACA,GPR180,679,211,148
GPR182_TCCTGGTGATATGCGTCAAC,GPR182,967,225,278
GPR182_GAACCTCTACATCCTCAACA,GPR182,968,236,319
GPR182_AGGTCACGCTGGACTACACC,GPR182,350,163,100
GPR182_GGTCGACACTGAGGCACACC,GPR182,155,97,16
GPR182_CAGCATTCAGGAGCCGGCCC,GPR182,2466,438,448
GPR183_CAACCCTATGTCAAAGCAGG,GPR183,843,109,115
GPR183_GAAGCGGTCAATACTCAGGC,GPR183,936,394,378
GPR19_CAGATGGCCGAACGGTGAGG,GPR19,738,227,422
GPR19_AATAGGCACAGATGGCCGAA,GPR19,656,106,61
GPR19_GAAGCTCAGAGGATAGACGA,GPR19,228,97,109
GPR19_TCCACCTTCCAGTGGTGAAC,GPR19,826,444,488
GPR19_TCACTATGTGCTGAAACCCG,GPR19,925,417,386
GPR20_GAGCCTCGTGGTCTACCACG,GPR20,525,56,154
GPR20_CATGTCGGGCCACAGCGCCA,GPR20,1431,378,666
GPR20_AGATGATGAGCACCGTGAGC,GPR20,642,118,158
GPR20_CATGTGTGCACTGTCGCGGC,GPR20,475,103,222
GPR20_CAGTGCACACATGATGCGGC,GPR20,369,165,277
GPR20_ACGTCTTCTGCTGCCGCACC,GPR20,366,54,186
GPR21_GCTCTGATTACCATCCAAGG,GPR21,1117,173,245
GPR21_CCAAATAGCCAAATGCCAAG,GPR21,2097,1037,679
GPR21_CATCTGCCAACAGCACACAA,GPR21,1511,562,590
GPR21_TCCTGATAAGCGCTATGCCA,GPR21,587,70,122
GPR21_TCGCATCCTTCTTGACCACC,GPR21,2256,288,441
GPR22_TCGTTTCACAGCTCGCCGGA,GPR22,360,170,138
GPR25_TGCCGCCAGGTGCAGCACGA,GPR25,119,202,183
GPR25_TTGCAGAGGCCATCGCCGAA,GPR25,1701,774,978
GPR25_TGCCCTCCCTGGTCTACCGG,GPR25,258,79,272
GPR25_TGGACCGCTCATTCCGAGCC,GPR25,621,229,272
GPR25_GGACCGCTCATTCCGAGCCC,GPR25,544,41,55
GPR26_CGTGAGCGGCATGTTGACCA,GPR26,1937,411,710
GPR26_CAAGATGCGCCTCCGCGACG,GPR26,898,19,54
GPR26_GCGTGCACGAGGCGTACAGC,GPR26,1032,416,246
GPR26_GGGCGCGAAGCACACAAGGA,GPR26,508,104,140
GPR26_CGCAGTAAGGAGTACACAAA,GPR26,3110,2021,1222
GPR26_TCGCAGTAAGGAGTACACAA,GPR26,2414,985,1205
GPR27_AGAGCAGGCGGAGGTAGACG,GPR27,1506,206,131
GPR27_CGACTGGACCTTCCACGGCC,GPR27,1401,298,228
GPR27_GACTGGACCTTCCACGGCCC,GPR27,475,42,16
GPR27_CGCGAAGGTCAGCCACACGG,GPR27,4484,1208,1083
GPR27_CCAATGCCTTTCAGGTCGCA,GPR27,1663,691,523
GPR3_CGCATTCTCGCAGGACACCA,GPR3,2010,848,1663
GPR3_CGGCTCAGCGGAGATGAGCC,GPR3,0,31,4
GPR3_TGTGGCAATGCCCTTGCGGG,GPR3,544,153,108
GPR3_CCGCAAGGGCATTGCCACAC,GPR3,4172,656,678
GPR3_CTGCACATCCTGGTTGCGGA,GPR3,729,230,348
GPR31_GCTGAAGGAGCCGTCTGCCC,GPR31,281,2,58
GPR31_AGTTTCTACTCCAGGGCAGA,GPR31,224,208,123
GPR31_AGGCCGCCCAGAACTCCACC,GPR31,637,594,101
GPR31_TAAGCCGAGGGTGGACCACA,GPR31,645,277,438
GPR31_TCCACACCCTGACCCGGAAC,GPR31,1818,844,648
GPR31_CACCCTGACCCGGAACAGGA,GPR31,2020,436,1040
GPR32_AACCACAGTCAGTGGGCGGA,GPR32,1,0,24
GPR32_TGTCTTCCGTATGGCACGCA,GPR32,1310,467,422
GPR32_CAACAGCACCACGTTAAACG,GPR32,1464,694,1593
GPR34_GATGAGTAGGAGGTCTGCAA,GPR34,335,59,79
GPR34_TCGGTCTATACAGCAACGGA,GPR34,528,213,163
GPR35_TGTACTCACAGAGAGACGCA,GPR35,633,45,42
GPR35_GGTGAGGTCGCTGGAGCCAC,GPR35,169,0,0
GPR35_AGGCCTGCTGCTCAACAGCC,GPR35,358,148,225
GPR35_CCGCATCTACATGACCAACC,GPR35,2371,671,1021
GPR35_TGGTTATGTACAGGGCGCGA,GPR35,516,107,192
GPR37_CAGAGAAAGCCTGTACCCGA,GPR37,649,479,477
GPR37_CCTCGCAGTCACTAGAGAGC,GPR37,275,285,38
GPR37_CGTGGAAGATGACCAGCGGA,GPR37,694,301,368
GPR37_TCCATTGGCCGTCTTGGACA,GPR37,1433,401,521
GPR37_CAAGTTTCGTTTCTGGACGC,GPR37,1207,830,852
GPR37_TCACCAAGCCATGCGAGCCC,GPR37,1807,218,307
GPR37L1_AGCAGCAGAGCCGATCCAAG,GPR37L1,964,138,172
GPR37L1_CAGCAGGGTGAATGGGCCGG,GPR37L1,1889,192,49
GPR37L1_CCAGCAGGGTGAATGGGCCG,GPR37L1,4195,1316,776
GPR37L1_AGAACTGGTTGATGAGGCCC,GPR37L1,576,61,136
GPR37L1_CCATCTACTTCCACAAGCCC,GPR37L1,893,138,220
GPR39_CCGAGTTTGAGGTGGCCACC,GPR39,405,381,311
GPR39_AGCGGTTGCAAGTGAGACCC,GPR39,374,257,141
GPR39_CTGGAACACGGTCCAGCGGC,GPR39,0,10,31
GPR39_AGGACACCGTGTACAGGAGC,GPR39,975,106,72
GPR39_GGTTGGCGTGCTGCAGCGAC,GPR39,307,36,194
GPR39_CAGTTCTCCTTGCAGAGGAC,GPR39,975,315,272
GPR4_CTCTACTGCCTGGTCAACGA,GPR4,1699,589,793
GPR4_CGCAAAGCAGACCAGCACGA,GPR4,4446,1277,1392
GPR4_GGAAGAGCTCGTCATGGAAC,GPR4,1300,183,209
GPR4_CAAAGAGCTTGCAGGACCCG,GPR4,1416,336,552
GPR4_GCAGCGTGCAGATGTACAGC,GPR4,2537,485,278
GPR4_GCTCGTTGCGCTGTTGCACC,GPR4,498,189,167
GPR45_CAGCAGCATCACTATGGCCA,GPR45,1455,179,468
GPR45_TCTGCATCATCGTGTACCAG,GPR45,750,310,259
GPR45_TGCTGTCCTTCTGCATCGCG,GPR45,1478,260,150
GPR45_ACCACGTAGGCGCGGTCAGC,GPR45,328,87,32
GPR45_GCGCACAGCATGACGCCAAA,GPR45,2063,580,731
GPR45_GCACAACCAGTCGGACAGCC,GPR45,524,164,256
GPR50_CATCTTTATGTTCTGCGCGA,GPR50,833,412,483
GPR50_GCCGATTAGGTCTACAACGA,GPR50,1404,471,432
GPR50_TGATAGGGTGCCGCATAGCA,GPR50,1719,598,737
GPR50_CACGAGCTTGGTCGCGAGCA,GPR50,1560,858,538
GPR50_GGTCACTGTCGTCAGACACA,GPR50,265,230,269
GPR50_AGGTCACTGTCGTCAGACAC,GPR50,980,260,256
GPR52_GATCCTCCATTCAGTCCACC,GPR52,246,99,78
GPR52_GCAAATTCTCAAGCGACAAG,GPR52,1963,600,581
GPR52_TGCAAGCCAGGTTGTTAAGA,GPR52,1211,517,481
GPR55_GCATGAACATCAGGGCCCAC,GPR55,483,86,74
GPR55_CTACAGTTTCCATGGGAAAG,GPR55,2885,1995,1657
GPR55_GGTAACGGATGGCCAAGAAC,GPR55,48,57,48
GPR55_TCTGCTTCATCAGCATGGAC,GPR55,396,84,286
GPR55_GAAGTAAAGGCACTCCACCA,GPR55,1006,291,134
GPR55_TCAGCACCTTCCTTAAGAAC,GPR55,2448,515,997
GPR56_CTCCTCAGGTGCCCACGGCA,GPR56,1028,1233,1107
GPR56_GCCAAACTTACTGGCTGGCG,GPR56,713,98,337
GPR56_GGAGGACCGGATCAACGCCA,GPR56,591,58,71
GPR56_TGCCTCGAACACTCTTCCAG,GPR56,582,92,13
GPR56_AGCCAACCTCACGGAGCCCG,GPR56,599,59,133
GPR56_CCTCCTCAGTGAGCAGCCCG,GPR56,1166,417,348
GPR6_ACGCACAGGAGCACGTCCCA,GPR6,101,299,162
GPR6_GACTGTGAGTCTGCTCACGG,GPR6,637,199,142
GPR6_GCTGACAGAGGCGGCGAAGG,GPR6,499,172,259
GPR6_GCTGCTGACAGAGGCGGCGA,GPR6,190,118,217
GPR6_CACCACGCAATAGATGGCGA,GPR6,947,177,296
GPR61_CCACTGGCAGTAGAGGGACC,GPR61,768,258,343
GPR61_AAAGAGGGCGTGGTCAAAGA,GPR61,648,384,439
GPR61_CATTGATGGCTGACACCGAG,GPR61,1159,377,479
GPR61_CTACTGCAGCATGTTCCGAG,GPR61,1015,680,520
GPR61_CGCGTGGCTGCCATGCAGCA,GPR61,1092,771,796
GPR61_GGGATTCGAAAGTCAACAGC,GPR61,683,47,52
GPR62_GGCTATCCAGAGAGTCCGAG,GPR62,805,125,307
GPR62_GGAGCGGCGGCAAGATGGAA,GPR62,1562,92,240
GPR62_AAGCCGAAGCGGCTGTCACC,GPR62,48,131,217
GPR62_GAAGGCCGAGTAGGCGACCC,GPR62,92,0,22
GPR62_CAGGCAGTGCACGGCGAGAG,GPR62,2951,584,763
GPR62_CCTCAGAAGGGCCTACGGCA,GPR62,642,128,220
GPR63_ATCCGTCGCTTTGTGTGACC,GPR63,1323,31,186
GPR63_TCCGTCGCTTTGTGTGACCA,GPR63,1874,467,421
GPR63_TCCCTGGTCACACAAAGCGA,GPR63,1360,624,331
GPR63_CCTTATTATAGTCCAGAGGC,GPR63,297,116,186
GPR64_TAGATGGCTACAGGTACAGA,GPR64,945,9,61
GPR64_AAAGCACATCAACCCGAGCC,GPR64,207,407,85
GPR64_GCTAGCTCCATGTCATGAGC,GPR64,387,237,139
GPR64_TGAGAACCAAGTGTTGCAGA,GPR64,1730,276,386
GPR64_CATTTACCTGTCTGGACAGG,GPR64,310,236,57
GPR64_CCTGGAGTACCATTGGAGGA,GPR64,1308,425,453
GPR65_GCACTCCCTTTGCACAAGGC,GPR65,3056,388,661
GPR65_TCACCATCCTGATCTGCAAC,GPR65,907,302,314
GPR68_ACAGCTCGGGCTCCTCACCC,GPR68,438,70,91
GPR68_TGACGAAGCAGTAGAGCACG,GPR68,1,614,216
GPR68_CCTGGTAGGACGCCAGCAGC,GPR68,705,79,77
GPR68_CGAGAACATCTACATCAGCG,GPR68,824,825,873
GPR68_ACGTGCTGCAGCACGACAAC,GPR68,886,191,278
GPR75_CTCCATGACTTTAAACGGAG,GPR75,278,248,145
GPR75_TGACTTGAGCGTTCTTCCGC,GPR75,944,227,193
GPR75_CTGTCACTCCACAAATGAAG,GPR75,1312,315,273
GPR75_CTTCCTGTGAGTGAGGCACA,GPR75,1285,278,124
GPR75_CATGTGCCTCACTCACAGGA,GPR75,152,199,370
GPR78_CGCTGCTCGGTGTGATGCGC,GPR78,106,494,627
GPR78_TGCTCGGTGTGATGCGCGGG,GPR78,542,223,33
GPR78_GCTGCCTCATCCAGCAGAAG,GPR78,181,1,20
GPR78_CAATCTTCCTGGTGGCGCGG,GPR78,1486,264,265
GPR78_CCGGCCAGGACTTGGCGGAA,GPR78,1470,353,1043
GPR78_GAGCCGTTGTGGGTGGACGC,GPR78,1203,259,79
GPR82_TCAGTCATAGAGGCTACAGA,GPR82,835,229,423
GPR82_CCTATGCTACAATCGGCAGA,GPR82,679,172,173
GPR83_GGCCACAGAGATGATGAGGA,GPR83,529,218,222
GPR83_CATCGCTGTCATCTGGACCA,GPR83,354,474,345
GPR83_CATTGCGGTGGATCGCCACC,GPR83,86,35,24
GPR83_TTCGCTTTGTGAACAGCACA,GPR83,1187,267,411
GPR83_TGAAGATGACATGACAGACC,GPR83,1385,500,376
GPR83_ACTGGCAGAACTTTGTGGGC,GPR83,4,52,70
GPR84_TTCATGGCTGCATAGAGCAC,GPR84,484,203,243
GPR84_GCAAGCATGTGGACCACCCG,GPR84,227,330,122
GPR84_GAATGTTGAGCAGCAAGAAG,GPR84,747,52,78
GPR84_CCTGTGCTGCTCGTTTGACC,GPR84,1898,380,250
GPR84_CTATTGCCTCATCCACCGCC,GPR84,1150,89,215
GPR84_ATCGGGTACGGAGCTTGGGC,GPR84,893,104,27
GPR85_AAGAGGGCCTGTAGTACCAG,GPR85,1253,128,53
GPR85_CTCTCCAATAACAGGCCACC,GPR85,610,137,259
GPR85_TAGCAGCAGTCAGCCAGAAC,GPR85,1475,888,1333
GPR85_CACAGCCAGACACGTCCAAA,GPR85,1026,692,445
GPR87_GGTACATCCACAAATCCAGC,GPR87,24,67,83
GPR87_TCCGATCAGAATCACCAGCA,GPR87,2443,498,571
GPR87_CATTGATCGCTATCTGAAGG,GPR87,318,279,219
GPR87_AATTCAGGCAACAGGAGCGA,GPR87,524,191,167
GPR88_CCTACCAGGCGCTGTACCAG,GPR88,261,293,254
GPR88_GCTGTACCAGAGGCGCCACA,GPR88,691,99,141
GPR88_CGTGCGTGTCAGCGTCAAGC,GPR88,1261,335,93
GPR88_AGCCGGGCAACTGGTGCAGC,GPR88,1429,153,11
GPR88_GCTCTACACGTGGAGGAACG,GPR88,478,101,289
GPR97_GAGGCCCATCTGATGAAGGA,GPR97,272,278,252
GPR97_CACAGACCTGTTGCCTGGCA,GPR97,2327,463,527
GPR97_TGAGAGAAGACGATCTCCAG,GPR97,423,112,132
GPR97_AGTCACATCCCAGAATACAC,GPR97,638,149,113
GPR97_TTCTGAGGGCTGCTCCACGG,GPR97,704,637,669
GPR97_TGAGGATATGCACCGTGGAC,GPR97,737,220,435
GPR98_TAGCTGTATGGAGAGGACGC,GPR98,559,324,226
GPR98_AATCGCAGTGAGTGAGCCCA,GPR98,711,210,74
GPR98_ATTACTGTTGCTCTGCCAGG,GPR98,412,118,1
GPR98_AATTCGCAGAGACATTCCCA,GPR98,266,42,87
GPR98_TACATTCCCTTACATCGGGA,GPR98,524,25,126
GPR98_AAGATTGGATGGGATACCAG,GPR98,1059,106,176
GPRASP1_CATGCACATGGCCAATCAAG,GPRASP1,2641,438,601
GPRASP1_GAGGGCTTCCTCCTCTGACC,GPRASP1,256,93,203
GPRASP1_CATAGAGTCCAGTCTACAAG,GPRASP1,915,576,559
GPRASP1_CCCTGTATGTATCCTGCCGG,GPRASP1,545,190,70
GPRASP1_CTCCTGTTCAACTGAACACG,GPRASP1,1579,474,709
GPRASP2_ACGAGCGCCACCTACTGCCC,GPRASP2,174,81,52
GPRASP2_CAAGTGTCAGATCATGGCCC,GPRASP2,242,33,14
GPRASP2_ATAGGGTCAAACAAGAACCC,GPRASP2,317,124,73
GPRASP2_TGAAGCTCCACCCTCCAAAC,GPRASP2,2521,839,763
GPRASP2_ACAGGGATTTAGGTCAAAGC,GPRASP2,1028,282,363
GPRASP2_AGCCTCTTCGGGAATTCCAA,GPRASP2,300,75,56
GPRC5A_CTTCGCCTTCATCATCGGAC,GPRC5A,699,185,212
GPRC5A_CAGTCCGATGATGAAGGCGA,GPRC5A,511,174,59
GPRC5A_AGGTCAGCGCCATCAAGAAG,GPRC5A,1461,236,265
GPRC5A_TTCCTGACTTTGACCGCAGG,GPRC5A,612,68,142
GPRC5A_AGCTCCGCCTTGGCTGCCAA,GPRC5A,553,246,159
GPRC5B_CACATTCTCGTGCCAGGAAA,GPRC5B,1626,954,1304
GPRC5B_ACTGCTCCGCCAAGTCACAC,GPRC5B,973,981,1322
GPRC5B_CGTGTATCAGCCAACTGAGA,GPRC5B,1442,717,386
GPRC5B_CTCTGTGCGGCAAGTTCAAG,GPRC5B,822,517,1113
GPRC5B_GAGGGAGGTATCGCGACCCA,GPRC5B,62,44,12
GPRC5B_AGGGAGGTATCGCGACCCAG,GPRC5B,142,27,41
GPRC5C_CAACAACCCACACGCCGGCA,GPRC5C,1854,322,153
GPRC5C_GCCGACTCGTACTTTCCGGC,GPRC5C,1012,85,103
GPRC5C_CACCCATATGGCAACGGAGG,GPRC5C,1154,571,777
GPRC5C_ATGGATGAGCCGGTTGCAGG,GPRC5C,279,200,48
GPRC5C_GGCCGGTGTCACCATACAGC,GPRC5C,363,362,276
GPRC5C_TTACGACATCATCCTCCCAC,GPRC5C,944,284,278
GPRC5D_ACAAGAGTGTTTCATCCCAC,GPRC5D,1207,11,51
GPRC5D_TGGTACTCCCATTCAGCCGC,GPRC5D,323,167,54
GPRC5D_TGTGTTGGTAGGCTGTGACG,GPRC5D,1779,181,346
GPRC5D_TGCTGCTTCCAGTTCTCACA,GPRC5D,1004,475,399
GPRC5D_AAGGACTGCATCGAGTCCAC,GPRC5D,29,58,103
GPRC6A_AGCACATAGTGCTCCTAACA,GPRC6A,172,131,166
GPRC6A_GATCCCGAATGGCATAACCA,GPRC6A,1985,564,1014
GPRC6A_AGTGTCCTTGACATATGCGC,GPRC6A,228,148,58
GPRC6A_TACAGAAGTCACAGTGGCAA,GPRC6A,1717,644,943
GPRC6A_CACTTGTACAGAAGTCACAG,GPRC6A,2206,368,405
GPRC6A_TATGATATGTCCCGGAGAAG,GPRC6A,762,251,120
GPRIN1_CGCTGCTGCAGAGTGTGCGC,GPRIN1,539,152,323
GPRIN1_ATGTCTCCGCAGGACGGCGC,GPRIN1,0,4,1
GPRIN1_CGCCTGGACCTGAAGACACA,GPRIN1,1255,829,705
GPRIN1_CATGGGATCTGCCTTTCCCG,GPRIN1,1397,615,465
GPRIN1_ATGGGATCTGCCTTTCCCGA,GPRIN1,257,200,153
GPRIN1_CGATTCCACTTCCATAGGAA,GPRIN1,1976,633,393
GPRIN2_TTGGCAGCAGCCCTGTCCAC,GPRIN2,542,127,236
GPRIN2_GCCAGGTGGTACTTCTGGCC,GPRIN2,13,3,31
GPRIN2_ATGAGACTTCTAACTCAGCC,GPRIN2,2,76,49
GPRIN2_GCTGCAGGCGCTTCCAGGGA,GPRIN2,559,146,97
GPRIN2_TCCCATCGCACATCCCGCAC,GPRIN2,2927,425,1104
GPRIN3_CCTTGAGGAACTCGCTGACG,GPRIN3,1120,231,571
GPRIN3_GAGGAACTCGCTGACGCGGC,GPRIN3,106,0,0
GPRIN3_AGCGGCACCTTCTCTGGACC,GPRIN3,652,526,745
GPRIN3_TCCTGTAGGTGGACCTGAAG,GPRIN3,728,506,658
GPRIN3_CCCGAGTTCTGCAGCAGGAA,GPRIN3,2590,875,769
GPS1_AGACCTCGTCCTGCCCGGCA,GPS1,25,7,6
GPS1_GGTTCTCTGCACGAAGGAGA,GPS1,1,0,0
GPS1_AGTCCAGGTAGTGGTCGCCC,GPS1,0,57,0
GPS1_TGTGCTCAGCTACGTCAGCA,GPS1,2027,7,55
GPS1_ACCAAGCTCAAGTGTGCCGC,GPS1,232,0,0
GPS1_AGCAACGTGGCCATCTACGG,GPS1,802,105,2
GPS2_TGGTAGCTGCAAAGCCCGAC,GPS2,653,61,107
GPS2_TGATGGAGCGGGAGCGCAAG,GPS2,644,72,88
GPS2_CCGGCACATTATGATGGAGC,GPS2,319,20,0
GPS2_AATGTGCCGGTGCAGCGCCC,GPS2,458,0,0
GPSM1_CTACCTGGAGTAGAGGCGCC,GPSM1,189,73,0
GPSM1_GGGCGAGCGTCTGTGCAAGG,GPSM1,1868,661,980
GPSM1_CAGATGCCGCTGGCAGCAGA,GPSM1,11,51,111
GPSM1_GGGAACGTGTACCACGCCAA,GPSM1,330,0,38
GPSM1_AGAGGCCACGACCTTCCACA,GPSM1,779,51,154
GPSM1_GAGGAGGGCCTACAGCAACC,GPSM1,223,71,139
GPSM2_AAATCAGGAGACTGCCGCGC,GPSM2,197,79,136
GPSM2_GGGAATGTGTATCATGCCAA,GPSM2,202,41,175
GPSM2_TTGGGTGACCGAGCGGCACA,GPSM2,741,183,354
GPSM2_TGCAGTTATAGCTCATGAGC,GPSM2,1039,48,280
GPSM2_TCAGGTGGCTAAGTACCGAC,GPSM2,648,317,205
GPSM2_GGACCCTTTGTGGTAGCAGG,GPSM2,396,18,8
GPSM3_ACCGCTGGGCTTCCATCCGC,GPSM3,579,227,371
GPSM3_ACTCCTCCAGTGCCAGCGGA,GPSM3,171,216,257
GPSM3_GGGACTGGGCTTCAGCCACC,GPSM3,96,105,52
GPSM3_GACTGAACTCCTTCTGGACC,GPSM3,591,58,98
GPSM3_CCGAGTGGTGGAGTTTGGAG,GPSM3,1847,451,454
GPSM3_CCACCACTGCTTGACTAGAA,GPSM3,2357,785,901
GPT_ACTCCACTCTCCGCACACGC,GPT,817,585,426
GPT_TGAAAGGCTTCTTCACACCC,GPT,1124,181,303
GPT_GAAGATCAGGGTTAACACAG,GPT,900,221,285
GPT_AACAACGTCTTCCTGTCCAC,GPT,72,48,1
GPT_TTGATGACACAGAGCGCACG,GPT,1239,246,236
GPT_TCCGCTTCGCCTTCGAAGAG,GPT,1196,424,455
GPT2_CTCGCCGGCCTTGAGCACGA,GPT2,4019,987,1452
GPT2_GCCAATCACCTTCCTCCGGC,GPT2,1057,99,289
GPT2_ATGCTAAGAAACGTGCCCGG,GPT2,432,33,95
GPT2_ATGTGGCTGCCTACATCACC,GPT2,489,153,15
GPT2_TGTGAATGAGCTCCGGCGGG,GPT2,280,225,83
GPT2_CAGATTCCACTCCTTCAAGA,GPT2,1090,425,523
GPX1_GGCGCACCTGATGCCCAAAC,GPX1,1477,874,791
GPX1_AGTTTGGGCATCAGGTGCGC,GPX1,512,248,199
GPX2_GAAGTTCCTCATAGGGCCGG,GPX2,258,34,27
GPX2_TGCGCCGCTCAGATGTGGCC,GPX2,730,261,381
GPX2_AAGAACTGCTCAGGGTAGAC,GPX2,1269,279,115
GPX2_GAGCTGGGTGAAGTCCCGGG,GPX2,380,70,24
GPX2_GCTCTGAGGCACAACCACCC,GPX2,1445,250,163
GPX2_CGCTCTGAGGCACAACCACC,GPX2,579,253,485
GPX3_CGGCTTCGTCTCGCAGAGCC,GPX3,383,342,297
GPX3_TTCAGGAGGTCTCTCGCACC,GPX3,818,143,229
GPX3_ATACGTCCTCTTTGTCAACG,GPX3,814,669,1055
GPX3_CCCAGAATGACCAGACCGAA,GPX3,3188,754,866
GPX3_CTCAACAGGTATGTCCGACC,GPX3,1217,389,251
GPX3_CCTGCCGCCTCATGTAGGAC,GPX3,995,410,320
GPX4_TTTCCGCCAAGGACATCGAC,GPX4,784,34,28
GPX4_TTAACCTGGACAAGTACCGG,GPX4,1233,107,34
GPX4_ACTGGTTACACGGGAAGGCC,GPX4,521,9,0
GPX4_TGGATGAAGATCCAACCCAA,GPX4,438,1,0
GPX4_GAAGTTCCACTTGATGGCAC,GPX4,987,0,5
GPX4_GGTGAAGCGCTACGGACCCA,GPX4,21,0,0
GPX5_GATTGCCACAAAGACGAGAA,GPX5,52,12,92
GPX5_GCACATCCTCTTCGTCAACG,GPX5,1925,1039,1138
GPX5_CTGTCATGCGCTGGTCCCAC,GPX5,894,600,259
GPX5_CTGAGCTGACCGTAGCCCGG,GPX5,1745,334,458
GPX5_TGACTGAGCTGACCGTAGCC,GPX5,1600,765,248
GPX5_TGAATTGCTTCAAGTACGCC,GPX5,220,310,375
GPX6_CAGTTCAATACCCACTAGGA,GPX6,1103,190,110
GPX6_AGCCCTCACCCTCAACGGCG,GPX6,1686,413,245
GPX6_CCAGGTGGATTGCAACAAAG,GPX6,1519,1008,956
GPX6_TCCAGGTGGATTGCAACAAA,GPX6,2118,765,834
GPX7_GGACTTCTACGACTTCAAGG,GPX7,1553,180,269
GPX7_CCAGCGACACCAGTTTGCCC,GPX7,2109,456,356
GPX7_CTGCAACCAGTTTGGCCAAC,GPX7,1952,812,899
GPX7_CCAGGTACTTGAAGGCAGGA,GPX7,519,370,209
GPX7_CGGGCCAGGTACTTGAAGGC,GPX7,1733,684,399
GPX8_CCCTCTAGAATCCTCCAACA,GPX8,3213,558,718
GPX8_TTTAGCGGGTAAGCTGCAAG,GPX8,851,155,211
GPX8_TCTACTTCCTTGCTTGGGCG,GPX8,1166,146,298
GPX8_TTCTACTTCCTTGCTTGGGC,GPX8,348,80,52
GRAMD1A_TGGGAGACCCTGTTGGCACA,GRAMD1A,1166,360,344
GRAMD1A_GCCCGGTCCTTACTCGAACA,GRAMD1A,1640,783,852
GRAMD1A_TGCAGCCGTTTCCGGAGCGA,GRAMD1A,770,479,463
GRAMD1A_GGCTCACCGTGGTCTCCCAG,GRAMD1A,366,82,128
GRAMD1A_GATCTGCACGGAGAGCGAGA,GRAMD1A,498,68,100
GRAMD1A_CCCAGACCGTTCAGCTGCAA,GRAMD1A,1575,510,800
GRAMD1B_GCGAGACCGCTTCCGGAGGA,GRAMD1B,260,384,136
GRAMD1B_CTTTCAAACGGACTGTCAGC,GRAMD1B,882,363,478
GRAMD1B_GGAGAGCATTCTGCCAGAGC,GRAMD1B,110,89,298
GRAMD1B_TGACGACGACTTCAACACAA,GRAMD1B,1662,958,834
GRAMD1B_TGACTGCCCATACCGAGACG,GRAMD1B,1476,259,1045
GRAMD1B_TCCGACACACACGATGAAGG,GRAMD1B,1860,348,307
GRAMD1C_CACATCTACCTGATACAGAG,GRAMD1C,1345,361,641
GRAMD1C_CGATTGAGGATGTGCAGCCA,GRAMD1C,1902,381,492
GRAMD1C_CTTTAGTATGCAGCTGGGCA,GRAMD1C,788,326,65
GRAMD1C_CTCCAAGTTCTGCAGTCCAA,GRAMD1C,1180,591,467
GRAMD1C_TTACTGGCCTACGAAGGAGA,GRAMD1C,908,321,105
GRAMD1C_TCTCTTCTTGGAGGCGGAGA,GRAMD1C,420,36,63
GRAMD2_TCCTCATCCCTGAGATGAAG,GRAMD2,705,123,171
GRAMD2_ATCATTTGCACAGACACCAC,GRAMD2,976,121,64
GRAMD2_TGTAGAGCCGGCCCTGGAGG,GRAMD2,612,9,41
GRAMD2_ATAAAGAAGTGTGGCCGAGA,GRAMD2,350,77,20
GRAMD2_GAGGCTACCACACTGGGAGA,GRAMD2,713,30,5
GRAMD2_GACCGCTTTAAGCCGGAGCG,GRAMD2,583,174,152
GRAMD3_CCTGGAAGAGTATGTTCCAC,GRAMD3,704,141,10
GRAMD3_TGCGAAAGTGCTCGGGAAGA,GRAMD3,2008,653,1018
GRAMD3_AAAGTCTTCATCTTCCAGCC,GRAMD3,462,281,170
GRAMD3_TGTAGAGCACAGGTAAAGCC,GRAMD3,1457,425,645
GRAMD3_ATTAGGGTTACCGAGAAAGC,GRAMD3,347,172,300
GRAMD3_TTATGTGGGCAACTTACCAG,GRAMD3,1331,335,396
GRAMD4_CAGTGCTGAACATGCTAAGG,GRAMD4,712,345,337
GRAMD4_GGGACCCTCATCATGGCCAC,GRAMD4,197,17,2
GRAMD4_CAACGCGGAGATGCTGCGGC,GRAMD4,337,43,57
GRAMD4_TTTAAGAACCGAGGAGCAGA,GRAMD4,369,148,206
GRAMD4_GAACCACTTCTGCAGGCGCG,GRAMD4,718,205,198
GRAMD4_ACCTCTCTGCCTTATCCGAC,GRAMD4,965,197,158
GRAP_CCTCAATGATGTCGCCACGG,GRAP,937,233,400
GRAP2_TCCAGCTTCACGTTACAGCA,GRAP2,2293,911,550
GRAP2_GCGGAGCTTGGGAGCCAGGA,GRAP2,252,117,251
GRAP2_AGAGAACTTACTCATGGGCA,GRAP2,439,247,154
GRAP2_AAGGTCATGCGAGACAACAA,GRAP2,1110,201,301
GRAP2_TCCGGTCCAGGCTGTTGCCC,GRAP2,354,103,179
GRAP2_TGTTTCTAGGAACGCCGAGG,GRAP2,461,106,373
GRASP_CACCTGGATCTCAAAGCCGA,GRASP,878,361,162
GRASP_GACTTATGGCCTTCACCACC,GRASP,309,132,347
GRASP_TTATGGCCTTCACCACCGGG,GRASP,646,221,141
GRASP_TGACCTTACTCCCAAGCAAA,GRASP,1735,443,569
GRASP_CAGGCCATTGACGCTGGCGA,GRASP,1029,294,304
GRASP_TGAACTTGAGCAGCCGCCGG,GRASP,1655,171,310
GRB10_TACCTAATCCTAGGTGCGGG,GRB10,152,31,56
GRB10_GAACCCGGCGTGAGCACAGG,GRB10,523,39,76
GRB10_CCTGGACCTACCTGACAGCG,GRB10,414,838,520
GRB10_GACCGACTTGCGAATCACCA,GRB10,526,377,146
GRB10_CTTACTACGGAACAGAGGGC,GRB10,1500,136,126
GRB10_CCCATACCTGGTAGTACGGA,GRB10,1030,473,483
GRB14_CTTTCAGTTGCGGTTGAAGA,GRB14,943,512,187
GRB14_TGAGAAGTCCATTGCTACCA,GRB14,1162,441,408
GRB14_TCTAGCCTAACAAAGCGGGA,GRB14,168,72,223
GRB14_GCCTTCTAGCCTAACAAAGC,GRB14,751,232,549
GRB14_GGCCTTCTAGCCTAACAAAG,GRB14,1122,358,301
GRB14_ACCTGTCTGCAGCACAGCCG,GRB14,1041,176,133
GRB2_CTTAGACGTTCCGGTTCACG,GRB2,771,17,73
GRB2_GGAGCTTGCCACGGGCAGAC,GRB2,300,54,3
GRB2_AATTGAACTTCACCACCCAG,GRB2,276,0,51
GRB2_AGGTGCTCCGAGATGGAGCC,GRB2,128,30,69
GRB2_CACTTCAAGGTGCTCCGAGA,GRB2,735,87,157
GRB2_ACGACGAGCTGAGCTTCAAA,GRB2,1367,28,168
GRB7_TCCGATGGGAAAGTGGAGGC,GRB7,866,71,228
GRB7_TCCTCATCCCAACCACCGGC,GRB7,666,336,205
GRB7_TTGCCACAGGAAACTTCGAG,GRB7,728,497,442
GRB7_ACGCCTTGAGCGACGAGACC,GRB7,920,379,216
GRB7_GAAGCGGCTATCTCCGCCCA,GRB7,330,92,78
GRB7_AGTGTGTGCATCGAGACAGC,GRB7,760,60,26
GREB1_GGTCCAACAACCTGGTGCCC,GREB1,218,79,0
GREB1_GAAGGATGCTGTACCACAGA,GREB1,638,242,187
GREB1_ATCCATGGGCTCGTTGGAAA,GREB1,618,796,613
GREB1_TCCCTTGTGCATTACGGACC,GREB1,248,438,368
GREB1_CATCCTGATGGGAGCTCAGC,GREB1,1187,125,186
GREB1_CTAAAGCCGATGGTCGCGGC,GREB1,257,186,223
GREB1L_CACACTACTACATCTGAGGG,GREB1L,1426,529,546
GREB1L_GAACAAATTGACATCCCAGC,GREB1L,462,71,114
GREB1L_TGTATCGGCTGTGGAGAAAG,GREB1L,1444,521,597
GREB1L_GCTCCACTCCAGCCCACACA,GREB1L,999,325,323
GREB1L_GGCCACCAAAGAAACGACAC,GREB1L,55,143,55
GREB1L_GATACAGTATCTTGTGCGGC,GREB1L,84,84,62
GREM1_CCCTTCAGCAGCCGGCAGCA,GREM1,1501,854,516
GREM1_TGCTGGGCCTTGTCTGGCGG,GREM1,2017,251,344
GREM1_GCAAATACCTGAAGCGAGAC,GREM1,1509,406,316
GREM1_GCTTAAGCAGACCATCCACG,GREM1,1875,291,490
GREM2_TCAGGTTCACGGACATGCAC,GREM2,344,270,346
GREM2_CTCGTGGAGCTCGAGTGCCC,GREM2,819,169,365
GREM2_CATCCCGCGGCACGTGAAGA,GREM2,627,360,427
GREM2_GCAGCAACAACTCGGAGAGA,GREM2,1349,275,318
GREM2_CTGCCGTCCTTGTAAGGCGA,GREM2,1343,57,220
GREM2_GGAAGCCCGGAAGAACCGGC,GREM2,10,32,89
GRHL1_TCCTGACTGTCATGAGGAAG,GRHL1,1479,311,535
GRHL1_AAGCACTTTATCCACAGCGG,GRHL1,918,641,357
GRHL1_ATCAGGTTCCAAGAGAGAGA,GRHL1,603,52,70
GRHL1_GGGTTTCTGTCTTGATGGAG,GRHL1,594,270,288
GRHL1_ATCCGCAGACTGAGATCCGA,GRHL1,123,231,114
GRHL1_ACCATGACGTACCTGAACAA,GRHL1,3404,469,552
GRHL2_AAGTGACAGCCAAGAAGACC,GRHL2,326,186,391
GRHL2_CCCGGTGTCGGGAATCACGG,GRHL2,1610,700,973
GRHL2_GCCATAACACTCAGCGAGAC,GRHL2,1075,331,354
GRHL2_GCAGCATACGGCGAAGCAGA,GRHL2,951,124,150
GRHL2_TACCTGGGACGTGAATGAAG,GRHL2,1648,176,218
GRHL2_ATGAAGAGCGGAAGCAGAAC,GRHL2,267,159,413
GRHL3_ATAACCTGATGAGCTTGGAG,GRHL3,1405,202,635
GRHL3_CAGTGACTTTGAATACACCC,GRHL3,1181,436,387
GRHL3_GGTTGTCTTCGACAATGAGA,GRHL3,135,44,30
GRHL3_TGTGTGGAACGTGAATGAAG,GRHL3,2105,520,458
GRHL3_AGTTTACGCCGATGAACACC,GRHL3,83,152,103
GRHL3_GGAAGATGCGCGATGACGAG,GRHL3,1610,306,588
GRHPR_TGAAGGTGTTCGTCACCCGC,GRHPR,901,164,113
GRHPR_CCTGCCAAGGAGCTAGAGCG,GRHPR,1598,189,432
GRHPR_CCTCGATGGCCTCCGGCAAC,GRHPR,1195,867,2050
GRHPR_CACTGTCGGCATCATCGGGC,GRHPR,663,573,427
GRHPR_TGTACACAGGGCGCCAGCCC,GRHPR,21,107,37
GRHPR_GGCTCTTCTTCCCTGTACGG,GRHPR,362,59,108
GRIA1_TACTACCGCGCCTAGGAAAC,GRIA1,906,428,423
GRIA1_AGCTAGCTGGCGGCTTGGAG,GRIA1,1336,346,245
GRIA1_CTACATTTATGATGCCGACC,GRIA1,719,354,173
GRIA1_CCTCAATGCTATCTTGGGCC,GRIA1,1106,363,141
GRIA1_CAATGTGACAGGTTTCCAGC,GRIA1,706,136,97
GRIA1_AGGCTTTCCAGAGCCTGCGG,GRIA1,590,54,150
GRIA2_TGTCAGTCTGAACTCCGAAG,GRIA2,1796,371,199
GRIA2_TACCTCTATGACAGTGACAG,GRIA2,259,382,236
GRIA2_GAATTGAAATCTCCCGAAGG,GRIA2,139,78,73
GRIA2_AGTCTTATTCTCAAGCCCAG,GRIA2,755,69,31
GRIA2_CCAACTTTCATGGTGTCGCA,GRIA2,876,448,465
GRIA2_CGAGGCGAAACGAATGAAGG,GRIA2,1224,474,355
GRIA3_CAGGAGCTGCACGCACGCCA,GRIA3,2331,188,283
GRIA3_TGTATAACTGCACGGCAAAG,GRIA3,2314,753,1048
GRIA3_TGATGCTTCCTGGCCAAGGC,GRIA3,683,321,544
GRIA3_CAGGCGCATCATTGAAGAAA,GRIA3,905,522,708
GRIA3_TCACTACATGCTCGCTAACC,GRIA3,975,384,793
GRIA3_TTCAGCAGTTCATACAGCGC,GRIA3,2482,551,351
GRIA4_TATTTGCACGCTGCTCGGAA,GRIA4,227,144,336
GRIA4_AAGAGTGCTCCTCGTAACGA,GRIA4,964,360,195
GRIA4_TTCGAATTCAAGGGCTGACA,GRIA4,906,227,208
GRIA4_TGCCAAACTCATTGGGAGGC,GRIA4,556,304,701
GRIA4_TTTCCTGACGGTTGAGCGAA,GRIA4,513,377,291
GRIA4_CTATGGAGTAGCAACGCCCA,GRIA4,934,240,405
GRID1_CAACGCCTTTCACAGGAAGC,GRID1,1691,99,108
GRID1_GACCACGGTCATCCTTCCAA,GRID1,162,83,49
GRID1_CTTCATCGTGGTGAAGAGGC,GRID1,946,147,203
GRID1_CATGACATCATTGAGGCGGA,GRID1,745,68,111
GRID1_GGCCGCGTTCTCCTCGAAGA,GRID1,359,361,235
GRID1_ACACGCACTGGCATATCCAG,GRID1,654,180,178
GRID2_AGAATCGGCATAGGAGGAGA,GRID2,872,143,66
GRID2_GCATGGCGTCTGCCAAAGAC,GRID2,827,319,548
GRID2_TTGGACAAAGTCTCTCAGCA,GRID2,1124,643,491
GRID2_AAGAACTCAAAGCCCTGGCA,GRID2,1005,145,50
GRID2_GGTAAGCCGAAGAAATACCA,GRID2,44,65,30
GRID2_TACTGGTCTACCTCTTGAAC,GRID2,636,235,400
GRID2IP_GCTGCTGACCTATGAGGAGC,GRID2IP,832,281,119
GRID2IP_CGTCCAGCATCCGGGTCCAA,GRID2IP,1173,686,633
GRID2IP_GAACTGCTCCCACGACAAGG,GRID2IP,880,272,205
GRID2IP_TGTCCAGTCCATTGAGGAAG,GRID2IP,1103,967,193
GRID2IP_GCTTCACACTTCGCGGCCAC,GRID2IP,428,108,334
GRID2IP_CTTCGTCCTGGAGGTGGCCA,GRID2IP,916,109,106
GRIK1_AATCTGGGTCCGAGGCGCCA,GRIK1,303,133,90
GRIK1_AATGTTAAGCAGCCGAAACC,GRIK1,1030,297,455
GRIK1_TCTCCCAGATGCACTTACCA,GRIK1,1423,697,543
GRIK1_AGCCGCTGAAATCCTTAAGC,GRIK1,830,234,563
GRIK1_GGCATCAGCATGTGACCAGC,GRIK1,111,79,67
GRIK1_GAAATAGAGGAGTGCCCAGC,GRIK1,160,40,110
GRIK2_CAATCCACAGTAAACAGAGC,GRIK2,1208,235,472
GRIK2_ATATGTGGAATCTGGCCCAA,GRIK2,161,165,216
GRIK2_CTGACACCTGGTGCTTCCAG,GRIK2,1205,29,110
GRIK2_AAGCGGGTCCCGAAGCGCCA,GRIK2,273,199,104
GRIK2_TTCCCATAGGCACATTGGGA,GRIK2,1166,211,111
GRIK2_TTCTGTCATATTCAGGCCAC,GRIK2,387,133,124
GRIK3_GGATCTCTACGCTTTAGACC,GRIK3,710,228,263
GRIK3_AGTCATCATGCCCATGGCCA,GRIK3,578,579,382
GRIK3_GGAGCTGACGGATCTTCAGG,GRIK3,345,151,176
GRIK3_TGTTGCAGCCTGTGACCAGC,GRIK3,166,451,159
GRIK3_CCTTGACCTATGACATACAG,GRIK3,1578,306,303
GRIK3_TTCTGGATCCCGGACTCGCG,GRIK3,1863,451,488
GRIK4_GCACCAAAGGCGCCGAGACG,GRIK4,219,151,213
GRIK4_GGTTGATGCGGTTCTTGGCC,GRIK4,614,269,65
GRIK4_GGCACAGATGAGGCAGGCGG,GRIK4,1391,65,184
GRIK4_CCGGATCTCCTTGAGGAGCG,GRIK4,1613,624,149
GRIK4_GCAGGCAGCCGAACTTGGGA,GRIK4,1047,215,281
GRIK4_CTCTGGCGGGTACTTACCGC,GRIK4,376,145,130
GRIK5_CAAGTACATCCTCACCACCA,GRIK5,834,321,531
GRIK5_CCAGTTCCTCCAATCGCAGC,GRIK5,1650,366,208
GRIK5_GAAGCGAAGGTACTGAAGGC,GRIK5,399,238,106
GRIK5_GAGCCATATCTGTGGAGAGA,GRIK5,133,139,108
GRIK5_TGGCCCGGGAGCAGATCAAC,GRIK5,1170,153,145
GRIK5_TGATGAGAGCACCTGGCAGC,GRIK5,411,238,264
GRIN1_ACAGCAGGGCGAGCGTCAGC,GRIN1,540,141,143
GRIN1_CGAGTAGATGGACATGCGGG,GRIN1,862,61,56
GRIN1_CGGTGCGCAGGAAGCTCAGG,GRIN1,130,54,45
GRIN1_CTGTCCTATGACAACAAGCG,GRIN1,346,488,72
GRIN1_AGGTGCTGCAGTTTGACCCA,GRIN1,785,203,313
GRIN1_CGCGGCTGCGCGGTATACAG,GRIN1,0,5,14
GRIN2A_GCTCTACTGTTCCAAAGACG,GRIN2A,1003,193,236
GRIN2A_CGGACCGCGCCAGACCAGAA,GRIN2A,1639,886,710
GRIN2A_GACAGTGCCTAATGGAAGCA,GRIN2A,353,44,66
GRIN2A_CTGCCCGTTGATAGACCACC,GRIN2A,725,222,212
GRIN2A_ATGTCTTCCACGATGACGAA,GRIN2A,527,230,139
GRIN2A_GACTTATCCTTCACTGAGGA,GRIN2A,498,298,159
GRIN2B_CAATGAGGAACGATCGGAGG,GRIN2B,730,115,222
GRIN2B_CTGGAATGGTATGATTGGAG,GRIN2B,1218,258,615
GRIN2B_CCAGGGTCACAATGCTCAGA,GRIN2B,869,546,199
GRIN2B_CTACCAGATGCACCCGAAAC,GRIN2B,4385,2162,3105
GRIN2B_TGATACAGAGATGAGCCCAG,GRIN2B,881,107,101
GRIN2B_ATGGCTACCAGTTCCACCCG,GRIN2B,1698,197,299
GRIN2C_CTGCCCGCTTGTAGTACACC,GRIN2C,668,263,250
GRIN2C_CATCGACATCCTCAAGAAGC,GRIN2C,1203,396,241
GRIN2C_GGGCTCTCCACGATGACAAA,GRIN2C,783,259,320
GRIN2C_GGCACCTACTGAATGTCACC,GRIN2C,67,84,36
GRIN2C_GCTGCTGGACGTGGTCACGC,GRIN2C,685,312,528
GRIN2C_GGCCGCAGATCTGGGTGAGG,GRIN2C,643,370,93
GRIN2D_CCGTTGAGCACCAGCGCCAC,GRIN2D,1204,191,231
GRIN2D_TTCCGCGCAGCTGAGGAGGC,GRIN2D,659,101,262
GRIN2D_CCCTCACCAGAGACAGGACG,GRIN2D,1627,682,843
GRIN2D_ACCTGTGGGTTCGGTTGAGC,GRIN2D,628,78,254
GRIN2D_CATCGACATTCTGAAGCGGC,GRIN2D,104,80,104
GRIN2D_AGATTACCGAGGAAGGCCGA,GRIN2D,245,68,58
GRIN3A_CCATTGGTGGTCCGCAAGGC,GRIN3A,1674,231,279
GRIN3A_CCATGACAAGTGGTACAGGG,GRIN3A,2282,667,422
GRIN3A_CCAAAGCGGAATCCTTGGGA,GRIN3A,250,41,90
GRIN3A_CCTGAGAGGGACTGCCCACA,GRIN3A,785,353,363
GRIN3A_AGCACCCAACGAAGTTCAGG,GRIN3A,447,0,12
GRIN3A_GATGGCCATCGAGGCAGGCC,GRIN3A,1,47,16
GRIN3B_GAGCCTCGGGAAAGGCGAGC,GRIN3B,0,0,1
GRIN3B_CATCCATGACATTGTGCAAC,GRIN3B,2020,1140,709
GRIN3B_AGGTACAGCTCGAAGTCGAA,GRIN3B,745,101,90
GRIN3B_CTCGGCGCTGCTCTCCCACA,GRIN3B,689,145,229
GRIN3B_CCTCTCACCCTCAATGGCGA,GRIN3B,316,160,173
GRIN3B_AGCGGCTGATGAACTCGGAC,GRIN3B,545,220,96
GRINA_CCCAACCCTGGATATCCGGG,GRINA,308,55,121
GRINA_CATGGAAACTACCAGGAGGA,GRINA,1161,44,109
GRINA_CCAGTGCAACAAGGTTCCAG,GRINA,1062,273,139
GRINA_TGCCTCGGTGTTGTAGAAGC,GRINA,1382,188,100
GRINA_AGAGCACCACCATGCTCACC,GRINA,2,98,120
GRINA_AGCTCGGCTACTCCTTGGCG,GRINA,2025,378,345
GRIP1_AGACCCGGCTGGCCCTAAAG,GRIP1,1364,1097,505
GRIP1_AACTTCGACTAGTAGTGGCC,GRIP1,492,105,103
GRIP1_ACACTGAGCAACCTGTCACC,GRIP1,299,61,17
GRIP1_CGTCATGGCGGAATTTGGCC,GRIP1,2274,387,609
GRIP1_CTCCCGATACCGTCAGACCC,GRIP1,2038,982,873
GRIP1_TCCAACAGTCTGGTCTAACC,GRIP1,1213,996,928
GRIPAP1_ATGCTCCGGGAACAGACCAC,GRIPAP1,256,179,157
GRIPAP1_AGAGCTGAGAGATCAGCGGC,GRIPAP1,867,140,171
GRIPAP1_GCTTCTGGGTTCGAGCCAAC,GRIPAP1,316,259,321
GRIPAP1_GGCGACCTTCTGTCGAAGAC,GRIPAP1,240,156,395
GRIPAP1_GGCGCAAGCTCTGTCTGAGG,GRIPAP1,153,146,52
GRK1_TCTGCCTTCATCGCCGCCCG,GRK1,1756,275,476
GRK1_GCCGTGTAGAAGAGGGCGCG,GRK1,840,31,379
GRK1_GGACGGACAGAGCAAGACCA,GRK1,267,191,156
GRK1_AGAGGACCCTTCCGAGCCCG,GRK1,522,109,130
GRK1_CCAGTTAAGGTCCTTGAAGA,GRK1,1569,475,684
GRK1_ACACATCCCTGACTTGGACG,GRK1,1540,335,366
GRK4_TGCCCGGCGAGCTATGCACG,GRK4,93,148,58
GRK4_CGAGACAGAGGATTGCACAG,GRK4,3323,1583,1996
GRK4_AATGTCTAAGCTCACTGCAC,GRK4,554,131,142
GRK4_GCCTGTCAAGTGCGAGCCAC,GRK4,506,104,55
GRK4_GCTCACCATTATGAATGGAG,GRK4,812,273,283
GRK4_AGTTGATGTCCTTGAACACG,GRK4,397,58,134
GRK5_CACGGTCTTGCTGAAAGCCA,GRK5,563,208,113
GRK5_AGCCCAAGTTGGCCAAGACC,GRK5,783,30,11
GRK5_CTGTCCAGATATTCGTGGAA,GRK5,2496,772,1025
GRK5_CAGTATCGAGTGCTAGGAAA,GRK5,891,294,249
GRK5_GCAAGCGCTTGGAGAAGAAG,GRK5,690,251,406
GRK5_TGGTCTCGTAGGCATAGGCC,GRK5,685,37,175
GRK6_TGTCCTATTGCTCCCACAGG,GRK6,2153,267,466
GRK6_ATTGCTCCCACAGGTGGCGG,GRK6,703,83,206
GRK6_GGGAGCGCATCGTGTACAGG,GRK6,323,225,80
GRK6_CCACATCCGCATCTCTGACC,GRK6,1174,366,693
GRK6_CTGCGATCATCTCGTACAGG,GRK6,822,481,506
GRK6_GCCGCCTGCTCCTCAGCAGA,GRK6,578,152,159
GRK7_TGGCTAGGAAGTCACGGAAG,GRK7,1094,483,299
GRK7_TGCTTGGCACTTGGTGGCCA,GRK7,859,161,352
GRK7_AAGCGGCTGAAGAAGAAAGG,GRK7,1084,166,136
GRK7_CTGGCCGTGGAGATGAAGGG,GRK7,2462,715,1164
GRK7_ATGTTACAGGCTGGAACCAA,GRK7,1864,583,508
GRK7_AGACCTACGGGTTGTGAGGA,GRK7,720,299,203
GRM1_GCACTTTCTCGGCCGGAGGC,GRM1,180,166,1095
GRM1_TGTCAGAATGGGCGATACAG,GRM1,1236,623,815
GRM1_GGTGTCCTGGAAGGCGGCAC,GRM1,278,29,69
GRM1_TGGCATCGCAGAGGCCCACG,GRM1,24,22,14
GRM1_ACTATGTGCACGTTGGAACC,GRM1,1104,286,184
GRM1_GCAAAGCTTGTGACTTGGGA,GRM1,534,215,349
GRM2_GACGGCTCTTATGCGACCCA,GRM2,588,145,28
GRM2_GGATCTGAAATAGCCTCAAG,GRM2,714,78,49
GRM2_TGAAGCTGGCATTGAGGCGC,GRM2,2604,360,332
GRM2_CGACCTGAGGCCTTGACCAC,GRM2,1476,435,562
GRM2_ACCTTGGCCAAGGCTGGAGC,GRM2,1056,122,180
GRM2_CTCACGGCCATTGCAAACAG,GRM2,2698,1145,1241
GRM3_GGAACTGGAGCTGACCGCGG,GRM3,985,344,464
GRM3_CGACAACTCCTGGCAGGAAC,GRM3,4150,979,1742
GRM3_GGCGAATCAATGAAGACCGA,GRM3,0,1,0
GRM3_AGTCGTCGCTGCGCATGAAG,GRM3,1157,332,415
GRM3_GGTGACTGGGCCAATGGCCC,GRM3,0,6,10
GRM3_TGCAAGCACGTATGTGCCAA,GRM3,209,305,351
GRM4_GATTGCACCTGTGCTGCACC,GRM4,249,116,52
GRM4_AGTCATCATCTTTGCCAACG,GRM4,1456,432,575
GRM4_GGACGATGTCCACCATGGCC,GRM4,350,393,265
GRM4_CCCACAGATCACTGTTGACA,GRM4,2843,373,400
GRM4_GGATGGAATTCATGTGAGGG,GRM4,530,105,319
GRM4_TCACCTGAGCAGATTCCGGA,GRM4,926,161,161
GRM5_GGGAGACGACGGGATACAGA,GRM5,768,81,57
GRM5_GGGCAACGATGATGCCCAAC,GRM5,90,18,311
GRM5_GACTACAGTAACAAACAGGG,GRM5,931,259,258
GRM5_CACATGCAAGGCATGCCAAC,GRM5,1709,402,261
GRM5_TTTGCCTTAGGTGATCCGAA,GRM5,394,189,255
GRM5_TCCAATCTCCCGATGTCAAG,GRM5,1447,309,297
GRM6_TGGGTTCCATCGCCGGGCAC,GRM6,889,226,221
GRM6_CTCACCTGTGCATTTGCGGG,GRM6,1679,318,288
GRM6_AGTGGCCGGTCAGGTTGGCC,GRM6,436,133,445
GRM6_CCAGTCTATCAAGATTCCCA,GRM6,411,51,83
GRM6_ACCCGACTCCTACCAGGCGC,GRM6,1006,166,70
GRM6_CGCTAGACGAGCCGATGGCG,GRM6,1137,650,489
GRM7_AAGACACTGCATACTTACGG,GRM7,921,216,163
GRM7_TCCCTCTTGATGTCGCCGCA,GRM7,978,242,203
GRM7_TAGGATTGGGAAACTGAGAC,GRM7,694,192,199
GRM7_ATAACTTCCTTCCGATGCGA,GRM7,567,135,182
GRM7_TCAGCCCAAGCGAGCCACGG,GRM7,1307,151,248
GRM7_GACACAGATCGCAAATGCAC,GRM7,167,37,54
GRM8_GGGCATGCTCTATATGCCCA,GRM8,0,50,64
GRM8_ACTAGATCCAGAGAAGGCCA,GRM8,181,120,105
GRM8_AGTACAAAGTCATCGGCCAC,GRM8,330,23,50
GRM8_GGATCCAGATGTCTCTACCC,GRM8,440,82,55
GRM8_ATTGTGCAGGGCGTAAGCCA,GRM8,361,56,59
GRM8_TCCACGCAAAGGGAGAGAGA,GRM8,984,139,226
GRN_GCAACTGGAAGTCCCTGAGA,GRN,351,70,89
GRN_GCTTCCACTGCAGTGCAGAC,GRN,279,164,258
GRN_ATCGACCATAACACAGCACG,GRN,387,213,253
GRN_GCACGGTGCCTTCTGCGACC,GRN,762,339,388
GRN_ACACATGACCGAGCTGGACA,GRN,1765,320,239
GRN_CTCCAAGGAGAACGCTACCA,GRN,1726,510,1128
GRP_CGGGTACATCTTGGTCAGCA,GRP,827,770,821
GRP_CTGACCAAGATGTACCCGCG,GRP,1897,408,752
GRP_TGTACCCGCGCGGCAACCAC,GRP,684,156,141
GRP_GACACTCACCCACCGCCCAG,GRP,1218,115,330
GRP_GCCACCTCAACCCAAGGCCC,GRP,419,148,34
GRP_ACGAAGGCTGCTGATTGCCC,GRP,474,114,46
GRPEL1_TGAGGCCTTGTTCCACACAC,GRPEL1,774,0,31
GRPEL1_CTCCAACAAGTCCTTGCAGA,GRPEL1,2132,60,143
GRPEL1_TCGTGGCTGTGCACAACAAC,GRPEL1,1864,1021,1153
GRPEL1_CGTGGCTGTGCACAACAACC,GRPEL1,2036,100,74
GRPEL1_CTGAGAGACAACGCCAAAGC,GRPEL1,794,207,275
GRPEL1_CTCAGTGCGTGAGGTTGGCG,GRPEL1,879,85,112
GRPEL2_TACTGGCCTGGAGTGCCGCG,GRPEL2,777,673,403
GRPEL2_TGCTTACTTGCTCTCCCACG,GRPEL2,1313,240,253
GRPEL2_TAGGCTTGCCCGAGTGGAAG,GRPEL2,1330,235,197
GRPR_GAACGATGACTGGTCCCACC,GRPR,196,71,85
GRPR_ACGATGACTGGTCCCACCCG,GRPR,3076,472,593
GRPR_CAAAGCCATTGTCCGGCCAA,GRPR,807,352,460
GRPR_GATATCCATTGGCCGGACAA,GRPR,244,96,15
GRPR_CTCCTACCACTACTCTGAGG,GRPR,1308,390,299
GRPR_ATGGAAACATCTGTCACGAG,GRPR,485,218,331
GRSF1_ACCATGGAATACAGCTCCAG,GRSF1,1537,278,78
GRSF1_TCTTGGGCATTGGCTTGGAA,GRSF1,1105,278,262
GRSF1_TTGTGATGGACTATAGAGGG,GRSF1,1324,416,440
GRSF1_ACCGCATGTACATGGGCCAG,GRSF1,381,193,233
GRSF1_ATCTTCCATAGTGCATGACC,GRSF1,742,34,66
GRSF1_GAGCCAGCGGCGGAGTAGAA,GRSF1,238,182,331
GRTP1_GCTCTCGCGGAGCTTGGCGA,GRTP1,510,117,290
GRTP1_CTCGAAGATTATCTTCCGGG,GRTP1,369,129,312
GRTP1_GCTGGGCCTGAAGACCGACC,GRTP1,147,34,66
GRTP1_TACAGGGTCCTCTGTAAGCA,GRTP1,1276,422,441
GRTP1_GCACCATCCAGACGCGGGCA,GRTP1,1467,241,181
GRTP1_TCGACCCGTACGGATTCGAG,GRTP1,1078,167,88
GRWD1_TCCGGCGACACAAGTTCCGA,GRWD1,1017,146,151
GRWD1_TGACATAGTCCGGGATCACC,GRWD1,259,0,12
GRWD1_AGCCTTCCTCCGGGATGAGC,GRWD1,819,3,175
GRWD1_CGCCGTCCGTAGGTGTCCAG,GRWD1,739,0,33
GRWD1_GGGACGTCAATGTCATCAGC,GRWD1,148,0,0
GRWD1_CCACTCGACGGAGGTCACGG,GRWD1,1161,1,0
GRXCR1_CGGATCGCGTCCTCTCACAG,GRXCR1,131,136,1
GRXCR1_GATTCCGATGGACAGCAGAA,GRXCR1,907,512,379
GRXCR1_AGGTTGTCCGGACCACACGA,GRXCR1,692,383,166
GRXCR1_TGGCCATCAATGAACACAAC,GRXCR1,1930,540,870
GRXCR1_CTTCCATGCTCCGTGTGCCA,GRXCR1,1638,226,244
GRXCR1_CATCTTGCTCCCATGGCACA,GRXCR1,1402,334,288
GRXCR2_AGGCCATTCTCATTGCAGGC,GRXCR2,1360,656,665
GRXCR2_GCATCGAGAACTTGCTGCCG,GRXCR2,638,155,41
GRXCR2_TGTAATCGTTGAACCGAGGC,GRXCR2,216,405,435
GRXCR2_CAGCGGTCGAGTATTGAAGC,GRXCR2,1191,468,520
GRXCR2_TACTCGACCGCTGTAGGAGG,GRXCR2,89,352,474
GRXCR2_AGAAGAGTGATGGCAAACCC,GRXCR2,399,331,150
GSAP_TCTGAAGCAGTCGCGTCACG,GSAP,523,247,196
GSAP_CTGCTGCATTGCATTGACAG,GSAP,3067,1068,634
GSAP_TGTGGCAAATGAGATCCAGC,GSAP,259,104,59
GSAP_TTCCATCTTCTTGGGCGACA,GSAP,1408,632,786
GSAP_CCTTCACATTGTTAACAGGG,GSAP,643,65,200
GSAP_CGCCGACTTCGACCTCGGGA,GSAP,702,315,268
GSC_AGTCGGAGAACGCGGAGAAG,GSC,1212,500,608
GSC_ATCAGAGGAGTCGGAGAACG,GSC,1489,363,661
GSC_CCGGAAAGTGCACCTCCGCG,GSC,1436,351,367
GSC_TGCACTGTCGGCGGAAGCGG,GSC,2175,501,276
GSC_GAAGGCGCCATAGTCCGAGG,GSC,327,76,45
GSC_CAAGGACTCGGTGTTGCCGG,GSC,247,882,442
GSC2_GGGACTTCTTGACGCCGGGC,GSC2,27,0,0
GSC2_CTTCGCTGAAGATGGTGCGG,GSC2,232,88,79
GSC2_GGCTGGCGCACCCAGAGACA,GSC2,722,234,104
GSDMA_AAGTCGATGAGGCTGTCAAG,GSDMA,1576,118,76
GSDMA_GACACTCAGTGTGGCTCCCA,GSDMA,278,65,17
GSDMA_TCTTGCATCTCCTTCAGGAA,GSDMA,1432,505,610
GSDMA_CATCAGCTGTCTCACTCGAA,GSDMA,360,475,680
GSDMA_CAATTTCACTTACCTCCAGG,GSDMA,163,65,124
GSDMA_AGATGTCCTGCTATCAAAGG,GSDMA,1840,467,187
GSDMB_GGCCAGCAGTCCTCCTGACA,GSDMB,1498,596,570
GSDMB_GCAGTTTGTGGCTGAGGCCC,GSDMB,406,201,165
GSDMB_GGCATCCAGGAAGTCCAGAA,GSDMB,488,180,202
GSDMB_CTTGCCGAGGCACTTAGCGA,GSDMB,569,134,250
GSDMB_GCTATCACCCTTACCTAAAC,GSDMB,517,271,356
GSDMB_GGATGCCGGCACTACACAAC,GSDMB,707,170,388
GSDMC_TTCTACATCCCAGGTTGACC,GSDMC,257,155,125
GSDMC_GATCCTCTTCTCCATGGAAC,GSDMC,415,67,55
GSDMC_TCAGGTCATTTGGATGGCCC,GSDMC,322,215,192
GSDMC_TCTACAGGACCTGATGAACA,GSDMC,1785,511,356
GSDMC_AAGGCGCTGACTCTTCAGAA,GSDMC,965,128,434
GSDMC_CCAGAAGCATAAGGCTGACA,GSDMC,1521,362,143
GSDMD_TCCAGCTCCTGCTCGCCGGA,GSDMD,1060,182,89
GSDMD_TGAGCGGGTAGTCCGGAGAG,GSDMD,1974,337,528
GSDMD_GACAGGCAAAGATCGCAGGC,GSDMD,748,168,37
GSDMD_CAATAACCAGCTGGGCCACC,GSDMD,888,312,259
GSDMD_ACCTTCCAGCCACCCGCGAC,GSDMD,805,231,327
GSDMD_CTCGTGGAACGCTTGTGGCC,GSDMD,1416,351,222
GSE1_TTTGGCGAGCTTGCGCAGCG,GSE1,971,245,185
GSE1_TTGGAGCGATGGTCACCACG,GSE1,1157,168,269
GSE1_CCGCTCCCTCAGGAGAAGGC,GSE1,161,5,160
GSE1_GGGATGCCTCACCTGAAGGC,GSE1,1,0,56
GSE1_CCCGTCTTCTCTGCACAGGA,GSE1,1319,571,483
GSE1_GATGGACGAGGAGCTAAGGC,GSE1,488,12,119
GSG1_CTGCACTTGACAGCCGCCGA,GSG1,403,214,76
GSG1_GGCGCTCAGTTTGAGCCCAC,GSG1,240,31,15
GSG1_CTTCCCTCCAAATCGGAGAG,GSG1,810,573,295
GSG1_CCGCTGTACCACTGGACCGA,GSG1,1337,412,606
GSG1_GGAAGCTCCGGAAGGAGAAC,GSG1,1004,132,270
GSG1_TGCCAGACCTTTCTCGCACA,GSG1,1911,1105,1287
GSG1L_CAAACAGGCCACTTACGGGC,GSG1L,206,253,219
GSG1L_CCATCAAGTACTTCCGGGAG,GSG1L,2945,915,1304
GSG1L_TGTGGGCGACCATTCCCAGG,GSG1L,1121,151,71
GSG1L_CGTCGATGACATTGCTGGAG,GSG1L,2411,510,1186
GSG1L_CAGCTTCATTGACCTGGCCC,GSG1L,561,70,186
GSG1L_TGGCGAACAGCAGCGCCAGC,GSG1L,160,40,148
GSG2_GGAAGGGCGGAAGTCGGAGC,GSG2,367,11,81
GSG2_CGTCCGGAGAGAGCATCAGG,GSG2,2238,330,255
GSG2_CTCCTGATGCTCTCTCCGGA,GSG2,715,70,74
GSG2_AAGGGCCGCATTGTGCCAAG,GSG2,80,83,141
GSG2_TTGTTCTGTTCATGACAGGC,GSG2,530,197,145
GSG2_TGCCTCTGCCACTGCGAGGG,GSG2,424,0,21
GSK3A_CAAATCTCGAACGCCGCCAG,GSK3A,1295,357,115
GSK3A_TGTCGCGGTGACACACGCCC,GSK3A,314,252,252
GSK3A_GGTGGCCCGCCACTTCACCA,GSK3A,272,27,107
GSK3A_GCTGCAGATCATGCGTAAGC,GSK3A,679,546,325
GSK3A_GGAACTAGTCGCCATCAAGA,GSK3A,744,246,252
GSK3A_CTCACGGCCCAGCTTCACCC,GSK3A,2516,284,380
GSK3B_CTTTAGGATTCGTCAGGAAC,GSK3B,2545,497,718
GSK3B_TTCTGTTAGTGCAAAGCAGC,GSK3B,748,274,244
GSK3B_TCTGCGGTTTAATATCCCGA,GSK3B,354,148,68
GSK3B_CAAACCTACCTTCTCACCAC,GSK3B,1342,367,305
GSK3B_CGGCAGCAAGGTGACAACAG,GSK3B,3029,1600,1939
GSK3B_CGGCTTGCAGCTCTCCGCAA,GSK3B,822,263,387
GSKIP_CCACATCATCCGCACACCGC,GSKIP,2271,1030,1220
GSKIP_CAAATGCTTCTCGGTAGGCG,GSKIP,1639,272,306
GSKIP_CCAAATGCTTCTCGGTAGGC,GSKIP,2051,306,513
GSKIP_AAACGCACTGCTTCAAAGAC,GSKIP,1320,457,502
GSN_GGACAGCGCGCAAAGCAGCG,GSN,1461,548,664
GSN_ACACGCCAGATCTGCAGGCC,GSN,937,163,116
GSN_CGTAGGCAATGAGTGCAGCC,GSN,1464,360,188
GSN_GGCATCAGGATTCAAGCACG,GSN,246,81,93
GSN_ATCCGGGACAACGAGCGGAG,GSN,720,400,580
GSN_TACCGAGGACACCGCCAAGG,GSN,705,257,411
GSPT1_TGGACGCACATTTGATGCCC,GSPT1,175,26,29
GSPT1_GCAATGTTGGCAAAGACAGC,GSPT1,759,45,0
GSPT1_AAGTCTGTGGTTGCACCGCC,GSPT1,399,2,11
GSPT1_TGGCGGCCTTCCATCTCCCA,GSPT1,721,92,32
GSPT1_TCCTCTTGAGAGGATTCCAC,GSPT1,593,79,57
GSPT1_ACCTCAGCGCGGCCTTCAGC,GSPT1,820,16,111
GSPT2_GGATGGAGTCTCCTCTGCGG,GSPT2,786,40,180
GSPT2_ACCTTGAGGGTATCCCGCGC,GSPT2,1437,304,243
GSPT2_TCCTCTCGGGAAGGTTCCAC,GSPT2,70,89,37
GSPT2_ACTAACGGTTCCTCTCGGGA,GSPT2,159,51,74
GSR_GGGATTCAAACCGATGACAA,GSR,187,221,226
GSR_GGTATTCGGGACCCGCCCAA,GSR,48,68,67
GSR_CACCAACTGCACGGAGGAGC,GSR,1555,277,484
GSR_AGCTTAGGAATAACCAGCGA,GSR,562,125,197
GSR_TCGTGAAGGCTGCATGGCCA,GSR,2034,435,559
GSR_CTTGTGGCTCTCCACCACGG,GSR,1560,219,356
GSS_GCTGTGGTTTACTTCCGGGA,GSS,928,78,36
GSS_CAAATGTTCGTCGGATCACA,GSS,556,350,732
GSS_AATCAGTAGCACCAGAGCAC,GSS,485,106,307
GSS_CCCTGGGAATTGCCAAAGCC,GSS,2453,894,517
GSS_ATTTCGATCTGTTTCAGGGC,GSS,456,206,128
GSS_TCAGCAATACTCCCTCAGCC,GSS,1550,731,826
GSTA4_AGTGGTTAACATGGCCCAGA,GSTA4,114,63,99
GSTA4_CAGTTGTACAAGTTGCAGGA,GSTA4,373,458,409
GSTA4_GCCGGATGGAGTCCGTGAGA,GSTA4,822,192,295
GSTA4_TCCCAACGGAAGAGGCCGGA,GSTA4,339,0,49
GSTA4_ACTATCCCAACGGAAGAGGC,GSTA4,37,57,35
GSTCD_CAAGAGTCTGGAACTGAAAG,GSTCD,1210,297,186
GSTCD_TCGCTTTGCTCTTCTACACC,GSTCD,1068,388,3202
GSTCD_GAGTCCAAGTAGGGCAAGGG,GSTCD,544,172,86
GSTCD_ATTGTGGATTTCTGCAGCGG,GSTCD,834,216,496
GSTCD_TTGTGGAGTGGCAACAGACA,GSTCD,1821,345,616
GSTK1_CTCTTCCGGAGCCTGCAGCA,GSTK1,1124,658,889
GSTK1_AGATATTCTGATACCGGCAC,GSTK1,366,121,241
GSTK1_CATGATCCCTGTTATGAGGC,GSTK1,618,438,623
GSTK1_CACGGCGGTGAGGAAACGCA,GSTK1,103,65,25
GSTK1_TGATGGGCAGCCCAAAGGCC,GSTK1,752,94,107
GSTK1_TAAAGTCTGGCATTCACGGC,GSTK1,991,264,268
GSTM2_TCTGCTTTACGAGGGTAGGC,GSTM2,1053,183,107
GSTM2_CTGCTTTACGAGGGTAGGCG,GSTM2,833,262,342
GSTM2_GCATACGGCTGTCCATAAAC,GSTM2,1993,926,1167
GSTM3_GCGAGCGATGTAGCGCAAGA,GSTM3,603,395,689
GSTM3_CTGACTATGATCGAAGCCAA,GSTM3,1060,223,243
GSTM3_CATAGACGACTCGCACGACA,GSTM3,574,172,165
GSTM4_GATTGGAGACGTCCATAGCC,GSTM4,58,98,106
GSTM4_ACAGCCACCCTTGTGTACAG,GSTM4,2843,884,1466
GSTM5_CCAGGTTATGGATAACCACA,GSTM5,857,176,297
GSTM5_CCATGTGGTTATCCATAACC,GSTM5,1865,423,569
GSTO1_GCGTCTAGTCCTGAAGGCCA,GSTO1,170,171,462
GSTO1_CGTCTAGTCCTGAAGGCCAA,GSTO1,1141,192,123
GSTO2_TTTGGCCTTGAGGACGAGGC,GSTO2,154,48,146
GSTO2_TGTCTTTGGCCTTGAGGACG,GSTO2,2232,177,190
GSTO2_TGGATGATGCTTATCCAGGA,GSTO2,622,186,118
GSTO2_TTAGGTCCCACATTTGACCA,GSTO2,1199,277,248
GSTO2_ACATCCAGCCGCTCAAACCA,GSTO2,781,313,309
GSTO2_TGGCTGATATCCAGAGCCGC,GSTO2,289,34,43
GSTP1_TCGAACTGGGAAATAGACCA,GSTP1,370,125,162
GSTP1_GGCATGGTCACTTACGCAGG,GSTP1,303,107,189
GSTP1_GACGCAGGATGGTATTGGAC,GSTP1,679,107,207
GSTP1_GGACATGGTGAATGACGGCG,GSTP1,1088,320,690
GSTP1_GACCTTCATTGTGGGAGACC,GSTP1,587,126,614
GSTP1_GAACGCATCCAGGCAGCCAG,GSTP1,1094,56,112
GSTT1_GCCGACCCAAGCTGGCCACA,GSTT1,190,115,38
GSTT1_GATGTGAGGACCAGTAAGGA,GSTT1,659,457,778
GSTT1_CCTTATGCCACAAGGCCCGG,GSTT1,469,157,194
GSTT1_CTTAAGCGATGCCTTTGCCC,GSTT1,239,245,457
GSTT1_AAGATGTAAACAGCGCGGCA,GSTT1,667,344,358
GSTT1_TGTAAACAGCGCGGCAGGGC,GSTT1,503,466,296
GSTZ1_GCGAAGTGCCAGATGCAGGC,GSTZ1,999,419,380
GSTZ1_AATTCGAACTCTCCATGAGC,GSTZ1,176,82,49
GSTZ1_GGCACTGAATCCTATGAAGC,GSTZ1,521,177,358
GSTZ1_CTGAGGCAGAAGTCGCGGAG,GSTZ1,2708,692,499
GSTZ1_AGTGATGGCGTTCTGGGCCC,GSTZ1,1134,122,88
GSTZ1_CACCAAGCACAGATCAGCCA,GSTZ1,2956,528,571
GSX1_CTCGCTAGTGCTGCGCGAGG,GSX1,481,149,84
GSX1_TCGCTAGTGCTGCGCGAGGC,GSX1,554,83,80
GSX1_GGAGGTCTGGTAGAGCGCGG,GSX1,664,201,255
GSX1_GATCTCGATGCGACGTAGGC,GSX1,229,44,13
GSX1_AGCAACCATCGTGGCGGCGG,GSX1,36,100,72
GSX1_CTCCTCAGGGAAGGACGACC,GSX1,2040,291,538
GSX2_GGATGAAGAAATCCGGCCCG,GSX2,91,51,16
GSX2_GATGCGCATGGTTCACCCGC,GSX2,302,100,150
GSX2_CCTACAACGTGGCGGACCCG,GSX2,554,142,159
GSX2_CAATCCTCCGGAGTCGAGAC,GSX2,1149,604,485
GSX2_GGCCTCAGCCAACGATGACA,GSX2,1346,423,246
GSX2_GGAGGCCCTCCCTCATAAGG,GSX2,638,114,68
GTDC1_ACATTGTCTGGCCTCACAGG,GTDC1,470,110,199
GTDC1_ATGCTCGGCCTTAAAGGAAA,GTDC1,504,168,266
GTDC1_TTTCCCAAGGTCAGGCCGAA,GTDC1,886,228,632
GTDC1_AGTGCTTAACCTGACCGAAC,GTDC1,709,176,122
GTDC1_TGGAGGCTCCCATAAACAGC,GTDC1,495,160,261
GTDC2_AGTCGGCCTATATCCAGGCA,GTDC2,937,310,484
GTDC2_CGGCTTGGGCATGAAGCGCA,GTDC2,705,262,305
GTDC2_CCACGGTGGATAGGTCGAGC,GTDC2,888,289,259
GTDC2_GCATGACAGAGGTGTTGCCA,GTDC2,767,280,79
GTDC2_ACCGCATCTGCCGCTTCAAG,GTDC2,1907,153,124
GTDC2_GGGCGTTGAACACCGCCGAG,GTDC2,85,39,12
GTF2A1_TCACCATTCTGCATCTCCAA,GTF2A1,903,33,5
GTF2A1_AACTGGCCAGCAGCAACCGC,GTF2A1,1339,146,44
GTF2A1_GGAGGGATTTCACCACAGAC,GTF2A1,535,0,32
GTF2A1_ACAGGAGCTTGTACTCCACC,GTF2A1,71,0,10
GTF2A1_CTCTGACCACCTGAAGAAGC,GTF2A1,363,416,163
GTF2A1_ACCGAACCACGTCCTTACCA,GTF2A1,299,0,0
GTF2A1L_TGTCATGGCCTGCCTCAACC,GTF2A1L,376,49,86
GTF2A1L_CCTTACCACCGGGTTGAGGC,GTF2A1L,0,91,89
GTF2A1L_CTTGGAAGAGTTCTACCAGC,GTF2A1L,606,107,182
GTF2A1L_TATCCCATTCATGTACCAGC,GTF2A1L,363,146,235
GTF2A1L_ACAGAGACTTCTGGAAGAGC,GTF2A1L,860,309,280
GTF2A1L_TGTGCCAGACCTGTTTGACA,GTF2A1L,3063,965,1693
GTF2A2_CCTAGATGAGCTCATACAGG,GTF2A2,1457,6,12
GTF2B_AGCTGTGGTAGTTTGTCCAC,GTF2B,935,143,129
GTF2B_AGCTGCCGCTGCCACAGAGA,GTF2B,907,41,160
GTF2B_TGAGAATCTCCAACTCGAGA,GTF2B,632,29,79
GTF2B_CAGATCCCACATCAATAACC,GTF2B,1117,0,6
GTF2B_TTAGTGGAGGACTACAGAGC,GTF2B,1186,0,0
GTF2B_GGCGGGACATACTAACCGGC,GTF2B,126,0,26
GTF2E1_AAGTTCCAGCAGCATTGAAG,GTF2E1,717,33,39
GTF2E1_CAGGAACTCCTGTGTGAAAG,GTF2E1,1387,769,555
GTF2E1_TGCATTGCTTCGGGAGACAG,GTF2E1,1839,145,255
GTF2E1_CGGGAAGCATGGGCCACCAA,GTF2E1,1552,109,95
GTF2E1_TGGGCCTGATGACAACGAAG,GTF2E1,939,163,178
GTF2E1_CACAGCCACAGCTGCCGGAC,GTF2E1,557,59,77
GTF2E2_TTAGATCAGCATGACCAGCG,GTF2E2,2125,43,133
GTF2E2_TGATAGACACGGCATCAGCG,GTF2E2,1733,13,14
GTF2E2_CTACGTAGTTCATTCTCCCA,GTF2E2,1219,176,211
GTF2E2_ATCCAAGCCTGTTGAGAGAA,GTF2E2,1003,41,260
GTF2F1_GGGCCTTACCGCCATGAAGA,GTF2F1,614,122,118
GTF2F1_GCCGCCTGAGGAGGACAAGG,GTF2F1,1341,51,10
GTF2F1_GAGGTGGACTACATGTCAGA,GTF2F1,61,31,10
GTF2F1_GCGGCTCAAGGATCAGGACC,GTF2F1,1096,273,233
GTF2F1_AATTGTACCAGTTGTGCACG,GTF2F1,1380,30,23
GTF2F1_TGCCTGATTTGCCGTTGACC,GTF2F1,1894,47,9
GTF2F2_CTCCACCGGCTGCAGACCCA,GTF2F2,701,478,517
GTF2F2_TGCAGACCCATGGCCGAGCG,GTF2F2,1044,76,106
GTF2F2_TCCTGTGTTCTGTTTGGCGC,GTF2F2,710,259,256
GTF2F2_CTAGGAGCACTGACTGAAGC,GTF2F2,1462,559,268
GTF2F2_AGTGAGGCTATCACAACAGC,GTF2F2,269,35,10
GTF2H1_CCTACAACAAGCTCCACACA,GTF2H1,2262,676,784
GTF2H3_TAAATTCAGGAGGGTTGCCA,GTF2H3,218,21,9
GTF2H3_CCAGAGGGATTAAATTCAGG,GTF2H3,495,288,70
GTF2H3_AATCCCTCTGGGAGTAAAGA,GTF2H3,112,61,100
GTF2H3_ACAGCAAAGGGCTTTGGCCA,GTF2H3,958,0,16
GTF2H4_TCCCATCCTTGGCTAAGAAC,GTF2H4,2071,159,189
GTF2H4_AGTGACATACCCACCCAGAA,GTF2H4,1367,419,285
GTF2H4_TCGGCGTACTTGTCAAGGGA,GTF2H4,1138,47,75
GTF2H4_CCGCCCTGCATTACTTCCGC,GTF2H4,1059,126,69
GTF2H4_TCTCTACCAGGTCCATGCCC,GTF2H4,1,34,49
GTF2H4_TACCGACTGTATGCCTACAC,GTF2H4,1538,6,13
GTF2H5_CTTGGATGAGTCCAATGCCC,GTF2H5,510,7,25
GTF2I_AGGTCAATACTATCTCCAGG,GTF2I,255,43,242
GTF2I_CTTCATTGCCCTCTGAAGAA,GTF2I,630,426,1029
GTF2IRD1_CTCGTCTTTGCGGGTGAACG,GTF2IRD1,1269,703,1297
GTF2IRD1_AATGTTCCTGAATGCCCGGA,GTF2IRD1,234,102,64
GTF2IRD1_TGTGTACCTTCTGCGGAAGA,GTF2IRD1,1386,355,662
GTF2IRD1_ATACTCGGCTGGCCTTCGGA,GTF2IRD1,1,205,196
GTF2IRD1_AGACACCGTTCAGCTCCACC,GTF2IRD1,699,284,81
GTF2IRD1_TTCTGGATGAGAGGCCCACC,GTF2IRD1,368,46,138
GTF3C1_GCTGAACGCCGGGCTAGCCA,GTF3C1,13,34,50
GTF3C1_GACTAACCACATAGAGACGC,GTF3C1,355,27,110
GTF3C1_CAGCTTCCCAGCATCAACCC,GTF3C1,1793,36,48
GTF3C1_AGGCCCTGTACCGCATGGCC,GTF3C1,452,89,133
GTF3C1_CATGCCGCTACTTTAAGGAG,GTF3C1,954,0,40
GTF3C1_TCCACAGCGCTGGCAGACAC,GTF3C1,2532,0,48
GTF3C2_GGGATGTGTCCTTCTTCACG,GTF3C2,615,99,0
GTF3C2_CGTGAAGGGCTACCTGAAGA,GTF3C2,2308,64,60
GTF3C2_TGAATGTTTCTGCTCTCGGC,GTF3C2,199,75,93
GTF3C2_GAAGTGCCTCCATCTCACCA,GTF3C2,542,1,0
GTF3C2_AAGCCTAGGGCCTCAAAGCC,GTF3C2,434,273,461
GTF3C2_CTCTACGGAAGCCTCTGCAC,GTF3C2,1073,34,0
GTF3C3_TGACCTATCCCGATTTCAAG,GTF3C3,2113,42,31
GTF3C3_GGATGCAAATGCTGCACAGC,GTF3C3,636,66,71
GTF3C3_CGCCATCAGATGGAGACAAA,GTF3C3,3341,605,482
GTF3C3_GCCATGATATATGAGGACCA,GTF3C3,545,0,0
GTF3C3_TGCTCGAGGAGAACGTGAAG,GTF3C3,2128,77,148
GTF3C3_CCTTTGAGGAGTTCGAACGG,GTF3C3,1800,434,175
GTF3C4_TGAACACGGCCGACCAGGCC,GTF3C4,39,47,5
GTF3C4_CATGGTGACTCGGCGGGAGC,GTF3C4,401,32,19
GTF3C4_CGGCAGCTGAAACTGCCACA,GTF3C4,214,140,95
GTF3C4_ACTAGTGGATTCGCCTGGGA,GTF3C4,466,26,15
GTF3C4_GCCATTCACAGATCGCAAAC,GTF3C4,2600,26,5
GTF3C4_ATATCAAACTCTGGCAGGAC,GTF3C4,368,45,0
GTF3C5_CCCTGCCAGACGCACAGGGA,GTF3C5,676,76,93
GTF3C5_GAGAACGAGGCGGCAGAAAG,GTF3C5,523,116,85
GTF3C5_GCTCATGCTCCGGCCCGAGA,GTF3C5,800,31,4
GTF3C5_CGTGGACCGGAAGGTGGAGG,GTF3C5,1153,151,15
GTF3C5_CATTTCGGGACCAGATGGGA,GTF3C5,190,0,0
GTF3C5_GAATCCATAGGCTGCGCCAG,GTF3C5,352,0,0
GTF3C6_TCCAGAGGACGGAGAAGACG,GTF3C6,162,17,8
GTPBP1_GCGAACATAGAGGCCGGGAC,GTPBP1,235,436,485
GTPBP1_GACCATATATGTCATTGGGC,GTPBP1,191,135,83
GTPBP1_CTTCTTGCCGTTCCCGCAGA,GTPBP1,535,268,215
GTPBP1_GGTAGCAGTGGTGGGCAACG,GTPBP1,115,753,707
GTPBP1_TGAGTGCCAGTGCCAAGCCC,GTPBP1,1455,251,273
GTPBP1_CAGCGCCTGCTGAAGTCACC,GTPBP1,358,140,213
GTPBP10_CACGCAACTGCAATGCACCA,GTPBP10,2934,485,601
GTPBP10_CAGTTGCGTGTTGTTCAGAA,GTPBP10,1133,369,409
GTPBP10_CCTCGTTTAGGTGGAGAAGG,GTPBP10,810,39,103
GTPBP10_AGTGCACTGAAAGGCTCCAA,GTPBP10,339,64,15
GTPBP10_CTGAAATACCCACAGGCACA,GTPBP10,1368,1108,596
GTPBP10_ACTGGATGAACAGGCCAACC,GTPBP10,821,251,158
GTPBP2_GACAGTACGCCAGCTGGAGC,GTPBP2,1053,164,86
GTPBP2_AGTCGCTGTAATTCACCACC,GTPBP2,370,140,90
GTPBP2_ATCCTGGGCTTTAACAGCAA,GTPBP2,658,240,205
GTPBP2_CGTTCTTCGAGAGCGAGAAG,GTPBP2,734,273,221
GTPBP2_CCAGTACCGCTTTGAGCACC,GTPBP2,2406,743,432
GTPBP2_TTGAGGGTTCCGCCCACGGC,GTPBP2,974,84,182
GTPBP3_ACGCTGTTTGGAATGTGAGA,GTPBP3,884,322,287
GTPBP3_GGTTGTAAATCCATGTGGCG,GTPBP3,1238,144,157
GTPBP3_TGATCGCGAGATGCTCCAGG,GTPBP3,474,133,67
GTPBP3_TAGCGCGAAGATGGTGGCGC,GTPBP3,415,1,47
GTPBP3_CCAACGCTGCAACTCACCCA,GTPBP3,1066,502,357
GTPBP3_GGCAGGCGAGTTCACCAGAC,GTPBP3,398,165,84
GTPBP4_TACGGTGGTGCCGTCCGCCA,GTPBP4,1313,73,0
GTPBP4_GGATGTGCACAGTGATCAAG,GTPBP4,406,25,0
GTPBP4_TCGGATCAATGGTTGGCAAA,GTPBP4,1672,756,836
GTPBP4_TGGTTGTGAACGCATAGGGC,GTPBP4,619,8,15
GTPBP4_TGGTGTTCCTATCCTCCAGA,GTPBP4,213,15,20
GTPBP4_CCCTCCTGGTTGGGATAGCC,GTPBP4,1513,937,802
GTPBP8_CTCAGTCGCTCTAGCACCGC,GTPBP8,662,338,246
GTPBP8_ACCGCTCTACTTCCTGCAGC,GTPBP8,490,244,233
GTPBP8_TATCTTTGACCCAAGCCCGG,GTPBP8,84,27,20
GTPBP8_GGTGCTCTAAAGCCATAACC,GTPBP8,270,53,64
GTSE1_ATGGATGACCCTAAGAAGGA,GTSE1,556,59,81
GTSE1_CTCTCAGATGTGGGCAACGG,GTSE1,3043,1359,1118
GTSE1_CGGTGGGATTCCTTCTCAGC,GTSE1,861,303,412
GTSE1_CGCAACTGGAGTTCAGCCAC,GTSE1,541,281,79
GTSE1_GCCCAGATGAGCGTCTAACC,GTSE1,2043,402,364
GTSF1_CTCTGCCGTATGTTCTGCCA,GTSF1,1023,232,235
GTSF1_CTCACTACTCTGACAACAAC,GTSF1,1993,713,1204
GTSF1_TTATCCCAGTCTTCATCGCA,GTSF1,160,150,176
GTSF1_CCCAGTCTTCATCGCAAGGA,GTSF1,1425,664,790
GTSF1_TAATTTCAGCTCGAGGAACC,GTSF1,483,155,94
GTSF1_TCCCTTCAATGCTCGCCACC,GTSF1,654,117,250
GTSF1L_GCAGAACGATGACACCCAGC,GTSF1L,357,58,49
GTSF1L_ATGAGGCTGTTTGTGTCAAC,GTSF1L,511,290,289
GUCA1A_ATAGAGGGTGAGTTGGCCAG,GUCA1A,637,17,25
GUCA1A_GGTTCTTGAGGCCGAAGAAC,GUCA1A,602,100,110
GUCA1A_CGCTCAGCTTGGTCCTCAAG,GUCA1A,1395,241,434
GUCA1A_GGTTAATGGCGCGAATGGCC,GUCA1A,350,8,55
GUCA1A_CTCCAAGATTGACGTCAACG,GUCA1A,2633,909,1026
GUCA1A_ATCGTGCGCAGGCTCCAGAA,GUCA1A,1518,566,250
GUCA1B_GCTGGCTCGCTCAGCAGAGA,GUCA1B,385,158,191
GUCA1B_AAGGTGCCCGTCGGGACAAG,GUCA1B,805,259,211
GUCA1B_CACCCGAGGAGGTCGTGGAC,GUCA1B,1327,767,730
GUCA1B_AGTTTGTAGCTCTCGCCGGC,GUCA1B,480,139,349
GUCA1B_CAATGTTGAGTAGCTCCAGG,GUCA1B,939,86,151
GUCA1B_ATGCATAAAGAGTGTGCCGC,GUCA1B,129,123,91
GUCA1C_TCCAAATCTCCTGACAAGGC,GUCA1C,883,361,240
GUCA1C_TAATGGGAAGCAGCCAGACA,GUCA1C,736,149,123
GUCA2A_GAAAGTTCGGGTTGCTACAG,GUCA2A,521,142,164
GUCA2A_ATGGGAACCACAGGTTCACC,GUCA2A,653,83,269
GUCA2B_TCATGGATTCCAGCTGGACC,GUCA2B,691,573,195
GUCA2B_GCTTCTTCATGGATTCCAGC,GUCA2B,480,123,41
GUCA2B_CTCACAGTCGTCGTTAGCGA,GUCA2B,1631,289,997
GUCA2B_AGGGCTATCTCAGAGGCAGC,GUCA2B,392,168,91
GUCD1_CGTGGCTACAACCGGGCCAC,GUCD1,591,73,135
GUCD1_TGCAAACAGCTGATTCACCC,GUCD1,830,247,150
GUCD1_CAGACCCTGGGTGTCGACAA,GUCD1,1507,374,286
GUCD1_AGCTGCTGGATGACGGGCAC,GUCD1,746,376,191
GUCD1_GGTCATGAGGACGGAGGCGG,GUCD1,684,1,94
GUCD1_TGGACGGCAAGGCGGAGACG,GUCD1,338,114,91
GUCY1A2_ATGCCTACTGTGTTGCAGCA,GUCY1A2,845,482,483
GUCY1A2_TGGATGAACTCATGGGCCGA,GUCY1A2,279,253,22
GUCY1A2_AGAGCAAGCATGTCACCGAG,GUCY1A2,1325,748,640
GUCY1A2_ATGCTAATTCTGAGGTCCGC,GUCY1A2,488,171,184
GUCY1A2_CGATACAGCAGACTCTCAAG,GUCY1A2,1480,937,689
GUCY1A2_CTGTCTAGGCTCTGCTGGAA,GUCY1A2,1994,590,205
GUCY1A3_CTTGAGCTTCGTGCAGAACA,GUCY1A3,2291,939,1822
GUCY1A3_CTCAGGAATGTCTTGACAGA,GUCY1A3,1939,773,740
GUCY1A3_CGATGTGGGAATCACCAGCG,GUCY1A3,325,399,142
GUCY1A3_CGGTGAGCACTGGGAGCAGA,GUCY1A3,763,250,263
GUCY1A3_TACACAATAGGCATCGCCAA,GUCY1A3,673,332,122
GUCY1A3_AAGTTCCTCCCTTGATCGAG,GUCY1A3,270,124,168
GUCY1B3_CGGATTTGTGAATCACGCCC,GUCY1B3,277,75,147
GUCY1B3_CACCTTGCTACCATCTACCC,GUCY1B3,1697,573,57
GUCY1B3_TGAACCTGGACGATTTGACA,GUCY1B3,1451,224,136
GUCY1B3_AGCTCATTGGCAACAGACGG,GUCY1B3,906,981,1051
GUCY1B3_TGCACGATCCATCTGCCACC,GUCY1B3,1,247,65
GUCY1B3_AATAGGGATACACACTGGAG,GUCY1B3,839,84,189
GUCY2C_GCATCAGGAGAGCGACGAGC,GUCY2C,607,78,228
GUCY2C_CCTAATGATATTACAGGCCG,GUCY2C,942,335,435
GUCY2C_AGAGGTATACAGAAGCACCA,GUCY2C,776,189,253
GUCY2C_CCACGAACTCGGCTTTAAGG,GUCY2C,1350,408,635
GUCY2C_TCTAGCTGGAGACATCAGCC,GUCY2C,824,248,435
GUCY2C_GAACTAAAGGACAGCCACCC,GUCY2C,454,89,176
GUCY2D_GAAGGTTCGGGACGGGCCCA,GUCY2D,402,64,23
GUCY2D_AGTGGATCGTGTCGAAGGGC,GUCY2D,462,21,52
GUCY2D_TTTGGATCGAACCAGCACGA,GUCY2D,1086,287,428
GUCY2D_CCTCACATAATGGGCCAGGA,GUCY2D,583,513,487
GUCY2D_CCGGCTACTTCACATGCAAA,GUCY2D,2137,1758,1778
GUCY2D_GGAGCTCCGGCATGAGAACG,GUCY2D,520,289,293
GUCY2F_GAACTGTTGAGAGCTCCAAG,GUCY2F,1390,229,168
GUCY2F_TGACAGAATTCTGTTCCCGA,GUCY2F,922,265,117
GUCY2F_ATTACCTCAGAGGTCCAAAG,GUCY2F,604,218,89
GUCY2F_TGGAGCTGCTACGTTTCGGA,GUCY2F,629,219,98
GUCY2F_TGCAGTGTTGACCATTACAG,GUCY2F,2013,988,1061
GUCY2F_ACAGCGAATCACAAGCCCAA,GUCY2F,93,154,159
GUF1_AATCACCAAATACTCACGGG,GUF1,595,105,32
GUF1_ACCTCTATACTGGTCAAAGG,GUF1,287,70,272
GUF1_ATCCCGATGAACGGTCACAC,GUF1,901,111,338
GUF1_TCCAGCCAGCACCCAGAGCA,GUF1,4155,798,829
GUK1_TTGTCGTACTCACCGTCCGG,GUK1,725,472,399
GUK1_GGAAGAGCACCCTGCTGAAG,GUK1,1207,1,74
GUK1_TAGATACCACGAGGAACCCG,GUK1,566,39,16
GUK1_GGAACCTGTATGGCACGAGG,GUK1,419,66,41
GUK1_ACCAGCACGTGCAGTGAAGG,GUK1,193,1,30
GUK1_GGAGAGCCTGGTGAAGCGGC,GUK1,159,0,0
GULP1_TCTTCGATGCCTACTCGCAA,GULP1,732,339,351
GULP1_GATCTACTAGGTACTGGAGG,GULP1,120,92,41
GULP1_ATGGTGGGTAGCGCCAGAGA,GULP1,462,64,21
GUSB_TCCAGTATCTCTCTCGCAAA,GUSB,1623,896,967
GUSB_CAGAGACTCACGGCAGCGCC,GUSB,339,134,351
GUSB_AAAGTCGTGGCGAATGGGAC,GUSB,368,309,207
GUSB_GGCGATAGTGATTCGGAGCC,GUSB,295,96,40
GUSB_TCGGCTGGGTGTGGTACGAA,GUSB,2631,996,1212
GUSB_CGAGATCGCACCTCCCACAG,GUSB,2497,815,1496
GVQW1_CCTGGACCAGCTTGAGCAGC,GVQW1,222,288,628
GVQW1_TAGTGACAAAGTTTGAGGCC,GVQW1,489,61,80
GXYLT1_CCCGTACCTGTCCGACACGC,GXYLT1,1371,151,492
GXYLT1_GAAGAAGGAACGGGCGGCGG,GXYLT1,134,46,43
GXYLT1_TCCCTGGAAGAAGGAACGGG,GXYLT1,125,32,12
GXYLT1_CTCGCCGTGTCCCTGGAAGA,GXYLT1,5245,1456,824
GXYLT2_CACCATGAAGCTCCGCAGCA,GXYLT2,939,1074,452
GXYLT2_ACCCGAGCTCTGGATCCACC,GXYLT2,600,6,203
GXYLT2_TTGTATATGAGTCAGGCCAC,GXYLT2,530,192,175
GXYLT2_ACTCCTGCAGAGCCATAGAA,GXYLT2,658,312,518
GXYLT2_AGTACAAGAATGCCATCACG,GXYLT2,976,84,73
GXYLT2_GGACGGTAGTTCCACTGGCA,GXYLT2,1539,600,608
GYG1_CTTACACTTTAAATGCCGGG,GYG1,428,90,110
GYG1_CGGAAGGAACGATGGGAACA,GYG1,3209,1420,1345
GYG1_GGAACGATGGGAACAGGGCC,GYG1,77,279,169
GYG2_GAGCTCAGGTCTCTTCAGAA,GYG2,684,334,394
GYG2_TGTCGATGAGCTGTTTGACA,GYG2,797,208,174
GYG2_AGAACTTACTGCTTGAAGGC,GYG2,1397,296,208
GYG2_CAGATTCGGTTCCAGTGCAA,GYG2,700,247,403
GYG2_CCCAGTGGTGAATTTGCACA,GYG2,4593,1749,1177
GYG2_GGGTCACACGTTATCACGGC,GYG2,302,203,92
GYLTL1B_ACACGTGGCATGAGCGGGCC,GYLTL1B,779,511,6
GYLTL1B_CAGGGTGATGACGTCTCGGC,GYLTL1B,280,140,146
GYLTL1B_CCACGGCGTCAGTCACCAAG,GYLTL1B,1268,349,594
GYLTL1B_CTTCATTAGCCCATAGAGGC,GYLTL1B,723,105,384
GYLTL1B_GCAACCTCTGGAAGAACCAC,GYLTL1B,618,69,163
GYLTL1B_AGGTGTGATCCTGCTGCGGC,GYLTL1B,634,157,48
GYPA_AACTTCATGAGCTCTAGGAG,GYPA,1047,442,186
GYPB_TACCTGGTACAGTGAAACGA,GYPB,984,119,288
GYPC_GCGCAGCATGACGAAGAGGA,GYPC,1387,438,461
GYPC_AGCGCAGCATGACGAAGAGG,GYPC,1343,118,341
GYPC_GCGCTACATGTACCGGCACA,GYPC,1133,665,426
GYPC_CGCTACATGTACCGGCACAA,GYPC,3849,2588,2535
GYPC_TACCACACCAATGAGGCCAA,GYPC,694,44,199
GYS1_GAACCTCCATGCTCAGAGCA,GYS1,648,399,186
GYS1_CCCTCCCACCCAGTTCAACG,GYS1,2777,1341,1134
GYS1_CTACCTGTGTGCCGGTGCCG,GYS1,717,258,446
GYS1_TCTTTGGCTTTCTGACCACC,GYS1,115,209,187
GYS1_AGACGAAGGCGAAGGTGACA,GYS1,283,33,34
GYS1_GAACGCAGTGCTCTTCGAAG,GYS1,1131,147,371
GYS2_GGAGAGATTCGTGGTCACAC,GYS2,274,171,150
GYS2_CCGTCTAATGGTGCTGAGGA,GYS2,1554,882,954
GYS2_CCTCAGCAGGAAATTTAGCC,GYS2,1140,120,1168
GYS2_TTGCGCTCACGTGTTCACCA,GYS2,1975,767,420
GYS2_GAAGTTTCCTGGCTCGAGAA,GYS2,653,236,273
GYS2_GAAGTTCTTCGACTTCCCAC,GYS2,309,105,28
GZF1_GGTGCAGCGAATGCTGGAAG,GZF1,262,128,57
GZF1_CCTCATGTGCGTCTTGAGCG,GZF1,210,252,288
GZF1_GCTGGTACAGTGAATTCCGC,GZF1,179,83,32
GZF1_TCATGTGCAATGCGTGCGGA,GZF1,709,301,444
GZF1_TGAGGTGTGCCGCCGAAGAG,GZF1,1391,879,734
GZF1_GCTTCACTCTTTGAGCAACA,GZF1,1325,372,407
GZMA_CGTGTGGCTGGGTCATAGCA,GZMA,2254,758,480
GZMA_TATGACCCAGCCACACGCGA,GZMA,774,196,246
GZMA_GGAAGCCCTTTGTTGTGCGA,GZMA,536,148,418
GZMA_TATAGACACCAGGCCCACGA,GZMA,455,158,185
GZMA_ATATAGACACCAGGCCCACG,GZMA,788,156,190
GZMB_GCCACCTTGTTACACACAAG,GZMB,889,4,71
GZMB_CCACCTTGTTACACACAAGA,GZMB,1488,260,575
GZMB_GCCACACTGCATGTCTGCCC,GZMB,0,15,28
GZMB_GGATAAGCTATCAGCAGGAA,GZMB,1033,197,288
GZMB_ATGCTGGATAAGCTATCAGC,GZMB,320,97,34
GZMB_AAACAACAGCAGCTCCAACC,GZMB,2858,429,1176
GZMH_GGGCTACGTCCTTACACACG,GZMH,544,255,190
GZMH_GCTACGTCCTTACACACGAG,GZMH,1093,177,202
GZMH_TGGCTCTGCTGTAATTGCCA,GZMH,29,112,184
GZMH_TGGCGGCATCCTAGTGAGAA,GZMH,2385,665,934
GZMH_TGCAAGAGAAGAGTCGGAAG,GZMH,2852,632,753
GZMH_GGGTCAGAAGAAAGGCCAAC,GZMH,608,72,143
GZMK_TGAGGCCTCCAAACAAACAC,GZMK,1274,120,210
GZMK_GACCTCCAGAGACTATAGCG,GZMK,531,253,389
GZMK_AATTTGTATGAGGCGGGACA,GZMK,677,126,69
GZMM_ACTGGGTCTCCACAGCGGCA,GZMM,98,116,35
GZMM_CTCCCACTCACCTACTGACA,GZMM,2609,604,694
GZMM_CCCGATGATCTGGGTCCCAA,GZMM,1496,228,503
GZMM_TGCACACCTGAAGCAGCGCG,GZMM,385,366,371
GZMM_CGCTTACTGGGCAGGGCCAA,GZMM,548,227,86
GZMM_TTACGTGTCCTGGATCAGGA,GZMM,900,283,117
H1F0_CTTCTGAATGGACTGGCGCG,H1F0,415,177,174
H1F0_GGTGTCCTCAAGCAGACCAA,H1F0,237,22,0
H1F0_GAAGGTAGCCACGCCAAAGA,H1F0,1063,210,216
H1F0_CTTGGATGCCTTCTTTGGCG,H1F0,771,317,144
H1F0_CTTGCCGGCCCTCTTGGCAC,H1F0,473,438,405
H1FNT_CTGGTGAGGCCCAAAGCCGG,H1FNT,530,175,242
H1FNT_TACGAAGTGCGCAGGAAGAG,H1FNT,1164,821,1011
H1FNT_CCTTCGCAAGGCGGCCAGGA,H1FNT,415,103,107
H1FNT_TTCCTGGCCGCCTTGCGAAG,H1FNT,2079,502,546
H1FNT_GGAGCGACAGCGGCAGACGA,H1FNT,710,302,229
H1FOO_CTCTCCTCAGGCCCGAGCCA,H1FOO,1142,185,88
H1FOO_CCAGCACCATGCGTAGCACC,H1FOO,1607,472,529
H1FOO_TAGCTGCCACCGACGTGCCC,H1FOO,255,95,0
H1FOO_GAGAAGGCTCGCAAGCAAGG,H1FOO,403,203,254
H1FOO_AGCACTGGAAGGTGCCCGCA,H1FOO,217,155,217
H1FOO_CATCCAAAGTGTCCAGCCAG,H1FOO,1537,368,393
H1FX_GAGCAGCGCTCGCACAAGAA,H1FX,853,322,177
H1FX_GGAGCAGCGCTCGCACAAGA,H1FX,585,684,670
H1FX_CACCGCGCACAAAGCGAAGA,H1FX,1179,391,299
H1FX_CAAGTACTCGATCAAGGCGC,H1FX,656,173,247
H1FX_CCGTGGTTCGACCAGCAGAA,H1FX,2080,1038,1277
H2AFJ_CATGTCCGGTCGCGGGAAAC,H2AFJ,2293,499,870
H2AFJ_GGGCGGCAAAGTGCGAGCAA,H2AFJ,987,158,241
H2AFJ_TGCACAGACTGCTGCGCAAA,H2AFJ,2716,1603,2405
H2AFJ_GGTGTTGGAGTACCTTACGG,H2AFJ,817,73,215
H2AFJ_CGCGTGACAACAAGAAGACC,H2AFJ,1944,887,789
H2AFV_TGCTTTGTAGGTGCTGGAGC,H2AFV,816,449,613
H2AFX_AGTGGCCCTTCCGCAGCAGC,H2AFX,381,38,2
H2AFX_TGTACACCGGCTGCTGCGGA,H2AFX,751,133,62
H2AFX_CTCGCTAGCATGTCGGGCCG,H2AFX,2922,415,356
H2AFY_TCCTTGTCTAGGAAACACGC,H2AFY,547,177,230
H2AFY_TAATTTAGCCGGCTTTGAGG,H2AFY,278,25,18
H2AFY_AGCGCCGACAGCACAACCGA,H2AFY,1213,447,581
H2AFY_CCGAGTTGCTAGCGAAGAAG,H2AFY,1068,570,1011
H2AFY_GCAGCGAGAGACAACAAGAA,H2AFY,985,323,404
H2AFY_GACTCCTGCTTTGGCAGACC,H2AFY,312,113,75
H2AFY2_CTGTCCCGTTCAGCTAGGGC,H2AFY2,940,202,349
H2AFY2_CAATGACGAGGAGCTCAACC,H2AFY2,683,175,247
H2AFY2_AATCCAAGGCTGCCAAACCA,H2AFY2,697,302,597
H2AFY2_TTACCGACAGTCCAAACCAA,H2AFY2,1043,202,203
H2AFY2_TACCTTCGGCGACTTCCAAA,H2AFY2,386,223,237
H2AFY2_AAACTGCCTGTCAGCGGCGG,H2AFY2,609,234,166
H2BFM_TTCTCCGAGCTGGGCCACAA,H2BFM,2336,814,691
H2BFM_CTGTGTAACTTTCTCCGAGC,H2BFM,1295,612,452
H2BFM_GGCACTTTGGTATGGTCGCA,H2BFM,166,120,170
H2BFWT_CAGAGGAAGCGAGGGCGCCA,H2BFWT,430,290,159
H2BFWT_TAGATGGCACGACCAGACAA,H2BFWT,1310,155,398
H3F3B_AAGCGCTCCCTCTACCGGCG,H3F3B,1435,25,138
H3F3B_AAAGCGCTCCCTCTACCGGC,H3F3B,405,18,67
H6PD_CCGCCAACTGAAGACGGCCG,H6PD,1379,452,503
H6PD_GGAGGAGGAGATGTACCGGG,H6PD,185,33,73
H6PD_TTTCCGAGACCAGAACCGCA,H6PD,797,196,255
H6PD_TGATCTCCACCCGCTCCACA,H6PD,747,280,132
H6PD_TCATAGAAGCTGGTGCGGCC,H6PD,810,107,275
H6PD_TCGGATCTTGTTCAAGAACC,H6PD,1423,383,218
HAAO_TATGGGCAAGGCAGCAGCGA,HAAO,585,157,280
HAAO_TGATGGATCGTGTGCTCAGA,HAAO,151,150,73
HAAO_GGCTGGTGGTTGAGCGAAGG,HAAO,1349,751,879
HAAO_TGTGGTCATTCGGCAGGGAG,HAAO,982,618,335
HAAO_TCACATCGAAGAGGGTGAAG,HAAO,410,116,144
HAAO_ACATGAGCTTGTTGCAGACC,HAAO,1604,195,477
HABP2_CAATGGCCTTATCTTCAACC,HABP2,846,357,292
HABP2_AAGGACAACCCATGTGGCCG,HABP2,782,540,362
HABP2_CCTGTCCCGACCAGTTCAAG,HABP2,1724,70,294
HABP2_AATTCTCCTGCAAGAGGAGG,HABP2,269,0,17
HABP2_CACAGACGTTGCCTACCCAG,HABP2,1396,204,662
HABP2_GATGTGGCACTCACTCCCAG,HABP2,107,25,91
HABP4_CCCGTTCGACATCCTGCGCG,HABP4,3374,1064,909
HABP4_GAAGCGGACTCCTAGAAGAG,HABP4,1419,315,427
HABP4_TCTCGATCAAACCTATCACC,HABP4,204,50,184
HABP4_TGTGGAGCCAACTGCACCGA,HABP4,1586,385,382
HABP4_CAATGACATCACATCCCAGC,HABP4,453,112,0
HABP4_GGGCTCTTTCAAGACAGCGC,HABP4,822,392,308
HACE1_TGGGATTAGCGTTGAACCAC,HACE1,590,209,258
HACE1_GCATACCTCTGTGAACCAGC,HACE1,647,167,525
HACE1_TGGAGGTTCAAATGGAGGAA,HACE1,1146,328,508
HACE1_TGTTGATGTTGAGGATGCCA,HACE1,602,286,159
HACE1_TGGTTATGGCTGATCAACAC,HACE1,633,241,657
HACE1_CGCACCGTGGAGTTGCCCGA,HACE1,1296,128,734
HACL1_CCTTTCCCGATGATAAGAAG,HACL1,310,58,156
HACL1_ATGTCAACATAGCAAGCACC,HACL1,237,154,204
HACL1_GGAACCACCAATCACAAGCA,HACL1,1485,635,350
HACL1_TGCATTTGCCATACCGCCCA,HACL1,806,154,240
HACL1_CGATTGGATATCTGACAAGC,HACL1,756,390,367
HACL1_TCACGCAGCCGGCAAACAAG,HACL1,2283,296,298
HADH_ACGTGACGGTCATCGGCGGC,HADH,387,196,53
HADH_CCAACCCTTAACATCTCCGC,HADH,1701,1255,1072
HADH_CTCTAGGTTGCTGCAGCAAC,HADH,630,259,348
HADH_TTCCTCCCACTGCATTAGGC,HADH,886,245,554
HADH_ACAAGTTTCATGACAGGCAC,HADH,757,586,351
HADH_CCATGAGGTATGGAACCAGG,HADH,752,232,226
HADHA_CGCCATACAGATCCACAAAG,HADHA,2662,953,1268
HADHA_GACCAACCTCCCAGACAAGG,HADHA,254,303,247
HADHA_ACCAACCTCCCAGACAAGGC,HADHA,1029,76,199
HADHA_GCATCGCTTCCTGTTCAGGA,HADHA,559,294,625
HADHA_TAGAAGCATTCGTGCAGACA,HADHA,1128,185,713
HADHB_CACTTGTAGGTAGATGACAC,HADHB,445,276,179
HADHB_ACTCAGAAACCGCAGGGAGC,HADHB,257,150,127
HADHB_CTCTCACAGTCTAGCCAAGA,HADHB,1271,647,786
HADHB_TGCCTTCGGCTTATAACCCA,HADHB,648,140,82
HADHB_CCAAAGGAGGCAATCCAACC,HADHB,1691,1256,1508
HAGH_TTTGCACGCCACGTGGAGCC,HAGH,623,437,247
HAGH_CGCTGCCTACTGTGTCCGGG,HAGH,1687,196,146
HAGH_CGAACACGCACCTGTGAACA,HAGH,5017,1592,1907
HAGH_TCGGGACTGAAGGTGTACGG,HAGH,1678,384,629
HAGH_GGACGCGGCGAGAAAGCACG,HAGH,294,39,40
HAGH_GAAGAACCTGACCGTGGACG,HAGH,63,180,253
HAGHL_GCGTGAGCTCCTCGATGACC,HAGHL,298,356,172
HAGHL_GCTGCTGGAGATCGTGGGCC,HAGHL,251,142,418
HAGHL_GCATCTTCTCGCTGACGCGC,HAGHL,542,57,154
HAGHL_GCGTCAGGAGGCAACGCACG,HAGHL,563,269,320
HAGHL_TGTGCCGTCGACTCTGGGCG,HAGHL,2026,320,452
HAGHL_GGAGGCGCTATGCAAGGAGC,HAGHL,957,75,56
HAL_AGCCTGCCGTGCAATAGCAC,HAL,361,94,54
HAL_CTATAGGTGCTAGAAGCCCA,HAL,148,36,181
HAL_CTCTTGGGCTAGTTGGAGAA,HAL,2001,702,618
HAL_AGATGGAGACCGTCTGACCA,HAL,1366,455,399
HAL_CAAGTACCGGGAGCCTGAAA,HAL,763,181,262
HAL_ACGCGCAGCTCACTGTGGGC,HAL,1048,20,215
HAMP_TGTTGCGCTCACCATCCAGC,HAMP,800,238,161
HAND1_GGATTAAAGGACGCACCGGC,HAND1,472,156,156
HAND1_CCCTGGGCCCAGTCGAGAAG,HAND1,1711,372,464
HAND1_TTCTCGACTGGGCCCAGGGC,HAND1,942,287,217
HAND1_TATGGTCCTGACGCCAGGCC,HAND1,496,124,189
HAND1_CCTCGCGCTGTCATCAGGAA,HAND1,1225,651,702
HAND2_AAACCAAAGGCCGGACGGGC,HAND2,1379,211,353
HAND2_GGACGACCAGAATGGCGAGG,HAND2,504,175,255
HAND2_CTGGCCAAGGACGACCAGAA,HAND2,1807,692,800
HAND2_TAGCCCTCGTGGTGCACCAC,HAND2,4,97,91
HAND2_CACCCGGTGGTGCACCACGA,HAND2,955,295,203
HAO1_GCACTGTCAGATCTTGGAAA,HAO1,1393,743,459
HAO1_AGTCTTACCACTCAGAGCCA,HAO1,787,84,165
HAO1_CAATAGACCCATCTATCAGC,HAO1,469,101,105
HAO1_TGTTACGCACATCATCCAGA,HAO1,1276,314,325
HAO1_CATCATCCAGACGGTTGCCC,HAO1,346,386,92
HAO1_GGCTACGGCCATGCAGCGCA,HAO1,518,218,262
HAO2_ACACCAGAACCACAATCCAA,HAO2,1762,472,368
HAO2_TTGCTTTACAGCTGCCCAAG,HAO2,660,221,155
HAO2_CAGCTCCCGAAGGCCTCCGA,HAO2,1401,91,76
HAO2_TCGAGTTATGCTCTGAAACC,HAO2,1362,320,479
HAO2_CCACTCTCACCTTGCAGGCA,HAO2,1776,467,995
HAO2_GATTGATCTCAGCGACCGAC,HAO2,398,47,106
HAP1_CTGGCAGGCTTACCTTAGGC,HAP1,1289,531,242
HAP1_TCCTGGTTTCCAGGAGACGC,HAP1,68,19,1
HAP1_AAACTATGAACGGCAGCAGC,HAP1,1239,78,87
HAP1_GCTCATCCCGCAAGTTCACC,HAP1,151,29,108
HAP1_TAGGTAACGCTCTCCCAGAC,HAP1,548,134,103
HAP1_CGCATTCTCGGCCATCCAAG,HAP1,2871,276,253
HAPLN1_GCGCCTTCTTGGCCTAGAGA,HAPLN1,562,179,166
HAPLN1_ATGACCGCTGTGATGCGGGC,HAPLN1,126,22,19
HAPLN1_CAGCTGTACGACGCCTGGCG,HAPLN1,284,168,79
HAPLN1_GCAGCAGGCGTGTCTGGACC,HAPLN1,1311,88,250
HAPLN1_ATTCCCTTACTTTCCACGAC,HAPLN1,504,284,239
HAPLN1_TTCGGATTACCTCAAGGAAG,HAPLN1,884,335,278
HAPLN2_AGATGGTGAAGGCCCAAAGA,HAPLN2,1378,341,142
HAPLN2_CTACAAGGTGCGCTGGAGCA,HAPLN2,1107,619,699
HAPLN2_ACGCTGATCCTCATCACCAA,HAPLN2,2043,432,335
HAPLN2_GAAGCAGGCGTGCGAGGAGC,HAPLN2,465,244,69
HAPLN2_CTTGGACCGAGGGTCTGGAC,HAPLN2,547,163,63
HAPLN2_GGGCTAGACCAGTGCGACGG,HAPLN2,638,114,148
HAPLN3_TCCAGGTAGTACACCCGCCC,HAPLN3,895,361,446
HAPLN3_ATACATCATAGCGGTGCAGG,HAPLN3,309,111,396
HAPLN3_TTTGACACGCACACGCCGCG,HAPLN3,830,230,468
HAPLN3_CTAGGCAACGGTCATGGCAA,HAPLN3,854,221,236
HAPLN3_CCTGGGCTCGGTATTGGAGC,HAPLN3,789,347,310
HAPLN3_CCAGCTCCAATACCGAGCCC,HAPLN3,1164,286,262
HAPLN4_AAGCCGAGGCTGCGCACACC,HAPLN4,1547,392,400
HAPLN4_CTGCTAGACCGCTGCACCGC,HAPLN4,2216,411,293
HAPLN4_GGCGATACCCGTAGTTGCGC,HAPLN4,290,115,200
HAPLN4_ATCTGCAGAACAGCTGCACG,HAPLN4,1129,234,466
HAPLN4_CTTGCAGCGTGACGTTGCGG,HAPLN4,375,75,80
HAPLN4_CGTCCGGCTCAAGTGGACAA,HAPLN4,2206,545,746
HARBI1_CTGCCTGGATGGATCCAAGG,HARBI1,984,381,567
HARBI1_CGCTGCCTGGATGGATCCAA,HARBI1,615,207,423
HARBI1_ACCGTGGAGACAAACTGGCC,HARBI1,570,245,387
HARBI1_GGCTATTAGCCCAGAGACAC,HARBI1,606,192,118
HARBI1_GACCACGGCCATATAGCAAG,HARBI1,1328,108,316
HARBI1_GACCTCTTGCTATATGGCCG,HARBI1,49,92,150
HARS_CTGCTCCTCAGTAGACAAGC,HARS,2391,125,237
HARS_GATAACCCAGCCATGACCCG,HARS,279,0,37
HARS_TGAGGTCATAGCGAAGGGAC,HARS,145,6,6
HARS_CACCGTGGCGCTTGAAGCAA,HARS,1288,615,797
HARS_CCCTCCACAGATCGAGGAGG,HARS,101,118,26
HARS_GCGAGGCCTCAAGCAGCAGA,HARS,553,49,6
HARS2_TGCTCGGACTTCTTCCCAGG,HARS2,664,254,258
HARS2_TTAACACTGCCTCTGCAACC,HARS2,619,10,3
HARS2_ATGGCCAGATAACGAGCAAA,HARS2,902,135,197
HARS2_ACATCCCATCCACAATCCGC,HARS2,583,73,57
HARS2_GAAAGGCCTGGCTCCTGAGG,HARS2,187,19,1
HARS2_CAGACTATCCCAGAACAAGC,HARS2,1197,188,191
HAS1_GGGCGTCTCTGAGTAGCAGC,HAS1,314,331,27
HAS1_GGGTAGCCTTCAATGTGGAG,HAS1,244,420,273
HAS1_AAGCTGACCCAGGAGTCCAG,HAS1,1188,277,98
HAS1_CATGGTCGACATGTTCCGCG,HAS1,1657,381,643
HAS1_TCTTCGCGTACCTGGAGCAC,HAS1,1103,89,261
HAS1_CAGACCCACTGCGATGAGAC,HAS1,939,643,1281
HAS2_GCAAGTCCTACTTCCGAGAA,HAS2,926,608,584
HAS2_CACGAACCGGGTGCTGAGCC,HAS2,871,765,1080
HAS3_GATGGCGCCGTACAGGCCGA,HAS3,0,57,23
HAS3_CAACTTCCATGAGGCAGGCG,HAS3,48,77,267
HAS3_CTTCTGCATGATGCACGAGA,HAS3,1102,289,202
HAS3_AGCATCTCGATGGTGCAGGC,HAS3,426,146,247
HAS3_TTTGCTGGTTGAGCCACCGG,HAS3,707,101,267
HAS3_ACTCGTAGGTCATCCAGAGG,HAS3,1116,321,336
HAT1_GGGTGATCGTAGCTCGGAAA,HAT1,1007,216,277
HAT1_TACTCAGTTCTCAGTCCAAC,HAT1,1362,212,251
HAT1_CAATTACCTTACACGTGGCC,HAT1,845,119,213
HAT1_ACTGCCAATTACCTTACACG,HAT1,1912,1199,651
HAT1_CAAGTCGTTCAATAACACGC,HAT1,310,179,358
HAUS1_AGCCGCAGCTATGGAGCCGC,HAUS1,44,0,0
HAUS2_CGGAAGGTGCGTCCGAGCCA,HAUS2,1298,346,455
HAUS2_TAGCCCAGCGCCGTTAGGCG,HAUS2,106,135,115
HAUS3_GCATTCTCTCTTACCACAGC,HAUS3,562,29,0
HAUS3_AGGCAAGCCTATTCTAGAAG,HAUS3,816,69,24
HAUS3_CAGGCAAGCCTATTCTAGAA,HAUS3,1147,116,62
HAUS4_AGCCATTCACCTACAGGAGC,HAUS4,917,19,26
HAUS4_GCTCGGATTGAGTCTTCAGC,HAUS4,32,73,101
HAUS4_CCTCACCCTAGCAAAGGAGC,HAUS4,716,98,102
HAUS4_CTTAAGCCTCACCCTAGCAA,HAUS4,883,0,1
HAUS5_TTGCTGGGCGGTCGAAGAGA,HAUS5,1209,11,0
HAUS5_GCTCTAACTTCCGACGGACC,HAUS5,28,0,10
HAUS5_CCCTGTTCCTCCCACAGACA,HAUS5,3430,157,138
HAUS5_TGCCGACGTGAGGGATCCAA,HAUS5,719,58,68
HAUS5_CTGCAGGAACTGGGCCCGGA,HAUS5,1398,19,48
HAUS5_GCTGGTACGAAGTGCCAAAG,HAUS5,377,42,32
HAUS7_CCAAGTCTACGACGACGAGC,HAUS7,1210,76,142
HAUS7_GGACACCAGGGAGAAGAACG,HAUS7,1177,24,0
HAUS7_CCCAATGGTCAGGCTCCGGA,HAUS7,899,48,23
HAUS7_ACAGGTTCAGCTCACTGAAA,HAUS7,820,337,525
HAUS7_TATACAGACCCTCGAGGAAG,HAUS7,296,26,6
HAUS7_TCGGAGCGCGAAACATGGCG,HAUS7,1910,39,0
HAUS8_CTGTCTGAGGACGACAACCC,HAUS8,2480,407,424
HAUS8_AGACGCCCTGCAGCATGAAC,HAUS8,709,27,29
HAUS8_CAGGACATTCGCCACGGCCC,HAUS8,264,0,16
HAUS8_TGCAGTCCACGTTGCTGGAA,HAUS8,2229,879,740
HAUS8_TCTTGCAGGAAGCCTGCAAC,HAUS8,782,4,0
HAVCR1_CCCAGGCAGAACCATGAACC,HAVCR1,2476,724,1040
HAVCR2_ATTGCAAAGCGACAACCCAA,HAVCR2,168,144,136
HAVCR2_TTGCCAATCCTGAGGGAGGG,HAVCR2,875,248,357
HAVCR2_TAGGCATCTACATCGGAGCA,HAVCR2,697,550,313
HAVCR2_CCAAGGATGCTTACCACCAG,HAVCR2,2546,1003,714
HAVCR2_TCCAAGGATGCTTACCACCA,HAVCR2,4453,475,549
HAVCR2_AATGTGACTCTAGCAGACAG,HAVCR2,943,200,346
HAX1_CGAAGCCAAATTCCTCAGGG,HAX1,2942,305,164
HAX1_CCGAAGCCAAATTCCTCAGG,HAX1,969,323,329
HAX1_GACCTGGAAGTTCTGCAGAA,HAX1,789,450,435
HBB_CTTAGTGATACTTGTGGGCC,HBB,1011,513,413
HBD_CTCAATGGTACTTGTGAGCC,HBD,804,500,624
HBD_GCTGGCCCGCAACTTTGGCA,HBD,646,185,270
HBE1_TCTGGCTACTCACTTTGGCA,HBE1,696,163,365
HBE1_TAATCACCATCACGTTACCC,HBE1,587,84,74
HBE1_CAGCTCACTCAGCTTAGCAA,HBE1,3654,706,866
HBE1_CTCACTCAGCTTAGCAAAGG,HBE1,3708,913,1091
HBEGF_AGCTGCCACCCGGGTTACCA,HBEGF,747,44,286
HBEGF_TCTTGAACTAGCTGCCACCC,HBEGF,151,20,15
HBEGF_AGCACTGGCCACACCAAACA,HBEGF,988,406,662
HBEGF_GAAAGTCCGTGACTTGCAAG,HBEGF,391,110,377
HBEGF_CAGCTGGTCCGTGGATACAG,HBEGF,1453,430,628
HBEGF_GCCCGCAGTTCTCTCGGCAC,HBEGF,1093,214,376
HBM_GGACCTGATTGCGGGCCACG,HBM,310,138,84
HBM_CGGTGAACTCGTCCTGCAGG,HBM,130,113,58
HBM_CCGTGCAAATGCAAGCGGCG,HBM,27,48,0
HBP1_GAGAATTTGCCATCTTCACC,HBP1,155,5,50
HBP1_GAACTGCCTGAAGTTCAGGA,HBP1,558,365,355
HBP1_CATCAGTGGACTTTGTGGAC,HBP1,1262,308,355
HBP1_TGGTTCACTCTTCGAAGAAG,HBP1,862,242,336
HBP1_ACTTACCGTAGAGTGTAAGC,HBP1,162,24,10
HBP1_TCTTTGTCTTGTGGAGGACC,HBP1,335,5,49
HBQ1_GCGCGCCCTGTGGAAGAAGC,HBQ1,814,232,159
HBQ1_CGTCGGCGTCTACACGACAG,HBQ1,854,325,255
HBQ1_GAAGACCTACTTCTCCCACC,HBQ1,265,25,92
HBQ1_CAGAGCCCACGGCCAGAAGG,HBQ1,1277,158,227
HBQ1_GAGCCACGTTATCTCGGCGC,HBQ1,97,311,525
HBQ1_AAACCAGCGCCGAGATAACG,HBQ1,1938,503,465
HBS1L_GGGCACTTTCTTAAGCAAGC,HBS1L,537,173,168
HBS1L_GCTGCGTCACTCCCAGAGAA,HBS1L,1141,299,311
HBS1L_TATGATTACAGGAGCAGCCC,HBS1L,242,49,23
HBS1L_TGGATGAAACTGGCGAAGAA,HBS1L,1619,702,541
HBS1L_GCGGAACTGGAGAAGCGGCA,HBS1L,1201,28,71
HBS1L_AGGTACTCAAAGTCTTACCC,HBS1L,505,118,75
HCAR1_GATCCCATTGCCCATCAGAC,HCAR1,464,371,544
HCAR1_CTCGGATGAAGAAGGCGACC,HCAR1,978,74,186
HCAR1_TTACGGTGGTGGCTGCGGAC,HCAR1,907,715,628
HCAR1_ATTACCTCAGACGTAGACAC,HCAR1,587,58,287
HCAR1_CAGCCACGGCCAAATTGAAA,HCAR1,2531,513,429
HCAR2_ACTATGTGAGGCGTTGGGAC,HCAR2,1567,472,498
HCAR3_ACTATGTGCGGCGTTCAGAC,HCAR3,905,436,324
HCCS_GAGGCCTGAACTGCAACAGC,HCCS,486,241,226
HCCS_TGCATCGGGCATCCTGAAGG,HCCS,1740,281,143
HCCS_GCAAATGGCTGATCTGGAGC,HCCS,1071,407,418
HCCS_CGGATCAATGATGGACCACA,HCCS,988,196,301
HCCS_ATCTAACTTCTGTCCCGCAA,HCCS,1176,196,180
HCFC1_TGGCCACACACGAGAAGGAG,HCFC1,1657,188,556
HCFC1_GGAATAAGCCCAGTCTCAGC,HCFC1,261,0,17
HCFC1_CCGGGAGTCACATACTGCCG,HCFC1,1141,12,17
HCFC1_GGGTCTGGCCAATGATAGCG,HCFC1,1111,23,1
HCFC1_AGCCATAGGCTGCACACCCA,HCFC1,586,0,0
HCFC1_TGGCAAGTTGGCGGGCGACA,HCFC1,617,78,22
HCFC1R1_GGCTGGGATACTGACACAGG,HCFC1R1,694,146,45
HCFC1R1_CATGAGCACCAAGCGGCGCC,HCFC1R1,451,43,74
HCFC1R1_ATGGGCACAGCTCCTCGGAG,HCFC1R1,333,10,5
HCFC1R1_TGGGCACAGCTCCTCGGAGA,HCFC1R1,1535,365,434
HCFC2_CTGATGATCATCTTTGGAGG,HCFC2,1183,384,389
HCFC2_GGGATATCTCCTCTAACAGC,HCFC2,178,43,28
HCFC2_CTATGTCCAAGCCGAGGACA,HCFC2,614,466,331
HCFC2_TATGAGTTGGAGCTACAGCA,HCFC2,700,149,270
HCFC2_TGGATGGGTCCCACATAAGG,HCFC2,1912,310,222
HCFC2_TGCCGATTGCAACAGCACAG,HCFC2,267,358,276
HCK_AGGCTCGATCCCTGGCCACC,HCK,205,80,161
HCK_CGAGACTACGACCCTCGGCA,HCK,2633,479,724
HCK_CCAGCTTGAGGGATTCCCGA,HCK,1522,819,458
HCK_GCTGGTCAAACTTCATGCGG,HCK,1392,157,26
HCK_ACTCATTGACTTCTCAGCCC,HCK,1042,271,322
HCK_CTCGTTGTCCTCAATGACCC,HCK,920,254,406
HCLS1_GATGATGGAGGAGTCCCAAC,HCLS1,179,121,92
HCLS1_CAAATTTCGCCTTCAGCCCA,HCLS1,527,135,167
HCLS1_CGCTGTCGGCTTCAATGAAA,HCLS1,1917,1255,1077
HCLS1_CTGTCCTGCAGATTATGCCA,HCLS1,76,275,119
HCLS1_GGGCCATGAGTATGTTGCCG,HCLS1,12,90,212
HCLS1_TGGAGTAGAAAGAGACCGAA,HCLS1,890,276,396
HCN1_TATCATACGAGAAGGAGCCG,HCN1,586,89,218
HCN1_ACTCAATGATCCTCTGAGAG,HCN1,651,192,201
HCN1_ACTGGATTAAAGCGGTGGCA,HCN1,849,208,471
HCN1_ACTGAAGACAACCATCCCAG,HCN1,906,233,237
HCN1_CTTCATCTCATCCATCCCAG,HCN1,1605,196,222
HCN1_CCAACTCTTCGTCTAACAGC,HCN1,1450,371,616
HCN3_CAGTGGAAATCGAGCAGGAG,HCN3,1092,483,437
HCN3_ACGTTGAAGACGATCCAAGG,HCN3,1632,296,384
HCN3_ACTGGATGAGTGCCGTGGCA,HCN3,830,109,102
HCN3_GGCCCTCCAGTACAAGCAGG,HCN3,50,121,37
HCN3_CTTTGAGGTCTTCCAGCCGG,HCN3,446,205,83
HCN3_CCTCAAGCACAGCATTGAAA,HCN3,1270,418,343
HCN4_GGGCAACAAGGAGACCAAGC,HCN4,646,226,445
HCN4_CCGGCCTCAGTACAAGCAGG,HCN4,594,247,90
HCN4_CCAGACGTCGGACATGCCCA,HCN4,1155,390,195
HCN4_GAGGTTCACGATGCGCACCA,HCN4,458,297,289
HCN4_AGCGGACAATGCGCAGGGCC,HCN4,376,261,13
HCN4_ATGACTCCGCGGAGGAGCGG,HCN4,113,59,139
HCRT_GCCCATGGTCAGGATGCCCG,HCRT,283,92,1
HCRT_TCCTCACGCTGGGCAAGCGG,HCRT,1931,413,358
HCRT_TACGAGCTGCTGCACGGCGC,HCRT,1329,127,427
HCRT_TTGACGACAGCAGTCGGGCA,HCRT,1389,342,381
HCRTR1_GGGACGGCTCTCTGCTGCCA,HCRTR1,254,55,62
HCRTR1_CAGTCACCAGAACGTCAGCC,HCRTR1,272,300,270
HCRTR1_TGTTCAAGAGCACAGCCCGG,HCRTR1,1041,303,296
HCRTR1_TGAAGCAGATGCGTGCACGG,HCRTR1,1482,251,299
HCRTR1_TGTTGGCGTACACCAGCCAG,HCRTR1,1092,278,341
HCRTR1_GCATCGGCTCTGCAAGGACA,HCRTR1,376,73,9
HCRTR2_GATGACCAGTTGCGACAAGG,HCRTR2,276,91,54
HCRTR2_TCGTGGATATCACTGAGACC,HCRTR2,714,374,357
HCRTR2_TTACGGTGTGTGATGAGCGC,HCRTR2,1087,479,343
HCRTR2_TCGCAAACTCTGGTGTCGAC,HCRTR2,702,546,135
HCRTR2_TAAAGCAGATCCGAGCCAGA,HCRTR2,419,81,189
HCRTR2_GCCAGGAGGATCGGCTCACC,HCRTR2,669,76,174
HCST_AAGTGATACCTGAAGTGCCA,HCST,235,171,74
HCST_CCTCGTGGCTGCTGATGCGG,HCST,326,79,93
HCST_TCTACATCAACATGCCAGGC,HCST,113,212,203
HDAC1_CGACATGTTATCTGGACGGA,HDAC1,2036,585,546
HDAC1_CCATGGTGACGGCGTGGAAG,HDAC1,3665,380,908
HDAC1_TCATCAATCCCGTCTCGGAG,HDAC1,1681,568,228
HDAC1_GCACCGGGCAACGTTACGAA,HDAC1,1612,360,861
HDAC1_AGAATGCTGCCGCACGCACC,HDAC1,460,165,158
HDAC1_TTCTCCGATTCTGAAGAGGA,HDAC1,232,148,189
HDAC10_TCCTGGCACCGCTATGAGCA,HDAC10,963,607,301
HDAC10_CCAGGATCCTCGTCGTGGAC,HDAC10,924,420,734
HDAC10_AGAGTACCTTTCACTGCGCG,HDAC10,780,599,525
HDAC10_GACCTGGGTCTCCCTGACCA,HDAC10,723,208,116
HDAC10_CCCGTCCTGACCTGTGCACC,HDAC10,1417,425,459
HDAC10_ATGAGGACATGACGGCCACC,HDAC10,297,149,312
HDAC11_AGCATGTGCCAGAGACACGC,HDAC11,1466,428,514
HDAC11_GCCTCGTGTGCACCACCAGC,HDAC11,318,107,70
HDAC11_TCCTCCTGTCTGGGTCCGAA,HDAC11,494,201,291
HDAC11_GCGAGGCTGGGCCATCAACG,HDAC11,1300,406,347
HDAC11_GCAGCTTACGCTTGGCAAAG,HDAC11,719,563,754
HDAC11_CATCAGGCGGAAGGTGGAGC,HDAC11,319,424,395
HDAC2_CAGTTCGAGCATCAGACAAG,HDAC2,613,243,128
HDAC2_ATAGCTTGCATCTGGACACC,HDAC2,992,61,127
HDAC2_CGCATGTTACCTCATGCACC,HDAC2,1607,111,395
HDAC2_GATATGGCTGTTAATTGGGC,HDAC2,422,0,55
HDAC2_CTTTCGGCACCTCTGCCGGG,HDAC2,258,15,28
HDAC2_GCGGCACCAACTCGCGAGGA,HDAC2,1085,358,693
HDAC3_TACCTGGAGCACAATGCACG,HDAC3,1225,30,33
HDAC3_TGACATCCACCATGGTGACG,HDAC3,1828,116,1
HDAC3_TCACCTCAAACTTCTTGGCA,HDAC3,1234,70,62
HDAC3_AGCAACCCAGCTGAACAACA,HDAC3,1494,0,0
HDAC3_AGTCAATGTAGTCCTCGGAG,HDAC3,762,54,0
HDAC3_AGAGACCGTAATGCAGGACC,HDAC3,886,0,0
HDAC4_GACATACCTGTGACATCCAA,HDAC4,212,229,232
HDAC4_CGTACATTCCCAGGACCGGG,HDAC4,650,114,38
HDAC4_CTTACCCGTACCAGTAGCGA,HDAC4,154,236,235
HDAC4_CTTCCACTTGCAGCAACAAC,HDAC4,876,748,718
HDAC4_GGTCCATGGGCACTGCCGAG,HDAC4,512,183,167
HDAC4_TTCTGGCCGAGACCAGCCAG,HDAC4,617,117,218
HDAC5_GCCGGGTGCGCTGTTACACA,HDAC5,1106,363,620
HDAC5_CCATCCTTGCGACGCAGGAG,HDAC5,1315,420,252
HDAC5_TCTCGACTGTCGTAGGGCCC,HDAC5,282,201,374
HDAC5_TCAAAGGAGCCCACACCAGG,HDAC5,1766,226,224
HDAC5_CAGCCCTGTGGAGCTACGGG,HDAC5,483,130,225
HDAC5_CGCGGCAGGATTTCCAAGGA,HDAC5,2946,987,995
HDAC6_GCTGCGTCCAATGAGTGGAG,HDAC6,437,340,627
HDAC6_GGGCCTCACCGAAGTGACAC,HDAC6,451,109,191
HDAC6_GAAGAAGCTCGGCCAAGCAA,HDAC6,443,294,116
HDAC6_AGCCTCACCTGTCATCCCAG,HDAC6,688,70,107
HDAC6_CCAGGCCCGGTTTGCTGAAA,HDAC6,2475,1012,1785
HDAC6_CGTAGGTGTCTGCTAGGACA,HDAC6,1148,573,569
HDAC7_GAAGAATCCACTGCTCCGAA,HDAC7,794,97,227
HDAC7_GCACTCGTTCTGTAGAACCC,HDAC7,672,191,244
HDAC7_ACAGTCCATCCCAACAGCCC,HDAC7,989,239,66
HDAC7_GCCGATGCCCGAGTTGCAGG,HDAC7,575,87,167
HDAC7_GGGCTGCAGTAGTGGGCACC,HDAC7,316,165,447
HDAC7_CGCCCAGTACTCACCAGCGC,HDAC7,763,303,388
HDAC8_CAGTCACCAGTTTGTAGGGC,HDAC8,1167,191,250
HDAC8_AGGCTATAACCTTGCCAACA,HDAC8,2247,1019,1064
HDAC8_CTCCTTTAACATGACTCCAG,HDAC8,225,223,289
HDAC8_TTGGATCTGCACCATGGAGA,HDAC8,391,254,301
HDAC8_CTATGCAGCAGCTATAGGAG,HDAC8,1070,228,979
HDAC8_ACTATGCAGCAGCTATAGGA,HDAC8,600,165,214
HDAC9_TCATGTGGAACCTTGTACCA,HDAC9,1495,522,710
HDAC9_CCTCAGGATGATGATGCCCG,HDAC9,1035,429,574
HDAC9_ACGTGTACCAGAGCTTGGGA,HDAC9,928,210,128
HDAC9_CCCTTACTCAGGCGGAAGGA,HDAC9,439,149,260
HDAC9_GGTCCCAGTTCACCAAACAA,HDAC9,337,128,357
HDAC9_TGACTTACATTGAGCTGGGA,HDAC9,1047,138,288
HDC_AGCGAAACCGTCGGCTCAGG,HDC,208,41,79
HDC_CAGGCATGCCAACTCAGGCG,HDC,803,123,444
HDC_ATCGAGGAAGACAAGCAGCG,HDC,1184,181,649
HDC_CGTGGCCTATGCCTCTGACC,HDC,138,61,171
HDC_TCTCCAGCTCTGTACACGCA,HDC,1079,344,331
HDC_CAGCATGTCTCCTAGCAGGG,HDC,1371,153,281
HDDC2_GAAGACCTTGAACACAAACC,HDDC2,882,199,180
HDDC2_GATAACCCAGCTCCTACCAG,HDDC2,612,44,137
HDDC2_CAGATGTGTACGCCTAGCCC,HDDC2,696,449,251
HDDC2_TTCAGATCACATGTACCGGA,HDDC2,269,237,259
HDDC2_CCTACTGCAGTTCCTGCGGC,HDDC2,316,244,130
HDDC2_TGCGACCTTCTCGGGCCACG,HDDC2,11,0,68
HDDC3_AACAAACCGGCAACTGGAAG,HDDC3,506,92,267
HDDC3_TCAGGGAACAAACCGGCAAC,HDDC3,407,554,305
HDDC3_GGCCCTGCTCCATGACACGG,HDDC3,793,237,251
HDDC3_GGCGGCCCTGCTCCATGACA,HDDC3,135,49,94
HDDC3_CGGATCCTGACCCACGAGGC,HDDC3,1587,218,415
HDDC3_ACTTCGCGGCTCGCAAGCAC,HDDC3,821,263,180
HDGF_GGGCCTCTCAACCTCCAAGG,HDGF,248,43,94
HDGF_GGAGCGTTGAAGAGGAGAGC,HDGF,617,47,140
HDGF_TGGATTCCTCGTAAGGGAAG,HDGF,623,344,285
HDGF_CCGCCATGTCGCGATCCAAC,HDGF,2655,833,536
HDGF_ACGTCCACACTTAACTGCGC,HDGF,605,213,286
HDGF_TACGTCCGCCTTTGCTAAGG,HDGF,1819,292,217
HDGFL1_CATGCCCATGTACAAGAGCG,HDGFL1,2350,606,633
HDGFL1_CCTTTAACTTGGCAAACACC,HDGFL1,764,327,310
HDGFL1_ACACCTGGTAGCGGTTGGGC,HDGFL1,82,111,267
HDGFL1_TGCACTCCTTGTACGGGAAC,HDGFL1,804,670,922
HDGFL1_GGAGTGGCATGCCGAGGCAC,HDGFL1,175,0,75
HDGFL1_GAGTGGCATGCCGAGGCACC,HDGFL1,226,116,151
HDHD1_TCTGACAACAAAGGCCACCC,HDHD1,1034,64,284
HDHD1_GAGCCGAGATCTGACAACAA,HDHD1,1741,336,192
HDHD1_CAGAAGGAGGAGCGCTGAGA,HDHD1,1356,278,249
HDHD1_CTTACCTTCTCCATAGCAGG,HDHD1,986,218,33
HDHD1_TTACCTTCTCCATAGCAGGA,HDHD1,493,142,141
HDHD2_CACTGGCTGTGAACCTGAGG,HDHD2,888,180,351
HDHD2_TGATAGCAATCCACAAAGCC,HDHD2,1482,387,719
HDHD2_CCGATCATCAACTAGCAGCA,HDHD2,1412,897,1093
HDHD2_GCAAGCAAGACCTGTTAGAA,HDHD2,1160,1102,749
HDHD2_TACAGAAGCACCACGTAACC,HDHD2,1348,806,412
HDHD3_GGTACAGAATCCCTGACCAC,HDHD3,70,1,26
HDHD3_ATTACCTCTGCGATTACCAG,HDHD3,624,19,200
HDHD3_TTCCATATGAGCAAGCCGCA,HDHD3,1176,206,328
HDHD3_CGAAGTGTTCACGCAGGCCA,HDHD3,1865,1065,1524
HDHD3_ATCCAGCCACCACTGGCGGG,HDHD3,456,103,29
HDHD3_TGCAGATACGACTGCTGACG,HDHD3,1352,317,158
HDLBP_TGAAACGGTGAAGCCAGGAA,HDLBP,966,104,141
HDLBP_TATACGGCCCAGCGATGAAG,HDLBP,607,166,102
HDLBP_GCGATGGTGTTCTTTGGGAA,HDLBP,1302,240,469
HDLBP_TGCTGTCATGAAAGCTCGGA,HDLBP,424,147,105
HDLBP_TGCTTGCCTGGAAAGTGCCC,HDLBP,152,307,69
HDLBP_TGCTGAACACCGAAGTGGGC,HDLBP,1779,273,198
HDX_AGCTGGGCCTGAAGTAGGAG,HDX,1248,545,329
HDX_ATCTGCACTCACACCAGGAG,HDX,575,89,275
HDX_TCTCTCTACAAACAGAGCCC,HDX,378,58,50
HDX_TGTGCTACTTGTCTTTGGAC,HDX,1433,343,227
HDX_TCCTTGCCTACTTGATGAAC,HDX,1183,283,269
HDX_GCTCATATTACAGTGTGCAC,HDX,198,152,538
HEATR1_AGAACCCTTGCCACAAGAGC,HEATR1,447,99,123
HEATR1_GACACAGTGTAAACACCAAC,HEATR1,79,11,32
HEATR1_TGCACCCTCTATTAAGAGGC,HEATR1,515,20,0
HEATR1_GAATGATGGAGACGACCAGA,HEATR1,72,0,0
HEATR1_TTCTACCATAGTGTCGGCGC,HEATR1,974,35,31
HEATR1_GCTGGCATCACTTTGAGGGA,HEATR1,342,0,0
HEATR2_CTCAGGCAGCGCAGCAAGCG,HEATR2,134,121,65
HEATR2_ACTGTTTGATGACGTCCCGC,HEATR2,567,12,47
HEATR2_GCTCAGTAGCCTCAACGACG,HEATR2,1166,210,172
HEATR2_CGTTGGCCTGCAGTGGCAGA,HEATR2,614,86,183
HEATR2_GCCACTTACACTTTGGACCA,HEATR2,568,224,151
HEATR2_CATCGCCACAGAGCTGGCAC,HEATR2,1378,146,184
HEATR3_GAATGGGACCGGAGGCGAGG,HEATR3,420,0,10
HEATR3_CAGATCCCTCTGATGACGAA,HEATR3,1123,661,674
HEATR3_CCTCCTGGATGTGGAGCACC,HEATR3,712,72,337
HEATR3_AGCGTCCTTGCCAAAGAAGA,HEATR3,719,330,364
HEATR3_AGCTTCTCCTGCTACCACAA,HEATR3,1567,0,0
HEATR3_CAGATACGTAAAGAAGGGAG,HEATR3,822,125,174
HEATR4_CACTGATCCGGGAGAAAGCC,HEATR4,1680,184,243
HEATR4_CAAGAATGCCCATGTGCGGA,HEATR4,521,258,158
HEATR4_ACTGCGGCTCAGTCATAGAG,HEATR4,859,508,702
HEATR4_AGGATGTGCCTATTAAGACC,HEATR4,769,157,137
HEATR4_AACCCAGAGCTACTTTCGCC,HEATR4,592,45,119
HEATR4_AGCAAGCGTCCTCGAAGGCC,HEATR4,261,77,2
HEATR5A_AACACAACGGCGACAGCAGA,HEATR5A,204,111,76
HEATR5A_TCAGGATTCCTTCGAGCCAG,HEATR5A,849,317,141
HEATR5A_CTTTATGTGGAGTACGGACC,HEATR5A,203,132,159
HEATR5A_CATGGATCTATCTGTCAAGC,HEATR5A,1625,288,381
HEATR5A_GGGAGCTGTTCAACAAAGAC,HEATR5A,845,366,212
HEATR5A_CTTGTTGGCAACCAGCAGGG,HEATR5A,422,252,179
HEATR5B_TGTCTAGAAATGGTGTCAGC,HEATR5B,274,45,151
HEATR5B_GCAGTAGTGAATGACACAAG,HEATR5B,1823,147,298
HEATR5B_ACATGTGTTTGTGTTGCCCG,HEATR5B,1145,229,211
HEATR5B_TCAGGTTTCTTAAAGAGCGG,HEATR5B,1210,97,142
HEATR5B_CCTATCAGTCAAGAGAGACC,HEATR5B,339,36,11
HEATR5B_GGGCAGCGCATTTCCAGAAA,HEATR5B,1621,201,228
HEATR6_AGATACCAGTGACCACAGAA,HEATR6,1143,400,519
HEATR6_TACCAAGCTAAAGTTCGCCA,HEATR6,1446,63,194
HEATR6_GGCTGCCTCTATTTCACCAC,HEATR6,0,25,0
HEATR6_CGCCCATCATACTGAGGAAG,HEATR6,3089,204,234
HEATR6_TCTTGTCCAGGCTTGCCGAC,HEATR6,407,109,158
HEATR6_ATCTCCGAGAACTACAGCGA,HEATR6,1173,170,59
HEBP1_CTCCCATGAAGCCCTACGGA,HEBP1,1516,346,266
HEBP1_GCAGTTTGGTGGTTATGCCA,HEBP1,1331,132,153
HEBP1_AAGGTCGCAAAGTATGCGGG,HEBP1,155,134,212
HEBP1_TCCCGTAGAGCCTCATCCAC,HEBP1,1095,67,155
HEBP1_TGTTCGGAAGCGTAGAGACG,HEBP1,939,303,199
HEBP2_ACAGTAACGCGGAGTCGGCC,HEBP2,77,86,68
HEBP2_CACTCGGCTCGGGAAAGCCC,HEBP2,663,0,29
HEBP2_GCCCAAGCTGTGGAGACGCC,HEBP2,343,75,55
HEBP2_CGTCCGTGGAGTCTATGGAC,HEBP2,2083,265,309
HEBP2_CTGGGATTCAGCCATCCAGA,HEBP2,890,130,202
HEBP2_AACAGCAATTTGATCCACCC,HEBP2,1083,151,227
HECA_CAACAGCAGCGGCGACGAGC,HECA,395,113,170
HECA_TAGGCCGGTGGACCTGGAGA,HECA,1194,114,88
HECA_CGATCTCATCATGTCTCGAC,HECA,1354,196,486
HECA_TGTGCGTGGACTGCCTGGAA,HECA,1118,640,377
HECA_GCTTACAGTTCAGGCGGGCC,HECA,850,102,156
HECA_CACAGTGCTTACAGTTCAGG,HECA,1762,710,292
HECTD1_CTCTAGACTCTGTTACGGCA,HECTD1,670,45,16
HECTD1_TGGAAGACCTCAAGTAGCAA,HECTD1,1210,435,472
HECTD1_AAACCAGGTCGCAGCACCAC,HECTD1,333,51,57
HECTD1_CTTACCTTCATTCGTGACAG,HECTD1,1861,139,244
HECTD1_CCAGGTAGTATGTTATGGCA,HECTD1,988,107,89
HECTD1_GGAATGGCTACAGATGGGAC,HECTD1,726,105,7
HECTD2_CTGCCGCCCATCGTATCGGC,HECTD2,702,115,137
HECTD2_AGAATAGGTTCTGGAAGGAC,HECTD2,408,138,236
HECTD2_AGCGGCTGATGGAATCCACC,HECTD2,317,17,48
HECTD2_AACGAATGGGTACTGACAGA,HECTD2,583,114,58
HECTD2_GCAGCTGCTTCGTCCAGAAG,HECTD2,1492,192,243
HECTD3_TGCGGATCTCGATGATCGGG,HECTD3,530,180,168
HECTD3_GGCATTGCTGTCTGTCAGGC,HECTD3,837,63,63
HECTD3_ATGGACCTACGAGTGCGACG,HECTD3,635,170,201
HECTD3_CCTGACATACTCACATCGCC,HECTD3,367,74,142
HECTD3_ACACTCCCAACCACCTCCAG,HECTD3,841,395,189
HECTD3_GAGCTCAATGCTGTCGCGGG,HECTD3,693,283,154
HECTD4_ATGCTGGTGCCTCCTCCAGG,HECTD4,481,53,52
HECTD4_GGCAGCAAGCGTTGCTGACG,HECTD4,341,0,24
HECTD4_AGTGCTCATGGTGCTGCCAA,HECTD4,416,176,74
HECTD4_GCAGCGGCAGTCTTCTCCAC,HECTD4,1098,462,339
HECTD4_ATAGCACATCAGCTACAGGC,HECTD4,85,240,289
HECTD4_ATTCCATTGAGACAGTCAGC,HECTD4,1,145,70
HECW1_CACTGACCTTCACACTACAC,HECW1,1526,551,473
HECW1_TCAGTGTCGCTGGTGGAGCG,HECW1,2665,1252,1064
HECW1_GATGAGACCGTCCAAGGACA,HECW1,223,107,134
HECW1_TCCCTCACCATGGACAGGAG,HECW1,1400,345,253
HECW1_TTCCAGCACGTCAGTGGGCA,HECW1,1869,927,671
HECW1_TCAGCTACACACTTGGCCGC,HECW1,326,194,48
HECW2_GATTCCTGCGACCCTTCGGC,HECW2,91,142,132
HECW2_CAGCTGGGAGCCTTCTGCCA,HECW2,740,225,94
HECW2_CGCTCCAGCAGCCTCTGGAC,HECW2,1525,301,253
HECW2_AGGGCAGTTGGGCTAAAGAA,HECW2,1245,501,346
HECW2_GCAGGGCTCCACTAATGCCG,HECW2,460,54,76
HECW2_GGCCAACAGCGACACCGACC,HECW2,649,345,138
HEG1_GGTGCCCGCCTTCCTGGCAA,HEG1,120,139,41
HEG1_AAGGTGGCATCAGCACAGAA,HEG1,1704,429,484
HEG1_GGCAAGCTGATGTTCTCCAA,HEG1,86,13,37
HEG1_CGGGCCACCATCAGTGAACA,HEG1,3787,1669,2050
HEG1_GAGTGGAACAGCCTCGGAGA,HEG1,547,281,191
HEG1_ACAGCTCTGACTTCCCAGAG,HEG1,2406,595,954
HELB_CCTAAACGACGACGTGGAGG,HELB,636,59,38
HELB_CTCCTCGGCGTCGATGAACA,HELB,2225,1092,815
HELB_GGATCAGGTTGAAGTTCCAC,HELB,268,157,76
HELB_TGCTGCTGCAAACACTACAC,HELB,2033,825,806
HELB_AGTAACGTTCGACTGTGCAA,HELB,354,125,91
HELB_CGGAAGAGCTCTGGAGACAG,HELB,1109,376,431
HELLS_TTCCTCTTCTAGCATGGCCG,HELLS,991,81,111
HELLS_TCACTGGAGGAGTGATGCGA,HELLS,1032,99,81
HELLS_ACCAAGTAGAAGGCATGGAA,HELLS,60,162,77
HELLS_TGTATTGCATATGCTGCACC,HELLS,419,80,29
HELLS_CAGTCAAATACAGCCAGAGG,HELLS,659,257,290
HELLS_TTCTTAGTGAGTACACGAGC,HELLS,279,13,87
HELQ_GCTTTCAGAGACTCCAAGAA,HELQ,631,211,205
HELQ_TGGTGATAGGCAACTCCAAA,HELQ,773,290,386
HELQ_ATGATTGGTGAAGGAAGCCG,HELQ,529,81,110
HELQ_GGGTCTGGTTGTTGTAGACG,HELQ,498,210,85
HELQ_GAAGGTGTCACTATTGAACC,HELQ,297,87,21
HELQ_GAATGTCTCGTCCTTGGAGG,HELQ,513,158,190
HELT_ACTTGGGTGGACCGATGGCA,HELT,1051,160,238
HELT_CTGCCATCGGTCCACCCAAG,HELT,2846,401,582
HELT_GCCCATGGCCTTGGCGAAGC,HELT,244,104,227
HELT_AGAGGACCAGCGAGCGGACG,HELT,1907,510,457
HELT_CCTTGGACTGCAAGAAGGCG,HELT,0,12,18
HELT_GAGGCCGCTGTGTTCCCGCA,HELT,235,202,75
HELZ_AGATACTTTGGCTGGACGAC,HELZ,354,239,218
HELZ_TGCCGGAGATAGTACTACCC,HELZ,1635,257,265
HELZ_CCCAGGAAGAACTAGCAGAA,HELZ,2472,911,991
HELZ_TTCCACGTGATATCCAGAGA,HELZ,1380,295,362
HELZ_TGTGAGTGACTTGGCAAGAA,HELZ,1781,729,789
HELZ_ACTCCATGGCAGACTTCACA,HELZ,437,144,245
HELZ2_TGACTTCTGGCCGTGGGACG,HELZ2,1744,210,539
HELZ2_GAATCTGGCTGAGATTGCGC,HELZ2,646,43,87
HELZ2_GGGCCAGGTGTTCCTGAAGA,HELZ2,1326,348,505
HELZ2_GGAGTTCAACCGCAGCAGCG,HELZ2,315,157,53
HELZ2_ATACTCACAGAGGTCAGGCC,HELZ2,1039,187,192
HELZ2_ACAGATGGTGGCCTTCGACC,HELZ2,931,85,198
HEMGN_CCAGGATCCTAAAGCACACC,HEMGN,844,426,254
HEMGN_GGTGAATATTCTTCAAGCCC,HEMGN,127,125,82
HEMK1_GCTGACCAGTTCTATGGCAC,HEMK1,239,130,228
HEMK1_TGCAGTACATCCTTGGAGAG,HEMK1,2492,743,1055
HEMK1_TCCCTCTGCTTCACAGGAAC,HEMK1,1029,460,613
HEMK1_CTACGTCTTCCACCAGGACA,HEMK1,2062,447,1134
HEMK1_ACATTCTGGCCTTGGCACCC,HEMK1,1074,251,359
HEMK1_ACCCGGAGCTTGTCAGCAGC,HEMK1,358,429,397
HENMT1_GGTTCAACTTGGGATACGCA,HENMT1,247,275,144
HENMT1_ACTGGTCCAAAGCATGGGAC,HENMT1,556,114,209
HENMT1_CTCATACCCAAGCTTACAGC,HENMT1,522,132,130
HENMT1_AAGGTCACTGATGGAAACAG,HENMT1,639,119,351
HENMT1_ACGAGAGTCTCTCTCCACAA,HENMT1,1595,176,382
HENMT1_ATGGTCAAATTCAGATCCCG,HENMT1,544,36,67
HEPACAM_ATCCGCGAGCAAGACGAGGC,HEPACAM,661,100,125
HEPACAM_CTCGAAGTGGTGAGCAGGAA,HEPACAM,2289,2016,1317
HEPACAM_AGTGCCCATTTCGAGGCCAC,HEPACAM,116,35,59
HEPACAM_GCCGATGACCTCTGTGCCAA,HEPACAM,836,358,598
HEPACAM_TACCTGTCTGGATCAGAAGA,HEPACAM,714,188,128
HEPACAM_TACCTTCTTCTGATCCAGAC,HEPACAM,798,312,328
HEPACAM2_GGATGGTCTTGCTGCTGGGC,HEPACAM2,82,71,153
HEPACAM2_CTTACAACAACATAACCGGC,HEPACAM2,376,85,143
HEPACAM2_GGAGGATGAATCTGCACCAC,HEPACAM2,138,131,236
HEPACAM2_CGAGCAAGCACCTGTTGCAA,HEPACAM2,1971,341,786
HEPACAM2_ACAGGGCCTTACCGAAGAGA,HEPACAM2,608,249,196
HEPACAM2_GGGCCTTACCGAAGAGAAGG,HEPACAM2,651,127,29
HEPH_GCCCAGGTAGTAGACTCGAG,HEPH,1078,334,423
HEPH_TCATGGTGTCTTCTACGAGA,HEPH,1319,267,120
HEPH_TAGATCCAGGTGAGGCACGC,HEPH,1579,165,387
HEPH_CTACATCCTGGCGTTGAGGA,HEPH,810,412,691
HEPH_CATCTCAGCAGTCACAAAGG,HEPH,1303,531,460
HEPH_TCAATGGGACTATGGCCCGA,HEPH,476,283,458
HEPHL1_ATGCCTCGGAAGCAGCCAGC,HEPHL1,0,27,62
HEPHL1_TTCTCGAAAGAGGGCCCAAC,HEPHL1,818,305,311
HEPHL1_GATGTGCGAATGGTACACCC,HEPHL1,689,90,14
HEPHL1_GCTCCGGGAAGTTTCCGAAG,HEPHL1,1366,161,332
HEPHL1_CCAAGATGAAGGGTCAACAG,HEPHL1,2946,369,1219
HEPHL1_CCTTGTCATAGATCACACCA,HEPHL1,502,350,225
HEPN1_GGTTGATGGCGAATCAGAGC,HEPN1,734,117,176
HEPN1_GACCCTTGGAGGCATTAAGG,HEPN1,722,133,93
HEPN1_CCTTGGAGGCATTAAGGAGG,HEPN1,718,100,47
HEPN1_GGCATGTCCTGGCTACACAG,HEPN1,843,236,481
HERC1_CTCCCGCAAGTGCAAGAGCA,HERC1,1529,198,487
HERC1_TGTGGTCAGGGAAATTCCAC,HERC1,856,94,172
HERC1_TCTGTTAGAGCTTGCGGGAA,HERC1,1547,367,432
HERC1_CTCACAGGTTTCGGAGACAA,HERC1,2253,749,595
HERC1_GAACCAACCAGAACATCGGA,HERC1,454,58,0
HERC1_TCGTTGCAAAGACTGAGACC,HERC1,1359,596,287
HERC2_TTCCTGATTCTGTCACGCAA,HERC2,1056,367,413
HERC2_GCATACAGGGCGTAGCCAGA,HERC2,755,139,105
HERC2_ACGCCAGCCACCAAAGGGCC,HERC2,1138,251,127
HERC2_GGCCTCGGGAAGTGCTCGCA,HERC2,145,42,37
HERC2_TTGCCTTCCTGCGCAGGGCC,HERC2,462,425,385
HERC2_GAGTCGCAGGGCTGAGAGGG,HERC2,225,123,143
HERC3_TATTGGTCTCTGGGCCAACC,HERC3,199,153,126
HERC3_CAAGCAATGCCAGTTGCCAC,HERC3,491,341,77
HERC3_CAGATGGCCAGTTCTTCACC,HERC3,644,263,152
HERC3_GGTGTGTTTACCTTTGGCGC,HERC3,371,106,30
HERC3_GCAAGAGGTCAATTAGGAAC,HERC3,1031,280,284
HERC3_ATAGTCCTGAAGTCAACAGC,HERC3,497,338,398
HERC4_TATCAACTGGGTCCAACAGC,HERC4,271,108,76
HERC4_TCATCCGCAGATATCTCAGC,HERC4,211,88,11
HERC4_ACTTCCATTTAGGCAACCAG,HERC4,694,44,82
HERC4_TCCACAGGAAACCTTCCAGA,HERC4,676,38,10
HERC4_CTGCTGCAACTTGCATGAAA,HERC4,3334,1110,1341
HERC4_AGCGCTAAATGACAAAGGCC,HERC4,604,118,41
HERC5_CTCGCGGTCTTGGAACGCGG,HERC5,517,124,252
HERC5_AAGATACATTCCGTGGACCA,HERC5,1029,270,120
HERC5_TGAATGTGGACAACTAGGCC,HERC5,1212,228,361
HERC5_TCACAGTGCCCTACTCACAC,HERC5,2615,720,1077
HERC5_TCACTGGAAGCGGCATCAGC,HERC5,735,150,219
HERC5_CTGATGTGGAGACTAAACGG,HERC5,2695,466,188
HERC6_CTCGTGCGGAGACAACAGCA,HERC6,1021,382,256
HERC6_GGCTGTGTGCCACAAAGGAA,HERC6,1204,248,459
HERC6_ACACACTGCGGTGCTTACCC,HERC6,835,274,213
HERC6_AAGCAAGCCAACTCATCCGG,HERC6,162,287,300
HERC6_CAGGACATTCTGGGAGCAGG,HERC6,618,56,43
HERC6_GCTCTTTCGGGATAACCACC,HERC6,359,92,87
HERPUD1_CACTCAGCTCCAAGTCGCGG,HERPUD1,285,150,372
HERPUD1_TGCATATATCTGCTGGAACC,HERPUD1,2262,456,481
HERPUD1_CAGCATTCTGATTGGCAGGC,HERPUD1,466,504,495
HERPUD1_TTGCGGATGAATGCACAAGG,HERPUD1,2144,789,666
HERPUD1_TGATTTACAACGTCAGGAGG,HERPUD1,565,65,47
HERPUD1_ATGCTGTGCTCATAAAGGAG,HERPUD1,1203,152,242
HERPUD2_TTTCAGGTCAATTGGCAACC,HERPUD2,1478,445,303
HERPUD2_TTACTGAACAGACACCAAGC,HERPUD2,1384,373,170
HERPUD2_TCAATCGAGACTGGCTAGAC,HERPUD2,633,934,784
HERPUD2_ATCTGCAGTGGGCTAAACGC,HERPUD2,814,387,747
HERPUD2_GGGCTAAACGCGGGATACAC,HERPUD2,330,88,38
HERPUD2_CACCATGGACCAAAGTGGGA,HERPUD2,1163,381,374
HES1_AGCCAGTGTCAACACGACAC,HES1,2956,750,711
HES1_ATCCGGTGTCGTGTTGACAC,HES1,1285,386,378
HES1_GAGCTCGCGGCATTCCAAGC,HES1,989,120,184
HES1_CTTCAGCGAGTGCATGAACG,HES1,1205,336,210
HES1_CCTCGCACGTGGACAGGAAG,HES1,1379,321,608
HES1_ATGGAGTCCGCCGTAAGCGA,HES1,377,303,163
HES2_TCCGCCACAGGTGCTCCAGC,HES2,1062,278,316
HES2_CCCTCGCGGTAGCTGTCGCA,HES2,692,64,171
HES2_CCTTGCGACAGCTACCGCGA,HES2,842,207,264
HES2_GCAGGGAGGGCTCACTCACG,HES2,1192,224,349
HES2_TCTGGTTGATGCGCGCGCGC,HES2,367,182,261
HES3_GGAGAAACACTACTCGCACC,HES3,718,79,81
HES3_CCGGAAGCGCAAATTGGAGA,HES3,1303,410,299
HES3_CCGAAGGAGCTGGCTCACGC,HES3,2110,578,790
HES3_CATCTCCGCGCCGAAGGAGC,HES3,25,108,14
HES3_GGTGCAAGGGCGGAACAGCG,HES3,730,158,188
HES4_CTTCCACGAGTGTCTGGCGG,HES4,1040,931,251
HES4_GCGGTACTTGCCCAGAACGG,HES4,312,81,77
HES4_CGGTACTTGCCCAGAACGGC,HES4,535,172,201
HES4_GAGCTCCCGCCACTCGAAGC,HES4,1088,290,166
HES4_GAAACCGAGCGCCTCGCCGA,HES4,357,10,1
HES4_ACCATGGCCGCAGACACGCC,HES4,267,133,33
HES5_CTACTCGTGGTGCCTGCAGG,HES5,1379,504,557
HES5_CTGCACCAGGACTACAGCGA,HES5,2730,964,524
HES5_CGGCGCATCTTCTCCACCAC,HES5,2679,734,1278
HES6_GGACGACCTGTGCTCCGACC,HES6,346,163,14
HES6_GCGGCATGGACTCGAGCAGA,HES6,613,143,255
HES6_CTACATCCAGTGCATGCACG,HES6,1353,843,404
HES6_TGGAGAAGAAGCGGCGCGCG,HES6,1291,413,458
HES6_AGGACGGCTGGGAGACGCGA,HES6,1332,120,56
HES6_GCCGTGAGGATGAGGACGGC,HES6,30,67,57
HES7_AAGCAGGCACTCGCGGAAAC,HES7,2183,1331,1257
HES7_GAACCTCCGGAACCCGAAGC,HES7,394,280,164
HES7_GGCTAGCGGAGGGACTGACC,HES7,99,66,41
HES7_TCAAGCCGCTTGTGGAGAAG,HES7,963,194,371
HES7_GATCGAGCTGAGAATAGGGA,HES7,1181,356,86
HES7_CGGAGGAGCAATGGTCACCC,HES7,1450,640,679
HESX1_TGGGATTTCATTCCCTAGCG,HESX1,409,350,342
HESX1_GCTAGGGAATGAAATCCCAC,HESX1,530,407,154
HEXA_GCTTTCACCTTCAAATGCCA,HEXA,302,134,29
HEXA_CATCGTCTCTTCTTATGGCA,HEXA,961,452,320
HEXA_ATCAAAGGGCTCATACCAGC,HEXA,310,178,15
HEXA_CTGTGTAGATGTGGGTGACA,HEXA,1229,515,546
HEXA_CCTAGGGAAACGGCATACAC,HEXA,870,389,239
HEXA_CTCGTCGAGGACTGAGCAGC,HEXA,749,55,139
HEXB_GCTGCTGACTCAGGTGGCGC,HEXB,305,346,215
HEXB_CCAAGATAGTGTATGCCCAG,HEXB,565,386,564
HEXB_TACTGTAACATGGAGTCAGG,HEXB,287,174,102
HEXB_GGGATCCATTGTCTGGCAGG,HEXB,172,0,33
HEXB_TAACGTTAATAGCTTGCGCC,HEXB,494,41,12
HEXB_GACAAGGCACCGCTGCAGGA,HEXB,479,92,315
HEXDC_CCTTAAAGGAGCTCCACCAA,HEXDC,1572,99,282
HEXDC_GGCCGTTTGCACCTAGCGCA,HEXDC,1713,772,601
HEXDC_TGTCCAAATGTCTGCACCAA,HEXDC,3345,836,1323
HEXDC_AGCTACACCCAGGCGCCCAG,HEXDC,1658,139,200
HEXDC_AGGTCTATTACCTCGGAGAG,HEXDC,260,123,177
HEXDC_CTGGGACTACACGGCCGACC,HEXDC,377,218,295
HEXIM1_AGAATCTAGCTGCCTGAGAG,HEXIM1,637,126,198
HEXIM1_CGAGCCGAGATGTTCGCCAA,HEXIM1,1801,29,258
HEXIM1_CATGGATGATCACGACCAGG,HEXIM1,223,59,96
HEXIM1_AACCGGCCTGTACTCCAAGC,HEXIM1,572,64,88
HEXIM2_ACAGGCGGTCTGGTTCGGAG,HEXIM2,1381,72,209
HEXIM2_TTGGCCTCCTCCAGGGCCAC,HEXIM2,231,29,71
HEXIM2_CCAGAGTCATGACGCTCAGG,HEXIM2,590,191,5
HEXIM2_GGCGGCCATCGAAGCGCAAA,HEXIM2,1064,241,279
HEXIM2_CGCGAAGAGATGTTCGCCAA,HEXIM2,1214,748,535
HEXIM2_GAGCGCACGGTGAGTTCCAG,HEXIM2,1,201,146
HEY1_CCAGAACGGCCACGGGAACG,HEY1,1915,1100,1083
HEY1_TGACCCGCTTCGAGTTCGAC,HEY1,451,283,206
HEY1_GGAAACCTAACGGGAGACCA,HEY1,330,63,144
HEY1_TTGAGAAGCGCCGACGAGAC,HEY1,1058,576,490
HEY1_GCTGGACGAGACCATCGAGG,HEY1,967,34,68
HEY1_CAGCTCCTCGGACAGCGAGC,HEY1,756,128,374
HEY2_TCGGAGGTCGTCTCCTCGCA,HEY2,1551,305,516
HEY2_GACGACCTCCGAGAGCGACA,HEY2,503,22,148
HEY2_TTGAAGATGCTTCAGGCAAC,HEY2,1093,334,524
HEY2_CGGATGATGGTGGTGGGCCA,HEY2,3384,832,746
HEY2_AGTTGTGGAGAGGCGACAAG,HEY2,1247,156,459
HEY2_GCCCTCCGAATGCCATCCAC,HEY2,380,177,247
HEYL_TGGTAGAGCATGGCTCCCGC,HEYL,424,55,164
HEYL_CGAGGTCTTGCAGATGACGG,HEYL,512,417,431
HEYL_CCAAGCGTCGCAATTCAGAA,HEYL,1877,497,703
HEYL_ATCCCGGCCCTTACCTCAGC,HEYL,358,194,166
HEYL_ACCCATCGACGTGGGCCAAG,HEYL,114,552,324
HFE_AGCATCAGGAGGAGAAGCGC,HFE,733,152,87
HFE_CAAGAAGACAACAGTACCGA,HFE,1592,400,103
HFE_GAAGTACGGGTATGATGGGC,HFE,383,85,277
HFE_CAAGGCCCGACACCGTAGAG,HFE,588,377,377
HFE_TAAGCAGCCAATGGATGCCA,HFE,108,117,136
HFE_CCAATGACTAGGGTGCCAGA,HFE,1226,665,832
HFE2_CCTAGTCCCAGGTCCTCCCA,HFE2,1461,132,138
HFE2_TCATCAGGAGCACTTCGAGG,HFE2,1748,268,214
HFE2_AACCGGCCTTCATAGTCACA,HFE2,806,152,153
HFE2_TGAGTGCCTGACCTTCCGGG,HFE2,624,77,110
HFE2_ATCAATGGAGGTGACCGACC,HFE2,282,91,86
HFE2_TCGATTCAAACTGCTAACCC,HFE2,1405,392,102
HFM1_CTACAGATGATTGGTAGAGC,HFM1,1161,408,601
HFM1_AGACAACTCTTTGGTTCAGC,HFM1,203,168,280
HFM1_GCACATCAGTATTCCGGAAA,HFM1,2185,937,797
HGD_TCAATGTTGTGGCCTGGCAC,HGD,639,82,222
HGD_GCGATCCTCATACCAGGCAA,HGD,1470,412,429
HGD_TAGATGTCTTTGAGGAGACC,HGD,188,114,208
HGD_CTGCATACCTTGTGTGGAGC,HGD,449,191,720
HGD_CCCTTTGAATCCATTGACGA,HGD,1458,255,653
HGD_TGTCCTTCTGGCAGGGAACC,HGD,764,273,529
HGF_GGGTCAAGAGTATAGCACCA,HGF,376,144,210
HGF_CAGGCAAGATTTGTCAGCGC,HGF,1305,542,433
HGF_TGGATTGCTTGTGAAACACC,HGF,672,396,322
HGF_GGTAAAGGACGCAGCTACAA,HGF,122,81,60
HGF_CCCTTCAATAGCATGTCAAG,HGF,1922,749,488
HGF_CAGGAGTTTGGTCACCCACA,HGF,1090,175,256
HGFAC_CAGCACTCACCGAGGACGGG,HGFAC,235,111,301
HGFAC_CACAACTCACAACTACGACC,HGFAC,1096,322,292
HGFAC_ACCGGCAAGGACTGCGGCAC,HGFAC,623,321,712
HGFAC_ATGTCGGGTGCCTTCGCACC,HGFAC,199,79,17
HGFAC_ACCGTGTGTGCCTGCCCACC,HGFAC,277,1,163
HGFAC_CTGAGGTGCTGGCCACGCCA,HGFAC,1411,300,319
HGS_CTGCGACCTGATCCGCCAAG,HGS,1647,45,49
HGS_ACACGTCGCCTTGTATGCCC,HGS,686,20,0
HGS_CCGTCTCACCCACCTTCAGC,HGS,724,20,100
HGS_CACCTACCAGATCATGAAGG,HGS,663,4,12
HGS_AATTCTGGAAAGACGTGCCC,HGS,33,0,0
HGS_CGAACTGCACCCTGCAGCGG,HGS,1708,152,45
HGSNAT_TAGTGAAATTGCCTGTGACC,HGSNAT,878,162,314
HGSNAT_TGAAGGTGTCCACGCTGCGG,HGSNAT,607,164,204
HGSNAT_GGCAGACCGGCAACTCACCA,HGSNAT,251,175,188
HGSNAT_TGACTTCTATACTGCAACGG,HGSNAT,929,297,371
HGSNAT_GAGGCACAATGTTCAGGCAC,HGSNAT,340,247,352
HGSNAT_TTCGCTTACGTAGGGCACCC,HGSNAT,1192,206,361
HHAT_ACTCGGAAGTGCCGAAAGAG,HHAT,381,93,164
HHAT_ACACGAAGAGGAGCTGGACC,HHAT,1352,421,358
HHAT_CCACATGGTAGTGTCTCAAA,HHAT,384,373,217
HHAT_TCAGGAGCTGAGACCGGAAC,HHAT,1358,338,452
HHAT_CTTCTCGGAGTTCATCAAAC,HHAT,938,316,447
HHAT_TCCACTTTAGATGCAGCAGC,HHAT,1506,284,289
HHATL_CCTTCACCCAGTCATACACC,HHATL,1311,532,431
HHATL_GGTGGAGCCAGTGAGACGCG,HHATL,129,0,34
HHATL_GCGTTGCACCAGCTTTGCAC,HHATL,415,199,140
HHATL_CAAACAGCACATGTCCGGAG,HHATL,2400,212,721
HHATL_AGGTCGCACAGACTCCCGGA,HHATL,86,188,103
HHATL_TACCTTGTGAAGCCTCAAGG,HHATL,575,175,437
HHEX_GCCATGCAGTACCCGCACCC,HHEX,1054,748,277
HHEX_ATCGAGGACATCCTGGGCCG,HHEX,507,38,134
HHEX_TCGAGGACATCCTGGGCCGC,HHEX,1545,99,118
HHEX_ATCGGCGTGGGCTCGTACAC,HHEX,927,181,133
HHEX_AATATCTCTCTCCGCCCGAG,HHEX,331,38,117
HHEX_GCTGCAGCTCAGCGAGAGAC,HHEX,447,158,393
HHIP_ACGAAGGGAGCGGAGCAAGG,HHIP,1420,232,393
HHIP_ATACCACCAACCAAGAACGG,HHIP,867,184,148
HHIP_TGGTGATGGGATGATTACAC,HHIP,272,292,124
HHIP_ATGGGCTCCACGATCCAGGC,HHIP,540,49,280
HHIP_CCACTAGTGCCGAGACAGAG,HHIP,1968,778,911
HHIP_AGTATGACCCAGACTCACAA,HHIP,395,264,362
HHIPL1_ACATGTGGCATAAGTGCCGG,HHIPL1,77,20,140
HHIPL1_AACCAGCCTCAAACCACAAC,HHIPL1,2,219,209
HHIPL1_GCCACATGTTGCGCACGCCC,HHIPL1,78,152,157
HHIPL1_CGGTTGGCAAGTCGGTCACA,HHIPL1,244,116,167
HHIPL1_TAGTAGTTGTTGATGAGGCC,HHIPL1,608,91,183
HHIPL1_GCTGTACTTCATGTCGACAG,HHIPL1,471,178,190
HHIPL2_CCAAGTGCCTATGCACCACG,HHIPL2,1328,349,822
HHIPL2_GGTGCTGATCAGCCCTGGGA,HHIPL2,30,42,49
HHIPL2_TCCCATAGGCATAGATGGCG,HHIPL2,946,359,520
HHIPL2_TTCAATCTCCAAGATGACCC,HHIPL2,574,291,237
HHIPL2_AGCAATAGTCCTTGTCAGGA,HHIPL2,995,204,321
HHIPL2_AGTACCGGGCAGCGATGCGG,HHIPL2,143,188,276
HHLA1_ATGTGCAGCTACCAGGAGGG,HHLA1,975,471,289
HHLA1_GAACCATGTGGCTGTGGCCC,HHLA1,570,207,50
HHLA1_GATGAACACACCTGAGAGGA,HHLA1,54,33,43
HHLA1_CGGACCAATGACTTATCAGG,HHLA1,2865,160,300
HHLA1_CTCTTTCAGAGCTGCCCGCA,HHLA1,56,136,127
HHLA1_AATGAAGCTGTGCATGGGCC,HHLA1,0,45,10
HHLA2_GATCCGAAGTCGTAATACAC,HHLA2,628,94,152
HHLA2_TGGGATCTTGGCTTTCCAAA,HHLA2,986,233,306
HHLA2_AGAGTAAGCCTTCTGGACGA,HHLA2,1328,196,223
HHLA2_ATCCTCGTCCAATTATCACG,HHLA2,657,212,265
HHLA2_CTGCTGAAGCAAACATGGAC,HHLA2,862,479,440
HHLA2_TTCGCCATTATCGGGTGCAC,HHLA2,1441,291,172
HHLA3_AGAATGACGCCACGGCACGC,HHLA3,850,835,312
HHLA3_ACATCACATCCTGCGTGCCG,HHLA3,119,519,409
HHLA3_GATAGGTCTTGTCAACGGAA,HHLA3,601,89,58
HHLA3_TAGGTCTTGTCAACGGAAAG,HHLA3,728,357,174
HIAT1_CATCATTAAGGACGGAGGCA,HIAT1,1,1,3
HIAT1_AAACACCGTTAGCAGCAAGA,HIAT1,1502,485,447
HIAT1_ACGACTCTGGCACAGCAACA,HIAT1,1534,526,483
HIAT1_AACTGCTGATGCTGATCAAC,HIAT1,998,725,321
HIAT1_ATTATGCAATGGTCTGGGAC,HIAT1,444,69,66
HIAT1_CCTCATAATACACAAGCGCC,HIAT1,141,39,106
HIATL1_GACAAGACTAGCCGCAAAGG,HIATL1,1204,431,481
HIATL1_GCTGACAAGACTAGCCGCAA,HIATL1,377,83,183
HIATL1_TCCAGATGCTCCAGTTAGCC,HIATL1,1723,354,412
HIATL1_CGGAAACGTGATGCTGGACA,HIATL1,2404,323,514
HIATL1_ACTCTGCATTCCGAGAGACG,HIATL1,812,58,214
HIATL1_CTGATTTAGGAGTTGCCCAG,HIATL1,748,148,165
HIBADH_GGCCAAAGGGCACACTCAGA,HIBADH,515,46,90
HIBADH_TCGGCTAATAACTATCAGGG,HIBADH,3209,745,817
HIBADH_TACTGTGGAGCTGTTGGGAC,HIBADH,1033,385,261
HIBADH_GAAGCTTATTCCGGAGCAAA,HIBADH,339,305,253
HIBADH_TCCAGTTGGATTCATTGGAC,HIBADH,601,161,354
HIBADH_CCGGCTCCAGTACCGGAGAC,HIBADH,1444,514,694
HIBCH_TTTCATGAAGGCGTTAGAGC,HIBCH,1077,165,354
HIBCH_TAGCCACTCGAAATTGCCCA,HIBCH,597,123,67
HIBCH_CTCCTTACGACACCCACCAC,HIBCH,2979,457,355
HIBCH_TCCTTACGACACCCACCACA,HIBCH,1301,340,286
HIBCH_GGTAGGTGAGTCGATGGCGC,HIBCH,167,39,101
HIC1_GCAGACGATGCTGGACACGA,HIC1,1323,541,202
HIC1_TACGCGCCCTATGGTCGGCC,HIC1,262,140,171
HIC1_TCGCCATAGCTACCCAGGCC,HIC1,1141,279,622
HIC1_GCTCGTCGCCATAGCTACCC,HIC1,142,88,148
HIC1_CCATAGGCCAGGTGCGGGCA,HIC1,1210,542,228
HIC1_GGAGGAAGCGCTGTACGGCA,HIC1,857,235,297
HIC2_AGTGCGCAGAGCGGGAGCGA,HIC2,413,156,75
HIC2_CCGGTACATGTAGTGGGCGC,HIC2,201,199,74
HIC2_CCACTACATGTACCGGCAGG,HIC2,742,26,66
HIC2_AGAGCTGTTCATCAAGGAAG,HIC2,876,328,165
HIC2_GGGTCTTTGGCTTCTAGGAG,HIC2,914,215,360
HID1_AAAGTGGCAGCACCAACCCA,HID1,486,88,86
HID1_TATCGTGGATGTAGTTAGGC,HID1,618,99,239
HID1_TGAAGTCCGGGCAGAAGAGC,HID1,1109,204,330
HID1_GAGTGGCTGCCACTCGGAGA,HID1,545,85,2
HID1_CCTCACCTTGTAGCACAGGG,HID1,115,363,325
HID1_CCAGCTCACCACCAAGACGC,HID1,3626,725,900
HIF1A_TTTCTTGTCGTTCGCGCCGC,HIF1A,202,144,46
HIF1A_GATGGTAAGCCTCATCACAG,HIF1A,210,20,49
HIF1A_AAGTGTACCCTAACTAGCCG,HIF1A,1224,492,555
HIF1A_TTCACAAATCAGCACCAAGC,HIF1A,1431,479,240
HIF1A_ACTAAAGGACAAGTCACCAC,HIF1A,1032,47,91
HIF1A_ATGATTGTGTCTCCAGCGGC,HIF1A,487,45,48
HIF1AN_GCTCTGACTCAGACGCGGAA,HIF1AN,514,124,135
HIF1AN_GGGTCGCTCTGACTCAGACG,HIF1AN,1028,122,251
HIF1AN_CTGCAGGATATACAGCAGCG,HIF1AN,17,9,50
HIF1AN_CTTCCATGCCAATGAGCAGC,HIF1AN,444,280,269
HIF1AN_ACCTGGCTCTGTCTGTCACA,HIF1AN,72,80,24
HIF1AN_TACGAAACAGTGGTTGGCCC,HIF1AN,306,69,78
HIF3A_CCATGGACTGGCAAGACCAC,HIF3A,652,527,266
HIF3A_CGTCAGCGCCCACCTGGACA,HIF3A,3056,522,679
HIF3A_CGTCATGGTGCTCACCGCCG,HIF3A,3313,1273,1188
HIF3A_GCGCACCCTCAACCTCAAGG,HIF3A,1341,562,371
HIF3A_AGCACCAGGCACTGCAGCGG,HIF3A,1210,304,430
HIF3A_CTACGAGTACATCCACGCGC,HIF3A,1433,567,318
HIGD1A_AACTTACCAACGGGTACGAA,HIGD1A,1882,476,861
HIGD1B_TTATGTCTGCTAACAGACGC,HIGD1B,510,183,179
HIGD1B_GAAGACTCGGGAATCTCCAC,HIGD1B,60,3,29
HIGD1B_TGGAACCACGAGACCTCAGC,HIGD1B,976,79,23
HIGD1B_ACACCTGATTCACACCCGAG,HIGD1B,938,602,505
HIGD1B_TCACACCCGAGTGGCAGCGC,HIGD1B,1564,374,706
HIGD1B_TTACGTCAAGAGGATGGCAC,HIGD1B,1488,117,108
HIGD2B_TGGCTGCAATGGTGAAGCCC,HIGD2B,794,113,185
HIGD2B_CATAGGTTTCCTGTGCACGG,HIGD2B,1665,460,361
HIGD2B_TCTCGGCTTTGTGACTCCGG,HIGD2B,656,176,591
HILPDA_CTCCATCACTCTAACGAAGA,HILPDA,905,361,489
HILPDA_TTACTAGAGAGCCCATCGCC,HILPDA,1085,185,277
HILPDA_GCCAACACAGAGCCCACCAA,HILPDA,1001,342,105
HINFP_TTCCATGGTTGAGCACACAA,HINFP,1021,146,193
HINFP_GCCACATTCCTGCCACAAGC,HINFP,392,44,0
HINFP_AGCAGTCGGCAAGGACAACC,HINFP,296,27,60
HINFP_GCACCTCCGCAGCCATACCC,HINFP,1265,85,8
HINFP_CGGGACCACATGCGCAACCA,HINFP,3605,0,40
HINFP_AAAGCGCATGTGGTTGCGGA,HINFP,464,6,1
HINT2_AGTGATCAACGATGGGAAGC,HINT2,384,40,61
HINT2_TTGCTGTCTGCTTGGCCACA,HINT2,989,253,288
HINT2_CATCACGGAACACAAGACAC,HINT2,306,49,240
HINT2_TCCTCATAGAGAATGTCAGC,HINT2,223,8,68
HINT2_TGATGGGAATGAAGTGGCCA,HINT2,940,86,148
HINT3_CGAACTCCTGCACTGCGAGG,HINT3,2123,311,211
HINT3_ATGAAGGTGCAAGTGGGAAA,HINT3,2275,400,574
HINT3_CCTTCATGTTCTGGCACCAG,HINT3,2418,450,805
HINT3_AAGAAGCCAAGCTGATCCAC,HINT3,986,67,19
HIP1_CTGCAGGGATCACCACCACA,HIP1,982,381,269
HIP1_CTGTGTCCGTGACGGCAGCA,HIP1,997,222,322
HIP1_GAACTCAACCTCTTCCAAAC,HIP1,795,356,541
HIP1_GAGTGACCGCCAGCTGGACG,HIP1,970,185,133
HIP1_CTGCGTTGCTAGACAGAGGC,HIP1,1373,355,435
HIP1_GGCCATTAATACGCAGGAAG,HIP1,670,398,338
HIP1R_CGAGCAGTTCGACAAGACCC,HIP1R,2222,391,539
HIP1R_GGGCGTGCTTCTCCTTCACG,HIP1R,883,24,178
HIP1R_TCCACAAGGTCCTTCGAGAC,HIP1R,1447,480,773
HIP1R_AGGTGCTGCATGACTGCCAG,HIP1R,196,96,179
HIP1R_GATCTCCTTCCACCTCAAGG,HIP1R,288,138,53
HIP1R_ATCTGTCACCTCCAGGCCCG,HIP1R,705,690,183
HIPK1_TTGGATCCCGTACCACCGCC,HIPK1,130,126,185
HIPK1_TCTTGGAGTTCCTAGGCCGG,HIPK1,491,173,175
HIPK1_TCTGAAGCACCAGGATAAAG,HIPK1,1509,499,455
HIPK1_CAGACCTTAAGCCTCCACAG,HIPK1,1785,524,378
HIPK1_CAGCATTATCCATCCTCACA,HIPK1,708,153,130
HIPK1_TCTGTTCAACCAGCGCCGGC,HIPK1,425,131,155
HIPK2_ATAGTGGCACTGGTAGAGGA,HIPK2,299,250,255
HIPK2_ACTTACCTGGTTGTGGACAG,HIPK2,744,277,212
HIPK2_GAGCGACATGTTGGTAGAAA,HIPK2,1244,376,486
HIPK2_ATGACCATGAAGCAGAGACA,HIPK2,1114,236,59
HIPK2_CTGGATATAACGGCCAACCC,HIPK2,1204,356,619
HIPK2_CCGAGGGACGTTTGGGCAAG,HIPK2,2059,450,708
HIPK3_AGTGGCCACTTGTTGAAGAA,HIPK3,1527,496,552
HIPK3_CTTGGATGGCCGCTCTACCC,HIPK3,142,259,179
HIPK3_CAGCCACTACAGATCCGACC,HIPK3,1501,62,156
HIPK3_TGCTTTGCTGCAAGCAGACG,HIPK3,433,192,221
HIPK3_AAACTAATGGAATGGGAGCC,HIPK3,94,23,110
HIPK3_CAATCAGAACTCAGAAGGAG,HIPK3,1198,137,253
HIPK4_ATATACTTGCGGCGCTCCAA,HIPK4,456,71,48
HIPK4_CCCTTACCTTCGTCTCGGCC,HIPK4,97,268,304
HIPK4_GCGCTACATCTGCGAAACCC,HIPK4,2137,531,576
HIPK4_ACTCAAGGAAGCGGATGACG,HIPK4,1092,780,318
HIPK4_ATCATCGAGGTCTTGGGCAA,HIPK4,1333,91,106
HIPK4_CTCCGACTGGATGGTGGACA,HIPK4,1755,190,455
HIRA_CACGCTGCATGAGGCTAGCC,HIRA,926,245,242
HIRA_CACCGCCTGAATGATTCCGG,HIRA,855,56,131
HIRA_TGTGTGCGGTGGTCAAACAG,HIRA,2666,115,67
HIRA_TCCCAAGATGCTTTGCCAGA,HIRA,371,265,226
HIRA_GACGGGACCAAGTTCGCAAC,HIRA,989,92,349
HIRA_CCGACCTGGGTCAACCACAA,HIRA,1135,206,174
HIRIP3_CCGACACTTCCCTAGGGAAG,HIRIP3,233,310,313
HIRIP3_TCGCCGTGGAGAGGACCACC,HIRIP3,440,70,190
HIRIP3_CTCTGGACTTCCATCTGAGG,HIRIP3,1053,389,385
HIRIP3_CAAACTGGACCTTACCAAGA,HIRIP3,3024,793,744
HIRIP3_TAAGTACCTCCGCCGCACGA,HIRIP3,295,87,83
HIRIP3_TAGCTTCTTCCGAGGCCGCC,HIRIP3,295,85,70
HIST1H1A_ACCACCACGCTCCTTAGAGG,HIST1H1A,335,97,661
HIST1H1A_CTGCACGATCAGCTCTGACA,HIST1H1A,1622,631,427
HIST1H1A_ACGATCAGCTCTGACACGGA,HIST1H1A,265,278,384
HIST1H1A_GAAACCTTTAGCTGGCAAGA,HIST1H1A,366,227,229
HIST1H1B_GCCCAAGGCAGTTAAGCCGA,HIST1H1B,394,148,73
HIST1H1B_CTAAAGCTAAGAAGCCCGCG,HIST1H1B,734,331,210
HIST1H1B_AAGAAGGCCTTAGCGGCCGG,HIST1H1B,71,11,22
HIST1H1B_CTGCTAAGCGCAAAGCGACG,HIST1H1B,2025,615,397
HIST1H1B_CGCTTTGCGCTTAGCAGCGC,HIST1H1B,197,26,31
HIST1H1B_GGTGGCTGTCTCGGCAGGAG,HIST1H1B,10,54,47
HIST1H1C_GGCCACTGTAACCAAGAAAG,HIST1H1C,727,123,188
HIST1H1C_TTTCTTGGTTACAGTGGCCG,HIST1H1C,258,172,330
HIST1H1C_GGCACTCTGGTGCAAACGAA,HIST1H1C,463,27,23
HIST1H1D_CGCTGCTGGGACCAAGAAAG,HIST1H1D,2130,702,973
HIST1H1D_CGCAAGCGCTTTCTTAAGCG,HIST1H1D,483,480,437
HIST1H1E_TCACGGGAGTCTTCTCGGCA,HIST1H1E,1902,416,421
HIST1H1E_TTAGTAATGAGCTCGGACAC,HIST1H1E,1361,124,231
HIST1H1E_TGCCAGCGCTTTCTTGAGAG,HIST1H1E,2287,733,430
HIST1H1E_GAAGCCCAAGAAGGCGACGG,HIST1H1E,118,7,0
HIST1H1T_GGAATCCTGGTGCAAACCAG,HIST1H1T,274,37,43
HIST1H1T_GGGAATCCTGGTGCAAACCA,HIST1H1T,593,262,209
HIST1H1T_AGGGAATCCTGGTGCAAACC,HIST1H1T,667,357,332
HIST1H1T_AAACTTCCAACCAAGAAGCG,HIST1H1T,1097,438,395
HIST1H2AA_TTCCCTTACGAAGCAGACGA,HIST1H2AA,899,177,144
HIST1H2AA_GATGTCTGGACGAGGGAAGC,HIST1H2AA,422,249,187
HIST1H2AA_GCGAGGAGATGTCTGGACGA,HIST1H2AA,313,261,240
HIST1H2AD_AGCGGTGTACGCGGCCCACA,HIST1H2AD,928,541,142
HIST1H2AE_TGGAAACTGAAGACCGGCCC,HIST1H2AE,100,254,196
HIST1H2AE_CTTAGAGCTAGCTGGCAACG,HIST1H2AE,2611,853,1428
HIST1H2AG_GCGCTCGCTATGTCTGGACG,HIST1H2AG,888,641,390
HIST1H2AH_CATAATTACCCTTGCGGAGC,HIST1H2AH,534,85,171
HIST1H2AH_GCAAGGGTAATTATGCCGAG,HIST1H2AH,569,465,375
HIST1H2AH_CAAGGGTAATTATGCCGAGC,HIST1H2AH,433,103,123
HIST1H2AK_AAGGCCAAGGGCAAGTAGCG,HIST1H2AK,1547,229,197
HIST1H2AK_TAAGACCCGTTCTTCAAGGG,HIST1H2AK,1959,272,344
HIST1H2BA_GGTGCTACCATTTCCAAGAA,HIST1H2BA,524,222,213
HIST1H2BA_CTTTGAGCGTATAGCGAGCG,HIST1H2BA,1,15,75
HIST1H2BB_TATCACTAAGGCGCAGAAGA,HIST1H2BB,401,446,408
HIST1H2BH_TGCGTCCATTTATTTGGAGC,HIST1H2BH,952,502,669
HIST1H2BN_TGGGCGGGCTCACTTGGAAC,HIST1H2BN,3432,637,473
HIST1H2BO_AGATTTAGCCGGGTCGGGCA,HIST1H2BO,600,197,350
HIST1H2BO_TGCGAGAGCTCACTTGGAGC,HIST1H2BO,1631,312,808
HIST1H3A_TCGGAAGTCTACTGGTGGCA,HIST1H3A,1313,252,219
HIST1H3A_TAAACTACCTTTCCAGCGCC,HIST1H3A,85,62,121
HIST1H3B_AAAGCCTCACCGTTACCGCC,HIST1H3B,768,0,12
HIST1H3B_TGTCTGTTTAGTACGAGCCA,HIST1H3B,967,348,378
HIST1H3C_ACGGATTTCGCGCAAGGCCA,HIST1H3C,1711,319,72
HIST1H3E_TAAAGCACCGCGCAAACAGC,HIST1H3E,1756,362,627
HIST1H3F_GATAGCGGCGGATTTCACGG,HIST1H3F,225,149,132
HIST1H3F_ATAGCGGCGGATTTCACGGA,HIST1H3F,535,157,154
HIST1H3F_CAGTACCAGGCCTGTAGCGG,HIST1H3F,2221,246,339
HIST1H3G_CAAGTTGCCTTTCCAACGCC,HIST1H3G,733,296,211
HIST1H3H_TGAATCTAGCTCTGAAGGCA,HIST1H3H,593,124,369
HIST1H3H_ACGTCGTATCCGCGGCGAGA,HIST1H3H,467,134,171
HIST1H3I_AGCTTGCGCGCCGCATCCGA,HIST1H3I,581,238,108
HIST1H3I_CTTGGTACGGGAGATCGCAC,HIST1H3I,405,247,314
HIST1H3I_TGTTTGCTTTGTTCGTGCCA,HIST1H3I,929,342,231
HIST1H3J_GGGATTATGCTCGCTCGCCA,HIST1H3J,255,182,173
HIST1H4A_GGACGTGGTAAGGGCGGGAA,HIST1H4A,488,0,0
HIST1H4A_TCCGCTTCACACCGCCACGC,HIST1H4A,3271,354,501
HIST1H4B_ACGCCTAGCAAGGCGCCGAA,HIST1H4B,790,83,181
HIST1H4C_TATCCCGGAGCACCTTACGA,HIST1H4C,1374,216,300
HIST1H4D_GGCCGCGGTAAGGGCGGAAA,HIST1H4D,1410,417,518
HIST1H4D_TGGCCGCGGTAAGGGCGGAA,HIST1H4D,1173,663,863
HIST1H4F_TGTCACGCAGCACTTTGCGA,HIST1H4F,1150,504,817
HIST1H4F_ATCCGTCGCTTGGCCCGACG,HIST1H4F,1327,186,275
HIST1H4G_CTGGTACGCCGTGACCAACA,HIST1H4G,1259,575,796
HIST1H4G_GAACACCTTGAACACCCGGC,HIST1H4G,17,189,261
HIST1H4G_GCACTATCCGGCGCTTGGCC,HIST1H4G,52,61,211
HIST1H4G_CGGTGCCAAGTGCCATCGCA,HIST1H4G,493,209,332
HIST1H4G_ACTTGGCACCGCCTTTCCCA,HIST1H4G,378,125,115
HIST1H4H_TAGCTGGCTTAGTGATGCCC,HIST1H4H,93,21,67
HIST1H4H_GGCCGTGGTAAAGGTGGAAA,HIST1H4H,746,251,374
HIST1H4H_TGCTTAGTCATGTCTGGCCG,HIST1H4H,1621,705,594
HIST1H4I_CACTTGATAATGTCAGGACG,HIST1H4I,1867,290,596
HIST1H4I_ATAATGTCAGGACGCGGCAA,HIST1H4I,530,154,63
HIST1H4I_CGGCAAAGGAGGTAAGGGCC,HIST1H4I,1950,377,571
HIST1H4L_CTTATATACGAGGAGACACG,HIST1H4L,1054,451,826
HIST2H2AB_ACGGCTAGTTGCAGATGGCG,HIST2H2AB,1921,301,322
HIST2H2AB_GACCGCGGAAATTCTGGAGC,HIST2H2AB,55,102,73
HIST2H2AB_TTAGCCGTAATGTCAGGACG,HIST2H2AB,1029,244,308
HIST3H2A_GCACCGCGGCCAGATAGACC,HIST3H2A,1335,392,234
HIST3H2A_TATTCGGAGCGCGTGGGCGC,HIST3H2A,22,55,6
HIST3H2A_GCCACCCTGCTTACCACGAC,HIST3H2A,1578,306,188
HIST3H2A_AATGTCCGGTCGTGGTAAGC,HIST3H2A,700,138,87
HIST3H2BB_GCGCAGGAGCCGATTTGGAC,HIST3H2BB,1473,405,309
HIST3H3_AGCTGGCACGCCGTATCCGC,HIST3H3,571,215,157
HIST3H3_TGATGGTGACCCGTTTGGCA,HIST3H3,2533,263,434
HIST4H4_ATTCGCCGTCTCGCCCGACG,HIST4H4,1458,226,200
HIVEP1_TGTCCTGGGTTCCGTGGAGA,HIVEP1,844,228,167
HIVEP1_AAGGGTCACTGGACTGCACG,HIVEP1,386,88,173
HIVEP1_CGGGACGCTAAAGCAGGAAG,HIVEP1,1450,372,546
HIVEP1_CTCCGAAGCACTATGAAGAA,HIVEP1,1980,726,928
HIVEP1_CACAGACATCTGATGACACG,HIVEP1,1751,134,467
HIVEP1_ATGTTCAAGATCTGGAGACC,HIVEP1,1011,196,180
HIVEP2_CGCAACAGAGCGGGAACAGG,HIVEP2,1295,363,76
HIVEP2_GCCAACATTCACAGGCAAGG,HIVEP2,512,157,355
HIVEP2_TATGTCAGAGGACGTGGCCG,HIVEP2,1542,631,538
HIVEP2_ATATGTCAGAGGACGTGGCC,HIVEP2,254,133,185
HIVEP2_CAGAGTTCTTCATTACCAGC,HIVEP2,778,212,351
HIVEP2_GACAATGAGTATGAACCAGC,HIVEP2,257,198,231
HIVEP3_CCGATGGGAATCAAGGGACA,HIVEP3,817,252,599
HIVEP3_GGTGGTGACTCGGCCTGACC,HIVEP3,55,0,38
HIVEP3_AAACATATTTCCCTCGGCCG,HIVEP3,2004,661,1152
HIVEP3_CCAGAAAGATCTAGCTAGAG,HIVEP3,1856,753,546
HIVEP3_AGCTCGGAGGTGCCAAGGAG,HIVEP3,3000,820,599
HIVEP3_CTTCAGGTTTATGGCTCAGG,HIVEP3,212,259,45
HJURP_TGTTGCTCGTGCCATCACGA,HJURP,1002,197,198
HJURP_TTCTATGTCACACTCACCGG,HJURP,1211,50,41
HJURP_GGTCGATGCCACGTCAGACC,HJURP,357,0,0
HJURP_GAGCCATCTGTCCTGTCCGC,HJURP,292,134,55
HJURP_CTGACCTACGAGACGCCACA,HJURP,1086,21,0
HJURP_GCATGCGCCTCTGGAAGCGG,HJURP,309,0,25
HK1_GCTCCGTGAAGTAATAGGCC,HK1,591,196,185
HK1_TATCATGACTCGCTTCAGGA,HK1,173,309,154
HK1_TTGCACCCGCAGAATTCGAA,HK1,821,294,481
HK1_CTTTGTCCAGGTGATCAGGA,HK1,698,312,262
HK1_AGTTTGACAGGGAGATAGAC,HK1,632,142,123
HK1_GATCCTAGTCAAGATGGCCA,HK1,106,0,136
HK2_CATGCGAGGCAGTGGCACCC,HK2,1849,169,161
HK2_TTTAGAGCATCCTCCTCAAG,HK2,1584,516,360
HK2_TGTCTCCTACCTCTCGCCGG,HK2,601,115,249
HK2_TCCGAGGCCGCATCTCAGAG,HK2,1703,429,365
HK3_CTAGGCCTACAACATCGACG,HK3,2728,872,1097
HK3_AGAGATGCCATTCGGAGGCA,HK3,508,217,388
HK3_GCGCATCCAGGAACTCAGAC,HK3,738,581,1006
HK3_CCTGCTTGCCCTCCAGAGCA,HK3,771,1130,995
HK3_CCTGCTCCATGGAACCCAAG,HK3,1803,565,723
HK3_GGGTCTTCAGGGTTGCGGCA,HK3,630,101,109
HKDC1_TTCGTCAGGGCCATTCCCGA,HKDC1,1469,14,119
HKDC1_ACCCTCCGAGATCCAGGGAA,HKDC1,716,223,136
HKDC1_TCGACAGACTAAACTGGAAG,HKDC1,1262,720,614
HKDC1_GGCACGAGGAGTTCAGGACA,HKDC1,927,100,430
HKDC1_GCCTTGTGTTCGGCAGGACA,HKDC1,1895,187,200
HKDC1_GACCTCGGCTCTCTCAACCC,HKDC1,1783,218,76
HKR1_TCATTGCTCAGCTGGAGCGA,HKR1,376,151,108
HKR1_GGCAGGAAATCCTCTCCACC,HKR1,505,17,123
HKR1_GCTGGCTGTTGTTCTTCAGG,HKR1,453,43,166
HKR1_ACCAGAGAGCACACGCAGGG,HKR1,438,85,331
HKR1_ATTTGCAGAAAGTGTGGACG,HKR1,1442,140,329
HLA-DMA_CGATGATGCCCAGCACACCC,HLA-DMA,1292,333,586
HLA-DMA_TTGGGCTTGCCAAACTCCAG,HLA-DMA,649,150,88
HLA-DMA_ACTTCAGCGATAGGAAACCC,HLA-DMA,765,143,353
HLA-DMA_TCAGCAAATTCGGGCAGGCG,HLA-DMA,1600,561,228
HLA-DMA_ACTCTCTGAGGCCTACGACG,HLA-DMA,1168,354,477
HLA-DMA_ATGGGTCATGAACAGAACCA,HLA-DMA,335,0,75
HLA-DMB_CAGCGAGTCACTCACTAGAG,HLA-DMB,2667,636,688
HLA-DMB_TCTCTCTTGGTGTGATCAGC,HLA-DMB,224,23,149
HLA-DMB_TACACTTACTCCAGTCCCGA,HLA-DMB,142,62,8
HLA-DMB_CTGAGCCCATCCTTCGGGAC,HLA-DMB,2904,1006,1132
HLA-DMB_CTATCACGTGGAGGAAGAAC,HLA-DMB,558,696,683
HLA-DMB_CTGATGCAGCGCTTGCGCAA,HLA-DMB,563,346,458
HLA-DOA_TTAAAGGGCACTGAGCACGC,HLA-DOA,1998,629,750
HLA-DOA_CTGGTGGTGGAATAGGCACC,HLA-DOA,689,98,101
HLA-DOA_CCAAACTGTCACTGAGGGAG,HLA-DOA,1029,433,273
HLA-DOA_GCCAGGTGATATTGATCACA,HLA-DOA,1472,300,262
HLA-DOA_TTTGCCCGCTTTGACCCGCA,HLA-DOA,517,208,205
HLA-DOA_GCCAAACACAGCTGACCACA,HLA-DOA,1108,342,170
HLA-DOB_GCAGGCTGGAGTGATCGACA,HLA-DOB,1502,298,449
HLA-DOB_GCTGGAGTGATCGACAAGGC,HLA-DOB,434,80,179
HLA-DOB_TCCATTCCTGATAGGGCCAG,HLA-DOB,889,111,131
HLA-DOB_TGAGCAGTGGAACAGCCGGC,HLA-DOB,720,306,1
HLA-DOB_CTTCACCAACGGGACAGAAA,HLA-DOB,1569,611,410
HLA-DOB_ACTAGCAGAGCCACCACCCA,HLA-DOB,1152,106,347
HLA-DPA1_AGCTGTAATCTGTTCTGGGC,HLA-DPA1,149,196,362
HLA-DPB1_CGTCAGAGCCACTGTCCGGG,HLA-DPB1,836,545,429
HLA-DQA1_TTCCAAGTCTCCCGTGACAC,HLA-DQA1,3497,1530,1048
HLA-DQA2_CATCACGGCAGTCAGGGCGA,HLA-DQA2,1093,193,206
HLA-DQA2_TCATCACGGCAGTCAGGGCG,HLA-DQA2,1136,527,404
HLA-DRA_GATTCAGATAGAACTCGGCC,HLA-DRA,257,34,0
HLA-DRA_CCATGTGGATATGGCAAAGA,HLA-DRA,1295,933,858
HLA-DRA_AAACGTCCTCAGTTGAGGGC,HLA-DRA,5,8,0
HLA-DRA_AAAGCAATGCAGCAGAACGC,HLA-DRA,2007,741,727
HLA-DRA_GCAATGCAGCAGAACGCAGG,HLA-DRA,649,216,194
HLA-E_TTTACTCCTCTCGGAGGCCC,HLA-E,314,123,81
HLA-E_TAAGGGCCAGGGCCTCCGAG,HLA-E,368,149,92
HLA-E_CGTTGTCGAAGCGCACGAAC,HLA-E,1693,941,1224
HLA-E_TGGAAGACACATGCGTGGAG,HLA-E,1103,395,646
HLA-E_GAAGGAGACGCTGCTTCACC,HLA-E,113,50,58
HLA-F_TACTCCACGGCGATGTAGCG,HLA-F,1697,263,475
HLA-F_AGTATTGGGAGTGGACCACA,HLA-F,583,146,180
HLA-F_CAACGCACAGACTGACCGAG,HLA-F,982,252,769
HLA-F_ACGCGTGCTGGTGATACCCG,HLA-F,2824,613,729
HLA-F_ACTCTTCTCAGATCCTCCAA,HLA-F,259,0,55
HLA-G_CGACTCGGCGTGTCCGAGGA,HLA-G,207,28,209
HLA-G_AGAGGAGACACGGAACACCA,HLA-G,1433,261,313
HLA-G_GGTCGCAGCCAATCATCCAC,HLA-G,447,64,339
HLA-G_TGGCCTCATAGTCAAAGACA,HLA-G,356,149,278
HLCS_ACCTACCTGATACTCGGGAA,HLCS,1398,325,344
HLCS_GCTTAATAGTGATCGCGGCC,HLCS,211,148,89
HLCS_GGGAAACATGTGGACTCCGA,HLCS,223,0,103
HLCS_TTACTTGCTGTCAGCTGCGG,HLCS,727,266,241
HLCS_GACCTCGTGGAACCGGCCGA,HLCS,0,78,43
HLCS_ACTCCACATGGATAATGGAC,HLCS,658,93,109
HLF_CACCGTCTTCGTGGTGAAGG,HLF,1190,236,638
HLF_AAGTATCTCCGTCATAGGGA,HLF,246,331,278
HLF_TGCTGAGGTCCATGACCGAG,HLF,895,235,442
HLF_GGGTCTGGCTCATAACCCAC,HLF,246,64,33
HLF_AGGATGACAAGTACTGGGCA,HLF,963,204,422
HLF_CCGGGCCTCGTTCCTGGAGA,HLF,614,101,106
HLTF_CCAAGTCATTCAGAATGAGC,HLTF,193,61,27
HLTF_AATACAGCGTCCTGTCACAA,HLTF,2144,409,334
HLTF_CGCTTTCTGTGTTAAGCAAC,HLTF,607,730,623
HLX_GCCGCTTACTGCTCCTCGGC,HLX,499,104,16
HLX_CAGAATGTCTGCGATGCAGA,HLX,538,137,138
HLX_CTCACTTCCCTGCTAACCGG,HLX,2092,431,396
HLX_GCGAAGAACTGGCCGGCCGA,HLX,562,54,219
HLX_GCCGCAGAACGGGAGCCAGA,HLX,874,147,265
HLX_AGCCTCGCCTTCAGAACGGC,HLX,231,200,160
HM13_CCGCTGACCCTACCTTGCCG,HM13,1412,96,109
HM13_CGAAGAAATACATGGACAGC,HM13,1089,372,256
HM13_AACCCTGTGTGAAGAGCAGC,HM13,347,107,57
HM13_CAACGATGCTGCTCAGGCCC,HM13,658,372,178
HM13_CACCTCAACAATGTCAGCAC,HM13,1992,189,72
HM13_CATCTTCAAGCATGCTCAGG,HM13,429,6,0
HMBOX1_GGACTTGATACTTACACCAC,HMBOX1,808,144,146
HMBOX1_GGTCCAAAGTTTCCAAGGCA,HMBOX1,824,90,225
HMBOX1_TTCCCAAGCAGTTGTTGCAC,HMBOX1,1996,298,332
HMBOX1_CAACTTGAGAAGACAAACCC,HMBOX1,823,202,216
HMBOX1_TTCAGGGTCCTCTATTGGAA,HMBOX1,1946,397,556
HMBOX1_GAACCTCGCCCAGCTGCGCA,HMBOX1,301,163,286
HMBS_TAACGGCAATGCGGCTGCAA,HMBS,2282,272,91
HMBS_AAAGATGAGAGTGATTCGCG,HMBS,1467,674,808
HMBS_CTGATTTCAAACTGCAGGCC,HMBS,1905,781,646
HMBS_TCAGTTGCTATGTCCACCAC,HMBS,1113,226,195
HMBS_CAAGGAGCTTGAACATGCCC,HMBS,995,160,220
HMBS_CCATCTCTATAGAGTGGACC,HMBS,1066,133,129
HMCN1_CCCTTACCTGGATCATGGAA,HMCN1,1744,494,151
HMCN1_TGCACATACAAACCTTGCAC,HMCN1,1124,146,62
HMCN1_CCAGGATACTATCTGCAGCC,HMCN1,978,517,818
HMCN1_AAGGTCACTTTGTCTGACGA,HMCN1,370,198,348
HMCN1_GGCACTTGGATGACCGGAGG,HMCN1,80,46,52
HMCN1_AGGTATAGGATGACCTCAGA,HMCN1,146,37,98
HMCN2_CCGTTCTGCCTGATGAAACC,HMCN2,2322,998,934
HMCN2_AGGCAGAACGGAGTCTGCAC,HMCN2,49,43,55
HMCN2_GCTGCCCTCAGTGTTGCGGC,HMCN2,236,272,46
HMCN2_GAGAGCATCGAGTGTGGACC,HMCN2,464,62,94
HMCN2_TGTCCTGCCACCTACCGGCA,HMCN2,1227,580,491
HMCN2_CACGGTGAGCCGGTAGAGGC,HMCN2,500,134,242
HMG20A_TAGCAACGAAGTAAACGAGG,HMG20A,468,78,23
HMG20A_AAACGAGGAGGTTGGTCCAA,HMG20A,255,235,162
HMG20A_CCGAACATATCCTGTAAGGG,HMG20A,587,513,425
HMG20A_GGAGCGTTACATGAAGGAAC,HMG20A,639,261,220
HMG20A_CCAGCTTCGCAAATCCAACA,HMG20A,1935,1408,1446
HMG20A_GCGCACAGCAGTGGAGAAGC,HMG20A,609,616,762
HMG20B_GGATCAGTGCACTCACGCGG,HMG20B,1401,374,269
HMG20B_TGTCAAGCAAGAGCGCGGCG,HMG20B,1168,464,174
HMG20B_GATTCTGCCGAATGGGCCCA,HMG20B,178,10,11
HMG20B_CTTGTCCCTTCGTCTTAGGG,HMG20B,436,100,198
HMG20B_CACCGGCAGTGAGGCGAAGC,HMG20B,318,271,323
HMG20B_CTCTGGACTTCTACATGGCC,HMG20B,1341,129,257
HMGA2_TCCCTCTAAAGCAGCTCAAA,HMGA2,897,97,258
HMGA2_CTCTGGGAAACAGTACCAAA,HMGA2,1607,557,409
HMGA2_TGACTATGTCTTACCTGAGC,HMGA2,644,261,24
HMGA2_CTTGCCTGGGAAGGACCACC,HMGA2,764,200,103
HMGA2_GATATATAAGATTGCCCGGG,HMGA2,150,59,48
HMGB1_AACAGGCAAGATACTCACGG,HMGB1,720,269,548
HMGB2_AAGGGCCCTGGCAGGCCAAC,HMGB2,269,17,134
HMGB2_TCCACAGACCATGTCTGCAA,HMGB2,1179,211,560
HMGB4_AAAGGCCAAATATGAAGCCC,HMGB4,332,182,39
HMGB4_GGCTTTGTCGAGTTTGGCCA,HMGB4,974,297,335
HMGB4_GCACCCTTATGAGCAAAGAG,HMGB4,1969,612,757
HMGB4_ACCGAATGTCAGCTAGAAAC,HMGB4,1551,708,869
HMGCL_AGAGGGCTTGGGCATTCACA,HMGCL,614,27,63
HMGCL_TGTCATGGCAGTGGACAGCC,HMGCL,669,314,519
HMGCL_CAGCCAATATTTCTGTGCGG,HMGCL,1201,175,276
HMGCL_ATTGAGGGCTAGGGCTCACC,HMGCL,243,17,14
HMGCL_TATGGGCACTTTACCAAAGC,HMGCL,232,194,346
HMGCLL1_GGTGGCTGCCCTTATGCAAA,HMGCLL1,1002,169,278
HMGCLL1_CACATGAATATTCCAGCACG,HMGCLL1,1135,535,754
HMGCLL1_GCACGGTGGCTTGTATCCAC,HMGCLL1,563,370,300
HMGCLL1_AGTCTCCTTGGCAGGCACGG,HMGCLL1,870,87,364
HMGCLL1_AGGCAGTGCTTCACCGCGGA,HMGCLL1,1377,306,422
HMGCR_CCACTATGACTTCCCAGGGA,HMGCR,1800,46,182
HMGCR_AATACCAAGGACACACAAGC,HMGCR,718,163,76
HMGCR_GCTTTCTCGGGAAAGCCGCG,HMGCR,0,2,5
HMGCR_AGATGTACTTGACAGCCAGA,HMGCR,124,25,26
HMGCR_AGACATTCTTCATTAGGCCG,HMGCR,641,338,383
HMGCR_AGAGTTTCCAACTTGTAGGC,HMGCR,764,115,59
HMGCS1_AACGTGGTACTTAGTTAGGG,HMGCS1,689,62,176
HMGCS1_GGAAATGCTAGACCTACAGG,HMGCS1,794,50,67
HMGCS1_TAACATACCATCCCAAGAGC,HMGCS1,988,210,158
HMGCS1_CTATGATTGCATTGGGCGGC,HMGCS1,422,130,199
HMGCS2_CACCTACACCAACAAGGACC,HMGCS2,922,167,204
HMGCS2_AAGGGTCGATCGCTGCCAGC,HMGCS2,66,120,69
HMGCS2_CCAAGGCCCGCAAGTAGCAC,HMGCS2,2249,418,303
HMGCS2_AAACCTCGCTCCAGGGCCAG,HMGCS2,546,77,143
HMGCS2_ACCACCAATGCCTGCTACGG,HMGCS2,675,189,127
HMGCS2_GCTACTGGGAGCAGGCGAGC,HMGCS2,838,26,21
HMGN1_TGTTCGAACCCAATTCACCC,HMGN1,858,77,111
HMGN2_ACGTACCTTTCTCTTGGGCA,HMGN2,785,205,240
HMGN4_TACACTCCAGTCCCAGAAAG,HMGN4,1265,417,477
HMGXB3_GGCTTCTCAGCGTGGCCGAG,HMGXB3,934,3,53
HMGXB3_GGGAGGATCTTGCGGAAACC,HMGXB3,494,106,153
HMGXB3_TTCTCCACAACCGAGTAGGC,HMGXB3,888,110,301
HMGXB3_AGACCACTACATATACCCGC,HMGXB3,310,84,177
HMGXB3_GAGGAGCTACGTTCAGGAGC,HMGXB3,337,46,0
HMGXB3_CAGCAGCATGGGACTGCCCA,HMGXB3,752,0,17
HMGXB4_GATGACTCCGTGAAGAAAGA,HMGXB4,104,20,66
HMGXB4_GAGGACATAGGACTTGCAGC,HMGXB4,824,35,0
HMGXB4_TGTATCAGTAGACTGTGGGC,HMGXB4,253,39,25
HMGXB4_CAGAAGCCACAACTGTGAAA,HMGXB4,2085,228,191
HMGXB4_TCACCTCAGTTTCCTGCAGA,HMGXB4,477,40,40
HMGXB4_ATTGAATGGCTGTCCCAAAC,HMGXB4,407,67,73
HMHA1_TTCTCAAGGGTCTGCTGGGC,HMHA1,786,284,364
HMHA1_CTACCGTGAGCTGAATGCCG,HMHA1,1020,359,448
HMHA1_CCTCCGGCGTCAAGGCCACA,HMHA1,60,137,94
HMHA1_CGCCATGTGTATCTGCGGGA,HMHA1,1391,361,576
HMHA1_TCTCCACGGTGTTCAGCAGC,HMHA1,594,44,147
HMHA1_TTGCTCTCATAATGGAAGGC,HMHA1,312,410,455
HMMR_TTTCAAGGGCGCCTTAGGAA,HMMR,769,162,380
HMMR_CAGTTGTGCTTCAGATCAAG,HMMR,809,340,448
HMMR_AAGTAGTGCTGCTCATACCC,HMMR,1119,118,165
HMMR_GCAGAACCAACTCAAGCAAC,HMMR,952,258,341
HMOX1_GAGGAACTTTCAGAAGGGCC,HMOX1,27,0,0
HMOX1_TGAAGCCGTCTCGGGTCACC,HMOX1,615,178,18
HMOX1_CCATGCAGCGCTATGTGAAG,HMOX1,2291,621,1145
HMOX1_GCACTTTGTTGCTGGCCCGC,HMOX1,356,33,335
HMOX1_CCCTCTGGGAGTCTCCACGG,HMOX1,1782,277,215
HMOX1_TCCCTCTGGGAGTCTCCACG,HMOX1,699,188,115
HMOX2_AGCAGCAATGTCAGCGGAAG,HMOX2,715,1787,1677
HMOX2_GACCAAGGAAGCACACGACC,HMOX2,482,26,10
HMOX2_CTACATAGGGCAGAACGAGC,HMOX2,1532,345,184
HMOX2_GATCGTGGAGGAGGCCAACA,HMOX2,497,155,237
HMOX2_TACGCTGCTGAACAAGACAA,HMOX2,1377,520,186
HMOX2_ACAGCCATAGCTGTTCGGAA,HMOX2,396,85,179
HMSD_CATATCATCAGCCTTGGCCA,HMSD,1285,265,186
HMX1_ATGGTGCAGCCACAACACGG,HMX1,1387,233,292
HMX1_CTGCGCCCGCAGAAAGGGCA,HMX1,189,78,187
HMX1_CGTGGTAGAGCACCGGCACG,HMX1,1973,2840,1421
HMX1_GACAGTTGCTCGCGGGCACC,HMX1,1,414,298
HMX1_CGAAGACGAGGACGCCGAGC,HMX1,1170,224,128
HMX1_CTGACGAGCTGACGGAGCCC,HMX1,3950,975,881
HMX2_CATCCAGTCCATCCTGGGCG,HMX2,450,157,6
HMX2_TTCCTGGCTGGCCAGCCGAC,HMX2,561,159,141
HMX2_CCTGTCCGTGTCCTCGGAGG,HMX2,1211,143,391
HMX2_AAAGAGAGGCTCCTGCCCGC,HMX2,644,23,9
HMX2_TGAGCTGGAGGCGGCCAACA,HMX2,2101,433,596
HMX2_TCCCGGGTAGTAGAGCGGCG,HMX2,1616,568,252
HMX3_GCAGGGCAAACCTCTGCGCC,HMX3,179,75,63
HMX3_GAGCGCTCCAGGTAGTGCGC,HMX3,30,150,45
HMX3_TACCTTCAGGTCGCGGGAGG,HMX3,654,221,248
HMX3_CCACTCCGGGCGCAGAAGAC,HMX3,831,301,267
HMX3_GGCCAACCTGAGCCATGCCG,HMX3,135,323,84
HMX3_TTCCGTGCCGCTGCTACGGC,HMX3,1199,184,400
HN1_GAGCTAACCCAAGACGAGGC,HN1,448,59,60
HN1_ACGAGGCTGGACTTGCCGCC,HN1,144,366,217
HN1_CGAGGCTGGACTTGCCGCCA,HN1,1673,347,579
HN1_TGCCAAGTCTAGTGGTGGCA,HN1,772,306,264
HN1L_TTCCAGGTCCCGGATAGCGA,HN1L,2229,206,210
HN1L_CGACCTCTGAAGTGGTGCCC,HN1L,517,11,31
HN1L_TTCCAGCAGGCCTAATAGGA,HN1L,1675,384,665
HN1L_GGTGCTGTCGAGTCTGCACG,HN1L,287,62,78
HN1L_TGGGTGTGCCAAGCGTGAAG,HN1L,1685,215,340
HN1L_AGGACCTTGTTGTGAGAGCG,HN1L,1446,123,250
HNF1A_CCATCTTCGCCACACGCCAC,HNF1A,1574,222,347
HNF1A_ATGAGCTACCAACCAAGAAG,HNF1A,1452,237,267
HNF1A_AGAAGCCTTCCGGCACAAGC,HNF1A,628,240,307
HNF1A_GGCTGTCCATAGCGCACACC,HNF1A,503,95,556
HNF1A_GGTCCTACGTTCACCAACAC,HNF1A,468,627,307
HNF1A_TGGGTCACATGGCTCTGCAC,HNF1A,39,151,374
HNF1B_CGGCCACACTGTTGATGACA,HNF1B,3540,305,557
HNF1B_AATTGCCATGACTCCAGAGA,HNF1B,983,81,77
HNF1B_TCCTCAACAATCAGTCACCA,HNF1B,1130,212,231
HNF1B_CTTGTTTGGAGGAGAGGAGC,HNF1B,356,49,69
HNF1B_TACAAGATTTGCTGGGACGC,HNF1B,447,209,354
HNF1B_AGCCCTCGTCGCCGGACAAG,HNF1B,703,255,150
HNF4A_GGGCGCGTTCACGCTGACCA,HNF4A,123,143,69
HNF4A_AATTCCAGGGTGGTGTAGGC,HNF4A,360,211,308
HNF4A_CACACAGGGCGCTGACACCC,HNF4A,1706,543,727
HNF4A_CGGGCTGGCATGAAGAAGGA,HNF4A,792,250,255
HNF4A_GGAGCGCATTGATGGAGGGC,HNF4A,1077,89,208
HNF4A_CGCCGTTGATCCCGGAGACG,HNF4A,1672,225,437
HNF4G_ACCAATACTGGACATGGACA,HNF4G,644,253,350
HNF4G_AGCTGAAGTTCGGTCTCGCC,HNF4G,0,0,24
HNF4G_CACTGTTGAGAGCTCACGCA,HNF4G,1342,645,609
HNF4G_CTAGAACACGATTGGCCACA,HNF4G,1702,367,842
HNF4G_GATCGGCAGTATGACTCCCG,HNF4G,562,134,319
HNF4G_TGCATGAACCAGTGTTGACA,HNF4G,1417,423,972
HNMT_AGCTGCCAGGCATAATAGGA,HNMT,816,736,501
HNMT_AAGATTCTAAGCATAGGCGG,HNMT,680,160,235
HNMT_CGAATTCCGCTTGAGAACCC,HNMT,1054,308,396
HNMT_TCTAAACGGGCAGCTCCAAA,HNMT,783,319,556
HNMT_AAAGTTCAGGCTCAATACCC,HNMT,1327,168,220
HNRNPA0_AGCTACGGTGGTTACGGCGG,HNRNPA0,1238,139,28
HNRNPA0_CAGAACGGCCTTTCCAAGGG,HNRNPA0,1333,347,305
HNRNPA0_GGCGGTGGTCGAGACCAGAA,HNRNPA0,360,206,47
HNRNPA0_AGAGCTTCTTAACCTTGGCG,HNRNPA0,728,104,68
HNRNPA0_TTAACCTTGGCGTGGGCACC,HNRNPA0,443,197,69
HNRNPA2B1_CTTTGGTGGTAGCAGGAACA,HNRNPA2B1,1921,223,104
HNRNPA2B1_AACTACGGTCCAATGAAGAG,HNRNPA2B1,1058,25,19
HNRNPA2B1_AGGACCTGGATATGGCAACC,HNRNPA2B1,532,22,88
HNRNPA2B1_AATGGGTATGGAGGAGGACC,HNRNPA2B1,332,0,9
HNRNPA2B1_GGCGGTGGAAATTTCGGACC,HNRNPA2B1,403,24,36
HNRNPA2B1_TGAATGAGGTCTTGCAGCCA,HNRNPA2B1,1879,2,56
HNRNPA3_TTAGGTGGCAACTATGGCGG,HNRNPA3,2089,154,147
HNRNPAB_TCGGCCTAGCATGTCGGAAG,HNRNPAB,1603,489,674
HNRNPAB_CCAGCTTACCTTCTCCACAC,HNRNPAB,2317,552,937
HNRNPAB_CCATACTGTCAGTGGAAGCA,HNRNPAB,3209,624,393
HNRNPAB_GCTGATAGACTTCTTTGGGC,HNRNPAB,445,18,134
HNRNPAB_TACTTACTGTAGTCGTAGCC,HNRNPAB,876,213,80
HNRNPAB_TACGGCAAGAGCCAGCGACG,HNRNPAB,541,71,40
HNRNPC_AGTTCCGGACCTGAGTAGAG,HNRNPC,1299,328,1649
HNRNPD_TGACGCCAGTAAGAACGAGG,HNRNPD,548,69,9
HNRNPD_GATTGACGCCAGTAAGAACG,HNRNPD,611,28,24
HNRNPD_CCCTTCGGTGCCTCCAGACG,HNRNPD,2714,356,372
HNRNPD_CGCGTCTGGAGGCACCGAAG,HNRNPD,2859,193,148
HNRNPD_CCATGGTGGCGGCGACACAG,HNRNPD,672,17,54
HNRNPF_TAGCCTGTGCTGTAGGCACC,HNRNPF,168,137,306
HNRNPF_TCATGTCCGTGCAGCGGCCA,HNRNPF,1481,547,242
HNRNPF_TTCATGTCCGTGCAGCGGCC,HNRNPF,935,113,162
HNRNPF_GCACGGACATGAACTTCAGA,HNRNPF,314,47,121
HNRNPF_TCATCTACACTAGAGAGGGC,HNRNPF,839,89,0
HNRNPH1_GGTTACGGAGGCGGCTACGG,HNRNPH1,846,130,212
HNRNPH1_CATTGCCGGTGGACTTCCAG,HNRNPH1,335,0,0
HNRNPH1_ACGATGATGTTGGGCACGGA,HNRNPH1,432,453,416
HNRNPH1_AGAGACGATGATGTTGGGCA,HNRNPH1,2181,23,119
HNRNPH2_AAATGGGATGACACTGCCAG,HNRNPH2,844,120,97
HNRNPH2_ATAGCCATGAGCTTTCGAGG,HNRNPH2,992,148,101
HNRNPH2_GCCAGGTCCCTATGATAGGC,HNRNPH2,863,85,316
HNRNPH2_CCCGGCCTATCATAGGGACC,HNRNPH2,1368,86,116
HNRNPH3_ACATTGACGATGGACTACCA,HNRNPH3,1565,129,53
HNRNPH3_CATTGACGATGGACTACCAG,HNRNPH3,626,139,62
HNRNPH3_AAGATTGCTGGGACAGCGAC,HNRNPH3,543,89,43
HNRNPH3_ATGTATGACAGAATGCGACG,HNRNPH3,326,265,201
HNRNPH3_TCCTGGAGGCGGCTCTGGCA,HNRNPH3,1,25,0
HNRNPH3_CAAGGCGGCATGAGTGGAGG,HNRNPH3,380,37,80
HNRNPK_ATCCCACTGGGCGTCCGCGA,HNRNPK,1343,0,0
HNRNPL_ATGGTGAAGATGGCGGCGGC,HNRNPL,378,102,275
HNRNPM_GGTATGGGACCAGGTGGCCC,HNRNPM,0,8,17
HNRNPM_TAGACCAATGCACGTCAAGA,HNRNPM,887,117,89
HNRNPM_AGTTGTTGTGGACGCTCAGG,HNRNPM,310,23,97
HNRNPM_ATGGGAAACATAGGTCCCGC,HNRNPM,543,43,67
HNRNPM_GAGATCATTGCAAAGCAGGG,HNRNPM,399,32,83
HNRNPM_GAAGCGTCCCTGGGATCGAG,HNRNPM,428,56,49
HNRNPR_CAGAGAGGCCGTGGTTCCCG,HNRNPR,1953,715,138
HNRNPR_CGTGCAACCTGGAATTGGAA,HNRNPR,1613,364,532
HNRNPR_TAGGCCTTGCTTGAGAGAAC,HNRNPR,916,78,69
HNRNPR_TACAAGACACTGATAGAGGC,HNRNPR,79,27,143
HNRNPU_TTCGCTGGAAGCCTGCAAAC,HNRNPU,1594,11,1
HNRNPU_TGCTGCATGTTTAGTAACCC,HNRNPU,1912,171,218
HNRNPU_CAGAGAACATGCGGGAACAG,HNRNPU,1218,57,17
HNRNPU_GCATCCTATGGTGTGTCAAA,HNRNPU,1219,220,165
HNRNPU_TGAACACTTCGATGACACAG,HNRNPU,1230,12,34
HNRNPU_CCTTGAGACCCTTGTCAGAA,HNRNPU,1616,339,277
HNRNPUL1_ACGAGGAGGTCGAGACCGAG,HNRNPUL1,760,200,317
HNRNPUL1_ACCCAAATAGGAGAACGCCC,HNRNPUL1,408,44,33
HNRNPUL1_AGGCTACGAGAGGAGACCAC,HNRNPUL1,470,139,101
HNRNPUL1_CTTCTCAACTCAAGCCAGAC,HNRNPUL1,580,97,76
HNRNPUL1_GATCTCGGGCCACCTTGAAG,HNRNPUL1,401,72,40
HNRNPUL1_CCCACGTGGTCCGTATCGGC,HNRNPUL1,523,260,367
HNRNPUL2_GCAAGGATTCCCTGGCAGAC,HNRNPUL2,2317,603,410
HNRNPUL2_TCTTACGGTTTCGATGGACG,HNRNPUL2,171,70,221
HNRNPUL2_GAGTACTTACGGAGTGACAA,HNRNPUL2,468,171,224
HNRNPUL2_GGATCAAACTCTTGTGAACC,HNRNPUL2,1106,375,315
HNRNPUL2_CGGGATGAGAAGGATGAACA,HNRNPUL2,1289,561,567
HNRNPUL2_CGTCTTCCTCCCTCTTGCCG,HNRNPUL2,2215,248,331
HOGA1_TTCGTGGTCCAGGGCTCCAA,HOGA1,530,116,130
HOGA1_TGCGGCCACGATAGTAGCAA,HOGA1,1011,309,377
HOGA1_TACAGTGTCCCAGCCAACAC,HOGA1,1502,198,178
HOGA1_AGCAGTGGGCGGCCTACCCA,HOGA1,651,76,4
HOGA1_TGCAGCACAGTCGCTCCAGC,HOGA1,701,279,242
HOGA1_CGCATGGATTTCACCAGCAA,HOGA1,2749,831,1154
HOMER1_AGCAGAACGTCTGCACAAGC,HOMER1,398,216,360
HOMER1_AAGCAGAACGTCTGCACAAG,HOMER1,1720,298,687
HOMER1_TTTAAAGGAATCCGCAGGCG,HOMER1,1283,259,494
HOMER1_AGAAGCTGCTCGACTAGCAA,HOMER1,565,272,431
HOMER1_TTGCCCGGCTATCAGCCCAC,HOMER1,4,139,146
HOMER2_TACCCACCTTGTTGCGGAGC,HOMER2,987,86,231
HOMER2_TGACCGGCTCCGCAACAAGG,HOMER2,1256,130,222
HOMER2_GCCGTGCATTGCTCTCCCGA,HOMER2,438,289,82
HOMER2_CCGTGCATTGCTCTCCCGAA,HOMER2,3092,826,1042
HOMER2_CTGGATGCCTGCGAGCAAGC,HOMER2,142,428,472
HOMER2_ATGCGCTCGGGTGGTGAAGA,HOMER2,276,531,545
HOMER3_GCGTGAGGAGACTCAGCAGA,HOMER3,1087,512,441
HOMER3_TGCCCTACAGGTGGCTGAGC,HOMER3,659,82,352
HOMER3_GCTCCGTGGGCGAGGTACAG,HOMER3,1629,98,286
HOMER3_CTCGTCAGTGCCAACGGCCC,HOMER3,1270,157,204
HOMER3_GCCAGGGAGAAATCTCAGGA,HOMER3,623,99,309
HOMER3_GCAGCCAATCTTCAGCACAC,HOMER3,2470,233,321
HOMEZ_CAGCCCTTTCGTTCAAGGAG,HOMEZ,2665,508,641
HOMEZ_CACTGAATGATCTCAGGCCG,HOMEZ,539,769,999
HOMEZ_AATCCTCACGCCGTGCCCAC,HOMEZ,655,90,35
HOMEZ_AGCAAGCCTACCCAGACGAA,HOMEZ,989,710,305
HOMEZ_ATGACCAGCTAATACCACAG,HOMEZ,739,647,749
HOMEZ_TGGTGAACTACTGAGACCGC,HOMEZ,724,200,106
HOOK1_ATCATGAGGCTGTCGCACAG,HOOK1,1131,339,386
HOOK1_GCTGACTAGTGGAGTTGCCA,HOOK1,613,2,71
HOOK1_AGCAACCTCCCAAGCTCCAC,HOOK1,499,27,74
HOOK1_TCTGAATGACCTTCGCAAGC,HOOK1,2008,542,910
HOOK1_ACTTTCCTCCGAATCCAAGA,HOOK1,510,220,175
HOOK1_ATGCTTCGCTTACAGCAAGA,HOOK1,654,211,304
HOOK2_GCCATACGTCTCTGGTGACA,HOOK2,1116,38,183
HOOK2_CATCCAGAGAATCATGACGC,HOOK2,1259,408,70
HOOK2_ACACAGGATGCGCCAGGACC,HOOK2,2099,923,1147
HOOK2_CGGAAGATCCAGGTCCCAAC,HOOK2,1398,766,901
HOOK2_TGGCACAGGGAGACGGAACG,HOOK2,1859,497,493
HOOK2_CCGATCGGGAGCCATGAGCG,HOOK2,847,904,596
HOOK3_AAATCTTCCACGGTCTGGCA,HOOK3,301,142,234
HOOK3_TGTCATGACAGCCATTCAAG,HOOK3,1654,303,690
HOOK3_CCTGCCGCCTTAAATCACCA,HOOK3,618,168,416
HOOK3_CGTTGTGTACAAGCTCAAGA,HOOK3,2292,331,424
HOOK3_AAAGGCAGCTGAAGATAGAC,HOOK3,437,107,351
HOOK3_CAGGGCAGTCATTTCTGGCG,HOOK3,1188,241,200
HOPX_GCAAAGTGGCGGCGCTCAGA,HOPX,2,83,92
HOPX_GAAATGGTTTAAGCAGCGCC,HOPX,124,29,27
HOPX_CAACAAGGTCGACAAGCACC,HOPX,1510,256,343
HOPX_TGTACTCCAGGATTTCCACC,HOPX,687,121,80
HORMAD2_CTGATAATATGCAGTGACCC,HORMAD2,977,357,206
HORMAD2_ACAGCTTTACACAGATCCCA,HORMAD2,228,78,180
HORMAD2_GGAGCCTATCAACGTGCAAG,HORMAD2,563,521,145
HORMAD2_CAAGTGGGATTTGTCTCCAC,HORMAD2,289,417,355
HOXA1_CTTCTCGTCGTTTCCTGGCG,HOXA1,1068,142,273
HOXA1_CCCGCCAGGAAACGACGAGA,HOXA1,1594,169,309
HOXA1_GCGTCAGGTACTTGTTGAAG,HOXA1,3249,947,995
HOXA1_AGAAGATGTCTCCGATGCGG,HOXA1,939,138,230
HOXA1_AGGCTTCTTGGTGGCTGGCG,HOXA1,1683,1092,894
HOXA1_TTGGTGGCTGGCGTGGAGAG,HOXA1,1350,336,437
HOXA10_TCACTTGTCTGTCCGTGAGG,HOXA10,377,213,200
HOXA10_TACATGCCAGGCAATTCCAA,HOXA10,647,29,52
HOXA10_CAGGGAATCCTTCTCCGGCG,HOXA10,717,37,92
HOXA10_TCAGGCCTACGGCACCGCCA,HOXA10,602,107,119
HOXA10_AGCCACAGGTCTATGGGCGA,HOXA10,63,155,337
HOXA10_GCGGTTACTACGCCCACGGC,HOXA10,7,0,3
HOXA11_CCGCTGGAGTCTTAGAGGAG,HOXA11,2166,2138,1215
HOXA11_CCAGATCCGAGAGCTGGAAC,HOXA11,1839,358,311
HOXA11_GCAACTTCAAGTTCGGACAG,HOXA11,1374,454,497
HOXA11_TATAGCACCGTGGGCAGGAA,HOXA11,664,739,949
HOXA11_ATTTCTATAGCACCGTGGGC,HOXA11,485,162,107
HOXA11_TCTGAAGGTCACTTCGCGCA,HOXA11,674,256,211
HOXA13_GACGAATCTCTCTGAGCGGC,HOXA13,267,32,14
HOXA13_GAAGCGCGTGCCTTATACCA,HOXA13,1050,98,193
HOXA13_GATGCCAGCTCCTATAGGAG,HOXA13,753,10,129
HOXA13_GAGCTGAACTCCTCGGCAGC,HOXA13,287,184,322
HOXA13_GCTCAACAAGAACATGGAAG,HOXA13,1590,159,308
HOXA13_TGTTGAGCTCGTCGGCCACC,HOXA13,252,350,256
HOXA2_CGCTAAAGTCCTGCAAAGAG,HOXA2,2985,1849,1433
HOXA2_AAATCGCCGATGGCAGCGGC,HOXA2,33,1,33
HOXA2_GAAATCGCCGATGGCAGCGG,HOXA2,509,91,228
HOXA2_GAATCCCTGGAAATCGCCGA,HOXA2,467,81,90
HOXA2_TGAAATGTATCAGCGACAGG,HOXA2,1558,106,501
HOXA3_GGAGGTGAGTTAGACCAAAG,HOXA3,975,233,218
HOXA3_CCCACAGAAGCGCTACACGG,HOXA3,3609,748,1271
HOXA3_CTCGCAGGCGAAAGCTGCGC,HOXA3,418,104,162
HOXA3_AGGCACTCCTTTACCTGAGC,HOXA3,1080,131,106
HOXA3_CACTGTGGGTGAGTTGAGCA,HOXA3,2218,558,841
HOXA3_GGCTCTTGGCCGCGTTGGCA,HOXA3,671,265,354
HOXA4_GCTCTGTTTGTCTGAGCGCC,HOXA4,598,126,279
HOXA4_GCTCTCGAACCGCCTACACC,HOXA4,394,126,30
HOXA4_TCTTGTCGGCCAAGAGCAGC,HOXA4,53,66,63
HOXA4_CAAGCCAAGGGCCCAGCGCA,HOXA4,811,106,316
HOXA4_TGCGCGTACTCCTCGAAGGG,HOXA4,1638,487,356
HOXA5_AGCATGAGCATGGCCGCGGC,HOXA5,379,139,198
HOXA5_TGCAGACAACATAGGCGGCC,HOXA5,385,173,35
HOXA5_TCGCCTGCTCGCTGCTGGCA,HOXA5,923,772,811
HOXA5_TGGCTGTACCTGGGCTCGGC,HOXA5,191,50,37
HOXA5_CAAAGTGGCCGGAGCCCGAG,HOXA5,655,110,310
HOXA5_CGGTCGCTATCCAAATGGCC,HOXA5,380,101,194
HOXA6_TCAATTCCACGCAGCCCAGC,HOXA6,694,429,450
HOXA6_ATCAATTCCACGCAGCCCAG,HOXA6,1017,201,350
HOXA6_GGGATATGTCTTACCCGCGC,HOXA6,523,63,106
HOXA6_TCCATGACGAAGGCGCCGAC,HOXA6,207,153,70
HOXA6_GGCAAAGCACTCCATGACGA,HOXA6,457,19,62
HOXA6_CTCGGGCAGTGGCAAGCAGA,HOXA6,1900,213,569
HOXA7_CGTGGGCGATTTCAATGCGG,HOXA7,1539,484,250
HOXA7_GCCTGCGACAAGACGGACGA,HOXA7,872,64,321
HOXA7_CTCTGCAGTGACCTCGCCAA,HOXA7,254,373,403
HOXA7_AACGGTCGAGGCGAAGGCGC,HOXA7,708,95,174
HOXA9_CAGATAACCCAGCAGCCAAC,HOXA9,1838,263,211
HOXA9_GAACCGCTGTCGGCCAGAAG,HOXA9,1515,427,389
HOXA9_TGAACCGCTGTCGGCCAGAA,HOXA9,3401,1073,1035
HOXA9_CAAACACCGTCGCCTTGGAC,HOXA9,608,123,163
HOXA9_AGCGTTGGCCGCTATGCGCC,HOXA9,845,118,98
HOXB1_GGTGGAGATTGCCGCCACCC,HOXB1,198,3,0
HOXB1_GGCTCAGGTACTTGTTGAAA,HOXB1,1585,315,418
HOXB1_TCAGCGGCTCTGGTAGACAC,HOXB1,1625,144,326
HOXB1_TGATCTCCTCTCCGAGGACA,HOXB1,2199,500,548
HOXB1_CCGGAGTTCTGCTGAAACGC,HOXB1,2171,1498,1267
HOXB1_ACAGAGTGGGTACTCTAAGA,HOXB1,542,116,353
HOXB13_AACGCATTCCGTACAGCAAG,HOXB13,1242,299,546
HOXB13_AAACGCATTCCGTACAGCAA,HOXB13,1531,644,628
HOXB13_TTTCTTGCGGCCGCGACGAA,HOXB13,52,221,251
HOXB13_TGCAAATGCTGCCTTCCAAA,HOXB13,1469,1031,1187
HOXB13_CCAGGTAACTGGCCATAGGC,HOXB13,880,540,377
HOXB13_CCGCTGGGTGGCTGGTCAGA,HOXB13,1622,482,391
HOXB2_AAGCGAACGGCTAAAGGCCG,HOXB2,296,312,169
HOXB2_CCTTGCTGGACCTCACCGAA,HOXB2,1435,568,517
HOXB2_GCAAGGCCGCGATCTCGACG,HOXB2,1207,233,274
HOXB2_CTCTGAAGGGTGGAGGCGCC,HOXB2,340,86,144
HOXB2_AAGGTTTGCTCGAAAGGAGG,HOXB2,464,53,150
HOXB2_TGAAATGTCTCCAAGACAGC,HOXB2,99,263,397
HOXB3_CCGCACGTCCTCCAAGCCAA,HOXB3,2341,635,466
HOXB3_ATTTCAGGCCGCCACGCACC,HOXB3,205,48,211
HOXB3_AAGCTACCAGCCACCTACGA,HOXB3,1625,371,471
HOXB3_CTTACCTTAGCCACCGACGA,HOXB3,1132,367,969
HOXB3_TTACCTTAGCCACCGACGAG,HOXB3,1039,480,448
HOXB3_ATCTGCAGAGTTCGGGCGAG,HOXB3,1455,365,315
HOXB4_AACACCAAGATCCGCTCGGG,HOXB4,145,76,92
HOXB4_CTACCTGACACGGCGCCGGA,HOXB4,432,186,237
HOXB4_GCGCAAAGTTCACGTGAGCA,HOXB4,2395,856,613
HOXB4_TCTTTGCACGCGGAGTGGGA,HOXB4,671,109,217
HOXB4_TACCCAGCGACCACTCGCCC,HOXB4,1133,210,407
HOXB4_CTACCCAGCGACCACTCGCC,HOXB4,219,336,358
HOXB5_TGCTCCAGATATGACCGGGC,HOXB5,98,431,119
HOXB5_TATCTGCTCCAGATATGACC,HOXB5,0,29,17
HOXB5_CTGAGGTCGCCTGGTCGGAG,HOXB5,2457,608,673
HOXB5_TGCACCAACGGCGACAGCCA,HOXB5,299,135,227
HOXB5_TCGAAGCCGCTTGCCTGAAG,HOXB5,1625,710,476
HOXB5_CGGCTACAATTACAATGGGA,HOXB5,1440,219,321
HOXB6_CGCGTCTCAGCTCAGTGCCG,HOXB6,2412,665,1091
HOXB6_TCTGCCTCTCCGTCAGGCAC,HOXB6,197,45,50
HOXB6_ATACACACGTTACCAGACGC,HOXB6,287,58,110
HOXB6_GCTCCACTCCGGTCTACCCG,HOXB6,1349,37,70
HOXB6_TTCCTCCTATTACCCGCCGG,HOXB6,715,462,266
HOXB6_CGGCGGGTAATAGGAGGAAG,HOXB6,1464,582,597
HOXB7_TTCAGCCCTGTCTTGGCCGG,HOXB7,968,401,430
HOXB7_AGAACAAGACCGCGGGCCCG,HOXB7,1343,84,239
HOXB7_GGAGAACAAGACCGCGGGCC,HOXB7,753,70,43
HOXB7_GCAGGAACTGACCGCAAACG,HOXB7,2518,497,620
HOXB7_TCGATGCAGGGCTTGTACCC,HOXB7,996,281,265
HOXB7_CCCGAACCCGCTCCATAGCC,HOXB7,1927,1076,742
HOXB8_CAAATGCGAGCAGGAGGAGC,HOXB8,375,27,129
HOXB8_AATCGAGGTATCGCACGCCC,HOXB8,65,100,15
HOXB8_CACCTTGCGGGCGCATCCAG,HOXB8,177,10,36
HOXB8_ATAGGCTCTGGCGTTGCAGC,HOXB8,80,41,145
HOXB8_GGAGCCGTGGACAGCGACGA,HOXB8,411,279,322
HOXB8_TAGAACTCCTGGATTTGCGA,HOXB8,438,78,80
HOXB9_CAGGGACCGTAGGCACGAAG,HOXB9,359,188,66
HOXB9_AGCGTGCAGCCAGTTGGCGG,HOXB9,2508,175,440
HOXB9_GGGTCTTTGATTAGACAGCA,HOXB9,186,120,133
HOXB9_GGAAACTTCGGCGGGCAGGG,HOXB9,398,107,44
HOXB9_TTTGGGCTGGAAGCTGCACG,HOXB9,743,140,254
HOXB9_GAGCTCGCGTACTGGCCAGA,HOXB9,208,496,37
HOXC10_CTCGTCCCTCTTGGAGAGCG,HOXC10,78,8,7
HOXC10_GAGGACAGCGGCCTGCCAAC,HOXC10,145,10,4
HOXC10_ACTGGCCCGCTGCTCGAAAG,HOXC10,1025,345,366
HOXC10_AGACTGGCCCGCTGCTCGAA,HOXC10,1175,801,1121
HOXC10_TTTGACGCGAGAGCGCCGCC,HOXC10,292,151,73
HOXC11_GCTCTCCGTCGCGCAAGGAG,HOXC11,546,1008,348
HOXC11_TAGGAGACCTCCCGGACCGG,HOXC11,734,67,135
HOXC11_GGCCGACGAGCTTATGCACC,HOXC11,245,143,181
HOXC11_GGCCACGGAGTGGGCTGAAC,HOXC11,260,131,159
HOXC11_CTAACTCGTCTTCTTTCCGC,HOXC11,1002,264,312
HOXC11_GAATGGAGTGCCGGCCACAG,HOXC11,501,384,470
HOXC12_CCGCTGGTAAACATCCACAC,HOXC12,1946,687,918
HOXC12_TGAGAGACACTGGGCTGCCG,HOXC12,1033,344,189
HOXC12_AACGAGGGCAACAAGGGCGC,HOXC12,498,205,140
HOXC12_TTGGTATCGCCGTTGAACCC,HOXC12,1099,282,371
HOXC12_TCATCACACGCCAGCGCCGG,HOXC12,2051,327,447
HOXC12_CTGAGAGTTCCCTCCGGCGC,HOXC12,1092,548,183
HOXC13_CCGGGTATTTATCGCCCGGG,HOXC13,119,15,79
HOXC13_GCTCCGGGTATTTATCGCCC,HOXC13,11,151,117
HOXC13_GGCTCCGGGTATTTATCGCC,HOXC13,305,28,68
HOXC13_AGGACAGGTCGTCACCGGGC,HOXC13,523,28,157
HOXC13_GAGGTGAGCAGCTACCGGCG,HOXC13,468,120,117
HOXC13_TCATCACCAAAGAGAAGCGC,HOXC13,400,332,291
HOXC4_ACAGTCCGGAATATTACGGC,HOXC4,353,155,302
HOXC4_CCGGCAATTCGCGAGGCCAC,HOXC4,1155,345,293
HOXC4_ATCACAGTCGCTCTGCGAGC,HOXC4,209,26,80
HOXC4_ACAACCGCTACCTGACCCGA,HOXC4,521,141,113
HOXC4_GCTACCTGACCCGAAGGAGA,HOXC4,276,21,0
HOXC4_TCTGCCCGTTGCTGCTCCGG,HOXC4,1012,228,419
HOXC5_CGCCTTCCAACTCTCTCCAC,HOXC5,1495,477,682
HOXC5_CCTTCTGACTGTACATCCCG,HOXC5,2608,445,397
HOXC5_TTAGCTCGCTCCTCCAGCGC,HOXC5,2678,454,390
HOXC5_TGTGCAGTTTGGTCATCCAC,HOXC5,588,104,79
HOXC5_TTCCAGAGACGGACGGCAAG,HOXC5,1563,262,291
HOXC5_ACCGCTACCTCACTCGCCGC,HOXC5,574,46,356
HOXC6_TTATCCTGCCACCTCGCCGG,HOXC6,513,154,336
HOXC6_GCATTTCTCGACCTATGGAG,HOXC6,1621,313,258
HOXC6_GAGCGGCCGTTGCCCAGAAC,HOXC6,1178,607,295
HOXC6_CAGCGAATGAATTCGCACAG,HOXC6,373,365,294
HOXC8_AGCCGGCGAGTCCCTGGAAC,HOXC8,1427,447,840
HOXC8_AACCGGCAGTCGTAATAGGC,HOXC8,1130,1558,452
HOXC8_TGCCCACGCTCTGAGGGAAC,HOXC8,1014,571,544
HOXC8_CGTGGCAGCTAAGCGAGCAC,HOXC8,469,150,126
HOXC8_ACTAACAGTAGCGAAGGACA,HOXC8,134,23,55
HOXC9_CTGTAGCTTCGCGCCCAAGC,HOXC9,1253,65,635
HOXC9_CACGGACGACTGAGAGGGCA,HOXC9,1494,175,384
HOXC9_CGTGAATCCAGTTGGCCACG,HOXC9,3230,1479,1073
HOXC9_GCGCTTCTTCCTCGTGGAGC,HOXC9,978,144,259
HOXC9_CCGTCGGTATGAGGTGGCCC,HOXC9,521,116,166
HOXC9_GGGTTCTCAATCTCACCGAG,HOXC9,169,203,135
HOXD1_ACCTCGGCCGTCTTCTCGGG,HOXD1,232,48,64
HOXD1_AATCCACCTGGCCGCTGAGG,HOXD1,709,85,142
HOXD1_GCTGACGCTTTGAGACAAGC,HOXD1,45,49,13
HOXD1_CCGCCTTCAGCACGTTCGAG,HOXD1,1673,669,563
HOXD1_GAAATTCGTGCGGATCGCGC,HOXD1,97,1,189
HOXD1_CCCAAGTACCGGCCTCACGA,HOXD1,1089,95,117
HOXD10_GGTCCCTTCGTACCAGAGGC,HOXD10,9,64,51
HOXD10_TGGACACGGAGACCTCAGCC,HOXD10,403,305,695
HOXD10_CTGCACTTCGGGACTGGACA,HOXD10,3536,773,917
HOXD10_CGTTAACCTCACCGACAGGC,HOXD10,807,483,231
HOXD11_CATAGTAGGCGCAGCCCGGC,HOXD11,247,4,172
HOXD11_GGCTTGCTAGCGAAGTCAGA,HOXD11,231,75,110
HOXD11_GCGGAAGGCCACTTCGCGCA,HOXD11,541,523,233
HOXD11_CTACGCTCCCTACTACGCGG,HOXD11,656,112,289
HOXD11_CCTTGAAGAGCACGTCCGGC,HOXD11,550,60,0
HOXD11_GCCGAGAAGAGCAGCAGCGC,HOXD11,221,206,300
HOXD12_TGAGCGCAGTCTCTACAGAG,HOXD12,1635,720,532
HOXD12_CAAAGACGGACCCGAAGAGC,HOXD12,1571,78,219
HOXD12_TGGTGTGGGTCGTGCCACGC,HOXD12,808,516,191
HOXD12_TTGGTGTCGTCCTTGAAGCC,HOXD12,599,334,503
HOXD12_GCGTATGAAGAAGAAGCGCG,HOXD12,605,138,196
HOXD13_ATGGACGGGCTGCGGGCAGA,HOXD13,698,15,16
HOXD13_CACGGGAAAGCCTCCCAGCG,HOXD13,287,92,225
HOXD13_CGTGCCCGGCTATATCGACA,HOXD13,2287,506,399
HOXD13_GACATGTGCGTCTACCGAAG,HOXD13,903,110,179
HOXD13_ACATGTGCGTCTACCGAAGA,HOXD13,2227,401,514
HOXD13_TGTGCGTCTACCGAAGAGGG,HOXD13,1177,206,137
HOXD3_AGTTCAGCTCCTTTGTGGGC,HOXD3,307,144,305
HOXD3_TGCTCTGAGTTCAGACCAGG,HOXD3,235,283,252
HOXD3_CCAGGATTGGTGGGTGAAGA,HOXD3,1679,1456,1508
HOXD3_GGCTGTGATTTGGCGAAAGC,HOXD3,920,489,428
HOXD3_CATCCCATGGCGAGCAACGG,HOXD3,2918,925,828
HOXD3_GCAGTCGTCCCTGAGACGAG,HOXD3,1094,168,306
HOXD4_TGCAAATACTCCTCGCACGG,HOXD4,1209,285,453
HOXD4_CAGGGCGCCGACTACTACGG,HOXD4,2072,826,425
HOXD4_TGCTCACCGAAGTCGGGCCG,HOXD4,138,326,705
HOXD4_GGAACCCAAGCGGTCCCGAA,HOXD4,115,61,38
HOXD4_CCGGCAGCAAGTCCTAGAAC,HOXD4,3676,1299,1020
HOXD4_CTGGCGCTCCGACAGACACA,HOXD4,710,233,248
HOXD8_CGACTGTCACTTCGCGCCCG,HOXD8,4014,1433,1396
HOXD8_GGCCAGGAGTACTTCCACCC,HOXD8,1180,262,463
HOXD8_ACAGGCAATCCCGCCGCAGG,HOXD8,976,57,241
HOXD8_TCTCGGTGAGGGCTAGGGCG,HOXD8,329,397,444
HOXD8_CCTAGCCCTCACCGAGAGAC,HOXD8,1592,501,686
HOXD8_ATTTCCCGTTTCCCGGCAGG,HOXD8,222,4,67
HOXD9_GCACTCAGTCCGTTTGGAGG,HOXD9,1262,174,311
HOXD9_GGACTGAGTGCTCCGTGGCC,HOXD9,468,141,312
HOXD9_GCGAACAGCCTGGGATCGGG,HOXD9,612,54,146
HOXD9_CGTGGATCCAGTTCGCGGCG,HOXD9,1371,104,145
HOXD9_GCGTGGATCCAGTTCGCGGC,HOXD9,906,8,48
HOXD9_GGATCCACGCTCGCTCCACC,HOXD9,296,47,60
HP1BP3_CAAAGGCGAGTAAAGGCCAG,HP1BP3,660,104,120
HP1BP3_TAAGTATCCTTCTCTGGAGC,HP1BP3,764,54,35
HP1BP3_ATTGCATCCATCTTGGGACG,HP1BP3,1500,187,397
HP1BP3_AGTGAGGCAGAGCAGCCAAA,HP1BP3,578,247,299
HP1BP3_CACAGTTCGACGAATCGGCA,HP1BP3,2596,659,1003
HP1BP3_CCTCACCTAACTTGTCCGCG,HP1BP3,850,349,457
HPCA_ACATGAGCTTCTGCTCCAGG,HPCA,398,88,47
HPCA_CCTTGGAGGAGTTCATCCGC,HPCA,1895,133,149
HPCA_AACCTGGCTCCTCTCAGAAC,HPCA,1346,412,188
HPCAL1_CCGACCACGAGCTGCAGGAG,HPCAL1,3652,1170,922
HPCAL1_TGAACTCGTCCACGGTCAGG,HPCAL1,497,42,109
HPCAL1_TCCGCAGGCCATCTACAAGA,HPCAL1,2669,1087,1173
HPCAL1_GCAGCAGGCGGACGATGGAG,HPCAL1,557,470,102
HPCAL4_TGATGCGCATGAACCAGGAC,HPCAL4,1842,236,592
HPCAL4_ATGATGCGCATGAACCAGGA,HPCAL4,700,242,422
HPCAL4_GATCATGATGCGCATGAACC,HPCAL4,0,67,27
HPCAL4_GCTTCTGCTCGAAGCTGCCG,HPCAL4,119,31,42
HPCAL4_GAACACTGAGTTCAGCGAGC,HPCAL4,824,179,278
HPD_ACACCATCTCCTGATCAGGC,HPD,853,300,265
HPD_AGAGCAAGACAAGTTTGGGA,HPD,749,273,74
HPD_CACAGAGATGGGCGATCACC,HPD,334,298,99
HPD_GCACCTCACCTTTGTTCCAG,HPD,611,269,309
HPD_CTTGGCGTTGCCAACCCAGA,HPD,306,39,106
HPD_GACGACTTACAGTGACAAAG,HPD,1032,22,259
HPDL_GGCCTGAAGCCGGGTAGGAA,HPDL,472,450,566
HPDL_TGGGCCTCGAAATGACAGCA,HPDL,684,186,168
HPDL_TCTGGCTGAGTCCCTTCCGG,HPDL,2361,225,413
HPDL_GACGACACGACAGGACCAGG,HPDL,307,106,117
HPDL_GGGCCAGGAACTGCTCCACC,HPDL,137,40,164
HPDL_CTCATCTGCTTGCTCGACAG,HPDL,3324,364,700
HPGD_AGCCCACCATTGATTGCCAA,HPGD,1544,549,330
HPGD_TAAACCGGCTGCTGTGCAAC,HPGD,1174,258,193
HPGD_AAGTTCTGCCGTCTTCAGCA,HPGD,840,194,340
HPGD_TGTAGACCACTTTGGAAGAC,HPGD,1310,310,406
HPGD_CTCTTGTCTATAGGTAGCGC,HPGD,752,242,389
HPGD_CGTGAACGGCAAAGTGGCGC,HPGD,1483,160,439
HPN_CAGTGACATGGCGCAGAAGG,HPN,1257,130,258
HPN_ACAGGAACCGCTCTCACCAA,HPN,1757,433,372
HPN_GCTCATGGTCTTTGACAAGA,HPN,733,287,246
HPN_GGCTTCTTCTGTGTGGACGA,HPN,860,174,173
HPN_TTCTTGGCCGCCATCTGCCA,HPN,820,123,95
HPN_TAGCGAAGGCTGACTTGCCA,HPN,780,139,276
HPR_AACAAGAAGGAGCGGAAAGC,HPR,1250,284,143
HPR_CAATCGTATTGGTCAGCCAC,HPR,258,51,74
HPRT1_TCGAGATGTGATGAAGGAGA,HPRT1,563,40,40
HPS1_ACTTGTCCATCCTCTGGCGC,HPS1,287,141,171
HPS1_CCAGGTTGATGCCCTGCCAC,HPS1,268,63,0
HPS1_CACCTGAGCTCTGATCGCCA,HPS1,527,193,164
HPS1_CCTCACTCCACGGGCCCAAC,HPS1,977,280,1132
HPS1_GGTAGAGGTCCTGAACCAGG,HPS1,1,0,0
HPS1_GGACGGTCATCTTATCCGAA,HPS1,734,181,162
HPS3_CACCAGCCTCGCTGTAGGCC,HPS3,654,178,343
HPS3_GGCAACAGGAAATGCACAAG,HPS3,821,125,328
HPS3_CTGCTACCCATTTACCAGAC,HPS3,2687,1126,625
HPS3_GCCAGTTCTTACCTTCAGGG,HPS3,227,136,249
HPS3_CAGACATCCATACTGACAGG,HPS3,529,418,473
HPS3_AAGTTCTGGCCCGCACGGAC,HPS3,740,553,248
HPS4_GCTGCCTTCAGCAACAACAG,HPS4,833,302,260
HPS4_AAAGGGTTGTACAGAACAGC,HPS4,353,168,193
HPS4_TAGTTTGGTCCAAGTTCCAG,HPS4,175,62,54
HPS4_ACCTCATAAGCTAGGGAAAC,HPS4,1406,384,256
HPS4_CTGCCATTCAACTTACCCAA,HPS4,1495,382,694
HPS4_GGTTCCAAGGTAAAGGAAGA,HPS4,482,78,37
HPS5_GATCAGTGTTGTGGCTCACA,HPS5,792,2,112
HPS5_GGAGCATTTGAAATCTCAGC,HPS5,108,118,320
HPS5_CCTCAGTATGATCATACAGC,HPS5,446,347,392
HPS5_CTGATATATTGTGCTCGCCC,HPS5,750,64,264
HPS5_GCATAGCTGTGTCTCGGAAA,HPS5,1051,582,702
HPS5_ATTACTCTCAGCCCTGCGGC,HPS5,0,12,26
HPS6_AGCACCGAGCTGTGTCCGGG,HPS6,251,4,0
HPS6_GGCTCCAGATGAGTAGAACG,HPS6,697,650,391
HPS6_AGGCCTGCGGGTACTACCAG,HPS6,980,523,156
HPS6_CCTGCGGGTACTACCAGCGG,HPS6,1002,310,201
HPS6_TGTCGGGCAGCTGGTGCAAA,HPS6,2653,1132,798
HPS6_GAGCCAGTTCTGGTGGGCAC,HPS6,1,1,0
HPSE_TGCAAAGGTGTCGGATAGCA,HPSE,1955,1468,1056
HPSE_AGACGGCTAAGATGCTGAAG,HPSE,2015,291,419
HPSE_CTGGACTACTGCTCTTCCAA,HPSE,1328,165,162
HPSE_AACTTCTCCTCCACATCAGG,HPSE,401,12,25
HPSE_CCACCAAACCTCAGGTACGC,HPSE,1393,1068,663
HPSE_TGGCGTCAATGGTGACGGAC,HPSE,1958,419,502
HPSE2_TGGGACTCTCAGAGACAAGC,HPSE2,913,178,213
HPSE2_TTGTCCCGGATCACTCGGCC,HPSE2,1134,35,344
HPSE2_CCGGCCATCAATGTAGCAAC,HPSE2,842,298,421
HPSE2_GCCCTAATATTGGGCGGCCG,HPSE2,107,88,118
HPSE2_ATGTTATGCTGGAGCTCCAA,HPSE2,206,55,82
HPSE2_TTGAGATAGTAATCCGGGCC,HPSE2,800,346,421
HPX_AGCGCAGGAATTGGTTACCC,HPX,433,199,295
HPX_TGGACTGACCTTGGAAGAAG,HPX,1080,403,413
HPX_TGACGGAATGCAGCATCCAC,HPX,661,86,62
HPX_GAGCTTTGATGCTACCACCC,HPX,352,132,211
HPX_CGCCTTCAGCAACATTCCCA,HPX,1440,214,486
HPX_AGTCCCAGCTTTACTCACGG,HPX,261,244,344
HR_GGGTCAAGTTTGATATCCGG,HR,393,89,15
HR_GCCGTGACAGAGGACAGCCC,HR,688,195,343
HR_CCTGACAGCCGGCTCAGCAC,HR,663,29,24
HR_GCCACTCTCAGCAAGTGCGG,HR,439,68,0
HR_TCCTACCCACCCACTAAAGG,HR,1245,258,458
HR_TGGTGCAGTCCATCTCGAGG,HR,767,248,169
HRAS_ACTTGCAGCTCATGCAGCCG,HRAS,770,97,271
HRAS_TGGGTCACATGGGTCCCGGG,HRAS,154,150,130
HRAS_GGATGCCGTAGCTTCGGGCG,HRAS,1174,362,427
HRAS_GGACTCGGATGACGTGCCCA,HRAS,30,193,135
HRAS_GCAGGATTCCTACCGGAAGC,HRAS,598,72,296
HRAS_AGCGATGACGGAATATAAGC,HRAS,1134,313,278
HRASLS_CCGGCACGAGGCTCTGACCA,HRASLS,2553,616,598
HRASLS_ATCTGTACCCGGGAGACACC,HRASLS,410,196,295
HRASLS_GGTCTTCTTCTCGCACCGGG,HRASLS,279,366,157
HRASLS_TGCTTCAGTTTGAACTACCC,HRASLS,1124,352,549
HRASLS_TCCGTCCTGGCTATCAGCAC,HRASLS,1000,407,478
HRASLS_ATGATTTCTTCCACAGGGAG,HRASLS,1071,193,297
HRASLS2_CCCGCTTGCTTCTGGCCAGC,HRASLS2,737,363,263
HRASLS2_ACGACAGTAGGTGTGGCAGC,HRASLS2,678,87,182
HRASLS2_ATGCAGGCTGAAGATGCACC,HRASLS2,77,27,32
HRASLS2_GGGAGACGCCATAGCGCAGA,HRASLS2,208,53,35
HRASLS2_CTCGCTTTGGCTATGCACAC,HRASLS2,2488,2147,1554
HRASLS5_GCCTCAGATATGGCGTACCC,HRASLS5,154,81,67
HRASLS5_TTCGAATTGGCTATGAGCAC,HRASLS5,1059,835,954
HRASLS5_TCCGCCGGGCACATTAGAAC,HRASLS5,2681,930,1124
HRASLS5_ACAGCTGAACGTCTGAGCGC,HRASLS5,921,343,329
HRASLS5_GCTGAACGTCTGAGCGCAGG,HRASLS5,408,16,108
HRC_CGTTCTCGTCTCCAGGGCCC,HRC,455,163,206
HRC_CACTTACTGATAAAGGGACG,HRC,254,230,97
HRC_CTGCCCGCTGGTCTGCGAAA,HRC,1814,808,1233
HRC_GAAGGAGCAGTAGCCACACA,HRC,1010,283,120
HRC_AGTATGGGAACTACCAGCCA,HRC,856,195,60
HRC_TGATGGACCCTCTTTGACCA,HRC,1757,115,409
HRCT1_CACCTGTGATCCATCCCACG,HRCT1,1915,726,438
HRCT1_CGGACGGCAGGACTGTGACG,HRCT1,2445,984,926
HRG_CTGCAGTGCTGTTGAGCCGG,HRG,1525,323,304
HRG_CAATCCGCAGCAATTGGAAA,HRG,1328,805,731
HRG_GATGGACGTCTGGAATCAGG,HRG,250,43,5
HRG_CCTCGCCTTCTTAAGTGCCC,HRG,51,346,247
HRG_CACTTAAGAAGGCGAGGCCC,HRG,394,93,151
HRG_CGACTCCCTCCTCTAAGAAA,HRG,1502,333,426
HRH1_CGATCAAGTCCGCCACCGAG,HRH1,2762,1108,1037
HRH1_AGCGGTAGCGATCAATGCAC,HRH1,866,286,95
HRH1_TACGACAACACTGCCAGCAC,HRH1,790,109,248
HRH1_GGGACTATGTAGCCGTCAAC,HRH1,685,112,90
HRH1_ATCTGAGTCCGTTCGAGAGA,HRH1,310,114,376
HRH1_GGTTGCACATGAACCGCGAA,HRH1,767,306,266
HRH2_GACGACCACATTGCCAGCAA,HRH2,1136,307,573
HRH2_TGTGGTCGTCTGTCTGGCCG,HRH2,3005,1520,1065
HRH2_AATTGGTCAGGTTGCGGAGC,HRH2,707,123,266
HRH2_GGTGGATAGACAGAAAGGAC,HRH2,269,31,28
HRH2_TCGCCCGGGATCAGGCCAAG,HRH2,1536,573,370
HRH2_TGTGTACCGTGGGCTGAGAG,HRH2,2008,517,829
HRH3_CCCGAGACAGCCGAAAGCGC,HRH3,1204,648,268
HRH3_ACGGACCAGCCATCCTGAGC,HRH3,363,214,663
HRH3_GAGGCTCGAGTCGGCCACGA,HRH3,143,63,200
HRH3_GATGAGCAGCGCCATGAGCG,HRH3,1130,159,135
HRH4_AGCGTGTGAGGGATGTACAA,HRH4,1900,671,607
HRH4_TCCCTCACACGCTGTTCGAA,HRH4,1379,639,587
HRH4_GAAGGTAGTGAATGTGAACC,HRH4,282,100,106
HRH4_CCAAGAATGATGTGATGGCA,HRH4,828,528,225
HRH4_ATGTTGAACTGCTTAGAGCC,HRH4,517,87,205
HRK_CGTCGCCTAGCGCCTTGAGC,HRK,193,195,106
HRNR_GGACAGGGCTATAGTCAGCA,HRNR,1118,310,417
HRNR_ATCCAGAGCTGTGTTGGCCG,HRNR,2586,365,248
HRNR_GCGGCCTGAAGAGTGACGGG,HRNR,655,287,391
HRSP12_ACGTTACCTGTAGGGTCCAA,HRSP12,348,31,76
HRSP12_CCTTCTGATCAAGGACGACA,HRSP12,785,134,35
HRSP12_CCATGTCGTCCTTGATCAGA,HRSP12,996,322,274
HS1BP3_GGGCCCTCCACTCTCACAGG,HS1BP3,270,35,158
HS1BP3_CCGGCTCACCATCTTTGACG,HS1BP3,3284,857,861
HS1BP3_CCAACCGCATAATGCCCAGA,HS1BP3,1082,186,100
HS1BP3_TCCAGCCAAGGATGTCAGCG,HS1BP3,3035,606,1005
HS1BP3_CGTTCAAGTCGGCCAAGCAC,HS1BP3,1427,314,410
HS1BP3_CTGGAGGTGACGAGCACCGC,HS1BP3,1552,250,170
HS2ST1_GAAGAGCATCGCCACCGCGA,HS2ST1,975,65,115
HS2ST1_TCTAAAGTGGCATCTTGCCG,HS2ST1,618,70,146
HS2ST1_GCTACTGAACTCTATCGCAC,HS2ST1,712,74,64
HS2ST1_ATAGGTCCATGCCGATGAGA,HS2ST1,320,41,177
HS2ST1_GGTCACTGTAGACGAGGAAC,HS2ST1,706,220,98
HS2ST1_CTGGAACACTTTCCAAGGCC,HS2ST1,346,137,258
HS3ST1_TCAGATAGCACGCGCTCCGA,HS3ST1,1134,449,283
HS3ST1_TTGGGCGACGTGAAATACGC,HS3ST1,733,329,590
HS3ST1_TGGGCGACGTGAAATACGCG,HS3ST1,1607,505,498
HS3ST1_CTCCAGGATGACGTCCGCGA,HS3ST1,3956,290,432
HS3ST1_GCAGGAGCTTCTGCGGAAAG,HS3ST1,1262,593,373
HS3ST2_CCTGTGCTGCTGCGACGACC,HS3ST2,1982,381,507
HS3ST2_CCAGGTCGTCGCAGCAGCAC,HS3ST2,2054,606,244
HS3ST2_TTGACAGGAACTACGGCCGC,HS3ST2,489,96,55
HS3ST2_GGGTGCGGTTGCGGAAGGAG,HS3ST2,767,67,66
HS3ST2_CGAGCGACTCATCACTGACC,HS3ST2,1490,447,331
HS3ST2_CGACTCATCACTGACCCGGC,HS3ST2,1244,160,199
HS3ST3A1_CTTCGTCCAGGAGCAGCGCC,HS3ST3A1,295,54,240
HS3ST3A1_CTGGCGCTGCTCCTGGACGA,HS3ST3A1,913,266,258
HS3ST3A1_AGACGTAAAGGGACGTGAGC,HS3ST3A1,497,135,91
HS3ST3A1_GACGTAAAGGGACGTGAGCA,HS3ST3A1,1026,189,203
HS3ST3B1_AGCTTCCTCCTCACCGGCGG,HS3ST3B1,1528,295,149
HS3ST3B1_ATAGAGCCAGACGCAGAGCA,HS3ST3B1,378,370,636
HS3ST3B1_ATGTTCCTGTACTCGTGCGC,HS3ST3B1,507,50,181
HS3ST3B1_TTCAGGCAAGGAGATGGCCG,HS3ST3B1,961,314,598
HS3ST3B1_TCAGGCAAGGAGATGGCCGA,HS3ST3B1,650,71,219
HS3ST4_TAGAGCCGCACTTCTTCGAC,HS3ST4,764,290,206
HS3ST4_GCGCATTCACTCCATGGCCA,HS3ST4,998,433,287
HS3ST4_GAAGGCCAGCACCTCAAAGG,HS3ST4,1352,268,264
HS3ST4_GGAAGCATCGATCAGCCCGA,HS3ST4,366,165,82
HS3ST5_AGTGCCTGGCGGGCAGCAAG,HS3ST5,568,150,120
HS3ST5_CCTTCCGGAACTCGTGCAGC,HS3ST5,316,231,405
HS3ST5_CCTGCTGCACGAGTTCCGGA,HS3ST5,1502,419,124
HS3ST5_ACAGGAGACTCCCAACGGCA,HS3ST5,456,495,440
HS3ST6_CGCTCCAGGCTGTGTCCACG,HS3ST6,3542,1540,1164
HS3ST6_GGGACATGGCGTGGATGCGG,HS3ST6,758,90,208
HS3ST6_CAGCTACTTCGTGACGCGAG,HS3ST6,1024,562,279
HS3ST6_CGTAGCACCTGTCGAAGAAG,HS3ST6,1676,483,372
HS3ST6_TGAGCGCTTGCGGGAAGCGC,HS3ST6,185,45,115
HS3ST6_GCAGTAGGCGCCGAGCACCA,HS3ST6,1363,323,416
HS6ST2_TCAGACCCATTTCCAGAGCC,HS6ST2,864,694,521
HS6ST2_ACCCGGAACACATCTAAGAG,HS6ST2,3528,1324,1010
HS6ST2_ACCAAGCTCTTGCTAGCGAC,HS6ST2,1,42,44
HS6ST2_ACTACCGGCGCGCACTCACC,HS6ST2,206,16,156
HS6ST2_CGTGCTTCAGCGAGTGGCCC,HS6ST2,1491,276,692
HS6ST2_AGGCCGAATTGGCAGCGAGC,HS6ST2,193,457,343
HS6ST3_ACGAAGAGGAGAGTGAGCAC,HS6ST3,366,192,229
HS6ST3_CCAGCCGGATGTTCTTCACC,HS6ST3,650,482,273
HS6ST3_CAGCCTTGTAGCTGCAAAGC,HS6ST3,648,351,132
HS6ST3_TCACACAGTTCAACATCACG,HS6ST3,3126,284,295
HS6ST3_CATCACGCGGGCTTCTAACG,HS6ST3,1200,597,542
HS6ST3_CAAGCAGCTAGAGCACCAGA,HS6ST3,327,448,329
HSBP1_CTCACCTCGGTGGTAAGGGA,HSBP1,1040,407,544
HSBP1_TAAGGGACGGCTGTGAGGGC,HSBP1,712,167,103
HSBP1_CCAGAGACGCTTCCAGAAAC,HSBP1,1692,485,521
HSBP1_GCCAGAGACGCTTCCAGAAA,HSBP1,976,249,244
HSBP1_TATCGCGGACCTCATGACAC,HSBP1,1249,173,59
HSCB_CTGCGATGCTGCGTCGCAGG,HSCB,109,33,9
HSCB_CCGCCGCAGTTCCAACAGCG,HSCB,2757,2,84
HSCB_GCCGCCGCAGTTCCAACAGC,HSCB,537,65,7
HSCB_ATACAGCGAAGCTCCAGCAC,HSCB,1124,1,0
HSCB_CTCAGAGAAGCATTCGACCC,HSCB,1057,201,191
HSCB_GGTACAGTCCTCTGCTCAGG,HSCB,204,3,0
HSD11B1_CAGGCCAGCTCCCTGTCGGA,HSD11B1,941,172,197
HSD11B1_GCAAACGAGGAATTCAGACC,HSD11B1,1088,510,333
HSD11B1_GGCTTATCATCTGGCGAAGA,HSD11B1,917,412,370
HSD11B1_GGCAACAAATTGCTCTGCGA,HSD11B1,259,44,20
HSD11B1_TCCATTGCTCTGCTTCAGCA,HSD11B1,1089,374,432
HSD11B1_TATGCAAGCAGCTCCAAAGG,HSD11B1,900,432,347
HSD11B1L_TGAAGGTGCTTCTCCTCACA,HSD11B1L,1694,120,203
HSD11B1L_AGCGCGAGTGCTGCTGACAG,HSD11B1L,2200,322,327
HSD11B1L_TCCGGCAGTTCCCTACCACC,HSD11B1L,622,154,134
HSD11B1L_ACGAGGTAGTCCAGCCCGCC,HSD11B1L,1367,120,199
HSD11B1L_GGACGTGCAGGACGTGAACG,HSD11B1L,1814,235,650
HSD11B1L_ATAAACCAGGCCCGCGGGCG,HSD11B1L,138,162,340
HSD11B2_GGACAACGCGATCCAGCCGG,HSD11B2,988,80,230
HSD11B2_GGTGATGAGCACCGCGCGAG,HSD11B2,62,274,93
HSD11B2_CAGATGGACCTGACCAAACC,HSD11B2,2180,929,1306
HSD11B2_CAGCTACGGAAAGTGGCCAC,HSD11B2,1358,31,268
HSD11B2_CAGCCTGGCTGCTTCAAGAC,HSD11B2,1010,430,823
HSD11B2_TCTGTGATGGCATCTACAAC,HSD11B2,966,438,680
HSD17B1_GCCGATGCCCGAGGAACAGC,HSD17B1,408,69,114
HSD17B1_CGAGGTATTGGTAGAAGCGG,HSD17B1,1355,453,464
HSD17B1_CAGCAAGCAAGTCTTTCGCG,HSD17B1,1927,114,421
HSD17B1_CAAGCAAGTCTTTCGCGAGG,HSD17B1,707,177,553
HSD17B1_CTCGGTGGTGAAGTAGCGCA,HSD17B1,1446,383,400
HSD17B1_GGTGACGTAGTTGGAGCCGC,HSD17B1,1,2,0
HSD17B10_CCTTCAAGGCTGCATACGAA,HSD17B10,2219,544,543
HSD17B10_AGTGCCCTTCCCTAGCCGAC,HSD17B10,761,151,70
HSD17B10_GCATACTCTGCTTCCAAGGG,HSD17B10,1065,187,195
HSD17B10_CACCTTCAATGTGATCCGCC,HSD17B10,212,41,147
HSD17B10_CAACTGTGCAGGCATCGCGG,HSD17B10,1684,142,93
HSD17B10_CTCCGGTTATTACCGCCACC,HSD17B10,1036,205,336
HSD17B11_ATCGTGCTGATTACAGGAGC,HSD17B11,1321,135,240
HSD17B11_CGATCAGTAACGGGAGAAGC,HSD17B11,370,151,338
HSD17B11_TCAGTAACGGGAGAAGCAGG,HSD17B11,438,141,26
HSD17B12_GAGCGAGTACGAAATACGCA,HSD17B12,360,217,43
HSD17B12_AGAGCGAGTACGAAATACGC,HSD17B12,1146,118,181
HSD17B12_TCAGTACTACCTGTGACAAC,HSD17B12,2607,244,435
HSD17B12_ACAATTGGTACTGCCTGGCA,HSD17B12,387,70,162
HSD17B13_CTTCAGTGTGCGGCCACGAA,HSD17B13,1006,931,689
HSD17B13_GCTTCAGTGTGCGGCCACGA,HSD17B13,579,640,820
HSD17B13_TTGGTGCTGAGAAGATCGGC,HSD17B13,508,81,201
HSD17B13_AGCCGATCTTCTCAGCACCA,HSD17B13,1484,792,565
HSD17B14_CCCTAGGGCCACAATCCGAG,HSD17B14,2658,783,475
HSD17B14_CATATGGTGTCCGAGTCAAC,HSD17B14,714,205,250
HSD17B14_CATAGGGAACTGCCTGGGCC,HSD17B14,907,593,288
HSD17B14_GATTGTGTTGTCAACAACGC,HSD17B14,411,105,129
HSD17B14_CCGAGTGGTTATCTGCGACA,HSD17B14,3347,736,1033
HSD17B14_AACGCGCTATGCCGGGAAGG,HSD17B14,767,178,180
HSD17B2_CTTTCTTCTCGGACACAGCA,HSD17B2,952,636,364
HSD17B2_GCGCCTCTCGGTGCTCCAAA,HSD17B2,886,503,513
HSD17B2_ATTTGGAGCACCGAGAGGCG,HSD17B2,936,258,71
HSD17B2_TCCCATTATTCCCATAGGAG,HSD17B2,1142,227,404
HSD17B2_AAAGTTGCTTCCATCCAACC,HSD17B2,1324,617,474
HSD17B2_GGTACAGGAAGACTACGGCC,HSD17B2,324,71,33
HSD17B3_TTCTGAGCCTGATCCCGGCC,HSD17B3,1004,322,459
HSD17B3_ATCACATACCTTGACTACGG,HSD17B3,246,368,266
HSD17B3_AAGCCATTTCCTGAACGCAC,HSD17B3,581,121,99
HSD17B3_CTGTTGTCTCTCGTGTAGAG,HSD17B3,2139,979,1336
HSD17B3_TGTCCTTATTAGCCGGACGC,HSD17B3,345,114,238
HSD17B3_TCTCACGCACTTCGCCAGGC,HSD17B3,424,269,322
HSD17B4_TGGTACTGGTCACCGGCGCG,HSD17B4,1061,401,528
HSD17B4_AAACACCTGGTCTCTCAAGC,HSD17B4,1910,627,626
HSD17B4_ATTGGGCCGAGCCTATGCCC,HSD17B4,77,25,90
HSD17B4_TCCAAGTGACACGGGCAGCA,HSD17B4,2218,1112,1035
HSD17B4_TGATCCCGCATTAGGAGCAA,HSD17B4,917,116,173
HSD17B4_CACGAGAGTTGTGAGGAGAA,HSD17B4,1404,1390,1602
HSD17B6_AGACATACTTGTCTTGGAGG,HSD17B6,714,108,194
HSD17B6_TGCGTGTCTGACGGAGAAGG,HSD17B6,2141,274,241
HSD17B6_TGAACCTGGCTACTTCAGAA,HSD17B6,1908,559,499
HSD17B6_ATTCCCGTTCTGAAGTAGCC,HSD17B6,26,180,66
HSD17B6_TTGTAGCACAAACCTGAACC,HSD17B6,1662,780,704
HSD17B6_CCGCGAACTCGATATTCAGC,HSD17B6,569,289,285
HSD17B8_TGACCAAGGCCAGTGCGGAG,HSD17B8,2755,498,331
HSD17B8_TGTACGCCTGGCCGGAGAGG,HSD17B8,1251,250,73
HSD17B8_GGCTGACGTGTCTGAGGCCA,HSD17B8,997,142,109
HSD17B8_ATCCTGGGTGATGCCCGCAC,HSD17B8,720,701,205
HSD17B8_ACGACAACCATTGGACACCA,HSD17B8,1622,520,599
HSD17B8_CTGGGAGGACAGAGTTACAG,HSD17B8,4473,1240,1228
HSD3B7_GGTGCGAATGCTGCTGCAGC,HSD3B7,402,211,146
HSD3B7_CATGTGGTCATCCACACGGC,HSD3B7,331,123,20
HSD3B7_CCTGCCACTCACCTGTAGAA,HSD3B7,1686,810,598
HSD3B7_TGGCTGGTCCTGGAGGCCAA,HSD3B7,391,127,87
HSD3B7_ACGAAGGGCACACGTCACCA,HSD3B7,1641,514,529
HSD3B7_AGCGGCCTGTACCCAGAGAA,HSD3B7,1352,427,475
HSDL1_CTGAGGAGTGGGTTTGCAGC,HSDL1,658,438,174
HSDL1_CCATTCCCGGTAACACAACA,HSDL1,1556,1034,1047
HSDL1_CCATGTTGTGTTACCGGGAA,HSDL1,1720,1299,1169
HSDL1_AAGTAGGTTACCGCTGACAA,HSDL1,1705,278,430
HSDL1_TGGCGATTTCCCTGTACAAG,HSDL1,1960,371,640
HSDL1_TCTTGTACAGGGAAATCGCC,HSDL1,448,99,126
HSDL2_AAGTCATGTTACCCAACACC,HSDL2,613,92,408
HSDL2_TTTGTTCTGTTGTAGGAGGC,HSDL2,292,139,227
HSDL2_TTTATCACAGGTGCAAGCCG,HSDL2,1034,460,386
HSDL2_ATGATGAACGTGAACACCAG,HSDL2,282,110,177
HSDL2_ATGGATATGCTGGGAGGACC,HSDL2,270,86,337
HSF1_ATGGATCTGCCCGTGGGCCC,HSF1,881,42,53
HSF1_CCTCCTTGGCAAACTGGCCC,HSF1,559,163,140
HSF1_CCCATGCTTCCTGCGTGGCC,HSF1,33,116,489
HSF1_GGACCTACTGCTTCATGGCC,HSF1,73,88,103
HSF1_GCTGGGCATGCTTCTGCCGA,HSF1,655,38,43
HSF1_CTGCCGGCTATACTTGGGCA,HSF1,850,265,333
HSF2_CGAGTTCATCACCTGGAGCC,HSF2,717,415,394
HSF2_CCAAAGTACCTACATCAACC,HSF2,3389,706,415
HSF2_CCAAAGTAAGCTTGTTCGCC,HSF2,32,128,198
HSF2BP_CCTGGGCTGCGGTTTGCAGG,HSF2BP,94,155,240
HSF2BP_TGGGCTGCGGTTTGCAGGCG,HSF2BP,3488,1678,886
HSF2BP_GGCCTGCACGGTTTCCAGGC,HSF2BP,423,79,29
HSF2BP_TGAGCACTTTAAAGCCCGCC,HSF2BP,510,170,113
HSF2BP_CCAGGGCTTCCTCACTAACC,HSF2BP,2024,324,641
HSF2BP_GGCTTCCTCACTAACCCGGC,HSF2BP,137,69,135
HSF4_CCAGCGCCCATAGCTTGCCG,HSF4,860,35,214
HSF4_CTGGTCGCTTACGAGGAAAC,HSF4,1048,598,620
HSF4_TCGGGTGCTGGAACTCGACG,HSF4,65,54,148
HSF4_CCTCGCCCAGTAGTCGACCC,HSF4,566,120,244
HSF4_GCAGCACCGGGTCATTGGCA,HSF4,1093,245,196
HSF4_TCTCTTTGGGCCACTTCAGG,HSF4,477,112,212
HSF5_CAAGCAGGAGCGCTTTCCAA,HSF5,1244,127,210
HSF5_TGCAAGTCAGGCTAGCCAGC,HSF5,370,410,237
HSF5_CCAACATCTCCGTCTTACAG,HSF5,2275,938,695
HSF5_TCGCAAGCCTACTATCCAAC,HSF5,1996,439,617
HSF5_AACAAGGCCAAGCTGGCGGC,HSF5,221,248,212
HSF5_CAACCTCTACGGCTTCCGCA,HSF5,747,132,317
HSH2D_ATGGGCCAGCTGGCCCAAGA,HSH2D,127,24,3
HSH2D_ACTCTCTTGAGATTGCACCA,HSH2D,631,314,287
HSH2D_CTTGCTGGAGTCACAGCCAC,HSH2D,770,213,235
HSH2D_AGAAGCCAATTGAGCCGCGC,HSH2D,438,331,243
HSH2D_CTACTCCAACGCAGTGGCCG,HSH2D,955,367,314
HSH2D_TCTGGCGGGTCTCTCCAAGA,HSH2D,1239,263,275
HSP90AA1_GGCGGCGAGGAGGCTTCAGA,HSP90AA1,194,13,28
HSP90AA1_CGGGACAGTCCCTGTCCCGA,HSP90AA1,5,11,19
HSP90AB1_AGCGAATCTTGTCCAAGGCC,HSP90AB1,154,153,259
HSP90AB1_CTTTAAACTTGTTGGCAGGC,HSP90AB1,914,340,354
HSP90AB1_CTCACACCTTGACTGCCAAG,HSP90AB1,1173,505,458
HSP90AB1_TGCGATAGATGCGGTTGGAG,HSP90AB1,2461,802,879
HSP90B1_CCTCCAGAATCACTCACCGA,HSP90B1,2076,289,338
HSPA12A_GCAGCCGTCAATGGGTACAG,HSPA12A,1810,304,243
HSPA12A_TCTCGAACTCCGAACCCGCC,HSPA12A,346,12,31
HSPA12A_ACAGACCTGACGGCAGCAAA,HSPA12A,836,279,266
HSPA12A_CTTCCCTTGGTGGCAGGCGA,HSPA12A,600,199,400
HSPA12A_GAAGCTGTAGGCATAGCCAC,HSPA12A,573,22,78
HSPA12A_CTGCGCGACCATGGCGGACA,HSPA12A,1122,201,246
HSPA12B_GGGCTTACTGGAGACTGCGA,HSPA12B,698,101,146
HSPA12B_CTTGCACTTGCAGAAACCCG,HSPA12B,1241,275,167
HSPA12B_CCGCGATTACTACCATGACC,HSPA12B,1629,329,256
HSPA12B_TGGAAAGACGATGCCCGCCC,HSPA12B,971,280,258
HSPA12B_AGCCAAGCAGTTCATGCGGG,HSPA12B,29,27,325
HSPA12B_GGCCACTCAGGTCCAGGAGC,HSPA12B,1585,132,300
HSPA13_ACGGGAGTGGCTATCCAAGC,HSPA13,853,167,265
HSPA13_GATGACCATCGCGTGAACAG,HSPA13,590,55,176
HSPA13_ATTACTAACGGTGGAGGAGC,HSPA13,1,47,56
HSPA13_TTGGTGATAGACTTGGGCGG,HSPA13,1171,479,684
HSPA13_CCAAGTCTATCACCAAGACG,HSPA13,3823,816,893
HSPA13_GGGATATGAAAGCGTAGAGC,HSPA13,183,157,196
HSPA14_GGCGGCCATCGGAGTTCACC,HSPA14,44,0,1
HSPA14_CACCTTATAGACGGCCACAC,HSPA14,2025,0,40
HSPA14_CCAGCTCTCGAAGAGGAGAC,HSPA14,364,177,270
HSPA14_TTCGAGAAGACCCTCCACAA,HSPA14,1653,1056,248
HSPA14_TAGGGATCACTTCATCAGGA,HSPA14,838,0,0
HSPA14_CACTGAAGATATGCTTCCAG,HSPA14,157,83,2
HSPA1L_AGGCACATACCCTGTTCCGC,HSPA1L,1193,37,182
HSPA1L_ACATACCCTGTTCCGCAGGC,HSPA1L,432,252,590
HSPA1L_CTCTACCAAGGAGGATGCAC,HSPA1L,1805,88,317
HSPA1L_ATGCTAAACGTCTGATCGGC,HSPA1L,0,51,114
HSPA1L_GATTCCCTTGGCAGTAGCCA,HSPA1L,335,94,108
HSPA2_TCAGTCAGGATGTCTGCCCG,HSPA2,1363,214,612
HSPA2_CTTCATCTTCGTGAGGACCA,HSPA2,940,245,490
HSPA2_TGAGGACTTCGACAACCGCA,HSPA2,1329,230,304
HSPA2_GCTTGAACTCCTCCGCCAGG,HSPA2,475,148,92
HSPA2_CGACCTCTTTCGCGGGACCC,HSPA2,387,83,154
HSPA2_ACCGCCGCCGACAAGAGCAC,HSPA2,852,91,45
HSPA4_AGCGATAGTCTCGATGCCGC,HSPA4,574,32,19
HSPA4_GATCAGAGAATGCTCGGCCA,HSPA4,358,152,260
HSPA4_CTTGGTTTCTCTTCTAAGGC,HSPA4,710,459,285
HSPA4_TACCTTGACCCTTCTTCAGC,HSPA4,366,109,92
HSPA4_AACCTCCACTAAAGATGCAC,HSPA4,262,50,128
HSPA4_GATGGACAAGGAGACAACCC,HSPA4,109,0,0
HSPA4L_CCAGCAGCCCGACCATCACG,HSPA4L,2305,571,1069
HSPA4L_TACATTGCTGTCGCGAGAAG,HSPA4L,1036,267,153
HSPA4L_CGATCACAGTGATGCTCCAA,HSPA4L,739,143,33
HSPA4L_TTGGCTTTATGAAGACGGAG,HSPA4L,634,175,90
HSPA4L_TAGTGAACACAATGGCCCAA,HSPA4L,637,297,151
HSPA5_GGACGGGCTTCATAGTAGAC,HSPA5,526,0,0
HSPA8_AGGCGAGCGTGCCATGACAA,HSPA8,2103,251,313
HSPA9_TGAAGAAGACCGGCGAAAGA,HSPA9,857,42,59
HSPA9_CGCTGATGGTCAAACGCAAG,HSPA9,2281,217,468
HSPA9_TGGAATGCCGGCCAAGCGAC,HSPA9,1925,0,0
HSPB1_GCATAGCCGCCTCTTCGACC,HSPB1,710,133,291
HSPB1_CATCCAGGGACACGCGCCAG,HSPB1,424,110,245
HSPB1_GGATGTCAACCACTTCGCCC,HSPB1,319,154,59
HSPB1_TTAAACGTTGGCCCAGCACC,HSPB1,120,360,142
HSPB1_CCAAAGGCAAGCACGAGGAG,HSPB1,1952,825,1347
HSPB2_TGGCACTGAGCGGCCCGACA,HSPB2,1908,1067,552
HSPB2_ATTCGTACTCGGCGGTGGCC,HSPB2,193,63,45
HSPB2_ATTTGCCAACCCGAGCCGCC,HSPB2,242,114,128
HSPB2_CTCCGAAGCGCTGCTCACCC,HSPB2,487,424,256
HSPB2_ACTCTCGGGACACGAAGCCG,HSPB2,1157,239,127
HSPB2_CCTCTGGATCAGGAGGCGCA,HSPB2,210,31,190
HSPB3_CTTTCAGATCCTGCTGGACG,HSPB3,2432,1146,635
HSPB3_GGAACTGGACCACGTCCAGC,HSPB3,950,221,178
HSPB3_TGATGTCTTCAGGGAGGAAC,HSPB3,995,253,241
HSPB3_GAATGATGATGTCTTCAGGG,HSPB3,112,104,213
HSPB3_TCATTCAGACCTTCGAAGGC,HSPB3,1197,223,228
HSPB6_AATCCGTGCTCATCCTGGAG,HSPB6,916,191,351
HSPB6_CAAGGTGGTGGGCGAACACG,HSPB6,1265,261,335
HSPB6_CGCCGAAGCGCTGGTCAAAG,HSPB6,396,220,298
HSPB6_GCGCCGAAAGTCCGGGCAAC,HSPB6,1781,327,214
HSPB6_CAAGACGGCTGCACAGGCAC,HSPB6,808,205,213
HSPB7_CGTCCAGCAGACCTTCCGGA,HSPB7,843,344,333
HSPB7_CTCGATGTGGTTGTTGGAGG,HSPB7,1904,701,442
HSPB7_GAAACTTCTCTCCGCTCGGA,HSPB7,307,85,121
HSPB7_ACTTCTCTCCGCTCGGAAGG,HSPB7,542,103,99
HSPB7_TCTGACTGCTCCTGCTCACA,HSPB7,615,362,371
HSPB7_TATCCAACTGGCAGTTCCCA,HSPB7,261,91,199
HSPB8_GGGCATCTGACCGTCAGCCA,HSPB8,1404,458,116
HSPB8_TGCCAAAGCCATCATCCAGC,HSPB8,448,308,276
HSPB8_GCTGTCAAGTCGTCTGGGAA,HSPB8,1484,506,592
HSPB8_CGACCTTAGGGTGCCTGGCC,HSPB8,3,326,232
HSPB8_AGGCACCCTAAGGTCGGGCA,HSPB8,626,206,137
HSPB9_AAGGCCCACGCTGGGACACC,HSPB9,459,134,117
HSPB9_GGGCCTTGCTGAACGGAACC,HSPB9,57,132,375
HSPB9_GCACCGGCATTGTGGCCACC,HSPB9,1519,266,215
HSPB9_GCAACTGGACGTCAGGGACC,HSPB9,537,12,14
HSPB9_CGGTAGGACTCAGGTTGGAC,HSPB9,1635,547,416
HSPBAP1_GAAGAACCGCCTTCAGAAAG,HSPBAP1,885,154,123
HSPBAP1_TCACCTAGCCCGGGTAGAAG,HSPBAP1,1866,349,416
HSPBAP1_TTCGGGTTTCCTGGAAGAAA,HSPBAP1,1123,315,320
HSPBAP1_CACTCGAAGAGTTTCTGACC,HSPBAP1,796,100,83
HSPBAP1_AGCCGCAACGATCACAGGAG,HSPBAP1,2821,611,595
HSPBAP1_CTTGCGGTAGCCATGGCAGC,HSPBAP1,733,113,112
HSPBP1_CGAGTGTCGGGAGCCGGAAC,HSPBP1,1682,564,990
HSPBP1_GCTGTGCTCTGTCCGCACCA,HSPBP1,760,424,440
HSPBP1_TCCTGCTCTCGGACCAGACC,HSPBP1,671,323,672
HSPBP1_CAGCCGCAGCAGCTTACGCA,HSPBP1,1181,365,504
HSPBP1_GAGAACATGGACAATGCCGC,HSPBP1,155,30,0
HSPBP1_TGTCAGACGAAGGCTCAAGG,HSPBP1,858,220,660
HSPG2_AGACGACATCTTTACCGCCC,HSPG2,962,190,123
HSPG2_TGGAGTATCGCTGTGACCGG,HSPG2,1959,325,695
HSPG2_CTGTGCCCAGGCGTCGGAAC,HSPG2,2769,842,1302
HSPG2_TGAACACCACACTGACAACC,HSPG2,1913,882,835
HSPG2_TGGAGCGAGTGAAATTCACC,HSPG2,437,240,87
HSPG2_CATGGGCTGAGGGCATACGA,HSPG2,1377,331,317
HSPH1_GCTGAACCTCCACATCAGAA,HSPH1,1343,280,290
HSPH1_TGAGGTAAGTTCAGGTGAAG,HSPH1,2280,307,358
HSPH1_CACCATAGATGCCGTAGAGA,HSPH1,1345,331,354
HSPH1_GCTGCTACATCGCGGTAGCC,HSPH1,357,134,242
HSPH1_TTACTCACCGGCGCCTCCAC,HSPH1,977,113,135
HSPH1_GATTCTACCCAATGGGCAGC,HSPH1,145,49,5
HTATIP2_CTGCTGCGTCGTGAGGACCC,HTATIP2,1318,174,400
HTATIP2_TGCTGCGTCGTGAGGACCCG,HTATIP2,2378,226,593
HTATIP2_AGTCTTCCCGAAGCTTCGAC,HTATIP2,625,124,94
HTATIP2_CACTCTGCCGGTTTCTCCGC,HTATIP2,599,35,65
HTATIP2_CGTTACTCTGTATTTAGGCC,HTATIP2,2219,225,480
HTATIP2_GCTCTAACCACGGTCACCAC,HTATIP2,311,78,0
HTATSF1_TTGTACGGAGACGGCAAGGA,HTATSF1,2621,35,49
HTATSF1_CGACGGACACTCCCTACGAG,HTATSF1,3125,98,220
HTATSF1_TGGAGACCTGAGAGGCGAGC,HTATSF1,649,156,112
HTATSF1_TGGATCCCGAAAGGACACAG,HTATSF1,159,0,0
HTATSF1_TGGCCGTCAAATCACTGCCC,HTATSF1,95,0,0
HTATSF1_TCCCGTAAGAGGATCTGAAG,HTATSF1,847,397,378
HTN1_GAGCGCTGATTCACATGAAA,HTN1,763,445,414
HTR1A_GATTATGGCGCCCAACAGGG,HTR1A,490,130,96
HTR1A_GCGGTGAGGCAAGGTGACGA,HTR1A,230,25,42
HTR1A_TGCTCTGTGCGCCAATGGCG,HTR1A,1205,1063,772
HTR1A_TGTCCAGCGCGATGGCGCAC,HTR1A,479,191,153
HTR1A_TGTGCGCCATCGCGCTGGAC,HTR1A,509,262,367
HTR1A_CCGCCGGTCTCAAAGGGAGC,HTR1A,236,180,278
HTR1B_CTACACGGTCTACTCCACGG,HTR1B,609,115,117
HTR1B_GCGTCAGGCTAAGGCCGAAG,HTR1B,1130,299,379
HTR1B_GGGCGGCAGCGAGATAGAGA,HTR1B,362,215,152
HTR1B_TGTACACTGTCACCGGCCGC,HTR1B,672,57,21
HTR1D_GACTAGGAGGCCTTCCGGAA,HTR1D,850,465,308
HTR1D_GGATTTCTGCTGCTCGAGAA,HTR1D,856,237,251
HTR1D_TTGGCCTGCCGCCAGAAGAG,HTR1D,758,259,259
HTR1D_GATGGAGATGGCCCAGACAA,HTR1D,192,6,61
HTR1D_TGTGATGACGGAAAGGACCA,HTR1D,635,176,92
HTR1E_AGATTAGGTAGTTGGCAGGC,HTR1E,1234,342,299
HTR1E_GACGGTAAGGATCATCAGCG,HTR1E,1782,747,830
HTR1E_GGTAAAGGCTCTTGGCCGCG,HTR1E,210,7,26
HTR1E_CCAAGAGCCTTTACCAGAAA,HTR1E,1809,966,829
HTR1E_CTACACCGTGTCCTCGGAAG,HTR1E,2548,326,361
HTR1F_TCGCTGCAATTATTGTGACC,HTR1F,1146,695,520
HTR1F_CAATGCTGAAGGGCATCACC,HTR1F,182,91,155
HTR2A_GGTCGATCCATAGGGAGCCA,HTR2A,489,75,147
HTR2A_GCTCCCTATGGATCGACCGC,HTR2A,494,252,271
HTR2A_GAGGTGCATGATGGAGGCCG,HTR2A,406,228,148
HTR2A_AGGATGGTTAACATGGACAC,HTR2A,341,318,298
HTR2A_ACATGGACACGGGCATGACA,HTR2A,903,158,169
HTR2A_AGAGGCACCCTTCACAGGAA,HTR2A,1339,177,341
HTR2B_GGCTCTCTGTTCGTTGGAAA,HTR2B,453,372,413
HTR2B_ACCTTGCTCGTCACCGGAAA,HTR2B,3099,708,778
HTR2B_AGCCACCTCAACGCCTAACA,HTR2B,2987,1153,781
HTR2B_CCCTTTAATAGGGACTGGAA,HTR2B,925,247,187
HTR2B_CTTTCTAATGTCCTTGGCGG,HTR2B,1062,193,193
HTR2C_AAGGATTGCCAGGAGAGACA,HTR2C,460,87,48
HTR2C_CCTTAGTCCGCGAATTGAAA,HTR2C,1411,382,396
HTR2C_CGGTATGAAGAAAGCTACGA,HTR2C,1217,369,432
HTR2C_AAAGCCAGTGACAATGAGCC,HTR2C,850,494,346
HTR2C_AATCCTTTCGCTAACCACAC,HTR2C,637,216,336
HTR3A_AATGACGTCAATGGATACGG,HTR3A,427,221,450
HTR3A_CAGGCAGTCACCACCTGAAG,HTR3A,2457,446,295
HTR3A_GAGCAGTTCTGGACATCGAA,HTR3A,945,424,524
HTR3A_TGGTTCTGGAGAGAATCGCC,HTR3A,61,16,22
HTR3A_AAAGCGGGATGAGATCCGAG,HTR3A,884,148,174
HTR3A_CACTCAAGCGTACTGCCAGA,HTR3A,292,108,150
HTR3B_ACCTGTTTACAACTGGACCA,HTR3B,1372,55,71
HTR3B_GCCTTGGTCCAGTTGTAAAC,HTR3B,3020,936,648
HTR3B_GCAGACTCACGACATAGACC,HTR3B,1831,131,303
HTR3B_CAGGGTCAACATGTCCAACC,HTR3B,1900,262,298
HTR3B_TTCCTCCATGATGAGCAGCG,HTR3B,1168,388,1049
HTR3B_GGAAGAGCAGTCGGTCAAAG,HTR3B,1203,427,595
HTR3C_AAGTCTCACCACTCCCAGGA,HTR3C,483,80,268
HTR3C_ATATAGGCAGTGAGACCGGA,HTR3C,249,135,75
HTR3C_GCTGATATAGGCAGTGAGAC,HTR3C,848,515,294
HTR3C_GCTGCTGGGCATGGACAAGG,HTR3C,2236,338,502
HTR3C_AATGACTTGCTCCCTGCCAG,HTR3C,222,93,30
HTR3D_CAAGGAGGAATCCTTTCCCA,HTR3D,61,219,87
HTR3D_CTTAAGGTACTTGCAGCAGC,HTR3D,1605,140,192
HTR3D_GGTGGTCAGCATCTGCAAAC,HTR3D,706,242,288
HTR3D_GGAGAACACGAGCCCGGGCA,HTR3D,441,237,246
HTR3D_TTCATACTGGTTAGTGGCCA,HTR3D,682,382,558
HTR3D_TGCTGCACTGCACCGGCCAA,HTR3D,1159,471,347
HTR3E_ATTCGATGTCCACTACAGGA,HTR3E,569,486,553
HTR3E_GATGTTGGTGACCGGACGGA,HTR3E,330,202,150
HTR3E_CGTATCAAGGGCTGGTCAGA,HTR3E,686,160,223
HTR3E_GCGTTATCTCTCCTCCAGCA,HTR3E,1898,640,1000
HTR3E_CGGAACATCCTTCAGACCCA,HTR3E,2156,335,499
HTR3E_ATAAACCTTCTCGTGCCCAG,HTR3E,272,52,29
HTR4_AATTGATATAGCCGAGCCAG,HTR4,850,139,93
HTR4_AAGGAGTCTAAACCAAGGCC,HTR4,15,134,77
HTR4_CATTAATGCGATGCGCAGAG,HTR4,517,382,791
HTR4_AACCAGCTCAATGGCACCAA,HTR4,1095,250,477
HTR4_TTTCGGGTCAGTGGAGAAGG,HTR4,1128,550,677
HTR4_TCACCTCCAGGCACGACAGC,HTR4,1174,262,156
HTR5A_CACTCCGAAGACCGAGAGCA,HTR5A,485,306,269
HTR5A_GCTCAGCGGCATGACCAGCG,HTR5A,1855,490,679
HTR5A_GACGTACTCTGAGGGCAGCG,HTR5A,1155,754,557
HTR5A_AGAGCACCACACAGAGCGGC,HTR5A,597,273,108
HTR5A_CCGTCACCTTCCAGCCAGAA,HTR5A,1983,878,1084
HTR6_AGCATATGGCACCCGAGGGC,HTR6,856,258,179
HTR6_CCTGAAGGCCAGCCTGACGC,HTR6,623,136,113
HTR6_GACTATGTTGGCCACAAAGA,HTR6,1171,512,402
HTR6_CGAATCTGAGTCCGGCGGCA,HTR6,1796,512,709
HTR6_CCGAATCTGAGTCCGGCGGC,HTR6,138,77,131
HTR7_ATTGCAGGAGGGCCTGCACA,HTR7,1062,48,71
HTR7_TGGCATAGTGAAGCTCCAGA,HTR7,412,58,94
HTR7_TAAGGTGTGCTTGATCAGCC,HTR7,1016,151,572
HTR7_TGTCAATGCTGATCACGCAC,HTR7,1427,661,598
HTR7_CAGCCGGAGGCATTGTCCGG,HTR7,841,54,13
HTR7_TGGCTGTCACCTCGCTCAGC,HTR7,1009,328,137
HTRA1_TGTGTGCGCCAGCAGCGAGC,HTRA1,236,191,55
HTRA1_AATTCGATATGAACCACGGC,HTRA1,203,160,59
HTRA1_TTCTAAACGAGAGGTGCCGG,HTRA1,536,155,334
HTRA1_CTGAGGAGCGGCCAAGCAGC,HTRA1,471,162,189
HTRA1_GGGAGGCCCGTTAGTAAACC,HTRA1,937,222,133
HTRA1_TCCCATGACCGACAGGCCAA,HTRA1,223,183,468
HTRA2_CCAAAGCCCGCCATGCCCGA,HTRA2,1078,307,314
HTRA2_GGGACCTCGCGGCCCAAGAA,HTRA2,288,118,156
HTRA2_CTCAGCTGATGTCCGGCAAG,HTRA2,2505,766,684
HTRA2_TCTCACTCACCAGGTTAACC,HTRA2,998,288,456
HTRA2_ACGATCAGAAGGGATGGCAA,HTRA2,1147,385,373
HTRA2_CCGGAATCAGTGGGTCCCAG,HTRA2,1181,199,362
HTRA3_CGCCGCAAGGCGAGTCCAGA,HTRA3,230,149,126
HTRA3_TGAAGTTGAACTTGTAGCGC,HTRA3,3214,365,483
HTRA3_GATCATCACCAATGCCCACG,HTRA3,648,40,221
HTRA3_GAGTGACCCAGCAACAACAC,HTRA3,797,217,436
HTRA3_AACACGCTCAAGGTCACGGC,HTRA3,188,104,107
HTRA3_TCAATGAACTGCCAGTGAGG,HTRA3,1092,508,399
HTRA4_CAGACTTCACGCTCGGCCGC,HTRA4,1308,156,82
HTRA4_GCAGACTTCACGCTCGGCCG,HTRA4,46,73,114
HTRA4_TTACAACTTCATCGCCGCGG,HTRA4,1307,110,120
HTRA4_GGTTCATAGTGTCTGAGGAC,HTRA4,924,51,115
HTRA4_TTGTCAGCACCAAACAGCGA,HTRA4,2190,232,340
HTRA4_CCCGAAGAACAGCCATGGAA,HTRA4,2172,355,773
HTT_CGCAGAGTCAGATGTCAGGA,HTT,575,498,851
HTT_CCAGCTCAGCAAACCTCCAC,HTT,910,128,556
HTT_GGCACGGCAGAAGGTTCACC,HTT,68,22,163
HTT_ACCATTCGGCGGACAGCGGC,HTT,244,275,286
HTT_AAGGCAGCTTCGGAGTGACA,HTT,533,293,463
HTT_GCAGCTCACCGCTGCTAAGG,HTT,222,227,190
HUNK_CTTCCAGCACCACAAGCGCG,HUNK,839,360,323
HUNK_CTGGTCATGGAGCTGTGCCC,HUNK,516,85,30
HUNK_TTGGTTTGAGCAACTGCGCA,HUNK,451,530,321
HUNK_CGGGACGCTGCCTTTCACGG,HUNK,1523,646,675
HUNK_TGGAACCGGATCCTGTGAAG,HUNK,918,370,322
HUNK_GCTGCACATGACCGAGAAGC,HUNK,1055,299,320
HUS1_CACCCATGAGGACAGAAACG,HUS1,2259,262,257
HUS1_CCTCACGGTCTCCGTGGAGC,HUS1,669,81,104
HUS1_CATGTGGTGTGAGCTGGAAC,HUS1,1591,176,161
HUS1_CTTATCAGGGCTGATGCGGA,HUS1,754,73,1
HUS1_TCGGGCCAAGATCGTGGACG,HUS1,1288,105,132
HUS1_TTCGGGCCAAGATCGTGGAC,HUS1,396,111,28
HUS1B_GAGCATGGTGCAAGTGCGGG,HUS1B,212,296,122
HUS1B_CAGGCACACCCACAGCCGAC,HUS1B,361,334,236
HUS1B_CGCTGAGGAGCATCGTGGAG,HUS1B,1621,1329,1287
HUS1B_GGCCTTCCAGCAGTTTCGCA,HUS1B,1138,217,311
HUS1B_CACCGTCGCGAGGCTAGCGA,HUS1B,650,575,409
HUWE1_GGTTGACCTTATCACCAACC,HUWE1,385,0,59
HUWE1_CAGCATCGTAGCTGGCCAGA,HUWE1,892,1,0
HUWE1_ACTGGAACTGCCTCCTACCA,HUWE1,622,0,0
HUWE1_CAGCATTCCTAAGGATAAGC,HUWE1,1329,128,159
HUWE1_TTGTAGCCGAGTTAGCAGCG,HUWE1,1113,31,98
HUWE1_CTGCCAGTATTCCATCGAAG,HUWE1,3218,58,85
HVCN1_TTGGTGAAGTGAACTAGACC,HVCN1,897,213,252
HVCN1_ACTGGTGCTCCTGGAACAGG,HVCN1,865,26,121
HVCN1_TGTGGTGAAAGAACTCCAGG,HVCN1,380,194,131
HVCN1_GGAAACTGTTCAGCTCCCAC,HVCN1,620,251,204
HVCN1_ACACCAGTCTCAGGCGAGGA,HVCN1,427,294,419
HVCN1_CTTCTAGGCAGTCACCCGCA,HVCN1,929,316,332
HYAL1_ATGCTCTTCCGCTCACACCA,HYAL1,574,348,323
HYAL1_TGCCTGATCTTCAAGTGAGA,HYAL1,436,490,420
HYAL1_TTCATCCTGAACGTGACCAG,HYAL1,745,155,98
HYAL1_AAATTGTCATGTCAGGGCCG,HYAL1,904,120,267
HYAL1_TGTCATGTCAGGGCCGCGGA,HYAL1,1199,55,165
HYAL1_GGTGTTTGCATTCCAGACGG,HYAL1,421,67,63
HYAL2_GCACACAGCGCCCATGGCCA,HYAL2,1400,514,208
HYAL2_GGCCACCCAATATTGCAGCC,HYAL2,716,151,275
HYAL2_CATTGGCGAGAGTGCGGCCC,HYAL2,172,38,130
HYAL2_TGTGAGCTTCCGTGTTCAGG,HYAL2,679,128,227
HYAL2_CTTCCGGCAGAATCGAAGCG,HYAL2,46,217,71
HYAL2_CACGTCCCACGCTACCACAA,HYAL2,2743,809,683
HYAL3_CATCTGTCCTGGATCTCGCC,HYAL3,56,20,118
HYAL3_CCGGCGAGATCCAGGACAGA,HYAL3,1596,193,157
HYAL3_TAGTGCTGCACTCACACCAA,HYAL3,451,270,398
HYAL3_AGCTTCCACTTACCTGGGAC,HYAL3,711,222,450
HYAL3_GGCCTATACTGGCTTTGAGC,HYAL3,651,380,258
HYAL3_GGTAGGCAGCCAGTGCCAGG,HYAL3,87,50,5
HYAL4_TCCGTGGTATACATCACAAG,HYAL4,1413,586,460
HYAL4_AGTCCACTGAAATCTTCAGC,HYAL4,41,69,103
HYAL4_GGGAATATTGGCGACCACAG,HYAL4,600,286,245
HYAL4_CACATAGAGGCCTCTGAGGA,HYAL4,892,190,339
HYAL4_ACATAGAGGCCTCTGAGGAC,HYAL4,365,111,50
HYDIN_GGGTAGCAAATACCTTCCAC,HYDIN,237,42,45
HYDIN_CAGAGTGTGGGCGATCACAG,HYDIN,2414,312,283
HYDIN_GCTGTATTTGACAGGACAAG,HYDIN,1470,292,110
HYDIN_CCGAATCCTCTTTACTCCAG,HYDIN,1015,151,392
HYDIN_CCTGACCACCGAGCAGAGAC,HYDIN,1098,465,805
HYDIN_GAGTGCGGGCGGCTTCAAGC,HYDIN,592,226,198
HYI_CGTTCATACTGGGATAGGCG,HYI,1521,354,270
HYI_ATCAGCCTCGAGGTGAGGCG,HYI,0,117,38
HYI_TCCTCTCACCAACAATGGGC,HYI,69,138,20
HYI_AGCGGCAGCCATCTTACAGA,HYI,2392,419,610
HYI_TTTGGCAGCGTTCCTGAGGC,HYI,733,189,466
HYI_CTTCCGAGAGGGACTGGAGC,HYI,551,108,248
HYLS1_TGTGGGTACTGTAGTTGCAC,HYLS1,888,27,60
HYLS1_ATCAGGTCTTGTTCGTAAGC,HYLS1,1184,382,301
HYLS1_GGACCAGTTAAGCCGAAACC,HYLS1,1364,154,102
HYOU1_GGTGCCTGGGCCTGTACAGC,HYOU1,105,65,137
HYOU1_GCGCAAGGGTCAGAGAGCAA,HYOU1,3476,237,62
HYOU1_CACCATTGTGACCTACCAGA,HYOU1,713,109,12
HYOU1_TCAGCTATGGTGTCTTCCGC,HYOU1,950,1,117
HYOU1_GGGCACTCCAGGTTTGACAA,HYOU1,1153,19,15
HYOU1_ACATACCACTCAGTGCCAAC,HYOU1,1028,62,149
HYPK_ACGCAGTTTGCGGGAACACA,HYPK,674,50,5
IAH1_TTCGCAGCGTACTCCTCCAG,IAH1,1223,323,180
IAH1_CGCTGCGAACCTAAAGAGCA,IAH1,989,252,232
IAH1_TGCCAATGCGTGTTTACAAG,IAH1,2821,1144,1938
IAH1_CGCCAGTAAGGAAGCAGCAA,IAH1,2825,3101,784
IAPP_CCATGTTACCAGTCATCAGG,IAPP,1297,140,174
IAPP_CACATGTGCAACGCAGCGCC,IAPP,469,201,366
IAPP_CACGTTGGTAGATGAGAGAA,IAPP,630,270,134
IARS_AAGTCATCGCTGACCCACAG,IARS,1177,0,0
IARS_AAGCGCCATTCTCTTTACAC,IARS,1187,52,27
IARS_TTTCTCGTAGATGTTGCCAG,IARS,491,0,0
IARS_AGTGTTACATGCCGTAGAGA,IARS,193,0,0
IARS_CTGTTAGCAGACTTGGCCGA,IARS,698,0,8
IARS_AACATACCACAGGTAAGCCA,IARS,896,0,26
IARS2_CGGCTGGTGGTTACTGGCCC,IARS2,348,97,143
IARS2_GGGTCACCGTTTGCATAAGG,IARS2,687,8,29
IARS2_CAACCCATGACAATCCCAGC,IARS2,513,0,0
IARS2_TAGTCTTCCATACCATGAGC,IARS2,269,2,77
IARS2_GATTGTCTAGTGGACGAAGA,IARS2,415,18,30
IARS2_TTGCTGGCACGAATAACCAC,IARS2,974,42,68
IBA57_CAGTCCTGGTGGCGACCCAA,IBA57,901,35,57
IBA57_ACTTCCTGAACGTGCAGGGC,IBA57,314,102,78
IBA57_TCGCGCTATACAGGATCCGG,IBA57,889,101,171
IBA57_GATCCGGCGGAAGGTCACGG,IBA57,1,199,65
IBA57_AACGGCGTGAGCTTCACCAA,IBA57,827,33,199
IBA57_TAGCCGCATCTGTGCCAGAC,IBA57,953,372,388
IBSP_TACAACACTGGGCTATGGAG,IBSP,440,303,208
IBSP_TATGGAGAGGACGCCACGCC,IBSP,643,375,233
IBSP_TGTATACCCTGTGCCAGGCG,IBSP,716,484,340
IBSP_TTGTTACCTTCTTGGGAAGC,IBSP,1284,263,340
IBTK_ATTCTTGCAATGGATGGAGC,IBTK,419,59,82
IBTK_CTACAGTCTGTGTTACCACA,IBTK,721,538,576
IBTK_ACAATCATTGGCGTTGCAGC,IBTK,894,61,108
IBTK_CTGTCTGGGTACATTACAAC,IBTK,2304,946,528
IBTK_CCTGGAGGGCGATTAGGACA,IBTK,1100,237,225
IBTK_TATTCTGGCTTCCATGACCC,IBTK,97,24,15
ICA1_GAACTCGCCCTCTTCCAAGG,ICA1,1047,335,186
ICA1_AACTAGAGGATTCCTTGCGC,ICA1,939,85,85
ICA1_TTGGCTGACGGTGAACCGCA,ICA1,625,524,305
ICA1_GATGATGCAAGCGACAGGAA,ICA1,592,128,173
ICA1_TGCTTTCGATAAGTCCAGAC,ICA1,1033,341,291
ICA1_TATCGATCCTGTAAGTCCCA,ICA1,299,34,50
ICA1L_TTTGGACTCTGTGAAGGCAC,ICA1L,530,86,188
ICA1L_GAATCGAGAAGAATGAGCGA,ICA1L,36,153,287
ICA1L_GCAAGCTTTGAGAGTGAACA,ICA1L,3061,773,632
ICA1L_GAAAGATGTATCCCAAGAGC,ICA1L,678,65,116
ICA1L_GAACGGGATGCAACTCAAGC,ICA1L,991,250,423
ICA1L_GGTGGCGTCTGATGCTGAAC,ICA1L,154,112,95
ICAM1_TGCTCCTGCCTGGGAACAAC,ICAM1,453,94,94
ICAM1_CTACGCTGCCAGGTGGAGGG,ICAM1,13,67,75
ICAM1_CGTGTCCACCTCTAGGACCC,ICAM1,1108,256,255
ICAM1_CGTGATTCTGACGAAGCCAG,ICAM1,953,94,249
ICAM1_AGACACTTGAGCTCGGGCAA,ICAM1,670,64,226
ICAM1_CGTACCTCTATAACCGCCAG,ICAM1,70,33,107
ICAM2_GCACTTGCGCCAGCAGCGGA,ICAM2,43,230,231
ICAM2_GCAGGACAGATGTCACGAAC,ICAM2,1833,360,315
ICAM2_CTGGACTTGATGTCTCGCGG,ICAM2,952,98,39
ICAM2_GCACTATGAGACCTTCGGGA,ICAM2,1941,560,158
ICAM2_GAGTCTCATTGCCACGGAAC,ICAM2,648,257,157
ICAM2_CAGGGTCCTGTAACCGAAAG,ICAM2,907,461,253
ICAM3_CAATGTCCATCACCACGACC,ICAM3,1796,168,282
ICAM3_TCAGGGTGACCGACTCACAC,ICAM3,2240,727,338
ICAM3_TTCCACCTCCAAGAACCGGG,ICAM3,276,83,125
ICAM3_CAAAGGTTCGGAGCTGGCGG,ICAM3,1217,135,117
ICAM3_GACGTCCCTATCAAAGGAGC,ICAM3,386,46,118
ICAM3_ACCATCCGTGTTGTGGCCCA,ICAM3,788,33,152
ICAM4_GCGTCTTGCCTTGCCGCAGC,ICAM4,69,288,399
ICAM4_AGGCCCTCACGTCGAGCAGC,ICAM4,1819,430,422
ICAM4_GCGCCTCAATCTCGACGGCC,ICAM4,61,37,97
ICAM4_CCGAGCTGTTGCGGACCACC,ICAM4,943,730,288
ICAM4_ACGCAGCGCCCACAGTGAGG,ICAM4,292,440,336
ICAM4_ATGAAGTCCCAGGCGTAAAG,ICAM4,1944,374,450
ICAM5_CGCGCAGCGGAAGAAGCAGA,ICAM5,796,42,157
ICAM5_TTTCTCGTGTCGCGCCGAGC,ICAM5,339,143,236
ICAM5_CCGAGCCAACTTCCAAGAGC,ICAM5,867,386,517
ICAM5_CGGTGGCATTTAGCTGAAGC,ICAM5,742,425,501
ICAM5_GCAGTCCGAATCGTCTAGCC,ICAM5,565,286,352
ICAM5_ACGCAGATCACATCAGGCGG,ICAM5,2351,599,542
ICK_CAGTCTGTCCGGCCATGCAC,ICK,1529,329,184
ICK_GCACTCCTGGGTTGATACCA,ICK,1154,441,194
ICK_AATCGGTTCTGCTATGCAGA,ICK,445,87,94
ICK_TCCACTAGAACTTGTAGAGC,ICK,1100,231,193
ICK_CATACTCTCGAATCCAGGCA,ICK,1030,612,543
ICK_GGAATGCATGAACCTTCGGG,ICK,4,92,181
ICMT_GGCATAGCTGACGCCGCAGA,ICMT,526,6,71
ICMT_ATTGGAGCCAGCTGTAAACA,ICMT,608,149,208
ICMT_CGGAGAATGTCTGAGGAAGG,ICMT,3916,938,842
ICMT_GGACATAAGGCACACGAACC,ICMT,599,244,220
ICMT_GCCTGCACCTGGTAGCGAGG,ICMT,1326,79,118
ICMT_CTGAGACGCGCCTCAGAGCC,ICMT,1104,113,217
ICOS_TGGGTAACCAGAACTTCAGC,ICOS,251,117,153
ICOS_ACCGTTAGGGTCGTGCACAC,ICOS,1081,207,164
ICOSLG_CGGTGAGCTCCGGTCAAACG,ICOSLG,2157,1118,647
ICOSLG_AGTGTGACAAAGTGCACACC,ICOSLG,871,120,14
ICOSLG_TCGTGGCGGTGGCCATAGGC,ICOSLG,87,15,6
ICOSLG_GATCCAGTACACGTTGGGCC,ICOSLG,235,0,0
ICOSLG_GGGTGACGTTGAACAAGCGC,ICOSLG,598,153,154
ICOSLG_CGAGCCCTGATGTCACCGGC,ICOSLG,730,272,406
ICT1_CTTTCTGCTTGTGCAGCGCC,ICT1,218,215,104
ICT1_GCGCTGCACAAGCAGAAAGA,ICT1,1462,427,273
ICT1_TCCATTTGGCAACTGCCGAG,ICT1,544,139,64
ICT1_TCCACTCGGCAGTTGCCAAA,ICT1,1158,641,771
ICT1_GATGGCTATCTTCTGCCGCA,ICT1,345,9,114
ICT1_CTGCTGTAAAGACAAGCAGG,ICT1,346,67,129
ID1_AGAATCATGAAAGTCGCCAG,ID1,1296,126,169
ID1_TGCCCTGCTGGACGAGCAGC,ID1,588,9,1
ID1_GAACCGCAAGGTGAGCAAGG,ID1,1786,310,408
ID1_CACAAGATGCGATCGTCCGC,ID1,694,0,46
ID3_CGAGGCTTACCTGGATGGGA,ID3,660,397,534
ID3_CGCGCTGTAGGATTTCCACC,ID3,191,124,206
ID3_CTACTCCCGCCTGCGGGAAC,ID3,1573,408,360
ID3_AACGCAGTCTGGCCATCGCC,ID3,464,0,51
ID3_TGGCCAGACTGCGTTCCGAC,ID3,1826,223,543
ID4_GACTTTCTTGTTGGGCGGGA,ID4,335,116,281
ID4_GGTGTTGAGCGCAGTGAGCG,ID4,730,289,450
ID4_CGGTGTTGAGCGCAGTGAGC,ID4,1264,429,280
ID4_GCCGGCGCGGTGAACAAGCA,ID4,796,366,667
ID4_GCCCTGCTTGTTCACCGCGC,ID4,1170,334,470
IDE_AGGCCATGTTACAGTGCAAG,IDE,1016,306,139
IDE_TTCCTTTGAATGTTGCAGGC,IDE,427,260,252
IDE_CCCTTCAGTAAATTTGGGAC,IDE,1187,87,74
IDE_CTGCATGCTCACTGAGAAAC,IDE,5262,1654,1627
IDE_CGAGGGCTAGAGCTGGCCAA,IDE,1547,66,67
IDE_TACCCACACAGGCGCTCCGG,IDE,546,62,182
IDH1_GCATAGGCTCATCGACGACA,IDH1,1522,219,473
IDH2_ACCATACTGAAAGCCTACGA,IDH2,598,474,90
IDH2_GGGCATGTACAACACCGACG,IDH2,880,514,228
IDH2_CCTGGCCTACCTGGTCGCCA,IDH2,746,145,219
IDH2_ACACCCTCGCACCTTCCACA,IDH2,1262,162,159
IDH2_GGCGAAGCCCGTGGTGGAGA,IDH2,33,31,11
IDH2_CCACCTCGCAAGAGCAGCCG,IDH2,1843,246,267
IDH3A_TAGCCTTCGATAGAGACACA,IDH3A,488,28,55
IDH3A_TCCTTCTGTGTTCTCTCGAA,IDH3A,613,287,187
IDH3A_AGTATGCCCGGAACAACCAC,IDH3A,356,57,43
IDH3A_CCACCGGAGCAACGTCACGG,IDH3A,1187,782,404
IDH3A_GGTCTCGGTGTGACACCAAG,IDH3A,613,63,71
IDH3A_CGTGATGATGCTGCGCCACA,IDH3A,735,773,608
IDH3B_CTTCTTACCCAGAGTGCAAG,IDH3B,606,220,200
IDH3B_ATCATTCGAGAGCAGACAGA,IDH3B,133,96,33
IDH3B_TATTCTGCACCTCACTCAGG,IDH3B,295,38,94
IDH3B_CGGAAGCATGGTCACGGGAA,IDH3B,2274,632,860
IDH3B_AGGTCTGAGTACCTCGGCCG,IDH3B,45,70,89
IDH3B_CGGCATTGAGCGGAGTCCGC,IDH3B,269,39,34
IDH3G_CGCCTGGAAGGCTCTTACAG,IDH3G,1652,452,238
IDH3G_GCACACCCGGATCTCACCGA,IDH3G,1225,69,43
IDH3G_GCTCACCCTTCAGGGCCACG,IDH3G,581,87,76
IDH3G_CACGGTGACCATGATCCCAG,IDH3G,1759,81,595
IDH3G_CCAGGTTCTAGGCGCCCACG,IDH3G,1739,392,471
IDH3G_CTCCCAGGGACGGCAGAGAA,IDH3G,2745,893,1093
IDI1_TAACCACCTCGACAAGCAAC,IDI1,890,183,125
IDI1_CTCCGGCCACAGACAACCGC,IDI1,2396,839,564
IDI1_AGACAACCGCCGGTCCCGGA,IDI1,269,236,195
IDI1_CCGCAGACTGTGCTCAAAGC,IDI1,3261,887,596
IDI1_GCCGCAGACTGTGCTCAAAG,IDI1,2842,999,969
IDI2_CATCCAGGTGAGGCCACCAC,IDI2,1003,204,199
IDI2_CCGAGAGGTTTCTGTACCGG,IDI2,1763,303,363
IDI2_TCGGCAATGGTTCTTAGCCA,IDI2,1301,94,256
IDI2_GGATGCCATCGGAGTGAGGA,IDI2,451,288,224
IDI2_AGGATGCCATCGGAGTGAGG,IDI2,779,108,110
IDI2_TTATTGGTGCCGACACCAAG,IDI2,324,243,164
IDNK_CCCGTCTTAGAGCGGGAACC,IDNK,798,444,331
IDNK_GGAAGCCGCTCCTGAACAGG,IDNK,218,127,52
IDNK_TACTAACCTCAGATGCCAGC,IDNK,486,304,125
IDNK_TGCTGATGATTATCACCCGG,IDNK,528,202,271
IDNK_AGGCATACCGCTCAATGACC,IDNK,593,196,97
IDNK_CCTCAAACGACCCGCTCAGA,IDNK,0,32,120
IDO1_CTTTGCTCTGCCAAATCCAC,IDO1,696,121,82
IDO1_CAGACTGTGTCTTGGCAAAC,IDO1,4831,1057,1256
IDO1_CACAGGAAGTTCCTGTGAGC,IDO1,212,213,319
IDO1_AGGCGTCATAAGCTTCCCGC,IDO1,7,35,59
IDO2_CCCGGTGACCCTTCAGGAAC,IDO2,3633,809,1547
IDO2_TTCCTGGAGACTTCGACAAA,IDO2,2026,910,765
IDO2_TGCTATCTTGCAGCCCAACC,IDO2,2516,640,652
IDO2_GCTCTGAGCTGCACTCCCGC,IDO2,450,125,128
IDO2_ATGAAGGCCTTATGGGAAGG,IDO2,617,58,55
IDS_ACGGCTTCACTTCCGGAGGC,IDS,614,31,85
IDS_TGCTTTGGACGATCTTCAGC,IDS,206,68,80
IDS_CAGGAGGACCAAAGTTCCAC,IDS,543,24,45
IDS_CTTGATACCTGAAAGTCCAC,IDS,623,167,121
IDS_GGATGTGCTGGATGTTCCCG,IDS,401,101,32
IDS_AAGCCGAAATGCCGCCACCC,IDS,1161,229,113
IDUA_GCTCCTCCAGAAGCGCCGCA,IDUA,290,108,94
IDUA_TGAGGACGTACTGGTCAGCC,IDUA,513,445,242
IDUA_GCTGACCGTCCTTCTGCAGG,IDUA,109,0,0
IDUA_TGTCCTCAAAGTCAGTGAAG,IDUA,1635,462,185
IDUA_CCAAGTGGAACTTCGAGACG,IDUA,2593,864,739
IDUA_CGTGCAGCTGTTGCGCAAGC,IDUA,835,219,212
IER2_GATACATCTTCCACACCGAC,IER2,116,121,171
IER2_TGTCCATTGGCTCCGGAAAC,IER2,1743,963,749
IER2_GGAGCCAATGGACACGCAGG,IER2,525,58,180
IER2_GGAGGGCGCCTTTCCCAACC,IER2,682,275,267
IER2_GACGCGGGCCAGGTTGGGAA,IER2,2657,615,683
IER3_GCTGGGTTCGGTTCCTCGAC,IER3,652,264,46
IER3_AGTGGTGAGTATCGCCGAAG,IER3,529,149,78
IER3IP1_CTCCTCGTGCAGCACTGCGA,IER3IP1,545,128,177
IER3IP1_CGCCATCGCAGTGCTGCACG,IER3IP1,2627,503,768
IER3IP1_CGATGGCGTTGACGCAGAGC,IER3IP1,126,2,11
IER3IP1_GATGGCGTTGACGCAGAGCA,IER3IP1,89,13,1
IER5_GAAGCAGATGGAGTTCAAGC,IER5,262,160,110
IER5_CGGCTGCTCTAAGTTCCGGC,IER5,809,221,259
IER5_GCGGCTGCTCTAAGTTCCGG,IER5,290,43,161
IER5_AACTTAGAGCAGCCGCCGAG,IER5,810,233,280
IER5_GCAGATCTGCTGCGATAAGC,IER5,1033,480,138
IER5_AAGGGCTCAGAAGGCCACGA,IER5,46,135,172
IER5L_CGAGAAGCCGGAGCCAAAGA,IER5L,2629,548,527
IER5L_CCGGGCAGAAGTCCTCGAAG,IER5L,1518,624,361
IER5L_CGGGCAGAAGTCCTCGAAGC,IER5L,753,684,1072
IER5L_GGAGAACGGCTACTTGCACC,IER5L,494,10,92
IER5L_AGCGCTCGCTCAGGTAGAGC,IER5L,17,95,49
IER5L_TGCGGAGCACGTAGGACACC,IER5L,164,64,180
IFFO1_CGGCCAAGAACGACATGAAC,IFFO1,2081,952,431
IFFO1_CGGGTTCCCTGTCTCTAGGA,IFFO1,332,3,64
IFFO1_CACAGCCCTCAGCATCAACG,IFFO1,2102,959,765
IFFO1_TGGCGGTGATGTCGATGCGG,IFFO1,965,263,132
IFFO1_CATTTACACGGTCTTGCAGC,IFFO1,0,7,0
IFFO1_GGTGGAGGACGACGAGAGGC,IFFO1,21,0,10
IFFO2_GGATGAGTTCGAGCGCGAGG,IFFO2,958,87,283
IFFO2_CGGAGCCTTTGATGAGCCGG,IFFO2,308,132,214
IFFO2_CTTGTCTCTCGTCTTGAAGA,IFFO2,873,475,268
IFFO2_CGACCTCATCGTCCGAGAAC,IFFO2,3152,835,781
IFFO2_CTCCTGCAGCGTGTCCACCA,IFFO2,2833,913,687
IFFO2_AGCTCCAGATGGTCCCGGGC,IFFO2,743,59,275
IFI16_TATACCAACGCTTGAAGACC,IFI16,780,578,142
IFI16_GACCAGCCCTATCAAGAAAG,IFI16,859,378,428
IFI16_GACAATGAGGTCTTGGGAGA,IFI16,297,151,143
IFI16_CCGAAGATGGCTCTCAGGGA,IFI16,1820,694,979
IFI16_TGTGAATGCTGACCGAAACA,IFI16,1955,1213,802
IFI16_ACCACAATCAACTGTGAGGA,IFI16,568,449,201
IFI27_GGAATTAACCCGAGCAGGCA,IFI27,1578,326,455
IFI27_TCCCAGGAACACTCACCCAG,IFI27,1509,189,243
IFI27_CCTCCCAGGAACACTCACCC,IFI27,1574,446,113
IFI27_AGTAGCCACAAGGCTGCCCG,IFI27,272,50,116
IFI27_TGCTTCTTCCCAGGAGCAAC,IFI27,355,218,295
IFI27_CCTCGCAATGACAGCCGCAA,IFI27,1936,557,422
IFI27L1_AGTATGAGGGATGGTCAGAC,IFI27L1,749,135,172
IFI27L1_GCCTCAGTGTGGTGTTCAGC,IFI27L1,458,67,103
IFI27L2_TCTTTAGCCTCGGGTTCAGC,IFI27L2,268,6,119
IFI27L2_CTGTCTAGGACACTTACCCA,IFI27L2,3290,112,240
IFI27L2_CGGACTGCAGAGTAGCCACC,IFI27L2,1143,101,337
IFI27L2_TGGCACTCTCTCTCTAGAAC,IFI27L2,1921,888,392
IFI30_GCGTTAGACTTCTTTGGGAA,IFI30,624,271,248
IFI30_GGAGATCCTCAATGTCACGC,IFI30,306,62,282
IFI30_GGAGTGCAAATTCAACAAGG,IFI30,774,292,441
IFI30_CGTGTTGGATGAACTTGACA,IFI30,1842,729,561
IFI30_CACTATCATGGAGTGTGCAA,IFI30,1055,576,272
IFI30_CTGGTACAACTGGCAGACAA,IFI30,1181,580,484
IFI35_TCCTCACTTACGGCATCCAG,IFI35,1447,382,584
IFI35_ATTCCGAGGACACACCCAGC,IFI35,866,51,103
IFI35_GATTCTGTCATACCATCACC,IFI35,60,36,71
IFI35_GGCAAGACTAGGAACGGAGG,IFI35,127,1,13
IFI35_CATACGGAGAGACTCTCAGA,IFI35,599,1,40
IFI35_TGTTGAGCACCAGTACCGAG,IFI35,795,590,511
IFI44_GGACACTACCCTTATAGAGA,IFI44,929,121,180
IFI44_TTGGTGGGCACTAATACAAC,IFI44,638,365,516
IFI44_AGTCACACAGAATAAACGGC,IFI44,814,97,85
IFI44_CGAAGGGAGTTGGTAAACGC,IFI44,2126,918,632
IFI44_TTATTCCTCTGAGTGGGAGC,IFI44,204,126,99
IFI44_TTTCTCAGGGAATCTAAGGG,IFI44,864,345,319
IFI44L_CTACGGCTTGGCCAGTCACA,IFI44L,748,155,141
IFI6_CAAGTATCTCGATAGTGAGG,IFI6,664,82,184
IFI6_TGGCTGCCTCGCTGATGAGC,IFI6,311,25,28
IFI6_CTCCAGGACTCGCAGTCGCC,IFI6,402,240,133
IFI6_ACCTTCATGGCCGTCGGAGG,IFI6,1113,111,282
IFI6_TGCTCGGAGAGCTCGGACAG,IFI6,789,296,230
IFI6_CGCCACCATGCGGCAGAAGG,IFI6,2398,619,702
IFIH1_TTCTCTGGTTGCATCTGCAA,IFIH1,783,106,168
IFIH1_TAGTCCCAGTATCTGAGGAA,IFIH1,733,93,138
IFIH1_AGTTGAACAGCTCTTCCGCA,IFIH1,534,185,258
IFIH1_CCATTTGGTAAGGCCTGAGC,IFIH1,1316,301,457
IFIH1_GGGCAGTGATTCAGGCACCA,IFIH1,1470,222,780
IFIH1_AGCGTTCTCAAACGATGGAG,IFIH1,485,73,99
IFIT1_AGAGATCGCATACCCAGCGC,IFIT1,700,165,76
IFIT1_TGCGATCTCTGCCTATCGCC,IFIT1,628,128,60
IFIT1_CCAATTTGTAGACGAACCCA,IFIT1,1414,270,249
IFIT1_AGCCCTGGAGTACTATGAGC,IFIT1,1223,44,250
IFIT1B_AGAAATAGGCCACCACAGAA,IFIT1B,1179,729,976
IFIT1B_ATTTGTGGATAAGCCCAAGG,IFIT1B,410,64,209
IFIT2_GCTTGCTATTGCCAGTCCAG,IFIT2,287,45,103
IFIT2_CAAGCTACCGTCTGGACAAC,IFIT2,2869,502,633
IFIT2_GCCGAATGGCTTGCCTCAGA,IFIT2,395,236,335
IFIT2_ATCTGCTAGAGCATGGAGGC,IFIT2,1252,160,183
IFIT2_CATACTGATCTGCTAGAGCA,IFIT2,561,247,409
IFIT3_ACACCTAGATGGTAACAACG,IFIT3,1377,264,385
IFIT3_CGGAGGACATCTGTTTGGCA,IFIT3,1395,1194,384
IFIT3_GGTAGTGAGGAAATGGGCCA,IFIT3,26,35,20
IFIT3_GACTGGAGCTGACTGCGCCC,IFIT3,545,31,19
IFIT5_CAAAGAAGAAGTACGAAGCC,IFIT5,1361,279,455
IFIT5_TGCTATCACAGTGTATCGGC,IFIT5,552,300,314
IFIT5_TGCATTTGCCTACACAGACC,IFIT5,2183,387,89
IFIT5_CACTTGTCAGTTTGGTGCGA,IFIT5,76,105,152
IFIT5_AGCTGCTGAGTACTATGAGA,IFIT5,1335,81,35
IFITM1_CACGGTGGACCTTGGAAGGA,IFITM1,1201,440,209
IFITM1_TCAACACCCTCTTCTTGAAC,IFITM1,1673,826,890
IFITM10_AACTGGTGATGTTGAACAGC,IFITM10,439,127,191
IFITM10_TGGAGGATGCAAAGACGGCC,IFITM10,201,152,150
IFITM10_CGAAGTTGAAGATGGACCAC,IFITM10,767,397,193
IFITM10_CGGCTAGGTGCTTGCAGGCA,IFITM10,3009,828,1107
IFITM10_ACAAGCGACTCCTCGGCGCG,IFITM10,666,184,282
IFITM10_AGTGGACAGACAGCGGCCCG,IFITM10,793,386,426
IFITM2_TGGGCCTGGACGACCAACAC,IFITM2,749,288,224
IFITM5_TTGGTGACCTGGAAGCGGCC,IFITM5,857,128,103
IFITM5_TCTGCAGGCCCGAGATCAGA,IFITM5,312,57,60
IFITM5_GCTGGCCTACTCCATCAAGG,IFITM5,567,83,339
IFITM5_TGAACACCGACCAGATCAAG,IFITM5,1562,234,516
IFITM5_AGATCAAGTGGTCTCGAGGC,IFITM5,0,63,244
IFITM5_TCAAGTGGTCTCGAGGCGGG,IFITM5,42,45,152
IFLTD1_ACATAGGGATTCTGGCACCA,IFLTD1,1474,356,319
IFLTD1_CTATCCACTGGAAGCAAGCG,IFLTD1,563,394,349
IFLTD1_ACAATCCTGTGCAAACCGAA,IFLTD1,1240,584,308
IFLTD1_CTGTTTCTTCGGAACTGAGA,IFLTD1,503,159,180
IFLTD1_CTTCTCAGTTCCGAAGAAAC,IFLTD1,784,569,541
IFLTD1_GCAGAATAAAGTCCATGAGC,IFLTD1,918,51,54
IFNA6_TCATGGTCCTCCTGTGACCC,IFNA6,634,538,323
IFNAR1_GACCCTAGTGCTCGTCGCCG,IFNAR1,238,67,112
IFNAR1_GGACAACACCCATGGCGCCA,IFNAR1,1233,107,402
IFNAR1_ACTTTATCCTGAGGTGGAAC,IFNAR1,584,235,268
IFNAR1_CAGATGCTTGTACGCGGAGA,IFNAR1,828,292,155
IFNAR2_AGTGAGTTGGTACAATGGAG,IFNAR2,577,31,136
IFNAR2_TGAGTGGAGAAGCACACACG,IFNAR2,136,19,22
IFNAR2_CCCGCTGAATCCTTCTAGGA,IFNAR2,1490,335,790
IFNAR2_ATACCTGATTCCTGGCCAGG,IFNAR2,43,107,62
IFNAR2_GCACCATAGTGACACTGAAA,IFNAR2,2312,515,381
IFNAR2_TCAAACCATTTGCTGGCCAG,IFNAR2,1012,277,505
IFNB1_TCTGCATTACCTGAAGGCCA,IFNB1,1313,265,162
IFNB1_GCCTCCCATTCAATTGCCAC,IFNB1,365,36,243
IFNB1_CTGTAGTGGAGAAGCACAAC,IFNB1,3918,1117,891
IFNE_CTACAGAGTTTAGAAGCCCG,IFNE,1547,110,119
IFNE_CCTAGAAGCACTCATGGGAC,IFNE,1996,434,268
IFNGR1_CGATGCTGCCAGGTTCAGAC,IFNGR1,1475,819,777
IFNGR1_ACTCTTTCTAGTGCTTAGCC,IFNGR1,60,117,196
IFNGR1_CAGTACTGTGTTTCAGCAGA,IFNGR1,783,87,92
IFNGR1_TTTGGGTCAGAGTTAAAGCC,IFNGR1,959,198,380
IFNGR2_CCACAGCAGCGTCGGTCGCA,IFNGR2,1060,30,90
IFNGR2_AATCTTCGGGTGCTGAGGAG,IFNGR2,1223,346,404
IFNGR2_TCCCTCAGCAGGCTTCCCAA,IFNGR2,194,134,293
IFNGR2_ATCAGCGATGTCAAAGGGAG,IFNGR2,292,67,184
IFNGR2_TGCTACGAAACAATGGCAGA,IFNGR2,504,220,353
IFNGR2_GGCCTCTATATTTCAGGACC,IFNGR2,339,0,0
IFNL1_TTTGGTGCTAGGCTTGGCCG,IFNL1,1894,234,492
IFNL1_AGCGAGCTTCAAGAAGGCCA,IFNL1,216,72,126
IFNL1_TCTAGGACGTCCTCCAGGGC,IFNL1,133,73,55
IFNL1_GACCTCAAATATGTGGCCGA,IFNL1,150,70,32
IFNLR1_TCTTTGCCCGCTGAAACCAG,IFNLR1,558,138,313
IFNLR1_TGATCTGGACTGGCTGGCCA,IFNLR1,1020,304,335
IFNLR1_ACCTCATACTTCAGATCCAG,IFNLR1,1660,562,545
IFNLR1_AGGTATTCGGACTCCACCCA,IFNLR1,503,167,150
IFNLR1_ACTTCAGCGTGTACCTGACA,IFNLR1,384,362,584
IFNLR1_TACCTGGAGCGGCCTGCAGC,IFNLR1,326,1,73
IFNW1_CATGGAGGACAGACATGACA,IFNW1,1254,315,303
IFNW1_CATTTGGTGCAGAAGCACCA,IFNW1,219,11,30
IFRD1_CGATGCCGAAGAACAAGAAG,IFRD1,625,128,198
IFRD1_GGGATTAATTGACCTAACCC,IFRD1,545,124,190
IFRD1_CTTTGTATTCAGCTGGGCCC,IFRD1,695,75,140
IFRD1_TTCTCTTGTCCACTTTGGCC,IFRD1,297,155,75
IFRD2_CCTCACGCTAGCCGATGCCC,IFRD2,442,113,143
IFRD2_TGGACTGTCTCACAGACAAG,IFRD2,355,226,172
IFRD2_ACTTCCACCCGCTCTCACCA,IFRD2,1565,252,646
IFRD2_TGGGCCTGAATCGGATGGCC,IFRD2,1289,167,143
IFRD2_GATTCAGGCCCACATCCACG,IFRD2,640,280,148
IFRD2_CAAGCTCTAAGCCCTTCCCA,IFRD2,533,33,48
IFT122_TGATGAGGGCCGTGTTGACG,IFT122,1229,595,460
IFT122_TGTGTGGCATATGCGAAGGA,IFT122,1005,420,582
IFT122_AGTAAAGATCGAGCGGCCGG,IFT122,326,59,61
IFT122_TACTTACTGTCTACAGCCGA,IFT122,338,46,50
IFT122_CGCTTGACACGTCCACACCC,IFT122,2663,620,726
IFT122_AGCGGTCCTTGTAAAGCCCA,IFT122,406,0,43
IFT140_CCTGTAGGTCTTCTGGCCGC,IFT140,803,230,137
IFT140_TCACACAGGTCAAGCTGAGC,IFT140,1419,513,508
IFT140_GCTGTTCTACATGGAGAAGA,IFT140,985,153,105
IFT140_ACACTTACTCGCCAGGAGGG,IFT140,786,186,345
IFT140_AGTGACGGTGTTTAACAAGC,IFT140,266,88,98
IFT140_CACAACCTCAACAGGCAGCG,IFT140,1361,475,756
IFT172_TCGAAGAAGCATCTGGGAAG,IFT172,1890,378,458
IFT172_AGGCATAGGGTGGACACGGG,IFT172,822,349,360
IFT172_ATTCTCTCTGGTCATGCAGA,IFT172,67,38,50
IFT172_CTGCAACAAGTTCATCCAGA,IFT172,1053,214,293
IFT172_GAGCTATATGGTGAAGGGCA,IFT172,98,101,99
IFT172_CTGTTTACCTTCATGTCAGC,IFT172,1106,135,301
IFT20_GAGCAAGTTCCGAGCACCGA,IFT20,320,23,31
IFT20_AGTGTAGCCCTGCTTCACCC,IFT20,648,274,173
IFT20_ACCCAGGATGTCCTTGGCCA,IFT20,724,774,556
IFT20_TTTCTTTACAGCCATGGCCA,IFT20,282,211,282
IFT27_TGCTCCAGCTCGTCATGCCA,IFT27,1142,108,447
IFT27_CAGCTCGTCATGCCAGGGCC,IFT27,449,466,283
IFT27_CCTTCAACAACTGCAGCAAG,IFT27,1655,364,751
IFT27_GGTGTTCCTCGGCAGACAAC,IFT27,370,109,241
IFT27_GCGGAAGATCTGTGCCAGGG,IFT27,1325,111,165
IFT27_TTTGGCTGCCAGCTTCACCA,IFT27,1239,348,375
IFT43_GGATTTGCTCGACTTGGACG,IFT43,878,163,185
IFT43_GATGGGTCGCCGAGCTCAAC,IFT43,235,77,47
IFT43_TTACCTCGCTGCCGACAGGG,IFT43,459,118,126
IFT43_CTTCAGCATCCAGATAAAGC,IFT43,2000,438,324
IFT43_CCTCACCAAAGTGCTCGCGC,IFT43,1512,225,769
IFT43_GGACCCACTGCAGACGGAGA,IFT43,658,128,77
IFT46_TTGACACGCTGATGCAGGAA,IFT46,1979,468,925
IFT46_CTGCGACTGTGCACTACACC,IFT46,1545,527,1053
IFT46_CATCCAATACCAATAGGCCA,IFT46,707,229,485
IFT46_CACACCTCAGTTGATTGACC,IFT46,656,59,258
IFT46_CTCACAGTTGACACCTCAAC,IFT46,1746,678,409
IFT46_CATCCTTCAGGTCCTAAGGG,IFT46,464,344,83
IFT52_TTTGTGATGCTAGGAGAAGG,IFT52,740,93,189
IFT52_TTTCCAGTGGAGTCTTGAAC,IFT52,713,309,190
IFT52_AATTAGCCGAGCTGCAGGAA,IFT52,942,728,543
IFT52_ACACTCAATGTGGCACCAAA,IFT52,1717,495,570
IFT52_CGACCTGTCCATCTTCCAGC,IFT52,272,555,217
IFT52_GCGGCGTCTCAAACTGAGGC,IFT52,144,283,159
IFT57_GCAAAGGAGCGATACCAGCA,IFT57,1808,185,441
IFT57_GGCAAAGGAGCGATACCAGC,IFT57,327,109,138
IFT57_ACATGTAGAACTGTTCGCCA,IFT57,437,240,369
IFT57_TTTGCACTGCCTACCAACCC,IFT57,559,152,502
IFT57_GAAGCTGCTCCGCTACGAGG,IFT57,520,30,56
IFT57_AGGTCCCGTGGCGAAGGGAC,IFT57,313,88,85
IFT74_GCAGCTCGCCCTGTTTCAAG,IFT74,834,347,563
IFT74_CCAACTCCACCTCTTGAAAC,IFT74,2859,1671,1607
IFT74_CATCGCCCTGTAACACAACA,IFT74,790,588,691
IFT74_CTTGTTGTGTTACAGGGCGA,IFT74,724,97,283
IFT74_AGCTCACTCCCAGGTGAAAC,IFT74,2592,625,551
IFT74_ATACCGCCTCCTGTTTCACC,IFT74,2,36,88
IFT80_ATTGCTGGAGCCTGTGGAAA,IFT80,977,152,390
IFT80_CCCTGTATAGTTGGAGAAGA,IFT80,735,396,676
IFT80_GGGTGTAAAGAAACAAACCC,IFT80,264,113,26
IFT81_TAGTCCTCTGAAGAAGCCAG,IFT81,185,27,35
IFT81_ACTCTCACTGTATAGGCAAC,IFT81,1287,135,148
IFT81_CATTGGTCAGGTAATTCAGG,IFT81,201,248,46
IFT81_GGTCAGGTAATTCAGGAGGG,IFT81,560,68,100
IFT88_CTTCATCTGTCTCTGGAGCC,IFT88,326,354,309
IFT88_CTTGTTCTCGCTGTCTCACC,IFT88,930,22,79
IFT88_CCCTTATAGGTGCGTGGAAG,IFT88,1704,1385,1075
IFT88_GGCCGCTGAATTCTATAAAG,IFT88,708,341,529
IFT88_AGAGAAGGAAGTGCTAGCGG,IFT88,771,238,168
IFT88_CGTTCTATTTGAGGGCCAAG,IFT88,2428,309,315
IGBP1_AGGACGAGTTACAGCTGCCG,IGBP1,757,0,6
IGBP1_GAAGTGGCGACTGAACCCGC,IGBP1,1401,35,101
IGDCC3_ATCTCCTTGGTGTTGGCCAG,IGDCC3,545,48,283
IGDCC3_TTCAGCCACGTGACATGAGG,IGDCC3,841,1096,1081
IGDCC3_CCGGGTGAGGAGAACGGCAC,IGDCC3,1180,159,415
IGDCC3_CAGTATCCGGATCAGCCACG,IGDCC3,1996,301,445
IGDCC3_GAACAGAGTCCCAATTGACA,IGDCC3,691,218,151
IGDCC3_TATAGTGCTGGACTGCAGGG,IGDCC3,559,100,47
IGDCC4_ACATAGACGCCGGAGTGCCA,IGDCC4,560,79,197
IGDCC4_CCACTCACCTTGTCGGACCC,IGDCC4,2343,860,879
IGDCC4_TCGCCAGCACTTCAGCCAGG,IGDCC4,536,598,433
IGDCC4_TCCCATCATTACTTGGGAGA,IGDCC4,648,334,103
IGDCC4_ACAGGGAACCATTGGGCAGC,IGDCC4,352,39,97
IGDCC4_ACAGGCAGAAGGTCAACGCG,IGDCC4,1951,293,437
IGF1_TGGCCAAAGACACATCCAGG,IGF1,535,104,229
IGF1_TCCGGAGCTGTGATCTAAGG,IGF1,1691,512,476
IGF1_AGTCGGAGGGCGCCTCAGAC,IGF1,453,235,279
IGF1_CAGTTCGTGTGTGGAGACAG,IGF1,569,444,333
IGF1_TTCAGTTCGTGTGTGGAGAC,IGF1,1217,630,581
IGF1_CAGCTCTGCCACGGCTGGAC,IGF1,358,389,805
IGF1R_AGAGCGCGGCGGAGAGAAAC,IGF1R,1418,753,449
IGF1R_TGTAGAAGAGTTTCCAGCCG,IGF1R,1396,507,720
IGF1R_CAGCGCGCCTGACAACGACA,IGF1R,922,216,219
IGF1R_TTGTGAAGGTCCTTGCCCGA,IGF1R,408,351,333
IGF1R_TAGGAGAGGAGCAGCTAGAA,IGF1R,1694,413,563
IGF1R_ACTAAAGGGCGCCAAAGCAA,IGF1R,692,119,139
IGF2_ATTGGAAGAACTTGCCCACG,IGF2,713,91,74
IGF2_CGTCCCTCTCGGACTTGGCG,IGF2,525,177,113
IGF2_CAACGATGCCACGGCTGCGA,IGF2,627,360,281
IGF2_AGCAATGCAGCACGAGGCGA,IGF2,986,156,213
IGF2_CCTGCATGGCCGAGCTCACC,IGF2,253,230,270
IGF2_AAGTCCAACGCACTGAGGAC,IGF2,829,329,144
IGF2BP1_CACTTTCTCCAAGTCCGCGG,IGF2BP1,2024,273,259
IGF2BP1_CACTTACTTCCCATCGGAGC,IGF2BP1,1799,363,291
IGF2BP1_ACAGTAGAGAACTGTGAGCA,IGF2BP1,472,464,998
IGF2BP1_GAATGTCACCTATTCCAACC,IGF2BP1,895,89,159
IGF2BP1_GAGCCAAGACTCACTTGGAC,IGF2BP1,582,241,337
IGF2BP1_CAAGATCATCTTACAAGCGG,IGF2BP1,1223,0,31
IGF2BP2_CCTTGGCACTAACCTTGAAC,IGF2BP2,2204,1180,1122
IGF2BP2_CTGAGCTACTTACAGTGAAG,IGF2BP2,1345,364,501
IGF2BP2_TCCGTGCTATCTCCACCAGC,IGF2BP2,23,69,5
IGF2BP2_CCACAGGCACGTACCGGGAC,IGF2BP2,656,658,710
IGF2BP2_GCGCTGAGTGCTCACCCGAG,IGF2BP2,1365,992,663
IGF2BP2_CGCTGAGTGCTCACCCGAGA,IGF2BP2,2492,200,683
IGF2BP3_ACCTCAAACTGCGGGTAGGG,IGF2BP3,325,174,110
IGF2BP3_CTCAGCATACTCACTTAGAC,IGF2BP3,3066,926,1084
IGF2BP3_GCCATCGAGGCGCTTTCAGG,IGF2BP3,735,24,197
IGF2R_CAGCACTTGATGGCCCGCAC,IGF2R,1933,800,676
IGF2R_TGAAGCTGGTGCGCAAGGAC,IGF2R,1807,552,390
IGF2R_CCTGAGTTACGTGAGGGAAG,IGF2R,1558,273,404
IGF2R_TTACCTCCGCTCTGGGCAAG,IGF2R,1608,420,355
IGF2R_AGAGGTTGTTGACGTACCGG,IGF2R,474,205,150
IGF2R_TCCTCTGCGGTGCCACCGAC,IGF2R,593,278,245
IGFALS_TTGTTGTAGGTGTACGCGGG,IGFALS,428,366,148
IGFALS_CAACAGCCTCTTGGCACCAC,IGFALS,1625,189,353
IGFALS_TCCGGAGACAGTTCCCAGAG,IGFALS,1203,510,758
IGFALS_TGGGCCTGAAGGCGCTGCGA,IGFALS,387,51,73
IGFALS_CAACAACCGTCTGAGCAGGC,IGFALS,910,131,241
IGFBP1_CCAGCCAGACGCGAGCAACG,IGFBP1,3757,1236,1095
IGFBP1_GCGAGCTTCTCGGCGGAGCA,IGFBP1,449,339,421
IGFBP1_AGGTACTGATGGCGTCCCAA,IGFBP1,111,54,56
IGFBP1_TCTGTAGAGTTCTATTCGGC,IGFBP1,916,383,151
IGFBP1_TGAGACATCCATGGATGGAG,IGFBP1,1235,163,108
IGFBP1_CCCTGATCTCTGGAGACCCA,IGFBP1,486,146,138
IGFBP2_CGCCAGCATGCTGCCGAGAG,IGFBP2,1442,400,298
IGFBP2_GGCGATGACCACTCAGAAGG,IGFBP2,1219,375,296
IGFBP2_AGTGACCTTCTCCCGGAACA,IGFBP2,1145,187,287
IGFBP2_ATGCGCCTTCCGGATGAGCG,IGFBP2,370,226,306
IGFBP2_GGGAGTAGAGGTGCTCCAGA,IGFBP2,196,137,170
IGFBP2_ATGTCTCTGAACGGGCAGCG,IGFBP2,220,131,103
IGFBP3_GCCCTTCCAAAGGCAGGAAG,IGFBP3,540,404,241
IGFBP3_TCTTCCATTTCTCTACGGCA,IGFBP3,636,32,167
IGFBP3_CGTAGTCAACTTTGTAGCGC,IGFBP3,3265,775,902
IGFBP3_TCGGAGGAAGACCGCAGCGC,IGFBP3,2052,428,802
IGFBP3_CGGTGTAGATGCCGCACGGC,IGFBP3,459,326,315
IGFBP3_CTGACGTGCGCACTGAGCGA,IGFBP3,1357,257,362
IGFBP4_AGTGGATGGCTTCGTCGCCC,IGFBP4,112,19,14
IGFBP4_GCAAGGCGTGTGCATGGAGC,IGFBP4,712,307,138
IGFBP4_TGCGGTCATGGGCGCTACAG,IGFBP4,1479,212,345
IGFBP4_CGGAGGTCCTTACCACAGGC,IGFBP4,2043,753,404
IGFBP4_CTGCCAGAGCGAGCTGCACC,IGFBP4,783,175,317
IGFBP4_CTCGAAAGCTGTCAGCCAGC,IGFBP4,833,334,369
IGFBP5_AGGCATGGAGTACGTTGACG,IGFBP5,1752,471,488
IGFBP5_CGGGATGAAGCTGCCAGGCA,IGFBP5,2352,177,532
IGFBP5_CTTTGCGGTCACAATTGGGC,IGFBP5,311,36,18
IGFBP5_GAGAGACTCCCGTGAGCACG,IGFBP5,461,234,80
IGFBP5_GAGAGGGCTTTCTCGTCGCA,IGFBP5,62,104,59
IGFBP5_GCAGGGCTCGCAGTGCACGA,IGFBP5,704,544,437
IGFBP6_GGTGCAGGCGGGTTGTCCAG,IGFBP6,1134,33,0
IGFBP6_GCTCTGGAGAAAGTTTCCGG,IGFBP6,721,65,112
IGFBP6_CGGAAACTTTCTCCAGAGCC,IGFBP6,753,973,732
IGFBP6_GCGGTTCACATCCTGTGGGC,IGFBP6,25,3,3
IGFBP6_GAGTCCAGATGTCTACGGCA,IGFBP6,160,241,99
IGFBP6_TCCAGTGCCGCTCCTCCCAG,IGFBP6,560,51,79
IGFBP7_GCCAGGTTGTCCCGGTCACC,IGFBP7,320,51,0
IGFBP7_CCTCACAGCTCAAGTACACC,IGFBP7,683,226,514
IGFBP7_GGCCATCACCCAGGTCAGCA,IGFBP7,291,276,372
IGFBP7_ACGCACACGCCGCTTACACC,IGFBP7,724,532,405
IGFBP7_GCGTGAAGAGCCGCAAGAGG,IGFBP7,1162,326,177
IGFBPL1_CACATGCGGTCATCGGGAGC,IGFBPL1,78,155,314
IGFBPL1_GCCGTGGCCTCATGGTCAGA,IGFBPL1,439,195,198
IGFBPL1_CCGTGGCCTCATGGTCAGAA,IGFBPL1,626,558,573
IGFBPL1_GAAGTGTTCACAACGTCACC,IGFBPL1,1,65,108
IGFBPL1_CTGACTCACCGAACTCGCAA,IGFBPL1,2062,369,484
IGFBPL1_CTGGCTCGCGCATACCAGGC,IGFBPL1,897,230,255
IGFL1_ATGCCGTCGTGCCCTTGGCC,IGFL1,685,422,280
IGFL1_ACCAGAACTGCGACTCAGCC,IGFL1,129,65,190
IGFL1_GATGTTCCATTAGCTGACAC,IGFL1,264,126,137
IGFL2_ACTGACACATAAGCAGGAGC,IGFL2,391,23,70
IGFL2_CTTCCCTTGGACACAAGAGG,IGFL2,1061,291,137
IGFL2_TGACTTCCCTTGGACACAAG,IGFL2,2025,611,544
IGFL3_TCCCACACCTGGGTGTCGGC,IGFL3,800,57,187
IGFL4_ATGAGGTCAGATCTTGACAC,IGFL4,530,433,493
IGFL4_TGAGGTCAGATCTTGACACA,IGFL4,939,527,570
IGFL4_TATCACCAGGATCTGTGCCC,IGFL4,94,9,217
IGFL4_TCATCACAGCACTGCTCCAA,IGFL4,933,102,316
IGFLR1_GCTGCGGGCTCTGATTGAGA,IGFLR1,661,198,180
IGFLR1_GAGGACAGATGCGAGGAGGA,IGFLR1,228,19,0
IGFLR1_CCAGAAGAACACTTTCGGAA,IGFLR1,2749,874,876
IGFLR1_GAAGAACACTTTCGGAACGG,IGFLR1,211,21,97
IGFLR1_CTCGGTCTCGGATTCTCACC,IGFLR1,289,89,39
IGFLR1_CTCGGATTCTCACCCGGGCA,IGFLR1,2821,887,927
IGFN1_GCACGTGCTCCTTGCTGCCA,IGFN1,514,204,7
IGFN1_GATCAACAAGCTGACAGGCG,IGFN1,561,220,299
IGFN1_GGAAGAATCGGAAGAGGCAC,IGFN1,389,157,55
IGFN1_ACTACCGTGGCATGTTGCGC,IGFN1,844,56,187
IGFN1_GACCCTGATGTGTCTTAAGC,IGFN1,578,717,224
IGFN1_CAAGCACTGTCTGCGCCGGC,IGFN1,10,72,190
IGHMBP2_GAGCTTCGTGACCAAGCAAC,IGHMBP2,815,45,143
IGHMBP2_TCTCTCGGTCCAAGCTCAAC,IGHMBP2,197,234,283
IGHMBP2_ACGTATTTCACTGGCAGGAC,IGHMBP2,2512,989,997
IGHMBP2_ATCCATGGACCTCCTGGCAC,IGHMBP2,972,327,519
IGHMBP2_GGACAATCTGGTGGAGCGCC,IGHMBP2,233,81,206
IGHMBP2_GAGCCTCACTTCGGCAAACG,IGHMBP2,269,207,243
IGIP_ACGTTTGCTTGGTTTCCACA,IGIP,747,318,340
IGIP_CAAACGTGTTGTGCATCAGC,IGIP,634,48,72
IGJ_TCTGGTTCTCAATGGTGAGG,IGJ,495,99,89
IGLL1_ACCGGCTCCTCAGGCTGGAC,IGLL1,385,81,23
IGLL1_ATGCAGCTGTTGGGCGCAGC,IGLL1,0,99,14
IGLL1_CCTGAGGGCCGATGAGGCCA,IGLL1,729,25,21
IGLL5_CAATGGTTGCACCGCAAAGC,IGLL5,1192,410,194
IGLL5_AATGGTTGCACCGCAAAGCG,IGLL5,341,148,122
IGLL5_TGTCTTCGGAACTGGGACCA,IGLL5,564,135,115
IGSF1_TGGCCACAGGCTATCTCACC,IGSF1,1146,101,588
IGSF1_CACTGTGTTCAAGCTAGGAA,IGSF1,2119,1388,1112
IGSF1_ACTGGGCCGAGCAAGTAGCC,IGSF1,489,83,222
IGSF1_CTCAGCCTGAATCCAGAAGA,IGSF1,1628,716,925
IGSF1_CAAAGCGTGATGTTCTCCCA,IGSF1,555,48,390
IGSF1_CCATGACCCTGGACAGACCA,IGSF1,1932,722,642
IGSF10_GGGATCCATTAGGGTAGACG,IGSF10,244,183,150
IGSF10_AAACTGCCCTGTACTGCAAA,IGSF10,739,385,389
IGSF10_GGGTCAATTCTCCTAGCAGA,IGSF10,748,233,225
IGSF10_AGGAGACCATCTCTTGAGGG,IGSF10,719,177,117
IGSF10_TGGGCTCAACTTTCTCCGCC,IGSF10,530,277,511
IGSF10_GACCAGGCAGATCACAGCAA,IGSF10,948,598,256
IGSF11_ACCAGAGTCTTATGTTGACC,IGSF11,114,210,240
IGSF11_AATAACTGCACCAGTGCCAA,IGSF11,324,199,131
IGSF11_ACTGGTACAAACCTGAAGAC,IGSF11,751,216,662
IGSF11_CTACCCTACCGTGGAACCGG,IGSF11,1406,1064,346
IGSF11_CTGGGAGTATCCAGGTGGCC,IGSF11,457,769,584
IGSF11_GCTACTCACCGTGCAGAGAG,IGSF11,1675,387,262
IGSF21_ACGGCGTCTCCAGCCACCAC,IGSF21,1178,232,181
IGSF21_CTACCGCAAGCGAGAGGACC,IGSF21,1040,216,191
IGSF21_GCATCTACGACCGCGCCACC,IGSF21,700,578,397
IGSF21_GGGCTTGGTAGCGGCTGAAG,IGSF21,762,141,150
IGSF21_CGGTGCAGAAGGCTGCGGAA,IGSF21,623,604,487
IGSF21_TGATGACGCCCAGCAGAGCC,IGSF21,861,524,310
IGSF22_GAAATCACGGTGTCCGAAGA,IGSF22,1033,279,235
IGSF22_ACTCATCCGCTTATCGCCCA,IGSF22,301,278,574
IGSF22_GACCAAGGTTGACACCACAG,IGSF22,1657,641,404
IGSF22_CAAAGCCGTGTTCCGAGCCC,IGSF22,144,428,222
IGSF22_CCACAGAGGAGGTCGTGAGG,IGSF22,1009,131,355
IGSF22_GATCTTGGTTGTCTGGGAGA,IGSF22,322,50,71
IGSF23_TGGGACAGGGTTCCTGGGAA,IGSF23,2097,610,479
IGSF23_ATGCTAGAGAAGGATGCGGC,IGSF23,590,27,71
IGSF23_CCTGCAGTGGGTGGTGACAA,IGSF23,2650,988,344
IGSF23_GGACTCACTTGGCAGCGAGA,IGSF23,445,387,84
IGSF23_GCCTCCTGACAGGGACAGAG,IGSF23,1537,89,180
IGSF23_CTCCCAGGATCCCAGCCGCA,IGSF23,1823,413,180
IGSF3_CCTGGATGGATACTGAGAAC,IGSF3,1343,447,360
IGSF3_CAATGCCACGGTCTCTGAGA,IGSF3,155,8,21
IGSF3_CAAACCATTCCACCATGAGC,IGSF3,1259,289,55
IGSF3_TGAATACGGTACTTACGCCG,IGSF3,625,263,456
IGSF3_CAGCCAGACAGCTCAGCACC,IGSF3,1531,372,246
IGSF5_TTCAACTGCACCGTCTCCCA,IGSF5,599,203,167
IGSF5_CGTACCTCTGAGAGGTGAAG,IGSF5,362,167,365
IGSF5_TTACTTGTCTACCCTCACAC,IGSF5,1787,543,585
IGSF5_TGCAGCCACAACAACGACGG,IGSF5,2078,1763,2016
IGSF5_TCTAAACTACCTGGTGAGGA,IGSF5,465,45,64
IGSF5_TAATCTGGCCAGTCCTGAGA,IGSF5,591,200,139
IGSF6_TATGAAGGCCACGCACACAC,IGSF6,993,342,199
IGSF6_GCGAGAGCTAAACAGACAGG,IGSF6,570,100,189
IGSF6_GAAGCGAGAGCTAAACAGAC,IGSF6,491,141,245
IGSF6_AGCTCTCGCTTCCGGCACAC,IGSF6,432,358,229
IGSF6_AAGTGTACCTTCTCCGCAAC,IGSF6,992,308,173
IGSF8_ACAAATAGGGTGTCCAGGGC,IGSF8,1344,285,193
IGSF8_AGGCCCTGTCAGCGTAGAGC,IGSF8,627,224,327
IGSF8_GGGCCGATCCGACGTTCACC,IGSF8,367,69,160
IGSF8_TGCAGAGTTGACCGCCCAAC,IGSF8,2730,649,339
IGSF8_GCGGGCAATCTTGAGCACCA,IGSF8,53,23,40
IGSF8_ACTGGGCATTGTCAGTACCA,IGSF8,428,250,285
IGSF9_CTGCTAACCTCACCTACAGC,IGSF9,1119,241,218
IGSF9_AGCTGCCTCGCTCTACCCGG,IGSF9,59,85,109
IGSF9_ACCCTGCGTTGTGTGGCCCG,IGSF9,1210,633,590
IGSF9_GGACGAGTCCGGCTGCAGAA,IGSF9,1725,457,304
IGSF9_AGGTCGAGGGAAGCCTGAGG,IGSF9,655,124,77
IGSF9_TATGGTGTGGTGCCTCGGCC,IGSF9,0,257,244
IGSF9B_CGGGCAACCTCACCTACACC,IGSF9B,1144,265,506
IGSF9B_AGTGACATCGGTCAGTCGGG,IGSF9B,35,0,0
IGSF9B_AACCTAGAACCACACTCACC,IGSF9B,491,269,436
IGSF9B_ACACCTTCCACAATGGCAGC,IGSF9B,1021,174,276
IGSF9B_GAGTTTGTGACGGCAAGAGC,IGSF9B,360,310,343
IGSF9B_CAAGTGTGATCGGCACCCGA,IGSF9B,89,308,324
IHH_GCCACCAGCACGTACTGGCC,IHH,3,0,2
IHH_GCCCAGGTACGCCTGGAGAG,IHH,343,433,43
IHH_GCATTATGAGGGCCGCGCGG,IHH,837,511,666
IHH_AGATAGCCAGCGAGTTCAGG,IHH,143,177,14
IHH_TAGGGCGGATCGCGCTCACC,IHH,1,145,85
IHH_CTGAACTGCTTGTAGGCGAG,IHH,2344,443,198
IK_TCGTCTCTTCTAGGATGCCA,IK,357,116,113
IK_TACTTCATGTCAGCCTCAGG,IK,251,17,175
IK_CTTTGTCAACGTCCATGGGC,IK,384,7,72
IK_ACTCTTGCTTCTCCTTAGGA,IK,414,104,93
IK_CTGCAACAGGGTAACAAGAA,IK,2212,443,275
IK_CTGCACTAATCTTCTTCCAC,IK,1694,288,546
IKBIP_GCAGCTAGGCTCTGATACAA,IKBIP,1011,975,392
IKBIP_TCGCGTCCACTTACCAGGCC,IKBIP,752,446,551
IKBKAP_TACTACAGCTGTCTTACCAC,IKBKAP,548,0,24
IKBKAP_ACAAGATAAACCCAACCAGC,IKBKAP,691,82,55
IKBKAP_AGACCACAAGTTACCTGGCG,IKBKAP,298,33,12
IKBKAP_TTGGAGTCCTGACCAAGAGC,IKBKAP,941,0,0
IKBKAP_GCAGAGTATGACGTCTCCAG,IKBKAP,36,36,0
IKBKAP_TTCTCTCTCCGAACTGAACA,IKBKAP,1269,396,371
IKBKB_CTCACCTGTCGGCAGGGACG,IKBKB,1288,409,71
IKBKB_AAAGAGCGCCTTGGGACAGG,IKBKB,1095,164,387
IKBKB_ACCACCGCTCTCGGTTCCGG,IKBKB,454,62,7
IKBKB_CCAAGGAGGAGATCTCCGGA,IKBKB,943,411,224
IKBKB_AACTGCTGTGGTCTGCGGGA,IKBKB,334,84,160
IKBKB_TCCTGCAGCAAGGAGAACAG,IKBKB,1215,550,414
IKBKE_TGTGTACAAGGCCCGCAACA,IKBKE,3158,1072,1317
IKBKE_TCCCTCACTTGCACCTCGCG,IKBKE,1440,414,509
IKBKE_TCTCTGTCCCACCCATAGGG,IKBKE,480,42,122
IKBKE_GACAGACTTCGGCGCTGCCC,IKBKE,0,24,59
IKBKE_ATGATCTCCTTGTTCCGCCG,IKBKE,1430,148,270
IKBKE_AGGGTGTAGCTCCACTCCAG,IKBKE,275,94,101
IKBKG_CATGGCCCTTGTGATCCAGG,IKBKG,967,66,113
IKBKG_ATCATCGAGGTCCCATCAGG,IKBKG,607,24,49
IKBKG_CTTGTAGACTAGTGTGCGCC,IKBKG,1662,194,387
IKBKG_ATCTGCTGCCGGGCCACCAC,IKBKG,1502,224,92
IKBKG_GATTCTCCTCCAGGCAGCGC,IKBKG,277,21,193
IKZF1_CTGGAGTATCGCTTACAGGG,IKZF1,867,204,292
IKZF1_ATCTGGAGTATCGCTTACAG,IKZF1,1177,307,555
IKZF1_TACCGGAGTGCGTCCTCAGG,IKZF1,3,140,118
IKZF1_CTGGGTACAGTGTGCCCGGA,IKZF1,1043,324,321
IKZF1_TCTCTGATCCTATCTTGCAC,IKZF1,462,46,106
IKZF1_CAACGGGCTGTCGCTCAAGG,IKZF1,3016,616,361
IKZF2_TTGGCGGGTGCTGCATCAGA,IKZF2,522,210,287
IKZF2_CTGTCATAGAGAAGCTCACG,IKZF2,1801,442,393
IKZF2_CAGTTCACTGGAGGAGCACA,IKZF2,443,83,130
IKZF2_TAGCTACGCCTGTAGAAGAA,IKZF2,1028,640,470
IKZF2_TCAGTTTACCATTCGGAAGC,IKZF2,2056,536,546
IKZF2_CTCACCTCAAGCACACCCAA,IKZF2,1842,224,290
IKZF3_TCCCATTGCGGGCCCGAGAC,IKZF3,1180,594,914
IKZF3_TGCAAGATTTGAATGTGCCC,IKZF3,277,72,129
IKZF3_CTTGCAGTCTTATGCCGAGA,IKZF3,823,65,180
IKZF3_CCACATTAAACTGCACACAG,IKZF3,3591,1342,846
IKZF3_ATCGCAGTTCATCTTTCCAC,IKZF3,618,48,72
IKZF3_GATAGTAGCAGGCCAACCAG,IKZF3,517,85,135
IKZF4_TGCTGCCTGCGAAATGACGG,IKZF4,948,426,345
IKZF4_CGCCGCCTTGGAAACGGCGA,IKZF4,99,189,93
IKZF4_CCACTGACCAAAGCTGGAGA,IKZF4,1211,249,287
IKZF4_TTCTCTCCTCCAAGGTAGCG,IKZF4,839,629,507
IKZF4_AGATGAGCGGCTCCTGGAAA,IKZF4,1324,402,462
IKZF4_AGGCACCACACTGGTTGCAA,IKZF4,985,216,248
IKZF5_ATCAGCTCTCGACTCTAGCA,IKZF5,635,60,275
IKZF5_ACCAACTGGTGGCCTTCCAA,IKZF5,591,177,162
IKZF5_TTCTGAACCACCATGGAAGG,IKZF5,1007,214,280
IKZF5_ACTTCGATCACTGCAGCGGA,IKZF5,161,218,116
IKZF5_CGCTCATAAGCAGATGCAAA,IKZF5,1319,1031,968
IL10_GATCTCGAAGCATGTTAGGC,IL10,446,20,126
IL10_GGGTGCAGCTGTTCTCAGAC,IL10,486,463,366
IL10RA_GAGCGTCTGAGCCAAGACGG,IL10RA,377,391,121
IL10RA_AGGCTCACCTGTTGTGGAAG,IL10RA,3319,1395,1462
IL10RA_CTTCAAACCACACAGACGGA,IL10RA,793,109,299
IL10RA_TTGGACCTGTACCACAGCAA,IL10RA,1550,515,722
IL10RA_TGGGTAGCTGAATCTTCCCG,IL10RA,895,104,122
IL10RA_TCGCTTCCCGAAGTAACAAG,IL10RA,1510,285,312
IL10RB_TCACAGCTCAGTACCTAAGG,IL10RB,1986,1023,949
IL10RB_TTGCAGATGAGCATTCAGAC,IL10RB,1417,794,640
IL10RB_CTTTGAGGTCCTCAGAAACC,IL10RB,1652,295,431
IL10RB_GATGACGGCCACCATCCAGG,IL10RB,7,44,52
IL11_TGTGCTGACAAGGCTGCGAG,IL11,1388,576,529
IL11_CGCAGCCTTGTCAGCACACC,IL11,3906,1176,1396
IL11_AGCTCCCAGGTGTGCTGACA,IL11,1334,407,149
IL11_GCTCTCTCCTGGCGGACACG,IL11,1089,141,405
IL11_CGACAGCTGTATCTGGCCAC,IL11,945,242,332
IL11_GCCACAGGCTCAGCACGACC,IL11,884,127,367
IL11RA_CCATCCCGAAACCAGGACAC,IL11RA,2945,329,437
IL11RA_TCTAGGAGGAGTCCATCCAC,IL11RA,766,78,104
IL11RA_AACGGAACTTGAGCAGGAAG,IL11RA,1202,485,501
IL11RA_ATCACCTCCTCCAGTCCAGC,IL11RA,329,87,114
IL11RA_CCAAGCTCACCAAGTAGCCG,IL11RA,1643,403,661
IL11RA_CCTCAGTGATTCCAGTGGAC,IL11RA,401,265,223
IL12A_TGGATGCAGACCTGTGGCCG,IL12A,3014,405,484
IL12A_GCGCTGGACACATGCTGAGC,IL12A,1088,280,266
IL12A_TGAGGTGGTCCAGGAGGACC,IL12A,550,17,111
IL12A_CCTGGGTCTGGAGTGGCCAC,IL12A,421,147,243
IL12A_TACTACTAAGGCACAGGGCC,IL12A,667,89,151
IL12B_ATAGCTCATCTTGGAGCGAA,IL12B,782,224,192
IL12B_CAGCATTAGCGTGCGGGCCC,IL12B,98,182,84
IL12B_GCCATTAAAGAATTCTCGGC,IL12B,459,0,45
IL12B_CTTGGCCTCGCATCTTAGAA,IL12B,792,459,467
IL12B_GAGGACCACCATTTCTCCAG,IL12B,380,31,37
IL12B_AGTTCCCATATGGCCACGAG,IL12B,459,96,132
IL12RB1_GAGATTCTCGGTGGAGCAGC,IL12RB1,535,235,78
IL12RB1_TGGGCCACATTCATCTCCAG,IL12RB1,1758,246,77
IL12RB1_GACACCTTGATGTCTCCCAG,IL12RB1,462,60,6
IL12RB1_CTGCAGTTCTCCGACCAGGC,IL12RB1,916,231,398
IL12RB1_CTCACCAACACCGCAGGAAG,IL12RB1,5262,419,569
IL12RB1_GGGACCACCCAGGTCACCAG,IL12RB1,5,17,0
IL12RB2_GAGAATTGAGGGAGTGGCCA,IL12RB2,229,105,111
IL12RB2_GATATCGGCCCAGTAACAGC,IL12RB2,159,29,61
IL12RB2_ACCACAGTCATTCCTAGAAC,IL12RB2,1455,866,944
IL12RB2_TTCAGGAGTACGTGGTGGAA,IL12RB2,962,438,176
IL12RB2_CTGGGTAACTCTAAGCACAA,IL12RB2,1490,478,543
IL12RB2_CAGCCCATTTGCTCCTGGAC,IL12RB2,2634,677,386
IL13_CAATCCTCTCCTGTTGGCAC,IL13,1730,186,428
IL13_AGGCCCAGTGCCAACAGGAG,IL13,2072,369,495
IL13_TCCGCTCTGCAATGGCAGCA,IL13,744,514,648
IL13_TGGAGCATCAACCTGACAGC,IL13,1372,617,692
IL13_GAGCGGATTCTGCCCGCACA,IL13,1164,304,393
IL13_GGTGTCTCGGACATGCAAGC,IL13,572,155,68
IL13RA1_TGGACATGGAATCCACCCGA,IL13RA1,743,113,27
IL13RA1_CACTCTCATTGGTGCTACAC,IL13RA1,876,644,779
IL13RA1_AGTATAGTTAGTGTCGGGAC,IL13RA1,488,55,58
IL13RA1_GGTCATCATTGTGGAAGGAG,IL13RA1,738,73,238
IL13RA1_ACAGCGAGGAGTCGTTGAAG,IL13RA1,578,464,354
IL13RA1_GCGGAACAGCTTGCGGAACG,IL13RA1,1440,763,853
IL13RA2_CTTGCTGGAATAGGTCCCAA,IL13RA2,921,137,250
IL15RA_CATGGCTTCCATTTCAACGC,IL15RA,2580,458,760
IL15RA_GCGAGTGCTAACCTGGCGGC,IL15RA,333,140,67
IL15RA_AAGGCATCAGCTGGGAGCCC,IL15RA,914,232,170
IL15RA_CCTCCACAGTAACGACGGCA,IL15RA,549,812,253
IL15RA_TCTGGTTTCAAGCGTAAAGC,IL15RA,960,142,176
IL15RA_TAGCAGCGCCGGGAGACCGA,IL15RA,1300,72,54
IL16_TTTGAGATTTCCTTGGCCCA,IL16,313,76,139
IL16_TCCTAAAGCCTGCCACCAAA,IL16,739,123,270
IL16_CAACAATTGGACTGTCCAGC,IL16,256,305,191
IL16_AATCCCTTCTCACCTTAGCC,IL16,252,85,117
IL16_CGGTGCTGATGGGAGCCGAG,IL16,231,133,228
IL16_TTCGTCCACACGCTGTCACC,IL16,820,136,258
IL17A_GGTTGACCATCACAGTCCGG,IL17A,211,173,39
IL17A_AAGAGATCCTGGTCCTGCGC,IL17A,817,84,22
IL17A_AGTGTGGAGGCTCCCTGCGC,IL17A,571,101,125
IL17A_CCCAGAGCTCTTAGGCCACA,IL17A,848,693,815
IL17B_GAGCGTGCCGGTGTTCAGCC,IL17B,539,475,261
IL17B_CATGCAGGAGGACCGCAGCA,IL17B,1787,724,1986
IL17B_GGTTCACACAGCCCAGACAC,IL17B,886,154,226
IL17B_GATGAAACCGTATGCCCGCA,IL17B,221,221,285
IL17B_ACGGTTTCATCCGTGACACC,IL17B,706,345,345
IL17B_AATGGACTGGCCTCACAACC,IL17B,300,116,88
IL17C_CCGGCCTCCTGTTTCTGACC,IL17C,1175,363,191
IL17C_ACTTGGCACCTCGAGCCAGC,IL17C,167,61,56
IL17C_CCGGTATCTCCAGGGTGAGA,IL17C,177,189,275
IL17C_CATCGATACAGCCTCTGCAC,IL17C,1,2,6
IL17C_AGGCTGTATCGATGCACGGA,IL17C,1418,225,250
IL17C_GGCTGTATCGATGCACGGAC,IL17C,328,33,233
IL17D_GCTCCAGTAGCTCCTCCGGC,IL17D,669,71,200
IL17D_CTGCAGAATCTCCTACGACC,IL17D,1215,480,407
IL17D_ACGACGGTGGGCATGTAGAC,IL17D,1443,908,621
IL17D_GGTGTAGACGGAACGGCCGC,IL17D,0,154,104
IL17D_CAACTCCAGCATCGACAAAC,IL17D,1869,571,715
IL17F_CTGCATCAATGCTCAAGGAA,IL17F,1245,577,757
IL17F_TGGGCCTGTACAACTTCCGA,IL17F,275,400,227
IL17F_GGGCCTGTACAACTTCCGAG,IL17F,158,365,264
IL17F_CACTTACGTGTAATTCCAGG,IL17F,283,10,62
IL17F_GCTCTCGATGTTACGTGACA,IL17F,178,235,225
IL17F_GCTTGCCTTTCTGAGTGAGG,IL17F,272,114,99
IL17RA_CCACGTCGAGTCTCACCGGC,IL17RA,361,115,152
IL17RA_TGTCCATTCGATGTGAGCCA,IL17RA,2149,431,398
IL17RA_ACTGAGGCATCACCACAGGC,IL17RA,3,47,71
IL17RA_GGTCAGGGTCAACCACAAAG,IL17RA,542,243,92
IL17RA_ACCTGAGCTCATGCATGGCG,IL17RA,1560,121,231
IL17RA_ATGGGTAGATTCGTTCCACA,IL17RA,273,110,135
IL17RB_TACGGCGCTCCTGCACAGCG,IL17RB,1546,441,524
IL17RB_TCTGTGAATTTCACCTCACC,IL17RB,905,421,298
IL17RB_ATTATGTGGTCTAGGCAGCC,IL17RB,871,132,117
IL17RB_CAGTGATGTTCGGATCCCAC,IL17RB,725,190,126
IL17RB_GGCACTTACTGTTATCCAGA,IL17RB,96,84,59
IL17RB_TGAGTGGCAAGCCACTGCAC,IL17RB,138,0,30
IL17RC_CAGCACCAGACAGACCAGAC,IL17RC,2519,727,634
IL17RC_GCTCACCATGCACGGCCAAG,IL17RC,471,54,228
IL17RC_CTTGGGTCCTTCTAGGGCAC,IL17RC,286,225,185
IL17RC_CACGACTTGGGCCTGGAGAG,IL17RC,1419,571,676
IL17RC_TCTGGTCCTATACTCAGCCC,IL17RC,851,256,167
IL17RC_ATCTCTCCTCAGACTGCAGG,IL17RC,469,350,87
IL17RD_AATGCCGATATGACTACCAG,IL17RD,201,104,202
IL17RD_CAAGCGAAAGACCTGTAAGC,IL17RD,387,302,654
IL17RD_GATTGTCCGGCTGTAACAAC,IL17RD,708,491,63
IL17RD_CCTCGGGTTCTAAAGAAGAA,IL17RD,167,149,207
IL17RD_ACACCTGAGGCAGAAGCGCG,IL17RD,1822,457,757
IL17RD_ACGGAGCAGAGCTGCAGCCA,IL17RD,1709,219,404
IL17RE_CAATTAGGGCTCCCGGAACA,IL17RE,1944,450,447
IL17RE_CAGATGCTGGCACAAACAGC,IL17RE,739,78,185
IL17RE_TCCCATGTCTCTGGATCCGA,IL17RE,363,67,223
IL17RE_TTGATTTGCTGCCTGAGGCC,IL17RE,319,250,488
IL17RE_CTCACCTCTATGCACAGACA,IL17RE,2204,505,984
IL17RE_ATTCGGGAGGTCTTTGCAAA,IL17RE,678,430,293
IL17REL_TCCTCAGGTGCAGTACCCGC,IL17REL,252,422,217
IL17REL_TTGCTGCAGCTTACGGCAGC,IL17REL,446,170,377
IL17REL_CGTCTTCCTGCCCTACAGCC,IL17REL,1162,628,287
IL17REL_ACCGCTTGAGGCAGAGCCGC,IL17REL,617,6,58
IL17REL_CGAGGTGCCTCTGGTCCAGC,IL17REL,222,164,122
IL17REL_AGCATCGCGCAGCCGTCAGA,IL17REL,2,116,43
IL18_TTACAGCCATACCTCTAGGC,IL18,745,273,45
IL18BP_ATGAGACACAACTGGACACC,IL18BP,281,67,19
IL18BP_CGACGTGGGCACACAGGAGC,IL18BP,132,12,12
IL18BP_TGACCAGGAGAGTGACGACG,IL18BP,1506,530,457
IL18BP_TCCCAGGCCGACTGTGGGAG,IL18BP,803,240,360
IL18BP_TTCAGGGTCCACGAGCACAC,IL18BP,1226,384,431
IL18BP_TGTGCTCGTGGACCCTGAAC,IL18BP,1863,354,371
IL18R1_CCACATTACTGTGGTTGAAG,IL18R1,1603,730,656
IL18R1_AACATGTGGAGCTGAACCCA,IL18R1,897,73,281
IL18R1_TAATTGCACTGTGGCCAGCA,IL18R1,1076,670,390
IL18R1_TGCACTGTGGCCAGCACGGG,IL18R1,666,263,144
IL18R1_CAAGCCAGGTAGAGACGAAC,IL18R1,1599,468,650
IL18RAP_ACGACCTATCTGATGTCCAA,IL18RAP,720,265,288
IL18RAP_AAGTGATGCACAAAGTCCAG,IL18RAP,432,108,118
IL18RAP_GGATCCTGTCGAGGACACAC,IL18RAP,1306,587,454
IL18RAP_TCTCAGTACCTGAGGCGAAA,IL18RAP,1015,236,204
IL18RAP_GGACTGGGTTGTGTTTCCAA,IL18RAP,1361,252,216
IL18RAP_CAATCCAGTGCCTGTAGAGG,IL18RAP,642,750,309
IL19_TATTGTACCCAGGAGCCAAA,IL19,565,136,160
IL19_ACACCAACCCATACTCACGA,IL19,2117,764,422
IL19_GCAGAGTCTCCAATGTGGAC,IL19,1577,209,181
IL19_TTCCTCCACTTTATCACAGC,IL19,1325,460,379
IL19_AAAGACGTCGAGCTCTCCCA,IL19,546,82,120
IL19_AGCTCGACGTCTTTCTAGCC,IL19,494,362,518
IL1A_TACTGGGTGTGCTTGGCAGG,IL1A,1170,202,125
IL1A_CGTGAGTTTCCCAGAAGAAG,IL1A,1477,451,403
IL1A_GGTAGTAGCAACCAACGGGA,IL1A,50,112,0
IL1A_TGGTGGTAGTAGCAACCAAC,IL1A,507,129,198
IL1A_ATGGTGGTAGTAGCAACCAA,IL1A,25,163,348
IL1B_TGATAAGCCCACTCTACAGC,IL1B,373,147,470
IL1B_CATCTTTCAACACGCAGGAC,IL1B,4405,1198,1002
IL1B_CGCGTCAGTTGTTGTGGCCA,IL1B,1943,658,1124
IL1B_CTACAGCAAGGGCTTCAGGC,IL1B,1234,338,677
IL1B_CTCCGACCACCACTACAGCA,IL1B,1760,1082,999
IL1B_GAGCTCAGGTACTTCTGCCA,IL1B,443,183,11
IL1F10_GCACAGCAGTTGTCTGCAAC,IL1F10,617,487,677
IL1F10_GCAGCCAGTACAGCTCACCA,IL1F10,1878,293,618
IL1R1_TTGGTTTGTTCCTGCTAAGG,IL1R1,1249,354,300
IL1R1_AGTCCTCCGTCTCCTGCAAC,IL1R1,452,167,298
IL1R1_AAGTCCTCCGTCTCCTGCAA,IL1R1,250,127,313
IL1R1_GAGCCCAGCTAATGAGACAA,IL1R1,1223,304,358
IL1R1_GAAGGTGACCGTCGCTGGAC,IL1R1,431,218,257
IL1R1_ACTTCTCCATGCTACCCGAG,IL1R1,1056,447,333
IL1R2_CTTCAGCCTGCGGCACACAC,IL1R2,801,601,430
IL1R2_ACACGGATGTGGGCCCAGGA,IL1R2,1191,749,224
IL1R2_GCGGGTATGAGATGAACGGC,IL1R2,0,2,0
IL1R2_AAGCTGATATGGTCTTGAGG,IL1R2,964,138,71
IL1R2_ATAGAGAGCGCCTACCCGGG,IL1R2,554,33,78
IL1R2_CTACGCACCACAGTCAAGGA,IL1R2,1134,616,500
IL1RAP_AGTGGGCACTTGATGCGAGC,IL1RAP,419,209,204
IL1RAP_AGTGATAGTCGGTTTGACAC,IL1RAP,119,35,162
IL1RAP_TGTCATGCTAGAAGTGCCAA,IL1RAP,776,124,308
IL1RAP_TCCAAGATACACAGTGGAAC,IL1RAP,927,469,493
IL1RAP_CGGTCTAGCAGTGATGAGCA,IL1RAP,1533,740,1125
IL1RAP_CACAGTAGGTGACACAACAG,IL1RAP,2194,653,843
IL1RAPL1_CAATGTTGGCCGGAACCAAA,IL1RAPL1,663,681,308
IL1RAPL1_AGTATCCATCTCACTGACAG,IL1RAPL1,941,135,118
IL1RAPL1_TGGGTGGCTTATCAGTCAGA,IL1RAPL1,157,85,106
IL1RAPL1_AGAGCTTTCTTTGGGTACAG,IL1RAPL1,872,409,365
IL1RAPL1_TCGTTTATGAAGGAGAACGC,IL1RAPL1,898,175,253
IL1RAPL1_GCAGCAAGAGTATAGCACCA,IL1RAPL1,932,427,268
IL1RAPL2_AGGGCACATTTCACTCGGAC,IL1RAPL2,344,43,124
IL1RAPL2_GGATCCTGCTGTTGTAGCAC,IL1RAPL2,1279,132,370
IL1RAPL2_AAAGTCATCCATGTCTGGAC,IL1RAPL2,1130,156,451
IL1RAPL2_CTCAGTTGTGGAAGCTGACC,IL1RAPL2,529,357,191
IL1RAPL2_TGGCAATAGAGGGTATAGGC,IL1RAPL2,551,315,187
IL1RAPL2_TAACACCCTGAAAGATACCC,IL1RAPL2,681,197,116
IL1RL1_CTACCATTGACCTCTACAAC,IL1RL1,1161,384,139
IL1RL1_ATTATAGTGTGACGGCGACC,IL1RL1,104,55,68
IL1RL1_TCCATTAAGCTGCCACAGGA,IL1RL1,752,464,280
IL1RL1_TGGGCTGGCTTGTCTAGACA,IL1RL1,1740,302,368
IL1RL1_AGAGATATGCTACCTGGAGA,IL1RL1,490,206,155
IL1RL1_GATGGAGGCTCTGAGCGAGC,IL1RL1,0,310,185
IL1RL2_CCTGCAGGATTGAAGCGCGC,IL1RL2,985,131,324
IL1RL2_CTTCCACTGTCTGTCACAGC,IL1RL2,497,1,402
IL1RL2_ATGTCTCGGCAGAGGACAGA,IL1RL2,573,225,149
IL1RL2_ATTGCAGTCCACAATCAGAG,IL1RL2,361,266,545
IL1RL2_CTTCCTTTCATGTGCCACGC,IL1RL2,1162,612,359
IL1RL2_GGTGTTGAATATCCTGCCCG,IL1RL2,492,41,81
IL1RN_GACTTGTATGAAGAAGGAGG,IL1RN,305,20,16
IL1RN_GAGTGATTAGGTGACTGCGG,IL1RN,48,135,217
IL1RN_AGATCGTCTCTGAATGGAAC,IL1RN,1311,478,489
IL1RN_CACCAGACTTGACACAGGAC,IL1RN,3983,728,587
IL1RN_GCTGTGCAGAGGAACCAACC,IL1RN,1100,222,317
IL1RN_CTCACCAATATGCCTGACGA,IL1RN,3384,604,598
IL2_ACAAGAATCCCAAACTCACC,IL2,222,27,289
IL2_GACTTAGTGCAATGCAAGAC,IL2,1845,503,481
IL20_CTCCTATGGACTCCTTCCAC,IL20,1881,470,157
IL20_ATTGAGTGTCTTCAGTCCAG,IL20,303,40,10
IL20_GCTAAGACTCTATCTGGACA,IL20,301,235,158
IL20RA_TTCGCTGTCCAGCTTCGACC,IL20RA,1216,273,563
IL20RA_GGTGTTTCTCTTTGCCAACG,IL20RA,428,233,258
IL20RA_CAGAAGGCTGAGCACGGCGA,IL20RA,2607,562,258
IL20RA_CACTCTTTACTGCGTACACG,IL20RA,2153,449,483
IL20RA_ACAAATTGGCCCACCAGAGG,IL20RA,1467,463,683
IL20RA_CCTACAATGGACTCCACCAG,IL20RA,1309,339,473
IL20RB_ATGAAGGGCCTCACTGGCGG,IL20RB,555,72,180
IL20RB_TGCCTTGATCCTAGATGAAG,IL20RB,660,299,351
IL20RB_CCAATGTGGCCCTGACACGA,IL20RB,437,641,737
IL20RB_CACCAAAGATGGCTTCCACC,IL20RB,467,315,357
IL20RB_ACCTAGAAACCATGGAGCCA,IL20RB,517,519,659
IL20RB_AACAGGAGTACTGGAGCAGC,IL20RB,619,159,107
IL21_CTCCCTGCATTTGTGGAAGG,IL21,2184,1049,520
IL21_ACCTCTACATCTTCTGGAGC,IL21,378,73,271
IL21R_CTACACCGATTACCTCCAGA,IL21R,511,187,131
IL21R_GATACTCACTGCTCTCAGCC,IL21R,359,69,62
IL21R_GGTCACAGTCACGTTGAAAG,IL21R,1512,305,229
IL21R_AGTCTTTGCGGAACTCCAGG,IL21R,360,96,22
IL21R_CATGAAGAACCGCTCAGGGC,IL21R,1335,91,409
IL21R_TCTGTCCAGGAGGCTTCCCA,IL21R,450,56,24
IL22_CCACCTCCTGCATATAAGGC,IL22,743,117,234
IL22_GCGCTGCTATCTGATGAAGC,IL22,718,550,348
IL22_TGTTATCAGCCAAGCTAGCC,IL22,963,287,253
IL22_CACCTTCATGCTGGCTAAGG,IL22,906,475,484
IL22_TGCTCCTCCCTGTACCAAGA,IL22,1206,353,378
IL22_TTGGCCCTCTTGGTACAGGG,IL22,250,73,286
IL22RA1_CCTAACATGCAGCTTCCAGC,IL22RA1,325,221,242
IL22RA1_TTGGTTTCCCAGACCGGACA,IL22RA1,1030,433,365
IL22RA1_TGGTTTCAGCCGAACTCACC,IL22RA1,457,61,141
IL22RA1_CACGGAGCTCTACTATGCCA,IL22RA1,351,481,352
IL22RA1_ACATCCTGACGTGGGACAGC,IL22RA1,541,490,246
IL22RA2_CTCTCGTGTGTAGGAGCAAA,IL22RA2,1294,746,713
IL22RA2_CAGAATGGAGCATGACGCCG,IL22RA2,1062,622,301
IL22RA2_ACAGGAACCTTATTACGGGA,IL22RA2,286,25,99
IL22RA2_TACAGGAACCTTATTACGGG,IL22RA2,357,247,104
IL23A_ACATCCACTAGTGGGACACA,IL23A,797,231,284
IL23A_CTCCCTAGTTCTGCTTGCAA,IL23A,2378,564,273
IL23A_CTGCTTGCAAAGGATCCACC,IL23A,886,251,412
IL23A_CGGCTACAGCCACAAAGGCC,IL23A,487,189,339
IL23A_CTTTGTGGCTGTAGCCGCCC,IL23A,605,365,39
IL23A_TGCTCCATGGGCAAAGACCC,IL23A,844,628,339
IL23R_CCCTTTACATACTCTTCAGC,IL23R,139,190,167
IL23R_AGTAAGGTGCCCTGTAGAGA,IL23R,837,201,81
IL23R_GGGTAGTCTCTTGTCTCCAG,IL23R,211,101,102
IL24_CAAAGTGGAATTCTTGGCCC,IL24,1106,149,306
IL24_AACCTCCTGCTGCAGCAGCC,IL24,653,356,140
IL24_ACTCCAGCAGGGTGTGGACA,IL24,1017,381,346
IL24_AGAGCGTGTGCTACTCACAC,IL24,383,219,160
IL24_ATTCCGGAGAGCATTCAAAC,IL24,1266,332,353
IL24_AAGTGGACATTCTTCTGACC,IL24,631,182,121
IL25_TCCTGTAGGGCCAGTGAAGA,IL25,1408,576,573
IL25_GACTCACTCATATCTCCAGG,IL25,713,0,21
IL25_GGTTGGACAGAGACTTGAAC,IL25,583,133,182
IL25_GCGGCCATGCCATGGCGAGA,IL25,562,354,195
IL26_CTACAAAGCCATCAGTGAAC,IL26,2642,1201,1386
IL26_CTCTCTAGCTGATGAAGCAC,IL26,939,329,710
IL26_AGATTGCTTGTGCTTGGCAA,IL26,881,100,186
IL27_GCAGCAGGCGGTAGGTGGAG,IL27,2533,172,146
IL27_GCCGCTGGACCAACATGGAG,IL27,987,116,154
IL27_ACTCACAGAGAGGCGGCGCC,IL27,35,20,34
IL27_ATCAGGGAGCTGCTCTCCCA,IL27,591,40,188
IL27_CAGTCAGCCTGCATCTCGCC,IL27,397,399,322
IL27_ACCAGCTTGAACCAGGAGCA,IL27,849,99,275
IL27RA_CTGGAGGTGTAACTCGGAGG,IL27RA,1106,140,82
IL27RA_TTTCTAGGTTCACGAAGACG,IL27RA,801,186,90
IL27RA_GAAGATGTCAGGAGGCGGCC,IL27RA,275,14,106
IL27RA_GCCCAGATATCCTCACCAGA,IL27RA,996,211,234
IL27RA_CTCCTCCAGGCGTCCCACAG,IL27RA,1222,619,963
IL27RA_CCGCTGTCAACGCCACAAGC,IL27RA,936,151,450
IL2RA_TCCTCCTGAGTGGGCTCACC,IL2RA,1010,123,144
IL2RA_GGAAGGCTCGCTTGGTCCAC,IL2RA,0,51,119
IL2RA_GCAAAGTCCAATGCAGCCAG,IL2RA,52,41,134
IL2RA_TTGTTTCGTTGTGTTCCGAG,IL2RA,1194,267,322
IL2RA_ATTGGTTGTCCCAGGACGAG,IL2RA,490,216,265
IL2RA_ACACGCCACATTCAAAGCCA,IL2RA,1524,97,381
IL2RB_CTATCTCCAAGGCATCCGGG,IL2RB,1616,156,291
IL2RB_CTGATCAACTGCAGGAACAC,IL2RB,2691,376,328
IL2RB_CAGGCTTTGTCCTGAAGGCC,IL2RB,856,542,269
IL2RB_CCACTACTTTGAAAGACACC,IL2RB,498,92,134
IL2RB_GAGGGTGCTGTGCCGTGAGG,IL2RB,169,127,196
IL2RB_GACTCACCGTCTGTCCGGCC,IL2RB,210,1,37
IL2RG_ATCCTCTAGGTTCTTCAGGG,IL2RG,732,281,87
IL2RG_GCTTCCAATGCAAACAGGAA,IL2RG,917,308,391
IL2RG_TTCCACAGAGTGGGTTAAAG,IL2RG,730,216,189
IL2RG_GCACCAAGTGCTCCAAACAG,IL2RG,2485,858,844
IL2RG_CCCACGGGAACCCAGGAGAC,IL2RG,1003,533,576
IL2RG_ACGACAATTCTGACGCCCAA,IL2RG,161,458,291
IL3_GGCGGACCAGGAGTTGGAGC,IL3,480,66,144
IL3_CTCCAACTCCTGGTCCGCCC,IL3,1036,228,262
IL3_TAACCTTCGAAGGCCAAACC,IL3,983,178,253
IL3_CAAACCTGGAGGCATTCAAC,IL3,682,139,134
IL31_ATTGACCTCTGGAGCCCAAC,IL31,223,44,47
IL31_TGTCTTGAGATATGCCCGGA,IL31,857,326,94
IL31_ACTTGGTCGTAGTAAACGGA,IL31,100,84,70
IL31_CTTGGTCGTAGTAAACGGAC,IL31,342,247,213
IL31_GAAAGAGCACAGACGTCGAG,IL31,931,812,193
IL31_GATACCTGAGTGAGAGGCCA,IL31,486,134,178
IL31RA_CCAGCCTTCATGTGTTAACC,IL31RA,2569,1000,1002
IL31RA_AATGGCATAACTTACCCAGC,IL31RA,519,24,83
IL31RA_ACCAAACGTACAACCTCACG,IL31RA,370,31,138
IL31RA_ACCTTCCATAACAACCGCAC,IL31RA,461,16,78
IL31RA_AATAGCTGGAATCCTCAGGG,IL31RA,845,22,137
IL31RA_AGGACCAGCTAGTGGTGAAG,IL31RA,1281,327,301
IL32_GGCCGCCATGTGCTTCCCGA,IL32,68,102,250
IL32_ACTCACCTTCGGGAAGCACA,IL32,567,219,165
IL32_GCTTCTTCATGTCATCAGAG,IL32,806,266,355
IL32_TGAGGACACTGTGGGACACC,IL32,1484,235,149
IL32_CTAACAGGTGATGTCGAGCC,IL32,1149,299,256
IL32_GATGTCGAGCCTGGCAGAGC,IL32,842,128,46
IL33_ACTTCCCAGCTTGAAACACA,IL33,1255,355,371
IL33_CTGGTTGCATGCCAACAACA,IL33,4111,1531,1919
IL34_CCAGTACTCACAGCGCAGCC,IL34,1258,308,397
IL34_TCTTGGGATCTTCCTTGGCG,IL34,557,262,162
IL34_AAGATCAGTGTGCCTTACGA,IL34,817,277,473
IL34_TCAGAATCGCCAACGTCACC,IL34,639,291,260
IL34_CCGGAAGCAGTTGTCCAGCA,IL34,2329,989,1053
IL34_ACAGTCCTGCCAGTTTAGGA,IL34,557,89,215
IL36A_AGACGCTCATAGCAGTCCCG,IL36A,149,48,70
IL36A_GATTGAGTCCATTCAGGCCC,IL36A,368,81,47
IL36A_GAAAGCCACAGACTCGAAGG,IL36A,1052,155,285
IL36A_TGACAGCGATGAACCAGCCA,IL36A,2520,233,450
IL36A_TCTCATCCTTACCCAAGAAC,IL36A,1083,478,348
IL36B_CCAACATAGGAATGCCAGGA,IL36B,1845,466,520
IL36B_CTCCCAAGATAACATAGGGA,IL36B,1510,86,82
IL36B_ACAGCCCATCTTTCTCACCA,IL36B,958,398,428
IL36B_GAGGTGGCTATGAACCAGCC,IL36B,347,16,36
IL36G_CACTTCGTGGAACTGCCACA,IL36G,550,265,90
IL36G_CAGTCTTGGCACGGTAGAAA,IL36G,1048,539,625
IL36G_AGTCTGTGGCCTTCCCGGAC,IL36G,1045,651,681
IL36RN_ACACCCTGTGGAGCTCAAGA,IL36RN,949,322,227
IL36RN_GCAGCCCTCCAGCTAGAAGC,IL36RN,143,23,3
IL36RN_ACAGGCACTGGCTTCCACCC,IL36RN,822,445,309
IL36RN_CACCTTCTACCGGCGGGACA,IL36RN,214,74,130
IL36RN_TTCGAGTCGGCTGCCTACCC,IL36RN,630,149,54
IL37_ACTGCGTCTGACTGCAGACC,IL37,588,47,206
IL37_AGGCTCATTACAATTGCAGG,IL37,480,340,79
IL4_ACTGCTGTGCAGTCGCACCC,IL4,78,7,42
IL4_CGACTGCACAGCAGTTCCAC,IL4,503,372,174
IL4_AGCTGATCCGATTCCTGAAA,IL4,1262,395,376
IL4I1_CGTCGTCAAGCGTTGGGCGG,IL4I1,1513,541,383
IL4I1_TCTCCCAGAAGCTGCACGGC,IL4I1,828,217,223
IL4I1_CTACCAGATGGCTCTCAACC,IL4I1,1685,237,767
IL4I1_ACCTACCGGGACCAGAACAC,IL4I1,1364,172,330
IL4I1_CAGCGATGCTGGACACAAGG,IL4I1,1412,434,531
IL4I1_CCTGCATGCATTTCTCGAAG,IL4I1,2406,534,800
IL4R_GGTGCCTTGGCATCTCCCAA,IL4R,32,49,125
IL4R_TGCCGTGTGGAGAAAGGAAG,IL4R,1363,42,23
IL4R_AAACCAGCTGGTACAACAGG,IL4R,641,207,392
IL4R_TATACACTGGACCTGTGGGC,IL4R,930,139,93
IL4R_GGTGTTATAGCACTGAGCCC,IL4R,161,64,28
IL4R_AGGAAACGCTGACGCCCAGC,IL4R,43,25,21
IL5_GGAGAGTCAAACTGTGCAAG,IL5,672,383,301
IL5_TGGAGAGTCAAACTGTGCAA,IL5,846,93,257
IL5RA_GGTTAAGTCGGTCTTACCAA,IL5RA,225,43,97
IL5RA_TGTGTAACCATCCTCCACAA,IL5RA,2729,449,540
IL6_CCTGCACTTACTTGTGGAGA,IL6,796,273,304
IL6_AGCCCTGGAACTGCCAGCGG,IL6,878,557,320
IL6_TCGAGCCCTGTGTGAGGGAG,IL6,1432,157,196
IL6_CTGCAGCTTCGTCAGCAGGC,IL6,627,86,259
IL6_TTGTCATGTCCTGCAGCCAC,IL6,846,168,345
IL6_GCTCTTCGGCAAATGTAGCA,IL6,888,173,202
IL6R_CGAAGCCCTTACCCTGCGCA,IL6R,1612,637,515
IL6R_AGCAAGTGCACAGTCCCAGC,IL6R,500,177,180
IL6R_CACAAACAACATTGCTGAGG,IL6R,1343,276,272
IL6R_TGCCAGTTAGCAGTCCCGGA,IL6R,1002,280,181
IL6R_GGCAAGGCGAGTGGAGCGAG,IL6R,689,133,108
IL6R_AGAGGAGCGTTCCGAAGGCC,IL6R,697,229,108
IL6ST_TCTGTTACAGCACCTTCCAA,IL6ST,879,274,129
IL6ST_ACAGACTGGCAACAAGAAGA,IL6ST,433,570,365
IL6ST_AAACCTTGAAAGTCACAGGC,IL6ST,869,226,234
IL6ST_CTGTAGCCTTGAGTATGGGA,IL6ST,124,297,482
IL6ST_CAGGATCAACCGCTTCCCAG,IL6ST,873,541,422
IL6ST_GACAGTGAATGAAGATCGGG,IL6ST,211,29,1
IL7_GCCTCAACTTGCGAGCAGCA,IL7,507,5,34
IL7_ATGCTACTGGCAACAGAACA,IL7,1055,959,546
IL7_AGAGCGCTTACCATGGAACA,IL7,2159,713,888
IL7R_CAAGTCGTTTCTGGAGAAAG,IL7R,1151,914,1368
IL7R_GCGATCCATTCACTTCCAAC,IL7R,861,439,513
IL7R_TCAGGCACTTTACCTCCACG,IL7R,1245,423,724
IL7R_TGTAGCTTACCGCCAGGAAA,IL7R,1079,724,395
IL7R_ATGCACTGACATTCCCAGCC,IL7R,1190,48,176
IL7R_TTGTAGTCCCAAGGCTAAGC,IL7R,1936,323,493
IL8_GAAGGCTGCCAAGAGAGCCA,IL8,441,0,0
IL9_TGTCAAGATGCTTCTGGCCA,IL9,367,652,572
ILDR1_CTCCAGGAACTGAGGCCGGA,ILDR1,603,151,265
ILDR1_CCGCCACCGCTACATGAAGC,ILDR1,1303,585,1034
ILDR1_CTGCACCATTGAGGCTCCAG,ILDR1,986,237,233
ILDR1_CCACTATGCGAACTTCCCGC,ILDR1,1383,475,456
ILDR1_TCACCACCACGTCCTGGAGC,ILDR1,1851,513,375
ILDR1_GGACCGTCACAAGCAAGGAC,ILDR1,559,322,273
ILDR2_ACTCAGCTCCCTACATGAGG,ILDR2,1070,121,245
ILDR2_GGTCCTGTACTATGTTGAGA,ILDR2,15,73,59
ILDR2_GAGTCACTTGGTGCCAAGGG,ILDR2,64,127,275
ILDR2_GGAAGACGCCCAGGAGCACC,ILDR2,222,82,48
ILDR2_GACCTGAAGGCCTTCGACCA,ILDR2,969,122,132
ILDR2_TGGATAGGGTCTTGCTGAGG,ILDR2,876,173,295
ILF2_TGAGAAGCCACCAGAGAAGA,ILF2,1396,11,13
ILF2_CTAAAGTTGCCACTCTCACA,ILF2,768,1,0
ILF2_TCAGTGATACCCACTGAACC,ILF2,958,3,0
ILF2_CGTGGAAAGCCTAAGAGCAC,ILF2,1694,45,0
ILF2_CTGTTCCCATGACCAGAAAC,ILF2,2479,709,594
ILF3_CAGAGGACGACAGTAAAGAA,ILF3,1803,4,0
ILF3_CAAAGGGCCTCCTACTCAAG,ILF3,1524,30,42
ILF3_CCCTGTTGTCAGAGAAGAAA,ILF3,907,281,166
ILF3_GCCTGTCCAGAACGTCCGGG,ILF3,264,0,0
ILF3_CGGTCTGTTGGCCGTGCCAA,ILF3,391,315,248
ILK_CGGAGAACGACCTCAACCAG,ILK,3670,70,40
ILK_TCTCGGCAGGCCCAGTGCAA,ILK,862,15,14
ILK_GGTGCCTTGGCTTTGTCCAC,ILK,171,0,0
ILK_CAACGAGAATCACTCTGGAG,ILK,755,12,0
ILK_ACGCCTTGCACTACCTGAGC,ILK,938,76,129
ILK_ATCCTACTCTCATCACACAC,ILK,793,16,166
ILKAP_AGAGCGGATGAGGATACAGA,ILKAP,860,447,174
ILKAP_GGCTGAGCGGAAGGGTGAGA,ILKAP,683,189,115
ILKAP_ATTGATGTGGCAAGAGAACC,ILKAP,508,147,249
ILKAP_GAATCGCCACTGCTAGCGGG,ILKAP,1034,62,133
ILKAP_GAGTCAGTACTGCTGGCCGG,ILKAP,193,15,64
ILKAP_CAACGCCGCTTACCGGCAGC,ILKAP,130,139,134
ILVBL_CCATCAGAGGCCTCTTGGCC,ILVBL,1247,44,116
ILVBL_CCAACCTCTTTGCAGGAGCC,ILVBL,971,556,397
ILVBL_AGGAGACCACTCGGCCCACG,ILVBL,1,69,77
ILVBL_GGGACAGCTGATCAACAGCC,ILVBL,829,54,100
ILVBL_GCTCTGTGTTCCAGGGACGG,ILVBL,15,47,401
ILVBL_GACAAGGCAAGCGTCCGGCA,ILVBL,101,75,246
IMMP2L_TTCAACCCAGATGTGACCAC,IMMP2L,2465,203,124
IMMP2L_TCAACCCAGATGTGACCACG,IMMP2L,2609,518,355
IMMP2L_AGTTGCCTCCACTCTCCAGA,IMMP2L,399,28,83
IMMP2L_CTCTTCTCGGTTGGCAACAG,IMMP2L,2195,514,539
IMMP2L_TCCAAGAAAGTCACTGCCAC,IMMP2L,303,1,270
IMMP2L_TTAGGTATGGCACAGTCACA,IMMP2L,278,180,156
IMMT_GGTTCCTATTCCTACGGCGC,IMMT,422,44,59
IMMT_AGGCCATGCAGTTGCTGAAG,IMMT,1099,112,183
IMMT_CAGCTGCCTGTCGGCGAAGC,IMMT,248,146,38
IMMT_GAGAACCCAGCTTCGCCGAC,IMMT,838,38,37
IMMT_CCTCATATAACTGCTGCAGA,IMMT,469,10,18
IMMT_TATCTGCGGCATGGTCGCAA,IMMT,1040,140,202
IMP3_TGGACTCGTCCAAGATCAAG,IMP3,484,34,81
IMP3_CTTCCTTGTCACGCGCAGCA,IMP3,646,0,0
IMP3_TGCGCGTGACAAGGAAGGCG,IMP3,963,25,22
IMP3_CGTGCTCCTCAAGCTGCGCA,IMP3,765,2,14
IMP3_GCGCAGCTTGAGGAGCACGG,IMP3,1564,51,50
IMP4_TCCCACTGAGTTACGCCGAG,IMP4,1304,11,30
IMP4_GATGATGAATACCGATGGGC,IMP4,18,0,0
IMP4_CCAGACTCACCCGCTTGCCC,IMP4,759,0,9
IMP4_GGTTTGCGAAGGTGATGACC,IMP4,288,0,0
IMPA1_TCTTCGTCGTCTCGTTGCAA,IMPA1,346,200,112
IMPA1_CTGCTCCGCCAGTTGCCACA,IMPA1,1294,506,719
IMPA1_AATATGTGCCTTGTGGCAAC,IMPA1,580,70,131
IMPA1_TACGCTGGAAGGCTGTGACC,IMPA1,1401,93,72
IMPA1_AGTCGCGGTGCTGGGACAGG,IMPA1,1282,169,360
IMPA2_GAGGCCGCGATGAAGCCGAG,IMPA2,83,93,107
IMPA2_GAGAGAGGTTTCCTTCACAC,IMPA2,329,95,29
IMPA2_TGCTCACCCACAGCCCGACG,IMPA2,1786,542,545
IMPA2_TGGATTTGCTGTTCGACAAG,IMPA2,1954,855,669
IMPA2_GCGCCTTCTGCAATGGCCAG,IMPA2,236,72,228
IMPA2_GGAGCGGCTGCTGCATGCCA,IMPA2,943,27,36
IMPACT_CAGCCATTTATGGCGAGGAG,IMPACT,79,101,108
IMPACT_GATATCAGTGAAACTCGGAC,IMPACT,32,34,119
IMPAD1_TAGCATCAGAATGAACCACC,IMPAD1,279,122,261
IMPAD1_GGTTCAGACGGCATTGAAGG,IMPAD1,758,136,217
IMPAD1_TGACCCACTTGATGCTACAC,IMPAD1,1621,452,280
IMPAD1_TCCTCCACGAGAAGTCCAAG,IMPAD1,376,190,272
IMPAD1_CCGCTTCAGCCTCTTCGGCC,IMPAD1,898,791,438
IMPAD1_CCAAGAAGCCCGAGTAGAGG,IMPAD1,1172,257,192
IMPDH1_CTTCCACCCTCCACGCAGCG,IMPDH1,2674,1632,1757
IMPDH1_TTCTCACAGGACTCGTCCCA,IMPDH1,595,86,330
IMPDH1_TGCCCGCAGAAGTTTGAACA,IMPDH1,2133,797,627
IMPDH1_CCAGATGGATCGCCTTCGCA,IMPDH1,1084,302,194
IMPDH1_GGAGTTGGAGCCACCTGAAC,IMPDH1,902,193,310
IMPDH1_GCAACACCCGGGACACGAGA,IMPDH1,788,171,241
IMPDH2_TAGGCTGGACTTGCTCGCCC,IMPDH2,638,10,21
IMPDH2_TCCCAATCACAGACACAGGC,IMPDH2,1760,313,190
IMPDH2_CTTTCCGAACTTCATTGGCC,IMPDH2,605,153,219
IMPDH2_GGCTGGGATGGCCATAGCAA,IMPDH2,1367,235,218
IMPDH2_TCCTGATCATACTCACCACC,IMPDH2,276,97,599
IMPDH2_CAGCTCTTCAACTGCGGAGA,IMPDH2,519,49,167
IMPG1_CAAACCAGGATATGACAGCC,IMPG1,190,142,316
IMPG1_AGTGCCGTATAACCTCACCA,IMPG1,221,263,129
IMPG1_GACAGCCGATCAAGTGCAGG,IMPG1,581,147,408
IMPG1_TGGGTGTCAGGACCAAAGGC,IMPG1,800,264,568
IMPG1_GGATCGCATCCCTGACACAG,IMPG1,739,704,307
IMPG1_CTGGATCGCATCCCTGACAC,IMPG1,901,161,712
IMPG2_TCAAGCCACGGCTTGGACAG,IMPG2,372,143,327
IMPG2_GAGGCCCATCTTCGAGGGAA,IMPG2,554,181,207
IMPG2_AAACCATGGCCTTGTGGAAC,IMPG2,2592,432,807
IMPG2_ACACGAATTTCCTTGTAGCC,IMPG2,790,239,404
IMPG2_GAAGTATCACCAACAGGAAC,IMPG2,1199,215,300
IMPG2_GGTCTGTTGATTCTTCAGGC,IMPG2,50,116,221
INA_CGAGCTGGCCTTCGTACGCC,INA,1120,428,530
INA_ACGCCAGGTGCACGACGAGG,INA,1902,338,463
INA_TCGAGATCGAGGGCCTGCGC,INA,1284,132,172
INA_AGTCCTGGTATTCCCGAAGG,INA,147,87,56
INA_GCAAGTCCTGGTATTCCCGA,INA,797,61,0
INA_AGGTAACTTGGATTGGGAAG,INA,592,127,303
INADL_TAACGCTCCTTCATTAGGGC,INADL,453,141,196
INADL_CTTTGAGACTGATTGTGGCC,INADL,439,278,334
INADL_TGAGCTCAACCTCTTCAACA,INADL,1734,1122,1646
INADL_CCTTGCTGGCTACAGTAGGC,INADL,465,158,140
INADL_ATTACGAAATGCAGGGCAGG,INADL,109,98,151
INADL_CTTCATAATCAGGACCCAAC,INADL,1197,308,341
INCA1_TCAGCACTGTCACAGCCAGA,INCA1,981,149,98
INCA1_ACAGACTGAAGAAGGCCCAG,INCA1,666,89,46
INCA1_CAGGAGGATACAGACCAAGC,INCA1,1070,244,127
INCA1_GAGGGTCTGTCTTACCAGCA,INCA1,165,191,128
INCA1_AGAAGACATCTCCATAACGC,INCA1,2073,177,222
INCA1_GGAGGACTCACTTGGCAAAG,INCA1,1844,327,412
INCENP_TCTGGTCACATAGCTCCAGC,INCENP,394,55,53
INCENP_AGAACCGACGGAAGAAGAGA,INCENP,397,97,50
INCENP_AGAGTCCGTGCGAGAGCCCG,INCENP,506,92,208
INCENP_TGTCTTCACAGAGGCCAAGA,INCENP,833,28,76
INCENP_CCTGGAGAATCTGCGGCGGA,INCENP,106,0,28
INCENP_GCGTGAGGAACGCCTCCGCA,INCENP,510,94,123
INF2_CGGAGATACGTGCAACGCCG,INF2,1157,302,417
INF2_CGCCCTGGACCACTACAAGG,INF2,1345,569,785
INF2_CGGCGTTGATCACGCTAAGC,INF2,1025,451,411
INF2_CGACATGAGCAGCCACCAGG,INF2,2202,960,804
INF2_CCTGGAGAGCCTCGTGAACC,INF2,1327,341,354
INF2_CAACCTAGACCAGAGCCAGA,INF2,380,224,80
ING1_CATGTTGAGTCCTGCCAACG,ING1,1493,949,548
ING1_GAGATCGACGCGAAATACCA,ING1,627,57,54
ING1_TCAGCGACCAATCGTTCCGC,ING1,2449,440,269
ING1_CACGTTTCCACGGCCACGCG,ING1,959,810,450
ING1_CTTCAGTCGCGAGACAGACG,ING1,1120,113,404
ING1_TGGTACTGTCCCAAGTGCCG,ING1,750,200,379
ING2_CGTGTCTGTGCTGCGAGAGC,ING2,1195,510,388
ING3_GAGAAAGCTGGATCAGGAAC,ING3,1432,28,28
ING3_AGAGGCATCTGACGTAAGGG,ING3,633,103,75
ING3_CCAATGTTATAGGATCCCAG,ING3,593,100,103
ING3_TGAGTCGGCTGCTGATGAAC,ING3,1093,77,150
ING3_GGATTGACAGAGGCACCAAA,ING3,1857,94,40
ING4_TTCCGTTCTTGGGAGCAGCG,ING4,1384,785,665
ING4_CACCTATTGCCTTTGTCACC,ING4,193,218,188
ING4_CTCCCTCTTCCCTAGAAGGC,ING4,1447,242,701
ING4_GGACAAACACATTCGGCGGC,ING4,1301,479,504
ING4_CAAGGAATTTGGTGACGACA,ING4,1249,475,694
ING4_GGACCTAGACCAAAGAACAG,ING4,602,220,408
ING5_CTTCCAGCTGATGCGAGAGC,ING5,971,232,173
ING5_TGATGCGAGAGCTGGACCAG,ING5,1278,208,241
ING5_GCTGTCTCCAGACCAGCGCG,ING5,110,135,125
ING5_TTGAAAGCTCCGGAGGGCGA,ING5,720,301,292
ING5_TGATGTGCTGGACATGCCCG,ING5,698,381,362
ING5_GACCTTACCACGAAACCCAA,ING5,769,147,230
INHA_ACCTTCCCTGGTCACCGCGG,INHA,1063,111,299
INHA_CACCTTCCCTGGTCACCGCG,INHA,940,200,163
INHA_GGGCTCTGAGCCCGAGGAAG,INHA,275,179,161
INHA_CGGCTGCGTGTATGCTGGGA,INHA,382,490,323
INHA_GCTGTGGTTCCACACCGGGC,INHA,219,1,128
INHA_CAGTGCCAGCAGGCCTAGCA,INHA,848,397,408
INHBA_CTTTCCTCATGCTGCAGGCC,INHBA,1064,137,194
INHBA_CGTCCAGGGAGCTCTTGCCC,INHBA,861,424,283
INHBA_GCAGGGCAGCTTGGACACAG,INHBA,3198,698,737
INHBA_CGCAGGGCAGCTTGGACACA,INHBA,2747,2329,2008
INHBA_GAGACCCGATGTCACCCAGC,INHBA,0,6,43
INHBA_CGACTGTCCGTCCTGTGCGC,INHBA,1926,535,592
INHBB_GACACCTGTACGTCGTGCGG,INHBB,0,118,1
INHBB_GGACGGCGACTTCCTGGAGG,INHBB,1705,239,161
INHBB_GACCATGGCGGCCTTAGGCA,INHBB,148,209,244
INHBB_ATCCAGGCCTTGTTTGAGCG,INHBB,1446,160,593
INHBB_CCGCATTCGCAAGCGAGGCC,INHBB,706,329,438
INHBB_AGCAGGAGTTCACCGTGCCG,INHBB,606,36,0
INHBC_CTGACCGCCAGCTCTGGGAG,INHBC,2446,662,991
INHBC_GGCGGTTCAGTGTTGGGCGC,INHBC,613,42,45
INHBC_GGCACTTCTAGAGGACAACA,INHBC,74,132,141
INHBC_AGGTCCAAGTGGTATTGGAA,INHBC,841,283,462
INHBC_TATTATGTGGACCCAGCACA,INHBC,343,135,110
INHBC_CGACGAGGCATCGACTGCCA,INHBC,664,397,483
INHBE_TGGGCACTGGTGCGAGCACA,INHBE,1521,126,50
INHBE_CCCTCCGGAGACTACAGCCA,INHBE,1887,275,433
INHBE_AGCTTTGCTACTGTCACAGG,INHBE,704,305,189
INHBE_ACAGGCGGGCATGGTACAGG,INHBE,176,18,28
INHBE_TGAGCACCACATCACCAACC,INHBE,3146,585,613
INHBE_GACTGGATACTGCAGCCCGA,INHBE,214,42,90
INMT_TAGCCAAGTAGTCCCTGGGC,INMT,442,58,165
INMT_CTCCACAAGACCTTCGGCCC,INMT,1727,227,688
INMT_CCGACTTTACCGACCGCAAC,INMT,3170,498,944
INMT_CTTTACCGACCGCAACCGGG,INMT,1160,291,207
INMT_GCGTGACAGTGGTCACCAGG,INMT,274,100,57
INMT_CGGGAGCCGAAGCGTGACAG,INMT,1817,676,784
INO80_GCAGCAAACAAGTCTGGCAC,INO80,339,246,202
INO80_AATCGATATAGGTGGAGGAG,INO80,545,35,38
INO80_GCACCGCAAGAGAGCAGAGA,INO80,1537,120,241
INO80_TTCGGCTATTGGTGAGAAAC,INO80,944,417,528
INO80_CTGGTGGTGATGGCGACGAG,INO80,1843,420,212
INO80_AAGGGTCATATGTGGAGAGC,INO80,182,58,66
INO80B_ATGAGTAAGCTGTGGCGGCG,INO80B,1056,190,332
INO80B_TTGAGCCTGGCGGGTGCCCA,INO80B,149,7,21
INO80B_TCTTGTGCACTCCATGGCCA,INO80B,1243,327,319
INO80B_ACCTTCACTGTGATCCCAGA,INO80B,447,28,121
INO80B_CCTCCTGATAGGTCCCGAAG,INO80B,859,162,104
INO80B_AGCAAGCGTAGCGGCGCGGA,INO80B,36,0,0
INO80C_TTAGGATCGTTCAGTTGCCA,INO80C,517,114,23
INO80C_CTTCTGAAAGGGCATTGCCG,INO80C,603,147,94
INO80C_TTCAAGCACTCTGGCCACGG,INO80C,1600,281,324
INO80C_GGTCCTGTGCTAAACTCAGA,INO80C,105,21,7
INO80C_CCACAATGGCAGCAGCGGCG,INO80C,625,116,182
INO80C_GACTATTCCGGGAGTGGAAG,INO80C,248,168,280
INO80D_TGACTTGGAATTGAACCAGG,INO80D,792,207,237
INO80D_TTGGCATGTTCTTCACACAG,INO80D,2797,958,1443
INO80D_AAGCCGGACCAAGCTGAGGG,INO80D,271,94,99
INO80D_GAGCTGCATGCAGTCGAACC,INO80D,1088,367,299
INO80D_CTGGTCTGAAGAGAGCGGAG,INO80D,1784,230,93
INO80D_CTTGAAGATGCCCAACGGAC,INO80D,2086,491,310
INO80E_TAGTCCACTTCGCCGTCCGC,INO80E,451,48,85
INO80E_ACTTCTGCAGTACGAGAACG,INO80E,3147,1069,1990
INO80E_TCAGATAACAGCGAGACGGA,INO80E,563,95,270
INO80E_AAACCCTGTTGAAGGAGGCA,INO80E,313,354,689
INO80E_CTTCTCTCTGGTATAGGAAC,INO80E,911,451,241
INO80E_TGAGGCCCAAGCGGGAGAAA,INO80E,1730,452,614
INPP1_TTCGATCAGCAGCTGGAAGA,INPP1,1329,286,743
INPP1_CTTCGATCAGCAGCTGGAAG,INPP1,1004,718,805
INPP1_AACATCCTGATGAACAACCC,INPP1,545,202,181
INPP1_GGTGTCTATGACATACAGAC,INPP1,166,153,117
INPP1_GGTGGATCGGTGGGCCAACA,INPP1,158,217,222
INPP1_GATCGGTGGGCCAACAAGGG,INPP1,594,78,105
INPP4A_TTGCACGGGCCCTGGCACCA,INPP4A,1098,120,81
INPP4A_TCGTCCAGAATGCCTGAGGA,INPP4A,824,525,301
INPP4A_TCAAAGATCTGCTCCAGGAC,INPP4A,3495,702,812
INPP4A_TGTCCACAGACCGGGTCACA,INPP4A,120,117,134
INPP4A_TCCGTCAAGCTCTCATCGAC,INPP4A,1395,348,398
INPP4A_AGGAGCTTCACGAACTGCCG,INPP4A,56,172,46
INPP4B_ACCTCTTGGGTGAGAGGGAA,INPP4B,613,71,81
INPP4B_GCACTCTACACTGCAAGGCC,INPP4B,397,186,224
INPP4B_GGTATGTGAATGTACAGCCC,INPP4B,316,14,42
INPP4B_TGTGCTGTTACAGGGAACAA,INPP4B,1216,364,177
INPP4B_CTTGTCAGACTCTGCTCCAC,INPP4B,595,139,48
INPP4B_AGCCCAGGCCAATGATCCCG,INPP4B,1382,1278,620
INPP5A_GAACTTGTCCACGTGGGACA,INPP5A,226,21,62
INPP5A_GGAGAAGGAGAAGTTTCCGC,INPP5A,0,44,93
INPP5A_AAGGCTTCATCCGGACGAGG,INPP5A,264,31,147
INPP5A_CGGATTCCCGAGTACACGGA,INPP5A,1624,248,133
INPP5A_ACTCTTCGACTACTTCAACC,INPP5A,692,222,121
INPP5B_TGGTTTGAGACCAAATGGGA,INPP5B,186,270,37
INPP5B_CTGGAGATGCCAACGCCGCG,INPP5B,1447,560,645
INPP5B_CTCAGATGTGACCGTCCAGC,INPP5B,527,199,324
INPP5B_TCTTCCTCTATACGCACCGG,INPP5B,551,58,89
INPP5B_GGTAGCGCACGAGTCCCAGG,INPP5B,178,0,108
INPP5B_TGTGGCAATCCAGGAGACGC,INPP5B,1052,98,268
INPP5D_CATCACCCGCTCCAAGGCGG,INPP5D,11,25,0
INPP5D_TTCTGTCCTCAGGCATCCGA,INPP5D,447,246,83
INPP5D_TTTAAGCACTCAGCTCGCCC,INPP5D,591,116,379
INPP5D_GGCGTGCAGATGCTGAGAAC,INPP5D,1258,403,380
INPP5D_ACTTTCCCTATCCCAGGAAC,INPP5D,551,315,228
INPP5D_TTGATGGGATTGGCCTCACC,INPP5D,523,71,66
INPP5E_AGCGGCTGCTGGACTACACC,INPP5E,844,298,240
INPP5E_CAAGCAACTTACAGGTGAAG,INPP5E,1217,391,365
INPP5E_GCGACATGTAGAGCACGCCG,INPP5E,22,34,111
INPP5E_GGAACTCGTCCAGGCTGGGC,INPP5E,47,36,25
INPP5E_TGGCCCGCTACTTCCCAGAC,INPP5E,2570,757,465
INPP5E_GCAGCAAGGACGTCCGCAGC,INPP5E,1164,318,399
INPP5F_GACCACTACATCCTGCAGCA,INPP5F,558,294,334
INPP5F_CACTCACAGCTCGTAGAGCA,INPP5F,632,257,211
INPP5F_CGCCGAAGTAGGCACAGAGC,INPP5F,2508,884,451
INPP5F_GGAATGCGCTATAAACGAAG,INPP5F,486,108,126
INPP5F_CGTTTGACTTCCATGAGCAC,INPP5F,1338,385,491
INPP5F_GAGAGTGGTCATGGAACAGC,INPP5F,1164,151,242
INPP5J_TCCAACTCAGGAACAGGCCC,INPP5J,665,46,54
INPP5J_TGTCACATCCCTCCTCCACC,INPP5J,1135,257,414
INPP5J_CACTCCACTGGTCCGTGAAG,INPP5J,2472,292,421
INPP5J_CAGACCGACTGCACGCGCAC,INPP5J,1216,577,624
INPP5J_CTCCAGCAGTTCCAAGGGCC,INPP5J,235,193,492
INPP5J_AAAGCCCTTCAGAATGGGCC,INPP5J,617,232,86
INPP5K_CTGCTCCGGGAGTTCCAGGA,INPP5K,902,118,176
INPP5K_TTCCAACAATTACCAGCGGC,INPP5K,444,174,282
INPP5K_CCAGTACCCAAACAGGCCAG,INPP5K,1313,115,55
INPP5K_CATTAAAGGCAGCATCGGAA,INPP5K,941,202,213
INPP5K_ACACGTCGTGACTTGGAACG,INPP5K,3027,366,324
INPP5K_CGGAAGCTGAGCGGGCCGAA,INPP5K,1131,113,572
INPPL1_TCACAGGACGCAGAGCGCGA,INPPL1,1515,313,658
INPPL1_CTGTACGCCCAGCCCAACCA,INPPL1,3736,1547,1710
INPPL1_TGCTGGTGGAGCCAGAGCGC,INPPL1,817,289,546
INPPL1_TTTCAGGTAGTCGTGCGAGA,INPPL1,1114,484,429
INPPL1_GGACAAGGTCCTGTCAGGCC,INPPL1,607,219,94
INPPL1_CGTGTGGATGGCTGCGGAGC,INPPL1,2044,575,575
INS_CATCTGCTCCCTCTACCAGC,INS,368,0,50
INS_TCTACACACCCAAGACCCGC,INS,1188,147,179
INS_GAGGCGCATCCACAGGGCCA,INS,341,144,118
INSC_AATGGAGAGGCGGCCAGCGA,INSC,932,23,63
INSC_GGACTTACCGCTGACCCGGC,INSC,215,122,95
INSC_CAGGCTACACCTGATGCAGG,INSC,974,126,58
INSC_GCTCAGGGTCTCACTCACGC,INSC,837,479,496
INSC_CTTGGCTATGATGCGGCACA,INSC,414,287,366
INSC_ACTCTTCAAGGTTTGCCGGC,INSC,1062,79,209
INSIG1_GCACGAGGCTCCTCTGCAAC,INSIG1,1297,231,378
INSIG1_ACCAGCTGCTGTCCCGCAGC,INSIG1,308,69,12
INSIG1_TGCTATGCAGCGCATGACAC,INSIG1,567,155,753
INSIG1_CTGCTAAAGTCAAGGACAGC,INSIG1,645,147,291
INSIG1_TTTCTCAGGAGGCGTCACGG,INSIG1,439,291,560
INSIG1_CCTCACAGAAGGGTATCAGC,INSIG1,119,152,37
INSIG2_ACCTATGAAACCATGGCAGA,INSIG2,769,220,147
INSIG2_ATGCTTGCAATCACATCAGG,INSIG2,438,69,133
INSIG2_CCTGAAGCCGTGCCACAGCA,INSIG2,964,874,759
INSIG2_TGCTACACACCGCATTACAC,INSIG2,1629,762,924
INSIG2_CAGAGTAAAGGATACAGCAC,INSIG2,1206,397,227
INSL3_GAGGAATCAGTAGGGACAGA,INSL3,58,20,591
INSL3_AGTAATCTCACGCTGGGACC,INSL3,202,348,230
INSL3_GGCCGACAGTAATCTCACGC,INSL3,1355,420,400
INSL3_TCCTGGCTTCGGTGGACCAG,INSL3,819,451,479
INSL3_CTGGCTTCGGTGGACCAGCG,INSL3,36,19,3
INSL3_CCAACGCGAACACCAGGGCA,INSL3,1302,1072,484
INSL4_CTGGCAGATAGGACCGGAAC,INSL4,3211,1205,639
INSL4_AGATTGCTGGCAGATAGGAC,INSL4,1755,673,682
INSL5_CTGAGGCATCCACCTTCGGA,INSL5,907,226,177
INSL5_CTCTTCCATACAGCTGAGAC,INSL5,1396,323,386
INSL5_CTTGCTCCGCACTTCTGAGA,INSL5,792,135,286
INSL5_CATCTCAGAAGTGCGGAGCA,INSL5,4,132,44
INSL6_GATTGCACAGGCCTCGGAGA,INSL6,520,88,74
INSL6_TTTCTCACGGTTGATTGCAC,INSL6,160,87,107
INSL6_TTTCCTCCTCGAAACGGAAC,INSL6,17,161,54
INSL6_GAGCCAGTTCCGTTTCGAGG,INSL6,352,247,110
INSM1_TGGGACTGTAGAGCGGCGCG,INSM1,1029,620,500
INSM1_GCCTTGACTGCCTTGGCGGG,INSM1,354,29,149
INSM1_TGCGTAGGTAGGCCTGGCGG,INSM1,2402,208,262
INSM1_CTCCGCACACTGGGCACAGG,INSM1,1611,327,279
INSM1_GCGAACGACTCTCCGCACAC,INSM1,3125,763,1121
INSM2_GACTCTGAAGGGCGGCCGAG,INSM2,335,225,196
INSM2_CCGCCCTTCAGAGTCTGAAG,INSM2,1181,110,266
INSM2_CCACAGTCTCCTCCGCCGAC,INSM2,2069,382,853
INSM2_TCCGCACAATGGGCAAGCGA,INSM2,1581,443,748
INSR_GGTCCGGCGTTCATCCGAAA,INSR,1058,341,443
INSR_AAGAGGTCTCGGAAGTCGGG,INSR,569,0,40
INSR_CAGACGTAACTTCCGGAAGA,INSR,1548,570,620
INSR_GAGGATGCACCGTCATCAAC,INSR,492,167,47
INSR_ACAAATGCAAGAACTCGCGG,INSR,1271,89,368
INSR_AACCTGATGAACATCACCCG,INSR,2083,284,271
INSRR_GGCGAAGTAGATCTTGCCCA,INSRR,199,187,86
INSRR_CTTCCCATCCCTAGACAACC,INSRR,1375,361,179
INSRR_CCACAAGATCCTGTGCCGCC,INSRR,736,356,169
INSRR_CTATTACGGGTGAAGCCAGA,INSRR,313,321,263
INSRR_CCAGTGCATAGCCCAGGAAG,INSRR,2438,490,648
INSRR_CCTCTCCTTGGGATTTGGCC,INSRR,757,94,23
INTS1_GACGGAGTTGCTGATCGCGG,INTS1,883,21,281
INTS1_CCTCGTAGGCGGCCATGAGG,INTS1,48,7,0
INTS1_GCTGCTGGATGAGATCGAGG,INTS1,877,34,53
INTS1_GCATCCCGCTTGCGCTCAGA,INTS1,509,89,92
INTS1_CGCACCTGAGGGTTTGGCCG,INTS1,1218,56,242
INTS1_CGCATGTGGTCCGGTCCAGG,INTS1,525,76,79
INTS10_CGCTCGGGTCATGTCTGCCC,INTS10,781,66,329
INTS10_ACGAGCGATGCTGGATGAGC,INTS10,572,79,97
INTS10_CCATCGAGCGGAATGCAGAG,INTS10,1748,262,126
INTS10_TGTGAATTTCCCAGACCAGC,INTS10,661,55,19
INTS10_TTTGAGGCGCTTCCCTGAAA,INTS10,2237,417,437
INTS10_AACCAACCTTGGAAGAGAGA,INTS10,179,28,31
INTS12_AGCAGCCAACTAAGTGGGAA,INTS12,352,325,494
INTS12_GCCAGACCAGTCAAACCCAC,INTS12,884,112,73
INTS12_ACCAATGGATCTTTGACAGC,INTS12,1300,338,225
INTS12_CACAATACCACACCAGGCGA,INTS12,2985,29,110
INTS12_TCGCTTCCTTGTCTGTCACC,INTS12,291,136,113
INTS12_CAGTTACCGTCCATCTCAAA,INTS12,829,481,259
INTS2_CACTCAGGTTGCTGGTGACA,INTS2,1391,5,12
INTS2_CGTCCTCCTGCTACGCCAGC,INTS2,1031,216,423
INTS2_GGCCCTCAAGGTCCGAGGCA,INTS2,83,149,107
INTS2_CACCAAGAGACACAAGAACC,INTS2,875,56,0
INTS2_AGCACAAGACGCAATCGACG,INTS2,872,131,96
INTS2_CACGGACAACAATGCAACAA,INTS2,1328,153,11
INTS3_CTTACCTTCTGGGCTTGGGC,INTS3,1292,0,0
INTS3_TGGCCTTACCTGAGTACGGC,INTS3,1170,236,392
INTS3_GGTGTGGTTGGTACGGGAAC,INTS3,608,0,0
INTS3_TCTGTCGCAGGGCCTGGAGC,INTS3,2051,290,268
INTS3_TTACCCGGGATGTCATGAAG,INTS3,1393,0,83
INTS3_TGAGTTCAGATATCTTGCCC,INTS3,139,0,9
INTS4_GGGTGGTGAGATGTCACCAC,INTS4,23,0,34
INTS4_CTCTCCCACACCGCTTGGAC,INTS4,2873,153,194
INTS4_ATAGCTGCTGTTCTGACACG,INTS4,1574,19,5
INTS4_TGCCAGGAAGCCTGTCGAGG,INTS4,1076,0,0
INTS4_CGACAGGCTTCCTGGCAAAC,INTS4,2512,2293,2740
INTS4_TGGCGGCGCACCTTAAGAAG,INTS4,2655,241,341
INTS5_ACCGTCCACTCTCCTTCGAC,INTS5,479,240,144
INTS5_GCCTCCGGTTAGTGTCCAAC,INTS5,278,21,16
INTS5_TACAGCCTCCCTTCACGGCC,INTS5,759,75,21
INTS5_GGTTCCGTTCCTACTGCAGC,INTS5,74,0,0
INTS5_CTCTAACTACCTGAGAGGCG,INTS5,926,37,0
INTS5_TCTAACTACCTGAGAGGCGC,INTS5,335,10,59
INTS6_CTGTACAGACTGTGAACCAA,INTS6,2274,0,2
INTS6_CCTGGACACGGCCAAAGGCG,INTS6,293,0,0
INTS6_ACCTACCTGGACACGGCCAA,INTS6,466,0,2
INTS6_CCAGGTAGGTGGTGCCCAGA,INTS6,593,15,2
INTS6_TGGTGCCCAGATGGCTGCGC,INTS6,731,56,6
INTS7_ATTGTTGTGGCAATTGCAGG,INTS7,323,47,0
INTS7_TGTATACCGTATTGCCAGAC,INTS7,1354,19,12
INTS7_TGTATGGTGAAGTTGGCCAA,INTS7,869,28,16
INTS7_TTTAAAGTGGCCTGAGCACC,INTS7,450,48,62
INTS7_TGGTCCCTGATAGTGTGGAA,INTS7,1682,102,116
INTS7_AGATGCCGGCTATGGCGAAC,INTS7,873,157,56
INTS8_TTTCTCTTGTTATCAGGCGG,INTS8,153,9,66
INTS8_GGCAGTGGTCGGAGGTAAAG,INTS8,348,0,3
INTS8_GGCGCAGCATACTTCCAGCA,INTS8,1808,0,0
INTS8_TTAGGACTGACTGTCGGAAC,INTS8,1637,33,2
INTS8_CATACACACGAAGCTGGGAC,INTS8,690,91,72
INTS8_CTTCACTATTACCTCCAGGC,INTS8,853,13,0
INTS9_TGATCCAGTTGGAGCTCCCA,INTS9,731,0,23
INTS9_ATGCAGTGGAAGTCTCAACC,INTS9,2118,104,61
INTS9_CAGGCTTCTCATGGAAGAGC,INTS9,567,0,0
INTS9_AACCCACCGTCCAGATCGGC,INTS9,357,12,15
INTS9_GCCGGAATTCTGTTTACCAG,INTS9,904,0,38
INTS9_CATTATGTTGGACTGCGGAC,INTS9,241,0,8
INTU_AGCTATTGCATTCCTGACGA,INTU,433,518,254
INTU_TTCATCAGACCAAGTGGAGC,INTU,785,222,214
INTU_ACCTCAACTTACTCTTCAGC,INTU,194,77,0
INTU_ATGTTCCTTAGACGAGGAAG,INTU,784,156,257
INTU_AGCATCGTACTGCTGAGCAC,INTU,131,84,255
INTU_TGTCATAGTAATCCTCGGAC,INTU,1150,112,404
INVS_CTCCATTAACGGCAGCAGCA,INVS,2868,1048,1092
INVS_TACTTACACGCAGAGCAAAC,INVS,1581,549,443
INVS_CTGAACTGGCAAGACTACGA,INVS,1651,462,539
INVS_ACATCCTTTATGTGGGCAGC,INVS,370,177,119
INVS_ATAACTTCACGGTGCTGACA,INVS,561,146,111
INVS_ATATGCTGCACACTGCAAAG,INVS,1252,485,702
IP6K1_CAGAGGCTACGTGTTTGGCC,IP6K1,989,116,103
IP6K1_GCACCACGTTCTCAAGCAGG,IP6K1,436,14,119
IP6K1_TGTGACAACGCAGGCTCCAG,IP6K1,494,268,131
IP6K1_GGAGGCAAAGAGTCCGAAGG,IP6K1,574,288,142
IP6K1_CTCGGCGCAAACACTCCCGC,IP6K1,279,255,282
IP6K1_ACTCCTTCATTTCGGGAGGG,IP6K1,705,131,191
IP6K2_AAGATGGGCACACGACAACA,IP6K2,1203,796,645
IP6K2_GGTGACATTTCATGCTCCAA,IP6K2,33,0,3
IP6K2_AAGCGCACAGATACCACACC,IP6K2,511,100,337
IP6K2_AGGGATGGCCAGCTAACAAG,IP6K2,1232,77,655
IP6K2_ACAGAAGACGTACTGGCCGC,IP6K2,1350,39,76
IP6K2_TCAGTAAGCTGGCCTCAGGG,IP6K2,479,27,98
IP6K3_TCAACCTTGGTGAGACCACC,IP6K3,677,123,49
IP6K3_GCAGATGCGCACACCCAGGC,IP6K3,335,230,430
IP6K3_GGTGTCTTCCACCAGCGAGA,IP6K3,253,53,29
IP6K3_GGCATGCGGCCACTGGGCAA,IP6K3,1582,42,121
IP6K3_ACCTCTGCTCCCGGGAGACG,IP6K3,558,241,938
IP6K3_CCTCTGCTCCCGGGAGACGA,IP6K3,370,35,108
IPCEF1_GCTTCGGGTCATCCAGCAAC,IPCEF1,1922,100,373
IPCEF1_ATACGACGTTCCACTCAGGC,IPCEF1,761,5,103
IPCEF1_CCATCAGGAATCCACTACAA,IPCEF1,3124,1916,1063
IPCEF1_GCCATGCTGACTGCCAAGGG,IPCEF1,1745,252,240
IPCEF1_CTCCTGGGCTTCTGACGCAA,IPCEF1,1103,750,889
IPCEF1_TTCCCTTGCGTCAGAAGCCC,IPCEF1,1010,192,194
IPMK_GCACGCAGCCGTTGAGGAAG,IPMK,1219,307,501
IPO11_TGCTTCAACTGCTCCTCAGC,IPO11,240,71,145
IPO11_GATTGGATTGTCCCAGACAG,IPO11,818,0,0
IPO11_CAAATCACCCTGCGTCGCAA,IPO11,805,261,46
IPO11_TCACTCTGCTTCCAAAGGAG,IPO11,1147,24,158
IPO11_TCAGTTGAATAACTGGGAGC,IPO11,789,26,27
IPO11_ATGACGGAAGATCCTGAAAC,IPO11,1444,333,318
IPO13_GGGAGCAAAGATGGAGCGGC,IPO13,241,9,0
IPO13_ACCCAGCTGTGTGCGTCAGA,IPO13,740,80,17
IPO13_ACTCCTGAAACTCATCCCGC,IPO13,529,9,0
IPO13_CATTGACAGGATAGTGGCCA,IPO13,344,217,254
IPO13_ATCCTTTGAGGCAGAGAAGC,IPO13,689,54,15
IPO13_CAGCAACCTCTATGACAAGC,IPO13,2339,570,447
IPO4_GGTAGCTAGAAATGTGGCCC,IPO4,203,7,10
IPO4_GGCACCAACATCCGAGCGAG,IPO4,366,30,0
IPO4_GAATGAGACTCTTGGTGAGG,IPO4,570,0,48
IPO4_GACTGAACACCCGCTGGCGA,IPO4,794,58,90
IPO4_GCAGAGAGCCGGCAAAGCGG,IPO4,164,13,21
IPO4_TACGCCTGCTCCGTACCCGA,IPO4,405,87,101
IPO5_GAACTGTTGCTGCTCCGCCG,IPO5,1167,196,43
IPO5_TTGTGATATTGCGGCAGAAC,IPO5,1617,715,996
IPO5_GGCAATAACCAGTGGCCCGA,IPO5,0,25,0
IPO5_CGATCACTTCAAGGGCAAGC,IPO5,1027,282,88
IPO5_CGAGAGTGCTCTAGATCGAA,IPO5,1525,455,582
IPO5_TCCGTTAATAGCCCAAGACA,IPO5,1872,92,83
IPO7_TGACCGAGTCCGCGCTGCGA,IPO7,1239,211,433
IPO7_GCGTCCTTACTTCATTGAGC,IPO7,1350,0,14
IPO7_ATGATCGACCTGAGTTACCA,IPO7,572,25,23
IPO7_ACTCCTTGGAAACATTGCCA,IPO7,113,97,79
IPO8_GGGTGGTTCATTCTATAACC,IPO8,514,279,396
IPO8_CTATGCAGTGGGCATTCAGC,IPO8,630,62,198
IPO8_TGAGGATGATAGACCAGAAC,IPO8,1119,263,296
IPO8_CCAGATCGAGAACCTCCACC,IPO8,1741,567,263
IPO8_TGTGGAATTCCCAGTACGAC,IPO8,101,320,403
IPO8_CCGAAGACCCTCTCCTCACC,IPO8,2693,88,286
IPO9_AAGGTGCTGGAGGTGACGGA,IPO9,338,0,4
IPO9_TGGCTTATTCTCTTCACAGC,IPO9,1425,398,152
IPO9_CAGCCATTGCCCACTGGGAC,IPO9,1100,800,702
IPO9_GGGTTCGAATACCATACACC,IPO9,354,7,0
IPO9_CGTGGTACAGCAGTTCACAG,IPO9,3797,80,172
IPO9_CTGTAGTATCCTTTCACAGG,IPO9,2031,151,45
IPP_GATCACCAGTCGTTGTGAAG,IPP,436,705,359
IPP_GGAGACCAACGCTTAGAAAG,IPP,832,352,284
IPP_CACACTCCTAAGCCGCAGCG,IPP,1657,376,361
IPP_GGATATACTCGGTTGCAGGG,IPP,208,161,259
IPP_TGGATATACTCGGTTGCAGG,IPP,352,237,160
IPP_CCGATTCTAGGAATTGAAGC,IPP,680,266,423
IPPK_CCGCGTCGCCATGACTGCCA,IPPK,913,168,736
IPPK_GGCCTTCGCGCTAACGAAGG,IPPK,583,175,169
IPPK_CGCTCAACCCGGTTGTACAG,IPPK,2696,714,371
IPPK_GCTGCTGAGTGGCTCGGACA,IPPK,137,61,43
IPPK_CCTACCGCTTTGCAGAGCAC,IPPK,736,206,34
IPPK_CGGAGAGGGCAATAAGAGCC,IPPK,1077,75,215
IQCA1_CGAGTCTCTGTATAAGGAAC,IQCA1,730,229,236
IQCA1_TACCCTGACGTTGAAGAAGG,IQCA1,386,19,155
IQCA1_CCTAAAGTTGATAGAAGGCG,IQCA1,348,194,175
IQCA1_AATGCGGAGTGCAGCAGCCC,IQCA1,1085,258,322
IQCA1_GCTCAAATATTAGCGGACAG,IQCA1,818,350,365
IQCA1_TATCCTGCAGGATCTCAAGC,IQCA1,209,144,95
IQCB1_CTTAGGGTTACTCACTAAGG,IQCB1,248,224,161
IQCB1_TCTCCAAGCTTCTTCCACCA,IQCB1,2243,437,511
IQCB1_TCGCTAGGAATTTAAGCGCC,IQCB1,94,129,42
IQCB1_AGTTGATACTGCCACTCACC,IQCB1,238,18,86
IQCB1_GATTATTCTCGAATCCAGGG,IQCB1,199,80,76
IQCC_GGGACAGCCGGTATCTCCAG,IQCC,2,0,0
IQCC_TCGCGCCGGATCAGGGAAAC,IQCC,576,281,426
IQCC_GGCGTCGGACCAAGAAGCCC,IQCC,17,83,67
IQCC_CAGACTCTTCACATGGGAAG,IQCC,1177,467,767
IQCC_GGCCATCAATAGCCGTAAGG,IQCC,703,78,219
IQCC_CACTGGAGAGCTAGAACAGG,IQCC,1486,274,372
IQCD_TCTCGCTGGAGGAGCTCAGG,IQCD,224,69,89
IQCD_TGGAAACGGAAATCGAGAAC,IQCD,1219,243,116
IQCD_CAGGGTGGCCAAGATCCAGC,IQCD,100,195,103
IQCD_CCTCGTTCGCACTAAGCAGG,IQCD,314,137,163
IQCD_TCACTAGTCCCATGGAAGCG,IQCD,1857,385,761
IQCD_GGATGAGGCGATCTACAAGG,IQCD,941,488,503
IQCE_AGACAGTCAGGAGTGCCGCC,IQCE,439,328,120
IQCE_GAGAACGAAGCTCCGGCGCC,IQCE,219,49,17
IQCE_AATCTGCTTACCACAGGGCA,IQCE,465,1247,471
IQCE_CATGGAGACATACTACGAGG,IQCE,767,170,181
IQCE_ACTCCGGGACAAGCTCAGGA,IQCE,804,871,209
IQCE_ACAATGCGCCTCAGCAGCCG,IQCE,366,149,287
IQCF1_TGCGAACAGCATTGAGCACC,IQCF1,798,145,130
IQCF1_GCAACAGTGCCCGACGCACC,IQCF1,839,175,165
IQCF1_CAACAGTGCCCGACGCACCA,IQCF1,1874,1972,1395
IQCF2_CAGCTGTAAAGATCCAGGCC,IQCF2,838,430,502
IQCF2_GCCACATACGGACCAAAGAC,IQCF2,670,251,319
IQCF2_CTGTGACCACACAGTGGCCC,IQCF2,676,129,80
IQCF3_TACACAGCATTTACTGCCCA,IQCF3,796,180,199
IQCF3_CCCATATTCCGATTGCAGAA,IQCF3,2474,1200,1037
IQCF3_AGAGACGGATCCGTCAGCGG,IQCF3,197,93,100
IQCF3_GATGACGTAGACCCTCAACA,IQCF3,1034,31,308
IQCF3_GGATGACGTAGACCCTCAAC,IQCF3,444,63,86
IQCF5_AGTGGCCCTCAATAAAGACA,IQCF5,448,117,78
IQCF5_CCTCAATAAAGACACGGGAA,IQCF5,1503,409,214
IQCF5_TGTGCCAGCGCCAATAGACC,IQCF5,1830,886,668
IQCF6_GATGTCAAGCTCCAGCCGGC,IQCF6,3,52,73
IQCF6_TCATCCAGTCTCACTGGCGC,IQCF6,1290,305,374
IQCF6_GAATGTGGCAGGCCCGCAGG,IQCF6,146,128,54
IQCF6_TTCGAATGTGGCAGGCCCGC,IQCF6,377,137,69
IQCG_TATCATAGTGCCTCGCCACC,IQCG,3,30,67
IQCG_CCTTCAAGACCTGGCAAAGA,IQCG,1483,542,422
IQCG_TTAGCCAAGAACCCAGGAGA,IQCG,199,42,38
IQCG_TGTTAAACTCCACAGCGAAC,IQCG,879,568,767
IQCG_TCATGCCCGTTCAGTACGAA,IQCG,2739,1046,1252
IQCG_CCTAGTACCGTAGAAGAAGA,IQCG,296,118,170
IQCH_CGGATCCATCTTAATCCAGG,IQCH,660,241,208
IQCH_TTACAAGCAGATGCCCACAA,IQCH,2820,591,792
IQCH_GGCTGATTCCACCAACAGCA,IQCH,749,327,509
IQCH_TTCCCGAGGTATAGTGAAAG,IQCH,641,483,450
IQCH_CAAAGGTACAAGGGCCAAGA,IQCH,1356,409,332
IQCH_ATCGCATCAGGACCTCCAGG,IQCH,845,97,77
IQCJ_TTCTGTTTCTAGTCACCAGC,IQCJ,555,138,151
IQCJ_CTGTGATCATCAGTTTGCCA,IQCJ,2004,490,447
IQCJ_GACCAGCTTGCCAGACCCAC,IQCJ,716,222,188
IQCJ_GAGAGTATGTATGAACCCAG,IQCJ,533,97,130
IQCK_CTACAGACTCGTCGTTCACC,IQCK,373,189,238
IQCK_TTTCCTCTACTGGCGCAACC,IQCK,496,524,537
IQCK_CTTTCTTCGCTTGGTGAAGC,IQCK,446,260,170
IQCK_TTTAGCCGCTCCTCCACAAA,IQCK,1584,815,716
IQCK_TCTGTCAGCAGGAGCGAGAG,IQCK,1880,589,807
IQCK_TCTCAGGATCACAGCGAACC,IQCK,1912,1076,541
IQGAP1_CTCACAGCCATAGTGCGGCC,IQGAP1,473,267,390
IQGAP1_TGAAAGGAGACGTCAGAACG,IQGAP1,776,424,341
IQGAP1_AAAGCTGCAAATGTGTCGGC,IQGAP1,45,150,234
IQGAP1_TGCAGCAACAGAATAGCGAC,IQGAP1,1231,155,156
IQGAP1_CGATCTCTATCAGAAGGAGC,IQGAP1,161,139,20
IQGAP1_ATCGGTGGCCCTGATCAACA,IQGAP1,1637,269,513
IQGAP2_GCGCACTTACAGCCATAGCG,IQGAP2,3518,893,1087
IQGAP2_TTGGAAGAAGGGCTCCGGAA,IQGAP2,899,292,466
IQGAP2_ACTCCATCGCTCTTAACCAC,IQGAP2,764,259,183
IQGAP2_AGGGATAAACAGCAGGCAGC,IQGAP2,285,16,9
IQGAP2_GATCGTTGCTTTCCAAGGCC,IQGAP2,1260,660,561
IQGAP2_GATTCAGTCCTGGTTCCGAA,IQGAP2,635,152,424
IQGAP3_GCAAGAACAGCTGCATGGAC,IQGAP3,1227,533,1138
IQGAP3_TAGTCTCTTCCTCTTCCGGC,IQGAP3,159,0,93
IQGAP3_TGGATGCAGTAGACTACCCG,IQGAP3,1733,26,301
IQGAP3_TTCAGGCCCAGTATTACCGA,IQGAP3,1285,246,228
IQGAP3_CTGGAGGAGAGCCTTCGGAA,IQGAP3,1776,539,583
IQGAP3_ACGCCTCACAGCTGAGGAGA,IQGAP3,586,131,224
IQSEC1_GCTTCTCCACCTTCTGCACC,IQSEC1,3,226,267
IQSEC1_TCGGCGAGTTCCTGGGCAAC,IQSEC1,2205,693,381
IQSEC1_TCATCTCGTCCAGTTTGCGG,IQSEC1,1369,422,180
IQSEC1_GACCTCCATCCTGCGCAAGC,IQSEC1,697,577,341
IQSEC1_TGGAGCTAGAGCTTGACAGC,IQSEC1,339,243,209
IQSEC2_CCTGAACCCGGATATGGGAC,IQSEC2,361,283,318
IQSEC2_TGGAGCGGAAAGGCCTCAGC,IQSEC2,2,134,81
IQSEC2_CATGGGACCCTGAAGCACAA,IQSEC2,723,539,440
IQSEC2_CAAGCCTGCCTCGCTGGACG,IQSEC2,693,248,270
IQSEC2_GAAGGCCCACTCCAGCAGGG,IQSEC2,687,0,100
IQSEC2_TGGTACTGGCTCTCGCGGCC,IQSEC2,353,158,148
IQSEC3_GGAGAGTTCGTAATCGGAGG,IQSEC3,176,84,110
IQSEC3_CGTCGTCGATGGACTTGGCC,IQSEC3,569,617,383
IQSEC3_ATCCAGTTCCTGATCTCACG,IQSEC3,1476,362,225
IQSEC3_TGTGTGCCTGGAACTTGCGC,IQSEC3,555,383,535
IQSEC3_CCTTGGTGACGTACGTGACG,IQSEC3,3190,315,850
IQSEC3_CATCCGTCACCTCGAAGAGC,IQSEC3,1248,204,181
IQUB_GATGGAATAAATCCCTGGAG,IQUB,215,72,86
IQUB_CCGGTATATGCGGCGTGAGG,IQUB,674,266,158
IQUB_CCGCCTTTAGTCTTTGAGCA,IQUB,1778,807,902
IQUB_ACAACATGGAGTTAAGCCAC,IQUB,873,435,513
IQUB_ATTACAATTTCCTGGCCCAC,IQUB,495,169,156
IQUB_TGTACTTATTCCAGTGGGCC,IQUB,392,280,374
IRAK1_GATGTCCAGTCGCTGAGGCC,IRAK1,850,125,54
IRAK1_GCTGGCTACTGTGCTCAGAA,IRAK1,1381,255,594
IRAK1_TGCAGAACGCTGACCTGGAG,IRAK1,2197,958,596
IRAK1_CCGTGTTCCTCATCACCGCC,IRAK1,513,213,218
IRAK1_CACCTACCTTGGTAGAAGAA,IRAK1,504,365,407
IRAK1_CTGGTCGCGCACGATCAGGG,IRAK1,237,60,22
IRAK1BP1_CCACGAACACTCGGGTCGGA,IRAK1BP1,31,175,31
IRAK1BP1_GACCCGAGTGTTCGTGGAAC,IRAK1BP1,765,93,242
IRAK1BP1_AGCCCAAACTGCTACCCGCG,IRAK1BP1,1040,416,301
IRAK1BP1_AGTGTCTGCGGGCCCTGACC,IRAK1BP1,645,145,180
IRAK1BP1_TTCCTAAGGTTTGGCCAACA,IRAK1BP1,1569,539,662
IRAK2_GCGCGTCCATGTTGCGGCAC,IRAK2,730,133,220
IRAK2_TGCAGGGTGTGAGCATCACG,IRAK2,353,120,121
IRAK2_ATGGCCACCTTTCCAGGCCC,IRAK2,123,209,28
IRAK2_CCTTTGCTGACGTCTACAGA,IRAK2,311,346,78
IRAK2_GATTGATCCTGGACTTGAAC,IRAK2,400,266,248
IRAK2_TCATCCACAGCAACGTCAAG,IRAK2,1798,199,194
IRAK3_CAGAGCTCTCCGAGCAGCGC,IRAK3,242,67,53
IRAK3_GCTGTTCTGGACAGCTGCGA,IRAK3,453,210,365
IRAK3_ATTCGAATGTGCCAAGGGAG,IRAK3,661,360,215
IRAK3_CCAGAAGAGTACATCAGACA,IRAK3,4263,737,827
IRAK3_AGGCCGGTGTGCTGCAACGC,IRAK3,2361,345,700
IRAK3_CTGCTCCTGCAAGAATGCCC,IRAK3,1025,93,141
IREB2_GATAATATGGTCTCCGGCGA,IREB2,286,82,116
IREB2_TCTTGAAGAAGAACACGGGC,IREB2,640,166,60
IREB2_GATCTGTCGGACAAGCAGGA,IREB2,242,196,97
IREB2_AGAATCACAAGATCCTCGGC,IREB2,177,17,26
IREB2_AATTCGGCAGAAATCGAGAG,IREB2,679,168,322
IREB2_GCATAAGCTACCACTAAGGG,IREB2,920,187,259
IRF1_GGGCCCTGCTACGGTGCACA,IRF1,259,195,218
IRF1_AAAGTCTCCATAGACAGAGG,IRF1,221,111,199
IRF1_CTTGCTCTTAGCATCTCGGC,IRF1,834,228,163
IRF1_CCTCTAGGCCGATACAAAGC,IRF1,774,314,368
IRF1_ATGCCTGTTTGTTCCGGAGC,IRF1,907,344,476
IRF1_CTCGGATGCGCATGAGACCC,IRF1,915,208,371
IRF2_TTTCTTGATGACGCTGGCCC,IRF2,106,178,94
IRF2_CAGCGATGAAGAGAGTGCCG,IRF2,830,380,571
IRF2_TCTCAATGTTGCTGTCCAGA,IRF2,516,188,279
IRF2_TCAGAACGGCCTTCTAAGAA,IRF2,1859,497,434
IRF2_TGGATGCATGCGGCTAGACA,IRF2,1914,622,512
IRF2_CGCATGCGCATCCTTTCCAC,IRF2,1184,339,240
IRF2BP1_GAGCGGAGACAAGTGCCCGC,IRF2BP1,222,30,31
IRF2BP1_CATCGCCTTGTGGCCCGCAA,IRF2BP1,983,722,608
IRF2BP1_CTGGGCGAGCTGCTTACCGA,IRF2BP1,1346,501,440
IRF2BP1_AGTACCTCGAATATGAACGC,IRF2BP1,214,32,22
IRF2BP1_CTTCAAGAAGGATCACGGGC,IRF2BP1,594,64,303
IRF2BP1_CTGCGTGAACTTCGAGGGCG,IRF2BP1,1585,547,246
IRF2BP2_ACTTGTGCGAAGGGACGGAC,IRF2BP2,499,89,11
IRF2BP2_GCTGCACCCTCTGCCACGAG,IRF2BP2,1522,186,251
IRF2BP2_CCGCCTGAAGCGGCCCAGAA,IRF2BP2,393,75,98
IRF2BP2_TTGTTGGGTTTCGAGGCCAA,IRF2BP2,226,126,178
IRF2BP2_CACGGCAGCGCTGCTCGACA,IRF2BP2,1023,225,423
IRF2BP2_TGGAGAAGCCGTTGGGCACC,IRF2BP2,281,178,225
IRF2BPL_AGAGGTCGAAGACGACGCGG,IRF2BPL,497,19,102
IRF2BPL_CACACCGCGCGACTGCCCAA,IRF2BPL,292,34,370
IRF2BPL_CTTCGAGTACCCGCCACCGC,IRF2BPL,1842,265,373
IRF2BPL_GCTTGCTGGAACCATCAACG,IRF2BPL,1292,683,653
IRF2BPL_TTGCTGTTGCTGTTGCGCGG,IRF2BPL,1423,368,509
IRF2BPL_TTCTCGGAACCCGTATGCCG,IRF2BPL,1666,455,444
IRF3_AGGACCAGCCGTGGACCAAG,IRF3,535,113,159
IRF3_GCAGACCATCTCCTGCCCGG,IRF3,136,19,30
IRF3_GGGAGTGGGATTGTCCAAGC,IRF3,362,120,147
IRF3_TCCACCATTGGTGTCCGGAG,IRF3,568,52,102
IRF3_TGGTGCATATGTTCCCGGGA,IRF3,591,181,93
IRF3_CGTGCGGCTCTTGTTCACCC,IRF3,910,444,500
IRF4_CTGGAAGCACGCGGGCAAGC,IRF4,1888,560,527
IRF4_ACGGGTCTGAGATGTCCAGC,IRF4,522,130,263
IRF4_TTACCCTTCGCTCCCAGCCC,IRF4,869,82,76
IRF4_CGTCCCGGATCAGCCACACC,IRF4,3119,679,936
IRF4_GCACTCACCTGAGAACGCCA,IRF4,272,88,73
IRF4_AGTACAGGCAGATGTGCAGC,IRF4,296,38,277
IRF5_AGGGCTTCAATGGGTCAACG,IRF5,993,345,358
IRF5_GCCTTGTGGCATGCCTCCAG,IRF5,269,21,205
IRF5_GCCTCATCTACGACGGGCCC,IRF5,700,193,40
IRF5_AGAACACCTTGCACTGACAC,IRF5,761,24,220
IRF5_AGAGCTCATCCTGTTCCAAA,IRF5,1372,363,375
IRF5_CCTTGTTATTGCATGCCAGC,IRF5,602,291,199
IRF6_CTGCTGGACGTCATGGACAG,IRF6,3979,955,1188
IRF6_GGGTCCCATGCCTGACCAGG,IRF6,125,41,37
IRF6_TAACCTTGCAGTGACTGACC,IRF6,733,96,185
IRF6_CTGGGTTAATGATCGAGCCC,IRF6,821,136,152
IRF6_TTGTTGAGGGCTATGCCGGG,IRF6,504,237,62
IRF7_CATCTACCTGGGCTTCGGGC,IRF7,386,11,61
IRF7_CCTTGCACTTGCCCATGCGC,IRF7,1277,59,11
IRF7_TTCCCTTCCGGATGCAGGCG,IRF7,1663,358,268
IRF7_TCACCTGTCGTTAGTGCCGC,IRF7,917,177,119
IRF7_TCTCTCAGAAGGCCCAGGCA,IRF7,2097,399,437
IRF7_CGAAGTGCTTCCAGGGCACG,IRF7,2132,953,563
IRF8_CGGATCCCTTGGAAACACGC,IRF8,577,774,516
IRF8_GCGTAACCTCGTCTTCCAAG,IRF8,396,211,295
IRF8_TTCTGTAGGCAAACTAGGCG,IRF8,2391,771,891
IRF8_TGGAAGGAGCTGACTCCGAC,IRF8,441,325,490
IRF8_TTCTCCTGCAGGCGTGCCGC,IRF8,300,172,60
IRF8_CTGTTCGGGCACCTGGAGCG,IRF8,958,377,503
IRF9_AGGCCCTTTCACCTTGAAGA,IRF9,759,472,372
IRF9_ACAATTCCACAGGCCAGCCA,IRF9,1343,374,264
IRF9_GACACTGTGTCCGCAGGAGG,IRF9,462,69,24
IRF9_CTTCATCTACAACGGGCGCG,IRF9,1039,596,582
IRF9_GATATGCAACACACAAGCGC,IRF9,315,157,159
IRF9_GGTCAGGTACTTTCAGGGCC,IRF9,509,117,276
IRG1_AGCAATCCATGGCTTGAAAG,IRG1,1285,650,761
IRG1_CCGATTACTGCATTTCGCCA,IRG1,820,284,221
IRG1_ATTACTGCATTTCGCCAAGG,IRG1,1178,198,251
IRG1_CAACGTTCCTACCACGGAAG,IRG1,1605,318,164
IRG1_AGCTTGGCAAGTTGTCCGGA,IRG1,1272,471,390
IRG1_ATCAGAGCGATCTGTGAAGG,IRG1,1451,215,65
IRGC_AAACACCATCCTTATGGCCA,IRGC,497,408,576
IRGC_TACTTGTCAGCCGGGCAGCC,IRGC,604,319,322
IRGC_TGTGCGCACCAAGGTGGACG,IRGC,1183,660,589
IRGC_CGTCCAGACCAAAGCTGCGG,IRGC,1439,431,542
IRGC_CATCCCTGTGTTTGGGACGC,IRGC,576,228,247
IRGM_ATCAGTGCCCTTCGAAACAC,IRGM,1457,201,344
IRGM_CTCATGTCCTGTGTTTCGAA,IRGM,1746,535,405
IRGM_TGTCTGGACCAAGCTAGACA,IRGM,1438,674,503
IRGQ_AAGGCTGCGGCGTTGCGAGC,IRGQ,1063,377,426
IRGQ_TACGGCCTGGCGGACTCCCA,IRGQ,214,96,61
IRGQ_TCTGTGCGCACGCAGACAAG,IRGQ,313,261,311
IRGQ_CAGCTCTGCTGAACAGCGCG,IRGQ,828,113,69
IRGQ_GGAACCGTTGGCTCCAGCCC,IRGQ,598,1,59
IRGQ_ACGTTGGCTTCCGCCGCCCA,IRGQ,922,110,213
IRS1_ATCCGGAGTGACACTGCGGA,IRS1,372,133,62
IRS1_CCCAGGACCCGCATTCAAAG,IRS1,2610,776,873
IRS1_CTTCTCGGACGTGCGCAAGG,IRS1,1887,748,497
IRS1_AGAAGCCATCGCTCTCCGGA,IRS1,809,92,68
IRS2_CCACCTTGGGAGAGGACGCG,IRS2,1230,46,205
IRS2_ACTGTGGCCGCTCCTACCGC,IRS2,997,269,417
IRS2_AGCCGATGGTGCGCGCAGAC,IRS2,1377,550,692
IRS2_TGACCAGGTCGGTGAGCGCG,IRS2,1054,175,593
IRS2_CGCCGAGAACGAGCAGGAGC,IRS2,1419,303,401
IRS2_TTCTTCGTGCTGCGCGGACC,IRS2,780,50,136
IRS4_GGCTCCAGGGTTCGAGCCAC,IRS4,378,109,29
IRS4_TTGACTCCGCCTCTGCCCGC,IRS4,409,98,186
IRS4_TTTGGAGGACTCGGAGCAGG,IRS4,163,116,165
IRS4_CTCTCCCGGACCGATGACAG,IRS4,2243,676,697
IRS4_GGCCGAGAACGAGTCGGAGC,IRS4,226,19,1
IRS4_TATAGGGTGATCACGCGCCG,IRS4,270,443,134
IRX1_GGACATGTCCTTCCCGCAGC,IRX1,805,304,289
IRX1_CACTCACCATCTGCGAGAAG,IRX1,1636,748,482
IRX1_AGAACGTCGGCTGCTGCCAG,IRX1,1046,200,113
IRX1_AACAGCGCATTCCTCGCACA,IRX1,1243,412,285
IRX1_TTGTCGCGTACCGGCTGGAA,IRX1,1624,614,1033
IRX1_CCCTTAATCAGGCGGACGGG,IRX1,422,137,70
IRX2_GGCCCTTCTATAGGTAGGGC,IRX2,8,220,153
IRX2_TCGTGCTCGGCCGAGTCGGA,IRX2,745,152,70
IRX2_AGTCCCGACAAGGCGCAGGA,IRX2,1049,168,214
IRX2_CAAGGACGAGAGTCCCGACA,IRX2,715,354,485
IRX2_TACCATGTAGGACGGGAAGC,IRX2,197,374,322
IRX2_CCCACCATGTCCTACCCGCA,IRX2,2413,1366,1559
IRX3_GGTTTCTTACCGCCTGGGCA,IRX3,245,90,156
IRX3_TCGCTGTAGTGCCTTGGAAG,IRX3,3481,924,607
IRX3_GCTTGTGGCAGTCTCCGCGA,IRX3,322,51,57
IRX3_CCCGTCCCAAGAACGCCACC,IRX3,843,209,174
IRX3_GCTGCCCATCTTCCCGCAGC,IRX3,709,261,626
IRX3_TTTACCCGTCCGAGCGCCCG,IRX3,1100,206,142
IRX4_CCGCCGTCCAGGGAGTGGAA,IRX4,857,367,641
IRX4_GAGAAGCGGCCCTACGCGGA,IRX4,162,126,86
IRX4_GATGGTTCGGGATCTGCGCA,IRX4,152,17,50
IRX4_CCACGAGCTCAACTCGGCCG,IRX4,292,304,364
IRX4_CGAGTTGAGCTCGTGGCGCG,IRX4,993,146,392
IRX4_TCCAAACTGCGGGTAGGACA,IRX4,798,62,86
IRX5_ACGCGGAGCCCGAAGAAGAG,IRX5,2227,1179,603
IRX5_CACGTACGAGGAGAAGGCGG,IRX5,1301,26,47
IRX5_CGGACGCACGTTGGGCGCAA,IRX5,2310,512,814
IRX5_CTCTATCTGCATGGAGGGCC,IRX5,543,59,195
IRX5_GGGTGCTTCGGTCGTTCCGA,IRX5,110,1,13
IRX5_GCGCGGTGTAGTAGAGAGGC,IRX5,196,108,368
IRX6_CGGGTGTCCAAAGTGTGGGA,IRX6,308,310,148
IRX6_ACTGCTGGGCAGTGCGCGAC,IRX6,1426,559,212
IRX6_TGCTCCATAGATGCCCAAGG,IRX6,4398,1128,1129
IRX6_TCGCCGAAAGAACGCGACCC,IRX6,399,325,41
IRX6_CCGTGCGCTGCAGCTCGAGA,IRX6,1085,366,567
IRX6_GACTTCCTCTCGGCGGAGAC,IRX6,182,408,277
ISCA1_ACGCCACAAGCTTCGGCGCA,ISCA1,964,112,257
ISCA1_TCACCCAATGGTGGCGGCGG,ISCA1,722,74,37
ISCA1_ACTCACCCAATGGTGGCGGC,ISCA1,285,31,141
ISCA1_AACTCACCCAATGGTGGCGG,ISCA1,690,190,107
ISCA2_GCGGAGCTTGTGGAGGAAGA,ISCA2,1371,199,374
ISCA2_CCGACGACAGGCAAGGAGGA,ISCA2,780,197,260
ISCA2_TTCAGGGTATTTGAACAGGG,ISCA2,416,45,103
ISCU_GCAAGCCGGCAAGATGGCGG,ISCU,32,0,0
ISCU_CTTGTGATAGAGTCGGGCCG,ISCU,879,145,46
ISCU_GAGCAGTGCAGTTTCACGGG,ISCU,1529,0,0
ISG15_CGTCTGGCTGTCCACCCGAG,ISG15,2601,604,948
ISG15_CGCATTTGTCCACCACCAGC,ISG15,1271,240,312
ISG15_CCTCGAAGGTCAGCCAGAAC,ISG15,1092,942,938
ISG15_CAGGCGCAGATTCATGAACA,ISG15,1762,622,786
ISG20_TCACGAGGCTGCAACGAGCC,ISG20,749,1067,1117
ISG20_AGATCACCGATTACAGAACC,ISG20,1004,362,467
ISG20_GATCACCGATTACAGAACCC,ISG20,404,51,109
ISG20_CGACTTCCAGGCACTGAAAG,ISG20,3078,911,810
ISG20_CCACCGAGCTGTGTCCAAGC,ISG20,2809,974,1199
ISG20_CAGCTCGGTGGAAGATGCGA,ISG20,469,167,120
ISG20L2_GACTACCGAACCAGGTGGAG,ISG20L2,742,45,0
ISG20L2_TTGTGGACTACCGAACCAGG,ISG20L2,273,9,36
ISG20L2_ACATTGTGGACTACCGAACC,ISG20L2,1976,23,0
ISG20L2_CGGAGGCTCTTAGAACGGAG,ISG20L2,1069,86,233
ISL1_GATGTGATACACCTTGGAGC,ISL1,514,175,112
ISL1_GCCATTTGCAGTGGCCGCGC,ISL1,334,153,190
ISL1_TTCATGAGCGCATCTGGCCG,ISL1,2001,1119,1315
ISL1_TGGCTTACAGGCTAACCCAG,ISL1,1640,443,538
ISL1_GGACCGGGCTCTAATTCCAC,ISL1,488,58,95
ISL1_TGATGCTACTTCACTGCCAG,ISL1,816,265,455
ISL2_ACTCCCGCAGCCCACGCACA,ISL2,4203,675,611
ISL2_GCGACACCCGCAGGATAAAC,ISL2,1016,268,484
ISL2_TGTCCCGCGCCCTCATCACC,ISL2,778,96,345
ISL2_TTCATGAGAGCGTCGGGCCG,ISL2,1471,1252,691
ISL2_CACGGCGTTCTCATGGCGGA,ISL2,596,91,354
ISL2_AGTCCCGTGGAGACGTGAGG,ISL2,131,93,62
ISLR_GGCACACAATGAGATCCGCA,ISLR,313,128,148
ISLR_CAGAGCACGGAGGCTGCGGA,ISLR,510,110,162
ISLR_CCGCTTGCACACATTGGCCG,ISLR,1956,885,738
ISLR_TGGCACATCCAGATACCCAG,ISLR,802,277,360
ISLR_CAAAGGCCTGGAAGCGCGGC,ISLR,491,220,112
ISLR_CGAGGTGCAGCCATCAGGGC,ISLR,2981,695,64
ISLR2_AAGATCACTGTGCTGCGGCG,ISLR2,848,313,334
ISLR2_GATCACTGTGCTGCGGCGCG,ISLR2,784,271,300
ISLR2_CCCTGCGCATCAACAACAAC,ISLR2,3444,1270,1746
ISLR2_AGGCCGCAGCCGCAGTGGAA,ISLR2,1809,616,409
ISLR2_CAACTCTACGTCAATACGCG,ISLR2,1501,831,666
ISLR2_AGACCAGATCCTCGCGGACC,ISLR2,1618,293,400
ISM1_CCGCGATTCCGACAAGAGAC,ISM1,1682,493,610
ISM1_CGCGATTCCGACAAGAGACG,ISM1,2905,469,469
ISM1_ATCCGGAGAATAAGCCCAGC,ISM1,460,128,273
ISM1_AGAGGTCCCTGTCCTTGGCC,ISM1,520,67,43
ISM1_GCACGCGTAGCCACAAGACC,ISM1,712,267,417
ISM1_CGCGGAGCTCCACTACAAGG,ISM1,3252,1910,1165
ISM2_TAGATGTCCAGGCGCTCGCG,ISM2,856,358,206
ISM2_TGTCCGTAGCATTGCGGGCC,ISM2,481,192,208
ISM2_CCCAGACTATGAGCCTCAGA,ISM2,212,107,64
ISM2_ACTACAGACAACTGGGACCA,ISM2,1082,73,129
ISM2_AGAGGTTACTCCGTTGCGGC,ISM2,434,177,204
ISM2_AAGCGCCAGATTCCTCGCAC,ISM2,428,99,201
ISOC1_CGACCCTCGTCGGTGCCACA,ISOC1,1195,372,247
ISOC1_GACCCTCGTCGGTGCCACAC,ISOC1,487,106,189
ISOC1_CCCTAAAGGTCTTGGGAGCA,ISOC1,1861,814,1061
ISOC1_GCCCTGGAGCTAGTTGGCCG,ISOC1,314,187,97
ISOC1_TTCAAGCGTCTCGCTCGAAC,ISOC1,626,96,222
ISOC1_TCAAGCGTCTCGCTCGAACC,ISOC1,2883,914,1294
ISOC2_GGGAGTTCTGGCCTTGGAAG,ISOC2,675,146,250
ISOC2_CCCTTCGCTGGTGGAGAGGA,ISOC2,1295,562,479
ISOC2_CTGGCCCGCATGAGACAGAG,ISOC2,261,620,318
ISOC2_GACCCTGGACCTCCTAGACC,ISOC2,781,109,200
ISOC2_GGAGCAGTACCCACAAGGCC,ISOC2,1310,323,454
ISOC2_ACTTCTCCTGCATGTCACAC,ISOC2,653,116,227
ISPD_CTACAGGAGAGTTTAAGGCA,ISPD,2714,267,494
ISPD_GCTTCTCATATCTTACCCAC,ISPD,52,86,97
ISPD_CCAAGTCATAGTCACTACAC,ISPD,2099,504,728
ISPD_TCTAAGCAACCATCAGCAGA,ISPD,1248,401,274
ISPD_TCACAGCTGCTAAGGAACAC,ISPD,2478,366,755
ISPD_GATGAGCGGCCTCTCCAGGA,ISPD,293,80,53
IST1_TTCGACCTCATTCCTACCAA,IST1,1282,207,420
ISX_TCCTAAAGAGGCCTGCCAGG,ISX,254,2,118
ISX_TGATCAGAAGACACTTACCC,ISX,1837,375,271
ISX_TGGACCCTCTCCCATGCAGA,ISX,1085,96,172
ISX_CGTCTGGGTAGTGGGTAAAG,ISX,3935,512,551
ISX_ATCCACTGCTCTGCGCAGGC,ISX,699,292,242
ISX_TCCATCGGCTCAAGATCAGC,ISX,993,203,307
ISY1_TCCACAGATTGAGGAGGCAC,ISY1,598,187,241
ISY1_TGTTTGTAGTCGGACGAGGA,ISY1,180,306,243
ISY1_CTATGCAGTCACCGAGGAGG,ISY1,830,64,35
ISY1_AAGATTTCGCCAGGCTCAGC,ISY1,387,0,0
ISY1_GGCCTTAGCAAGATTTCGCC,ISY1,8,38,6
ISY1_CCAGGCCCGAAATGCAGAAA,ISY1,2343,456,461
ISYNA1_AGGCCCACGCACCTTGAGGC,ISYNA1,844,194,103
ISYNA1_ACAGCTGGAGCAGATCCGCA,ISYNA1,577,375,387
ISYNA1_AGCGACGAGATGTCCCAGCC,ISYNA1,1402,464,774
ISYNA1_CTACGGCTCGCTGACTCAGG,ISYNA1,1631,63,84
ISYNA1_GAAGGTGAAGCGCGTGGACG,ISYNA1,968,161,197
ISYNA1_CCAGTTCTTCGTCGAGAGCC,ISYNA1,880,343,442
ITCH_ATTGGTGGTATGTCTGACAG,ITCH,737,260,98
ITCH_CCAGATCCAAGGATGAAACA,ITCH,1784,738,872
ITCH_AGTTACTCACCCAGGTGGCA,ITCH,583,112,100
ITCH_CCATTGTTCATAGTTCCGGA,ITCH,1239,434,526
ITCH_TACTAACCTGACACCAGAAC,ITCH,1396,367,330
ITCH_CTGGATTGATGTAAGAAGCG,ITCH,314,134,180
ITFG1_TCCAGGTTGATTCACTCCAA,ITFG1,631,126,199
ITFG1_CCCTTTGGAGTGAATCAACC,ITFG1,1275,471,516
ITFG1_TTTGGCGCACAGCAACCAGC,ITFG1,571,286,583
ITFG1_GGTTGCTGTTCATCCACAAA,ITFG1,1423,195,391
ITFG1_TGCACTACTGGGAGTCGGGC,ITFG1,382,126,282
ITFG1_TGCGAGGAGCGGCGAGAAGA,ITFG1,940,1478,531
ITFG2_GGCAGATTGCGTGCGGGAAG,ITFG2,734,101,269
ITFG2_CACCTGTTCCTGCCAGGGAA,ITFG2,974,396,212
ITFG2_GGATACTAGAGCATATCCCA,ITFG2,50,36,67
ITFG2_AGCGGAAAGCTCGCACCACA,ITFG2,665,119,187
ITFG2_ATCCCATTCCCTGGTGCAGG,ITFG2,436,252,200
ITFG2_AGGAGGTAGTTGCATGCGCC,ITFG2,369,410,19
ITFG3_TCGTCATCCCGTGTCCAGAC,ITFG3,1048,381,361
ITFG3_GAAATTACCTTCGTCCACAC,ITFG3,609,267,211
ITFG3_GAGACCTGTGGCCCAAGACG,ITFG3,433,125,77
ITFG3_CTCCTTCACGTCACCAGGAC,ITFG3,1771,655,802
ITFG3_CCCGCAGGATGCTTTCCCAC,ITFG3,1255,690,312
ITFG3_GACGCCTCGCTGGACACCCA,ITFG3,34,2,0
ITGA1_TTCAATGACTTTCAGCGGCC,ITGA1,895,275,172
ITGA1_CGGAGAACCAATAAGCACCC,ITGA1,438,227,327
ITGA1_AAAGCTGTAACACTGTCCCA,ITGA1,780,47,19
ITGA1_CTCTTGGAATAGACACAGCA,ITGA1,1805,780,986
ITGA1_TAACTCCTCTTCGGGCACCC,ITGA1,446,99,201
ITGA1_TGGAACAGTTGTCATGCAGA,ITGA1,384,216,149
ITGA10_CAAGAACAGGTGAGTGACGA,ITGA10,2687,487,1009
ITGA10_ATCACCCACGCCTATTCCCA,ITGA10,521,5,44
ITGA10_CGCCTGAAGGCCCATCCCAG,ITGA10,2071,194,382
ITGA10_CCAACCAGGTGACTACCAAC,ITGA10,825,438,920
ITGA10_CCACAAGCACGAGACCAGAG,ITGA10,1939,802,697
ITGA10_TCAGACCTTCCTACGAAGAC,ITGA10,1207,504,553
ITGA11_CGACAGCCCAGACCTGGAGA,ITGA11,1490,413,277
ITGA11_GAAGTGCTGAACCTCCACCC,ITGA11,447,159,335
ITGA11_CCACACTCATGAGACCAGAG,ITGA11,3288,956,918
ITGA11_CCGCTCGGACACGTTGGACA,ITGA11,3543,361,682
ITGA11_ACCACCAGCCCACGTTACCC,ITGA11,423,58,167
ITGA11_CACTGTGTAGCCAAAGAAGG,ITGA11,907,270,412
ITGA2_CTGGTTGGTTCACCCTGGAG,ITGA2,2390,566,303
ITGA2_TCCTGGTGAGGATCAAGCCG,ITGA2,1385,489,683
ITGA2_ACCACAACATCTATGAGGGA,ITGA2,604,58,37
ITGA2_TGGCCGGTATAATTTGCCCG,ITGA2,454,96,274
ITGA2_ACCTCCCAAAGTACTGGAGA,ITGA2,345,124,201
ITGA2_CATCCAGAGTAACCTCCAGG,ITGA2,368,34,88
ITGA2B_CAAGCACCAGCTCTCCGGCC,ITGA2B,668,118,88
ITGA2B_GACAAGCGTTACTGTGAAGC,ITGA2B,554,24,10
ITGA2B_TCAGGGTGTTCCCGCGACAG,ITGA2B,2420,696,591
ITGA2B_ACATTTCGGGTCTCATCACC,ITGA2B,268,21,62
ITGA2B_CGGAGGTCAAAGAGCAGCGA,ITGA2B,2878,218,404
ITGA2B_CCCTTACGGCTCACCTCCCA,ITGA2B,857,322,226
ITGA3_GGGCGACCGAGTAGCCGAAG,ITGA3,330,153,232
ITGA3_TGCCCGATGGCTACACCAAC,ITGA3,2990,798,878
ITGA3_CCTCAATAATGTGATGGCCA,ITGA3,236,148,59
ITGA3_CCCGGTGCCTACAACTGGAA,ITGA3,1256,298,683
ITGA3_TACAAGGACCCAGAGGACCA,ITGA3,375,28,200
ITGA3_GCGCCCATATGTCGGTGCCG,ITGA3,154,84,78
ITGA4_TCGGTCGTGCTGCACAGCCA,ITGA4,155,491,287
ITGA4_GACGTGCGAACAGCTCCAGC,ITGA4,328,223,66
ITGA4_AAAGGATATTCAGTCGGAGC,ITGA4,305,77,229
ITGA4_GCTGTGGACCTCAATGCAGA,ITGA4,254,290,201
ITGA4_GCATACCCACCAATGTAACC,ITGA4,2940,1147,461
ITGA4_TGATGACATGAGGACCAAGG,ITGA4,767,94,481
ITGA5_AGCCATTAAGGATGGTGACC,ITGA5,1013,29,191
ITGA5_GCTGTCATCATAGATGGAAC,ITGA5,496,155,123
ITGA5_CTTCAGTGCCGAGTTCACCA,ITGA5,688,528,700
ITGA5_GGGTGAAGTTATCTGTGGAG,ITGA5,1127,95,50
ITGA5_TGCAAGGACTTGTACTCCAC,ITGA5,508,116,107
ITGA5_AGAATCCGAAGAAGGAGCCC,ITGA5,1567,145,164
ITGA6_TGCTTGCTCTACCTGTCGGC,ITGA6,314,163,62
ITGA6_CAGCTGCGACATCACCGCCC,ITGA6,864,995,592
ITGA6_CGTCCAGAGCCAAGGTCCAG,ITGA6,828,396,437
ITGA6_GCAGCATGTTAATACGAAGC,ITGA6,1046,98,197
ITGA6_AGGATCTGTATAGGAAACGC,ITGA6,779,237,196
ITGA6_ATTTGGCTATGATGTGGCGG,ITGA6,688,157,181
ITGA7_TACCAAAGTAGCTGTTGGCA,ITGA7,1479,569,457
ITGA7_TCGCTGCTTTGTGCTCAGCC,ITGA7,741,683,188
ITGA7_GAGTCAGTGTTCGGAGCCAG,ITGA7,483,75,42
ITGA7_AGAGTGGACATCGACCAGGG,ITGA7,828,243,248
ITGA7_CAGGGATCGTCCCATGGCCG,ITGA7,2809,445,566
ITGA7_CAAAGCTTGAACCATGGGAG,ITGA7,1429,211,395
ITGA8_TCAGAATTTCACGGGAGAAC,ITGA8,1872,585,415
ITGA8_CAAGGATATCCTCAGGAAAC,ITGA8,1705,497,348
ITGA8_AATGCTGATCCGGAAGGCCA,ITGA8,607,77,72
ITGA8_AGTTGCTTACTGTTCCGGCA,ITGA8,1260,366,367
ITGA8_TACTGTCCTTGGCCCGCGGA,ITGA8,732,201,86
ITGA8_CAGCTACTTCGGCTACGCCG,ITGA8,829,323,473
ITGA9_TCGAGGTTGTAGGCGCCCGC,ITGA9,217,215,342
ITGA9_CTGCCTTTGGTGCGCCCACA,ITGA9,1244,708,457
ITGA9_ATCATCGCGGTCTTCCCGGC,ITGA9,298,163,199
ITGA9_AGAAGCCCGCTATCCCAGCC,ITGA9,530,318,322
ITGA9_ACGAAGTGATCATGAACAGG,ITGA9,716,449,2353
ITGA9_TCAGGCTACGCAGTGACCGC,ITGA9,810,239,293
ITGAD_CAGAAGAAGCACAGTGCCGA,ITGAD,918,290,518
ITGAD_GGAGCCTACGATCTTCCAGG,ITGAD,95,118,20
ITGAD_TGGCGGCCAACCAGACGGGA,ITGAD,834,212,191
ITGAD_AGAGTGTCCACATCAAGAGA,ITGAD,625,119,117
ITGAD_CAGGCCTTTCAGTTGGACGA,ITGAD,1683,140,141
ITGAD_TTGAACACGTGGTCCTGCGG,ITGAD,563,148,414
ITGAE_CACTCCTCCATACTGCACCA,ITGAE,1321,649,649
ITGAE_TACAGCAACAAAGAAGGCGG,ITGAE,669,247,116
ITGAE_GCATTCAAGTGCTGGTCCGG,ITGAE,508,104,33
ITGAE_ACCGTGGTGGCTCCGGACAA,ITGAE,3224,843,941
ITGAE_ACAAGGGAACATCGATGGAG,ITGAE,433,229,165
ITGAE_AAGGGAGCTGAGCACGAAAG,ITGAE,1143,176,341
ITGAL_GAAGTTGTATCCTCAGGCCC,ITGAL,1176,372,230
ITGAL_TCCAGGTTGTAGCTCGAGGC,ITGAL,1345,156,336
ITGAL_TATCAGTGCCAGTCGGGCAC,ITGAL,209,137,92
ITGAL_CACACGTTCGAGACAGCCCA,ITGAL,1514,715,745
ITGAL_TATCAAGGGCAACGTAGACC,ITGAL,697,124,119
ITGAL_CTTTCCTGGACACAGGACAG,ITGAL,463,255,103
ITGAM_CCCATGCACCTGTTAACAGA,ITGAM,2129,1664,952
ITGAM_ACCTTCCAAGAGAACGCAAG,ITGAM,758,302,283
ITGAM_AGATAGTGGCTGCCAACCAA,ITGAM,1040,330,194
ITGAM_ACATGTTCACGGCCTCCACG,ITGAM,1249,251,305
ITGAM_TTCCCAGAGGCCCTCCGAGG,ITGAM,1730,255,123
ITGAM_ACCAGAGCCATCAATCAAGA,ITGAM,771,188,420
ITGAV_AAGTTACTTCGGCTTCGCCG,ITGAV,348,0,14
ITGAV_GATGTACAGGATCAGAAGGA,ITGAV,258,88,147
ITGAV_ATTCAATTGGCTGGCACCGG,ITGAV,427,7,21
ITGAV_TTGGGAGATCTGGACCAGGA,ITGAV,639,11,0
ITGAV_TAATGTTAGCAGGCGTGAAC,ITGAV,775,87,110
ITGAV_TGGTCCAAGTTCATTCAGCA,ITGAV,2270,43,29
ITGAX_TTCTAGTCATGACCAGGACC,ITGAX,326,311,205
ITGAX_CCTAGAGAAGTTGCTAAGGC,ITGAX,241,255,223
ITGAX_ACAGCTGCCAACCAAACGGG,ITGAX,771,127,211
ITGAX_AAGGGCTGGTGGTAGACGCC,ITGAX,131,30,123
ITGAX_AGGCTCCCGGTGTCCAGGCA,ITGAX,1636,530,405
ITGAX_CATCGTGGCAAAGTTGCGGG,ITGAX,164,61,71
ITGB1_CCAAACTACGGACGTAAAGC,ITGB1,2312,972,900
ITGB1_ACTTCCTCCGTAAAGCCCAG,ITGB1,589,327,137
ITGB1_TAGGCCTCTGGGCTTTACGG,ITGB1,408,78,0
ITGB1_ATCTCCAGCAAAGTGAAACC,ITGB1,1397,241,523
ITGB1_GGGTTTCACTTTGCTGGAGA,ITGB1,771,159,178
ITGB1_TGCTGTGTGTTTGCTCAAAC,ITGB1,3731,1656,1467
ITGB1BP1_CAAAGTAACGAAGTCTCACC,ITGB1BP1,802,176,98
ITGB1BP1_GGTTTATCAGTGCAACAGCC,ITGB1BP1,629,99,26
ITGB1BP1_GAGAAACTGAAACTCTCCGA,ITGB1BP1,54,0,12
ITGB1BP2_GATTCCTGTTGCCATCACCC,ITGB1BP2,131,78,6
ITGB1BP2_TACAGTTCGCTTTCGGCAGC,ITGB1BP2,755,421,267
ITGB1BP2_CAGAGACCTTGCGCCGGGAG,ITGB1BP2,757,394,482
ITGB1BP2_GGAACAGAAGGAATTAGACC,ITGB1BP2,565,51,43
ITGB1BP2_TGTCTACCGACTCTGCACCC,ITGB1BP2,631,158,206
ITGB1BP2_GCCTTCACCCAGTTAAACGC,ITGB1BP2,936,448,525
ITGB2_GGAAACCTGGATGCACCCGA,ITGB2,284,112,250
ITGB2_TCTCGTTGAGGGCCCGGAGC,ITGB2,698,408,271
ITGB2_TGGCCGGGTGTCGCAGCGAA,ITGB2,1216,863,775
ITGB2_TCGGACTGAGCAGGGTGGCC,ITGB2,758,227,351
ITGB2_ACTTACCAGCTTCTGGCACC,ITGB2,507,337,269
ITGB2_ACAGAACTCACCGCACCCGA,ITGB2,765,185,102
ITGB3_GCAGGAGCTCACACCTCGCG,ITGB3,1441,406,326
ITGB3_AGGCCCGAGTACTAGAGGAC,ITGB3,1520,289,419
ITGB3_TCTGTGGAGCATCCAGAACC,ITGB3,1106,280,510
ITGB3_CCTCATTGAAGCGGGTCACC,ITGB3,11,99,76
ITGB3_TATAGCATTGGACGGAAGGC,ITGB3,128,72,158
ITGB3_GAGCTTCAGCATTGAGGCCA,ITGB3,548,147,130
ITGB3BP_AGTACAGGACTTCCTCACAA,ITGB3BP,1120,199,483
ITGB4_CCCAGCAAACCGCTGCAAGA,ITGB4,2619,672,906
ITGB4_TGACCACGATGCTCTCCCGC,ITGB4,792,306,183
ITGB4_TCTGGACAACCTCAAGAAGA,ITGB4,894,345,374
ITGB4_TAGTGTAGTCGCTGGTGAGC,ITGB4,657,218,129
ITGB4_GATGACGTTCTTGAAGGAGA,ITGB4,11,55,128
ITGB4_CAACGATGAACGGTGCCACC,ITGB4,28,20,6
ITGB5_TGGCCAGTGCCACCTGAACG,ITGB5,1443,62,101
ITGB5_CAGCAGATGGCGGAACCCAA,ITGB5,510,42,0
ITGB5_CCTCCGCGAGTTTGGTGCCC,ITGB5,256,0,25
ITGB5_CGTCATTCAGATGACACCAC,ITGB5,1836,0,0
ITGB5_ACATACCTCTTTGGAGCACC,ITGB5,370,0,0
ITGB5_GGCGGTTGCTAGACTGCGAG,ITGB5,239,231,179
ITGB6_GACTCCTGCGTCTCTGAAGA,ITGB6,160,78,72
ITGB6_AACAGCTCCAAATGTCACCA,ITGB6,297,337,230
ITGB6_ACTGCGGTCTGAGGTGGAAC,ITGB6,1290,416,270
ITGB6_CATAAGCTGAGATGATCAGC,ITGB6,112,2,18
ITGB6_CCTCAACACAATAAAGGAGC,ITGB6,274,123,55
ITGB6_AAACCTAGGTGGCTGTGCCC,ITGB6,141,74,39
ITGB7_TGGGCTACCTGACCCACAGA,ITGB7,387,133,84
ITGB7_AGAGGCCATTGCTGTCCAAG,ITGB7,988,227,357
ITGB7_AATCTGGACTCGCCTGAAGG,ITGB7,706,301,232
ITGB7_TAAGGTAGTACAGGTCCACC,ITGB7,577,27,19
ITGB7_GAACTTCACCGCGTCGGGAG,ITGB7,908,166,247
ITGB7_AGGATGCACTTCTGGCAGGA,ITGB7,1123,411,359
ITGB8_CATTATGTGCGGCTCGGCCC,ITGB8,254,18,105
ITGB8_TGGACCCAGCGCAAGGCACC,ITGB8,565,398,457
ITGB8_TGACCAAACCTGGACGCAGC,ITGB8,462,249,168
ITGB8_TCTCTGTCAAAGACAGCACA,ITGB8,841,81,45
ITGB8_ATTACCGCCATCTGTCCAGA,ITGB8,298,38,18
ITGB8_ACTCCTCGACCACTGCAAAC,ITGB8,2008,722,572
ITGBL1_TGGGTGTGCGAGACCTACGA,ITGBL1,1295,158,228
ITGBL1_GGCAAGTGCAAGTGTGACCA,ITGBL1,343,52,85
ITGBL1_TCTTCGCTTGCTTTCCCAGG,ITGBL1,350,145,134
ITGBL1_TGTCACGATGTTGATCCGAC,ITGBL1,574,569,272
ITGBL1_CACCATCGAGGTCTTCACAG,ITGBL1,1636,485,787
ITGBL1_CTCACAAACACAGCGACCAC,ITGBL1,1414,235,400
ITIH1_CCTGCCTGTAGCCGAGCCCA,ITIH1,630,49,96
ITIH1_CCTCCCTGCAGTACAGCAGA,ITIH1,76,27,128
ITIH1_CAAAGTCAAGCCCAAGCAGC,ITIH1,972,384,304
ITIH1_CTCTTTCCTGCCGAAGGAAC,ITIH1,256,238,111
ITIH1_GGACTGCTGCTGGCTCACGG,ITIH1,730,281,229
ITIH1_TCGTTCTCCTCTATTTCAGG,ITIH1,630,102,319
ITIH2_GGGCCGAGCTCTTTATGCAC,ITIH2,2311,330,361
ITIH2_CACAGGATCTATCTGCAACC,ITIH2,2279,493,449
ITIH2_TGTGTGGGTTATCGAACCAC,ITIH2,554,58,150
ITIH2_GCACGTCTCCTTCAAGCCCA,ITIH2,348,88,87
ITIH2_CACTCACATCGATGACAAAG,ITIH2,3317,1182,1008
ITIH2_CACAGGTTGCAGATGCCAAG,ITIH2,1660,1314,792
ITIH3_CAGGCCTGAGTATTCAGCGA,ITIH3,1794,332,417
ITIH3_CAACCGTGCAGACACGGCCA,ITIH3,722,124,157
ITIH3_CCATACTTACTTGACCAAGC,ITIH3,2610,592,249
ITIH3_CAAGGTCCAGCCTAAGCAAC,ITIH3,957,452,269
ITIH3_GAGGTCGTTGGTGATGAAAG,ITIH3,586,313,256
ITIH3_TGAACGCTGTTGGTCTAAGC,ITIH3,242,87,215
ITIH4_CTCAGCCGAGAACGTGAACA,ITIH4,1742,544,770
ITIH4_GCTTGAACCGGATGTGAGCC,ITIH4,1,199,25
ITIH4_TGGTAGACGCCCTCACCACC,ITIH4,426,123,213
ITIH4_CTGCTCCATGTTTCTCCCGG,ITIH4,2168,767,332
ITIH4_CCCAGGGATCATCAAGGAGA,ITIH4,483,185,198
ITIH4_TAGGGCCAATACTGTGCAGG,ITIH4,335,30,50
ITIH5_CCCACAGTGGCATTGGAGAC,ITIH5,2674,937,1465
ITIH5_ATTCACCATATGTCACCCAC,ITIH5,768,165,70
ITIH5_GGTGGGAACCAAACTCCGGC,ITIH5,35,48,66
ITIH5_CTACTGTAGTACAACAAGCC,ITIH5,1482,519,442
ITIH5_CTCTGCCTGCTGTTGTGAAG,ITIH5,1635,778,565
ITIH5_AGTCAGACTGTTGCAGAGGC,ITIH5,1412,424,185
ITIH6_TTCTGGTGTGATAGAGAGCC,ITIH6,446,333,161
ITIH6_CTGCATTGCATGGAAGCCGA,ITIH6,507,102,276
ITIH6_CTGACCCAGAGATGGACGAC,ITIH6,1313,655,488
ITIH6_GAACTGCTTCAGCGGCACCA,ITIH6,298,568,856
ITIH6_CTATTCTATGCGCTCCACGG,ITIH6,1360,625,434
ITIH6_CCTTTGTGCTTGATGAAGCG,ITIH6,616,257,574
ITK_ATCTTCAAAGTATGCCAGGC,ITK,145,45,154
ITK_CCTGATGGACTTACCTGAAA,ITK,1799,471,564
ITK_GGTAGTTGTCATGCACCACC,ITK,253,13,0
ITK_GCCAACCTGTTTCAGAAACG,ITK,1402,652,562
ITK_CTCCTACTCCTGAAGACAAC,ITK,2215,630,942
ITK_CGGAGTCGAGTCACCAGGCC,ITK,2395,613,758
ITLN1_GGATCATTAAAGACTCACGC,ITLN1,437,239,108
ITLN1_GGAAAGTGTTGGACTGACAA,ITLN1,593,287,298
ITLN1_TTTCTCATAGCGACCACCAG,ITLN1,876,537,265
ITLN1_TGGTCGCTATGAGAAACAGC,ITLN1,181,169,205
ITLN2_ATATCCATCCCAGTCAAAGG,ITLN2,952,145,158
ITLN2_TTCTCCGCCTTTGACTGGGA,ITLN2,404,292,328
ITM2A_GGTAGAGCTCTTTGGCAAAC,ITM2A,429,370,115
ITM2A_AGGGTCACTATCAGAGAAAC,ITM2A,1020,284,334
ITM2A_AGTTAGGCTCTCCTCCACGA,ITM2A,1080,422,356
ITM2A_GGAGCTCCGAGTTGCCACCC,ITM2A,547,204,165
ITM2A_TTCTGACCGTGCGGCTCAGG,ITM2A,21,92,168
ITM2A_TCTGACCGTGCGGCTCAGGA,ITM2A,885,261,483
ITM2B_CAACTCCGCTCTGGCCCAGA,ITM2B,583,49,103
ITM2B_AAGAAGGACGAGCCCAAGAG,ITM2B,1290,362,301
ITM2B_GACCTTGCAGTCCACCGCGA,ITM2B,1130,187,281
ITM2B_ATTGTCTGGTAGAGAGCAGC,ITM2B,413,25,35
ITM2C_CTGGAAGCTAATCTTCACCA,ITM2C,412,554,471
ITM2C_CCCTTGATGCCAGCCACGGC,ITM2C,877,190,238
ITM2C_CCACAACATCGATCCAAGAG,ITM2C,1356,1201,1324
ITM2C_GCTCCATCTGAGTCCGGACC,ITM2C,580,218,318
ITM2C_GGAGCTCCCAGAAGTTGCGA,ITM2C,558,35,51
ITM2C_CCACGAAGGTGTTCTCGAAG,ITM2C,2225,1269,814
ITPA_ATGTCAGGAGGCAGTTCGCC,ITPA,529,35,82
ITPA_ACAAGTGTCCTCAACCAGCA,ITPA,2216,581,607
ITPA_ACTTGTCCTCGAACCCGGCC,ITPA,286,37,50
ITPA_TGCACGTTTGCACTCAGCAC,ITPA,664,103,177
ITPA_TATCCATCAGGCTGAAAGCA,ITPA,702,253,451
ITPK1_AGATCGAGGGCGTGTTCGAG,ITPK1,867,109,257
ITPK1_CAGCCACAACGTGTCAAAGC,ITPK1,894,417,277
ITPK1_GATGGCTATCGTGTTCAACC,ITPK1,470,112,16
ITPK1_TCCCTTCTGCCCTAGACGAC,ITPK1,19,89,149
ITPK1_AGGGAGCGGGTCCAGGACGA,ITPK1,747,66,254
ITPK1_TCTCCACAGGAAGCGAGGGA,ITPK1,755,269,198
ITPKA_CGGTCAGCTGAGGGATCACC,ITPKA,501,28,332
ITPKA_TATGACCGGCAGATTGACCA,ITPKA,890,198,31
ITPKA_TTAAGGCGGCGGGCACCAGC,ITPKA,216,111,209
ITPKA_TCCTGAAGCTCCCACGGAGG,ITPKA,824,241,92
ITPKA_GACTACGCGAAGCCGAGAGC,ITPKA,337,123,84
ITPKA_TGTCCCGGATCTGCTGCAGG,ITPKA,1,395,47
ITPKB_CCTCTTCATCCACGACAAGA,ITPKB,507,162,189
ITPKB_CCCAGATCGCCTATCGGGAC,ITPKB,1387,213,544
ITPKB_CTGGAGGTGCCAGACTCACC,ITPKB,301,799,407
ITPKB_CATCAGCTCCACGGCCACCC,ITPKB,1305,292,61
ITPKB_GCGAGTCGAAGTCGGCCAGC,ITPKB,104,30,230
ITPKB_TGCTACTATTCAGCCTGCGC,ITPKB,1322,128,84
ITPKC_CATCCTCAGGCTCTCCCAAG,ITPKC,513,194,159
ITPKC_TTTCGGAAGGAGACCACAAA,ITPKC,672,358,251
ITPKC_AGCACCATGCCATAGTAGGC,ITPKC,387,108,114
ITPKC_AGAGGAGCTAGTGAAGGCAC,ITPKC,562,30,0
ITPKC_CTTCAAGAAGACGCAGGCAC,ITPKC,1287,265,459
ITPKC_CCTCGTGGGTCTTGAAGAAG,ITPKC,1368,267,311
ITPR1_TACGCGGAGGGATCGACAAA,ITPR1,785,651,559
ITPR1_CAACACAACGATCATCAACC,ITPR1,2114,699,669
ITPR1_TTCTGGAAAGCCGCTAAGCC,ITPR1,1505,510,671
ITPR1_ATGGATCGCAGCTTGTAGAA,ITPR1,449,412,885
ITPR1_CATCAACTGGTAGATAACCC,ITPR1,1569,384,423
ITPR1_CCGTCAACTGCAATACAAGC,ITPR1,801,640,814
ITPR2_GGCATTTATGCACCAACACA,ITPR2,1034,448,195
ITPR2_ACTTTGGTTTCAGTCCCGCA,ITPR2,354,134,101
ITPR2_AGAAGTAGCTGATTGGCGCA,ITPR2,409,372,197
ITPR2_GCATTCTTCTCCAGTAAAGC,ITPR2,1170,447,515
ITPR2_CTTATAGCACGCTGCAGAAC,ITPR2,2321,871,1299
ITPR2_TGTGGTGCACCCAGAGGCCG,ITPR2,804,258,341
ITPR3_AGGAAGCGGAGGTCTTACCA,ITPR3,513,206,188
ITPR3_GAAGGCCAAGCAGACTAAGC,ITPR3,1027,150,377
ITPR3_CTGGAAGCTGCGGAGCAACG,ITPR3,1694,932,1037
ITPR3_TACGAGCTCAGCGACAACGC,ITPR3,1120,132,83
ITPR3_GGTCCCGAAACTGCATAAAC,ITPR3,1626,482,371
ITPR3_GCGGCTGTTCCATGCGGAGC,ITPR3,1623,75,143
ITPRIP_ACACTAAAGGCACTGCCCGA,ITPRIP,975,60,195
ITPRIP_GGGAATCTGTGGCACACAGC,ITPRIP,666,137,64
ITPRIP_TTCTCCATGTCGCCGCAGGG,ITPRIP,1441,271,429
ITPRIP_GCAGCAGAACGAGACACGCG,ITPRIP,3721,891,854
ITPRIP_CCGCAAGATGCAGGCGCACC,ITPRIP,614,126,136
ITPRIP_GAAAGCTCCAACCATGGCCA,ITPRIP,654,242,168
ITPRIPL1_TCTGATGGTCAGTGATCGGA,ITPRIPL1,621,145,91
ITPRIPL1_AAGGCAGAGAACTTCTGGAC,ITPRIPL1,556,183,239
ITPRIPL1_TCGGGTGCTCAGCCGCCAAG,ITPRIPL1,462,182,362
ITPRIPL1_GCACACGTCTAGGTGGAAGC,ITPRIPL1,972,455,492
ITPRIPL1_TGAGCACCTGTTCCTGAAGC,ITPRIPL1,2261,628,550
ITPRIPL2_GAAGTCTCCGCGGAAGGCCA,ITPRIPL2,31,29,35
ITPRIPL2_CGCTTGTGGCGCTGGAGCCA,ITPRIPL2,393,233,261
ITPRIPL2_AGGAGCGCTGCAGATGCGAC,ITPRIPL2,336,196,23
ITPRIPL2_CAGCCGTAGTCAGTGCGGCA,ITPRIPL2,1841,415,524
ITPRIPL2_TGGCAGTGCTGCTGCGCAAG,ITPRIPL2,1644,733,985
ITSN1_CTGGTTGCTGTTTCATGACA,ITSN1,2306,499,676
ITSN1_GGCAGAGGTTGTATAACAGG,ITSN1,580,125,141
ITSN1_GGAACAGCCCACTCTGCCAC,ITSN1,607,249,88
ITSN1_AAGTTTACCACAGGCTCAGC,ITSN1,767,139,137
ITSN1_GGAGCTAGAACGGCAGAGAG,ITSN1,1920,239,301
ITSN1_GATGTCGATTGACCACCCAA,ITSN1,364,52,25
ITSN2_TCATCTTGAGTTGGAAGCAC,ITSN2,680,270,233
ITSN2_TGAGCGAGGGAACATGGAGC,ITSN2,1072,62,84
ITSN2_CTTACTGACATGGCCAAAGC,ITSN2,2237,814,455
ITSN2_GGAGTGGGCATCATTAAGGG,ITSN2,1393,416,471
ITSN2_CCTAAACAAGGATGGGAAGA,ITSN2,31,288,274
IVD_CCATTGATTGCATCGTCCAC,IVD,594,370,176
IVD_TAAGTTCCTTCAGGAGCACC,IVD,335,68,140
IVD_CTGTGATGCCCAATACGCCC,IVD,1688,155,533
IVD_GAAAGAGAAGTATCTCCCGA,IVD,207,67,74
IVD_ATTGGGCTCACTCATGGCCA,IVD,76,12,23
IVD_CACAGCCTTCATTGTGGAGA,IVD,1632,519,420
IVL_TGATGGGTATTGACTGGAGG,IVL,741,255,289
IVL_TGCTTTGATGGGACCTCCAC,IVL,445,330,271
IVL_GAAGCTCTTAGACCAGCAAC,IVL,350,191,200
IVNS1ABP_AATGTGGCTAGGCGAGGAGC,IVNS1ABP,322,84,67
IVNS1ABP_TCCTCTCTGTTATAGCCACC,IVNS1ABP,223,54,56
IVNS1ABP_ATATACCATCCAGCACAGCC,IVNS1ABP,913,321,119
IVNS1ABP_TGGGAACCTACTAGATGGAC,IVNS1ABP,1135,90,323
IVNS1ABP_CAGCGTAGCATCTGGGAGAA,IVNS1ABP,1434,770,736
IVNS1ABP_GAAGATGGATCGAGTAAAGC,IVNS1ABP,976,201,299
IWS1_GCCTGCACTCAAGATCCGGG,IWS1,900,7,0
IWS1_AAGCGCAGACGGAACCGCGA,IWS1,936,56,38
IWS1_CAACACTCCGGATCAGACAC,IWS1,1427,186,276
IWS1_TACAGCGGCGACCAGTCAGG,IWS1,453,1,32
IWS1_AAAGGCCGTACCCGGCAGGC,IWS1,85,88,156
IWS1_AGTTAAATACCTTCCTCGGG,IWS1,798,42,89
IYD_GCAGAGAATGGCTACCAAGA,IYD,727,216,620
IYD_TTAAGTCTTCATCCACCCAG,IYD,386,398,278
IYD_CCACTATCCTGAGAAGGAAA,IYD,1303,352,208
IYD_TGGGTCCTTCACAACCACGA,IYD,688,173,235
IYD_ATCATGGTGACAGTGTAGGC,IYD,355,230,112
IZUMO1_TGCTTACGCAAAGGTAAGGC,IZUMO1,1025,580,344
IZUMO1_ATTGATGATCGTGGCTGGGC,IZUMO1,221,100,117
IZUMO1_CGAAAGTCCTACGATTGCGG,IZUMO1,75,157,232
IZUMO1_TCGAGCAACATAGGTGGCAA,IZUMO1,1208,674,372
IZUMO1_TGTGATGCTTCGCATCCAGG,IZUMO1,0,30,0
IZUMO1_TACCCTCCTGTGTGCGGCGC,IZUMO1,1204,377,414
IZUMO2_AACCACCGTCCTACTGCAGC,IZUMO2,269,394,105
IZUMO2_TCTGGTACTGCAGGGCCACG,IZUMO2,832,109,209
IZUMO2_TGGACTGTTTACATTGCCAG,IZUMO2,1959,411,466
IZUMO2_TCTTGACAAAGGACGCCACA,IZUMO2,1037,154,199
IZUMO2_AGCGCGTAGTCCCGGAAGAA,IZUMO2,2970,828,1105
IZUMO2_CTGCTCCAACTGGAAGCGAC,IZUMO2,629,130,284
IZUMO3_TCCAGACGAGGATCCAAGAA,IZUMO3,1185,518,285
IZUMO3_TCCCTCTCTAGCTGTTCAGC,IZUMO3,446,162,76
IZUMO3_GACTCCATGGAAGGCTGAGA,IZUMO3,384,13,26
IZUMO4_TGTGGCAGTGCAGACAGCCG,IZUMO4,917,375,369
IZUMO4_ATGATGGATCAGCTGTACCA,IZUMO4,516,145,133
IZUMO4_TGATGGATCAGCTGTACCAG,IZUMO4,1235,240,52
IZUMO4_CGGAGCCTTGCTTACCACAG,IZUMO4,1364,808,762
IZUMO4_CTCGCAGTTATAGCCAAAGC,IZUMO4,1656,288,511
IZUMO4_AGCTGACTTCCACTGCGCCG,IZUMO4,981,335,265
JAG1_TCCTAATAACTGTTCCCACG,JAG1,752,182,226
JAG1_CTCACACTCAAAGCCCAGGG,JAG1,661,430,424
JAG1_TGATAAGTGCATCCCACACC,JAG1,1099,259,263
JAG1_AGTAGTCATCACAGGTCACG,JAG1,244,109,371
JAG1_ATACGTTGCTTGTGGAGGCG,JAG1,1220,705,923
JAG1_TATCAGTCCCGCGTCACGGC,JAG1,631,242,111
JAG2_TGCACTCAAAGCCGTCCACC,JAG2,816,136,463
JAG2_CACTGCCCATCGGGCTGGAG,JAG2,19,132,146
JAG2_TCGGGCAGGAACTGTGAGAA,JAG2,1306,518,753
JAG2_TGCCGGCATGATCAACCCGG,JAG2,428,137,104
JAG2_GCGCGCTGCGGAACGTGAAC,JAG2,2038,1192,488
JAGN1_GGCACAATGGCGTCTCGAGC,JAGN1,240,162,62
JAGN1_ACGGCAGCGACTTTCAGCAC,JAGN1,2139,467,338
JAGN1_GCTGGTTGCTAAGATGAGCG,JAGN1,896,311,503
JAGN1_GCCATAAATGAGTGGAGCGA,JAGN1,161,3,0
JAGN1_GGTAGAGCTGCTGTGCAGCA,JAGN1,86,32,40
JAGN1_CGGTAGAGCTGCTGTGCAGC,JAGN1,226,190,177
JAK1_TATGTTGTGGACGATCAACG,JAK1,1034,260,229
JAK1_TTATCCGCATCCTGGTGAGA,JAK1,682,156,148
JAK1_TGGCATAGTGTGAGATGGCC,JAK1,953,77,252
JAK1_AGTGAGCTGGCATCAAGGAG,JAK1,606,31,103
JAK1_CATCCGGTAGTGGAGCCGGA,JAK1,100,110,334
JAK1_GATCTTCTATCTGTCGGACA,JAK1,712,28,64
JAK2_CTGCCTTACGATGACAGAAA,JAK2,2104,356,517
JAK2_AGCAACAGAGCCTATCGGCA,JAK2,831,137,151
JAK2_ACCTGTGACTCATGAAACAC,JAK2,1406,211,254
JAK2_GGTGGAATTCAGTGGTCAAG,JAK2,134,95,58
JAK2_CGTATGATGGCTCTGAAAGA,JAK2,2051,399,600
JAK2_TTCTGGTGCCTTTGAAGACC,JAK2,711,182,172
JAK3_CGTAGACATTAGCATCAAGC,JAK3,965,452,446
JAK3_AGGGCCTGAGCTTCGTGACG,JAK3,623,329,170
JAK3_TGGCCGTGTTGGACCTGGCC,JAK3,500,479,207
JAK3_AATCCTTGCGTAGCCCGAAG,JAK3,908,216,231
JAK3_GCAAAGAGGGAGTGGTACAC,JAK3,1199,671,235
JAK3_AGCCTCTTGTCCACGGAGGC,JAK3,46,114,195
JAKMIP1_AACGGCTGTTGCGCTCCAAA,JAKMIP1,668,373,359
JAKMIP1_CAGCCTGACGAGGGATGAGC,JAKMIP1,995,153,286
JAKMIP1_CGCTTGTTCTTCTCCACCAG,JAKMIP1,3486,962,1007
JAKMIP1_CAAAGAGAGAGCTCCCGCCC,JAKMIP1,954,69,191
JAKMIP1_AGCGCGCAAGCAGGCAGAGG,JAKMIP1,1384,167,170
JAKMIP1_GCCCGAGATGGAGACGGACG,JAKMIP1,1659,156,120
JAKMIP2_GCTCATTACCTTCTCTGCCA,JAKMIP2,230,59,134
JAKMIP2_GAAGCGACTCTGGCTCAGAA,JAKMIP2,684,202,512
JAKMIP2_CGACGCTGAACGAGAAGCCA,JAKMIP2,1101,314,361
JAKMIP2_CGAGAAATTCCAGGAAGGGC,JAKMIP2,636,87,365
JAKMIP2_GGAGCGGGATATTCGGAGGC,JAKMIP2,451,238,141
JAKMIP2_AAATAAGGGCGAGAAGCCCG,JAKMIP2,64,54,0
JAKMIP3_CCGAGCTCAAGGGCGCCAAA,JAKMIP3,1028,690,675
JAKMIP3_CGGGAACTTCCTCATGCAGC,JAKMIP3,1626,834,1447
JAKMIP3_AAGTGCGATTATCCGCAAAC,JAKMIP3,1513,542,684
JAKMIP3_GCGCCTCAGTCGGAAGAACG,JAKMIP3,1287,628,648
JAKMIP3_GCGTTTCAGAGACAGAGAGC,JAKMIP3,1462,142,170
JAKMIP3_CACGCTCTTCACGTAGCCGG,JAKMIP3,1583,236,110
JAM2_TACAGCCCAGGGCGACCACC,JAM2,468,440,191
JAM2_CCCGAGCAACTTACAGCCCA,JAM2,1647,709,369
JAM2_ACCCGAGCAACTTACAGCCC,JAM2,1206,674,271
JAM2_AACCATGTGTATTCAGGAGC,JAM2,230,315,429
JAM3_CCCTCGACATGGCGCTGAGG,JAM3,32,155,204
JAM3_CGTTGCTCGAAATGACCGCA,JAM3,689,348,196
JAM3_GCCTTCGGCACTCTACAGAC,JAM3,598,167,327
JAM3_TGCATTGCTTCCAATGACGC,JAM3,640,178,235
JAM3_TGATCAGGGCCAGTACAGCA,JAM3,2017,586,679
JAM3_TAACTACATCCGCACTGACG,JAM3,1576,214,192
JARID2_TCCGTGGTCAGAAGAACGGG,JARID2,680,167,88
JARID2_CAATGATCCGGCTCTGAGGA,JARID2,567,154,330
JARID2_CCTTAGACTGGTCATTACCA,JARID2,198,93,328
JARID2_GATATCTGAGTAGCTGGAGG,JARID2,713,13,40
JARID2_ACCATGCTGTTGGGCAGCGC,JARID2,1886,200,309
JARID2_ATCACCGGGCTGACAGCCGC,JARID2,939,68,57
JAZF1_CTGATAATCTCAGCCGACAC,JAZF1,1611,426,475
JAZF1_CATGCACATGGAGCTGAGGA,JAZF1,1634,319,222
JAZF1_TAGGGACTCCTGCTCTCGGC,JAZF1,581,94,53
JAZF1_CCTCTTCCGCCCACAGACAG,JAZF1,1172,228,491
JAZF1_TGTGCTCGATGAGGTCGGCC,JAZF1,70,227,337
JAZF1_CTCGATGAGGTCGGCCAGGG,JAZF1,2080,272,352
JDP2_TGCCCAGGCATCATAGCAGG,JDP2,402,164,277
JDP2_CTCACAGCTAGATGAGGAAG,JDP2,1911,496,264
JDP2_CCGATGCCGGAACAAGAAGA,JDP2,730,287,295
JDP2_TATACAGGAATCCGAGCGGC,JDP2,481,35,53
JHDM1D_CGGACCCGAGTGCACTGCAC,JHDM1D,812,407,246
JHDM1D_CATCCTAGAGCTCCACACAA,JHDM1D,1987,675,831
JHDM1D_TAGATGTCATTGATGTGGCG,JHDM1D,1396,607,437
JHDM1D_CCAGATATCTTTGTGTCAGC,JHDM1D,1622,586,691
JHDM1D_TACGCTCTCGAGTCTTCCCA,JHDM1D,1,66,18
JHDM1D_TTTAAAGATGGCCGGAGCGG,JHDM1D,1329,302,262
JKAMP_TCTTGGCGACCACTCACCCA,JKAMP,807,140,173
JKAMP_TTCAACAGTCGCTTGGAGCC,JKAMP,1639,354,375
JKAMP_GCAATCTTCTTCACCAGAAG,JKAMP,1572,299,191
JMJD1C_TACCATCTGCTGAGGTCACA,JMJD1C,332,128,0
JMJD1C_AGGCACTCCAGGTAACACAG,JMJD1C,1636,153,249
JMJD1C_TTGGCATTACATCACGACGC,JMJD1C,2018,420,364
JMJD1C_GACAAGACTCTGCCACCCAG,JMJD1C,154,17,29
JMJD1C_TGCGGGTTGTCCCTGAGAAC,JMJD1C,2523,792,1020
JMJD1C_CAGCTATGGCGGTAGAGACG,JMJD1C,1315,153,174
JMJD4_TGATGTTGGGCGCATCACAG,JMJD4,320,234,682
JMJD4_CTGGGTCAATGGCTTCAACC,JMJD4,2214,488,549
JMJD4_GAAGATGTCAGCATGGAACG,JMJD4,2547,427,362
JMJD4_CTGTGTACTTCTCGTCCGAC,JMJD4,942,541,629
JMJD4_GGCGGGCTACTCCTCTCCCA,JMJD4,250,62,212
JMJD4_GCGGTCCATCCAGCTCAGCA,JMJD4,1676,531,717
JMJD6_ACGTGCAGCATGGTGGGAAA,JMJD6,3219,1039,716
JMJD6_AGGGTTGGGACACAGTGGCA,JMJD6,742,129,65
JMJD6_CCCTGTGGTATGGCACAAGA,JMJD6,1061,200,415
JMJD6_AAGTGACCCGAGACGAAGGA,JMJD6,441,129,138
JMJD6_TGAAAGACCTTACAAGCCCG,JMJD6,1154,55,166
JMJD6_GAGCAAGAAGCGCATCCGCG,JMJD6,1342,83,101
JMJD7_GAATTCCCGGCCGCTGCAAG,JMJD7,59,11,44
JMJD7_TCCGCAACGCTCTGCAGCAC,JMJD7,819,207,122
JMJD7_TTACGCGGATGCCGTGAGAG,JMJD7,809,401,469
JMJD7_CTTTCTGTTGGCAGTGCACA,JMJD7,647,479,593
JMJD7_ACCTACCAGCTAACTGAAGA,JMJD7,2622,647,695
JMJD7_CCGTGCTAGGTCTGGCGCCA,JMJD7,1260,345,425
JMJD8_TGGGTATGTGTCCCGGAGCC,JMJD8,524,676,498
JMJD8_GCGGTTCCCAGCAGGCCAAA,JMJD8,23,1,22
JMJD8_TGCTCCACATACTCCTGGAA,JMJD8,1345,278,365
JMJD8_CAACCTGTCGCGGGAGCACA,JMJD8,643,80,115
JMJD8_CAGGATGACGGGCCTGACGA,JMJD8,904,216,278
JMJD8_AAGGTTCCCGGCGTGCAGCG,JMJD8,1595,397,615
JMY_ACCTCTGGCGCTCTCGGACG,JMY,2074,355,257
JMY_GATCTGCTGTCTTCGTAGCA,JMY,520,157,195
JMY_TTGGCAGCGGAAAGCTCACA,JMY,615,506,169
JMY_GGCAGCGGCTGCTGAACGGA,JMY,0,32,92
JMY_GCTGGAAGCAAGACGTGGAC,JMY,338,155,115
JMY_GAAAGATCTGCCTAGAAAGG,JMY,754,208,144
JOSD1_CTGTGTTCGAGAGGTGGGAG,JOSD1,1629,346,214
JOSD1_CTGTTTGGTGGGACAAGCGC,JOSD1,1850,168,48
JOSD1_ATGGCAGCACTTCAGACCAA,JOSD1,376,199,201
JOSD1_TAGGTTGTCTCCAAACACCA,JOSD1,338,148,50
JOSD1_CTACCATGAGAAACAGCGCA,JOSD1,1081,160,295
JOSD2_GCTGGTAGTGACCAAGGAGG,JOSD2,282,0,13
JOSD2_GGACGGTGTCTACTACAACC,JOSD2,466,147,431
JOSD2_GACACCGTCCACCTGGCGCA,JOSD2,253,4,128
JOSD2_GGCTGCGATGAGGGTTCAGC,JOSD2,117,37,102
JOSD2_GCAGCAGCTCTTTAGCCAGG,JOSD2,947,158,327
JOSD2_CACCCACCGTGTACCACGAA,JOSD2,3206,1311,1214
JPH1_GGCGGCCAGAGTACTTGGAC,JPH1,3,98,216
JPH1_GACTGCACATGCCAGAGCGA,JPH1,1125,242,242
JPH1_TAAGCTGCTTCCTTATCCCA,JPH1,271,32,46
JPH1_CAGCTCTGTCCGCAGCGACG,JPH1,1690,1463,1289
JPH1_CACCTCGAAGCCGTGCGACC,JPH1,812,253,107
JPH1_TACTCGGGCTCCTGGTCGCA,JPH1,454,165,101
JPH2_TAAGCGACGGTCAGGTCAGG,JPH2,818,107,321
JPH2_TCGGGCTGGTCCTCAAAGGG,JPH2,1626,479,482
JPH2_TCGCACTTTGGCCAGGGAGC,JPH2,1947,313,408
JPH2_GCGTGGTGCAGCCATAGCCG,JPH2,367,27,56
JPH2_GCTGGCTCTACAAGGGCGAG,JPH2,86,69,61
JPH2_CTCCATCATCAAAGTCGAAG,JPH2,2049,684,450
JPH3_AGTGGGTGTACAAGGGCGAG,JPH3,288,86,96
JPH3_GCAGAGCGTCCCGTATGGCA,JPH3,1604,635,594
JPH3_CTTCCCGGACGGCACCAAGG,JPH3,1868,81,26
JPH3_GACCTCCCACTCTCGGGCAA,JPH3,409,159,88
JPH3_GAAGCTGAGCAACTACCGGA,JPH3,10,0,47
JPH3_CCAGGATAGGCGCTGAGCCC,JPH3,1811,104,148
JPH4_CAGTTCAGGAAGTCTTCGAG,JPH4,2049,190,419
JPH4_GGCCGTGGAGGCAGCTCGAA,JPH4,845,546,379
JPH4_CTCCTTAGGTGCAGGCAGCC,JPH4,1480,514,484
JPH4_CTCTGAACTGGACGCCCACC,JPH4,651,192,101
JPH4_AGCAGCCGCTGTACTCGCCC,JPH4,67,98,51
JPH4_CATGGCTACGGCGTGTGCAC,JPH4,163,63,79
JRKL_ACCTCGCTATGTCAGGGAAA,JRKL,626,389,220
JRKL_CCATGTATGAGGAATTGGAC,JRKL,1123,468,959
JRKL_GAGTTAGCCAACCGGCAGAG,JRKL,740,255,345
JRKL_CAGTTACCATTAGCAGAGCA,JRKL,806,392,590
JSRP1_GGTCACACGGTCCTCCCGGA,JSRP1,351,36,33
JSRP1_GAGAACGACGAAGAGGAGCC,JSRP1,175,0,67
JSRP1_TCGGCTTTCCAGCTGTGCCG,JSRP1,1190,333,265
JSRP1_AGGCTGAAAGCCGGAGCGAG,JSRP1,390,300,336
JSRP1_ATAACCACAGGACTCTCAGG,JSRP1,482,0,102
JSRP1_CCTGGAGGACCACTCTGCGC,JSRP1,573,55,153
JTB_TCAGCGACAATTGGACAGAA,JTB,3618,1162,1218
JUN_TTGCGCGGGAAAGGCCAGGC,JUN,1010,140,195
JUN_CTGAGGTTTGCGTAGACCGG,JUN,1645,107,161
JUN_GGTCCGAGTTCTTGGCGCGG,JUN,80,82,70
JUN_CCTGAACCTGGCCGACCCAG,JUN,15,76,67
JUN_AAGGTCCGCTCTCGGACGGG,JUN,297,115,67
JUN_GCTCTCGGACGGGAGGAACG,JUN,548,150,72
JUNB_ACACAGCTACGGGATACGGC,JUNB,1250,114,32
JUNB_TCTGGTCAGGGCTCGGACAC,JUNB,2730,708,1107
JUNB_GGCGAGCTTGAGAGACGCGC,JUNB,0,75,49
JUNB_CTGCGGTTCCTCCTTGAAGG,JUNB,2600,611,609
JUNB_ACGCTCAAGGCCGAGAACGC,JUNB,1808,73,300
JUND_GGACTCAGTACGCGGGCACC,JUND,746,3,193
JUND_ATGTCGATGGGCGACAACGG,JUND,130,399,135
JUND_GCGAACCTGAGCAGCTACGC,JUND,981,1032,547
JUND_AAGCAGAACCAGCTCGGCGC,JUND,1326,195,241
JUND_GAGGAGCAGGAGTTCGCCGA,JUND,65,320,218
JUND_AGCGCCTCATCGCCGTAGAA,JUND,1275,285,380
JUP_CACATCTGAGAGGTTGCGCA,JUP,1314,581,363
JUP_AGTTACGCATGATCTGCACG,JUP,1229,404,531
JUP_TCTCCTGGTTGCCGTAGGCC,JUP,384,74,90
JUP_ACCTCTCCCACCACCGGGAG,JUP,503,88,357
JUP_CCAGATGTCCACAACAGCCA,JUP,2462,465,251
JUP_AACCACCACTTACACCCAGG,JUP,1090,313,240
KAL1_CATCAAGACGTTCCGGACGC,KAL1,812,253,376
KAL1_AGTTGGCCATCCTGATAGAA,KAL1,1349,251,369
KAL1_AAGGGAGCTCCGACTTCCAG,KAL1,113,33,126
KAL1_GACACGGCTGAAGAGTGCAA,KAL1,246,53,198
KAL1_AGCACCGGCTAACCTCCGGC,KAL1,387,194,287
KAL1_TCACTGGCAGACAGTGGCCC,KAL1,733,296,69
KALRN_GGATACCTCGATCCAGCAGC,KALRN,135,160,183
KALRN_CGTATTTGGCCAGCGTGCCA,KALRN,332,292,207
KALRN_AGTGAGGACGTGTGCAAACG,KALRN,1596,428,316
KALRN_CCAGGAGATGCTAGCCCGGA,KALRN,1297,226,138
KALRN_TCTTCCACTCCTGGTCCAGC,KALRN,100,21,91
KALRN_ACCAGGCATCCACTCCCGAC,KALRN,820,222,143
KANK1_CAGCATGGCTCACACCACAA,KANK1,2721,1146,1299
KANK1_GGTGCAGGACTCTATGAGGG,KANK1,540,11,81
KANK1_AGGAAAGCCAATCAGCAGCC,KANK1,170,328,295
KANK1_AGGTTTGAAGTCTGCCAGGG,KANK1,395,368,411
KANK1_CCAAGTTGATGACATAGCGG,KANK1,1632,818,440
KANK1_CAGTCACGGACGGATAGACA,KANK1,1675,279,392
KANK2_CCTGACTCGCATGCAGAAAG,KANK2,1422,546,365
KANK2_TCCCAACGCCCTCACAGAGC,KANK2,1415,317,463
KANK2_GGCATCAGGATCAAACACGG,KANK2,806,388,103
KANK2_GCGTGCGATCTATCATGAAA,KANK2,1653,631,864
KANK2_GGTGACGAAGACGATTCGGC,KANK2,32,0,28
KANK2_GGACTGTATCCACGCGGACC,KANK2,431,288,1001
KANK3_GAAGGAGAATGCGGTGACAA,KANK3,182,117,110
KANK3_GGCCATCAGCCATGGCCGAC,KANK3,528,320,170
KANK3_CATGGGTGATGTCAATGCCA,KANK3,842,45,96
KANK3_TCTGACCCGTATCCAGGAGC,KANK3,843,329,230
KANK3_ACGCACGCCTCCCTCAGACG,KANK3,2708,808,1006
KANK3_TCGCTGGATGTCCAGGCGCC,KANK3,2,63,32
KANK4_GGGAGTCAGCCACGACAGGG,KANK4,542,91,63
KANK4_ATTGGTCTCTGCGGAAGCCA,KANK4,0,34,119
KANK4_AGTGGTTCCGCGTCTCCAGC,KANK4,61,12,43
KANK4_AGAGGACTTGTCTGACAGCG,KANK4,735,245,371
KANK4_GACTATGGCTTCCGTGCAGG,KANK4,563,217,339
KANK4_CCGAGTTGATGCTCGTGGGC,KANK4,356,295,133
KANSL1_TGTAACCTGTGAGCTAGAGC,KANSL1,1065,305,407
KANSL1_CACTCGCTCCACCATGGGCA,KANSL1,2723,242,240
KANSL1_GGGAAAGACGTTCCAACAGA,KANSL1,142,13,24
KANSL1_ATGGCACCTGTGTGGCAGCC,KANSL1,384,199,98
KANSL1_GACCAATAATACGGGCACCA,KANSL1,1017,359,210
KANSL1_ATGCATGAGGTCTACTCACA,KANSL1,815,0,0
KANSL1L_TTGCTCCCATAGTGACCACC,KANSL1L,886,364,2025
KANSL1L_TATCTTCAACAGCTGGAGGA,KANSL1L,244,115,217
KANSL1L_TGAGTACATCAGCCCGAACA,KANSL1L,2203,496,757
KANSL1L_GAGCACGAGTTGGCAGCCGA,KANSL1L,467,138,148
KANSL2_TCAGATGTATAAGCCCGAGC,KANSL2,621,203,213
KANSL2_GCACCTCTGACTGGAACGAG,KANSL2,1208,222,66
KANSL2_ATACCGCCAGCGCTATGGAG,KANSL2,345,100,181
KANSL2_CCATTACTGTGGATCAGACA,KANSL2,967,141,0
KANSL2_CACAGGAGTGTTTCACCCAC,KANSL2,946,1,23
KANSL2_ATCGCGCGGACAGTTTCCAA,KANSL2,743,207,103
KANSL3_GCCACCCATCTGCTGAACAA,KANSL3,2073,530,106
KANSL3_GAAGCGGTGGCGGCGTGAAG,KANSL3,1420,123,104
KANSL3_ACTCAAGGTCTCCACAAGGG,KANSL3,1525,0,0
KANSL3_TGCCCGCTTGGCCAACGAAG,KANSL3,2049,384,99
KANSL3_GCCACTCTATGACAATCAGA,KANSL3,881,0,20
KANSL3_CCAGACTTCAGCTCGACGCA,KANSL3,1969,355,321
KARS_CTCTTTCCTCTTCTAGGCCA,KARS,956,78,62
KARS_CCTAGGCACCGCTCTAAAGA,KARS,1630,2,2
KARS_TACCATGTTGATTCGCCGGA,KARS,354,3,41
KARS_ACCCTTCCGGCGAATCAACA,KARS,2007,45,18
KARS_TTGTGGTTGGTGGCATCGAC,KARS,1133,118,135
KARS_GACTGACATCACCTTAAAGG,KARS,1140,7,6
KAT2A_TTCACCATGCCACCCTCAGA,KAT2A,1896,113,48
KAT2A_CATGAGTGGTTTCGTAGCGG,KAT2A,1183,128,188
KAT2A_CCTACAAGGTCAATTACACC,KAT2A,1962,284,293
KAT2A_TGACCCGGCCTGTGGTGGAG,KAT2A,2357,291,425
KAT2A_CGCTGCCTGCCTTACCCAAG,KAT2A,404,74,360
KAT2A_TCCGACTCCTGCACCCAGCC,KAT2A,1542,490,539
KAT2B_TTCTCCAGTTTCTTGGCCCG,KAT2B,1242,389,772
KAT2B_TTAGGAACTCACCTAGGGCA,KAT2B,692,154,151
KAT2B_TCTCTTTACCTGTGTCCACA,KAT2B,99,65,38
KAT2B_GATCGCAGTCTTCGTTGAGA,KAT2B,656,784,618
KAT2B_TTGACTTCTCTTGTCACAGG,KAT2B,536,208,251
KAT2B_TATGAAATTGTCCCAGCCAC,KAT2B,376,134,42
KAT5_AGGTGGTGAGTCCGGTGCCC,KAT5,207,85,174
KAT5_ATGGGTGACGCATGAGCGGC,KAT5,14,18,0
KAT5_GATCTGGACCGGGATTGGCA,KAT5,58,54,70
KAT5_TTCCTACTATCTCGGCAGAA,KAT5,2657,581,565
KAT5_GCCACGACGACATCGTCACC,KAT5,20,59,33
KAT5_AGGCAATGAGATTTACCGCA,KAT5,393,220,15
KAT6A_CAAAGCGTGAAGGCCAAGCA,KAT6A,1505,724,738
KAT6A_CTTCCCAAACTCAATGACAG,KAT6A,1359,331,413
KAT6A_CCCTTCAGCAAAGTTCGAAC,KAT6A,2315,251,520
KAT6A_CCACTCACCCGTATGCCAAA,KAT6A,2274,809,1074
KAT6A_TTCGAGTGAAGGCCTTACGG,KAT6A,1368,306,118
KAT6A_TTAGGAAGTGCTATTCGCCC,KAT6A,370,163,139
KAT6B_TATGGGAGCTTAGATGGCAA,KAT6B,256,63,37
KAT6B_ATTGGAATGGGATCAGCACG,KAT6B,726,37,27
KAT6B_CATCAAAGAGTGCCTTCAGC,KAT6B,391,199,121
KAT6B_CAAGGATGTCGTTACTGAAG,KAT6B,1030,385,181
KAT6B_AAGGCAATTAGCAGAGCGAC,KAT6B,464,164,98
KAT6B_AAGTTCATTGGCTCTGGAAC,KAT6B,1481,176,146
KAT7_GCCGGCAATGCCGCGAAGGA,KAT7,797,204,112
KAT7_GAGTCACCCGCTCCTCAGCC,KAT7,184,218,307
KAT7_CTGCAGATTTCGAACAGGAC,KAT7,2475,641,896
KAT7_TCACCGCCTCGAACTCCAAC,KAT7,174,225,296
KAT7_ACAACAACAGGCATGCAACC,KAT7,1552,719,386
KAT7_GACAACTCACCATGTGCCGG,KAT7,0,2,83
KAT8_CGTCACTTCCCTTCCCGCGA,KAT8,525,238,298
KAT8_GAACGACCAGGAGGGCCGAG,KAT8,158,0,0
KAT8_GGATCCGGACCTTCTGCACA,KAT8,1009,18,54
KAT8_CTTGGAGAAGGAGCATGAGG,KAT8,128,0,0
KAT8_CCAGCCTCACCAAGTGGAAG,KAT8,1296,124,138
KAT8_CCGACCAGGGTCAGTGCCAG,KAT8,987,0,1
KATNA1_CGTCCTTGATGGCAATGAGA,KATNA1,1042,288,368
KATNA1_AGGAAGATACCTGACGGCAA,KATNA1,659,436,61
KATNA1_AGTCCCTCGGCGACTACAGA,KATNA1,137,56,157
KATNA1_CTGTAGCTACTGCTTTAGCA,KATNA1,199,115,229
KATNA1_CAGACTTCTCCCTCAGAAGC,KATNA1,1414,461,482
KATNA1_GGGAAACTATGACTCTGCGA,KATNA1,205,71,118
KATNAL1_GATCTAATTCGACCTCACGA,KATNAL1,1074,273,369
KATNAL1_GACATCATACCTGTTGGGAG,KATNAL1,795,145,123
KATNAL1_TGAACATGAGGCAAGTCGCA,KATNAL1,722,395,677
KATNAL1_TCAAAGGGATTAGAAGGCCA,KATNAL1,702,86,204
KATNAL1_GCCTTCTACAAGTAGGGACA,KATNAL1,1078,300,235
KATNAL1_GGTTCATCTTGACAGGACAC,KATNAL1,379,136,193
KATNAL2_TGAAATTCACGCATCAGGCG,KATNAL2,2304,959,973
KATNAL2_CTTCTGTCCTCATCTCGCAC,KATNAL2,964,249,282
KATNAL2_GGTAGTTGATAACACTCGCC,KATNAL2,93,64,101
KATNAL2_ATTGGCAGCCGTGGTGAGCC,KATNAL2,573,241,181
KATNAL2_ACCATTGTCAGCAAATGGAG,KATNAL2,637,60,288
KATNAL2_GGGCAAGCTCAAATAACACC,KATNAL2,86,28,82
KATNB1_AGGCTGTCTTGGTGACCACA,KATNB1,850,348,129
KATNB1_TGGGCTTGTTGATGGACCAC,KATNB1,544,44,37
KATNB1_TTGAGGCGGACGCTCTCCAC,KATNB1,573,133,131
KATNB1_CTACAAACTCGCCGTACGGG,KATNB1,2290,315,303
KATNB1_GCTGAACCGGAGACACCGCA,KATNB1,228,79,14
KATNB1_GGTGGTGAGCTGCATCGAAG,KATNB1,555,49,33
KAZALD1_CTGGATGCGGCTGCTAGCGG,KAZALD1,638,261,103
KAZALD1_TGCGAACGACAGGCACACAG,KAZALD1,3596,584,744
KAZALD1_GATCTGCCGCCTGCAGGAGG,KAZALD1,355,32,27
KAZALD1_CACTTGGAATGTGACAGGGC,KAZALD1,987,27,109
KAZALD1_GGATGCCTGTAGAGTTCAGC,KAZALD1,24,39,45
KAZALD1_CCAGGTTTAGTGATCGCAGC,KAZALD1,1284,401,458
KAZN_GGACTCGGCGGCGACGAACA,KAZN,756,235,177
KAZN_AGTCGCCATCCGCTCGGACC,KAZN,597,221,304
KAZN_GGAGATGTTGGCGAAGGACC,KAZN,484,11,76
KAZN_TGCCACACTGGAGAGCCGCG,KAZN,1520,1073,709
KAZN_GGACAACCGGATGAAGGAGC,KAZN,749,85,124
KAZN_GACTCACCTTGCCGGTCCGC,KAZN,37,105,48
KBTBD11_ACTGCAGGGTGTCTGCGCCG,KBTBD11,523,74,165
KBTBD11_CTGCTACGAGGTCCTGAGCG,KBTBD11,1463,598,972
KBTBD11_CGTCTACTGCTTCCACGCGG,KBTBD11,804,167,200
KBTBD11_GAGAGTGGCGCGAGCTGACG,KBTBD11,804,147,267
KBTBD11_ACAACCCGGCCACGGACAGC,KBTBD11,1103,209,308
KBTBD11_CATCTACTGCGTGAGCCGCG,KBTBD11,269,49,220
KBTBD12_GATGTGGTACTCACAGCAGA,KBTBD12,14,89,297
KBTBD12_AATAAGGGCTAAATGCAGCC,KBTBD12,250,105,198
KBTBD12_CTCATCTCCCAAGTACGGAG,KBTBD12,1085,280,330
KBTBD12_AATTGGTGCGGAGTGAGAGG,KBTBD12,827,102,92
KBTBD12_GGGAAACTCTATGTCTGCGG,KBTBD12,1021,18,21
KBTBD13_GCCAGCGCTGTGTCATAGCG,KBTBD13,755,309,544
KBTBD13_AAACTCCAGCAGCCCGCGGC,KBTBD13,922,244,281
KBTBD13_AGCCTCTATGTGGTGCGCAA,KBTBD13,353,45,44
KBTBD13_TTGCTGTTGACGAACTGGCC,KBTBD13,806,119,407
KBTBD13_CTGCTCTACGCCATCGAGGG,KBTBD13,778,512,1142
KBTBD2_TATGCTGCCGCAGAGACCAC,KBTBD2,213,22,5
KBTBD2_TCACAACAGCTCTAACACAG,KBTBD2,4828,552,529
KBTBD2_ACCCATCTACAGTGCCAGAG,KBTBD2,1094,430,570
KBTBD2_TCATGTCCACTCAAGACGAG,KBTBD2,620,406,307
KBTBD3_TCTTGACAGGTGGTTGCAAA,KBTBD3,881,656,1067
KBTBD3_TTCTTGACAGGTGGTTGCAA,KBTBD3,1764,469,401
KBTBD3_ACTGCAAGCTTTGGATAGGA,KBTBD3,716,124,217
KBTBD3_GCTAACACACAACGATGACA,KBTBD3,696,68,219
KBTBD3_CTAACACACAACGATGACAC,KBTBD3,1950,828,812
KBTBD4_GGTGTTCATCGTGGCTGAAG,KBTBD4,544,138,114
KBTBD4_CTGCTGGTGCCAACCTCAAC,KBTBD4,1960,528,531
KBTBD4_ATTCCTCTGTATTCTGCAGC,KBTBD4,58,169,25
KBTBD4_ATGGAATCACCAGAGGAGCC,KBTBD4,188,114,110
KBTBD4_GGGAGTCTTTCGAGCGAGCG,KBTBD4,142,152,186
KBTBD4_AGGGAGTCTTTCGAGCGAGC,KBTBD4,180,91,14
KBTBD6_TTGTTGGTCTCTGAGACCAA,KBTBD6,113,66,152
KBTBD6_CAACCGCAATGTGCTGGCCG,KBTBD6,2622,328,557
KBTBD7_TTGTGGGTCTCTGAATCCAA,KBTBD7,278,177,373
KBTBD7_AGTCTTAGTGTGAGCAAAGC,KBTBD7,704,221,119
KBTBD7_TGTGAGCAAAGCTGGTCAAA,KBTBD7,696,556,465
KBTBD7_CTTCAAGCAGCTCAGCCGAA,KBTBD7,1216,944,981
KBTBD8_CGAGAAATGGCCGCGTCGGC,KBTBD8,291,221,333
KBTBD8_AGACCCAGCCAGCGATGCCA,KBTBD8,782,564,898
KBTBD8_GACAGACATTGTAGTGGAAG,KBTBD8,758,300,27
KBTBD8_TGTAAGGCCGCTAGTGAACA,KBTBD8,2187,686,613
KBTBD8_GCCTATTCTGGCTCGAAGCA,KBTBD8,1990,171,665
KBTBD8_TGTATACAGCTGCTAAGCCC,KBTBD8,605,120,93
KCMF1_AGAATGTTTCACCCTGGCCG,KCMF1,1034,181,362
KCMF1_TGTTGTAACTGAGAAGCGGA,KCMF1,537,62,31
KCMF1_ACTGCTTGTGTTAGTACGCC,KCMF1,51,43,38
KCMF1_CACTGCTTGTGTTAGTACGC,KCMF1,873,218,380
KCMF1_CACGCTCGCTTTCCATGGAC,KCMF1,1145,85,269
KCMF1_CACGCACTAAAGTGGACAGA,KCMF1,916,80,65
KCNA1_TCCTCGGAGAACATGTCCAG,KCNA1,1021,255,314
KCNA1_AGGAAACCAGAAGGGCGAGC,KCNA1,340,110,14
KCNA1_CGATGCTTTCTGGTGGGCGG,KCNA1,569,333,367
KCNA1_CACACCAGCGATGGCACACA,KCNA1,3160,1125,1278
KCNA1_CACAATGACAGGTACGGGCA,KCNA1,1452,379,531
KCNA1_TGAGTACATGGAGATCGAAG,KCNA1,1291,505,324
KCNA10_TGGAGACAATGACAGGCACA,KCNA10,247,118,316
KCNA10_CTCAGCAAAGTAGACTGCAC,KCNA10,968,686,460
KCNA10_AGCCTTCATCCTCCCGGAAC,KCNA10,2005,498,918
KCNA10_CCTAAATGAAGGAAACCAGC,KCNA10,450,128,152
KCNA10_CGAAAGCACCAACCATGAGA,KCNA10,748,373,433
KCNA10_GAAAGAAATGGAGGTTGCGC,KCNA10,236,45,87
KCNA2_GCATGACTGTACAGTGGACC,KCNA2,147,140,109
KCNA2_CAAAGCCAGAAGAGTAAGCG,KCNA2,1161,292,378
KCNA2_AAGTTGTCCAGACACTCCAA,KCNA2,439,104,236
KCNA2_CAACCGGATGACACGGAGGA,KCNA2,1409,575,387
KCNA2_CACCGGAGACCCAGCAGACG,KCNA2,2637,679,886
KCNA2_CCAATTATGACAGTGGCCAC,KCNA2,183,197,48
KCNA3_GATGGTCAAGACACCGGCGA,KCNA3,437,135,179
KCNA3_CTGGCCGAACGACAGGGCAA,KCNA3,467,466,227
KCNA3_TACCGAGCTGGCCGAACGAC,KCNA3,542,692,851
KCNA3_GAGTCCTGCGACGTCGAGGC,KCNA3,545,360,134
KCNA3_CGATGGGCACGTTGACCGGC,KCNA3,1023,143,270
KCNA4_TTAGAGACAATCACTGGCAC,KCNA4,702,320,98
KCNA4_ACTGACCTGGCCCAGCAACA,KCNA4,449,505,443
KCNA4_CGAGGGCTTTGTGAGAGAAG,KCNA4,1651,630,693
KCNA4_AGCTGCTGTCGAAGGTAGCG,KCNA4,1219,640,870
KCNA4_GCCTTATGGTTATGCTGCCC,KCNA4,384,50,87
KCNA5_GGTGCCATGACCGTCAGAGG,KCNA5,14,269,299
KCNA5_CAGCGATGGGCCCAAGGAGC,KCNA5,360,3,223
KCNA5_CCAAGGAGCCGGCGCCAAAG,KCNA5,1463,706,975
KCNA5_AGTAGCGCAGGCGCTTGGCG,KCNA5,259,136,149
KCNA5_CGTCAAGGCCAAGAGCAACG,KCNA5,6663,1302,1298
KCNA6_ATCGGAGAAATCCCTTACGC,KCNA6,1461,100,105
KCNA6_GCGTGTCCGGAAACAGCGAC,KCNA6,117,40,60
KCNA6_AGAAGCGGACTCGCCGGCCA,KCNA6,1561,551,454
KCNA6_AAGAAGCGGACTCGCCGGCC,KCNA6,528,281,144
KCNA6_CTACCACCGGGAGACGGAGC,KCNA6,585,197,151
KCNA7_CTTTGCCGAAGTTGACCGGG,KCNA7,540,124,164
KCNA7_CCTCCTGGTCTGTCCAAGCA,KCNA7,1555,641,304
KCNA7_GACTTCCGCGACGACCGCGA,KCNA7,2,41,112
KCNA7_GGCGCGCGTCGTCGTAGAAG,KCNA7,1199,398,441
KCNA7_CGTCGTCGTAGAAGCGGCCG,KCNA7,812,246,300
KCNA7_CGAGCGGCTGGTGCTCAACG,KCNA7,1542,790,534
KCNAB1_CGGCATGCCTGTGGTGCAGA,KCNAB1,526,338,639
KCNAB1_TTTCTGTTCGGCTGCTCCAC,KCNAB1,39,82,174
KCNAB1_CGCTATCATCGCGCGCAGCC,KCNAB1,225,151,148
KCNAB1_ATGACCATCGCCTATGAAAG,KCNAB1,1412,437,381
KCNAB1_ACCGGACAGTAACACTCCCA,KCNAB1,770,12,76
KCNAB1_TCAGCTTGTTCACAGACCGG,KCNAB1,3241,595,548
KCNAB2_TCACCTGTAGATCATCCCGG,KCNAB2,2482,323,578
KCNAB2_AGCGTGTCCGTCTGGCGGAC,KCNAB2,699,282,346
KCNAB2_ATCGGTGATCTGGCCTCCGA,KCNAB2,439,1,61
KCNAB2_CGATTATGTGCTTCCTGGAC,KCNAB2,1029,422,556
KCNAB2_TGTGGTGTTTGCCAACCGCC,KCNAB2,98,16,29
KCNAB2_TGATGACGTGGGTCATGGCG,KCNAB2,604,242,311
KCNAB3_CTATGTCATCAACCAGGGCC,KCNAB3,1463,500,374
KCNAB3_CAATGTCCACGTATCCCAGC,KCNAB3,256,89,30
KCNAB3_GGGAACATCCTCAAGAGCAA,KCNAB3,231,94,89
KCNAB3_CTGACTGTAGCCTATGAGCA,KCNAB3,2165,949,850
KCNAB3_CTAGGCTAGGCAGATGGGCC,KCNAB3,332,437,325
KCNAB3_CCTCACTGCTCCGGCTGCGA,KCNAB3,1553,297,251
KCNB1_GATGGTGGCCCACCAGAAAG,KCNB1,419,75,132
KCNB1_GGAAGATCTGGACCACGCGG,KCNB1,1055,172,98
KCNB1_AGGCAGCGTGTTGAGGGACA,KCNB1,1214,62,250
KCNB1_CGAGGTACTCTGGCGTACCC,KCNB1,1135,328,527
KCNB1_CAGCAAGGCGTGCTCTCGGC,KCNB1,444,133,173
KCNB1_CATGGAGATCGTGCGCAGCA,KCNB1,572,670,481
KCNB2_AGTCTTCCTGTTTAAGCCCG,KCNB2,495,117,257
KCNB2_GAAGTCTTCCTGTTTAAGCC,KCNB2,311,90,131
KCNB2_AGTCGTCGCACACTTCCAGG,KCNB2,593,94,298
KCNB2_AAGGAGGGAGGCTCTTGAGC,KCNB2,164,156,158
KCNB2_CAGTTCCATACTTCGAGCGA,KCNB2,882,169,185
KCNB2_ATAATCACCTGTCGCCAAGC,KCNB2,647,305,345
KCNC1_CAGGATGTGCGCGAAGACGC,KCNC1,950,152,163
KCNC1_TCGTCGGCGCTGTTGTCCAG,KCNC1,1402,195,230
KCNC1_GATCTCCGTCTTGTTCACGA,KCNC1,611,191,152
KCNC1_GCAAGTGCGCTACTACCGGG,KCNC1,988,143,46
KCNC1_CCGGTTGATAAGAGGAAGCA,KCNC1,683,702,723
KCNC1_TGCTAAGTATATGCCGACAG,KCNC1,1556,464,383
KCNC2_TACTGGTTACACGCAAGCCG,KCNC2,2014,454,297
KCNC2_GCATTCCATCCTACATCACC,KCNC2,192,43,303
KCNC2_CTGTCGTCACCTGATAACAC,KCNC2,2378,778,959
KCNC2_CCTACCTTTCTACTTAGAGG,KCNC2,1198,120,132
KCNC2_CCTTCTACATACGTCAAGGC,KCNC2,1085,191,69
KCNC2_GCAAGATCGAGAACAACGAG,KCNC2,800,172,496
KCNC3_GCGCTAAAGGATGGAGGGCA,KCNC3,1627,258,682
KCNC3_TCTCAGGCGGTGACAAGAGC,KCNC3,635,284,352
KCNC3_CGACCTCAACGCCAACGCCG,KCNC3,2326,322,214
KCNC3_GGTCCCGGCTATAGCGGCCA,KCNC3,154,140,188
KCNC3_TTGCAGTAGTTGGGCGAGCC,KCNC3,2258,563,1107
KCNC3_AGCCGAGCTCCTCCTCAAAC,KCNC3,2096,986,1627
KCNC4_TGCCACTCACCCTAGCGGCC,KCNC4,1298,395,525
KCNC4_CACCAGCGTGCACTTCCGGC,KCNC4,684,17,144
KCNC4_GGGAAGAGGGTATGATCGAG,KCNC4,333,164,234
KCNC4_TCGAGTGGTGGAGCGTCGCA,KCNC4,448,272,192
KCNC4_GCCGATGGTAGTGTCCGGAA,KCNC4,735,407,203
KCNC4_CTGGGCATAGTTGGACGAGA,KCNC4,1481,283,606
KCND1_TTGACCTGAACTGCGACAGC,KCND1,300,413,280
KCND1_CCGTGGCAGCATGCAGGAGC,KCND1,481,484,364
KCND1_TCTCTAGACAGTGCAGCAAG,KCND1,843,133,311
KCND1_TCGCTCCAGCTACGGAGACA,KCND1,716,276,170
KCND1_AGTCCACACTCACCCAAGCG,KCND1,2113,964,994
KCND1_CCAGCTCTTCGTCGAAGGCC,KCND1,452,135,229
KCND2_TGACCTGGGCTTGATCCGCA,KCND2,1345,238,499
KCND2_ACAGCATACCGCTCTCCACA,KCND2,1471,151,199
KCND2_CACAGCATACCGCTCTCCAC,KCND2,955,119,305
KCND2_ATCAACGAGCAGACAAACGA,KCND2,724,251,128
KCND2_AGACAAACGAAGGGCACAAA,KCND2,2717,912,589
KCND2_TTTGTGTCGTCGTGAACAGC,KCND2,1182,334,316
KCND3_ACTACGACGGGAGCAGCAGG,KCND3,198,9,96
KCND3_GGAGGTTCGTACAGATAACA,KCND3,707,165,343
KCND3_CTGGCTCTCGATGAGTGAGG,KCND3,1008,165,411
KCND3_CCACACGGATCCTGGCAAGG,KCND3,1801,1180,685
KCND3_GACGCCACTCAAGGAGCAGA,KCND3,980,0,38
KCND3_GGTCTGGCGGAAGCTGAGCG,KCND3,566,138,102
KCNE1_GGGAAGGCTTCGTCTCAGGA,KCNE1,184,176,105
KCNE1_AGTGCTCCAGCTTCTTGGAG,KCNE1,222,161,95
KCNE1_GGGTGGCAACATGTCGGGCC,KCNE1,882,250,344
KCNE1_GATCCTGTCTAACACCACAG,KCNE1,653,132,202
KCNE1L_CCGTAAGCTCGTCGAGGCCA,KCNE1L,624,429,483
KCNE1L_CCTCGACGAGCTTACGGGAG,KCNE1L,425,111,461
KCNE1L_TCACCTCGCGGCCCACGAAA,KCNE1L,1164,527,542
KCNE1L_GGTGCAGCTCGAGCAACAGG,KCNE1L,133,21,22
KCNE2_GCACTGTGAAATCCAAGAGA,KCNE2,1679,204,181
KCNE2_CACTGTGAAATCCAAGAGAC,KCNE2,1909,283,374
KCNE2_ACCAGTACATTGTAGAGGAC,KCNE2,1009,139,78
KCNE2_CATGAGAACATTGGTGCGGC,KCNE2,394,129,150
KCNE2_TGCCTTTCTCCCTTATCAGG,KCNE2,229,22,130
KCNE3_CTTGTCCACTTTGCGGGAGC,KCNE3,1086,347,387
KCNE3_TAGGAGTTGTCATCACGGCC,KCNE3,529,25,62
KCNE3_GCAATTTGCTCTGCCGGCCA,KCNE3,642,178,103
KCNE3_AGCAATTTGCTCTGCCGGCC,KCNE3,585,69,97
KCNE3_CTACCAATGGAACGGAGACC,KCNE3,779,199,103
KCNE4_GCAGAAGAACCCTCTTGGAC,KCNE4,2730,692,579
KCNE4_TTGAGGCTGCCTCCACAGCA,KCNE4,909,274,481
KCNE4_CTACATGAAATCCAAGAGGC,KCNE4,924,103,42
KCNE4_CGTCTTTGTACAGCAGCAGG,KCNE4,1598,242,683
KCNE4_CACCCTCTGTTCCATGGAAG,KCNE4,1573,556,611
KCNF1_CATAGAGATAGTCGTCAACG,KCNF1,2044,823,331
KCNF1_AGTTGATGAGCTCCGCCAGC,KCNF1,394,109,197
KCNF1_GCTTGTTGGGTGACGAGAAG,KCNF1,1340,275,202
KCNF1_AGCGTGAGGCTCACGTAGAA,KCNF1,1364,409,590
KCNF1_GAACTCAACTCCAGCAGCGG,KCNF1,925,178,264
KCNF1_TGCTTCTCCTCGGTCAGGAG,KCNF1,1140,285,509
KCNG1_AAGAGAGGGTGATGTTCCGG,KCNG1,466,113,108
KCNG1_CTACGTCATCGAGAACGAGA,KCNG1,885,135,242
KCNG1_CGTTCTCGATGACGTAGAGC,KCNG1,2030,748,462
KCNG1_AACGCGCCACCACGAGGGAA,KCNG1,1057,265,190
KCNG1_CGGTCACGAAGAGCACCGAC,KCNG1,261,266,410
KCNG1_GATTGAGGAGTTCGCGGAGA,KCNG1,1025,177,118
KCNG2_CCGGCACGTCATCATCAACG,KCNG2,4924,1791,2017
KCNG2_CGTGACGGCCACGAAGGACA,KCNG2,1270,157,678
KCNG2_ACATCCGCGCCGAGGAGGAG,KCNG2,141,66,94
KCNG2_TGATGTTGAGTGGCGCGCGC,KCNG2,822,818,727
KCNG2_CGTAGAACGGCAGGAGCGCC,KCNG2,24,0,61
KCNG2_GACCAAGCTCCTGGAGCGCG,KCNG2,597,191,140
KCNG3_GGACCTGGAAACATCCAACA,KCNG3,1296,389,484
KCNG3_CAAACGTTGCTACCGAGAGA,KCNG3,1790,242,158
KCNG3_GCGAGAACTCTCAACTCCAG,KCNG3,632,297,216
KCNG3_ACACCACCGACACGCTAGCC,KCNG3,869,530,723
KCNG3_GGCCTCGGTGGTGCTGAACG,KCNG3,644,584,522
KCNG3_CATGACCTTCGGGCGCAGCG,KCNG3,552,78,50
KCNG4_TTCTCGGCCACGTAGACCAA,KCNG4,980,238,496
KCNG4_TCTCGGCCACGTAGACCAAA,KCNG4,652,289,395
KCNG4_CTCGGCCACGTAGACCAAAG,KCNG4,2687,457,549
KCNG4_GCGGAAGCTGCTGAGGAAGC,KCNG4,798,252,109
KCNG4_CAAGGGCCTTTACTACCGGA,KCNG4,835,85,259
KCNG4_TCAAGGGCCTTTACTACCGG,KCNG4,1797,576,908
KCNH1_GCTGCTCCGTCTTGGGCGAG,KCNH1,862,347,579
KCNH1_TGATCAGATTCCACCACCAC,KCNH1,849,303,341
KCNH1_CAAGAGCACTGACAAGCAGC,KCNH1,525,178,265
KCNH1_TGCTCCAATTCGAAACGAAC,KCNH1,1002,858,816
KCNH1_GGAATGCTCAGATAGTGGAC,KCNH1,311,182,240
KCNH1_AATATTGTTCGGCGGTCCAA,KCNH1,379,74,141
KCNH2_TACCTCCTGGGCCACGAGGC,KCNH2,350,124,69
KCNH2_TAATGGTGCGGTAGCGCACG,KCNH2,8,151,107
KCNH2_TCAGGCGGAAGGTCTTGGCG,KCNH2,1269,183,263
KCNH2_CGGTGGTTGGTGTCATGAGC,KCNH2,778,195,465
KCNH2_ATCGCCTTCTACCGGAAAGA,KCNH2,265,475,276
KCNH2_CTCAGGATGCCGGTGCGGAG,KCNH2,2461,537,724
KCNH3_GCCGTCGAAGCGCGTAGCGA,KCNH3,440,69,68
KCNH3_CCATCAGAGCAGTAGACCAC,KCNH3,1668,141,160
KCNH3_AGCGAAACCAAGAACCGAGG,KCNH3,80,33,41
KCNH3_TATGGCCGGGCACGATCCAA,KCNH3,265,144,151
KCNH3_TGCACGCACCAAGGATGAAG,KCNH3,4646,801,971
KCNH3_CGTGTCCAAGTCGGGCCAGG,KCNH3,904,114,152
KCNH4_TAGTGGAGGCCAATGGAACG,KCNH4,2113,383,303
KCNH4_CCACGGCGATGTCGCTGACA,KCNH4,1584,259,767
KCNH4_AATTTCGGTCTGCCAGAAGA,KCNH4,403,112,88
KCNH4_TGATGGGCATCATGTCCAGG,KCNH4,630,29,31
KCNH4_CTTCCTGCTGGCCAACGCAC,KCNH4,644,361,427
KCNH4_GGGCCATGCCGGTCATGAAG,KCNH4,520,77,175
KCNH5_TGACCTACACATCATCAAGC,KCNH5,2289,604,483
KCNH5_GGTTTGGAACTCTACCGCCA,KCNH5,122,10,70
KCNH5_GGTCCAGTTTCCTAGCCACA,KCNH5,232,105,325
KCNH5_TCAGAAATGACCTCTCCACC,KCNH5,883,153,232
KCNH5_CGAAATTTGCCCGATTGACA,KCNH5,1778,1034,945
KCNH5_ACTACAACTCTCCTTACCAC,KCNH5,577,185,242
KCNH6_CCGAAAGATGCCGGTCCGCA,KCNH6,337,320,97
KCNH6_ACTCTTCGGCTACTCCCGAG,KCNH6,437,155,58
KCNH6_ATCTACCAGGCAGCGGAAGC,KCNH6,233,214,135
KCNH6_GACACAGAACGTCACTGAGA,KCNH6,587,90,150
KCNH6_CGGAAGATCAGGAGGTCGAA,KCNH6,2295,1388,1045
KCNH6_CAGCTTGGCAAGCGCTACAA,KCNH6,1039,313,393
KCNH7_ACTCCTCCGTCTTGTGCGCG,KCNH7,854,435,472
KCNH7_CAGTGTATATGACCAACAGC,KCNH7,417,409,198
KCNH7_AATCTGATGTGGATCCCAGG,KCNH7,285,204,54
KCNH7_TTGACCATTCCTCTCCCAAA,KCNH7,1508,1060,612
KCNH7_TCCATGGACCCGAGACCAAG,KCNH7,1408,333,586
KCNH7_GGGCCAACATGCCTGTGCGC,KCNH7,1021,148,199
KCNH8_TAGCCACCTGGGCATTGGCA,KCNH8,385,136,195
KCNH8_ACTTTGACTCAGCCCGGAGA,KCNH8,391,74,127
KCNH8_TTGTGCTCCGAGTTGTGGAC,KCNH8,640,479,302
KCNH8_GCATCCACTATGTCACAACC,KCNH8,2681,686,954
KCNH8_TATAGGCACTTCGGATCGAC,KCNH8,179,144,78
KCNH8_ACAACCTGGTCAGTCAACAA,KCNH8,3889,1679,1468
KCNIP1_AAACAAAGGCGACCCTCGAA,KCNIP1,1500,173,62
KCNIP1_ACTCTTTCCTAGACATCGCC,KCNIP1,179,102,45
KCNIP1_CATGGTTTGCCATCGGCCCG,KCNIP1,2278,218,449
KCNIP1_ATGGTTTGCCATCGGCCCGA,KCNIP1,155,70,41
KCNIP1_GAGAACCTTCCAAACAAGGC,KCNIP1,299,38,113
KCNIP1_GGAGTGTCCTCTTTGAGCAC,KCNIP1,834,177,221
KCNIP2_CACGTACCCTGCACTCCGGG,KCNIP2,659,147,262
KCNIP2_CAAGGACGGCTGCATCACCA,KCNIP2,524,455,296
KCNIP2_CTCAGGCCGGTGACACACGG,KCNIP2,1708,750,820
KCNIP2_CACCGAGAAAGCGGAAGACC,KCNIP2,641,127,178
KCNIP2_AGCGCGATCCCTCTACCAGC,KCNIP2,107,94,82
KCNIP2_ACAAACTCTCCTTGCGGCCC,KCNIP2,608,347,601
KCNIP3_TTCAGCGCCCAGGATGCAGC,KCNIP3,708,130,67
KCNIP3_GAAGTGACAAAGGCGTCGGA,KCNIP3,291,278,246
KCNIP3_GATGCCGAACTGCTTGAGGA,KCNIP3,259,75,334
KCNIP3_AGATAGCAGCGACAGTGAGC,KCNIP3,603,15,94
KCNIP3_CTGCTGCAGGAGTGTCCCAC,KCNIP3,937,270,76
KCNIP3_TTCAACGCCTTTGATGCGGA,KCNIP3,359,251,155
KCNIP4_GGAGCATCTTCTTTGAGGAC,KCNIP4,821,345,397
KCNIP4_GAGCTTCAGATCCTTTACAG,KCNIP4,1442,244,437
KCNIP4_CCAAGCGCAGCATTAAAGAG,KCNIP4,1986,617,711
KCNIP4_CAGTTTGGGCTGATTGAAGC,KCNIP4,1107,524,526
KCNIP4_CATCCTACCGCCTGTAGAGC,KCNIP4,1447,523,583
KCNIP4_GGAAAGCATTTCGGCTCAGC,KCNIP4,642,431,182
KCNJ1_TCCGCTGCCATGTGGAAGAA,KCNJ1,2257,1089,1077
KCNJ1_AACGCAGTGATCAGCAAACG,KCNJ1,2838,799,1039
KCNJ1_AGAACGCAGTGATCAGCAAA,KCNJ1,1036,377,324
KCNJ1_TGTACGCTACTGCATACCAC,KCNJ1,599,206,285
KCNJ1_CGTGTCAAACACATTCCGAC,KCNJ1,1215,407,251
KCNJ10_GCTTCAGACCCACCAAACCA,KCNJ10,2091,587,569
KCNJ10_GCAACTCGGATCATGAGGCA,KCNJ10,1819,229,375
KCNJ10_CCGGGCAATCTTCGCCAGGA,KCNJ10,594,562,2434
KCNJ10_CATCAGTGAGGAATGTCCAC,KCNJ10,1246,173,63
KCNJ10_TGTCAATGAAGGTTGTCCAC,KCNJ10,214,159,150
KCNJ11_GACATGGTAGATGATCAGCG,KCNJ11,804,117,288
KCNJ11_GCATGAAGCAGAGGCGGCCG,KCNJ11,987,162,89
KCNJ11_CTGCACGATGAGGATCAGGA,KCNJ11,821,588,1226
KCNJ11_TGGCTCATCGCCTTCGCCCA,KCNJ11,1088,300,40
KCNJ11_GGAATACGTGCTGACACGCC,KCNJ11,538,64,36
KCNJ11_GGAGCCATGCTGTCCCGCAA,KCNJ11,460,210,104
KCNJ12_TGGCGCCCGACATGGTGACC,KCNJ12,265,336,176
KCNJ12_TGATGAGCTGCGCGCGCACA,KCNJ12,821,293,198
KCNJ12_CGCGCAGCTCATCAAGCCGC,KCNJ12,678,211,245
KCNJ12_AAGCCGCGGGTCACCGAGGA,KCNJ12,1230,233,276
KCNJ13_AAGCCCAAACAGGACTGACC,KCNJ13,517,346,164
KCNJ13_GATAGAGTACAGCTGAGACC,KCNJ13,104,11,0
KCNJ13_GAATCCTAATGGACATGCGC,KCNJ13,737,118,206
KCNJ13_ATACCGGAGGATGGTCACCA,KCNJ13,667,153,160
KCNJ13_AAGTCAAAGATACCGGAGGA,KCNJ13,583,77,228
KCNJ13_CGGTATCTTTGACTTAGGAG,KCNJ13,1488,440,422
KCNJ14_CCACCCGTTGCGGCACAACC,KCNJ14,2112,1108,1039
KCNJ14_TTTCGTAAACCTGGGTGGCC,KCNJ14,469,89,319
KCNJ14_ACGTGTGAGAAGCAGGGCGC,KCNJ14,606,1581,149
KCNJ14_CACGTGTGAGAAGCAGGGCG,KCNJ14,578,76,173
KCNJ14_AGAGTCGATCTCATGGACGA,KCNJ14,867,152,252
KCNJ14_CCTCATAAGTGCGATGGAAG,KCNJ14,1479,265,697
KCNJ15_CCCACTCTTGGACATGACGC,KCNJ15,1683,544,449
KCNJ15_GACATTCCTCTGTGATGGAA,KCNJ15,621,109,428
KCNJ15_CCTGCAGACCCACGTCACCA,KCNJ15,1922,1030,1165
KCNJ15_GCAGACCCACGTCACCAAGG,KCNJ15,1102,115,155
KCNJ15_AGCCACTGTCAAATTCCACG,KCNJ15,1608,487,272
KCNJ16_TAACTGTTCCTTCTACCACG,KCNJ16,825,188,343
KCNJ16_GCAGTGCCAAGCAATTGGAC,KCNJ16,836,280,423
KCNJ16_ATCCTGCACGTCGGACACCA,KCNJ16,980,88,337
KCNJ16_CGGACACCAAGGCGAGACGA,KCNJ16,1127,683,630
KCNJ2_GCCACCATGGCAGTTGCAAA,KCNJ2,1765,920,949
KCNJ2_AGCCGCTTTGTGAAGAAAGA,KCNJ2,1204,478,446
KCNJ2_GGACCTGGATGCATCCAAAG,KCNJ2,1232,177,297
KCNJ2_GACCTGGATGCATCCAAAGA,KCNJ2,1038,420,384
KCNJ2_GCTGTGTTTGATGTGGCGAG,KCNJ2,1398,593,452
KCNJ2_CTAAGTCTCTGGCACTACAA,KCNJ2,1528,601,635
KCNJ3_TTCTCACCTACACCGTGGCC,KCNJ3,8,121,246
KCNJ3_AGACCATGTGGCTGTTGCGC,KCNJ3,1718,546,470
KCNJ3_TCCAGTTCAAGTTGGTCAAG,KCNJ3,1349,532,319
KCNJ3_ACCTTACAGTGTGAAAGAGC,KCNJ3,1095,195,350
KCNJ3_GAGGAGCAGCTAGGATGGAA,KCNJ3,802,34,89
KCNJ4_GGACAACATCTCCTACCGCA,KCNJ4,896,188,109
KCNJ4_CATTGTCCACGAGATCGACG,KCNJ4,1157,396,538
KCNJ4_AAGCCCTACATGACCCAGGA,KCNJ4,713,100,365
KCNJ4_CATCAAGCCCTACATGACCC,KCNJ4,2850,350,477
KCNJ4_TGATGAGCTGGGCCCGCACG,KCNJ4,944,313,252
KCNJ4_GCACCGGAACCCATAGCCGA,KCNJ4,456,331,360
KCNJ5_GAGTGACCTCTTCACCACCC,KCNJ5,265,108,224
KCNJ5_CAACTTGCTCGTCTTCACCA,KCNJ5,1313,233,540
KCNJ5_CCATGGTTTACACTGTCACC,KCNJ5,648,272,369
KCNJ5_TCCACTCTTGGTCGCCAACA,KCNJ5,1434,886,1296
KCNJ6_ATCCCTTAGTGCCAAAGAGC,KCNJ6,97,69,23
KCNJ6_GCTTTGGAGATCTCCCAGAA,KCNJ6,2247,424,435
KCNJ6_AATCCAAACAGACCTCGGAG,KCNJ6,920,185,250
KCNJ6_TCAGCCGAGATCGGACCAAA,KCNJ6,953,796,659
KCNJ6_CCAGCCAAAGTTGCCTAAGC,KCNJ6,865,510,645
KCNJ8_CACGTGGCAGATGATCAAAG,KCNJ8,2007,640,538
KCNJ8_GGTGGTTCCTATTCACCAAC,KCNJ8,543,29,125
KCNJ8_GACCACCTGGATGCGCACAG,KCNJ8,1429,615,850
KCNJ8_CCCGCTCTTGGCGATGAAGC,KCNJ8,1378,425,492
KCNJ8_GCCCGCTTCATCGCCAAGAG,KCNJ8,1863,1230,2189
KCNJ8_CAGAAAGAGTATCATCCCGG,KCNJ8,976,201,51
KCNJ9_GACGGACCTGTTCACCACGC,KCNJ9,715,49,197
KCNJ9_TGGCTGATCGCCTACGGCCG,KCNJ9,1577,274,376
KCNJ9_AGTCGTCCCTCTCGAGGGCA,KCNJ9,240,92,301
KCNJ9_TCAGCACTGACGTGAAGCGG,KCNJ9,1127,365,527
KCNJ9_TTCGTGCAGTGCTCGAGAGC,KCNJ9,801,242,125
KCNJ9_CAGCCGGCTGGATGAGAAGG,KCNJ9,942,173,114
KCNK1_AGACCACTGCGCCGAAGACC,KCNK1,249,155,249
KCNK1_ACGCCTCGGGCAACTGGAAC,KCNK1,1069,441,364
KCNK1_GGACCACAGCCGTCAGGAAC,KCNK1,1930,537,460
KCNK1_CGGATGTGGAAGTAGAGGAC,KCNK1,2195,896,714
KCNK1_GGTTTCCAGAACTACCAACA,KCNK1,822,174,138
KCNK1_CTTCTCCTCGATCACAGACC,KCNK1,1407,344,308
KCNK10_TACCCACGGACACCAAAGAC,KCNK10,827,330,816
KCNK10_CTGGCATCAATTATCGGGAG,KCNK10,1657,901,909
KCNK10_GCCGGCCAAGATGAACAGGA,KCNK10,1010,407,103
KCNK10_ATTGCTCCGAGCACTGAAGG,KCNK10,355,366,401
KCNK10_AGGCACTGCCGAGGTCCCAG,KCNK10,36,11,37
KCNK12_CGCCAGAACGGCTTCTCGGG,KCNK12,2233,511,546
KCNK12_ATGGCATTGCGCCGGGCCAG,KCNK12,277,187,277
KCNK12_AGGACAGCAGCACGGCGAAC,KCNK12,2122,262,162
KCNK12_TTCTCGGCGCTCGAGAGCCC,KCNK12,236,288,93
KCNK12_TGTCCTCGTTGAGGTGCGAA,KCNK12,1046,351,371
KCNK12_CCTCGTTGAGGTGCGAACGG,KCNK12,1003,477,399
KCNK13_TTGTCCTCGTTCAGGTGGCC,KCNK13,616,298,367
KCNK13_CTCCAGCGCGGAGAAGACGG,KCNK13,615,95,201
KCNK13_CGTCTTCTCCGCGCTGGAGC,KCNK13,1482,367,290
KCNK13_TCATGAAGTCGTGCCACCAG,KCNK13,1340,518,651
KCNK13_CTTGCGATCACGCAGGAACG,KCNK13,1857,752,769
KCNK13_CATCTCCATAGAGACAGACG,KCNK13,1159,289,102
KCNK15_CTCGAGTCCGAGGCGGAAAG,KCNK15,1190,584,550
KCNK15_CCTGGGCGAACGGCTGAACG,KCNK15,2320,1221,1274
KCNK15_CCAGCCCTCGAAGTGCGAGA,KCNK15,557,205,728
KCNK15_CGCTGGCAACGAGGAAGCGC,KCNK15,178,119,137
KCNK15_ACCTCTCCAGCTTGTGCACG,KCNK15,1778,506,446
KCNK16_ATTTAGACCACTCCATCCCG,KCNK16,326,104,120
KCNK16_GCTGGCGCTGATCCTCCCAC,KCNK16,90,0,23
KCNK16_TGAAGCTCCAGCCCTCCACA,KCNK16,1788,127,427
KCNK16_TGAGGAAGATCACGTTAAGC,KCNK16,550,437,436
KCNK16_CATGGCCCACTGGTCCAGGC,KCNK16,47,44,0
KCNK16_CTGCCTGGACCAGTGGGCCA,KCNK16,146,38,362
KCNK17_CATCCCAAAGAGGATCCACA,KCNK17,202,75,210
KCNK17_ACCGCTGCTCTTCTCCCACA,KCNK17,1013,197,120
KCNK17_GAGTAAACCACTGGGCCAGC,KCNK17,770,41,179
KCNK17_CCTCGTGGTGCTCAACCGAC,KCNK17,798,266,178
KCNK17_CGGATCAGCGAGTCCAGCGC,KCNK17,1246,133,316
KCNK17_CACCGGCGTGTTCTGGACGC,KCNK17,890,251,244
KCNK18_CTCTGCCATTGAGGACGGCC,KCNK18,934,143,267
KCNK18_GGTTTAACAGGACCACACAC,KCNK18,157,71,180
KCNK18_GCACAAGTACTTGCCAAGCC,KCNK18,543,307,810
KCNK18_CGCCTGTGTCCGTGAGAACG,KCNK18,4467,725,784
KCNK18_ATACTCCATCATCAGCAACC,KCNK18,1417,217,151
KCNK2_AGACCCGGCTATAGAGCAGG,KCNK2,1152,62,25
KCNK2_CTCCAATGCTTTGAACACGG,KCNK2,4541,621,810
KCNK2_CTGCTCCAATGCTTTGAACA,KCNK2,3759,1236,1676
KCNK2_AACAGTGCCAGCAAAGAAGA,KCNK2,844,247,300
KCNK2_CATAGAAGGCTGGAGTGCCC,KCNK2,523,120,71
KCNK2_GCGGAAGCTCTCGGCAGAAC,KCNK2,1479,855,939
KCNK3_CGGAGCCCGAGCTGATCGAG,KCNK3,880,374,884
KCNK3_CGCCTCAAGCCGCACAAGGC,KCNK3,354,190,282
KCNK3_TGCTGCACCGCGCCAAGAAG,KCNK3,2051,1276,1245
KCNK3_TCTCGCGGCTCTTGTACCAC,KCNK3,1095,349,293
KCNK3_CGCACGTGTCGGACGTGGAG,KCNK3,296,285,247
KCNK3_CTGCACAGGCAGCGTCGCGA,KCNK3,336,111,73
KCNK4_CCTGGTCGCTCACACACGGA,KCNK4,710,120,297
KCNK4_GCCAGTAGGATCCCAAACAG,KCNK4,1906,664,763
KCNK4_TGTTTGGGATCCTACTGGCA,KCNK4,1223,157,246
KCNK4_TGGGCGTGAGGACAAAGAGC,KCNK4,1047,154,166
KCNK4_TACTCGCAGCCAGTTCCCGA,KCNK4,754,111,124
KCNK4_ATAATCCAGGGCCGAGGCCG,KCNK4,155,150,113
KCNK5_CGCTAGAGGACAACTTGGCA,KCNK5,2420,1003,655
KCNK5_CTCAGTCACCATGAATACGA,KCNK5,1927,726,603
KCNK5_CCTGACGTGGATCAGTGCCC,KCNK5,1172,193,113
KCNK5_ACAGAAGAGGCGACCGGCGG,KCNK5,533,384,141
KCNK5_AGACCTTCAACAACTGGAAC,KCNK5,1300,488,318
KCNK5_TGATGGCCGAGGTGAGCAGA,KCNK5,524,409,303
KCNK6_CGCCAGCACTCGCTCCACGA,KCNK6,3961,1907,1811
KCNK6_AGGCGCTTACGTACCCACGG,KCNK6,502,534,552
KCNK6_TGAGGCGGTCAGCAGCAGCA,KCNK6,1007,417,311
KCNK6_CGCATGCTCAGCCAAGACAG,KCNK6,3489,480,1407
KCNK6_GAAACTGGCAGGGCACGGAG,KCNK6,688,495,466
KCNK6_CATCCGCATTGAAACTGGCA,KCNK6,3158,116,131
KCNK7_AGTCCTAGAAGCAAGTAACC,KCNK7,811,17,248
KCNK7_CTCGCTCAGCACCATTGGCC,KCNK7,1547,373,344
KCNK7_CTGCCAGTGGACCGCTACCC,KCNK7,1740,380,230
KCNK7_TGGACCGCTACCCAGGCACG,KCNK7,345,137,91
KCNK7_CCAGCAAGTGGGCCACAACC,KCNK7,1430,703,805
KCNK7_CAGGAGCCCGTATCGGGACC,KCNK7,610,125,47
KCNK9_ACAGCTTTACCGACCACCAG,KCNK9,2591,445,651
KCNK9_GAGATGGAGCTAATAGGCGA,KCNK9,295,118,222
KCNK9_AGCTAATAGGCGATGGGAAG,KCNK9,1869,267,667
KCNK9_CGATCTTGTAAGAGATGGAG,KCNK9,196,36,185
KCNK9_ATTTCCACTGGACGCCGGCG,KCNK9,731,154,200
KCNK9_CCTTGCTGGCGGCCATGAAG,KCNK9,322,88,44
KCNMA1_GGACTTTCTGCACAAGGACC,KCNMA1,308,34,0
KCNMA1_AGGGACGTAGCTGGCAAACA,KCNMA1,1706,291,420
KCNMA1_ACTCACCAAATGGATGAACC,KCNMA1,1640,260,100
KCNMA1_GGATGACCTCCGTGAAGGAC,KCNMA1,293,312,118
KCNMA1_ATCTAGCCACCTCGAGCGCC,KCNMA1,157,86,19
KCNMA1_AGGACGCGTCTAGGCTGAGA,KCNMA1,255,101,31
KCNMB1_TCTGGGCCGCCAGGATGGAC,KCNMB1,975,538,306
KCNMB1_GAGGCGCTGGAATAGGACGC,KCNMB1,178,187,352
KCNMB1_GGCTGTGCTGTACCACACGG,KCNMB1,777,519,678
KCNMB1_ACGTGTCAGCTGCCGGCAGG,KCNMB1,491,340,381
KCNMB1_TCAACGTGTCAGCTGCCGGC,KCNMB1,710,139,130
KCNMB1_ACACCACCATGGTTACACCC,KCNMB1,2207,178,189
KCNMB2_AGATGAAGAGGTCCGGCCAC,KCNMB2,104,84,88
KCNMB2_CCGAGCTATTCTCCTGGGAC,KCNMB2,1597,758,427
KCNMB2_ACCTCTGCATGTATGAGCGC,KCNMB2,932,101,189
KCNMB2_CGTGATGGACGCATTCAGCA,KCNMB2,2208,552,958
KCNMB2_TTAACGTACACCTGGAGGCA,KCNMB2,680,327,195
KCNMB2_AAGTCAGGTTAACGTACACC,KCNMB2,419,182,265
KCNMB3_CCTACCTGTGTCTCGTGAGC,KCNMB3,246,309,364
KCNMB3_TCATCCTGCTCACGAGACAC,KCNMB3,774,391,245
KCNMB3_CCTGAAGTGTGATTTGCACG,KCNMB3,1678,558,352
KCNMB4_CCGTGTACTCGTAAGCCACC,KCNMB4,879,137,152
KCNMB4_TGATGAGAAACAAGCCGAGC,KCNMB4,793,115,131
KCNMB4_GCTGCAGGATCTGCAAGCCA,KCNMB4,226,67,66
KCNMB4_TTCACGTAGACCTGGACGCA,KCNMB4,1681,341,264
KCNMB4_CGCCCACCACAAATGTCACC,KCNMB4,921,244,821
KCNMB4_CAAGAGCTTGGCGGTCAAGG,KCNMB4,990,168,344
KCNN2_GCGCTCTATGGAACCGGCGG,KCNN2,861,100,189
KCNN2_ACACGATGATCAGACCGAGC,KCNN2,1059,170,221
KCNN2_TGCTCCAATGCTTCTAGAGG,KCNN2,763,594,350
KCNN2_TTGCCACTACAGCTACCACC,KCNN2,1032,263,221
KCNN2_CCAATGTACTCAGGGAAACA,KCNN2,2930,1147,1181
KCNN2_CACTTTGGTGGACTTGGCAA,KCNN2,1125,290,323
KCNN3_CACTGCCCTTGTGGTGGCCG,KCNN3,499,591,601
KCNN3_TGTGATGGAGATGAGCCACA,KCNN3,657,126,313
KCNN3_TGTCCACATCGGCCTCCGCC,KCNN3,103,20,105
KCNN3_AGGCGATGATCAAGCCCAAA,KCNN3,488,238,377
KCNN3_GATGGAGAGACCTATAAAGG,KCNN3,314,143,208
KCNN3_TCATGGCGATCTCCGTGAAG,KCNN3,1113,399,258
KCNN4_TACCTTGGAGATGTCCACCA,KCNN4,385,304,118
KCNN4_CTACAAACATACTCGCAGGA,KCNN4,1296,470,521
KCNN4_CACCACGTCACCATAGCCGA,KCNN4,1440,526,324
KCNN4_TGCGGTAGGAAGCGTTGAGC,KCNN4,1138,300,185
KCNN4_TCGTGCATTTAACCAGGAAC,KCNN4,1712,889,889
KCNN4_CCGAAAGCGCTTGCTGGAGC,KCNN4,1369,231,307
KCNQ1_TGTAGACGCGGCCCTGGACG,KCNQ1,1151,430,508
KCNQ1_CGCTGAAGATGAGGCAGACC,KCNQ1,1868,1583,1708
KCNQ1_GCTGGTGGTGTTCTTCGGGA,KCNQ1,563,74,213
KCNQ1_GACGCACCTGATGGCCGACG,KCNQ1,423,106,208
KCNQ1_ATGCTACACGTCGACCGCCA,KCNQ1,1469,110,253
KCNQ1_GGTGAACGAGTCAGGCCGCG,KCNQ1,186,9,333
KCNQ2_TGAGGGTGAAGGTTGCCGCA,KCNQ2,696,201,76
KCNQ2_CATCCGCGTAGGTGTCAAAG,KCNQ2,615,207,234
KCNQ2_ATGTGGCAAAGACGTTGCCC,KCNQ2,226,53,28
KCNQ2_GACTATCGTGGTGTTTGGCG,KCNQ2,1066,270,488
KCNQ2_GAGTATGAGAAGAGCTCGGA,KCNQ2,166,36,24
KCNQ2_ATGGTGCAGAAGTCGCGCAA,KCNQ2,726,179,212
KCNQ3_GGAGACGCCAATTAAGGAAA,KCNQ3,331,243,213
KCNQ3_GGTTGAGAAAGACGTCCCAG,KCNQ3,59,94,61
KCNQ3_GAAGCGCAGGCTTCGCAGGG,KCNQ3,308,152,148
KCNQ3_TGCCGATACAAAGGCTGGCG,KCNQ3,754,337,314
KCNQ3_ATGAGACTGTCTCGGGAGAC,KCNQ3,696,232,158
KCNQ3_CGGCGACGAGGAGCGGAAAG,KCNQ3,3553,679,299
KCNQ4_CACGGCCGTGCAGAGCGAAC,KCNQ4,644,247,468
KCNQ4_ATCGTCCGGGTCTGGTCCGC,KCNQ4,2042,276,178
KCNQ4_GAAGCGCATGCTGCGCAGCG,KCNQ4,389,129,238
KCNQ4_CGCAGGAGCTGATCACCGCC,KCNQ4,297,335,543
KCNQ4_AGTACAGGCGCCAGGCAGCC,KCNQ4,180,108,29
KCNQ4_CTTGTTTGAGCACGTGCAAC,KCNQ4,1250,603,522
KCNQ5_ACAGGTAGTTCTGCACCCGC,KCNQ5,749,74,269
KCNQ5_TGTCGATATAGAGGATGGCA,KCNQ5,854,185,259
KCNQ5_GAGACTTCTGAGTGCAGACG,KCNQ5,934,59,82
KCNQ5_GGTGCAAAGATACTCACGGC,KCNQ5,92,86,47
KCNQ5_AAGCCTCAGTAGGTGACAGG,KCNQ5,962,342,206
KCNQ5_TCTCAGTATGCTCGGTCGGG,KCNQ5,1085,199,217
KCNRG_ATGCGTGCCAAACGAGAAGC,KCNRG,166,64,0
KCNRG_CCTTCAGCGCCGACCTGGAA,KCNRG,654,85,335
KCNRG_AAGACCTTCTTACCATGACC,KCNRG,436,87,123
KCNRG_AAGTGTCAATCAGTAAGCCG,KCNRG,1451,527,689
KCNS1_TTGGTGGTTGCTGTTGCGCA,KCNS1,2030,639,704
KCNS1_CCTTCTGGCGCCGGTAGAAG,KCNS1,564,193,272
KCNS1_CCACTTCTACCGGCGCCAGA,KCNS1,547,219,276
KCNS1_TGTCGATGAGGTTGAGCGGG,KCNS1,1843,327,263
KCNS1_CTGCTGCACTTCTACCGCAC,KCNS1,1643,285,484
KCNS1_GCCCGGGAACTCGCTCACAA,KCNS1,3419,339,689
KCNS2_CGGAGGCTAACGTCGAGGAC,KCNS2,1998,437,289
KCNS2_TCAATGTGGGCGGCTTCAAG,KCNS2,1008,291,173
KCNS2_CGGGCTCTACTTTGCGGCCA,KCNS2,1946,868,635
KCNS2_CCGCAAAGTAGAGCCCGAGC,KCNS2,1522,278,357
KCNS2_CGGCTACTCAGTGCTGAGCA,KCNS2,1125,436,493
KCNS2_TACCGTCAGTATGACCACAG,KCNS2,884,546,414
KCNS3_TCTGCCTTCTGTATCCACCA,KCNS3,838,500,158
KCNS3_GCGGTTTCCTCACACCAGAC,KCNS3,99,51,55
KCNS3_GCTTACTTGCCATTCTGAAG,KCNS3,1305,247,405
KCNS3_TAGCGATAAGCTTAGCGGAC,KCNS3,236,255,331
KCNS3_GCTTTCCCGCCAAGGTGACC,KCNS3,12,145,163
KCNT1_CCGCATGCCACTCCCTGACG,KCNT1,1682,616,887
KCNT1_CGTCCTTCCAGAACGACGAC,KCNT1,893,342,385
KCNT1_AAGCACTTACTGAGACAGGG,KCNT1,1188,73,387
KCNT1_ACGAGAACACCTTCAAGGAG,KCNT1,682,261,245
KCNT1_GCGCGTCCTGCTCGATGACC,KCNT1,719,197,370
KCNT1_ACTCGTCCTCCGAGATCAAC,KCNT1,201,135,121
KCNT2_TTGGGACTGGACACTACACC,KCNT2,1259,169,199
KCNT2_GCATGAATCTCATGTTGGCG,KCNT2,1728,490,449
KCNT2_GAGTGTCTGCACGTTCACAA,KCNT2,625,235,389
KCNT2_TACCCTGTCTCTTCCTACAG,KCNT2,1231,15,54
KCNT2_CTTGATTGGTGTTAGGAGGG,KCNT2,763,298,258
KCNT2_GGGATGTCACTCCTGAAACA,KCNT2,902,442,558
KCNU1_GATGATGAGTCCACTGAAGA,KCNU1,687,244,35
KCNU1_TCTTACATGGCTCCTAGCGA,KCNU1,896,70,423
KCNU1_TTCTACGAGCCATCAAGACC,KCNU1,1762,460,292
KCNU1_GAATCCCGCAGCTGTGAACC,KCNU1,136,152,171
KCNU1_TTGACGTTGTTGCCATGACC,KCNU1,1289,193,378
KCNU1_GCATGGGAATCACTGCACAA,KCNU1,2718,1258,1487
KCNV1_GGCCGACTTCTTCGTAACAC,KCNV1,368,487,314
KCNV1_CTGGGTGATTGTCATCCCAA,KCNV1,856,131,258
KCNV1_TTCTGGCGAACAGTGGGACA,KCNV1,312,255,214
KCNV1_AGTGAACAGGACTTCTCCCA,KCNV1,132,51,0
KCNV1_TCGATTCCTGCTGCAGGGAC,KCNV1,737,303,384
KCNV1_GCTGCTCCATGACATGCAGG,KCNV1,341,167,121
KCNV2_TCACATTCAGCGTGGACAGC,KCNV2,1049,708,421
KCNV2_CCAGCTGGACTACTGCGAGC,KCNV2,1567,792,697
KCNV2_CCATGGCGATGAAGAGCAGC,KCNV2,1006,229,184
KCNV2_TGAGTATACCACCATACGCA,KCNV2,1476,483,273
KCNV2_TACCACCATACGCAGGGAGA,KCNV2,1161,168,221
KCNV2_ACCACCATACGCAGGGAGAG,KCNV2,339,87,558
KCTD1_CCGGATGACGGAGGGTACAC,KCTD1,1290,598,461
KCTD1_TCCTTCGGCGGGAACTGAGG,KCTD1,687,159,172
KCTD1_CGCACGACGAGGCACTCACA,KCTD1,1237,418,271
KCTD1_GCCCTTCGGGCTGCTCAACA,KCTD1,428,166,109
KCTD1_CATAGAAGGAGCGCAGCACG,KCTD1,3361,884,999
KCTD1_TATGGACCAGAGCGCCGCGC,KCTD1,602,85,45
KCTD10_AATGCGCTCCTGGAGGCCAC,KCTD10,330,12,120
KCTD10_TGTCTCTGCGCTTTAACGGA,KCTD10,610,39,65
KCTD10_TTGTAGAGCAACTTCACGGC,KCTD10,827,85,65
KCTD10_TGCCTACTTGTAGGGCCGCC,KCTD10,24,154,48
KCTD10_GGTGAGCTCAGCGGTGCCAG,KCTD10,0,72,87
KCTD10_CACTCTGCAGGGCCCTGACA,KCTD10,109,0,9
KCTD11_CTTCATCGACCGGGATGGCA,KCTD11,1529,178,212
KCTD11_GCGCTGTCTCTCCGTACCCA,KCTD11,1428,155,29
KCTD11_TTCCCGCAGCGCGTCCAGGA,KCTD11,1804,620,959
KCTD11_GGCGAGCAGAGAAGTGCACC,KCTD11,39,50,33
KCTD12_ATGGTGGCGTGCAGCTCCAC,KCTD12,242,13,93
KCTD12_CAAGTTCAACTTCCTGGAGC,KCTD12,789,289,384
KCTD12_CTCGGAGCCCGAACAGCAGG,KCTD12,817,271,174
KCTD12_GCACGAGCTGCAAGTCCCGC,KCTD12,1396,198,133
KCTD12_AGGCCGCTTCTTTCTGGACC,KCTD12,523,240,284
KCTD12_GCACACGTGGATTACCCAAC,KCTD12,869,170,133
KCTD13_ACCGAGAGCACCGTGTCCGC,KCTD13,1314,138,11
KCTD13_AGCTGGCCCTGCGCTTCCAC,KCTD13,981,284,172
KCTD13_GGTTATGGCCAGCCAAAGCC,KCTD13,65,81,130
KCTD13_GCCGGAGAGTACGAGAGAAC,KCTD13,974,243,410
KCTD13_GAGGTGCTGACCGATGCCGG,KCTD13,259,257,200
KCTD13_CTCCACGCGGCCGCTGAACA,KCTD13,2848,629,667
KCTD14_GCCGGGCTACAGCGAGAACC,KCTD14,1573,667,404
KCTD14_AAGGCCTCCACGGACGCGGA,KCTD14,84,10,20
KCTD14_GAAGTTTCCGGGCTCAAAGC,KCTD14,133,118,69
KCTD14_TGGCTCGTCATCCTGCCCAC,KCTD14,2,1,9
KCTD15_AGCCTAGATGCCTCACCGCA,KCTD15,655,346,402
KCTD15_TGTCCCGGCTGTCTCTCACC,KCTD15,409,203,124
KCTD15_TGGGTTCAGTGCCATTGAAG,KCTD15,1996,307,406
KCTD15_CTTCAAACTGTCCAGGACGA,KCTD15,1807,347,156
KCTD15_GCCGGCAGTAGCCATTGAGC,KCTD15,1211,268,198
KCTD15_CACTGCTGTTCGAATCAAGC,KCTD15,1481,506,947
KCTD16_CAGCTCTACCACCTCAGGGA,KCTD16,1254,311,84
KCTD16_GACTTTGAAGATGCCTCCCA,KCTD16,116,30,22
KCTD16_TGCTCCCTGCCGACCGCAAG,KCTD16,294,74,72
KCTD16_TGTCGCAGCTAGATGTGGAG,KCTD16,2877,656,875
KCTD16_CTGGACCGTCCCATCAAGAA,KCTD16,2639,847,725
KCTD16_GACTGTTGGATCAGCTGGAC,KCTD16,1135,386,441
KCTD17_CGGCGATGAGGATGGAGGCC,KCTD17,313,13,145
KCTD17_CTTCCTCCGGCATGGCAAGC,KCTD17,445,126,363
KCTD17_TGATCCGCATCATCAAAGAC,KCTD17,2177,290,468
KCTD17_GAAGCGCCAGCCATCAGACA,KCTD17,1111,358,401
KCTD17_CTCCTACAACTACGGCAGCG,KCTD17,758,118,352
KCTD17_GGCTGGTTCACAGAGCACGG,KCTD17,75,219,95
KCTD18_TCTTCAGCTTTATCACCCGC,KCTD18,1145,96,243
KCTD18_ACATGGCTCCAATTCGAAAG,KCTD18,1173,441,604
KCTD18_CATTGGCCAAATGGTCAGAC,KCTD18,705,357,507
KCTD18_CCGCATCGCCCTACAGGAAG,KCTD18,3035,1243,1050
KCTD18_CCAACATGGAGTCCTTGAAG,KCTD18,2506,758,513
KCTD18_GGAGTCCTTGAAGCGGCACA,KCTD18,410,259,107
KCTD19_GCAGGGTGGTTGCGTACCAG,KCTD19,1089,386,589
KCTD19_TGAAGACTCATCTGGAGCCA,KCTD19,1086,593,413
KCTD19_CAAGTACCCGGACTCTGCGC,KCTD19,199,87,35
KCTD19_CACTCACTGAAGCCGTAAGG,KCTD19,1484,338,499
KCTD19_GGCTGGGATATTTGGCCACC,KCTD19,545,154,206
KCTD19_TGACCTCTTCAGAAAGCCAG,KCTD19,345,68,221
KCTD2_CACCAGACAGACCTTAGGCC,KCTD2,370,208,272
KCTD2_AGGAGCCTATCTGATTGACA,KCTD2,746,32,37
KCTD2_TAGTGATGATGAGTTTCCCG,KCTD2,1319,51,207
KCTD2_CGTCATAGAGCCGAGCGAAA,KCTD2,2938,1344,1087
KCTD20_CAGTGACAGGTTATTGCGGC,KCTD20,842,303,306
KCTD20_TATGAGGACCAGATGAAGCC,KCTD20,86,287,171
KCTD20_ATCCGGATACCATGCTGGGA,KCTD20,329,193,124
KCTD20_CTTCACTCGGCCCAATGAGA,KCTD20,199,144,135
KCTD20_CGGATGAGGATTCTGTGGAC,KCTD20,677,184,281
KCTD20_GGGATTTGCTTCGAACACAC,KCTD20,511,252,311
KCTD21_ACTGAACCAGCGTGTGCAGA,KCTD21,132,94,104
KCTD21_GCTGAACATGGCGCCTAGCA,KCTD21,511,256,243
KCTD21_CCATCACGCTGAACGTCGGG,KCTD21,914,177,133
KCTD3_TCGTCCAACTGAACGTAGGG,KCTD3,894,157,147
KCTD3_ACAGCCTGTTCTCTCTGGAA,KCTD3,624,334,264
KCTD3_TAGTAGCTGGCCATCACAAC,KCTD3,1599,462,475
KCTD3_GAGCATCTACAGGAACACCC,KCTD3,611,249,122
KCTD3_TGATCGTCTCGCTCTCCAAA,KCTD3,1474,374,564
KCTD3_TTGTAGTACAGTCAACAGCC,KCTD3,1263,148,184
KCTD4_TAGCTGTTCTTTCTCCCACC,KCTD4,627,120,111
KCTD4_ATTCTTTCAGCTCAAGGGAC,KCTD4,635,86,152
KCTD4_GGAGAACTTCTATTGCCCGA,KCTD4,188,25,24
KCTD4_AGTTTAGGACATGCCTGAAG,KCTD4,853,175,88
KCTD4_TGAAGGGAAACACAACAGCC,KCTD4,802,231,393
KCTD5_GCCCTGGCAGCGTGTCCAAG,KCTD5,1128,1401,2500
KCTD5_GGATTTCGGGTCCCGGCACA,KCTD5,135,718,1031
KCTD5_AGGATTTCGGGTCCCGGCAC,KCTD5,613,1176,574
KCTD5_TCCCGACCTGGACTCAGACA,KCTD5,1468,1757,2295
KCTD6_AGACGCATCACTGGAGCAGA,KCTD6,566,406,70
KCTD6_TGCGTTATGATGACAGCCAC,KCTD6,452,297,305
KCTD6_TGGACCCTGTGATTATCACC,KCTD6,45,104,114
KCTD6_TTTCACGATCCGCAACACCC,KCTD6,619,181,83
KCTD6_GCTCACTCATGTGATGCACC,KCTD6,575,35,38
KCTD7_CCAGACAGCCGTCGTCAGGA,KCTD7,1061,640,1055
KCTD7_CGTAGCACCGCAGTGTGGAC,KCTD7,896,205,172
KCTD7_TGTTCGAGCTGTGTACAAAG,KCTD7,1220,1024,770
KCTD7_TCCTTATAGACCACTTGGAG,KCTD7,845,395,272
KCTD7_TCTACCACAATGTGGCCGAA,KCTD7,665,143,374
KCTD7_CATCGTTGAGAAATACCCAC,KCTD7,316,91,121
KCTD8_TTCCAGAGCGCAAACGCCAA,KCTD8,1204,292,321
KCTD8_AGCTGTTGCCTGCTGGGCAC,KCTD8,1140,228,116
KCTD8_CTCTGAATGGCTGTCACAAC,KCTD8,1904,1503,1694
KCTD8_GGTCGATGAAGAAGCGCGCC,KCTD8,0,38,31
KCTD8_AGCTCCACTACTTCAGGGAA,KCTD8,742,246,317
KCTD8_CACTACTTCAGGGAAGGGCG,KCTD8,347,93,13
KDELC1_GGCGAAAGATCACGATGAAG,KDELC1,407,108,186
KDELC1_CCGCAAAGAGAGACTCGAGC,KDELC1,1950,650,1024
KDELC1_ACTTATCTCTCACCGGCCCA,KDELC1,4,37,68
KDELC1_TATAGAAATAGCGGGCGGGA,KDELC1,529,9,32
KDELC1_TCGCCGAGACCGGCGGAGAA,KDELC1,809,312,284
KDELC2_ACCCGAAGTACGTGATGGAA,KDELC2,1403,344,1080
KDELC2_CTTTGGACAGCTGTACCAAC,KDELC2,781,216,160
KDELC2_GCATGGCTTCAAGCATGGAG,KDELC2,367,55,94
KDELC2_GACTCTTTCTTGTCCAACCA,KDELC2,571,343,279
KDELC2_ATGTCCCTAAACCTTTGGAC,KDELC2,228,70,104
KDELC2_ATAGCGGACCGGCAGGACGA,KDELC2,480,161,232
KDELR1_GCACGCTCTATCTCTTCAAC,KDELR1,867,380,365
KDELR1_CAAGGCGCCTACCTCCAGAG,KDELR1,1853,535,673
KDELR1_GAACCATGACACGTTCAGAG,KDELR1,626,822,522
KDELR1_CAGTGAACACCACAGCAAAC,KDELR1,2746,758,556
KDELR1_TGGAAGTCCCGCTCGTGCGC,KDELR1,900,592,565
KDELR1_GCAGTAGCAAGATGATGGCG,KDELR1,1094,268,285
KDELR2_TAGGATGGTCTGGACTACGC,KDELR2,555,257,159
KDELR2_CACCAGAAACTCCACTCGGA,KDELR2,316,27,56
KDELR2_AAGCCAGCTTCTGTTTGCAC,KDELR2,1778,110,74
KDELR2_ATGTTCCAAGGAGACAGGCG,KDELR2,815,94,82
KDELR2_CTTCAGCAGCAGGATGACGA,KDELR2,1009,502,254
KDELR2_GGATGACGATGGCCGCCAGG,KDELR2,86,33,66
KDELR3_TGGTGAAGACGAGAGCAAAC,KDELR3,1503,421,361
KDELR3_TTGCTCTCGTCTTCACCACC,KDELR3,649,60,419
KDELR3_TGAGAATGACACATTCCGCC,KDELR3,564,285,33
KDELR3_GGACCAGAAGAAACTCCAGG,KDELR3,272,4,38
KDELR3_TCTTGCTGATCATGAAGAGC,KDELR3,515,137,54
KDELR3_ACCGCCTGATCCAGTTAGCC,KDELR3,938,636,586
KDM1A_GGAATAGCAGAGACTCCGGA,KDM1A,257,25,28
KDM1A_GGATACTACAACTCACCCGA,KDM1A,243,74,40
KDM1A_TGGACCACAACAGACCCAGA,KDM1A,640,292,157
KDM1A_CGAGTTGCCACATTTCGCAA,KDM1A,1450,383,467
KDM1A_TGTCCGTTGGCTTCATAAAG,KDM1A,1659,2041,900
KDM1A_CAACTTCCAATGCCTGGCCA,KDM1A,512,375,253
KDM1B_TACCGGAGCTCCTCAAAGGA,KDM1B,942,444,569
KDM1B_GGAGAGATGATACCATCGGG,KDM1B,190,195,41
KDM1B_TGGCTATCTGTGGAGTAAGC,KDM1B,979,497,1007
KDM1B_ACTCACTAGATCCTCTGGGA,KDM1B,221,12,113
KDM1B_GCCACTGGCAATGCCAGCCC,KDM1B,299,7,14
KDM1B_CACTCATTGGGCTGGTAGAA,KDM1B,1140,717,1581
KDM2A_AGATGGAACCCGAAGAAGAA,KDM2A,1237,189,200
KDM2A_ATCTTCATAGCGTCGTCGCA,KDM2A,26,1,151
KDM2A_TATGGCAGGGAGTCGTCGCA,KDM2A,616,43,103
KDM2A_TGGTATCACATCCATCAAGG,KDM2A,1917,591,249
KDM2A_CTTACCTGAGGGAATGACGA,KDM2A,1456,152,208
KDM2A_CAACATTGAAGATCGGACAC,KDM2A,493,92,32
KDM2B_ACGAGATCGAGGACAGGACG,KDM2B,1356,907,613
KDM2B_TTCTTTGGCATCGTTCCACA,KDM2B,887,292,389
KDM2B_TGTTGTCCACCCAGTCCACC,KDM2B,498,274,227
KDM2B_AGAGTTCAGCCACACCAAGC,KDM2B,963,488,785
KDM2B_TTCGCAGCCAGCTGTACCAG,KDM2B,2485,1013,657
KDM2B_TGAATTTGAGTCGGCCACAC,KDM2B,1123,293,192
KDM3A_GCGATGGCAGCCACGACAGC,KDM3A,941,270,102
KDM3A_AAACCTCTGTTGGACAAAGC,KDM3A,1002,572,436
KDM3A_TAGGTGGAGAGTTGGCAGCC,KDM3A,428,260,235
KDM3A_AATGCACCAGAAGTGAAAGC,KDM3A,593,414,374
KDM3A_AAAGCTGCAACAGAGTGGCG,KDM3A,1251,262,249
KDM3A_TGGAGACCACTTCTGTCAAA,KDM3A,1455,493,681
KDM3B_CGAATGCCCTGGAGAAGGAC,KDM3B,1093,438,423
KDM3B_TTTGGGTTCTGTGGTTCCAG,KDM3B,419,102,44
KDM3B_CTACAAGAGATATTCAGCCG,KDM3B,1879,426,619
KDM3B_ACTCCATATTCTACAGCCAC,KDM3B,491,149,103
KDM3B_TGGCTAGAACACCATTGGAC,KDM3B,1164,134,170
KDM3B_CAAGTGTCGTGAATGCCGCC,KDM3B,1,151,35
KDM4A_TCATCGGGCAGGGCTAGCCA,KDM4A,847,278,188
KDM4A_CGGTTGGAACGCCTCGCCAA,KDM4A,389,35,59
KDM4A_CATCAGCTCACCTTGTCAAA,KDM4A,2189,1045,1042
KDM4A_TCTTGTTCAGGTGACTCAAG,KDM4A,568,55,95
KDM4A_CTGACAGTGCTCCTGTAGAA,KDM4A,3242,1257,1031
KDM4A_TCCCTATTCGGTGCTTGGCC,KDM4A,415,74,39
KDM4B_TAGAGTCGCAGGGAGCCCAC,KDM4B,87,20,63
KDM4B_ATGTCATCATACGTCTGCCG,KDM4B,1104,88,181
KDM4B_CCATGTCCAGGATGGTCCGG,KDM4B,2972,176,87
KDM4B_TACGCCATCCCACCAGAGCA,KDM4B,2940,468,527
KDM4B_TGAGGGTCATCTTATGCCGC,KDM4B,476,128,351
KDM4B_GCAGATCACGCAGGAGGCCG,KDM4B,162,112,36
KDM4C_CCATCGTGCGGGTCTTGCAA,KDM4C,481,211,144
KDM4C_AGGTGATTCCTCCTAAGGAG,KDM4C,302,18,67
KDM4C_TTCGGTGTGCCATGCAAACG,KDM4C,857,279,362
KDM4C_TATGCTATACCTCCGGAGCA,KDM4C,966,153,289
KDM4C_TCCTACCTTGCAGATAACCC,KDM4C,1115,359,186
KDM4C_ATCTGCTAGCAGGATGCAGG,KDM4C,507,49,25
KDM4D_CCTCTGCGCAGTTGAAACCA,KDM4D,680,363,336
KDM4D_AGAAGGAAGTCCAGTTACCC,KDM4D,980,388,393
KDM4D_AATCTGTGCAGATGGACCAG,KDM4D,574,155,204
KDM4D_GAGCTCTCAGTTTCTGAGGA,KDM4D,192,227,194
KDM4D_TGCATGTTGTGCCCGCCAAG,KDM4D,1903,674,484
KDM4E_GGGTTGCACAATGCGCACAA,KDM4E,1622,595,488
KDM4E_TAACAGTGCCCTGAGGACAC,KDM4E,66,86,42
KDM4E_TGGTTGTTGTACTCGAGAAC,KDM4E,1368,665,820
KDM4E_CTGTTCAGCCTGCATCCAAG,KDM4E,259,307,291
KDM5A_AATCCAGAGTGATAGGCACG,KDM5A,1666,216,231
KDM5A_CCCAACGTGCTAATGGAGCA,KDM5A,1284,517,403
KDM5A_CTGATGTGCCCAAAGGAGAC,KDM5A,1251,266,388
KDM5A_CCATAAGGCTCACACCAGAC,KDM5A,2006,886,974
KDM5A_CCTCAAGTTCATTCAGGCGC,KDM5A,836,64,29
KDM5A_CTCCCAACTCGGCTCAAAGA,KDM5A,1708,421,431
KDM5B_CATCCTGTGTGACTAGGCGA,KDM5B,1233,476,122
KDM5B_TTCCAGGTATAGGTACACGC,KDM5B,1141,334,271
KDM5B_TTTCCAAGAGCCTACCACAG,KDM5B,1240,258,160
KDM5B_CCTCTCCATGATGTTCCCAA,KDM5B,290,262,178
KDM5B_CAGTGGGCTCACATATCAGA,KDM5B,828,50,122
KDM5B_GCCCGGTCTTCGAACCCAGC,KDM5B,231,152,142
KDM5C_AGGGCTGGGTCCTTACAAAC,KDM5C,1696,886,1185
KDM5C_AGTTCAACAGCTATGGCCGG,KDM5C,825,202,311
KDM5C_CAGCGCCTCAACTATCCACC,KDM5C,191,194,180
KDM5C_AGATTCCCAATGTAGAACGG,KDM5C,948,139,159
KDM5C_TGCCTCTTCCTGTACCAGGC,KDM5C,830,170,211
KDM5C_GGTAGGAAATCGTCGGACCC,KDM5C,2,14,0
KDM5D_GGGAGAAGACACAATAGCGC,KDM5D,176,439,476
KDM5D_GGCAGCAGAGCATTTGGAGG,KDM5D,443,218,164
KDM5D_CAACAGGAGTATGCGACCAG,KDM5D,2116,504,1021
KDM5D_ACGGTGAAGGATGAGCAAAG,KDM5D,1597,514,680
KDM5D_GATTTACTCCTCGCGTCCAA,KDM5D,47,129,147
KDM5D_TTTCAAAGACTTACCGCGGG,KDM5D,1263,260,240
KDM6A_TTCCTCATCACCGAAAGCGG,KDM6A,2002,607,662
KDM6A_GAAATCTCACGAACCCAAAG,KDM6A,641,656,650
KDM6A_AGTCCTGGTATTTCCTCGGA,KDM6A,263,134,408
KDM6A_ATTTAATGGCATCCTGAGGC,KDM6A,340,204,222
KDM6A_CTGTAGCACATCAAGAACGC,KDM6A,2962,2658,1220
KDM6A_GGTCAGAGTTCACATTCGGC,KDM6A,266,282,677
KDM6B_GGCAGCCATGCGCTACGAGG,KDM6B,391,161,127
KDM6B_AGAACTACTGCCATGTGAAG,KDM6B,2051,386,551
KDM6B_CCGCATTGGCCGACTGCAGC,KDM6B,22,41,11
KDM6B_CTCCTGCCAGCACCGAGCCA,KDM6B,1358,720,379
KDM6B_CGGAACTATGGAGCCAAGCG,KDM6B,632,289,368
KDM6B_CAGAGTTCAGAGGTCGCGGA,KDM6B,372,289,646
KDM8_AGAAGCTCAACACGGGCACA,KDM8,392,66,81
KDM8_CGTGCATGCAGAAGTGGAGG,KDM8,1601,106,25
KDM8_TGGCTGCCGAACTGTCCCAG,KDM8,926,10,37
KDM8_GACTTACCTGGTCAAAGAGC,KDM8,293,201,112
KDM8_TCTCCATAACACGAGCCAGG,KDM8,713,77,52
KDM8_AGTATTTCACCGGGATGAAC,KDM8,578,88,66
KDR_GGTAACCAAGGTACTTCGCA,KDR,185,6,0
KDR_TCCAAGACCATAGCTTACCA,KDR,1118,284,514
KDR_CATGATCAGCTATGCTGGCA,KDR,548,231,349
KDR_GCTTCTGTTAGTGACCAACA,KDR,1512,441,284
KDR_GAGGTGACTGAGTGCAGCGA,KDR,570,432,480
KDR_CTTACCCACAGAGGCGGCCC,KDR,132,121,167
KDSR_GCATGTACCCATCTGAGCCA,KDSR,845,81,107
KDSR_CAAACACGATCCTGCCCACC,KDSR,20,46,0
KDSR_TCACCACCATGAAGGAGCGC,KDSR,436,1,67
KDSR_GCTGGTAAATTGTGCAGGAA,KDSR,3226,354,34
KDSR_TAGGTTACAGGAGGTTCCAG,KDSR,269,0,0
KDSR_ACTCACCACCACATGCGCCC,KDSR,552,64,13
KEAP1_ACGACCCAGATACAGACACC,KEAP1,1186,6123,3567
KEAP1_AGCGCTCCACGCTGTTCAGC,KEAP1,232,221,296
KEAP1_CAATGAACACCATCCGAAGC,KEAP1,1356,2691,3116
KEAP1_ACTGGTGACCCTCATCAGCC,KEAP1,246,2486,5424
KEAP1_CCGCAGCCCGTTGGTGAACA,KEAP1,4236,19281,15551
KEAP1_CCGCACCTTCAGCTACACCC,KEAP1,4216,10814,7038
KEL_GGACCACGAGGGACTGAGAA,KEL,1402,279,470
KEL_CAGTTCCAGGCACCTTGAGC,KEL,2161,518,597
KEL_CTAGGTAGGCTCTGAAGAAA,KEL,1437,645,706
KEL_CCATGCAGGAGTTGTAGAAC,KEL,7823,1840,2950
KEL_GATAGCTGTCAGCACCCGCC,KEL,0,77,51
KEL_CTCCACTCACTTCAGGAAGG,KEL,1956,672,842
KERA_TTTCATTTCCATCCAGACGG,KERA,778,199,125
KERA_ATCTCGTTCTGCAGGCAGCA,KERA,635,262,229
KERA_GATGAGGGTCTCCCATCAAG,KERA,632,35,86
KERA_AGAAGAGCAACTTCTTCAGC,KERA,176,36,171
KERA_AGAATGCCACCCAGCTAAGA,KERA,1657,625,714
KERA_TCATGACTTCGAGTGTCCCA,KERA,564,67,41
KHDC1_CTCGATTTCTGCGGATCCAA,KHDC1,352,882,454
KHDC1_GATTTCTGCGGATCCAAAGG,KHDC1,687,75,66
KHDC1_TCCCGATCAGGAGCATCGCA,KHDC1,1526,317,276
KHDC1_CCCGATCAGGAGCATCGCAA,KHDC1,2078,853,942
KHDC1L_GATCAGTCTCCGGTGTACGG,KHDC1L,681,59,96
KHDC1L_TTCTCCAATGGTGTTCCACA,KHDC1L,302,231,183
KHDC3L_CACGAGCGTCGGAAACCGCC,KHDC3L,975,182,258
KHDC3L_AGGTGACCGAGCACCTCCAC,KHDC3L,233,145,40
KHDC3L_TCAAGATTTGGGACATACCC,KHDC3L,930,142,437
KHDC3L_GCTGGCGGTGATAGTCAGCC,KHDC3L,1,12,18
KHDC3L_GGACTTCTATTGAAGACCGC,KHDC3L,142,70,10
KHDC3L_CAATAGAAGTCCGGGAGGCC,KHDC3L,835,111,225
KHDRBS1_GCCCGAACTCATGGCCGAGA,KHDRBS1,551,34,97
KHDRBS1_GGGAAGATTCTTGGACCACA,KHDRBS1,302,0,54
KHDRBS1_TAGGAGGAAGAGCTGCGCAA,KHDRBS1,1093,14,66
KHDRBS1_CCTGAACCCTCTCGTGGACG,KHDRBS1,1775,447,462
KHDRBS1_TGGTGTTGGACCACCTCGGG,KHDRBS1,9,40,63
KHDRBS1_CAAAGTTACGAAGGCTACGA,KHDRBS1,650,285,80
KHDRBS2_GGTTATGATGATGGCTACGG,KHDRBS2,555,82,112
KHDRBS2_GGGACACCTCTTGCTACAGG,KHDRBS2,1022,283,195
KHDRBS2_CATGAAGCTCATCACTCAAG,KHDRBS2,3371,808,1034
KHDRBS2_CAAGAGGAAACTCCTTGAAG,KHDRBS2,836,121,220
KHDRBS2_AAGTCCTACCTTCTGCCAAA,KHDRBS2,2222,749,571
KHDRBS2_CGAAGTCCGCGCTATGGAAG,KHDRBS2,2482,660,681
KHDRBS3_GCAGGGCGTGCGTGAAGGAG,KHDRBS3,1206,299,200
KHDRBS3_CGCTTCAGAGAATTGCCACG,KHDRBS3,1544,341,295
KHDRBS3_TGCAGAAGCTTATGCCAGGA,KHDRBS3,978,623,863
KHDRBS3_TACACCTCTTGTACGCAAGG,KHDRBS3,644,336,191
KHDRBS3_GAGGAGTCCTGTCCACCCGA,KHDRBS3,139,0,10
KHDRBS3_GACACAAGGCACCTTCAGCG,KHDRBS3,280,124,189
KHK_GGTGGACAAGTACCCTAAGG,KHK,241,7,12
KHK_TGAGCCCATGAAGGCACAGG,KHK,617,15,170
KHK_CGCCACGGTCATCATCAACG,KHK,4722,2029,1896
KHK_TGGTGGCCGACTTCAGGCGG,KHK,455,211,169
KHK_CAATGTGGATCCACTTGAAC,KHK,962,391,444
KHK_CGTCTCCGTAGCCAAACAGC,KHK,1894,268,261
KHNYN_TCGCTTTGCGGTGTCTGCGG,KHNYN,269,179,81
KHNYN_CACAGGGCAGCTCAGTCCCG,KHNYN,2101,179,157
KHNYN_CCAGAAGTACTGCACAGCAA,KHNYN,3429,493,1127
KHNYN_CACGAGTCATGGATGGCAAG,KHNYN,2166,236,600
KHNYN_CAATGACCAGTTCCGGGACC,KHNYN,587,42,189
KHNYN_CATGAAGAGGTTTCCCACAA,KHNYN,1003,273,165
KHSRP_CCAGTTGGACCAGGCCCAGG,KHSRP,595,49,159
KHSRP_TGTGGGCTGGTCATCGGCCG,KHSRP,1669,230,359
KHSRP_CTGGCCTCAGATGACGGGAC,KHSRP,617,97,191
KHSRP_TTGCTTGTAAAGGAACGCGC,KHSRP,543,40,82
KHSRP_GGCCGGCCTGGTCATTGGCA,KHSRP,1263,69,162
KHSRP_TCCCGTGCTGTAGTCCGACA,KHSRP,2204,14,49
KIAA0020_TCCTGGTGGCAAGGACGGAG,KIAA0020,327,27,81
KIAA0020_GGTAGGCTGAACGTCTCCAG,KIAA0020,161,0,0
KIAA0020_CACACACGATGGCGCCAGAG,KIAA0020,2550,56,120
KIAA0020_GATTGAAGCCATCCGCGAAG,KIAA0020,1011,1,55
KIAA0020_ATTGTATGCGTACTCCACGA,KIAA0020,174,0,0
KIAA0020_CAGCCAGATGGTAGAAGCGA,KIAA0020,744,346,294
KIAA0100_GCAGCTGATCCTCATCACGG,KIAA0100,1767,205,105
KIAA0100_AGACCAGGTCAAGGTTAAGA,KIAA0100,959,59,39
KIAA0100_CCTGGACCTGTGTCTAAAGG,KIAA0100,2111,224,248
KIAA0100_AGTTCTAAAGAGTGGTCAGC,KIAA0100,121,0,0
KIAA0100_GACACCACTTGGTGGCCAAC,KIAA0100,0,6,16
KIAA0100_ACCCTCACCGGCCTAGAAAG,KIAA0100,1606,16,0
KIAA0101_TGAGCAGCAAGCTGGACACA,KIAA0101,1501,405,297
KIAA0101_AATCAGATTCCTGAAGAGGC,KIAA0101,1,82,100
KIAA0101_GCGTGCGCCCAACTCCCAAG,KIAA0101,962,259,94
KIAA0101_GGAGTTGGGCGCACGCAAAC,KIAA0101,585,342,682
KIAA0101_GAGTTGGGCGCACGCAAACG,KIAA0101,949,376,440
KIAA0125_ACACGGACATCGGGAACGGA,KIAA0125,1657,506,480
KIAA0141_GACGTCCCTTACCTCGGCCC,KIAA0141,222,0,67
KIAA0141_TTCCTGTGCCTAACCTCGAC,KIAA0141,619,150,237
KIAA0141_GATGGAAGGATGCCTTCCAA,KIAA0141,1,6,55
KIAA0141_ACTGAGAACTCACAGGAGCA,KIAA0141,395,95,63
KIAA0141_GGGACATACCTTCCTCAGAG,KIAA0141,1094,651,173
KIAA0141_CATGAAGAGTGGCGACCACA,KIAA0141,144,214,279
KIAA0146_GGTCTTTCTCCTGGAAAGGA,KIAA0146,63,89,31
KIAA0146_TTATGCCCTAGACCCAAGCA,KIAA0146,693,425,348
KIAA0146_GACATAACATGGAGCTCCAG,KIAA0146,241,94,24
KIAA0146_GAAGCTGTCGGAGCTTCCCA,KIAA0146,79,23,2
KIAA0146_CATCCGATGCAAACTGCACG,KIAA0146,1890,531,425
KIAA0146_TTCTGCGCACTCACCAGGGA,KIAA0146,2338,332,237
KIAA0195_CCTGCAGTACTCTTGGCCCA,KIAA0195,561,213,442
KIAA0195_CTGGCCCATGCTCTTTAAGC,KIAA0195,2985,328,447
KIAA0195_TGAGGGCCTTCCGCGTGGAC,KIAA0195,915,223,261
KIAA0195_ACCGCTGCTCCTGCTTCCAC,KIAA0195,1325,61,17
KIAA0195_AGCGTCGGGAGGTAGAGCGG,KIAA0195,2176,137,291
KIAA0195_TGATGTCTCCTTCAACCAGC,KIAA0195,318,467,186
KIAA0196_GATCGAGGGCAGAGGCAAGC,KIAA0196,672,6,38
KIAA0196_CTTGCAGATTGGATTCCAAC,KIAA0196,1192,144,220
KIAA0196_ACAAGAAAGAGGGTTCGGAG,KIAA0196,1211,49,28
KIAA0196_TCTGGTCCTTGATTTGACGA,KIAA0196,905,139,89
KIAA0196_ACTGCAATGTTGCCATCCGA,KIAA0196,458,16,0
KIAA0196_TTAGGATTGCTTGGCCACAG,KIAA0196,1135,81,48
KIAA0226_GGGTGTATGTGGAACTGGGC,KIAA0226,428,270,80
KIAA0226_ACGCATCGATCTGAGCCAGG,KIAA0226,1112,309,142
KIAA0226_TCTCGTGCACGCTGATGAAC,KIAA0226,1997,586,531
KIAA0226_CTCAGCCCTTCACGTGGAGA,KIAA0226,1504,578,290
KIAA0226_TCACGGGCTTATCCGTGACC,KIAA0226,202,221,70
KIAA0226_GCGGGAATGGAGCTCGGAGG,KIAA0226,17,0,2
KIAA0226L_ACCTGGTCAGGATCAAGAAA,KIAA0226L,480,406,493
KIAA0226L_CACATCATCAGGATTCGGGC,KIAA0226L,496,294,99
KIAA0226L_CTCTACTGGAGTTCCACAGC,KIAA0226L,970,265,575
KIAA0226L_TTCGAATTCCTTCTCACCAG,KIAA0226L,1308,566,684
KIAA0226L_TGATCGCTGATCCCTTCCCA,KIAA0226L,199,105,162
KIAA0232_GAACTTGAGGAGCTTTCAGA,KIAA0232,125,14,45
KIAA0232_CAGAAGCAGATCGAAGACAC,KIAA0232,439,117,137
KIAA0232_CACTTGATCCTTTGCTGGAG,KIAA0232,1020,521,428
KIAA0232_TCCAGTTTCTTCGGGACAGC,KIAA0232,1291,430,471
KIAA0232_TTCTTCGGGACAGCTGGAAG,KIAA0232,1610,183,272
KIAA0232_TTCCGAGGTGGAGCTGGCGC,KIAA0232,1284,416,639
KIAA0247_TCCATGTCCCACGGAGGCCA,KIAA0247,570,398,360
KIAA0247_AGCAAGTCCGTCTCCAAGCA,KIAA0247,701,996,480
KIAA0247_CTACCACCGGAGCCAGAGAA,KIAA0247,3222,778,590
KIAA0247_ACATGTAGCCTTCAGCACAC,KIAA0247,935,440,385
KIAA0247_AGAAGCCACTATAGACAGCG,KIAA0247,1933,467,318
KIAA0247_ACGTCAGAGGAGTACACAGA,KIAA0247,1245,525,592
KIAA0319_TTTGGTCCTGCATTAGCAAC,KIAA0319,269,151,145
KIAA0319_AGGTTAGACAAGCGTAAGAC,KIAA0319,1169,371,295
KIAA0319_AGGTGGCGCTGGCGCAACAA,KIAA0319,696,214,356
KIAA0319_CCTACCACTGCTCCCAGGAC,KIAA0319,1718,808,872
KIAA0319_GCCCGTAAGCAGTGCAGCGA,KIAA0319,733,637,347
KIAA0319_AAGAAGACCCATGACTAGAC,KIAA0319,356,161,199
KIAA0319L_CAGCTCTCTGCGATGCAAGA,KIAA0319L,1159,200,271
KIAA0319L_AGTGCTCTGGTTCCCAAAGA,KIAA0319L,744,304,262
KIAA0319L_ACCTGAAAGTGTAGTTCCCA,KIAA0319L,30,72,24
KIAA0319L_ACTCATCCTAGAGACTACAG,KIAA0319L,591,196,236
KIAA0319L_AGCCCAACATGACTGGAGAG,KIAA0319L,933,239,287
KIAA0319L_AGCGTTCTGTGGTTGTCAAC,KIAA0319L,1031,137,165
KIAA0355_GCAATACCCGATGCCTGAGC,KIAA0355,409,911,586
KIAA0355_GAAGCTGTGCGGTCCTGGCG,KIAA0355,749,501,586
KIAA0355_CGGCTTCCACCTGAATCCAA,KIAA0355,795,326,362
KIAA0355_CGATCCTATCTGCACAGGGA,KIAA0355,2104,574,743
KIAA0355_ACCAGGTTTGCCCTTCCACA,KIAA0355,368,148,316
KIAA0355_CTGTGCTGGACCTAAACCGC,KIAA0355,755,504,391
KIAA0368_TCTTCTTCAAACAGTGGCGG,KIAA0368,1123,230,147
KIAA0368_GGGCTATCCTCGCCTACCAG,KIAA0368,101,206,26
KIAA0368_TGACAAAGGAAACTGCAGCA,KIAA0368,1837,451,607
KIAA0368_CCTCTGACCTGAGTCGGAGC,KIAA0368,101,178,57
KIAA0368_AGAAGTTCGGCGGGAGGCGC,KIAA0368,651,23,48
KIAA0368_TGACCTCACGGACAAAGCGA,KIAA0368,725,169,179
KIAA0391_AGCAACGAATCTGATTGCCA,KIAA0391,615,0,40
KIAA0391_TCGTCTCTCAACTAGCCAAA,KIAA0391,651,265,169
KIAA0391_CCATCTCATCCCGACTCCAC,KIAA0391,2521,303,402
KIAA0391_AGACCTGATGCGGGACCACA,KIAA0391,556,169,210
KIAA0391_GACACAGTGGTGCAAACAAC,KIAA0391,232,292,138
KIAA0408_TGCTTCGGATCGCAGAGAAA,KIAA0408,2622,490,493
KIAA0408_ATGTCAGTGAACGCCTCACA,KIAA0408,369,582,128
KIAA0408_TGGGATCAGCTGACCTCGGA,KIAA0408,820,171,233
KIAA0408_GACTACAAGGAATGAGAAGC,KIAA0408,596,202,260
KIAA0408_AAAGGTTAGACCACAACAGC,KIAA0408,1114,568,219
KIAA0408_GGCTCTTGAAGAACTTGCGA,KIAA0408,533,73,90
KIAA0430_TCCAGTGCCAAAGCCACGCC,KIAA0430,1130,238,462
KIAA0430_AACTTAGTGACCTGAGACAC,KIAA0430,380,164,123
KIAA0430_AGTAGCATTGATGTGGGCAA,KIAA0430,79,123,115
KIAA0430_AGAAGTTGCAGTAGCTGGAC,KIAA0430,2112,270,613
KIAA0430_TTCCACAGCCATTACACAGA,KIAA0430,1620,354,587
KIAA0430_TGTTAGACTCGCAAAGCACC,KIAA0430,454,134,40
KIAA0513_AGTCGATTAGCGAGCCCACG,KIAA0513,918,317,448
KIAA0513_TAGGGAGGACTTGGATCAGG,KIAA0513,622,1,115
KIAA0513_AGAGGCAACCTTCTACCGCC,KIAA0513,128,134,122
KIAA0513_ACCTGAAATCCGCAAACAGC,KIAA0513,1319,203,188
KIAA0513_GAACATCACCTTCGGGCAGC,KIAA0513,528,210,159
KIAA0513_CAGCTTCTTGTTCAGTCCAA,KIAA0513,1186,176,222
KIAA0556_GGAACCGCCGCCTCTAGGGA,KIAA0556,498,109,13
KIAA0556_TCAGGGTTACGCTAAGGACA,KIAA0556,1354,192,219
KIAA0556_AGAAGTGCCTCCCACACGGA,KIAA0556,605,106,239
KIAA0556_CCCAGTAAAGTCCAGCGCCG,KIAA0556,2015,463,838
KIAA0556_CACTTCTGAGGATCGTCCGC,KIAA0556,582,195,123
KIAA0556_TTTCTGAGTCCAGTCGCCAC,KIAA0556,98,164,35
KIAA0586_GACAATGCCGGAGGAACACA,KIAA0586,90,3,0
KIAA0586_CAACGGAGCTGCGGTTGCAA,KIAA0586,324,192,99
KIAA0586_CGAGGTGCTGGTGTCTCCAA,KIAA0586,541,419,206
KIAA0586_TGATCGCCATGAGGTAACAC,KIAA0586,673,235,166
KIAA0586_TTGCTGACAATCACTCCAGC,KIAA0586,673,261,374
KIAA0586_GGTGCAATCTGTTGCTGGAC,KIAA0586,329,34,51
KIAA0753_AAGTGCAAGCTTCAAAGACG,KIAA0753,1528,299,469
KIAA0753_TGGCCAAGTACATCACCAAA,KIAA0753,1565,595,436
KIAA0753_CACTCAGTTTACTGACCGAG,KIAA0753,963,390,266
KIAA0753_GCTCTACGTCCTCCAGCAGC,KIAA0753,355,36,97
KIAA0753_TACCCGACCACAGGGTGGAA,KIAA0753,757,208,101
KIAA0753_CTACCTGACATTATGGGACC,KIAA0753,1505,155,186
KIAA0754_AGTTTGAGGAGGATGAGCGA,KIAA0754,848,105,204
KIAA0754_AGACACTTCCACTGTTAGCA,KIAA0754,513,497,464
KIAA0754_TGGTGAGGAGTGCATTGAGA,KIAA0754,1283,259,239
KIAA0754_GAGGAGGATGGTACACCAGA,KIAA0754,1,176,77
KIAA0754_TGAGATTTGCAGGGCTGACC,KIAA0754,320,183,96
KIAA0825_TCTGCCTCCTAAGTTAGCCC,KIAA0825,381,263,139
KIAA0825_GATATCGTTGGACAAGCACC,KIAA0825,0,21,32
KIAA0825_GGTGGAGGCCTGTTGTAAAG,KIAA0825,435,181,270
KIAA0825_AGTTACTACGCAGTGCGCCA,KIAA0825,621,85,175
KIAA0825_CCTGGTAGTGATTGCTCGGA,KIAA0825,373,129,82
KIAA0825_AAACGCTGCTGTGGCAGGAG,KIAA0825,641,132,173
KIAA0895_CCAAATAATCCCACAGAGGA,KIAA0895,862,475,666
KIAA0895_TCATTGACGCTCGGGAAAGC,KIAA0895,903,255,324
KIAA0895_TCCTCGCAGGATGAAAGCCC,KIAA0895,484,142,245
KIAA0895_GCTCAGGTAATGGTAGCCAC,KIAA0895,178,79,28
KIAA0895_GCACTCACCCGTCACGCGAA,KIAA0895,1657,498,1015
KIAA0895_CTACGAGACGATGGAAACGG,KIAA0895,2181,637,747
KIAA0895L_AGGTTGTTTCAGCAAGGACC,KIAA0895L,393,188,98
KIAA0895L_CTGACGGAAGGACATGCGCG,KIAA0895L,1912,823,547
KIAA0895L_ATGCAGAAGGAGGGCTGCGC,KIAA0895L,1585,190,211
KIAA0895L_GCGCAAATACATGCAGAAGG,KIAA0895L,1687,353,428
KIAA0895L_TGTGCGCAAATACATGCAGA,KIAA0895L,420,147,161
KIAA0907_CACTTCAAGATGTACACACC,KIAA0907,757,152,672
KIAA0907_AGCTGGAGACAACTGAGCGA,KIAA0907,753,101,139
KIAA0907_TCATGTTCAGGGCCAGACAC,KIAA0907,1196,559,659
KIAA0907_CTGCAGTATCAACTCGAGGG,KIAA0907,1768,829,1102
KIAA0907_CATGTAGGCGCCGCAGCAAA,KIAA0907,1486,681,845
KIAA0907_AGCGCGACACATCCTGGAGC,KIAA0907,920,150,181
KIAA0922_GGACCTGGAAGACGCCCAGC,KIAA0922,341,31,118
KIAA0922_AGCTCCACCACGTTCGGCAA,KIAA0922,741,470,615
KIAA0922_AGGAGCCTTCTCAAGAACAG,KIAA0922,1153,207,212
KIAA0922_CAACCCTAGTAGGGACAGCG,KIAA0922,299,143,92
KIAA0922_GCGCAACTGCCCTTAGGAGC,KIAA0922,1070,299,371
KIAA0922_CTGCAAGGAGACCGGCCAAG,KIAA0922,3540,454,598
KIAA0930_CATGATTGACAGCTTCGAGG,KIAA0930,1759,402,643
KIAA0930_TGTGCACACGTGCTGACGGC,KIAA0930,742,320,142
KIAA0930_TGGAGGTGGAGGTGTACCGG,KIAA0930,1750,445,816
KIAA0930_GCGAAAGCGGTGCAGACGGG,KIAA0930,1592,210,110
KIAA0930_CTAGGACCTCATGCAGCGCC,KIAA0930,964,214,189
KIAA0930_CATGCTGCGTGCCATAGCGG,KIAA0930,310,152,367
KIAA0947_CGCAGCCCTGACATCGCGAC,KIAA0947,2291,222,84
KIAA0947_TGAGGTGATGACATCGGAGG,KIAA0947,1311,95,114
KIAA0947_TCCGATGTCATCACCTCACC,KIAA0947,213,98,51
KIAA0947_ATGAAGACGGTAAGGAACCC,KIAA0947,694,0,6
KIAA0947_GGGAATATTCAACTCACACG,KIAA0947,1584,191,132
KIAA0947_GGACTCAGCAGGATTCAAGC,KIAA0947,63,9,90
KIAA1009_ATGTTCTCCGAGAGCTGCAC,KIAA1009,253,99,95
KIAA1009_GAGACATGCACAAAGAGAAC,KIAA1009,413,223,245
KIAA1009_ACTGTTGTTCCATGGTACGA,KIAA1009,2678,562,493
KIAA1009_AGCAGAACTACGGATGGCAC,KIAA1009,787,320,184
KIAA1009_CAGACTTCTTACGAGTAGAC,KIAA1009,408,432,373
KIAA1009_CAACCATAGTAGTCTCGGAG,KIAA1009,1639,708,571
KIAA1024_GCACAGGTCCTGATAAGAAA,KIAA1024,1062,642,397
KIAA1024_GCTGTTGATCCTTTGGCACA,KIAA1024,1183,336,213
KIAA1024_TGTGGGCCTTGAGGGAGGCA,KIAA1024,553,216,362
KIAA1024_CAAGGGCAAGCTGACAGCCC,KIAA1024,1134,321,164
KIAA1024_CTCCTTCCATATGTAGCACG,KIAA1024,3169,400,803
KIAA1024_AGCCGAATTCAGACGAGCCA,KIAA1024,802,321,404
KIAA1024L_ACCCGGAAACCTCACCAGGC,KIAA1024L,1021,213,71
KIAA1024L_TTCCACCCGGAAACCTCACC,KIAA1024L,826,157,243
KIAA1033_TCTGCGAGCCGTCGTCAACG,KIAA1033,1299,105,73
KIAA1033_TGTTACGAGGTGCTATGAAG,KIAA1033,1368,99,83
KIAA1033_ATGGACCAAGCACAAAGCAA,KIAA1033,749,1,22
KIAA1033_CAAAGTTGGCATGAAAGACC,KIAA1033,1041,73,97
KIAA1033_TCCCAGTCAGACTTTGGAAC,KIAA1033,2480,93,84
KIAA1033_TCAATTCGAACACATGGCAC,KIAA1033,721,35,90
KIAA1045_GACGCACAGGTGAGCTGCCA,KIAA1045,307,148,0
KIAA1045_CCCGTGCAGGGTCTGCACCA,KIAA1045,2139,574,669
KIAA1045_AGCACCACCCAACCTTACCA,KIAA1045,1072,127,175
KIAA1045_GCCACCAAGCAGCCAAGCGG,KIAA1045,731,242,330
KIAA1045_TATCTGCGATGGGACCCACA,KIAA1045,507,103,198
KIAA1045_TCCACTCCAGATTTGTGGAC,KIAA1045,231,39,140
KIAA1107_TTCTTGAAGCTGAGACGCCA,KIAA1107,401,296,323
KIAA1107_GCTGAACTCTGACAGTACAA,KIAA1107,1239,112,10
KIAA1107_ACAGCTTATCACGCAGAGCC,KIAA1107,486,455,227
KIAA1107_ATGTAGTGAGCCAGTACCAC,KIAA1107,584,281,179
KIAA1107_CTTTATGTCATCGGAGGAGG,KIAA1107,301,306,295
KIAA1107_CGAGTGGACAATTCTGGAAC,KIAA1107,3771,860,762
KIAA1109_TAGATCCAAAGGCAGAAACC,KIAA1109,1170,76,212
KIAA1109_CGGCTGGTAGTGATTTCCAA,KIAA1109,947,177,355
KIAA1109_CCACCGAGATTAATGGGAGA,KIAA1109,779,303,231
KIAA1109_TACCTCTGCCTATCGGCCCA,KIAA1109,664,10,25
KIAA1109_TATGGAACATGCCGCAGACA,KIAA1109,658,322,100
KIAA1109_TGGCCACTTTGACACTCAGC,KIAA1109,406,316,442
KIAA1143_GCTCACCTTAGTCTCTACGG,KIAA1143,170,125,258
KIAA1143_TACCATGAGCAAGCGGAACC,KIAA1143,842,229,575
KIAA1143_CCAGAGCTACCATGAGCAAG,KIAA1143,1510,293,236
KIAA1147_CCAGGACTCACAGCACGAAG,KIAA1147,1368,1530,1009
KIAA1147_CTGACAGGGAGAAGTACCGC,KIAA1147,1925,359,659
KIAA1147_CGTGGCTGACATCGAGAGCC,KIAA1147,1129,216,337
KIAA1147_CTATAGCACACCACGCCCAC,KIAA1147,1142,269,351
KIAA1147_CACGGGCATGTTGGCAAAGC,KIAA1147,2243,1074,914
KIAA1147_CGCCTAGCCATGGTGGAGCA,KIAA1147,3479,2284,1158
KIAA1161_CCGGGCGCAATCCACCAAAG,KIAA1161,2384,955,1014
KIAA1161_CAACTCGTCGCGCTTCGGCG,KIAA1161,869,694,810
KIAA1161_TGCTGTTGAAGTGGTGCAGG,KIAA1161,861,224,129
KIAA1161_CGCCGCGTCGCCCAAGAACA,KIAA1161,3175,700,868
KIAA1161_ACATGGCGTGCTCCACGGCC,KIAA1161,310,105,127
KIAA1191_CTTAGGTGAAGAGTGCGGAG,KIAA1191,2516,668,423
KIAA1191_CAGGGTCAGATACCTTGGCG,KIAA1191,914,412,352
KIAA1199_TGGTCAGCATGGCCTTGAAG,KIAA1199,1882,286,278
KIAA1199_CCACCATGTGCATATCGGCC,KIAA1199,2245,528,643
KIAA1199_ATTGCCCTGGAAAGGGCAGA,KIAA1199,53,48,2
KIAA1199_CATGAACAATAACTCCACGG,KIAA1199,1666,200,543
KIAA1199_TATTTGAACGCGGTGCCCGA,KIAA1199,177,1,97
KIAA1199_TAGACGTGGAGTGGACGGAG,KIAA1199,234,229,350
KIAA1210_CCTGTTTCAGGTGGAACCAA,KIAA1210,1070,367,591
KIAA1210_CCAGAGAGGCAGACCTCAGC,KIAA1210,869,224,438
KIAA1210_CCACCGCATCTGAGCTCACC,KIAA1210,643,497,752
KIAA1210_AGTCTGGATGTTCTGGAGGC,KIAA1210,283,257,235
KIAA1210_GCTTCTCCTACTCCAAGAAC,KIAA1210,909,242,300
KIAA1210_GGAATCGCGGTGTGCAGGGC,KIAA1210,933,203,87
KIAA1211_CAACTATTCTATGGGAACCC,KIAA1211,509,148,308
KIAA1211_GAATAAGGCAAACAGTGGAG,KIAA1211,369,267,182
KIAA1211_GAAGCACAGGCGCCTTGCCC,KIAA1211,166,25,101
KIAA1211_GCGCGTCCGCACTCGCAGAA,KIAA1211,2128,751,872
KIAA1211_AGTGCTAACGTTATCCACAG,KIAA1211,634,252,425
KIAA1211_CCGTGTCAACAGAACCAGCC,KIAA1211,1717,727,691
KIAA1211L_CGCTGTGGACCGGAAGCAGG,KIAA1211L,699,51,122
KIAA1211L_CGTCACTCGGCAGAAGCGGA,KIAA1211L,595,267,178
KIAA1211L_TCCTCATCCGGGAGCACGGG,KIAA1211L,356,86,54
KIAA1211L_AGCGGTCGAGTAAGATGAGG,KIAA1211L,791,150,176
KIAA1211L_TTTCATTCCTGAGTCCGGAC,KIAA1211L,428,122,132
KIAA1211L_CTACGACTCCGAGGATGAGC,KIAA1211L,1495,124,102
KIAA1217_TTCTGTCTGCTGAGTAAGGA,KIAA1217,847,262,394
KIAA1217_TGCAGAATGCCGCAGAACCA,KIAA1217,997,536,388
KIAA1217_GGCCCTTCCGAGCAGCAGAC,KIAA1217,349,87,206
KIAA1217_CTCGACCGGGTCACCCAGAC,KIAA1217,5037,2390,1617
KIAA1217_ACTTGCTTCTCCATTAGAGG,KIAA1217,722,138,459
KIAA1239_GGTTGGCGCTGATGAAGACC,KIAA1239,810,134,238
KIAA1239_TGCCGCCATAGAGGCAAAGC,KIAA1239,1234,785,1123
KIAA1239_ATATATGGTGGGCCATGCAC,KIAA1239,546,184,11
KIAA1239_CTTCATACCAGCAGTGGAAC,KIAA1239,3635,2125,1887
KIAA1239_TGTCACCATTATATCTCCGG,KIAA1239,517,161,209
KIAA1244_CGGCGCCTGGAAGGTCAAGA,KIAA1244,958,265,275
KIAA1244_ATGTGGAGGGATCTTGACAA,KIAA1244,810,305,326
KIAA1244_GGAATCCAAGAATGTGAAGC,KIAA1244,575,404,420
KIAA1244_AGAAGCTTCTGTCGGAAGAG,KIAA1244,1009,448,356
KIAA1244_TGCCGTGCTGAAGATCGCGG,KIAA1244,1162,425,368
KIAA1244_TTTACAGTTACGACAGAGGC,KIAA1244,686,112,128
KIAA1257_GAGCGCTTTCTCCATCCAGC,KIAA1257,556,142,51
KIAA1257_TCGAACCAGGAACATCCGCC,KIAA1257,433,289,40
KIAA1257_TGCCGGCTTCACAGACGACG,KIAA1257,1863,352,518
KIAA1257_ACTGTGAAGCCGTGGCACGA,KIAA1257,234,434,540
KIAA1257_AGGACTCGATGCTGCTGCAC,KIAA1257,495,252,49
KIAA1257_TGTCGCTACATGCCTGGGAG,KIAA1257,920,521,429
KIAA1279_TGACCTCTTCCAGTAGCGCC,KIAA1279,36,90,20
KIAA1279_ACACGGAGGAGCTGTCGGCG,KIAA1279,860,106,222
KIAA1279_TTTCAGACCACAAGATACCC,KIAA1279,1143,112,144
KIAA1279_CGCTCAGTAGGATCAAGAGG,KIAA1279,1405,391,248
KIAA1279_TGATAGCCCACTCTATAGGA,KIAA1279,746,283,99
KIAA1279_ATCCCTTAGCCTGTCAGCAA,KIAA1279,1318,138,64
KIAA1324_ACCGCCTTCCAGGTGACCCA,KIAA1324,893,242,238
KIAA1324_TACACGGCGTGTGACAGCAC,KIAA1324,399,126,163
KIAA1324_AAACCGAATGCCTGTGCCGA,KIAA1324,725,90,59
KIAA1324_TGTTCCTTCACAGGTCCAAG,KIAA1324,768,252,83
KIAA1324_CCAATGCAGATGACTCCAGG,KIAA1324,648,335,86
KIAA1324_GCAATGTTTCTCACCAGCAC,KIAA1324,1080,410,216
KIAA1324L_ATTACTTCTAGGTTGGGAGG,KIAA1324L,194,43,13
KIAA1324L_GAATGTAGACCATGTCCAGC,KIAA1324L,69,143,66
KIAA1324L_GATTGTCCGCCTTGCAACCC,KIAA1324L,729,315,458
KIAA1324L_CCTTCTGACAGCAGGCCAGA,KIAA1324L,679,102,40
KIAA1324L_TGCCTCTCACTGGGTCAGGC,KIAA1324L,795,95,37
KIAA1324L_CGCCCAGCAGCAAATCCAGG,KIAA1324L,1772,856,413
KIAA1328_GAGTGGCGGTTGTTTCAAGA,KIAA1328,2,1,0
KIAA1328_CCAGTTCCACAGATGAACAC,KIAA1328,1456,593,683
KIAA1328_ATGGCAGTGACTCTGGACCA,KIAA1328,685,203,483
KIAA1328_CTCTGAAGCTTACCGGGAGG,KIAA1328,647,247,220
KIAA1328_AATCTCTGAAGCTTACCGGG,KIAA1328,444,39,61
KIAA1328_CGCTATCCCTCCAGAGAAGC,KIAA1328,1104,377,482
KIAA1377_ATGTTCCTCTTTCACAGCGG,KIAA1377,942,272,224
KIAA1377_CTTTCACAGCGGAGGAAAGC,KIAA1377,155,97,81
KIAA1377_GCCTCTTCTAATGGAGGAAC,KIAA1377,270,97,77
KIAA1377_CCCGTAGACCAACAATAAAC,KIAA1377,1938,1338,1113
KIAA1377_TCCTACTTCATGTGTACCAG,KIAA1377,1691,175,203
KIAA1407_TCCGACACTGCTTTACAGAA,KIAA1407,2372,684,655
KIAA1407_AGCTGAAGGTCCTGCGGGCC,KIAA1407,925,323,523
KIAA1407_GGGAGATGGTGAAGCTGCGG,KIAA1407,327,132,149
KIAA1407_CTCATCTCCATGGTAAGACG,KIAA1407,1578,850,689
KIAA1407_ACTATTATGCCGGAAGCCAA,KIAA1407,429,103,35
KIAA1407_AGGACCTTCCCTGAGGCGCC,KIAA1407,228,30,0
KIAA1429_TTGTGGCTTGCAGCACACCA,KIAA1429,396,16,30
KIAA1429_AATGTTCGACAGCTCAAAGC,KIAA1429,1176,26,124
KIAA1429_AGTAGACAGTATTCCTGAGG,KIAA1429,489,5,34
KIAA1429_CTGGTATAACTGTCTGACAC,KIAA1429,1279,24,30
KIAA1429_TTTCTACTCTCTTGACAGCC,KIAA1429,338,178,140
KIAA1429_CATGGCGGTGGACTCGGCGA,KIAA1429,285,50,75
KIAA1430_GATCTGGCCCGTCTTGACAA,KIAA1430,789,315,199
KIAA1430_ATCAGCCTTCAGTAGCACCC,KIAA1430,438,101,35
KIAA1430_GATCAGCCTTCAGTAGCACC,KIAA1430,293,28,49
KIAA1430_TAGCGGACTTGGACTTCACA,KIAA1430,425,183,392
KIAA1432_TTCTGAGCGGCTGGCCCAAG,KIAA1432,3485,472,426
KIAA1432_GAGGAAGTCCACAAATGAAG,KIAA1432,303,99,34
KIAA1432_TGTGTACGTCTGTGAAGCCC,KIAA1432,907,94,95
KIAA1432_ATAGTGACCTGGGAATACGG,KIAA1432,1050,116,169
KIAA1432_CTTGTACTTGAACTGTGGAG,KIAA1432,1066,97,154
KIAA1432_TCGTGACAGGTGGCTTAGCC,KIAA1432,846,394,345
KIAA1456_GGCGACCGGAGCACTGACAA,KIAA1456,653,157,217
KIAA1456_GGACGAGCAGGAACTCACCC,KIAA1456,936,102,210
KIAA1456_GGATCATGAAGCCGCCCAGC,KIAA1456,573,255,113
KIAA1456_GAACTGGCGGACACGAGGCC,KIAA1456,264,103,132
KIAA1456_TTCCGGGCAATCTCTACCAG,KIAA1456,701,494,218
KIAA1456_GCCAGGGTCTTAGTTCCCGG,KIAA1456,780,127,109
KIAA1462_CTAAGCGGGAGGTGGTGAAG,KIAA1462,1791,342,490
KIAA1462_CGCAATTCTTCTTCCCAAAC,KIAA1462,4537,1909,2480
KIAA1462_CCCATGGACCCTCCCTCACG,KIAA1462,2420,705,620
KIAA1462_TGCTTCCAGAACCTCGGAGG,KIAA1462,824,467,617
KIAA1462_CACATCGTAAGACGTCCGCG,KIAA1462,1108,171,194
KIAA1462_TACGATGTGCGAGGGCCGCA,KIAA1462,938,170,208
KIAA1467_CTTGAGCGCCCTGGACAGCA,KIAA1467,2104,678,844
KIAA1467_GGAGTATGATCCACTTACCC,KIAA1467,1466,193,267
KIAA1467_AAGTCTGGCAGTACCACAAC,KIAA1467,1189,352,200
KIAA1467_GCTTCTTACCAAAGCCAAAC,KIAA1467,923,399,434
KIAA1467_GGCTCTTCTATCTGCAGAGA,KIAA1467,637,135,76
KIAA1467_TGGTGTTGAACTACTCCAGA,KIAA1467,501,168,176
KIAA1468_TTCGGATGAGGACGATGACG,KIAA1468,853,179,177
KIAA1468_CGTAGTTCAAACTCCAGGAC,KIAA1468,1320,482,820
KIAA1468_GATCTTGTAGATGTGGCCAG,KIAA1468,378,219,161
KIAA1468_AGAGTCACAAACTGCTGGGA,KIAA1468,1006,288,166
KIAA1468_TGTGCTATTGGCAAAGAGAG,KIAA1468,1112,269,265
KIAA1468_GGCCAGATGATGAGCAAAGG,KIAA1468,1680,822,222
KIAA1522_GGGACTTCTTCCTGCGCGGG,KIAA1522,378,36,85
KIAA1522_GAACTCACACCACAAGAGGA,KIAA1522,261,91,128
KIAA1522_CCTAGGGCTGTTTAAGAAGA,KIAA1522,697,318,471
KIAA1522_CTAAGTGTAGGGCCTGGCCA,KIAA1522,2127,612,834
KIAA1522_GAGATGATCCAGCGCAAAGG,KIAA1522,1038,138,128
KIAA1522_AAAGTCAGGGCGGCGTCGGC,KIAA1522,40,0,1
KIAA1524_CTTGGTGAAACTTCAGCAAG,KIAA1524,1374,104,238
KIAA1524_CAGTCTATCAGCCTGTGCAA,KIAA1524,891,56,91
KIAA1524_TGACCTGGGATTTGGAACAA,KIAA1524,1217,260,321
KIAA1524_TTTAGTATGGCTTCCCAGAG,KIAA1524,1036,276,270
KIAA1524_ATGTTTGAACAGTCTCCACC,KIAA1524,403,11,14
KIAA1549_GGTGGTAAATGTGTCGAGGC,KIAA1549,311,122,81
KIAA1549_TGAAGTGTTTCAAGCCGAGA,KIAA1549,605,331,238
KIAA1549_AAGTCCTCTTGGGTCAGAAC,KIAA1549,685,166,217
KIAA1549_CGCTCTGCGATCTGCAGCAC,KIAA1549,1333,399,441
KIAA1549_TGCCGTGTAAACGAAAGGAC,KIAA1549,266,1,41
KIAA1549_GAGTAGTGTTACAACCACAC,KIAA1549,828,188,322
KIAA1549L_AGCCCGCAGCACTCTGGAGG,KIAA1549L,2216,349,255
KIAA1549L_ACCACTGCAGCCGATGCAGC,KIAA1549L,346,17,67
KIAA1549L_TATCGCCAAAGGGCTCACAC,KIAA1549L,684,141,284
KIAA1549L_AGGCATTCCAGGATGCCGAG,KIAA1549L,0,0,5
KIAA1549L_GCCATACTCACGTTCAGCAA,KIAA1549L,2249,424,393
KIAA1549L_ACATCATGAATAGCTGGGCC,KIAA1549L,1362,52,206
KIAA1551_CGACTTCCTGTAGCTTACCA,KIAA1551,1705,749,517
KIAA1551_GCTGATCGTTCATAGGAGAA,KIAA1551,654,215,291
KIAA1551_CTTCTCTACCCAATCAGCAA,KIAA1551,921,368,335
KIAA1551_CTCGTCAGCTGCTATTCAGG,KIAA1551,1209,399,633
KIAA1551_AAGAGAAGCTTCAGTGCAGA,KIAA1551,421,154,82
KIAA1586_CTGCAGATTGTCTAAGGCAA,KIAA1586,987,548,292
KIAA1586_ATGTCCATGTGTCCAAGGAA,KIAA1586,2133,225,371
KIAA1598_GACAGCCAGACCGAAGACAA,KIAA1598,1304,235,246
KIAA1598_GAGGTACTGAATTCTCAGAC,KIAA1598,401,104,173
KIAA1598_ACACAACCTCAAACAGCAAC,KIAA1598,1563,302,254
KIAA1598_TGAGGAGATGCAAGTAAACC,KIAA1598,1359,333,309
KIAA1598_TGCTGAAGCTTTGGCAACAA,KIAA1598,3514,957,993
KIAA1598_CCTACCTTGCTCCTTCAGAC,KIAA1598,2132,537,672
KIAA1614_CGTGGCCTCCAGAAGCCGAA,KIAA1614,553,312,349
KIAA1614_TGCAGGACTCCGGCCAGAAC,KIAA1614,3082,1747,775
KIAA1614_AGCGTGCCCGCATGAAGGCC,KIAA1614,762,151,229
KIAA1614_CCTGTGAGACACTGGCGAGG,KIAA1614,630,82,56
KIAA1614_GGGACTTGCCCAGCTTGGGC,KIAA1614,0,87,110
KIAA1614_GCTTTCCGACGCTGGTGAGA,KIAA1614,511,149,120
KIAA1644_CTCAATTGTAGCCACTCACC,KIAA1644,521,308,472
KIAA1644_GCAAGGTCTACCTGGCACGG,KIAA1644,321,336,372
KIAA1644_GGTTCGCCTGCATCACCGCC,KIAA1644,275,95,68
KIAA1644_GGTCTTGTTGTCCGAGAGCC,KIAA1644,0,145,12
KIAA1644_TCTTGTTGTCCGAGAGCCGG,KIAA1644,649,124,30
KIAA1644_CTGTGTATGGTTCACAGACC,KIAA1644,2122,828,508
KIAA1671_GCCGTGAGGTCCATGGACAA,KIAA1671,986,896,427
KIAA1671_GGGAGAGCGTGTGCACAGCG,KIAA1671,351,289,244
KIAA1671_CTCCAGGGAACCGAGGCCAC,KIAA1671,2211,198,522
KIAA1671_GCGCAAGAGCTTCAGCAGGC,KIAA1671,488,751,625
KIAA1671_GACACCCTCGTGCACGAAGC,KIAA1671,619,220,69
KIAA1671_AGTGCTGGAGTGGTCCACGC,KIAA1671,1045,402,455
KIAA1683_GCCGCATCGCCAGGACAAAG,KIAA1683,2603,540,579
KIAA1683_TGTAGCCGCGCCAGGCAGAC,KIAA1683,1202,333,447
KIAA1683_TGCGACGCGCCAGGTAGCCA,KIAA1683,606,328,271
KIAA1683_GGGCCACCCGACACCAAGAC,KIAA1683,857,591,648
KIAA1683_CTGTTAGGAGCACCTGGGAG,KIAA1683,2033,555,493
KIAA1683_GCTCAACCACATCCGGGAAC,KIAA1683,1143,505,421
KIAA1704_GGCAAGAGACCTGATCGGAC,KIAA1704,512,161,81
KIAA1704_AACAGCGGAGGACGAAGAGC,KIAA1704,656,211,159
KIAA1704_GGAGACGCCGCCGCTTACCA,KIAA1704,172,117,287
KIAA1704_ATTGGACCAATGCCTGCAAA,KIAA1704,523,77,70
KIAA1704_AAGACTTTGGTCTTGGGCCA,KIAA1704,304,184,214
KIAA1715_ATCTGACTCAGAGGAACCAG,KIAA1715,1278,124,339
KIAA1715_TGCTACTTCAGTGCCTGGAA,KIAA1715,1476,467,726
KIAA1715_AGTATCTCCTGGACCACCAA,KIAA1715,595,71,63
KIAA1715_GAACTTGTGGAGGAGGGCCC,KIAA1715,470,10,24
KIAA1715_AACACCAGCAAGCCCTAACC,KIAA1715,789,277,330
KIAA1731_ATTTGGATGCTTTGGCACAG,KIAA1731,729,24,147
KIAA1731_TGCTCGTTTGGCTGCTGAAG,KIAA1731,1883,504,361
KIAA1731_ACTCAAACAGCTACAGCAAG,KIAA1731,744,56,148
KIAA1731_TGATTAGTCACAGTGGGCAA,KIAA1731,1125,138,62
KIAA1731_CTGTTGGGTCTTCATTACCA,KIAA1731,1159,467,349
KIAA1731_GAGTTTGTACCACACGAAAG,KIAA1731,467,87,59
KIAA1737_GCCTCCAGCTGAATAAACCA,KIAA1737,542,116,190
KIAA1737_AGTGGCTCGTCAGCTTGGGA,KIAA1737,49,27,28
KIAA1737_ACATGCTGAGCGCCTTAGGC,KIAA1737,71,70,71
KIAA1737_CACATTCTTCATGACGACCA,KIAA1737,1185,155,227
KIAA1737_ACCCAGCGCCAAACTTGCCG,KIAA1737,1531,7,36
KIAA1737_CTGCCTGTATTACTGGACCC,KIAA1737,1352,117,287
KIAA1755_CGTCAGGTAATGTCTGCAGC,KIAA1755,2593,367,387
KIAA1755_CTTCTGGTGTCAACTACAGA,KIAA1755,118,265,193
KIAA1755_GCAGGCATGCTATCCTGGAG,KIAA1755,1295,320,350
KIAA1755_GAGGCAACCCTCTGTGACCC,KIAA1755,367,106,131
KIAA1755_CTTCTCGCACTTGCTCACAC,KIAA1755,1479,797,787
KIAA1755_CAGGCCTTGGCGCGTTACCA,KIAA1755,700,472,692
KIAA1841_GAATCCCTCAGACTATCAAC,KIAA1841,126,123,50
KIAA1841_TGTCCACCTCTTCCCAGCGC,KIAA1841,959,647,635
KIAA1841_CTTCGTGATCAAGGTGAAGG,KIAA1841,340,89,212
KIAA1841_ATTCTAGCAGTGGGACAGGA,KIAA1841,578,93,111
KIAA1841_AGGAGCAATACTCACACGAA,KIAA1841,783,226,220
KIAA1841_CTTGATTTGTGCTTCCAGCC,KIAA1841,1248,427,601
KIAA1875_TCGGACCTGTATGATGCGGA,KIAA1875,323,198,261
KIAA1875_TGCGCAGAAGCAGCCACAGC,KIAA1875,1744,357,186
KIAA1875_CTTCGTGGTGCTGGACGGCG,KIAA1875,1460,172,379
KIAA1875_CTACTTCCTCGCAGTAAGCC,KIAA1875,824,231,479
KIAA1875_CAGTGAGCTCACTATGCGCC,KIAA1875,402,46,47
KIAA1875_TTGTCGCCATCGCATCCACC,KIAA1875,1810,305,302
KIAA1919_TCCCATCTTTCATCGACAGG,KIAA1919,114,163,216
KIAA1919_ATGGCAACCACATTTCCGAG,KIAA1919,507,247,673
KIAA1958_CCCAAGCCTCAGACTCACGC,KIAA1958,714,342,610
KIAA1958_TACACATGGCACCAACCAAC,KIAA1958,1127,281,569
KIAA1958_CGTGCTGGGTGGCATACACA,KIAA1958,1424,324,578
KIAA1958_AGAGCCGCCAGGTTCACGAC,KIAA1958,764,137,366
KIAA1958_CGTTATTGGTGCATGACCAA,KIAA1958,918,311,378
KIAA1958_TGTACTTGACCACAGTGGAC,KIAA1958,806,149,150
KIAA1967_CTGGAAGCGGGTTGATCCGC,KIAA1967,267,15,26
KIAA1967_GGTGCAAACGCTCTCCAACC,KIAA1967,441,37,22
KIAA1967_TCTTCTGCATGTAGCAGCCC,KIAA1967,435,60,63
KIAA1967_CCAACCGTCCATGAGGGCCC,KIAA1967,179,111,60
KIAA1967_TCACTCCTTACACTGTGGAC,KIAA1967,1002,201,72
KIAA1967_GAGTTCTAGGAAGTCACAGA,KIAA1967,273,50,15
KIAA1984_GGCGGATGTTGCTGCGCAGG,KIAA1984,56,139,174
KIAA1984_CGGCAGTGCGCCAGTCGCAA,KIAA1984,2637,494,618
KIAA1984_TCTCGATGTTGTTCTCCAGC,KIAA1984,232,28,28
KIAA1984_CTGAGCAGTAGTTGACCACG,KIAA1984,2518,449,745
KIAA1984_CATCGAGGAGCGCCGGGCAA,KIAA1984,1175,208,374
KIAA1984_CCGTGCTCATCAGGTTCGAG,KIAA1984,1485,216,249
KIAA2013_GGCCTCGGGTTTCGACCAGA,KIAA2013,280,175,279
KIAA2013_CGCCATCTGGTCGAAACCCG,KIAA2013,3221,844,1032
KIAA2013_TTCCTACCTTACTCCTGAAG,KIAA2013,513,280,554
KIAA2013_CTTTCATGGTGTTGCAGGAG,KIAA2013,1318,826,762
KIAA2013_AGCGCTGGCCAGGACTCACC,KIAA2013,760,245,133
KIAA2018_GGTGGCATATCTGGGAGAAG,KIAA2018,286,235,169
KIAA2018_AGCAGTCCATCATTACAGGG,KIAA2018,67,219,294
KIAA2018_AACGTGGACTACTTTGCAAC,KIAA2018,1241,348,845
KIAA2018_TCGGGAAACCCTTTGGACAA,KIAA2018,1256,673,434
KIAA2018_GACCCGACAATTCACTGGAA,KIAA2018,852,178,529
KIAA2022_CGAGTCTCTTCTTCAAACAC,KIAA2022,2256,594,543
KIAA2022_CTGCACATCTGCCATACCAG,KIAA2022,1535,614,552
KIAA2022_ATATACCTGTTATCCCGGGA,KIAA2022,428,68,15
KIAA2022_GCACAGCTAGGAGCACCCAG,KIAA2022,608,28,166
KIAA2022_TCTCCAGGGAATTAGCAAGA,KIAA2022,1068,338,686
KIAA2026_AGGTGGCACTACCATTCACA,KIAA2026,458,177,68
KIAA2026_TCCTTTATCTGAGACACAGC,KIAA2026,625,188,169
KIAA2026_TTTCTTTAGGCTTCGGGAGC,KIAA2026,487,131,177
KIAA2026_AGTGGTCCACTCCGTGCAGG,KIAA2026,307,64,53
KIAA2026_TTCGCCAGCGGCCAGTACGG,KIAA2026,984,142,232
KIAA2026_ATGGAAGAGAAGTTCGCCAG,KIAA2026,534,225,103
KIDINS220_CTTTATAGGCCCAACAAAGC,KIDINS220,652,157,238
KIDINS220_TCTTATTTGTGCCCACAGGA,KIDINS220,324,545,456
KIDINS220_TTGATTGGCGCTGTCAGAGG,KIDINS220,1342,266,115
KIDINS220_TTAGTTTGGGCTGCACGAAA,KIDINS220,2100,780,574
KIDINS220_TACCCAATCATTTGGGCAGC,KIDINS220,250,257,262
KIDINS220_CTGATGATAGCTGCCGAACA,KIDINS220,532,284,300
KIF11_TTCGTCTGCGAAGAAGAAAG,KIF11,301,0,28
KIF11_AGGTATGGCCAAACTGGCAC,KIF11,105,57,0
KIF11_CGTGGAATTATACCAGCCAA,KIF11,776,10,12
KIF11_AATCCCTGTTGACTTTGGGA,KIF11,151,0,0
KIF11_TCTTGTGTAGGAGTATACGG,KIF11,437,14,1
KIF11_ACTTCATGATGCTGCCAGCA,KIF11,189,16,0
KIF12_ATATGCAAGCCGAGCTCAGC,KIF12,384,79,107
KIF12_AGACTCACTGGGAGGGCGCG,KIF12,1233,88,169
KIF12_GCACAGCTTCCCACCAACAG,KIF12,2198,1301,446
KIF12_CATGGCTTCGGCTGGAGGCC,KIF12,295,74,213
KIF12_CGAGTCTTGTTCCAGCGAAC,KIF12,1885,628,896
KIF12_CTCCAGATAAGAGGCGCGAA,KIF12,1268,260,495
KIF13A_TATATCATCACTGGCTGACC,KIF13A,188,31,21
KIF13A_ATACTCTTTCGCTACCCGCC,KIF13A,310,55,62
KIF13A_TGTTGAACACAGCATGGGAG,KIF13A,1706,258,146
KIF13A_AGCATGGCCCATCATGGAAA,KIF13A,1192,368,391
KIF13A_CTAACACCAAACAGGGAGAA,KIF13A,2500,740,710
KIF13A_AGCCAACATGTCGGATACCA,KIF13A,1794,440,245
KIF13B_AGCTGAGATAACCAGACCGA,KIF13B,1333,189,172
KIF13B_AGTGAACGAGCAACGAAGAC,KIF13B,592,201,272
KIF13B_TGTCGACGGACTTTCTAAAC,KIF13B,2073,926,1408
KIF13B_GAGACCTTCTTGATCCCAAA,KIF13B,372,50,83
KIF13B_CCAAATCTCTTACCTTCGGC,KIF13B,349,397,665
KIF13B_TGCGGATACGACCCATGAAC,KIF13B,1535,575,677
KIF14_AGTAACTCACATTGTCCACC,KIF14,100,0,22
KIF14_GGCAAAGCAGCATCTTGAAC,KIF14,172,146,203
KIF14_CATCCAGTAGAAGTCCAGAA,KIF14,1031,270,324
KIF14_TCTTCTATGTTGCTGGCAGC,KIF14,220,47,61
KIF14_TCGAAGGCTCTTTCTAGGAG,KIF14,1268,651,789
KIF14_CTGGGCTCTTAAGCTGAGGC,KIF14,303,205,147
KIF15_GGTGAGGGCGCTATGGCACC,KIF15,0,45,28
KIF15_ATGGTCAGTCTAACCAACCA,KIF15,850,277,299
KIF15_TGTTGTTGGTGCGGTGGAGC,KIF15,613,246,403
KIF15_ATCCACCAGGTTGAGTAGGG,KIF15,309,92,59
KIF15_GATTACAGCACTTGTCGACG,KIF15,1730,132,195
KIF15_AAGCTCCACAAGGAATCCCG,KIF15,664,79,72
KIF16B_GAACACCATTCACAGAGCAC,KIF16B,201,213,545
KIF16B_AGTGAGCGTGCAGATGCCAC,KIF16B,102,30,0
KIF16B_TGGATGCGGGCAATATCAAC,KIF16B,1019,405,549
KIF16B_CTTCACGACATCTGTGCCGA,KIF16B,829,178,289
KIF16B_TAGATACCAGAAGGAGGCAC,KIF16B,518,38,92
KIF16B_AGCGATGGCATCGGTCAAGG,KIF16B,464,204,109
KIF17_GCCTGAGGAGCCCTCCAACG,KIF17,2164,884,420
KIF17_CCTTATAGTCGGCTTTCAGC,KIF17,283,298,278
KIF17_AGCGAGCGGCAGTCCAAGAC,KIF17,1969,510,676
KIF17_CGGCTACACGCTGATGAACA,KIF17,2294,1372,1349
KIF17_GAACACGTGCTCGAAGGCCC,KIF17,1182,1,78
KIF17_AGTCCACAGTCACCACGGGC,KIF17,858,5,341
KIF18A_AACTGGTCCAAGTTGTGGAA,KIF18A,948,100,23
KIF18A_TGAATCGTGTTTCAGGCCAC,KIF18A,285,52,24
KIF18A_TAAGTATGCTAACCGGGCAA,KIF18A,978,97,62
KIF18A_CAAGATGTCACTCATTGACC,KIF18A,856,0,0
KIF18A_CTAGGATCAGCTGATGAACC,KIF18A,1179,52,10
KIF18A_CTACTTTCATATGGTGGCAC,KIF18A,422,32,111
KIF18B_GCTGATGTGACAGTCCAGGC,KIF18B,779,54,178
KIF18B_CCTCGTAGGTCAGGCTGGAG,KIF18B,889,78,62
KIF18B_TCTTGGCCACCTGGACAGCC,KIF18B,462,435,401
KIF18B_CTCTGACCCATGACCTCACC,KIF18B,1331,285,344
KIF18B_CGTGGAACTGTACAGGCGCC,KIF18B,1026,84,180
KIF18B_TGACCGGGTCTTTGGCGAGG,KIF18B,831,21,22
KIF19_GCTGCAATCATGAAGGACAG,KIF19,1103,616,463
KIF19_TACCCTCATCGCCCATAAAG,KIF19,1081,137,358
KIF19_AGTCAAAGGCCACGTCGAAC,KIF19,1177,423,517
KIF19_TCTCCTCGATGGCACGGAAG,KIF19,1490,584,598
KIF19_CCGCAGCTCCAGGTAGCCCA,KIF19,2506,152,256
KIF19_CCGCCTGTTCATGATCGACC,KIF19,2136,481,357
KIF1A_GCCACTCACCATTTCAGCCA,KIF1A,713,336,190
KIF1A_AGCGAGCGGGCTGACTCCAC,KIF1A,1175,40,98
KIF1A_CGCAGAGACCAATATCACCA,KIF1A,1434,524,654
KIF1A_CGTGGAGGACCTCTCCAAGC,KIF1A,672,326,122
KIF1A_CAACTACGCGTCGCAGAAGC,KIF1A,917,200,493
KIF1A_CGAAGGCCACAGAGATGGCC,KIF1A,214,94,31
KIF1B_CAATTCTCGAGAGACCAGCA,KIF1B,535,128,123
KIF1B_GACCAACCTTTCCACTGAGA,KIF1B,574,61,78
KIF1B_AGTGAACGAGCTGATTCAAC,KIF1B,1096,19,58
KIF1B_AGTCATTTCAGCCTTGGCCG,KIF1B,1295,366,274
KIF1B_TGGCAATTCTCGGACTGCAA,KIF1B,924,268,198
KIF1B_CCTTCTTCGTGCTCAGGGCC,KIF1B,405,201,333
KIF1C_GGCTGGTGCCTCGGTGAAAG,KIF1C,472,206,337
KIF1C_GGTATAGGATTTCCCAGCCC,KIF1C,176,27,0
KIF1C_TCTCACTAACGCGAGAGAAG,KIF1C,1064,211,86
KIF1C_CTGCACGTACGGGCCCAGGA,KIF1C,1627,668,736
KIF1C_AGACGATGGTAAAGACGGCA,KIF1C,586,244,211
KIF1C_TCACCTTCAGGCGCATGCCC,KIF1C,274,164,151
KIF20A_TCATCGGACAGCAAGCCCGC,KIF20A,2250,155,193
KIF20A_ACCTTCAGAGTTGGAACGAC,KIF20A,1056,92,242
KIF20A_TACCCTCCATACCTGGGAAA,KIF20A,1229,164,174
KIF20A_CAACCTAACTGTGAAGGAGA,KIF20A,551,11,1
KIF20A_AGACAGCAAGCAGATCCGAC,KIF20A,943,0,0
KIF20A_AGCAATGCCACTGTCGAAGC,KIF20A,1214,472,219
KIF20B_TGGCCCAGCAACTACACAGA,KIF20B,2245,169,56
KIF20B_TAAGGCTTTCATTAGCCACG,KIF20B,271,33,21
KIF20B_TACTCAGTATTGGGCTCAAC,KIF20B,563,265,143
KIF20B_GATGAACCACCAGCAAAGAA,KIF20B,236,93,103
KIF20B_GCGAATGACACTAGAAGAAC,KIF20B,2132,384,438
KIF20B_GCGAGAAGAACGAGATCAAC,KIF20B,177,64,134
KIF21A_GGGAAACACATCAGTTCAGC,KIF21A,364,72,40
KIF21A_CCTATCTTAGAAGGTAAGCC,KIF21A,1655,461,589
KIF21A_TCAGGCCAACATAATGCAGA,KIF21A,387,196,47
KIF21A_CCAAGACAGCTCGCATGAAG,KIF21A,1618,879,944
KIF21A_CGCCGGCAACAAATGGAAAC,KIF21A,2178,1175,1219
KIF21A_AACCATGTTCTTGCCAGAGC,KIF21A,260,216,297
KIF21B_GGCGCTGATCACATTGCCCA,KIF21B,401,187,174
KIF21B_CAGAGCGGCTGAAGCGGACA,KIF21B,532,286,207
KIF21B_GCTTCAGGCACTGGATCAGC,KIF21B,486,157,47
KIF21B_GAGGCGAGAAGTGACGCCAG,KIF21B,158,134,10
KIF21B_CATTGCCGAGCGCAAGCGCC,KIF21B,211,7,0
KIF21B_CTCGATGAGCTTGCTCACAC,KIF21B,1431,401,492
KIF22_GCAGCAGAGGCGACGCGAGA,KIF22,779,488,155
KIF22_ACCTCCAGCTCGCGTAAGGG,KIF22,1739,190,116
KIF22_TCCTAAGGCACTTGCTGGAA,KIF22,1732,292,562
KIF22_GGACCTCCTGCAGCTCACAA,KIF22,797,183,189
KIF22_TAATCCGAGAAGACTGCCGG,KIF22,505,0,0
KIF22_GGCCCTTGTTGCCTGTGCGC,KIF22,220,9,59
KIF23_GGCTACAGACTCAACCGAAA,KIF23,1367,205,151
KIF23_GAACACGCTATGGGAACGGC,KIF23,174,0,0
KIF23_ACTTCCAGCAAGATCTACCA,KIF23,798,1,0
KIF23_TTCCAACTGGACCTCGAGGC,KIF23,725,152,236
KIF23_AGAACCATTGGTTACTGACG,KIF23,1211,76,35
KIF23_TGTCACCATGCCTTGCAACC,KIF23,2133,72,122
KIF24_GAAGGAATGTATCCGAGCAC,KIF24,547,224,183
KIF24_TTGGATGACGGCATGGGAGC,KIF24,1436,246,386
KIF24_GGGACTGCAAGAGCTTCAGG,KIF24,217,62,45
KIF24_CTGTCCATAAGCAAAGCAAG,KIF24,1825,283,287
KIF24_ACGTACCTCCCTCATGCCCA,KIF24,627,73,69
KIF24_ATTCCTGAGATTTGATGCGC,KIF24,440,145,116
KIF25_TGTTATGGCGTATGGACAGA,KIF25,307,197,316
KIF25_TGTGGGTCAAGCGGCAGAAC,KIF25,3682,1010,1506
KIF25_AGGAACCAGCTGTGGAGCCA,KIF25,1597,168,141
KIF25_CTACAGCTCGTGGACTCGGC,KIF25,952,546,161
KIF25_CCGGTCACTCCAGACACACC,KIF25,449,388,314
KIF25_CGCCCAGCTCCCAAACGGAG,KIF25,1569,429,609
KIF26A_CCGCCACTGCCACACGAAGC,KIF26A,2818,577,1023
KIF26A_GGTCAACAGCTTCCTCCCGC,KIF26A,734,160,257
KIF26A_CTTCGACAAGCCATCAGGGC,KIF26A,810,526,432
KIF26A_CTGCGGATCTGGCCCGCACA,KIF26A,1313,921,1167
KIF26A_CGACTGGAGCACGTCGGCCA,KIF26A,1154,526,570
KIF26A_TGAGACCCGGACGGAGAAGC,KIF26A,1335,527,704
KIF26B_GAGGCTTGCGGTCTCCACCA,KIF26B,197,110,159
KIF26B_AGTTCTCGCACCAGACGCCG,KIF26B,747,237,372
KIF26B_TCACCTGAACCAGTTGAAGC,KIF26B,1721,405,460
KIF26B_GCTGGGACACTGCAGGCGGA,KIF26B,360,92,96
KIF26B_CCTTGTTGACAGCCCTCAGC,KIF26B,471,222,103
KIF26B_TGAAGTATCTCGAGCCAAGG,KIF26B,2088,491,609
KIF27_CATGATCCAAGAGGTCAGGA,KIF27,628,181,191
KIF27_CTACCCAGATCAATCGAGAA,KIF27,1638,704,618
KIF27_ACTACCCAGATCAATCGAGA,KIF27,1159,209,237
KIF27_ATCCTGCCAAATCCACAAAG,KIF27,947,494,277
KIF2A_AGGCCGAATACATCAAGCAA,KIF2A,875,759,605
KIF2A_AGGTGGAGGTGTTTCTGGAC,KIF2A,661,109,335
KIF2A_GGTGGGATTACAGGAACGGG,KIF2A,730,59,23
KIF2A_CTGATACTTCCAGTGCGGAC,KIF2A,990,222,228
KIF2A_TGCCACAATCTCTCCAGGAA,KIF2A,1898,825,1059
KIF2A_AATGCCGGTTTAAAGGGCAC,KIF2A,434,8,113
KIF2B_TGATCTCCGTGACCACAGCG,KIF2B,1970,520,2014
KIF2B_TCTGCGTCTGCGTGAGGAAG,KIF2B,2115,562,712
KIF2B_CGGAAGATGGACTCCACCAG,KIF2B,5786,1243,2392
KIF2B_AGCTATTCCCTATTTCCACC,KIF2B,762,118,287
KIF2C_TGATAGCGAGACCGGGAAAC,KIF2C,1491,134,157
KIF2C_GCTTCTTCCCTTACATCCGA,KIF2C,186,0,8
KIF2C_CACGGCTCAGGAGAATGACA,KIF2C,265,82,88
KIF2C_GGCTGAAATACCATTGAGGA,KIF2C,475,272,410
KIF2C_ACTTGGGTTCATGTACCAAG,KIF2C,341,28,5
KIF2C_TAGGTTCACAGCAAGGCCAC,KIF2C,325,4,39
KIF3A_TGAGAAAGGTCCACCTCAAA,KIF3A,1624,302,186
KIF3A_GAACATTCGGCAACTTAGCC,KIF3A,289,133,88
KIF3A_CTAGGCAAGAACTTATCCAG,KIF3A,1088,185,321
KIF3A_TGGTAACATGCATGTCAGGA,KIF3A,860,52,305
KIF3A_TGGGCAAGGATCAGACACAA,KIF3A,2570,612,335
KIF3A_GCATATGGACAAACCGGAAC,KIF3A,719,407,154
KIF3B_ACGGTTGGCATATCGCAGAG,KIF3B,2339,627,489
KIF3B_ACGACAGGAAATTGCAGAGC,KIF3B,400,273,248
KIF3B_ATACAGCTCATTGCAGCAAG,KIF3B,875,253,124
KIF3B_GACTCAGAATGAGCTCACCA,KIF3B,909,90,197
KIF3B_TTATATCCCACGGCTGAGAC,KIF3B,1090,437,375
KIF3B_GAGCCGCATCCAATGCAGCC,KIF3B,834,309,444
KIF3C_CCAGTATGCTCGGGTTGCCA,KIF3C,1642,102,174
KIF3C_TTAGAGACTCACACGCCGGC,KIF3C,215,96,139
KIF3C_CAAGCTGCAGGCGGTGAAGG,KIF3C,921,178,210
KIF3C_TCGTGAGCGGGAGATGCAGC,KIF3C,673,173,65
KIF3C_GATGTTGGAACTGAAGAGGC,KIF3C,174,186,88
KIF3C_GCTCCAGGGTTTCAATGGCA,KIF3C,860,100,309
KIF4A_CTTACGTTATAGATCCAGGC,KIF4A,460,16,21
KIF4B_AGGTGCATACACTGCGGAGC,KIF4B,327,230,167
KIF4B_CACTTCCGGAGTTTAGGAGG,KIF4B,1014,202,223
KIF5A_TTCGTTGTTGGTCTCCGCCA,KIF5A,841,419,47
KIF5A_GATGTCCTTGCTGGCTACAA,KIF5A,927,181,173
KIF5A_GACAAATCTGTCCGTGCACG,KIF5A,244,237,135
KIF5A_ATCCAGAATCTCCTCCGGGC,KIF5A,174,48,23
KIF5A_GAAGCTGTATCTGGTGGACC,KIF5A,243,39,256
KIF5A_GGGCAATGTGATCTCCGCAC,KIF5A,1004,101,5
KIF5B_CTGCTTGCAACGTTTCACCA,KIF5B,2138,1008,752
KIF5B_GACGCAAATGTTGGATCAGG,KIF5B,515,75,179
KIF5B_CAACTTGGAAGCTTTCACAG,KIF5B,1010,104,143
KIF5B_TGGAGTTAACTGCAGAACAG,KIF5B,2740,732,986
KIF5B_ACTTCATGATCCAGAAGGCA,KIF5B,1003,130,213
KIF5B_TGCGAGAAAGATGGCGGACC,KIF5B,594,670,334
KIF5C_CGAAGCGGAGATCCTCCGCG,KIF5C,687,284,368
KIF5C_TCCCAACACGACCCAAGAGC,KIF5C,1523,734,667
KIF5C_AGGCAAAGCAAACCGACACG,KIF5C,756,440,255
KIF5C_TGATTTGGCTGGGAGCGAAA,KIF5C,965,544,432
KIF5C_CCACACTGATGTTCGGACAG,KIF5C,4207,1110,867
KIF5C_ATCCAGTTGTCTGTAGAGAC,KIF5C,1260,679,675
KIF6_ACTGAAGGATGAACTGGCCA,KIF6,479,183,137
KIF6_TCAGAGCGAGTTGCAAAGAC,KIF6,1492,844,519
KIF6_TCTCCATCAGGCAACCACAG,KIF6,1024,235,570
KIF6_TCACGGCAAATCTTCCAAAC,KIF6,2372,626,894
KIF6_CATATGGGCAAACAGGCAGC,KIF6,334,207,104
KIF6_TTGTTGGTGCTTCCGGACAG,KIF6,849,469,321
KIF7_ACCATGTCTTGCAGAGCGAC,KIF7,616,108,62
KIF7_CCGAGACTTTCTGGCTGCGC,KIF7,776,626,758
KIF7_GGTCTCGTCGAAGTCGGAGG,KIF7,271,120,63
KIF7_TGACGTTGCCCAGCGCCAGG,KIF7,729,92,244
KIF7_GGCCTATGAGCTTCCGGGCC,KIF7,0,209,326
KIF7_TCGAAGAAGGCCTCAAGGAG,KIF7,1964,384,398
KIF9_CTCCATAGATGTTTGTCACG,KIF9,2307,582,753
KIF9_CTAACGAGTCCTTCAGAGCG,KIF9,978,470,395
KIF9_CCTCTGATAAGGTCCGGGAA,KIF9,695,219,283
KIF9_CTCTTCAGGGTGAGACCAAC,KIF9,1511,1305,536
KIF9_CTGAGAATTACAAGCACCGG,KIF9,2974,357,204
KIF9_AGTCATCGGTGGGTTTGACA,KIF9,1195,176,195
KIFAP3_GGGCGTCCAAGAATGCCAAC,KIFAP3,70,234,59
KIFAP3_TAACTCTCAGTGGCTGGAGA,KIFAP3,77,73,57
KIFAP3_TGACCATTCCAGACTTAGAC,KIFAP3,1471,469,428
KIFAP3_CAAGGGTCCTGAGAGAAGAC,KIFAP3,1183,231,256
KIFAP3_TTCTCCGGTAAGTGTTGCCA,KIFAP3,1081,193,288
KIFAP3_TTCCTGACAATGAATCACGG,KIFAP3,1195,317,302
KIFC1_CGAGGTGGACATGGATCCGC,KIFC1,1946,397,741
KIFC1_CCAGAAACGGACAAGAGGCC,KIFC1,430,59,110
KIFC1_GACTTCTGGACAGGAACAGC,KIFC1,641,192,145
KIFC1_GAGCGGCTGAGCACGCAGGA,KIFC1,1008,615,374
KIFC1_AGACCGGGAGAGGCTAAGGC,KIFC1,1603,721,393
KIFC1_CAAGTCGCTCACTCCCGGCC,KIFC1,590,120,151
KIFC2_CTTCTACAGCCTCTTCCGCA,KIFC2,179,53,214
KIFC2_CCTAGAGAGCCCGCAAGCCC,KIFC2,909,437,227
KIFC2_TTTACTCACCATCTGGAGAG,KIFC2,1242,292,302
KIFC2_GGAGCAGCTCATCCTGGGAC,KIFC2,698,151,5
KIFC2_GGAGTTGGGTCGACTGCGCC,KIFC2,254,133,132
KIFC2_TGCGGGACCTCCTGCTGCAC,KIFC2,2249,91,126
KIFC3_CACCGACTTGGAGAAGCACC,KIFC3,1220,196,182
KIFC3_GAGCCGACTGCGATCTGAGC,KIFC3,436,61,148
KIFC3_CCTGCTGGTCACTGTCGCGG,KIFC3,2260,295,203
KIFC3_GCGAGCTGCACTTCGGGCAC,KIFC3,1668,340,127
KIFC3_AGGTTCCACGTCCTGCGAGA,KIFC3,807,166,284
KIFC3_TACCGTGTCCTTGCACGCGC,KIFC3,996,355,519
KIN_GAGACAGTAATTCCAGCACC,KIN,750,24,100
KIN_TATCCGCCGGCAACTGGAAC,KIN,463,275,280
KIN_AAAGTGGACGAGACACCAAA,KIN,651,0,0
KIN_CTCCCAAGGCTATCGCCAAC,KIN,1582,665,640
KIR2DL4_TCCATGGATCTCCCTACGAG,KIR2DL4,1630,404,680
KIR2DL4_CGGGACACAGAACAGTGAAC,KIR2DL4,2268,855,614
KIR2DL4_TGGAAGTTCTATACACACGC,KIR2DL4,66,134,330
KIR3DL1_TAGGGTTGTTCTTGGTCCAG,KIR3DL1,879,142,248
KIR3DL1_CCAGAGGGCCGGTCCACACA,KIR3DL1,1112,741,735
KIR3DL1_GGCAAGCATCATGGGACCGA,KIR3DL1,61,111,139
KIR3DL2_AGTTTGACCACACGCAGGGC,KIR3DL2,528,165,176
KIR3DL2_CTTGAGTTTGACCACACGCA,KIR3DL2,2000,570,496
KIR3DL3_CGTCTCTCCCGATTTCACCA,KIR3DL3,1522,955,626
KIR3DL3_CCGTCTCTCCCGATTTCACC,KIR3DL3,488,446,309
KIR3DL3_AGCTGTCCAACGAGGCGCAA,KIR3DL3,1905,465,586
KIR3DL3_GACCCATGGAATAGTTGACC,KIR3DL3,408,140,157
KIR3DL3_GGAAGTTCCGTGTTACACGC,KIR3DL3,295,524,271
KIRREL_GAGTGAGGATCCAGACGAGG,KIRREL,201,485,738
KIRREL_GACCCAGACCCGCTTCAGCC,KIRREL,521,1445,718
KIRREL_TTTGGCCCGCCGAGAGCGCA,KIRREL,280,1117,1361
KIRREL_CAGGCTTCGCATTGAAGGCC,KIRREL,804,1467,1599
KIRREL_CGAAGCCATCCCTAGTGGCA,KIRREL,2475,2751,1948
KIRREL_CCGTCTGTGGCTCAATGGAC,KIRREL,1463,903,904
KIRREL2_GAATGTCAGGCTACACAAGC,KIRREL2,902,245,371
KIRREL2_GGACCTGACCTGATGGAAGG,KIRREL2,658,208,276
KIRREL2_TCCAGACCCTGCTGAAGGAA,KIRREL2,1257,446,523
KIRREL2_CACCTGTAGCCTGTGACAGG,KIRREL2,1026,195,149
KIRREL2_ACTGCGGTTGGCGCTACCCA,KIRREL2,1520,75,496
KIRREL2_ACGCTTCCTTCAGCTGCGCC,KIRREL2,92,114,280
KIRREL3_ACGACGTTGTCCTCCAGCAC,KIRREL3,2136,575,350
KIRREL3_CCCTGCTTCGGGACGGCAAG,KIRREL3,2499,406,604
KIRREL3_TGTGATCAGCCTGCGTGCGG,KIRREL3,1311,717,391
KIRREL3_ACAGGTGGTTCCCTACCACC,KIRREL3,36,37,104
KIRREL3_CTGAAGGAATAGACTTGGCC,KIRREL3,1418,603,492
KIRREL3_AGACGAAGAGCAGATCGAGC,KIRREL3,1276,100,118
KISS1_GCTTCCTCTCGGTGCACGGC,KISS1,65,165,81
KISS1R_TGTGGCGCCAACGCCTCGGA,KISS1R,219,70,102
KISS1R_ATCAGCGCCGCGAAGAAGAG,KISS1R,848,145,200
KISS1R_GGTACAGCAGGGCCGTGAAG,KISS1R,139,70,50
KISS1R_CACACTCATGGCGGTCAGAG,KISS1R,482,84,52
KISS1R_TTGTGGCACAGGCTCTGCGG,KISS1R,329,102,69
KISS1R_GGCGGCGAAGAGCAGGACCA,KISS1R,35,51,266
KIT_CTACTGCTTCGCGTCCAGAC,KIT,1911,854,790
KIT_ATCAGACTTAATAGTCCGCG,KIT,234,240,206
KIT_AACAATGCAGACAGAGCCGA,KIT,379,151,319
KIT_CTAGTTCTGTGTACTCAACG,KIT,2615,877,929
KIT_CAGAAATCCTGACTTACGAC,KIT,1038,429,472
KIT_TTTAGTGTCTGCACATCCAC,KIT,459,169,24
KITLG_CTGGAGACTCCAGCCTACAC,KITLG,1703,357,576
KITLG_GCTGTCATTCCTAAGGGAGC,KITLG,648,202,188
KITLG_TTTCTTTCACGCACTCCACA,KITLG,435,266,179
KL_AATCCCTGAAGTGGTCGGCC,KL,762,294,99
KL_CCCTACGTGGTGGCCTGGCA,KL,606,334,767
KL_TCTTTCCGTCCCACTCAGGG,KL,911,105,86
KL_ATGTCATCGGGTATACCGCA,KL,400,124,234
KL_ATCCATGGGTGATGAGGGAC,KL,239,108,310
KL_ATACCATCCAGTATGTGGGC,KL,114,95,84
KLB_AGGAATACAATGTCCAACGG,KLB,638,73,204
KLB_AGCGCTGAACTGGATTAAAC,KLB,1267,1168,890
KLB_GATGCTTACACCATCCGCCG,KLB,733,123,72
KLB_CTGGCCCTGCACATCTGGCG,KLB,1017,330,302
KLB_CACCGCGGACAGGTTGCCAG,KLB,856,163,228
KLB_TGGAGAAGAAGCAACAACCC,KLB,1584,302,302
KLC1_CAAGTTGGAGAAGCTTACAC,KLC1,1253,237,255
KLC1_GATGAAGACGACCCAGGGCA,KLC1,2,73,135
KLC1_AGGACACGACCACCCGGACG,KLC1,1166,379,609
KLC1_GAACTGGATATACAAACCGC,KLC1,439,46,19
KLC1_AGCTCTGGAAATCCGAGAAA,KLC1,1144,148,253
KLC1_TCTCACTCGTGCACATGAAA,KLC1,1278,430,336
KLC2_CATGATGGTGTTTCCGCGGG,KLC2,960,49,394
KLC2_CTTGGCATTGTCGAGCCACC,KLC2,997,179,275
KLC2_CAAGCAGGCACTCGAAGACC,KLC2,2489,369,375
KLC2_GGATCAGAACAAGTACAAGG,KLC2,892,197,273
KLC2_GGCTGCGACACTAAACAACC,KLC2,416,283,130
KLC2_GGTGGAATATTACTATCGGC,KLC2,178,9,95
KLC3_GCTCGATGGCCTCCAGCGAG,KLC3,221,148,118
KLC3_GCGACAGTACGACCCACCGG,KLC3,907,247,678
KLC3_ACCTCGTGATCCAGTACGCG,KLC3,1158,103,187
KLC3_GCAGATCCGGGAGCAGACGC,KLC3,1142,188,139
KLC3_CGCTTTGGAGATCCGAGAGA,KLC3,735,151,183
KLC3_CCTGAGCATCTATGAGGCAC,KLC3,1205,295,59
KLC4_AACCAGAGACCTACAGCAAG,KLC4,2332,98,646
KLC4_ACCATTGAGTGTCTGCAGCA,KLC4,765,545,400
KLC4_GCGGCTACAGCGCAGTGAAC,KLC4,1365,490,286
KLC4_TGACCTCTTTCCTAATGAGG,KLC4,532,255,72
KLC4_GGGCTGCGTACTGGATCACC,KLC4,10,40,56
KLC4_TAAGGGCATCATTCAGCAGG,KLC4,178,182,167
KLF1_GGCGCTTCATGTGCAAGGCC,KLF1,203,83,34
KLF1_CCATACGCCTGCACGTGGGA,KLF1,3165,281,255
KLF1_AGAAGCCATACGCCTGCACG,KLF1,798,106,54
KLF1_GAGTTGTTTGGGACCCGGGA,KLF1,81,34,36
KLF1_GCACTGAAAGCCCGGTCCGC,KLF1,628,160,178
KLF1_CAAGGCGCTGGCGCTGCAAC,KLF1,218,174,239
KLF10_GCCGGGCATGCTTGGTCAAA,KLF10,1380,847,585
KLF10_CATGAACCGCCGGTCACACA,KLF10,1379,467,329
KLF10_CTGATGAACTGTCCAGACAC,KLF10,2002,119,129
KLF10_GCAGAGTTCAAAGCCTCCGG,KLF10,0,43,95
KLF10_CAACAGGGTTGTTGGCAGGA,KLF10,1151,192,217
KLF10_CATTGCCGCACCTTTCAAAG,KLF10,1401,32,120
KLF11_GGCCTGCACGATGCACACGC,KLF11,1268,631,690
KLF11_TATGTGAGTCCATCCTGGAG,KLF11,648,156,126
KLF11_TAGTGGCCAGAGCTCTGAGC,KLF11,533,24,87
KLF11_GGGATCATCTGGCAAAGGAC,KLF11,475,133,175
KLF11_ATGAAACGTCGGTCACACAC,KLF11,518,140,139
KLF11_AATCGCCTCTGCAGAGAGCC,KLF11,72,8,43
KLF12_ACACCAACATATGCCTCCGG,KLF12,1441,64,50
KLF12_ATTTGGCCCTGCACCGCCGG,KLF12,507,94,79
KLF12_CTCGTTCAGATGAACTGACG,KLF12,816,201,265
KLF12_AGAGCACAAGACGCCAGAGA,KLF12,1925,149,131
KLF12_GCACCGACTGTACCACCACG,KLF12,3214,765,734
KLF12_ACAGATAACGAGTCCTCCGG,KLF12,1025,108,158
KLF13_CGAGCCCGGCCTCAGACAAA,KLF13,801,315,351
KLF13_TCCTGCCAGCTGCAGGCGAA,KLF13,841,218,326
KLF13_GCGGCACTACCGCACACACA,KLF13,1819,483,383
KLF13_CATGAAGCGCTTCTCGCAGA,KLF13,717,87,85
KLF14_GCAATGACTGTCCTACAGGC,KLF14,653,156,324
KLF14_TAATAGGCTTTGGTGCAGCC,KLF14,132,167,247
KLF14_TTGCGCGGCAGCTCTGGCGA,KLF14,1503,226,284
KLF14_CCCAGACGCTTGCAGCCAGC,KLF14,773,372,156
KLF14_AGACGCTTGCAGCCAGCAGG,KLF14,836,204,128
KLF15_CCTTGATGTGCTTGGAGAGG,KLF15,802,512,443
KLF15_GCGAACTTCTTCTCGCACAC,KLF15,1252,593,1059
KLF15_GGCCCATGAGGAGACCGGCA,KLF15,506,3,70
KLF15_GGCTTGGCGGCAATGGGCAC,KLF15,581,97,169
KLF15_CTTGGCGGCAATGGGCACAG,KLF15,2099,497,825
KLF15_GGAACAGCGCTCTCTCCCGC,KLF15,412,218,90
KLF16_CTTCACCCGCAGTGACCACC,KLF16,875,68,242
KLF16_TGAAGCGCTTGGAGCACAGA,KLF16,1068,11,23
KLF16_CCCTGCCAGTCACAAGCAAA,KLF16,2088,680,549
KLF16_CGCAGTCCGGGAAGGGACAG,KLF16,1783,1,15
KLF16_ACAGCGGTGGCTCTTGGCGG,KLF16,590,19,0
KLF16_CACCACGGCGCCCGAAGAGA,KLF16,2707,18,22
KLF17_CGCCTCAACAGACACCAAAG,KLF17,2018,517,622
KLF17_TTGGTGTCTGTTGAGGCGCC,KLF17,438,184,172
KLF17_CATCCTTAGATTCCCACCGA,KLF17,1365,498,714
KLF17_CTTCACCTGTGTGCTTGCGC,KLF17,1485,429,554
KLF17_ACCTAAGGACCAGCAGCAGG,KLF17,1247,145,92
KLF17_CTGACCTAAGGACCAGCAGC,KLF17,573,232,385
KLF2_TAATAGAACGCAGGCGGCGG,KLF2,460,53,49
KLF2_TCGTGCATGCGAGGTCCCGG,KLF2,758,100,144
KLF2_CGCGTCGTCGAAGAGACCGA,KLF2,64,376,26
KLF2_ACCGAAAGCACACGGGCCAC,KLF2,568,175,155
KLF2_AGAAGGCACGATCGCACAGA,KLF2,1213,648,424
KLF2_GCCGTTTCATGTGCAGCGCC,KLF2,1126,177,275
KLF3_TCTGTCGCACGGAATACAGA,KLF3,625,168,156
KLF3_TGAAGTTCCCGTCCTCACAC,KLF3,1660,255,93
KLF3_ATGGACAGCGGCACGCCGAA,KLF3,401,163,181
KLF3_CGGATACTCAAAGGAAGCGG,KLF3,117,55,96
KLF3_TGCGGTCACAGTCCGGGCAC,KLF3,672,19,104
KLF4_CACAGCCGTCCCAGTCACAG,KLF4,3524,376,614
KLF4_ACCCACACTTGTGATTACGC,KLF4,785,510,1621
KLF4_TCTGGCATGCAGGAACCGGG,KLF4,285,304,390
KLF4_TGTAGGGCGCCACCACCACC,KLF4,1141,325,246
KLF4_GGCTTGCGGCGGTAGCAACC,KLF4,706,125,143
KLF4_GACGCGAACGTGGAGAAAGA,KLF4,755,327,326
KLF5_GCTCAGCACCCTTGTAGCCA,KLF5,1744,346,220
KLF5_GGTGTTCGCGCAGCTCAAGC,KLF5,389,79,149
KLF5_GGCTTGAGCTGCGCGAACAC,KLF5,681,37,179
KLF5_TATACTGGTGAACTCAGGGA,KLF5,766,8,31
KLF5_TGGCATTGTGTATGTGCAAG,KLF5,2055,493,959
KLF5_ATCCACTACTGCGATTACCC,KLF5,59,297,127
KLF6_CAGGCACGTACCTGTCACAG,KLF6,1397,354,481
KLF6_AGGCACTTCCGAAAGCACAC,KLF6,1276,793,792
KLF6_TCCGCTGGTGTGCTTTCAAG,KLF6,2085,513,742
KLF6_CATCTTCTCCGGAACTGAGC,KLF6,522,107,197
KLF6_TGCCAGTACTCCTCCAGAGA,KLF6,2717,1343,1380
KLF6_CTCCAGATCGTGCACGAGAC,KLF6,3988,1032,1158
KLF7_CCCACTTAAAGGCCCACCAG,KLF7,1776,871,852
KLF7_TCACTGCGTTGAGCTGGGCC,KLF7,109,176,196
KLF7_CTAGAGAAGAGCTGGCCGGC,KLF7,547,290,424
KLF7_TACCATCCCTGGAGGAGACC,KLF7,486,110,163
KLF7_TTACGTGATGAGGCTCACCA,KLF7,4281,996,1019
KLF8_CTTGTAGCATGCTAGCAGGC,KLF8,1140,365,307
KLF8_GCTCATGTCAGATGTTGACG,KLF8,655,109,112
KLF8_TTCCAGTGGAGACATGGAGG,KLF8,467,75,92
KLF8_CGCCATTTCCGCAAGCACAC,KLF8,2050,1640,1606
KLF8_TTGCAGTCTGTGCACCGAAA,KLF8,2723,909,800
KLF8_CTCACATGGTGTCATGGCGA,KLF8,1025,472,453
KLF9_ACCACCTCACAAAGCACGCC,KLF9,124,36,201
KLF9_ATGAAGCGCTTCTCACACAG,KLF9,1366,502,370
KLF9_TCTGGCCACGTGCAGGGAAA,KLF9,1747,479,317
KLF9_ACTGTCGCTGCACACGGAGG,KLF9,667,170,52
KLF9_ACCTGAGCGCGAGGTGACCA,KLF9,742,132,160
KLF9_GCTGCGACTACCTGAGCGCG,KLF9,131,173,236
KLHDC1_TCAGCTGTTCTGTGTGGCGG,KLHDC1,403,158,247
KLHDC1_CCTGTCTTTATATACCCAGC,KLHDC1,200,17,7
KLHDC10_GCTTCGTGCAACTCTCCGGG,KLHDC10,564,205,119
KLHDC10_GCACAGATGGCTACATGCCC,KLHDC10,244,248,25
KLHDC10_ACCCAGTCGTATATATGGAC,KLHDC10,1264,125,132
KLHDC10_CATTGATGATGGCCATAGCC,KLHDC10,936,125,140
KLHDC10_CAGGCTTTCCTGCAGCCCGA,KLHDC10,375,44,63
KLHDC10_CTAGCCTGCTGGAACTGGCA,KLHDC10,653,61,354
KLHDC2_CAAGATGGCTGATGGCAACG,KLHDC2,1523,530,1128
KLHDC2_GGCCACGTAGCCGTCAGCGA,KLHDC2,1431,334,104
KLHDC2_TGGATCTACAACATGGAGAC,KLHDC2,681,239,216
KLHDC2_TTTGGAGGACACCATTCAAG,KLHDC2,1584,334,153
KLHDC2_CTACAGACAGAGTGTTACAG,KLHDC2,2594,705,777
KLHDC2_TTCCGACAGTTGCACAGGCA,KLHDC2,1944,695,638
KLHDC3_CGGATGGCAGACTTCACCGG,KLHDC3,2093,368,544
KLHDC3_CTCCTTCAGATACGCACAAG,KLHDC3,2997,446,894
KLHDC3_ATGGCCCAAAGCGGTCGGCA,KLHDC3,380,162,18
KLHDC3_CAATACAGCAGCACTGGCGC,KLHDC3,1005,148,52
KLHDC3_TCTGAAGACTCTGTGCAAAC,KLHDC3,1455,730,614
KLHDC3_CTTATTGTTGGCCTTCCAGG,KLHDC3,783,242,134
KLHDC4_CATAGACGACGATGCCGCCC,KLHDC4,426,164,15
KLHDC4_GGGTCGGAGTGGACATCGGA,KLHDC4,32,170,113
KLHDC4_ACAGCGCCTCGGAGGTGGAC,KLHDC4,27,146,148
KLHDC4_TTTCTCAGGATGAACCGAGA,KLHDC4,395,34,83
KLHDC4_TCCAGACACTCGATGCCAAG,KLHDC4,949,568,347
KLHDC4_TAAGCGCTCGCGGAAGGAGG,KLHDC4,755,2,19
KLHDC7A_ATCCATAGCCCGCGTCCGAA,KLHDC7A,1858,491,480
KLHDC7A_CACCCGAGGCTTCAGCCGGA,KLHDC7A,177,334,250
KLHDC7A_CTTCCGGCTGAAGCCTCGGG,KLHDC7A,96,48,103
KLHDC7A_GGTTCTCCGCTATCTGCAGA,KLHDC7A,132,0,56
KLHDC7A_TGCTTCTGCCTAAGCCAGGC,KLHDC7A,440,324,252
KLHDC7A_CAAGGACCGCACGGCCGAGA,KLHDC7A,1119,204,76
KLHDC7B_CCAAGAAGCTCCGAGACCAA,KLHDC7B,1194,265,238
KLHDC7B_TCAGCCGGCGGTAGAGGCAC,KLHDC7B,413,230,147
KLHDC7B_ACGACCCGCGAACAGACGCC,KLHDC7B,306,79,185
KLHDC7B_GCAGTAAATGGTGTTGCCCA,KLHDC7B,556,126,264
KLHDC7B_CCGTGAAGGTGGCAGTGACC,KLHDC7B,711,460,548
KLHDC8A_CCACTGCGTCACTCAGACCC,KLHDC8A,1376,488,371
KLHDC8A_CGTTCTTCCTCAAGAAGCGG,KLHDC8A,541,137,96
KLHDC8A_GGTAGAGGCGACCTTGCCGC,KLHDC8A,0,1,0
KLHDC8A_GATTACCGAGTATATGCGGC,KLHDC8A,215,82,97
KLHDC8A_CATGCTGCGTGAGGCCGCCA,KLHDC8A,1722,195,420
KLHDC8A_CTTACCTGACTGGAGGGAAA,KLHDC8A,1732,191,413
KLHDC8B_TGCGGTAGTTCTGGGCAAGC,KLHDC8B,1974,720,415
KLHDC8B_TCCTGATGGATGAGGGCCGC,KLHDC8B,345,44,139
KLHDC8B_GCGAAAGCCAGCAGTCCCGA,KLHDC8B,495,138,130
KLHDC8B_AGCCATGGCGCAGCCAGCAA,KLHDC8B,237,104,101
KLHDC8B_CCCTCTTATCCCTCATGCGC,KLHDC8B,1124,123,215
KLHDC8B_CCCAGCCTGCAGACTAGAGC,KLHDC8B,1359,482,371
KLHDC9_AGAGCCCAGCAGCGATACGG,KLHDC9,876,71,144
KLHDC9_ACCGCACTGGACACAGAGCG,KLHDC9,354,205,235
KLHDC9_AAGAGCAATAGCTGATGACC,KLHDC9,347,98,56
KLHDC9_ATCAAATGAGGAGCAACAGG,KLHDC9,262,123,320
KLHDC9_TCCATCAAATGAGGAGCAAC,KLHDC9,799,204,274
KLHDC9_CAGGATGCAAACCTGTGGAC,KLHDC9,311,103,224
KLHL1_CGGGAACAGTGATTTGAAGC,KLHL1,1837,958,713
KLHL1_CCAATGTCAACACACAGACA,KLHL1,1277,1302,1286
KLHL1_AGTTTATGGAGCTCCTCAGC,KLHL1,391,31,40
KLHL1_GGTGGCCCACAGCTACACAA,KLHL1,677,278,231
KLHL1_TGTTTGTGAAGCCAAGCAAG,KLHL1,869,181,137
KLHL1_AGCACATTCTGCGACTCCGC,KLHL1,862,221,136
KLHL10_AGAGGGCAAGCTCTGCGACG,KLHL10,1636,344,493
KLHL10_CCGGACCGTGCCTATCACAC,KLHL10,3457,1154,1364
KLHL10_ATTGTCCGGTGTGATAGGCA,KLHL10,415,389,307
KLHL10_AGGATGGCATAGGGCAAGCG,KLHL10,2394,466,855
KLHL10_ATGACGCTCGGGCAGACAGA,KLHL10,759,125,143
KLHL10_TGCGCCAAGTGTTAGCCACA,KLHL10,784,272,386
KLHL11_ATTGTGCGGAGAGGAAGAGG,KLHL11,581,123,23
KLHL11_CCTACCGATATTGTGCGGAG,KLHL11,633,629,60
KLHL11_ATGATACAGAGACTCGACAG,KLHL11,1090,181,229
KLHL11_CGCCCGCACTCCTGTAGACC,KLHL11,2879,864,532
KLHL11_TAATGTCGCAGAAGAGGCCC,KLHL11,454,64,113
KLHL11_CAGAACGAGCAGCGGCGCCA,KLHL11,1470,301,274
KLHL12_ATGACCCTATCATCGACAGC,KLHL12,500,448,265
KLHL12_CCAGCACAATCCGATGGGCA,KLHL12,1234,575,407
KLHL13_TGGCAGAATCTGTAGGAAAC,KLHL13,1866,582,777
KLHL13_CCATCATGACTCTATGCACA,KLHL13,1644,316,377
KLHL13_GCCCATTTCGCTGCCTCCAA,KLHL13,0,44,0
KLHL13_TGGAGAAAGTGGAGTTGACC,KLHL13,973,395,474
KLHL13_ACTCCACTTTCAGGAGACGG,KLHL13,229,70,6
KLHL13_GATGGATCATCTGCATAGAG,KLHL13,592,223,164
KLHL14_GGGTCATAGCAATATAGCCA,KLHL14,228,276,197
KLHL14_CATGCGGGAGCAGTGCACAA,KLHL14,1665,272,381
KLHL14_AGTTACCATTCGGATTCCAC,KLHL14,468,28,90
KLHL14_CAAGCTCACCAGAGTTCAGA,KLHL14,223,155,283
KLHL14_TGGAGGGCTGCCTCCTGGAC,KLHL14,796,406,386
KLHL14_TCGGAAGTACTGCGAGCAGG,KLHL14,593,128,273
KLHL15_TGTCCAGCACAGTCACACCA,KLHL15,984,265,454
KLHL15_CCGATTGGTAGAAGTGGCCA,KLHL15,842,488,656
KLHL15_ACGGACCAGGAGAACTCAAG,KLHL15,1153,234,270
KLHL15_TGCGGCATGATAGAAGACGC,KLHL15,390,157,273
KLHL15_CCAAGAGTGCTTTATGGGCC,KLHL15,531,388,369
KLHL17_ATGAGCCGCATGCGCCAGCG,KLHL17,635,79,171
KLHL17_CGATGTCGTGCAGCGTCACG,KLHL17,1515,253,304
KLHL17_ACCTGTGGGCGGCCTTGAGC,KLHL17,1237,100,90
KLHL17_CCCGCAGGCAGCATGTCCCA,KLHL17,998,178,304
KLHL17_CCACGTGGATGCCGAGAGCC,KLHL17,1715,467,343
KLHL17_AGTCTCCGTGGATGGCAAAC,KLHL17,1886,580,251
KLHL18_ATGGAGGAGATCCGGCGGCA,KLHL18,1019,259,282
KLHL18_TGACATGATGGAGTGCAAGC,KLHL18,1453,519,358
KLHL18_CTTGGAAGACGTGCTTGAGC,KLHL18,1281,72,311
KLHL18_TATTGGACAGCAGCTCAGGC,KLHL18,121,118,75
KLHL18_GCGATGGATGTGCAGCAGCG,KLHL18,1385,624,752
KLHL2_AAGCCCGAGAGGAGCCACAA,KLHL2,869,511,363
KLHL2_CTTGTTACAGAGGGTTGAAG,KLHL2,1580,247,408
KLHL2_GCGTTGCTAACATGAGAGAC,KLHL2,370,307,381
KLHL2_TAGCTCCCATGAATACAAGG,KLHL2,980,355,690
KLHL2_GAAATGAGCACCAGGCGGAG,KLHL2,1435,159,366
KLHL2_CACCACTAACGCATGGAGAC,KLHL2,1551,893,545
KLHL20_TGGAAGGAAAGCCAATGCGC,KLHL20,1309,167,271
KLHL20_GATCCGAGACATTGACGAGA,KLHL20,114,34,0
KLHL20_CAGAGCCTACTGTGCCGACC,KLHL20,593,47,142
KLHL20_AAGGACCAAGGACGAGACCA,KLHL20,461,24,131
KLHL20_GGGACATCTCCTCTCAACAC,KLHL20,378,120,85
KLHL20_CGTGATGTCATGGCCACCAC,KLHL20,1848,160,271
KLHL21_CAGACCTTCTCGGGTGGGCG,KLHL21,666,368,187
KLHL21_ACAACCCGACGAGGAACGAA,KLHL21,363,128,221
KLHL21_CGCAGTCCACCAGCGACCAC,KLHL21,1724,761,1665
KLHL21_CAGCAGTCCGTCCAGCACAG,KLHL21,4487,1253,1548
KLHL21_GGTGGTCTGGGAACTCGGCC,KLHL21,181,24,0
KLHL21_CGAAGGCGCCATGGAGCGAC,KLHL21,346,140,235
KLHL22_CTGAGATGGAGTTGTCCAGC,KLHL22,291,83,448
KLHL22_ACACAGGTGTATGCCCACGC,KLHL22,1197,361,405
KLHL22_ATGCCCAGGAGTTGGTGGCA,KLHL22,514,233,38
KLHL22_TGTTGAGCACCGCGATGCCC,KLHL22,606,46,179
KLHL22_TTTCATATACACCTCCGAGC,KLHL22,612,112,232
KLHL22_CCACCAGCACAACATCGAAG,KLHL22,3034,811,535
KLHL23_CAAGGATTCAACACATCCAG,KLHL23,764,373,330
KLHL23_GCAGATCCGCTGCCTCAAGC,KLHL23,388,90,131
KLHL23_AGCATAGACACAGCCACCCA,KLHL23,578,51,193
KLHL23_CCCATGAGACCGCATGGCAC,KLHL23,397,722,832
KLHL23_AACACACCCATGAGACCGCA,KLHL23,1109,295,200
KLHL24_AGTAGTTGGGATGCAACAGA,KLHL24,141,71,188
KLHL24_ACGATCCTGTAACAGGAGAA,KLHL24,832,231,256
KLHL24_CAGCTATCCCAATTGCCAAA,KLHL24,1204,428,845
KLHL24_TATTGCCTTGGTCAGTCCAC,KLHL24,368,19,169
KLHL24_TATATATCCTGGGCGGAAGA,KLHL24,610,226,138
KLHL24_ATATATCCTGGGCGGAAGAC,KLHL24,1108,204,325
KLHL25_CCACGGCCTTTGTCAGCACC,KLHL25,1237,343,244
KLHL25_ATCGTCCACCTGTTCTCCGA,KLHL25,812,150,148
KLHL25_ACATGAGGAATGGTCCAAGG,KLHL25,1428,247,639
KLHL25_AGGCCCTGCGCTGCAAGACC,KLHL25,959,456,315
KLHL25_CAGGCAGTCGGACGGCAGCA,KLHL25,1983,346,528
KLHL25_CCGCAAGTCGCGGAGCAGCA,KLHL25,2515,773,500
KLHL26_AGCACCACCGCTGCTACCGC,KLHL26,853,299,203
KLHL26_ATGGGTTGGGAAGCCGACCA,KLHL26,370,127,285
KLHL26_GACGACCTTGTGTGCAGGAA,KLHL26,2572,566,805
KLHL26_AACTCCCACTGGTCGGCCAC,KLHL26,200,145,28
KLHL26_CACCATGGCGTGTAGCACGC,KLHL26,1955,754,985
KLHL28_GATACGTGGCTGGATTCAGC,KLHL28,55,20,4
KLHL28_AAGTAAGGACTCCTGGGAGA,KLHL28,1154,50,31
KLHL28_AAATACCTGTTCATGTGGGC,KLHL28,449,125,82
KLHL28_GGCAGGACCATACCCACCAA,KLHL28,1017,127,72
KLHL28_TTTGAAATACGGGCTGACGC,KLHL28,1433,629,546
KLHL28_CTACCCTGCTCTGTACCAGG,KLHL28,564,242,324
KLHL29_GGTGACCGCAGACGCAGAGC,KLHL29,106,0,19
KLHL29_CTATCAATCAGTCCACACCC,KLHL29,1417,284,587
KLHL29_GATGCTGCGGACCATTGGCG,KLHL29,1242,178,390
KLHL29_TCCGTGCAAGACAGCGGCCA,KLHL29,1014,382,427
KLHL29_CCACCTGTGTGCGTGTCGCG,KLHL29,1419,426,588
KLHL29_AGCGTTTGGCCTCGTTCACC,KLHL29,555,168,170
KLHL3_GACTCCAGTCAGCCTTCCCA,KLHL3,439,38,92
KLHL3_AGGTAGTCCCTAGGTAAGAG,KLHL3,810,259,383
KLHL3_TCTTAGCCTGAGTCTGGACC,KLHL3,141,243,202
KLHL3_CAGCAGGCCAATGCCTACGC,KLHL3,825,329,259
KLHL3_AGGCTGCCAGGACCACACGG,KLHL3,349,203,153
KLHL3_AGGTTATGAATGAACTGCGG,KLHL3,595,216,100
KLHL30_TGGACTTCGTGTACACAGGC,KLHL30,1006,729,511
KLHL30_TGTTGTTGTTCAGGGCCGCC,KLHL30,282,87,113
KLHL30_ACAGAACTTCTCCCGGCAGG,KLHL30,782,98,39
KLHL30_GGTTGTAGCACTGCAGGGCC,KLHL30,934,0,16
KLHL30_GCGAGGACAGGTACTTGGGC,KLHL30,903,240,177
KLHL30_GGAGATGGAGGCCTACGACA,KLHL30,346,168,140
KLHL31_TCACGTTGTTGGGCATCGAG,KLHL31,1528,470,260
KLHL31_AGGCGAACAAGAATCCGAGG,KLHL31,175,192,166
KLHL31_GACCAGGTCTTGTGCAGAGA,KLHL31,1079,471,640
KLHL31_AGACCCGTCAATTCAGAGGG,KLHL31,723,256,388
KLHL32_AAGAAATGCTGACAGGCCAG,KLHL32,929,68,110
KLHL32_GACCAGCCTTGGCTTAAAGC,KLHL32,639,228,338
KLHL32_ATCCAGGATGTGCTAGCAGC,KLHL32,766,192,256
KLHL32_TCCCTATTGCCTGCTTCAGG,KLHL32,641,169,186
KLHL32_CACAGCACACGTCCGGCCAC,KLHL32,101,278,61
KLHL32_ACAACATAGACACTGACCAG,KLHL32,1691,402,335
KLHL33_ACTGTCCTGGCCTGGGCCGA,KLHL33,398,171,304
KLHL33_AGCCACCGCTCACGTACAAC,KLHL33,2275,647,1265
KLHL33_CCAGTGCCACCAAGGAGAAA,KLHL33,1885,638,842
KLHL33_CTTCCGCTGTGGCGTGGGAC,KLHL33,829,279,297
KLHL33_ATCCAGGAGCTCAGCCAAGC,KLHL33,1262,106,147
KLHL33_TGTCAGAAAGGCTTGGCACG,KLHL33,366,69,81
KLHL34_ACATCGGCTGCGCGTTGCCC,KLHL34,639,280,95
KLHL34_TCCGTCCAAGCGTGGAAGCG,KLHL34,1848,629,884
KLHL34_GATGAGGCCCTTGACCCGGG,KLHL34,434,145,52
KLHL34_CTGCTGCTTCGCCGCCAACG,KLHL34,1043,278,343
KLHL34_CAGTGTAGATGAAGTCCAGC,KLHL34,299,367,181
KLHL34_CTGGGTGTGGCTCTTGAACA,KLHL34,2511,1145,1260
KLHL35_CCATCATCCAGAGCTTGGGC,KLHL35,1042,0,0
KLHL35_AGAAGGGTGCTGGTGACCGC,KLHL35,1131,251,134
KLHL35_CGGCGTCAACACGGACAAGG,KLHL35,2467,585,459
KLHL35_AAGGTAGCCTCTCTGCACAA,KLHL35,568,335,295
KLHL35_ATCGGCGGTTGCGACCGCAA,KLHL35,68,0,0
KLHL35_TTCATCCTGGGCCGCGAGGC,KLHL35,415,323,238
KLHL36_TGCTTGAGTGGTCGGCCCAG,KLHL36,1256,248,412
KLHL36_GGTGGACTTCCTGTACGGCG,KLHL36,233,79,26
KLHL36_CTTCTCACGGGACAACGGAG,KLHL36,723,185,366
KLHL36_GGTAGAAATCCACACGGCGC,KLHL36,441,46,7
KLHL36_ACATCCTGGGCGGCTACAGC,KLHL36,503,554,492
KLHL36_TCTCCCAGCTGTAGCCGCCC,KLHL36,645,45,324
KLHL38_AACTCTACGTGACGGGCGGG,KLHL38,289,154,173
KLHL38_AACAAACTCTACGTGACGGG,KLHL38,603,202,204
KLHL38_TTTACCTGGATAAGGCGCAC,KLHL38,499,235,220
KLHL38_ATGCAGGCGAGGACTGCAGG,KLHL38,835,440,125
KLHL38_ATGAAGTGGTGAAAGAAGGC,KLHL38,491,29,59
KLHL38_TGGAGGCGGCCTCCATCACG,KLHL38,802,55,192
KLHL4_GCCAGTATATTGTGGTGGAC,KLHL4,486,88,234
KLHL4_GCTCTGCGTGGTTTATAACA,KLHL4,682,77,283
KLHL4_CAAACAAGAAGAGGTCAGGA,KLHL4,1055,210,265
KLHL4_CGATCATTTGGAGATGCCCA,KLHL4,315,312,488
KLHL4_ACTTTATGCTGTAGGAGGCA,KLHL4,239,163,99
KLHL4_GCCGTGCCGATGTGTTGACA,KLHL4,796,398,548
KLHL40_CTTATCAGCCTCCTTGGCCC,KLHL40,1089,124,48
KLHL40_ACTCGGTCATGTGCTACGAC,KLHL40,86,254,311
KLHL40_CATACACCACGTAAGGCAGC,KLHL40,315,29,210
KLHL40_GGCCGCATTATCGTGGCAGC,KLHL40,231,158,91
KLHL40_ACCCTTCGAGGCCTTCCCAC,KLHL40,742,90,38
KLHL40_GAGCCGCACTGGTAGGAAGG,KLHL40,1281,174,236
KLHL41_CTTTATGCAACTGTCTCCAC,KLHL41,377,91,176
KLHL41_GAAATGGGTGCGAACAGACA,KLHL41,719,474,548
KLHL41_GGAATGTCATTCAGGTAACC,KLHL41,398,320,967
KLHL41_TCCCAGACCGAAGAGACACC,KLHL41,1457,324,352
KLHL41_TCTCTTCGGTCTGGGAGAGG,KLHL41,537,95,191
KLHL41_AGGCAAAGACCTTCAAACAG,KLHL41,1595,1268,1109
KLHL42_TGGACTTCATCAACGCCGGC,KLHL42,918,104,127
KLHL42_ACTACCTCTTCATAGTGGGC,KLHL42,158,23,48
KLHL42_AGAAACGGCCTGCCCTCCGA,KLHL42,536,99,58
KLHL42_ATTGGAGGATACACTACCAG,KLHL42,45,89,74
KLHL42_TAGCAACACAGGATCTCCAG,KLHL42,429,64,111
KLHL42_GCGTCCACATGTCGGAAGAG,KLHL42,1973,699,610
KLHL5_CAAGTGATCGTCTAGGCAAC,KLHL5,689,245,344
KLHL5_TTACCGAAGGTCCAGCCAAC,KLHL5,885,268,304
KLHL5_GAATTCACCTTCTTGGCCAA,KLHL5,319,86,74
KLHL5_TGTCCGAGGACTTTGTAACA,KLHL5,1102,600,725
KLHL5_CCAGACAAATGAGTGGACCC,KLHL5,907,161,486
KLHL6_AGGAACTGACATGGACAAGG,KLHL6,141,546,187
KLHL6_CCACCATCTTATGCCTCCAG,KLHL6,840,206,236
KLHL6_GGAGCTTGGCCACCTCCAGG,KLHL6,138,42,0
KLHL6_GCTTACCGCTTCTGGACCCG,KLHL6,1361,357,84
KLHL6_ATCGTTGCAGAACATGGCCC,KLHL6,770,272,209
KLHL6_TGGCTGCGGCAAGCACCACG,KLHL6,1,19,0
KLHL7_TGAACCGAGCTGAGGGAGGA,KLHL7,567,339,309
KLHL7_TTTATGATGCTGCAGTCAGG,KLHL7,578,118,30
KLHL7_CCATCCCATGGCTGCAGCGC,KLHL7,1709,444,644
KLHL7_CATTGGCTTCCACCATCCCA,KLHL7,127,26,6
KLHL7_AGATGGTCTCACCAATGCCA,KLHL7,795,202,92
KLHL8_TACTACTCCCAGAGGTGGAG,KLHL8,441,30,163
KLHL8_GCACTTACTACTCCCAGAGG,KLHL8,1560,401,251
KLHL8_AGTAGGTGGCAATGATGGAA,KLHL8,701,275,338
KLHL8_ACAGAGCCAACTCCTCCACG,KLHL8,1934,349,740
KLHL8_AGGCTGCATATAAGAGAGGC,KLHL8,76,222,269
KLHL8_GCTAATCTCTTGTCACAAGC,KLHL8,510,228,262
KLHL9_GCAATACCATGCTGGTAACG,KLHL9,2793,583,704
KLHL9_AAGGTTGGAAGACCCTCGGA,KLHL9,42,54,34
KLHL9_GCCATCATAGCTCTGTGAAC,KLHL9,1384,138,300
KLHL9_CATTTGCAGCCTTGTAAGGC,KLHL9,54,127,215
KLHL9_CGCCCATTTCGCCGTTACCA,KLHL9,2665,1544,1614
KLK1_GAGTGCTGTCTTATGTGAAG,KLK1,693,449,296
KLK1_TGTGTCGGACACCTGGAAGG,KLK1,1344,168,100
KLK1_AGTCTGTCACCTTCTGGACG,KLK1,1588,829,837
KLK1_CCACACCCGCCAAGCAGACG,KLK1,4272,909,932
KLK1_GCATCCTGGTGCACCGCCAG,KLK1,507,539,373
KLK1_TTCCTAGGATTGCCTCCAAG,KLK1,529,152,263
KLK10_TGATATGTGCTGGACTGGAC,KLK10,648,294,416
KLK10_TGTTGTTGGTGACCACGCCA,KLK10,553,276,445
KLK10_ATCCGTTCGCCTTGGCAGGA,KLK10,294,452,597
KLK10_TGTCCATCCCAAGTACCACC,KLK10,808,127,243
KLK10_GCACCCAACTCTGGTCCACC,KLK10,26,177,193
KLK10_GGCCTCTCGTTCCACTGCGC,KLK10,587,184,403
KLK11_AAGTGTGAGAACGCCTACCC,KLK11,546,123,134
KLK11_CGCATCGCAAGGTGTGAGGC,KLK11,1151,248,657
KLK11_GGAGGCTGTTGTTGAAGCCG,KLK11,842,78,130
KLK11_ATCCTGCTTGCTCTGGCAAC,KLK11,1458,300,418
KLK12_CTCGTGGGTCTTAGAAGGGC,KLK12,408,289,458
KLK12_GGGATGCCATCTTGTCCACA,KLK12,1196,45,79
KLK12_CGATGGAGAGGTTGAGGCAC,KLK12,704,341,182
KLK12_CCCAATGACTGTGCAACCGC,KLK12,2419,409,456
KLK12_TCTGCTCGGTCCAGTCGAGC,KLK12,740,37,213
KLK12_AGTTCTCCCGGAGCAGGGAG,KLK12,485,133,220
KLK13_TGTGGGCAACCTGACCGGCC,KLK13,483,62,120
KLK13_GAGTGTCGTCAAGTCTACCC,KLK13,309,30,46
KLK13_ACCTGTGTGGGTGCATACCC,KLK13,602,83,275
KLK13_CTGCCCTACTAGTGCAAGGG,KLK13,2227,414,445
KLK13_CGCATTCTTACCTCCTGACA,KLK13,3277,1345,822
KLK13_GGAGGCGATCACTAGGGCCA,KLK13,49,317,131
KLK14_TCCAGCTTCTGTACTTGCAC,KLK14,814,155,213
KLK14_CCCGGATGAGGTGTGCCAGA,KLK14,1193,839,709
KLK14_TCACGCATTGCAGAGAGGCG,KLK14,741,362,566
KLK14_GACGCAGGAGTCCTCACCGA,KLK14,490,78,112
KLK14_CAGGATCCTTCAGGTTGCCC,KLK14,280,29,19
KLK14_TCTCTGCATTTGACAGGACC,KLK14,654,38,50
KLK15_ATGGTGTGTGCAGGCGCGGA,KLK15,451,84,70
KLK15_CAGGCTCGTTGTGGGACACC,KLK15,684,340,354
KLK15_AACGCGTGGGTAGCACCGCG,KLK15,331,162,111
KLK15_TCGTAGAGAGCCACTTGCCA,KLK15,1161,286,243
KLK2_ACAAGGCGATGGAGAGAACC,KLK2,603,384,313
KLK2_TAGCACACATGTCATTGGAC,KLK2,1323,356,294
KLK2_TGCTAGAGCTTACTCTGAGA,KLK2,928,351,590
KLK2_ACCACCTTGGTGTACACAGC,KLK2,1153,195,343
KLK3_CACCAATCCACGTCACGGAC,KLK3,2756,828,420
KLK3_GCAGACTGCCCTGCCACGAG,KLK3,683,698,464
KLK3_TCGTGGCTGGAGTCATCACC,KLK3,524,80,113
KLK3_TGCGCAAGTTCACCCTCAGA,KLK3,984,315,258
KLK3_GACCATGCCAGCCCTGCCGA,KLK3,39,135,69
KLK3_ACAGGGAAGGCCTTTCGGGC,KLK3,499,88,66
KLK4_GGCACGCCAACTTGGCCACA,KLK4,377,65,194
KLK4_CCCAGCATGTTCTGCGCCGG,KLK4,1652,298,425
KLK4_AGCAATGCTGATGCTCCGGA,KLK4,679,95,85
KLK4_CTTGAGGCCGACCAAGAGCC,KLK4,1230,214,552
KLK4_CAGCCAAATCATAAACGGCG,KLK4,1191,300,145
KLK4_GCTGACGTGATGGCCACAGC,KLK4,85,240,322
KLK5_ACCTCTGCAAGTTCACCAAG,KLK5,438,108,255
KLK5_TTCTGCGCCGGTGACAAAGC,KLK5,1891,471,489
KLK5_TGGGCAGCAGATGTTCCAGG,KLK5,1123,334,24
KLK5_AGCAACAGCGCGGCCTGCCA,KLK5,182,45,235
KLK5_GCGATATGCACACCCAGCCG,KLK5,1315,115,121
KLK5_ACAGAGCACCCACATCCAGG,KLK5,501,0,27
KLK6_ATGACACAAGGCCTCGGAGG,KLK6,417,385,149
KLK6_TGGCGGCATCATAGTCAGGG,KLK6,645,218,260
KLK6_AGTCAGGGTGGATCACAGCC,KLK6,1335,232,369
KLK6_ACCACAGAGCAAGTGGCCCG,KLK6,804,39,30
KLK6_GGGTGAGATGTCTTGTCGCA,KLK6,608,343,125
KLK6_CTGAGTCTGATTGCTGCAGG,KLK6,1438,326,191
KLK7_GGTCATTGGGTTGGCCGCAA,KLK7,506,90,178
KLK7_CCACCTGTACTGTCTCCGGC,KLK7,999,559,685
KLK7_GCAGTGATACGCTGGGCGAC,KLK7,588,115,137
KLK7_GGCAATCAGCTCCACTGCGG,KLK7,606,139,125
KLK7_GGAGCTGATTGCCACTGAGC,KLK7,1107,127,153
KLK7_ATAATCTTGTCACCCTGGGC,KLK7,244,73,137
KLK8_CAAGAAGATCATAGGCAGCA,KLK8,1998,671,625
KLK8_AGGTTTGTCGGACCTCCCAC,KLK8,235,63,112
KLK8_GCTTCTTCAACTGCGTGACC,KLK8,460,55,50
KLK8_TAGTTGCTGGCCCTGGAACA,KLK8,1098,362,493
KLK8_CCGCATACAACTTAGTGAGG,KLK8,2754,304,392
KLK8_GACCTCGTGCGGCCAAGACG,KLK8,796,150,296
KLK9_CAATGGAACCTTGGCAGGCG,KLK9,1212,349,522
KLK9_CTCTGTCACTGGGCATACCC,KLK9,1772,638,530
KLK9_CTGAGGTCCTTGTTGAAGCC,KLK9,1267,778,195
KLK9_GACCCTCCCATTTCCAGAGG,KLK9,44,0,106
KLK9_CACAGAAGAGCCGAGTAAGG,KLK9,2187,717,727
KLKB1_TGCCACGCAAACATTTCACA,KLKB1,1169,208,138
KLKB1_AGGATTGCGTATGGGACACA,KLKB1,798,251,175
KLKB1_GGTCACTCATAGGACACCAG,KLKB1,462,46,186
KLKB1_CAGGCTCCTTTGAATTACAC,KLKB1,789,119,188
KLKB1_CCAACTGTTGGGTAACCGGA,KLKB1,278,228,251
KLKB1_CTGTGCTGGCTATAAAGAAG,KLKB1,1355,515,244
KLLN_GCCGATTCTTACAGAACGCG,KLLN,1273,73,419
KLLN_CGCCGATTCTTACAGAACGC,KLLN,1336,368,377
KLLN_AATCGGCGGCAGCCAGCAGG,KLLN,308,80,24
KLLN_CAGTCGGAACTACTTTCCGA,KLLN,961,133,102
KLLN_CCAAACGTGCACGGTCCGGC,KLLN,0,135,93
KLLN_ACCCGGCAGGATGGATCGCC,KLLN,197,83,0
KLRB1_CCTTATCTCGAATAAGCAGC,KLRB1,629,72,177
KLRB1_ATCTCGAATAAGCAGCAGGC,KLRB1,169,57,214
KLRB1_ATTGGGCAGTTTAAGAGACC,KLRB1,241,209,116
KLRB1_ACCCAGTAACAACCAAGACA,KLRB1,1014,875,475
KLRD1_ACAGTGAGGAGCACACCGCC,KLRD1,998,143,142
KLRF1_TCGAGATCTGCAGACCAGAC,KLRF1,1707,470,683
KLRF2_GATGCGATCTTGACGCACAA,KLRF2,636,109,412
KLRF2_TTGACGCACAATGGAACCAG,KLRF2,1362,557,558
KLRG1_GATTGTCCGTTATCACAAGG,KLRG1,339,363,237
KLRG2_GACCCTGGGTCTGTGCCAAG,KLRG2,566,291,149
KLRG2_CGTCGATCCAGTGCCAGCCC,KLRG2,1749,615,968
KLRG2_GAGCACAGCCATGAACGCCA,KLRG2,190,178,24
KLRG2_TTCACGTACATGGGTAGCCC,KLRG2,1144,166,394
KLRG2_CACCCGTAAGCGTTACGGCC,KLRG2,2320,214,215
KLRG2_GAAAGCAGCCCAAGTCCGGC,KLRG2,471,61,12
KLRK1_GCTGTATACTTTCAGAAGGC,KLRK1,687,341,284
KLRK1_CTGCTTCATCGCTGTAGCCA,KLRK1,1538,835,819
KLRK1_ATCAGAGTTCTTCGAAGCAC,KLRK1,617,217,131
KMO_CAATGTCTCAGATACTCGAG,KMO,1318,216,358
KMO_CGAGTGGCTACCTTCACACG,KMO,2843,987,1171
KMO_CTTGTCGTCCTCTATGAGAA,KMO,1541,568,374
KMO_TGCTGACTGTAATCAAAGCG,KMO,1408,1133,1432
KMO_GAGCACATGTCAACTCAAGC,KMO,1476,198,130
KNCN_TTGAACCGAGCCTTCAGGAA,KNCN,1869,491,570
KNCN_TGAACCGAGCCTTCAGGAAG,KNCN,1717,253,314
KNCN_AGACTTCCGCGGCCTGCAGC,KNCN,300,122,114
KNDC1_GCGGATCTTTACGAGGAGGA,KNDC1,330,247,325
KNDC1_CAGCCTGTCCATGCGGAGCG,KNDC1,747,737,774
KNDC1_CCGGTCACGTCGAACTCGGG,KNDC1,816,17,21
KNDC1_CGCTTACCTCAAGGTCCGGC,KNDC1,1447,48,129
KNDC1_CAGGAGAAGCCGCCTGCGGA,KNDC1,171,1,19
KNDC1_CACAGCTCGTACTCCCGGAA,KNDC1,2413,626,565
KNG1_ATATAGGATGCACACAGCCG,KNG1,1305,459,318
KNG1_GCCTACTTACACCATTCCAA,KNG1,265,149,154
KNG1_AAACCTGATCCTTTCAGGGA,KNG1,509,188,206
KNG1_TACTGTCAACTGTCAACCAC,KNG1,1031,213,282
KNG1_CAAGGGCATGGGCACCAAAG,KNG1,1052,396,515
KNG1_CTAAGGTCCTGCGAGTACAA,KNG1,1089,264,688
KNOP1_GCCTTGCAATCGTGCTGGCG,KNOP1,2190,416,233
KNOP1_TCTTGCTCAGGTGAGGCGAA,KNOP1,887,269,328
KNSTRN_TGCAGCAACTGTCGTGCCAC,KNSTRN,806,427,380
KNSTRN_GAGCGAGAAGGACTGCGGGC,KNSTRN,302,45,0
KNSTRN_CCACACTGGTCATCGTAACG,KNSTRN,4853,1716,1815
KNSTRN_ACCAAACTGAGACGAGAGAA,KNSTRN,311,306,245
KNSTRN_TGTTGACGGCTTCTAACAGC,KNSTRN,425,156,263
KNSTRN_GCAGGCCTTAAAGGTAAAGC,KNSTRN,196,131,181
KNTC1_CTCTAACTCCTGTATGGAAC,KNTC1,1451,165,329
KNTC1_ATGCCAGTGAACAGACCGAA,KNTC1,819,45,102
KNTC1_GGCACAGTCCTTCTTACAAA,KNTC1,748,121,324
KNTC1_AATGGTTGGAACAAGCAGCC,KNTC1,175,19,0
KNTC1_CGCATACATGATCTTGAGCA,KNTC1,2380,37,23
KNTC1_ACGAGGCTATGGAATAAGAG,KNTC1,1328,13,68
KPNA1_GCCCTCTCATATCTATCAGA,KPNA1,438,34,65
KPNA1_CATTCCGGGTCATGGTCAGG,KPNA1,475,34,25
KPNA1_ACCCGAATTGTGATTCAGGC,KPNA1,1287,450,747
KPNA1_GAACCAGGCGTACCTCAACC,KPNA1,743,297,330
KPNA1_GCACACCAGGAGTAGTGGCC,KPNA1,325,32,28
KPNA1_ATCCCGATGAGATGCGCAGG,KPNA1,1093,74,222
KPNA2_GATTACGTAAGTAGCCACAC,KPNA2,437,30,20
KPNA3_TGTTGCTTCAGGAATGAGGC,KPNA3,702,59,120
KPNA3_TGGCACCGACGAGCAGACCC,KPNA3,747,534,400
KPNA3_GCTCTGTCATACTTGACAGA,KPNA3,0,0,37
KPNA3_GCCTATGGAGACAGTTCAGG,KPNA3,727,87,64
KPNA3_ACAGCACTCAATTGGACCAC,KPNA3,652,67,290
KPNA3_GATGCGGTGGTTCTCCAAGC,KPNA3,641,145,5
KPNA4_CAGTTTCTCGTTGTCCGCCA,KPNA4,842,151,84
KPNA4_CATGGCGGACAACGAGAAAC,KPNA4,1158,72,52
KPNA5_CTCCTTCCTTTAAGATGCCA,KPNA5,942,182,313
KPNA5_CGTAGACGAAGAGAAGAAGA,KPNA5,662,121,202
KPNA5_TTCCACTGTACCCATTCCAG,KPNA5,1648,82,242
KPNA5_GATGTTAGAAACAGTCCAGC,KPNA5,350,46,35
KPNA6_CTAGAGACCATGGCGAGCCC,KPNA6,255,69,181
KPNA6_TCTTATGTGAGCTCTACCAC,KPNA6,247,165,61
KPNA6_GGTTCGTGGAGTTTCTGAAG,KPNA6,671,99,143
KPNA6_GGCAATATTCGTTAGAGCCC,KPNA6,0,0,9
KPNA6_CCCTGTCAAATCTCTGCCGA,KPNA6,653,465,145
KPNA6_CGAGACAGTACAGGCAAACA,KPNA6,4921,626,588
KPNA7_GGTCACAGGCGGCAGAGAAA,KPNA7,934,209,153
KPNA7_ATGGTGGCGAACTTTGCAAC,KPNA7,1021,381,356
KPNA7_CCCTGAGCAACGTAGCAGCG,KPNA7,1160,737,836
KPNA7_CAACAAGCGCATCGGCCAAG,KPNA7,1347,1269,576
KPNA7_TCAATGACCAGTTTCAGAGG,KPNA7,909,77,88
KPNA7_CAATGACCAGTTTCAGAGGG,KPNA7,1093,220,49
KPNB1_CTGCGTCCTACCGGGAGACA,KPNB1,1960,73,39
KPNB1_AGATCGGCTGGAGCTGGAAG,KPNB1,1949,17,16
KPNB1_GGACAGTTCCACAAGGAAAG,KPNB1,813,43,44
KPNB1_TTCTGACTGCCATAATCCAG,KPNB1,1071,0,20
KPNB1_CACACAGTGTCCAGATACGA,KPNB1,1667,32,0
KPNB1_AACTTGCTGGTGTGCTCAGG,KPNB1,526,87,51
KPRP_TTTGAGATTGGGATGCAGCC,KPRP,383,466,362
KPRP_TCTACGAAGCAAGTCTGAAC,KPRP,771,287,332
KPRP_CAGGGTACATAGTTCTGGAC,KPRP,1144,704,540
KPRP_TATATGGGTTCAGAGCGGCG,KPRP,477,223,150
KPRP_TCTGGAATCTCACACTGCCC,KPRP,268,65,44
KPRP_GATGTGTTTCCAGAGCGGAG,KPRP,443,27,8
KPTN_CACGCCCTTCAGGGAGACCA,KPTN,1073,354,205
KPTN_GAAGCTGGTCTTCAAGACCC,KPTN,317,12,40
KPTN_GACGTCCAGCCAGAGGACGC,KPTN,11,79,234
KPTN_ACAGCTGGAACGGAGTGAAC,KPTN,2538,307,487
KPTN_GAGACAATCTCCGCATCCAC,KPTN,204,129,91
KPTN_GGCCGCCACCCTTAAAGGCA,KPTN,1224,407,381
KRBA1_GCGGGAGAACTACGAGACGC,KRBA1,22,7,2
KRBA1_TTCCTGTCACCCTCAGAGCC,KRBA1,955,562,588
KRBA1_CGCTCTCTCTCCATCCAGGC,KRBA1,1792,472,628
KRBA1_ACACGAGCTGTCGGTGGGCG,KRBA1,777,359,266
KRBA1_CAAACCGTGGCCTACAAGGA,KRBA1,1646,382,170
KRBA1_CAGTTGATGAGGCCTTGCAA,KRBA1,972,186,159
KRBA2_AAAGTAGCCACAGTTTCCCG,KRBA2,1174,90,345
KRBA2_CACTCATGTCACTGGGCCAA,KRBA2,194,398,304
KRBA2_ACGGCCATTAAGAACCAAAC,KRBA2,851,349,564
KRBA2_GCTGGACAGTTATGAGAACA,KRBA2,416,304,672
KRBA2_GGCTAAAGAGCAGCTTCAGC,KRBA2,867,84,182
KRBA2_AAGAGACAAGAGAGGGCACC,KRBA2,102,94,19
KRBOX1_GGCTGTGTACTTCACTACGA,KRBOX1,1365,389,213
KRBOX1_CATCATGGTGCCTGCCGAGA,KRBOX1,158,0,50
KRBOX1_GACCAAAGCTGGTTTGGAAG,KRBOX1,745,288,180
KRBOX1_TCCCTGTGGCTGGGTGAAAC,KRBOX1,2489,854,1079
KRBOX1_CACAGCAGTAGCGATCCAAG,KRBOX1,1325,342,533
KRBOX1_TCGGAGCCTCTCTTCCACAC,KRBOX1,820,416,466
KRBOX4_TTAGAAACTCACCTGGGACA,KRBOX4,797,98,164
KRCC1_TGAGCTACTGTCAGTTCACG,KRCC1,503,165,8
KREMEN1_AACTGGACAGCACTACAAGG,KREMEN1,1030,292,617
KREMEN1_TTACTGGTGCCAGTTAGAGG,KREMEN1,1125,103,152
KREMEN1_GATCCTGCCATCGCCACCAC,KREMEN1,671,66,13
KREMEN1_GGCTGAGTAGTTCCCACCGC,KREMEN1,873,89,185
KREMEN1_CTGGACCATCCGGGTTCCGG,KREMEN1,692,228,0
KREMEN1_CATAGAGGACTTTGGAGGAC,KREMEN1,1223,227,196
KREMEN2_ACTGTGCAGGCTCCCAGCCG,KREMEN2,1901,170,189
KREMEN2_TCTGGTCCCAGAAGAGGCAC,KREMEN2,801,56,64
KREMEN2_CCCACCCGCAGTAACCCAGA,KREMEN2,509,125,30
KREMEN2_GGCAGAAGCGTAGGCACACC,KREMEN2,415,42,0
KREMEN2_TCTGAAAGCGACCTGGCCCG,KREMEN2,670,64,115
KREMEN2_GCGGAAGGTGAGCTCCAGCG,KREMEN2,1276,416,383
KRI1_AGGAGGCCGACTACATCGAG,KRI1,882,23,87
KRI1_GGCACGTTTCTGCAGCAAAC,KRI1,498,678,580
KRI1_TTCCAATCACAGACTCCAGG,KRI1,963,26,27
KRI1_ATCGTCATCAGACAGTGAGG,KRI1,776,0,0
KRI1_GGACTCAAGCGACGAGCGCG,KRI1,460,0,0
KRI1_CCGGTAGCGGTTGTACCGCG,KRI1,404,0,7
KRIT1_CAGTTTGGTAACAGGTACGA,KRIT1,917,503,555
KRIT1_CAGTCACGAACATGTTGCAA,KRIT1,1680,1037,746
KRIT1_TCTCCTAAACCACCCAGAAA,KRIT1,736,243,232
KRIT1_ACCAGTTAGATAGTGACCAC,KRIT1,1194,331,549
KRIT1_TTTATCCGCTCAAGAGGAGA,KRIT1,233,64,217
KRIT1_CCAATTTCTCCTGCAAACCA,KRIT1,2589,1927,1551
KRR1_AAGCCGAAGCCGGAGAACCA,KRR1,1044,0,0
KRR1_TCGTAACCAGAAGCCGAAGC,KRR1,2152,89,206
KRT1_ATCAGTGGAGGTGGCAGCCG,KRT1,1181,117,219
KRT1_TGGTGCTTATATGACCAAGG,KRT1,649,270,656
KRT1_GGATGGTGCTTATATGACCA,KRT1,564,136,125
KRT1_CAACAATCTCCGAAGGAGAG,KRT1,350,118,128
KRT1_TCCACACGCCGCAGTGGAGG,KRT1,24,117,91
KRT1_AGCTGCTGGTGGTCCTGCGC,KRT1,361,216,462
KRT10_GCGACCTTCTGTTTCTGCCA,KRT10,1022,88,130
KRT10_GATAGAACTACAGTCCCAAC,KRT10,241,9,3
KRT10_TTGAGTCAGATCAACACCCG,KRT10,2642,323,535
KRT10_GGTAGCTCTGCGCCAGAGCG,KRT10,122,69,19
KRT10_TGGCATTGTCGATCTGAAGC,KRT10,1001,903,833
KRT10_TGAGCTAAATCCTCCACCAA,KRT10,1739,183,324
KRT12_GGACGCAGAGCGCCAGAACG,KRT12,620,174,317
KRT12_GGTTCTGAAAGGCGCGACGC,KRT12,262,89,216
KRT12_ATTTCTACGCTGACCTCGCC,KRT12,0,122,173
KRT12_TCGCATTGTCAATCTGCAAG,KRT12,1308,557,566
KRT12_TGGTATGAAACACGAGGAAC,KRT12,1089,354,435
KRT12_CGAGAATGGTATGAAACACG,KRT12,2353,354,525
KRT13_GCGACCAGAGGCATTAGAGG,KRT13,1638,588,510
KRT13_ACTAGAAGTCGTGGTAACAG,KRT13,940,96,172
KRT13_CACTGCGGAGCTCGCTCAGC,KRT13,151,408,129
KRT13_TGTCGCTCCACCAGAAAGCG,KRT13,1190,486,474
KRT13_TAGCAACCAGGTGGTCGGCC,KRT13,686,109,0
KRT13_CACTCTGTCTAAGACTGACC,KRT13,1088,83,105
KRT15_CGCATCGGAGCTCACTCAGC,KRT15,948,629,717
KRT15_GAGACGCACGATGCAGGAGC,KRT15,54,107,191
KRT15_ACCAGGCCTCGACATCCCGG,KRT15,1,90,130
KRT15_CATTGACCTGGCCGGCCAGC,KRT15,185,31,78
KRT15_GGTCTGTGGCTTTGGTGGAG,KRT15,1270,134,243
KRT15_TTTGTCTCTTCAGGGTCAGG,KRT15,125,0,27
KRT16_CAATCCTATTCTTCCCGCGA,KRT16,2182,93,203
KRT16_ACCGCAGAGACGCTGAGACC,KRT16,865,469,518
KRT18_CTATAGGTATGAGACAGAGC,KRT18,623,220,420
KRT19_TGAAAGGTTTGAGACGGAAC,KRT19,1005,392,268
KRT19_GGACGAGGACACAAAGCGGG,KRT19,966,307,80
KRT19_TCGCGCGCCCAGCATTCACG,KRT19,809,256,238
KRT19_CAGGCCTCCGAAGGACGACG,KRT19,614,148,173
KRT2_GCTGTATCCTCCTCCGGAAC,KRT2,960,947,732
KRT2_GGTAGAGGGTCCAGTTCCGG,KRT2,167,166,50
KRT2_CATGTCTCCCGACAGTCACC,KRT2,95,68,89
KRT2_TCAACCTTTCTTGCAGGACG,KRT2,833,237,203
KRT2_CCCATTTGGTCTGTAACACC,KRT2,1491,527,550
KRT2_GAGACTTCGTGGATGCCACC,KRT2,440,82,220
KRT20_GCAAGAAGTAGTGGATGGCA,KRT20,896,65,194
KRT20_TTAAGCACCCTGGAAGAGAG,KRT20,814,371,346
KRT20_GATGCAGATTCGGAGTAACA,KRT20,370,253,407
KRT20_ATGACGCCAAGGTTCAGGCC,KRT20,882,655,424
KRT20_GAGAGGAATACGTCTAACAG,KRT20,133,300,223
KRT20_CATCTCCAACTCCAGACACA,KRT20,1701,269,245
KRT222_AGGGTGTTTAGAGACTAAGC,KRT222,246,94,261
KRT222_TCTCAACACGAAGATGAGGC,KRT222,315,43,44
KRT222_GAGCTACAGGAAGTAAGGCG,KRT222,1113,260,241
KRT222_TCAAGGAGGCCCGACGCCAG,KRT222,1170,248,92
KRT23_GCTTGCAGGAGTACCGAGAC,KRT23,1385,569,476
KRT23_GAAGCGCACATTCCAGGCCC,KRT23,701,416,115
KRT23_GAAGGTGGATACAGGTCCCA,KRT23,205,17,28
KRT23_CATGAAGAAGCACCATGAGC,KRT23,1419,89,306
KRT23_AGCTCCGCGTGGTGAAGGAC,KRT23,809,351,362
KRT23_ACCTCCGGCGCCATGGAAGG,KRT23,1293,234,541
KRT24_AGAGGAGTTGGTGGATGGCA,KRT24,989,51,88
KRT24_TCAAACGCAGATCAGTGCCC,KRT24,153,48,55
KRT24_AATTGAGCTTCAGTCCCAAC,KRT24,674,181,199
KRT24_TATGCAAGGAAGCTCTGGAG,KRT24,1469,170,193
KRT24_GACTATGACCCGCTCTGACC,KRT24,81,45,187
KRT24_TGTCTAGGTAATTGGCCAAG,KRT24,983,441,369
KRT25_AGTCACCTTCTCGTTGAACC,KRT25,864,403,416
KRT25_ATAGAGTCTGAGTGATCCAG,KRT25,512,42,91
KRT25_AGTGATCCAGTGGTGGGACG,KRT25,1271,377,603
KRT25_ACAGGACCTCCTGGATGCAC,KRT25,284,19,268
KRT25_GACTTTCCAGTGCATCCAGG,KRT25,1006,100,154
KRT26_CTGAAGCCTGGTTCAACGAG,KRT26,2027,168,358
KRT26_TCTCCAGGTCGGTTGTACAA,KRT26,872,440,329
KRT26_AGTGTTGAGGCCGACACCAG,KRT26,471,192,60
KRT26_CACGAAGCCTGTTCCTCCAC,KRT26,1645,56,156
KRT26_AGGAGGATCTGCTCGCGAAC,KRT26,1954,1324,772
KRT26_GACTTTCTGGTGGATCCAGG,KRT26,164,128,104
KRT27_TTCGCTTACCGTTGCTAAGA,KRT27,2046,873,573
KRT27_CAGCAGATCTCTGACGACGC,KRT27,1549,224,373
KRT27_GACCTTGTGCAGAACGGACC,KRT27,679,470,106
KRT27_GCTAGCGCTTCACCAGAGCG,KRT27,2,97,171
KRT27_GCCTTCACAGGGAATGAGCA,KRT27,1026,239,241
KRT27_AGGAGACTTGGCTCTTGCGG,KRT27,307,29,54
KRT28_CCAACGGCAAGACAGAACAA,KRT28,2199,602,657
KRT28_GAGCTGGCTCCGGGCGAAAG,KRT28,280,203,70
KRT28_CAGGCGCAGCCACTTTCGCC,KRT28,105,1,8
KRT28_CCTCACCTTCTCATTGAACC,KRT28,2476,1077,1082
KRT28_TACGGACCTGGATCTTGCCG,KRT28,1573,78,18
KRT28_TTGGCTTTGCTGGAAGCGAA,KRT28,631,125,150
KRT3_AGAACTTGATGCTGCCGCCC,KRT3,450,158,103
KRT3_GGCTGCTCTACAGCAGGCGA,KRT3,381,51,39
KRT3_CAGTGCCTATATGAACAAGG,KRT3,252,157,391
KRT3_TGTTGTCCAGGTAGCTCCGC,KRT3,1302,369,70
KRT3_TTTGGGAGCGGCTATGGAGG,KRT3,1103,221,313
KRT3_ACATCTGGTGGCGGGAGCCA,KRT3,429,17,0
KRT31_CCCTAGGTTCTAGCGCACGA,KRT31,2868,765,984
KRT31_AATTGCAGGGCCCACAGCGG,KRT31,452,271,61
KRT31_CACGCGTTGGTCGTGGCACA,KRT31,1953,855,1537
KRT32_AGGGACTTCAGTAGCGGCCC,KRT32,359,90,68
KRT32_GATGGAGGAGCTTAACCAAC,KRT32,72,44,90
KRT32_GCACCCTGGTCAGGTCCACC,KRT32,283,84,156
KRT32_ACCCTGGTCAGGTCCACCGG,KRT32,1050,252,104
KRT32_CCGGCAGCTGGTACAGCGAA,KRT32,959,225,240
KRT32_GGGCTATGTCTGCCAGCCCA,KRT32,131,220,92
KRT33A_ATTAGAGATACAGGGCCCAG,KRT33A,406,140,59
KRT33A_AATGCATGTGACAAGTCCAC,KRT33A,243,0,95
KRT33A_CTGGTAGCTGGCACACACCA,KRT33A,1375,306,226
KRT33B_CCAGGGTATCTAGTACCCAA,KRT33B,584,139,166
KRT33B_CAAGGCCCACAGCGGGAACG,KRT33B,2076,667,952
KRT33B_ATTGGTGACACAGGATCCAA,KRT33B,458,38,46
KRT34_AGAGGTGCCACAGGGTCCAC,KRT34,244,292,228
KRT34_CGGACATCAACAGCATACGC,KRT34,3576,479,481
KRT35_GGCTGCACTAGGACCGCAGG,KRT35,171,188,134
KRT35_GAGGTGCCAGTATGAAACCC,KRT35,529,278,295
KRT35_ACTCGGTTCAGGTCAACAGG,KRT35,116,194,413
KRT35_TCTCCAGACTCTATGCAGCA,KRT35,1600,458,267
KRT35_GGCTTCGCTACCAGCTACAG,KRT35,1296,476,565
KRT35_TGGTAGCGAAGCCTCCAGCA,KRT35,1669,359,537
KRT36_GGCTTGCATGCCGTGGCACA,KRT36,697,184,162
KRT36_CCTTGACGTCCAGTAACACC,KRT36,1085,168,343
KRT36_GGAGGCCTGGTTCAACACCC,KRT36,267,50,66
KRT36_ATCAATCTGCAGGACCAGCC,KRT36,212,131,437
KRT36_AGAGATGTACCCTGCAGCAC,KRT36,852,412,361
KRT36_CTTGATAGACCCAGTGGAGA,KRT36,1160,385,578
KRT37_CATGCTGGCTCCATGGCCAG,KRT37,440,147,190
KRT37_ATGCTGGCTCCATGGCCAGA,KRT37,523,79,126
KRT37_GCTTGGACAAGAAGTACAGG,KRT37,885,146,89
KRT38_AATTCAGAATCGGCTTCCGG,KRT38,694,118,106
KRT38_ACCTGTGGAGCCAGCACCAC,KRT38,723,176,217
KRT38_AGCCGAGGACCGCTTCGGCA,KRT38,971,332,610
KRT38_CGATGGTGTGGAAGTAAGAC,KRT38,712,648,857
KRT38_ATCGACATTGGGTGCCAGCC,KRT38,39,295,432
KRT39_TTGGTGGCACGTGGGTAACA,KRT39,2137,982,865
KRT39_TGGTAATCTCACATTCCAGC,KRT39,397,194,144
KRT39_ACTGCAGGCCCAGCATCGAA,KRT39,621,189,126
KRT39_ACCTGGTTTAGGTCAGCAGA,KRT39,671,177,140
KRT39_CTGGTAGAGTCAGATGCCAA,KRT39,798,415,592
KRT39_GACACATACTATGGACACCA,KRT39,758,145,325
KRT4_AGCACTGGAGGCATCAGCGG,KRT4,914,341,255
KRT4_CCACAGCAAGCGCGTAGAGC,KRT4,1199,314,287
KRT4_CCACGGACGTGTCGCTGACA,KRT4,524,375,667
KRT4_GCGCCCTTTGTCATTGCCCA,KRT4,1514,251,334
KRT4_TCTCTTGCCACCGCCTACAA,KRT4,1191,313,241
KRT4_CCAGGACATATAAGAGACGA,KRT4,918,262,316
KRT40_CGATAACCTGGAGAACCAGC,KRT40,546,43,223
KRT40_GAGCTCAATTTCCAGAGCAC,KRT40,1042,52,0
KRT40_GACCCTGTTGAGGTCAAGGG,KRT40,210,5,120
KRT40_CGACCGCCTCAGTGTGGAGC,KRT40,835,174,368
KRT40_AGCCTCTAACAGCTGGCGAA,KRT40,280,97,231
KRT40_TCTGGAGAAGGTGCGCAGCC,KRT40,956,325,512
KRT5_GCTCTTGAAGCTCTTCCGGG,KRT5,418,44,54
KRT5_TTCAGTGCAAGCAGTGGCCG,KRT5,1788,1754,891
KRT5_GCTGGTGCGGGAGACAGACG,KRT5,150,35,0
KRT5_AAGTGTGTCCTTCCGGAGCG,KRT5,581,710,613
KRT5_TCAAGTGTGTCCTTCCGGAG,KRT5,1755,504,524
KRT5_CACACTTGACTGGCGAGACA,KRT5,2147,141,452
KRT7_GGGCCTGGAGGGTCTCAAAC,KRT7,1046,657,373
KRT7_ACGCTCCTCAGCCTCGGCAA,KRT7,801,147,161
KRT7_GAATAAGCCTTCAGGAGCCC,KRT7,85,79,83
KRT71_TGTAATCGTTGGCACTGCCC,KRT71,15,85,5
KRT71_CCAGTTCCAAGAGCTTCAGC,KRT71,743,108,89
KRT71_CAAGGTGGAATCCATGGACC,KRT71,683,575,570
KRT71_TGCTGCTTACGCCAATAAGG,KRT71,1090,482,437
KRT71_CGGAGCCTCAATGTGGCCAG,KRT71,462,188,419
KRT71_CCTTCCGGGCAGGGAGCAAA,KRT71,821,304,250
KRT72_GCTGCAGACGTCAAGACCAA,KRT72,1479,415,622
KRT72_TCGCCGACGCTGAACAGCGG,KRT72,1245,275,115
KRT72_AGCGGATCCTCTGGATCAGG,KRT72,368,11,34
KRT72_TAAGGTTGAGCTCCAGGCCA,KRT72,366,43,54
KRT72_GGAGAGGCTCTTGCTGCCAA,KRT72,341,80,36
KRT72_CGGAGCAACCGCTGAAGCCC,KRT72,1109,404,256
KRT73_ACTGGCCCAGCTCTGTCAGC,KRT73,870,223,551
KRT73_GCGCAGTCTTTGGATGAGAC,KRT73,926,311,333
KRT73_TCTGGATTCTCCATAGGACG,KRT73,377,3,124
KRT73_GCTGAGGAGCGTGCGCGAAG,KRT73,1329,287,391
KRT73_TGTCCGTCGTTGTGCCCGCC,KRT73,315,280,488
KRT73_CGGGCACAACGACGGACACA,KRT73,1593,518,918
KRT74_GGGAGACCTCAAGGACACCC,KRT74,11,1,62
KRT74_AAGGTCAACACCCGCAGAGC,KRT74,438,208,367
KRT74_ACCGGATCCTCTGGATGAGC,KRT74,606,541,405
KRT74_TGCAGCCTACGCAGTCAAGG,KRT74,1362,451,208
KRT74_GGAGGTTACGGCTTCAGGCC,KRT74,58,40,34
KRT74_TTACTGTGCAGCTGGCAGAG,KRT74,2313,446,731
KRT75_CCAATCAGGTTGAGTGGAGA,KRT75,818,463,334
KRT75_ACTGGCTCTCAAGGATGCAC,KRT75,974,7,26
KRT75_GATTGACAGCGTCAAGAAGC,KRT75,23,53,74
KRT75_CACCGACCTGGGTCTGCAAC,KRT75,1310,919,364
KRT75_CAGTGAGCTCCGACGGCAGC,KRT75,615,127,219
KRT75_GATGGAGGACTGCCGAGACA,KRT75,260,18,82
KRT76_AGTCTGGATGCTGCCAGAGC,KRT76,570,318,197
KRT76_GGGCTACTTACAAATGCACA,KRT76,743,172,110
KRT76_CTTGCAGACTGCCCTACAGA,KRT76,1797,350,289
KRT76_TGCGGCTTTCATGAACAAGG,KRT76,894,128,453
KRT77_AAGAAGCTACCGCGGAGGCG,KRT77,138,24,260
KRT77_AGCTCAACCGCACCGTCCAG,KRT77,478,115,345
KRT77_AGTGGACCTGGAGTCCAGGG,KRT77,156,32,58
KRT77_CTCAACTGGAACCAACAACC,KRT77,2016,762,1738
KRT77_ACCATTTCCTTACGTTGGCA,KRT77,591,164,443
KRT77_CTGTGTGTTATGCTCGAGGG,KRT77,1621,327,592
KRT78_AGTCACAATGCTGGTGCAGC,KRT78,567,193,264
KRT78_GAGGATGGCCAAGCAGAACC,KRT78,629,183,177
KRT78_CAAGGACGCTCAGGCCAAGG,KRT78,467,387,350
KRT78_GCCTGTTCTGCTCGCTCAAG,KRT78,1205,707,576
KRT79_TGACCGTAGTGGTCTTCCGC,KRT79,253,78,343
KRT79_AGCTCACCCGCACTATCCAG,KRT79,980,92,84
KRT79_CCACATTGGTGTTAGACACG,KRT79,2269,557,518
KRT79_TGGATGCAGCATACATGGGC,KRT79,436,50,46
KRT79_GGGTAGCATGCGGAGCACGC,KRT79,89,108,48
KRT79_AGCTCCAACTCTGCCAGCGG,KRT79,1981,430,233
KRT80_CTGGCTGCAGTGCCTGAAAC,KRT80,2097,790,1407
KRT80_GCTCCCATACTCGGCCGAGC,KRT80,708,13,156
KRT80_CGAGGCATACTCTCGGAGCC,KRT80,314,287,335
KRT80_CACCTTTGTTCAGCTGAAGA,KRT80,1632,1086,665
KRT80_GCTGTTCCAGGGCTTGCACC,KRT80,226,225,322
KRT80_GCTGCTGAAGCCAACCACGC,KRT80,2607,778,681
KRT81_GGTGGTGTTCAATTGGCCGC,KRT81,36,40,57
KRT81_CGCTCCGTGCAACGGGAACG,KRT81,1467,298,588
KRT81_TCTGCAGCGCTCCGTGCAAC,KRT81,1190,585,377
KRT81_CCCACCAAATCCTGATCCGC,KRT81,3731,883,509
KRT82_CCCGATGCCTTCGCACAGCC,KRT82,811,461,793
KRT82_AACCGAGAATGTCAAAGCCC,KRT82,844,204,124
KRT82_GATGGACAACAGCCGGGAGC,KRT82,0,4,50
KRT82_CATTCTCAACACAGGGACGC,KRT82,551,254,458
KRT82_ACAGTCCAGCTGCCGCCGAA,KRT82,644,178,298
KRT82_GGCTCTCATTGATGGTGACA,KRT82,41,209,74
KRT83_CTCCACAGGTGGTGTTCAGC,KRT83,3,106,400
KRT83_GCCTATGGAGTTGAAGCCAC,KRT83,958,142,321
KRT84_GACGCTGCTGCTACCTGAGA,KRT84,923,147,115
KRT84_TCTCGTTCCGTATGTTGCGC,KRT84,361,385,554
KRT84_AGATGTGCGACTGCAGCAAC,KRT84,934,198,374
KRT84_GCACCTCCAACTGCCTCCGC,KRT84,42,33,22
KRT84_CCTTTGGATCGTACTCACCC,KRT84,361,401,354
KRT84_TCCGACTACCAAAGCTGCCA,KRT84,624,231,116
KRT85_CATAGGCGGCAGCATCACGG,KRT85,480,177,62
KRT85_CACCTGATAGCGTGCCAAGC,KRT85,1662,449,537
KRT85_GAAGCTAGACTCCTCCACCA,KRT85,1222,224,219
KRT85_TTTGTCCCACGGCCAGGACG,KRT85,540,312,354
KRT85_TCGATGTAGCCACTGAACAG,KRT85,2399,584,904
KRT85_GCTGTAGGTGGCTTCCGAGC,KRT85,701,432,550
KRT86_GCCACAGACAACGCCACCGC,KRT86,572,72,43
KRT9_GGTGAAGAAGCGAGTGGAAG,KRT9,335,124,111
KRT9_GCTCAGCATTAAGATGCGGC,KRT9,15,17,227
KRT9_GGTATCCAGTAGTGGTCAGG,KRT9,405,0,10
KRT9_CAGCATCCACTCCTTGCCGC,KRT9,297,203,280
KRT9_TGACAACACTCGCATGACAC,KRT9,608,676,462
KRT9_AGTGCCAGTAGTTTAGGCGG,KRT9,982,265,213
KRTAP1-4_GCAGCTTACCAGGTAGCAGG,KRTAP1-4,547,405,69
KRTAP10-10_CCAAGAGTCAGTGCAGGCGC,KRTAP10-10,1579,479,459
KRTAP10-10_CAGACGGACTTAGAGCAGAC,KRTAP10-10,1071,1292,790
KRTAP10-3_TGAGGAGAGGCCGCAGCACG,KRTAP10-3,929,8,120
KRTAP10-3_CGCAGCACGCGGAAGAGAGG,KRTAP10-3,638,158,163
KRTAP10-3_GGAAGAGAGGCGGGAGCACG,KRTAP10-3,81,21,28
KRTAP10-4_GAGGAATCCTCAGAGCACAC,KRTAP10-4,555,56,174
KRTAP10-5_CAAGCCGGCTGGCAGCACGA,KRTAP10-5,1311,655,941
KRTAP10-7_TAAGGAGATCACTCAGCAGC,KRTAP10-7,259,43,185
KRTAP10-8_TGGCTGACGCCTGCTGCACC,KRTAP10-8,475,160,41
KRTAP10-8_CACATACGTCCTGGTGCAGC,KRTAP10-8,312,301,417
KRTAP10-9_CCTGGCGGCAATAGCTGGGC,KRTAP10-9,114,55,34
KRTAP11-1_ACAGTAGAGATGCCGCCCAC,KRTAP11-1,878,499,332
KRTAP11-1_CGAGAGCAAGTCACCTGGCA,KRTAP11-1,1296,563,360
KRTAP11-1_AACAATGCAGCGTCCTCCAA,KRTAP11-1,776,222,135
KRTAP11-1_GCAGCGTCCTCCAATGGGCC,KRTAP11-1,529,273,449
KRTAP12-2_ACACAACAGGCTGGCTGGCA,KRTAP12-2,1106,440,410
KRTAP12-4_TGGTCTATAGACCTGTCACC,KRTAP12-4,173,106,171
KRTAP12-4_CCGGCACAGCAGAGCCACAC,KRTAP12-4,1462,396,909
KRTAP12-4_CCACTCTTCGGGCTGCCCAA,KRTAP12-4,339,242,204
KRTAP13-1_CAACGCCATAGCCCAGGGAA,KRTAP13-1,1616,609,712
KRTAP13-1_CCAACGCCATAGCCCAGGGA,KRTAP13-1,3794,1819,1836
KRTAP13-1_AGAATCCAACGCCATAGCCC,KRTAP13-1,871,215,164
KRTAP13-2_CAGAAGGTTGATCCATAGGC,KRTAP13-2,925,244,470
KRTAP13-2_CCATAGGCTGGTCTGTAACA,KRTAP13-2,1124,527,740
KRTAP13-3_TAGTAGCAGGAGGTGTGGCA,KRTAP13-3,732,328,325
KRTAP13-4_CCAGAGCAAGTCGTCTGACA,KRTAP13-4,1818,407,473
KRTAP13-4_TCGCTGGGAAATGGATCCAG,KRTAP13-4,1241,38,119
KRTAP15-1_CTGACAGCCATTGTAGAGAG,KRTAP15-1,2792,715,1185
KRTAP15-1_GCCAGTGTTTCCACATCCAA,KRTAP15-1,639,223,152
KRTAP15-1_GGTAGTTGGGTGGTAGAAGC,KRTAP15-1,408,208,214
KRTAP16-1_TAGCATGGGCGATAGCAGGC,KRTAP16-1,158,141,401
KRTAP16-1_GGCAGATCGGACGGGAGACC,KRTAP16-1,698,15,30
KRTAP16-1_AGATCGGACGGGAGACCGGG,KRTAP16-1,229,136,98
KRTAP16-1_TGCTACGATTTCCTACCGCC,KRTAP16-1,507,19,28
KRTAP16-1_GCAAGGCCGTTTGCTGGAAC,KRTAP16-1,647,424,224
KRTAP16-1_AGGACAAGTTGGTCGGCAGA,KRTAP16-1,132,114,248
KRTAP17-1_TGTCGCATATAGGTGTGGGC,KRTAP17-1,1317,51,113
KRTAP17-1_GCAACTGGACCCACAGCAAC,KRTAP17-1,1639,482,460
KRTAP19-1_CCGTATCCTCCATTGTACGA,KRTAP19-1,1768,625,899
KRTAP19-1_TGCTGCCGCCCATCGTACAA,KRTAP19-1,1518,532,575
KRTAP19-5_CTACGGAGGCTTCGATGACC,KRTAP19-5,657,308,318
KRTAP19-8_GCGGCTATGGCAGCTTCCGC,KRTAP19-8,256,226,241
KRTAP20-3_TCTAAAGGCACCAAAGCCAG,KRTAP20-3,1396,134,50
KRTAP21-2_GCCACAACCATATCCACAGC,KRTAP21-2,563,73,315
KRTAP21-3_AATAACCGTTACAGCCACAG,KRTAP21-3,809,283,158
KRTAP22-1_TAACAACTACCATGGTGGCC,KRTAP22-1,734,308,220
KRTAP22-1_TGGCATAGCCCTGGCCACCA,KRTAP22-1,1328,737,769
KRTAP22-1_GGTGGCCAGGGCTATGCCAA,KRTAP22-1,199,122,34
KRTAP23-1_TGCTACTCAGGCTACTCCCG,KRTAP23-1,2308,437,654
KRTAP23-1_ACAGGTAGCCCTCACAGGAA,KRTAP23-1,1400,527,472
KRTAP24-1_CTGCACAAATACCTCAGAGG,KRTAP24-1,1946,395,586
KRTAP24-1_ACGTAGCTGGGTATGAAGCA,KRTAP24-1,4507,1789,2488
KRTAP24-1_ACTGGGTAAGCAGTGTCCAA,KRTAP24-1,628,126,93
KRTAP26-1_GACGACACGTGCTGAACACA,KRTAP26-1,966,138,184
KRTAP26-1_AGCAGTGGAAGAACCGCAAG,KRTAP26-1,985,187,174
KRTAP26-1_CGGTCTCACAGTGGACCGGC,KRTAP26-1,88,147,50
KRTAP26-1_GACATCTCCACAGCTCACGC,KRTAP26-1,824,49,288
KRTAP27-1_TGAGTGCTTTCTGATTGGCA,KRTAP27-1,946,207,402
KRTAP29-1_ATCACAGTGTCACAAGAAGC,KRTAP29-1,995,222,236
KRTAP29-1_ATGCTTCATCTACCAGCCAG,KRTAP29-1,853,63,208
KRTAP29-1_TGAGGTGGCTGGCAATGGGA,KRTAP29-1,1600,187,248
KRTAP29-1_GGAGCTTTGCTGGCAGGGAC,KRTAP29-1,291,107,113
KRTAP3-1_GACTCGGCTGGTTAACAGCG,KRTAP3-1,1638,360,334
KRTAP3-1_CTGACCACCTATGTTCAGCC,KRTAP3-1,577,411,519
KRTAP3-1_TAGGTATCAGGCTTGCAGCA,KRTAP3-1,862,575,730
KRTAP4-3_AGGTGGTCGGGCAGCTGAAA,KRTAP4-3,1348,463,737
KRTAP4-3_GCTGAAAGGGCAGCGGCAGC,KRTAP4-3,69,56,23
KRTAP4-4_TGGGCTAGCAGCATAGAGAC,KRTAP4-4,857,687,800
KRTAP4-4_AGCATAGAGACTGGCCACAA,KRTAP4-4,2106,1090,1283
KRTAP5-1_CCAGTTGTGGCTCTTGCGCG,KRTAP5-1,441,433,445
KRTAP5-2_CAGGGACACAACAGTTGGAC,KRTAP5-2,581,185,158
KRTAP5-9_TGCTCTAGCTGTGGCAAGCG,KRTAP5-9,916,641,840
KRTAP5-9_CCGCTTGCCACAGCTAGAGC,KRTAP5-9,1123,390,660
KRTAP5-9_ACGACCCGAGGAGGAGCAAC,KRTAP5-9,286,319,408
KRTAP6-1_GCCATAGCCACAGAGGGAGC,KRTAP6-1,341,94,103
KRTAP6-2_GGAAACTACTACGGCGACCA,KRTAP6-2,290,231,599
KRTAP8-1_GCCAATCAGTAGAGAGCAAA,KRTAP8-1,1207,369,305
KRTAP8-1_TAGCCGAAGCCATAGCCCAC,KRTAP8-1,488,67,333
KRTAP8-1_GGGCAGCTATGGCTACCCGC,KRTAP8-1,197,83,69
KRTCAP2_TCTCCAGATTATTGAAGGCC,KRTCAP2,609,83,219
KRTCAP2_CGAAGAGACCCGAACCAAGC,KRTCAP2,2556,172,220
KRTCAP2_GCAGATGTACAGCCGTCAGC,KRTCAP2,539,31,0
KRTCAP2_CCGGCGCCTCTGGCCAAGAA,KRTCAP2,743,137,263
KRTCAP2_AGCTCGCCTTTCTTGGCCAG,KRTCAP2,2108,353,217
KRTCAP3_CGTGCTTTGCAGACGCCGCC,KRTCAP3,246,208,103
KRTCAP3_GGCCCACCAAGATCAGCGCG,KRTCAP3,239,241,184
KRTCAP3_AAGGTTCCTGGACGCCAGGA,KRTCAP3,436,70,97
KRTCAP3_GAACCTTCTTCGCCCTCCAC,KRTCAP3,433,42,81
KRTCAP3_TCACCAGAGCTAGTGCCAGC,KRTCAP3,349,251,219
KRTCAP3_GGTGGCAGTCAGCAATAAGG,KRTCAP3,423,67,61
KRTDAP_CACACCTCTTACCTTAGGAA,KRTDAP,2155,219,948
KRTDAP_AAGGCATCCCAGTTGAGGAA,KRTDAP,1658,126,251
KRTDAP_GAATTATGCGTCACGACCCG,KRTDAP,664,308,202
KRTDAP_AGAGGAGCACCACGGCAGGA,KRTDAP,1008,520,436
KSR1_ACAGCCAGTCGCTGAAGCGG,KSR1,2154,364,303
KSR1_CCTGCGGAAGGTGACAGGCC,KSR1,882,528,929
KSR1_TTGGATGCGCGGCGGGAAAG,KSR1,1316,613,717
KSR1_TCGGGCTGTCGGTGACGCAC,KSR1,616,177,326
KSR1_ACCGGGTTGTTGATGTCCGA,KSR1,555,67,37
KSR1_GGGTTGGATGATGTCGGGAA,KSR1,1152,342,538
KSR2_ACACACTGTCAGTGCCACGC,KSR2,1538,520,504
KSR2_AGGTGCGTGTCCCACAAAGA,KSR2,1449,546,437
KSR2_AGTGCTGGACGCACTTGGAC,KSR2,2,171,119
KSR2_GAAATACGGAGCCAACCGGG,KSR2,446,249,191
KSR2_AGCTGGTGAAGTACTTCAGC,KSR2,121,99,30
KSR2_AGCCTTACAGCAGTGCGAAC,KSR2,1948,660,641
KTI12_ACGAAATAAACTGGCGACGA,KTI12,1397,41,73
KTI12_AGCTGGAGACTCCGCAGCCC,KTI12,587,98,62
KTI12_CTCACACTGACGTTCCGGCC,KTI12,1478,121,52
KTI12_GCAGAATCGCCGTACACCGC,KTI12,1011,0,24
KTI12_GCGTGCTGAAGAGTTGCGCG,KTI12,1109,20,11
KTN1_GCTGCCTCGAAGAAGAAACC,KTN1,263,69,47
KTN1_ACCTCTCTCTTATCTACCAC,KTN1,449,97,121
KTN1_TCAGCAAGTTCGTGAGCAGA,KTN1,1139,237,45
KTN1_CTACATCAGGAAGAGAACAG,KTN1,1598,634,838
KTN1_TTCTGCTAGAACTGAAGCGG,KTN1,1200,473,331
KTN1_ACAGGCCCTGGCAAATGAGC,KTN1,634,187,95
KXD1_CTGCGGCCGCATCCTGAGCA,KXD1,1817,304,497
KXD1_GGACCCTAGTAGAGATGAAA,KXD1,361,234,291
KXD1_TGAGCACCCACCTGATACGG,KXD1,2545,376,533
KXD1_CGCTGAAAGGGAAACTGGCC,KXD1,423,408,396
KXD1_TTCAGCCGTAAGTGTCACGC,KXD1,1443,493,647
KXD1_GCTCTGTTCTGAGGTGGCAA,KXD1,183,218,24
KY_TTCAGGCTAGATCGATCCCA,KY,627,202,289
KY_TCTTTCCCTCCAGGTTGCCG,KY,672,157,134
KY_AGGAGAACTTCTTGAGCAGC,KY,140,320,218
KY_ATCACTTCCTACAACAGCCA,KY,1229,244,343
KY_GGATTCCAAGGTGTTGGAAA,KY,821,306,263
KY_TGATCGTGCACTCGGAGAAG,KY,1512,205,466
KYNU_ATGCCACCCAACGGATGAGA,KYNU,40,165,302
KYNU_AGCAGCCTATGGTCATGAAG,KYNU,466,227,428
KYNU_GCGGATGATAAAGCCAAGAG,KYNU,1040,360,317
KYNU_TACCTTGTAGGAACACCAGC,KYNU,0,89,82
KYNU_GCTGAAGATGGTACTCACGC,KYNU,162,229,117
KYNU_CCGTCTCATGTAGAGGAGCG,KYNU,1104,619,239
L1CAM_TGCCCAGTGAGTTCTCGGCC,L1CAM,969,435,187
L1CAM_GGTCCTGGAGTGCATCGCCG,L1CAM,82,91,109
L1CAM_GCAGGACGAGCGGGTGACGA,L1CAM,1373,396,400
L1CAM_AAAGGAGACAGTGAAGCCCG,L1CAM,538,196,155
L1CAM_AGGTTCCGCTGGACGAGGGA,L1CAM,151,153,307
L1CAM_GGGAAGACAACCAGGCGCCG,L1CAM,7,4,11
L2HGDH_TGCTTCAACTTCTTTCAGGC,L2HGDH,1008,539,760
L2HGDH_TTCCATCTCTATCCAGGGCC,L2HGDH,571,167,171
L2HGDH_TAGGAGTTCACTTCACACCA,L2HGDH,704,257,362
L2HGDH_GCCCAGGATTTCCAAGAAGC,L2HGDH,898,210,241
L2HGDH_GCTGACAGTACTCATAGAGG,L2HGDH,538,94,16
L2HGDH_CTGCGGCTACCTCCACACAG,L2HGDH,2742,709,686
L3HYPDH_GATGACGACCCATTGAGGGA,L3HYPDH,70,75,156
L3HYPDH_TCAGGACAAGCCCATTACAC,L3HYPDH,1564,352,299
L3HYPDH_TGCAGCGAGTGCAGTGACAG,L3HYPDH,2469,489,941
L3HYPDH_ATGGTGGATGTTCCTGGACA,L3HYPDH,789,210,119
L3HYPDH_CGTCCTGTTCCTGCACAACG,L3HYPDH,6372,2137,2603
L3HYPDH_ACCTTGACCACGTGCGGCGA,L3HYPDH,812,265,490
L3MBTL1_TTGGTGGCCGGAGACAGCCC,L3MBTL1,453,14,47
L3MBTL1_TCTGGAATGGACAGAGGCCG,L3MBTL1,350,703,392
L3MBTL1_GCTTATCCGGAACTGGAGCG,L3MBTL1,1642,506,536
L3MBTL1_GGAACCAAGATCTGGACCCG,L3MBTL1,395,0,0
L3MBTL1_TTTGAGGAGCTCAGAAGCGC,L3MBTL1,793,149,314
L3MBTL2_GAGGTCTCATGGAGAAGCCC,L3MBTL2,67,5,13
L3MBTL2_TCCTCCATTGGTTCTGAAGA,L3MBTL2,1089,106,210
L3MBTL2_CCTTCTTCTCCAAGACCAAG,L3MBTL2,439,168,190
L3MBTL2_CTGGCAGATGGGACACCAAC,L3MBTL2,2177,751,536
L3MBTL2_CTCTGGTCTTGGGCTTCGAC,L3MBTL2,443,376,668
L3MBTL2_CTTTCATCACATCCTCCCAC,L3MBTL2,725,169,79
L3MBTL3_GAATCTGCCTCTAGCACAAG,L3MBTL3,0,12,91
L3MBTL3_GGATTCGGCTGTACTAAAGC,L3MBTL3,303,513,268
L3MBTL3_GCCGGCGAAGCTGTTCAAGG,L3MBTL3,923,203,673
L3MBTL3_GGCAAAGCTTACCTCCGCGA,L3MBTL3,229,384,392
L3MBTL3_TGTTCCTTACACCAACCAAC,L3MBTL3,675,408,383
L3MBTL3_TTGAAAGCTCTTGCAGGAGC,L3MBTL3,539,328,248
L3MBTL4_CATCACACCATCCGATCGGG,L3MBTL4,1048,173,272
L3MBTL4_CGTAGCAACACGAATTAACC,L3MBTL4,1814,998,1026
L3MBTL4_CTGCTGGTGCTGCGTTAGAA,L3MBTL4,1983,783,914
L3MBTL4_GAAAGCACACAGAATACCGA,L3MBTL4,338,275,71
L3MBTL4_AGTCCCTTCAGCGGCTGCAC,L3MBTL4,1021,63,168
L3MBTL4_TGGCAATGAAACAGCCCAAC,L3MBTL4,913,322,566
LACC1_GATTGTTAGCTGTCCCAGCA,LACC1,515,240,158
LACC1_TTCCAAACGGAGAGATCCCA,LACC1,317,91,73
LACC1_TCGACATCCGTAAAGCCACA,LACC1,1062,301,258
LACC1_AATTAAGGCCATCTCGGACA,LACC1,286,114,68
LACE1_TCCTCGTACGGAGTTCAAGA,LACE1,760,351,276
LACE1_TCGTTGTGGCAACATCCAAC,LACE1,1079,199,391
LACE1_CTGGGATAGATTACCGGAAA,LACE1,1067,601,582
LACE1_GCAGTCGGCAACGGTTCCAC,LACE1,1408,171,322
LACE1_CGCAATTTACTCTGGCAAAC,LACE1,4514,1773,1310
LACE1_TTCCTCTTCTCCGGTAAACA,LACE1,1005,305,354
LACRT_ATGCACGGAGGCGTGCCAGG,LACRT,66,0,24
LACRT_GAGACAGAGACTTACTCAGG,LACRT,375,0,98
LACRT_CAAGGTCACCTCAAGCAGGC,LACRT,914,461,168
LACRT_GCTGATCCTGCCCAGGAAGC,LACRT,507,268,207
LACRT_GATGCCTCCTCTGACTCGAC,LACRT,123,0,1
LACRT_CTGCTACAGCTGCCAAGAAG,LACRT,1459,400,441
LACTB_CTGGCGAAGCACCTGGAGCA,LACTB,2142,878,520
LACTB_GATGGCTCTGGCGAAGCACC,LACTB,336,0,0
LACTB_CCTTCGGTCTTAGGATGAGG,LACTB,972,113,113
LACTB_TTAGGATGAGGTGGGCGCAC,LACTB,974,131,118
LACTB_CTTGCCAAATTGTGGGAAGC,LACTB,520,89,138
LACTB_GCTGGTCCTTCCTGAAGAAC,LACTB,427,187,162
LACTB2_CATGGCTCTACTCTTAGAAG,LACTB2,939,286,281
LACTB2_TGGCCACACTGATGATCACA,LACTB2,956,260,297
LACTB2_CTTGGAGGGTCATGGGACCC,LACTB2,454,73,187
LACTB2_CGTGTGTTGGGCTGTAACCC,LACTB2,2136,464,533
LACTBL1_ACCTTCTACGAGGTGCGCGC,LACTBL1,874,274,254
LACTBL1_GATGTGCTGGTAGTGGACCC,LACTBL1,895,37,35
LACTBL1_CGATGTGCTGGTAGTGGACC,LACTBL1,1049,334,450
LACTBL1_CTGGCTGGCCATCCTTCGAA,LACTBL1,2314,906,1050
LACTBL1_CTGTACCGTCTGTGGGAGGA,LACTBL1,987,368,226
LACTBL1_GGGCAGACATTGCCTGGCGC,LACTBL1,97,99,56
LAD1_ATACCACACGGCCATACGGG,LAD1,273,221,105
LAD1_AAACAACCCTAACTCGCAGG,LAD1,532,1,21
LAD1_GCCCAGGGCTCTCACCCGAA,LAD1,978,143,524
LAD1_CTGATTCAGACTACCGAGCG,LAD1,787,306,340
LAD1_CCGCAACCTGAGCTCCACCA,LAD1,4300,934,1002
LAD1_CCGATTTGCCGACCCGGGAA,LAD1,2220,831,333
LAG3_GCGCTCATCCAGCTGGACGC,LAG3,1308,343,348
LAG3_TGTGCATTGGTTCCGGAACC,LAG3,1513,482,299
LAG3_CGCCATTGTCTCCAGTCACC,LAG3,901,477,647
LAG3_GCAATGCCAGCTGTACCAGG,LAG3,698,252,166
LAG3_CAAAGGCTCCAGTCACCAAA,LAG3,2026,335,474
LAG3_GCAAGGGATTCACCCTCCGC,LAG3,69,1,34
LAGE3_CTTTCAGAACTTACACGACC,LAGE3,729,17,1
LAGE3_TGGGCGATTTCCGCCTCCAA,LAGE3,216,35,59
LAIR1_ATACGTGATGGACTCGGCCA,LAIR1,384,2176,869
LAIR1_ACCACTGGGCCCTCACACAG,LAIR1,1986,384,645
LAIR1_GATGTTCTAGAGAGGACAGC,LAIR1,298,45,43
LALBA_GCTTTGGTGCAAGAGCAGCC,LALBA,115,43,146
LALBA_GGCTTGTGTGTCATAACCAC,LALBA,629,164,211
LALBA_CATCTATGTCTTTCAGCAGC,LALBA,459,297,147
LALBA_AGGATGCCCACCAGGAACAG,LALBA,674,286,434
LAMA1_ACATGTATTGCCGGAGGACA,LAMA1,816,470,214
LAMA1_CCCATGGGCAGCTACTAGCA,LAMA1,2065,743,783
LAMA1_CCAGTTCTTTAGGTTCCCGG,LAMA1,773,415,168
LAMA1_TGACTGCATAATACTGCCAG,LAMA1,718,244,122
LAMA1_CGGCACTGTGGGTTTCGGAC,LAMA1,1221,653,441
LAMA1_CGACACACAGCAGCAAGACC,LAMA1,2906,637,1215
LAMA2_ACTACGATGCCGGGAGCCGC,LAMA2,422,61,166
LAMA2_TCATCTTTGGCATATGACGG,LAMA2,690,91,156
LAMA2_CAGGCGAATATAGCGAGCGG,LAMA2,1443,208,95
LAMA2_ACATTTGTCGCTGGATCAAG,LAMA2,970,439,649
LAMA2_GATGGCTTCTTCAGACCCAA,LAMA2,231,0,19
LAMA2_TCGCAATGACATGGCTGGCA,LAMA2,3039,843,750
LAMA3_AAATCCTCGCCGCCTCGGCC,LAMA3,372,52,107
LAMA3_TTGGAAGCACCTACTCACCA,LAMA3,1704,382,424
LAMA3_GGCAAATATGGCTGTCACCC,LAMA3,507,181,69
LAMA3_CACCCTGAGGGAGTTTACCA,LAMA3,1208,489,666
LAMA3_CTGGCATTCACACCGAAACC,LAMA3,3982,887,1500
LAMA3_GCAGGCAAGCTTGAATACCC,LAMA3,666,223,277
LAMA4_TCTCCGGTTACACTGTCACA,LAMA4,628,60,239
LAMA4_TGCGTAAGCAATTCCTACAC,LAMA4,1831,470,391
LAMA4_CACTGCCAGCGGAACACAAC,LAMA4,450,474,473
LAMA4_AAGTGTTCATGTTGGAGCCC,LAMA4,343,40,82
LAMA4_AGGGCACACATTCTCCCGAC,LAMA4,287,198,125
LAMA4_GACGAGTGTGGCACAGCCCG,LAMA4,420,118,132
LAMA5_TGGCATCGCAGGCATCCGCG,LAMA5,1023,646,380
LAMA5_TGTTGGTACGCAGGAAGCGC,LAMA5,1080,198,271
LAMA5_GACGCTGGAGCGCATCACAC,LAMA5,621,135,474
LAMA5_CGGCCCACAGGTCTTCCACG,LAMA5,2014,709,429
LAMA5_CTCGTTGTACTCCAGGCCGC,LAMA5,269,302,298
LAMA5_GCACCCGCCCTACTTCAACC,LAMA5,2288,477,868
LAMB1_GACGTCCAATCATGTGAGGC,LAMB1,259,135,245
LAMB1_AGGATTTACTTACCAGGCAC,LAMB1,278,107,211
LAMB1_ATGGCTGTTTACCTGGCCAC,LAMB1,48,103,28
LAMB1_TTGCTGTTTCGGCCTTCAGC,LAMB1,258,121,129
LAMB1_TGAACCCTCAACTGAAGGAG,LAMB1,1110,394,372
LAMB1_TCTGTGCTCGGCCGATGAGA,LAMB1,794,182,222
LAMB2_ACAACCTACTCGACCCACGG,LAMB2,2684,428,419
LAMB2_CCAGCACACGATAGATGACC,LAMB2,920,143,199
LAMB2_CGTTCCACCAGCATGGCAGC,LAMB2,992,193,280
LAMB2_CCGCCGCTGTGGTGCAAAGC,LAMB2,745,885,526
LAMB2_GATGTGCCTGGCTGTTCCAG,LAMB2,492,91,7
LAMB2_TGACCTCAAGGGAAAGAGGG,LAMB2,162,25,232
LAMB3_TATTTCCGGAACCGGCGCCC,LAMB3,105,47,53
LAMB3_CCTTCTACAACAACCGGCCC,LAMB3,349,84,188
LAMB3_TGGGTGCGCAGCGATCAGCA,LAMB3,1663,454,582
LAMB3_CCTCAGACTTCGGTAAGACC,LAMB3,846,262,111
LAMB3_GAACCCTGTCTCTCTGCAGC,LAMB3,0,1,12
LAMB3_GCCCAACAAGCCTGCTCCCG,LAMB3,1219,199,282
LAMB4_CTCAGGTGCTCACCCAAGAA,LAMB4,2056,1113,916
LAMB4_CCTCCAATATCACAGTCACA,LAMB4,872,222,62
LAMB4_AGAATGGCAGACTCCCAAGG,LAMB4,1330,427,348
LAMB4_ACTTACGCTGGCAGCCCAGG,LAMB4,191,0,107
LAMB4_GCACGCGTAGGGATCTGAGA,LAMB4,562,64,113
LAMB4_TGAACCCTCAACAGGTGGAG,LAMB4,1226,339,247
LAMC1_CATCAACCTCACGCTGCACC,LAMC1,1855,361,287
LAMC1_CGCGGCTTCATCAGGACAGG,LAMC1,1917,321,394
LAMC1_CAATGACCGGCCGTGGAGGA,LAMC1,1162,386,333
LAMC1_AGCAGGCTTCATTGTTGCCA,LAMC1,1154,80,153
LAMC1_CATTCATCTATGCTGCCAGA,LAMC1,181,130,154
LAMC1_GCTCTGAAGCATCTCTCGAG,LAMC1,895,132,79
LAMC2_CACTGCGAGAAGTGCAAGAA,LAMC2,1300,683,677
LAMC2_ATCGCAGGGCCCTGTGACGC,LAMC2,522,150,48
LAMC2_GGTCTCCTGCAAAGCTCCAA,LAMC2,67,42,32
LAMC2_GACTACCGTGTGGACAGAGG,LAMC2,296,225,424
LAMC2_ATATGTAGCTCGGATGCGGA,LAMC2,342,61,70
LAMC2_TATGTCCTGTTGGGTACAAG,LAMC2,1051,39,167
LAMC3_AACGCCGCGTTCTCGAACAC,LAMC3,1561,461,268
LAMC3_CTCCTCGAAGTTGTAGGCGC,LAMC3,986,278,303
LAMC3_CCGACTTCTCTGTGGGCGGC,LAMC3,0,37,87
LAMC3_GGTGTTGTGCTGGCACCGGC,LAMC3,47,30,81
LAMC3_CACTGCCGTGACCACACAGC,LAMC3,877,540,440
LAMC3_CTCACTGAGCGAGTGGAACC,LAMC3,481,308,449
LAMP1_GGTGTCGTAGTTCACTGAGA,LAMP1,161,25,93
LAMP1_CCTGCCATCAGATGCCACAG,LAMP1,813,224,179
LAMP1_CAGATGTGTTAGTGGCACCC,LAMP1,1378,315,587
LAMP1_CACGTTGTACTTGTCCACAG,LAMP1,2043,927,1264
LAMP1_CCCAACAAGACCTCGGCCAG,LAMP1,2934,826,1049
LAMP1_TTCCTACAAGTGCAACGCGG,LAMP1,641,271,272
LAMP2_CTTCCTTGTGCCCATAGCGG,LAMP2,1129,202,321
LAMP2_CCCAATACAACTCACTCCAC,LAMP2,1328,616,230
LAMP2_ATAGCAGTGCAGTTCGGACC,LAMP2,1083,131,619
LAMP2_GAGGGCCCGACAACTCACCC,LAMP2,49,102,104
LAMP2_ACGAGCCCTGAGCCCGGAAC,LAMP2,1513,200,296
LAMP3_TCGGGTGCCACAGTTCCCAG,LAMP3,487,162,192
LAMP3_TCAACCGTCAGCCACACAAC,LAMP3,2957,602,957
LAMP3_CTGGTTCCAGTTGTATGAGC,LAMP3,1234,265,394
LAMP3_CAGCCCAATTACCTACACCC,LAMP3,729,945,749
LAMP3_TGAGGGCCACTCACCGGCCA,LAMP3,742,424,211
LAMP5_AGTATGGATCTCCAAGGAAG,LAMP5,322,236,226
LAMP5_AGGCCGATATCGCATTGACC,LAMP5,449,108,53
LAMP5_GGCCGATATCGCATTGACCC,LAMP5,388,38,72
LAMP5_GAAAGCCACAACATGTCCAA,LAMP5,163,185,193
LAMP5_CTCATAGGACTTCCCAGCGG,LAMP5,1959,427,275
LAMP5_AGTGGATGAGCGGGAGCAAC,LAMP5,329,204,146
LAMTOR1_TGGACTGAAACAGCTGAACC,LAMTOR1,2245,410,815
LAMTOR1_CCTGCTGCAAATCAGAGAAC,LAMTOR1,1763,157,179
LAMTOR1_TGCTGCAGACTCACAGGGCA,LAMTOR1,1668,753,1400
LAMTOR1_TGCTCATCAGTGCGAGCGGA,LAMTOR1,1007,265,256
LAMTOR1_TGACCACTTCTAGGACCGAG,LAMTOR1,1125,140,167
LAMTOR1_CTGCTACAGCAGCGAGAACG,LAMTOR1,157,31,70
LAMTOR2_TGTTGGCTTGGCTTAGCACC,LAMTOR2,298,77,15
LAMTOR2_TCCCTCGTTATTCAGCAGCC,LAMTOR2,186,70,30
LAMTOR2_GGCTATGGCAGCGGTGACCC,LAMTOR2,323,68,69
LAMTOR2_CCGTGTAGCCATCACCCGAG,LAMTOR2,3083,209,150
LAMTOR2_CTTGAGCATTCCAAAGCCCA,LAMTOR2,399,75,66
LAMTOR2_CCAGGTACTGCACCAAAGCC,LAMTOR2,2181,477,594
LAMTOR4_CCCAGCACCGAAGACTGCGA,LAMTOR4,1354,110,408
LAMTOR4_TCAGTACCAGGTAGCCGAGC,LAMTOR4,724,55,135
LAMTOR4_CGCTCCCAGTACCACCACCA,LAMTOR4,6297,1059,1264
LAMTOR5_GAAACACGATGGCATCACGG,LAMTOR5,2421,29,27
LAMTOR5_TCTGATTCTAGACACACCAC,LAMTOR5,454,165,41
LAMTOR5_GCTTCCACTTACCCTCCAGG,LAMTOR5,408,0,48
LAMTOR5_GACCGTAACGGCGCCTCCAA,LAMTOR5,479,191,589
LAMTOR5_ACCGTAACGGCGCCTCCAAA,LAMTOR5,834,391,342
LANCL1_GAGTTCAAATGCAGGGAACC,LANCL1,688,94,60
LANCL1_AAGGGATATGGGCTGTGCCA,LANCL1,149,14,20
LANCL1_CCAGCCTTCAAGTGAGCCAA,LANCL1,522,280,439
LANCL1_TGTGCTAACTGTAGGTAGGC,LANCL1,1134,193,384
LANCL1_TCGGGAGCTTCTTCAGCAAA,LANCL1,1943,924,754
LANCL1_ATCAGCATAAGGATTCGGGA,LANCL1,1008,58,16
LANCL2_ACCTTCCCGTCCTGATGAAA,LANCL2,401,700,738
LANCL2_AAATCACAGCTCCAACAGCC,LANCL2,734,330,266
LANCL2_GCTGCCCGCTGTTGTACCAG,LANCL2,1813,224,154
LANCL2_AAACAGACCGGCTGGTGCAC,LANCL2,681,32,264
LANCL2_AGCCGTTGCCAGCAGTCCCA,LANCL2,583,155,117
LANCL2_TGTCTAGATTACGGAGCACA,LANCL2,619,322,77
LANCL3_ATGGTCTCGCCGAGCTCAGG,LANCL3,166,23,66
LANCL3_GCAGAAAGGCCTGCTAAAGA,LANCL3,1489,505,454
LANCL3_CCGTGAGCCGGTACAGCAGC,LANCL3,815,298,202
LANCL3_ATTTAGAGTTTCCCGTGAGC,LANCL3,440,73,55
LANCL3_TTTACCGAGGAATTCAAGGC,LANCL3,466,132,342
LANCL3_CAGCCTGATTGGGCTGCAGC,LANCL3,222,34,9
LAP3_CACCTTCGTCATGTCTGCGG,LAP3,110,532,332
LAP3_CCTTTCCCAACAAACACCAG,LAP3,873,255,441
LAP3_TCCTTTCCCAACAAACACCA,LAP3,67,34,69
LAP3_CGCGGTCTGACCTGTTAAGG,LAP3,1508,622,403
LAPTM4A_CAACAGTAGCTAACCTGAGG,LAPTM4A,620,220,370
LAPTM4A_TGAGGAGGTGCTTCAAAGGC,LAPTM4A,1246,638,769
LAPTM4A_GGCAGCTGGAGTCCAAGGCC,LAPTM4A,68,61,27
LAPTM4A_TGATCGTCCCGGTGCGGACA,LAPTM4A,1444,484,451
LAPTM4A_GCTGTTGCCATGTCCGCACC,LAPTM4A,943,186,49
LAPTM4A_AGCACCGGGTGCTGTAGAAC,LAPTM4A,1992,312,320
LAPTM4B_CGTCACGGACTCGGGTCACA,LAPTM4B,1303,292,540
LAPTM4B_TATCGAGGAGGCAGGCCCGC,LAPTM4B,778,20,15
LAPTM4B_CGATGAAGATGGTCGCGCCC,LAPTM4B,971,194,281
LAPTM4B_CCAGATACCAGACGCCGAGC,LAPTM4B,776,170,212
LAPTM4B_CTGTTTAGCAACGCGCAGCC,LAPTM4B,433,237,259
LAPTM5_AAGGACAGTGATGAAGGCGA,LAPTM5,200,21,87
LAPTM5_GCAGCTGCAGCGTCATCAGG,LAPTM5,772,216,240
LAPTM5_AGTCCATGATTTGCAGGGAC,LAPTM5,568,93,212
LAPTM5_CATGGTGATGAGCAGGAAGC,LAPTM5,784,281,398
LAPTM5_GCTTGCAGGACGCCTTGCCA,LAPTM5,1217,330,390
LAPTM5_CACCACATGGTAGATGGCCA,LAPTM5,1149,311,106
LARGE_TGTGGAGGCTGACCGCAGAG,LARGE,1467,964,684
LARGE_CTTGGAAGAGGCTACAACAC,LARGE,2814,755,911
LARGE_CAAGACTCTTCCTGCCAACC,LARGE,422,100,274
LARGE_CAATAAGGTGGAAGTGCAGA,LARGE,339,67,24
LARGE_GAACAGGACGGATTTGACCA,LARGE,1516,208,249
LARGE_GACAGCGAGAACCTTCGGGC,LARGE,520,46,129
LARP1_CAGAGTGCTAGGACTCACCA,LARP1,1945,144,406
LARP1_GCTGTTCCTAAACAGCGCAA,LARP1,354,245,241
LARP1_GCAATCAATTGGCCCACACC,LARP1,936,543,517
LARP1_GGAGATGAGGATTGCCAGCG,LARP1,866,956,676
LARP1_TGAAGTGCCCAGAGAGAAAC,LARP1,2176,910,820
LARP1_CTGGCAACCAGAGATCAAAC,LARP1,3213,1049,1177
LARP1B_TCCTTTAGAGGTCGAGGAAG,LARP1B,364,174,159
LARP1B_CCAACATGACACTCTAGAGG,LARP1B,1849,256,118
LARP4B_GGAACTTGCCTGCTTCGAGG,LARP4B,1168,229,88
LARP4B_GCATACAGGCTCACGTCCAG,LARP4B,57,239,260
LARP4B_CCAGTATGTGCCAATCACAA,LARP4B,955,1119,820
LARP4B_ATTGTAGGATCGGATGCCAA,LARP4B,197,106,143
LARP4B_CTTGCTTCCAGATGTAACAC,LARP4B,1536,430,643
LARP4B_GATGGAACTTGTCTGAGAAG,LARP4B,123,148,80
LARP6_CTTGCGGAAGATCTCAGGGC,LARP6,890,250,290
LARP6_CATCGTGGAGTTCGAGGAGG,LARP6,707,47,0
LARP6_CAGCAGCCGCTACAGCCAAG,LARP6,806,626,457
LARP6_CGAGCGTGAGGACCTGGAGC,LARP6,356,270,192
LARP6_CGTGGACGAGTTGGAGGACG,LARP6,2676,805,989
LARP6_GATCCGCGTCGCCATCCAGG,LARP6,329,119,137
LARP7_GAAACGGTCACGAGTTAAAC,LARP7,1021,477,385
LARP7_TCACCCACAACTCTTAAGGC,LARP7,543,438,286
LARP7_TCTTTCCTTGTAGGAGCGAA,LARP7,511,90,138
LARP7_CAGGGAAGAGTGTCGCACCC,LARP7,1250,244,185
LARS_TGGACAGGCAGAGTCTCCGC,LARS,1537,72,45
LARS_ATCTCAGTGCTTGAAGAACC,LARS,912,0,0
LARS_AACACATTCATCTGACGACC,LARS,406,0,0
LARS_CATGGTCTTGCCATTTGAGC,LARS,469,77,57
LARS_GCCAGGAATATGTCATACCA,LARS,461,0,0
LARS_CCAGTACAGTGCAGGCCAAA,LARS,2028,161,379
LARS2_CAGATGTCATCAAGTGGGAA,LARS2,1376,262,418
LARS2_TCCTTCTGGTAAGCTGCACA,LARS2,426,86,202
LARS2_CCCTATCCCAGCTGAAACAC,LARS2,3587,449,465
LARS2_GGCTGGGCTGGCCTATCAAA,LARS2,972,268,328
LARS2_TTCATGGCGTTCTGGAGCAA,LARS2,3065,423,402
LARS2_CGTTGGCAGACCTTCCAGAA,LARS2,2719,863,760
LAS1L_ACTGCTGGTATCATACGAAG,LAS1L,1395,36,41
LAS1L_GACCTATTGGTGCCGCCAAC,LAS1L,235,279,345
LAS1L_TGTGGGTCAACTCATGGCGA,LAS1L,693,6,0
LAS1L_GAGGAAGACAAAGTTTGCCA,LAS1L,325,23,0
LAS1L_ACTTAGACTGCTCTATGGCA,LAS1L,179,0,30
LAS1L_ACGATGCCGTGGGCCGAGAG,LAS1L,814,0,40
LASP1_GATACACGATCTTGCCGCAC,LASP1,459,0,0
LASP1_GATCGTGTATCCCACGGAGA,LASP1,622,29,63
LASP1_AGCATGCTTTATGCCAGAAC,LASP1,734,432,493
LASP1_GACGAGGTCTCCTTCCAGGA,LASP1,185,166,159
LASP1_ACGAGGTCTCCTTCCAGGAC,LASP1,425,143,169
LASP1_TACGGGACGGTGGAGCGCAC,LASP1,470,147,200
LAT_GATGTGCTGTCGTAGGAGCC,LAT,192,285,177
LAT_ACTCACGAGGCCGTTTGAAC,LAT,1720,422,260
LAT_CTGAGCAGCTACTCACGGGA,LAT,1043,259,192
LAT_ACCGGACGCCATCTTCCCGG,LAT,712,106,450
LAT_GAGGACGACTATCACAACCC,LAT,794,126,21
LAT_TACGTGAACGTTCCGGAGAG,LAT,921,235,337
LAT2_GGGACTGAACTGCTGTGGCC,LAT2,6,83,147
LAT2_GCTCTGTTGGTCCTCACGCC,LAT2,596,120,231
LAT2_TTGTAGTGGTCGGGCAGGCA,LAT2,2143,836,512
LAT2_TGGCGGACATGGCACCCACA,LAT2,877,334,166
LAT2_TTGTGGGTGCCATGTCCGCC,LAT2,404,176,186
LATS1_CCTGAAGTGTTGCTACGAAC,LATS1,2360,1507,6024
LATS1_ACAGACTGAAGCCATTAGAG,LATS1,686,429,554
LATS1_ATTCATTGTCAGCTTCAGCC,LATS1,811,477,520
LATS1_GCCGATTCACAGTGCCAGCA,LATS1,411,375,569
LATS1_CCTCCTAATCAAGGACAGAG,LATS1,696,286,268
LATS1_AGATCCTCGACGAGAGCAGA,LATS1,791,67,72
LATS2_GAAGGCTTTGGGCATCGAAA,LATS2,434,161,128
LATS2_CCATGTCAGACAGGACAGCA,LATS2,1558,1841,2315
LATS2_GGCCCACGTCAAGGCCGAGA,LATS2,75,279,398
LATS2_TTTGCGGACGGGAACGGGAG,LATS2,524,437,308
LATS2_AGATGGGCTACCTGGACCCG,LATS2,1008,389,1025
LATS2_CCGGCAAATGCTGCAGGAAC,LATS2,3510,1879,1838
LAX1_GGTTTGGTTCTACCTGGACG,LAX1,555,119,71
LAX1_CAACCCTTTCGACAATCAGA,LAX1,920,182,75
LAX1_TCCTCCCTCTGATTGTCGAA,LAX1,612,337,216
LAX1_CAACGACCAGGAGGATGGCG,LAX1,722,963,1088
LAX1_AACCGCAACGACCAGGAGGA,LAX1,958,51,42
LAX1_GACAGTGATTCACTCAGCAA,LAX1,649,107,249
LAYN_GCGCGCACTCACCACTCAGC,LAYN,353,241,428
LAYN_TCGGATTTGGACCTCAGAGG,LAYN,1111,143,243
LAYN_CTAGGGCAGCCAGTCTGCCG,LAYN,783,141,156
LAYN_ATACAACTGTGGTGACCACA,LAYN,18,12,46
LAYN_AAGCTGACTTAGCTGAGACC,LAYN,893,194,68
LAYN_ACAAGACATGTCATCGGGAG,LAYN,488,201,384
LBH_GCAAGTCTCAACGTCGAGGC,LBH,913,211,50
LBH_GGCCGATCTCCTCCATGGGC,LBH,214,215,158
LBH_AGGAAAGGCCATCCTTGCGG,LBH,953,113,126
LBH_GGAGCCAGGACTTACTCACC,LBH,473,57,164
LBH_AGTGGTGGAACCCACAGAAG,LBH,249,82,39
LBP_ACTGCACTGGGAATCTAGGA,LBP,414,348,221
LBP_TCACGCTGCCTGACTTCACC,LBP,787,359,196
LBP_AGTAACTGTGGGCCTCCCGG,LBP,294,31,49
LBP_TCCAGAAAGTACTGGAGAGC,LBP,1184,88,75
LBP_CAAGGAGGGTAACTGGAGAA,LBP,976,228,462
LBP_CTCCTTACCCGTGGGACGAA,LBP,1450,405,518
LBR_ATCTCATCATGGCCTTGGCG,LBR,801,436,181
LBR_GGAAGCGTTGTTGACGACCA,LBR,337,178,150
LBR_CATCCACCACATAGAGAAGC,LBR,928,168,138
LBR_TGCGCTCTTTGAAAGCGCCC,LBR,133,25,6
LBR_AGGCCGACATTAAGGAAGCA,LBR,1167,274,600
LBX1_GGAAGACGAAGAGATCGACG,LBX1,870,62,81
LBX1_CGTAGAGTCCGCCAAGAAAC,LBX1,4270,948,1064
LBX1_CGACCAAATCGCGCAGCAGC,LBX1,94,239,639
LBX1_GGTCTGCCGCTGCCCAAAGA,LBX1,1215,272,522
LBX1_GACTTCCAAGGAGGACGGCA,LBX1,196,51,31
LBX1_GGCCGAGATGACTTCCAAGG,LBX1,560,166,684
LBX2_TGGTCACTTGGTTCCAGAAC,LBX2,2748,334,318
LBX2_CGTTTGCGGCCGAAGGGACC,LBX2,402,145,61
LBX2_CCTATCCCTACAGGGCGGGC,LBX2,0,24,46
LBX2_CACAGCGGCGACGTTGGACC,LBX2,531,109,229
LBX2_GCGTCGGAGTTTCCCACCGC,LBX2,1592,157,196
LCA5_GGAAATGGTGCTGCTACCAC,LCA5,261,117,252
LCA5_GAACAGTTATTTGGTGCCAG,LCA5,338,99,216
LCA5_AAGAACGGGCAACTGAGAAA,LCA5,546,297,155
LCA5_GCAGCTCAGCTAACTTGACC,LCA5,1337,202,292
LCA5L_AAGCCATCGTCACCTACAGA,LCA5L,1581,153,116
LCA5L_CTTTAGAGTCTCCGAAAGCA,LCA5L,1609,401,717
LCA5L_GAGCTAGAGCATTCTGACAG,LCA5L,985,285,618
LCA5L_AGCTACCAAGACTCTGCAGG,LCA5L,26,141,123
LCA5L_CAGAGCCTTTAGCCGGCAGC,LCA5L,538,239,85
LCA5L_CTCATCGAATACTCTCAGCA,LCA5L,1731,722,378
LCAT_TCAGGCCACGCCATGCGAGA,LCAT,1531,218,229
LCAT_AGTACTACCGCAAGCTCGCA,LCAT,237,117,106
LCAT_TATGACTGGCGGCTGGAGCC,LCAT,56,23,228
LCAT_GACGCGGATCTGGACACCAG,LCAT,1245,280,231
LCAT_GATGTGCTACCGCAAGACAG,LCAT,623,147,52
LCAT_AGCAGCGTCACCCACTGCCA,LCAT,809,90,38
LCE3A_TGAGTCACCACAGATGCCGC,LCE3A,434,53,47
LCE3C_GACTGTGCTCTAAGCTCCGG,LCE3C,128,38,121
LCE5A_ACTCTGAGGTCGGCGTCGGA,LCE5A,5,30,71
LCE6A_AGTCGAGTAGGGAGCTAGGC,LCE6A,610,129,252
LCK_CCCACTGGATGGCAAGGGCA,LCK,870,432,544
LCK_CTACGAAGGCTCCAATCCGC,LCK,1773,448,330
LCK_TGTGGCCAAAGCGAACAGCC,LCK,1062,169,204
LCK_TGAGCCGCAAGGACGCGGAG,LCK,527,161,121
LCK_CCGGGACTTCGACCAGAACC,LCK,2447,715,932
LCK_TCCCAGGGAGACGCTGAAGC,LCK,897,206,241
LCLAT1_GAACCCATGGTCAATTAACG,LCLAT1,892,407,208
LCLAT1_ACTGCCTCGTTAATTGACCA,LCLAT1,35,0,0
LCLAT1_TCTGGTGTGTAACTTACCAC,LCLAT1,708,226,179
LCLAT1_CATGAACCATCGGACAAGAA,LCLAT1,749,455,429
LCLAT1_ATCGCATCAGGCAATTCCAC,LCLAT1,344,320,260
LCLAT1_GCTGCGTTCCTTCTATCAAG,LCLAT1,1736,412,220
LCMT1_GCTCGAGGTGGAACAGCAGG,LCMT1,345,156,176
LCMT1_GCCAATGCTTACTGCAAACC,LCMT1,2255,651,247
LCMT1_TCTCCGAGACCTGTCTGAAC,LCMT1,2217,523,787
LCMT1_AGTCCGCAAACCTCCTGAAG,LCMT1,1156,74,222
LCMT1_CTTTCCCTCCTAGGTGAACA,LCMT1,1226,607,374
LCMT1_TACCTCGAGCTGAAGTGAGC,LCMT1,233,149,98
LCMT2_TCCCACCACCTCCAAGGAGC,LCMT2,2141,138,471
LCMT2_CGTAGTCAGTAGCGAGGGCC,LCMT2,727,203,138
LCMT2_GCCAGCGTAGTCAGTAGCGA,LCMT2,1867,35,199
LCMT2_CGGCGCCGCTTCCTTCAAGC,LCMT2,1652,239,496
LCMT2_CAGATCTTGTCTCTCGGCGC,LCMT2,1232,284,186
LCMT2_CAAGATCTGCGCGCGAAGCG,LCMT2,761,202,243
LCN10_ACAGCTTACCGTCTTTCGGG,LCN10,606,0,63
LCN10_CGGCTTGGTCTACCTCCGCC,LCN10,213,87,194
LCN10_GAACGCCTGTGCATACGCGG,LCN10,556,96,54
LCN10_CCACTCACCGTCTGAAGGCG,LCN10,319,96,264
LCN10_CCCAGGGATTCTTGCCGGCC,LCN10,1108,342,600
LCN10_CCACGCCCTCAACTGGAACA,LCN10,831,382,496
LCN12_GCAAGGAGAGCCACAGCCAC,LCN12,716,184,93
LCN12_GGCCTGCAGGACTTTCAGCA,LCN12,623,198,169
LCN12_CACCGCCTCTGTAGTTCCAG,LCN12,738,159,307
LCN12_GGGCAGTTCACTGTGGACCA,LCN12,1371,132,205
LCN12_GGTCTCCTCTCTGTCCGCCC,LCN12,380,18,56
LCN12_AACTGGTCCAGCGTCCCGGG,LCN12,203,185,47
LCN15_TGCATGCAACCCTGAGAGCA,LCN15,1805,601,292
LCN15_GCGCACGTCCAGGTAGCCCA,LCN15,11,41,56
LCN15_GGATGCCGAGTACCTGAAGG,LCN15,385,151,157
LCN15_CCGGGAACTCCATGTGGACG,LCN15,923,400,486
LCN15_GCCATCAGGCCCACAGAGGA,LCN15,644,55,143
LCN15_GGGTCAGGATTGCGCCGAGC,LCN15,552,35,72
LCN2_GGCTGGGATCAGGTCTGAGG,LCN2,228,324,8
LCN2_CGGCCCTCACCTAAACAGGA,LCN2,1334,246,262
LCN2_AACTCGCCGGGCTGGCAACC,LCN2,621,169,521
LCN2_AACGAGTTACCTCGTCCGAG,LCN2,55,0,30
LCN2_GGCCATTACCGATTGGGACA,LCN2,831,167,246
LCN2_GCACTCAGCCGTCGATACAC,LCN2,1220,263,304
LCN6_CTGGCTGTCTCCGTCAGACC,LCN6,1452,226,331
LCN6_TGATAAAGCGAAACTCCGGA,LCN6,94,96,145
LCN6_GCTGAGAGGACAGCGTCCGC,LCN6,1,8,67
LCN6_AAAGGGCTTTGCCATGGAGA,LCN6,229,37,58
LCN6_GGGAAGACTGGACCCTGAGC,LCN6,439,81,117
LCN6_GGCTTTGGTCTCGGTGCCCA,LCN6,569,168,195
LCN8_CTGGTCTCTACCTGGCGGCC,LCN8,211,91,119
LCN8_CGGGTGTCCCTGATGTGGCG,LCN8,2033,209,230
LCN8_GCCACATCAGGGACACCCGC,LCN8,151,23,91
LCN8_CATCAGGGACACCCGCAGGA,LCN8,1512,117,124
LCN8_GCTTGTTCCTCACCTTGAGC,LCN8,213,66,77
LCN8_TGTGGCCTCCGATCAAAGCC,LCN8,773,239,401
LCN9_AGAGGAACTACAACGTGGCC,LCN9,174,159,247
LCN9_GAGGAACTACAACGTGGCCA,LCN9,373,79,62
LCN9_CCTGTAGTCAGTCTCCGAGA,LCN9,441,149,112
LCN9_CGTTCCTGAAGTTCTGGAGG,LCN9,1743,271,182
LCN9_CTGTAATGCTTGGAGTAGCA,LCN9,2045,642,614
LCN9_CTGCTCAGACCTTACCACCC,LCN9,2193,1421,853
LCNL1_GGTATCCAAACTTGAGGGCC,LCNL1,63,47,20
LCNL1_TGACATCCCAGACCCGAAGC,LCNL1,1545,255,505
LCNL1_CCCTTTCTGCACGCGGAAGG,LCNL1,1042,335,479
LCNL1_CCACCTTCCGCGTGCAGAAA,LCNL1,2803,1220,1251
LCNL1_CACGCGGAAGGTGGAACCGC,LCNL1,324,35,36
LCOR_TGACTGGAGATGCTTTCGGC,LCOR,610,193,383
LCOR_TCCAGTCACCACCTCTCCCA,LCOR,822,191,102
LCOR_TACTGGAGCAGCCTGGAGAG,LCOR,1160,326,250
LCOR_GCTCCAGTACTCAAGGGAAC,LCOR,871,272,178
LCOR_TTCCATCCAATTAGGCGACC,LCOR,979,558,341
LCOR_TAATCCAGATGGCCCAAGGC,LCOR,561,423,150
LCORL_CACTTAGAAGCCTTACCAGC,LCORL,596,53,261
LCORL_AAACTCCCTTCAGGAAGAGC,LCORL,208,17,140
LCORL_TTCACAGTCAACACCAACAG,LCORL,3342,983,1035
LCORL_CTGAGGTCTCTTCGTAGCCG,LCORL,2228,1100,1140
LCORL_GCCAAGAGTCGAGTTCCCGC,LCORL,769,97,220
LCORL_ACGCGGGACGCAGATGGACA,LCORL,1865,239,315
LCP1_TTGTCCACCGATGCCAACCA,LCP1,2691,736,882
LCP1_ATAGAGCTGGAAGATGACCA,LCP1,112,59,168
LCP1_GACTCGAGGGTTAACACCCA,LCP1,238,34,172
LCP1_CAGCCACAGATGTTGTCCGA,LCP1,1666,94,220
LCP1_TTTGAGAGAAGGTGAGAGCC,LCP1,431,174,178
LCP1_CGTACTCTATACCCAGGCAA,LCP1,1493,550,586
LCP2_TCCGTGGTCGGTGGTAAAGG,LCP2,1671,534,582
LCP2_CAACAGTCTTACCTTCCCGC,LCP2,2268,164,291
LCP2_AACCTTGTGTTTCCACAGAC,LCP2,542,363,579
LCP2_GCCGCCACCCTCCAATGACG,LCP2,1586,383,866
LCP2_TTCCACAGAAAGCCACGAAG,LCP2,3004,646,448
LCP2_GGAGGAGTACTTACGGCACC,LCP2,2,99,25
LCT_TCCTGGTCGTCTTCGTAGGA,LCT,655,235,238
LCT_TGGGCATGCCATTCCCGGCA,LCT,1109,244,362
LCT_CTCCACAGGAGCCTTTAACG,LCT,1994,295,611
LCT_CTGGGTTCTTCATGGTGGAG,LCT,1531,346,660
LCT_ACCCATATCTGCGCTTGCCC,LCT,0,123,175
LCT_ATTGGTTAGAGGACCAGCGG,LCT,104,35,63
LCTL_TGAGACGGGCCACCATGCGC,LCTL,1894,449,538
LCTL_GCCACCCACCGTATTTGACC,LCTL,1392,854,687
LCTL_CCAGTGGTGCAAGGTCACGA,LCTL,1821,503,356
LCTL_ATGCCTGTGGGCAGGAGCCG,LCTL,367,339,180
LCTL_CAGTTCTGCCTACCAGACGG,LCTL,1038,100,186
LCTL_CGTGGCCGTACCAAGAGGGA,LCTL,527,299,589
LDB1_AGGTCTTGAGGCAGTCGCGG,LDB1,2221,13,147
LDB1_CACTCGGAGGTAGTTGAGAG,LDB1,1721,362,451
LDB1_ACATGATGCGGATAAAGACG,LDB1,640,150,254
LDB1_CGACTGTGACCAGGGCAGCA,LDB1,1604,605,481
LDB1_CGCCTACATACCTGGAGCCA,LDB1,3037,449,432
LDB1_ATTCAAGCTGTACTCGCCGA,LDB1,84,50,11
LDB2_GGGAACAATGCAAACAGCAC,LDB2,909,240,192
LDB2_CACTTCCAGGTATGTACAGA,LDB2,857,189,210
LDB2_TAGCACTGTGTTTGAAGGAG,LDB2,416,430,201
LDB2_CATTCAGCGGCAGATGCCAG,LDB2,1430,146,157
LDB2_TGGCAAAGGCGTCCCACCAG,LDB2,1910,922,500
LDB2_GAGACTGCAGTCTCGCACAG,LDB2,573,255,67
LDB3_CTATCCAATCAGATCACACC,LDB3,1304,77,200
LDB3_GCCGGTGATCCCTCACCAGA,LDB3,499,24,32
LDB3_TGCCGTTCGTGTCCAGAGCG,LDB3,2535,1217,966
LDB3_CTGGAGAGTTGACTACCACC,LDB3,270,213,67
LDB3_TGGGCGTGTTGTACTGCGCA,LDB3,1656,216,277
LDB3_GAGAGGCGCTGTCTACGGCA,LDB3,374,13,11
LDHA_GCGATGGGTGAACCCTCAGG,LDHA,1,84,149
LDHA_CCCATACCTTAGCGTGGAAA,LDHA,2441,1363,1579
LDHAL6A_TTCTTAGTTCCTGTGTGGAG,LDHAL6A,1130,442,305
LDHAL6B_GCATCCCGCTCAACGGCACC,LDHAL6B,52,219,720
LDHC_TGGAACTGGTGCCGTAGGCA,LDHC,565,137,216
LDHC_GGGAGAAACTCGCCTTGCCC,LDHC,309,1,80
LDHC_TAGCCACATTACGTTGGACC,LDHC,586,272,218
LDHC_CGGATTCAGATAAGGAACAC,LDHC,1553,466,285
LDHC_AGACAGTCCAATAGCCCAAG,LDHC,748,355,305
LDHD_GGACGTAGGAAGAGTGCAGC,LDHD,436,46,156
LDHD_GCGGGACAACGTGCTCAACC,LDHD,27,38,25
LDHD_GGTTAACGCAGACGCCGCCC,LDHD,436,24,29
LDHD_GCACACCTTGGCGATAGCAC,LDHD,1023,97,407
LDHD_CTCCCACGTGTCCACTGCCG,LDHD,2003,304,481
LDHD_GACTGCTCAGGTCTGCAACC,LDHD,773,154,324
LDLR_GGAAATGCATCTCCTACAAG,LDLR,895,333,163
LDLR_GAGGAATGCAGCGGTTGACA,LDLR,965,60,241
LDLR_AGTTCGTCTGTGACTCAGAC,LDLR,412,225,211
LDLR_CTGGAATTCGTCAGGGCGAC,LDLR,1343,571,693
LDLR_CTCACAGTGACACTCTGCGA,LDLR,884,307,177
LDLR_GAATGCTTGGACAACAACGG,LDLR,1271,142,82
LDLRAD1_ATGTACAGCACTGCTCCGAC,LDLRAD1,363,493,390
LDLRAD1_TCTGAGTAGATCCAGGAGGC,LDLRAD1,1168,307,297
LDLRAD1_GCTTCTTGTGCCATGACCAG,LDLRAD1,845,224,292
LDLRAD1_ATCCAAAGCCCACCCTGGAG,LDLRAD1,435,168,44
LDLRAD2_ACTGCAACTGCTTTGGAGAC,LDLRAD2,485,298,493
LDLRAD2_ACCAGGCGCAGGCCTAGAAA,LDLRAD2,1414,340,217
LDLRAD2_TCGCCCACGAAGTCCACGCG,LDLRAD2,2075,551,799
LDLRAD2_GCCTACTTCCGCTGCCAGAA,LDLRAD2,1918,540,634
LDLRAD2_TGTGGCGATGGCAGTGACCA,LDLRAD2,1383,386,462
LDLRAD2_TCCTCTCAGCTGCAATCCAG,LDLRAD2,253,40,39
LDLRAD3_CATTGGTGAAGTTGTTCCCG,LDLRAD3,1591,216,461
LDLRAD3_CTTCGACAAGAGTGATGAGA,LDLRAD3,567,191,85
LDLRAD3_AATGATGCAATGGATGCCGC,LDLRAD3,201,116,45
LDLRAD3_GCCCGCTACCACTGCAAGAA,LDLRAD3,1943,893,2059
LDLRAD3_CCGACGCATTCTGCTCCGCC,LDLRAD3,615,218,121
LDLRAD3_CACTGTTGGCACTCCCGGAC,LDLRAD3,2690,862,1383
LDLRAD4_GGGAGCAGTATGCCGGAAGC,LDLRAD4,364,41,79
LDLRAD4_AGTTGAAGATGCCCGGAGGC,LDLRAD4,385,303,259
LDLRAD4_GAACAACAGCACACTGAAGG,LDLRAD4,883,207,505
LDLRAD4_GCGGTTGATGAAGGACCGCG,LDLRAD4,2,1,2
LDLRAD4_CGGCGCTGTCTGAAGGCCAC,LDLRAD4,1031,206,362
LDLRAD4_GACATTGCTATGTATAGCGG,LDLRAD4,1265,113,53
LDLRAP1_TGGACGCGCTCAAGTCGGCG,LDLRAP1,493,189,373
LDLRAP1_GACGCTAGTGGAGCAGCCCA,LDLRAP1,463,209,144
LDLRAP1_TGGACACGTTCTCAATGAGC,LDLRAP1,904,156,159
LDLRAP1_AGCAGACAAGATGCACGACA,LDLRAP1,1179,77,152
LDLRAP1_TGTTACCCTCACCGTAGCCC,LDLRAP1,519,244,51
LDLRAP1_CAACACCACCAACATGGACG,LDLRAP1,3393,636,704
LDOC1_GGTGGTGCCCTACATCGAGA,LDOC1,7,76,97
LDOC1_CTGCAACGACGCCATGAAGG,LDOC1,3958,509,790
LDOC1_ACGTACCTGGCGCAGCAGGC,LDOC1,401,96,90
LDOC1L_CCAGTGCATCCAGCTTCCAA,LDOC1L,580,406,446
LDOC1L_CCCTGATAGTTGTTGCGCAA,LDOC1L,2498,1370,1416
LDOC1L_AGTCAGTCGAGACACAAGGA,LDOC1L,1526,278,241
LDOC1L_CACCAACTCGGCGCTGAGGC,LDOC1L,792,727,550
LDOC1L_TCACCAACTCGGCGCTGAGG,LDOC1L,2104,256,443
LDOC1L_GGCATTCGGAGACGCTGCCA,LDOC1L,42,44,100
LECT1_GGTGGCCCGTATCTTGGGCA,LECT1,760,19,21
LECT1_AAAGACCACACAGTGGACCA,LECT1,351,48,69
LECT1_ACAGAGCATCTCCTCCAAAC,LECT1,1440,480,677
LECT1_GGGTCAATGGAAATAGACGC,LECT1,436,124,35
LECT1_AGCTCCCGAAATGAGGACCA,LECT1,829,127,73
LECT1_TCCCTGGCGGTACTCACCGG,LECT1,945,203,275
LECT2_AGAGAGGTGGAGTCTACACC,LECT2,821,45,15
LECT2_GGTGTTCGAATATCTGGAAG,LECT2,738,164,184
LECT2_CACTGGAATGATTGTGGGCC,LECT2,1230,668,558
LECT2_TAGAAGTCAGAGGCCTCACC,LECT2,129,75,38
LECT2_CAGAGTACTGTCCACAGCCA,LECT2,1435,682,563
LECT2_ATCCGGACGTGTGACCGCCA,LECT2,712,371,359
LEF1_CCTGTATATCCCATCACGGG,LEF1,1010,99,327
LEF1_TCCAACACCACCCGGAGACA,LEF1,2539,1050,854
LEF1_CGTCACTGTAAGTGATGAGG,LEF1,1,234,112
LEF1_AGATGGAGGCCTCTACAACA,LEF1,824,315,277
LEF1_TCAGGAGCCCTACCACGACA,LEF1,1239,470,416
LEF1_CGAGATCAGTCATCCCGAAG,LEF1,1982,626,351
LEFTY1_CACCCTGGACAGGGCCGACA,LEFTY1,1636,404,411
LEFTY1_GCTCAAAGAGGTGCCCACCC,LEFTY1,354,638,535
LEFTY2_CGTACTGGACAGGGCCGACA,LEFTY2,1965,541,683
LEFTY2_CGAGGTGCCCGTACTGGACA,LEFTY2,1496,389,255
LEFTY2_GCGAGGTGCCCGTACTGGAC,LEFTY2,645,174,215
LEKR1_GATTCGGACATCTAGACAAC,LEKR1,792,77,102
LEKR1_TTCCTACCTCTTCCTGGGAC,LEKR1,625,153,297
LEKR1_TCACCGTGTTCCCTCAGCAA,LEKR1,2145,521,407
LEKR1_CTTATCTGAGGTTGGGAAAG,LEKR1,1726,379,646
LELP1_GCTTCTTTAAACAGCTGGGC,LELP1,63,8,34
LELP1_CAGCAGCTTCTTTAAACAGC,LELP1,1310,374,485
LELP1_CAGGATGAAGGAGACTGCGA,LELP1,148,37,94
LELP1_TGAAGGGCATTTAGGAGGAC,LELP1,852,379,434
LEMD1_AAGACCAGACTATCGAGAGC,LEMD1,1096,154,136
LEMD1_TTCATCACAGGTGGTGCACA,LEMD1,1109,855,550
LEMD2_CCATTACGTGGACTGGGAGC,LEMD2,2803,386,301
LEMD2_GGAACAAGCCATGTATGAGA,LEMD2,519,0,0
LEMD2_ATTGGTGACGACTGTGGACA,LEMD2,419,71,409
LEMD2_TGCGGCTTCAAACTTGGCGG,LEMD2,357,207,196
LEMD2_ACTCACCAGCTTGGATGGCC,LEMD2,714,267,315
LEMD2_CCTACCCAGGAAGCCGCGGA,LEMD2,447,104,90
LEMD3_TAGGAGAGGTCGCCCGAGAC,LEMD3,1088,259,206
LEMD3_GCCGGACCGTGAATGGCAGC,LEMD3,185,110,65
LEMD3_TAAATCGGCCGGCGGCAGGC,LEMD3,82,45,35
LEMD3_CTCTAGACTCATTAGCAGCA,LEMD3,1573,219,277
LEMD3_TCTCATCTTCGTCTTCGGAC,LEMD3,1071,59,281
LENEP_GCGGGTGCCTGTCATTAAGA,LENEP,3,2,2
LENG1_GGCACTACAGGAGGGTCAGC,LENG1,3,31,60
LENG1_TAGTGCCCGGCCTTGGACCC,LENG1,481,103,106
LENG1_TTCGGGAGCTGCTGGAGGAA,LENG1,3669,524,466
LENG1_GCTCCCGAAACAGGTCCACA,LENG1,1364,7,91
LENG1_GAGCTGGCACGTCCGGAACA,LENG1,1495,18,18
LENG1_ATATCTTGCCCAAGAAGAGC,LENG1,568,0,16
LENG8_GACGCCGATGCACGAGAACC,LENG8,1242,60,86
LENG8_CCGGCCATCCCATACTGGGA,LENG8,551,131,261
LENG8_ACATGCTCTCATCCATGCCG,LENG8,140,11,73
LENG8_AGCTTTGGCTCCAACGCAGA,LENG8,1035,74,60
LENG8_CACCGCCTGTGAGTCGGAGG,LENG8,1310,117,204
LENG8_CGACGCGCCACTTCCGCAGA,LENG8,1144,194,200
LENG9_TCAGAACCTACACCTGACCC,LENG9,416,93,120
LENG9_AGAGGGTGCCGAGTGGACAC,LENG9,558,75,75
LENG9_CCGAGCCAGAGCCAAAGACG,LENG9,2100,382,187
LENG9_AAAGACGAGGTCGGTGCGCG,LENG9,1244,469,348
LENG9_TAGCCCACCGAGAAGTCGGC,LENG9,413,45,53
LENG9_ACGTCATCCAGCGCATCCGC,LENG9,598,129,426
LEO1_CGATACGATGAGGAGGAGGA,LEO1,1347,6,0
LEO1_TGATCGATACGATGAGGAGG,LEO1,481,92,108
LEO1_TGGATTGCCTCAGGATCAAC,LEO1,169,261,202
LEO1_AGGCCTCAGATGAAGAACAC,LEO1,1528,114,183
LEO1_GAGACAACAGCTATCTGAGG,LEO1,157,0,0
LEO1_AGCGAAGCTGAGCGTAAAGG,LEO1,1428,117,11
LEP_AAAGCCACAAGAATCCGCAC,LEP,1256,221,100
LEP_CCCAGGAATGAAGTCCAAAC,LEP,4109,930,538
LEP_GATCCAAATATCCAACGACC,LEP,600,19,59
LEP_GCACGTGAAGAAGATCCCGG,LEP,196,15,77
LEP_TTCAGGCTACTCCACAGAGG,LEP,2116,327,437
LEPR_TTGAGTTTGGCTGTTGGCAC,LEPR,1163,213,317
LEPR_CCTCGTGTCTTTACCACACA,LEPR,535,372,212
LEPR_ACATACCCACAGAATCAGGA,LEPR,829,375,406
LEPR_CTGTAAGAGGCTAGATGGAC,LEPR,1242,644,587
LEPR_TCCATGACAACTGTGTAGGC,LEPR,1455,212,492
LEPR_CTCATGGGAGATAGAGGCCC,LEPR,1262,230,330
LEPRE1_CTAGCTCACCGGATCCACAA,LEPRE1,2920,1331,916
LEPRE1_GGAAGTCTCTCACCTCACGG,LEPRE1,188,178,398
LEPRE1_GATGGGAGGAAGTCTTCAAA,LEPRE1,266,36,135
LEPRE1_GAGTGCCGTGCCCTCTGCGA,LEPRE1,565,79,231
LEPRE1_CGTGGGCAATCCTGAGCACA,LEPRE1,1790,523,277
LEPRE1_GCCTGATCTGCTCTTCGCCG,LEPRE1,1158,171,60
LEPREL1_CCAACAAACAGTTGTCAGCA,LEPREL1,1093,709,910
LEPREL1_AGACTGCAATCTCACCAGAC,LEPREL1,2125,947,1164
LEPREL1_ACAACTCGGAGCAGCTGAAC,LEPREL1,1032,554,567
LEPREL1_AATTCTCGATGGGAGAGAGG,LEPREL1,107,33,95
LEPREL1_CGTGGCTAACCCTGAGCACA,LEPREL1,1973,520,749
LEPREL1_GCACATCCTCGCTGACGCGG,LEPREL1,485,26,149
LEPREL2_TGACCCAGTGCGCAGCACGG,LEPREL2,106,26,24
LEPREL2_GCAGAGGGCCTATTACCAGG,LEPREL2,115,251,191
LEPREL2_GCCTCCTCAGTTGAAGAAGC,LEPREL2,379,110,172
LEPREL2_CTGAAGAGCCTCCTCTAGCC,LEPREL2,994,832,897
LEPREL2_GCCGCCTCAGCTGGTTGGGA,LEPREL2,19,56,123
LEPREL2_CTTGTCACAGGCGCCAAAGG,LEPREL2,1462,538,890
LEPREL4_TGCCAAGGGTGACGAGGCCG,LEPREL4,286,345,159
LEPREL4_GGTCTGGTTGTGGTAGAGCA,LEPREL4,3,36,18
LEPREL4_TGCAGTGAATGATGTGCGCC,LEPREL4,1795,442,255
LEPREL4_TGTAGAGCTTCACAGCCCGG,LEPREL4,315,160,119
LEPREL4_TAACCGGCTGGAGAAGGCGG,LEPREL4,308,0,12
LEPREL4_AAGTCACGCAGCAGCTGCCG,LEPREL4,374,68,168
LEPROT_CAGTAGTGCCTGTCGGGAAC,LEPROT,2948,237,303
LEPROT_GCCTGCCAACACAAGGCCGC,LEPROT,61,87,153
LEPROTL1_CAGGAGCGACGTCACCGCCA,LEPROTL1,296,467,310
LEPROTL1_GGAGTTTGCATCCGAGAGAG,LEPROTL1,1654,250,398
LEPROTL1_CAGTCCGATTGCTCCTCCAA,LEPROTL1,815,68,64
LEPROTL1_GAAGCAATGACGACTTCAGC,LEPROTL1,258,123,26
LEPROTL1_TGTTCCCATCTTGCTGAAGA,LEPROTL1,970,834,548
LEPROTL1_TGTCATTGTGCCTGAGAGGG,LEPROTL1,1557,281,197
LETM1_CATCGACGACCTCGTCAAGG,LETM1,204,167,270
LETM1_GGACCAGCAGGCTGGCAAGC,LETM1,886,183,384
LETM1_TTCTAGCTGATTGCTGAGGA,LETM1,494,418,313
LETM1_CAGCGCAGATCCGGAGAAAC,LETM1,3842,809,1203
LETM1_CTCTGGAGGATGTGTACACA,LETM1,1736,259,103
LETM2_TTCTGGCTATTGCTCGAACA,LETM2,1230,796,572
LETM2_GGCAATACAGTACTTCACCC,LETM2,326,51,210
LETM2_ACACCATAAATGGAACCAGG,LETM2,512,107,131
LETM2_GCTCTCATCCTACGTGAAGC,LETM2,124,107,165
LETM2_CCCACTGCATAGGTCCAGAC,LETM2,1882,995,950
LETM2_ACTGCGACAACAGCTCACGG,LETM2,553,513,600
LETMD1_CGCTACAGGTCCCTCACCGA,LETMD1,1771,285,167
LETMD1_AATGACGACCCAAGAAACGA,LETMD1,583,310,144
LETMD1_ATTTGAGACAGGTATGGGCC,LETMD1,100,95,108
LETMD1_AAGACCAGGTAGTTGGCAAA,LETMD1,1834,283,554
LETMD1_CCAACTCCAGGCTTTGCACG,LETMD1,4818,515,713
LETMD1_AAACGATGTCTCAACAAGGG,LETMD1,1537,446,382
LEUTX_GCACCCAAGTTTGGCTACAA,LEUTX,3623,1826,1626
LEUTX_CCAGGATTCTTGATACCAGA,LEUTX,654,203,364
LEUTX_TGAAACCCTCGCAGAGGCGC,LEUTX,364,135,189
LFNG_TGGACACGTATTGTATGAGG,LFNG,1022,280,308
LFNG_CCTCCGTAGGACCTGAGAGC,LFNG,1108,111,265
LFNG_GCCGCAAGACAGCAGCGACC,LFNG,397,62,20
LFNG_CCATGCTCAAGCGCTGCGGC,LFNG,372,131,20
LFNG_CTCACCCGTGTGCCTGGCCA,LFNG,1663,714,739
LFNG_ACCGCTTCATCGAGTCCGGC,LFNG,661,91,88
LGALS1_CCACTGCTCGAAGTGTCCGG,LGALS1,1287,33,31
LGALS1_CCTTCGAGTGCGAGGCGAGG,LGALS1,37,87,214
LGALS1_TCGCCGTGGGCGTTGAAGCG,LGALS1,1369,395,460
LGALS1_TGTGCAACAGCAAGGACGGC,LGALS1,689,283,260
LGALS1_CTGACCGTCAAGCTGCCAGA,LGALS1,481,322,315
LGALS12_GCAACCACCAGTCTTCCACC,LGALS12,999,141,90
LGALS12_ACACCCTGCATGGTGGACGC,LGALS12,1165,206,247
LGALS12_AGCGTGTCCACATGAGACAG,LGALS12,541,248,538
LGALS12_ACCTCCCTTGTTCCTTCAGG,LGALS12,382,55,21
LGALS12_CAGAGTTCTGTCTGCGAAGG,LGALS12,794,698,856
LGALS12_GGCCACCAGCATGAACCAGC,LGALS12,1115,171,134
LGALS13_GCAATCATGTGGTCATGAAC,LGALS13,795,205,349
LGALS14_CTGGAGGTGAATTTCTACAC,LGALS14,2440,351,469
LGALS14_GGTGAATTTCTACACTGGGA,LGALS14,78,27,64
LGALS16_GGCCTAAGTGCACTCGCAAA,LGALS16,1429,253,591
LGALS16_ACGTAGATGCGCAAGTCAAA,LGALS16,2021,1103,754
LGALS2_ACTCATTGGACGGCAGCAAC,LGALS2,657,368,251
LGALS2_ATGGTGGATTCGCTGAAGCG,LGALS2,1210,448,456
LGALS2_TGGTGGATTCGCTGAAGCGA,LGALS2,357,301,205
LGALS2_ATCACAGGCAGCATCGCCGA,LGALS2,606,3,146
LGALS2_AGAACATGGACATGAAGCCG,LGALS2,727,137,554
LGALS3_CAGATAACGCATCATGGAGC,LGALS3,403,152,125
LGALS3_GAAACCCAAACCCTCAAGGA,LGALS3,336,36,154
LGALS3_GCACTTGGCTGTCCAGAAGA,LGALS3,1582,534,609
LGALS3_GCTGATAACAATTCTGGGCA,LGALS3,887,345,227
LGALS3_CGGTGAAGCCCAATGCAAAC,LGALS3,2061,931,1315
LGALS3_CACGCTTCAATGAGAACAAC,LGALS3,1662,699,481
LGALS3BP_TGGTCTATCAGTCCAGACGG,LGALS3BP,970,300,390
LGALS3BP_GCCAGATCTTTGACAGCCAG,LGALS3BP,372,238,263
LGALS3BP_AGTTGCTCTTCAGCCAGCCC,LGALS3BP,374,19,163
LGALS3BP_GCAGGCCCTACCTTGCCCGA,LGALS3BP,213,25,59
LGALS3BP_TGATGACTTGGAGGTTCCCG,LGALS3BP,1009,91,134
LGALS3BP_CTGCTGGTTGCAGGAACCCA,LGALS3BP,902,77,213
LGALS4_TATTTCGGGAGGCTGCAAGG,LGALS4,912,110,114
LGALS4_CAAGTACTTACAGGGTAAGG,LGALS4,832,87,80
LGALS4_CGGTGCCCGTACTCATAGAA,LGALS4,2498,1363,1801
LGALS4_ACACGTTGCAGGGCGGGAAG,LGALS4,2558,346,249
LGALS4_TACTACCAGCCCATCCCGGG,LGALS4,580,42,256
LGALS4_TCACCGGGTTGTAGGTGGGC,LGALS4,200,154,110
LGALS8_ATGTTCCTAGTGACGCAGAC,LGALS8,280,340,157
LGALS8_TCCCTCATATAGATTCCAGG,LGALS8,647,268,211
LGALS8_CTACAGCCTAGTAATAGAGG,LGALS8,883,233,350
LGALS8_GACAGTTCGTCCAGGGCCCA,LGALS8,328,46,90
LGALS8_CCCAGGACTAAATGGGAAAG,LGALS8,1526,308,450
LGALS8_GCTCAGCAGTATTGACACGC,LGALS8,504,305,276
LGALS9_GACACACATGCCTTTCCAGA,LGALS9,144,104,84
LGALS9_CACACATGCCTTTCCAGAAG,LGALS9,2218,863,700
LGALSL_TTTGAGCTCTCCAGTTCAAG,LGALSL,219,176,97
LGALSL_GGACGTGTACTTCCCACGAC,LGALSL,1041,282,370
LGALSL_TCGTAGACCTCAACCCAGAG,LGALSL,1962,894,806
LGALSL_TCGATTGCCACATCGGCAGG,LGALSL,525,176,175
LGALSL_AGTTCGATTGCCACATCGGC,LGALSL,409,315,228
LGALSL_TCCACAAACACTCGGAAACG,LGALSL,2699,919,1223
LGI1_TGGTACAAGTACACACGGCA,LGI1,742,403,142
LGI1_TTGGTACAAGTACACACGGC,LGI1,266,323,215
LGI1_AGGAGGAACGGTGCGTGGAA,LGI1,1737,159,288
LGI1_TCTCACAAGAGCTGCAGCGA,LGI1,407,302,110
LGI1_CCCATCAATCCTTACACGCG,LGI1,1017,383,479
LGI1_ATTCAGAGGATGCCATCGCG,LGI1,602,102,283
LGI2_GCTGCTTCTCTTTATCCCAC,LGI2,401,68,136
LGI2_GCACGAGTGGTTCAGGGACA,LGI2,2171,262,102
LGI2_CTCCATGCTGGGCTGCGCGA,LGI2,1053,833,475
LGI2_ACGTATCCACTGAAACCGAC,LGI2,786,247,177
LGI2_CTCCTTGGTACAGCTGCAAG,LGI2,2160,541,1140
LGI3_CAGCGTCTGTCCCTTGAAGC,LGI3,2296,310,351
LGI3_AATCGAACTCCCGCAGCGGC,LGI3,337,200,317
LGI3_CAAGGACTTGAGTCCTCGGA,LGI3,260,23,202
LGI3_ACAAGAACTGCAGCAGCGGG,LGI3,1964,353,472
LGI3_CGCCTTTGAGTCCACGCAGA,LGI3,1235,290,288
LGI3_AGATCGCGGGCAGCATGGCG,LGI3,1486,8,0
LGI4_AAGACGTGGGCACCGCGCGA,LGI4,536,56,104
LGI4_AGCGGCCCGTGCTCTTCCAC,LGI4,609,376,350
LGI4_GCCCACCGTGAATGCCAGCG,LGI4,1887,1032,583
LGI4_CAGATTCCTGTTCCGAGGCC,LGI4,703,180,382
LGI4_ATCGTCCTCAATCACGGAGA,LGI4,432,22,172
LGI4_CAGGGCGCTGTCTTTAGAGC,LGI4,1485,583,673
LGMN_TACTCACATCCAGATGCCGC,LGMN,803,42,60
LGMN_TGTTTCCATACTGCATGACG,LGMN,603,712,896
LGMN_CTCGACCTGGGCTGGCAAGC,LGMN,2682,1555,1192
LGMN_GATCCGGCAAAGTCCTGAAG,LGMN,569,241,174
LGMN_CCCGAAGGACTACACTGGAG,LGMN,1470,711,557
LGMN_GGAGTCCCGAAGGACTACAC,LGMN,390,37,115
LGR4_TGTAAGCATAGCGCACCAAA,LGR4,1251,190,326
LGR4_ATTCAGGCCTTCCGTAGGAA,LGR4,841,115,163
LGR4_AGTCATTCGTGGTGCAAGCA,LGR4,1111,660,591
LGR4_ACAGCTCTTTAAGGCTAGGA,LGR4,311,67,72
LGR4_CACCCTACAGGCGCTGACCC,LGR4,2557,669,631
LGR4_GGGTGGACTGCTCCGGGAAG,LGR4,785,152,320
LGR5_CGGCAGGATGTTGCTCAGGG,LGR5,4149,555,442
LGR5_CAGGGTGGACTGCTCCGACC,LGR5,1290,262,136
LGR5_CGCTCTGACATACATTCCCA,LGR5,736,122,261
LGR5_GCTCTGACATACATTCCCAA,LGR5,790,89,88
LGR5_ACTCTGGCAGCCCTGGAGCG,LGR5,1156,155,132
LGR5_GAAGTGGGACTACCACCAGA,LGR5,65,45,27
LGR6_CGGCGCAAAGCCATAGCGCC,LGR6,149,71,110
LGR6_CGGAATGCGCTTGGAGGGAG,LGR6,1295,451,471
LGR6_GCTCCTCCAAGAAGCGCAGG,LGR6,534,102,148
LGR6_GATGCTGCAGAACAATCAGC,LGR6,344,0,10
LGR6_CATTGTCGTCCAGCCAGAGG,LGR6,1136,454,600
LGR6_CAGTCTGCCCAGGGTCCGGA,LGR6,1,190,189
LGSN_AGAAGATCAATGCCTGAGAC,LGSN,792,309,199
LGSN_GCCAGCTTCTTCATTGAGAC,LGSN,656,440,437
LGSN_CTGACCAGGCCTGGTAGAGG,LGSN,1038,175,250
LGSN_CTTGCAGTTCTGTCAGCCCA,LGSN,1312,504,449
LGSN_TGCAGGGATAGTCTTAGACC,LGSN,2446,308,422
LGSN_TCTTAGACCTGGACACGCCG,LGSN,3405,585,298
LHB_AGGGTCTTTAGAGGAAGAGG,LHB,300,32,0
LHB_AGCGACAGCTGAGAGCCACA,LHB,354,135,167
LHCGR_TAATTGCTGACACCGACAAG,LHCGR,898,280,215
LHCGR_CTCTAGGCCATAGCTCGGCA,LHCGR,1203,103,382
LHCGR_CATCTGGAGAAGATGCACAA,LHCGR,365,207,166
LHCGR_ATGGGATCACTTTGACAGGG,LHCGR,484,52,138
LHCGR_TACTCACAGTCGAGTGAGAC,LHCGR,0,170,113
LHCGR_CAGTCGAGTGAGACCGGCCG,LHCGR,453,425,334
LHFP_TAGGGAAGTGTGAAATCGGC,LHFP,220,90,109
LHFP_AAAGCTTACCCAGGTCAAAC,LHFP,1139,359,407
LHFP_CTGCACCATAGTGACCGGCC,LHFP,1065,514,524
LHFP_GCAGATCCTCCATTCTGCGC,LHFP,863,18,33
LHFP_TGCCGACTCTCATCATGCAC,LHFP,753,267,350
LHFPL1_CAGCCATGTTGATCTGCACC,LHFPL1,667,379,86
LHFPL1_ATAGGCCCAGCCAAGCCGAC,LHFPL1,81,104,80
LHFPL1_GCTCCTCCATGCAGCAACCC,LHFPL1,1321,180,282
LHFPL1_GCTTGGGATGGCATTGAAGC,LHFPL1,1058,355,422
LHFPL1_CGGAATGTGCTGAATGACAC,LHFPL1,1541,349,917
LHFPL1_ACTGGTCACAGCAGTAACAA,LHFPL1,467,235,251
LHFPL2_AGCTTCGGCGAGATCGCCAG,LHFPL2,130,78,39
LHFPL2_GCAGCGGGCGTAGATGCCCA,LHFPL2,554,142,180
LHFPL2_ACTGGCTGATCGGGAAAGCG,LHFPL2,725,393,196
LHFPL2_AGCCACCACAATACTCAGCA,LHFPL2,2042,994,2014
LHFPL2_GGTCCAGAGCATCGAGCGAC,LHFPL2,817,252,361
LHFPL3_GAAGCACACCACGTTGACGA,LHFPL3,1403,178,421
LHFPL3_CTACTGGATAGGCGACGGCG,LHFPL3,1617,308,573
LHFPL3_TTCCACTACTGCATCGGCAA,LHFPL3,2160,410,845
LHFPL3_CATGGAGAGGCCGATAAAGA,LHFPL3,1593,395,286
LHFPL4_GGTCCCTGTGAGTGAGCCAC,LHFPL4,36,14,126
LHFPL4_TAAGCTCCGTGTTGCGGCCC,LHFPL4,397,0,140
LHFPL4_GGTTGCCCAGCACGAAGGCG,LHFPL4,989,266,226
LHFPL4_CTTGAAGGCGCTGGACGGGA,LHFPL4,1399,89,188
LHFPL4_TGCCCACGCAGTAGTGGAAG,LHFPL4,1438,543,736
LHFPL4_CACCATGCTGCCCTCGCAGG,LHFPL4,232,530,294
LHFPL5_GGCCGGCAGCAATTTCACCA,LHFPL5,933,328,764
LHFPL5_GAAATTGCTGCCGGCCCAGG,LHFPL5,714,6,27
LHFPL5_CGACAGCGTCAACACACCGC,LHFPL5,2916,748,360
LHFPL5_TCCTCCGAGCTCATCTGCAA,LHFPL5,1220,240,437
LHFPL5_TGGGCCACTGCACCATCCGC,LHFPL5,455,177,357
LHFPL5_CTGCCTTGTAGTCGTCAGGG,LHFPL5,451,253,149
LHPP_TCGGGCGTGCTGTACGACAG,LHPP,1136,188,277
LHPP_ATTTGACATCTCTGAGCAGG,LHPP,205,45,54
LHPP_TTTCCAGCTCCATGAGCACC,LHPP,59,154,169
LHPP_AACGTCCAGCATCAGGCCAG,LHPP,1612,96,23
LHPP_TGCCTGTGGCATCAAAGCCG,LHPP,1234,266,346
LHPP_GCGCTCTCATTCCACACCGC,LHPP,1714,114,207
LHX1_TTCTCTTGAACGTGCTGGAC,LHX1,400,276,295
LHX1_GATGTAGAGTTCCTCGCCAG,LHX1,139,244,174
LHX1_GAGCGCCAACGTGTCGGACA,LHX1,1176,292,317
LHX1_CGAGAATGACGACCAGAACC,LHX1,3289,2862,1685
LHX1_GGTCCCTTCTCCTTCTACGG,LHX1,776,132,187
LHX1_ACCGACAGCGACGAGAAGGG,LHX1,1483,454,445
LHX2_TCATCGACGAGATGGACCGC,LHX2,1114,183,158
LHX2_GCTACCGTCCTTGCTGAAAC,LHX2,1548,785,1065
LHX2_TCTTCCCTACTACAATGGCG,LHX2,1404,302,454
LHX2_GATCTGGCGGCCTACAACGC,LHX2,1001,416,236
LHX2_AAGACTTCATGGTCCGAAGC,LHX2,411,106,311
LHX2_GGGTTGCGAGTCATTAGAAA,LHX2,699,329,245
LHX3_GGCTGAAGAAGGACGCCGGC,LHX3,124,0,0
LHX3_CGAGCAGCTCTCGTCCGAGA,LHX3,799,387,536
LHX3_CTGCCGCTTGCACACGACGC,LHX3,768,342,143
LHX3_CAGCGACTGCCACACGCCAC,LHX3,453,458,232
LHX3_TGCTGCTAGCACTGCTGGCG,LHX3,691,707,865
LHX3_CCGCGATGCTGCTGGAAACG,LHX3,2390,1259,1422
LHX4_GCCAGATGCAGCTGGCGGAC,LHX4,447,248,96
LHX4_TTGCTTGCATCATCTGCAAC,LHX4,924,554,203
LHX4_ATAAGAGCGTCAAGAGGAGC,LHX4,247,60,53
LHX4_AAGAGCGTCAAGAGGAGCCG,LHX4,1081,378,349
LHX4_TCCTATCAGGACTTGAGGGA,LHX4,410,419,161
LHX4_ATCATTGCGCATGCAGGGCA,LHX4,671,169,119
LHX5_CCAAGGCGACTACTACGCGC,LHX5,1073,125,199
LHX5_ACATCTCAGACTCGTCCAAG,LHX5,1870,316,153
LHX5_GACGGCCAACAACGAGAACG,LHX5,1366,345,223
LHX5_GAGCTCATCCAGCCTCAAGG,LHX5,1125,174,148
LHX5_TGAACGTGCTGGACCGCGCG,LHX5,932,392,445
LHX5_GCTATGATGGTGCACTGCGC,LHX5,819,216,614
LHX6_CGTAGATCTGTCGGCCGCAC,LHX6,1842,293,413
LHX6_GCCAGATGAGGTTGTTGACC,LHX6,752,447,378
LHX6_CTTGCCTGCAGACGGCACGG,LHX6,894,224,465
LHX6_GCGGGTGGTCGCTTTGCAGC,LHX6,6,2,0
LHX6_CAGCGCTGAGAATCCCGACG,LHX6,1640,520,813
LHX6_GAAGCATGAGAACGCCGCCC,LHX6,428,70,52
LHX8_GGGTTATGCAGATTCTGAGC,LHX8,413,467,609
LHX8_GAGGACTCGCAAAGGCGCCG,LHX8,636,10,45
LHX8_TGTGTGCAACAGTTGCGGCC,LHX8,1145,145,163
LHX8_AAGGCAACTTTCCACAGGAG,LHX8,1136,358,259
LHX8_AAGCTGATCTGCTGTAAAGC,LHX8,1814,842,862
LHX8_TAACATGGGTGGAGACAGCC,LHX8,166,299,168
LHX9_GATGCTGGCTTCATCCGAAG,LHX9,886,162,352
LHX9_ACTGAGGCCCGTCTGGCCAA,LHX9,190,45,11
LHX9_GCTACCGTCCTTGGCAAAGC,LHX9,927,499,354
LHX9_CCGTACCGTTGAAGTAAGGC,LHX9,260,196,268
LHX9_CGCTTGGTCTTCTGCGAGGG,LHX9,1695,279,356
LHX9_GACATCCGTGACCTCTAACA,LHX9,1134,150,100
LIAS_TATCTGGTGATCTTGCAGAC,LIAS,692,135,224
LIAS_TGCAAGAAATCCTCCTCCAC,LIAS,678,54,45
LIAS_TAGGGCTCACTGGCATCCAG,LIAS,456,61,53
LIAS_TGAGCCCTACAATACTGCAA,LIAS,763,43,56
LIAS_CAGGAGTAAGACACTCCACA,LIAS,600,67,7
LIF_CTGGAAGACATCCTTACCCG,LIF,3508,338,513
LIF_GGCCGTAGGTCACGTCCACA,LIF,354,67,59
LIF_GAACCAGATCAGGAGCCAAC,LIF,625,99,36
LIF_TGGCACAGGTGGCGTTGACA,LIF,1456,265,640
LIF_GGCACAGGTGGCGTTGACAG,LIF,911,826,230
LIF_ATAATGAAGGTCTTGGCGGC,LIF,315,58,63
LIFR_GGCCTGATACTTGGAGAGAG,LIFR,383,250,403
LIFR_TTTGAATGCTCACAATCCGC,LIFR,793,109,93
LIFR_AAAGTGTAGCTTGTAGCACG,LIFR,2749,289,525
LIFR_TACCTAAAGTGGAACGACAG,LIFR,919,47,54
LIFR_AGTACCACGGCCTGTTCCAG,LIFR,376,47,117
LIFR_GGACTGCTTCAAATTTCCAG,LIFR,645,277,251
LIG1_CAAGAACAACTATCATCCCG,LIG1,3093,117,125
LIG1_TTTGACTGCTGGCTTCCGGG,LIG1,782,30,16
LIG1_CCCGAAAGAAAGCCTCACAG,LIG1,1841,417,419
LIG1_CTCGGAAGCAGCTCCCGAAA,LIG1,3556,1139,1576
LIG1_GGGATTCCGAAGCGTCGCAC,LIG1,630,54,40
LIG1_CTCCGGTGAAGAGGCCAGGG,LIG1,1063,5,45
LIG3_AATCGAGGACCTCACAGAGC,LIG3,856,138,43
LIG3_CAGGCTAAGTTGACAACCAC,LIG3,563,294,300
LIG3_ATCCAGGACTTCCTTCGGAA,LIG3,282,35,102
LIG3_TATGGCACGGGACCTAGAGC,LIG3,250,154,86
LIG3_CCACTTCCTGGATGGTAAGG,LIG3,1244,144,106
LIG3_CAACGCGCAGGAGGTGGAGA,LIG3,728,259,88
LIG4_ATCATAAAGCGAGGCTGCCA,LIG4,374,71,53
LIG4_AGCATCTCCATGAGTTCCAG,LIG4,368,34,152
LILRA2_CTCTTGTATCCGTCTAACCC,LILRA2,1547,351,193
LILRA3_CGGAGAGGAAGGGTCTGGCA,LILRA3,2199,613,425
LILRA4_AACTCACACCAACACAACCA,LILRA4,1350,349,394
LILRA5_ATCTCAGCCGTGAGCCACAC,LILRA5,283,284,239
LILRA5_CAGGGCTGTAGTAGTAACAG,LILRA5,1431,721,497
LILRB1_GAGTGTGGCCAATCGGAGGC,LILRB1,340,149,116
LILRB2_CGACCAGAGCTTGTGAAGAA,LILRB2,3817,2608,1720
LILRB4_GGTCACAAGAGGACTCGGCA,LILRB4,452,47,82
LILRB4_CTGTGACCTCAGTGCACGGG,LILRB4,981,423,333
LILRB4_ACAAGGTCCGTCTCAACAGC,LILRB4,500,217,280
LILRB4_CATCCCTGTTCTAACCCAGC,LILRB4,736,75,44
LILRB4_CGAGCCAGAGCCCAAGGACG,LILRB4,2699,326,393
LILRB4_GGCCAGAGTGGCATAGACAC,LILRB4,513,256,367
LILRB5_GCAGGACGGTAGAAATGGGC,LILRB5,370,57,72
LILRB5_AGCATCGGTAGGTTCCACCC,LILRB5,755,64,7
LILRB5_TTTGACTTTAGACACAGCGG,LILRB5,589,57,137
LILRB5_CGGTACTCCTCAGTCTCCAG,LILRB5,384,119,77
LIM2_GGCGCCGGCATTCATGCACC,LIM2,102,6,92
LIM2_CCAAGGCCAACACGACGAAA,LIM2,1599,847,833
LIM2_AGATGGCGCATAGGGCAGAC,LIM2,1591,619,604
LIM2_CAGCATACTGGAATGCCACC,LIM2,845,171,279
LIM2_TCAGGGTCCTTCGCCCACCA,LIM2,1576,605,767
LIM2_GGGCGAAGGACCCTGACAGC,LIM2,397,206,251
LIMA1_GCGTCTCTTGGCCAACCAGC,LIMA1,566,98,116
LIMA1_CTTAGTGGCTTGGGATGGAC,LIMA1,990,423,373
LIMA1_TTACGGGAGTCATCTTCGGC,LIMA1,633,49,209
LIMA1_ATAGAGGTTTCTGAGAGGCG,LIMA1,796,85,260
LIMA1_TTGCACTTCGGCTTTGGGCC,LIMA1,755,165,189
LIMA1_CCCTGAACGAGGGCTTCAGG,LIMA1,257,221,192
LIMCH1_TTCTGCGCCTCGGAGAAGGC,LIMCH1,384,98,85
LIMCH1_GCTATACTTACTCGCAGAGG,LIMCH1,141,245,210
LIMCH1_ATTGTTGGCTCAGATGCGAA,LIMCH1,448,179,245
LIMCH1_CTAAGACACTGGCGGGAACA,LIMCH1,622,302,309
LIMCH1_TCATCTCTGCCGTGGCGAGG,LIMCH1,804,165,113
LIMCH1_TCTGCACGGCGGACTTCCCA,LIMCH1,158,75,188
LIMD1_TGCTCCTGCGGTGGGTACGG,LIMD1,2123,158,324
LIMD1_GCCTGTGTGAAATGCAGCAA,LIMD1,2003,542,522
LIMD1_TGACACAGCGGAAACAGCCG,LIMD1,1723,524,765
LIMD1_GAAGGGCATCTTACCTCAGG,LIMD1,88,85,113
LIMD1_CGCAGTGGTAACACTCCACG,LIMD1,2180,649,986
LIMD1_CAAGTGGCTCTGGCTAGAAG,LIMD1,1442,572,504
LIMD2_CTCAGGCCGTCTTGGTGCCG,LIMD2,2460,612,359
LIMD2_GAGCAAAGGCAACTACGACG,LIMD2,775,159,124
LIMD2_CTCCCTCAGGACGCCAAAGG,LIMD2,2367,392,197
LIMD2_CCTCTCCCTCAGGACGCCAA,LIMD2,537,119,157
LIMD2_AGCCGGGCACTTACATGAGA,LIMD2,993,143,94
LIMD2_CCGGGCACTTACATGAGAGG,LIMD2,2559,672,502
LIME1_GCAGCACCCTAGAACCCAGA,LIME1,794,75,32
LIME1_TGCACAGCGCCCACAGCGAG,LIME1,1245,472,787
LIME1_GGGCATACTCGGCCACCACA,LIME1,663,119,61
LIME1_CCCACGTTACCTGAGCGGCC,LIME1,626,74,129
LIME1_TGGAGTACAGGACGTCCACC,LIME1,254,146,227
LIME1_CCAGGGAGCGATTCTGGCCC,LIME1,1344,161,441
LIMK1_GAATTGTCCACATCTAGGCA,LIMK1,428,87,55
LIMK1_GAGGGAAGAACGTATGGGAG,LIMK1,783,86,191
LIMK1_TCCAGGCCCTGAACGCGGAC,LIMK1,183,267,283
LIMK1_AAGACGCCGCTTCCTCCAGA,LIMK1,592,94,37
LIMK1_TCTCATAGTACTGGTGCGAC,LIMK1,868,390,246
LIMK1_TGGGACCTTTATCGGTGACG,LIMK1,714,817,678
LIMK2_CTTACCCGCCAGCGCGGACA,LIMK2,1373,255,315
LIMK2_ACAGGACTGTCAACGAAACC,LIMK2,1534,243,397
LIMK2_GGAGACCAACTCACCGAAAC,LIMK2,1206,148,387
LIMK2_GCCAGGATTCCCTCACCAAC,LIMK2,570,277,380
LIMK2_ACTATCTTACCAGTAGAGGG,LIMK2,412,71,74
LIMK2_GCCTTCAGTGGTGGCCGGCA,LIMK2,251,616,281
LIMS1_AAGCGGAGAGATGCTGGGCG,LIMS1,3697,599,368
LIMS1_AACTAGCTGAGACCTTAGGA,LIMS1,741,71,152
LIMS2_GGTTCTGCACCGGGCTCACC,LIMS2,1,0,0
LIMS2_TCTCACGGTTGTGGCAAGGC,LIMS2,1359,429,280
LIMS2_GCTTTGTGAAGAATGCCGGC,LIMS2,0,0,24
LIMS2_ACTGTCACCGGCCTTACCGC,LIMS2,915,373,404
LIMS2_GAGCGCATTGTCAACAGCAA,LIMS2,922,438,519
LIMS2_TCGCTGCCACCATGACGGGA,LIMS2,575,38,153
LIN28A_CCAATACAGAATACTCCACC,LIN28A,468,181,190
LIN28B_CTGTCAGAGCATCATGCACA,LIN28B,2055,496,858
LIN28B_CGCGAGTTCTCAGGGAAGAC,LIN28B,2538,454,1017
LIN28B_ATCACCACCGTTTCCTCAGG,LIN28B,531,32,92
LIN28B_CTAGCCTCCTGAGGAAACGG,LIN28B,1489,360,680
LIN37_AGCTGGAGATGGTCAAAGCC,LIN37,1571,427,394
LIN37_GAGCGTCTGGATGAGGAAGC,LIN37,210,95,87
LIN37_GACTGCTCCATCGCAGCCAC,LIN37,105,52,34
LIN37_TCCTCATCCTCAGGCAGCGG,LIN37,2196,182,150
LIN37_TGTTGGTTACCTCTGAGCCC,LIN37,1020,164,127
LIN37_GCTGGAAACGCATCCGCCAG,LIN37,430,49,0
LIN52_ACGTGACATGGGTTGGAAGA,LIN52,583,351,485
LIN52_AAGATGGCGTCTCCCACAGA,LIN52,1439,0,0
LIN52_GCCAAAGATCTGGTGAGGCA,LIN52,186,129,24
LIN52_ACAGAACCTAGCCTATCAGC,LIN52,695,16,3
LIN54_TCTGATCGACGTCATAGCAA,LIN54,1382,21,137
LIN54_ACATTCCCTGTTCCCGGAGC,LIN54,1117,231,5
LIN54_ATTGGAACTGACATCCGCAC,LIN54,204,285,137
LIN54_GGTTACTAACCTTGCTGAAG,LIN54,953,130,94
LIN54_CTTCGTGATTACTGGACCAG,LIN54,1551,425,244
LIN54_CGGGAGAACGATCATGGAGG,LIN54,1563,210,476
LIN7A_TGCTAAAGACAGCGTCAAGC,LIN7A,1917,660,552
LIN7A_GCTGCTATCAGTGAACGGAG,LIN7A,843,248,417
LIN7A_CAACTACTCGAGGGTGGGAG,LIN7A,1506,737,765
LIN7A_CTGTCCCGAATTCCGTGCGA,LIN7A,1837,256,81
LIN7A_AGGGATTGTAGCTTGTGCAC,LIN7A,404,140,156
LIN7A_CAATGTCGCCATGTCTGCCG,LIN7A,325,167,782
LIN7B_TGGCAGCTGTGGCGCCGACA,LIN7B,1030,108,235
LIN7B_CCGAGCCCATGCCACAGCCA,LIN7B,2665,574,502
LIN7B_GGTAGTGGAGCTACCCAAGA,LIN7B,185,131,63
LIN7B_CGCCATGGAGGCCTCAAGCG,LIN7B,1525,763,471
LIN7B_CAACCAGCTTCACCGAGCCC,LIN7B,2283,176,394
LIN7C_GAACTGCTGAAAGCCGCACA,LIN7C,1039,110,127
LIN7C_ACTCCTCTCTGTTAATGGAG,LIN7C,511,45,29
LIN7C_GAACCCGTGCGGCTGGAGAG,LIN7C,843,258,115
LIN9_CTTTATTAGGACAGTCGCCG,LIN9,1031,362,672
LIN9_ATAATTGGTGACTGGAGAGG,LIN9,673,118,36
LIN9_GAGAACTTCATAGTCAGGGA,LIN9,175,0,0
LIN9_AAGAAACCAGAGGGTTGCAA,LIN9,200,122,164
LIN9_AAACACCTGTTTGGAAAGGC,LIN9,734,172,130
LIN9_GCGGCGCGGCTCGTTCAAGA,LIN9,1528,925,1077
LINGO1_ATGAGGGTCTTGATGTCGAA,LINGO1,581,196,354
LINGO1_GCCCTGGACAAACTCGGGCG,LINGO1,481,117,329
LINGO1_GGTTGAAGTTGAGCCGCCAG,LINGO1,628,44,183
LINGO1_ATTCCTCCAGTGTGGTCAGC,LINGO1,2,192,188
LINGO1_GAAGGCATAGGGCTCCACCA,LINGO1,518,32,10
LINGO1_AGACTAGGTGGCGGACGGCC,LINGO1,626,159,295
LINGO2_GCTGCAAGATCCAGAGAAGG,LINGO2,1750,224,239
LINGO2_GAGGCTCAATGGTGCGAAGC,LINGO2,303,69,104
LINGO2_CCCATCAGCACTATTGAAGC,LINGO2,3024,747,783
LINGO2_GCGATTGATCGCCATCCCAG,LINGO2,628,170,159
LINGO2_GCAGAGCACTCACAGCGAGC,LINGO2,1518,392,482
LINGO3_CTTCCGCAAGGTGGATGGGC,LINGO3,93,82,123
LINGO3_CGCTGGAGATCCAGGACGCG,LINGO3,486,87,128
LINGO3_GCAAGACCCTCAACTTCGAC,LINGO3,1004,420,336
LINGO3_CACGCTAGAGACGCTGCGCG,LINGO3,1019,240,166
LINGO3_CGTTGTCGCCCACTTCCAGC,LINGO3,415,278,188
LINGO3_CGAGAACGCCATCGCGCACG,LINGO3,1349,1061,1077
LINGO4_AGTGCAGCTACGGGACAGAG,LINGO4,891,683,301
LINGO4_CCCGACTTTCGGATCAGGGC,LINGO4,407,72,292
LINGO4_TCTCAGCCATCCCAGCCCGA,LINGO4,716,273,295
LINGO4_AGGTGGTACAGTGCTTGGAA,LINGO4,951,221,199
LINGO4_CAGCTCTCAACCCTTGAGCC,LINGO4,1157,251,208
LINS_CTACCAGACTTTGAGAGGCC,LINS,955,534,273
LINS_TATGAGGAGCAGTCAAACGA,LINS,865,160,143
LINS_CGGATTGTGTAATTGCAGAG,LINS,1792,521,522
LINS_CAGGCACAGATCCACGACAG,LINS,2416,731,568
LINS_GGGAGCCACACCAACAGAGA,LINS,305,31,79
LINS_GGTGTTTGCCCATTCTAAGG,LINS,453,139,96
LIPA_GCCGACTGCAGTCTGGAGCG,LIPA,1504,96,137
LIPA_TGCCGACTGCAGTCTGGAGC,LIPA,1218,124,53
LIPA_GGCCATAGGGCTAGTACAGA,LIPA,366,147,154
LIPA_CAGAAGGCGACGGAAGCCAC,LIPA,1248,77,154
LIPA_AAACCTTGCCAACAGCAGCC,LIPA,724,329,522
LIPA_CCAGTTGTCTTCCTGCAACA,LIPA,1789,1467,1236
LIPC_GATTGGTTTCTCCAAAGAGC,LIPC,381,71,20
LIPC_GGCCGCGCTGAAGTCTCAGC,LIPC,357,22,71
LIPC_AATCTTGTGCGTTCCACCGA,LIPC,585,315,220
LIPC_CTATGACTTCTATCCCAACG,LIPC,1543,711,623
LIPC_TCCACACTCACCTTTGAAGG,LIPC,2052,635,557
LIPC_AAGACGATCAGAGTCAAAGC,LIPC,1140,293,225
LIPE_ACGAGCCCTACCTCAAGAGC,LIPE,2047,126,251
LIPE_GGAGATGAGCCTGACGAGGA,LIPE,487,77,81
LIPE_CTTCTGGAACATCACCGAGA,LIPE,580,98,172
LIPE_GGTCTGCAGGAATGGCCGGA,LIPE,355,43,40
LIPE_CATAGCCTTCTTCTCGAGCC,LIPE,977,515,576
LIPE_AGGGAAATAACAATGGAGCC,LIPE,277,101,117
LIPF_TGCTTGCATCAGCCACAAAC,LIPF,3207,1532,799
LIPF_AGGCAAGGCTGTTGTTCGGC,LIPF,165,691,606
LIPF_ACTTACCAATGGTGGTGCCC,LIPF,341,44,26
LIPF_CCAATTGCAGTGTGGAACGG,LIPF,3100,920,597
LIPF_TGCAGTGTGGAACGGTGGCA,LIPF,2215,573,470
LIPG_CCCTGAAACTCTGCGTCCGC,LIPG,693,345,373
LIPG_CGGAGGTTAAACCTCACAGA,LIPG,2098,682,323
LIPG_TGACCGCATCCGTGTAAAGC,LIPG,2345,1259,1089
LIPG_CGAGGCTGTAGCCGATCAAG,LIPG,852,280,351
LIPG_CCTTCAAACATGGGCCCGGC,LIPG,221,248,216
LIPG_CTCCTCGGTGTAGACCAGGA,LIPG,491,221,246
LIPH_GAAAGATCCTCCAATGACGA,LIPH,401,119,91
LIPH_TGGTTAGACTTACCCAGAAG,LIPH,620,294,371
LIPH_AATGGAGGATTGGATCAACC,LIPH,130,140,199
LIPH_CGTTACCATCAGTGTCGGAA,LIPH,1336,895,1034
LIPH_TGAGGCTGATGCTCTACACA,LIPH,828,569,790
LIPH_GGAGTCTCCTCTCTTTGAAG,LIPH,702,135,169
LIPI_GGCCCAGCAGGGTCAAGACC,LIPI,664,366,229
LIPI_ATTGTAGTAGACTGGAGCCG,LIPI,799,246,295
LIPI_AATTGTAGTAGACTGGAGCC,LIPI,836,84,148
LIPI_GGCACACAACTAGAAGCCAC,LIPI,87,106,22
LIPK_CATAACCACTATCTGCCAGA,LIPK,590,232,87
LIPK_CTTAACTACTCGCCTGGAAA,LIPK,1816,423,501
LIPK_ACATACCTTAACTACTCGCC,LIPK,290,88,25
LIPK_GGTCAAACAATGTATGAGGG,LIPK,225,206,211
LIPK_CTGTTCAGAATATGCTGCAC,LIPK,1770,145,483
LIPK_AGCAATATGGAATGGTGGAC,LIPK,741,81,95
LIPM_TGGAAACCTTGTCAAGACAG,LIPM,271,218,225
LIPM_CAGGCCTTTAGACCGCAAAC,LIPM,2222,779,824
LIPM_CTGTTTGCGGTCTAAAGGCC,LIPM,435,62,84
LIPM_CTAGTGCAACCTAAGAAGAC,LIPM,1214,579,577
LIPM_CCATGCTGCAGTAACACCAC,LIPM,1991,289,160
LIPM_AATCATCCATCTGATGCAGC,LIPM,859,138,118
LIPN_CGAACACATGCTAGGAGCAC,LIPN,1620,639,419
LIPN_TGCATATACACAACTGGCCG,LIPN,1515,299,656
LIPN_CTGCATATACACAACTGGCC,LIPN,1800,318,520
LIPN_TCTTTGTGCCAGTTCAGGCA,LIPN,846,71,171
LIPN_TATATGTCACATGCTCCCAC,LIPN,304,50,18
LIPT1_GCTCGGAGAAGAAGTGGAGG,LIPT1,111,22,27
LIPT1_TTGCTAAAGAGCCCTTACCA,LIPT1,1221,184,166
LIPT1_TGCTAAAGAGCCCTTACCAA,LIPT1,1640,292,475
LIPT2_AGATCTCCTTAAAGGCCACA,LIPT2,620,95,98
LIPT2_GCACATCGTGCCCTGTGGAC,LIPT2,423,138,62
LIPT2_GGAAGGCACATCACATCCCA,LIPT2,293,221,31
LIPT2_CTGGAGCTCGCACAGGCGCA,LIPT2,999,153,137
LIPT2_CTACGTGCATGCGCAAGCGC,LIPT2,692,414,298
LIPT2_CGCAGCCCGGCCGTATACAC,LIPT2,4416,512,571
LITAF_GATCACAACAGGGTGAACAC,LITAF,302,97,307
LITAF_ATAACGCCGGTGCTCTGACC,LITAF,79,93,22
LITAF_ACGATCATCTTGTTGCAGGA,LITAF,1049,453,403
LITAF_GGCTGGGTATAATACGAAGG,LITAF,432,723,329
LITAF_GGACCTTACCAGGCGGCCAC,LITAF,220,65,137
LIX1_CTTGCTAGTGATAGCCACAC,LIX1,1220,446,479
LIX1_GGGAACACTTTGTTTCACGA,LIX1,196,39,70
LIX1_CTACATGCTGGAGTCAAACA,LIX1,2387,938,865
LIX1_TCCTTGGTGATCCTGCGAGA,LIX1,781,137,195
LIX1_TAAGTAGAGCCGAGGCCAGG,LIX1,232,72,38
LIX1_GAGGGTCACGTAACTCACAA,LIX1,556,243,128
LIX1L_TGGTGTGGGCACCAGCGGGA,LIX1L,183,0,21
LIX1L_GGCTCTAGTGGTTTATGAGA,LIX1L,364,39,169
LIX1L_TCATCAGTGATTCTTCGGGA,LIX1L,360,406,152
LIX1L_TCCTCTACTACCAGGGCAAC,LIX1L,706,202,175
LIX1L_GGAACGACAATGCTCTCGGC,LIX1L,466,24,233
LIX1L_GGCCTCTACTGAGCGGGAGC,LIX1L,4,62,0
LLGL1_TGATGAAGTTTCGGTTCCGG,LLGL1,836,294,128
LLGL1_GAAGTTCCGGGTCGAAGGCC,LLGL1,186,131,71
LLGL1_ACCCTCAGCTATGGTGCACC,LLGL1,347,184,173
LLGL1_GCAGACTGCTGTCATCAAGC,LLGL1,1129,495,609
LLGL1_CTACCGCTGTGGGAAGGCAC,LLGL1,808,281,217
LLGL1_GGCGGTCACCATAGCTGGCA,LLGL1,702,1,201
LLGL2_CGCTTGAGCCTCTCCCGCAC,LLGL2,2331,358,303
LLGL2_CAGAACGGGTGCCGATGGCC,LLGL2,919,444,241
LLGL2_CATCCAGCAGGGTGACCAGC,LLGL2,721,56,163
LLGL2_CGTTGCCACTCTCGGTGCCC,LLGL2,970,238,17
LLGL2_CCATCTCGAACACACGCCGG,LLGL2,1796,502,464
LLGL2_CGTAAGGCACGAGGCTGCGG,LLGL2,438,274,138
LMAN1_AGACGCCTCCAGCAGAGCCA,LMAN1,124,61,88
LMAN1_ACTTTCCAGTTGACTGAACC,LMAN1,1423,416,606
LMAN1_AGCTTTGGCAAGTTGCCAGA,LMAN1,375,204,158
LMAN1_AGATCAGCTGATCCAAACAC,LMAN1,1242,415,354
LMAN1_GCGACCGAGTGACAGCAGCA,LMAN1,2246,736,879
LMAN1_AGATGGCGGGATCCAGGCAA,LMAN1,1013,349,150
LMAN1L_GGACCTGGACCACTGACCGC,LMAN1L,1662,247,568
LMAN1L_GAGTGGCGCCGTGTGGAGCA,LMAN1L,174,417,328
LMAN1L_TGCAGGCCGTGTGGTACACC,LMAN1L,642,668,493
LMAN1L_TCCGTGTGCTGGCCAGCGAC,LMAN1L,1004,114,360
LMAN1L_CCTCAGATGTCCTTGAACAG,LMAN1L,2420,871,866
LMAN1L_GACTCTGAAGCTCAAGGAGA,LMAN1L,73,12,11
LMAN2_ACCTGGAGGACAAGAACGAG,LMAN2,1986,189,279
LMAN2_AGATGTACGGGAACACGCGC,LMAN2,241,301,302
LMAN2_CCAGGAAGATGGCTAAGCCG,LMAN2,3019,693,193
LMAN2_CTGTGCCGTGGACTTTGAAG,LMAN2,1948,544,526
LMAN2_TCGTGAGCATAGTGCTGCCC,LMAN2,794,3,30
LMAN2_CAACAGTGAACATCTCAAGC,LMAN2,2140,150,255
LMAN2L_GGTGCCGAAGTAGTAGCCGC,LMAN2L,131,65,43
LMAN2L_ATCTCAGCCATGGTGAACAA,LMAN2L,872,194,272
LMAN2L_ACAAAGGATCGGATGCAGCC,LMAN2L,1019,377,695
LMAN2L_GGGTGCCTTGTGGAACCGGG,LMAN2L,248,32,12
LMAN2L_CGATGTTTGTCGGCTCGGGA,LMAN2L,1447,457,409
LMAN2L_CACTGCTGCCACGACCCAAG,LMAN2L,1454,614,583
LMBR1_GCCTGTGATGTCGAGAACAC,LMBR1,938,192,218
LMBR1_AACATACGAGAAAGGCCAAC,LMBR1,865,114,17
LMBR1_TGACAACGATGCCGCAAGCA,LMBR1,1629,708,566
LMBR1_TTCACTCTCGCAGTGTCAGC,LMBR1,616,244,169
LMBR1_GCGGCGGGCATGAAGGAGGA,LMBR1,321,212,497
LMBR1L_GGATGTAGTAGTTCCGAGGC,LMBR1L,847,104,210
LMBR1L_TTACGCAATCTTGTTGACGG,LMBR1L,1334,478,561
LMBR1L_TGCTCACTTCAGGTTCACAA,LMBR1L,1245,514,698
LMBR1L_CTCAGCAGGCTTCTTGAAGC,LMBR1L,2165,735,740
LMBR1L_GGGCGTAAGGAACAGCAGCC,LMBR1L,498,76,126
LMBRD1_CACATCTCTTTGGCACAGAA,LMBRD1,2061,637,853
LMBRD1_CGTTTATCCCTTGCTGGCAA,LMBRD1,1229,504,348
LMBRD1_TGGTCGACCTTTGCCAGCAA,LMBRD1,1871,876,629
LMBRD1_TCGTAAATACCAAAGTCGGC,LMBRD1,123,90,282
LMBRD1_GAAGATGGCGACTTCTGGCG,LMBRD1,318,237,239
LMBRD2_ATCGAGAGATATCGTCCACC,LMBRD2,503,122,125
LMBRD2_ACCGAGCAGATTCAAACAAC,LMBRD2,1636,426,580
LMBRD2_ACCGTCGAACTCAAGTACAA,LMBRD2,1483,472,498
LMBRD2_CTATCCCAATTGTCTGAAGC,LMBRD2,1233,420,640
LMBRD2_TTGCAGCAGCATGCTTGCAC,LMBRD2,1307,398,45
LMBRD2_CTTACCGTACTAACATCCAG,LMBRD2,218,172,200
LMCD1_CACCTCTTGCTGACTGCAGC,LMCD1,393,140,68
LMCD1_TTTCACCCGAGCAGTGAGGG,LMCD1,863,155,385
LMCD1_AGTTTCTGGGTGACTCCAGG,LMCD1,121,16,33
LMCD1_TTGGGCAAGCCACCCTGCCC,LMCD1,110,135,84
LMCD1_CTCATCTACTTCTGGAAGGA,LMCD1,1148,469,417
LMCD1_CGGGCGTACATCGTCACCAA,LMCD1,1675,439,467
LMF1_AAGCAGCTCATCGGTGACAG,LMF1,1407,595,416
LMF1_CCGGCACTCACAGTACACGA,LMF1,2042,481,1245
LMF1_CTCGAAGCGATGGAACCACC,LMF1,54,152,198
LMF1_GGGCCTGATCAAGATCCGGG,LMF1,533,122,51
LMF1_GCCTTGACAGCGTCCACAGA,LMF1,710,147,289
LMF1_AAGACGCATGGCTGCTCGGA,LMF1,191,27,101
LMF2_CACCAGGCTAATCAGGAACA,LMF2,2228,702,2067
LMF2_CACTGTGCACTACTTTGGCC,LMF2,2780,1260,1084
LMF2_GGACAAGTGACACGCACAGG,LMF2,2470,397,486
LMF2_TGGTGTGCGAACCAGGCGGC,LMF2,285,322,30
LMF2_GACTCCCTGCTGCTAGAGAC,LMF2,863,322,149
LMF2_GCCATGACATGCCCTCCCAC,LMF2,509,200,183
LMLN_GGGTTACTCGGGCTCAGGCC,LMLN,209,71,53
LMLN_CTAAGTAAGATAGTGCCCGC,LMLN,826,316,320
LMLN_AACAAACCAATACCTCCGGA,LMLN,144,123,15
LMLN_TTATGCAGCCTATTGTCAGC,LMLN,1411,145,46
LMLN_ACTGCAGCTAACTTGCAGAC,LMLN,282,225,466
LMLN_GGAAGCTGAGTTACCCAGAC,LMLN,1022,403,530
LMNA_GACCCTTGACTCAGTAGCCA,LMNA,1053,0,20
LMNA_GAAATCCTCTAGTGCTCACA,LMNA,326,21,45
LMNA_TCTCAGTGAGAAGCGCACGC,LMNA,1071,14,26
LMNA_GGATGAGATGCTGCGGCGGG,LMNA,581,27,78
LMNA_CGACTGGTGGAGATTGACAA,LMNA,2507,404,182
LMNA_ACTGCCTGGCATTGTCCAGC,LMNA,82,10,0
LMNB1_TGTCGATGTACACCGCCAGC,LMNB1,1243,127,57
LMNB1_CGAGCTGGGCAAGTGCAAGG,LMNB1,4018,344,252
LMNB1_TGAAACGCGCTTGGTAGAGG,LMNB1,1880,189,213
LMNB1_TCTTAGAAGGCGAAGAAGAG,LMNB1,718,115,101
LMNB1_TGCTCGGGATACTGTCACAC,LMNB1,2016,167,313
LMNB1_AGGATCAACCAATGGGAGGC,LMNB1,345,91,157
LMNB2_CTCTGACCAGAACGACAAGG,LMNB2,1084,442,471
LMNB2_GCAGGAGTACGACTTCAAGA,LMNB2,1313,98,190
LMNB2_GACGCTGATGCGTGTGGACC,LMNB2,561,266,118
LMNB2_GAGGGAGGGCGAGCTTACGG,LMNB2,731,202,331
LMNB2_CCGGAGAGTCCTGGATGAGA,LMNB2,2337,256,216
LMNB2_CGCGGTCGATGTAGTGCGCC,LMNB2,768,226,276
LMO1_TGTCAGATGGACTATGAGGA,LMO1,1225,412,385
LMO1_CGAGATGGTGATGCGGGCCC,LMO1,643,449,580
LMO1_GCCGACGCGACTACCTGAGG,LMO1,796,171,213
LMO1_CGAGATGATGGTGCTGGACA,LMO1,2000,948,687
LMO1_GACCATGGTGTTGGACCAGG,LMO1,88,0,21
LMO1_CGGGACCATGGTGTTGGACC,LMO1,1594,150,356
LMO2_GCGAACAGGACATCTACGAG,LMO2,3199,1285,1302
LMO2_GCCTCTACTACAAACTGGGC,LMO2,298,312,220
LMO2_GCGGCGCCTCTACTACAAAC,LMO2,1622,672,415
LMO2_GGCCATCGAAAGGAAGAGCC,LMO2,299,89,33
LMO2_GCTCTTCCTTTCGATGGCCG,LMO2,242,1,67
LMO2_GACTGTCCTTGAGCGCGGAG,LMO2,504,252,363
LMO3_TGCCAGACGGACTACGAGGA,LMO3,1898,603,583
LMO3_GACATGCAAAGCAGTCCAGG,LMO3,239,185,18
LMO3_CAAGGACAATGTTTACCACC,LMO3,390,463,323
LMO3_TCAGATAGTCTCTGCGACAA,LMO3,652,165,236
LMO3_TCCCAAGCGACAGTCACAGC,LMO3,983,213,377
LMO3_CGGAAGATGTTGATGGAAGG,LMO3,2060,896,690
LMO4_TTCCCGCCCTCTGCAGACCA,LMO4,181,58,126
LMO4_CTCTCCTGGAAGCGGTGCGC,LMO4,597,105,218
LMO4_TGGACAGCTATTGGCACAGC,LMO4,1412,264,502
LMO4_GAACTCGTCATGAGGGCGCA,LMO4,145,39,105
LMO4_GAAACCGATCTCCCGGGACC,LMO4,170,183,356
LMO7_AATCCTGTAGATCTCCAGGA,LMO7,364,228,227
LMO7_TTTAGGACAAGCACTGACGA,LMO7,1111,432,428
LMO7_GACATCTGGTGTCCTGAACG,LMO7,1569,416,207
LMO7_CAGAAGAAGTTGGGCAAGCC,LMO7,1225,620,731
LMO7_AGTCCAGTCATGCCAAACCC,LMO7,1305,314,349
LMO7_AAGTCTGCTGGCCTCCCGGA,LMO7,242,3,142
LMOD1_TGTGTCGCTGGTTGTGGAAG,LMOD1,2801,804,480
LMOD1_ATCGGCTCGCGTGTTGGCCA,LMOD1,347,143,668
LMOD1_CACCAAGCCCTCTGAAGGAC,LMOD1,1682,755,887
LMOD1_CTCCCGGTTGTACACACCCG,LMOD1,3850,796,523
LMOD1_CAGACGGAGAAACAGTCCAC,LMOD1,1371,58,192
LMOD1_CTGGACGTGGTGGACCCAGA,LMOD1,169,140,344
LMOD2_TCGGTAGCCAAAGGTAGACA,LMOD2,1220,267,481
LMOD2_TCTACCTTTGGCTACCGAAG,LMOD2,1027,162,221
LMOD2_GAGTCCTCTTCGGTAGCCAA,LMOD2,360,19,35
LMOD2_CCACAAGGGTGAATGGCAGC,LMOD2,787,573,369
LMOD2_GAGCATCTCTGCAATGGCCA,LMOD2,323,86,236
LMOD2_GAACACGACGCTGCTGAGGC,LMOD2,422,135,121
LMOD3_CTGGGAGTGATTTCCACCAA,LMOD3,2422,290,384
LMOD3_GGTGGCCTGTTTCTCGGCAC,LMOD3,0,11,0
LMOD3_TGAGCTTCCGGGTCCCAGAA,LMOD3,1186,398,577
LMOD3_TTCACGCAACATGTTAGCCA,LMOD3,1288,974,1257
LMOD3_GGTTACCTCGGATTTCACAA,LMOD3,334,153,114
LMOD3_TCTGAATCATTCCCACGGGA,LMOD3,1075,92,44
LMTK2_CAGCACTGCCGGCGATCAGG,LMTK2,428,117,63
LMTK2_TATTTCTGGGTCCTTACAGC,LMTK2,54,47,24
LMTK2_GGCTGGAATTGCGAGGGAGC,LMTK2,1100,330,204
LMTK2_CTCTTGGGAGAGATTTACAC,LMTK2,2023,226,450
LMTK2_CGCCATCCTCTGCAGCAGCA,LMTK2,1115,939,926
LMTK2_CTGGAGCAGTCCATCGCAGA,LMTK2,1110,371,233
LMTK3_GAAGGAGCTCCGAGCCAGCG,LMTK3,515,283,259
LMTK3_TGCTGCCGGCTAAGGCCCAG,LMTK3,79,138,128
LMTK3_GAGGAGGTCTCCTCCGCAGG,LMTK3,24,89,149
LMTK3_TCACCTGTCTGTGCTGCAAA,LMTK3,2042,931,1109
LMTK3_GCAAGGAGGATGAGGGCGCC,LMTK3,305,75,113
LMTK3_TAATGTCTGCGTAACCGCAC,LMTK3,511,103,230
LMX1A_AAGATCAGCAGAACACCCAG,LMX1A,889,142,67
LMX1A_GGAACCACACCTGGACGACA,LMX1A,650,339,323
LMX1A_CCTCTGTTGAGTTGTCAAGA,LMX1A,443,319,410
LMX1A_AACAAACTCATTGGGAGCGA,LMX1A,731,147,163
LMX1A_CTTCTTGTCCCGGTAGAAGC,LMX1A,458,124,76
LMX1A_CATGCTGGACGGCCTAAAGA,LMX1A,1977,328,434
LMX1B_CGTCCCATGGATATAGCAAC,LMX1B,2374,682,499
LMX1B_CCGATCCCGGAAGTAGCAGC,LMX1B,1249,241,343
LMX1B_CGACGAATTCGTGCTCAAGG,LMX1B,2187,713,613
LMX1B_GCAGTCAGAGCAAGGGCAGC,LMX1B,941,283,96
LMX1B_CTGCCAGTGTCTCTCGGACC,LMX1B,1697,622,1455
LMX1B_GGCGTGAGGCCCTGCTGGAA,LMX1B,615,244,343
LNP1_ATGACAATCACTCACTGGGC,LNP1,1371,63,50
LNPEP_ATGAGGTGGAATATGAGCCC,LNPEP,451,79,65
LNPEP_TTCAATGGCGGATAGAAAGC,LNPEP,958,549,230
LNPEP_TTACCAGATTGCCAAACCAC,LNPEP,1643,90,106
LNPEP_GATGAGGTCTGTCTGAAACA,LNPEP,771,96,209
LNPEP_GATGACTGGATGGCATCCAA,LNPEP,0,101,6
LNPEP_CTTCCGCACATCCTCTGAGC,LNPEP,627,368,265
LNX1_GGCGGTGTGGCATATCGACA,LNX1,476,195,329
LNX1_TGAAAGCCTCTCTATTAGGC,LNX1,478,196,110
LNX1_CCAACCATGCCGACCAGGGC,LNX1,1577,234,231
LNX1_GCCTGACCAAAGATAGGAAG,LNX1,674,109,258
LNX1_TAGTTAGCAGGACTGAGCCA,LNX1,739,186,333
LNX1_TCGAGCATCACTTTCAAACC,LNX1,2199,1026,890
LNX2_CATCTCGTGCAAGGCAGCCA,LNX2,247,237,160
LNX2_GGTAACACCATTAGAGAAGC,LNX2,258,84,15
LNX2_TTCTTGACCTGTTGGAAGGG,LNX2,765,343,176
LNX2_ATCCAGGAGGTCTATCGGGA,LNX2,418,67,48
LNX2_GATGTCAAGTGCCGCTCCAC,LNX2,247,87,0
LNX2_AAGATTTCTGTCCGTTGGAC,LNX2,403,175,173
LOH12CR1_TGCCACCGCTGTCGGCACCA,LOH12CR1,1133,157,334
LOH12CR1_AGCCAAGCATAGAGCCAAGA,LOH12CR1,1574,501,280
LOH12CR1_TGCTGACGTTCCGTGAGGCC,LOH12CR1,1798,573,404
LOH12CR1_CATCCTCCGCCGCATACAGA,LOH12CR1,1487,103,309
LOH12CR1_GCTGTTGAGCCTGTCCAGCA,LOH12CR1,906,194,235
LOH12CR1_TGCTGTTGAGCCTGTCCAGC,LOH12CR1,541,532,352
LONP1_GGCCCTCTCCCTGCTGAAGA,LONP1,581,98,131
LONP1_ACAGAGGCCCACCTGTAGAG,LONP1,2345,19,45
LONP1_AGTCCATATCAGCAGACAGC,LONP1,395,18,0
LONP1_TGGATGAAATCTACCACACG,LONP1,393,8,8
LONP1_GAAAGACGCCGACATAAGGC,LONP1,3,0,0
LONP1_TGATAAAGCGCGGGAACACC,LONP1,850,4,0
LONP2_CTGGTGCGCATGGTGGAGCC,LONP2,926,409,495
LONP2_AACATCTAGTATGCCAGAGC,LONP2,1380,185,391
LONP2_GCCTGGACATTAGGGCAGCC,LONP2,879,66,102
LONP2_AAGCCGTTGATGATGCGACC,LONP2,791,140,87
LONP2_GATCTCCATTCTGTCCAACA,LONP2,271,206,404
LONP2_TGATGACAGGTATACCAGAG,LONP2,1352,623,388
LONRF1_ATTTCGGATCAATGCCCGAG,LONRF1,300,210,207
LONRF1_AACGTGCATTTCTTACCGGA,LONRF1,406,171,129
LONRF1_CTTGGCTCAAATACATGGAG,LONRF1,1527,197,245
LONRF1_TTACAGAACGAATGTCCGCA,LONRF1,701,302,306
LONRF1_CCGGAAACCACTTCTCGGCC,LONRF1,1082,270,118
LONRF1_TCAACTACCGGCTCCGCCAC,LONRF1,676,316,185
LONRF2_TATAGCCATCTCTGTGGCGG,LONRF2,913,93,66
LONRF2_TGTTTATCTGCTGAGCACGC,LONRF2,192,173,123
LONRF2_GAGACAGTTTCCGGATGACG,LONRF2,157,75,152
LONRF2_TCACAGCCACATGAATGCCC,LONRF2,939,152,32
LONRF2_TTCATTATTGCTGCTGCGGG,LONRF2,997,464,416
LONRF2_CCATCTCGTAGTCGCCCGCG,LONRF2,950,590,488
LONRF3_GGAGAAAGTCCCGCAAGGCG,LONRF3,933,223,171
LONRF3_CTCCTCCACCTTGCCTAGGG,LONRF3,1734,291,179
LONRF3_TGGACCCAGCTAAAGTGAAG,LONRF3,1623,432,473
LONRF3_GATGCGTCGAAAGATGCAAG,LONRF3,218,90,69
LONRF3_GAAAGACCGTCTTTGCACAA,LONRF3,790,327,186
LONRF3_GCCTTGGAGATCCTGTCAAA,LONRF3,1594,506,392
LOR_GAGGTCTTCACGCAGTCCAC,LOR,20,71,97
LOR_CGGCATTGGAGGCTGCGGAG,LOR,606,274,253
LOR_AGCTCTGGCACTGGACCGCC,LOR,659,128,261
LOR_CGGCTGCATCATCAGTGGCG,LOR,300,192,135
LOR_GGAGGTGGTTCCTCTGGAGG,LOR,940,130,272
LOX_CGCTGTGACATTCGCTACAC,LOX,4369,1883,1875
LOX_CCATAGGTATCATAACAGCC,LOX,863,319,170
LOX_GACCAAGATATTCCTGGGAA,LOX,1462,46,70
LOX_CAACCTGAGATGCGCGGCGG,LOX,616,229,348
LOX_TTGGAACCAGTGACGGGCGG,LOX,1119,179,96
LOX_AGTACCAGCCTCAGCGCCGC,LOX,0,22,12
LOXHD1_GGACATCTTCCACATCGAGC,LOXHD1,777,280,63
LOXHD1_CTGGCCTTGGACGAAGACGA,LOXHD1,1809,451,398
LOXHD1_TTTGGAGAGTATGGAGACAC,LOXHD1,1413,269,239
LOXHD1_TGATTGTGACCGACATGAAG,LOXHD1,1224,287,462
LOXHD1_GCTGTGACCACTTCATACAC,LOXHD1,979,853,573
LOXHD1_GCTCCGCTTCGTACAGGGCC,LOXHD1,0,65,71
LOXL1_ACAGACTGTGCGAGTAGCGG,LOXL1,1962,361,235
LOXL1_GGAACAGGACGGACAGGCCC,LOXL1,2,41,120
LOXL1_TCTCCTCCGCAGCACAGCGC,LOXL1,2638,463,248
LOXL1_TGCCACTCCCAGGTGTGCCG,LOXL1,1047,296,404
LOXL1_ACAGGCAAGAAGGTGGCCGA,LOXL1,407,83,317
LOXL1_CGTCGGTTATGTCGATCCAC,LOXL1,1370,149,87
LOXL2_TGCACTGGATCTCGTTGAGG,LOXL2,1344,100,361
LOXL2_CACCGCCTCTCAGTCGCACC,LOXL2,442,135,61
LOXL2_CCATTCTCCATGGACTGCAC,LOXL2,868,61,64
LOXL2_GACGGCCAAGAATTCCCGCG,LOXL2,948,78,273
LOXL2_CACTGACTGCAAGCACACGG,LOXL2,1448,627,809
LOXL2_AATCTTGGCCACGTTGGCGG,LOXL2,1159,153,227
LOXL3_TTCACATAGCCAGGATGCCG,LOXL3,1790,416,210
LOXL3_CAGCGTGGTGTGTCGGGAGC,LOXL3,894,926,452
LOXL3_ATAGAACTCCAGGGAACAGA,LOXL3,120,18,112
LOXL3_TGGTCGCAAGTGTGCGACAA,LOXL3,636,230,350
LOXL3_ACATTGGAGTCCGAGAAGCC,LOXL3,887,298,281
LOXL3_CGCGTGGAGATACAGCGAGC,LOXL3,288,221,112
LOXL4_TGCAGCGCACCTCACTCAGG,LOXL4,622,97,284
LOXL4_AAGTGCTCATGAACCGCCAG,LOXL4,459,14,72
LOXL4_AGACAAAGCCACAACGCAAA,LOXL4,1777,565,210
LOXL4_GACCATGAACAACAGCAGGG,LOXL4,1437,220,267
LOXL4_AGGTAGCCACGATGGCGCCG,LOXL4,332,129,190
LOXL4_TCCTTGAAGTCACCATGGCG,LOXL4,1234,97,146
LPA_ACCTTGTTCAGAAACAGCCG,LPA,756,338,305
LPA_TCCACGGCTGTTTCTGAACA,LPA,2143,671,551
LPA_TGTCCTTGCAACTCTCACGG,LPA,886,600,820
LPA_GAGCCAGAATAACATTCGGA,LPA,400,21,43
LPA_AATAACATTCGGAGGGACGA,LPA,368,96,112
LPA_CAACAGATCCCAGTGTCAGG,LPA,412,166,232
LPAR1_TTCCGTTCTAAACCACAGAG,LPAR1,221,30,42
LPAR1_GCTGTGAACTCCAGCCAAGA,LPAR1,525,190,271
LPAR1_TGTCAATGAGGCCCTGACGA,LPAR1,1170,10,49
LPAR1_GAAAGCATCTTGCCACAGAA,LPAR1,1398,303,272
LPAR1_TCCAGAACACTGGAATGAGC,LPAR1,725,40,207
LPAR1_CGAGCCAATGAATGGAGGAG,LPAR1,1957,270,363
LPAR2_CACTATACATCCTCTGCCCA,LPAR2,1255,762,276
LPAR2_ATAGTGGACAGACTCGCGGG,LPAR2,254,293,105
LPAR2_ACGCGCAGCAGAGAAGGCGG,LPAR2,1471,144,235
LPAR2_GCGTGGTCTCTCGGTAGCGG,LPAR2,1269,536,332
LPAR2_CAAATAGGAGCGGCTGAGCA,LPAR2,1632,454,489
LPAR2_TGGTCTCGTTGTAGTAGCAC,LPAR2,1289,418,519
LPAR3_CATCTACTCCTACAAGGACG,LPAR3,837,335,295
LPAR3_CGTCGAGGAGCAGAACCACC,LPAR3,897,204,154
LPAR3_GAGCAGAACCACCAGGCCCG,LPAR3,306,23,29
LPAR3_CAACTTGCTGGTTATCGCCG,LPAR3,1641,446,378
LPAR3_CAGCAGCTAAATTAGCCAAC,LPAR3,1151,587,676
LPAR3_TAGCCAACAGGTAGTAGAAG,LPAR3,2151,205,559
LPAR4_GGCAGTAGCATTGCCCAACC,LPAR4,612,183,353
LPAR4_TTTACAACTTCAACCGCCAC,LPAR4,768,128,293
LPAR4_TTGCAGAGGGTGTCACCAAA,LPAR4,1593,801,1062
LPAR4_AATAGCTTGGGAGCGCACCA,LPAR4,864,179,211
LPAR4_TAATAGCTTGGGAGCGCACC,LPAR4,505,170,66
LPAR5_CAACTGCGTGCTGGACCCGC,LPAR5,228,202,169
LPAR5_TGACGAGGTTAGCCAGCAGG,LPAR5,833,177,340
LPAR5_GCGTAGTAGGAGAGACGAAC,LPAR5,834,374,438
LPAR5_AGAGACGAACGGGCAGCGAG,LPAR5,440,233,224
LPAR5_TAGGTCGGTAGTCAGGACAC,LPAR5,1434,64,95
LPCAT1_ACTGACACAGCGTGAGCCAC,LPCAT1,83,5,158
LPCAT1_ACATGGACGTGGCAAGGACC,LPCAT1,845,128,224
LPCAT1_AAGAGACGGGCGCAGTCCAA,LPCAT1,197,34,30
LPCAT1_TGCGCATGATGGCCTTCAGC,LPCAT1,249,293,216
LPCAT1_TACTTCCTCCACAGGGCCGG,LPCAT1,267,158,196
LPCAT1_GGCGCAGCTCGTGCACGAAG,LPCAT1,1067,161,239
LPCAT2_CGCCCGGCTCAACTATGAGC,LPCAT2,961,120,173
LPCAT2_ACCCAATAACTGGTTGGAGG,LPCAT2,323,94,130
LPCAT2_AGGTAACCCAGCTACAACAC,LPCAT2,1942,786,367
LPCAT2_TCGGGAATCCGGATCTACAC,LPCAT2,1111,432,483
LPCAT2_CCTCAGATACCCAAACAAGC,LPCAT2,1048,216,260
LPCAT2_CTTCTACCTTTGTGAAGAGC,LPCAT2,285,43,66
LPCAT3_ACATGCAGCGGAACCAGAAG,LPCAT3,579,69,35
LPCAT3_TGTAGCCCACTAGGTAGAAA,LPCAT3,1011,555,579
LPCAT3_GCTGTTGACTACTTTGACGG,LPCAT3,427,112,173
LPCAT3_GGATACTATTACACTGCCAC,LPCAT3,60,0,18
LPCAT3_CTGTAAAGGTATGGAAGAGG,LPCAT3,1312,178,149
LPCAT3_CGCCTGTTCTGACGCGCCCA,LPCAT3,1912,617,362
LPCAT4_CGGATGAGGACAGGCTGCAC,LPCAT4,1776,153,477
LPCAT4_CCTCAGGAAAGAATAGCACC,LPCAT4,388,135,136
LPCAT4_CCCGGCTTCTCGACGCAGAG,LPCAT4,2986,1036,1247
LPCAT4_CAGGACTGTGTGCCACAACG,LPCAT4,2738,906,1056
LPCAT4_AAGCTGCTCCTCACTAAGAC,LPCAT4,2100,648,955
LPCAT4_GAGATGTAACTCATGCACGA,LPCAT4,170,171,273
LPGAT1_AAACCGCTGATAGAGCCAAG,LPGAT1,1250,165,183
LPGAT1_TTGGTGAATCATCAGGCAAC,LPGAT1,596,233,215
LPGAT1_CTTACTGTCCAGCACTCGAA,LPGAT1,1622,825,356
LPHN1_CTCCATCAGCTTCACAGAGG,LPHN1,2528,173,376
LPHN1_GGGCCACCTGGTTGACCCAG,LPHN1,43,124,67
LPHN1_GAGAGGTACGGCGGGTCCAG,LPHN1,19,8,6
LPHN1_TTTCGTGGTGCGCTACAGCC,LPHN1,573,251,116
LPHN1_CATCAGCCCGAACGGGAGCC,LPHN1,1576,121,444
LPHN1_GCACCTACCTTGGGTGGCCG,LPHN1,74,80,8
LPHN2_AGCAGCTTTACCATTTGGGC,LPHN2,969,124,145
LPHN2_GACTAGAATTAAGAGTGGCG,LPHN2,1013,164,190
LPHN2_TAAAGTGGCCTCAGACACAA,LPHN2,1175,119,87
LPHN2_CTCACACTGGGTGAATCAGC,LPHN2,981,27,274
LPHN2_AGCTGGACGGAGTTATAACA,LPHN2,2155,833,561
LPHN2_CCAAAGCTTCGGGTCTCAGA,LPHN2,274,227,329
LPHN3_CGCAATGGAGCAGCAAGGGC,LPHN3,229,213,190
LPHN3_CGGATATTCTCCATCTGAGC,LPHN3,1084,632,410
LPHN3_TCTTCAACAAAGAGCGCACC,LPHN3,368,47,88
LPHN3_CCACAACTTTGAGCCCAGGA,LPHN3,1971,816,834
LPHN3_TGCCAACATTGCTAGAGAGC,LPHN3,2373,626,497
LPHN3_TCAAAGCTTGTGGCTGAAGG,LPHN3,574,378,798
LPIN1_TCCCAAAGCGGACGTGGAAA,LPIN1,959,402,485
LPIN1_CTGGGAGCGATCACTTGGGC,LPIN1,546,232,65
LPIN1_ACCCTAATTCGGATAGAGAG,LPIN1,906,144,230
LPIN1_CCCTGTTCCATCCTTCGGAA,LPIN1,2742,472,495
LPIN1_GCAAGTCCACGGAAAGGACA,LPIN1,277,181,115
LPIN1_CTGGACTACACTGGCAGAGG,LPIN1,1791,111,201
LPIN2_ACAGCTGCCAGAATCCAAGG,LPIN2,617,244,374
LPIN2_CTCGGGCCACTGCCTGGAAC,LPIN2,1619,1013,790
LPIN2_CCGCTAAGGCTGCGTTGGGA,LPIN2,986,290,453
LPIN2_AGTCTCACATGGAGTGGACG,LPIN2,1073,172,68
LPIN2_GAGCTCCGATGATGACAAGG,LPIN2,438,197,294
LPIN2_GACATCAATGCACCCAGAGA,LPIN2,586,109,127
LPIN3_TGACGTGCTGGTGGTGAAGC,LPIN3,1704,375,383
LPIN3_AAGGGATGGGTGAGGTGCAC,LPIN3,429,39,129
LPIN3_ACCTGGACTCTTACCTGGCC,LPIN3,26,144,191
LPIN3_AGTCCCACATGCAGTGGGCC,LPIN3,0,109,43
LPIN3_CGACCTTCAGCCTGACACAG,LPIN3,2018,1048,633
LPIN3_TGTCAGCCAGTCCACCACAG,LPIN3,3446,1296,2228
LPL_GGCCAGAGTCAGCACGAGCA,LPL,456,316,98
LPL_CCTCCCTTACCGTCCAGCCA,LPL,1652,491,542
LPL_CACCAGTTTGGTGTAGCCCG,LPL,2333,850,397
LPL_AGAGATGGACATTGTCCAGA,LPL,51,47,87
LPL_ATCCGCGTGATTGCAGAGAG,LPL,678,392,399
LPL_CGTTCTCAGATGCCCTACAA,LPL,1244,493,559
LPO_CGATACTGTGAGTCAGGCCA,LPO,799,342,79
LPO_CACAGCCATCCGCAATGGAC,LPO,1588,567,578
LPO_TCGCATCTCACCACGGGAGC,LPO,2095,550,510
LPO_TTTCAGGAGGAAGCCTGCGC,LPO,746,170,94
LPO_TGTTGGCTATCTGAATGAGG,LPO,1056,378,197
LPO_GCTTCTTGCTGTCATAGGGC,LPO,679,105,152
LPP_CGTGCAGGCACATGGCCGAG,LPP,1489,168,486
LPP_GCACTGGAATCATCTAGAGG,LPP,1202,215,346
LPP_GAGGCAAGACACTTGAGGAG,LPP,201,112,141
LPP_AATACCTGGAAACGGGAACC,LPP,48,9,0
LPP_GGGTGGCCATTCAGGGCAAC,LPP,1356,376,292
LPP_TCTGCAACAACAAGCTCCGA,LPP,314,109,160
LPXN_CAAGAAGCCATATTGCCGAA,LPXN,1099,323,535
LPXN_TGACAGCAATGAACCAGACC,LPXN,2304,463,432
LPXN_AAGCCACTCCGCTCAAAGAA,LPXN,805,486,679
LPXN_ACCAGACAAGCAGGATCACA,LPXN,123,141,78
LPXN_TAGTGAAGCCCAAGAGCCAA,LPXN,464,55,88
LPXN_AGATGCCTTATTGGAGGAAC,LPXN,556,134,105
LRAT_CTCTTTAGTTCGGGCGCCGC,LRAT,615,113,274
LRAT_CCTGGGCGTTATTGTCAAAG,LRAT,2630,791,627
LRAT_CAAAGTGGCCAGCATCCGCG,LRAT,1561,280,479
LRAT_TAACATCCTGGTCAATCACC,LRAT,288,65,83
LRAT_TGCTCAACGAGGAGGTGGCG,LRAT,1030,392,1021
LRAT_GCTCGCAGTTGTTCCACAGC,LRAT,533,186,423
LRBA_TTGGTCAGATGCTGGAGGAA,LRBA,981,544,342
LRBA_GGTACAAGCTCTTAAGGCAA,LRBA,1,79,22
LRBA_CACTGTTCCAACTCTCCGAA,LRBA,1474,923,1139
LRBA_GATCACACAATTGCTTGAGC,LRBA,55,22,88
LRBA_GCCAAATGGCCATACCAGAA,LRBA,720,306,305
LRBA_CCACCAACAGGTGATGACGG,LRBA,2256,960,499
LRCH1_GAGTAGCTACCGAAAGGGCC,LRCH1,63,41,23
LRCH1_CAGCATCTGCAGATTAACGA,LRCH1,866,505,451
LRCH1_GCTCAAACAGTTAATGGAGC,LRCH1,142,83,64
LRCH1_GCCACATTTACACCAGCACG,LRCH1,1041,128,188
LRCH1_TGGCATCTATCTCAGCAAGA,LRCH1,1029,292,331
LRCH1_AGAGCTGTTACGGATAGAAG,LRCH1,962,219,166
LRCH2_GATGTAGCAGTTCCTGAACA,LRCH2,623,341,418
LRCH2_TAATCTGTACCTAGACCAGG,LRCH2,289,36,90
LRCH2_TGTGCTGGTGGTACTTGCAA,LRCH2,784,326,329
LRCH2_ATTGCAAGTACCACCAGCAC,LRCH2,903,305,292
LRCH2_TCAGCACACCGTGAGGAGCC,LRCH2,726,113,135
LRCH2_AACATGGCGGCGAGTCAGGG,LRCH2,784,50,83
LRCH3_TGCCACAGCGACCAAGCCCG,LRCH3,3147,483,519
LRCH3_CTGAAAGGCGATTTCGCGAC,LRCH3,562,263,371
LRCH3_TCCAGGTTACCAATTTGGGA,LRCH3,470,77,126
LRCH3_CTGAGGTTCCGATAACAAAC,LRCH3,1289,1074,1070
LRCH3_TGGACAGTGGTGATAAGAGA,LRCH3,1609,180,273
LRCH3_TTGGTAGTAACAAACGGCGG,LRCH3,387,5,11
LRCH4_ACATCGGTACGATGGTGGGC,LRCH4,2,0,8
LRCH4_GCACACAGGTCTGCCTGAAG,LRCH4,1367,169,102
LRCH4_AGAAATCCAGGCGGACCAGA,LRCH4,505,87,86
LRCH4_CCGGACATTGAGGTCCCGCA,LRCH4,650,140,137
LRCH4_AAGCTGTCGCAGGCTTCCCA,LRCH4,260,44,68
LRCH4_TGCAGAGCGGGCCCTAGAGG,LRCH4,1150,210,125
LRFN1_GCTATAAGGTGTATGGCGAC,LRFN1,384,81,165
LRFN1_TGAGCAGAACGATGAAGACG,LRFN1,1528,467,706
LRFN1_GCACGCACAAGTCGTAGGCA,LRFN1,1677,226,224
LRFN1_GCTGATCACACGGCAGGCGG,LRFN1,554,125,89
LRFN1_CGCTGATCACACGGCAGGCG,LRFN1,363,500,586
LRFN1_GGATCTGTCCTACAACAACC,LRFN1,658,151,336
LRFN2_CGGCTACAGTCCTCCTCGGA,LRFN2,1409,486,411
LRFN2_CGAGGAGGACTGTAGCCGCC,LRFN2,377,126,243
LRFN2_AACAACCTGGTGTCAGGGAC,LRFN2,718,476,373
LRFN2_TGCTGACAGACCACTTGACC,LRFN2,1261,621,709
LRFN2_GGGCTACCCAGTGGATAAGG,LRFN2,677,308,324
LRFN2_CATGGAGGTTGTTGTAGGAG,LRFN2,1811,634,816
LRFN3_GCACAGGAGCAACGGGAGGA,LRFN3,501,453,255
LRFN3_GCGGAACACCATCCGCCACG,LRFN3,1016,376,312
LRFN3_AAGTAGCGGCCGCCCAGAGC,LRFN3,269,130,141
LRFN3_TCCAGCTGGACTGCGAGCCC,LRFN3,867,319,209
LRFN3_GGTCCCACAGGTTCGTGGCC,LRFN3,414,20,71
LRFN3_GAACCTGTGGGACCCTAGCC,LRFN3,812,162,331
LRFN4_GAGCTGACCGAGCTGGGCGA,LRFN4,166,111,110
LRFN4_CCGCTAAAGCTCAGCACCAG,LRFN4,905,311,127
LRFN4_CCCGCTAAAGCTCAGCACCA,LRFN4,1834,789,901
LRFN4_GGACGTGGCTGAGCTTGAGG,LRFN4,241,19,140
LRFN4_CATTGGTCTGGGACTGGACG,LRFN4,1388,674,222
LRFN4_CCTGGCATAACCGTAGCACC,LRFN4,659,885,243
LRFN5_GCAACCCTTTGTGCCAAGAA,LRFN5,1350,559,475
LRFN5_TGTCTTCGCCCTTGAGGAGC,LRFN5,1110,248,362
LRFN5_CATCTTGTGCAAATGGGAGA,LRFN5,284,75,215
LRFN5_CAGCTTGTTTGGACACGGAC,LRFN5,1399,316,722
LRFN5_GAAGTGCTTGAAGTCCAGGA,LRFN5,383,84,160
LRFN5_CCAGATTGTCCAGGAAACAC,LRFN5,2463,571,482
LRG1_AGATCTCCTCTTGCCGCAGC,LRG1,1133,229,166
LRG1_GCCGCAGGAATTCGGGCGAG,LRG1,455,367,348
LRG1_GAATTGCACCTCTCCAGCAA,LRG1,996,418,228
LRGUK_GGCTTGGGCAGATCCCGAAC,LRGUK,1524,238,248
LRGUK_CCAGGTTGATCACTTCCAGG,LRGUK,747,398,279
LRGUK_TGTTGACAACATGGGTCAGG,LRGUK,236,201,72
LRGUK_AGGACCAGCTAGTATCAGCA,LRGUK,1348,281,339
LRGUK_AGACCACCTTACTTTGGAGA,LRGUK,670,607,217
LRGUK_CCTTGTTCATGGGCACCACC,LRGUK,687,236,328
LRIF1_ATGGTTTCTTCTAACTCCGG,LRIF1,178,42,72
LRIF1_ACTGCTTAGGAGTTGGGAAC,LRIF1,1705,279,391
LRIF1_GGAATCGAAACCTTCTCCAG,LRIF1,168,22,15
LRIF1_GAAGGAGGCAATGATGACGC,LRIF1,369,173,19
LRIF1_AGAGTTACTTCTGTGGGAAC,LRIF1,1467,441,392
LRIF1_TGATGCACTTGTGGAAGAGC,LRIF1,207,213,438
LRIG1_CGATGGAATTGTTGCTGAGG,LRIG1,802,101,377
LRIG1_TTAGGGACCTCAATCGGAAC,LRIG1,1088,169,299
LRIG1_TCTGAATCATTCCAGCAACC,LRIG1,1879,329,616
LRIG1_ACAAGATTCGCAGCGTGGAG,LRIG1,800,232,139
LRIG1_CATGTGATGAAGCAGCGCCC,LRIG1,1227,146,161
LRIG1_GCGCTCCAGACAAGATGGCG,LRIG1,814,280,446
LRIG2_CACAGGATAGCGGTGTCGGG,LRIG2,956,282,274
LRIG2_GGTCTAAACTCTCCAGAGCA,LRIG2,627,102,137
LRIG2_AGAATAACCACCTTGGAGGC,LRIG2,1152,142,307
LRIG2_CTATAACCAGCTGACCCGCC,LRIG2,1085,173,306
LRIG2_CACACCCTGAATGGCTAGCA,LRIG2,2122,725,1109
LRIG2_TTTGCGCCACACAGTGGACA,LRIG2,695,384,272
LRIG3_TTAGCTGGCAATCGCACAAA,LRIG3,1928,671,979
LRIG3_TTGCTGATTGTGCCTTCCGG,LRIG3,890,66,174
LRIG3_CGAGTCACATCAATGGAACC,LRIG3,1220,1108,839
LRIG3_AGATATTTGAGCTGTAGGGC,LRIG3,1018,168,199
LRIG3_CTTCTCGAAGGCTTTGAAGG,LRIG3,1971,865,985
LRIG3_TACTTACAGCCGAGCGACCC,LRIG3,679,132,107
LRIT1_TCTCCAGTGACGGCACGAGC,LRIT1,1355,75,168
LRIT1_GGCACTTCCTCAGTTCAAGC,LRIT1,229,62,70
LRIT1_AGTCGGCAGTCACATGCCCA,LRIT1,523,73,82
LRIT1_CATACGCAGGGTTCCTGGCG,LRIT1,966,147,73
LRIT1_GCAGTCTGGAGGTGTCCGGG,LRIT1,1054,62,93
LRIT1_TATCATGGGTGATGGCAGCA,LRIT1,973,501,452
LRIT2_CTGTCTACCAGGTGGGCAGC,LRIT2,555,173,98
LRIT2_AGACACTGCTCTGTCAGAGC,LRIT2,216,313,949
LRIT2_AGCTGCCCTGCCTTGGACAG,LRIT2,1063,200,527
LRIT2_GGCGACAGTCACATACCCAG,LRIT2,1676,124,51
LRIT2_CCAAGAGTGTCTTCCTGAAC,LRIT2,1570,989,637
LRIT2_GATCCAAGACCCTCAGGAGA,LRIT2,899,0,143
LRIT3_ATGTCCAGCAGAGATGCCCA,LRIT3,36,101,120
LRIT3_GAGCGCCTCATTTGGCACAC,LRIT3,1397,295,254
LRIT3_GATCCAGAAGCACTATAGCA,LRIT3,435,251,351
LRIT3_CTACTGCGGTGTGATGCCAC,LRIT3,158,115,111
LRIT3_TAGATCTTCCAGATCCCGGC,LRIT3,14,0,24
LRIT3_CTCACCTACACTTTGAGACC,LRIT3,1257,684,1154
LRMP_AAGCAAACCTGGACTGCAGC,LRMP,206,79,54
LRMP_CTCGCTCTGTAAGAAAGAGG,LRMP,450,177,125
LRMP_TGGCCACTCGTGCTGCACAC,LRMP,1400,523,486
LRMP_TTTCTCTTGCTAGGAAAGCC,LRMP,341,187,57
LRMP_TTCTTCTTCAGCATCTGCCC,LRMP,87,13,70
LRMP_AGGATGTCCTGCTGTCACAC,LRMP,1021,272,400
LRP1_CGCGACCAGAGCTGAGAGCA,LRP1,2802,646,290
LRP1_TAACCTGTATCTCAAAGGGC,LRP1,345,0,28
LRP1_CCCATGTCCCGCCTCTGCAA,LRP1,589,171,224
LRP1_CCAAGGCAACTGCTCTCGCC,LRP1,579,388,173
LRP1_TTGGCTATCAACAGCACAGG,LRP1,907,358,153
LRP1_GAGAACGAGGTGACACAACA,LRP1,1452,558,375
LRP10_CGTTTCGGTTCTTACCAAGG,LRP10,1173,456,294
LRP10_CAGTCTGTTCCTTGCTGCCC,LRP10,279,93,110
LRP10_GGTTAAGCGCTCTGAGCCAC,LRP10,261,94,192
LRP10_TGTGGTAGGACACAACAGCC,LRP10,1248,392,172
LRP10_GGCTGAGATTGTGCAGCAGC,LRP10,490,42,97
LRP10_AGATCTGTAGCAGAGAACGC,LRP10,550,400,574
LRP11_CCGCAAGATGGTAACCCACA,LRP11,1791,503,340
LRP11_GACATCACGCTCGCCTGCGA,LRP11,167,176,69
LRP11_TTTGCTGCATCTGTTCCAAG,LRP11,1462,494,427
LRP11_GAAGCTGTCCCACCTACAGG,LRP11,617,316,287
LRP11_ACTCATACTGGACGATGGCG,LRP11,783,27,85
LRP11_TGACGCCATCATCCGCACCA,LRP11,3570,862,1171
LRP12_TCCTCAACTCAGAGTACCCG,LRP12,2734,492,660
LRP12_ATCAATTGTCCATACGAGGG,LRP12,762,171,160
LRP12_TAGTTGCAGCGATCAGAACG,LRP12,1368,313,171
LRP12_TGTGAAGAGATATACGGAGG,LRP12,1123,239,166
LRP12_GAGCAAATACGAGCACCAAG,LRP12,351,155,156
LRP12_TCTGGAGTCTCTCCACAAGC,LRP12,2047,284,373
LRP1B_CGGACTTGTCGCTGCAGGAC,LRP1B,2571,502,665
LRP1B_TGGATGGGATGAACCGAACA,LRP1B,1791,475,377
LRP1B_CAAAGATCCGGTCACCGACA,LRP1B,1419,247,45
LRP1B_GGCAAGCAATGTGATTCAAG,LRP1B,41,112,105
LRP1B_TCGTGGCAAAGAAATTCACC,LRP1B,248,82,88
LRP1B_GGGATTATTGCCGATTGCCA,LRP1B,1233,74,143
LRP2_GCCTCCATTATCTTCTCCAA,LRP2,310,85,142
LRP2_ACCTGTGCCACTGTGAAGAA,LRP2,2049,839,744
LRP2_CATACGGCGTCTCATGGCAC,LRP2,1401,123,40
LRP2_TGGTCACAGACATAAGCACG,LRP2,443,176,164
LRP2_CAAAGACTGTTCAGATGACG,LRP2,1540,638,690
LRP2_TGGGCTCTTACCTTGGCCAC,LRP2,180,18,19
LRP2BP_TGGCATCCTTCTACCACGCA,LRP2BP,1423,649,691
LRP2BP_CATCGGCAGAGGCATGGCAA,LRP2BP,1065,297,395
LRP2BP_GGAGTTCATCGGCAGAGGCA,LRP2BP,406,57,111
LRP2BP_TTACTCAACCAAGGAGCCCA,LRP2BP,690,67,173
LRP2BP_CGGGCTGTATTACTCAACCA,LRP2BP,3697,478,601
LRP2BP_AGTGATGTACTATGATGGGC,LRP2BP,257,108,93
LRP3_CCACTCACCCAGACAGACGA,LRP3,1501,733,1113
LRP3_GGGTCATCTACAGCCCGGCC,LRP3,103,0,20
LRP3_CACCTCGGATGTAAGACAGA,LRP3,506,244,346
LRP3_CAGGACGGCAGCGATGAGCA,LRP3,2463,274,529
LRP3_CTATGGTCAGCTCATCGCCC,LRP3,337,40,129
LRP4_CTCGACATCTACCACTGCGA,LRP4,1320,174,82
LRP4_GGTGACACCGACTGCAAAGA,LRP4,1100,302,121
LRP4_GACGAGTTTCCCTGCCAGAA,LRP4,1169,471,567
LRP4_CCGCTCCTGGGTGTGTGACG,LRP4,1885,1030,461
LRP4_CATCACACTGCCACTGGGCA,LRP4,371,175,83
LRP4_CTTACCGTGTGCGCAGAGCA,LRP4,844,528,334
LRP5_CCTCAATGGCACATCCCGGA,LRP5,813,210,288
LRP5_CCGGATTGAGCGGGCAGGGA,LRP5,1255,454,619
LRP5_CAGTGCGCTTGTTGCAGGCA,LRP5,2305,858,662
LRP5_GGGCAGGCGCATGTGTAGAA,LRP5,946,451,222
LRP5_AAACCTCTACTGGACCGACA,LRP5,557,377,336
LRP5_TCAATGTTGATGGGACGAAG,LRP5,1415,343,233
LRP5L_GAACCAACCCTCATGCGGAC,LRP5L,1455,249,530
LRP5L_TCAGTGTCGATGAGACGAAG,LRP5L,1071,365,245
LRP5L_TCAAGCGTGCCAACCTGGAC,LRP5L,535,245,143
LRP5L_TGAAATCAAGCGTGCCAACC,LRP5L,2271,398,543
LRP5L_CATCTCGGGATGCAGTGCAA,LRP5L,465,162,176
LRP5L_CCGATGACATCGCAGTCAAC,LRP5L,1917,533,124
LRP6_CAATGGCCCGGACATTCCGA,LRP6,1888,135,145
LRP6_GCATTAAGAGAGTAGTGGGC,LRP6,683,1,17
LRP6_CTCGCGTTGGACCCTGCCGA,LRP6,195,0,71
LRP6_CAATAGGGCAAGCACAGCGA,LRP6,769,163,290
LRP6_TAGAGCTTCTTACCCAACCA,LRP6,1194,270,442
LRP6_TACATGCCTTCAGCCAACAG,LRP6,923,345,362
LRP8_AGTAGGTCCATCTCGTAGCC,LRP8,773,133,28
LRP8_TGCAGACACTCGTTCAGCCC,LRP8,1184,367,171
LRP8_TGCAGAGGGACTGCCGGGAC,LRP8,1309,403,552
LRP8_GCCGTCGCACACGAACACGG,LRP8,1153,226,691
LRP8_ACGGTGGAAGTGTGACGGCG,LRP8,893,344,216
LRP8_CGTCGCATCTCCACACAGAG,LRP8,3174,1157,1159
LRPAP1_CTGCAGAGTTCGAGGAGCCC,LRPAP1,1243,94,159
LRPAP1_CTGCGCAGGGTCAGCCACCA,LRPAP1,1473,604,543
LRPAP1_GAAATTCTCCGGCGAAGAAC,LRPAP1,251,110,107
LRPAP1_TGGCACCCAGGAAGACGGGC,LRPAP1,1573,19,13
LRPAP1_AAACTGACCTCGGAGGAGGC,LRPAP1,518,79,56
LRPAP1_AGAGGAAGATGGCGCCGCGG,LRPAP1,814,0,27
LRPPRC_TCTTATAGACTGCAGCGAGA,LRPPRC,377,75,131
LRPPRC_ATTGCTAGTTGGACGTCGGA,LRPPRC,298,15,132
LRPPRC_TCTATAGACTCTGGAGAAGG,LRPPRC,1018,151,257
LRPPRC_GCGAGGTATGTGTCTGGACC,LRPPRC,1714,323,172
LRPPRC_TAAGGATCTCCCAGTTACAG,LRPPRC,1426,214,200
LRPPRC_CCAACGCGCGGATCTCAGCA,LRPPRC,231,58,91
LRR1_CTGCTGACAGAGGCTCAACA,LRR1,1333,12,66
LRR1_ATGAGCAGGAAGGCTCGGAC,LRR1,472,133,63
LRR1_CCACCCTGAAGGACAAGCGC,LRR1,2738,23,0
LRR1_AGGCTCCTTTAACCGAACAG,LRR1,567,68,15
LRR1_ACTGGTGTGAGCGTTGAAAC,LRR1,1462,271,95
LRRC1_GACGGTTGCACCGCCACAGG,LRRC1,629,150,68
LRRC1_CATGACGGTTGCACCGCCAC,LRRC1,57,237,249
LRRC1_CTACCGCTATGCCCGGAGCC,LRRC1,648,183,264
LRRC1_CCTTGACAAGTAGGTTCAGA,LRRC1,177,57,144
LRRC1_GCGAGCCACTCCACACCCAG,LRRC1,1030,198,258
LRRC1_CATGAATGCTGCTAAAGGAC,LRRC1,1363,388,431
LRRC10_TCAGACTTGACAGGTGCGCC,LRRC10,309,378,337
LRRC10_ACTTGACAGGTGCGCCAGGC,LRRC10,802,183,400
LRRC10_CCGGTTGCCCGAGAGCCAGA,LRRC10,501,369,365
LRRC10_CAATAGCCTGCCTCCGGAGC,LRRC10,12,73,75
LRRC10_GGACCTCCGTGAGATGCCGC,LRRC10,185,56,28
LRRC10_AGTTCTGGCAACGGTCAGCA,LRRC10,49,234,107
LRRC10B_GAAGCTGTATGTGAGCGGCA,LRRC10B,477,155,407
LRRC10B_TGCAACTGCGCGAAGTCGGC,LRRC10B,1049,441,194
LRRC10B_CCTCGATCCAGAGGCAGCGC,LRRC10B,611,144,244
LRRC10B_ACTTCTTGCGGCGCTTCCCG,LRRC10B,2836,230,189
LRRC10B_CACCGTGTTCCTCGTGGGCG,LRRC10B,982,534,650
LRRC10B_GCCCTCGCCCACGAGGAACA,LRRC10B,1117,423,433
LRRC14_TGAAGGCCACCTTGAACAGC,LRRC14,570,277,100
LRRC14_TGCGCGAGTTGGTACACACG,LRRC14,1511,520,378
LRRC14_AGGTCCACGCGCACCTCCAC,LRRC14,586,115,153
LRRC14_CGTGTGGGATGATCACAGAC,LRRC14,1878,286,443
LRRC14_GCCAACTCCAGGCTCTCCAG,LRRC14,150,22,96
LRRC14_ACTGGCGCACTGAGTCAGGA,LRRC14,237,85,1
LRRC14B_AGGTCGGCGAGGACCTCGAC,LRRC14B,153,97,45
LRRC14B_CAGTGACGAAGAGGTCGGCG,LRRC14B,823,114,96
LRRC14B_CGCCCGGGAGCTCAGCAAGA,LRRC14B,1672,715,580
LRRC14B_CCAGGATCAGCATGCCAACG,LRRC14B,3467,1642,1956
LRRC14B_GGTTCCCGAGGAACTTGAGC,LRRC14B,255,32,19
LRRC14B_CGCCTACCCACAGGACGAGC,LRRC14B,1004,309,347
LRRC15_AGATCAGTGTAGTCTTCCAC,LRRC15,1475,233,236
LRRC15_TGTCCGTCCCTAACCTAGGC,LRRC15,2154,356,431
LRRC15_CCAGCTGCAGAACAACCAGC,LRRC15,1012,643,747
LRRC15_TGGTTGTTGTGGAAGAGACC,LRRC15,948,131,206
LRRC15_GGTGCAGGGTTGGCCTACCA,LRRC15,131,215,111
LRRC16A_GGAGAGCTCTGACGTTCCCA,LRRC16A,132,40,27
LRRC16A_GATTCGCGCTGTTACAAGGA,LRRC16A,1177,144,420
LRRC16A_AGGAAATATCTTCCTCAGGC,LRRC16A,1124,125,59
LRRC16A_CATGGAGCCATCTGAGCGCC,LRRC16A,509,182,182
LRRC16A_GGTGAGTAGGTCCAATCGAC,LRRC16A,523,142,180
LRRC16A_GGGATTATGTGCTAGAGCAC,LRRC16A,130,73,59
LRRC16B_CACATGATGTTGTTGGAGCA,LRRC16B,1483,487,188
LRRC16B_CCTTGGCCGGGACTTTAAGG,LRRC16B,882,414,364
LRRC16B_AGCTCACATGTCGTGTCACC,LRRC16B,1572,786,662
LRRC16B_TCCACGCCGGATCAAACACC,LRRC16B,458,312,409
LRRC16B_TGGGCTACACTGCCGTGAGG,LRRC16B,421,249,259
LRRC16B_ACTCCCGGTTATCTTCAGCA,LRRC16B,1460,431,342
LRRC17_CCGGTCAAACGCTACGCACC,LRRC17,1455,139,277
LRRC17_CTGGTGCGTAGCGTTTGACC,LRRC17,1218,48,280
LRRC17_CCAGATCAAAGTCTTGACGG,LRRC17,5094,920,1075
LRRC17_AATCAACCAACTTCGACCCA,LRRC17,993,234,312
LRRC17_CGCCTGAAGAATACAAAGGA,LRRC17,1832,374,387
LRRC18_CGACTCACCTGGCTTTGGAA,LRRC18,1016,418,288
LRRC18_ACTCACCTGGCTTTGGAAAG,LRRC18,1110,567,832
LRRC18_TTGAGTTGCTTCAGCTCCAC,LRRC18,497,49,168
LRRC18_GCAGCCCGTTGCTGGTCAGC,LRRC18,388,249,237
LRRC18_CAGGCTGGTCATCTGGCCAA,LRRC18,553,187,161
LRRC18_CCTTAGTGACATGGACGAGC,LRRC18,1128,283,454
LRRC2_CAGTTGGGAGCTCCACCAAA,LRRC2,1317,373,501
LRRC2_ACCTGTCTATATCTTGCGGC,LRRC2,203,216,77
LRRC2_ACTGCAAATTCGACATCCGC,LRRC2,828,321,321
LRRC2_CTTGTCCAGAAGCCGCACGC,LRRC2,635,321,516
LRRC2_CAGGCTGTATACTGCAAGAA,LRRC2,1516,522,1055
LRRC20_ATGTCAAACTTGATGAGCGG,LRRC20,347,129,144
LRRC20_GATGGTCTCCAGCGCCGGCA,LRRC20,423,182,198
LRRC20_CAGGACCTTGTAGATGCCAA,LRRC20,801,129,88
LRRC20_AGACCTGGCCGAGTGCAAGC,LRRC20,511,154,184
LRRC20_AAGGAAGGTCAACGAGACGG,LRRC20,354,50,20
LRRC20_CTTCCTTGCTACTCTGGCCA,LRRC20,749,249,90
LRRC23_CATCATGTCCTCCGTGAGGG,LRRC23,1024,114,229
LRRC23_GGCTCATGCTTATGTCAAGC,LRRC23,1303,192,295
LRRC23_GAAACCCTGAATCTCAAAGG,LRRC23,259,84,50
LRRC23_AGCTGAGCCTACTAGAAAGC,LRRC23,1114,445,471
LRRC23_GGACAAGGAATTCTATGAGG,LRRC23,134,146,69
LRRC23_CAGACCTGATCAGACTCCCA,LRRC23,1645,51,52
LRRC24_ATCTCGTAGGCGACCGGCGG,LRRC24,2378,71,9
LRRC24_TGAGCTCCAGCGGCTGCACG,LRRC24,184,149,217
LRRC24_GAGGCGCAGGACTTGCAGAC,LRRC24,1377,199,210
LRRC24_TAGCACTGCTGGACCTCAGC,LRRC24,720,42,64
LRRC24_CTACCTGGCGGGCAACCAGC,LRRC24,904,434,389
LRRC24_TCCCGCTGGGAATCCCGCCA,LRRC24,1931,96,812
LRRC25_ACATCTTAGGCTCAGTGCCC,LRRC25,746,83,150
LRRC25_CAACTACAAGGACATCGACC,LRRC25,965,12,42
LRRC25_CCGTGGCTGCAAGCCTAAAC,LRRC25,1456,633,725
LRRC25_CAGAGTCTCCAGGCCAGCAC,LRRC25,1663,542,792
LRRC25_TGTCCTCCGCGGATGTGGAC,LRRC25,685,179,332
LRRC25_GCGGAGGACACGGTGCACGA,LRRC25,1539,1190,1216
LRRC26_CGAGCGTGTAAACCACGGCC,LRRC26,631,79,142
LRRC26_CTGCGCGCAATGGCTAAAGG,LRRC26,668,321,178
LRRC26_GCTAAAGGCGGCGTCGGAAA,LRRC26,767,212,362
LRRC26_CGCCAACCAGCTGGAAGCAC,LRRC26,1941,631,414
LRRC26_GGACCTGAGCGCCAACCAGC,LRRC26,422,88,299
LRRC26_AGTGCAGCCCGTTCTCGCGC,LRRC26,1014,225,329
LRRC27_CCTTGTGAACATCTTTGGAG,LRRC27,426,157,117
LRRC27_TGGTGAGCTCCAATCCCAGA,LRRC27,246,64,126
LRRC27_TTATACTTACCCAGCTCCAC,LRRC27,806,58,70
LRRC27_CCCACATCCGCAGGAAGCGC,LRRC27,357,376,471
LRRC27_AGGGTCATCTCTCTAACCGG,LRRC27,800,332,161
LRRC27_ACTGGAAGAGAGCCGAGCGG,LRRC27,1323,45,0
LRRC28_AACATAGTTGTGGTTCCGGA,LRRC28,410,91,28
LRRC28_CATGGAGAGCTCATTGAGGC,LRRC28,869,133,381
LRRC28_GGTTCGCTGCCCTGATGAAA,LRRC28,365,257,327
LRRC28_TGCAGGAATTGGCTATGAGA,LRRC28,966,343,538
LRRC28_TCCCTTGAGAGAGACGCCAA,LRRC28,213,128,55
LRRC28_CACTTAGGCATGATTACCAC,LRRC28,761,433,328
LRRC29_CGGCGGCCATGTTGATGCCA,LRRC29,1667,188,245
LRRC29_CTGCAGCCGACTCAGTGACA,LRRC29,2721,319,348
LRRC29_GACTGATGCCAGTTTAGCCA,LRRC29,1263,213,73
LRRC29_GGACGCCTGTCCAGAGCCAC,LRRC29,442,107,25
LRRC29_AGCCTCGACATGGCCGAGGG,LRRC29,293,107,183
LRRC29_GCAGAGCCTCGACATGGCCG,LRRC29,33,85,69
LRRC3_ACTCCCGGGTGGAGACCAGC,LRRC3,198,67,158
LRRC3_TCAGGAGCACGGTGTTGGCC,LRRC3,749,143,97
LRRC3_TCTGGATGCGGTTGTAAGAC,LRRC3,172,431,336
LRRC3_TCTTGGCGCTGAGTTTGCCC,LRRC3,537,90,95
LRRC3_CTATGTGCGCCACAACCAGG,LRRC3,861,320,473
LRRC30_CTGTCATTCCTCTCGTGACC,LRRC30,1306,182,360
LRRC30_GGCAGTTCATGTTGACAAAC,LRRC30,512,249,474
LRRC30_GCTGAGCTTGTGCCGAAAGC,LRRC30,534,270,348
LRRC30_TTAGCTTCCTCAGTCTAGAG,LRRC30,1601,424,354
LRRC30_GCACGTGGGCTCGAATCGCC,LRRC30,586,197,252
LRRC30_ACAACATCCACTCCTTCCCG,LRRC30,1495,271,142
LRRC31_CCTCAAAGAGCTAATCGAGC,LRRC31,1127,175,388
LRRC31_GAACAAGTAGATACACACCC,LRRC31,15,53,190
LRRC31_TGAATACTTCCAGAGCAGAG,LRRC31,962,388,448
LRRC31_TTTAGCATGACCAACTGAGC,LRRC31,797,443,154
LRRC31_TGCTCCCTCACGTCAGAAGA,LRRC31,1366,903,699
LRRC31_TCTCCCAGACTTGGAAGAAC,LRRC31,946,222,141
LRRC32_GCTGAGGTTCAGGAAGCACA,LRRC32,21,45,164
LRRC32_GGCATCCACGCACCTTCCGA,LRRC32,148,86,47
LRRC32_AGGTCCAGGGAGGTCACGCG,LRRC32,1797,732,595
LRRC32_AGACAAAGTGCCCTGTAAGA,LRRC32,1145,411,297
LRRC33_GATTCCACAGGGTCTTGAGA,LRRC33,228,63,108
LRRC33_CTGGAGGGAGTGATTCCACA,LRRC33,776,780,239
LRRC33_TGAGGTGCCTCAGCTCAGCC,LRRC33,593,357,239
LRRC33_CTGGAGTGGTTCCTCGCGAC,LRRC33,2648,2999,883
LRRC33_TCTGGCTCATGTCCAGGAAG,LRRC33,1118,259,242
LRRC33_AGCTCAGGTTGAACAAGCGC,LRRC33,1605,149,332
LRRC34_ACACGTCCATCTACCACAAA,LRRC34,1270,508,662
LRRC34_AATGATATTGGGCCCGAAGG,LRRC34,243,62,83
LRRC34_TCTTACCGCGCTGGACCGCC,LRRC34,162,367,387
LRRC34_TCAGGCCAGTACTCCGGGCG,LRRC34,1230,650,587
LRRC34_CTCCTCTCACCCACTGGCCG,LRRC34,2944,839,810
LRRC36_CGAGGAAGGCATTCGCCGCC,LRRC36,226,223,502
LRRC36_TGAAGGCATCACCAATGGAA,LRRC36,1252,277,202
LRRC36_GAAGGGTAACGGTTGTAGAC,LRRC36,666,177,264
LRRC36_TCAGTGCTAATGTTGACAGC,LRRC36,1799,230,221
LRRC36_GAAATTAGACACCTTCCCAC,LRRC36,396,80,39
LRRC36_GATGCCAAGTGACAATCACC,LRRC36,274,41,77
LRRC37B_GGTGGTTCCGCTTCTCAACC,LRRC37B,163,186,111
LRRC37B_TTCTGATCCCGGTTGAGAAG,LRRC37B,898,170,188
LRRC38_GAACCTACACTCGCTGAAGC,LRRC38,932,360,458
LRRC38_CCTCCTGCTCTCCATGGGCA,LRRC38,313,240,570
LRRC38_AATCCAGTGCTCCCTGCCCA,LRRC38,231,27,0
LRRC38_AAGTCACAGTCGCACAGCCA,LRRC38,2058,495,576
LRRC38_GAGGCTGGTGAAGCTTAGCC,LRRC38,269,17,59
LRRC38_GCAGCTTGCGCACGTCCAGG,LRRC38,174,148,95
LRRC39_ATGTCCAGCCACTCAAGGGC,LRRC39,266,157,59
LRRC3B_TTCTGCCAGTATGTGTCCCA,LRRC3B,732,95,192
LRRC3B_CCTTCAATAACCTGAAGGCC,LRRC3B,86,175,189
LRRC3B_ACTTGAAATCCCTGCCAAGC,LRRC3B,697,96,170
LRRC3C_GGGTGGATATACTTACACGA,LRRC3C,214,66,53
LRRC3C_CCTTTGCCACATAACAGCCC,LRRC3C,628,291,261
LRRC3C_CGACCTCTCTGCCAACCAGC,LRRC3C,632,421,410
LRRC3C_GACCAGGCGCTCCCTCAAGC,LRRC3C,536,205,147
LRRC4_GGCATATACCACCTCTACCA,LRRC4,675,167,304
LRRC4_CCAGTGGACGTGGTAGGAAC,LRRC4,2794,307,320
LRRC4_AGGCCGCTACCTCGTGGAGG,LRRC4,392,83,218
LRRC4_CCTGGCCAGCCTCAACACCC,LRRC4,248,229,350
LRRC4_CAAGGTGGTGTGCACGCGCC,LRRC4,655,356,542
LRRC4_TGCACACCACCTTGCTGAAC,LRRC4,3630,950,1392
LRRC40_TTGTCTCCACCCTTCTAGAA,LRRC40,1001,366,506
LRRC40_TACTACTACGGTCCTTGGAA,LRRC40,592,76,102
LRRC40_TCCATGCCAGCCAATTCAGG,LRRC40,792,125,274
LRRC40_AAGATTGAGTCGCACCAGAC,LRRC40,2448,709,1147
LRRC40_CGTTTGGTGCTACTGAAAGA,LRRC40,725,686,524
LRRC40_TGAACATGTCGCGCCTGAAG,LRRC40,2000,460,335
LRRC41_CAGCTGCTGCAGAGAACCCG,LRRC41,955,163,275
LRRC41_CCAAGCCAGCGGGACAACCC,LRRC41,1151,301,133
LRRC41_GCTCCGGCGTGTTACCCGAG,LRRC41,2102,90,362
LRRC41_ATCCCAGAGTCGGCGCCAGA,LRRC41,746,51,102
LRRC41_ATGCTTTGAAGTATTGGGCC,LRRC41,450,31,225
LRRC41_CGCACAGCTCGAACAGGGCG,LRRC41,920,174,70
LRRC42_TCTTCACATACACCCGAGAG,LRRC42,1030,278,322
LRRC42_CCACCTGTTTCGCAAACACA,LRRC42,1341,781,540
LRRC42_TGCTTAGATATCTCTGGGAC,LRRC42,1388,732,924
LRRC42_AAGGCACTTTGGAGTGAACA,LRRC42,632,344,267
LRRC42_CTTCTGTCACAGATGGGAAG,LRRC42,1002,119,512
LRRC42_TATGTCTTGCTGTGGAAGAC,LRRC42,519,198,135
LRRC43_CTTCCGCAAGTGCTCGCGCA,LRRC43,923,202,331
LRRC43_GATCGTCAGCGGGTTCCGGA,LRRC43,544,237,135
LRRC43_CTTTATCCACCAGGGTGACC,LRRC43,285,339,487
LRRC43_TGACGTAGAGACTTTCCAAG,LRRC43,2146,320,345
LRRC43_GGCTGTCGATGGTGAGGCCG,LRRC43,114,162,68
LRRC43_GACTCCTCTGATGTTTCCGA,LRRC43,482,14,18
LRRC45_GGCCACGCAAAGCCTGACGG,LRRC45,7,227,350
LRRC45_GCAGCACGGTGTTGGCACAC,LRRC45,978,671,533
LRRC45_AGTGGAACAGCCTGGGCACG,LRRC45,856,164,325
LRRC45_AGCCAGGTCCAGTCTCCACA,LRRC45,582,199,102
LRRC45_GCTTGGACTTCTCCTCCCGG,LRRC45,812,124,88
LRRC45_TCTCCATCAAGTCGAGGAAC,LRRC45,2316,259,196
LRRC46_TTCACAGGGAAGTCAGCCCA,LRRC46,797,346,498
LRRC46_TGAACTGCAGACTGTCCGCC,LRRC46,246,131,438
LRRC46_ACTGTCCGCCTGGACCGGGA,LRRC46,385,151,58
LRRC46_TGGCACCACATACCGCAAGG,LRRC46,2167,681,386
LRRC46_GGCCCATTCTGCTCAGAACG,LRRC46,1342,564,617
LRRC46_CTTGCGCAGGAGTGGCAGAA,LRRC46,2151,302,474
LRRC47_ATCCTTGCAAATCTGCAGAC,LRRC47,466,145,329
LRRC47_CCGTGTCTTGTGGATGCAGA,LRRC47,631,398,165
LRRC47_GCGGAAAGAAGCCAAGGCCA,LRRC47,121,108,188
LRRC47_ACGAAGATCTCTGTGAGAAG,LRRC47,1639,263,624
LRRC47_AAGGGCAAGGGCCGTGCCGA,LRRC47,147,48,85
LRRC47_CCAAGTAGTGCAGCAGCGGC,LRRC47,575,13,57
LRRC48_GGACGATGACATGCTCAAGC,LRRC48,765,289,183
LRRC48_CATTGAGAAGATCGAGGGCC,LRRC48,130,69,81
LRRC48_ACCTGAGCTTGTTCAACAAC,LRRC48,2000,555,602
LRRC48_TCAAGGAGCTCACCGACACC,LRRC48,1044,363,490
LRRC48_GCCTGAAACAGCAGGAGAAG,LRRC48,1691,390,347
LRRC48_GAGTTTAAGTGCCATTCGAG,LRRC48,691,244,387
LRRC49_ATATCGCTCTGTTTCTGGCC,LRRC49,388,108,94
LRRC49_AACTTACGTTGTTCGCAGCC,LRRC49,615,517,387
LRRC49_CAGACAGGTTGAGCCTAGAA,LRRC49,2299,339,552
LRRC49_CATCAAAGGTGATGTCCGAG,LRRC49,1053,224,396
LRRC49_TGCTTCCATCAATCTGACAG,LRRC49,1191,588,452
LRRC49_CCTATATGGCTCAGGAGCAC,LRRC49,858,175,190
LRRC4B_GGAGAACGCCCTCAAGGACC,LRRC4B,12,33,42
LRRC4B_GGACGGAGAAGGAACCGCCA,LRRC4B,231,120,96
LRRC4B_CGAGACGTTGAGCGTGGCCG,LRRC4B,822,560,980
LRRC4B_TGAGGTGCACGCGCTCGAGG,LRRC4B,1272,234,582
LRRC4B_CCGTGTGCAGATCACCCGGC,LRRC4B,252,0,26
LRRC4B_TGCAGATCACCCGGCTGGCC,LRRC4B,1023,679,635
LRRC4C_CACAACAAGCTGTGTTCGAG,LRRC4C,1593,672,969
LRRC4C_ACAACAAGCTGTGTTCGAGG,LRRC4C,1292,92,106
LRRC4C_CTCCCTTGCATCATCTAGAG,LRRC4C,2738,986,1195
LRRC4C_TGAGGTTAGGGATTTCCCGA,LRRC4C,812,249,368
LRRC4C_TGCCATCCGGAACCTCACGC,LRRC4C,2533,489,490
LRRC52_AGAGTAACCACCCAGGGCCA,LRRC52,1758,422,338
LRRC52_AAATACCGGCTTGCAGACCC,LRRC52,349,298,178
LRRC52_GGGTCTCCAGAGTAGTGAGG,LRRC52,522,73,37
LRRC52_ATACATGTGCATCACGCACC,LRRC52,260,198,167
LRRC52_CGGCTTCTGCATCTTCGCCG,LRRC52,1771,527,397
LRRC52_GGCTTCTGCATCTTCGCCGC,LRRC52,359,87,45
LRRC53_CAAGACTGACAGCTACAACA,LRRC53,3545,928,1014
LRRC53_GCCCTCCTGGAATGTTGGAA,LRRC53,849,282,334
LRRC53_AGTTGTTAGCACTGAGCAGG,LRRC53,608,118,76
LRRC53_CATCGAAGGTTCTGCAACAA,LRRC53,1449,724,1180
LRRC53_CCACTTCCTGTAGTTGAGGC,LRRC53,674,574,460
LRRC53_CTGCTCTCCCTAAGCAGAAA,LRRC53,1563,657,620
LRRC55_GGCTGCTACAATCCACCACC,LRRC55,912,368,304
LRRC55_TGGTGGATTGTAGCAGCCAG,LRRC55,1043,123,186
LRRC55_TGTTGTGCAAATCCAGCACC,LRRC55,486,91,230
LRRC55_GGGCGCCCTCGACTTCAGGA,LRRC55,207,39,61
LRRC55_CACTGGCCTTGCTCCAGCGG,LRRC55,479,548,237
LRRC55_CTTCACTGGCCTTGCTCCAG,LRRC55,1522,479,402
LRRC56_ACATGTGAATGGATCTGGGC,LRRC56,715,83,76
LRRC56_CCTTCGGCTGGTGAGGACGC,LRRC56,342,40,116
LRRC56_GAAGCTGAACGGCAGCCACC,LRRC56,16,10,188
LRRC56_GCACCTCCAATTGTTCCAGC,LRRC56,470,12,207
LRRC56_GGACTGGCTTGCGGTGAAGG,LRRC56,797,214,189
LRRC56_CCGGGACTGCGTCTCAGGCA,LRRC56,36,154,10
LRRC57_ACTTTGTAGCCTACGGCACC,LRRC57,154,27,80
LRRC57_TCTTTCAGCTTAAGGACCGA,LRRC57,433,114,87
LRRC57_GCGCCGTTTCCACATGAGCG,LRRC57,3005,861,1459
LRRC57_GCTCCGCGCTCATGTGGAAA,LRRC57,1210,307,232
LRRC58_TGCAAGTTCTCGATCTCAGC,LRRC58,378,371,213
LRRC58_GCAAGTTCTCGATCTCAGCC,LRRC58,324,295,120
LRRC58_CCCGTGGCAGCGACACCAGA,LRRC58,713,146,350
LRRC58_CCGTCTGGTGTCGCTGCCAC,LRRC58,604,217,166
LRRC58_CGAGACGCTGGAGTCTGAGC,LRRC58,2,165,44
LRRC59_TCTCATGGCGGCGTAGACCC,LRRC59,622,127,57
LRRC59_GGAGCGGGAACTGCGGAAGC,LRRC59,616,133,271
LRRC59_AGGCAGATCAGGAGCGGGAG,LRRC59,1114,110,138
LRRC59_TACCTAGGCTGCCCTTCCAA,LRRC59,153,21,136
LRRC59_AGTATCGTCCCGCGAGGCCC,LRRC59,237,76,9
LRRC59_CTGGTCAGTATCGTCCCGCG,LRRC59,747,271,84
LRRC6_ACTGGAGAGGCGCCATGGGC,LRRC6,120,15,50
LRRC61_GCCAGACACTGCAGCTGGCC,LRRC61,193,0,4
LRRC61_ACAGAGCGGGTTGCTGAGCC,LRRC61,474,627,242
LRRC61_CCGTCGATGACTTTCAGGCC,LRRC61,3051,1074,1323
LRRC61_TGTGTCCTGGAACTGCCGGC,LRRC61,8,98,124
LRRC61_AGGCCACGTTCAGAAGACGA,LRRC61,1036,339,373
LRRC63_AATAACAGCCATGACCAACC,LRRC63,698,292,241
LRRC63_CTTGACAGTTTACTATGGCC,LRRC63,670,244,252
LRRC66_ACAGCAAGTGTCAGAAGGAG,LRRC66,1402,353,391
LRRC66_AAGCTGTTATTTCTCCGGAG,LRRC66,1612,287,351
LRRC66_TGAACTAATGTCAGCAGCGC,LRRC66,2782,600,692
LRRC66_GAGGAAATACTTGGCGCAGA,LRRC66,217,180,257
LRRC66_GCTGTCTGTGATATGTCCAC,LRRC66,318,22,132
LRRC69_AGAGTTATGCAACTTGACCC,LRRC69,357,108,209
LRRC69_AGGATCTGTAGATTTGCACC,LRRC69,258,204,163
LRRC69_AGCTTCCTCAAGAAGTCAGC,LRRC69,527,181,197
LRRC69_ACACCTGAGCAATTCCAAAG,LRRC69,1674,933,1118
LRRC7_CCAGAGAAGTCCTTGTAAAG,LRRC7,3013,702,992
LRRC7_TCACCTCGGAAACATCGGCA,LRRC7,920,285,251
LRRC7_AGGCGTCATTCAGGTAGAGC,LRRC7,575,247,340
LRRC7_TTTGATCCAGAACTTCAGGC,LRRC7,1695,271,440
LRRC7_TACCTGTCTGCCACTTAGAG,LRRC7,640,168,196
LRRC7_ATATCCAACTCCTTACCCAG,LRRC7,187,219,426
LRRC70_ACCAGAAACAGTCGTAGGCA,LRRC70,161,79,147
LRRC70_ACGTAATGCTCTGCCACGCA,LRRC70,3311,893,799
LRRC70_AGTCGAATCTGCTCCAAGCC,LRRC70,1377,567,882
LRRC71_AGCGACCGTTCTGCCTCCCG,LRRC71,26,196,106
LRRC71_GAAGTCGGTCTCGAGGACCC,LRRC71,507,48,45
LRRC71_TGGCCTGTAGCTGGGTAAGC,LRRC71,1152,327,446
LRRC71_CCAGTCTGCTGACCTGAGCG,LRRC71,816,161,135
LRRC71_GACCCTCGTCTCGCTCAACC,LRRC71,539,78,190
LRRC71_CTGGATGCGGTTGTGGGCCA,LRRC71,1013,97,145
LRRC72_GCGATGCTGGCGCCTACGGA,LRRC72,1019,162,150
LRRC72_TGCCCTACAGAGCAGTCGCC,LRRC72,844,313,199
LRRC72_AGCTAAAGATATGTGGCCAC,LRRC72,362,121,114
LRRC72_GGACACAGTTCCAACACGAG,LRRC72,981,491,456
LRRC72_CAGTTCCAACACGAGAGGAA,LRRC72,998,261,344
LRRC73_GAGCCTGCTGCCCACCAGAG,LRRC73,509,50,135
LRRC73_ATTCCTGCCACATGGTCACC,LRRC73,10,80,53
LRRC73_TGTAATCCAGATTGAGGACG,LRRC73,935,404,717
LRRC73_CCAGATTGAGGACGCGGACC,LRRC73,1635,146,230
LRRC73_AGCCAGCTGCTTGATGCGGC,LRRC73,120,47,74
LRRC73_CAAAGTCGCGGTCGCAGAGG,LRRC73,341,252,39
LRRC8A_GCTATGAGAACCGACTGCAC,LRRC8A,438,169,159
LRRC8A_AAAGTGCTCCAGCTTCGAGC,LRRC8A,90,2,42
LRRC8A_TGTGTTTGACCTGGTGGAGC,LRRC8A,815,99,103
LRRC8A_ACTGCAGCACGTTGTTGCCC,LRRC8A,90,259,282
LRRC8A_CGGGTGGCAGTGTGTTGAAC,LRRC8A,3463,1654,1723
LRRC8A_AGCCGCTCCTTCACCTCGGG,LRRC8A,261,191,13
LRRC8B_AGGTCATTCTGAATTCGGAG,LRRC8B,1043,195,171
LRRC8B_ATGCCAGCTGACTCCAAACC,LRRC8B,2689,617,942
LRRC8B_ACAGTTTCTGCAATGAAGGC,LRRC8B,1011,281,495
LRRC8C_GGCTTCAGCACTCGGAAGGC,LRRC8C,933,225,245
LRRC8C_TCGGAGCCCATACATCCAGG,LRRC8C,457,48,25
LRRC8C_TTCGGAGCCCATACATCCAG,LRRC8C,758,298,282
LRRC8C_GGATCTTGTTGCATAGGAAG,LRRC8C,883,167,134
LRRC8C_CGACAGTCACCCAGTTCAGG,LRRC8C,1228,369,353
LRRC8D_TTTCGCACTTCCAAATCAGG,LRRC8D,873,192,129
LRRC8D_GATCATTGGTGTACTGGCAC,LRRC8D,425,262,261
LRRC8D_ACGCAACGCCCAGGACAAGC,LRRC8D,1179,211,240
LRRC8D_TTGAGCAAATACACCCAGGC,LRRC8D,685,604,608
LRRC8D_TGGTCAAATTGCTCTTCACG,LRRC8D,974,300,606
LRRC8E_CGTTCAAGGTGCTCAAACCC,LRRC8E,1460,424,637
LRRC8E_TCGGCCAGCACGTCCCACCA,LRRC8E,3154,668,730
LRRC8E_CGCTCTACTGGCTCTTCCAC,LRRC8E,402,271,169
LRRC8E_CTCCTCCCGCACGGAACGGA,LRRC8E,747,472,270
LRRC8E_GGCTGTTCAGGGCAACCAGA,LRRC8E,250,100,7
LRRC8E_CTACCTCAGCTACAACAAGC,LRRC8E,1158,557,538
LRRCC1_CGTCGCCAGTGCTATGGAGG,LRRCC1,1124,558,586
LRRCC1_CAGTGCTATGGAGGCGGCGG,LRRCC1,931,0,128
LRRCC1_CTTGGTCTAGCTGTTCAACA,LRRCC1,1656,916,946
LRRCC1_CTGCTAGCTCAGAAATAAGC,LRRCC1,1780,495,424
LRRCC1_TATTTCTGAGCTAGCAGCCA,LRRCC1,163,36,64
LRRCC1_TCAAGCTGAAATAGCACAGC,LRRCC1,14,231,230
LRRD1_CTATTGCACGCTATCTACAG,LRRD1,1805,821,854
LRRD1_TCCACTGGAGGTCTCAGCAA,LRRD1,569,95,46
LRRD1_TCTAAAGCACACAGTCCCAA,LRRD1,522,166,225
LRRD1_TACAGTTAACCTTGAGGCCA,LRRD1,465,409,218
LRRD1_TCACAGTCAATGAAGGAGCC,LRRD1,31,51,215
LRRFIP1_GGCGACGCGGTCGATGGACA,LRRFIP1,740,165,165
LRRFIP1_GATGCCCTGTCCGTTTCAGG,LRRFIP1,152,44,66
LRRFIP1_TATATCCGACCATCTCACCC,LRRFIP1,380,257,64
LRRFIP1_CCTGAATAGAAGATCTGGCA,LRRFIP1,2256,257,184
LRRFIP1_CGCTGTACAGACAGGAGGGC,LRRFIP1,892,139,303
LRRFIP1_CCTTACAGCACGGGAGCCGG,LRRFIP1,1269,124,258
LRRFIP2_TCGTGCCAGTCGTGGACGAA,LRRFIP2,1512,213,487
LRRFIP2_TTCAGCCCGAAGCAGTCCAG,LRRFIP2,1089,142,214
LRRFIP2_ACCAGAATTTGCAGTAGGAG,LRRFIP2,363,509,397
LRRFIP2_CCGAGTGTAGTAGGCAGAGG,LRRFIP2,1558,549,391
LRRFIP2_TCGAAGTGTTGGCAGTCACA,LRRFIP2,1136,209,267
LRRFIP2_AAGGACGATGGTGACTGGAC,LRRFIP2,512,131,55
LRRIQ1_GGCTTGGCAAGAGAAACAGA,LRRIQ1,362,57,128
LRRIQ1_GGTTGACTCTGATACACAGC,LRRIQ1,203,83,23
LRRIQ1_AGTTAATCCACAGCGTCGAA,LRRIQ1,722,247,275
LRRIQ1_GCACAAGTCTGGATTCCAAC,LRRIQ1,785,508,302
LRRIQ1_ACCGACATGCACACGAACGA,LRRIQ1,2452,431,454
LRRIQ1_TTACCTTTGGCCAATGCAGC,LRRIQ1,1153,137,237
LRRIQ3_TTCTCGAGCAACTTGTGCCA,LRRIQ3,1083,190,414
LRRIQ3_GAGGGCAATGAGGGTTGGAC,LRRIQ3,295,182,22
LRRIQ4_GAAGCTGACAACGACAAGGG,LRRIQ4,1110,552,997
LRRIQ4_CGAAGCTCTTCGGGATGGAG,LRRIQ4,1329,757,1341
LRRIQ4_TGAGTTCCTTTCCTTTCCGG,LRRIQ4,504,206,215
LRRIQ4_GACACTGATGGACAATCCCA,LRRIQ4,82,11,75
LRRIQ4_GGCATGGTGGCGTGGAACAA,LRRIQ4,1197,520,339
LRRIQ4_CGTGGAACAATGGTACAGAG,LRRIQ4,2328,868,1095
LRRK1_TTTCCAGCTGGGACGCGCAC,LRRK1,488,338,347
LRRK1_CACGGATGACAACCCAGCCG,LRRK1,3677,399,413
LRRK1_AGCTCCTGGTCCTGACGCAC,LRRK1,120,58,266
LRRK1_GCAATATTCCTGCTTCGGCA,LRRK1,1028,146,236
LRRK1_TCGTCCGATGACTGCACGCC,LRRK1,844,389,312
LRRK1_CTCACCAAAGGGCAGGCCCA,LRRK1,385,60,246
LRRK2_GAGTCCAAGACGATCAACAG,LRRK2,939,618,239
LRRK2_AGCATCACTTCCCTATGAGC,LRRK2,192,388,147
LRRK2_CGAAGCGCCTCCAGCTGCAC,LRRK2,1366,310,400
LRRK2_CAGATGTATCCAGATGACCA,LRRK2,952,478,212
LRRK2_AGATGCCAATCAAGCAAAGG,LRRK2,799,427,621
LRRK2_CAGCTTGCTCTTAAGGAGGC,LRRK2,250,285,164
LRRN1_GAGGTCATTGCAATCAACAG,LRRN1,834,219,375
LRRN1_AGCATCAAGCTTTCCAGAGC,LRRN1,905,561,643
LRRN1_GGTGTGACTGTGTGATCCAC,LRRN1,67,122,105
LRRN1_TCCAGGACACTAAGATGGAA,LRRN1,978,197,431
LRRN1_AGTACACAGCAATGGACGCA,LRRN1,782,115,110
LRRN2_AAGCTGCCCAGATCCTCAGA,LRRN2,257,50,116
LRRN2_TGTATGGGCCAGGACCAAAG,LRRN2,1545,342,276
LRRN2_TCTATGACAACCAGCTGGCC,LRRN2,670,327,141
LRRN2_TGAGGGCCATTGACAGCCGC,LRRN2,818,307,112
LRRN2_GGCTGTCAATGGCCCTCAGG,LRRN2,668,38,543
LRRN2_GGACCACAGCTTTGCAGGGC,LRRN2,358,398,295
LRRN3_TCCAGTAAACCTTACTGGCC,LRRN3,0,83,323
LRRN3_TCTTATCAATCTTCGCAGCC,LRRN3,676,254,554
LRRN3_AGATAACGCCTTGGTTGGAC,LRRN3,416,117,126
LRRN3_ATGGCGTAACTCCCAAAGAA,LRRN3,1679,385,458
LRRN3_TGGCGTAACTCCCAAAGAAG,LRRN3,1861,877,482
LRRN4_TTGGTGGTGAAGGCGGCGCA,LRRN4,878,341,321
LRRN4_CAAAGAGAACTGTCCTAAGC,LRRN4,2249,262,172
LRRN4_AGAGGTTGATCGATAGGACC,LRRN4,687,68,108
LRRN4_GATGCCTCGGCTGACGACCC,LRRN4,18,2,13
LRRN4_CACTTCCGAGCTCGGCCACC,LRRN4,714,218,247
LRRN4_CAGTGTGCGCGGTAGGCAGC,LRRN4,597,145,136
LRRN4CL_CCTGCTAAGCTGTGCCGCCC,LRRN4CL,1354,116,302
LRRN4CL_AAGGCGGCTGCAAGGCCCGA,LRRN4CL,0,83,58
LRRN4CL_AGTGGCCGCTAACGAGGCCG,LRRN4CL,714,159,187
LRRN4CL_TAGTGGCCGCTAACGAGGCC,LRRN4CL,172,20,134
LRRN4CL_GGAGCTACAGAGGGTCGGGC,LRRN4CL,281,102,172
LRRTM1_ATCCCACAGGTTCCCGGCCA,LRRTM1,820,785,410
LRRTM1_GCGGCACGGTCTCGAACACA,LRRTM1,875,309,412
LRRTM1_CTCGGTGAGCTTAAACAAGC,LRRTM1,1503,720,445
LRRTM1_GCTTCCGCAGCCCGTGGAAG,LRRTM1,1182,365,352
LRRTM1_TCACATCTGCTCCGTGCAGG,LRRTM1,682,65,29
LRRTM2_AATTACCCGCTGAGTGAAGA,LRRTM2,588,161,125
LRRTM2_CAGCAACTTGACATGTGGGA,LRRTM2,1588,608,592
LRRTM2_GGCGTACTGGGATAGTCCGC,LRRTM2,117,72,96
LRRTM2_GGGTGGACACGCCATACCCA,LRRTM2,441,75,55
LRRTM3_GGACCTGGAGCTCCTTACAA,LRRTM3,826,84,82
LRRTM3_GCAGGATGACGAGCACGGAC,LRRTM3,726,353,211
LRRTM3_ATGACACGTAGATAACCAGC,LRRTM3,132,10,80
LRRTM3_AGCAGCGCTCCCTCATGCGA,LRRTM3,701,71,88
LRRTM3_GGGCTGGTCGTATGCCAGAA,LRRTM3,2116,725,729
LRRTM3_AACACACCTAGAGACTGAGC,LRRTM3,384,77,149
LRRTM4_GCTTCATCGCCACCATCGCC,LRRTM4,28,300,269
LRRTM4_TCTCATAGCCCTTGGTGACA,LRRTM4,910,573,901
LRRTM4_TAGCCCTTGGTGACATGGAG,LRRTM4,1034,358,608
LRRTM4_ACTCTCTTATGAAGAGGCGG,LRRTM4,11,60,0
LRRTM4_CCATATAAGCTGGTTAAGGC,LRRTM4,402,454,405
LRSAM1_TTCCGCTTCCGGAAGAAGAG,LRSAM1,1391,89,250
LRSAM1_TAACATTGAGAGTCTGGAGC,LRSAM1,883,114,66
LRSAM1_GCTGGCTCACGTTCGAACCC,LRSAM1,818,147,82
LRSAM1_GGACAGCCCTGATGGGCCCA,LRSAM1,218,20,0
LRSAM1_ACTCGAGTTTGAACGGCGCC,LRSAM1,57,31,120
LRSAM1_CAGCAGCTTCTGGATCCGGC,LRSAM1,1200,15,166
LRTM1_GCAATCACAGCCCAGTACCA,LRTM1,1228,304,451
LRTM1_GCGAGCTCAAACCCAAGCCA,LRTM1,1570,267,454
LRTM1_TCCTCGCAGGCTCAGTGGCC,LRTM1,415,351,70
LRTM1_GCTCATGAGGGATCCTAAGG,LRTM1,1517,149,276
LRTM1_CTCGATCAAGCTGCTGAAGC,LRTM1,2332,784,965
LRTM1_CCGGGCAGCTGCATACCACC,LRTM1,339,249,150
LRTM2_GGACCTGTCCATCAACGGCC,LRTM2,255,158,199
LRTM2_ACCGTCTGCAGAATCTGGAC,LRTM2,511,60,46
LRTM2_GCCGGTCCAGATTCTGCAGA,LRTM2,135,220,235
LRTM2_GAGGACGAGAATAGCTCAGC,LRTM2,315,0,24
LRTM2_CGTGAGGCGAGCCATGGGCA,LRTM2,2442,501,567
LRTM2_TGCAATGATCACCGTGCCCA,LRTM2,1340,215,296
LRTOMT_CTGAAGGAGTAGTCAAGAGG,LRTOMT,1671,340,281
LRTOMT_TCTGAGAGACTTCAACCAGG,LRTOMT,1028,51,206
LRTOMT_AGTGTCAGGCTACGGAGCCG,LRTOMT,794,0,88
LRTOMT_ACATCAAGCCCAAGAAGGCC,LRTOMT,715,88,276
LRTOMT_TGAGGCATCTCTACAGACCC,LRTOMT,820,537,215
LRTOMT_ACCAGCAATGTTACCACCAG,LRTOMT,570,187,226
LRWD1_CATTAGCAGCCGCGCCGAGA,LRWD1,1055,134,38
LRWD1_CAAGCTCGAGGAACTCAGCC,LRWD1,470,298,312
LRWD1_TGAATCGGGAGCTGACCAGC,LRWD1,904,120,66
LRWD1_GGAGAAGTTCATGGCCACAC,LRWD1,542,72,208
LRWD1_CCTCAGAGATCATCCGCACC,LRWD1,839,195,202
LRWD1_CTGCCATCGGAGCCTGCCAC,LRWD1,35,1,24
LSAMP_TTTATTCCTCTCACCGACCC,LSAMP,666,86,225
LSAMP_CTTGAGATTAAGAGCACGGA,LSAMP,863,140,330
LSAMP_TGAGTGCAAAGCTGCCAACG,LSAMP,590,262,615
LSAMP_TGGAGACACCTTACACCAAC,LSAMP,551,773,1101
LSAMP_GATGCCAGAACGGTTCAACC,LSAMP,196,62,334
LSAMP_AGCAATCTCAGTAGGACCAG,LSAMP,1013,267,296
LSG1_TGTAGCGCGCAGATCGAGGC,LSG1,1072,15,0
LSG1_AAAGATGGCATCACCAAGCC,LSG1,427,12,102
LSG1_AATTTCAGCCTGGTCGAAAC,LSG1,745,68,86
LSG1_TCTGGAGAGTCATTGAGAGA,LSG1,767,1,42
LSG1_CTGCAAGTTCTGCAGTAGCA,LSG1,2655,1597,1387
LSG1_TGACATGGTCTGTCTTACCC,LSG1,1666,0,8
LSM10_AACTTTGGTGGCAAGGGCCA,LSM10,489,187,117
LSM10_CCGTGTAGGTGACTTTGGCC,LSM10,739,113,102
LSM10_TGTAGGTGACTTTGGCCAGG,LSM10,1015,63,3
LSM10_TGCTTTCATGAACATCCGCC,LSM10,221,113,204
LSM11_GCTTGCGGGCCTTTCAAACA,LSM11,1691,433,390
LSM11_CGCCACGTTGTTGAAGCAGG,LSM11,1397,0,37
LSM11_AGCGATGGAGTTCACCCAGA,LSM11,293,0,0
LSM11_CCATCGCTGTATCCGTGAGG,LSM11,729,8,21
LSM11_TCATATGCTTTGCCTAGGAC,LSM11,860,208,114
LSM11_GCCCAAAGTGGATTACCAGC,LSM11,236,8,19
LSM12_CCTAGCTTGCCAGCAAAGCA,LSM12,1091,0,10
LSM14A_TCCACCGTAGCCCTTGCCAA,LSM14A,763,153,217
LSM14A_ACCTTTGGCAAGGGCTACGG,LSM14A,902,55,78
LSM14A_GGTCCCGCGTACCTTTGGCA,LSM14A,77,46,131
LSM14A_TCTGTACCAAAGGATCGAAC,LSM14A,1111,58,73
LSM14A_CGGTCTGTCTTCTGTACCAA,LSM14A,1763,329,409
LSM14A_TATGTGGGCATCCTGCCGAA,LSM14A,118,60,45
LSM14B_TCCACCGTGGCGCTCGCCAA,LSM14B,307,352,193
LSM14B_TGGCACACTTACCTGAACAA,LSM14B,3076,809,899
LSM14B_TGCCTTACAGCCCTTTCCGA,LSM14B,833,173,184
LSM14B_CAAACCATTCTGAGAGCGAG,LSM14B,293,74,255
LSM14B_TGGCCGTCTTGCTGCTCGGC,LSM14B,743,330,661
LSM14B_CGCCGTAGATGTAGTCCAGC,LSM14B,891,488,127
LSM4_CTAGGTGTGTTTGGTGGCCG,LSM4,1217,866,1160
LSM4_CGACATGGTCAAGGAGGAGG,LSM4,228,410,428
LSM4_GGTACTTGATGGTGCTGCCG,LSM4,252,13,0
LSM4_TCCAGTTGTCGCAGCTCACC,LSM4,807,48,62
LSM4_ACCTGGTGAGCTGCGACAAC,LSM4,2496,214,35
LSM4_AGACCACTGAGTACTCACCA,LSM4,781,4,14
LSM5_GCCCGACCACGTTAAAGAGC,LSM5,414,262,170
LSM5_CTCCAAGTCTTCGCGACAGC,LSM5,389,282,83
LSM5_GGTAGTAGCGTTAGCCGCCA,LSM5,90,32,32
LSM7_CGTCCTGCTGCTGGATGAAG,LSM7,2395,111,41
LSM7_CTGCGGGCAGATTAGCACCA,LSM7,2931,1,0
LSM7_ACAAGCTCACGGAGGACACC,LSM7,63,1,267
LSM7_CGGTGATTTCTCCAAGCCAG,LSM7,1480,0,23
LSM7_AAGTTCCAGGGAGGCCGCGA,LSM7,282,0,0
LSM7_ATCCGGGTAAAGTTCCAGGG,LSM7,396,0,13
LSMD1_CATCGTGGTCAGAGATACGG,LSMD1,1074,114,359
LSMD1_TGGTCAGAGATACGGAGGCC,LSMD1,2034,451,270
LSMD1_CGTTTCCATTGAGGTGCAGA,LSMD1,355,171,384
LSMD1_TGTCATCCTGGGCTCGGCGC,LSMD1,1106,297,421
LSMD1_ATGCGCATTCGCATGACAGA,LSMD1,786,302,400
LSMD1_TCCGGGCAAATGGCCGGAGC,LSMD1,250,145,48
LSMEM1_GCTGCGATCCGGCTGGACAG,LSMEM1,779,240,346
LSMEM1_AACAGATGCTGCGATCCGGC,LSMEM1,4,287,196
LSMEM1_CCTGAGTTTGTGCCAAGGAC,LSMEM1,2067,677,844
LSMEM1_AATTGTGCTGATTGTCAGCC,LSMEM1,574,128,84
LSMEM2_GCTGGGCATCATTGGCGCCA,LSMEM2,635,178,131
LSMEM2_GCAGGCATACCTCATGCACG,LSMEM2,342,186,568
LSMEM2_GCATGAGGTATGCCTGCACC,LSMEM2,213,21,27
LSMEM2_AGCCCTGTGTACAGACGAGG,LSMEM2,594,40,0
LSMEM2_CGTGTGTGCCAGGATGCGCA,LSMEM2,1518,221,283
LSMEM2_ACACACGCTCCGCACGCAGG,LSMEM2,1139,132,71
LSP1_GGCGGAGGCTTCGAGTGACC,LSP1,315,77,144
LSP1_GCCATGAGCATCCGTCCAGC,LSP1,267,228,412
LSP1_CCTGAACTGGATGAGGACGA,LSP1,1661,143,60
LSP1_CGGCCTGCATGCCTACGAAA,LSP1,2419,733,925
LSP1_TAAACCGCTCCATAGAGAAG,LSP1,324,165,153
LSP1_CCACTGATCAATCTTGGAGA,LSP1,1228,422,278
LSR_ACGGACTTGGAGTAGGGACA,LSR,631,272,348
LSR_ACCCTGGGAGATTACTACCA,LSR,1068,161,141
LSR_TGACCTTTGACCAGACGGCG,LSR,3718,1311,1744
LSR_AGCAAGTGTGCGGGCAGCAC,LSR,330,19,57
LSR_TGCTGTCCGTGTCCCGAAGC,LSR,1776,894,1284
LSR_GGTCCTGTACTACATGGAGA,LSR,444,220,80
LSS_GATGAGGTCCTACCTGGCGG,LSS,160,0,71
LSS_ATACCACATCTCTGGGAACA,LSS,513,467,340
LSS_TGGGCCTGACGATCCTGACC,LSS,944,3,94
LSS_GCAGAGGGATGCGTGCCACG,LSS,961,337,396
LSS_AGCCCACACCGCCTTTGAGG,LSS,1957,250,201
LSS_TCTCGCAGTTGAGTCGCCAG,LSS,706,412,333
LST1_CTGTGTTGGCTGCATCGAAG,LST1,1329,690,844
LST1_CTCTTCGATGCAGCCAACAC,LST1,1764,498,834
LST1_CCACCCGCCTGGGTTGAGGA,LST1,1026,443,485
LST1_CTCAACCCAGGCGGGTGGAC,LST1,604,264,263
LST1_TCAACCCAGGCGGGTGGACA,LST1,676,313,388
LTA_TGAACGTCTCTTCCTCCCAA,LTA,437,23,66
LTA_GAAGGTGTGAGGCCAACACC,LTA,105,58,150
LTA_ACTGCTCTGGAGAGCAAACA,LTA,520,460,370
LTA_CTACTTCGTCTACTCCCAGG,LTA,1083,444,711
LTA_GGCTGCGTTCCAGCTCACCC,LTA,375,68,166
LTA4H_GAACAACTGCTTGGAGGACC,LTA4H,79,18,26
LTA4H_ATGCCACCATAAGGGAAGGA,LTA4H,599,153,126
LTA4H_CTGACCCAGAAGACCCAAGC,LTA4H,1790,651,697
LTA4H_AAGGAGTGTCCTGACAAGGA,LTA4H,532,129,89
LTA4H_AAGTTACAAGGGATCGCCAA,LTA4H,383,28,11
LTA4H_TTACTCGCCGGACGCTGACC,LTA4H,265,236,32
LTB_CCCACGCTCGTGTACCAGAG,LTB,2339,566,630
LTB_GCGCAGCTCTCTGTACCGGG,LTB,1406,378,377
LTB_GGAGGTCCTTACCTATGAGG,LTB,146,73,72
LTB_ACCCAACCAGGTAACGGAGA,LTB,800,195,212
LTB_GATAGGCACCGCCAGCAACA,LTB,1097,348,582
LTB4R_CAGCCAGCGCCACTGACAGC,LTB4R,1155,256,100
LTB4R_GCACTACTGTGCGGTACGCG,LTB4R,1026,224,172
LTB4R_GCCCTACCACGTGGTGAACC,LTB4R,529,320,261
LTB4R_CTGGGCCAGACCGCTAGGAG,LTB4R,2292,517,398
LTB4R_AGTGAGGCTCTCGGAAGGGC,LTB4R,445,22,13
LTB4R_AGGCAGTGAGGCTCTCGGAA,LTB4R,236,103,102
LTB4R2_TTCTCATCGGGCATCACAGG,LTB4R2,536,239,223
LTB4R2_GGAACGAGACACTGCTGAGC,LTB4R2,867,240,318
LTB4R2_CGCCAGGTGCAGCACAAGCG,LTB4R2,733,220,143
LTB4R2_CAGCCGAGCATCAGCCCGAA,LTB4R2,2620,753,1013
LTB4R2_CGGCTGCTACAGCGTGACGC,LTB4R2,376,240,248
LTB4R2_AAGAGCCGCGTGAGGAAACG,LTB4R2,1896,149,242
LTBP1_CGTAGGTGATCCTCCGCAGC,LTBP1,1002,238,57
LTBP1_TGGTGCACCTCTGGGAGCCA,LTBP1,882,494,352
LTBP1_TGTGTTCCGCCATGTCAGAA,LTBP1,1409,815,705
LTBP1_GATTCACCATGGCCAGACCC,LTBP1,157,110,94
LTBP1_ACTCACTAGGAGCGGAGGCA,LTBP1,726,477,542
LTBP1_CTGACCGTGACTAGCCAGCA,LTBP1,4469,1118,1639
LTBP2_TCACCCAGCTGGTTGGAGAG,LTBP2,1718,625,580
LTBP2_GCTGTTGGCACAGTGTCCAC,LTBP2,782,136,172
LTBP2_GAGAGATGGCACCCAACAGG,LTBP2,390,165,123
LTBP2_CTGGCACGGCGGCTCGCAAA,LTBP2,1170,215,237
LTBP2_GGCACTCACGTTTGATACAG,LTBP2,1053,287,371
LTBP2_CCTGGCTCTCTTCGTGGGCG,LTBP2,818,418,304
LTBP3_CGCTGCCCAACAGATGGCAC,LTBP3,1500,391,332
LTBP3_CAATGCACTGTGTACGGGAG,LTBP3,1608,580,290
LTBP3_CTTAACAGCACCCACTGCCA,LTBP3,112,374,188
LTBP3_GGACGCGCACATTCACCACG,LTBP3,1887,726,367
LTBP3_AAGGCTGCGTGCTGGGCAGG,LTBP3,808,149,112
LTBP3_TGTCGGGACAGTTGTCAGCA,LTBP3,284,653,663
LTBP4_ATGCCGAGGCCTGGCACCAG,LTBP4,273,225,183
LTBP4_AGGAGCCGCTGCATCCGAGG,LTBP4,149,125,0
LTBP4_GAAGGCTTCGGAGACAGCCA,LTBP4,342,51,16
LTBP4_GAGCTCTACTGAAGCGGCGG,LTBP4,79,0,9
LTBP4_AACGCCACCAGCGTGGACAG,LTBP4,945,192,327
LTBP4_TGGCATAGTGTACACGGAGC,LTBP4,476,201,347
LTBR_AGAATTCCTACAACGAGCAC,LTBR,804,170,230
LTBR_AGCTCGGCTTCAGTGCCAGG,LTBR,665,201,106
LTBR_CTTGCCAGATGAAGTTGGGA,LTBR,1244,199,269
LTBR_CTGTGGCCGCCTGGTAGAGC,LTBR,1306,103,81
LTBR_GCTGGCCGTTCTGCTGCCAC,LTBR,296,319,0
LTBR_TTGCAGGATCGCTGCTCAAG,LTBR,2292,526,929
LTC4S_TAGACGCGCTCGAACTCGGG,LTC4S,499,48,179
LTC4S_ACAGGTAGACCAGGCCGCAC,LTC4S,1306,201,173
LTC4S_GGCGCGCGAACAGGTAGACC,LTC4S,61,1,18
LTC4S_AGTAGCGGAGGCGCGCGAAC,LTC4S,418,27,137
LTC4S_CGTAGCCCTGGAAGTAGCGG,LTC4S,1629,163,295
LTF_CAGTCTTTGAACTTGTCCAC,LTF,731,226,71
LTF_TTCACAGGTGTCTGAGAGAC,LTF,970,280,666
LTF_ATCTGCACCGGGAACACAGC,LTF,941,86,129
LTF_CGTCCATTCTTGAATTGGAC,LTF,541,313,326
LTF_TTTCATATACGAGGCAGGCC,LTF,438,229,164
LTF_CCGGCATTGACTCACCGCAA,LTF,1115,704,703
LTK_ACGGAGAGGTAGAGATCCGA,LTK,346,19,48
LTK_TCGAGCCGTTGAAGAGCACG,LTK,851,280,183
LTK_GATCTCAGCCTACGGAGCCG,LTK,0,24,36
LTK_GCACTTACAGATACTGGCCA,LTK,899,99,158
LTK_CTCACCCGGAGAATTCAGCG,LTK,1677,463,392
LTK_CGCCAGATAGCACTTACCCG,LTK,6181,955,1723
LTN1_CAGATGAAATGCTTCGGGAA,LTN1,1061,400,519
LTN1_CAGAGCAGACAAATGTAGGA,LTN1,503,226,141
LTN1_AGGATATCGCCTTTGAGCCA,LTN1,185,191,55
LTN1_CTAGTGAGTCATGGAAGCGC,LTN1,1212,274,207
LTN1_TCATCAACTGTGGAATGCGC,LTN1,461,81,99
LTN1_TGTGTCCCGGACGTGTCAAC,LTN1,549,68,61
LTV1_AAGGATCTCGTTGGCTCCGG,LTV1,247,64,0
LTV1_AAGAAAGGCGAGCAGAACAG,LTV1,2058,0,16
LTV1_TTTCCTTCTAGGACCTCGAC,LTV1,189,228,107
LTV1_TGAGCTTGATGAGTCTGAGG,LTV1,844,181,157
LUC7L_CGAAGTGGTCTGCCAGGCGA,LUC7L,1302,443,479
LUC7L_CTAGCTGTTCGGCTTTAGCA,LUC7L,1694,1178,1044
LUC7L_CAGTGCGGAAGTTTCTGCAA,LUC7L,374,8,32
LUC7L_TGTTTCTTTCCCACAGCGCA,LUC7L,445,78,204
LUC7L_GAAGGTGACTCTTGCAGACA,LUC7L,946,163,167
LUC7L_CATCTGCGCCTGGGCGGACA,LUC7L,908,234,268
LUC7L2_GGAGTTGCGCTACCTGAGCG,LUC7L2,1430,419,313
LUC7L2_GGTGTCGCGATAGGGTCGGC,LUC7L2,236,15,35
LUC7L2_CATAATCCGCTCTTAAAGCC,LUC7L2,1217,382,456
LUC7L2_TAGTGCTGAAGTAGCAGCAA,LUC7L2,431,174,172
LUC7L2_CCATGTCACGTGAACGCAAG,LUC7L2,1819,423,680
LUC7L2_AGCTCTGAAGAGCGCGAAGC,LUC7L2,136,75,139
LUC7L3_TGTTGGATGAGTTAATGGGC,LUC7L3,571,0,0
LUC7L3_CCGGGACCGAAACCTAGCCC,LUC7L3,1028,0,11
LUC7L3_GAGATAATGCCAAACGAGCA,LUC7L3,197,0,15
LUC7L3_TATTGTCTTCAATAGGCCGC,LUC7L3,115,41,7
LUC7L3_CATCAAATGGTCATCTACCC,LUC7L3,767,0,0
LUM_ATACATATCCGGTGGAAGAC,LUM,1530,254,191
LUM_AGGACAGATCCAGCTCAACC,LUM,1365,215,588
LUM_GGACAGATCCAGCTCAACCA,LUM,2146,597,342
LUM_GCGTTTATCTCACAACGAAC,LUM,1056,446,401
LURAP1_GCTGCGAGGCGAGTGTGAGC,LURAP1,534,75,179
LURAP1_AGGGCATCGAGGCAGTGCGC,LURAP1,448,155,462
LURAP1_CAGACACCAGCACCACCGAC,LURAP1,1282,449,558
LURAP1_GCCCAGTCCATCTCGGAACG,LURAP1,1606,388,313
LURAP1_AGCTCTCAAGCTCCCTAGCC,LURAP1,322,104,194
LURAP1L_GCCACTCTAGCGCCCTGGAG,LURAP1L,1184,310,56
LURAP1L_AGAGCATCGAGTCCATCAAG,LURAP1L,1469,371,563
LURAP1L_GACTCTCCAACAAACTGCAC,LURAP1L,572,49,0
LURAP1L_AGCTACAACAGCCTACACGA,LURAP1L,2740,610,515
LUZP1_AGGAACGATTACGGCCAACC,LUZP1,1192,102,38
LUZP1_TGTCTCCTACCCGATTCCGA,LUZP1,408,227,117
LUZP1_TTCCTCTCCACAGGATCCGA,LUZP1,2,209,238
LUZP1_TCTCGAAGATCCTCCTCAGA,LUZP1,492,207,348
LUZP1_CTTAAACCGCAAGTGGCGGC,LUZP1,265,203,121
LUZP2_CTGTGGCATTCACGCAGAAG,LUZP2,2436,777,655
LUZP2_CATAACGAAGCTCCTTCAGC,LUZP2,773,83,231
LUZP2_GGAGCTTCGTTATGGGAAGA,LUZP2,346,153,246
LUZP2_CTCGGATGTTACTCCCACCC,LUZP2,2286,714,568
LUZP2_ACCTCACATTCAGAGCAAGG,LUZP2,635,192,226
LUZP2_TTCACCTCACATTCAGAGCA,LUZP2,1486,577,706
LUZP4_AGCATACTTTACCTCTCCGA,LUZP4,365,109,78
LUZP4_CTCAAAGAGATCTCGTAGCC,LUZP4,2143,476,345
LUZP4_TCAAAGAGATCTCGTAGCCA,LUZP4,1203,369,576
LXN_ACATAATAGCCGTCTGCCAA,LXN,419,122,277
LXN_GAAGGTCAAACAAGCCAGCA,LXN,465,210,124
LXN_GATGTAGTTCTGTGCCACCA,LXN,1127,349,367
LXN_AGGCTGGGTAGTTGGTCGGC,LXN,561,106,183
LY6D_GGGCTAAGATGACGGCCAGG,LY6D,650,35,118
LY6D_TGTGCAGCTTCTCATTGCAC,LY6D,208,187,201
LY6D_TGCAAGACCACGAACACAGG,LY6D,2217,684,480
LY6D_TGGTGCACACGTGGCAGCGC,LY6D,865,186,288
LY6D_TGGCAGCGCAGGGTAAGGGC,LY6D,1645,194,201
LY6E_GACGTGTTTGGGTGTGAGCA,LY6E,766,374,532
LY6E_GGGTGACCGTCACTGACACC,LY6E,125,44,45
LY6E_GCCGACCATCTGCTCCGACC,LY6E,2000,114,17
LY6E_TGCAATTTCAGTGCGGCCGA,LY6E,244,404,429
LY6E_TGTTCACTCGGAATCGCAGG,LY6E,74,187,68
LY6G5B_GGTGGGCTTCACAGTAGGAA,LY6G5B,429,106,82
LY6G5B_CACGTCCGGATGTCGGGAAC,LY6G5B,689,344,723
LY6G5B_AGATGGTGATCACCATGCAC,LY6G5B,190,28,0
LY6G5B_GGTCACACTGTCCCTGAACC,LY6G5B,601,87,190
LY6G5B_TTGCACTGTGGAATTCAGGA,LY6G5B,643,547,492
LY6G5C_CCGATGCCTCTTGGAGACCA,LY6G5C,1567,242,472
LY6G5C_AGAGGCATCGGTAGCAGCGC,LY6G5C,946,191,138
LY6G5C_TTTACCTGAGCATCCTGGAC,LY6G5C,822,363,209
LY6G5C_ACCTTGTGTCCAGTATAGCA,LY6G5C,1235,258,548
LY6G6C_AAGGACAACTGCAACAGCGC,LY6G6C,478,322,234
LY6G6C_TGGTTGAAGGCCTCCTGACA,LY6G6C,1879,446,452
LY6G6D_AGCTTGATCTGTTCCAGGCC,LY6G6D,1031,131,354
LY6G6D_ACGTGACTTATCCAGCCCAC,LY6G6D,505,145,467
LY6G6D_AGACCTGTGCAACAGCGCCG,LY6G6D,420,273,296
LY6G6D_TTGCCACGGCGCTGTTGCAC,LY6G6D,1652,137,263
LY6G6F_CCTGGTAGCCCAAGTCCAAG,LY6G6F,889,654,1271
LY6G6F_AGCACCACAACTACCAGAAC,LY6G6F,1330,175,448
LY6G6F_GACGCATGGACTCTGTGACC,LY6G6F,112,262,66
LY6G6F_GCATGTCCCAGCCCGTGGAA,LY6G6F,732,733,868
LY6G6F_CTGCTGCTCACAATGGGCCA,LY6G6F,1089,240,294
LY6G6F_CTCACCCAAGACGGGCCAAA,LY6G6F,2458,360,557
LY6H_CGACGTGGACTGCTGCGAGA,LY6H,1672,669,354
LY6H_TGGGATCTTAAAGGTCGACG,LY6H,594,148,202
LY6H_CACGCTTTCTCTTCCCAGGC,LY6H,644,371,733
LY6H_GGGATCGGTGATTCGGACAC,LY6H,566,234,82
LY6H_TGCAGGCAGCATGCTCCGGG,LY6H,886,377,172
LY6K_GCGAAGGTTCCAGAAGGGCG,LY6K,998,682,361
LY6K_TTGGCGTCTGTCCACACCCG,LY6K,2123,1100,763
LY6K_AGAACCCAAGGAGGTGCAAA,LY6K,989,165,339
LY6K_ACCAACTTCGTGGATACCGA,LY6K,149,31,60
LY6K_CTCCATCGCTGCACAACCAG,LY6K,1737,798,1769
LY6K_GCAGTCCCGTGGCTCAAGAC,LY6K,1853,603,599
LY75_ATACCCGCTGTGATGCAGGC,LY75,672,291,157
LY75_AGCATCCATTCTTGCACAGC,LY75,1116,193,172
LY75_AGCTATACTCTGCTAGAGGC,LY75,499,102,145
LY75_ATGAAGATCATAGTGGGCCA,LY75,370,206,120
LY75_GGGCAGCTCCGTACAGAGAG,LY75,793,360,206
LY75_CGCCAGCTCAGGATGAGGAC,LY75,2459,990,822
LY86_ACAGACCACGTGTGTGGGCC,LY86,91,115,290
LY86_CACGTGGTCTGTAGCGACAG,LY86,2168,629,501
LY9_GAACTCACCATAGACGAACA,LY9,573,541,606
LY9_TCTAATGTGCTCCGTGAAGG,LY9,1361,163,260
LY9_CGGCGTCCTCTATCTTCAGC,LY9,1020,329,272
LY9_ATGTTACCTGGTGTATCCGC,LY9,460,32,47
LY9_CTCCCAAGGATATGAGAAGC,LY9,871,644,411
LY9_CTCCATACGGAAACCTCAGG,LY9,663,123,112
LYAR_TGAGCATCACAGATCCGAAG,LYAR,1057,468,253
LYAR_GACGATGAGGCTCCTGCAAA,LYAR,1274,679,566
LYAR_CTCCAAAGTGAAAGACGCCG,LYAR,1563,362,553
LYAR_TCAACGGCCACTCCACCCAG,LYAR,1180,243,242
LYAR_ATTCCACACCTGGTCCAGAA,LYAR,809,241,333
LYAR_TACCGCAGTCAATGCAAGAA,LYAR,1758,438,256
LYG1_GCCAAGTACCTCAAGAGACA,LYG1,478,187,323
LYG1_GATGTGGGAGCTTGAGAGCC,LYG1,336,54,73
LYG1_AAGACACCAGCGATCACGGC,LYG1,941,80,167
LYG1_CTATGGAAACATCCAAAGCC,LYG1,525,271,307
LYG1_ACTTGTCTGAAAGCAGCAAC,LYG1,891,196,230
LYG2_TATCCCAGGCACCGACAGGG,LYG2,497,32,115
LYG2_TGCAAGACGGCTGGGACCAC,LYG2,1132,292,382
LYG2_ATCATCTCCAGGGAAAGCCA,LYG2,251,187,157
LYG2_TAGCAGCCGTGGTACAGGCG,LYG2,574,257,371
LYG2_CTACATCCACGCCTGTACCA,LYG2,2650,1109,1506
LYG2_AAACACCACGGAGGATAACA,LYG2,1626,300,226
LYL1_CCGCACCTCTGGGCTCAAAG,LYL1,2432,798,1138
LYL1_TCGCAAACGGCCGGTGCACC,LYL1,1269,96,21
LYL1_GAGACCAAGCCACTGTGAGC,LYL1,225,0,55
LYL1_TTAGCATCTTCCCTAGCAGC,LYL1,1563,153,98
LYL1_AGGCTGATCACTGGTACACC,LYL1,3464,663,321
LYL1_CTGATCACTGGTACACCAGG,LYL1,651,109,154
LYN_AAAGACAGCTTGAGTGACGA,LYN,600,215,272
LYN_TTGGCACCAGGAAATAGCGC,LYN,2516,574,891
LYN_CCAACTTGATGGACTCCCGG,LYN,1168,400,193
LYN_TTCCTGAAGAGCGATGAAGG,LYN,1020,251,320
LYN_CATCCTGTAGCCCTGGGACA,LYN,2395,65,32
LYN_TCTGGGCAGTTCTCCACACG,LYN,2368,575,848
LYNX1_GCTGGTCTGGCAGCAAGCGA,LYNX1,922,208,192
LYNX1_CCACTGTTCCCACTTACGGG,LYNX1,3149,261,268
LYNX1_GAGAACATGCAGCTCGGCAC,LYNX1,349,82,14
LYNX1_TACGACCTCTGCAACGGCAC,LYNX1,326,246,266
LYNX1_TGCAGTAGGCAACCATAGCC,LYNX1,910,394,279
LYNX1_CCTTTGTCCATCTTACCCAG,LYNX1,710,121,18
LYPD1_AGAGGGCTAATTTGAGGAAC,LYPD1,1043,233,469
LYPD1_GGCTAATTTGAGGAACAGGA,LYPD1,366,219,341
LYPD1_GGCCTTGGCCCGTTACAAAG,LYPD1,141,58,34
LYPD1_AGGAGCAGTCGTTGTTCAGC,LYPD1,290,573,186
LYPD1_TCAGCTGGAATTCTTCACAC,LYPD1,2095,722,619
LYPD1_TTCCAGGTGAGAATACCCAG,LYPD1,318,364,594
LYPD2_TCAGTATTGCAGCAGGACAC,LYPD2,2570,491,754
LYPD2_ATTGCAGCAGGACACGGGCA,LYPD2,625,306,396
LYPD2_CCGATGCCATCCACATCCGA,LYPD2,806,169,27
LYPD2_TACGTCTGTCCGGAGCCCAC,LYPD2,291,64,148
LYPD2_CAGACGTAGCAGCGCAGGGC,LYPD2,1005,119,237
LYPD2_CACCTCACCCAGCTCTCCGC,LYPD2,146,128,97
LYPD3_AGCGGCGCCTCCAGTCAACC,LYPD3,1129,369,256
LYPD3_TTGTAGCAGCTCACGACCGG,LYPD3,2439,497,949
LYPD3_CCTGAGCGCATTGCTGCAGC,LYPD3,1102,480,401
LYPD3_GCCCGTGAAGATCCAGGCCG,LYPD3,34,78,0
LYPD3_TCGGTGCAGACGTCCACGCC,LYPD3,1213,189,454
LYPD3_GAAGACAGTGAAGTGCGCGC,LYPD3,770,582,230
LYPD4_AACACGTAGAAGCAGCCAAG,LYPD4,1506,229,136
LYPD4_GAGGCAATGGACACTCCGGG,LYPD4,527,0,65
LYPD4_ACAAGGTAGGAGATTTGCGC,LYPD4,1175,617,197
LYPD4_TGCTCCTCAGGGACTGCAAG,LYPD4,539,262,94
LYPD4_ATGGTGTGTAAGCTGCAAGA,LYPD4,733,258,367
LYPD5_GGAGGTCGATGGCTGTCCAG,LYPD5,197,131,72
LYPD5_CCGACGAGTCCAGTGTCACC,LYPD5,1244,197,325
LYPD5_AGGATGACTGCGCTATCGGC,LYPD5,137,49,182
LYPD5_GGGCGTCATGAGTCATGAGG,LYPD5,602,64,202
LYPD5_GCTATCCTGTCTCTGGACAC,LYPD5,310,49,187
LYPD5_TTCATGGCCCTGAGGTCAAA,LYPD5,891,386,583
LYPD6_CTTTCAGACAATCCGCCAGC,LYPD6,1196,107,194
LYPD6_CACCAAACGCTGTGTCCCAC,LYPD6,751,93,345
LYPD6_CTGGAAGAGTGCTTATCCAC,LYPD6,1354,59,95
LYPD6_CTCCGAGCATGAAGGCCACA,LYPD6,801,240,332
LYPD6_ACTATCACTGACATACAGCG,LYPD6,1675,237,485
LYPD6_CCCTAACCACAACCACAAGC,LYPD6,2505,787,1116
LYPD6B_AAGTAAGATTCCCTGCGAGC,LYPD6B,680,187,166
LYPD6B_TTCGGACCGCCCAGCACACA,LYPD6B,3000,596,935
LYPD6B_CTATAGCGAGAGCGTGACAG,LYPD6B,612,281,485
LYPD6B_CACTACTTACGGTCGAGAGG,LYPD6B,253,382,106
LYPD6B_CACCACTACTTACGGTCGAG,LYPD6B,618,147,599
LYPLA1_TACGCCACTCACCGCAGCGG,LYPLA1,2117,480,412
LYPLA2_CCACGAGGATGCAGACACAA,LYPLA2,2927,519,899
LYPLAL1_CGCTGTATCGTGTCGCCGGC,LYPLAL1,807,706,224
LYPLAL1_GCTGTATCGTGTCGCCGGCA,LYPLAL1,657,122,85
LYPLAL1_GCCATGCAGGAAGATCAGAG,LYPLAL1,744,424,677
LYRM1_GGTGGGTCTGAAGATGACAA,LYRM1,157,101,168
LYRM1_AAATGCTGCGGTAGAGGCCA,LYRM1,660,228,260
LYRM1_GCAGGCGACATCAGGGCAGA,LYRM1,654,652,270
LYRM1_GGTACTTACCCTCATCAACC,LYRM1,13,92,65
LYRM1_TCAGATTCATCTGCCTCCAA,LYRM1,220,132,160
LYRM2_AACGGCATTGTTACAACCAC,LYRM2,1150,239,362
LYRM2_TGAAGCGCAAGACCTGAAGG,LYRM2,2182,323,201
LYRM2_AGCGACGCTAACGTTAAAGC,LYRM2,277,68,175
LYRM4_TTGAGAATCGAGACATGCCC,LYRM4,568,132,109
LYRM4_AGCAAGGCACAGCCGCCAGG,LYRM4,269,74,72
LYRM4_CCTTGGAGTAATTCGTCGAC,LYRM4,648,176,196
LYRM4_TGCTCTCTCTCAGCATCGCC,LYRM4,502,0,0
LYRM7_CACCTTGACTGCCCGTCCCA,LYRM7,573,382,309
LYRM9_GAGACTTGCCAACCTCCAGG,LYRM9,1,75,152
LYRM9_ATCCATCATCAGAAGAGGCC,LYRM9,283,126,160
LYRM9_TGCCAGCAGCTGCCGACCAA,LYRM9,91,110,194
LYRM9_TTGCCAGCAGCTGCCGACCA,LYRM9,1072,133,184
LYSMD1_GACCCGGACACTACGGGACC,LYSMD1,265,142,42
LYSMD1_TGACCCGTACCTCTCGGACC,LYSMD1,588,244,242
LYSMD1_ACAGGAGCAGGACGTGCCAA,LYSMD1,977,55,29
LYSMD1_CAGAGTCCAAACCATTGAAC,LYSMD1,1329,290,136
LYSMD1_ATTTGAGTGCTAGTCCAGCC,LYSMD1,249,129,115
LYSMD2_ATTCTTGAGGACTGGGAGGA,LYSMD2,391,95,277
LYSMD2_TCGAGCGCCATGTGGAGCAC,LYSMD2,813,155,376
LYSMD2_CACATGGCGCTCGATGACGC,LYSMD2,1548,396,974
LYSMD2_ACCTGAGACCGCTCTCAACG,LYSMD2,1505,431,727
LYSMD2_CACGGAAGCCGCGTTGAGAG,LYSMD2,1847,619,593
LYSMD3_TATGTTTCCTGTTGAGCAGC,LYSMD3,150,20,23
LYSMD4_TCAGTCAGACCACCCAAGCG,LYSMD4,4334,801,1167
LYSMD4_CTGTCTGCAGAAGTGACGGC,LYSMD4,785,210,347
LYSMD4_AGTGACCGTGGAACTGCCAG,LYSMD4,94,22,49
LYSMD4_GGCAAGGAGCGCCACAAGAG,LYSMD4,2081,244,217
LYSMD4_GGAGTCCCACACACAACAGC,LYSMD4,942,386,381
LYST_GCCAAGATGAAAGCAGCCGA,LYST,103,176,199
LYST_GAAGAATTGTCATCCCAGCC,LYST,831,249,368
LYST_CCCGAGGGCAACTCGAAGCA,LYST,1803,1058,718
LYST_TGGTGCATATGTTCAGGAGA,LYST,794,175,440
LYST_CTTCAGATCCACTGCTGGGC,LYST,680,158,574
LYST_TTTGCAATGCAGTGGTCCAG,LYST,932,342,239
LYVE1_AGCAAGCACTAGCAGAGCCG,LYVE1,696,228,0
LYVE1_AGCTATGGCTGGGTTGGAGA,LYVE1,153,386,316
LYVE1_GGGACTAAGTTTGGCCGGCA,LYVE1,251,106,151
LYVE1_CCATAATTCTGCATGACACC,LYVE1,2640,603,723
LYVE1_CAACACCAGGCTGAAGCACC,LYVE1,1102,58,206
LYVE1_GATGGCCAGGTGCTTCAGCC,LYVE1,372,86,85
LYZ_CCTGGACCGTAACAGAAAGG,LYZ,1834,527,196
LYZ_CAGGGATGTGTTTGGCCAAA,LYZ,1094,476,545
LYZ_ATGCTGTAGCTTGTGCAAAG,LYZ,2377,781,798
LYZ_TGCTGTAGCTTGTGCAAAGA,LYZ,2817,908,1334
LYZ_AGGGTTGTCCGTGATCCACA,LYZ,589,130,134
LYZL4_AGTACTCCGATACCCTGGCA,LYZL4,279,130,195
LYZL4_CTTCTCTCCACAGGCCCACC,LYZL4,18,222,213
LYZL4_TATGGCAGCGGTTCCTGCCA,LYZL4,106,108,23
LYZL4_TGTGTTCTCGTAGATGGCCA,LYZL4,764,200,201
LYZL4_GGCTACCTGGTGGTTCCAAG,LYZL4,766,379,335
LYZL4_AACCACCAGGTAGCCAAGGA,LYZL4,2182,815,397
LYZL6_GGATTGTGTCCGGAGCACGG,LYZL6,732,141,71
LYZL6_AGGATTGTGTCCGGAGCACG,LYZL6,819,167,147
LYZL6_AAGGATTGTGTCCGGAGCAC,LYZL6,1079,76,100
LYZL6_CTTGACAGTCTACGTGGCAA,LYZL6,1579,155,77
LZIC_ACACTCGGAACGTCAAGAAC,LZIC,1012,282,331
LZIC_AACCTTGTCCGAAGCTGACC,LZIC,354,193,109
LZIC_AACCAGGTCAGCTTCGGACA,LZIC,766,810,301
LZIC_TATTCAGGCAGCTATCAGCC,LZIC,777,123,151
LZTFL1_TGTTTGCACAAGCTGAGAAG,LZTFL1,695,332,280
LZTFL1_AGCTGTGGTTCATAGTGAGG,LZTFL1,1340,297,117
LZTFL1_TGAGGGTCGGTTACTCACCA,LZTFL1,1152,1203,1290
LZTFL1_ACAGACCTGTCCTAGAAACA,LZTFL1,1361,418,504
LZTFL1_GAAGTCCTTGTTTCTAGGAC,LZTFL1,346,288,103
LZTR1_GCACCCACGAACTCGTCGCA,LZTR1,534,388,198
LZTR1_AGTCTTTCACATCGAACCGC,LZTR1,1065,263,296
LZTR1_GGCCGAGTGGTGGTAACGGG,LZTR1,459,132,111
LZTR1_ACAAGTTTGCAACTGGCCAG,LZTR1,573,187,128
LZTR1_GCTATGACGGCAACGCCAGG,LZTR1,315,0,74
LZTR1_AGTTGGGATGCGTGTCCACC,LZTR1,930,13,61
LZTS1_CCAGACGGAGGTGAACGCCA,LZTS1,1301,313,211
LZTS1_CCAAGCTCAGGTCCTACGAG,LZTS1,4083,1703,787
LZTS1_GCTCTGTCCTTCTCCGACGG,LZTS1,1679,277,531
LZTS1_AATCTGGGTGATGGGAGCCC,LZTS1,719,39,146
LZTS1_GAGGCTACTGACGCTGCCCA,LZTS1,175,62,19
LZTS2_CAGAGTCTGCACAATGGCCA,LZTS2,981,248,355
LZTS2_GCCCACCTTCTTCCGCCAGC,LZTS2,549,238,177
LZTS2_GGCCCAGCCACTAAATGCCA,LZTS2,525,39,8
LZTS2_GGAAGGAAAGCTCCGAGACC,LZTS2,549,112,45
LZTS2_CGAGGCTTGAGGAGACCAAG,LZTS2,503,111,221
LZTS2_AATGGGTCAGCGGTGGCAGG,LZTS2,201,40,44
LacZ_CAGCTGGCGTAATAGCGAAG,LacZ,616,376,284
LacZ_CCTTGTGGAGCGACATCCAG,LacZ,1460,245,464
LacZ_GGCACTTCACCGCTTGCCAG,LacZ,58,386,110
LacZ_CGTTATCGCTATGACGGAAC,LacZ,1762,410,615
LacZ_TTTGCCCGGATAAACGGAAC,LacZ,521,223,221
LacZ_CCAGACCGTTCATACAGAAC,LacZ,2616,830,774
LacZ_CAATATTGAAACCCACGGCA,LacZ,823,577,527
LacZ_TCACCGCCGTAAGCCGACCA,LacZ,1334,976,654
LacZ_GAGCGAACGCGTAACGCGAA,LacZ,759,210,351
LacZ_CACCGCCGTAAGCCGACCAC,LacZ,2226,894,674
LacZ_CAAGACTGTTACCCATCGCG,LacZ,2115,1121,1386
LacZ_GACGAAGCCGCCCTGTAAAC,LacZ,1302,469,308
LacZ_ACGAAGCCGCCCTGTAAACG,LacZ,1840,753,1324
LacZ_CGCCCGGTGCAGTATGAAGG,LacZ,2760,1164,1436
LacZ_CCGGTGCAGTATGAAGGCGG,LacZ,659,145,401
LacZ_CGTATTCGCAAAGGATCAGC,LacZ,795,118,229
LacZ_TTGCCCGATGTACGCGCGCG,LacZ,2921,1339,1776
LacZ_CCGCGTGCAGCAGATGGCGA,LacZ,715,164,527
LacZ_CCTTCCCGGCTGTGCCGAAA,LacZ,891,422,349
LacZ_CCATTTCGGCACAGCCGGGA,LacZ,317,376,249
LacZ_TGGACCATTTCGGCACAGCC,LacZ,297,432,404
LacZ_TGCGCAGCCTGAATGGCGAA,LacZ,1081,937,498
LacZ_CATTTCGGCACAGCCGGGAA,LacZ,739,71,186
LacZ_CCGCCGCCTTCATACTGCAC,LacZ,2906,1068,982
LacZ_GCAAATAATATCGGTGGCCG,LacZ,534,299,279
LacZ_GCGCGTCGTGATTAGCGCCG,LacZ,0,0,1
LacZ_CGCCTTCATACTGCACCGGG,LacZ,383,754,875
LacZ_CGCCGCCTTCATACTGCACC,LacZ,1706,485,494
LacZ_TCATACTGCACCGGGCGGGA,LacZ,1050,537,714
LacZ_GCCTTCATACTGCACCGGGC,LacZ,971,410,201
LacZ_AGGGCGGCTTCGTCTGGGAC,LacZ,460,745,376
LacZ_AACCCGTGGTCGGCTTACGG,LacZ,900,235,242
LacZ_CTCATCGCCGGTAGCCAGCG,LacZ,1481,313,344
LacZ_GATTCATTGGCACCATGCCG,LacZ,475,270,281
LacZ_TGTAGCGGCTGATGTTGAAC,LacZ,1671,800,1152
LacZ_TCGCACAGCGTGTACCACAG,LacZ,1949,1578,2117
LacZ_CTGGTTTCCGGCACCAGAAG,LacZ,1227,557,663
LacZ_CGGATAATGCGAACAGCGCA,LacZ,444,580,596
LacZ_ACAGCGTGTACCACAGCGGA,LacZ,658,166,222
LacZ_ACTGGAAGTCGCCGCGCCAC,LacZ,66,220,450
LacZ_GGCGCTGGATGGTAAGCCGC,LacZ,80,139,272
LacZ_TTAACGCCTCGAATCAGCAA,LacZ,911,412,303
LacZ_CAGAAGCGGTGCCGGAAAGC,LacZ,824,473,265
LacZ_CCTCTGGATGTCGCTCCACA,LacZ,955,246,436
LacZ_ACTGCCTGAACTACCGCAGC,LacZ,219,358,355
LacZ_TGCAACCGAACGCGACCGCA,LacZ,351,785,757
LacZ_GCGACCGCATGGTCAGAAGC,LacZ,1325,439,361
LacZ_CGACCGCATGGTCAGAAGCC,LacZ,1320,627,436
LacZ_AAGCCGGGCACATCAGCGCC,LacZ,1004,239,357
LacZ_TCGATAATTTCACCGCCGAA,LacZ,575,373,310
LacZ_GCATCTGACCACCAGCGAAA,LacZ,3010,1243,1010
LacZ_AATTTCACCGCCGAAAGGCG,LacZ,5,14,24
LacZ_CAACTGGTAATGGTAGCGAC,LacZ,878,135,250
LacZ_TCAGTTCACCCGTGCACCGC,LacZ,2496,795,614
LacZ_AACGCAGCACCATCACCGCG,LacZ,2950,1884,1383
LacZ_CCCGCATTGACCCTAACGCC,LacZ,2351,1168,937
LacZ_CTAACGCCTGGGTCGAACGC,LacZ,610,253,172
LacZ_CTGGGTCGAACGCTGGAAGG,LacZ,4107,982,903
LacZ_GGTCGAACGCTGGAAGGCGG,LacZ,247,206,230
LacZ_TGATTACGACCGCTCACGCG,LacZ,758,290,235
LacZ_GCGCTCAGGTCAAATTCAGA,LacZ,236,323,540
LacZ_GCGATACACCGCATCCGGCG,LacZ,761,261,205
LacZ_GATTGGCCTGAACTGCCAGC,LacZ,207,7,107
LacZ_CCTGAACTGCCAGCTGGCGC,LacZ,458,165,205
LacZ_AGGTAGCAGAGCGGGTAAAC,LacZ,1652,583,831
LacZ_TTCTCCGTGGGAACAAACGG,LacZ,1133,461,509
LacZ_TATGGCCCACACCAGTGGCG,LacZ,679,384,187
LacZ_CGCTTCTGGTGCCGGAAACC,LacZ,2889,1489,1296
LacZ_CCATCGCCATCTGCTGCACG,LacZ,4413,1608,2130
LacZ_CTCTTCGCTATTACGCCAGC,LacZ,324,124,145
LacZ_TGCACGCGGAAGAAGGCACA,LacZ,979,374,299
LacZ_GGCTGCGCAACTGTTGGGAA,LacZ,1792,713,552
LacZ_CTATTACGCCAGCTGGCGAA,LacZ,561,420,463
LacZ_TATTACGCCAGCTGGCGAAA,LacZ,382,323,123
LacZ_TTACGCCAGCTGGCGAAAGG,LacZ,163,130,86
LacZ_CGATTAAGTTGGGTAACGCC,LacZ,762,218,299
LacZ_CTGACAATGGCAGATCCCAG,LacZ,820,323,543
LacZ_GCGGAATTCCAGCTGAGCGC,LacZ,1199,454,1096
LacZ_GATTAAGTTGGGTAACGCCA,LacZ,491,418,194
LacZ_CAATCCGCCGTTTGTTCCCA,LacZ,1022,234,462
LacZ_TGTTCCCACGGAGAATCCGA,LacZ,15,80,55
LacZ_CAGTTCAGGCCAATCCGCGC,LacZ,459,1078,1012
LacZ_GCGTTTCATCTGTGGTGCAA,LacZ,2427,1496,1200
LacZ_CGTTTCATCTGTGGTGCAAC,LacZ,718,311,1193
LacZ_ATCTGTGGTGCAACGGGCGC,LacZ,907,306,215
LacZ_CGCCTTCCAGCGTTCGACCC,LacZ,1138,1028,1405
LacZ_GCAACAACGCTGCTTCGGCC,LacZ,1012,311,670
LacZ_ACGCCAATGTCGTTATCCAG,LacZ,1730,458,384
LacZ_TTTATGGCAGGGTGAAACGC,LacZ,316,273,203
LacZ_GGTGAAATTATCGATGAGCG,LacZ,282,157,129
LacZ_GCTGGTGGTCAGATGCGGGA,LacZ,881,261,335
LacZ_TGGTCAGATGCGGGATGGCG,LacZ,1409,363,630
LacZ_CCCGAATCTCTATCGTGCGG,LacZ,602,228,468
LacZ_CTGCGATGTCGGTTTCCGCG,LacZ,1822,1846,1309
M1AP_GGGCAGCATCAGTTCCCGCG,M1AP,543,144,112
M1AP_CAAGCTGTTGGCAGCTGGAC,M1AP,1911,176,489
M1AP_AAAGCCTGGCTACATAACAG,M1AP,698,164,173
M1AP_CAGACCTAGCCAGAGTCAGG,M1AP,648,74,211
M1AP_CTCCGCATGTTACAGAGAGA,M1AP,894,208,209
M1AP_ATGTGCACAATGAGAAGCCG,M1AP,867,200,169
M6PR_CTGGCAGGATCTTGGCAACC,M6PR,1877,1193,1583
M6PR_CGACTGGTAGTGGGAGCCAA,M6PR,1856,322,136
M6PR_AGATGGAACCCACACTGAGG,M6PR,439,130,348
M6PR_TTCAGGGTGTGCCGGGAAGC,M6PR,2294,1870,1880
M6PR_ATTCTCTCACTGCCACAGCC,M6PR,424,94,235
M6PR_TTCTACAGCTGCTGGAGGAC,M6PR,597,70,228
MAATS1_TACCCTGATTCGCAGCAGAC,MAATS1,1620,363,537
MAATS1_CTTACGTGGTGAGCTGCCGG,MAATS1,302,72,102
MAATS1_CACAGTAGACTTTGAAGGGA,MAATS1,1802,433,450
MAATS1_CCTCCCAGTTTGAGAAGAGG,MAATS1,295,148,63
MAATS1_TGAAGCACTTGAATGCCCGG,MAATS1,846,10,78
MAATS1_AAGGTTGGAGTTGGAAGCCG,MAATS1,982,79,19
MAB21L1_AATGCACCGGGATCTGGCCG,MAB21L1,767,371,388
MAB21L1_TCAGACGCTGGTGGCTCAAG,MAB21L1,635,208,142
MAB21L1_CCGGTCCAGGTTTCAGACGC,MAB21L1,1553,320,575
MAB21L1_AGTTGAGCGACGGGCGCAAG,MAB21L1,805,387,258
MAB21L1_AACTTCAGCACCGCGCAGCC,MAB21L1,1286,926,358
MAB21L1_GAGATGGACAATCGCTACGA,MAB21L1,1331,228,154
MAB21L2_CTCAAGGAGCTGATGAAGCG,MAB21L2,269,464,503
MAB21L2_GAGATCGATGCCCGCTACGA,MAB21L2,309,195,305
MAB21L2_TTCGCCCACCGAATTTGAGG,MAB21L2,1285,326,203
MAB21L2_AACACCCACGAGAAACGGAC,MAB21L2,15,24,72
MAB21L3_GCTGGCGCCTCAAGTCCACC,MAB21L3,13,38,27
MAB21L3_TCAGGGTCCCGCAACGGGCA,MAB21L3,852,152,296
MAB21L3_GACCCTCAGGGTCCCGCAAC,MAB21L3,318,134,121
MAB21L3_CCGGGCTTTCTTGGACCAGG,MAB21L3,708,215,257
MAB21L3_GGTCATGAGGCACCTGAAGG,MAB21L3,808,172,218
MAB21L3_CAGCAAAGCATTTCTGCGCC,MAB21L3,925,528,1123
MACC1_GGGACAGATGTGAGTAACCC,MACC1,393,44,67
MACC1_TTGGTTAAGTCAACGCCAGC,MACC1,298,99,211
MACC1_CACATCAAGTTCATCACCGG,MACC1,3175,870,498
MACC1_GCAGACAGTTGATTCCAGAA,MACC1,890,500,309
MACF1_GCAGAAGGATGTACTCGGAA,MACF1,785,286,497
MACF1_CCTTTACAGATGAACGGGAC,MACF1,247,185,245
MACF1_CCATACAAACAACGAGGAGC,MACF1,1144,113,122
MACF1_GGACTTCCTAAAGCAGCGAC,MACF1,273,442,327
MACF1_AGTGCCATCCTCTTCTGAGA,MACF1,581,88,94
MACF1_CTGTCACCTTCTGGGTCCAC,MACF1,882,408,268
MACROD1_AGACTCACCAAACACGCCGG,MACROD1,584,383,656
MACROD1_CGTAGACGTCATCCACACAG,MACROD1,2729,1322,995
MACROD1_GGCTGCATTCATCGGGCCGC,MACROD1,412,90,46
MACROD1_TGGTGATGTCGCTGCGGAGC,MACROD1,1258,107,187
MACROD1_CCTGAGTGACAAGCAGCGGG,MACROD1,402,77,37
MACROD1_CACCTCCACCGACTGGAAGG,MACROD1,1747,115,257
MACROD2_CGACATTCAGCTAGCAAACA,MACROD2,3611,1319,1491
MACROD2_ACTGTAGGGCCAATAGCCAG,MACROD2,769,285,358
MACROD2_CCCTCAACACCATTAAGGAA,MACROD2,2013,762,655
MACROD2_GAAAGATGAGAACGGTCCAG,MACROD2,205,112,44
MACROD2_CGTGACCAAGATCATCCCGA,MACROD2,725,267,254
MACROD2_ATCCTAGGTGTGTCCTCGCC,MACROD2,515,142,168
MAD1L1_GCTCAACCACGAATCTGGAA,MAD1L1,959,333,580
MAD1L1_GACGCTGGTTGGCTTGGAGC,MAD1L1,1044,72,9
MAD1L1_GCAGTGGAGCGTGATGGACC,MAD1L1,1528,389,124
MAD1L1_ACACGGGTGACCCTGTGGGC,MAD1L1,265,32,114
MAD1L1_GCATCCGGCAGCTTCAGGAG,MAD1L1,3615,351,351
MAD1L1_CCACCTCATCCAGGTGGAGC,MAD1L1,191,201,187
MAD2L1BP_ACTTGAGACAAGCTCTACGC,MAD2L1BP,530,10,34
MAD2L1BP_CCAACAAGCCCTGGCAGAAC,MAD2L1BP,3566,894,1212
MAD2L1BP_TCAACTATCGAGTGCCCAGC,MAD2L1BP,544,0,87
MAD2L1BP_AACTATCGAGTGCCCAGCCG,MAD2L1BP,2704,223,599
MAD2L1BP_AATGTAGTCTTCCCAAGCCG,MAD2L1BP,1024,17,56
MAD2L2_CTGGATCCTGGCGGATGAGC,MAD2L2,1078,236,137
MAD2L2_CGGCTTCTCTCGTGTGCACC,MAD2L2,1797,300,313
MAD2L2_CTGATGCCAGCTAGTGGGCG,MAD2L2,724,391,483
MAD2L2_TATACTGATTCAGCTCCGGG,MAD2L2,200,0,0
MAD2L2_GCGTTTCTGGAAGATGCCCA,MAD2L2,935,0,0
MAD2L2_GAGGTCTTGTCGTGTGAGCG,MAD2L2,354,85,53
MADCAM1_CGACAGCGAGGCGTTGCGCA,MADCAM1,422,579,349
MADCAM1_TGTTCAGGGTGACAGAGCGC,MADCAM1,171,302,206
MADCAM1_CGTGGCCTGGCAGTAGAGGG,MADCAM1,1217,446,269
MADD_CTTCTGAGGCACAGGTGGCA,MADD,1075,430,495
MADD_TCCACTAGGGTGAATCGAGA,MADD,764,236,391
MADD_CGTGGCAATGATCTACCCAC,MADD,612,324,119
MADD_ATTCTGTGGATGTTGCAACC,MADD,1770,348,710
MADD_GGAATTGAAGAACCGTACCA,MADD,137,380,250
MADD_CCTGAGTGTACCACCAGAGC,MADD,18,57,175
MAEA_GGAGTACCCGACCCTCAAGG,MAEA,455,75,153
MAEA_AACCCGGTTGCTGCCTGGAG,MAEA,1188,558,381
MAEA_ATGTGGACCCTGAGAGCCAC,MAEA,323,1,97
MAEA_CTGACCACGGAGTCCACGGC,MAEA,1550,428,555
MAEA_CTACAACACGGCTGTCAAGC,MAEA,1831,276,462
MAEA_GGACTTGTTGTCATGGCACC,MAEA,383,224,364
MAEL_GCATCAGCAACGCGAGCCAC,MAEL,647,159,217
MAEL_ATGGAGGGCCGCTCAGGGAA,MAEL,951,301,310
MAEL_AATGAGGAGGTAGCTCGCCA,MAEL,561,61,103
MAEL_AAGCGCTGTTCACAATGAGG,MAEL,907,81,204
MAEL_CTCTGGTTCTATCATCAGAC,MAEL,1103,390,576
MAEL_GGAAATGCTCTCTAGTAAGC,MAEL,935,239,352
MAF_TGATGGCTCCAACTTGCGAG,MAF,734,376,857
MAF_TGGAGATCTCCTGCTTGAGG,MAF,719,245,251
MAF_GCAAGTCGACCACCTCAAGC,MAF,1274,316,347
MAF_CATCGAAGCCGCCCTGGAGC,MAF,968,262,322
MAF_CAGCGAGCAGAAGGCGCACC,MAF,585,116,100
MAF1_AGCCAAGGCGGTGAGGAGGA,MAF1,332,33,97
MAF1_GCGTGGCAATCAGGTAGAAG,MAF1,1804,490,486
MAF1_CCTGAAGGACTCATTGAGCG,MAF1,1060,318,380
MAF1_TGTGACATCTACAGGTGGGC,MAF1,483,66,177
MAF1_TTAGCTGCCGTTCCATCAGG,MAF1,458,68,83
MAF1_CAACGAGCTGGACATGGAGC,MAF1,1780,72,145
MAFA_ATACGAGAAGCTGGCGGGCC,MAFA,101,199,49
MAFA_AATACGAGAAGCTGGCGGGC,MAFA,907,39,29
MAFA_TGCGCCGCTTCTGCTTGAGC,MAFA,593,250,158
MAFA_GCAGCTCCGCGGCTTCAGCA,MAFA,403,403,316
MAFA_CTACGAGGCTTTCCGCGGCC,MAFA,597,192,386
MAFA_CAGTACAGATCCTCCAGCGC,MAFA,1709,222,316
MAFB_AACTCCGGCTTCAGGGAGGC,MAFB,324,133,374
MAFB_TAAGCAGGAGGTGTCCCGGC,MAFB,647,118,602
MAFB_GACGCAGCTCATTCAGCAGG,MAFB,174,295,240
MAFB_AGCGGCGGACCCTGAAGAAC,MAFB,1192,787,908
MAFB_TAGTGGGCAGCTGTTGCGCC,MAFB,631,159,139
MAFB_CTGTTCGGTCGGGCTGAAGC,MAFB,1445,800,540
MAFF_TCTCCGCCGAGGAGGTGACA,MAFF,897,196,95
MAFG_GGCCACCTTGCCTGGGACGA,MAFG,711,465,240
MAFG_GGACGATCTCCTCCTTGGAC,MAFG,381,201,89
MAFK_GAGCTCGGTGGACTTGACGA,MAFK,1289,93,185
MAFK_AGCCGAGAAGGGCACGGAGG,MAFK,1099,85,51
MAFK_TGCAGCCGAGAAGGGCACGG,MAFK,1864,32,21
MAFK_CACTAGGATGCAGCCGAGAA,MAFK,1670,959,350
MAG_TGTACTGGTTGTAGCCGCCC,MAG,456,130,304
MAG_TGAGCTGGCTGGGCCACGAG,MAG,1276,178,114
MAG_CATCCAGGTCAGCAGCGGCG,MAG,1354,792,802
MAG_GGTACTCACACTCCACAGAC,MAG,521,139,215
MAG_TCCTCGCGGTGCAGATGACG,MAG,137,114,162
MAG_CTGGGTAATGTAGCAGACGA,MAG,1581,774,1160
MAGEA1_CCGAGCAGTAATCACTAAGA,MAGEA1,2608,674,570
MAGEA10_TGTAGCGCTAGAACTTGCAC,MAGEA10,1719,338,214
MAGEA10_GCTAGAACTTGCACTGGCCA,MAGEA10,0,60,302
MAGEA10_GGAAGGGAAGCAACGACCGA,MAGEA10,197,93,2
MAGEA10_GAAGGGAAGCAACGACCGAG,MAGEA10,85,123,203
MAGEA10_TGGTATTAGAGGATAGCAGG,MAGEA10,271,289,156
MAGEA11_GCTAGGAATACCAATGAGCA,MAGEA11,610,184,97
MAGEA11_TCTTCCTCTTGATGCTGGCA,MAGEA11,513,204,103
MAGEA11_ATCATAAGAGAGGTTGAGGG,MAGEA11,183,240,90
MAGEA12_GCTCGTCTCCAGGTCAGGAA,MAGEA12,388,87,60
MAGEA4_CGTCCTGGGCACAATTGCAA,MAGEA4,2553,748,725
MAGEA4_CCTCCATTGCAATTGTGCCC,MAGEA4,197,207,358
MAGEA8_CAGCGCTACAAGGCTGAGGA,MAGEA8,480,246,308
MAGEA8_ATCTGCACATCCATAAGCCC,MAGEA8,1288,333,290
MAGEA8_CATCAAGTGCTTCCCGGAAC,MAGEA8,2406,1003,1307
MAGEA8_CCTCCATTAAGATCATGCCC,MAGEA8,979,124,243
MAGEB1_TCATGTACCGAATCTGACGA,MAGEB1,706,236,437
MAGEB1_GACGAGCTCCAAGCGGCGAG,MAGEB1,77,271,60
MAGEB1_GGCCAAAGACGAGCTCCAAG,MAGEB1,477,359,526
MAGEB1_TCCGATCCAGTGTTAGAGCC,MAGEB1,853,334,564
MAGEB1_CGTGGCAGTAGTGCGACGCC,MAGEB1,289,104,74
MAGEB10_GAAGAGTAAACTCCGTGCCA,MAGEB10,187,113,169
MAGEB10_GCCACTGATAGCTTTCCCAG,MAGEB10,1566,39,104
MAGEB10_TGGCAATTGTGTCGCTGAGG,MAGEB10,1689,332,269
MAGEB10_GCTCGCGTTAGTGCCACAGC,MAGEB10,644,235,206
MAGEB10_CTTAACCTTGGAACGTGCAC,MAGEB10,1219,264,346
MAGEB16_AAACTCTGAGGAACCTCAAG,MAGEB16,727,169,120
MAGEB16_GGCTTCCAGCAATCAAGAAG,MAGEB16,959,276,308
MAGEB17_CGCTTACTCGCCTGACCGCG,MAGEB17,82,510,314
MAGEB17_AAGTTCTGATGAAGGTGCCA,MAGEB17,196,90,116
MAGEB17_AAGCACATAGGACTGACGGC,MAGEB17,823,160,146
MAGEB17_AGGAAGCTTGAGCGATGGCG,MAGEB17,278,118,282
MAGEB17_ACATCTCTTCCTCAGTGGCA,MAGEB17,390,69,197
MAGEB17_CCAAAGATTTGGTGCGAGAG,MAGEB17,4209,1445,1563
MAGEB18_ATGCTAGGTGTCTCAGCAGC,MAGEB18,110,249,45
MAGEB18_TGGCCTCCTGATGATTGCAC,MAGEB18,414,177,100
MAGEB18_CACCCAGTGCAATCATCAGG,MAGEB18,449,142,207
MAGEB18_CAGGGCTCATACTGCTGCCA,MAGEB18,180,98,79
MAGEB18_TCTGGAACGTGCATTTGCCA,MAGEB18,718,296,294
MAGEB2_AAGGCCCGAGATGAGACCCG,MAGEB2,481,99,182
MAGEB2_AAAGGTGCCAAGAGCCACCA,MAGEB2,436,235,222
MAGEB2_CACTTACACCTTCATCGACA,MAGEB2,920,193,512
MAGEB3_TCACGCCCAGGAGATTCAGC,MAGEB3,1040,117,128
MAGEB3_CAATGATGGCAGTAGTGCCA,MAGEB3,23,31,154
MAGEB3_TGCTTCAACTTCACTAGGCG,MAGEB3,2113,1151,1298
MAGEB4_GCTGCAGCTATGTCATGCAC,MAGEB4,595,191,210
MAGEB4_CAGGAAAGTCTCTCAGCGCA,MAGEB4,1021,490,451
MAGEB4_AGAGCTACTGGATGTGGCCC,MAGEB4,590,298,583
MAGEB5_GGTGAGACCTCTGAGGAACA,MAGEB5,209,140,10
MAGEB5_GGCAAAGTGTTACCCAAGAC,MAGEB5,296,269,365
MAGEB6_GGAGGCCTAGCTTGCTGACA,MAGEB6,393,261,173
MAGEC1_GAGAAATCTCTAGAGGAGAC,MAGEC1,464,46,57
MAGEC1_GGACATCCTCACCCTCAGGA,MAGEC1,556,126,235
MAGEC1_CGCTAAAGTGTAGGAGAAGA,MAGEC1,2194,862,681
MAGEC1_AGTGAAGCAGCCTATCACAA,MAGEC1,813,402,337
MAGEC1_AGGGACGGTATTCTTTAGCA,MAGEC1,113,138,201
MAGEC2_CATTCCCAGTAGTCCTCCAC,MAGEC2,1592,614,696
MAGEC2_TCGTTGTCAACGTTGCGGAA,MAGEC2,1474,484,739
MAGEC2_CGGAATGGAACGCCTGGAAC,MAGEC2,2569,1487,1024
MAGEC3_ATATTTGACCTGAGTAGCCC,MAGEC3,500,208,164
MAGEC3_TGGAACTTCAGATCAGCGAA,MAGEC3,765,222,242
MAGEC3_GACCTTCCAACATGGAGGAG,MAGEC3,7,119,130
MAGEC3_ATAGCTATCTCCCAACACGG,MAGEC3,1162,150,440
MAGEC3_AGAGGGAAGCGTCTTAGACC,MAGEC3,1096,403,434
MAGEC3_GACAGTTCTTGGGCATGCCC,MAGEC3,99,0,0
MAGED1_CGCGGAGTTGAGAATAAGGG,MAGED1,2482,402,478
MAGED1_CAAGGCGCTGTCTTCTACGG,MAGED1,1223,654,684
MAGED1_AGTGGATTCGGCCAGACAAC,MAGED1,346,254,224
MAGED1_TGCATGCTTTGTCCTAGAGA,MAGED1,2657,325,384
MAGED1_ACGTTCCCAGTATGCCAGCC,MAGED1,189,452,579
MAGED1_TAGTCTCATGGTAGGAACGG,MAGED1,474,244,555
MAGED2_TACTCAGCTGACTGATACCC,MAGED2,245,130,101
MAGED2_TAATGGCCTCAATGGCCCGC,MAGED2,270,40,46
MAGED2_AATGGCCTCAATGGCCCGCA,MAGED2,211,66,55
MAGED2_TCGTCTGGTCTTTAGCCAAA,MAGED2,1249,440,497
MAGED2_TGGTCTCATAGTAAGAGCGC,MAGED2,1271,396,270
MAGED2_GGCCGAGATTAGAGCTCGAA,MAGED2,983,187,170
MAGEE1_CCCACCATCTCTGAGGGACC,MAGEE1,1830,244,564
MAGEE1_CCTACACCTGGTGAGGGACC,MAGEE1,1656,553,657
MAGEE1_ATCACGGGTGGGTGGCACGG,MAGEE1,1363,101,428
MAGEE1_CATCACGGGTGGGTGGCACG,MAGEE1,3670,424,693
MAGEE1_CTCATCACGGGTGGGTGGCA,MAGEE1,1837,577,632
MAGEE1_GCTTGATCCCTTACCGCGGG,MAGEE1,734,317,438
MAGEE2_AAGTCTTGGAGTACATGGCC,MAGEE2,590,118,160
MAGEE2_ACTGGATTAGAGTAGGACAG,MAGEE2,517,111,133
MAGEE2_GATGAGCTATTGGCTCACAC,MAGEE2,275,101,139
MAGEE2_CAGACGAGCCTCAGCTCACC,MAGEE2,1278,22,172
MAGEE2_TGATTGGCGCCTGAGGGCAC,MAGEE2,454,132,93
MAGEE2_ATCAACGACTAGCATGGAGG,MAGEE2,522,73,31
MAGEF1_ATAAGAAGGAACCGCAGCAC,MAGEF1,757,110,135
MAGEF1_AGCGATATCTCAGTTACAGG,MAGEF1,827,96,315
MAGEF1_CCGCCACCGTCCGATTCAGC,MAGEF1,1980,307,704
MAGEF1_CTACCGCCGGCTGAATCGGA,MAGEF1,760,82,241
MAGEH1_CTGCGGCTCTCGCATTACGG,MAGEH1,1352,623,943
MAGEH1_CATCATGGGCAACAGCGCCA,MAGEH1,1215,316,191
MAGEH1_CAGAAGAGTTTGTGCGCAGA,MAGEH1,1370,390,321
MAGEL2_GCATTTGCCCTCTCATCCAA,MAGEL2,478,344,376
MAGEL2_TGGGCTTTCAGAGAGACCCA,MAGEL2,743,132,202
MAGEL2_TCAGAGAGGCAGGCTGAAAC,MAGEL2,3007,1110,1073
MAGEL2_GGCCTCTTCTATAGACCGCA,MAGEL2,389,119,132
MAGEL2_AAATTTGCCGCTGCTACCGG,MAGEL2,834,287,246
MAGEL2_CCAGGCATCGGGTCCGCAAG,MAGEL2,1366,632,384
MAGI1_GCTGCTTGTTTAGGCACCGA,MAGI1,612,34,216
MAGI1_AGCCGATTCTGGTGAACAAG,MAGI1,2021,530,520
MAGI1_CAGTGGGAAAGTGATCACGA,MAGI1,1528,344,488
MAGI1_ACAACCCGATCTCCCAGAGA,MAGI1,1155,290,353
MAGI1_TCAATCAGCGATTCCAGAAG,MAGI1,1240,532,580
MAGI1_TTCACGAATGCACCGTGAAG,MAGI1,335,394,349
MAGI2_CAATAGTGAAGCCGAAGCCC,MAGI2,2658,213,152
MAGI2_TGAGGAATGTTCCCTTCAAC,MAGI2,815,354,345
MAGI2_ACACTGGTGCAGGATAAGGC,MAGI2,1126,800,390
MAGI2_AGGCCTGTGGTCAATGGAAA,MAGI2,1076,492,621
MAGI2_ACTCACATGGCACCGTGCGG,MAGI2,798,555,256
MAGI2_TGACACACTTGAGCCGGAGG,MAGI2,1189,161,343
MAGI3_CGCTGAAGAAGAAGAAGCAC,MAGI3,1177,112,158
MAGI3_CGTTGAACAGTTCAAAGCAC,MAGI3,1488,801,431
MAGI3_ATTAATGGCAGTGGAAACGC,MAGI3,891,80,176
MAGI3_AAGACGAGGATCCAACCAGG,MAGI3,1045,328,392
MAGI3_GATGGTCCCGCAGCTCAGGA,MAGI3,84,126,1
MAGI3_GGATAGTCACTAGTTCAGGC,MAGI3,462,220,107
MAGIX_ACGTGGCAGCGCTGGTACGC,MAGIX,947,452,425
MAGIX_CCACAATAGTGGCATGAGGC,MAGIX,307,231,182
MAGIX_TACATAGTTTGCCCTGAGGC,MAGIX,964,372,150
MAGIX_ATCAACGGAGAGTCAACGCA,MAGIX,1296,43,138
MAGIX_GAGGCCGACGAATAACCAGG,MAGIX,568,77,74
MAGIX_GGTCGTTGGGATCCTCAGCG,MAGIX,1545,378,460
MAGOH_CCTGGAGTTTGAGTTTCGAC,MAGOH,1024,21,39
MAGOHB_CATGAAGAGTACCAAGCAAG,MAGOHB,1877,503,227
MAGOHB_GAGTTCGAATTTCGGCCGGA,MAGOHB,35,48,64
MAGOHB_TCTGGAGTTCGAATTTCGGC,MAGOHB,300,130,128
MAGT1_TGGTGGAGTTACCTTAGGAA,MAGT1,1258,332,369
MAGT1_CAGTTCTGTCGGCGATCCAC,MAGT1,334,78,121
MAGT1_AGTTCTGTCGGCGATCCACC,MAGT1,419,31,19
MAGT1_TATCCTGTTGGTGAATGCAC,MAGT1,587,55,38
MAGT1_AGGTTAGTCAGCTGATGGAA,MAGT1,1299,137,343
MAGT1_GCTCCGGCTAGGTCTGAGGG,MAGT1,1356,322,178
MAK_ACACCATAGACTCCTACCGG,MAK,2099,390,366
MAK_AAGGTGTCCTTGATAGCCAG,MAK,593,194,78
MAK_AGGCTCCAACCACTCGACAG,MAK,2120,330,551
MAK_GGATTCATAACGTGGGAAAC,MAK,519,436,344
MAK_GGCTCTACCTCAACTAAAGA,MAK,373,188,142
MAK_CTGGCCAGAAGGATACCAGC,MAK,277,64,79
MAK16_GCATACTGACTATTTGCCAG,MAK16,1465,29,37
MAK16_TCCTCGGCGTCTCTGGGAAC,MAK16,1109,50,0
MAK16_GCTGGACAATGCCATTGAGA,MAK16,498,0,0
MAK16_TCATGCCTTCGACAAAGCCC,MAK16,445,56,0
MAK16_GCCCTTAGTGCGAAACACAA,MAK16,517,38,106
MAK16_ATGCTGAAAGGGAAATCACG,MAK16,1335,119,42
MAL_GACCGAGAAGCCACTGGGCA,MAL,476,111,543
MAL_GATGAAGAGCAAGTCGGGCA,MAL,1,150,10
MAL_ACACGAACATCACCCAGCCC,MAL,1064,110,205
MAL_CTGTACATAATTGGAGCCCA,MAL,660,223,239
MAL_TACATAATTGGAGCCCACGG,MAL,1293,329,276
MAL_TTGCATCGTGATGGTGGCCA,MAL,570,613,457
MALL_CGCCTTCTTCCTGCCCGAGC,MALL,1601,302,634
MALL_CGGGCAGGAAGAAGGCGAAA,MALL,1724,520,703
MALSU1_CCCACTAATGTGGCGCAGGG,MALSU1,954,357,398
MALSU1_GGGACGCCCAGAATCGGACG,MALSU1,414,329,260
MALSU1_TACCCGACACTTACATGCCA,MALSU1,763,91,183
MALT1_AAACTGTGTTGCCGGGCAAC,MALT1,310,152,409
MALT1_AGTTCTACTCACCCAAAGGC,MALT1,783,230,258
MALT1_GGTAAGTGTCACCTTACCAA,MALT1,11,35,0
MALT1_AGATACTGTAGAGGACAAGC,MALT1,903,213,324
MAMDC2_CCTTACCTTGCAACGCCAGG,MAMDC2,501,33,44
MAMDC2_CCGTGTTGGCCTCTCTGCCG,MAMDC2,4,22,38
MAMDC2_ATCTCATGTAGAGGTTCAGC,MAMDC2,375,23,26
MAMDC2_TCACACCTTCAAGAGTGAAC,MAMDC2,944,148,128
MAMDC2_GCTTTCAATGGTCCCAAGGG,MAMDC2,284,157,144
MAMDC2_AGAACTTCTGTTCAGTGCCG,MAMDC2,416,296,240
MAMDC4_CAGACTACTTACCCAGGAAC,MAMDC4,1388,570,797
MAMDC4_ACACGAAGTTGCACACGGCC,MAMDC4,1237,480,119
MAMDC4_CACTCTCCCAGGTTACCACG,MAMDC4,3004,829,434
MAMDC4_TTTCCCTCGGTGGGTTCCAA,MAMDC4,618,219,178
MAMDC4_AGCTCACTCGGAAGTCACCC,MAMDC4,589,131,181
MAMDC4_ACCCGAAATGCCACCCACAG,MAMDC4,2806,277,589
MAML1_TCCATGACCGCGCTGTGCCG,MAML1,1116,463,635
MAML1_GCTCTCCACAAGTGAGGGCC,MAML1,0,57,0
MAML1_TCCACACCTCTGGTCAGCCC,MAML1,403,52,136
MAML1_GGGTCCCAACACTGGTAGCC,MAML1,421,77,315
MAML1_ACAAGGCAGCTTCCCACAGC,MAML1,1458,193,191
MAML1_TCACAGATGGGCGGTCGGGC,MAML1,73,174,236
MAML2_AAATTGCTGGGCGTCAGGGA,MAML2,858,271,386
MAML2_CCAGTGTTTGGATTTGAGCA,MAML2,1888,876,1179
MAML2_TGGCTTGGTAGAGATTGGGC,MAML2,484,22,143
MAML2_TTCTCCTGCCCAAATGGACC,MAML2,1079,83,193
MAML2_TAGGGCCGAGAGCTCAGACC,MAML2,372,62,237
MAML2_GGCAGACAGCGATCCGAGCC,MAML2,1,124,2
MAML3_TCGGCTGCCCAGCTTGAAGA,MAML3,1397,431,416
MAML3_GAATCCATACCCAGTGCAGC,MAML3,42,62,74
MAML3_AACAGTTCCTGCGGGAGCAA,MAML3,365,159,147
MAML3_CGCACTCTCCTGGGAGAGAG,MAML3,1844,253,200
MAML3_GAGCCTCTACCAGCGGACCC,MAML3,239,32,68
MAML3_ACCACGTCAACTGCGAGAAC,MAML3,1676,408,359
MAMLD1_CTCCTGACGATTTCCCACCA,MAMLD1,1771,697,795
MAMLD1_GCGTTGGCAGCCAGCAAGCA,MAMLD1,3546,1766,1870
MAMLD1_GGACATGAGGTTGGCAAGAA,MAMLD1,1117,771,981
MAMLD1_TCGGGCCAGCTCATGAGCAA,MAMLD1,623,615,845
MAMLD1_GCAGCTAGGCAGTAGTGGAG,MAMLD1,1358,319,201
MAMLD1_TGTCGAACGGACCTGGGAAC,MAMLD1,2035,453,511
MAMSTR_TTGGGCTTGAGGCGCGGCCA,MAMSTR,1212,221,322
MAMSTR_GGAACTTCAGACCCTTAAAC,MAMSTR,472,442,346
MAMSTR_CCTGGGCCATCTCTGTGGGA,MAMSTR,1016,60,331
MAMSTR_CACGGGTCCGGATCCGAGAC,MAMSTR,1760,234,364
MAMSTR_TCCAGCTTCGGATCCACAGA,MAMSTR,1136,520,548
MAMSTR_AGCGAATGATTTGGGAACGC,MAMSTR,854,148,218
MAN1A1_CAGAATACTGCTGCCTCCAG,MAN1A1,237,182,65
MAN1A1_GGTGGATGTGCAATATCCCA,MAN1A1,187,19,20
MAN1A1_CTACTATCTGTCTGGAGAAG,MAN1A1,1832,598,466
MAN1A1_AGCAACTATAGTAGATGCCC,MAN1A1,238,97,153
MAN1A1_TCGCAGGAGCTGCTCGACCC,MAN1A1,2263,358,326
MAN1A1_GAACTTCTCCGTCAGGCGGA,MAN1A1,176,1,16
MAN1A2_TGGTATCCTACGTCCAGAGA,MAN1A2,705,290,387
MAN1A2_ACAAGGTTGGGAATAGGGAC,MAN1A2,462,181,550
MAN1A2_CCAGTAGGTGTGTTAAAGGC,MAN1A2,1443,356,268
MAN1A2_TCAGTGGAGTAGGGCGAAAC,MAN1A2,1632,924,995
MAN1A2_TCATACATCTGTCGGTGGCC,MAN1A2,180,370,286
MAN1A2_GGTTCCAGAGCAGATAAAGC,MAN1A2,446,84,331
MAN1B1_ATGAAGTCCCGATGAGGCGG,MAN1B1,706,57,116
MAN1B1_CAGCCAAGTTGATGTAGAAG,MAN1B1,3014,471,337
MAN1B1_CGTCTTACCAGCTCCTCAGA,MAN1B1,501,48,50
MAN1B1_CTGCCACCGGCCAGGACACA,MAN1B1,1951,599,1595
MAN1B1_CATCTGAACTATCGCCAGAA,MAN1B1,691,153,126
MAN1B1_TGCGGATCGTGCTCTCAAAC,MAN1B1,1691,1402,1222
MAN1C1_AGAGCCAAGTGCGAGCCCAG,MAN1C1,713,107,454
MAN1C1_AGAGAGCTTCCACCTGAACG,MAN1C1,1664,326,388
MAN1C1_CCGAATAAAGGCCATCAGGC,MAN1C1,404,96,151
MAN1C1_CACTGAACTCTCTGGCAACC,MAN1C1,1927,1182,1829
MAN1C1_TCAGCCCAGTGAGTGGGAAC,MAN1C1,1885,613,594
MAN1C1_CGAGTCCTCCAACTGAGACA,MAN1C1,1808,541,603
MAN2A1_CACTGCCGAACACGGTGAAC,MAN2A1,1999,596,255
MAN2A1_CAGCTAGCAAACGCTCCAAA,MAN2A1,1288,586,526
MAN2A1_CCTCATTCCCATAACGACCC,MAN2A1,1473,232,191
MAN2A1_GAGTGAAACCTCGGTCCGGC,MAN2A1,0,43,12
MAN2A1_GCGCTGACTTGAACTTCCAC,MAN2A1,673,219,133
MAN2A1_TGTCTATCCCATGACCACAA,MAN2A1,1594,576,523
MAN2A2_AACCAGGCACGACTCACCCG,MAN2A2,3236,260,205
MAN2A2_GCAGAACCGCATTGAGCAGC,MAN2A2,154,82,48
MAN2A2_CCACCATCCACGTTGTCAAA,MAN2A2,3216,1091,1696
MAN2A2_GGGCAGCTGGAGATTGCGAC,MAN2A2,475,234,400
MAN2A2_ATGGTGGAGCTGTATCCAAA,MAN2A2,1196,340,333
MAN2A2_GATCTTGGGATCTGGGCCAC,MAN2A2,102,105,31
MAN2B1_GACTTCTTCCCTTACGCGGA,MAN2B1,453,187,234
MAN2B1_CTCCCAGAGGTAACAAGCGG,MAN2B1,569,301,454
MAN2B1_CCAATGGTTACAACCCGCCA,MAN2B1,813,368,574
MAN2B1_GCAGGCCTCGCTGTTTGCGC,MAN2B1,720,100,153
MAN2B1_CTCCACGTAAATGAAGCGAC,MAN2B1,963,140,106
MAN2B1_ACACACATGATGACGTGGGC,MAN2B1,438,318,280
MAN2B2_GGCGGTCGCAGCAACAGGAG,MAN2B2,2083,390,846
MAN2B2_CCGGTTCATCGCTGTGGAGC,MAN2B2,1080,223,250
MAN2B2_GGCGTCCTTCCTCCAGGAGC,MAN2B2,150,40,52
MAN2B2_TCGTGGCAGAGGCGCCAAAC,MAN2B2,1452,546,672
MAN2B2_GGGCTGCAGTTCGTGTGGCG,MAN2B2,3130,838,711
MAN2B2_ACGTGAAGCAGAGGGCCGCC,MAN2B2,534,128,176
MAN2C1_CCTGTACACAGCCAATCAGA,MAN2C1,1029,139,139
MAN2C1_TGAGCTAGCTGTGTTCCACC,MAN2C1,1690,295,409
MAN2C1_CTATGTCCTGACTGACAGGC,MAN2C1,1202,158,275
MAN2C1_AGCTGACCATCCCAGAGGCA,MAN2C1,1082,65,87
MAN2C1_CCTACCAGGAGGCAGTCCAG,MAN2C1,950,25,88
MAN2C1_CTGCGCCGGCCTTGAAGCAC,MAN2C1,428,281,332
MANBA_GGATCAGCAAGGGCACACGA,MANBA,1106,489,612
MANBA_TTGAAAGGTCTCGTCTACAG,MANBA,295,82,122
MANBA_CTGAAACTGTTGCAGAAGCC,MANBA,1315,457,371
MANBA_CATGGACATGGAAACCAGAC,MANBA,1126,167,112
MANBA_CCATGTCAACTTTGTTCGGA,MANBA,140,199,284
MANBA_CACAGCGCCTTGTTCCAGCA,MANBA,1632,602,880
MANEA_GGAAGAAGGTCAAGTCCAAA,MANEA,421,122,69
MANEA_GGGTCCCAATGCTCTAACAC,MANEA,554,81,42
MANEA_GATTACCGTCCTCATAAACC,MANEA,408,80,104
MANEA_ACCTAGAACTGACTCGCAAG,MANEA,935,212,111
MANEAL_CTTTGAGCGACGCCCAGAGG,MANEAL,991,18,36
MANEAL_TAGACGCGCAGGCTCTGCAC,MANEAL,248,42,203
MANEAL_ACCACGTCATGGTGCCGCAC,MANEAL,142,413,684
MANEAL_ATAGCGCTGCTGGTGGAGGA,MANEAL,1226,90,173
MANEAL_TGCCGTCAAATCCGGCGGCC,MANEAL,461,114,276
MANEAL_TGATGAAGTGCTCCGCCCAG,MANEAL,2110,627,307
MANF_TCTCACAGATCTTCTCCACA,MANF,842,219,134
MANF_GCAGATCGACCTGAGCACAG,MANF,1371,228,376
MANF_CTACAAATCGGTCCGTGCAC,MANF,498,50,123
MANSC1_TCCTGCGGAGTGATTCCGAG,MANSC1,1213,441,247
MANSC1_TCCTCTCGGAATCACTCCGC,MANSC1,851,338,182
MANSC1_CCGAGAGGATTCTACCCAGG,MANSC1,1406,461,444
MANSC1_GGATTCTACCCAGGAGGACG,MANSC1,351,30,222
MANSC1_GAGTGCGCTCCCAGCTACGG,MANSC1,667,155,103
MANSC4_CAGCAGGGCCAGTATAAACC,MANSC4,2335,510,744
MANSC4_TCTTGATGCGTGGTTGAGGA,MANSC4,622,859,379
MANSC4_GAGAGCTGCATATTAGAGCC,MANSC4,312,18,33
MANSC4_AGCTGCTGTCTTCGGAAGGA,MANSC4,653,359,579
MANSC4_TCTGGAGGAGTCTCAGAAGC,MANSC4,1196,193,434
MANSC4_TTAGAAGACCTGGGAAGCGA,MANSC4,737,279,356
MAOA_GACGTAGTCGTGATCGGAGG,MAOA,623,198,63
MAOA_CTTACGCTTGTCTAAGGAGC,MAOA,94,7,41
MAOA_GGGATTCCATACTGGTGGAA,MAOA,449,102,232
MAOA_TCAGCATGTTGAGCCTCCCA,MAOA,866,81,79
MAOA_GGTGACAGAGAATATCCGAG,MAOA,337,174,72
MAOA_TTGGATGACACCAAGCCAGA,MAOA,198,296,281
MAOB_CACTTGATGACTGAACCCAA,MAOB,834,160,76
MAOB_CCTTGGAGACCGAGTGAAGC,MAOB,36,18,11
MAOB_GGATTCCATACAGGTGGGAA,MAOB,553,570,433
MAOB_ATGTGGTTGTTCTGGAAGCC,MAOB,555,336,338
MAOB_CATGAGCAACAAATGCGACG,MAOB,678,207,337
MAP10_GGCTCTGTTTAGCATGGGAA,MAP10,197,186,88
MAP10_TCCGGTTTCTCGTGAGACCC,MAP10,1066,358,363
MAP10_GGCCTACCGCCTGACTGACC,MAP10,525,211,360
MAP10_GCCGCTCAAGTTGGCTCAGC,MAP10,1457,375,382
MAP10_AGGTGAGGATGTATATGAGC,MAP10,727,35,110
MAP10_ATGCCGGTCTGAAGCCAAGA,MAP10,1533,315,196
MAP1A_TTGTTCAAGGTGGGCCCGCA,MAP1A,434,474,287
MAP1A_GATCTCACTCTGGTGGCAAA,MAP1A,1214,297,271
MAP1A_GGATCTCACTCTGGTGGCAA,MAP1A,781,146,368
MAP1A_TTGGCTGCACAATCCTCAGA,MAP1A,386,164,227
MAP1A_ACAGTGGCCTTGAGTTCCAA,MAP1A,433,157,116
MAP1A_GGACTCATCCTGCATCACCA,MAP1A,331,253,338
MAP1B_GGGTTGGCGATGCTGCCGGA,MAP1B,90,25,109
MAP1B_TGTTGCCGATGGCACGCCGC,MAP1B,330,85,42
MAP1B_ACAAGCTGCTCGTGCTGACC,MAP1B,321,0,107
MAP1B_TCCTAGCAAATCCGTGCGCA,MAP1B,1150,393,651
MAP1B_GCCATCTCCAGTGAAAGCCG,MAP1B,151,56,121
MAP1B_ACAAAGCGTCCAGGACAGCC,MAP1B,284,59,407
MAP1LC3A_ACCGGCCTTTCAAGCAGCGG,MAP1LC3A,850,327,208
MAP1LC3A_CGCAGCCGACCGCTGTAAGG,MAP1LC3A,1713,429,681
MAP1LC3A_TCTGCTGTACCTCCTTACAG,MAP1LC3A,1151,503,404
MAP1LC3A_TGTAGCGCTCGATGATCACC,MAP1LC3A,365,259,120
MAP1LC3A_AACTTGGTCTTGTCCAGGAC,MAP1LC3A,817,233,237
MAP1LC3A_CATCGCGGACATCTACGAGC,MAP1LC3A,933,127,34
MAP1LC3B_CTTCGGTGAGTGTCGCCGCG,MAP1LC3B,2317,145,44
MAP1LC3B_CTCGCGGCGACACTCACCGA,MAP1LC3B,1517,443,588
MAP1LC3C_CTTCCCGACATGGGCTAGAG,MAP1LC3C,1181,1033,1000
MAP1LC3C_ACCGGATGATGCTGAGGAAC,MAP1LC3C,1071,529,441
MAP1S_GAGCAGTGAGCTCGGAGCCG,MAP1S,341,194,9
MAP1S_AGGTTCAGCCCTGCCAACAC,MAP1S,358,151,239
MAP1S_CAGGATCGACATCCCAAGAC,MAP1S,2059,648,558
MAP1S_TCTCCAGGTTGTCTCCACGG,MAP1S,1312,241,616
MAP1S_CACCGTGCTCTTCGAGAAGA,MAP1S,418,598,481
MAP1S_GGCCAGTAGCGCGTCCAGGA,MAP1S,2329,333,623
MAP2_TTAAGGATCAAGGCGGAGCA,MAP2,410,297,547
MAP2_CAGACTGTCACAGTGGAGGA,MAP2,1479,413,778
MAP2_TGCTAGATCTGGCAGGCACA,MAP2,811,189,177
MAP2_TTTGTGCTACCCTGTAAAGC,MAP2,1865,534,459
MAP2_CCTGACACACCTCGCCGAGG,MAP2,347,262,183
MAP2_GAGTGATGGCAGTAGACCCA,MAP2,355,71,0
MAP2K1_CCATACTTACTCCGCAGAGC,MAP2K1,1374,510,566
MAP2K1_TATGGTGCGTTCTACAGCGA,MAP2K1,1103,327,304
MAP2K1_AACATCCTAGTCAACTCCCG,MAP2K1,1098,420,597
MAP2K2_AGAACCACACCTTCATCAAG,MAP2K2,1534,167,55
MAP2K2_CCTGGACTATATTGTGAACG,MAP2K2,3704,691,527
MAP2K2_ACAGCATCTCGCCTCGGCCG,MAP2K2,965,359,328
MAP2K2_CGAGCAGCAGAAGAAGCGGC,MAP2K2,151,247,298
MAP2K2_TTGACGAGCAGCAGAAGAAG,MAP2K2,2237,981,857
MAP2K3_GGGAGCGCCTACCTTTGGAC,MAP2K3,383,195,185
MAP2K3_GGCCAGTCCATATACCACCC,MAP2K3,525,73,31
MAP2K3_GGGCACTTGCACATATGGGC,MAP2K3,361,44,37
MAP2K3_TCCGGGAGTCCAGGTTCCGG,MAP2K3,526,61,9
MAP2K3_CTTGGACAAGTTCTACCGGA,MAP2K3,846,227,310
MAP2K3_AAGCTGTCGGTGATCCACAG,MAP2K3,1124,648,1022
MAP2K4_CCAGAGAATTCGGTCAACAG,MAP2K4,2421,631,793
MAP2K4_TTATGGTGCACTCTTCAGAG,MAP2K4,1452,1076,960
MAP2K4_GACCCAAGCGCATCACGACA,MAP2K4,2035,318,785
MAP2K4_CTTTAGTATGAGTTGGCCAC,MAP2K4,467,19,116
MAP2K4_ATCGACATACATGGGAGAGC,MAP2K4,712,126,105
MAP2K5_CCTGAAGAGTAACTGCGGCC,MAP2K5,1978,5,71
MAP2K5_TTATAGGTGAATACTCGGGC,MAP2K5,770,14,55
MAP2K5_ACTCTTGGTCATGGCAACGG,MAP2K5,1471,49,116
MAP2K5_GCTAGTAAACACAAGAGGAC,MAP2K5,706,1,26
MAP2K5_GAAACCTCCCAAGAGCAAGC,MAP2K5,289,1,29
MAP2K5_CAACAATGCACTGCAGAAGC,MAP2K5,1434,395,563
MAP2K6_CTTGTCAACTTACGTGGAAC,MAP2K6,2156,1058,909
MAP2K6_AAGATGCGGCACGTGCCCAG,MAP2K6,1001,81,130
MAP2K6_CCGAGCCACAGTAAATAGCC,MAP2K6,2299,585,631
MAP2K6_TTATGGCGCACTGTTTCGGG,MAP2K6,1072,320,270
MAP2K6_TTGGAGTCTGGGCATCACGA,MAP2K6,1129,315,509
MAP2K6_ACCTGTTTGAGCTGCTGAAA,MAP2K6,1649,628,527
MAP2K7_GGAACAGAAGCTGTCCCGCC,MAP2K7,72,0,0
MAP2K7_AAGATGCGCTTCCGGAAGAC,MAP2K7,786,329,265
MAP2K7_AATGCGGCGCTCCGGGAACA,MAP2K7,1044,357,395
MAP2K7_TGGAGGGCTTGACGTCGCGG,MAP2K7,645,425,456
MAP2K7_AACTCACCAACGAGATGCCC,MAP2K7,230,99,86
MAP2K7_ATGTGTCCGGGCAGAAGCGG,MAP2K7,672,712,683
MAP3K1_GCTACGAGCCCTGAGGCAGG,MAP3K1,428,66,71
MAP3K1_AACCATTCGTGCTTCCAGGC,MAP3K1,395,340,216
MAP3K1_GCGGCTTCACCAGCTTCCAA,MAP3K1,240,264,623
MAP3K1_CCCGCATCACTTTGTTAACA,MAP3K1,4753,1379,1799
MAP3K1_TTCTGGATGGTGTTACGAGA,MAP3K1,854,391,186
MAP3K1_AGCCTTTGGCTGGATCACGA,MAP3K1,337,132,266
MAP3K10_CCTAGTGATGGAGTATGCCC,MAP3K10,609,205,100
MAP3K10_TCTTGTGCCACTCGCGGGCG,MAP3K10,1073,343,508
MAP3K10_CTTGGCCGTGGCGTATGGCG,MAP3K10,563,63,436
MAP3K10_AGCCCTGTTCCAGATGCCAC,MAP3K10,300,160,193
MAP3K10_GGAGCTGGCAGAACGTGAGA,MAP3K10,438,34,185
MAP3K10_TGGGAGATACTCACGGCGAA,MAP3K10,1067,426,535
MAP3K11_ACACTGGATGGCTCGGAACC,MAP3K11,2006,456,711
MAP3K11_TGCTGCGCTTGAATGTCCCG,MAP3K11,1477,218,326
MAP3K11_AGGTCCTACGGGAAATGCCG,MAP3K11,381,193,231
MAP3K11_ACCGGCCATAAGCTGTGCGA,MAP3K11,223,132,8
MAP3K11_ACCACACAAATGAGTGCCGC,MAP3K11,1,25,40
MAP3K11_GGCAGCGGGTTATGCCAACC,MAP3K11,860,45,221
MAP3K12_CTGTCTGCACCGCCTAGAAG,MAP3K12,2661,509,429
MAP3K12_CATCCCTAGGTCCTTTGGCG,MAP3K12,1971,117,233
MAP3K12_ATGTCGACCTTCTCAGACAC,MAP3K12,977,142,147
MAP3K12_GACCAGTCAACCAGTAAGGA,MAP3K12,270,139,79
MAP3K12_AGGTCCAGGATTTCCTCAAA,MAP3K12,837,314,304
MAP3K12_CCACATCTCGAAGTACACAC,MAP3K12,3337,248,488
MAP3K13_TCCTCGAGCAGCTTGGGAGA,MAP3K13,300,264,150
MAP3K13_GGGCAAGTTCCGGGCGGAAG,MAP3K13,428,178,210
MAP3K13_CTCTACGAGGTCTTACGAGC,MAP3K13,818,217,119
MAP3K13_TTTGAATCCATCAGGGCAAG,MAP3K13,847,498,485
MAP3K13_GATGGATGATAGGACGAACA,MAP3K13,169,209,77
MAP3K15_TTCCCAACAAACTGTTCAGC,MAP3K15,1297,204,265
MAP3K15_CTCAATGGCGCTGTCGCGGC,MAP3K15,1485,298,584
MAP3K15_CCAACAGGACTATGATGCGA,MAP3K15,1276,395,677
MAP3K15_AGCTCGGATCAAGCTCCGCA,MAP3K15,225,290,53
MAP3K15_CCGAGTACATGCAGCCCAAC,MAP3K15,3446,869,663
MAP3K15_CTCGACGCCTTCTACGACGC,MAP3K15,1692,467,762
MAP3K19_TTTACATCGGAGCACACCGA,MAP3K19,758,272,331
MAP3K19_GAACCTATCCTATGGACCAA,MAP3K19,214,53,81
MAP3K19_AGAACCTATCCTATGGACCA,MAP3K19,480,282,295
MAP3K19_TTATCCCTTCAGAAGACAGC,MAP3K19,423,81,51
MAP3K19_TGAAACCTGGGCAATTGCCA,MAP3K19,233,233,184
MAP3K19_TTGCAGGAGTTCGACCAAGA,MAP3K19,2098,480,541
MAP3K2_GCTTCAAATTCAGCCCAAGG,MAP3K2,515,47,22
MAP3K2_CCTGAAGTCATCAGTGGAGA,MAP3K2,1497,75,86
MAP3K2_TTGGGCAAACTGCTTGGCCA,MAP3K2,1002,34,109
MAP3K2_CACCTCGAGCTCCGACCAAC,MAP3K2,308,302,298
MAP3K2_TTACACCAGGTTGCCCGGAA,MAP3K2,2858,444,566
MAP3K2_CAAGGATAATGCTGGTCGAC,MAP3K2,244,127,81
MAP3K3_GCGGTGGCGACACTTACCCA,MAP3K3,14,1,8
MAP3K3_CTCTTTCATTGCAGACGAAC,MAP3K3,3867,1304,1348
MAP3K3_AATCAAGTTCGAGCACAACG,MAP3K3,777,330,733
MAP3K3_TCAAGGCTTCCCAGTCCGCA,MAP3K3,300,254,204
MAP3K3_CCGCTCAGGAACATAGCCAG,MAP3K3,2021,133,146
MAP3K3_GAAGCTGCCAATCCTTGGAC,MAP3K3,457,92,91
MAP3K4_GCAGGCGTGACGGCAAAGGC,MAP3K4,822,436,626
MAP3K4_CACTGTCTTTCATAGGCAAG,MAP3K4,952,681,566
MAP3K4_TGGATATGCAGTCCCGCGAC,MAP3K4,1454,517,1071
MAP3K4_GACTCGGCAGAGAACTAGGA,MAP3K4,276,323,270
MAP3K4_TGTAAGGAGGTCCTGAAGGG,MAP3K4,670,372,1166
MAP3K4_ACTTGAATCCACTTGGCAGG,MAP3K4,109,241,119
MAP3K5_GCACGTGCTTCCTGATGACA,MAP3K5,1285,729,730
MAP3K5_CTGTCTTTGTGGCCTCGACC,MAP3K5,970,165,247
MAP3K5_ATTCCCATGGTGCAAAGCGA,MAP3K5,987,228,190
MAP3K5_ATCCACAAGAGGTAAGCAGA,MAP3K5,83,38,314
MAP3K5_AAACAAGGACGGCTGCCGGA,MAP3K5,89,85,104
MAP3K5_TGATCAACGAAGCGAGCCAA,MAP3K5,214,221,202
MAP3K6_ATTGATGCCTGAGTGAAGGC,MAP3K6,319,4,135
MAP3K6_GAGCCCTCAAGCTGTACCAG,MAP3K6,790,134,158
MAP3K6_CTGCCGGATGTCCCGCCGAA,MAP3K6,5046,1389,1397
MAP3K6_CCCTATGTGGTGACGGCCAC,MAP3K6,442,217,296
MAP3K6_ACCAAGGTGGTAGAACAGGG,MAP3K6,79,127,191
MAP3K6_TCTGGATGCCTTCTACAACG,MAP3K6,1621,502,683
MAP3K7_GCCTATTCCAAGCCTAAACG,MAP3K7,737,744,374
MAP3K7_GCTAGGATCGCCGCAACCAC,MAP3K7,478,172,171
MAP3K7_GCCCACATGATTCGGAAAGC,MAP3K7,2359,867,724
MAP3K7_AGCTTACTGCTGGTTGCAGG,MAP3K7,752,62,61
MAP3K7_ACCCAAAGCGCTAATTCACA,MAP3K7,1665,193,184
MAP3K7_CAAGGAGATCGAGGTGGAAG,MAP3K7,1475,239,497
MAP3K7CL_CTTTGGATTGTCCTCCAACA,MAP3K7CL,1885,650,721
MAP3K7CL_TGGAAAGGGCGTTAGGGAAG,MAP3K7CL,1595,302,291
MAP3K7CL_TGCAGTCCGCACTGGTGGAA,MAP3K7CL,1726,810,544
MAP3K7CL_CCCACATGATCAGCACAGCC,MAP3K7CL,1389,251,1001
MAP3K7CL_CGGAGTCATGACAAGGCGGC,MAP3K7CL,577,120,337
MAP3K7CL_GGAATTCGAGGCTCTGACGG,MAP3K7CL,1373,168,315
MAP3K8_TCTGCTGCTTAGTGGCCAAG,MAP3K8,709,103,332
MAP3K8_TCTCGTGCCGGAAGCAAGCC,MAP3K8,670,546,842
MAP3K8_TCTCTTTATGGAAGCAGGCG,MAP3K8,637,67,140
MAP3K8_TAAGGACCTCCGAGGAACAG,MAP3K8,449,196,298
MAP3K8_CGTCTGCATGTGGATGAGCG,MAP3K8,1647,301,398
MAP3K8_GCAGCCTCTTGCGCTCCAAG,MAP3K8,277,70,142
MAP3K9_CCGGCCACTGACCAGAAGGG,MAP3K9,1322,582,375
MAP3K9_CCAACTCAGGGCCAAAGAAA,MAP3K9,1636,646,387
MAP3K9_TAAGCCATCAATGCCTCGAA,MAP3K9,463,113,53
MAP3K9_CCACCAAGATGAGTGCGGCA,MAP3K9,1565,394,818
MAP3K9_CCAACATCATTGCCCTAAGA,MAP3K9,1680,208,499
MAP3K9_GGCCGTGTTCGAGTACGAGG,MAP3K9,584,105,234
MAP4_ATTTCTTCTGGACAGCCAGA,MAP4,55,20,27
MAP4_AAAGTGCAGCTTGCCGGCCG,MAP4,1410,204,173
MAP4_CTAGTGCCATGTCCTTGGCG,MAP4,1839,413,421
MAP4_GAACCTCCTCAGCCAACGGC,MAP4,438,111,79
MAP4_TGAAGTATCAGCTGTCGCAC,MAP4,952,453,622
MAP4_ATGGTGGTCATGGAGTAGAA,MAP4,340,388,602
MAP4K1_CCACGCCTGCCTACCTGAGA,MAP4K1,991,229,197
MAP4K1_GCCGAGATGCCAAAGTCAGC,MAP4K1,2,281,294
MAP4K1_TCTCTCCAGGACATCTACCA,MAP4K1,1554,204,215
MAP4K1_GCCAACATCGTGGCCTACCA,MAP4K1,282,238,148
MAP4K1_CCTTTGCAAGGCTCGAGACA,MAP4K1,968,271,210
MAP4K1_AGGCCATGGCCAAGTTCCGA,MAP4K1,760,47,31
MAP4K2_GGAGCTGCTGAGTCGTGAAC,MAP4K2,1272,104,215
MAP4K2_CAGCGTCTGTGGCCAAGAGG,MAP4K2,1211,54,101
MAP4K2_ATCTGCATGGAGTTCTGCGG,MAP4K2,1103,57,144
MAP4K2_CGACATCAGCTCCCTCCAGC,MAP4K2,754,259,156
MAP4K2_CGACACGGTCACGTCCGAAC,MAP4K2,1528,473,425
MAP4K2_ATGTGTCGCTGCAGGACCCG,MAP4K2,485,34,67
MAP4K3_TCTGTCTCCTTTCTTAAGGG,MAP4K3,62,170,176
MAP4K3_CTATGTGGTACAGCAACAAG,MAP4K3,1896,586,1036
MAP4K3_AGTTGCAGCTGTTGAGAGGA,MAP4K3,320,266,319
MAP4K3_GCAATTTGCAGTTCTGACAG,MAP4K3,2364,527,1085
MAP4K3_TAGGCACGGAATGTTAACAC,MAP4K3,911,136,307
MAP4K3_CCGGCTTCGATTTGTCCCGC,MAP4K3,1115,369,355
MAP4K4_GACTCTGGCAGACTTACCAC,MAP4K4,1092,125,323
MAP4K4_TGTCTTTCCTATTCAGGGAC,MAP4K4,898,1781,710
MAP4K4_ACAGAGGCGACGGCTAGAAG,MAP4K4,2024,2429,2896
MAP4K4_AGCAGGAACGTGAACAGCGA,MAP4K4,825,1246,871
MAP4K4_TATCAGGCGACAGCTAGAAG,MAP4K4,845,323,1165
MAP4K4_TTGCTCCTTTCCTGCTGCGG,MAP4K4,1254,389,521
MAP4K5_TCCGCTTATTAGGATCAGAC,MAP4K5,956,360,292
MAP4K5_TTCCAGACCGAATACTACCA,MAP4K5,1418,591,595
MAP4K5_ACATGAGGCAACGATGGAAC,MAP4K5,1226,369,520
MAP4K5_TGTCTTTGTACCACTAGCCA,MAP4K5,1195,474,630
MAP4K5_GGACTACGAACTCGTCCAGA,MAP4K5,143,15,143
MAP4K5_AGGACTACGAACTCGTCCAG,MAP4K5,686,155,87
MAP6_TCTGAAGACTCAAGGTCCCA,MAP6,185,108,65
MAP6_TCTGGTGCCAGTACCAGCAA,MAP6,1250,381,289
MAP6_CAGCGAGCCATAAGCCCACG,MAP6,1067,335,442
MAP6_CAGTGCTCAGTTCAAAGGAG,MAP6,988,492,472
MAP6_CCGGCAAATCCGCGAGGAGG,MAP6,1280,278,14
MAP6_ATAGAGACGCAGCCAGCCCA,MAP6,1107,57,134
MAP6D1_AGGCCTGAAAGATGGCGGAG,MAP6D1,378,18,7
MAP6D1_CTTCCGGCTGACCTGGAAGC,MAP6D1,181,16,4
MAP6D1_CCGTGTTCTCTGTTCCAGAC,MAP6D1,2038,585,590
MAP6D1_CAGCCCATACCTGTACGACG,MAP6D1,3641,641,639
MAP6D1_TGCCGCTCACTCAGTACCAG,MAP6D1,1668,545,741
MAP6D1_CTACTCGGACCTCGACAGCG,MAP6D1,246,72,84
MAP7_TTAACAACGCTGCTCTCCCA,MAP7,542,32,96
MAP7_TTGATCCCGTCATTAGCAAG,MAP7,1207,329,462
MAP7_AGCTGTTGTACGGCGCACAA,MAP7,2791,595,1238
MAP7_CCCGGGAGCGACGTGAGGAA,MAP7,1764,655,858
MAP7_AATTGCAGAGGCAGGGCGGC,MAP7,969,86,54
MAP7_GAGCTAGGAGCTGGCGGCGA,MAP7,171,54,203
MAP7D1_GAGCCAAGACCTTCTCCAGA,MAP7D1,196,155,146
MAP7D1_TTTGTCCACAGCGGCCAAGA,MAP7D1,1028,468,656
MAP7D1_CCGAAATCCGGCAGCAGCGC,MAP7D1,1590,467,803
MAP7D1_AGTAGAGCCACTCACCGGCG,MAP7D1,479,18,48
MAP7D1_GGATGCAGTGGTGCCTCGGG,MAP7D1,0,17,49
MAP7D1_CTTCTCAGCCAAGAGCCGAG,MAP7D1,734,162,376
MAP7D2_TCACATGCACCTTAGTCCAA,MAP7D2,1188,223,311
MAP7D2_GGAATAGGATATTGCCACGG,MAP7D2,610,85,93
MAP7D2_CAGTGGTCCCTGCATCCGGA,MAP7D2,368,198,104
MAP7D2_CCTGGAGCGCACACAGCAGC,MAP7D2,103,22,119
MAP7D2_ATCTGTTGCTCCCGAGCAGC,MAP7D2,323,150,168
MAP7D2_GAAGATCGCAGAACCGGGCG,MAP7D2,835,143,149
MAP7D3_TGACAACGAAGAAAGCGACA,MAP7D3,1154,333,297
MAP7D3_GCCCATCTTTGAGTTTCAAG,MAP7D3,1694,319,169
MAP7D3_AGGTATTATGAATGCCGAGG,MAP7D3,262,14,69
MAP7D3_AGCACTCCCGAAGGTGGACC,MAP7D3,349,66,34
MAP7D3_ATTAGCAAGAGAGCGCAGAG,MAP7D3,580,258,148
MAP7D3_GCCCGCAGCTCTCTCAAGGA,MAP7D3,1913,266,348
MAP9_TTATTACCTGGCAGATGCAC,MAP9,536,82,217
MAP9_CTTTGAAGATGCTGTTGCAC,MAP9,999,82,266
MAP9_TCTCAACTGCAGTAGTCACA,MAP9,589,18,147
MAP9_GAGGGAAACGCATCTGGAAA,MAP9,646,236,251
MAP9_CAGCTCGCTCAGCCAGACAA,MAP9,1162,409,566
MAPK1_CTTGAATGGTGCTTCGGCGA,MAPK1,1006,186,163
MAPK1_CTGGATCTGCAACACGGGCC,MAPK1,513,23,196
MAPK1_CACAGGTGGTGTTGAGCAGC,MAPK1,1135,241,387
MAPK1_CAGTAGGTCTGGTGCTCAAA,MAPK1,1527,79,63
MAPK1_CAACCTCTCGTACATCGGCG,MAPK1,406,76,183
MAPK1_TACGAGAGGTTGGTGTAGCG,MAPK1,2180,111,154
MAPK10_CATGTCCACCGACCAGACCC,MAPK10,1619,197,288
MAPK10_TGTTTCAGCCAGCCAAGCCA,MAPK10,953,451,338
MAPK10_TTATTGTGCTCGGAGTCCGC,MAPK10,258,25,26
MAPK10_GCTCGGAGTCCGCTGGGAAG,MAPK10,889,303,354
MAPK10_CAAGAGAGCGTACCGGGAGC,MAPK10,790,99,61
MAPK10_CCACTTCCACACTGTAGAAC,MAPK10,2512,626,533
MAPK11_TACAACCAAACAGGTGCAGG,MAPK11,686,150,232
MAPK11_CAGCAACGTGGCTGTGAACG,MAPK11,1966,1391,692
MAPK11_CGCAGTACATCCACTCGGCC,MAPK11,1291,508,1051
MAPK11_GCTTCTGGACGTCTTCACGC,MAPK11,1062,14,94
MAPK11_CGTGGATCAGCGACTGGAAG,MAPK11,3083,574,889
MAPK12_AGTCATCATACTTCTGGACC,MAPK12,285,99,214
MAPK12_AGCCGCTGCACAAACTCAGC,MAPK12,1526,59,189
MAPK12_ACAGATCCTGGACTTCGGCC,MAPK12,517,187,262
MAPK12_CATGTTTCATGAGCTTGCCC,MAPK12,357,0,69
MAPK12_CGGCCACACACTTGGTGCCA,MAPK12,1911,348,671
MAPK12_CTTGATGGCCACCTTAGCGC,MAPK12,2117,307,325
MAPK13_ACAGCTCGGCCATCGACAAG,MAPK13,2665,232,293
MAPK13_GCGAAGATCTCGGACTGAAA,MAPK13,1580,605,311
MAPK13_CATCCAGGAGCCCAATGACC,MAPK13,340,19,106
MAPK13_CTTTGAGCATCTGATACACC,MAPK13,1332,175,448
MAPK13_GAAGCTGAACGACAAAGCGG,MAPK13,769,208,253
MAPK13_ACTGGATGTAGGATTTGGCC,MAPK13,114,246,119
MAPK14_GAGGCCCACGTTCTACCGGC,MAPK14,482,0,45
MAPK14_TTACCAGAACCTGTCTCCAG,MAPK14,1088,83,185
MAPK14_CTGTTAATGAGATAAGCGGG,MAPK14,37,48,25
MAPK14_TGATCATAAGGATCGGCCAC,MAPK14,55,110,36
MAPK15_GGTATCTCCGGACAATGCGA,MAPK15,147,5,42
MAPK15_AAGGCAGTGGACCGGAGGAC,MAPK15,1457,123,243
MAPK15_GATCCGGGCAGAGAACGACA,MAPK15,410,216,148
MAPK15_AACGCAGTCATCCGGAAGGG,MAPK15,1924,353,252
MAPK15_CAGAGTACGTGGCCACACGC,MAPK15,1836,318,568
MAPK15_ATCCCACCGCCATCTGAGGA,MAPK15,815,402,178
MAPK1IP1L_TGATGGTCCGGAAGGAGGAA,MAPK1IP1L,1153,308,249
MAPK1IP1L_GCGGGATATGGGCCTGGAGA,MAPK1IP1L,143,25,15
MAPK1IP1L_GGAGGAGCGGGATATGGGCC,MAPK1IP1L,247,165,318
MAPK3_GGAGCAGTACTATGACCCGA,MAPK3,453,0,77
MAPK3_CAATTCAGGTCCTCCTGGGA,MAPK3,297,9,91
MAPK3_CGATGGACTTGGTATAGCCC,MAPK3,1351,132,172
MAPK3_GATCCTGAGCATGACCACAC,MAPK3,635,69,167
MAPK3_CAGTAGGTCTGATGTTCGAA,MAPK3,912,132,154
MAPK3_GCAGTTGCAGTACATCGGCG,MAPK3,1092,131,197
MAPK4_CAACATCTTCATCAGCACAG,MAPK4,1359,1185,987
MAPK4_GCGTTCTCTGCAAGTCAAAC,MAPK4,211,53,216
MAPK4_TTCCTCCCGGATTACAGGGA,MAPK4,431,345,206
MAPK4_TGTAATCCGGGAGGAAGACA,MAPK4,498,51,15
MAPK4_GGATCGCCTAACAGCTGAGA,MAPK4,1079,169,384
MAPK4_TGAACACGTCCAGGTCGAAC,MAPK4,1875,532,419
MAPK7_CTCTGTAGCGGCCAAGAACC,MAPK7,804,128,107
MAPK7_GAATTCGCCATAGGGCACGG,MAPK7,878,40,62
MAPK7_TCATGGTACTTGGCCAGGAA,MAPK7,1858,764,592
MAPK7_GGAGGACTGGTAGGTTGGAC,MAPK7,683,90,59
MAPK7_TGTGTTCTCAGGCACACCAA,MAPK7,1297,123,369
MAPK7_TTCGAGCCAGTCAGCAAGCA,MAPK7,4358,538,854
MAPK8_AGAATCAGACTCATGCCAAG,MAPK8,1438,820,429
MAPK8_GAATCAGACTCATGCCAAGC,MAPK8,440,141,132
MAPK8_TCGCTACTACAGAGCACCCG,MAPK8,2525,717,617
MAPK8_ACCCGAGGTCATCCTTGGCA,MAPK8,1065,347,139
MAPK8_GGGAACACACAATAGAAGAG,MAPK8,661,108,88
MAPK8_CCAAGAATGGAGTTATACGG,MAPK8,1850,417,1155
MAPK8IP1_ATGGCGGAGCGAGAAAGCGG,MAPK8IP1,317,34,216
MAPK8IP1_AGAAAGCGGCGGCCTGGGAG,MAPK8IP1,1471,332,204
MAPK8IP1_ACTCATCAGTGATCTCCGAG,MAPK8IP1,898,397,227
MAPK8IP1_CCTCTAGTCGCACATCGGCC,MAPK8IP1,410,56,78
MAPK8IP1_CTCACCTGAATATGGCCCGG,MAPK8IP1,1572,97,167
MAPK8IP1_TGTAGATTGCCACCACCCGC,MAPK8IP1,869,102,212
MAPK8IP2_CGGGCCTCTCCCGGAGAAGA,MAPK8IP2,641,197,213
MAPK8IP2_CTGAGTCGTAGCTGAGGCCC,MAPK8IP2,1088,170,132
MAPK8IP2_AGGCTGTCCTGCAGGACGGA,MAPK8IP2,289,25,95
MAPK8IP2_TAGCGCTGTCTCCTGCCAGG,MAPK8IP2,101,267,131
MAPK8IP2_GACCTGAGAAGCCGCTCGAG,MAPK8IP2,979,162,464
MAPK8IP2_CACCAGGTTGCTGAGCAGCC,MAPK8IP2,965,255,686
MAPK8IP3_CATCCACTGCTACGACGAGG,MAPK8IP3,1901,244,441
MAPK8IP3_GAAAGAGCTGCAAATCCAGG,MAPK8IP3,141,171,189
MAPK8IP3_CAGTTTCCCGGTTGGAGGAG,MAPK8IP3,1059,314,566
MAPK8IP3_CGAGGTCACTCAGGTGCCAG,MAPK8IP3,1385,432,482
MAPK8IP3_CATGGAAGTACAGGTCACCC,MAPK8IP3,627,530,509
MAPK8IP3_GCCTGGACCGCACAGGAAGC,MAPK8IP3,824,335,318
MAPK9_CATGTCCACTGAGCAGACGC,MAPK9,322,371,318
MAPK9_TCACGGCTTCTGCTTCGGCG,MAPK9,2108,474,358
MAPK9_GGCATTAAGAAAGCATGGCG,MAPK9,185,195,135
MAPK9_CGGGTGCATCATGGCAGAAA,MAPK9,2156,1189,1002
MAPK9_TAGTGCACGCTGTCCGGGCC,MAPK9,1051,253,448
MAPK9_TGAAGAGCTTTACCTTGAGC,MAPK9,419,301,263
MAPKAP1_ATCGCGAGCTAGCACTGCCC,MAPKAP1,186,34,234
MAPKAP1_CAAAGTTAATCACTGGGCCG,MAPKAP1,653,484,483
MAPKAP1_GCCCAATGTCGCCGTTGACC,MAPKAP1,839,133,258
MAPKAP1_ATGGGCTCATTGGAATCCAG,MAPKAP1,76,33,5
MAPKAP1_TGCTGGCAGTATACAAGCGA,MAPKAP1,1306,654,1134
MAPKAP1_CTGTCTCCAGGCATTGAAGG,MAPKAP1,2364,209,328
MAPKAPK2_AACTGCGGGAACTGCTGCGG,MAPKAPK2,1917,98,354
MAPKAPK2_GCCTGCTGATTGTCATGGAA,MAPKAPK2,2449,489,495
MAPKAPK2_CTTCATTTCAGTTTGGACGG,MAPKAPK2,2500,373,290
MAPKAPK2_CTGGCACCTTGACATCCCGA,MAPKAPK2,341,149,32
MAPKAPK2_AGGCCGTGGTTGGAGTAGAA,MAPKAPK2,2318,650,662
MAPKAPK2_AGCTTACCATGATCCAAGGG,MAPKAPK2,1713,397,640
MAPKAPK3_CGACTACCAGTTGTCCAAGC,MAPKAPK3,1337,533,683
MAPKAPK3_GAGTGCTTCCATCGGCGCAC,MAPKAPK3,372,62,38
MAPKAPK3_AAGGTGGTGAGTTGTTCAGC,MAPKAPK3,1058,122,295
MAPKAPK3_TGTTATGGCTGTGCAGAAAC,MAPKAPK3,1542,618,644
MAPKAPK3_TGGCCCGTGTTGGAGTAGAA,MAPKAPK3,1908,714,736
MAPKAPK3_TATGCGGGTAGACTACGACC,MAPKAPK3,455,55,11
MAPKAPK5_TATGTCGGAGGAGAGCGACA,MAPKAPK5,645,41,122
MAPKAPK5_TTCAAACAAATCGGGAGGGA,MAPKAPK5,978,287,409
MAPKAPK5_TGTGTAGTCTTACCTAGGGC,MAPKAPK5,863,155,159
MAPKAPK5_GACGCCCTACACTTACAACA,MAPKAPK5,1454,420,768
MAPKAPK5_CCACAGCCGGACTATCCCAA,MAPKAPK5,1093,304,374
MAPKAPK5_CAGGCTCCTGAAGGTCAAAC,MAPKAPK5,1736,300,693
MAPKBP1_AAGGGTCAACCATTACCAGC,MAPKBP1,176,74,35
MAPKBP1_CTAACAGGTGACCTTGGAGA,MAPKBP1,988,427,742
MAPKBP1_CAAGTACTTGGTCACTGGAG,MAPKBP1,195,45,55
MAPKBP1_TGATCGTCAACGTGTGGGCC,MAPKBP1,725,221,291
MAPKBP1_GGACACTGCTGTCACCCGAC,MAPKBP1,912,271,381
MAPKBP1_TTGCTAGCGTCACCGAGGCC,MAPKBP1,1315,278,539
MAPRE1_ACCGCTGCGGCTCCTAAGGC,MAPRE1,1779,319,358
MAPRE2_GACAGGGTTTGGGTCGGCCC,MAPRE2,95,293,450
MAPRE2_CCGGAAGCACACAGTGCGCG,MAPRE2,1717,439,152
MAPRE2_AGGTTGAAGATCTGTTCACC,MAPRE2,243,149,50
MAPRE2_TCAAGTCCAGCAGCTAAACC,MAPRE2,2148,764,819
MAPRE2_TGCCCTTGAAGGCGTGGAAA,MAPRE2,2229,600,454
MAPRE2_CAGTACTCTTCCTGCTGCGG,MAPRE2,895,29,70
MAPRE3_TCCTCAAGTGCACACAGCCG,MAPRE3,1314,256,362
MAPRE3_ATTACAACCCTCTGCTGGCG,MAPRE3,926,136,395
MAPRE3_AATCCTCCATCAGCCCGAAA,MAPRE3,816,491,269
MAPRE3_GGTGGACTTGAAGCTGACAG,MAPRE3,553,36,165
MAPRE3_TGGCATCCTCTATGCCACAG,MAPRE3,33,91,226
MAPRE3_TCAATCTCATCGTCCTCAGG,MAPRE3,1501,120,134
MAPT_GAGGACGGATCTGAGGAACC,MAPT,147,17,7
MAPT_CGGTGCTTTGCAGGACAGCG,MAPT,447,499,301
MAPT_CCAATGCCTGCTTCTTCAGC,MAPT,528,673,184
MAPT_CATCCCAGGCTTCCCAGCGG,MAPT,763,24,271
MAPT_AACTGGCAGTTCTGGAGCAA,MAPT,1368,189,21
MAPT_GAATCCTGGTGGCGTTGGCC,MAPT,129,96,29
MARC1_CTTGGCCGTACCTGTCCCGC,MARC1,350,133,171
MARC1_TGCTCGCCAGGAACCTCGCC,MARC1,178,16,95
MARC1_CGGCCTGGAGATAGAGGGCA,MARC1,1984,280,170
MARC1_AGCAGACTTGTTCCGACCCA,MARC1,804,120,14
MARC1_TGAGCTTCTTATTGGTGACG,MARC1,686,185,250
MARC2_ATGGAGATGAGCACGAGGCG,MARC2,942,501,434
MARC2_GGCTCCAGACATGGACCAGC,MARC2,99,183,314
MARC2_GCATCTGTCATGATCAGGAG,MARC2,1720,441,938
MARC2_GGTATTCAAATCTACCAGGG,MARC2,444,39,54
MARC2_TGGTGACCCTGTGTATCGGA,MARC2,359,153,230
MARC2_TCAGGCTTCAGCAACCAGGA,MARC2,817,412,587
MARCH1_ATTGATAGACCGGACAGCGG,MARCH1,681,43,93
MARCH1_GCACTGTCTCCTAAACGGCA,MARCH1,262,17,55
MARCH1_AGTGTCCCAGTGCAGCGACA,MARCH1,725,313,360
MARCH1_CTCGTTGATCTGGGATCCAA,MARCH1,423,346,644
MARCH1_CAGGCAAGCAGCCCAACAAC,MARCH1,3795,681,782
MARCH1_GATCGACTTGCAGATCGCCC,MARCH1,207,1,72
MARCH10_GCAAGGCCTGCTGGTTGACC,MARCH10,424,309,354
MARCH10_CGCATCTGTCAGATAGCCGG,MARCH10,144,209,163
MARCH10_CAAAGGTTGTCCCAAGACCC,MARCH10,1216,283,347
MARCH10_TTCAGCAGACCAAGCACCAA,MARCH10,1634,1470,752
MARCH10_TTGGTAGAGTTCTAGTGAGG,MARCH10,1575,278,268
MARCH10_GCGGGACATGCAGCATAAGG,MARCH10,438,180,196
MARCH11_CAACTCAGTTAACCTCACCA,MARCH11,1700,166,146
MARCH11_GACATCGAAGAAAGCAGCCG,MARCH11,238,202,260
MARCH11_GGCGAGCTGTGAATTTGCAC,MARCH11,9,36,113
MARCH11_AACTGACCCATCACATCGGC,MARCH11,378,52,127
MARCH11_AGCTTTGAGGGCGGCCACGG,MARCH11,1225,195,263
MARCH2_GCTCCCGGTGGCCATGACGA,MARCH2,853,135,436
MARCH2_CTCCCGGTGGCCATGACGAC,MARCH2,1805,701,949
MARCH2_TCTGCCATGAGGGAGCGAAC,MARCH2,2190,298,593
MARCH2_CTGCCATGAGGGAGCGAACG,MARCH2,2604,1229,1460
MARCH2_AGCCACTCACCAGCGTCCAG,MARCH2,722,133,204
MARCH2_ACTGCCAGCTGTACTCCGAG,MARCH2,2046,208,199
MARCH3_ACTGTCGATTGTACAACGAG,MARCH3,865,181,178
MARCH3_GCGGACTCTGTTTGGCGACA,MARCH3,376,354,473
MARCH3_ACTGACCTCCACTAACGGCC,MARCH3,125,14,22
MARCH3_TTGCAGTCGAGCGCAAACCC,MARCH3,1034,634,666
MARCH3_TGTCATGCAAGTTTCAGCCA,MARCH3,2289,367,260
MARCH3_ATCCTCCACCGTCTTCACCA,MARCH3,1083,109,148
MARCH4_GCGGTCTCCTCTTCCGAGGA,MARCH4,414,147,187
MARCH4_CGTAGCAGATCTGGAAGAGA,MARCH4,1701,410,311
MARCH4_TTGTGCTTATGGCGATGACG,MARCH4,375,328,553
MARCH4_ACCAGCCTTGCCTCATCAAG,MARCH4,309,159,240
MARCH4_CTTACAGAAGTCATCTGAGG,MARCH4,1318,210,171
MARCH4_CAATCCATAGCAGTACCAGC,MARCH4,461,89,76
MARCH5_CCCTACAGCAGATGCTGGAC,MARCH5,1621,288,159
MARCH5_ACCAGGCCTGTCTACAACGC,MARCH5,821,400,535
MARCH5_ATCCACCCAGCGTTGTAGAC,MARCH5,1145,561,362
MARCH5_TCTGTGTGTTATAGGTCCAG,MARCH5,385,220,416
MARCH5_AGATCCAAGACGTAAACCAC,MARCH5,705,138,203
MARCH5_TCAGCTGGAATTCGAGGAAC,MARCH5,1632,236,657
MARCH6_AAGATGGACACCGCGGAGGA,MARCH6,1661,165,248
MARCH6_TGTAGAGTGTGTCGGTCAGA,MARCH6,74,88,117
MARCH6_AGATGCTAATAACGGAGCCC,MARCH6,662,343,229
MARCH6_GCCACCAACCACAAATGAGA,MARCH6,362,131,81
MARCH6_TCTGCATTGGCTAGTGGGAA,MARCH6,1689,195,366
MARCH6_CTTAGAAACCACAGGACACC,MARCH6,149,36,56
MARCH7_CAAGATCGCAGAACCAGCAA,MARCH7,2142,408,381
MARCH7_AAGATCGCAGAACCAGCAAC,MARCH7,732,151,44
MARCH7_ATGAAGGTAGGCGGACAACG,MARCH7,1620,267,466
MARCH7_TCAAGCAGTGCCACAACAGG,MARCH7,2397,380,257
MARCH7_ATAGAGCCATGCAAGTGCAC,MARCH7,722,7,42
MARCH7_GAGGATGATTCCGAAGAAGA,MARCH7,153,70,131
MARCH8_CCCTTCCAGGAATCCTAGAA,MARCH8,1720,596,547
MARCH8_CACATGTGATGGCAATGACG,MARCH8,1122,229,364
MARCH8_GGCAGGCCTGGTGCACGAAG,MARCH8,179,185,194
MARCH8_CGTGATAGAAGTGCGAGAGA,MARCH8,880,417,675
MARCH8_GCCGGAGCTGATGCTGACGG,MARCH8,1033,447,837
MARCH8_TCTGTAGACTCTAGCAGAGA,MARCH8,525,205,312
MARCH9_AGTACTACGGGTCGGAGCCG,MARCH9,571,117,76
MARCH9_CCTGTCGCTCAGCAGTAGCC,MARCH9,1245,101,133
MARCH9_CTGATCCAGCGGATGAGGCA,MARCH9,276,104,20
MARCH9_GCTGATCCAGCGGATGAGGC,MARCH9,315,2,44
MARCH9_TTCAGCCAAGTGGCAACGAC,MARCH9,722,529,489
MARCH9_CAGCTCCCATTCTGGCCGAG,MARCH9,1012,269,284
MARCKS_TCGCTGCGGTCTTGGAGAAC,MARCKS,1562,310,555
MARCKS_TTCTCCAAGACCGCAGCGAA,MARCKS,1061,615,427
MARCKS_CGGCTCACCTTTCTCGGCCG,MARCKS,2246,525,513
MARCKS_CTTCGCCCAAGGCCGAGGAC,MARCKS,256,405,165
MARCKS_TCCTTGCCGCCTTCGGCAGC,MARCKS,246,35,57
MARCKS_CTTCTGGACTGCACTCGGGC,MARCKS,1453,210,79
MARCKSL1_GACGAGGGCACTGCTCAGGA,MARCKSL1,1161,123,366
MARCKSL1_ATCGGTGCCTGCAGCGACGA,MARCKSL1,581,94,236
MARCKSL1_GATCGGTGCCTGCAGCGACG,MARCKSL1,930,118,210
MARCKSL1_CCTCATCTGTTCCGTTCACA,MARCKSL1,709,44,64
MARCO_TACCTGATCCTGCTCACCGC,MARCO,1215,247,302
MARCO_CTCATGGCTGACGCGGACCC,MARCO,897,173,522
MARCO_AGGTCTTCAAGGTCACAAGG,MARCO,746,173,146
MARCO_GCCTCTCCCTTGACTCCCGG,MARCO,308,8,54
MARCO_GAGCAAGTACAAGTTACCAG,MARCO,1046,327,348
MARCO_GCCCTCTTACCTGGTGGGCC,MARCO,354,21,65
MARK1_CATTGCCGACGGTGAACGAG,MARK1,1095,419,145
MARK1_CGTAATGGAGTTTCTACACC,MARK1,1433,333,160
MARK1_TTAGTCATGGAATACGCGAG,MARK1,803,198,101
MARK1_GAAGTATGATGGGCCTGAAG,MARK1,313,185,301
MARK1_TTCATCTCGTGCAAAGCCCA,MARK1,830,103,77
MARK1_TGTTTAAGTCACTACTGGGC,MARK1,495,180,52
MARK2_CTCGTTCAGCGTGGGTAGGG,MARK2,1549,73,226
MARK2_CACTAGCGTACTCCATGACA,MARK2,1079,303,243
MARK2_GGCTCGAGCCAAATTCCGCC,MARK2,233,36,15
MARK2_TGATGGACAGAACCTCAAGG,MARK2,603,207,283
MARK2_ACAGCCTCACCTGTCCGCCG,MARK2,68,161,242
MARK2_CAGCGGCGCTTCAGCGACCA,MARK2,547,99,55
MARK3_CGTTCATTCACCGTTGGCAA,MARK3,3597,731,714
MARK3_CAGCACACGTCACATGGAGA,MARK3,1325,313,172
MARK3_GAAATATGACGGGCCAGAAG,MARK3,1271,126,33
MARK3_CAAAGACGCTACAGTGACCA,MARK3,673,233,233
MARK3_TTCGGATACGCCACAACAGA,MARK3,971,279,265
MARK3_TTCATGGGACAGGCTGGGAG,MARK3,1021,334,95
MARK4_CAACGATCGGAACTCGGACA,MARK4,939,91,101
MARK4_AGTGGCCGCTCCTCGGACAA,MARK4,962,113,261
MARK4_TGCGGACTTCTCGGAACAGC,MARK4,741,711,403
MARK4_CACTTGCGTACTCCATCACC,MARK4,410,106,110
MARK4_GCATGGCCGCATGAAGGAGA,MARK4,703,219,180
MARK4_TTGAGGTTGTGCCCGTCGAA,MARK4,1111,327,496
MARS_GCTCATCAGCACTGTAGGCC,MARS,1339,50,204
MARS_ACCTTAGGCCGGGTCAGGAA,MARS,1540,99,106
MARS_TCACTAACCAGTGGCTGGAA,MARS,2035,158,287
MARS_ATGCACAGTTCTCACCAGGG,MARS,1166,60,57
MARS_GAGACTGTACTGAAACAGCA,MARS,276,0,23
MARS_GCTGGCTACCCTATCTGAGG,MARS,25,3,14
MARS2_CCTCCGCCTGCTAGGACGCA,MARS2,473,35,40
MARS2_TCCGCCTGCTAGGACGCACG,MARS2,410,79,39
MARS2_TCGCCTCCGAGGTCCCAGCA,MARS2,714,191,194
MARS2_AGTTCTTCAGTGGCTGGACG,MARS2,590,47,70
MARS2_AGTGGCCACTTTGCCAAAGC,MARS2,576,87,258
MARVELD1_ATCGCCACCAGCAAGTACCA,MARVELD1,808,226,344
MARVELD1_CGAAGAGCGCGAAGTGCACG,MARVELD1,1700,448,275
MARVELD1_GCTCTTCTGGCTGCTCACCC,MARVELD1,823,247,127
MARVELD1_AGGAAGGCGTGGTAGGCGCA,MARVELD1,215,68,380
MARVELD1_AGCCATAGAGCGCCGAAAGC,MARVELD1,642,418,160
MARVELD2_GATATCAGGTACATCTCCGA,MARVELD2,27,1,7
MARVELD2_GATCCCTACGGAGGGTCAGA,MARVELD2,39,25,18
MARVELD2_TCCTACATGAAGTCGTGGGC,MARVELD2,923,269,302
MARVELD2_CAGTGTGAAATGGCCACCAG,MARVELD2,1063,250,316
MARVELD2_CCTGAGGAAGTTTGATGAGC,MARVELD2,1984,213,461
MARVELD2_ACATCATTCGGAAAGCCGAC,MARVELD2,798,131,151
MARVELD3_CAGCGACGGGAACCGGCGAA,MARVELD3,345,69,60
MARVELD3_GACGGGAACCGGCGAAGGGA,MARVELD3,256,0,36
MARVELD3_GGGCAGATATCTCTCCGAAG,MARVELD3,1387,69,241
MARVELD3_TATTACCAGTCAGAGGCGGA,MARVELD3,93,26,6
MARVELD3_TGGAAGTAGAAGTACAAGGC,MARVELD3,1363,534,607
MARVELD3_AGCTGGCACTGAATCCGGCA,MARVELD3,826,502,631
MAS1_GAACCCACGAACATCTCAAC,MAS1,370,382,244
MAS1_CATAATGACCCAGTGCACGA,MAS1,1670,511,568
MAS1_TGACGGCCATTAGTGTGGAG,MAS1,1096,270,311
MAS1_TGAAGATCCGGAAGAACACG,MAS1,749,208,224
MAS1L_TGTGGAGAACCTTCTTCCCA,MAS1L,346,55,299
MAS1L_TCTCAGAGTGATTCTCCAAC,MAS1L,1184,271,433
MAS1L_CTGCACCACCGCATAGACCC,MAS1L,2683,469,780
MAS1L_TCTCCACAGTGGTGACCAGG,MAS1L,301,28,220
MASP1_GAGGTTGTTCCTTGTAGAGA,MASP1,650,127,251
MASP1_TTCCCAGGATAATGTGGAGA,MASP1,2009,530,572
MASP1_TGACAACTCGGGAGAGAACC,MASP1,1507,326,763
MASP1_ATGCCTGTATACCATCGAGC,MASP1,245,243,48
MASP1_TGTGGAGGATGTAGCCGAAG,MASP1,1252,313,413
MASP1_CACAGAGCAGACTCCCGGCC,MASP1,1217,266,108
MASP2_ACGACCGTACTGCTGCACGC,MASP2,402,148,321
MASP2_TGGCTTGCACAGGTGAAACG,MASP2,1440,753,717
MASP2_TTACAGCATCAGCCTGGAGG,MASP2,905,211,302
MASP2_AGCAGTAGAAACCGCCCAGG,MASP2,1277,81,57
MASP2_AGTAGAAAGTGTCCTTGCCA,MASP2,993,165,257
MASP2_CGAAGTCGTACTCGCAGAGG,MASP2,1505,477,496
MAST1_ATTCGGGCCTCATCCGCCGC,MAST1,211,5,45
MAST1_GGGTCTACCTCTTGGTGCGG,MAST1,321,77,263
MAST1_ACCTAGGTGACCTGGCAGCG,MAST1,1963,1189,1296
MAST1_GGCAAACGAGAAGTGGGCGG,MAST1,69,19,0
MAST1_ATAGCCAGATGAAGGGAGCG,MAST1,1028,257,270
MAST1_CACCGAGAGCATCACAGACG,MAST1,2740,557,336
MAST2_TACCCGATAGAGAGCTGGCC,MAST2,515,171,216
MAST2_CTATGTACACTGCTGGACAA,MAST2,776,418,1008
MAST2_TCACCTGTGTGGCCATGGAG,MAST2,2130,443,528
MAST2_CTATCAACTTACCTACGGGC,MAST2,691,221,177
MAST2_ATATCCTGAAGAGGGCAAAG,MAST2,334,498,496
MAST2_GAGAGCGTACCAGATGAGGA,MAST2,849,111,10
MAST3_ACTCACCCACGTCCTCGGCG,MAST3,1212,123,504
MAST3_GGGACCGACAATGGCGACAG,MAST3,908,521,322
MAST3_ATCACTCACCTCCGGGCAAA,MAST3,1460,892,878
MAST3_TCGTCCGGCGTCGGCTGGAA,MAST3,1066,390,596
MAST3_AGCTGTCTTCCTTTCAGCCC,MAST3,1825,130,80
MAST3_CATCTCTAGGAAGTAGCGGG,MAST3,175,127,78
MAST4_AGTTTCGGAGGCGCCAGAGC,MAST4,792,120,130
MAST4_ACCAGGCTGGCGGTGAGCGA,MAST4,897,125,198
MAST4_TCCAGCATTCTAAGACGAAG,MAST4,835,414,471
MAST4_GAATCTGTAGCCTTTCCCGC,MAST4,431,129,126
MAST4_ACTACAAGGACTGCCTGGGC,MAST4,25,69,48
MAST4_TGTGGTGGCAATTCATCCAA,MAST4,1095,95,235
MASTL_CCAGCGATGGATCCCACCGC,MASTL,766,127,191
MASTL_CCAAGCTGAGAGAGATGCAC,MASTL,1444,22,0
MASTL_CTAGACTACCTTCACAGACA,MASTL,3125,0,0
MASTL_AATGCCACAGCAGTCCCAAA,MASTL,677,252,165
MASTL_GATATTTCGTGTGCCTACAG,MASTL,341,203,174
MASTL_AGAATTCGCCCATCATCAAC,MASTL,1206,41,150
MAT1A_AAGAACTTCGACCTCCGGCC,MAT1A,128,102,94
MAT1A_TCACGCTGGAGGAGATGCGC,MAT1A,1921,56,242
MAT1A_TTGCTCACAAGCTCAACGCC,MAT1A,386,70,99
MAT1A_CCTCCTCATTTCTGTCCAGA,MAT1A,618,287,169
MAT1A_CGGCTACGATGACTCAGCCA,MAT1A,2087,533,218
MAT1A_ACATCGGAGTCTGTGGGAGA,MAT1A,685,150,272
MAT2A_ACAGCTCAACGGCTTCCACG,MAT2A,2132,173,160
MAT2A_CACGAGGCGTTCATCGAGGA,MAT2A,1102,132,247
MAT2A_CGACCGACTCTGAGGTGAAA,MAT2A,3689,563,527
MAT2A_TAGCTTGTGTGCCAAGACAA,MAT2A,420,48,31
MAT2A_TTAGAATCAGGGCGTAACCA,MAT2A,2071,31,16
MAT2A_TTAAAGGAGGTCTGTGCCGG,MAT2A,211,23,48
MAT2B_GCCTGAAATGCCAGAGGACA,MAT2B,280,153,160
MAT2B_ATGTCTTCCTCTCTGTAAGG,MAT2B,2140,393,444
MAT2B_TGCTAGCTGCCGGCACACAG,MAT2B,1786,210,488
MAT2B_CCTGAGTCCTGTCTTAGCGA,MAT2B,1386,233,763
MAT2B_GGACGTTGTGCTCCTAGGAC,MAT2B,1236,198,266
MAT2B_TGTTCGTTGGCCAATGCCCA,MAT2B,1175,132,99
MATK_TGAGACCAAAGCGGAAACAC,MATK,380,288,267
MATK_ACGCACAGGACGTAGTCGCC,MATK,1171,68,82
MATK_CACTGGTGTGGTGCTTGACG,MATK,1673,507,468
MATK_GCTCGCATTTGGTGATACAC,MATK,828,255,263
MATK_CGTTGGCATCCTGGCTGAGA,MATK,1270,379,567
MATK_ACAGCCGTGAAATGCCCGCC,MATK,235,91,95
MATN1_CGCTTACTCACAGCTTCCAG,MATN1,1848,184,168
MATN1_CGTGTCAGACAAGCTGGCCC,MATN1,1632,306,944
MATN1_GGCTTCACTCTGAACAGCGA,MATN1,482,82,173
MATN1_TCATCGTGGTGACAGACGGG,MATN1,159,70,117
MATN1_CGTATCCAGCCGCTGTCCAC,MATN1,659,207,221
MATN1_CAGGCCATCTCTGCCGGACG,MATN1,366,609,380
MATN2_GATCGTCCTCCTCCCTGCCG,MATN2,565,0,63
MATN2_TGAGAACAAGCGGGCAGACC,MATN2,1818,320,239
MATN2_CAGGGATGTTGATGCAGAAG,MATN2,1879,618,349
MATN2_GGGCGTAGCCACTGTAGCAC,MATN2,237,268,303
MATN2_ACGCACTCATGCTCACAGCC,MATN2,867,672,829
MATN2_AGAAGGCTTCCTCATCAACG,MATN2,1614,511,901
MATN3_TACACTGGCATTCCAGGACA,MATN3,928,172,138
MATN3_AGCCAGGATAGCAATCACAG,MATN3,1871,499,971
MATN3_AGGTGTGCTCTTAACACCCA,MATN3,1073,213,175
MATN3_TGGTGTGTTCCAAGCACACA,MATN3,756,270,198
MATN3_ACTGACCAACTTACCACAGA,MATN3,719,258,165
MATN3_TTCCGGAGGCTGGAGACCCG,MATN3,1562,0,0
MATN4_CATGGTCCACGCCATTGCAA,MATN4,900,503,683
MATN4_GCCACGGTGCCACTGCAGAG,MATN4,2091,311,566
MATN4_AGTTGGCTTTGTACTCCAGC,MATN4,822,487,372
MATN4_TCTGCTGCTAGCTTGTAGCC,MATN4,694,244,306
MATN4_CCACGTTCAGGCCTCGGAGG,MATN4,1185,164,258
MATN4_GCAACACGGGCCAGCAAAGA,MATN4,1654,788,1081
MATR3_GCGCAACCAGCCTTCTAGGG,MATR3,1508,387,289
MATR3_ATCTCTTGGAAGGATGAACC,MATR3,131,49,50
MATR3_CCAGTGCTTGATTATGACCA,MATR3,1562,118,264
MATR3_CTTCCATGGACTCTTACCGA,MATR3,886,161,410
MATR3_TCCCATAAAGGTGCTGGAAA,MATR3,1892,801,901
MATR3_GGACCTAGACACATGCAGAA,MATR3,1292,59,54
MAU2_CAGCGAAGCCCAGAAGCGCC,MAU2,689,0,41
MAU2_AGCAAAGCCGCTGCTGCGGA,MAU2,131,44,55
MAU2_GCAACTGCACACGCTTGAGA,MAU2,393,244,186
MAU2_GGCGCTGTTCCTCCTCAGCA,MAU2,1418,127,23
MAU2_CATCCAGATAGTGGGTGACC,MAU2,122,36,212
MAU2_ATCATCGTGCAGTGTGGAGA,MAU2,1234,4,128
MAVS_GGGTATTGAAGAGATGCCAG,MAVS,108,33,42
MAVS_AGTTGATCTCGCGGACGAAG,MAVS,819,294,275
MAVS_GCCATCCCAAGGAATCCAGA,MAVS,31,13,22
MAVS_CTGGGCAGTACCCACACAGC,MAVS,663,217,313
MAVS_ATCCAAAGTGCCTACTAGCA,MAVS,867,415,510
MAVS_CCGGAAGTTCCAGGAGAGGG,MAVS,718,178,83
MAX_AAGCAGGAAGAAGCTCCGGA,MAX,618,66,90
MAX_TCCGTGCACTGGAGAAGGCG,MAX,802,90,215
MAX_CCTGCAGTAGGGATCACACC,MAX,751,152,662
MAX_AATGCTCTTCTGGAGCAGCA,MAX,266,37,9
MAX_CGATAACGATGACATCGAGG,MAX,1079,36,112
MAZ_GGGAGGCAAAGAAGCGGGAC,MAZ,735,419,306
MAZ_CGGCATCTTCATAGCACCCG,MAZ,2858,349,316
MAZ_GACAAGTGCACTCAACAGAA,MAZ,429,191,257
MAZ_TGCAACAAAGGTACATGCCG,MAZ,658,586,383
MAZ_CACAGGATGCGGTCAGCCCG,MAZ,876,43,129
MAZ_AACCAACTTGGAGCTCACCA,MAZ,443,143,232
MB_GGAGCTGTTCCGGAAGGACA,MB,177,49,24
MB_GGACTTTGGTGCTGATGCCC,MB,305,16,36
MB_CTACCTCCAGGTACTTCACG,MB,1096,219,84
MB_GGTGGCATGCGACTGTGCCA,MB,0,35,85
MB_GGTGGCATCCTTAAGAAGAA,MB,551,141,72
MB21D1_TCAGTGGGACCGCAAAGACC,MB21D1,372,401,425
MB21D1_CCTTGTACCCAAGCATGCAA,MB21D1,1024,209,230
MB21D1_GCGTCGGGCTGCTGAACACC,MB21D1,757,465,605
MB21D1_CCGCGATGATATCTCCACGG,MB21D1,3351,911,757
MB21D1_CGCATCCCTCCGTACGAGAA,MB21D1,2601,1264,1176
MB21D2_CCTCTCCACAGTCTGACGGA,MB21D2,788,151,270
MB21D2_CCATATCATAGTCAGTACCC,MB21D2,1614,270,438
MB21D2_ATACGACGACCAGAGAGCGC,MB21D2,1394,500,133
MB21D2_AATTTACGAAGCACGACCAG,MB21D2,628,81,209
MB21D2_CAAGCCTGCGTTCCCGGAGC,MB21D2,1205,237,438
MB21D2_CAGGCTTGTTGTTACAGCCC,MB21D2,1906,488,190
MBD1_GCTGCCTCCGGATTGTGGAA,MBD1,128,99,184
MBD1_ACAGAGAATTGCCTTCAACC,MBD1,1700,69,246
MBD1_TCCACAGTTCTCACAGCACC,MBD1,1063,69,73
MBD1_CCTTAGACCAACACTCACCC,MBD1,906,442,385
MBD1_AGAGGGTGAGATCACACGCA,MBD1,910,135,341
MBD1_CTTCGCGGCGCTTCCAGCCA,MBD1,184,24,54
MBD2_GATGTGTTAAGCCAAACAGC,MBD2,513,90,102
MBD2_CAAGCTCTGCGCCAATCACA,MBD2,880,79,243
MBD2_ACACTCATCGTCCTGCACCA,MBD2,1600,519,590
MBD2_GAAGCAAGCCTCAGTTGGCA,MBD2,867,52,11
MBD2_GACTCCGCCATAGAGCAGGG,MBD2,585,13,38
MBD2_CGACTCCGCCATAGAGCAGG,MBD2,218,22,122
MBD3_CTCGTCGTCGTCCTCAGCGC,MBD3,1924,289,246
MBD3_CACCATGAAGGCTTTGCACA,MBD3,2722,545,377
MBD3_TTGAGCTCACCTGGCGCGGC,MBD3,1088,420,540
MBD3_GCGCTACGACTCCTCCAACC,MBD3,1713,476,276
MBD3_AGCACCTTCGACTTCCGCAC,MBD3,567,108,169
MBD3_CGGGCGCAATGGAGCGGAAG,MBD3,1313,433,547
MBD3L1_GGGATTGAGGTGCTCAAGCC,MBD3L1,513,192,194
MBD3L1_CATCTGAAGAGCAGGCAAGG,MBD3L1,405,339,397
MBD3L1_GATAATTCCTGCAGAGGGAG,MBD3L1,347,94,139
MBD4_TGTGGTCTTCAGGGTGCACC,MBD4,149,46,132
MBD4_AGGTAGCAAGAACCGCAGAC,MBD4,518,442,367
MBD4_TTCTATCTGTGTTCGTGGGA,MBD4,786,386,495
MBD4_AGGTTATTTGGGAAGACAGC,MBD4,333,203,149
MBD4_AGCGATGGGTTCTTGTAGCA,MBD4,1987,606,487
MBD4_CCCTGCTCGATGGGCACGAC,MBD4,1993,1076,552
MBD5_ACACGACGCTGCCAACCCAC,MBD5,313,778,512
MBD5_CTGGTGCTCACCAGTCCCGG,MBD5,1526,300,613
MBD5_GCTGTTTGGTATCACTGGAG,MBD5,1391,173,221
MBD5_CAACACCGCTAATCATCCAG,MBD5,794,304,405
MBD5_TGGACTGTCCTTGGAACGCC,MBD5,264,401,326
MBD5_GCATCTACGGAAGCATCACC,MBD5,628,98,0
MBD6_CACACAGCGCTGCCAGCCGA,MBD6,1025,83,266
MBD6_CTGTCCTCTCGCAGTCCAAG,MBD6,2640,471,442
MBD6_CAACTTTGACCCTTTGGCCC,MBD6,544,270,74
MBD6_AGCTTCCATCAGAGTGGGAA,MBD6,856,178,181
MBD6_CGGATGGGCTTTGAAGCACA,MBD6,1474,112,217
MBD6_ACCACGGCAACTACTGACCC,MBD6,552,175,169
MBIP_GCCCACTTGCGGTTACAGAC,MBIP,906,92,42
MBIP_TTAGGTTTATGACCTGACCC,MBIP,73,57,86
MBIP_TTCCTCTTGTAGGTCGCCAA,MBIP,488,81,167
MBIP_ATGCAGGCTGGAATGCCGAG,MBIP,93,63,130
MBIP_CACCTCTCACCTGTCCAACC,MBIP,2375,367,266
MBIP_ACCTCTCACCTGTCCAACCA,MBIP,643,136,130
MBL2_ACCTACACAAACTGGAACGA,MBL2,1626,327,512
MBL2_GACCTACACAAACTGGAACG,MBL2,642,203,389
MBL2_TTTGGTCCTGGTGACCCAGA,MBL2,452,171,299
MBL2_TTCTGGGTCACCAGGACCAA,MBL2,1091,261,370
MBL2_CCATACTCAGGAGAAGGAGA,MBL2,457,175,106
MBLAC1_CAGGGCTACGCGGAGCCAGA,MBLAC1,295,72,88
MBLAC1_TCCCTTAACACTCGAAAGGG,MBLAC1,997,526,296
MBLAC1_CTTCCCTTAACACTCGAAAG,MBLAC1,1293,307,406
MBLAC1_GGAAGCCTCGCAGCCCGAGA,MBLAC1,287,90,49
MBLAC1_GAACAGCCAGCAGGAGCCGG,MBLAC1,996,85,160
MBLAC2_TCAGTATAGATACTAGGGCG,MBLAC2,774,333,541
MBLAC2_CCAAAGGTATTGAAGTGCCC,MBLAC2,201,261,137
MBLAC2_TTGACTGGCTCCCATACAGC,MBLAC2,1270,267,239
MBLAC2_CGCGCGCTCTCGTTAAGGGA,MBLAC2,2753,298,539
MBLAC2_GACCTGGCTTTCCGATAGCG,MBLAC2,866,148,87
MBLAC2_ACAACTTTGAGACCGTGACC,MBLAC2,1214,279,262
MBNL1_TATGTAGAGAGTTCCAGAGG,MBNL1,1298,48,13
MBNL1_TTGCATTTGCTGGGCCAACA,MBNL1,2952,195,211
MBNL1_TCCCAGATAGGGATTAAAGG,MBNL1,1041,175,204
MBNL1_ACTCACCATGGCAGCTGCGG,MBNL1,528,1,114
MBNL1_AGGTCAAAGGTTGCCTCGAG,MBNL1,103,643,365
MBNL1_GCCACCGCAGTCTTTAACAC,MBNL1,2821,135,24
MBNL2_TGCAGTTCTCTCTCGAACAA,MBNL2,1722,553,845
MBNL2_TTCTGAGTTGCAGTTGAGCC,MBNL2,2438,352,310
MBNL2_ACTTCTCAGGACTGACAAAC,MBNL2,2166,451,749
MBNL2_CCAAGCCAACCAAGCTGCGG,MBNL2,693,603,343
MBNL2_ACTTACCATGACTGTGGCCG,MBNL2,1340,330,456
MBNL2_GGTAAAGGATGAAGAGCACC,MBNL2,0,28,0
MBNL3_TGGTGCAGCGAACGGAACGC,MBNL3,1600,205,166
MBNL3_GATACCAAAGAGATCAGCAC,MBNL3,486,105,84
MBNL3_CAGCGTGGAAATTGTACCCG,MBNL3,2892,988,852
MBNL3_TTACATACCACATCCTGGGA,MBNL3,1076,296,395
MBNL3_CTGCATCTGCTGGGCGAACA,MBNL3,2696,1703,1797
MBNL3_CCCTGATTCGTGATACCAAG,MBNL3,1854,855,522
MBOAT1_TTCAGCGGAGTGGATAAGAA,MBOAT1,1161,528,266
MBOAT1_TATAAGTAGCAGAGTCGAGC,MBOAT1,354,152,42
MBOAT1_GAGGTGAACTGGAAGCGAAA,MBOAT1,670,299,307
MBOAT1_ATCATGAACCTGGAATGCCA,MBOAT1,325,128,41
MBOAT1_CGCATGCCGGACATCAGAGC,MBOAT1,1356,678,1031
MBOAT1_CGTGGTGCGGTAGGAAAGGC,MBOAT1,296,334,183
MBOAT2_CGTGCAGCTGCCCATCGACC,MBOAT2,1126,378,787
MBOAT4_ATAGAACAGCCTCATCGGCC,MBOAT4,184,41,4
MBOAT4_GGCTTGTATTCCAGCACAGC,MBOAT4,435,332,153
MBOAT4_TATGTCGTGTGGACCACAGC,MBOAT4,455,254,394
MBOAT4_CCTTCTGCTTTCAGATGAGC,MBOAT4,759,59,38
MBOAT4_GAGCACGGCGTAGGAACCCA,MBOAT4,452,23,0
MBOAT4_TCCAGCCTACCTGGCACGAG,MBOAT4,1183,261,420
MBOAT7_GGAAGCTCAGGTAGTAGCCC,MBOAT7,231,38,40
MBOAT7_GGAAGCCGCCTTCTCCGGAC,MBOAT7,529,333,266
MBOAT7_CACGTAGAAGCGCATGCGGA,MBOAT7,664,13,59
MBOAT7_GGTCCTGGACTTCACTGGCC,MBOAT7,35,102,231
MBOAT7_GAATGAGGGCCCAGGTCCCG,MBOAT7,166,16,6
MBOAT7_CGTCCATTCTTCAGGCGACA,MBOAT7,1906,581,834
MBP_CGACTATAAATCGGCTCACA,MBP,714,424,1354
MBP_ACGTGGTCTTCCCTTCCGGA,MBP,398,289,189
MBP_CTTACCTTTCCCTGCGACGG,MBP,1533,693,484
MBP_ATCAGCTGCCAGAAGCACCC,MBP,268,59,160
MBP_CTCCGGCCCGGCTTTAGCCA,MBP,1051,563,513
MBP_CCATGGTACTTGCTGTGGCC,MBP,1640,309,394
MBTD1_GCTAAGTCCCAGCAATACAA,MBTD1,273,213,250
MBTD1_TTTGACTACCTCAGGGAAAC,MBTD1,947,215,284
MBTD1_ATTGAACTTACTCCACCCAG,MBTD1,392,57,96
MBTD1_ACCTTGCATGAGAGTAGAAG,MBTD1,1663,103,310
MBTD1_CTGGCTGCACACCAACCAAC,MBTD1,1418,473,595
MBTD1_TTCCTCACTCTCTTCGGAGC,MBTD1,1649,199,172
MBTPS1_TAGCAAAGAAGAGCGTACCC,MBTPS1,1300,1,168
MBTPS1_AAACCTCAGCATCGGCGGCC,MBTPS1,493,195,232
MBTPS1_GCCAGCATGAGGGAGTGCCA,MBTPS1,498,0,17
MBTPS1_CTGGACCAACGAGCGAACGC,MBTPS1,1438,186,181
MBTPS1_GCTTCTGGCATGCTACGGGA,MBTPS1,396,425,185
MBTPS1_ATTCCACCTTCAAAGTCAGG,MBTPS1,136,97,68
MBTPS2_TTCATTGTGAAGCGAGGAAG,MBTPS2,753,373,155
MBTPS2_GCTTCAACTGCTTTCCGGGC,MBTPS2,528,29,42
MBTPS2_CGAGTGTGAGTTTCCAAAGA,MBTPS2,1283,326,423
MBTPS2_TCTAAGCATAGATCTGCCAG,MBTPS2,233,12,128
MBTPS2_TGTCCATCCAAAGCAAAGCA,MBTPS2,2128,277,252
MBTPS2_TCCAATCACTGAGGTAAGGG,MBTPS2,1293,384,414
MC1R_GATGGACACCTCCAGGCACC,MC1R,210,0,17
MC1R_CATCGCCTACTACGACCACG,MC1R,516,163,68
MC1R_AGAAGACCACGAGGCACAGC,MC1R,460,230,199
MC1R_CAGCATGTGGACGTACAGCA,MC1R,4025,518,791
MC1R_TGTACGTCCACATGCTGGCC,MC1R,682,282,111
MC2R_TGATCAACATGCCGTTCACC,MC2R,0,105,165
MC2R_CACCACCACAGTGCGGCGCA,MC2R,1064,318,333
MC2R_ATGGGCTATCTCAAGCCACG,MC2R,117,126,173
MC2R_TATTCTTGAACACAGCCAGC,MC2R,342,71,74
MC3R_TCCTGGCCATCGCCGTCGAC,MC3R,752,569,409
MC3R_CAGCATCATGACCGTGAGGA,MC3R,1063,543,922
MC3R_TGACGTGCAGCCGCGCAAAG,MC3R,2055,761,878
MC3R_GAGATTCTCTGTGGCTGCAA,MC3R,132,107,80
MC4R_AAGTCACAAAGGCCTCCCAG,MC4R,744,260,157
MC4R_TGTCCACTGCAATTGAAAGC,MC4R,426,486,438
MC4R_TGTAACTGCTGCGGTTCCAG,MC4R,730,263,87
MC5R_ATTGTCAATGTGGCGCACAA,MC5R,1075,577,549
MC5R_TGTGTATGTACAGAGACACC,MC5R,192,156,83
MC5R_TGGCGCGGACTCACGTCAAG,MC5R,1277,398,701
MC5R_GCTTGACGTGAGTCCGCGCC,MC5R,174,18,66
MC5R_AAGGAGATTATTTGCTGCCG,MC5R,671,93,117
MCAM_CCCGTGGGAATGCTGAAGGA,MCAM,1157,215,293
MCAM_CTCAACTACCGGCTGCCCAG,MCAM,1525,220,339
MCAM_CTACCTGTGTAGGGAGGAAC,MCAM,2520,621,505
MCAM_AGGGTCACGCACTGTAGACG,MCAM,1569,466,676
MCAM_GGAGAGGCCGCACTTCAGAA,MCAM,476,188,207
MCAM_GCAGCAGGCGGCGAGCAAGA,MCAM,1610,379,620
MCAT_CGATGCATGCCATATACGAA,MCAT,499,290,267
MCAT_AGCAGCTTGTGGATGTGCCC,MCAT,214,15,0
MCAT_ACTTCGCCTGTTTGGAAGCC,MCAT,378,106,303
MCAT_CCTAGTGTTTGCCGGAGCCA,MCAT,1319,155,125
MCAT_GAGCTGCTGCGAGATGCGAC,MCAT,280,36,198
MCAT_GCAGCAGCTCCGCTACACCC,MCAT,1065,231,252
MCC_CCTCATGCTCTCTCATGAGG,MCC,628,268,202
MCC_AACGTCTCCAGCAAACAGAG,MCC,1088,292,187
MCC_TACCTCACTCAGCTCGGCCG,MCC,46,403,241
MCC_CGGAAGCTCTTTGCATCAGC,MCC,2461,517,424
MCC_CAGACTCTTCCATATTCAGC,MCC,329,219,273
MCC_TTCCAGACGTGCGACGGCGA,MCC,917,526,572
MCCC1_CATGGTGATCACCAAACACC,MCCC1,1444,140,142
MCCC1_AGTTTGTAGACACACCGAGG,MCCC1,1200,24,38
MCCC1_TGGCGTGTTCCTTCAGGCAC,MCCC1,1183,117,259
MCCC1_CTCTAATTGCAGATGGAGGA,MCCC1,914,87,368
MCCC1_GATAGGTAGCTCTGCTGGGA,MCCC1,111,0,40
MCCC1_TGGTGGCGGCGGAGAGGAAC,MCCC1,706,185,196
MCCC2_TAACCTCAGGACGGCCCACA,MCCC2,367,142,151
MCCC2_AAATCAGCTCCATGAACGAG,MCCC2,370,236,307
MCCC2_CGAGCACTTCACATATCAAG,MCCC2,1071,596,312
MCCC2_AATGATGCCACCGTCAAAGG,MCCC2,1923,348,396
MCCC2_TTGTAGGTTAAAGCGGCAAC,MCCC2,447,84,143
MCCC2_GATGATCATCCAAAGCCCAG,MCCC2,51,7,106
MCCD1_GGTGCCACTTACCCTGGGAG,MCCD1,185,42,19
MCEE_AAGCTTGCTCCAGTTCCACA,MCEE,910,192,163
MCEE_TGGTGGAGTCCTTGTGGAAC,MCEE,3691,499,910
MCEE_GACAGGTTCTGTGTGGAACC,MCEE,148,202,65
MCF2_CAGAACTGGCTGATGTAACA,MCF2,1524,1021,1029
MCF2_ACAGTCCTTTGGAACTGAAC,MCF2,829,252,220
MCF2_CAAGTGCAAGTTCCCAGGGA,MCF2,1418,466,530
MCF2_TTCTATTGTTGTAGGTGGCC,MCF2,435,224,156
MCF2_GACTGATGTCCTTTATACGG,MCF2,772,100,78
MCF2_CCACGAAGACTGCTTGCAGG,MCF2,1959,349,161
MCF2L_GCTTGTTCAAGACACACCGG,MCF2L,738,255,208
MCF2L_GCATCTCGTCCACAGTGAGC,MCF2L,545,62,215
MCF2L_GGTGCCAACCATGGCGAGGG,MCF2L,0,14,68
MCF2L_AAATGCGGTTTCCAAGCACA,MCF2L,553,76,202
MCF2L_GGCGGTTCGATGGCCGAGAA,MCF2L,712,447,312
MCF2L_CCGGCAGCTGATCCTCGCCA,MCF2L,1545,128,253
MCF2L2_AATGCTGTAGTTGTAGGCAC,MCF2L2,197,138,115
MCF2L2_GCCTTGTGTGGGACATGAGA,MCF2L2,1089,142,117
MCF2L2_AACTGACCCGGGAATTAGGG,MCF2L2,1391,187,311
MCF2L2_GGATAAAGCGAGATGGACGA,MCF2L2,575,104,257
MCF2L2_TCGACAGACGAAGAGACAAG,MCF2L2,553,213,242
MCF2L2_GATCACTGTGGCCAGTCGCC,MCF2L2,1,54,1
MCFD2_CATCACTCATGTCCATAAGG,MCFD2,1714,274,287
MCHR1_CTCAGCTCGGTTGTGGGAGC,MCHR1,1934,128,156
MCHR1_CGGTTGTGGGAGCAGGCGAC,MCHR1,628,266,215
MCHR1_CCCGATAACCTCACTTCGGC,MCHR1,13,420,468
MCHR1_TCACCCTCTTTGTCCGCAGC,MCHR1,766,216,229
MCHR1_AGAGCACGATGTACACAAAG,MCHR1,1969,450,558
MCHR1_CTCAGACGGCTGACGAGGAG,MCHR1,2260,325,477
MCHR2_ACAGATGGAACAGCCCACAC,MCHR2,1840,744,473
MCHR2_GACTGACACGTTGGAGAACA,MCHR2,1961,579,641
MCHR2_CAGTCGAAATGGTTGGACGA,MCHR2,749,283,65
MCHR2_ATTCACCAATGGGCCCGAGG,MCHR2,990,53,87
MCHR2_TATTCACCAATGGGCCCGAG,MCHR2,1134,137,232
MCHR2_GATTATCTGTTCAACAGGGC,MCHR2,690,76,77
MCIDAS_AGCCCGCGAATACTGACACC,MCIDAS,630,383,324
MCIDAS_AGGAACTCGCCAGCCGAACC,MCIDAS,1615,90,325
MCIDAS_CCGAATGGTGATATGTCGCA,MCIDAS,2836,904,750
MCIDAS_CTGCTTCCGTTTGGTGGGAA,MCIDAS,1509,957,1094
MCIDAS_ACTTCCGCGGAGGAGCGAAC,MCIDAS,1264,106,262
MCIDAS_AGATGCTGTCGAAGGCCCGA,MCIDAS,113,25,324
MCL1_CATGTAGAGGACCTAGAAGG,MCL1,1844,288,511
MCL1_GGCTAGTTAAACAAAGAGGC,MCL1,415,239,238
MCL1_CTCAGGCATGCTTCGGAAAC,MCL1,4450,1823,1597
MCL1_GGCGCTGGAGACCTTACGAC,MCL1,1864,237,119
MCL1_AGGCGCTGGAGACCTTACGA,MCL1,984,335,176
MCL1_CATGTCGCCCGAAGAGGAGC,MCL1,909,199,146
MCM10_GATGAGCTCTTTGATGCCGA,MCM10,87,10,0
MCM10_CTGCGCTACCAAGAACCAAG,MCM10,345,108,94
MCM10_GGAGGATACTCGAGGCCGCC,MCM10,29,13,12
MCM10_GCGCTCTGGAAGACGGAGCA,MCM10,667,428,450
MCM10_TATGGGTGAAGCTCTTGACC,MCM10,1011,27,27
MCM10_TGGAATTCGTCCTCCAGAGA,MCM10,1282,130,165
MCM2_CCCTCGGACTCATCCTCAAA,MCM2,2078,894,810
MCM2_CTGGACGCCTATGAGGCCGA,MCM2,600,47,7
MCM2_CCTTGAAGACGTTGTGGCCG,MCM2,1190,324,741
MCM2_ACTATGAGGACTTGGCAGCC,MCM2,1339,224,115
MCM2_CTGCCAGTCCCAGAACCAGG,MCM2,498,60,20
MCM2_TCTCCTGGATTCGGATACGC,MCM2,529,0,9
MCM3_AGCTGAGACTTGGCAACGGA,MCM3,341,1,40
MCM3_TCTTGACATAGTCATGCCCA,MCM3,443,0,0
MCM3_TAAAGCGAAGCCTGGTGACC,MCM3,1032,0,0
MCM3_CAGCTCTGTCTATCCTACCA,MCM3,1837,2,79
MCM3_AGGAGCTGGTTGCCTTCCAG,MCM3,72,17,42
MCM3_CCTGGACTTCCTGGACGACG,MCM3,597,79,84
MCM3AP_GCGTGTTCGAAGTGGTCCCA,MCM3AP,588,43,45
MCM3AP_TCAGCCTCCGAGGGCTCCGA,MCM3AP,191,17,2
MCM3AP_TCTCCTCTTGGCAAGGCCGC,MCM3AP,612,62,23
MCM3AP_TGCAGCCCTGGCTAGAAAGA,MCM3AP,748,21,18
MCM3AP_CTTCTGTTACTCTGACGCGC,MCM3AP,462,1,52
MCM3AP_TGTCTGGAGGATGATCGCCC,MCM3AP,1222,174,67
MCM4_GGCGAGGATTCCACCTCCAC,MCM4,33,0,0
MCM4_AGTGGATCTGCAGTCTGACG,MCM4,407,2,15
MCM4_GCTCATCACCATCAGCGGCA,MCM4,1418,131,124
MCM4_CTCGTTGACAAGGTCCAGCC,MCM4,667,279,203
MCM4_GGGCCAGTACACGTCTGGGA,MCM4,193,1,13
MCM4_CACTCTTTGCTCTGATAGGC,MCM4,619,243,240
MCM5_TGCCCACTCGGTACTGCCGC,MCM5,468,0,0
MCM5_GGCCAGCTTTGATGAGGACC,MCM5,0,55,0
MCM5_CGTCCGACTTGAGCATGACC,MCM5,1747,0,0
MCM5_ACGTGTTGCACTTCCTGGGC,MCM5,240,127,202
MCM5_ATGATGAAGTACGGGTCCAA,MCM5,818,15,0
MCM5_CAGGGACGACCTTGTCACAC,MCM5,959,51,21
MCM6_AGAAGGGACCTCTCTTCGAG,MCM6,20,0,0
MCM6_AGAAAGGTCCCTAACACCAA,MCM6,339,27,6
MCM6_GCTGTGGAATCAGCTCAAGC,MCM6,550,196,221
MCM6_CTCCTCCTGTTGGCACAAAC,MCM6,3723,1769,2257
MCM6_TAAAGAGATCCCTCTTGCCA,MCM6,395,4,10
MCM6_AGCAAATATGGACCTCGCGG,MCM6,1939,35,0
MCM7_AAATACCAGTGACGCTGACG,MCM7,788,0,111
MCM7_AAACCAACCGCTCAGGAGGG,MCM7,930,0,0
MCM7_CGCACTTCCCGGATCACACG,MCM7,4234,111,426
MCM7_ATCTGCGCATGAGTTCAGCA,MCM7,1520,0,0
MCM7_AAAGAGCTTCGCGTAGCGCC,MCM7,78,0,0
MCM7_AAGGACTACGCGCTAGAGAA,MCM7,381,0,7
MCM8_TGCAGCTGAGTTACAAGCCC,MCM8,1522,132,270
MCM8_CATTGCTCTAAGAGGGACAG,MCM8,1178,100,84
MCM8_CTCTCCTCTCACAGTTACGA,MCM8,1569,126,282
MCM8_TCTGATGATCAGAGAGAAGC,MCM8,383,216,89
MCM8_GCACTTGAGCTTGTTAAAGC,MCM8,790,211,259
MCM8_CCACAAACATACACGCCACG,MCM8,2566,512,688
MCM9_TTAGAGCTTGGGAACGAGAC,MCM9,1186,359,334
MCM9_TCTGGAAGACGCTATTACGG,MCM9,1986,148,163
MCM9_CAAGCTTTCCAACAGCCGAA,MCM9,1079,270,325
MCM9_GACTTAAGAGTGGGCTGCCG,MCM9,791,256,151
MCM9_GCAAGATGTGCGCTGTGAAG,MCM9,1672,235,231
MCM9_TTCCTGGTAATCTCTACACC,MCM9,95,168,159
MCMBP_AAATGACTCATCATACCGGG,MCMBP,815,51,63
MCMBP_CGATGAGACTCTCCTGGAAC,MCMBP,3010,751,514
MCMBP_TTAACTTGAGTGGTTGCCCA,MCMBP,399,0,2
MCMBP_ATTCTCGGCACTAATGAAGC,MCMBP,166,57,35
MCMBP_ACACTCCTAGTCGCCACAAG,MCMBP,3559,130,131
MCMBP_ATCCCTGCACGATTCCCAGC,MCMBP,43,0,0
MCMDC2_GAAGCATGCCCTCTTTCAAA,MCMDC2,645,396,371
MCMDC2_TGTAAACTTCCAGCATGAGC,MCMDC2,282,254,461
MCMDC2_AACTGACCGTAACAAGGAAC,MCMDC2,510,268,390
MCMDC2_GACTAGATGACGTATACCAC,MCMDC2,669,281,184
MCMDC2_GGAGCAGTTAGCATTCAGGC,MCMDC2,259,33,205
MCMDC2_GACTCAGTGCCAACAACAGC,MCMDC2,463,136,275
MCOLN1_CTGCGACAAGTTTCGAGCCA,MCOLN1,933,1113,752
MCOLN1_GAAGAGGTGTCGGAAGGCGA,MCOLN1,43,47,58
MCOLN1_TGTCAAATGTGTCGTTGGCC,MCOLN1,938,149,103
MCOLN1_GGAGGTTAATGGTCTTCAGC,MCOLN1,341,5,8
MCOLN1_CTCACCGTGCTGGAAGACAC,MCOLN1,1607,277,361
MCOLN1_CCACCACGTCAAACAGGAGC,MCOLN1,1099,326,363
MCOLN2_CACTGGTCGGTGTCACACAC,MCOLN2,1432,728,653
MCOLN2_TCTTGCTCTAAGGTTACGGA,MCOLN2,150,87,125
MCOLN2_TCTCCAAGAAGCCTCCGGAC,MCOLN2,687,181,113
MCOLN2_CTTTGAAAGCAACCACCAGC,MCOLN2,170,251,99
MCOLN2_GATAGTCATGGTCACCACAC,MCOLN2,337,74,154
MCOLN2_CAGGCAAGGATTCCGGAGAG,MCOLN2,1576,439,413
MCOLN3_ACTTAACACTGGACTTCCAC,MCOLN3,701,78,331
MCOLN3_AAGCGAGGAAACATCTACCC,MCOLN3,643,221,45
MCOLN3_TGTCAGCACTTCTACAAGCG,MCOLN3,2433,1066,1675
MCOLN3_CGAGCCCAGAACTTCTCACA,MCOLN3,1029,497,453
MCPH1_AAGTACCTCACCTTTCAGGA,MCPH1,148,0,1
MCPH1_TTATACAGATGCAGGACAGC,MCPH1,916,50,2
MCPH1_AGCCCTAAGGTGTTGTAGAC,MCPH1,632,349,639
MCPH1_AGCACATTCAGGGTGCGAAG,MCPH1,292,51,21
MCPH1_AAGTGGTGAGACAGTTCGAA,MCPH1,675,212,156
MCPH1_GGTACGGCCCTGCAGACAAG,MCPH1,211,12,24
MCRS1_CTGCCGCTTCACCCTTCGGG,MCRS1,3,0,0
MCRS1_TGACCAAGGATCTGGGCCGC,MCRS1,471,64,11
MCRS1_AAATCTTCTACCCGGGCAAA,MCRS1,489,76,62
MCRS1_CCGTTTAGGGATGGTGCCCA,MCRS1,472,6,60
MCRS1_ACGACATGACACGTGGCACC,MCRS1,542,406,174
MCRS1_GACTGTAAGAGGATGGACAA,MCRS1,745,190,566
MCTP1_TGAAAGTCATCAGAGCGGAA,MCTP1,1305,551,566
MCTP1_TCAGAGTGACCAGCAGCACC,MCTP1,1449,331,650
MCTP1_GCATCAGAAGTACAAGAGCA,MCTP1,224,235,752
MCTP1_TTTCCATCCAGACGTGCGGC,MCTP1,482,359,124
MCTP1_TACATTCCGGGATCAGCCAA,MCTP1,673,132,110
MCTP1_ACAGGGAATGCACCGGCCAG,MCTP1,1000,66,269
MCTP2_CGGAGACGGGTGTCCAGCAA,MCTP2,1861,490,484
MCTP2_CCTGAAGGAAGGCCGGAACC,MCTP2,539,464,979
MCTP2_GAAGCGATTAAGTGCCAGCA,MCTP2,1000,387,329
MCTP2_CCGTAGGTTGCGTATCAAAG,MCTP2,1654,1017,431
MCTP2_TCACTACTTCTCTGACAGGA,MCTP2,948,454,376
MCTP2_CACACTTACACCCTGTGCGG,MCTP2,1247,56,79
MCU_CGCCGTTTCCAGTTGAGAGA,MCU,2583,290,484
MCU_CTTATACAGTAGCCCTCGAA,MCU,1170,205,169
MCU_ATCCAAATTGCCGAAGGGAG,MCU,342,150,83
MCU_CTTGCCAATCACTGTAGGAA,MCU,3484,602,517
MCU_TGACAGCGTTCACGCCGGGA,MCU,1268,99,36
MCU_TGAGCAGCACCAGTTAAACA,MCU,3250,565,839
MCUR1_GGGCCCTTACCCAGACAGAC,MCUR1,1264,330,122
MCUR1_GAGTTTCCTGCTCCCAGAAG,MCUR1,765,217,246
MCUR1_GCTGAGGTTTCGCTGCCGCC,MCUR1,302,20,0
MCUR1_CGGTCTTCCGCTGAGGCCCA,MCUR1,400,237,180
MCUR1_CGGGCAAGAAGAGAAGCCGC,MCUR1,381,31,38
MDC1_GACAGAATGGCTGTGTAGCC,MDC1,325,127,169
MDC1_CATGGAGGATGAACCTACCC,MDC1,413,96,28
MDC1_ACCTCAGCTGGCCTTCCAGG,MDC1,56,124,325
MDC1_CCTCTGTGATAGTTCCAGAG,MDC1,1464,71,23
MDC1_TCAATTCCTGGTCCCTCAGA,MDC1,265,35,9
MDC1_CATATCTTTAGTGGTGCCCA,MDC1,232,65,12
MDFI_TAGGGCGCGTCGCAGCCAGA,MDFI,339,53,65
MDFI_TTACTACCTCCAGCCCAGGA,MDFI,1418,360,300
MDFI_AGGATCCACTCACCCTGCGG,MDFI,796,183,145
MDFI_GGTGTGTCTGCAACTTCCGG,MDFI,0,89,181
MDFI_TTACCTTCCTGTGCCTGGAG,MDFI,1694,294,363
MDFI_CGAGCTGCAGGAGCCACAGG,MDFI,1610,63,216
MDFIC_CTAATGAGTTCACCATCCGA,MDFIC,1459,143,50
MDFIC_AAGATAAAGAACGGCCACAC,MDFIC,920,243,324
MDFIC_ACAGGTCTGAGCAATGGAAA,MDFIC,1304,359,329
MDFIC_ATCGCTGTTTACAGACAAGC,MDFIC,650,158,232
MDFIC_ATTCGCAGAACAAGCAAGCC,MDFIC,974,194,152
MDGA1_GCCCATGGGACCACTGCAGC,MDGA1,594,328,345
MDGA1_CGTGTGCGGCATCCCAGACA,MDGA1,1228,479,580
MDGA1_CGATACCCTATCCCACAGCC,MDGA1,1590,1101,1010
MDGA1_CGTATTGCACGCACGCAGGG,MDGA1,1281,321,450
MDGA1_GCGTGTCTACACCATCCGGG,MDGA1,330,69,86
MDGA1_CAGCGCCAGAAGTAGAAGGC,MDGA1,812,208,284
MDGA2_CTGAACGATGAGCTGCACCA,MDGA2,2558,579,510
MDGA2_AGTCCCAAAGGACCTGACCC,MDGA2,282,8,80
MDGA2_GATTGGAATTGGCAACACAC,MDGA2,570,123,243
MDGA2_AATATTCAGCGACACCAAGG,MDGA2,832,241,202
MDGA2_AGAGGAGCGCTACTCCGAAA,MDGA2,700,272,211
MDGA2_TACGCAACGGGACCTTCAGG,MDGA2,642,114,177
MDH1_ATTTATCTAAGGCTGCACCC,MDH1,736,35,89
MDH1_CAAACCAGATGTCCCTGACG,MDH1,2149,304,390
MDH1_GCCATCAGAGATAACACCCA,MDH1,782,223,78
MDH1B_GCCAGTTTGGTATTCCGAAA,MDH1B,1577,395,407
MDH1B_ACAGGGCGTGAATAATGAAG,MDH1B,790,437,291
MDH1B_GATGGAGACACTGCGCAGGA,MDH1B,660,174,35
MDH1B_TGGGATTTGACTGTCCCACC,MDH1B,152,34,83
MDH1B_GCTGTTGGATCGTGGAGGAA,MDH1B,1658,391,523
MDH1B_CGCGATGACGAATTTGGCCA,MDH1B,1815,920,1168
MDH2_GAGGGTCAGGCGGCTCACCA,MDH2,279,1,31
MDH2_GATGTGGTAGTTATTCCGGC,MDH2,360,187,170
MDH2_ATCATTTCCAGGCATGACCC,MDH2,808,102,151
MDH2_TACCTTCAGCTCTGCAACAA,MDH2,1265,435,348
MDH2_CGTGTACCTGAGAGATCAGG,MDH2,420,151,155
MDH2_ACTCACTGGGCGGATCCAGG,MDH2,93,311,180
MDK_CAGCAGCAAGGATTGCGGCG,MDK,291,271,270
MDK_TGCGGCGTGGGTTTCCGCGA,MDK,1467,155,330
MDK_AGTTGCAGGGCACCCTGCAC,MDK,2,378,294
MDK_GGTGCCCTGCAACTGGAAGA,MDK,195,50,130
MDK_AAAGGCCAAAGGTCAGCGAA,MDK,567,517,412
MDM1_CTCTGGCACGAGCTAAGAAA,MDM1,1419,597,512
MDM1_GAGCCCTGAATTCGTCGAGA,MDM1,504,55,38
MDM1_AGGACGACAATGAAGAGGAA,MDM1,945,328,85
MDM1_GAAGACGTACAGAAACAGCC,MDM1,1105,32,56
MDM1_ACCAACCTCAGCATACCACA,MDM1,644,242,134
MDM1_TCTGATCTAAGTCCAGCCCA,MDM1,538,103,50
MDM2_AGGGTCTCTTGTTCCGAAGC,MDM2,349,1,13
MDM2_CTTGGTAGTAGTCAATCAGC,MDM2,298,22,0
MDM2_AACAGGTGTCACCTTGAAGG,MDM2,408,0,11
MDM2_CTGTTGCAATGTGATGGAAG,MDM2,739,88,143
MDM2_GGTTGTCTACATACTGGGCA,MDM2,93,0,0
MDM4_TGTTGAACACTGAGCAGAGG,MDM4,409,18,0
MDM4_TATCAGACGTGGAGAGAGAA,MDM4,485,2,57
MDM4_TATGGCAGTGATATCAGACG,MDM4,775,9,14
MDM4_TCTAACGACAGGAGCCGAAA,MDM4,367,188,265
MDM4_CTGTTCTCCCATGCTTGAGA,MDM4,426,77,50
MDN1_GAGAAGCAACCGCCATAGCC,MDN1,509,92,157
MDN1_CTCCCTTTGGCGTAAGCAGA,MDN1,463,86,112
MDN1_CTGCTTACCTCAACCTGAAA,MDN1,1308,650,704
MDN1_AGCTACGCACCAGCGAACCA,MDN1,1246,188,253
MDN1_CTCACGGGAGGACATCAGGA,MDN1,1168,7,0
MDN1_AGAGCCGCAGTGAGTTGGGC,MDN1,659,14,51
MDP1_AAATGGGCTCTCCTCAAGGC,MDP1,734,255,277
MDP1_AGGGTTAGAGACATTTGCGA,MDP1,908,456,120
MDP1_AGACGTCCGACTGTACCCAG,MDP1,1750,234,189
MDP1_TGGAACTGTACGAGATAGGC,MDP1,403,364,285
MDP1_ACGTGCGTGTCGACCCAGAA,MDP1,3204,1247,1280
MDP1_CATGGCGCGGCTACCGAAGC,MDP1,437,189,331
MDS2_ACTGCTGGTGAACTCTCAAG,MDS2,704,45,219
ME1_CAGTACTATACATCTGGGAG,ME1,935,244,272
ME1_CAGACCCTATATCCTGGCCA,ME1,980,441,228
ME1_TGCCGTAGTCCAATGTAGAG,ME1,2213,1572,2202
ME1_GCTCTATATACAGCTTGCGG,ME1,594,107,15
ME1_ATCTCCTGACTGTTGAAGGA,ME1,321,189,97
ME1_TGATGGGTGTGGCGGCGACG,ME1,665,128,164
ME2_GATGTGTCCATACTGGGAGC,ME2,725,163,95
ME2_CAGATGAAGAGCTAGCCCAA,ME2,829,81,280
ME2_TCCTGAATATTAGCAAGCGG,ME2,533,374,382
ME3_TACGGTATTTGTTGAGCAGG,ME3,685,204,147
ME3_ATGCCTTCCCGTGCACGCGC,ME3,1583,192,165
ME3_CCCTGTACACGGCATGCGGA,ME3,1919,381,386
ME3_ACTATGGCCTGACTTTCCGC,ME3,130,158,94
ME3_CGAGCGGCAGCAGAGTGACC,ME3,308,62,123
ME3_AGCGCGGATACGATGTCACC,ME3,724,186,64
MEA1_TCTGTACCACATCTTCCCAC,MEA1,107,226,163
MEA1_GATATCTCCCGAGCCCAGGC,MEA1,209,67,83
MEA1_CAACCACAGCTCTATTCCCA,MEA1,806,163,75
MEA1_GAACCAAGATCCTGAACAAG,MEA1,1207,412,132
MEA1_AGTTCTAGGAGGAGACACCA,MEA1,824,132,92
MEA1_ACTACTGTTGCCATCCGGGC,MEA1,174,56,104
MEAF6_CGTGAAGCGGAAGCAGGAGC,MEAF6,168,1,97
MEAF6_AGCTGGCGGAGCTCGTGAAG,MEAF6,107,50,48
MEAF6_CATGGCGATGCACAACAAGG,MEAF6,437,41,0
MEAF6_CAACATGGCGATGCACAACA,MEAF6,1928,194,177
MECOM_CAGTGGAGCTCCAGCCCGAG,MECOM,1269,53,69
MECOM_TTGTTTGAGGCCCGACGAAG,MECOM,696,307,98
MECOM_CAAGTGTGATCAGTGTCCCA,MECOM,551,60,27
MECOM_AGTAGTTGCAGACATTGCGC,MECOM,548,154,55
MECOM_TGGCTCTTGAATATTGAGGG,MECOM,465,164,321
MECOM_GGGCACAGCATGAGATCCAA,MECOM,167,12,89
MECP2_TTTCCCGCTCTTCTCACCGA,MECP2,1568,179,175
MECP2_TCTCCCAAAGCTCCAGGAAC,MECP2,1116,701,451
MECP2_GACTTCACGGTAACTGGGAG,MECP2,437,149,85
MECP2_TCCGTGTCCAGCCTTCAGGC,MECP2,1388,89,96
MECP2_CCGTGTCCAGCCTTCAGGCA,MECP2,3364,1150,620
MECP2_CAGAAGCTTCCGGCACAGCC,MECP2,1065,199,306
MECR_CTTACCACAGAGGCTACGAC,MECR,2094,107,178
MECR_GAATGCATCCAACAGCGGAG,MECR,490,1,21
MECR_GACCGAGGCTGTGTTCAGCG,MECR,1668,106,222
MECR_TGTTGCACAGGTGGTAGCGG,MECR,2033,109,95
MECR_GGGCCGCCAGCATCTTCACA,MECR,537,102,69
MECR_CATAGACAAGCGCCCGGACC,MECR,862,636,383
MED1_ACTTCAAATTGGAGAAGCCC,MED1,240,1,52
MED1_GCACTGCTATTTCCTCAACA,MED1,3133,178,54
MED1_AAGATCAACACTGTTGGCAC,MED1,531,150,135
MED1_GGCTATCTCACACCAAGGAG,MED1,1344,257,244
MED1_GATGTAACATTCAGTGCCAC,MED1,417,0,30
MED1_AGATGAGTTCTCTCCTGGAA,MED1,1288,104,133
MED10_TAAGTATCGAAGCATCCGGG,MED10,309,59,58
MED10_CTAAGTATCGAAGCATCCGG,MED10,2082,227,220
MED10_GGCACTCTTTGGTGTAGAGC,MED10,307,54,77
MED10_TGACCACCTAGAGGAGCACC,MED10,235,132,24
MED11_CGCGTAGTCTCTCGTTCGCC,MED11,535,153,171
MED11_CTAACGAGCGGCTCCTAGAC,MED11,798,128,103
MED11_CACCGCTTCAGTGCAACACG,MED11,2894,103,148
MED11_TTCAGTGCAACACGTGGAGG,MED11,759,19,0
MED11_CTCCAGCTACTCTTCGAGGA,MED11,696,126,193
MED11_TTCGAGGAAGGACTGTCAGA,MED11,376,92,24
MED12_TCCTGAGGGTAAACATCGGG,MED12,588,0,77
MED12_CCTGCGACCAGTGTCAGGAA,MED12,2763,66,194
MED12_ACAGGTCATCTTAATGAGCC,MED12,517,7,26
MED12_TGGCTGAATACTACCGGCCA,MED12,975,520,313
MED12_GCAATTCATCCTCTCCAGGG,MED12,1327,30,221
MED12_ACAGAAGTAGGCAAGCCGGC,MED12,971,0,0
MED12L_TCCTGTGGGTAGACGTCGGG,MED12L,189,58,173
MED12L_CTTAACACTTTCCAGGACAC,MED12L,1610,78,300
MED12L_TGCCAATGGTTCGAGCAACG,MED12L,1419,969,1154
MED12L_TTACCACATGGCCTCCAGCA,MED12L,1988,89,420
MED12L_AGTAGGCAAGACGACGAGAC,MED12L,569,59,262
MED12L_TTGAAAGCCGTGTTCCCACC,MED12L,891,187,222
MED13_AGCTGCAAGGAATCAAAGAC,MED13,1089,1152,502
MED13_GGTCAGTATAAGAGACAGCC,MED13,215,105,41
MED13_AAATGCTGGACAACAAGGAC,MED13,1405,468,469
MED13_TCCGATAGTACTAGCCACCA,MED13,1257,1149,955
MED13_AACAGTGAGTGGATCCCACA,MED13,734,83,56
MED13_ACAGTGACAATCTTCCAGGC,MED13,1779,1435,1348
MED13L_AGTCACCTGGTTTCCCAAGA,MED13L,951,283,460
MED13L_GCTTATAGGTGGTGTTCGGA,MED13L,450,59,0
MED13L_ATGGCAGTATTTCTACCCGA,MED13L,96,205,13
MED13L_GCGTCCTACATTCATAGGAA,MED13L,863,540,534
MED13L_CACGACGCCATACACAAAGC,MED13L,1893,786,835
MED13L_TCATGACTGCGGCAGCGAAC,MED13L,896,234,338
MED14_CAGACACTCTGAATTACCAC,MED14,1340,39,102
MED14_GGCATTGAAGCCTCTAAGAA,MED14,762,75,85
MED14_CTTCAACACGAAACTTCACC,MED14,155,0,0
MED14_CATCTCTAGCTAACGAGGCC,MED14,413,160,70
MED14_GGCTAATAATGCTGGCAAAG,MED14,1805,388,259
MED14_AACCACCAGCTGGTCCCGCC,MED14,585,13,0
MED15_CACCGCCTTCCGGCAGAAGC,MED15,617,408,292
MED15_ATGTGGACTTTGCCGAAGGA,MED15,379,164,242
MED15_GGCACACAGTAAATCCAGCA,MED15,943,230,215
MED15_TGAGCCTGGCCACGAGAGAA,MED15,1665,247,394
MED15_GATGGGTAGCCTTGGTGCCA,MED15,946,295,260
MED15_GCTTGCGCCTGTGACACCAA,MED15,60,53,121
MED16_GCTCCACCGTACCGAGGCCA,MED16,595,139,136
MED16_TGCTGGTCCCTGCGCAAGGA,MED16,845,956,679
MED16_CGGCAACATCGTGGTGGCCA,MED16,1576,659,731
MED16_TCCTGTCAGCAGATGCCGAC,MED16,341,476,550
MED16_CATGATCCACATCCTGGACA,MED16,2240,579,1115
MED16_AAATCTCATCGCCTTCACCA,MED16,1290,483,428
MED17_CGAATCGGCCTGCGAGAAGC,MED17,736,75,259
MED17_ATTCTGCGACATGGACAGCG,MED17,1065,37,115
MED17_TGGGCAAAGGTCGTTTGAAG,MED17,1616,410,142
MED17_GGGCTGCTCTTACTCGGAAA,MED17,1170,20,84
MED17_CTCATTCTCTTGTGGCCAAA,MED17,1493,973,783
MED17_TAATGCATCTGCCATCACGG,MED17,895,3,31
MED18_TAGTTCACTTACCCTGCAAC,MED18,241,14,19
MED18_TGTTGTCACACAAACCACGA,MED18,712,87,10
MED18_GGGCCCGACGCTCTATGGAC,MED18,2384,434,224
MED18_GACGCTCTATGGACAGGGCA,MED18,401,139,202
MED18_GATGGAAATGGGCTTCCGCA,MED18,95,0,0
MED19_CGACATAGTCCAGACCACCC,MED19,2095,344,433
MED19_AAGAGGATCCTGAACGGAAA,MED19,1024,192,130
MED19_GCACAAACAGAGCCGTACCC,MED19,862,205,59
MED19_TCACCGGGCCAGTGTGGAGG,MED19,628,6,61
MED19_ACCGCACTCGGCTTCGGACC,MED19,1133,123,169
MED20_CAAGATCCGCAAGCAGCAGC,MED20,638,126,57
MED20_TTCTAGGCAGCCACACACCA,MED20,2497,143,138
MED20_AGTCACTAGCTACCACACAG,MED20,1558,0,0
MED20_TTGGTGTCAGCAATAAGGCA,MED20,270,9,34
MED20_TGTTTCGCCCTCTTTGAGAA,MED20,730,571,474
MED20_ACACTCTTGCCCTCGGCCAC,MED20,479,59,55
MED21_TTCTTGAGGTAAAGCAAGGG,MED21,254,192,292
MED21_GCATAAAGCGCTCTCTCGGG,MED21,567,105,50
MED21_CGAACTCGGAGGTTTGAGGC,MED21,834,222,476
MED21_CGGTGCTTGAAGGTGCGGGA,MED21,689,220,246
MED22_CTCCCGTAAGCTTCGCACAG,MED22,1937,646,1244
MED22_CAATGGCCTCGTTCACGGAG,MED22,391,50,163
MED22_ACGGGCCACTCAGGGTGAAC,MED22,886,273,259
MED22_CCAGATTGAGGACGAGACGC,MED22,1364,265,122
MED22_GATCATCAAGACCGCCAAGG,MED22,1298,35,94
MED22_CGAGATCATCAAGACCGCCA,MED22,762,177,297
MED23_CAAATTACCTGTAGTGGGCC,MED23,920,227,177
MED23_GAGCTCACCAAAGATGGAGC,MED23,174,29,15
MED23_ATACAGTTTGTTCCAGGGAG,MED23,636,46,99
MED23_TACAGGTCATTGCAAAGGCA,MED23,170,89,84
MED23_AGTCGAAGAGCTTCATCACA,MED23,351,103,77
MED23_GGATCTGGTTGTTTATGCCA,MED23,437,58,62
MED24_GGTTCATGGTGCCCTCGAGC,MED24,308,210,235
MED24_TCGATGGCAGTCCAAGAAGC,MED24,2127,231,169
MED24_ACCCGAGCCAATCAACCAAC,MED24,2027,338,419
MED24_CTAGTTTGGCGATGTGCAGC,MED24,512,169,286
MED24_TGCAGATGCGTTACTAGAGC,MED24,1393,1105,784
MED24_AGCGCTGGAGTGACTACCAA,MED24,1041,245,192
MED25_ACAGCACTCACTCGATGGCC,MED25,574,147,92
MED25_TCACTTAATGCCATCGAGCC,MED25,610,245,161
MED25_TGGTAGTGGCCAGACGCACC,MED25,932,283,305
MED25_GCCTCCGACAGATGTGAGCC,MED25,364,169,55
MED25_ATCCATACCTGGTACTGCGG,MED25,317,58,155
MED25_CACTCCAGGACTCACAGCGA,MED25,2571,503,179
MED26_GACTGCTGCTCCATGTGCAC,MED26,854,17,99
MED26_GAACGAGGAGCTCGCCAAGC,MED26,843,0,11
MED26_AATAGGGTATTTCTCCAGGC,MED26,301,1,33
MED26_AGTGCGGTGTGAAACAACAG,MED26,1718,236,363
MED26_CTGATCTGCTGCGGAGACGC,MED26,1197,106,118
MED26_CCTCGCCCAGGCAATGACAG,MED26,508,0,0
MED27_AAATCCATCACTCACTGAGG,MED27,652,9,0
MED28_CTCTTGCGCCATTCCAAACA,MED28,2884,1044,999
MED28_GAAGCTTGGCCCGGAAGGCC,MED28,517,78,118
MED28_GAAGCGAAGCTTGGCCCGGA,MED28,157,0,34
MED28_TGAAGAAGCGAAGCTTGGCC,MED28,772,27,60
MED29_CAGTCGTAACGCACTTCCGG,MED29,785,111,279
MED29_ATCTTCCTCGCGTAGACCGC,MED29,439,5,65
MED29_TTACCAGGCACAGCTCCAGC,MED29,1031,0,0
MED29_TCTGGGCTTTGATGACCGCC,MED29,246,33,50
MED29_AGCCCAGATTTCCTGTGCCA,MED29,371,16,152
MED29_CTTGTTGGCACAGTCCAGCA,MED29,1511,72,46
MED30_GGACATCGTGTACCGCACCA,MED30,1101,0,7
MED30_AATGGTGTCACTTACCACAC,MED30,847,95,99
MED30_TCAAAGAATGATGATCGGGC,MED30,146,0,133
MED31_GGCAGCACTATTCCCGGAAG,MED31,278,124,181
MED4_GACATGTCATTTGACTGCCA,MED4,496,42,59
MED4_GCCATGGATACTGTGGAGCA,MED4,1571,380,431
MED4_CAGTTGGGTAGGGTCTCCGG,MED4,416,49,19
MED4_AGTATGTTTACCTGGAACCC,MED4,287,0,2
MED4_GCTCGCCGCATTACCTAGAC,MED4,502,117,208
MED4_TGCGTCTTCGAGTGGTGAGA,MED4,682,11,66
MED6_TCATCATTCGGAAGCAACAG,MED6,1671,9,21
MED6_CGCTCTCGGAATTATGGCGG,MED6,699,141,104
MED7_TGGAAAGTCAGGGCATCGAA,MED7,1983,49,145
MED7_TCGATGCCCTGACTTTCCAA,MED7,1394,115,79
MED7_CGATGCCCTGACTTTCCAAA,MED7,1133,354,342
MED8_GGCTATCCCTCTAAGGCGCA,MED8,397,195,233
MED8_TTGCCAGCCACACTCACCGC,MED8,1535,510,981
MED8_AGGAACCTCAGGATTACAGC,MED8,355,205,151
MED8_ACACCAGAGGAATGATGACC,MED8,1270,0,0
MED8_AACACCGCTGTTCCGTAACC,MED8,587,148,125
MED8_ACGAGTATGGCCGGCTGACC,MED8,669,19,0
MED9_TACATCCTCCGCCTGTCGCC,MED9,120,0,0
MED9_TGCGGTTGAGGCGCAGGGAC,MED9,551,100,192
MED9_GACTGCTGCGGTTGAGGCGC,MED9,423,25,155
MED9_AGTTCTCTTCCTCCCTCGCG,MED9,878,20,56
MED9_TGGTCCTGACTTGCTCCCGG,MED9,953,85,1
MEDAG_GATGGAGGTCAGGCTCGGCC,MEDAG,460,37,54
MEDAG_GCCGCTCAGCTGGAAGGCAC,MEDAG,343,59,104
MEDAG_GCCTCAGCAGCTACATCAAG,MEDAG,540,456,411
MEDAG_GATAGAGCAAGGGATGGACA,MEDAG,531,143,22
MEDAG_AGGCTAGGCTTACCTGAAGC,MEDAG,1380,356,503
MEDAG_TGAGTGAGCCTTTAATCCGA,MEDAG,495,141,165
MEF2A_CTGAATCTGTCCTCCGAGAG,MEF2A,2684,445,737
MEF2A_CTGAGTACAGTCGGAGGAAG,MEF2A,2595,928,888
MEF2A_GAGTACACAAGTCCTTGCGG,MEF2A,1033,147,151
MEF2A_CTTCAAGGCTTCAACTCGCC,MEF2A,851,125,189
MEF2A_AGGAATGCTGTCGCTGGGAC,MEF2A,625,487,399
MEF2A_CAGTGATCGGGAGGATCCAC,MEF2A,1244,223,185
MEF2B_AAGGTCTTAGGAAAGTCGCC,MEF2B,0,62,29
MEF2B_CAGGCCATATTCTGGTGGGC,MEF2B,218,241,185
MEF2B_CCCGTATACCACATCTGGGC,MEF2B,38,162,19
MEF2B_GAGTCACTTACATACAGCCG,MEF2B,536,97,47
MEF2B_CCCATAGACGCTGAAGCGGA,MEF2B,367,28,90
MEF2B_CTGTGTACTTCAGCAGCACA,MEF2B,426,453,188
MEF2BNB_TTTCAGCGCCGTGAAGAACC,MEF2BNB,1279,157,137
MEF2BNB_AGCCGGTACAGGGCCACGGA,MEF2BNB,1445,234,289
MEF2C_AACACACGCGCCACGAGGCG,MEF2C,1197,172,450
MEF2C_TGAACCAAGGTGAAGAGCGC,MEF2C,1816,651,425
MEF2C_GGAGTTGCTACGGAAACCAC,MEF2C,479,63,85
MEF2C_CTCCGAGTTCTTATTCCACC,MEF2C,242,172,250
MEF2C_GGAGGTCGATGTGTTACACC,MEF2C,436,27,59
MEF2C_ACAACGAGCCGCATGAGAGC,MEF2C,1122,415,189
MEF2D_GGATGACTGCACTCACCAAC,MEF2D,648,197,108
MEF2D_CATCATCCCTCACGGACCCG,MEF2D,2632,519,205
MEF2D_TGAGAGCCCTGAGGTGGACG,MEF2D,2467,165,327
MEF2D_CAAGTACCGACGCGCCAGCG,MEF2D,678,216,115
MEF2D_CAACGCCGACATCATCGAGG,MEF2D,1501,158,105
MEF2D_CACCGACGAGCGGAACCGAC,MEF2D,1722,376,101
MEFV_GGTAATGGTGTGTGCTGGCC,MEFV,392,61,169
MEFV_ACATTGGAGACATCTTGCAC,MEFV,969,383,441
MEFV_AACTGAAGCGCTGAAGCAGC,MEFV,294,13,64
MEFV_GATCCTCACAGAAGAGCAGC,MEFV,49,0,0
MEFV_TGAGGTCACCATTTCTACAG,MEFV,1169,168,222
MEFV_GGAGTGCTCCTTCTGCACAC,MEFV,1430,314,459
MEGF10_ACCCTAATGTGTGTAGCCAC,MEGF10,573,292,199
MEGF10_GGTTTAAATGCACGCGGCAC,MEGF10,536,99,67
MEGF10_TATCGGACAGCCTATCGACA,MEGF10,433,369,213
MEGF10_AACACCTGTCAGTGTGAGCC,MEGF10,761,91,32
MEGF10_TCCTCAATCTCAGCCTGCGA,MEGF10,503,305,330
MEGF10_CTTTGTCCTCCTGGTAAACA,MEGF10,2007,795,889
MEGF11_GGCCCACTTACCGTCCAGCC,MEGF11,1354,361,229
MEGF11_GCAGCGCCATCCACGGAAGC,MEGF11,1335,301,642
MEGF11_GCACACACTCCTCCGTACAC,MEGF11,1752,394,904
MEGF11_TATAAGACGGCGTATCGGAG,MEGF11,1405,256,261
MEGF11_GGTTCAAGTGCACCAGGCAC,MEGF11,246,98,162
MEGF11_CCACACCTTACCTCTCCCAG,MEGF11,2952,382,268
MEGF6_CTACCCATGTCACCTGGGCC,MEGF6,1089,392,312
MEGF6_TGAGTGTGCCAACGCCAACG,MEGF6,690,323,306
MEGF6_CACTCACCATACTGACAGCG,MEGF6,1103,645,507
MEGF6_TGGCTTAAGGCCTGCACGCA,MEGF6,2305,563,571
MEGF6_TTGAAGAGGCGAGGGCAGCG,MEGF6,3139,728,1076
MEGF8_GCACCATCCGTCACGAAGCC,MEGF8,1051,406,146
MEGF8_AGTCACCGTCATACACGAAC,MEGF8,929,179,300
MEGF8_ATGAGGCGTTAAAGCCCAGC,MEGF8,38,92,35
MEGF8_TCACAGCGGCATGGTCCCAG,MEGF8,515,118,143
MEGF8_CGGAGAAGTTGTATAGGACG,MEGF8,2207,652,717
MEGF8_CGTGTGGGCCTTCAGTCCAC,MEGF8,521,121,420
MEGF9_TTTCAGCTCGATGGTCCAAA,MEGF9,1344,793,744
MEGF9_AAGATTTGTAAGCCCGAGAG,MEGF9,713,184,176
MEGF9_ATATGTGACCGATGCCAAGA,MEGF9,384,203,246
MEGF9_AATCGCTGCAACCAGACCAC,MEGF9,302,177,124
MEGF9_GGAGCCGTCGCCCTAGGGAA,MEGF9,323,179,96
MEGF9_GAGCCGTCGCCCTAGGGAAG,MEGF9,1320,115,242
MEI1_ATTACCGGCACGACCCGCGC,MEI1,581,207,65
MEI1_TACCTCCCTGGTCACGCAAC,MEI1,933,226,455
MEI1_CTTTGTGGCACTCATCCAGC,MEI1,417,237,446
MEI1_CATCCACCAACTTGCCAAGA,MEI1,1497,518,486
MEI1_GAAGCTATACTCCTCACCAG,MEI1,732,252,481
MEI1_TGTGTCCATGATCATGAACC,MEI1,630,247,365
MEIOB_TGGCAAACTCCTTTGCAGCG,MEIOB,1233,395,211
MEIS1_CACAGCTCATACCAACGCCA,MEIS1,1788,129,188
MEIS1_GCTGACCTGTTTGGCGAACA,MEIS1,720,290,532
MEIS1_ACGGCATCTACTCGTTCAGG,MEIS1,235,199,132
MEIS1_CCACAAATATCATGAGGGCG,MEIS1,276,376,148
MEIS1_ATAGACCAGTCCAACCGAGC,MEIS1,358,89,254
MEIS1_CATATGGGAATTAGAGCACC,MEIS1,307,15,201
MEIS2_AAACAGTTAGCGCAAGACAC,MEIS2,605,99,131
MEIS2_CGTGGTCTCGCCAAGAAGAA,MEIS2,1458,599,567
MEIS2_CGTCTCTTTCATCAATGACG,MEIS2,1571,413,461
MEIS2_GGTCTTTGAGAAGTGCGAGC,MEIS2,256,26,56
MEIS2_CTGTCAACGACGCCTTGAAG,MEIS2,1708,442,330
MEIS2_AGCGCAGACTGATGGCGCAA,MEIS2,1354,62,168
MEIS3_GCAGAGACGCTCAGAAGCGC,MEIS3,592,121,86
MEIS3_GGTGACAGAAGTTGTCGCAC,MEIS3,0,2,0
MEIS3_GAGCAGACGTCACCTCCAGG,MEIS3,295,188,64
MEIS3_AGACAGTGCCCGCAGTACCA,MEIS3,2230,580,716
MEIS3_ATTCCTGACATGTGGGCAGG,MEIS3,338,15,60
MEIS3_GAGACCTACCCTCCGGGCCA,MEIS3,66,76,19
MELK_CCATATCCTTACTGGAGAGA,MELK,1166,172,154
MELK_TGTTGGCTGTCTCTAGCACA,MELK,273,228,153
MELK_CTATCTGACGGAAGACAACC,MELK,494,477,301
MELK_GGTAGCACTGGCTTGTCCAC,MELK,61,0,0
MELK_CGTTACACTACACCCTCAAA,MELK,2017,562,459
MELK_TGTTTGGGAGCCTTGAAAGG,MELK,1198,499,192
MEN1_CAACTACTGCCGGGAAGACG,MEN1,583,167,111
MEN1_GCACATTGCGGTTGCGACAG,MEN1,1626,39,98
MEN1_TGAGTGGGTCTGGCCGGCCA,MEN1,1010,42,0
MEN1_CATGCGCTGTGACCGCAAGA,MEN1,822,66,100
MEN1_CAATGCCGGTGTGGCTGAGC,MEN1,1147,93,123
MEN1_CTTCTCGAGGATAGAGGGAC,MEN1,897,27,76
MEOX1_GCAGCAAAGCCCGCAAGGAG,MEOX1,2541,571,575
MEOX1_GGCCTCCTGTGGTGTCCACC,MEOX1,1,107,41
MEOX1_TGCGCCGGGCGTCTGAGACA,MEOX1,2220,457,293
MEOX1_CGGACAGCAGATGGATCCCG,MEOX1,996,467,1108
MEOX2_CAGAAGTCAACAGCAAACCC,MEOX2,1697,270,635
MEOX2_GAGGCGGAGAAGCGAAGCGG,MEOX2,416,88,156
MEOX2_AGTTGGAGCACAGGACGGGC,MEOX2,879,137,145
MEOX2_TCTTCCATGGAGGGCGAGAG,MEOX2,256,338,301
MEOX2_CTGCGCAGGCAGCCAAAGAG,MEOX2,689,538,899
MEP1A_AATCAGCTCACTTGCAGCAA,MEP1A,736,383,505
MEP1A_AGGCTTGGACCTCTTTCAAG,MEP1A,1232,476,417
MEP1A_ATAGGGCTTGAAATCCACAC,MEP1A,369,473,305
MEP1A_ATAGGCACATCCTTGGCCAA,MEP1A,97,132,215
MEP1A_ACCTTGTTGGGACAATGCAC,MEP1A,393,333,343
MEP1A_ACTCGTTGTCTGGGTCAGGA,MEP1A,672,149,212
MEP1B_TGTAGATGGCGGAATGGACC,MEP1B,516,71,370
MEP1B_TGAGCAGTCGCGTTCTGACC,MEP1B,924,176,26
MEP1B_GGATGTGATCGGCCAACGAA,MEP1B,638,591,224
MEP1B_AGAGAGTGATCACTCCAACA,MEP1B,1898,317,457
MEP1B_ATAAAGTTGCCAGCTCCCAG,MEP1B,509,95,220
MEP1B_GGTGTCTGCACTGTTCGAGA,MEP1B,634,119,229
MEPCE_AGTGAGCCGCACTCTCAACG,MEPCE,394,55,22
MEPCE_CTCACAGCAGCCGCGGCACA,MEPCE,2158,254,227
MEPCE_GCAGCTCCTCTTTCGAACGG,MEPCE,454,32,171
MEPCE_ATCTACCGGCACCTACGCCC,MEPCE,944,0,0
MEPCE_TCTCTTGCCATACGACGACC,MEPCE,677,28,0
MEPCE_GGAACAGGTACACAGGACGC,MEPCE,403,1,0
MEPE_GCAGAGCGAGATGTGGGCCG,MEPE,230,121,475
MEPE_ATCAAGACCACGAGAAGGAA,MEPE,625,132,250
MEPE_GAGGTTTAGTTCCCGTAGAA,MEPE,589,384,322
MEPE_AGTAGTGAGTCATCTGACAG,MEPE,868,152,120
MEPE_GGCAGTTCAAGTGAGAGCGA,MEPE,92,26,61
MERTK_TTATCCCTTCCTCACGCCAG,MERTK,691,171,353
MERTK_ATTGTCTGAACGCTGCACAC,MERTK,1379,253,249
MERTK_AAATGTTGACGGGCTCAGGC,MERTK,892,174,246
MERTK_TGTGAGGCCCACAATGACAA,MERTK,2312,630,450
MERTK_GAATGCTGCAATTCCTGAAC,MERTK,700,388,264
MERTK_TCGTGCTGGCTAGAATCCAA,MERTK,981,133,157
MESDC1_CTGCTCGAAGGACTCGGCGC,MESDC1,557,155,93
MESDC1_CCATCATCGCGCGCACCAAG,MESDC1,2374,693,1596
MESDC1_ACTCGGTCAGCGACACCACC,MESDC1,233,279,364
MESDC1_TGCGGCGTCATGTCGGCCAG,MESDC1,1676,794,601
MESDC1_GCGCCAGATCCCTGAGGCAC,MESDC1,1150,428,309
MESDC1_CGCCAAGATGTCGGACCACA,MESDC1,2070,1162,1085
MESDC2_AAATCAAACTGGCAGACGAG,MESDC2,1081,232,374
MESDC2_GCTATCTTCATGCTTCGCGA,MESDC2,930,26,19
MESDC2_CGCGAAGCATGAAGATAGCA,MESDC2,1588,254,311
MESDC2_GAAATTACGAGCCTCTGGCA,MESDC2,425,0,0
MESDC2_TGGCGCGTCTTCTGGAGCAA,MESDC2,2907,204,322
MESDC2_AGAGGCACAAAGCAGGACCA,MESDC2,1215,47,0
MESP1_AGCCACTCCAGAGGCGAGAG,MESP1,202,141,322
MESP1_AACAGAGCCAGCACGTCGCC,MESP1,533,15,0
MESP1_TGAGGCCTAGCACGGCCGAC,MESP1,451,85,103
MESP1_CCACGGACGGCGGTAGAAAG,MESP1,481,78,148
MESP1_CGGCCGCAGTCCTTGTCGGA,MESP1,1187,404,334
MESP1_CCGCAGTCCTTGTCGGAGGG,MESP1,1284,350,248
MESP2_AGATCCAGTGGTCGTGGCCG,MESP2,1158,404,1175
MESP2_CGACCACTGGATCTTCGCCC,MESP2,1384,200,372
MESP2_GACCACTGGATCTTCGCCCA,MESP2,753,165,202
MESP2_GAGGGCTTGCTTCACTGAGC,MESP2,783,99,78
MESP2_TTTAGTAGAAGATGCCCAGG,MESP2,267,115,68
MEST_GGCATGGGATAACGCGGCCA,MEST,1555,165,28
MEST_GAGGCGATCTCGGCGCACCA,MEST,620,84,289
MET_GCTGCGTATGTCAGCAAGCC,MET,138,121,268
MET_GAGGTCTCCTTTAATGAAGG,MET,102,103,123
MET_AGCCTTGTCCCTCCTTCAAG,MET,1057,386,480
MET_TGTTATTGTGCTCCCACCAC,MET,635,241,212
MET_CAGTGCTCTAAATCCAGAGC,MET,778,332,213
MET_GGCAGATTCCCAGGAGCGAG,MET,308,108,57
METAP1_GCTTGATGCAAGTGGGACAC,METAP1,166,0,0
METAP1_GCGAGCAGAAGTACGAGCCC,METAP1,1528,0,0
METAP1_CCGTCTCCCAGAAGATGAAA,METAP1,1148,37,141
METAP1_GCTGCCGGCATGATTAAACC,METAP1,1100,1,38
METAP1_TGGACTGCGGTGACAAGAGA,METAP1,1505,48,0
METAP1_CCGTGCACTGTCAAGTCGCC,METAP1,1,67,101
METAP1D_CCACGTGACCGACGCCAACA,METAP1D,2817,1515,1226
METAP1D_GCTTCATCAGGCTTGTCAGC,METAP1D,666,171,118
METAP1D_TTTAGTCGACCTCTTCAGGA,METAP1D,398,255,442
METAP1D_GCAATTGCAGCTTGCAGAGC,METAP1D,1418,819,976
METAP1D_CAGTGATCTACCCATGGAGG,METAP1D,899,185,262
METAP1D_ACAGAGCCAATCATCACGGA,METAP1D,1807,305,420
METAP2_TCGCGCTCTCTCGGGCAACA,METAP2,2698,435,654
METAP2_GAGCCACCTGAATGGCGACC,METAP2,348,0,0
METAP2_TTCTTAGATGGAGATGGCGA,METAP2,548,42,53
METAP2_ACAGTGCCGATTGTGAAAGG,METAP2,5121,130,16
METAP2_CAGTGCCGATTGTGAAAGGA,METAP2,1192,2,141
METAP2_CTTTACATGTTGGACGCAAC,METAP2,739,76,30
METRN_ACTCCGAGGAGCGCTGCAGC,METRN,825,96,50
METRN_GCGCAGCTCAAAGCGGAAGG,METRN,1303,300,436
METRN_GCTTTGAGCTGCGCGAGGAC,METRN,1126,196,266
METRN_GGACAGCTGATCGCTAGGCA,METRN,677,360,283
METRN_AGTCGCTGGTGCATGCGGCC,METRN,188,86,253
METRN_TGTCTGGCGGAGGACACGGG,METRN,323,66,36
METRNL_GCGCGCAGTACTCCAGCGAC,METRNL,376,101,89
METRNL_GGTGTATCTGCGCTGTGCGG,METRNL,426,53,118
METRNL_CACAGGCTTCCAGTACGAGC,METRNL,1488,460,294
METRNL_AGAGTCTGCTCACGCGCAGG,METRNL,287,93,85
METRNL_TACAGGGATGCCCAGGAGAG,METRNL,965,108,271
METTL1_TGCCTAGATGTCCCACAACG,METTL1,3083,57,184
METTL1_GCGTGTGCCTCTGGAGGACC,METTL1,463,43,4
METTL1_TAACTTCTTCTACAAGGGCC,METTL1,577,103,94
METTL11B_AGCTCTGACTCACTTACCCA,METTL11B,714,72,217
METTL11B_TAGCTCTGACTCACTTACCC,METTL11B,489,51,98
METTL11B_GACATCATATCTCCTGAAGG,METTL11B,177,217,186
METTL11B_GAAGGACAATGTGGCCCGGG,METTL11B,16,1,31
METTL11B_TGCAGTGCGAACATCCACAC,METTL11B,608,575,513
METTL12_CCATCATCAGGCTCGGCAAG,METTL12,838,374,363
METTL12_CCACCTCCCTACCCGCAAAG,METTL12,4363,1101,1418
METTL12_CCCACCTCCCTACCCGCAAA,METTL12,2769,638,722
METTL12_GCACGCCGATGCTCAGAACC,METTL12,1649,392,450
METTL12_CACATGGGATGCTGTTGCCC,METTL12,1101,213,128
METTL12_ACATGGGATGCTGTTGCCCG,METTL12,1218,357,598
METTL13_TTACACGACAAACGCACGCA,METTL13,1996,770,744
METTL13_GAGAAGTTCTTCCAGCAGCG,METTL13,593,499,466
METTL13_AGGAATGTAATGCCACCCGA,METTL13,639,61,119
METTL13_AGGTCAGCAGTATGAAAGCA,METTL13,872,264,674
METTL13_TGACATAGTCACCGCTCAAG,METTL13,1535,231,185
METTL13_GGGAGGTCCTCCGCATCAGC,METTL13,212,3,212
METTL14_ACTGTGAAGCGTAGCACAGA,METTL14,67,15,13
METTL14_CTGTGAAGCGTAGCACAGAC,METTL14,571,238,327
METTL14_TGTGAAGCGTAGCACAGACG,METTL14,414,5,34
METTL14_GGTGGAACTTCTGCTGGCCG,METTL14,692,51,107
METTL14_AACTTCCGAGGAGAAAGAGG,METTL14,328,62,78
METTL16_CGGCAGCCCAGTGGCTGAAA,METTL16,4703,2098,2015
METTL16_TGTGGGCCTGCTCTGCGGGA,METTL16,965,13,0
METTL16_GCATAGTCGTTGTCACGACA,METTL16,2005,223,157
METTL16_ACCTCTGCGCTCGGAGACGG,METTL16,1576,50,67
METTL16_GGAGGAGCTTCGCATACAAG,METTL16,584,0,0
METTL16_CAGCCTGGCGCCTCTGAAGG,METTL16,768,83,30
METTL17_CTTAGTACCCGGAGTGACCC,METTL17,1393,402,420
METTL17_ACATTTGCCTGTAGAGCCAG,METTL17,437,204,134
METTL17_CACAGACTTATCTCAGACAG,METTL17,1864,258,721
METTL17_CTACACTGAGGGACTGAGCC,METTL17,1571,869,535
METTL17_GAAATGCTGGATTTCGAGCC,METTL17,725,221,286
METTL17_CAGCCTTCTCATGGATGCCA,METTL17,273,144,83
METTL18_GGTATAACTGCATTCAAGGG,METTL18,426,66,127
METTL18_CCTCCTGGCTTATTTCACAA,METTL18,716,470,547
METTL18_CTCTTTGGCAGCTCTCAAGG,METTL18,1867,526,592
METTL18_TCTTTGGCAGCTCTCAAGGA,METTL18,1154,318,158
METTL20_TGCTTCGCAGAGCCTGCAAG,METTL20,488,110,118
METTL20_CATTAGGGTAGTACCTAGAC,METTL20,1320,180,306
METTL20_CGAGTACTGATTGGTGACCC,METTL20,1221,247,285
METTL21A_TGCATGACACTCACCCAGCA,METTL21A,3071,1211,1668
METTL21A_TCTTTCCACATACCTGGAGA,METTL21A,303,33,83
METTL21A_ACACCTGGGAGTCGCAGCGG,METTL21A,1884,260,241
METTL21A_CCACACGATCCAGATCCGGC,METTL21A,373,154,114
METTL21A_CTGGATCGTGTGGTTTGCAA,METTL21A,1330,496,535
METTL21A_TGGTCTCCTCATAGGGCACG,METTL21A,316,69,119
METTL21B_AGACTGGCTGCCTAATGCAC,METTL21B,599,61,26
METTL21B_AGTCGGAATCGGTGTTCCCG,METTL21B,533,309,98
METTL21B_GCAAAGAGCCCGACCTCCCG,METTL21B,662,301,87
METTL21B_AGGCAAGAAGGTGATCGAAC,METTL21B,501,180,255
METTL21B_CTTCCCTTGATGGATTCCCA,METTL21B,498,34,65
METTL21B_CAGCAAGGGTGATGTCAAGC,METTL21B,2049,1001,566
METTL21C_TCTGCCTGAAGTGAAAGAAC,METTL21C,912,240,100
METTL21C_GCCACAATGGAAACAAGGCC,METTL21C,23,25,6
METTL21C_CTTGAAATTGGTGCCGGACC,METTL21C,1569,479,274
METTL21C_ATCCATAGAGAGTTACGGAG,METTL21C,873,263,232
METTL21C_CCGCAGAAAGACAGCACCGG,METTL21C,1788,1184,616
METTL21C_GCTCCGCAGAAAGACAGCAC,METTL21C,819,181,232
METTL21D_GCCATCAGTATGAAGTCGGG,METTL21D,123,165,11
METTL21D_AGTATGAAGTCGGGTGGAGA,METTL21D,624,15,69
METTL21D_GCCCGCCAGCTCTTACCCGA,METTL21D,1146,1,123
METTL21D_GCAGTATAGCTCCGGTGGCG,METTL21D,1966,638,577
METTL21D_GGGCGCAATGGCGGATACGC,METTL21D,528,188,231
METTL22_ACCTCGTCCATGGCTGCCGC,METTL22,0,4,40
METTL22_AGAAGACGACGTCCTGGGAG,METTL22,861,109,240
METTL22_CCTGGAGGATGTTGGCAAGC,METTL22,2167,1008,603
METTL22_TCTTCCCTCCAGGTGTGGCG,METTL22,743,96,266
METTL22_GGCAATGTTTCGCTGGCACA,METTL22,850,438,133
METTL22_CTGAAGGACGACCTCTGCAC,METTL22,254,255,0
METTL23_GGGCATTTGTACCTCTAAGA,METTL23,682,98,74
METTL23_GCTGGTCATTTCCTTTGCAA,METTL23,1153,80,20
METTL24_GAGATCCATCTCCACTGGCC,METTL24,347,134,38
METTL24_TGGACAAGCGGTGATACCAA,METTL24,839,420,335
METTL24_CTAGTCCTACACACAAGCCC,METTL24,376,484,761
METTL24_GCTGGAGATCTATATGCCAC,METTL24,3,4,18
METTL24_CTTTGCAACTGACCTTCCGG,METTL24,1380,106,529
METTL24_CGAGTGTAGCGCCATGGCCC,METTL24,1253,28,157
METTL25_ACTTGGCACGCAGCGTGGGC,METTL25,334,25,18
METTL25_CACGGTATGTGCATTGGAAA,METTL25,1582,993,960
METTL25_AGAATCCGTGTGGGAGGAGC,METTL25,285,60,65
METTL25_TTCCCTTTAAGGCATTGGAG,METTL25,774,375,225
METTL25_AGCGGGTTGCAGCTGGCCAA,METTL25,962,635,309
METTL25_TAAGCCTCGAATGAATGAGC,METTL25,263,6,193
METTL2A_CGCAGAAGCATCATCCCGCC,METTL2A,1604,562,701
METTL3_TGACAGATGATGAGATGCGC,METTL3,519,109,35
METTL3_CAAAGACCACACGCCAAGCC,METTL3,1225,150,289
METTL3_CCTGAAGTGCAGCTTGCGAC,METTL3,2497,456,647
METTL3_GAGTTGATTGAGGTAAAGCG,METTL3,914,178,61
METTL3_CTTAGATCTACGGAATCCAG,METTL3,552,10,138
METTL3_AGCTGGACTCTCTGCGGGAG,METTL3,1404,797,363
METTL6_CGAGTATGTGTTTCGAGAGA,METTL6,1971,159,243
METTL6_AATCATCCTTGTCCCAGGGC,METTL6,789,240,207
METTL6_GGAGCTAAGATCATGTAGAG,METTL6,1008,557,467
METTL7A_GGCCAGTCTCAGGATAAAGA,METTL7A,962,203,225
METTL7A_CCAGGAGCGGATTCTCCGCG,METTL7A,804,73,117
METTL7B_TCCCAAGAGCAACCGCAAGA,METTL7B,1547,883,948
METTL7B_TACAGGAGCCTCCGGGAAAG,METTL7B,838,485,510
METTL7B_CAGTAGGGCCACTTTCCCGG,METTL7B,601,68,218
METTL7B_GGTCCGGAGAGTACTGAGAC,METTL7B,572,325,309
METTL7B_CCATTTGGATTTCGGAGAAC,METTL7B,560,712,1216
METTL7B_AGGTAGCCACTTCAAGGGAG,METTL7B,362,184,172
METTL8_GACTACCTTGCTCTTCCAGA,METTL8,201,83,100
METTL8_CGAGTCCTTCTGGAAGAGCA,METTL8,399,665,163
METTL9_CATGTTCACGTACAGGGAGC,METTL9,930,276,152
METTL9_TCATGTTCACGTACAGGGAG,METTL9,1317,242,442
METTL9_CGTGAACATGACTAGCGGCC,METTL9,909,95,109
METTL9_ACAGCATTGAGAAATCGGGC,METTL9,776,14,181
METTL9_CTTGATTTAGGTGCTGGAGA,METTL9,1166,411,351
MEX3A_CTGCATCGGCGAGTGCGGAG,MEX3A,2125,139,262
MEX3A_CCCGCACACGGATGGTCACC,MEX3A,662,663,477
MEX3A_CATGGTGACAGGGCGACGGG,MEX3A,1293,247,219
MEX3A_CACGTGCTCGGAGGTGGGCA,MEX3A,1177,149,272
MEX3A_GCTCTGCGCTCTCTACAAAG,MEX3A,1137,188,309
MEX3A_AGATACCACTAGACTAGGCA,MEX3A,418,141,252
MEX3B_GCCTACGCCGCTTATGCCAA,MEX3B,313,137,256
MEX3B_TGCGCCCTCCAACGCCAACC,MEX3B,1668,629,769
MEX3B_TGTGCGCAAAGCTCAGGGCG,MEX3B,920,222,984
MEX3B_CAGACTCTTATTTCGGCGGC,MEX3B,211,246,243
MEX3B_GGCGGCAAGGTAGGTCGAGG,MEX3B,961,279,429
MEX3B_CGGCTCGCTGTCGTACAGAG,MEX3B,1730,1633,1720
MEX3C_ACCGATGTAAGCTTTGAAGG,MEX3C,1673,443,332
MEX3C_ACTTGGACGGTGGTTTGACC,MEX3C,385,100,56
MEX3C_CATGATAATCCTCCCAGGGC,MEX3C,204,199,490
MEX3C_ATGGGCTCTTCACCACGAAC,MEX3C,572,183,201
MEX3C_GCATCGCCGCCATCATGCCC,MEX3C,548,92,65
MEX3C_CGGAGCTGTCTCCAGAGGAG,MEX3C,1607,545,646
MEX3D_TTTAACTGCCGCCTCAGGCG,MEX3D,260,161,104
MEX3D_GAGTGCGTGGTGTGCGCCGA,MEX3D,758,86,177
MEX3D_AGCCGCTGAAGGCGGGCAAG,MEX3D,242,45,103
MEX3D_CGGCCGGTCACGATGAAGAC,MEX3D,2012,1447,1164
MEX3D_CTGGCGACACGGACGAGGAG,MEX3D,2289,360,644
MEX3D_ACAGCTGGTCCAGCGCCAGG,MEX3D,664,216,83
MFAP1_AGAGCTGAACTTCGGGCAAA,MFAP1,641,188,277
MFAP1_GAGTGCATCCAATGCAGCCA,MFAP1,624,1,12
MFAP1_AGCCGAAGCATTGAAACAGA,MFAP1,386,85,52
MFAP1_TAGGAAATAGAGCGGCGGCG,MFAP1,877,55,61
MFAP1_TCTGTAAACGCCGTAGCCGG,MFAP1,28,43,10
MFAP1_CCGCCCATTCAGTCTACGGC,MFAP1,532,54,0
MFAP2_CCTGTGTATGGAGTAGAGGC,MFAP2,151,80,234
MFAP2_CCCGCCTCTACTCCATACAC,MFAP2,1265,269,282
MFAP2_TCTGTCTCCACACCAGAACC,MFAP2,1370,409,370
MFAP2_AACTGGAACTGTTCCTCGGA,MFAP2,69,24,53
MFAP2_GGCTCAGGGCCAGTATGACC,MFAP2,502,269,123
MFAP3_AGATGTGGACTTCGACCAAA,MFAP3,1522,657,660
MFAP3_GAGTTCAAAGCTTGAGGGAA,MFAP3,835,69,77
MFAP3_CCATCTTCGCAAGACTGAGA,MFAP3,1027,182,324
MFAP3_TCATTAACCCAGAGATGGGA,MFAP3,92,68,99
MFAP3_CTCTCTGAATGAACAAGGCC,MFAP3,565,211,304
MFAP3_GCAGATCCTATATCATCAGG,MFAP3,1050,61,166
MFAP3L_GAGGCATACTCCAGAGGGCC,MFAP3L,355,84,81
MFAP3L_GATATTGAGGACCATGACGA,MFAP3L,233,159,266
MFAP3L_TGACGATGGTGAAGGCCACC,MFAP3L,536,84,195
MFAP3L_ATACCTTGGTGATGTTCAGG,MFAP3L,59,99,243
MFAP3L_ACTCTTAGCGGTGGCTAGAG,MFAP3L,734,585,356
MFAP4_TGCCATTGGCATAAGAGAGG,MFAP4,1023,353,278
MFAP4_GGCAGGCTTTGAGGATGGCG,MFAP4,41,279,96
MFAP4_GCTTGTAGTCATTCCAGCCG,MFAP4,204,7,90
MFAP4_CGCCGTCTGACTGGTAGCCC,MFAP4,1981,191,573
MFAP4_GACCCTGTCTGCCCATCGCC,MFAP4,212,40,256
MFAP4_ATAGTGCCCTCTGTGGCCAG,MFAP4,648,44,242
MFAP5_AGATGAGCTTTGCCGTCAGA,MFAP5,224,140,23
MFAP5_GCTCTACTCTGTGCATCGGC,MFAP5,200,9,123
MFAP5_GATCCCGCTACAGATGAAAC,MFAP5,844,386,320
MFF_TTTCTCCCACAGGGTGAGCA,MFF,626,126,276
MFF_TGTGACACCATCGCCACAAC,MFF,1595,421,157
MFGE8_AGCAGGGCAACTTCAACGCC,MFGE8,811,335,517
MFGE8_CACGTACTGAGCCTCCACAG,MFGE8,1731,1002,2628
MFGE8_CTCATGACTGGCCAAGCGGC,MFGE8,1097,433,278
MFGE8_CATGCCTGCGCGGTTCAGGC,MFGE8,335,138,248
MFGE8_ACGTGCCTTAAGGGCTACGC,MFGE8,277,185,104
MFGE8_CGGCGCGATCCACTCACCCA,MFGE8,975,274,199
MFHAS1_TCAGCCCAGACCGGAAGGAG,MFHAS1,3147,931,1273
MFHAS1_CCAGCTCACGCTCTCCGCAC,MFHAS1,856,369,125
MFHAS1_ACACGATGAACCGCAGGCCC,MFHAS1,854,376,282
MFHAS1_CCTACGAGGTCTGCATGAAG,MFHAS1,3096,254,361
MFHAS1_GCCTCATGCTAGACAACAAC,MFHAS1,904,329,383
MFI2_AGGCGAGTGCCCTGCACACG,MFI2,929,154,298
MFI2_CAGCACGGTACTGGAGAACA,MFI2,1964,690,343
MFI2_AGTCGTAGTATCTCTCCAGG,MFI2,46,111,117
MFI2_TCAGGGTGTCAATGGTCACA,MFI2,613,316,396
MFI2_TCGTACACTTCGCCCACCAC,MFI2,943,223,374
MFI2_CTGGATGCCCGCTTCCCGGA,MFI2,692,272,168
MFN1_AATCAAGGAGGTTACCGAGG,MFN1,979,202,224
MFN2_AGTTGCATCGAGAGAAGAGC,MFN2,510,216,105
MFN2_CACGTACAGGAATGCAGAAC,MFN2,3339,463,558
MFN2_GGTGGTGTGGCCAATCCCAG,MFN2,257,0,0
MFN2_CCATCAGACTGTGAACCAGC,MFN2,2152,566,359
MFN2_AGTTACCGTCTGCATCAGGG,MFN2,1257,36,56
MFN2_CTGAGGCAGATGCATCCCAG,MFN2,1161,2,75
MFNG_GGATTCATCGGGCACCCAGC,MFNG,132,11,30
MFNG_GAGCAGATGTGTCCATGAAA,MFNG,664,302,207
MFNG_CTTCTGCATCAATCGCAAAC,MFNG,920,633,753
MFNG_ATGGATGGGCCGGTTCAGGC,MFNG,693,104,236
MFNG_AGCAGTTGGTGACCACAAGG,MFNG,2656,541,258
MFNG_CATTGCAGTGAAGACGACCC,MFNG,188,51,49
MFRP_GCTCATGGTGCGAGGAGACG,MFRP,74,177,106
MFRP_AGTTCTATGCTGTGTCCGGC,MFRP,324,73,135
MFRP_CAGAGACGAAGACCACCAGG,MFRP,108,230,269
MFRP_CTGCGTGTGGCATATCCAGG,MFRP,2038,495,868
MFRP_CCAGACTCAGGCTCGAAGGC,MFRP,2102,493,356
MFRP_GGAGGCAACAGAATCGAGCA,MFRP,1391,692,684
MFSD1_TGACAACTCCAAACCCAGGC,MFSD1,1866,248,240
MFSD1_TCCGTCTCCTGCGGGCGCAA,MFSD1,869,159,175
MFSD1_TCCTGCGGGCGCAATGGAGG,MFSD1,1137,45,40
MFSD1_CTGCTTTGTTTGCATTGGAC,MFSD1,1762,556,651
MFSD10_ACCTACTGAACTGGAAGCGC,MFSD10,1891,819,785
MFSD10_GAGAAGCGCAGCAGGGCCAG,MFSD10,138,83,70
MFSD10_GGCTCCGAGCATAGGGCCCA,MFSD10,44,98,130
MFSD10_GGCCGCAAAGCTCCGAGAGG,MFSD10,570,61,98
MFSD10_CACTGGCATCCCGATGGCGG,MFSD10,2635,345,247
MFSD10_ACCCATCCACCAGCAGCCGC,MFSD10,11,120,189
MFSD11_TATGATGGGCACTTCAAAGG,MFSD11,444,57,53
MFSD11_AGGCTGTGTAGAAGGACCAC,MFSD11,225,201,157
MFSD11_TTAGTGCTTTGGACAGCACA,MFSD11,1010,316,209
MFSD11_AGATGAGTCTTCTGATGACC,MFSD11,957,182,250
MFSD11_AGGATGCCCAACAGCACAAC,MFSD11,1650,270,672
MFSD11_AGCCCAAGATACTAAGCAGC,MFSD11,590,205,208
MFSD12_GCTATTCCACCTGGGCACCC,MFSD12,713,308,23
MFSD12_CACCCGGACTCCAGCTCACC,MFSD12,1254,264,349
MFSD12_ACTGGAAGATCACGATGAAC,MFSD12,578,153,220
MFSD12_TCGGCCTCGTAGCCCACGAG,MFSD12,648,18,77
MFSD12_GGCCTTCATTAGCATGCCGG,MFSD12,335,60,49
MFSD12_GAGAGTGCATGAGCCCGAGG,MFSD12,296,80,108
MFSD2A_AAGCACTGAACGCCCGGCCC,MFSD2A,341,7,175
MFSD2A_TGCTGATGCAGAGGCCCACC,MFSD2A,632,86,240
MFSD2A_TTCGTGCCCGACTTCCCACA,MFSD2A,792,318,297
MFSD2A_AGTAGGGAACATGGAAACAC,MFSD2A,1123,371,86
MFSD2A_CAAAGTGCCAACCATACACA,MFSD2A,1504,818,749
MFSD2A_CTACGGCTGGTCATGAGCCA,MFSD2A,1938,463,434
MFSD2B_TGTACAGAATGAGAGGCGAC,MFSD2B,895,154,100
MFSD2B_GACTGAGCGGTTGCTCACCA,MFSD2B,802,241,288
MFSD2B_TGCTTACCGTGGCCAGGGCC,MFSD2B,268,299,423
MFSD2B_TGTAGGGCACCTGGAAGAAC,MFSD2B,1966,427,516
MFSD2B_CACGATGAGCCCGTGGACAG,MFSD2B,2656,1236,1206
MFSD2B_CAGCCGCAATGCAGTAGAGA,MFSD2B,1977,747,623
MFSD3_GCCGGGCAATACCGTGCAGG,MFSD3,408,336,338
MFSD3_GAGTTGCGGCCACGAGAAGG,MFSD3,920,42,213
MFSD3_CCCACCACCCAAGGTGAGCA,MFSD3,141,128,133
MFSD3_GACTGCCTTGGTCTTCCACC,MFSD3,0,0,54
MFSD3_CTGCAGACATAGGCTCAGCA,MFSD3,1810,367,796
MFSD3_GCTAGGTCCAGGTACAGAAC,MFSD3,1558,176,119
MFSD4_AGCTGTGCGTCTGACAGCGC,MFSD4,705,243,185
MFSD4_CACGGTGTCGATGCAGCCCA,MFSD4,629,66,69
MFSD4_GGGAACGTCTGGTTGGACCA,MFSD4,83,171,130
MFSD4_GCTCATCAGCAGACAGAAGC,MFSD4,1399,360,1205
MFSD4_CCACCTTGTGTCCCACAGAC,MFSD4,2600,891,1090
MFSD4_CAGCATGCTGGCCTACACGG,MFSD4,1284,749,799
MFSD5_CCCGCAGTCCGGTAGAGCCA,MFSD5,1955,526,276
MFSD5_TCACGGGATGGCAGCGAGCG,MFSD5,2826,965,1897
MFSD5_TGCGGTTGCTTCTCCTGGCC,MFSD5,679,121,112
MFSD5_ATTGCTGCAGGCCCTTCCAG,MFSD5,404,93,124
MFSD5_TCAGGTCTACTTCCTGGCCC,MFSD5,854,105,157
MFSD5_AAGGCTATGAAGGACTCCAC,MFSD5,167,24,94
MFSD6_CTTCGGCGTTCTCATGACCA,MFSD6,444,184,212
MFSD6_AGCGAGCCGTATTGCAGGCC,MFSD6,1123,46,206
MFSD6_AGAAATGCATGCTGCCCAGA,MFSD6,170,425,135
MFSD6_GGCCATGCCAATTCCTCGGA,MFSD6,768,319,388
MFSD6_GGTTGCTATAGGAACGGGAC,MFSD6,70,88,174
MFSD6_CTCTGTGCACGGGTCCACAC,MFSD6,1736,1044,950
MFSD6L_GCTGACAGCGCCTCTGGAGC,MFSD6L,163,97,176
MFSD6L_GCCGCAACGCCTCCAAGGAC,MFSD6L,310,136,269
MFSD6L_TGTCCTTGGAGGCGTTGCGG,MFSD6L,1292,282,155
MFSD6L_GCCAATTTGTCAGGGACCAA,MFSD6L,294,406,449
MFSD6L_GGAGGCAGACTCTTGGGCCG,MFSD6L,746,376,343
MFSD6L_TCCCATTAGGGTGCCCACCC,MFSD6L,482,608,302
MFSD7_TGGAGTGGCCGCTTGCACAG,MFSD7,2199,1034,622
MFSD7_GGATGGTATAGACACCGAGC,MFSD7,381,46,44
MFSD7_ACCCTTCTTGACCAGCACAG,MFSD7,1633,418,616
MFSD7_TGCCGGGAGTGTGCTACGCA,MFSD7,1060,280,369
MFSD7_TGTCCATGGAGCAGATCAAC,MFSD7,926,308,154
MFSD7_TGGCGTTGGAGCAGTTGAGC,MFSD7,1179,208,112
MFSD8_GCACTATTATTCCACACACC,MFSD8,1662,307,588
MFSD8_ACCACGATGGGCATTCAGCC,MFSD8,1029,484,131
MFSD8_ACTGGGCCAGATGAATCACC,MFSD8,342,0,38
MFSD8_GGCTGCCACGGAAATCAAGA,MFSD8,782,214,152
MFSD8_TAGGCGACACACCTGGAAGC,MFSD8,900,255,370
MFSD8_CCTGTTCACTTTCGTTCCGC,MFSD8,566,262,74
MFSD9_GCCAACACTACTTCGACCCA,MFSD9,382,94,93
MFSD9_AGTGAGATAGCCACCGACCA,MFSD9,332,121,96
MFSD9_TGAGATAGCCACCGACCACG,MFSD9,1249,119,423
MFSD9_GGAGCGATGTAGTGGGAAGA,MFSD9,1135,520,275
MFSD9_AACTGTTGGACTTGCTCCAA,MFSD9,41,257,197
MFSD9_GAAGACAGGAACCGAGGCGG,MFSD9,156,55,33
MGA_CACACTACTAGCCAAAGCAC,MGA,1680,182,351
MGA_ACATTCACCAGATCTCAGAG,MGA,1324,287,388
MGA_ACATACTCACCAGGAGAGGC,MGA,784,88,74
MGA_ACTAAGATCAAGGGATGGAG,MGA,138,57,60
MGA_CAAGCTGATGGAAACAAGCA,MGA,1089,568,413
MGA_GCGCTTCTCCAAAGCTAGAC,MGA,231,286,338
MGAM_ACCACACATGCTAGGACAAC,MGAM,1295,531,283
MGAM_CAGGCCACATGTGACCAACG,MGAM,2473,342,569
MGAM_CTATGTTAGGATTCACAGCC,MGAM,1428,174,376
MGAM_TAGCACTAACGTGTATGGCC,MGAM,89,119,48
MGAM_CGGTAAGTGATGGCTGGCGC,MGAM,125,84,223
MGAM_AATCCAAGCGCCCAGTAGGA,MGAM,541,59,301
MGARP_CAGTGCTGAAACCGGGCCAG,MGARP,525,183,296
MGARP_AGCCTCCACGTGACCTGGAC,MGARP,728,294,374
MGARP_ATCTGCCTGTCCAGGTCACG,MGARP,155,216,209
MGARP_CGCGATGTATCTCCGCAGGG,MGARP,1526,372,484
MGARP_GGGCGCGATGTATCTCCGCA,MGARP,367,206,350
MGAT1_GCCGCAAGGGTGTGAGCCAC,MGAT1,573,78,56
MGAT1_CAAAGGCCTTCTGGGACGAC,MGAT1,702,532,694
MGAT1_TGGAACTTGCGGTGGTCCGG,MGAT1,927,90,48
MGAT1_TGCCGTAGGAGGCGATGGCC,MGAT1,271,309,310
MGAT1_AATCACTTCCCGGGTGAGGC,MGAT1,315,18,94
MGAT1_GCGCTATCCTCTTTGTGGCC,MGAT1,1068,399,396
MGAT2_GCGGGTTCGGCGTCCAGCAA,MGAT2,4,1,4
MGAT2_ATTCGGGCCGGTTATGCACC,MGAT2,483,70,36
MGAT2_GCAGTCTGAGGTATTCGGGC,MGAT2,1650,64,117
MGAT2_CATGCCATAGAAACTGCGAC,MGAT2,163,288,108
MGAT3_CTTCGAGTACATCCGCCACA,MGAT3,1038,318,467
MGAT3_CGGCTTCTTCTGGAAGCAGC,MGAT3,0,2,39
MGAT3_TGTAGTACTGGCGGCGGCGC,MGAT3,424,111,152
MGAT3_CTCCTGGTGCTTCACGCCCG,MGAT3,1536,510,763
MGAT3_ATCCGCGGCCTGATCCGCAC,MGAT3,165,454,139
MGAT4A_GGTCTACCAAGGGCATACGC,MGAT4A,585,139,317
MGAT4A_GCAGACCAACATGTTGGAAA,MGAT4A,1136,1433,1055
MGAT4A_TCTTACCAATGAAGCCCAGC,MGAT4A,446,171,275
MGAT4A_ACATGGTGTTGTAGCCAACC,MGAT4A,603,253,382
MGAT4A_CAGATTGGCAACGGAAGAAC,MGAT4A,2813,371,363
MGAT4A_CGTGTAGGAGCAGAAACAAA,MGAT4A,1634,342,443
MGAT4B_ATGATGTACGCGCAGTCCAA,MGAT4B,66,32,72
MGAT4B_CCCAAAGGACTCTCGGAGGC,MGAT4B,262,284,749
MGAT4B_CATCGTGGTGCTGATCGCCG,MGAT4B,1161,702,352
MGAT4B_AGCCGTGGAACGGCTCACAC,MGAT4B,48,50,68
MGAT4B_GAGGGCCGTGTCAGAAAGGC,MGAT4B,231,36,66
MGAT4B_GCGGCACTCAGCGGCCAGAA,MGAT4B,1746,515,643
MGAT4C_TTGGTGTACAGACTTGCAGG,MGAT4C,429,167,53
MGAT4C_CTGTGTAATATCCTGGACCA,MGAT4C,2107,994,891
MGAT4C_TCTCATGCTTGGGAAGGACA,MGAT4C,325,175,259
MGAT4C_GGAACGTCTCATGCTTGGGA,MGAT4C,132,94,108
MGAT5_CAGGATCTGCTCGCGCAGCA,MGAT5,898,407,214
MGAT5_TGGCAAGTTGGAGTCGAAGG,MGAT5,2171,266,300
MGAT5_CTGCTACGCAGACTATGGAG,MGAT5,546,258,215
MGAT5_TCCGGCGAATGGCTGACGCA,MGAT5,1435,299,414
MGAT5_TTTCCAGGTCCTCGTTCACC,MGAT5,144,106,181
MGAT5_TACTGGTAATGAACCCAGGA,MGAT5,404,149,309
MGAT5B_AGGAGGGAACTTTACCGAAA,MGAT5B,664,140,271
MGAT5B_GAGTGAAGAAGCCGATGCCC,MGAT5B,1,16,0
MGAT5B_GGTGAAGCGCATGGACGCAC,MGAT5B,115,0,60
MGAT5B_CTCCGACATCGCTGTGAAGG,MGAT5B,4128,921,771
MGAT5B_GGTCACTGGGTGCCTCACAC,MGAT5B,381,148,282
MGAT5B_TGCAGTGGATGCGTGCCCGC,MGAT5B,434,470,409
MGEA5_CAGGAGCCCATTATGAGCCA,MGEA5,988,101,90
MGEA5_TCCAGTAGAGTCCATCGAAG,MGEA5,2063,128,115
MGEA5_TATGTGTGCAGCAGACAAAG,MGEA5,1340,17,17
MGEA5_TTCATCTATGCGATCTCACC,MGEA5,281,37,34
MGEA5_AAGAGTGCTCTGCGCTAGCA,MGEA5,97,55,43
MGEA5_TCAAGCGACGTTGGAGGAGC,MGEA5,596,171,81
MGLL_GCTCTCTCGGAATAAGACAG,MGLL,814,210,103
MGLL_CCATCCTCACGGCCGCAGAG,MGLL,2749,469,926
MGLL_CTTCTGTGGTCTGCTTACCA,MGLL,606,291,208
MGLL_TGGTGCTCGCATCCTTCCAG,MGLL,405,135,126
MGLL_GGTCGTGGGCGAACACCAGC,MGLL,163,37,14
MGLL_AGACCCTTCCAGCATGCCAG,MGLL,620,45,170
MGME1_CAGTCTGTCTTGTCATCCAG,MGME1,1729,356,140
MGME1_ACAGCGGATGATTCTGGAAC,MGME1,2072,968,963
MGME1_TCCATGAAATGTGGGTGGGC,MGME1,210,48,101
MGMT_GACACTCACCAAGTCGCAAA,MGMT,1399,217,560
MGMT_TGAAATGAAACGCACCACAC,MGMT,2669,396,299
MGMT_ACTCTTCGATAGCCTCGGGC,MGMT,374,13,60
MGMT_TTCAGAGTCGTTCACCAGAC,MGMT,1638,421,708
MGMT_TCCTCCGGAGTAGTTGCCCA,MGMT,641,200,54
MGMT_ACTCAGTTTCGGCCAGCAGG,MGMT,184,112,81
MGP_GCTACTTCAGGAAGCGCCGA,MGP,22,0,37
MGP_TCCCTATTGAGCTCGTGGAC,MGP,561,270,165
MGP_GGAGAGCTAAAGTCCAAGAG,MGP,719,162,432
MGP_CTGAACTGGCATCGTGCCCA,MGP,225,317,340
MGP_CAAAGTTACTACCGCTAAGG,MGP,1090,330,349
MGP_TACCGCTAAGGCGGCCAGGA,MGP,853,166,162
MGRN1_TTCTCAGCCGCCGCATCGCG,MGRN1,941,40,91
MGRN1_TGTCCAGACCCACCTGGACC,MGRN1,349,51,148
MGRN1_GAAGTTACCTCACCAGCCGC,MGRN1,212,25,1
MGRN1_GGAGGAGTTCCTGAACGGCA,MGRN1,557,30,106
MGRN1_ACGGTCTCGGACTGTAGCGA,MGRN1,799,142,197
MGRN1_AGCTGAACTTTGACCTGGAC,MGRN1,1564,573,485
MGST1_ACAGAGTAGAACGTGTACGC,MGST1,358,319,382
MGST1_TTTCAGCAACCTGTAAGCCA,MGST1,1223,257,263
MGST2_GAATAGAGACAGCAGCCAGC,MGST2,340,40,13
MGST2_GCTGGGTGGTATTTCAACCA,MGST2,997,103,90
MGST2_GGCACCTAGGAGGGTCAACA,MGST2,991,585,289
MGST2_AATTCCCAGGGCACCTAGGA,MGST2,817,140,434
MGST3_GGCCCGCAAGAAGTACAAAG,MGST3,2186,335,325
MGST3_CAACAATCCAGGCCAAGCCC,MGST3,1806,258,432
MGST3_GCTTATGGCTATTACACGGG,MGST3,1180,75,121
MGST3_CAAGCGTAGTCGAGGAGCCC,MGST3,563,142,166
MIA_CTCTTGCTCACAGTCCACGA,MIA,1174,639,736
MIA_TGATGACACCAAGGCACACC,MIA,377,138,84
MIA_CCTGACACCAGGTCCGGAGA,MIA,1239,211,249
MIA_GGGTGGTCCTATGCCCAAGC,MIA,566,145,279
MIA_TTCTCCAAGCTGAAGGGCCG,MIA,593,375,369
MIA2_ACTAGGCTTTGCATATGCCA,MIA2,558,127,46
MIA2_AAACCATCAGTAGACACCGA,MIA2,1171,272,197
MIA2_AACCATCAGTAGACACCGAA,MIA2,836,252,195
MIA2_CTGTCTATCTCCACCAGAGC,MIA2,514,465,688
MIA3_CATGAGTGGTGCACTACCCA,MIA3,1588,60,324
MIA3_CAATCACACGTTGGTCCAAG,MIA3,1774,478,497
MIA3_AGAGACAGCCGCCGAAGAGC,MIA3,256,210,267
MIA3_GCCTTCTATCGCCGCTACCC,MIA3,831,175,267
MIA3_TTGCCTGATGATGTTCAGCC,MIA3,1859,273,557
MIA3_GGAAGTAGCTCTTACTCACA,MIA3,785,153,183
MIB1_ATAACCGGGTGATGGTGGAA,MIB1,541,41,86
MIB1_AATGATTGGTTGCTGGCGGC,MIB1,174,26,91
MIB1_TGGCAGTGGGAAGATCAAGA,MIB1,1769,254,140
MIB1_TCACCAATCTGCAATCCACC,MIB1,90,156,35
MIB1_AAAGCGAACATTGTCCGAAG,MIB1,1669,40,93
MIB1_TCCAGCAGCAGTTTCCAAGG,MIB1,2286,373,341
MIB2_TGGAAACTGTGGGACCCGAA,MIB2,1114,414,219
MIB2_GGGCGTTGTCGTACAGCAGC,MIB2,796,22,133
MIB2_TCTCGTAGCGGTCGAAGGCG,MIB2,573,527,448
MIB2_GGGCATCTTCCAGGGAGCGA,MIB2,525,159,183
MIB2_GGACCTCAAGTGTGTGGGCG,MIB2,1314,201,552
MIB2_GACAGCCAGCCCTTCCAGCA,MIB2,1622,442,153
MICA_GCAGCTCCCGGAGGTGCAAA,MICA,172,344,792
MICAL1_CGGGAAACTAGAGTTTGCCC,MICAL1,278,45,67
MICAL1_CAGAGCCTTCTCAAAGCCAC,MICAL1,346,23,142
MICAL1_CAAATTCATAGTTGGCCAGC,MICAL1,99,258,260
MICAL1_ATACTTACCCTTCCTAGGAG,MICAL1,555,385,494
MICAL1_TCTTAGCACCGAGTGCCCGC,MICAL1,397,99,174
MICAL1_TGGCGCTCCAGTAGTTGAGC,MICAL1,739,138,412
MICAL2_CGCACACGACTCCTGAACCA,MICAL2,3937,1250,1714
MICAL2_ATGGCAGTGCGCAAGCCACA,MICAL2,655,175,119
MICAL2_ACTCAAACTCCGACAGAGAA,MICAL2,521,387,454
MICAL2_TGGCAATCGCCAGCTTCCCA,MICAL2,950,139,150
MICAL2_AAGCAGAGCCTGCTCGACAA,MICAL2,865,355,178
MICAL2_AAGCAAGCTGTCACCCACAA,MICAL2,1517,879,782
MICAL3_ATGGGAACAGGAATAGCCCG,MICAL3,521,158,125
MICAL3_TCCGTTCTGCTCCCGCACCA,MICAL3,1998,446,508
MICAL3_GAAAGAATTCCGTGGCAAAC,MICAL3,544,369,628
MICAL3_AGGGATAGGCTGGCGGGCAC,MICAL3,409,106,63
MICAL3_GATGGCTGTACGGAGACCAC,MICAL3,660,35,53
MICAL3_CCTTTGGCTTTAGTTCCAGG,MICAL3,533,74,176
MICALCL_TGGGAAGACGATGAAGGAAG,MICALCL,753,304,256
MICALCL_ACCTCTCGAGACTTGCGAGA,MICALCL,195,110,81
MICALCL_TGAGGACTGGTTTCTCCCAG,MICALCL,1087,46,123
MICALCL_AAGGCGTTGCGAGGAGAAGC,MICALCL,676,174,124
MICALCL_CAGCTGAGCAGGACTTGAGG,MICALCL,241,234,310
MICALL1_CTGTCCGGGAACTTACCAAA,MICALL1,1049,619,664
MICALL1_TCTCAGCCACTTCAAAGGCC,MICALL1,859,263,308
MICALL1_AGTGGGTGCTACAGACGGCG,MICALL1,1402,115,171
MICALL1_AGCGCTACCTGGCTGACGGC,MICALL1,74,51,251
MICALL1_GCAACTCGCAGAAGATGCCA,MICALL1,451,23,93
MICALL1_GGGACACCGAAGCCGTCCGA,MICALL1,227,106,60
MICALL2_TTACTCACCCTGCGTTAAGG,MICALL2,1002,290,338
MICALL2_AAGCTCCACATCTGCAGCCA,MICALL2,1951,103,311
MICALL2_CCGACGGGAGGCTTTACCAC,MICALL2,3006,204,307
MICALL2_AGACAAACCCTGTGGTCCAG,MICALL2,500,63,187
MICALL2_CCAAGTGCTCCTCGGCCACG,MICALL2,3681,878,1047
MICALL2_GGACTTACATGAGGTCGGGC,MICALL2,818,48,65
MICU1_GCAACGGCTGATGAGAGGCC,MICU1,128,0,9
MICU1_TTCAGTGACCATGCAGCAGG,MICU1,1389,355,132
MICU1_GGCATGCTACTTGCCTACAG,MICU1,1172,298,166
MICU1_TATGAGCCCACATTCTCCAA,MICU1,104,81,34
MICU1_ATATACTTACAGACGGGCCA,MICU1,292,22,94
MICU1_CTCACTGATGACTTTCAAGG,MICU1,2342,341,592
MICU2_AGAGCTGTGAAAGTAGCAAC,MICU2,420,188,219
MICU2_AAGCGCTGCTTACGAAGAGA,MICU2,549,157,96
MICU2_CGCTTCCGCAAAGATGGCGG,MICU2,576,117,200
MICU3_CGCAGAGTGGAGGAGACACC,MICU3,2036,414,365
MICU3_CCTCTCCTCATCCTCTCGGG,MICU3,366,88,0
MICU3_TTTATGCCACATCTCGGGAG,MICU3,1735,328,252
MICU3_GAAACACCACCAGTTTGGAA,MICU3,872,223,227
MICU3_TTCGATGAGCCTTTCCAAAC,MICU3,3061,813,1009
MICU3_GCAAGTCGTTCTATAGGGCA,MICU3,1237,343,306
MID1_GGTGGTGAGACACAATAGCA,MID1,857,190,250
MID1_ACCTGAACGCTTCACCAGCC,MID1,1690,658,578
MID1_GGTCAAGGCCATCAACCAGG,MID1,322,92,152
MID1_GCTCTTCTCTAATTGTGGGA,MID1,196,93,23
MID1_CTGCTAAGAATATCACCGAG,MID1,1860,311,758
MID1_GCAGAGGACCTTCTCGGCGG,MID1,587,100,406
MID1IP1_CGTGAACAACATGGACCAGA,MID1IP1,761,333,177
MID1IP1_CCAACATCGTTGTCTAACCC,MID1IP1,2089,384,630
MID1IP1_GCCAACATCGTTGTCTAACC,MID1IP1,913,628,210
MID1IP1_CCATCCGCAACGACATCGAG,MID1IP1,2474,1372,767
MID2_GATCTGTGCCTTATGCAAAC,MID2,1213,426,482
MID2_ACTGAGAAAGTTGGCACAGC,MID2,643,130,80
MID2_AAGCTGCTCAAGATTGGCCG,MID2,881,444,377
MID2_CCATAAACCAAGCCGGCAGC,MID2,411,102,192
MID2_CTCCAATGATGGATTGCAGA,MID2,708,189,302
MID2_CGTGGTGAGACACAACAACA,MID2,1638,1771,1816
MIDN_CCAGCGCCTCAAAGTGCCCA,MIDN,952,55,202
MIDN_CATGAGGCCCGCTTCCACGG,MIDN,2514,278,233
MIDN_CATGTGGTCGCCCACACGCA,MIDN,1128,220,304
MIDN_GAGCTTTGTGAATCACGCCC,MIDN,320,43,29
MIDN_AGCGCCACCCGGCACTACCA,MIDN,1584,292,385
MIDN_CCGTTCCACCTTGCAGCGCG,MIDN,1946,77,201
MIEN1_TGCAGTCACAGGATGACGCA,MIEN1,1267,534,713
MIEN1_TCCATTACTGGCTCTTCGGA,MIEN1,148,41,89
MIEN1_ACAGCTGGTGTTCTCCAAGC,MIEN1,1166,676,649
MIEN1_CGAGGCGACCTACCTGGAGC,MIEN1,892,182,167
MIEN1_TAGGTCGCCTCGAAGCCGCA,MIEN1,164,77,112
MIER1_GCCTGGCTGAGTTTCGGACG,MIER1,1034,556,800
MIER1_ACCACGTCCGAAACTCAGCC,MIER1,522,67,342
MIER1_CAGTACGGCAAATATGGCGG,MIER1,658,663,408
MIER1_TGTTGCTTCTCAAGATGCCC,MIER1,263,203,57
MIER1_AGGCGAAGGGTAAACAGCAA,MIER1,340,282,543
MIER1_TTCCAAGAAGCAGTCTCACA,MIER1,1200,303,444
MIER2_GAGTCCGCACCTTGTTGGCC,MIER2,735,142,376
MIER2_TCACCAACTCGTACAGCGCC,MIER2,1102,243,273
MIER2_GAAGCGGCGTTGGCACGAGA,MIER2,686,296,142
MIER2_ATCCACTCCGGTTAGGGAAG,MIER2,1265,278,132
MIER2_CTCACTCTCCCGGTCTGAAA,MIER2,1673,858,993
MIER2_GCACAGGCTGTGCTCGAGGC,MIER2,0,101,180
MIER3_CCGCGTGCTGATGCAGAGCA,MIER3,1241,642,160
MIER3_GGATGATAGCTTTCCTCCAC,MIER3,122,116,171
MIER3_GATCAGGAATAGGCTCAGGC,MIER3,389,164,245
MIER3_ATGCCCTGGCTTGAACAGGA,MIER3,200,234,161
MIF_GGAGAGGAACCCGTCCGGCA,MIF,700,151,358
MIF_GCAGTACATCGCGGTGCACG,MIF,2258,406,98
MIF_TGCAGGCTGCAGAGCGCGCA,MIF,767,407,203
MIF_ACCTGTCCGGGCTGATGCGC,MIF,367,148,140
MIF_CTGCGGCTCTTAGGCGAAGG,MIF,803,230,158
MIF_TCCCTGCGGCTCTTAGGCGA,MIF,513,353,348
MIF4GD_GGAGATCATTGAGTTCCGGG,MIF4GD,60,1,32
MIF4GD_CCAGCCAGACAGTTTGAGCA,MIF4GD,3268,467,352
MIF4GD_TCCGACGTGGACTCCTCAAC,MIF4GD,1274,71,131
MIF4GD_GCAGGACTGTGTGTTCAGCA,MIF4GD,831,470,198
MIF4GD_CAACTGTGCATTCAAGAGAC,MIF4GD,854,346,283
MIF4GD_GGGTCTCTGCATCAAAGGAC,MIF4GD,133,23,30
MIIP_TGTGCGGCGGTCAGTGGCCA,MIIP,1211,94,218
MIIP_AACTGCAGACTCCTCAGAGA,MIIP,1212,224,156
MIIP_GGAGTTTCGGGAAACCAACA,MIIP,753,112,228
MIIP_CGCTGCCACTGCTCTCACGC,MIIP,1300,424,583
MIIP_GGTCTCGCGGTGTCCTGCAC,MIIP,505,23,99
MIIP_CTGACACACTGGCCCTGCCC,MIIP,254,47,59
MINA_CCATCTCCCGCAGAGTAAGG,MINA,3642,358,592
MINA_GAAGACGTGGAGTTACGGAC,MINA,447,56,106
MINA_CAGAGGAACCATTCATCAAG,MINA,1137,133,351
MINA_ACGCTGTACTCTCGTGCCAG,MINA,1979,341,212
MINA_AATGTGTACATAACTCCCGC,MINA,133,131,122
MINA_CAGATGAAGTTAGAAGCAGC,MINA,128,115,174
MINK1_GATGTCGTCCAGGCTGCGGG,MINK1,267,63,60
MINK1_CTTGAATTTCGGTGCTGGAA,MINK1,1661,828,739
MINK1_CTTGTGGAGGTGGTCGGCAA,MINK1,1563,454,325
MINK1_GCAGGGTCGGCATGTCAAGA,MINK1,718,393,283
MINK1_AGTAGGTGGCGATGTTGCGG,MINK1,705,48,90
MINK1_GAAAGTGTTCCGTCTGCCCA,MINK1,33,40,0
MINOS1_TGTCTGAGTCGGAGCTCGGC,MINOS1,345,132,91
MINOS1_TGTCCTTGCTTTACAGGAGC,MINOS1,632,153,403
MINPP1_CTGGTCGCCCTCATTCGCCA,MINPP1,1192,230,131
MINPP1_ACGGCAGGATATGCGACAGC,MINPP1,611,193,133
MINPP1_TGCTACAGCTCTTTATCACG,MINPP1,291,222,107
MINPP1_ATCCTGAAACAAGGTGCAGC,MINPP1,376,37,65
MINPP1_GAGTCTCTGCATGACCAAAC,MINPP1,88,50,29
MINPP1_ATGCATCGGAAGTTCCGAAG,MINPP1,1056,294,229
MIOS_GCTAGCCAGTTACTATCCAG,MIOS,978,5,42
MIOS_CAGAAATCTCCAGGCAACAA,MIOS,1373,253,489
MIOS_GAAAGGAACGGATGTAGACG,MIOS,282,129,32
MIOS_AGGCCTTACTAAAGATGGAG,MIOS,434,69,29
MIOS_ATACCAGGACAGCTAGAAAC,MIOS,1452,224,231
MIOS_TGTCATAATTGCAGGCACGG,MIOS,627,69,98
MIOX_CACCGTGTAGTTCCGGAAGC,MIOX,1344,289,750
MIOX_TGGTGAAGACACGGTCCAGG,MIOX,10,55,18
MIOX_CCGGAAGGCCCACCCAGACA,MIOX,4613,932,1683
MIOX_GAGGTGGAACCAGTCTGGGA,MIOX,527,113,252
MIOX_AAACCACGGAGGCCTGCGGA,MIOX,1536,266,108
MIOX_GGACCCTGTCGAGCCCACAG,MIOX,832,135,291
MIP_GCCTGGGTGTTCAGTTCAAC,MIP,918,306,217
MIP_GCCAAACCCGATGTCTCCAA,MIP,177,5,296
MIP_CGTTGGCTTCTCCCTTGCCC,MIP,694,211,66
MIP_TTGCCACATACGACGAGAGG,MIP,981,497,200
MIP_AGGAAACCTAGCACTCAACA,MIP,1697,451,345
MIP_AGGTTTCCTCGGACAGCAGG,MIP,130,12,58
MIPEP_CTCTTACCTCATGTCCAGAG,MIPEP,429,35,101
MIPEP_CAGACATTATCAGACTGGAC,MIPEP,1296,124,195
MIPEP_TGCCTCCACGGATAGTGAAA,MIPEP,791,213,203
MIPEP_TCACACCACTGTAGTAAGGG,MIPEP,1529,100,190
MIPEP_AATGCTGTGCGTCGGAAGGC,MIPEP,448,88,51
MIPEP_CTAGAATGCTGTGCGTCGGA,MIPEP,406,59,287
MIPOL1_AAATTCGTTGATCTCTGCCC,MIPOL1,109,9,13
MIPOL1_GCAGTGCAAACGGTTAGAGC,MIPOL1,790,236,166
MIPOL1_TGAGGAAGAAGGTTGGAACC,MIPOL1,1764,247,267
MIS12_AGTGATGCAGGCCGTTGAAC,MIS12,1111,64,0
MIS18A_TTGAGACTTTGTGCTGCGCG,MIS18A,1371,326,695
MIS18A_CGACATGGAGAGGGCGCAGC,MIS18A,1004,203,66
MIS18A_CGTCGGTGGCCGACATGGAG,MIS18A,1847,54,166
MIS18A_CGGCTGTGAGTGCGGCGACA,MIS18A,3759,489,342
MIS18A_AGGTGTAGCAGAGGATGCGC,MIS18A,911,220,94
MIS18BP1_GATCTCCTGAAGAATGCCAG,MIS18BP1,596,6,7
MIS18BP1_TCTCTTCCAAAGCACAAACC,MIS18BP1,1347,88,77
MIS18BP1_ATGAGGTATAATCTGTCCGC,MIS18BP1,108,61,0
MIS18BP1_AATAAGCACAGTGAGTCACC,MIS18BP1,62,10,18
MIS18BP1_GATAGTGAGAGGACAACAGA,MIS18BP1,398,19,24
MIS18BP1_GCTATAAAGCCCAACAAGGA,MIS18BP1,568,0,0
MITD1_GCTCTGGTGTGTTACCAAGA,MITD1,375,249,317
MITD1_GGCTCTGGTGTGTTACCAAG,MITD1,662,242,155
MITD1_TTCGGAGTCGCGGTATCCGC,MITD1,323,180,175
MITD1_TACTGCCCGCTTTAGCACAG,MITD1,2136,372,670
MITD1_TGCAGCCACTGTGCTAAAGC,MITD1,1515,1180,1109
MITF_AAAGTCAACCGCTGAAGAGC,MITF,643,131,221
MITF_GCTCCATCTCTGAAGTCAAA,MITF,506,576,633
MITF_GATGCAGGAGCAGGAGCGCA,MITF,620,39,17
MITF_GGTGGCATGACATGATCGCC,MITF,0,19,11
MITF_GATGGATCCTGCTTTGCAAA,MITF,479,238,129
MITF_TCAATCAAGTTTCCCGAGAC,MITF,1555,279,229
MIXL1_CCGTGCGCTCCAGTTTGCCG,MIXL1,1474,561,652
MIXL1_TGCTGGAGCTCGTCTTCCGC,MIXL1,855,136,169
MIXL1_CATCCACTTGCGCGAGCGCC,MIXL1,299,71,81
MIXL1_TGGAACCATACCTGGAAGAG,MIXL1,1806,542,585
MIXL1_AACTGCCTGCCCGAACCAAA,MIXL1,125,54,60
MIXL1_CTGCCTGCCCGAACCAAACG,MIXL1,301,203,359
MKI67_TGACTGTGAACTTCGCCCAC,MKI67,636,162,57
MKI67_CAGAGGTTCCTAAGAGAGGA,MKI67,583,243,116
MKI67_AGGTCTTAGGTGCCCACCAA,MKI67,368,201,260
MKI67_AAGCAGGCTCTGCCACAGCG,MKI67,1276,698,512
MKI67_AACCCAACCACTACTCACCA,MKI67,1194,280,308
MKI67_AATGTGGCCCACGAGACGCC,MKI67,137,89,11
MKI67IP_GCGGTTTCTCTGTTGCAGAC,MKI67IP,40,15,14
MKKS_AAAGCTTAGTGGCCTACAGG,MKKS,964,137,196
MKKS_ATAGCCAGGAAGAACTCAAC,MKKS,291,212,144
MKKS_TTCTTAGCTCACGTGTCAGA,MKKS,272,310,177
MKKS_TTTCTGGTGAGCATACAGGC,MKKS,491,237,251
MKKS_TACTACGCACCAAACAAAGG,MKKS,540,105,132
MKKS_CTGTGGTTGTCGAATCCCAG,MKKS,586,340,504
MKL1_TGCTTCACCACCACGGACGG,MKL1,1502,150,194
MKL1_ACCTCACTGACTGGCAAGCC,MKL1,630,229,504
MKL1_GGCCAAGGAGCTGAAGCCAA,MKL1,1112,122,49
MKL1_CTGGAGGGATGGCTCAGCCG,MKL1,3056,127,298
MKL1_CAGCTCCGATCTCTCCGGCC,MKL1,821,33,66
MKL1_CTCTGCTCATGAAATGCGGC,MKL1,761,253,189
MKL2_TAGCTCCAAGAAGCAGCAAC,MKL2,554,29,91
MKL2_GAGAGAACAACTAGTGGACC,MKL2,256,113,71
MKL2_ATCTGTTCATGGAATGCCGC,MKL2,182,84,64
MKL2_TCTACCAGCTCCATAGGACC,MKL2,444,122,126
MKL2_GACTACAAACACTCCAGCGC,MKL2,1325,180,109
MKL2_CTGCACCATTCAAGTACGGC,MKL2,2461,923,934
MKLN1_GGCCCGGCACTTACTCGGGA,MKLN1,488,198,259
MKLN1_AATGAGAGGAGGCCATCAGA,MKLN1,125,8,120
MKLN1_CTCTAGAGATACATGTCCAC,MKLN1,405,149,152
MKLN1_AACCTGGAAACTTCTTCGAG,MKLN1,1219,147,168
MKLN1_TGCAGTGTCCTATTCGAGAC,MKLN1,1068,539,1065
MKLN1_TGATGGGCAAACCTTGGACA,MKLN1,956,149,217
MKNK1_TGAGCGAGAAGCCAGCCGAG,MKNK1,1097,118,180
MKNK1_CAGATCATCGAGAAACAAGC,MKNK1,494,307,750
MKNK1_GACCTCTGAATTGCTTGGAG,MKNK1,569,112,102
MKNK1_TCCCTCAGCTATTCCTGGAG,MKNK1,1276,105,181
MKNK1_ACCTTCAAACTTTCCTGGCA,MKNK1,322,66,125
MKNK1_GGTACGCCAGAAGGGACAAA,MKNK1,123,42,123
MKNK2_GATTGAGTTCTTCGAGGAGG,MKNK2,124,133,63
MKNK2_AGCCAGGCCACATTCGGAGC,MKNK2,1275,434,359
MKNK2_CCAGGAGTACGCCGTCAAGG,MKNK2,2242,740,973
MKNK2_ACATCCCGGACGCCAAGAAG,MKNK2,1528,301,432
MKNK2_CAGAGTCTCCGTGGTCGGGC,MKNK2,255,50,78
MKNK2_GCCTCACCTTGAACGAACGG,MKNK2,507,104,183
MKRN2_CATCTGCAAGTACTACCAGA,MKRN2,389,252,291
MKRN2_CTTCTGGTAGTACTTGCAGA,MKRN2,1089,173,276
MKRN2_ATGCAGTGACCTCGGAAGGA,MKRN2,712,462,513
MKRN2_ATTCGACCCAGAGCAGAGGA,MKRN2,352,214,100
MKRN2_TTCCTCTGCTCTGGGTCGAA,MKRN2,713,548,477
MKRN3_TCAGAAGCCCACGAGGCAGC,MKRN3,677,100,214
MKRN3_CGGAGGGCTCACAGACGGGA,MKRN3,1987,399,338
MKRN3_ACTTGTGGAGCCTGTGCGAA,MKRN3,1152,440,516
MKRN3_GAGCCTGTGCGAATGGGAGA,MKRN3,43,199,186
MKRN3_GGAGCTTGTCGTGCTTCGGC,MKRN3,387,59,144
MKS1_TCAAGTCACGCATCGTCACC,MKS1,679,188,130
MKS1_AATGACCACTGCAGCCAGCG,MKS1,612,447,198
MKS1_ACAAGAGACACTGGCTCACC,MKS1,335,188,63
MKS1_TCCTTCCCGAGCTCGGCAGC,MKS1,339,56,14
MKS1_GGAGGCGCAAGTTGCGCACG,MKS1,92,95,151
MKS1_CCTCATTTGCACAGCGCACG,MKS1,1029,348,441
MKX_AAAGACTGTCAAAGTGCCGC,MKX,179,51,28
MKX_CGACTTCTGGATGATGCAGC,MKX,384,192,194
MKX_CCTTCAGTTTCTGATGACGA,MKX,541,185,490
MKX_GAAGGTGAGGCACAAGCGGC,MKX,459,181,146
MKX_TGTCCCAGCGCCCGGCAGAA,MKX,2219,926,1375
MKX_GGTGCGGTGCTGTTTGAGGA,MKX,663,309,95
MLANA_TTGAACTTACTCTTCAGCCG,MLANA,1770,508,840
MLANA_ATCTCTTGGGCCAGGGCCGC,MLANA,370,220,115
MLANA_GAAGGATCTTAACCTACCAC,MLANA,474,16,52
MLANA_GCAGAGAGTTTCTCATAAGC,MLANA,1537,151,286
MLC1_TAAGATTTCAGGACCCGAGC,MLC1,355,53,59
MLC1_CCGCCATGAGCAGCTCCAGC,MLC1,583,43,275
MLC1_CGTAGTGGTCACAGCAAACG,MLC1,2569,1042,1230
MLC1_TGAAGCTCACAATTGCCGAG,MLC1,830,251,326
MLC1_CGCAAGTAATCCATCTCAGC,MLC1,2526,394,244
MLC1_CACGTCTTGTGGCTGAAGCA,MLC1,1562,476,509
MLEC_AGCGGTTCCCTCAACCGCCC,MLEC,252,128,90
MLEC_AGGCGCATGTGGACGTGCAC,MLEC,995,269,359
MLEC_GGTCCTCAGGGTTGGAACGC,MLEC,631,149,217
MLEC_AGTGCCCATCAAAGAGGAGG,MLEC,189,0,0
MLEC_CCAAGTCCTTCACCACGACG,MLEC,2459,738,930
MLEC_TGAAGACTCCGAAGGCCACC,MLEC,495,76,93
MLF1_CCGTAACTCACGAGAAGAAG,MLF1,1258,416,434
MLF1_CCCGTAACTCACGAGAAGAA,MLF1,1888,753,526
MLF1_ACTGAGCAAGTCTCTTCCAA,MLF1,169,43,139
MLF1_AATAGGAGATGAACCGCCAA,MLF1,252,114,37
MLF1_CAAACTCGTCGAGCTCCAGG,MLF1,516,135,50
MLF1_CAAAGTCCAGCCATTGAACA,MLF1,2227,1066,1065
MLF1IP_TTAGAAGTGACAGACTCAGC,MLF1IP,211,11,59
MLF2_ACTGTTCGGGATTCAGACAG,MLF2,391,193,124
MLF2_AGATGCGCTCGGCACCAGGC,MLF2,421,93,89
MLF2_TGTCCATGAAACCACCCGAC,MLF2,2128,146,493
MLF2_CATTCCCAGCATCCCAAAGG,MLF2,2327,136,189
MLF2_ATGAGCCGTATGTTGTCAGG,MLF2,91,11,174
MLF2_GCTCCACGTCCCTCATGAAG,MLF2,2053,146,110
MLH1_TCGTAGCCCTTAAGTGAGCC,MLH1,628,201,95
MLH1_TGCCAGCACATGGTTTAGGA,MLH1,1129,396,458
MLH1_TGAAGTTCACTTCCTGCACG,MLH1,480,182,162
MLH1_TAAGGTCTATGCCCACCAGA,MLH1,227,70,121
MLH1_GGTTAATGATCCTTCTCCGG,MLH1,503,27,11
MLH1_TCACACAGCCCACGAAGGAG,MLH1,2648,258,416
MLH3_AGATTCCTACGAGAAGCAAC,MLH3,574,117,153
MLH3_TAAGACTGAAGAGAATGGCG,MLH3,684,136,160
MLH3_TGTTGATGTAAGCAGTGGCC,MLH3,242,43,79
MLH3_ATTTGCCCGTTATCCAGAGG,MLH3,596,352,378
MLH3_TCTCTGCTCGAGCTCTCGGA,MLH3,604,93,230
MLH3_CCATGTCACTTTGAGGAGAG,MLH3,1937,771,482
MLIP_CACCGGATTCCATGTGCAGC,MLIP,2131,684,381
MLIP_GCTCCCTGATAAGATGCACG,MLIP,807,208,285
MLIP_GGTTGGTAGTCTTCTGACAG,MLIP,658,260,51
MLIP_TCCTTATTGTGGACTCCGAA,MLIP,578,223,471
MLIP_CAGATTGGCATGAGGGAGAG,MLIP,1071,726,532
MLIP_TACAGTATCTGAGAGTCAGC,MLIP,361,57,59
MLKL_GGTGGCTGTGAAGCGGCAGC,MLKL,142,22,48
MLKL_TTCTGAGAAGATCCGCAAGC,MLKL,1288,305,395
MLKL_TTGAAACGGGATATCTCCAG,MLKL,240,99,65
MLKL_CTTACGCAATGCTGCCAGCC,MLKL,54,184,378
MLKL_CCTTGGCTTATGGGTGAAAC,MLKL,2366,563,692
MLKL_CCAGAGGCTTGATCAGGCCG,MLKL,1011,309,585
MLLT1_GCTGCCGGCAAGACCAACCC,MLLT1,508,88,134
MLLT1_TTGAAGGCAGCCTTGGGCGG,MLLT1,736,369,493
MLLT1_CTAACCTTGGAGCCGTGGGA,MLLT1,913,289,306
MLLT1_TACAAGCTCCTGCGGGCCGG,MLLT1,829,6,306
MLLT1_GACTCCTCTACTTTGTAGGG,MLLT1,42,8,9
MLLT1_CGCAAGAAGCCCACCACGGA,MLLT1,3257,921,1528
MLLT10_GACCTCGTCCTCCAGTGACA,MLLT10,69,24,18
MLLT10_GGCATTGTTCAAGTACCCAC,MLLT10,177,150,115
MLLT10_CTGGAGGAACGTTAGACACC,MLLT10,850,244,355
MLLT10_TAACAGCTGAGGTTGAAGGG,MLLT10,601,105,75
MLLT10_CCTGAGTTGTAGCAACAGCA,MLLT10,2074,1028,1245
MLLT10_CCCGAGGAAGTCTCTCGCCA,MLLT10,862,363,312
MLLT11_AACTGTACTGGCTACTCACA,MLLT11,384,46,83
MLLT11_TCTGTCGGAGCTGGAAGGCC,MLLT11,942,339,119
MLLT11_GCAAGCAACTGCAGCAGACC,MLLT11,883,377,342
MLLT11_TGAAGGTGCTGTACTCAAGG,MLLT11,1721,850,948
MLLT11_CAGCATCCACTCCTTCGAAC,MLLT11,2425,636,721
MLLT3_TCAGGCATACCTAGATGAAC,MLLT3,1747,358,378
MLLT3_GAGAGGCCTGTAAATAGAGG,MLLT3,79,44,48
MLLT3_CACCAGTGGACAAGATAAGA,MLLT3,1087,114,359
MLLT3_AGAAAGTTGCTGAAGGCAGG,MLLT3,214,122,182
MLLT4_CCAGCCGGTTGGCGTTCCAG,MLLT4,566,95,138
MLLT4_TATGAAGTGCATGTCAGCGG,MLLT4,988,129,242
MLLT4_TGGAACAAAGATGATCGGGA,MLLT4,864,445,285
MLLT4_CTGAGGTGGTTATGAAACGA,MLLT4,1173,107,239
MLLT4_CTAAGGATTACTGCATCGCC,MLLT4,698,43,141
MLLT4_AAATAGGGCAGCTTCTCCGG,MLLT4,985,1,112
MLLT6_GCCCATCGCAGTAGACCAGC,MLLT6,12,243,531
MLLT6_CAGTCTGGAACTCACCACCC,MLLT6,868,49,34
MLLT6_AGCTGTGCCCACACAAAGAC,MLLT6,1918,716,546
MLLT6_GCCTCATGATCGCTTCAACA,MLLT6,1011,561,519
MLLT6_ACAGGTCATGCAGGCTCCCG,MLLT6,226,18,107
MLLT6_TTCTCTGGTTAGTGCCCAAA,MLLT6,410,316,255
MLN_AGTACCCGGCCACCCTGGAA,MLN,588,44,50
MLN_TCTTCCCTGATGGGCTCCGC,MLN,1014,308,133
MLN_GAGTTCGCCATAGGTGAAGA,MLN,177,64,144
MLNR_CCGGGACTACGGAGATGCCG,MLNR,1392,460,384
MLNR_CCACTTACGCAGGACGCGGA,MLNR,101,160,209
MLNR_GGCTCCACTTACGCAGGACG,MLNR,505,250,251
MLNR_GGCTGGAATCGAAATAGGAA,MLNR,997,278,332
MLNR_ATGATTCTGCCAACGTGGAA,MLNR,1516,642,666
MLPH_CGCAGTGGGTCTCGTTCAGA,MLPH,538,384,221
MLPH_ACTTCCGAACCTCTTGAAGC,MLPH,1111,552,428
MLPH_AGTCGAAGTCGTGGACGGAG,MLPH,589,386,201
MLPH_TGGTCGGCTGCTCTTCCGGA,MLPH,113,283,433
MLPH_GGGAGGCCATCACGTGAGCC,MLPH,188,239,478
MLPH_TGTTCTCCAGGTAGGTCAGC,MLPH,63,373,123
MLST8_CAGCGGCATCTGCACCCGGA,MLST8,817,61,71
MLST8_GAATGCCTTGGAGGTCACAC,MLST8,567,5,0
MLST8_TGCTGGTAACCTAGGGACAC,MLST8,882,119,200
MLST8_CTCATCGTGGGTGACCAGAG,MLST8,2198,183,103
MLST8_GCTATGTCTGGAATCTGACG,MLST8,678,36,25
MLST8_AAGCTGCAGCCGAGGTGGGC,MLST8,1005,180,126
MLX_TCGGGCTCGTGCACGTAGGG,MLX,550,241,205
MLX_TTGTAGAAAGCACCCGCAAG,MLX,2037,469,468
MLX_AGTCCTACAAAGACCGGCGG,MLX,707,133,59
MLX_GGAGGTGTCCACGTTACGCA,MLX,446,141,145
MLX_GAAACACGTTGAACTTGACC,MLX,340,77,139
MLX_GCCAATCACAATCTCCCGCA,MLX,1198,92,244
MLXIP_CCGAGAGCACCCGCCCAAGA,MLXIP,2416,819,1125
MLXIP_TCAAGGGCCTGAAGCTACAG,MLXIP,504,463,259
MLXIP_CACTGCCAAGTACCTCCGGC,MLXIP,769,363,311
MLXIP_TGATCCGGGAGTATCACAAG,MLXIP,1360,218,215
MLXIP_GGATGAGGACCTCTCCAGCC,MLXIP,495,280,31
MLXIP_TGAGCATGTCTGTGTCCAGC,MLXIP,464,265,328
MLXIPL_GCTGAAGAGGGAGTCAACCA,MLXIPL,931,173,290
MLXIPL_TGCAGCTCCGTAAGCCCAGC,MLXIPL,984,336,425
MLXIPL_TGATGCGGGAATACCACAAG,MLXIPL,1550,303,305
MLXIPL_GGCTGATGCGCACCGGAAGC,MLXIPL,1163,273,399
MLXIPL_CTGGTGGTAGCCACTCACAC,MLXIPL,1327,605,738
MLXIPL_CCAGGCTCAAGCACTCGAAG,MLXIPL,6263,1224,1291
MLYCD_GACTTCGTGAGCTTCTACGG,MLYCD,1028,86,108
MLYCD_CTGGCGCAGATGGAGCACGC,MLYCD,1404,590,523
MLYCD_CGGGTTCCTGAACCTAGAAC,MLYCD,1399,353,226
MLYCD_ACCTTCTGTAGGGCCCAACG,MLYCD,1278,381,296
MLYCD_TTCCATCAGCTTGACCCAGC,MLYCD,240,184,167
MLYCD_GCTTCTGAACTCGCAAACGA,MLYCD,129,102,25
MMAA_CTGGTTTAATCCAAGGGCAA,MMAA,1177,196,276
MMAA_CCACCACTAGTACAAGAAGA,MMAA,1195,476,285
MMAA_GAACTTTAGGAGGCGTGACA,MMAA,1578,140,288
MMAA_TTACTACTGCCACCAGCAGG,MMAA,277,41,21
MMAA_GCCAGCTCGAAGGATACAAG,MMAA,1316,109,308
MMAA_ATTCGTATTTCTGCCCGAAG,MMAA,410,245,71
MMAB_GAGTATACCACGTTCAAGGC,MMAB,341,153,292
MMAB_CGACACCATGCTCCTCGGCC,MMAB,1737,890,761
MMAB_GCCATGGAGAAATGGTAGCC,MMAB,671,101,125
MMAB_TGACCAAGTGTTTGAAGCCG,MMAB,1462,786,820
MMAB_AGCCTTCCTCGAAGACACCC,MMAB,845,101,88
MMAB_GAGGGCCGCGGCTCTGGAAA,MMAB,386,112,131
MMACHC_GGGTAAACCTCGAAGCCAAA,MMACHC,167,183,294
MMACHC_CCTGAACTTTCTGTTTCAGG,MMACHC,153,216,157
MMACHC_CCATCTGGGCCGTGTTAGAG,MMACHC,2441,756,936
MMACHC_GGGCTGGTTTGCCATCCGAG,MMACHC,653,340,274
MMACHC_GGTAAGTCCAATCACGCCAG,MMACHC,2,50,0
MMACHC_AATAGGGCCAATCGTTGGGC,MMACHC,172,93,36
MMADHC_TGATGATCCTGCAGTCGAAA,MMADHC,1671,846,900
MMD_GGCCACAAACAGGTGCCAGA,MMD,146,96,45
MMD_ATTGATGTCACCACCAAGGC,MMD,555,105,188
MMD_CCAACGCATATGAGATGCCA,MMD,900,85,135
MMD_CAACGCATATGAGATGCCAG,MMD,425,67,78
MMD_GACGCCATCCCTCTCACCGC,MMD,276,55,252
MMD2_TACCATGGAGAGGATGACCA,MMD2,1082,209,115
MMD2_AGCGCATGTGGGAGGCCCAG,MMD2,426,99,9
MMD2_ACTGTCTACACATGTTCGAC,MMD2,885,55,188
MMD2_ACACAGTGGACACCACGAAG,MMD2,1280,410,395
MMD2_GACTCGGTGGTTCATGAACC,MMD2,895,72,82
MMD2_CTGGAAATCCAGCAGCCGGG,MMD2,1057,111,151
MME_GAAACAGCGATGGACTCCAC,MME,20,48,155
MME_TCAAATATGCTTGCGGAGGC,MME,742,549,548
MME_AAAGTTGCCGTAACGGGAGC,MME,608,94,103
MME_CTCCTTGTAGTCTTCCCAGC,MME,948,412,338
MME_TACCATTGTCATCGAAGCCA,MME,407,233,131
MME_CATACTGATACACCATGCAC,MME,826,55,353
MMEL1_CATCGCCTTGTACCACCGGA,MMEL1,1155,415,416
MMEL1_TGCATCCTCCCGCAGCAACG,MMEL1,1769,431,608
MMEL1_TTGAAGTAGTACTCTCGGGA,MMEL1,1554,122,65
MMEL1_GGTCGTCGTTCCAGATGAAG,MMEL1,1185,154,107
MMEL1_TGGCCTTCTCCACAGCCGGC,MMEL1,0,66,39
MMEL1_CTGGAGGTCATCCTCAAAGG,MMEL1,2798,467,370
MMGT1_ACCGTAACAGGTAACTGCAA,MMGT1,1060,133,236
MMGT1_CTTACGCTGCGCAGCGGAAA,MMGT1,467,193,137
MMGT1_TGGCGCCGTCGCTGTGGAAG,MMGT1,2214,257,404
MMGT1_CGACGGCGCCATGATGCCGA,MMGT1,474,162,150
MMGT1_CTAGGAGGGCCGGAGCCCAA,MMGT1,746,76,164
MMP1_TTCTGGCCACAACTGCCAAA,MMP1,1205,236,265
MMP1_AGCTCAACTTCCGGGTAGAA,MMP1,1094,557,760
MMP1_GGGTTTGTGGGCCGATGGGC,MMP1,262,85,117
MMP1_ACCAGGCCCAGGTATTGGAG,MMP1,178,124,111
MMP1_CACACCTCTGACATTCACCA,MMP1,2052,484,626
MMP1_GCGGAGAAATAGTGGCCCAG,MMP1,648,158,215
MMP10_TGATGCAGCTGTTTCTGACA,MMP10,600,450,724
MMP10_ATTCAGGTTCAGGGTTCCAG,MMP10,281,21,71
MMP10_ATGGCATCGAAGGACAAAGC,MMP10,925,205,238
MMP10_CATCTTGCGAAAGGCGGAAC,MMP10,989,226,347
MMP10_CCATAAAGCCCAGGTCCAGG,MMP10,774,272,191
MMP10_CTCCAACAAGGATCTTGCCC,MMP10,1222,276,217
MMP11_TGGCGGGCGCTGGGAGAAGA,MMP11,1164,230,487
MMP11_CCAGGATCCTTCGGTTCCCA,MMP11,426,40,129
MMP11_CCCATCTGTAGGTACTGGCA,MMP11,1833,456,512
MMP11_GAGACTCAGTGGGTAGCGAA,MMP11,355,92,124
MMP11_CAGCATTGGCCTCTCGCCAC,MMP11,346,0,43
MMP11_AGATCTACTTCTTCCGAGGC,MMP11,517,390,361
MMP13_TGCTGCCATACCTCCAGACC,MMP13,1984,798,963
MMP13_ACCTGGACAAGTAGTTCCAA,MMP13,206,37,111
MMP13_TCTCCTCCATAATTTGGCCC,MMP13,420,172,322
MMP13_TTCCCGCGAGATTTGTAGGA,MMP13,839,248,126
MMP13_GATACTCTACCTCTGCAAAC,MMP13,717,147,298
MMP13_ACCATTCAAGATGCATCCAG,MMP13,698,177,90
MMP14_TGCTGCTTTGGGCCGAGCCG,MMP14,1057,282,234
MMP14_CACATACGAGGCCATTCGCA,MMP14,1277,413,249
MMP14_CATAAAGTTGCTGGATGCCC,MMP14,609,17,242
MMP14_ACACCGTGGCCATGCTCCGA,MMP14,587,51,194
MMP14_CCATCAACACTGCCTACGAG,MMP14,4856,229,185
MMP14_GATGAGGCGTCCCTGGAACC,MMP14,457,80,63
MMP15_TGGCGTAGCGGCCGAAGACG,MMP15,1708,372,446
MMP15_GGTCTCTTCGTCGAGCACAC,MMP15,362,91,70
MMP15_GGAAGCGCTACGCCCTCACC,MMP15,222,24,100
MMP15_CATCCGGCTGCGGCGACAGA,MMP15,736,158,142
MMP15_TCATGGCGCCGTTCTACCAG,MMP15,1445,132,331
MMP15_ACCACGCCAGAAGTGCCCGA,MMP15,498,100,288
MMP16_GACTTGATAACCCTTGGAAG,MMP16,380,247,239
MMP16_TTGGCGAGTGAGAAACAACA,MMP16,1066,522,953
MMP16_GGTCAGCCGGAGGAATAGAG,MMP16,319,242,246
MMP16_TCTCCCTTTGATGGAGAGGG,MMP16,127,60,14
MMP16_GGTGTACCTGACCAGACAAG,MMP16,461,147,111
MMP16_ATGTGCTACAGTCTGCGGAA,MMP16,1306,247,245
MMP17_CGAGGACCTCAGCCTGGGAG,MMP17,1015,404,154
MMP17_AGGGCAGCTGCAGACGCAAG,MMP17,631,245,176
MMP17_CCATGCTTTCCCTGCAGACG,MMP17,2250,301,538
MMP17_TCCAAGGCCGACCATAACGA,MMP17,1063,445,229
MMP17_CATGGCTTAACCCAATGGCG,MMP17,499,49,0
MMP17_ATGCAGCACTCACTTTGACG,MMP17,1409,252,436
MMP19_TTGCCAACTCATAGCAGCCG,MMP19,1068,246,621
MMP19_GAAAGCATAGGTCTTCCCAC,MMP19,573,14,66
MMP19_CATCCAGTTCACTACTGCAA,MMP19,929,237,470
MMP19_GGCCGGTAGCCCTCGTAGAC,MMP19,692,287,287
MMP19_ACCTTCCAAGAGGTGCAGGC,MMP19,778,221,317
MMP19_TCATCCAGCTGACCTGAGAC,MMP19,831,596,512
MMP2_CTTGATGATGGGCGACGGCG,MMP2,3043,508,736
MMP2_TTAGGTGCTTACCTAGCACA,MMP2,1253,351,213
MMP2_TCTTCCCTCGCAAGCCCAAG,MMP2,1458,257,267
MMP2_TTCTCGAATCCATGATGGAG,MMP2,1398,256,331
MMP2_TGTGTTTCAGAGCATGGCGA,MMP2,1187,276,331
MMP2_CACCACCTACAACTTTGAGA,MMP2,1758,400,383
MMP20_CATCCACATTGGACATGAGC,MMP20,554,246,287
MMP20_CACAGCGTCAAAGGATGAGC,MMP20,375,342,111
MMP20_ATTTGCTCCTGGAGAAGGCC,MMP20,242,70,87
MMP20_TTCCATGAGTTCTGTCGAGG,MMP20,643,432,423
MMP20_AGGACACCAGATTGGTGAGA,MMP20,342,88,118
MMP20_ATTCACAAACCTGTGCGAGG,MMP20,329,211,308
MMP21_TAAGCCATTAGCAGGAAGCC,MMP21,441,204,140
MMP21_TGTAGGTGTGAGGCAAGCCC,MMP21,2418,286,78
MMP21_CACACCTCCCACCAGTGACA,MMP21,2545,259,474
MMP21_CCGGTTCATGGCCGCTAGGG,MMP21,1364,255,345
MMP21_GGTCGGCAATGGGCTTGGCC,MMP21,138,54,1
MMP21_TGTCGGACGGAAGATGGAGG,MMP21,835,68,153
MMP23B_GCAAGTCTGCCATGGGCCGC,MMP23B,282,94,157
MMP23B_CAAGTCTGCCATGGGCCGCG,MMP23B,1064,222,173
MMP24_CGTTGTCTGATCCAACACAC,MMP24,628,521,528
MMP24_AAGTGGGTGAGCTAGACACG,MMP24,1532,188,66
MMP24_GAAGGGCGCCATGATGGCGC,MMP24,37,13,21
MMP24_TGACGGCAACTTCAACACAG,MMP24,2808,849,936
MMP24_GCGCAATAACCGAGTGCAGG,MMP24,1076,251,283
MMP24_GCTGTGTCAATGCCTTCACG,MMP24,613,396,652
MMP25_AGGCTCACGTCCTGCGCCGA,MMP25,103,145,24
MMP25_AAGTCATGCAGAGGTTCGCG,MMP25,1675,288,291
MMP25_GGAAGAAGCGAACCCTGACA,MMP25,229,39,5
MMP25_CTTTGCCCGCGCCTTCCACC,MMP25,654,126,41
MMP25_CATCGCGGTCATCCTGAGAC,MMP25,406,52,89
MMP25_GACTCACCTGTGTGTGGGCG,MMP25,199,87,36
MMP26_ACTGGAACGGCGAAACACCA,MMP26,558,118,118
MMP26_CATCCTTTATGGTCTGCAGC,MMP26,495,245,470
MMP26_GGAGTCGCCACTCCTTACCC,MMP26,527,101,279
MMP26_CTGCAACAATTCCATCGGAA,MMP26,3462,1147,925
MMP26_GCATGGCCTAAGATACCACC,MMP26,351,73,44
MMP26_GGATATCATCGGCACTGAGC,MMP26,580,136,66
MMP27_TATGCAGCTTGCAGATCAGC,MMP27,296,127,100
MMP27_TTTGCTCACCATAGATGGAC,MMP27,1181,337,509
MMP27_TCACCACCCAGACCCGGACC,MMP27,4183,642,517
MMP27_TTGAGATCATGAAGACACCC,MMP27,385,134,104
MMP28_ACTTCGACCAAGATGAGCGC,MMP28,1228,62,235
MMP28_CCGGCTCACCTTCTTCCAAG,MMP28,761,375,461
MMP28_GATGCTCAGGCCAGTTCACC,MMP28,547,53,63
MMP28_ACGAGTCATCTGGCGCAGGG,MMP28,1118,523,525
MMP28_TCATCTGGCGCAGGGTGGCG,MMP28,498,731,383
MMP28_GATGGCATCGCTGAATCGAG,MMP28,471,20,76
MMP3_GCTATTTGCTTGGGAAAGCC,MMP3,448,74,198
MMP3_GCCATCTCTTCCTTCAGGCG,MMP3,674,333,382
MMP3_GAACCTGTCCCTCCAGAACC,MMP3,1390,212,490
MMP7_GAGGATGAACGCTGGACGGA,MMP7,369,52,84
MMP7_ACTTCGATGAGGATGAACGC,MMP7,1083,239,362
MMP7_TCCTACCCATTTGATGGGCC,MMP7,79,284,341
MMP7_ATGATTGGCTTTGCGCGAGG,MMP7,1187,403,245
MMP7_ATCATGATTGGCTTTGCGCG,MMP7,1676,325,442
MMP7_GAGTGAGCTACAGTGGGAAC,MMP7,778,145,162
MMP8_AGAGTTACCAGAGTTGCAAG,MMP8,910,390,326
MMP8_TTCTGGCCATCCCTTCCAAC,MMP8,841,597,371
MMP8_TCTCCATTTGATGGACCCAA,MMP8,393,101,106
MMP8_ATCTTCACCAGGATCTCACA,MMP8,590,153,28
MMP8_CTGTCAGGCACTCCACAGCG,MMP8,483,236,343
MMP8_AGGCCTTGGAAATCTGCACA,MMP8,993,139,180
MMP9_TCCAGGGAAGAGCACAAGGG,MMP9,1773,208,429
MMP9_CAACTGTCCCTGCCCGAGAC,MMP9,814,137,147
MMP9_AGCCCGTCCTTCCCGTCGAA,MMP9,929,344,315
MMP9_CTTGCCCTGGTGCAGTACCA,MMP9,1620,303,495
MMP9_CACCACCGCCAACTACGACC,MMP9,1621,180,133
MMRN1_GGAGATAGCTACAACTCCAG,MMRN1,187,59,64
MMRN1_CACCTGGGACATAAGTGACC,MMRN1,653,156,240
MMRN1_CCTCTGAGGACAGGATCCAC,MMRN1,311,89,166
MMRN1_CCTTCAACCCTTGCTTGAGC,MMRN1,1442,640,533
MMRN1_TGATGCTCCCTGCTCAAGCA,MMRN1,2270,1014,1220
MMRN2_TGGTACAGACTGGAGTCCGA,MMRN2,247,168,112
MMRN2_GCACATGACCACGGCCCGCA,MMRN2,1739,213,84
MMRN2_CCTCATTGATCACTGCAGCA,MMRN2,840,534,533
MMRN2_GGACCAGTCAGCTTCAAACC,MMRN2,1823,294,275
MMRN2_AGGTGCTGACCTCTTTGGCC,MMRN2,751,247,406
MMRN2_AGAGGCTAGTACTGGAAGCC,MMRN2,382,657,621
MMS19_TACACCACGATTTGCTGAGG,MMS19,696,38,14
MMS19_CATCACCTGGATGAAGCCAA,MMS19,184,13,9
MMS19_TTCAAACCCTGCAGGACAGA,MMS19,298,88,455
MMS19_CCAGGAGCAAGGTGTGACAG,MMS19,825,236,211
MMS19_TAGCAGAGGCTCTTACCCAA,MMS19,232,0,0
MMS19_CCACGACGAAGTCGTGCACG,MMS19,162,10,19
MMS22L_GCATCCGCAAGTTGTGAGAA,MMS22L,1879,173,22
MMS22L_CTGGGCATACATCAAGAGGA,MMS22L,1009,23,0
MMS22L_AACCTAATGGATCCCTGGAC,MMS22L,940,179,103
MMS22L_CCAGCCAATGTATATCCAAG,MMS22L,1669,49,33
MMS22L_AAAGCCTCATAAGGATGGAC,MMS22L,427,0,7
MMS22L_TCTTGTGCTGTTGACAACAG,MMS22L,1991,213,174
MN1_AGACGACGTGGGTGACGCCA,MN1,459,59,64
MN1_TGTCCACTGCACAGACGACG,MN1,1279,452,340
MN1_CGTAGCAAAGTCCGGCGGCG,MN1,1398,755,478
MN1_TTGGCCACGTTCATGTAGGG,MN1,1212,173,626
MN1_AGCTGCCCTTCGGAGTCAGA,MN1,469,52,18
MN1_CACTCGGAGTTGCACGCAGG,MN1,1057,351,227
MNAT1_CTGTAGGAGGGAAACCGCCA,MNAT1,516,242,235
MNAT1_ATTTGGTGGTCTTACACCGA,MNAT1,191,9,4
MNAT1_TTACTGTTTGTGAGAGGAGC,MNAT1,673,175,156
MNAT1_TGAAGATCCCACTGTTGACA,MNAT1,925,192,112
MNAT1_AGCTTTAGAAGTGGAACGAC,MNAT1,933,123,180
MND1_GAATGCAGGAAGAGCGAACC,MND1,620,185,335
MND1_CCAAAGAAGCTGCTAACAGA,MND1,2844,269,703
MND1_GAAGCTGCTAACAGATGGAC,MND1,1522,63,198
MNDA_TGTCAGTTTGTTTCTTGCGG,MNDA,1222,738,963
MNDA_AACTGACATCGGAAGCAAGA,MNDA,391,280,344
MNDA_AGTTGACCGCAAGCTGAAAC,MNDA,371,750,936
MNDA_AAGTCACAGCTTCATCAAGG,MNDA,1109,515,278
MNF1_TACAAGCTGATCCTGTCCAC,MNF1,282,82,6
MNF1_CCTGCGACAGCGGGTAGCAC,MNF1,1400,492,310
MNF1_CCAGTGGACGAGACCAAACG,MNF1,4027,778,663
MNF1_GCCAGTGGACGAGACCAAAC,MNF1,1382,338,270
MNF1_GGCCAGTGGACGAGACCAAA,MNF1,1046,355,221
MNS1_CAGTTGCAGCAAAGGCGGCA,MNS1,390,224,340
MNS1_TTCCATCGTAGGGTTCCAAA,MNS1,573,361,309
MNT_CTTTGCCATGACAGTAGCCG,MNT,1898,621,916
MNT_TGAGCATGAAATGGAGCGGC,MNT,501,230,255
MNT_CAATCTGAGCGTGCTGCGGA,MNT,283,325,234
MNT_TGAACAGAAGAAGAGGCCCG,MNT,1198,158,210
MNT_CTCCTTAATGCTGAGTCCGG,MNT,2012,319,310
MNT_CGCTTGCCATTCCAGGAAGC,MNT,2117,910,1162
MNX1_GAAGCTGCCTAGAGTGCAGG,MNX1,229,127,226
MNX1_TGTCCCTCAAGTCCCGCAGG,MNX1,218,823,164
MNX1_CCAGGAGGTTCGACTGCGCC,MNX1,511,263,462
MNX1_TCAACAGTAGGTGCCTGCCC,MNX1,0,1,55
MNX1_GGTCTACGGCTACTCCGCGG,MNX1,585,96,195
MNX1_CGGAGTAGCCGTAGACCGGG,MNX1,335,354,577
MOAP1_GAGCTTAATCTGCCAGAGGA,MOAP1,571,205,98
MOAP1_ATGTCTGCAGGCTCTTGAGG,MOAP1,194,39,102
MOAP1_CTACTCAGATGATAAAGGCG,MOAP1,1314,316,353
MOAP1_TACTTCAAGCATTGCAGGGC,MOAP1,458,114,143
MOAP1_CAGTGTGGCAGAAATCGAGG,MOAP1,1145,223,114
MOB1A_TCTGATTGATAGGCGTGAGC,MOB1A,650,89,79
MOB1B_TGGCAGTGGCAACCTTCGGA,MOB1B,1675,203,107
MOB1B_GAAGCATGACAGCCATCCGA,MOB1B,1536,124,163
MOB2_GGTTGAACTCCCGAGCAAAG,MOB2,1081,557,883
MOB2_CACCAGGGACTCAAAGGAGC,MOB2,376,57,154
MOB2_AGTACTACTGGTATGACGAG,MOB2,52,95,88
MOB2_TCGTTAAGGTCAATCTCGCG,MOB2,1962,514,966
MOB2_CCTGGAGCCTGAGCACACCA,MOB2,755,1697,1366
MOB2_CCTGAAGACCAAGCCCGGCC,MOB2,1845,181,434
MOB3A_CTCTCAGTGGCACATCCGGG,MOB3A,854,236,207
MOB3A_TGTAGACGTGCACGAACACG,MOB3A,657,31,199
MOB3A_ACACGCGGAACAGCCGCGAC,MOB3A,413,153,132
MOB3A_ATCTACGGCACCATCAGCGA,MOB3A,2403,324,610
MOB3A_CAGTCGTTCAGGTCCTCGCC,MOB3A,1245,44,234
MOB3A_CGGGCGAGGACCTGAACGAC,MOB3A,3359,542,1130
MOB3B_GATGAACCTCATAGACCGCA,MOB3B,0,48,102
MOB3B_CTGCACCCATCACAATGACC,MOB3B,1090,479,134
MOB3B_TCACAATGACCCGGTCGAAG,MOB3B,1452,278,432
MOB3B_TCTGTGAGTTCTGCACCGAG,MOB3B,1706,433,468
MOB3B_CTCGGGTGTGGACCTGAAGG,MOB3B,799,153,68
MOB3B_CCCAAGAGGAAATTTGAACC,MOB3B,1892,638,828
MOB3C_TGCTGGAAGTTCTTAGGGAA,MOB3C,3815,1507,1733
MOB3C_CTTCCCTAAGAACTTCCAGC,MOB3C,456,169,243
MOB3C_ACTGGCGCTCGTCCTGCCAG,MOB3C,93,31,16
MOB3C_AGTGTGGTGAGGCTACCACC,MOB3C,208,72,51
MOB3C_CCGCGGAAGCGCTTTGAGCC,MOB3C,607,545,843
MOBP_GAGTCAGAAACCGGCCAAGG,MOBP,934,253,313
MOBP_GCTGCGCCTGCCAGAAGACC,MOBP,295,23,35
MOBP_TAAGCGACGCTGGCAGGAGC,MOBP,397,99,68
MOBP_CACGGCGGCTGGTTCTGAGA,MOBP,740,130,90
MOBP_TGTTGCTTGGACTTCTGAGG,MOBP,1324,268,231
MOCOS_CCGTAGCCGTAGGCTAGCCG,MOCOS,141,90,115
MOCOS_CACTAGTGAAGCTTTCGAGC,MOCOS,1277,241,383
MOCOS_CACCCATGACACTGTGGAGC,MOCOS,122,30,219
MOCOS_CACAGTGTAGTCTTCTGCGG,MOCOS,315,231,383
MOCOS_CGCTGTAAATCCGCACCACA,MOCOS,2506,1148,1108
MOCOS_CCTGGGCATAAGCAACGAGA,MOCOS,931,223,207
MOCS1_TAGCAAGACTGGTGGTCAGC,MOCS1,548,93,177
MOCS1_TCCCGAATACAGGCAACAAG,MOCS1,1319,268,495
MOCS1_TCTATGAAGCGCACATCCAG,MOCS1,505,119,80
MOCS1_TGGAGAGCCGCTTATCCGGC,MOCS1,168,126,278
MOCS1_ACCTCCTGCGAGGACAGACC,MOCS1,262,136,257
MOCS1_TATCAGGCTTCATGGCGGCG,MOCS1,516,100,172
MOCS2_AGGGATATTGCACCACAGAG,MOCS2,860,425,225
MOCS2_CGTCTCCAGGCTGAAGCACG,MOCS2,1893,1012,913
MOCS3_GCCCACGATTAGCACGCACG,MOCS3,669,1,74
MOCS3_GCACACATGCGTCATTAACC,MOCS3,1248,50,11
MOCS3_GAGGCCTGACGTCCAGCAAC,MOCS3,364,0,6
MOCS3_CTCTGAAACATTTGGAACGC,MOCS3,1407,567,718
MOG_TTCCCAGGAGATATGCGACA,MOG,1238,124,226
MOG_CCAGGGCTCACCCAGTAGAA,MOG,1461,904,1049
MOG_CTCTTTCAGAGAATCTCCAC,MOG,210,106,147
MOG_GCAGATGATCAAGGCAACCA,MOG,865,589,362
MOG_GGATCACATTCCCAGAGGAA,MOG,923,701,296
MOG_TGCCTGTCCTTAGCCAGAGA,MOG,1774,414,403
MOGAT1_CTGTTCATCCGCCAGCGGAA,MOGAT1,643,404,253
MOGAT1_CAGCGCCTCTCTGGTCCCAG,MOGAT1,474,91,67
MOGAT1_TCTGACGAACAGGGATCGGG,MOGAT1,569,198,117
MOGAT1_GGTTCAGAGTCTGACGAACA,MOGAT1,624,253,325
MOGAT1_GGGTTCAGAGTCTGACGAAC,MOGAT1,615,235,376
MOGAT2_CAACTTACCCAGTGCCAAGA,MOGAT2,1115,462,357
MOGAT2_TCACTGTCCTGTATGCGGCC,MOGAT2,771,193,127
MOGAT2_CCCGCAATGTAGTTCCGAGA,MOGAT2,1477,137,248
MOGAT2_GGTTCAGTTGGCAATTGGCA,MOGAT2,115,238,150
MOGAT2_ACACCACGGCCATGAAAGAG,MOGAT2,1218,1022,749
MOGAT2_TAAGTTTGTGGGCCTCGAAG,MOGAT2,535,114,52
MOGAT3_TGAGCTTCTTGAAGGTGAGC,MOGAT3,650,63,83
MOGAT3_GCGCAAAGGCTTCGTGCGCC,MOGAT3,30,11,40
MOGAT3_ATGATGTAGTCGCGATAGAC,MOGAT3,636,222,203
MOGAT3_CCAGCCAGCACGGCTAACCA,MOGAT3,3175,1235,1159
MOGAT3_TTCGGAGTGGATAAGGAACC,MOGAT3,1039,284,383
MOGAT3_AGGGCCAGAGTGACGTGAAG,MOGAT3,1628,233,218
MOGS_CAGCCTTGTCTTACTGGCCA,MOGS,1555,521,589
MOGS_CTGTCACCACATAGAAGAAC,MOGS,1739,207,271
MOGS_TCACCACTGAGTTCGTCAAG,MOGS,1145,203,151
MOGS_TGTGTTGGCGCCCGAAGGAG,MOGS,1303,169,224
MOGS_GCGTAGCACGGCTGGAGGAG,MOGS,1355,639,493
MOGS_GGGAGTGCGGACAGCCGAGA,MOGS,304,4,65
MOK_AGGGTAGGCTCACACAAGAA,MOK,1485,401,503
MOK_GAGGACCGTCCCAAGAGACG,MOK,225,32,61
MOK_TCCGGAGCACCCTGTGGCAC,MOK,1568,399,449
MOK_TGAGAGAATCGCCGCCCACC,MOK,399,169,143
MOK_CGGAATACATCTCCACCCGC,MOK,955,153,309
MOK_CTTGGAATAGACACTCCGGC,MOK,186,178,152
MON1A_GATGCGCTGGATCCGCAAAG,MON1A,824,550,346
MON1A_ATCCCAGGGCTGCCTTACCC,MON1A,709,109,154
MON1A_ACTTATAGAGGAAGTGACGC,MON1A,630,205,317
MON1A_AGACATGCGCCAGATCAGCC,MON1A,639,358,325
MON1A_CCCACACCAGGAATGGCCCA,MON1A,2546,615,1285
MON1A_AAGCTATCTTCCTGCACCGG,MON1A,1041,403,486
MON1B_CCCACTCAGGGATGTGCAGA,MON1B,797,133,327
MON1B_GACGAGGGCCTGGAGGAAAC,MON1B,756,319,186
MON1B_GCCATCCGTGCCATCTACGC,MON1B,1472,488,380
MON1B_CACGCTGTAGGCAGGAGCAC,MON1B,642,294,615
MON1B_CACGTGGTAAATGAGGCGCA,MON1B,911,12,45
MON1B_CCTCTTTCTTCACCCAGCGC,MON1B,902,118,192
MON2_AAGCTTACCTCTTTGACAGG,MON2,765,220,337
MON2_GCTGAAGATGAACGACACAG,MON2,808,234,711
MON2_TTGCAGGATTTCCAGTAGGG,MON2,1315,158,52
MON2_CCATTACTGTCCCTTGAGGC,MON2,809,780,503
MON2_CTTAACTTGGCGCATTGCCA,MON2,289,177,140
MON2_AGTGGCGGTGCCTTGAAACC,MON2,92,10,48
MORC1_CCGCTTCTTGGGAAATGAAA,MORC1,1022,362,391
MORC1_AGGGTGCCTGAAGAATGCCC,MORC1,223,12,16
MORC1_TCTCAGACTTGGCGCAGGCG,MORC1,253,324,195
MORC1_GCTATTGCCTCTACAGACCC,MORC1,246,8,116
MORC1_TTCATAGGGCAATACGGCAA,MORC1,3556,414,384
MORC1_GGATGAAATCCAGACGCAGC,MORC1,196,220,177
MORC2_TTTCAAGACCCGTGCGGAGC,MORC2,707,270,102
MORC2_GGCACAAGGTGCAGACCAAG,MORC2,447,51,35
MORC2_CACCTGGAATGCTCGGACCC,MORC2,587,212,463
MORC2_CCTCATGAAACGTGCGAGAC,MORC2,150,37,0
MORC2_CAGATTGGGCAGTACGGGAA,MORC2,2426,206,255
MORC2_AGACGAGAGGACCTTCGAGG,MORC2,552,82,60
MORC3_GCTTTGTAGCTCGCTCAAGA,MORC3,605,270,300
MORC3_AGCAACTGCACTGAATGGCC,MORC3,541,58,114
MORC3_ACATTCACCGACAATGGGAA,MORC3,807,164,294
MORC3_CCAAGTAGGTCTGAGACAAA,MORC3,2303,1065,1129
MORC3_GCGGAAATTACCTGATGGGA,MORC3,279,231,71
MORC3_AGTCTGAACCTGAGAGCAAC,MORC3,657,330,141
MORC4_CCAGATGATTGCCAAGAGCC,MORC4,1303,274,388
MORC4_TGCCTGGGATGGCATCAAAC,MORC4,2707,1187,1025
MORC4_AGGCTCCATGCGGCTAGGAA,MORC4,3089,850,856
MORC4_TCCAGATGTATCTGCCAGGA,MORC4,1015,267,339
MORC4_CTCACCTAGCAGCTCCGCGA,MORC4,2126,274,301
MORC4_CCGGACCTACCGTGCTCAGG,MORC4,714,121,458
MORF4L1_ATTTACCTAGAGGTCAGGAG,MORF4L1,350,77,93
MORF4L1_CATTTACCTAGAGGTCAGGA,MORF4L1,421,103,201
MORF4L1_GCATTTACCTAGAGGTCAGG,MORF4L1,139,85,13
MORF4L1_CCGCCAACATTTACAGCACC,MORF4L1,1633,391,427
MORF4L2_CGCCTCCTCACTTTCAACAG,MORF4L2,4089,893,1008
MORF4L2_AAGACTCCTGGAAACGGAGA,MORF4L2,463,15,26
MORF4L2_TCCTCACGGATCCTGAAGGG,MORF4L2,549,297,190
MORF4L2_TCTGCAGATTGCTGTCCACG,MORF4L2,1672,475,284
MORN1_TTCAGCTGCTGCAGGACCAC,MORN1,856,353,227
MORN1_CAGCGACGTCTTCAGTGGAC,MORN1,701,332,561
MORN1_AGGAACGGTGACAAGTACGA,MORN1,404,103,677
MORN1_GACACGGGTTTCTGGTGGAC,MORN1,311,37,53
MORN1_AGCCGGCGGATGTTATGAAG,MORN1,2573,566,447
MORN1_AATAACAACTTCCCGTGACC,MORN1,336,11,35
MORN2_GGATTGTCTACACAGGAAGC,MORN2,890,141,464
MORN2_GGGACTTACACATTCCCAAA,MORN2,315,176,129
MORN2_ATCCAAGGACTAGAATGGAG,MORN2,741,134,41
MORN3_CCCTGATGGTGTGCTGGCGG,MORN3,712,126,156
MORN3_CGTTTCTTCCATCTGGACCA,MORN3,1026,233,139
MORN3_GGAGAACGACAAGCCCAACG,MORN3,832,273,382
MORN3_ATCTGTGTGTCACCAGGGAA,MORN3,1306,283,309
MORN3_GCGACTACTATGTGGGCGAG,MORN3,882,238,134
MORN3_CAGCGTATACCTGGCTCCGC,MORN3,10,84,24
MORN4_GCTCTGGGCCCGCTGAACAA,MORN4,1695,356,751
MORN4_TGACAACATGACCTTTGAGG,MORN4,1322,227,91
MORN4_GGTCAACTGATGTTTGCAGA,MORN4,203,36,55
MORN4_ATATCGTGGCGAGTGGAAGG,MORN4,1066,344,909
MORN4_TGACGGTCATCCCGAAAGGC,MORN4,851,149,168
MORN4_TTGGCTGTTACCTAGGCAAC,MORN4,663,128,69
MORN5_ACAGGCGCCATGGAGTACAC,MORN5,1736,83,219
MORN5_CAGGCGCCATGGAGTACACA,MORN5,1754,302,221
MORN5_GGCACATATACGTTCTCAGA,MORN5,466,166,130
MORN5_GGCTATTACGATTGTGGAGA,MORN5,1424,443,552
MORN5_AACCGCTTTCTAAGAAACGC,MORN5,926,200,152
MORN5_ATCACCCGTACCTGTCGAAA,MORN5,754,153,222
MOS_CTCGAAGACGGCAGCGGAGA,MOS,1022,294,288
MOS_CTGGCAAATGACTACCAAGC,MOS,2064,169,189
MOS_CAAGTCATCTATGGCGCCGC,MOS,76,51,11
MOS_CTCCCAGTCAATGGAGCACC,MOS,610,186,411
MOS_CAATGGAGCACCAGGCCAGC,MOS,146,272,117
MOSPD1_TTTGAGCAGTCGTTTCAACC,MOSPD1,1033,510,574
MOSPD1_TTCCGAGCAAAGCCAAAGGA,MOSPD1,838,452,561
MOSPD1_AAGTTTCCGAGCAAAGCCAA,MOSPD1,590,221,187
MOSPD1_TTTGCTCGGAAACTTGGAGA,MOSPD1,120,131,287
MOSPD2_CCAAGCTCATCTCTGAGACC,MOSPD2,1923,787,769
MOSPD2_AGCTCATCTCTGAGACCCGG,MOSPD2,335,128,136
MOSPD2_ATAGGCCCATTCTCACACAG,MOSPD2,1577,227,48
MOSPD2_CTATATCCACTGATGCACCC,MOSPD2,682,543,505
MOSPD2_ACTATATCCACTGATGCACC,MOSPD2,507,184,221
MOSPD2_ACTGCAGTCCATTTCACAGC,MOSPD2,846,355,360
MOSPD3_ACCGGGACAACGGGTCCCAA,MOSPD3,207,42,30
MOSPD3_CCCGGATCTAGTATTCAGGG,MOSPD3,895,225,214
MOSPD3_TACACGGTGTTTGACGCAGA,MOSPD3,926,19,37
MOSPD3_CAGATCCAGCGCCTCGCCCA,MOSPD3,755,21,51
MOSPD3_CTGCCGAGTTCGTCCGGGAG,MOSPD3,1851,486,353
MOSPD3_AACACCATGGTGAGGAGGCC,MOSPD3,740,347,109
MOV10_ACATGGAGACAGATCGCGAG,MOV10,744,342,231
MOV10_GGTTCTTCAGACTCGACCGC,MOV10,210,152,117
MOV10_CCTGGATTTGAACCGCAAAG,MOV10,714,520,485
MOV10_TCTATCCGATTGGTCACCAC,MOV10,871,179,262
MOV10_CAGCGCTAAGGGCTATGACC,MOV10,425,539,221
MOV10_TGGAGTCGGTGCCCATGACC,MOV10,1219,453,327
MOV10L1_CACTCAAAGACCTATGGGCG,MOV10L1,496,158,191
MOV10L1_CCGCCAATGACGCTGCGGAC,MOV10L1,1331,735,962
MOV10L1_ACTTCCCTGGTGGAGGGCGC,MOV10L1,112,0,27
MOV10L1_TTAGGCTTCGAGCCCTGCAA,MOV10L1,874,74,69
MOV10L1_TGCCAGATGGGTACACACCC,MOV10L1,894,277,186
MOV10L1_AAATGAGTGGCCTCATGAAC,MOV10L1,484,128,272
MOXD1_GAAGACGTGCCACACACCAA,MOXD1,581,82,66
MOXD1_TATGGAAGAGGCTCACCCAG,MOXD1,512,149,208
MOXD1_AGGGATAATCCAACATGAGG,MOXD1,390,85,66
MOXD1_CACCTCTCCACCAATAGCCC,MOXD1,713,127,347
MOXD1_CACTTCCTCAGCAAGTGGCC,MOXD1,414,22,187
MOXD1_CGGACCCTCCTGGACTCGGA,MOXD1,648,125,130
MPC1_ACAAGGTACAGCCTCGGAAC,MPC1,2408,510,972
MPC1_GGCGGACTATGTCCGAAGCA,MPC1,205,199,335
MPC1_CGCGTTGGTGCGGAAAGCGG,MPC1,2085,457,604
MPC1_GGGCGCGTTGGTGCGGAAAG,MPC1,1168,576,497
MPC2_CCGTTGTACAACCATCCAGC,MPC2,875,185,202
MPC2_CCACTTTATCGAGGAGCCGG,MPC2,648,178,166
MPC2_CCACCGGCTCCTCGATAAAG,MPC2,1545,1182,1413
MPDU1_AGGCTTGGACTAAGGGCCCA,MPDU1,463,68,16
MPDU1_CTGAGGAGAATCTTGAGGCA,MPDU1,1591,518,433
MPDU1_CTAGCTCCAGCATTACAGAC,MPDU1,1889,589,567
MPDU1_TTCCTGGTCATGCACTACAG,MPDU1,2354,275,268
MPDU1_TTTCCTCGCTTGCTACGGCC,MPDU1,379,84,102
MPDU1_AACTACCACAACGGGCACAC,MPDU1,515,420,613
MPDZ_CCAATCAGAATTGGATAGCC,MPDZ,416,459,376
MPDZ_AGCTTCCCGCTGTGTCCAAC,MPDZ,746,606,635
MPDZ_CTCCTGACACTAATGAGGAG,MPDZ,1589,841,741
MPDZ_AGCTACTCCTCCAGGCAGAA,MPDZ,1756,523,949
MPDZ_CTGGGCTGAGATGAGGAACG,MPDZ,2474,208,477
MPDZ_CAAACCAAGCTGCGAGAACG,MPDZ,1942,1862,1983
MPEG1_AGAACCGATAGAGCTGCGGA,MPEG1,296,81,125
MPEG1_CGAGGAGGGTTACAACCACC,MPEG1,389,577,376
MPEG1_GCTACTCTGGTAATTTGCCC,MPEG1,280,86,96
MPEG1_ATGCTGCCGCTGCCCAGAAG,MPEG1,248,260,223
MPEG1_TCTTCTGGGCAGCGGCAGCA,MPEG1,652,117,271
MPG_AGCAGCGACCAGCTAGAGCA,MPG,580,203,342
MPG_AAAGGGCCACCTTACCCGAC,MPG,468,115,203
MPG_TGAACATGCCTCGGTTGCGG,MPG,1053,141,62
MPG_GAGGCATGTTCATGAAGCCG,MPG,199,273,94
MPG_ATGGTCTCCAGACCTTCCAG,MPG,349,95,0
MPG_CAACAAGAGCTTTGACCAGA,MPG,382,201,261
MPHOSPH10_GACGGAAGTCGGCAAAGCCA,MPHOSPH10,3,0,19
MPHOSPH10_CGCATCATCTGGTAAAGCAA,MPHOSPH10,1979,0,9
MPHOSPH10_GGAGTACATCAAACTCAACC,MPHOSPH10,299,34,12
MPHOSPH6_GGCTTAGGTGTTTCTCCACC,MPHOSPH6,50,57,77
MPHOSPH8_TGGGCATACATTGCTGCAGA,MPHOSPH8,1118,252,133
MPHOSPH8_TGCTGCAGAAGGTGATCAGG,MPHOSPH8,1219,77,0
MPHOSPH8_TGATGCTTGCCGCCGCCGGA,MPHOSPH8,130,70,34
MPHOSPH8_TGAACGGTCGGCAGAAGAAC,MPHOSPH8,1029,117,153
MPHOSPH8_AAACTGGTTCTAGCAGAGCA,MPHOSPH8,567,91,82
MPHOSPH8_AGGACTGTCACCTTGGCAGA,MPHOSPH8,948,43,41
MPHOSPH9_AAGATGGAATACTCTGCACC,MPHOSPH9,247,156,0
MPHOSPH9_AATAACTTACTTGGCACGCG,MPHOSPH9,1011,403,517
MPHOSPH9_TAGGATCTAGAGTCAGGACC,MPHOSPH9,220,90,155
MPHOSPH9_CAACCCAAATCATCCACCAG,MPHOSPH9,1497,225,345
MPHOSPH9_ATTGCAGTCTGGTTGTGACG,MPHOSPH9,1047,306,96
MPHOSPH9_AGAACAGATAGTTGCCCAGC,MPHOSPH9,388,40,88
MPI_TGCCAGGAGCGGACTCAACC,MPI,1301,836,768
MPI_TGCTGCACCGCACAGGAAAG,MPI,2221,730,912
MPI_TAGGGTGTGCCTGGATGGAC,MPI,984,209,117
MPI_GCCGGAAGCCACACAAGCCC,MPI,831,117,95
MPI_GGGAGATCCGCTTCACCAAC,MPI,791,180,237
MPI_TACGTTGGCCTCCAGAAACA,MPI,1306,520,543
MPL_AGCTGCTGTATGCCTACCCG,MPL,1160,613,516
MPL_CGTGTGCCAGTTTCCAGACC,MPL,1413,759,809
MPL_CTGTATGACCGTGGGACCAG,MPL,2051,989,482
MPL_TACCTGTCAATGGCAGCAAC,MPL,335,424,550
MPL_GGTAGCTGTGAACAGTACCC,MPL,0,96,0
MPL_CAACTCCGATACACAGGAGA,MPL,278,179,163
MPLKIP_ATGCTTGAAGATCCTTGGGC,MPLKIP,494,52,2
MPLKIP_CTAACACGCCCTGATCCAAA,MPLKIP,1610,758,512
MPLKIP_AGTCACTCTCCGCGACACGG,MPLKIP,669,141,151
MPLKIP_TGCTCCCGTACGGCCTAGAC,MPLKIP,984,424,462
MPLKIP_GCTCCCGTACGGCCTAGACC,MPLKIP,491,151,114
MPLKIP_CCTCCTTACCCTGGTCCGGG,MPLKIP,203,46,42
MPND_TGAGCGGCCGAATGCGGGAG,MPND,2095,357,389
MPND_AGGATCATGTGGCAGGAGAC,MPND,789,364,141
MPND_CCCAGCATGCAGTAGCGGAC,MPND,2722,168,210
MPND_AAACAGCCACGTTGAACGGC,MPND,1226,151,256
MPND_TGGGACGTCAACAGCCAGAG,MPND,821,452,409
MPND_GAGCCGGCTCCGACAAGGGA,MPND,368,36,58
MPO_GGATGGTGATGTTGCTCCCG,MPO,192,99,88
MPO_GGCCACCTTGAGCGGGAAGC,MPO,1624,182,250
MPO_GAAGCCGTTGCGCTTGACCC,MPO,511,49,46
MPO_AGCTGCGGTCCCTGTGGCGA,MPO,911,238,584
MPO_CAAGGCCTACAAGGAGCGGC,MPO,141,86,55
MPO_GACTTAGGACCTTGCTGGGC,MPO,596,244,245
MPP1_CCACCTGTAGTGCAGGAAGA,MPP1,1259,514,477
MPP1_TTCAGTGGATCAGCTGCAGA,MPP1,1275,335,279
MPP1_CCGAGGACATGTACACCAAC,MPP1,1766,969,974
MPP1_TCAGAGGAAACATCTGCAGC,MPP1,1269,81,305
MPP1_CCTTGTGCTATGGTGCAAAG,MPP1,1331,847,933
MPP1_GCAGAAGCGTAGTCGGCCAG,MPP1,754,31,180
MPP2_AGGAGCTCCTGCAGTGCGCG,MPP2,1122,185,325
MPP2_AGAGTCGTGCGTCTCCAGGA,MPP2,931,473,166
MPP2_GGCCGTGAGAGACAACAACC,MPP2,1033,269,331
MPP2_GGAGCACTGTACCTTGGCCA,MPP2,1105,396,320
MPP2_GAAGCGGAGCTCCAGAGGGA,MPP2,658,6,15
MPP2_TCAGAGTTGGTGGCGGCAAC,MPP2,1072,260,385
MPP3_GGGTGATGGATCCCTGGGAC,MPP3,419,401,225
MPP3_GGATCGCAGTCCTGCACAAG,MPP3,2273,242,277
MPP3_TGAGTGCTCGTCCCGCCGGA,MPP3,940,419,331
MPP3_CGATATTGTCAGGCAGAGGC,MPP3,1132,159,45
MPP3_CCCAGGTTTGCATGAAACCC,MPP3,1879,286,649
MPP3_CTCCCAGAATCTGCAGGGAG,MPP3,563,639,402
MPP4_AGGCACAATCATGTTCAAGG,MPP4,1722,875,764
MPP4_GCTATATGCTGGAGACAAAC,MPP4,1823,643,548
MPP4_CAAGCGCCACGAGATGACAG,MPP4,1968,386,207
MPP4_CGTGTCATGGGCACTGAGCA,MPP4,2337,783,706
MPP4_TTGCCTTGAAGTGTGGAGCC,MPP4,480,283,164
MPP4_GAGCCTGAAGCCACGGCGAG,MPP4,730,139,26
MPP5_GCGTATTCGGCAACAACAGG,MPP5,844,315,444
MPP5_CCACGATAAGGTTGCTGAGC,MPP5,1321,404,329
MPP5_GATCAAGCCGCCTCCTGCCA,MPP5,262,81,38
MPP5_GACAGACCTAACTCTCGACA,MPP5,706,135,53
MPP5_GCTGGAAAGTTCATTGAGCA,MPP5,1270,470,394
MPP5_CGGGCATTATTGGCCAAAGA,MPP5,1081,1001,599
MPP6_TCTTCTGCTCCAGTAGACGA,MPP6,403,73,198
MPP6_TTCTTCTGCTCCAGTAGACG,MPP6,1187,140,74
MPP6_GACGTTACGTGCCATGCACA,MPP6,913,418,245
MPP6_AACTGAGAATGGAACCACAG,MPP6,1344,332,373
MPP7_GATTATACCCGGCAGCAAAG,MPP7,744,376,290
MPP7_GGAAGTCAACGGGATACCAG,MPP7,1292,65,162
MPP7_TCTGGCCACAATGATCGCCC,MPP7,525,97,136
MPP7_CACACTTACATCATCGGCCA,MPP7,1924,842,516
MPP7_GCAGCCACATGTGGATAGCC,MPP7,209,100,145
MPP7_ATCATGCCAGCTTTGTCAAC,MPP7,1174,609,281
MPPE1_CTGTGGGCGTGATGCTACCC,MPPE1,962,190,427
MPPE1_TGGCCACTGAGAACCAGGCG,MPPE1,1922,626,624
MPPE1_GCATCACTTCTCCGATACAG,MPPE1,2980,382,580
MPPE1_ACTTGTACCCAGCAGGCACG,MPPE1,1826,331,196
MPPE1_TCAACAGCGTGGCGCTGAAC,MPPE1,440,1069,748
MPPE1_TCCTATTGGCATCAAGGGAA,MPPE1,709,345,249
MPPED1_CTGTTTCCAGGTCTGGCGGG,MPPED1,701,191,105
MPPED1_ATCAGAGACGCAGACGAAGC,MPPED1,551,283,224
MPPED1_CATGGCCGACCTCATCAAGC,MPPED1,1788,823,358
MPPED1_GATAACCCATGGACCACCAC,MPPED1,112,22,111
MPPED1_CAAAGACATGTAACCGCGGC,MPPED1,658,142,260
MPPED1_GGAGGTCGATGACTATGGGC,MPPED1,141,76,61
MPPED2_GGTTATGGCATCATGACCGA,MPPED2,685,108,95
MPPED2_CATGGATTCCACCAAACACA,MPPED2,1083,904,634
MPPED2_TTGCTTCACTTACCTAGAGG,MPPED2,428,393,79
MPPED2_CTGGTTTCCCATTGCAAGCA,MPPED2,1353,760,1455
MPPED2_CACAGGCGATTTCACCGAGC,MPPED2,984,214,472
MPPED2_AGGCAAAGTTACCATAACGG,MPPED2,2499,67,39
MPRIP_CTTGTGCTCCGTTGCAGAAA,MPRIP,2132,1135,1121
MPRIP_CGTTGCAGAAATGGCAGCGA,MPRIP,828,103,66
MPRIP_CTCGTGTCCTCTCTTGCAGG,MPRIP,851,200,194
MPRIP_GCAGAAGAGGAGCCGCGCAC,MPRIP,1398,240,346
MPRIP_TTGCAGGCCACGTGCGAGCG,MPRIP,1762,605,268
MPRIP_CTGACAGTCCGTAATTGAGC,MPRIP,1138,349,549
MPST_AAGCCGGGAGTCCGAGACCC,MPST,821,64,161
MPST_CGTAGGTCTTGATGAAGGCG,MPST,1856,337,479
MPST_TCGTAGGTCTTGATGAAGGC,MPST,1777,412,341
MPST_TGGCTCGGGAGTCCACCACC,MPST,615,67,595
MPST_TGGCGTCACAGCCTGCCACG,MPST,19,0,0
MPST_TGGAGTGGTACATGCGCGCC,MPST,177,71,399
MPV17_CATCAAAGACGGAGCTCAGG,MPV17,466,120,159
MPV17_ACTTAATGGACTGTCAGCCC,MPV17,1240,230,55
MPV17_CATCCACTTTGGTGGTGCCA,MPV17,150,94,38
MPV17_GCTGTGAGATAATGTCACCC,MPV17,357,139,250
MPV17_TTTCATGCGCAGAAGGCAGA,MPV17,342,91,160
MPV17_ACTCTGGCGGGCATACCAGC,MPV17,1107,96,134
MPV17L_TACGGCTCGCTCGTCTCGGC,MPV17L,110,78,172
MPV17L_GGTGGAACTTACCTGTACAA,MPV17L,349,143,257
MPV17L2_TCCTTGGTTCCTGAGGGCGA,MPV17L2,357,47,118
MPV17L2_GGTTCCTGAGGGCGATGGCG,MPV17L2,945,249,546
MPV17L2_CAAGTACCAGTAGTGCAGGA,MPV17L2,769,331,179
MPV17L2_GAAGGTCCTCGTGGATCAGC,MPV17L2,1,0,0
MPV17L2_AAGTTCACGAACTGCGCAGC,MPV17L2,311,69,192
MPV17L2_CCGGAACACACCCATGAAGA,MPV17L2,3064,488,380
MPZ_TCCAGCATTGCATACAGCAC,MPZ,2104,305,667
MPZ_GAAAGGACGCGTCGAAGCGC,MPZ,168,142,221
MPZ_TTCGGTACTGCTGGCTACGC,MPZ,865,246,388
MPZ_GGGACAACCCTACATTGACG,MPZ,664,236,171
MPZ_AAACCACGATGGCCTGGGCC,MPZ,169,168,181
MPZ_AACCACGATGGCCTGGGCCG,MPZ,484,352,429
MPZL1_CAAGACCCTCAGTGTCGGAG,MPZL1,1097,214,206
MPZL1_ACAAGACCCTCAGTGTCGGA,MPZL1,453,46,113
MPZL2_GGCCGAAAGAGCTCATAAAG,MPZL2,1187,610,441
MPZL2_AAGGACCGGGTGTCTTGGGA,MPZL2,493,112,101
MPZL2_GAGTGGGCGGTTTAAGGACC,MPZL2,625,83,61
MPZL2_TGAGTGGGCGGTTTAAGGAC,MPZL2,1162,569,384
MPZL2_ACTGTTAGAGCATCACCCAC,MPZL2,874,164,283
MPZL2_ATTAACAGCCTCCAGCACCC,MPZL2,437,119,171
MPZL3_TTACCAGGCACTCAGCGCAA,MPZL3,2321,360,513
MPZL3_CAGCAGCAGAGCAACCACCA,MPZL3,2576,668,710
MPZL3_GAGCTAACAGTCACAGAAAG,MPZL3,1410,822,632
MPZL3_CTCCAACATAACCTCGGACA,MPZL3,5247,1023,846
MPZL3_AGAACAGGACGCCCAGCAGA,MPZL3,1229,235,124
MR1_TTGCGATTTACTCTGACCAG,MR1,1059,353,418
MR1_TATGGAGACATTCTTCCCAG,MR1,232,39,91
MR1_GGGATGGAACCTATCAGGCG,MR1,463,62,397
MR1_GGAGCACTGCGGTGTCCACA,MR1,342,80,275
MRAP_ACTGCCCAGTGCCACAGACA,MRAP,2373,404,535
MRAP_AGTGCCACAGACATGGCCAA,MRAP,1163,113,197
MRAP_CTATCTGGACCTCATTCCCG,MRAP,2771,466,517
MRAP_CTGGGCTTGCTCCTGACGAG,MRAP,1200,1095,708
MRAP_GCTGGGCTTGCTCCTGACGA,MRAP,149,72,69
MRAP_TTGAGAGGTCCTGTCTCCAG,MRAP,257,31,0
MRAP2_GGTCGGAGATGTCCGCCCAG,MRAP2,28,22,0
MRAP2_CTGACCTTGCTGACCAAGAC,MRAP2,2873,935,796
MRAS_GGTCTGACCTACGAGAAACA,MRAS,1150,462,240
MRAS_GGAGCAATACATGCGCACGG,MRAS,436,60,105
MRAS_GCAGGATAAGCTGGTGGAAG,MRAS,801,228,289
MRAS_AATCGACCTTGTTGGCCACG,MRAS,292,174,262
MRAS_GCACTTGAGGAAGATCACCA,MRAS,1111,179,264
MRAS_GCTTTGTCGACATTGAGAGG,MRAS,866,164,53
MRC2_AAGTTGGCAGCGCCTTACCC,MRC2,556,63,66
MRC2_ACCAGACCCGCAGTGGCCAG,MRC2,236,178,57
MRC2_ACTACGGCAAAGACGAGCGC,MRC2,402,232,20
MRC2_CCCTCCACGACAGCGTGGAC,MRC2,395,356,418
MRC2_AATGACTTGGACACGAGCGG,MRC2,723,20,40
MRC2_TGCGCTTCTCGGCCTGCAGG,MRC2,93,18,269
MRE11A_CAGAATTCAGCATCGAGAGG,MRE11A,1430,163,87
MRE11A_ACCAACAAAGGAAGAGGCCG,MRE11A,353,203,82
MRE11A_TCCCTCTTAGGCTATGACCA,MRE11A,632,44,17
MRE11A_CTTACTCGCAGTCGTACAAG,MRE11A,3286,205,153
MRE11A_GCAATCATGACGATCCCACA,MRE11A,314,23,23
MREG_CTCCTTTAGGGACTTGGAAA,MREG,1525,216,240
MREG_TTTAGGGACTTGGAAACGGA,MREG,204,70,10
MREG_CAGCATCAAGTGCAATGAGA,MREG,1068,236,138
MREG_CCATGATGTGTCCCACACAG,MREG,3636,863,1064
MRFAP1_GCCAGCTCGACGATGTCCAG,MRFAP1,335,4,15
MRFAP1_CATCGTCGAGCTGGCGGAAC,MRFAP1,2454,454,461
MRFAP1L1_AGTGTCGGAGTTGTGCGAGA,MRFAP1L1,452,135,79
MRFAP1L1_TCTTATACGCGAGCACGGGC,MRFAP1L1,62,22,101
MRFAP1L1_CTCTTATACGCGAGCACGGG,MRFAP1L1,597,352,200
MRFAP1L1_GCGTCTCTTATACGCGAGCA,MRFAP1L1,1017,491,473
MRGBP_CACACCACTGTCTCCTCCGC,MRGBP,1254,1,5
MRGBP_GGCCCAGCATGGCGTGGAAG,MRGBP,1397,47,93
MRGBP_AGTTCAGCCAGAACATCGGG,MRGBP,35,0,0
MRGBP_CAGCCAGAACATCGGGCGGC,MRGBP,195,25,21
MRGBP_ATCATTCAGGAGGTCCGAGA,MRGBP,131,26,54
MRGBP_GCAAAGAAGGCGCAGACAAG,MRGBP,2301,435,143
MRGPRD_CATCTCATTGGTGCCCACGG,MRGPRD,845,385,565
MRGPRD_GCTCCAACAGGCGCTTCGCG,MRGPRD,455,108,431
MRGPRD_TGCTGCTTACGGACGAGGAG,MRGPRD,1677,1267,1394
MRGPRD_GGGAACAGATGAGGAACACC,MRGPRD,631,99,98
MRGPRD_GGTTCAAGTGTCACCGGCCC,MRGPRD,207,57,109
MRGPRD_GATGTACTTTGCCTACACAG,MRGPRD,911,74,530
MRGPRE_CTCAGGCTGCTATGTCCACC,MRGPRE,1327,491,469
MRGPRE_GGACAGCCAGTAGATGCCGA,MRGPRE,595,58,152
MRGPRE_CGAAGCCCGGGAAGTCCAGC,MRGPRE,131,218,140
MRGPRE_TCATCCTGTCCCTCACCGAG,MRGPRE,1230,351,443
MRGPRE_ATCATCCTGTCCCTCACCGA,MRGPRE,1102,242,66
MRGPRF_CGTCTACTTCCTGGCCGGGA,MRGPRF,1114,264,355
MRGPRF_GCAGAAGTAGTTGTGCAGGC,MRGPRF,1308,434,521
MRGPRF_GAGGTAGCCCACATCGGCGC,MRGPRF,237,158,115
MRGPRF_AGTGAGGCAAGCACCAGGAC,MRGPRF,683,112,189
MRGPRF_CTTGCCTCACTGATGAGGAC,MRGPRF,1333,473,396
MRGPRF_CACCCGTCTGGGCAAGACCA,MRGPRF,2096,531,405
MRGPRG_GCTGAGGTCGGTACTGCGGA,MRGPRG,214,157,133
MRGPRG_CGCTGAGGTCGGTACTGCGG,MRGPRG,2096,1114,548
MRGPRG_AGGCTCCAGTAGAAGACCGA,MRGPRG,172,171,168
MRGPRG_GAGCCACGGAGAAGCCCACA,MRGPRG,329,54,190
MRGPRG_CTCGGCTTCCGCATCAAGAA,MRGPRG,1957,822,853
MRGPRX1_TTTATGGATCCACGTGGACA,MRGPRX1,1233,284,168
MRGPRX1_TTCTGTGTCCAAGGTTGAGA,MRGPRX1,490,71,136
MRGPRX2_ATGCTTCCGTCAGGGCACCC,MRGPRX2,831,94,77
MRGPRX2_TCTGCAGGACATTGCTGAGG,MRGPRX2,650,283,150
MRGPRX2_TACTGCTGAGCATCTTGGAA,MRGPRX2,1129,345,425
MRGPRX2_CTACGTCCTCAGCCTGGCCG,MRGPRX2,1503,595,962
MRI1_CCCGCTGCACCTTCATGGCG,MRI1,1423,166,334
MRI1_CCATGTTGACAGCGGTGGGC,MRI1,280,16,34
MRI1_TAGGGCTGTACCATAGCCAG,MRI1,632,194,87
MRI1_ACCGAGCACAGTCCCGCCCA,MRI1,873,257,103
MRI1_CATGCTGTCGGTGATAAGGG,MRI1,867,257,414
MRI1_CCTTGCCGGTCTCCAGACGG,MRI1,698,11,90
MRM1_TTCTCCCATGCAGCGCGGCA,MRM1,1035,429,620
MRM1_TGGATAAGGTCATCACCAGC,MRM1,754,54,22
MRM1_AGTAGTCAGCAAGTCCAGCG,MRM1,674,403,205
MRM1_AGTCAGCAAGTCCAGCGCGG,MRM1,1814,2,153
MRM1_GGAGAGTAGGCCGTTCCCAG,MRM1,984,30,147
MRM1_ACCCTTCCTCTGGCTGCAAA,MRM1,953,382,324
MRO_TGTCCTGTAAATGGATCAGG,MRO,408,57,98
MRO_CATACAGTCCATACACCAGC,MRO,1434,466,248
MRO_GAGCCCGTTCCTGACTCGGG,MRO,35,53,39
MRO_AGCCCGTTCCTGACTCGGGA,MRO,68,59,155
MROH1_ATCGGTGATGGCGTCCAGCA,MROH1,1161,404,475
MROH1_TCGCGCCAGTGAGCTGGACA,MROH1,3236,991,786
MROH1_GCCAGCCTCTCGGTGGCCAA,MROH1,75,39,54
MROH1_CAAGCAGGACACGGTGCGCG,MROH1,1395,194,190
MROH1_GCTCTGCAGCGCTTCAGCGA,MROH1,809,190,232
MROH1_AGACATGTCATCAACTCAGC,MROH1,883,240,470
MROH2A_CCTTGACATGCGGAAGACCC,MROH2A,625,151,203
MROH2A_CCAGATTTCCACCCAGCGCA,MROH2A,1120,573,948
MROH2A_AGAGGTGGCCAGCGACACAC,MROH2A,1070,168,477
MROH2A_ACTCACCACTGCAGATCGCC,MROH2A,786,93,225
MROH2A_CTGCTGCTGGCGGAGTACCA,MROH2A,1969,440,685
MROH2A_GCTGTACTGATGCTGGGCCG,MROH2A,456,200,48
MROH2B_TTCCACAGGTGCTATGGCCA,MROH2B,1156,612,427
MROH2B_TGAGGCATTCCAATGACCAG,MROH2B,16,140,385
MROH2B_TCCTATATTGAAGCTCGGGA,MROH2B,258,62,89
MROH2B_CGTTAAGGCCCACGGGCCCA,MROH2B,84,90,8
MROH2B_AACCATGCTCAGGCTGGCCG,MROH2B,121,719,399
MROH2B_GCTGGTTGCCAATTCAGCCA,MROH2B,539,155,76
MROH5_ACACATCCGTGCTCAGGAAC,MROH5,2711,369,276
MROH5_GATCAGTTGCTCTTCCCAGC,MROH5,0,96,239
MROH5_CCGACATACCGCTGGAGGAC,MROH5,1547,283,413
MROH5_GAACATGACCAAGGCCACGG,MROH5,1256,248,436
MROH5_CTACTTCATAGACAACCCAG,MROH5,416,457,156
MROH5_CTGCGACTTGTGAAGCAGGA,MROH5,661,317,489
MROH6_GGTGGTCACGTGCATGGAGC,MROH6,31,97,1
MROH6_CCCACATCTGCTGCTTGCGC,MROH6,1670,394,523
MROH6_TAACCAGCGTGTAAATGGGC,MROH6,841,201,94
MROH6_CACGCACCAGAGCATGCACC,MROH6,1269,149,250
MROH6_AGGCAGCCGTGTACAACGCG,MROH6,1136,370,687
MROH6_CTCGCTGCCAGCTTCAGGGA,MROH6,2663,146,213
MROH7_AAGGAGCCTTTAGTACCACC,MROH7,7,60,46
MROH7_CACCACCCTTCAGAAGAGCC,MROH7,497,346,159
MROH7_AGGGCCATGGACACCTCAGC,MROH7,630,171,222
MROH7_CATGCGGGAGAGGTCGGAGC,MROH7,898,89,64
MROH7_GGAAGGCCCATGAGCGAGCA,MROH7,655,251,376
MROH7_ACCCGCAGAATGTTCTGGCA,MROH7,626,503,263
MROH8_CCCTGCATCCAGCGATCAGC,MROH8,112,263,205
MROH8_CTTTGACTGACTGTAACCAG,MROH8,946,236,556
MROH8_CTGGGTAAGGGTCCTTACAG,MROH8,2290,550,415
MROH8_GACCTCCTGGCGCATGGAAC,MROH8,649,193,205
MROH8_TGGCTCCAAGAGCCCGCCAC,MROH8,235,36,123
MROH8_ACTAGTCGCCGCTCGAGAGC,MROH8,501,74,158
MROH9_GACACCGTGCAATGTAGAGG,MROH9,0,83,155
MROH9_TCATGCCGAGAAGGTCACCA,MROH9,384,174,132
MROH9_CATCCACGATCTTAGACACC,MROH9,413,37,94
MROH9_GGCATGTTCTCAGGCGAGCG,MROH9,740,268,426
MROH9_TGGTTCCTACAGGAAAGCGG,MROH9,295,136,55
MROH9_AAGCCTTCTAAGGGTGAGCA,MROH9,703,99,336
MRP63_GCAGAACATGATCCGCCGCC,MRP63,0,196,97
MRP63_TCTCCGCCTCGATCTCCAGG,MRP63,567,16,0
MRP63_GCCCTACATGACCCGGGAGC,MRP63,1614,210,68
MRP63_TCCGCAATGAATCTATGCGG,MRP63,1139,287,101
MRPL1_GCAATCCGGAGTGCCCAACA,MRPL1,2585,538,752
MRPL1_CGGAGTGCCCAACATGGCGG,MRPL1,1385,432,287
MRPL1_AAGGCATAGCCTTTCCAAGA,MRPL1,444,320,114
MRPL1_CCCGAGACAGATATATGAGG,MRPL1,925,233,180
MRPL10_GGTCCAACAGGGTGGTCAGC,MRPL10,559,160,44
MRPL10_CTTGCTCACCTAGCAGCGGC,MRPL10,366,166,151
MRPL10_CAGAGCCACATTCTGGCAGA,MRPL10,301,89,18
MRPL10_TGCTATATGCCCTCCCAGGC,MRPL10,1468,358,508
MRPL10_TGGGCCACTCCTTACCCGCC,MRPL10,260,32,198
MRPL11_ATCTCCATGAAGGATCCAAG,MRPL11,1015,215,311
MRPL11_CCACGCGAATGCCCAGAGAA,MRPL11,2349,588,496
MRPL11_CCGTTCTCTGGGCATTCGCG,MRPL11,1548,158,444
MRPL11_TGGAGCGGACAACAGACGAC,MRPL11,1065,31,174
MRPL11_GGAGCGGACAACAGACGACA,MRPL11,1411,209,123
MRPL12_ATCCCGCGTACCTGGCAAGG,MRPL12,2285,171,278
MRPL12_AGGATCCCGCGTACCTGGCA,MRPL12,336,76,89
MRPL13_CGGAGTCCACAATCTTGGGA,MRPL13,592,69,78
MRPL13_GCTTCACCTGAGGGATCCAG,MRPL13,176,47,17
MRPL13_TTACTCAGTGCATGGTACAC,MRPL13,940,351,208
MRPL13_ATAGCAGCAAGTTTGCCAGG,MRPL13,102,9,92
MRPL13_CATAAGAGTCCGAGCTCACC,MRPL13,720,223,140
MRPL14_ACCAGCCTGCGCAAGCGGGA,MRPL14,362,96,36
MRPL14_TGGTCCTCATTGAGGACAAC,MRPL14,70,77,94
MRPL14_AGTGGTGGACAACAGTGCCC,MRPL14,61,98,0
MRPL14_GAAGATGACGCGGGTACGAG,MRPL14,811,276,103
MRPL14_AATCGCACTCAGACTCCCAG,MRPL14,511,68,0
MRPL15_ATGGCCGGTCCCTTGCAGGG,MRPL15,7,5,0
MRPL15_AAGTTGGCCAGGCTCACACG,MRPL15,1345,291,293
MRPL15_GATTCGGCTTTAAGTTGGCC,MRPL15,0,25,14
MRPL15_TGGTGTCCAGCTGGTTGAGG,MRPL15,1136,203,254
MRPL15_CCACGAAGAAAGAATGGAAC,MRPL15,1830,487,388
MRPL15_AAGCACGACTTGAACTCGCC,MRPL15,395,107,88
MRPL16_CTATTCGCTCAAATGTCCAG,MRPL16,514,33,87
MRPL16_TGCGAGTGATGGGCTTGAAA,MRPL16,2294,1261,927
MRPL16_GAAGCTACGGAGTTTACAGA,MRPL16,298,43,72
MRPL16_CAGTGTCTTTACGCCAGCAC,MRPL16,1721,226,216
MRPL16_TCTTTACGCCAGCACTGGCG,MRPL16,438,115,155
MRPL16_GACCTGACAAGGGCACCCGC,MRPL16,311,100,83
MRPL17_GCAGGACCTCAGGCAAAGCC,MRPL17,526,165,140
MRPL17_CCTCGGTACAAAGATCAAAC,MRPL17,570,240,206
MRPL17_TAACGAACGAGCCATGCGCA,MRPL17,417,263,299
MRPL17_GCTCATCGACTATGGGAAGC,MRPL17,323,81,322
MRPL17_TGTTGCGGAACTTGCTCACA,MRPL17,1361,155,181
MRPL17_TACGGCGAAATACGCGGCCA,MRPL17,954,220,203
MRPL18_TTCCGAGATCGTCTCAGCGA,MRPL18,788,505,308
MRPL18_TTCTCGGTTTGCAGGAACCC,MRPL18,621,123,143
MRPL18_CCTGTCAACCAGCTCCGAGC,MRPL18,805,135,315
MRPL18_CGGCTCGGAGCTGGTTGACA,MRPL18,2375,182,151
MRPL18_GCCGGCAGCGAAACCTGAAG,MRPL18,275,127,93
MRPL18_CCTGTGCCAGAACTCACGGG,MRPL18,1274,96,158
MRPL19_TTGACGTGAGCTAGCTGGCA,MRPL19,1250,434,452
MRPL19_TGGAACGCACCGGGCTCGGA,MRPL19,315,41,91
MRPL19_TGCATTCAGAGATCAGGAAG,MRPL19,2015,507,900
MRPL19_ACCTGAATCTCCTGGACCCG,MRPL19,586,194,123
MRPL19_ACGTTCCCAGCGTTTAGACC,MRPL19,1568,84,60
MRPL19_GATTTGTGTTCTCATGGCCC,MRPL19,93,23,29
MRPL2_AAACGGGTCATTGGCAAGGC,MRPL2,1366,298,286
MRPL2_TTTAGTTGCTGCTCGGGAAG,MRPL2,995,873,599
MRPL2_CGGGTGCATGGTATTGGCGG,MRPL2,2235,247,587
MRPL2_AGAAGTAAGAACTGGGCGGC,MRPL2,716,127,164
MRPL2_AGCCTTCTTCCCGGGTAAGA,MRPL2,722,457,317
MRPL2_AGATGGATTACCTGGGCGGC,MRPL2,84,255,195
MRPL20_CTTTCCTGTTGAGCTCCACC,MRPL20,636,78,61
MRPL20_ACTAAATTCCCAATGAGCGC,MRPL20,1295,73,109
MRPL20_CCGCTACTTTCGGATCCAGG,MRPL20,193,98,139
MRPL20_CTGCGCGGTGAGGAAGACCA,MRPL20,73,1,0
MRPL21_GGTCTCGGGACAGGAAGCCC,MRPL21,216,105,45
MRPL21_TGAATGAGATGATCGTCACG,MRPL21,126,0,0
MRPL21_GGCAGAACAACTTCTGGCCA,MRPL21,313,10,287
MRPL21_ACCTTCGAGAAGCAGACCAA,MRPL21,1213,105,383
MRPL21_GACGGTCACCTTAGGGCGGC,MRPL21,175,30,14
MRPL21_CCCTGACGGTCACCTTAGGG,MRPL21,388,119,135
MRPL22_GGATACATAACCTGAGGAGC,MRPL22,427,106,170
MRPL22_ATACATAACCTGAGGAGCCG,MRPL22,457,100,131
MRPL22_ACGAGGAATGTCTATTGACC,MRPL22,276,76,69
MRPL22_GGCAGTGAGAGACCATAACG,MRPL22,1368,222,492
MRPL22_AGCGGATGCGTTTCAGGCAC,MRPL22,2344,134,67
MRPL22_GCCGTCTTTGGTGGCTCAGG,MRPL22,90,15,135
MRPL23_TCACACCACATTCCGCGCCA,MRPL23,2054,316,185
MRPL23_CGCCTCCAGAATGACAAGGG,MRPL23,1786,429,168
MRPL23_CAAGGTCGCCTACGTGCAGC,MRPL23,297,542,406
MRPL23_CCTCTACAGCATGCTCGAGG,MRPL23,761,46,96
MRPL23_AGGCATCGTGCTTGCTCCCA,MRPL23,1137,184,177
MRPL23_TGCAGCTGCTCCGGAAACAG,MRPL23,2294,734,998
MRPL24_CTCCTGCAGTGTCTTTAGAC,MRPL24,1135,508,176
MRPL24_ATGGCATCGTCCCTGAAACG,MRPL24,1331,346,179
MRPL24_AACTTGTGGATCCTATGGAC,MRPL24,730,102,93
MRPL24_TGACCTGGCGGTGGAGCAAG,MRPL24,1299,202,89
MRPL24_AAGTTATCCGGCAGCGAAAC,MRPL24,961,505,470
MRPL24_CTCTTGTCTGCAACAGAGCC,MRPL24,83,252,332
MRPL27_GCCTGAGGGCACCTTCAAAC,MRPL27,1449,609,673
MRPL27_CTGATCACCAGGCTGCCCAA,MRPL27,477,102,61
MRPL27_GCCTCATCCCAGAAACACGG,MRPL27,63,189,285
MRPL27_CAGCAACGGAGCAACTCACA,MRPL27,1955,158,104
MRPL27_CAACACAGCGCCATTTCCGC,MRPL27,1302,473,377
MRPL27_TACGCATCCAAGAAGTCGGG,MRPL27,116,25,52
MRPL28_CTAGGAATTTGCCATCCCAG,MRPL28,1270,165,136
MRPL28_CCATCCCAAACTTGGAGCAC,MRPL28,2329,213,207
MRPL28_CCTGTGCTCCAAGTTTGGGA,MRPL28,210,20,35
MRPL28_GATGAGGTCCAGGGTCCGCA,MRPL28,96,92,90
MRPL28_GACTGTGACCATGCGGACCC,MRPL28,791,282,32
MRPL28_AGGCCTATAGTGCACGGGAG,MRPL28,719,166,324
MRPL3_AATGTAATAGAAGGCGCACC,MRPL3,132,139,78
MRPL3_TGGTCTTATTGCCTTGAAGC,MRPL3,1140,327,445
MRPL32_TGGTCTTGGTGGTTTCGCCG,MRPL32,1527,308,194
MRPL32_TTTCGCCGTGGTCTGCGGCC,MRPL32,172,106,48
MRPL33_ACTTACAGAAGACCGCGGAG,MRPL33,1467,89,188
MRPL33_AATACGCTCCCTTTAAACGG,MRPL33,1014,342,86
MRPL33_CTTACTGATGGTGTTAACCC,MRPL33,2285,302,269
MRPL33_GGACCACGCTAGATATGAAA,MRPL33,756,145,213
MRPL33_ATATCTAGCGTGGTCCGGAA,MRPL33,1450,407,205
MRPL34_CTCCGGTAGAGCCTTGGGCG,MRPL34,693,258,304
MRPL34_ATTCCTGAAGCTCATCGACG,MRPL34,907,231,198
MRPL34_CAGGATCTGCAGAAGACGCA,MRPL34,289,219,133
MRPL34_ATAATCCTTTGTTCCAGGGC,MRPL34,171,198,163
MRPL34_AACGCAAGAACAAGCACGGC,MRPL34,672,0,101
MRPL34_GGCCCTTGAGCATTCGGCGA,MRPL34,1155,73,78
MRPL37_CAGCGGATGCTCGTGAAGAG,MRPL37,1795,956,690
MRPL37_GGCTAAGCACTTTCTCGGGA,MRPL37,1192,363,390
MRPL37_TTAGGTTGTCCACGATGACC,MRPL37,1314,19,84
MRPL37_GCCCACCATCGCCTCCAGAG,MRPL37,2329,193,162
MRPL37_TTCCTCTCAGAATGATGCCA,MRPL37,326,87,27
MRPL37_TCCCAACCCACCTTCCGCCA,MRPL37,1002,296,635
MRPL38_AACCAACATCCCGGGTAACC,MRPL38,1275,237,236
MRPL38_AGTGAGTAGCAACGTCCACA,MRPL38,103,15,30
MRPL38_CTGTCTAGCCAGTGTCCCGC,MRPL38,473,176,274
MRPL38_GCTTCGGGCCAATGTGGAAG,MRPL38,1154,238,497
MRPL38_TCGACTTGAGCAACCTGGAG,MRPL38,1852,330,388
MRPL38_TCTCCGACACTCGCACAGCG,MRPL38,2010,523,663
MRPL39_CTGAGACTGTTCCATGGAGG,MRPL39,2013,396,321
MRPL39_GAGGAGGTACGACTCAGGCG,MRPL39,232,7,151
MRPL39_ACAGCCCATCATCATAGCAC,MRPL39,1510,159,180
MRPL39_CTGATTCTGCTACTTACGCA,MRPL39,2008,157,213
MRPL39_ACTCCATTTGATCCCGCCAC,MRPL39,853,3,1
MRPL39_CTCCATTTGATCCCGCCACC,MRPL39,599,150,152
MRPL4_TGCTGCAGTTCGTCCGGGCC,MRPL4,597,84,114
MRPL4_AGCGCGTGCGACCGAGAACC,MRPL4,1232,363,293
MRPL4_ATCGACGCCCAGTGCAGGCC,MRPL4,213,37,147
MRPL4_CTCCTCGCCAGAGCGGAGAG,MRPL4,247,158,75
MRPL4_CCCGCAGGAGGTGTTGCCCA,MRPL4,1904,127,262
MRPL4_TGTGCCCTCACAAGTCCACG,MRPL4,422,4,20
MRPL40_CGAGATACTTCGCAGCACGG,MRPL40,2081,549,753
MRPL40_TCACCCGCTAGTCGGGCGCA,MRPL40,153,129,76
MRPL40_CACCAAGGTGTACACACAAG,MRPL40,1834,535,437
MRPL41_TGCTCATTCGGTCCGCACCC,MRPL41,780,153,228
MRPL41_TGAGCAAGTGGACGAGCAAG,MRPL41,1474,258,267
MRPL41_CGTGGCGCCTGCCATCGAAA,MRPL41,1544,379,258
MRPL42_TATGCACAGGATCTGGCCGA,MRPL42,505,197,103
MRPL42_TTATGCACAGGATCTGGCCG,MRPL42,2107,1054,947
MRPL43_GGATCACGTCCAAGCCCGAC,MRPL43,136,183,139
MRPL43_GGTCGAGGAGATCTCGACGC,MRPL43,0,25,0
MRPL43_CTTCGCCCGACGGAATCCAG,MRPL43,391,39,729
MRPL43_AGGTGATCGACTTCGCCCGA,MRPL43,170,110,51
MRPL43_CAGTCCGTTGTGGAGAACGC,MRPL43,777,183,4
MRPL43_TTGGCCAGCGTTCTCCACAA,MRPL43,3065,243,258
MRPL44_TAACTCCTTCTGGAAGCGGA,MRPL44,129,69,52
MRPL44_TCAGTTCAGAGAAGCCGAAC,MRPL44,782,162,229
MRPL44_TGAGGAAGTCGTGTGTCACG,MRPL44,471,174,94
MRPL44_AAAGTCTGCTGTAACACAGC,MRPL44,868,42,25
MRPL44_AAGTTGATTGCAGAAGGACC,MRPL44,21,36,61
MRPL45_TCTGGCCGTACACGTTGCCC,MRPL45,363,63,0
MRPL45_CGTACGCATGCACACCCGGC,MRPL45,501,188,86
MRPL45_AAGCCACCTTACCTTAAGGA,MRPL45,750,155,134
MRPL46_AGAGAGTAACCTCGGAGCCA,MRPL46,1106,95,70
MRPL46_AGGAACAGCTGAACGAACCC,MRPL46,1110,99,112
MRPL46_TCGTTCAGCTGTTCCTCGAA,MRPL46,1795,522,538
MRPL46_GGCGTCTCTACTGCAGCAGG,MRPL46,131,127,43
MRPL46_CGGTTCGAGAGGCTCTGGGC,MRPL46,101,0,37
MRPL46_AGATGGCGGCGCCCGTAAGG,MRPL46,833,236,222
MRPL47_AGCCCGCATCAAAGCACGGA,MRPL47,1266,445,492
MRPL47_AACGAGCCCGCATCAAAGCA,MRPL47,642,407,400
MRPL47_GGTCAAGAAAGAGCTAGACC,MRPL47,175,44,88
MRPL47_GCCCTAAGGCTTCTTCAGAC,MRPL47,775,149,212
MRPL47_GCTTCTAACCCTAGAGCAGG,MRPL47,8,0,11
MRPL47_ATCACTTACCCTGTGCAGGC,MRPL47,934,93,123
MRPL49_CCGCAGCGTAGCCCGGAACA,MRPL49,3908,303,428
MRPL49_TTGCTTCAGAGCCAGACCCA,MRPL49,459,93,40
MRPL49_GATGACTGTGATCCGGAAAG,MRPL49,701,78,38
MRPL49_CCTTTCAGGGCTGAAGGGAC,MRPL49,305,26,67
MRPL49_CCACGTCTTTCTGCAGGGCC,MRPL49,187,99,11
MRPL49_TTGACCAGGAGCTTAAAGCC,MRPL49,1372,194,360
MRPL50_CCTCTTCAAAGGAGTAACCC,MRPL50,241,55,140
MRPL50_CAGGGTTACTCCTTTGAAGA,MRPL50,1290,224,401
MRPL50_TATGCTCGGCTTCGTAAAGG,MRPL50,402,52,180
MRPL51_TGCAACGTTGTATCCGAAAG,MRPL51,2517,831,1008
MRPL51_TCGAAGGTCAAGTCTTACCC,MRPL51,895,13,14
MRPL51_CCGATCAATCTAGGCACACC,MRPL51,3102,456,767
MRPL51_GAGAAGCTTCTGCACGCCAG,MRPL51,623,40,109
MRPL51_CCAGAGGCACCCAGTCCCAC,MRPL51,934,198,0
MRPL52_CCGGCTACTCCTGCTCAGCA,MRPL52,1482,727,644
MRPL52_GGACTCACTGTAGTCGCCAC,MRPL52,281,79,53
MRPL52_TGTACTGCTGTCACAGGAAA,MRPL52,1305,498,340
MRPL52_TGGACGCTGGATTACAAGCA,MRPL52,2128,341,917
MRPL53_CAGCGACCAGTATCAGCGCC,MRPL53,526,156,203
MRPL53_ACCGAACAGCACGTCCACGC,MRPL53,556,463,53
MRPL53_CCGAACAGCACGTCCACGCA,MRPL53,3240,311,552
MRPL53_TGGTCTGCGGCCTGTCAAAC,MRPL53,1128,381,347
MRPL54_GGAGTCTTCCGGAAGTGGCG,MRPL54,610,59,234
MRPL54_CGGGATTATGCCAAGAAACC,MRPL54,1624,576,396
MRPL54_GCATATGTGGTGAGCTGGAC,MRPL54,1130,365,130
MRPL54_CCAGCTCACCACATATGCCA,MRPL54,1100,144,294
MRPL54_CCATGGCATATGTGGTGAGC,MRPL54,1203,224,236
MRPL54_ACCGGCTGAGCAAGAACAAG,MRPL54,1424,397,470
MRPL55_GCTACCGACAGTTCTGGACC,MRPL55,1150,121,22
MRPL55_GGCTCAGCTCCAGTCGAGGA,MRPL55,43,203,246
MRPL55_ACATCCGCTACAGGGAGCCA,MRPL55,147,194,204
MRPL55_CAGAGCACCGTGAAGGCCAC,MRPL55,808,151,142
MRPL55_ACAGGAGACATTACCAGAGC,MRPL55,485,114,318
MRPL55_AAGTCCATGCTTACCCAAGC,MRPL55,837,225,271
MRPL9_ATACAGCCAGTCCCTGAGGA,MRPL9,1125,214,169
MRPL9_GCACGGTCATCGTGGAGCGC,MRPL9,2301,53,71
MRPL9_CCTGGCGGCCAGGAAAGCGA,MRPL9,440,158,242
MRPL9_CGTCGCTTTCCTGGCCGCCA,MRPL9,1948,213,310
MRPS10_AAACAGGGAGTACATACCAC,MRPS10,512,154,14
MRPS11_ATGCAGGCTGTGAGAAACGC,MRPS11,1678,221,282
MRPS11_TGCAGGCTGTGAGAAACGCG,MRPS11,2578,318,210
MRPS11_CTGTCGAGCGCCTGTGCAGA,MRPS11,1301,189,335
MRPS11_TTACCCTCCCATTCCAGGAG,MRPS11,1951,225,344
MRPS11_AGCAGGCATAGCCGCAGCGG,MRPS11,1150,14,1
MRPS11_CGGACTGATCATGGGCGGCC,MRPS11,1424,317,466
MRPS12_CCACACCCTTCAGCTGCGGC,MRPS12,811,36,138
MRPS12_GCTTGCGGGTAAACGTGCAC,MRPS12,204,0,0
MRPS12_ACAACGGTGAGCTTGACGCC,MRPS12,199,16,37
MRPS12_GCCGTCACTTCTTCTGCACG,MRPS12,2135,205,186
MRPS14_CTGGGATCCAGCGAGCGACA,MRPS14,157,220,141
MRPS14_GCCGCTTCACACCACGCGGA,MRPS14,976,84,85
MRPS14_CCCGTCCGCGTGGTGTGAAG,MRPS14,1693,168,266
MRPS14_TAACAGGACAGCTATCCCGG,MRPS14,905,56,158
MRPS14_TCCTCACCGAGCACTACAGG,MRPS14,1278,435,424
MRPS14_GCTGCTGCGGACGTTCAAGC,MRPS14,1568,124,58
MRPS15_GCTCTTCGGTAATACAGAGG,MRPS15,1306,71,44
MRPS15_ACTGCGGATCTTGACAGACA,MRPS15,716,159,102
MRPS15_GAAGATTGTTGCAAACCCAG,MRPS15,220,73,110
MRPS15_CTTGACAGCCCAGTCTAGGC,MRPS15,1082,177,125
MRPS15_GGATATGTCGTCCGGAAACC,MRPS15,1588,433,201
MRPS15_GCAGCCCGGGTACTAGGACC,MRPS15,1223,52,101
MRPS16_GAAGACCTAGCTCCTGCGCG,MRPS16,183,158,122
MRPS16_ACGCCAGATTTCCAGAGCAA,MRPS16,1375,179,121
MRPS16_GACGCCAGATTTCCAGAGCA,MRPS16,821,309,136
MRPS16_GGCCCGATGACTCACTGAGG,MRPS16,1706,26,118
MRPS17_CTACAGGAATCTAGTTGCAC,MRPS17,1025,168,471
MRPS17_TACCTGGATGAGTATCCAGC,MRPS17,152,31,133
MRPS18A_GCATGCGCACCCTGTTCCAG,MRPS18A,1159,124,115
MRPS18A_ATGCGCACCCTGTTCCAGCG,MRPS18A,634,234,304
MRPS18A_TGCGCACCCTGTTCCAGCGG,MRPS18A,3044,100,215
MRPS18A_CTTCAGGTTCCAACGGCAGA,MRPS18A,664,256,260
MRPS18A_CCTTCCCTGAACCCGCGAGC,MRPS18A,510,80,72
MRPS18B_CATAGGAAGCCGCCTCAGCA,MRPS18B,907,180,93
MRPS18B_CTCCTTATAAGGATGAGCCC,MRPS18B,1021,134,33
MRPS18B_GCGGCGGTAGTCAGCCCAGA,MRPS18B,958,152,85
MRPS18B_CAACTTGTGATCTCGACAGA,MRPS18B,655,134,93
MRPS18B_CAATTTGTCTGCGCCCACAC,MRPS18B,1285,264,318
MRPS18B_GCAGCACAAGCGGTTGACCC,MRPS18B,1611,42,194
MRPS18C_ATCGCAGTGCTTTGGAGAAG,MRPS18C,1544,182,172
MRPS18C_GAGAAGAGGTTGTTCACAAC,MRPS18C,313,4,95
MRPS2_AGAAAGCCCAACCAGCGCGA,MRPS2,1476,194,79
MRPS2_CAGGACGCTTGGAAGCGCGA,MRPS2,795,330,221
MRPS2_ACAAAGCTGGCTGTCGGCAC,MRPS2,354,46,82
MRPS2_CGGTGAAGTTCAAGGCCAGC,MRPS2,2319,274,196
MRPS2_GCTGCCGCTTCTCCTTGGCC,MRPS2,121,0,9
MRPS2_CTATCGCCTGCAGGGCCAGA,MRPS2,114,68,105
MRPS22_TCCGGGCTCGAATCCAGCCC,MRPS22,245,175,109
MRPS22_AGCAAGGTAGCGGTTGGAGC,MRPS22,483,234,193
MRPS22_ATTGTCGTCAGAGAACCAAG,MRPS22,713,82,85
MRPS22_CTGTGGAATCTGGCTCAAAC,MRPS22,2145,894,743
MRPS22_GATGGAGCACGTGATACAGC,MRPS22,429,9,99
MRPS22_TATCACGTGCTCCATCCAGA,MRPS22,269,30,10
MRPS23_AGTATACAGGTCCTTCAGGG,MRPS23,616,26,24
MRPS23_GACTCAGAAAGAAGTTCCAC,MRPS23,45,5,17
MRPS23_ACTCGAGGCCTTTGGAAGAC,MRPS23,1340,471,373
MRPS23_GAAGACGGGCTCCCTCAGCG,MRPS23,1401,504,289
MRPS23_TGCTCCCTACGGTTTCCAGC,MRPS23,529,137,87
MRPS23_CGCAGATCATGGCAGGCAGC,MRPS23,1241,53,247
MRPS24_AGACAACTGCCTCAGGACCA,MRPS24,0,52,121
MRPS24_AGATCTCCAACTGGTTACCC,MRPS24,611,30,120
MRPS24_TTCAGGTAACCTGGATGGAG,MRPS24,991,73,200
MRPS24_GCGACAGCCAGCCTTTACGG,MRPS24,1734,311,228
MRPS24_ACATCGCCCACCGTAAAGGC,MRPS24,207,348,147
MRPS24_TGCTCACCTTGGCGCAGACC,MRPS24,1707,207,251
MRPS25_CGCTCTGAAAGCCGATGCCC,MRPS25,540,194,126
MRPS25_CATTACCCAAGGAGATGAGG,MRPS25,200,29,37
MRPS25_TCTCCTTGGGTAATGGCACC,MRPS25,1079,201,331
MRPS25_CAGCCTGGTGCCATTACCCA,MRPS25,4122,736,660
MRPS25_ACCTAAGTAGAATCGCAGGA,MRPS25,251,169,328
MRPS26_GCGAGTGAACATGCCGCCCG,MRPS26,198,28,64
MRPS26_AACTCCGCAGGGTCCACCGC,MRPS26,306,226,145
MRPS26_TGGCGCGTCTGCACCCAGGA,MRPS26,1388,444,304
MRPS26_AAGGTGCACGAGGCCCGAGC,MRPS26,564,31,34
MRPS26_CAGGATAGCGAGGCTGCGGC,MRPS26,477,78,68
MRPS26_AACTGGGCCATCACCAGAGA,MRPS26,506,244,22
MRPS27_CCTTCAAGTGATGGAGAAAG,MRPS27,2082,447,692
MRPS27_GAAGTGCATAGCCATACAAC,MRPS27,520,260,166
MRPS27_GAAACTGGACTATCCACACC,MRPS27,1114,97,60
MRPS27_ATGATCTATCTCTTCCCGAG,MRPS27,359,119,80
MRPS27_CCTATGTAGACAGCCACAAA,MRPS27,1842,852,1207
MRPS27_GAAGAACCACTTGCCGCGCC,MRPS27,0,246,86
MRPS28_CAAGATCTAATAGCCGCAAC,MRPS28,839,416,235
MRPS28_TAATAGCCGCAACCGGACCC,MRPS28,809,67,122
MRPS28_GCACTCGGAGCTTCTACAGA,MRPS28,920,323,202
MRPS28_GAGCCTAAGACGCGCGCAGG,MRPS28,288,65,136
MRPS28_AAGTGGTAGTTCCAATGCCA,MRPS28,443,36,85
MRPS28_ACTGAGAGTGGATCCGAAAG,MRPS28,898,160,198
MRPS30_TCATGGAGGCCACAATCGGC,MRPS30,358,4,0
MRPS30_GATCGAGCGCTGGCAGGCGA,MRPS30,49,51,155
MRPS30_GCACCGTTACGAGGAGAGCG,MRPS30,1218,383,123
MRPS30_ATTCCTCGTGGTCATCGAAG,MRPS30,689,74,23
MRPS30_TGGGTGTGACCGTAACAGCA,MRPS30,1473,831,513
MRPS31_AATTCGCCACTTCATGGAGC,MRPS31,962,154,76
MRPS31_ATGCTACTCACTGTTCGGCA,MRPS31,932,100,208
MRPS34_GGTTCTGGCATTCTAGACGG,MRPS34,970,106,60
MRPS34_AGAGGATACGCATGGAACCC,MRPS34,152,498,96
MRPS34_GCTGGTGCCCAAGCACGAGG,MRPS34,296,28,67
MRPS34_CTCGTCGTGCTGCCACAGCC,MRPS34,1543,163,365
MRPS34_AGGACTTGCGCGTGACCAGG,MRPS34,706,118,136
MRPS34_ACCCGCCATGGCGCGGAAGA,MRPS34,509,67,137
MRPS35_GCTAGGTGTCGGGACCGGAG,MRPS35,299,25,50
MRPS35_CGCAGGCTAGGTGTCGGGAC,MRPS35,3413,531,420
MRPS35_TAACCCATTCGAACAGGAAG,MRPS35,748,231,114
MRPS35_AAAGGGCGTGCCCATGGCAA,MRPS35,767,194,216
MRPS35_CACTGAGTGGCCAGCCGCAC,MRPS35,1182,126,60
MRPS35_TCGTCACTGTCCAGTGCGGC,MRPS35,338,71,89
MRPS5_AATATGCTCAGCCTCACCCA,MRPS5,643,19,10
MRPS5_TAATATGCTCAGCCTCACCC,MRPS5,835,23,40
MRPS5_TGGGAAAGCTACTGATCGGA,MRPS5,416,80,83
MRPS5_AGGAGTTTGCTACCTCCACA,MRPS5,474,83,21
MRPS5_TTGCTACCTCCACAGGGACC,MRPS5,892,254,113
MRPS5_CTGCAGTGCACGGCTCAAGC,MRPS5,2607,190,296
MRPS6_ATAGAGGCCCTGATGGACAG,MRPS6,1130,127,82
MRPS7_TCGGGCAACCTTCACTGCGG,MRPS7,1469,312,185
MRPS7_CAGTGAAGGTTGCCCGAGGA,MRPS7,1276,214,292
MRPS7_GACTGCCAACGCGCCGACGA,MRPS7,1099,72,67
MRPS7_TCACCTGAGTTAGCCTGGGA,MRPS7,652,19,87
MRPS7_TACCAGGTGAATGAATGGCC,MRPS7,258,61,70
MRPS7_GCTGGAGGCTTTCCATAACC,MRPS7,77,226,301
MRPS9_GCGCCCTGTGTGTCCTACGG,MRPS9,1448,391,131
MRPS9_AACTACCTTCATTACTGGCC,MRPS9,314,206,117
MRPS9_GAGACGTGATTGGCAGCAGA,MRPS9,413,33,45
MRPS9_CCTGTACAGTATGATGAGCA,MRPS9,1930,318,218
MRPS9_GCTTTACTTCCCGATCACAC,MRPS9,778,51,111
MRPS9_TGGAGCAATACGACTGGCAA,MRPS9,1577,705,1145
MRS2_TGCTTCTTGCTCCAGCACCA,MRS2,1763,224,551
MRS2_AGAGGTCACGTCCAAGGCCA,MRS2,665,53,146
MRS2_ATTCTTCAGGTGAAGTGCAC,MRS2,472,86,123
MRS2_AGACGTCAGAGGTTCTAAAC,MRS2,812,315,299
MRS2_CTTCATACCATAGGAGGCAA,MRS2,790,218,191
MRS2_TGGATGGACTTGGATCAGGA,MRS2,555,113,141
MRTO4_AAATCCAAGCGCGACAAGAA,MRTO4,803,28,0
MRTO4_TCCAAGCGCGACAAGAAAGG,MRTO4,1181,1,79
MRTO4_TGACTACGAGGTGTGCAAGG,MRTO4,1614,63,24
MRVI1_TCAAACTCACAGGCTCGCCA,MRVI1,986,216,417
MRVI1_AGAGGATGTAGGAGAAGCGC,MRVI1,416,237,258
MRVI1_GAGCGATTCCTGACCCGCCG,MRVI1,529,278,208
MRVI1_GGTTTCTCCTTCTGGTGAAG,MRVI1,557,105,291
MRVI1_ACGTGGCCACTCCCAGCAGG,MRVI1,918,249,159
MRVI1_CATCAAGAAGACTTCTGCAC,MRVI1,1255,325,164
MS4A1_CGGATCACTCCTGGCAGCAA,MS4A1,1888,974,789
MS4A10_TCTCGTGCTGGTGTGGAGCC,MS4A10,665,147,57
MS4A10_GAGCAGCCTTCTTAAGGAGC,MS4A10,227,27,27
MS4A10_CACCATCGCTCTGCTGCACC,MS4A10,444,275,424
MS4A10_GGTTCTTGACTATAGAGGCC,MS4A10,306,68,30
MS4A10_CACACTCTGGTAGGATGGCG,MS4A10,443,230,166
MS4A12_ATCTTTGCTAGCAGTCAACC,MS4A12,1382,225,237
MS4A12_TGGCCAAGACTACTGGGCCG,MS4A12,584,47,118
MS4A12_AGCTACGAAGAACTCCAAGA,MS4A12,661,137,266
MS4A12_AAGCTACGAAGAACTCCAAG,MS4A12,452,321,266
MS4A14_TATCCTGTGAGGACAACAAG,MS4A14,774,76,128
MS4A14_AATCCCAGTTATCGCAACCA,MS4A14,1805,232,259
MS4A14_AGTCCTTTAGTCTCCCAACC,MS4A14,374,253,285
MS4A14_TCTTTAGACGTGCAAGCCAA,MS4A14,533,163,228
MS4A14_CGAAGGACAGCAAGCTCAGG,MS4A14,1945,193,333
MS4A15_CGATGAAGAAGATGCCCACG,MS4A15,1544,743,544
MS4A15_CTTCTCGGCTGCCACTGAGA,MS4A15,1188,127,151
MS4A15_GCTCATGGTCATTCCGAGAA,MS4A15,645,410,710
MS4A15_CAGAATGGCTGTCCCAGCAA,MS4A15,1067,359,293
MS4A15_GGGTACTCACTGCACTGGCC,MS4A15,230,267,51
MS4A15_TATGCCACATTGTCATAGGC,MS4A15,555,156,135
MS4A2_TTATCAGGTGAGAGGAAGCC,MS4A2,384,255,473
MS4A2_TCACTCACAATCTGTGGAGC,MS4A2,856,271,327
MS4A2_TACAGTGAGTTGGAAGACCC,MS4A2,575,211,197
MS4A3_CGAAGTTGATAATGCAGAGC,MS4A3,603,546,1035
MS4A3_GAACCTTGTCTGTTGTAGCA,MS4A3,657,154,379
MS4A3_TATCCCTGCTACAACAGACA,MS4A3,743,576,384
MS4A3_CACTAGTGCAATTGTAGCAC,MS4A3,1399,544,663
MS4A3_GCAGTTTGCATTGCACCACA,MS4A3,1415,408,335
MS4A4A_CTTACAAGGTGGTCACAAGA,MS4A4A,885,615,513
MS4A4A_TTACAAGGTGGTCACAAGAG,MS4A4A,2297,340,502
MS4A4A_GGATCCTTGTCAATTGCAGC,MS4A4A,101,181,202
MS4A4A_TGATGCAGCCAGTACAGAGC,MS4A4A,1240,634,343
MS4A4A_GGCAGTACCAACCATTAAGA,MS4A4A,676,368,289
MS4A4E_AATGGAACAGACCACTCCAG,MS4A4E,210,46,105
MS4A5_GATTCCAGCTATTGCTCCCA,MS4A5,333,117,67
MS4A6A_TACCAATGTAACTGTGAGGC,MS4A6A,310,363,179
MS4A6A_TAGGCAAGGTTAAGTGAAGC,MS4A6A,486,279,311
MS4A6A_TGTTTGATCTGCCAGGAGCA,MS4A6A,445,396,447
MS4A6A_GCAGATCAAACATAGCAAGC,MS4A6A,1598,556,607
MS4A6E_ATGCAGCCGGGTTGACAGAC,MS4A6E,1200,384,584
MS4A6E_GAGGCAGGATTTAATGCAGC,MS4A6E,640,100,261
MS4A6E_GCAGTGTAAGTTGGACGAAA,MS4A6E,1210,936,584
MS4A7_CAGCTCTACTCCAACAACCC,MS4A7,1744,294,347
MS4A8_ACCAACACAGAATTGGCCAC,MS4A8,586,78,107
MS4A8_GAACTAGGTGGACTTGCGGC,MS4A8,320,111,105
MS4A8_CCGTCGCCATGATGGAGCCG,MS4A8,1980,412,850
MS4A8_CCGACTATTATCCTTACGCC,MS4A8,1306,409,143
MS4A8_AGACCAACTGGCAGCCAAAG,MS4A8,3378,1582,869
MS4A8_TTGGATAGATGACACTCACC,MS4A8,378,160,291
MSANTD1_CAGGCCATGCAGCTTTGCCA,MSANTD1,868,203,226
MSANTD1_GCAGACCAAGCGCAACGCCA,MSANTD1,403,73,17
MSANTD1_AGCGGCCTTCGTAGGAGCAC,MSANTD1,744,137,103
MSANTD1_ACGTGTGTTCCAGATCCAGA,MSANTD1,193,167,44
MSANTD1_GCATTTCCTCAGCGTGGACG,MSANTD1,1177,633,668
MSANTD1_CAAAGCCACTCCATAGCGAC,MSANTD1,1912,614,882
MSANTD2_GAGCAAAGTTCCCTGGACCC,MSANTD2,488,242,244
MSANTD2_ACGGATATCCTCTTTCCAAC,MSANTD2,1331,315,433
MSANTD2_AGGACTATTCACAGGAGGAC,MSANTD2,1583,167,316
MSANTD2_TATGGAGGACTATTCACAGG,MSANTD2,459,101,272
MSANTD2_ATGCGCTCCCGGCACTGGGA,MSANTD2,581,181,115
MSANTD2_TTTCCGTCGCTCAGGCCACC,MSANTD2,762,80,144
MSANTD3_GAAATCCCGCAGGGACACGC,MSANTD3,315,57,235
MSANTD4_TGAGCGGCTTCAGCTAGAGA,MSANTD4,1392,513,337
MSANTD4_GCCTACAAATCGAGAAAGAG,MSANTD4,1674,278,208
MSANTD4_GACTGGATATCGAGGCCGAA,MSANTD4,28,119,342
MSANTD4_AACTGAGGTCAAGGTGGAAG,MSANTD4,555,422,332
MSANTD4_ATCCTTAACTGAGGTCAAGG,MSANTD4,664,185,156
MSC_TTCCAGTCCGATTTAAGCGG,MSC,3299,733,531
MSC_GGTCTTCCCGAGACCACGAA,MSC,336,283,300
MSC_TGACAACTCGTCGGCAGAGG,MSC,2097,656,317
MSC_CGACGAGTTGTCACTGGGCG,MSC,3069,1158,1729
MSC_GGTGAGTGATCCGGAGGAGA,MSC,470,102,125
MSC_GGGCTCGGTGAGTGATCCGG,MSC,347,102,121
MSGN1_CTGCAGCTGTCTCGCAGGCA,MSGN1,0,794,818
MSGN1_TTCCTGGGACTGGAAGGACA,MSGN1,790,16,87
MSGN1_GAGGCCTGATTCAGCTCAAA,MSGN1,495,144,117
MSGN1_AGGATTCCAGCGATGGAGCC,MSGN1,343,262,242
MSGN1_GGATGTCTGTCCAGCGGAGG,MSGN1,779,159,278
MSH2_GCGCCGTATAGAAGTCGCCC,MSH2,391,34,0
MSH2_GGTATGTGGATTCCATACAG,MSH2,333,83,73
MSH2_TGAGAGGCTGCTTAATCCAC,MSH2,654,108,126
MSH2_CCCTGGCAAACAGATTAAAC,MSH2,2735,1411,750
MSH2_GCTGGTCGTACATATGGAAC,MSH2,640,475,276
MSH2_GGCTAAGATGCAGTCCACAA,MSH2,1325,515,738
MSH3_CACAGGTGCAGCCGACCAGG,MSH3,544,282,357
MSH3_CTGGACTCTACTTTGAGGAA,MSH3,1636,345,361
MSH3_TAGGGAGTGCAGCCTGCCAC,MSH3,0,12,46
MSH3_CAGAATTCGAGTCGAAAGGA,MSH3,1150,449,405
MSH3_TTCCGATACAGCATCAAGCC,MSH3,1631,321,608
MSH3_TGATGTGTTGCTGGGAGAAC,MSH3,3060,604,956
MSH4_ATCAACCTCGCCTTCTGCCC,MSH4,298,3,17
MSH4_AGCGGGTTTCTCCCGACGAC,MSH4,760,404,336
MSH4_GCAGAGACCACCTGGACCGA,MSH4,795,226,280
MSH4_TCCTGACGTGCCAGGACAGG,MSH4,250,54,84
MSH4_TAAGAGCTGGACACCACAAG,MSH4,1773,386,453
MSH5_ACACCGCAGGGACCGAGACC,MSH5,2007,148,132
MSH5_AATTCCACAGCACACACAGA,MSH5,603,109,241
MSH5_TGTTGTTACGAGTGCCAAAC,MSH5,1143,818,873
MSH5_GGACCAATCTCACTGTGAGG,MSH5,868,141,90
MSH5_TCAGTGTACAAAGTGGCCAG,MSH5,1641,188,403
MSH5_GCACGTTCTTGATGTGACCC,MSH5,361,95,98
MSH6_AAGGCGAAGAACCTCAACGG,MSH6,219,406,139
MSH6_GAACATTCATCCGCGAGAAA,MSH6,659,243,240
MSH6_TCAAAGGAAGCCCAGAAGGG,MSH6,1276,177,180
MSH6_GCTTTCGAGCAACTTTGACA,MSH6,1484,273,319
MSH6_CAAGTCTACGCTTATGAGAC,MSH6,278,321,266
MSH6_ATTAGCTGTAATGGCCCAGA,MSH6,169,53,58
MSI1_TAAGAAAGCTCAGCCAAAGG,MSI1,855,343,498
MSI1_GCTGTCGGTGAACACCACGG,MSI1,1275,161,267
MSI1_CTTGTAGATTGACCCTAAGG,MSI1,993,325,642
MSI1_CGTCACTTTCATGGACCAGG,MSI1,1236,543,788
MSI1_GCGGGTGTGTGGTTACAGAA,MSI1,8,0,5
MSI1_ACTCAGTTGGCAGACTACGC,MSI1,2055,510,312
MSI2_AACGACTCCCAGCACGACCC,MSI2,633,26,76
MSI2_TGTTTATCGGTGGACTGAGC,MSI2,520,20,79
MSI2_TCCTCGTCGAGCGCAACCCA,MSI2,682,209,147
MSI2_GGACGCGTTCATGCTTGGCA,MSI2,1005,277,506
MSI2_TTCGTGGCGACCTATGGCCG,MSI2,2119,584,582
MSI2_AGCAGCGGCTTATGGACCAG,MSI2,1094,343,167
MSL1_CCGCCTGATACTTGGGCCGG,MSL1,1350,58,61
MSL1_ATGTCTCGGAAAGCTCCGGC,MSL1,65,48,35
MSL1_ACGGGAATCCTCTCCAAAGA,MSL1,1169,61,182
MSL1_CTTGGTTACCTACCTCCAAA,MSL1,1300,272,144
MSL1_ATGCTACAACAGGCAAGAAG,MSL1,716,12,0
MSL1_CGGCTACGCTCATCCAACCA,MSL1,2347,879,1083
MSL2_CCAAGTGTTCTTACATGCCG,MSL2,852,735,1747
MSL2_TAACCCATGAAGTGCAGGAC,MSL2,1872,113,70
MSL2_TTGGAAGCCACTGTATCCAA,MSL2,608,42,92
MSL2_CACCGCAAACACAGCACGAA,MSL2,2826,1293,688
MSL2_ACCGCAAACACAGCACGAAA,MSL2,2553,264,236
MSL2_CTAGTGCTCAACTACGACCC,MSL2,1815,219,213
MSL3_GAGCAAATGAGCGCGAGCGA,MSL3,80,39,46
MSL3_ATGTCTCCTTCTGTGCGGCC,MSL3,259,23,132
MSL3_GAATTAGAACCTGGATCGGA,MSL3,91,85,64
MSL3_TTTAAGACAGAGTCCACACC,MSL3,457,164,262
MSL3_CTCCTTACAAAGGTCAACAC,MSL3,3105,176,205
MSL3_ACAGTTGGCACTGTGGCGCG,MSL3,1126,177,197
MSLN_CAGGAACAGGAGGCTGCCGA,MSLN,1,65,119
MSLN_TTGGCCAGGACTCCGTCCAG,MSLN,541,87,125
MSLN_GACACGCTCCGTGCTCAGGC,MSLN,44,93,17
MSLN_TTTCTTCTCCCGCATCACGA,MSLN,946,318,273
MSLN_GACTCGGCCACAAAGCGCCC,MSLN,217,41,63
MSLN_GGAGACAGACCATGTCGACG,MSLN,386,166,69
MSLNL_TCCAGTGTCCAGGAGCCAGG,MSLNL,726,0,62
MSLNL_CGCGTCCATGTCACACACCA,MSLNL,3511,1169,954
MSLNL_TGAGCCATCTACCCGACCAG,MSLNL,1817,165,381
MSLNL_TCGTGACTCTGGACTCGCCG,MSLNL,1021,356,209
MSLNL_TGAGACGTCCCAGGGCAGGA,MSLNL,587,370,296
MSLNL_AGCCGCTACCACTGAGCGCC,MSLNL,376,136,159
MSMB_CAAAGATCACAACGCTGCCC,MSMB,195,174,91
MSMB_AACACCCAATAAACTCGGAG,MSMB,658,236,210
MSMO1_CGTAGGATAAGCCAGAGACA,MSMO1,1384,724,1019
MSMP_GACGTACCTCACACCCAGCC,MSMP,2,118,130
MSMP_CATCCCATCGACTTCCCGGC,MSMP,1236,74,129
MSMP_TCACAGCAGCCCACGCCAAC,MSMP,3085,1712,444
MSMP_GCCCTAAGGATGCTCTGGGC,MSMP,298,13,117
MSN_GCACATCCTGGGCAGTCACC,MSN,294,7,21
MSN_CAACTCTGTGTCATTTAGGG,MSN,1190,144,260
MSN_TTATCCGTAGGCCTTGGAAA,MSN,1219,317,249
MSN_TCGAATCTCCCAGCTGGAGA,MSN,881,233,329
MSN_TGTCACTGGACAGGCCCAGA,MSN,870,124,34
MSR1_CTGGGAAGTGCGCGTTGGAC,MSR1,388,687,788
MSR1_CAACCCACCTGATCTTAAGA,MSR1,1190,156,101
MSR1_CGATCACCTTTAAGACCCGG,MSR1,631,55,62
MSR1_AAAGGAGATCGAGGTCCCAC,MSR1,236,118,109
MSR1_ACTCAAAGTCTCACGGGAAA,MSR1,1335,586,591
MSR1_GGATGAGAACTGCAAACACG,MSR1,579,88,249
MSRA_AACAGTCGAACCTTTCCCAG,MSRA,538,64,166
MSRA_GAGAATCACGACCCGACCCA,MSRA,1010,204,116
MSRA_AGGTCGGGTAGATGGCCGAG,MSRA,592,274,232
MSRA_CCTCCTCTGCTCAACTCGCC,MSRA,928,614,171
MSRA_CATCACTACCGACATCCGGG,MSRA,867,250,115
MSRA_CTGTTCCTTCCGGCCCGGCA,MSRA,1177,350,458
MSRB1_CCCATTGCCACACTTGCCAC,MSRB1,1216,172,499
MSRB1_CTGTACGGGCTCCAGGACAA,MSRB1,1937,224,415
MSRB1_GACCATTCACGCCGACAGCG,MSRB1,802,282,835
MSRB1_TGAATGGTCTCGGTGAACGC,MSRB1,1285,660,444
MSRB2_TGCCACTCACTCTTGGCAAG,MSRB2,2293,320,171
MSRB2_GCTCTGATGAAAGCCACACA,MSRB2,1275,250,193
MSRB2_TGTGCGAGCTGATCCTAACG,MSRB2,1804,543,360
MSRB2_CACGTGTTTCCTGATGGACC,MSRB2,1069,483,462
MSRB2_CCTGATGGACCTGGGCCCAA,MSRB2,531,389,150
MSRB2_AACCTCTGACCATTGGGCCC,MSRB2,155,163,224
MSRB3_GCCTTTCCATGAGCCCGCGG,MSRB3,490,280,727
MSRB3_TCTTTGTCACCAAATGCAGC,MSRB3,1090,54,74
MSRB3_GCAACCTGAGGGAAGCCCAC,MSRB3,614,52,177
MSRB3_TCGTGGAATGAAGGCCAACC,MSRB3,1157,680,391
MSRB3_GGATAGCAGTGGCACCGCCG,MSRB3,593,37,148
MSRB3_CCGCTTTGTCTGCCTGGGCC,MSRB3,1324,319,408
MSS51_TCTTGGAAGCTCCTGTCAGC,MSS51,377,88,246
MSS51_ATAGTCACGAAGTAGCAGCA,MSS51,1365,913,592
MSS51_GGGCCAGTGTAGGACGGCCA,MSS51,440,324,212
MSS51_CAGACTGGCCCGCACACAGG,MSS51,1734,234,559
MSS51_AGGATCAGCTGCGATAGGCC,MSS51,607,167,227
MSS51_TTTCTTGTGCCTTCGTCGCC,MSS51,527,124,64
MST1R_ACCCGGAAGTGCTTGCCCGG,MST1R,372,97,73
MST1R_TCCTTGGGCAGTGGCCGGCA,MST1R,1492,272,210
MST1R_GAACATGTGCGGCCAGCAGA,MST1R,131,103,161
MST1R_CGACTGACATCCCGCTGCAC,MST1R,1515,969,816
MST1R_CAACGTCACAGTGGCACACA,MST1R,2008,776,1155
MST1R_CACTGAGCTGAGCATCGCCG,MST1R,2433,574,490
MSTN_GCTGTAACCTTCCCAGGACC,MSTN,659,128,434
MSTN_CTGAAACTTGACATGAACCC,MSTN,3271,617,613
MSTN_CTACTTACACTCTGTAGGCA,MSTN,2578,356,482
MSTN_TGATCAATCAGTTCCCGGAG,MSTN,2140,438,405
MSTO1_TTCGAATCCCATTGGGAGAG,MSTO1,629,231,328
MSX1_TCCTCCACTTTGACACCGAG,MSX1,1573,373,315
MSX1_TTCGCTCCTGCCCTTCAGCG,MSX1,1970,1043,1216
MSX1_TGGCCGACCACAGGAAGCCG,MSX1,1365,202,371
MSX1_GGTTCGTCTTGTGTTTGCGG,MSX1,1137,92,241
MSX1_ACAAGACGAACCGTAAGCCG,MSX1,635,179,365
MSX1_TGGGCCGTGTAGAGTCCCAC,MSX1,110,30,64
MSX2_TGGCGGCGGCGAATATCGGC,MSX2,484,122,74
MSX2_GGAACTTGCGCTCCAGGGCG,MSX2,1275,260,358
MSX2_GAACTCTGCACGCTCTGCAA,MSX2,980,197,85
MT1B_CTCTATTTATGTCTGGGAGC,MT1B,994,97,142
MT1E_CGCAGAGCTTCCCTTACCAG,MT1E,2840,1412,1021
MT1F_AACCCGGCGTTCCTTACCAG,MT1F,3276,886,722
MT1G_ACCCGGGCGTCCCTTACCAG,MT1G,690,308,312
MT1M_GGGTCGGCTTCTCTTACCAG,MT1M,466,139,155
MT2A_AGGCAACAATTTCCGCGCAA,MT2A,530,249,416
MT2A_CCTGATAAGGATCACTGAGG,MT2A,1317,37,220
MT3_GCACGTACCATCTCCGAAAG,MT3,1199,647,596
MT3_AACGGGCTTCTCCAAGCAAC,MT3,1108,316,258
MT3_GCGGACTCCTGCAAGTGCGA,MT3,640,390,298
MT3_TTGCTGGAATAGAACCACCC,MT3,858,445,249
MT3_CTCACACTCCGCAGGGCAGC,MT3,543,323,386
MT3_GCACACTTCTCACACTCCGC,MT3,1183,120,61
MT4_CCTTTCGGACACCTGGACCA,MT4,1835,73,156
MTA1_GAGAATCGAGGAGCTCAACA,MTA1,232,354,148
MTA1_ACTTGCGTGCTTGTCGGCCA,MTA1,754,62,7
MTA1_GGCCTTATAGCAGACTGACA,MTA1,785,80,96
MTA1_GGTGCTTTAGTTTCTCGGGC,MTA1,28,7,54
MTA1_CAAGTCCTACCTGGAGCGGG,MTA1,178,0,22
MTA1_GAGAGATTCGAGTAGGAAAC,MTA1,326,169,121
MTA2_TAATCGGAACCAGCAGAAGA,MTA2,783,146,301
MTA2_CGAGAAGTGTCTTCTGCACG,MTA2,1270,418,504
MTA2_AGCGCCATCAACTGAAGCAC,MTA2,1192,109,122
MTA2_TTCTAGTAGCCTCAACAGCC,MTA2,461,159,190
MTA2_GCTCCTCAATCCGTCTAACC,MTA2,675,161,331
MTA2_CCCGGTACTCACCTCCCACC,MTA2,650,14,68
MTA3_GAGCCTGCCTACCTCCGACC,MTA3,864,25,200
MTA3_TTAGACTGCAAGTGGCAACG,MTA3,1003,315,315
MTA3_TCCACTAGTAATGGGAAGCC,MTA3,1361,255,119
MTA3_TCACAGGCTCTCCCTAAGAG,MTA3,1041,536,651
MTA3_GGAATGCCAGTCCGAAACAC,MTA3,1512,189,524
MTA3_AAATACCCTCCGGCTGCGGC,MTA3,354,330,93
MTAP_TCATCTCACCTTCACGGCGG,MTAP,1470,380,266
MTAP_CTCACTTGCCGCGCGAGGAG,MTAP,1868,617,703
MTAP_AAGCGTACCCTCTCCTCGCG,MTAP,328,201,501
MTAP_GGACTCCGGTGCCACTCAAA,MTAP,1151,299,272
MTAP_GACTCCGGTGCCACTCAAAG,MTAP,1809,630,566
MTAP_CTTTCAGGGTCTTTAAGACC,MTAP,464,15,111
MTBP_TGAGGGTACTGAGAATCAGC,MTBP,282,51,45
MTBP_AGGTATACCTCCCACTGAAC,MTBP,1741,188,219
MTBP_ATCCTCTGGAATGGCCAGAA,MTBP,544,80,96
MTBP_ACAGTTGCTGGGCCACAAAG,MTBP,1409,265,275
MTBP_TCTGACGAAACTACAGGAGA,MTBP,930,127,93
MTCH1_GCTACATCCTTCAGCTGAAA,MTCH1,2219,689,580
MTCH1_TTCCAACCAACCTGGGAACC,MTCH1,1189,317,648
MTCH1_AGCCAAGTACATCGTGCAAG,MTCH1,1633,327,272
MTCH1_CAGCACATTGGTCCCAAGGG,MTCH1,2204,298,391
MTCH1_GGGAGCTTCGGACCCGGAAG,MTCH1,402,30,101
MTCH1_CGCCATGGGAGCTTCGGACC,MTCH1,661,660,579
MTCH2_AGGATGTCACCTAGAAGGCG,MTCH2,1844,276,137
MTCH2_CTCTTACCTCCTTGATAACG,MTCH2,2810,662,765
MTCH2_CTTTGACCACGTTATCAAGG,MTCH2,604,157,325
MTCH2_CCAGTATCGATGGGAGGCGC,MTCH2,937,134,244
MTCH2_GCCAGTATCGATGGGAGGCG,MTCH2,682,419,369
MTCP1_AACAGTTACCTCTTCCACGA,MTCP1,951,274,521
MTCP1_TACCCTCTTGGTGAACCCAG,MTCP1,392,61,31
MTCP1_CACCTCTGGGTTCACCAAGA,MTCP1,347,418,353
MTCP1_TCACCTCTGGGTTCACCAAG,MTCP1,1436,289,318
MTDH_CCCTCTGACGGGAGGGAAGA,MTDH,506,239,257
MTDH_GCTCCGGAGATTCTTCAGCA,MTDH,1155,481,338
MTDH_GCTGAAGAATCTCCGGAGCG,MTDH,679,120,321
MTDH_GGCTCGGTAGAAGTAGCAGG,MTDH,135,14,46
MTERF_ACTATTGGAGAAGGTACGAG,MTERF,672,359,284
MTERFD1_CATCATTGTCAAGTTCCCAC,MTERFD1,1665,200,81
MTERFD1_ATCTGGTAGTTCGTCTCCCA,MTERFD1,189,92,163
MTERFD1_GACTACTTGAGCTAGTAGAC,MTERFD1,1299,59,246
MTERFD1_CTGGGAACTATTCCATAAGG,MTERFD1,680,276,217
MTERFD1_CTGACAATTGCTTTCTCCAG,MTERFD1,829,526,440
MTERFD2_CTACGCTAAGCGCCCTGCCC,MTERFD2,406,74,57
MTERFD2_ACACATTTACCTGGAGCGCC,MTERFD2,294,185,205
MTERFD2_TCGAGAGGACCTGGGTCAAC,MTERFD2,594,891,405
MTERFD2_TGACTTGCTGTACCGTGAAA,MTERFD2,1887,752,784
MTERFD2_TTCTTCAAGACCACACACAC,MTERFD2,1118,362,479
MTERFD2_CTGCCTAGCCATACAGGCCC,MTERFD2,197,98,50
MTERFD3_TCAGATAAGAGAGACGCCAA,MTERFD3,199,138,131
MTF1_CAAAGGAGCGGGCATCCAGC,MTF1,128,92,154
MTF1_TCTGGAGGTTGTAAGAGAGC,MTF1,1074,410,384
MTF1_GCACATTCGAACTCATACAG,MTF1,1823,686,760
MTF1_TGACGTGCAGGGCTGTGAGA,MTF1,849,768,1702
MTF1_GATCATGAAGCAATGTCCCA,MTF1,243,215,12
MTF1_GACCACTGTTCTTATTGAGC,MTF1,256,174,215
MTF2_ACCAAGCTGTCTTTACAGGA,MTF2,542,421,413
MTF2_GGAAGGACATTCAAACAGGC,MTF2,1077,179,242
MTF2_TACTGCTATTGTGGAGGCCC,MTF2,249,71,354
MTF2_TAGGTGTGCTATATCTACCC,MTF2,634,88,189
MTF2_AAATCTGTAGGTCGTCCACC,MTF2,72,141,132
MTF2_CAGTATCTTGTGGAATGGGA,MTF2,809,323,229
MTFMT_GCCATCCAGAGCGTCTGCAA,MTFMT,1180,207,177
MTFMT_CAATGGAAGGCAGCAGCCAA,MTFMT,455,87,64
MTFMT_GCCACCCAAGAGCACTGCAA,MTFMT,1485,46,86
MTFMT_AGTTGCCTCCCGAGATGGCG,MTFMT,1017,160,359
MTFMT_GCCGAAGAAGAGCACCCGCC,MTFMT,171,138,16
MTFMT_CCGAAGAAGAGCACCCGCCA,MTFMT,1725,353,361
MTFP1_ATGTCAGAGCCGCAGCCGCG,MTFP1,356,221,87
MTFP1_GCGATCTCTACCGGGACACG,MTFP1,859,201,240
MTFP1_CCGCCGCTGGCACAAGAGAG,MTFP1,765,530,503
MTFP1_TGCCATTGACAAAGGCAAGA,MTFP1,444,120,444
MTFP1_GGTCAACAGCCCAAGCGCGG,MTFP1,358,0,24
MTFR1L_GCTGGTTCAAATGTCAGGAA,MTFR1L,1259,155,244
MTFR1L_TGCCTTTCTGTACAGAGGAC,MTFR1L,1077,155,442
MTFR1L_ACTCACCTCAAAGGACGCCC,MTFR1L,234,129,61
MTFR1L_CAATCCAGGCGATGTCAGCC,MTFR1L,1722,874,674
MTFR1L_CTGCATGACAATCAGAGGGC,MTFR1L,694,110,144
MTFR1L_TGACATCACCGAGGAGACAG,MTFR1L,1543,589,590
MTFR2_TTATGAATGGGTCTACCGCC,MTFR2,78,108,31
MTFR2_GATCTGGGTCCACACTCAGA,MTFR2,806,50,31
MTFR2_GGTCTTCGACAAGGTTCCAG,MTFR2,0,19,28
MTFR2_TCACTCTGGAAGAAACAGAC,MTFR2,517,390,169
MTG1_TCTGCTGTCGGGATGGAGGG,MTG1,1175,87,77
MTG1_GATGCAGAGCAGCCTGAAGC,MTG1,648,108,171
MTG1_GCAAGTGAGGCTTAAGCCCA,MTG1,516,144,144
MTG1_TTTGTTGCAGATCATCCCGA,MTG1,93,33,56
MTG1_TCCTGAGGTGCTGCCTCCGG,MTG1,111,179,184
MTG1_ATCCGAGGAGCCAGCACGCC,MTG1,1303,134,154
MTHFD1_CAACCCACGTGCTTAGGGAC,MTHFD1,1840,430,399
MTHFD1_CATACGACGAGGCCAAAGAG,MTHFD1,1384,885,770
MTHFD1_CCACGTATTTCCCATCAGGC,MTHFD1,1145,185,285
MTHFD1_CTAGGTGGCGCTGCAGGAGG,MTHFD1,1543,397,587
MTHFD1_TCTCTGACATCCAAATCCGA,MTHFD1,1052,175,96
MTHFD1_CAACGGAGAAGGGTCACACA,MTHFD1,3026,1087,285
MTHFD1L_ACCCGACACTCACCTGACGA,MTHFD1L,1376,261,109
MTHFD1L_CAAGAACCGGCTTGAAGGCA,MTHFD1L,2368,277,278
MTHFD1L_CAACCAGAATTTGGCTGAGG,MTHFD1L,1280,58,89
MTHFD1L_GAGCAGCTTCCAAAGACCCA,MTHFD1L,418,196,44
MTHFD1L_GAATTCGCAGAGCTGCAGCA,MTHFD1L,1033,187,313
MTHFD1L_TTCGTGAACAGCAGCACAGG,MTHFD1L,1839,385,216
MTHFD2_CGAAGGGAGCAGCTGTGCGC,MTHFD2,1189,431,414
MTHFD2_CTTACCGAACTGCCGCGAGG,MTHFD2,1190,261,36
MTHFD2_CCTCTTACCGAACTGCCGCG,MTHFD2,115,342,72
MTHFD2L_AGCAGCGAGAAGCCGCGGAC,MTHFD2L,539,156,168
MTHFD2L_GCACCCTCCGTAAGGGCACC,MTHFD2L,1,12,0
MTHFD2L_CTCTCCCGGTGCCCTTACGG,MTHFD2L,1968,397,722
MTHFD2L_GATGGAGAGCATGAACGGCC,MTHFD2L,127,36,11
MTHFD2L_ATTGTCACAGTTGCATCACC,MTHFD2L,170,43,96
MTHFD2L_ACTGAAGATTCATACGCAGC,MTHFD2L,1197,135,70
MTHFR_CGCGGTTGAGGGTGTAGAAG,MTHFR,3435,802,602
MTHFR_CGGTGCATGCCTTCACAAAG,MTHFR,2696,639,875
MTHFR_CACTTCGGATGTGCTTCACC,MTHFR,837,229,400
MTHFR_CGCCGTGAACTACTGTGGCC,MTHFR,2461,608,607
MTHFR_GATTGGAATCTGGTGACAAG,MTHFR,576,179,180
MTHFR_GACAGCTACCTGATGGAAGG,MTHFR,31,203,89
MTHFS_TGACAAACATGGCAACCGAC,MTHFS,153,326,225
MTHFS_TGCCATGTTTGTCAAACCCA,MTHFS,2466,347,288
MTHFS_TCCCGAACATCACCCTCACC,MTHFS,1647,734,472
MTHFS_CCGGTTCCAGAGCAATCACA,MTHFS,625,100,230
MTHFS_GGGCGATGAGTGCCGAGGAG,MTHFS,1025,143,348
MTHFS_TCTGCGGGCGATGAGTGCCG,MTHFS,2241,473,482
MTHFSD_CCACCACAACTAAATCCACG,MTHFSD,2647,851,589
MTHFSD_TCAGGTGCCACCAGAGCGAC,MTHFSD,1142,129,141
MTHFSD_CCAACACCACGACTGAGAAC,MTHFSD,3379,669,344
MTHFSD_AGTGGACCCTGATAAACCAC,MTHFSD,65,14,23
MTHFSD_TTGGGTATCCTGTGATGAAC,MTHFSD,1524,232,488
MTHFSD_CTGCATCACCATGGAGCCGA,MTHFSD,440,1,60
MTIF2_TTTACCGTAAGTGCGGAGAC,MTIF2,630,143,318
MTIF2_TTCTCAGCAATGAGAGCCAG,MTIF2,463,56,17
MTL5_CTGGAAGAGTTGATCCCGAG,MTL5,1639,482,454
MTL5_GCAGACCCGTTGACTACCGA,MTL5,1135,311,185
MTL5_GGACGATGGGAACTTGCAAC,MTL5,1196,335,261
MTL5_CGCTGAGCTCTGGGATCCCG,MTL5,1565,188,749
MTL5_GGTCAAGGCGAAGCTCGCGG,MTL5,80,0,10
MTL5_GGGTTGAACGCGTGCAGGAC,MTL5,1329,376,572
MTM1_TGTTTCTAGACGTCTCGAGA,MTM1,520,120,274
MTM1_ATTCTCGAGATCACACCCAG,MTM1,393,177,270
MTM1_AGGTTCGCTTTGAAACAGGA,MTM1,467,321,196
MTM1_TGCCTCCTGTATTCTTCCAC,MTM1,317,75,107
MTM1_TTCCCACTCATACCGACAAG,MTM1,1630,311,537
MTM1_CCAATGAGTAGACTCCAAAC,MTM1,3194,769,1005
MTMR1_TATTTCCATCCCTTAGAGCC,MTMR1,371,62,79
MTMR1_AAGATTGGAGCACAGAGCCA,MTMR1,320,259,140
MTMR1_CTTGCGGCTTGCTTATAAAC,MTMR1,1814,579,905
MTMR1_TTGGCACAACAATGATGGCA,MTMR1,897,224,226
MTMR1_TTATCATTGGGACCCACAAG,MTMR1,615,208,386
MTMR1_ACCGCGCCTCATCGATCGAA,MTMR1,647,318,99
MTMR10_GGAAACTGTGCTACTTCCGC,MTMR10,837,130,350
MTMR10_TGCGATCCTTTGCTGTAAAC,MTMR10,3134,670,1196
MTMR10_TGCTATTCTTGGATGCCACC,MTMR10,450,325,448
MTMR10_CAAGAGCACTGCCGTTAGAG,MTMR10,810,582,314
MTMR10_ATTCCCTCAGGAGATGGAGG,MTMR10,165,15,0
MTMR10_CATCGTGTTCACCAAGAAGA,MTMR10,754,211,394
MTMR11_GGTCAAAGGTTATTCTCACC,MTMR11,52,143,88
MTMR11_CTGTATAGAAGCCTCCACAG,MTMR11,2589,616,876
MTMR11_GGCCACTTTCATCAGGGCCG,MTMR11,0,74,46
MTMR11_AGAGGTTCGACGTAGCCACC,MTMR11,266,82,103
MTMR11_GGGATAACCCTGAGCAAGGC,MTMR11,995,143,143
MTMR11_AACATTGGACGATTAGAGGC,MTMR11,1364,65,104
MTMR12_CTGGACAAAGGCCAACGGAA,MTMR12,527,345,393
MTMR12_CTCTGTGAATTCAAATGCCG,MTMR12,590,729,682
MTMR12_CATCATCAGTTGCACCAGAG,MTMR12,2322,690,857
MTMR12_TGGGAACTGGAACGGACCAA,MTMR12,1200,218,355
MTMR12_TCACAAAGCAGCTGTTCACC,MTMR12,430,99,31
MTMR12_GGGAAAGGAGTAGTCGGCGG,MTMR12,580,64,405
MTMR14_CTGGTTGCCTGAAGAGGCCG,MTMR14,1101,193,521
MTMR14_AGGTCTGGCGATAAGACGAC,MTMR14,219,43,64
MTMR14_AGCGTGATTCCAAACACGAA,MTMR14,803,427,335
MTMR14_AGATGGCCCGGTGCAGAGGA,MTMR14,643,423,136
MTMR14_AGATGTGGAGGACGTCACGG,MTMR14,875,337,296
MTMR2_GGGTGGGATATTACATAAGG,MTMR2,1167,145,261
MTMR2_CATCCAACATGAGCATGGCA,MTMR2,546,564,338
MTMR2_AACAGCATTAACACTTGGCC,MTMR2,743,86,186
MTMR2_CTTTCCACTCACTCCAACCA,MTMR2,2799,497,434
MTMR2_GAATATTTGCTGGCACAACC,MTMR2,800,161,102
MTMR2_CGAGAGTCTTGGCTCCCAGC,MTMR2,1206,0,57
MTMR3_AGAGTTTGTGGGCCGTGCCG,MTMR3,458,270,259
MTMR3_AGACCTCCATGCACCAAGCA,MTMR3,1890,639,772
MTMR3_ACTTACCTGTAGATGACGGC,MTMR3,232,222,243
MTMR3_TACCGAACTCCACGTCAGAA,MTMR3,1420,772,848
MTMR3_TTTCCAGGTCCTCGTGGAAA,MTMR3,1509,366,494
MTMR3_CAACAACGCCAAGGAGAGAG,MTMR3,964,216,224
MTMR4_ACACGGCAGCAGTGGCCAAC,MTMR4,448,561,646
MTMR4_CTTTAGCAATGGACGTGACC,MTMR4,403,22,8
MTMR4_CCTCACCTATACACAACCAC,MTMR4,1029,118,170
MTMR4_TGAGCACATACGTTGTCGAC,MTMR4,355,420,126
MTMR4_ACACTGTCAATCATCCGGAG,MTMR4,1298,90,235
MTMR4_GGCCTTCCTACAGGGTGAGG,MTMR4,412,35,220
MTMR6_TGGCTGACTACATCGACAAA,MTMR6,1579,653,595
MTMR6_TAGTTCCAAGTTCCGGAGCA,MTMR6,528,373,358
MTMR6_ATTCAGAACGACTACAAGGC,MTMR6,929,68,332
MTMR6_TCTTGCACTGTATCACAAGG,MTMR6,879,212,287
MTMR6_AGCTGCGGTCCTCCTTACCC,MTMR6,1388,55,74
MTMR6_GGAGCATATCCGGACGACCA,MTMR6,139,175,101
MTMR7_TTCTAGGCAGTGTCAGAGGA,MTMR7,3896,788,1202
MTMR7_ACCACTGCAGCTTAATGCAA,MTMR7,665,20,104
MTMR7_GGTGACACTTACTTTAGGCC,MTMR7,95,38,16
MTMR7_GCTGCCAGTAATGATTAGGG,MTMR7,497,26,21
MTMR7_CTGATACGCCTTGCAAGGCC,MTMR7,719,157,148
MTMR7_GAGACACTCGATCTACCAAG,MTMR7,1543,217,266
MTMR8_CCAACCGAGCAGCTGGGAAG,MTMR8,2629,787,448
MTMR8_GCCATTAGCCAAACAAACCC,MTMR8,588,288,251
MTMR8_TTGTAGAGGTAGGAGAGCAC,MTMR8,1521,355,157
MTMR8_TGGGAATACCCAACAGAAAC,MTMR8,1373,451,654
MTMR8_GAAGTTACCCATCACTAGCC,MTMR8,617,215,213
MTMR8_AAGCCTCCACATAGATCAGG,MTMR8,83,30,28
MTMR9_ACATCGACGCCATCGACAAG,MTMR9,1601,455,490
MTMR9_CGATGATGAAGCTCTTCGGA,MTMR9,532,227,151
MTMR9_AAACGGGAGGAGGTGCAAGG,MTMR9,1824,211,281
MTMR9_TAGCGGCTCAGTGCATCGAC,MTMR9,798,151,107
MTMR9_AGGCCCTGATTGAAAGAGAG,MTMR9,573,232,249
MTMR9_AAGAACAGGGAAACTGACGA,MTMR9,819,62,155
MTNR1A_TGTGGACAGCTCTAACGACG,MTNR1A,745,391,316
MTNR1A_GGAGCTGACGGACTGGGCGA,MTNR1A,210,290,143
MTNR1A_ATTTAACAACGGGTGGAACC,MTNR1A,377,134,156
MTNR1A_TCTTGTTCCGATACACCGAC,MTNR1A,377,360,275
MTNR1A_GATACACCGACAGGATGACC,MTNR1A,194,8,0
MTNR1A_ACAGGGACCATGCAGGGCAA,MTNR1A,667,62,71
MTNR1B_GAGTCTGCGATGTCAGAGAA,MTNR1B,1021,430,421
MTNR1B_GACAGCGCTGGAGCCACCCA,MTNR1B,396,71,120
MTNR1B_GCTCATCGTCACCACCGCCG,MTNR1B,545,14,31
MTNR1B_CTTCTATGACGGCTGGGCCC,MTNR1B,523,171,201
MTNR1B_CGCCAGCACCCAGTACACGG,MTNR1B,4007,852,873
MTNR1B_ACACGACAGCGATAGGGAGG,MTNR1B,1014,364,433
MTO1_GACACGATCGGTGAGGAGCG,MTO1,516,175,284
MTO1_TTTCCGATGCCACCAAAGGA,MTO1,561,394,309
MTO1_CCACTGCTTACTGTTCAGGA,MTO1,1817,859,613
MTO1_GGATTGGAGACGCATCCAGC,MTO1,489,3,164
MTO1_TTGGTTGGAACCTGAAGGAA,MTO1,804,257,271
MTO1_GAAGAATCACGAACCTGGCA,MTO1,269,211,119
MTOR_GGGCTGTACAGCCTGGAAAC,MTOR,1046,537,285
MTOR_CAGCTCGTTAAGGATCAACA,MTOR,1319,77,25
MTOR_TGGCCAGCTCACGGAGAACC,MTOR,1835,0,22
MTOR_TGCAGCTAGCCTCATAGGAG,MTOR,1776,62,163
MTOR_CCTCTCATTGGCATCTGAGC,MTOR,348,28,13
MTOR_GAGCCGGAATGAGGAAACCA,MTOR,549,0,0
MTPAP_CCATATCAAGTAATCGGCCC,MTPAP,1247,265,237
MTPAP_AGAACCTCACGAGCGGACAC,MTPAP,1389,91,265
MTPAP_TCATACTCCAAGCACGGCCA,MTPAP,1397,302,237
MTPAP_CCGGGCACACAGGTTCAAAC,MTPAP,2730,944,776
MTPAP_AGAGGGCAGCGCCAAAGACG,MTPAP,985,379,242
MTPAP_CACAACATACGAGGGCCAGA,MTPAP,929,190,461
MTPN_ATCAGGGAGAAGATGTCAAC,MTPN,521,98,89
MTPN_GGTGAAAGACTATGTGGCCA,MTPN,407,30,19
MTPN_CGCTGCAGTGATGTGCGACA,MTPN,2436,800,510
MTR_GCCGACACCAAGGACTGGCC,MTR,0,0,31
MTR_TGGCATTGATCTCATCCCGC,MTR,1243,150,126
MTR_TAATCCGGCCTTTCCACAGA,MTR,776,78,67
MTR_TGTTGAAGCATACCAAGAGC,MTR,909,348,418
MTR_GAACTTACAAAGATAGGCCG,MTR,163,112,403
MTR_AGATGGATCACTCACCAGAG,MTR,827,570,766
MTRF1_AGGATAGAGTCAGTGACCAC,MTRF1,664,223,181
MTRF1_TCTAGCTCTCAACACACGAA,MTRF1,1592,101,110
MTRF1_TTCGAGCCAAAGGAGCAGGA,MTRF1,896,225,462
MTRF1_ACCGTCACCGGAAATTCGGG,MTRF1,1235,34,85
MTRF1_TTTCCAGAGCCTTGTGCCAA,MTRF1,458,175,362
MTRF1_AATGGAGCTGGATGTGACAC,MTRF1,499,42,367
MTRF1L_TATGCCTTACCTCAGTAGGC,MTRF1L,534,52,105
MTRR_TACCCAGTAACCCATACCGC,MTRR,211,45,76
MTRR_GCCCGGCATTTCTATGACAC,MTRR,1212,181,368
MTRR_TAGAACTTGTGGTTGAGCCG,MTRR,1157,261,434
MTRR_TGCTCGGATTTCAAGACACC,MTRR,751,324,729
MTRR_TGTCACTGGTATAGTCCACA,MTRR,501,369,179
MTRR_CACAACAGAGGTTCTGCGGA,MTRR,682,534,223
MTSS1_CCTACCTGTTCACTTGAGGA,MTSS1,971,335,288
MTSS1_GAGCACTGTCCAACTGAGGC,MTSS1,552,54,288
MTSS1_GACTTACCAAGAGTGTCCAC,MTSS1,149,28,0
MTSS1_CTGGATAAAGACCACGCAAA,MTSS1,3584,507,813
MTSS1_AGATTGGATCTGCTCTCACC,MTSS1,279,152,58
MTSS1_CGCTGATGATGGTCTGGAAG,MTSS1,2321,4699,1229
MTSS1L_CGTCGATGATGCCCTGCAGG,MTSS1L,919,94,30
MTSS1L_CTGCAGAAGAAGGCGCGCAA,MTSS1L,1370,514,908
MTSS1L_CGCCACCCTCACCTTTCGCG,MTSS1L,1474,566,296
MTSS1L_GCTTGGTCTCGATGCTGCGG,MTSS1L,1302,120,124
MTSS1L_ATGGCTACCAACACCCGAGG,MTSS1L,586,149,98
MTSS1L_TCATGTCGTTGACTATGGCC,MTSS1L,279,52,73
MTTP_ATGGTATTCTCTGGACGCAA,MTTP,483,27,37
MTTP_CCAGTTGATCCAAATAACGG,MTTP,2284,546,478
MTTP_GAGCTGAAGACAACCGAAGC,MTTP,1495,496,586
MTTP_GGGATGAGAAGCAAATCCAC,MTTP,0,45,46
MTTP_AAGAATGCCCTGCTTCCAGA,MTTP,787,8,66
MTTP_TATGACCGTTTCTCCAGGAG,MTTP,1262,379,296
MTUS1_CACATACGACTGACGGCCAA,MTUS1,1145,337,597
MTUS1_ACATGAGCCCTGGATACCAA,MTUS1,974,151,138
MTUS1_TAGTGCCTCTCTGAACCAGC,MTUS1,1,8,49
MTUS1_AGTCCTGCGCTGCGGAGGAC,MTUS1,201,67,10
MTUS1_CGCCTCAAACAGGAAACAGG,MTUS1,519,163,57
MTUS1_TCTAACTCAGCATGCGAGAC,MTUS1,1024,470,532
MTUS2_AGGCATGGTACATGTGGGCG,MTUS2,1338,411,1710
MTUS2_GCTCTTTGCAGATGGTAAAC,MTUS2,778,646,759
MTUS2_GGGAGACGTGAGTATCCGGG,MTUS2,0,0,10
MTUS2_AAGGCACAAAGTCTTACCAG,MTUS2,1314,325,121
MTUS2_AGGACTGCGGCAGCTCGAAA,MTUS2,707,373,352
MTUS2_TATAAGGCTTGCAGCAGCAA,MTUS2,17,125,185
MTX1_GAGGCTTCTTCTGGCCCGAC,MTX1,60,9,39
MTX1_CCCTGACCGCAACGATCGGA,MTX1,732,112,259
MTX1_CCTGACCGCAACGATCGGAG,MTX1,944,542,368
MTX2_CCATTCTCTTAGTGATGGGC,MTX2,52,164,5
MTX2_GCCTACTGAACTTGACGCAC,MTX2,319,299,198
MTX3_TCTACCGTTTCTTGTCCAGC,MTX3,224,136,211
MTX3_CCTCTACCACCTCCGAGAAG,MTX3,611,195,55
MTX3_AATAGGATTCTCCTGACCAG,MTX3,781,158,132
MTX3_AGGGACTCGCTGTGAACCGA,MTX3,477,52,109
MTX3_CCCAGCAACTGAGTTCCAAG,MTX3,1806,1096,977
MUC1_ATGGGTGGAGCACTATGCCC,MUC1,185,0,39
MUC1_CCGAAAGAACTACGGGCAGC,MUC1,213,256,284
MUC1_TTGACTCTGGCCTTCCGAGA,MUC1,1130,26,206
MUC1_GCCGAGGTGACATTGTGGAC,MUC1,731,122,180
MUC1_TCACCTCGGTCCCAGTCACC,MUC1,548,204,106
MUC1_CTGAAGCTGGTTCCGTGGCC,MUC1,561,347,438
MUC12_GGTGATCTGGATTCTGACGC,MUC12,165,1,53
MUC12_TAGCAAACTCCACCAAGCCC,MUC12,1751,112,441
MUC12_ACAACTTTCCACAGTAAGCC,MUC12,770,217,520
MUC12_TCCACAGGGTTGTGCCAGGA,MUC12,1366,751,968
MUC12_ACGATTCCCACTTCCAGCAA,MUC12,2134,765,604
MUC12_TTTGGTGCACTTGTTCACAC,MUC12,867,343,451
MUC13_GACTCACCTAATAGTCAGGG,MUC13,361,11,95
MUC13_ACTCACCTAATAGTCAGGGC,MUC13,216,22,40
MUC13_TCACCAATCTTGGAGCAGAA,MUC13,2150,559,566
MUC13_GAGAATGACAATGCCAGCGA,MUC13,936,356,267
MUC13_GGTGCTGGTCTCCAATAAAG,MUC13,212,132,116
MUC13_CTCCAATAAAGCGGTGCCAG,MUC13,97,178,152
MUC15_TCTGCGATTAGACAATGCAC,MUC15,636,179,194
MUC15_TGTCGTCATAAAGTCGCCGA,MUC15,1023,343,223
MUC15_CCCTTGATAGTGGAACCAAG,MUC15,997,552,211
MUC15_ACTCGCCTTGAGATTTGAGG,MUC15,382,174,107
MUC16_TGGTGGAGATCCAGGACCGA,MUC16,605,464,422
MUC16_TGTTGTCAGTACAGCTGAAC,MUC16,831,856,637
MUC16_CCCAATGAAGCAGCACACAG,MUC16,2476,1641,1473
MUC16_GCACTTAGTGATGTAGCGCC,MUC16,1,59,184
MUC16_CACCATAAAGATGTCAAGCC,MUC16,1491,648,1284
MUC16_TTCACTCGTAGTGAGAAGAC,MUC16,1174,337,363
MUC17_CTGTCTCAGCACGTTAGGAC,MUC17,1284,574,673
MUC17_GCTTTGGTAGAGGTGAGCAA,MUC17,285,125,235
MUC17_ACGGCCTCTCGCTGCAAGAA,MUC17,1761,573,596
MUC17_GGAGACTATCTCTGCCCAAA,MUC17,563,91,221
MUC17_ACCAGAGGACTGCCGGAAGA,MUC17,845,379,288
MUC17_ACGGAAACTCACTGGTACAG,MUC17,1272,415,263
MUC2_TGCTGCAGACGTTGTGGCCG,MUC2,1160,511,1074
MUC2_TCTTCTCAATGAGCAGCCCG,MUC2,1420,120,170
MUC2_TCCGGGCCTCACCGTCAGAG,MUC2,1004,158,304
MUC2_GGGACTCACGTGCTCGGAGC,MUC2,144,146,103
MUC2_CTGGCGGGAGAACTCGGCCA,MUC2,906,296,125
MUC2_CCTGTGCGAGGAGCACCGCA,MUC2,932,167,238
MUC20_GGCAGAAAGGCTGATGCAGC,MUC20,2,63,71
MUC20_AGACCTGGAAGTGAGGCGCG,MUC20,738,200,305
MUC20_TCCTTACTGCGTGTCAGGAG,MUC20,1095,290,421
MUC21_GAGTTCCATACAACCTCCAG,MUC21,689,30,12
MUC21_GGAAGATTTCCCACGGCACC,MUC21,741,146,112
MUC21_CATGGTTGAGGCCATGAGGG,MUC21,169,73,48
MUC21_GAACCAGTTAGGACTCCACC,MUC21,135,4,134
MUC21_CGATAGCCATGGAGATGAGC,MUC21,423,160,49
MUC21_TAGCCATGGAGATGAGCGGG,MUC21,176,191,204
MUC22_GGTGTTAGAGCCTGCAGCGG,MUC22,208,268,308
MUC22_TGGTGTTAGAGCCTGCAGCG,MUC22,1210,760,654
MUC22_ATCACCACCACCTCTACGGC,MUC22,1061,240,266
MUC22_TTCATAGGCACCAGAACCAC,MUC22,1618,184,535
MUC22_AGCAGCCACAACTGCAGCCA,MUC22,335,451,233
MUC22_CATGGCGGGCATTATGGACA,MUC22,1155,317,341
MUC4_TCCACTGGGCAGGATAGGCG,MUC4,2160,309,355
MUC4_AAGTCAGCATCGTCCCAGAA,MUC4,4261,1958,1625
MUC4_GGGACCTGGAGTTCGTCAGG,MUC4,65,74,1
MUC4_ACACCGTCACTGAAGACAGA,MUC4,394,118,299
MUC4_CTCTGTAGTGTCAACACCAG,MUC4,2058,147,389
MUC4_TACCTGGGACCACATGCGGA,MUC4,235,428,100
MUC5B_TGCCTGCGGCACCACGAGCA,MUC5B,242,75,92
MUC5B_CATCTGCTTACGGCTCAGGC,MUC5B,242,155,85
MUC5B_TTCAACGTCCAGCTACGCCG,MUC5B,1729,560,642
MUC5B_GAACGGAGAGGACAGTGCCC,MUC5B,469,82,44
MUC5B_CATAGAACTCGTTGAAGGCC,MUC5B,833,39,105
MUC5B_CTTTCTTCCCGGCAGACGCC,MUC5B,190,74,71
MUC6_GCTAAGCTGCCAGGCGGACG,MUC6,464,207,158
MUC6_CTCCAGAAGCTGGACGACCC,MUC6,1629,387,428
MUC6_CAACGAGTTTGTCAGTGAGG,MUC6,1092,254,251
MUC6_AGCCTGCCCTATACCAGCAA,MUC6,1264,970,597
MUC6_TTCGCTCACAGTGACGACGG,MUC6,1388,180,257
MUC6_CACTGTGCACCATGGTCCAG,MUC6,869,144,96
MUC7_GCTGATGGGAAAGTCACAGA,MUC7,12,2,16
MUCL1_TCACTGCCAGTTGATACCCA,MUCL1,910,568,193
MUCL1_CTAGCTGGATACGTGTCAGC,MUCL1,783,68,186
MUCL1_GGTAGAGTGTGTCCCTGAGA,MUCL1,119,4,0
MUL1_GCTGCTCAGACACACTACAC,MUL1,693,260,174
MUL1_GCTTCCGGAGAATGAAGAAG,MUL1,761,92,87
MUL1_ATCAGCGGTGAGCGGCCCAA,MUL1,538,21,104
MUL1_CTTGAGCTCTTGGGAGACCC,MUL1,1013,53,81
MUL1_CGTGTACCGGCAGAAGGCCC,MUL1,449,177,223
MUL1_CCGCCGTCATGGAGAGCGGA,MUL1,569,80,84
MUM1_AAAGCGATTATGGCCTGCGA,MUM1,343,30,43
MUM1_CTTACCTAACGAGGAAGCAA,MUM1,720,93,133
MUM1_CCTATTCTTGACGCCCAGAA,MUM1,1135,493,596
MUM1_GGGATCGTCCTCCCTGACCC,MUM1,376,10,51
MUM1_TTCCTCCAGGATAGAACGCA,MUM1,472,154,194
MUM1_ATTGTAGAATCAAGCCAGGG,MUM1,477,147,167
MUM1L1_TAGTCCTAATGAGGCAGCAA,MUM1L1,737,211,167
MUM1L1_TACCAGGGTGTCTTGAGGAA,MUM1L1,1903,581,636
MUM1L1_GAATATTGAGGATCCTGGAG,MUM1L1,678,46,56
MUM1L1_GGACCGAGCCAACAAGAACC,MUM1L1,1230,252,242
MURC_CATCTTCTGTAACACTCGAC,MURC,180,156,337
MURC_TAAAGATGTGAAAGCCCGGG,MURC,132,15,73
MURC_AAGATGCGCAGCCTCAGGAA,MURC,840,356,234
MURC_GCTCAGTGAACCAGAACACG,MURC,1626,292,270
MUS81_TCAGCCAGCGAACGAAGAGC,MUS81,1664,118,84
MUS81_TCCTACAGCACTTCGGAGAC,MUS81,783,283,212
MUS81_GGTGCTCTACCGGGAGCACC,MUS81,3,14,0
MUS81_TGGTCACCACTTCTTAACCA,MUS81,1191,168,229
MUS81_GGACCAGGTTCCTGTGAAGG,MUS81,1529,199,287
MUS81_CACTTAGTGCCAGTGAAGCA,MUS81,800,233,336
MUSK_AGAGCTCGTCAACATTCCAC,MUSK,471,51,92
MUSK_CACCACTCCTCTTGAAACAG,MUSK,2475,833,928
MUSK_CATAACCACTTACCCTGAGA,MUSK,833,39,79
MUSK_CTCCTATGCGGACCCTGAGG,MUSK,525,118,202
MUSK_TATGTGAGAGACATCGGAGA,MUSK,718,119,55
MUSTN1_CCTTGGAAGCACCAATAAAG,MUSTN1,1056,465,507
MUSTN1_CGGGTGCGGCTGAACACCGA,MUSTN1,414,110,184
MUSTN1_GGGTGCGGCTGAACACCGAC,MUSTN1,527,120,84
MUSTN1_GGTGCGGCTGAACACCGACG,MUSTN1,831,221,213
MUSTN1_CACCACACTCTCGCATGACC,MUSTN1,1495,1,144
MUT_GGTGAGTGGAGCATATCGCC,MUT,208,20,45
MUT_CAGTGGATGCATCTCGGGCA,MUT,1934,220,616
MUT_CCGTACTGCAATAGAAGCAA,MUT,2111,273,311
MUT_TGGATGGTCACTTACTGAGC,MUT,1520,317,280
MUT_CTGGCCTATACTTTAGCAGA,MUT,567,253,138
MUT_AGACCTAATATGGCACACCC,MUT,678,253,258
MUTYH_TGCCTCTATCGCCTTTGGCC,MUTYH,156,126,44
MUTYH_GGCCACGAGAATAGTAGCCC,MUTYH,455,47,0
MUTYH_GGTCATGCTGCAGCAGACCC,MUTYH,41,3,0
MUTYH_CTGAAGTCACAGCCTTCCGA,MUTYH,943,88,161
MUTYH_TCCTTACCATCACAGGCAGA,MUTYH,196,240,84
MUTYH_ATGGCCGCCGACAGTGACGA,MUTYH,682,76,104
MVB12A_GCAGGATGGATCCCGTACCC,MVB12A,621,307,663
MVB12A_AGATCTCCTGCACCGTCGAG,MVB12A,604,139,70
MVB12A_GCGTTTCTTCTTGGACACAG,MVB12A,2351,687,669
MVB12A_CTTTGCCATCTGGTGCAAGA,MVB12A,1313,594,729
MVB12A_TTGACGCTGTCCGCTCCAGG,MVB12A,272,117,36
MVB12A_GCATTACTGTTCCTTAAGGC,MVB12A,469,269,288
MVB12B_CAGAGACCTACCTCCTCAGA,MVB12B,627,26,190
MVB12B_TGACTTCAGGCATGGTGGAC,MVB12B,320,332,215
MVB12B_CAGGGCTCCAGCCCATGAGC,MVB12B,454,185,200
MVB12B_CATCCCAATTCAGGAGACGG,MVB12B,1365,121,189
MVB12B_GCAGCTTCCGTTGAATCCCG,MVB12B,714,109,221
MVB12B_CGACAAGGCCTCACCTGGGA,MVB12B,1405,153,408
MVD_GGACAGCATCGCTCGGCAAG,MVD,578,391,274
MVD_CTGTGGGCACCCACCTAGGC,MVD,868,249,109
MVD_CTGCCTGCGGGAGAGTGAGC,MVD,849,282,188
MVD_GGGCAAGCGCGATGAAGAGC,MVD,442,209,59
MVD_AATCGCTAATGGGCAGGCGC,MVD,295,136,42
MVD_CATGGCCTCGGAGAAGCCGC,MVD,296,1,32
MVK_TTGTACCTTGCCATGTACCA,MVK,1093,339,383
MVK_ACCCAACATTGGTATCAAGC,MVK,3095,268,387
MVK_TTTGCCTGTGGAACAGAGCA,MVK,536,129,139
MVK_CTACGATATCCAGGCTCGGC,MVK,265,76,471
MVK_GACAGCATTGTCCACTCCGG,MVK,136,113,67
MVK_CTTCCCTTGATGGTATCGGA,MVK,737,104,476
MVP_GATGAACTCTTCAGTTGCCA,MVP,9,0,21
MVP_GCCGGATCTCGAGGTCAGCG,MVP,1064,512,298
MVP_AAGGAGTGCTGGGACCGGGA,MVP,207,0,87
MVP_CCTCCCAGCGGTGTTTGAGG,MVP,387,94,142
MVP_CCTCGTGGACATCTGGCACG,MVP,2120,755,544
MVP_GCAGGATGTCAAGACCGGAA,MVP,1027,221,241
MX1_CTCCATTCAGTAATAGAGGG,MX1,1104,124,260
MX1_GATCGTGACCAGATGCCCGC,MX1,306,7,74
MX1_TAGCCCAGAATGCCATCGCC,MX1,245,129,569
MX1_TGAAGACAAGGTTGTGGACG,MX1,907,690,613
MX1_TCCGACACGAGTTCCACAAA,MX1,2466,815,863
MX1_GCACCTGATGGCCTATCACC,MX1,597,53,0
MX2_TGTGGTGGCACTGTGCCGAA,MX2,1830,442,382
MX2_CTTCCGGCCCATGCCTCACA,MX2,49,435,366
MX2_CCACCCTGGTGATGCCGGGA,MX2,838,366,316
MX2_CCATGAGGTGGACCCGGAAG,MX2,1333,511,538
MX2_CCAAACCAGATCTAATGGAC,MX2,952,495,425
MX2_GCATCAGTACATCCAGCAGC,MX2,703,199,541
MXD1_AGGCGGCCGACTATCTGGAG,MXD1,1130,506,185
MXD1_CGGCCGACTATCTGGAGCGG,MXD1,1456,1705,665
MXD1_TGTGCCTGGAGAAGTTGAAG,MXD1,822,287,332
MXD1_GCGACACCTGAAGAGGCAGC,MXD1,353,303,50
MXD1_GGGCATTGAGAGGATCCGGA,MXD1,125,19,4
MXD1_AATAGCCCTCATCACTGCCG,MXD1,334,29,90
MXD3_CATTAGGCAAGACTATGGAC,MXD3,1058,349,506
MXD3_GCTATGATGTTCCTCACCCA,MXD3,893,309,295
MXD3_ACAGGAGGGCCCAGTTGAAG,MXD3,2641,502,335
MXD3_CTGGACTGCGATGCGGGCAC,MXD3,802,128,2
MXD3_TGGACTGCGATGCGGGCACA,MXD3,851,293,138
MXD3_TTCCTGGAGCGCCGTGAGAG,MXD3,1847,487,643
MXD4_CACTCTATTCTCCCTAGAAG,MXD4,1131,416,404
MXD4_AACTGGAGGAGCAGGACCGC,MXD4,1554,339,182
MXD4_GCACCTTGGCCCGCTTCAGG,MXD4,273,171,65
MXD4_CATCTGCCTGGAGGATAACG,MXD4,1772,312,226
MXD4_CTGGCGAAGTCGCCGTCGAA,MXD4,1085,624,506
MXD4_GGCCGAGTACCTGGAGCGCA,MXD4,1208,698,616
MXI1_GCTCCTCCATGGGCAAACGC,MXI1,1123,297,168
MXI1_CCTCCATGGGCAAACGCGGG,MXI1,946,118,138
MXI1_CGGCATGGACGGGAATGAAG,MXI1,3446,308,597
MXI1_CTCGTTCCAAATTCTCGAGC,MXI1,138,86,25
MXI1_GATCGTTCTGATTCAGAGCG,MXI1,1087,241,163
MXI1_CCGAGTATTGGGAGTGACGA,MXI1,2097,317,287
MXRA5_CGCGGGAGAGGATAGGAAGA,MXRA5,568,106,91
MXRA5_CGCGCTGTTCCTGACCAAGC,MXRA5,1023,847,992
MXRA5_CGTGGCCAGCAATGCAGCCG,MXRA5,3106,1189,768
MXRA5_TCGTCACTGGACCAACAAAC,MXRA5,1648,835,1034
MXRA5_ATCCATGGGCGCTTTCAGGA,MXRA5,1021,339,186
MXRA5_CCTGCGATTGTGAGATGAGA,MXRA5,1032,449,313
MXRA7_CAGTCTACATGTCGTAGAGC,MXRA7,580,438,155
MXRA7_TCTTCTCGACAGAGTTCAGA,MXRA7,61,60,1
MXRA7_TCTTCCTGCAAGACAAGGAC,MXRA7,579,192,73
MXRA7_CTGGGAAAGGCCAAGGCCGA,MXRA7,380,244,125
MXRA7_AACAGGCACCCACCTGGGAA,MXRA7,847,154,267
MXRA7_AGCCTCAACAGGCACCCACC,MXRA7,444,88,81
MXRA8_TGGTCCGAGTATTCGTAGCC,MXRA8,635,286,323
MXRA8_CGGCCAGGCTCTCGTAGAGG,MXRA8,1207,440,213
MXRA8_AGCAGCGCGTGTACGAGGCG,MXRA8,485,542,476
MXRA8_GATTCGGGATGGCAGCGCCA,MXRA8,336,115,32
MXRA8_ACGGACCTGTGGCCGCACAG,MXRA8,346,167,59
MYADM_CACGCTAGCCACCAGCGAGA,MYADM,656,247,277
MYADM_ACACGCGATGCAGGAGAAGA,MYADM,742,441,424
MYADM_GCTATATGGCCACCGTACCC,MYADM,416,134,141
MYADM_CATCTCTCGAGCGCCGAGGC,MYADM,227,45,75
MYADM_CTTACATCTCTCGAGCGCCG,MYADM,199,291,240
MYADM_TAGGTTGATGGCCGTCAGGA,MYADM,528,278,302
MYADML2_TGAAGATGGCCACCACCAGC,MYADML2,897,237,366
MYADML2_TTGGGATCGAAACAGAAGAC,MYADML2,1014,222,226
MYADML2_AGTGTGATGGGCCACACAGG,MYADML2,341,104,48
MYADML2_GAGTGTGATGGGCCACACAG,MYADML2,971,94,158
MYADML2_AGCCGTCGCGCATAGCAGGG,MYADML2,1008,242,103
MYADML2_CAGGGTGGCCAGCATGGCGA,MYADML2,749,64,223
MYB_AACAAGGTGGACCCGGGAAG,MYB,659,236,883
MYB_ATGTGCAGTGCCAGCACCGA,MYB,650,133,303
MYB_TTACCAGGCACACAAGAGAC,MYB,1553,486,415
MYB_GAATTCTACAATGCGTCGGA,MYB,221,14,68
MYB_TTAGCGACTGGGCAGCCAAC,MYB,633,765,653
MYB_GATCATGCACCTTGCTGGCG,MYB,1534,391,221
MYBBP1A_CCCACGGTTCTGGAAGGAGG,MYBBP1A,848,94,235
MYBBP1A_CCGCCCACCTCCATCACACC,MYBBP1A,4265,766,870
MYBBP1A_CAGCCGACCTGACTGAAAGA,MYBBP1A,641,0,0
MYBBP1A_GCTGCAGGATGCTGCACAAG,MYBBP1A,622,15,11
MYBBP1A_GCCAGGGCCAAACTGTAGCA,MYBBP1A,402,25,47
MYBBP1A_AAGCGACGCAGAGTGGCGCC,MYBBP1A,242,0,0
MYBL1_CCAGGCAGCGAACTTAGGGA,MYBL1,1518,806,937
MYBL1_CAGCGTTTGCCTCCACGGCC,MYBL1,931,190,349
MYBL1_ACCCACAAAGTTCCTGGCCG,MYBL1,640,657,858
MYBL1_TTGCCAAACTACTTCCAGGA,MYBL1,1056,1201,760
MYBL1_TGGCGAAGAGGTCGCGCAGG,MYBL1,634,240,401
MYBL2_GGTCAAATGGACCCATGAGG,MYBL2,217,39,24
MYBL2_TCACAGGGAAGTGGCTGGCC,MYBL2,674,451,747
MYBL2_TGAATCCAGACCTTGTCAAG,MYBL2,1253,159,129
MYBL2_TTGCCAAGCACCTGAAGGGC,MYBL2,861,133,67
MYBL2_AGCTCCAGCAGCAAGTACAC,MYBL2,710,212,227
MYBL2_CTCCTTTATGGTAGGAGGGA,MYBL2,1,57,140
MYBPC1_CCAGAACCCACTAAGAAAGA,MYBPC1,1770,477,316
MYBPC1_GCCGGAACTACACCAGCAAA,MYBPC1,1223,1142,876
MYBPC1_TGGAGGCAAGGCGCTAGGCG,MYBPC1,1799,419,1109
MYBPC1_AGGTTTGGGTAGTCGGGCCC,MYBPC1,211,94,84
MYBPC1_CCCAGGAGGAGTTTCGACAA,MYBPC1,1869,841,669
MYBPC1_GCTTCCCGGCTTTGCTGGCC,MYBPC1,465,113,267
MYBPC2_GACTCCGTCTCAGTGGAGAC,MYBPC2,0,136,315
MYBPC2_CAGACAAACCGACCATCAAG,MYBPC2,676,363,278
MYBPC2_CCTCGAGGCGGTAATACCCA,MYBPC2,30,30,23
MYBPC2_GGGCTCACCTCTTCTTCAAC,MYBPC2,401,131,125
MYBPC2_GGAGCTCCCAAATCTCCGGG,MYBPC2,155,23,22
MYBPC2_GCTGGATCCAGCCTACCAAG,MYBPC2,338,66,26
MYBPC3_GCGATGCGCTCGTACTCAGA,MYBPC3,999,207,392
MYBPC3_GGATGGCCACTCACGTGCGG,MYBPC3,531,44,307
MYBPC3_CCGCTGTGAGGTGTCCACCA,MYBPC3,1301,453,978
MYBPC3_CCCTTGAACCACTTGACCAC,MYBPC3,1091,76,101
MYBPC3_GAAGCCACGGTCAGTGGAAG,MYBPC3,847,165,236
MYBPC3_TCTCTCAGGATGCCTGAGCC,MYBPC3,334,97,72
MYBPH_GGCGAGCTCCTTGGTGACGG,MYBPH,591,284,223
MYBPH_TCTGGGCCTACAGAGAAACC,MYBPH,942,257,258
MYBPH_AGCGGGTGAGCATGCGCACC,MYBPH,304,93,166
MYBPH_GGTTGACCGTCTCTCCCACC,MYBPH,142,40,47
MYBPH_AACTCACTGCAGACACGCGC,MYBPH,882,248,143
MYBPH_GATACTGCCACTTCTCCGGG,MYBPH,174,31,198
MYBPHL_CGCGGACACAGCAGAAGAGC,MYBPHL,739,385,418
MYBPHL_CTGTTTCACTGAGTCCGCAC,MYBPHL,1034,115,234
MYBPHL_GCTTCAGCGCTACACTGGAA,MYBPHL,1108,607,802
MYBPHL_CTACCAACTCCGCGTGCAGC,MYBPHL,1164,116,617
MYBPHL_GAGGCAGACCTACATCCGGA,MYBPHL,86,111,14
MYBPHL_TGGTTCAGCATCCGCTGGGC,MYBPHL,170,135,112
MYC_GCCGTATTTCTACTGCGACG,MYC,907,0,37
MYC_CTTCTCCACGGCCGACCAGC,MYC,725,1,0
MYC_CTCTGAGACGAGCTTGGCGG,MYC,1506,79,118
MYC_CAAGCTCGTCTCAGAGAAGC,MYC,1016,177,19
MYC_CAGGCTGCGCGCAAAGACAG,MYC,1751,23,86
MYCBP2_CACTTCTCAGTTGGACACGA,MYCBP2,1054,342,526
MYCBP2_AAGGATAAGCCCTGAAACAC,MYCBP2,665,154,124
MYCBP2_ACTGGGATGAATGACAGCAC,MYCBP2,1108,59,179
MYCBP2_GGACCTCAGGTGGCTCAGAC,MYCBP2,676,804,594
MYCBP2_TACGCCATTGCGTTCTGGAA,MYCBP2,994,687,525
MYCBP2_TGCGCTCAATGACAGGGACC,MYCBP2,1349,154,175
MYCBPAP_CAACGTTTCATGGTGCCGGG,MYCBPAP,824,177,50
MYCBPAP_ATCTTAGGGTGGCATGCAGG,MYCBPAP,764,67,53
MYCBPAP_TCTTGCCTTGGCCATTAAGA,MYCBPAP,446,157,121
MYCBPAP_GGTGTACCGGAGTAGTCCAG,MYCBPAP,230,0,19
MYCBPAP_ACTTGCTCGAGGGAACACCC,MYCBPAP,718,217,238
MYCBPAP_TTCCTGCTGCTTCTTCCGCA,MYCBPAP,851,379,118
MYCL1_GCGCCAAGAATCGCGAACGC,MYCL1,810,387,345
MYCL1_TGCTTCATGCAGGGATCCAG,MYCL1,538,139,175
MYCL1_TGGGTCTTGGGTTCGCCCAG,MYCL1,577,196,182
MYCL1_CAGCCTCGAAGCCGGCAACC,MYCL1,882,291,197
MYCL1_GGAGACGAAGCGGAATCCCG,MYCL1,0,8,16
MYCN_TCTTCGTCCGGGTAGAAGCA,MYCN,925,244,392
MYCN_ATCTTCGTCCGGGTAGAAGC,MYCN,854,198,201
MYCN_CTTCTCCGCCCGCGAGAAGC,MYCN,106,15,18
MYCN_CTCGCGCTTGTTCACGGGAA,MYCN,1422,901,764
MYCN_TCACTCTCCACGTAGGGAGA,MYCN,18,63,59
MYCN_CTCACTCTCCACGTAGGGAG,MYCN,984,388,216
MYCT1_TGTATCCATGGCAATCGGGC,MYCT1,716,225,281
MYCT1_AAGTACCAGCCCGATTGCCA,MYCT1,1314,91,134
MYCT1_GCTTGAACTCCACTGTGAGA,MYCT1,252,192,50
MYCT1_AGTGGTGGACATTGCAGAAA,MYCT1,654,363,208
MYCT1_AAGTGGTGGACATTGCAGAA,MYCT1,1326,304,375
MYD88_CGTTCAAGAACAGAGACAGG,MYD88,718,261,168
MYD88_CCGGCAACTGGAGACACAAG,MYD88,2622,1027,851
MYD88_AGTATTGGACCCTTACCCAG,MYD88,662,160,225
MYD88_ACAGTATTGGACCCTTACCC,MYD88,607,275,194
MYD88_AGAGGTTGGCTAGAAGGCCA,MYD88,928,78,139
MYD88_GGTTGAGCTTACCTGGAGAG,MYD88,809,223,168
MYEF2_AGCCCTACCAAGTCTACCAA,MYEF2,690,78,118
MYEF2_GCACTAATAGGCTGTCCACC,MYEF2,612,22,138
MYEF2_GCATAGCTGGAACTGTGAAG,MYEF2,2110,446,468
MYEF2_CGTAGGGCATTGCAGCGAAC,MYEF2,2248,1192,954
MYEF2_AAAGACAAGAATTCGGGCGC,MYEF2,666,232,190
MYEF2_CGGGATGGCGGACGCCAACA,MYEF2,1540,449,505
MYEOV_CGGAGACAATGACACCAGGA,MYEOV,1498,613,681
MYEOV_ACCACGGAGACAATGACACC,MYEOV,1913,41,14
MYEOV_CATTAGCTCGTGCCCTGAGG,MYEOV,597,367,204
MYEOV_AGGGCAGCTCGATTCTGCCA,MYEOV,129,96,147
MYEOV_GAGCTGCCCTGACTATGAAA,MYEOV,886,162,304
MYEOV_CGCATGGGAGTTAGGAGGAC,MYEOV,1804,998,542
MYEOV2_TACGGAAGAACCAATCCAAG,MYEOV2,587,103,213
MYEOV2_CTTACCTCTTCCGACACCAC,MYEOV2,386,537,484
MYEOV2_TCCGTGGGAAGGCAGCAGAG,MYEOV2,1439,603,332
MYEOV2_GGACCTGGACGAGGTGGCAC,MYEOV2,324,106,47
MYEOV2_ATCTGCCATGTGGCGCGCGC,MYEOV2,282,139,139
MYF5_GGACGAGTTTGTGCCGCGAG,MYF5,1236,401,468
MYF5_CTCTGCTTTGTGCGCTCCGA,MYF5,281,183,273
MYF5_AGGCTTTCGAAACCCTCAAG,MYF5,549,75,68
MYF5_CTGCTCTTTCTGGACCAGAC,MYF5,1555,1024,1167
MYF5_CAACCCAGGTTGCTCTGAGG,MYF5,310,79,76
MYF5_TGTGAATCGGTGCTGGCAAC,MYF5,480,405,510
MYF6_CCACCCTGCGCGAAAGGAGG,MYF6,43,115,58
MYF6_TTAGCCTCCTCCTTTCGCGC,MYF6,926,416,610
MYF6_GCTGATCCAGCCGGTGCAGC,MYF6,0,8,31
MYF6_GGAAATCCGCACCCTCAAGC,MYF6,1231,262,283
MYF6_GATCGGAAACACTTGGCCAC,MYF6,69,43,106
MYF6_TCCACCACTTCCTCCACGCA,MYF6,2549,1100,1194
MYH1_GCTGATTAGGAGACCCACCC,MYH1,341,298,281
MYH1_TAGTTCTGTGCTGAGTGAGC,MYH1,481,203,188
MYH1_CTAGTTTCACAGCTCTCGAG,MYH1,1152,182,219
MYH1_CGCCTGCAAACAGAATCAGG,MYH1,244,132,299
MYH1_GGATACTCACAGCTTGAACC,MYH1,54,447,185
MYH1_GCCAGTGTATAATGCAGAGG,MYH1,1288,544,262
MYH10_AGGGATCCGAATCTGTCGCC,MYH10,490,21,47
MYH10_AGACCCACGATACGGTCCAC,MYH10,938,159,67
MYH10_TGTCTGATGACTGGTGCAAA,MYH10,1431,740,945
MYH10_CTCCTGCTCCAGATAACAAC,MYH10,1896,508,606
MYH10_GCCTAAACCAGTGAAACACC,MYH10,503,264,190
MYH10_TTTACAATGGCGCAGAGAAC,MYH10,679,351,540
MYH11_TGGCAAACTTTCTGAGCAGC,MYH11,1186,746,806
MYH11_GGCAATCATGGGTTTCAGCG,MYH11,1592,336,445
MYH11_TTCGCCAAGCCAGAGACGAG,MYH11,3921,596,285
MYH11_CGTGGTGGCCTCCTCCCACA,MYH11,1592,472,193
MYH11_CCGGTAGGCCGTGTCTGCGA,MYH11,575,210,318
MYH11_TGCTACACAACCTGAGGGAG,MYH11,576,556,298
MYH13_GACATCGTACAAAGTGAGGG,MYH13,177,2,43
MYH13_GGCCGACACGGTCTGGAAAG,MYH13,2347,571,786
MYH13_CCTTCACCCTTGGACAGCAC,MYH13,2020,1600,1136
MYH13_GACCTCTCCTTGGCTCACGA,MYH13,1070,125,187
MYH13_GCTCACTCTGAACAATGACC,MYH13,8,358,254
MYH13_CATGAGCTCTGACGCAGAAA,MYH13,714,1120,943
MYH14_CGGCCTTGCTGAACTTGGGC,MYH14,864,600,891
MYH14_ACGTGTACGCAGTGACCGAG,MYH14,185,92,373
MYH14_GATTACTCACGTGCAGAGAA,MYH14,692,315,347
MYH14_CATCCAGTACCTCGCCCACG,MYH14,1361,305,311
MYH14_ATAAGACACGGTGCTGACGG,MYH14,622,108,344
MYH14_CCTGGCACTCACGAATCGGG,MYH14,306,75,99
MYH15_TTGTTCCAAGCCAGAGCACA,MYH15,530,447,249
MYH15_GGACAGGGCACCGACAGCAC,MYH15,921,434,330
MYH15_AGGATGCACTTTGGTGCCAG,MYH15,132,150,478
MYH15_GAAGTCATGGCCGCCTACAA,MYH15,898,212,454
MYH15_CCGCTTCAGGGTATGCAGCA,MYH15,1847,976,1105
MYH15_AGCTTCACTTCTTCTGAGGA,MYH15,1243,193,389
MYH2_CTGGTGTCTCAGTTATCAAG,MYH2,1927,158,450
MYH2_AATGACCTGACTGCGCAGAG,MYH2,767,516,514
MYH2_AACTTCGCATGGACCTAGAA,MYH2,610,230,293
MYH2_TTCCAACTTAAGGAAGCCGA,MYH2,16,177,56
MYH2_AACTTCTCTCAGCCTTAAGC,MYH2,241,219,98
MYH2_CTGGATGGTCCCTTTGACAA,MYH2,2089,813,1256
MYH3_GCCACGTTTGCCACGGCGGA,MYH3,780,244,248
MYH3_CACTCGCATTAACCAGCAAC,MYH3,1593,710,567
MYH3_ACTACCCGTTCATTAGCCAG,MYH3,370,41,227
MYH3_TGGAGTCCTTCTTCTTGGCC,MYH3,822,182,381
MYH3_GACCCTGGTGGTCAAACCAG,MYH3,275,10,164
MYH3_CAAGAGTTCTCAGGATGGGA,MYH3,1051,238,70
MYH4_TCCCTGGAACGGACTGAGAG,MYH4,1077,709,559
MYH4_TCCTTAGTGCCTCAGCAGCC,MYH4,585,316,403
MYH4_CTTCTGCATCCTGCAGACGC,MYH4,0,102,124
MYH4_AAATGAGTTGTCAGCCCAGA,MYH4,546,193,134
MYH4_GACTTCGCATTTGTCAGCCA,MYH4,1280,611,468
MYH4_GCTCTGGTTTCTTATTGGAC,MYH4,721,321,449
MYH6_AGACGGTGTCGGCTCTCCAC,MYH6,697,127,97
MYH6_CGCCTTCGTGTCTCAGGGAG,MYH6,2233,475,414
MYH6_AGTTTCTCTCAGCTTTCAGC,MYH6,407,21,49
MYH6_CATAGGTGACCGTGGCAAGA,MYH6,2349,702,565
MYH6_ACTCGCTCACGTGATGAGGA,MYH6,376,121,151
MYH6_AGTGCGAATGTCAAAGGGCC,MYH6,474,196,179
MYH7_CGTATCCAGGCCCAGTCCCG,MYH7,1683,289,380
MYH7_CCTGAGTTTGTGGCCTCACC,MYH7,575,98,205
MYH7_GACTGTGTCAGCTCTGCACA,MYH7,473,100,64
MYH7_AGTTGGCGGATTTGCCCAGG,MYH7,134,179,86
MYH7_GCAGCAGGCCTACCTTGCCC,MYH7,192,221,215
MYH7_GGCCAAGATCGTGTCTCGAG,MYH7,722,133,126
MYH7B_GGGCTACCAGGAGATGACGA,MYH7B,241,249,216
MYH7B_CATGATGACGCACCTGAACG,MYH7B,3496,1289,1915
MYH7B_ACTACGGAGGCCGTATAGAC,MYH7B,1298,321,323
MYH7B_TCGTCGCTGCCCTGGGAGAC,MYH7B,1431,571,250
MYH7B_ATTTCTGGCAACAAAGACGG,MYH7B,269,38,131
MYH7B_CATCGAGGCCAACCCTGCCA,MYH7B,768,130,157
MYH8_GAGGGCGTCCCGAGCCAAAG,MYH8,480,284,309
MYH8_AGAAAGAGCAAAGCGGAAAC,MYH8,1892,369,375
MYH8_GAGTACTCACAGATTGAACC,MYH8,745,271,404
MYH8_ACGTATGCTAGTGCTGAAGC,MYH8,987,456,724
MYH8_TGCGAGCTCAGACGCTGAGA,MYH8,2147,1055,199
MYH9_GGACATGTTCCAGGAGACCA,MYH9,668,23,60
MYH9_TCCGCCAAGCCAAGGAAGAA,MYH9,1881,597,622
MYH9_GGGTTCCTTGCAGGGCGAGC,MYH9,257,168,147
MYH9_GCACAAGAGCAAGAAGGACC,MYH9,330,131,44
MYH9_TACAGGAGTATGATGCAAGG,MYH9,1301,103,138
MYH9_CGACTGGGCTGCCAAGAAGC,MYH9,1172,148,75
MYL1_ATAAATTCCCTTACCCAGGG,MYL1,279,109,234
MYL1_CCGCCATGTTCTAGCCACCC,MYL1,3697,708,926
MYL1_CAAAGTCTTCATAGGTGGCC,MYL1,1316,318,344
MYL1_CTCGAAGGACATCACCGACC,MYL1,1766,397,781
MYL10_CCCAGATGTGTGCGGCAACC,MYL10,931,581,541
MYL10_GCTTATAGGCACGGACCCAG,MYL10,591,119,107
MYL10_CGTGAAGTTGATGGGTCCGG,MYL10,1833,229,411
MYL10_CCGCATCAATGTCAAGAACG,MYL10,2319,952,1074
MYL10_GAGGGACACCTTTGCCGCGC,MYL10,438,156,133
MYL10_GGTCCATGATGGTGAAAGCC,MYL10,315,308,161
MYL12A_TTCCCTGCAACTCTGAAGGA,MYL12A,752,198,129
MYL2_CAACTTGGACTACAAGAACC,MYL2,738,180,281
MYL2_TGCTGACCACGCAGGCGGAG,MYL2,2274,733,842
MYL2_CCTGTGTTCCGTTTCAGGAG,MYL2,861,431,374
MYL2_TAGAGAGGGTGACATACCAA,MYL2,1476,364,300
MYL2_AAAGCAAAGAAGAGAGCCGG,MYL2,994,126,143
MYL2_TGGAGCCCTTGTACTCACCA,MYL2,1385,175,486
MYL3_GCTGCGGGTCTTCGACAAGG,MYL3,1153,479,456
MYL3_TGAGCCTGAGCGCCCTAAGG,MYL3,1111,387,461
MYL4_GGTCCGGTCAAACAATGAAA,MYL4,457,82,148
MYL4_GCAGCACATTTCCCGCAACA,MYL4,3326,1063,1120
MYL4_ATTTCCCGCAACAAGGAGCA,MYL4,575,79,236
MYL4_TCGGCACGTCCTTGCCACCC,MYL4,2064,875,452
MYL4_GCAGCTGTTAGCTGGGCAAG,MYL4,514,156,81
MYL5_TCCTCCAGCTCCAGACGCCG,MYL5,1150,330,223
MYL5_CCCTGGCTCCATTCGAGGAG,MYL5,999,488,182
MYL5_CAACGTCAAGGACGACGAGC,MYL5,992,147,91
MYL5_TGCTGGACCCGGACGGGAAA,MYL5,1714,496,389
MYL5_TGACAAGATGACGGCGGAAG,MYL5,3212,508,495
MYL5_CAGCTACGTGATCACCCACG,MYL5,993,388,824
MYL6_AGGGAATCTGAGGACCCGAA,MYL6,601,142,400
MYL6_AGGACCCGAAAGGTTGGAGG,MYL6,0,79,1
MYL6_TTCACCGAAGACCAGACCGC,MYL6,1893,179,324
MYL6_TGAATCCTCAGAGTTCAAGG,MYL6,1051,523,481
MYL6_TTCCACAGAGCTCGTCCGCA,MYL6,748,420,228
MYL6B_GGACATCATGCCTCCCAAGA,MYL6B,549,62,227
MYL6B_TTCCCGTGAAGAAACCAGCA,MYL6B,1246,226,386
MYL6B_CTTCGAGCTGTTTGACCGAG,MYL6B,1563,476,605
MYL6B_TTCGTGTGTTTGACAAGGAG,MYL6B,1379,492,940
MYL7_CACCCATGGAGACGAGAAAG,MYL7,1714,702,867
MYL7_TGACACCCATGGACCTGGCG,MYL7,1580,704,269
MYL7_CATGCGGAAGGCACTCAGGA,MYL7,1272,145,377
MYL7_GCCATGCTGCAAGAGGGCAA,MYL7,499,112,114
MYL7_GCCACCAAGCAGGCCCAACG,MYL7,2404,1120,500
MYL9_CACCAAGAAGCGGCCACAGC,MYL9,333,563,426
MYL9_CGCCTTTGCCTGCTTCGACG,MYL9,2609,1927,1802
MYL9_TTCCTCGTCGAAGCAGGCAA,MYL9,592,38,66
MYLIP_TTATGTGACGAGGCCGGACG,MYLIP,1893,533,655
MYLIP_AAACCGGATCTCCCAGCAGA,MYLIP,1043,78,283
MYLIP_TCTCCTCTGCCACCTTGAAC,MYLIP,62,165,198
MYLIP_CATTCTGTGCGGGATAGCGA,MYLIP,273,14,65
MYLIP_AGCTTATCCTGTGGTGCAGA,MYLIP,806,374,355
MYLIP_ATACTGCATCATCACGGCGC,MYLIP,1264,242,233
MYLK_AATCTCAAAGGAGTCGAAGC,MYLK,597,209,239
MYLK_CTATTGGCACTGTCCAAACC,MYLK,2116,789,1338
MYLK_ACACGTGCCTGGTGGTGAAC,MYLK,1539,488,915
MYLK_GGCCGAGTTGTGGTCAAAGA,MYLK,962,354,715
MYLK_TGCTGGATTGCGGCATCCGG,MYLK,875,614,311
MYLK_GAGCCACCGCCAAGTTCGAA,MYLK,482,354,423
MYLK2_AAGGCACCTAAAGGTCCCAC,MYLK2,15,21,0
MYLK2_GCATCTTAGCCTGGCCAGCC,MYLK2,593,281,266
MYLK2_GCATGGTGGAGCTGAGGACC,MYLK2,819,31,110
MYLK2_TCAGATTGCGGTGGTTCAGC,MYLK2,361,58,187
MYLK2_CCCTCATCTTGTGCATGAAG,MYLK2,2795,682,666
MYLK2_GATCTTCACCAAATGCCCGG,MYLK2,820,19,120
MYLK3_TCTCGAAGGCGTCATAGAGC,MYLK3,1463,137,160
MYLK3_AAGTGAAGAGCGCCAAGGAC,MYLK3,770,258,121
MYLK3_GCCAGCACGAAGTCTTGGGA,MYLK3,297,59,12
MYLK3_TTCTCCGGGCTCAGTCCCAG,MYLK3,721,226,192
MYLK3_CTGGAATTGGCTCCAGCACC,MYLK3,599,139,141
MYLK3_GCTGAACATGCTGAACGAGA,MYLK3,192,59,238
MYLK4_GGACATCTCGGAGGAGGCCA,MYLK4,211,23,132
MYLK4_TAGCATCCCGATTCACACAC,MYLK4,1099,394,490
MYLK4_CCCTTACCTTCAGGTCCAAG,MYLK4,374,346,272
MYLK4_GATCAGCGTCATGAACCAGC,MYLK4,266,92,41
MYLK4_CGTATTGTGACAGCCAAGCA,MYLK4,3506,1322,1344
MYLK4_AATTGTGCCTCCACAGGCGA,MYLK4,400,260,130
MYLPF_GATCTGAGTCTGGTCGAACA,MYLPF,579,166,220
MYLPF_GGTCGATCACAGTGAAGGCC,MYLPF,346,33,91
MYLPF_CCCGAACATGGTCAGGAAGA,MYLPF,1186,532,690
MYLPF_TGACCGCTTCTCCCAGGAGG,MYLPF,1957,351,266
MYLPF_CATCACGCACGGCGACGCCA,MYLPF,600,314,220
MYNN_CTGAACAAACAGCGGGAAGC,MYNN,1219,285,301
MYNN_CTATCTCAAAGTGGAAGAGG,MYNN,756,390,266
MYNN_CGTCAAGAGTCCTTATGAGG,MYNN,1678,773,500
MYNN_CGTCTGCCACTTATGTGGAA,MYNN,1169,535,734
MYNN_TGATGGTCCTCAGTCCCAAG,MYNN,1199,483,406
MYO10_GGACGTGATGCAGTTCAGCA,MYO10,1331,362,626
MYO10_AGACAAGACAATCAGTGACC,MYO10,581,236,107
MYO10_TTATGCACTGCTGGCAGGGC,MYO10,1489,339,555
MYO10_CAGCTGAACATCTGTCAGAA,MYO10,350,562,519
MYO10_CCACCATGGAGCAGTACAGC,MYO10,2118,654,489
MYO10_CGAGGAGGGCGTGGATGACA,MYO10,1891,383,373
MYO15A_AAGCGTCCACGGCCATCAAC,MYO15A,797,197,159
MYO15A_TGTGGAGGACATGACACAGC,MYO15A,1166,873,338
MYO15A_CTTGAGGTTGGACAGCACAG,MYO15A,1044,616,478
MYO15A_GGTGCAGCAGTACAACGGAC,MYO15A,454,29,89
MYO15A_TGCTCGGTCAGTGGAGAGAG,MYO15A,2225,338,273
MYO15A_TTACCGAAGGACTCCAAGAG,MYO15A,1398,394,360
MYO16_AGACGCTGCCGTTGGCCAAG,MYO16,554,357,294
MYO16_CGGTTCTTACCAGATGGAGC,MYO16,351,204,226
MYO16_AGGAGTCAACGTCAACCACC,MYO16,738,262,500
MYO16_TGCGAGTGGCTACAAGGAGG,MYO16,186,443,225
MYO16_CGGTTCCACCAAACCCGAGC,MYO16,629,335,125
MYO16_CAGGAGGCATTAGCTTGACC,MYO16,211,179,272
MYO18A_ACACATTGTTCTCTGCCAAG,MYO18A,897,333,200
MYO18A_TGATGCCCGCGATGGTGGCC,MYO18A,478,361,390
MYO18A_TCCTCCAGACGGTCGCAGGA,MYO18A,0,2,118
MYO18A_ATCCTCATCCACATCCAGGA,MYO18A,196,307,251
MYO18A_GGCCTGGAATGAGACGGAGA,MYO18A,603,48,38
MYO18A_CCTCACCTCCACCTGTGGCG,MYO18A,936,331,594
MYO18B_TGTCGCCTCTCCAGAACGAG,MYO18B,2615,133,236
MYO18B_GACAAGCATCAATGGTGAGA,MYO18B,0,181,126
MYO18B_TCGACCTGGTCCAGCTCAGG,MYO18B,648,109,83
MYO18B_CAATGCTCTGGTCTCTCCGC,MYO18B,229,89,131
MYO18B_GGCCATGGACACAGAGCCGA,MYO18B,617,67,111
MYO18B_TGGAGAAGAGCCGCGTGGCA,MYO18B,1255,342,326
MYO19_AAGGAGCCAGTGAGGACGAG,MYO19,533,175,144
MYO19_AGTTCCTCTCACTGGAAGCC,MYO19,213,159,56
MYO19_GCAGCTATTACCTGTTCAGC,MYO19,321,381,24
MYO19_AGAGCCACAAGATTGCAGAG,MYO19,1454,753,796
MYO19_ATTGTTGTCAGTGGAGAGAG,MYO19,740,106,211
MYO19_TAGTGTCACAGGATTCACCC,MYO19,694,90,178
MYO1A_TCAGTATGCTCGGGACGCCC,MYO1A,24,91,253
MYO1A_AGCTTTGTGCTCGAGGACCA,MYO1A,526,348,97
MYO1A_CACCTGTACAGCCCTGAAGC,MYO1A,1837,463,486
MYO1A_GGAGGAATTGTTGTTGCGAA,MYO1A,1411,218,449
MYO1A_CGTACCAGTCACTGAGGGAC,MYO1A,475,360,348
MYO1A_GAGCAGTGACTCCTCCACCA,MYO1A,546,653,263
MYO1B_ACATCCTACCTTCCAGGACC,MYO1B,943,300,168
MYO1B_TTCGGCCAAAGTGAATGGAG,MYO1B,1188,493,562
MYO1B_CCGAACAGTTGAGGCCAAAC,MYO1B,3468,1971,1730
MYO1B_GATGAAGAGTGCCTCAGACC,MYO1B,376,22,170
MYO1B_CCTTCCACATGGCTTGGGAC,MYO1B,147,292,231
MYO1B_GGAGAACGTCCGAGTGCGGA,MYO1B,308,69,38
MYO1C_TGAGGATGTGGCCACCCACG,MYO1C,69,71,13
MYO1C_TGCTGGAGTTATCGTTCCGG,MYO1C,981,138,47
MYO1C_GCAAGACCGAGGCCACCAAG,MYO1C,475,223,363
MYO1C_CTTCATAGAAGCTGACGCCA,MYO1C,720,74,63
MYO1C_GCTGGAGAACTTCACCAGCG,MYO1C,151,62,35
MYO1C_GGGCGGAATGGCGCTGCAAG,MYO1C,822,300,437
MYO1D_GGTTCTGAAGCAAGAACAAG,MYO1D,269,33,99
MYO1D_GACACGCCTCTTATTGAGAA,MYO1D,42,101,222
MYO1D_CGAGTGATTGTGCAACAGCC,MYO1D,728,571,361
MYO1D_ACCGTAATGACAACTCAAGC,MYO1D,1891,276,289
MYO1D_CTGCTTACAAGGCTATGAAG,MYO1D,1818,222,560
MYO1D_GGAGAGCCTGGAATTCGGCA,MYO1D,219,428,395
MYO1E_GCTCTACGTTGAGGGTCACG,MYO1E,1194,56,89
MYO1E_TGAAGCTGATGTTTCCCAGG,MYO1E,1664,506,442
MYO1E_CAACCTTGTATGAGCCCGAG,MYO1E,2081,280,726
MYO1E_GAAATCCAGTTCAGTCCAGG,MYO1E,226,216,191
MYO1E_GAAGGGACTTACAAATCGGC,MYO1E,329,45,184
MYO1E_TGACATTGTGGCTTTGCCAG,MYO1E,311,161,216
MYO1F_CCAATCGGACACCTACCAGG,MYO1F,628,273,392
MYO1F_CTTGCTGGAGAAGTCCCGCG,MYO1F,1675,325,305
MYO1F_GCAGAGACTTACAAAGCGGC,MYO1F,247,225,338
MYO1F_ATCTCCAAGGTGTCTGGCGG,MYO1F,294,115,189
MYO1F_GATCGACCTCTATCAGGGCG,MYO1F,563,214,61
MYO1F_ACGACTACATCTTCGTACCC,MYO1F,1098,216,225
MYO1G_GCACAGTTGCCTCGGGAGGC,MYO1G,486,200,327
MYO1G_CATCGGCTTCAGTCCTGAAG,MYO1G,922,171,151
MYO1G_GGCTTACTTGGTAGAAGGCG,MYO1G,1003,241,174
MYO1G_CATGTACTTGCCAAAGCGGC,MYO1G,714,72,210
MYO1G_TCCAAGCCAGAGGGCTGAGG,MYO1G,373,69,111
MYO1G_TGCTGTGTCCAGGTTCGAGA,MYO1G,1446,503,522
MYO1H_CTTGCGGAGGTTGTCGACAA,MYO1H,1423,610,725
MYO1H_TGGATTCACAGACACAAGGA,MYO1H,1015,251,277
MYO1H_TAGTGACTGGGTCATTGGGC,MYO1H,186,21,14
MYO1H_GCTCGAGTCCCAGGTAAGAC,MYO1H,350,279,220
MYO1H_TGAGATCAAGTGGATAGCCA,MYO1H,1213,246,468
MYO1H_CAGAGAGTTCTAGTGTCAAC,MYO1H,1003,86,248
MYO3A_AGAATCTGACCACATTAGGG,MYO3A,424,32,108
MYO3A_TTCCTACGGATGTGTTCCGA,MYO3A,720,180,108
MYO3A_ATGCATGGGAGGCACAGAAA,MYO3A,680,503,491
MYO3A_TGTCTTGTACTGTTCTGAGG,MYO3A,556,222,432
MYO3A_TACCGATGTCAGGGATGCCA,MYO3A,398,136,371
MYO3A_TGGTCTCCTTAGGGCGACAC,MYO3A,479,284,240
MYO3B_TTCCAGATCCCACAGACACC,MYO3B,1316,552,714
MYO3B_TCATTGCTTCATCCAACCGC,MYO3B,645,386,211
MYO3B_CACAGGATGCATGTCAAAGA,MYO3B,1988,387,699
MYO3B_TGCTGAGAGTAACCATGCAC,MYO3B,498,258,316
MYO3B_ATTGTCATCAGCGGAGAGAG,MYO3B,235,143,304
MYO3B_AGTTCCCAAAGGCTTCCACC,MYO3B,334,93,89
MYO5A_CTAAAGGCACAGATGACACC,MYO5A,1943,687,620
MYO5A_AGTGCTGTTTGACAGCAGAA,MYO5A,686,170,120
MYO5A_GGAGATGGCACATACTAGGC,MYO5A,455,79,201
MYO5A_CACAGTTGCAAAGTATCGCA,MYO5A,1777,174,297
MYO5A_GGTTTGGATACCTGATCCAG,MYO5A,442,28,23
MYO5A_TGCGTCGGAGCTCTACACAA,MYO5A,1960,1114,852
MYO5B_CATCAGAGAGGTACTCCACC,MYO5B,691,241,278
MYO5B_CGTCCACTTTGCAGACAAGG,MYO5B,2313,565,732
MYO5B_CCACAATCCAGCCGAACAAC,MYO5B,3769,1192,891
MYO5B_GCTGCTGTTGTCATTGCGGG,MYO5B,167,257,199
MYO5B_AACGGTGGCGAAATAGCGCA,MYO5B,125,165,187
MYO5B_GCGCTCAGCTGAGTTAACCA,MYO5B,1656,551,915
MYO5C_CAACGCTCACGTGGAAGACA,MYO5C,892,243,318
MYO5C_TTATGTCTTCGTCTGTGAGC,MYO5C,688,249,477
MYO5C_GGACCCACACATATTTGCCG,MYO5C,383,392,72
MYO5C_CAGCTATCTTCACGAGCCCG,MYO5C,1942,272,290
MYO5C_ATCCTGTTGGTCAGTACAAC,MYO5C,1665,367,328
MYO5C_GGTGGCCGAGCTGTACACGC,MYO5C,178,99,61
MYO6_TGTAGGGTGTGGCGCCCAAA,MYO6,1711,594,839
MYO6_CTGACTGAATCCTATGGAAC,MYO6,2941,1154,1005
MYO6_GCTATACACTGTCTTTGCCA,MYO6,185,52,217
MYO6_CTTGTTCGTGAATCTAGGGA,MYO6,1006,86,166
MYO6_TTCGAATGTGGCTTTGCAAG,MYO6,1589,331,454
MYO6_AAAGTCCACTATGATGACGC,MYO6,229,97,46
MYO7A_GACCATGGTGATTCTTCAGC,MYO7A,68,78,76
MYO7A_CGGCACTCACGTAGATGAGG,MYO7A,53,380,300
MYO7A_GCGAGTAGATGGAGAGCAGC,MYO7A,356,39,149
MYO7A_TCTGGTCCTACCTTCCAGAA,MYO7A,1211,589,554
MYO7A_CGACATCCACTTCAACAAGC,MYO7A,3067,1992,3077
MYO7A_AGTAGTTGTAGTCAGAGGCC,MYO7A,177,277,85
MYO7B_CCAGCCACACGTGGTCACCC,MYO7B,1723,680,447
MYO7B_GGATCATGTCGTCCACACCC,MYO7B,674,11,98
MYO7B_CGGGTTGACGGCCACCAGGA,MYO7B,2523,612,478
MYO7B_CGAGTACCACTACCTGACCA,MYO7B,1389,214,122
MYO7B_AGCTCTCGGAGTCGGAGAAC,MYO7B,852,458,356
MYO7B_CTCCAGTAACTTCATCACGG,MYO7B,1951,444,317
MYO9A_AGGAGCATCCTACACCAGGG,MYO9A,975,70,57
MYO9A_ATGGTTGCTTTCAGGGAAGC,MYO9A,557,215,154
MYO9A_TACAAGGAAGACGGTGACAG,MYO9A,778,347,454
MYO9A_TAAGCAGGATTGCTTCACGG,MYO9A,102,114,77
MYO9A_CTTCACTTGCTCCTGCCAGG,MYO9A,89,115,75
MYO9A_ACGTCGCAGGATGATGGAAC,MYO9A,2838,535,748
MYO9B_GGAGCCACACGTCTTCGCGC,MYO9B,1506,176,342
MYO9B_CAAGTCAGCTACCTAGAGAG,MYO9B,1753,307,510
MYO9B_CTTACTGCTTCTTGGTGGCG,MYO9B,734,197,307
MYO9B_GAGCTACAGGCCGAGAGGAA,MYO9B,799,209,159
MYO9B_CAGCACAATCCAGTCGAACA,MYO9B,3084,595,616
MYO9B_TCGGGTTTGAAGACTTCGAG,MYO9B,469,287,430
MYOC_ATAGCGGTTCTTGAATGGGA,MYOC,309,83,26
MYOC_CGGTGCTGTAAATGACCCAG,MYOC,883,448,209
MYOC_CAGTTCTGGACTCAGCGCCC,MYOC,824,130,131
MYOC_ACTGCTCGGGCTGTGCCACC,MYOC,583,16,137
MYOC_CTCTGGTTTGGGTTTCCAGC,MYOC,558,136,174
MYOC_CAGCACCCAACGCTTAGACC,MYOC,2212,1960,1582
MYOCD_GAACTTGCTCCTAATCAGCA,MYOCD,477,283,163
MYOCD_ACTTCAACAAAGAAGGACCC,MYOCD,209,42,54
MYOCD_TGAAGCGCAAAGCCAGAAAC,MYOCD,1549,553,665
MYOCD_ACGACCAGGGCCACTGGAGC,MYOCD,706,101,189
MYOCD_TGGATTTGGAGAAACTCACC,MYOCD,92,97,130
MYOCD_AGGTGATCAATGAACTCACC,MYOCD,261,55,149
MYOD1_GAAGTCGTCCGTTGTGGCAA,MYOD1,903,599,718
MYOD1_CGCAGCCGCCTTCTATGCGC,MYOD1,1186,236,176
MYOD1_TTCGTAGCAGTTCCGCCGCC,MYOD1,430,349,356
MYOD1_TACAACGAGGCGCCCAGCGG,MYOD1,2315,361,136
MYOD1_TGCGCTCCACGATGCTGGAC,MYOD1,1157,216,293
MYOD1_CAGAAGGCACGTCCGCCAGC,MYOD1,539,371,190
MYOF_GCCATGCTGTCATGAGAAAG,MYOF,2095,867,462
MYOF_GGCCCTCAATCACTCGGACG,MYOF,1755,310,260
MYOF_CCAAAGTAAAGAACAGCCGG,MYOF,445,205,125
MYOF_TCACCAAGTCAATGGTGGCC,MYOF,863,312,216
MYOF_GGAGATCAGCTTGTACGGCA,MYOF,1436,72,76
MYOF_AAGTCACCTCATTCCAGACA,MYOF,1002,183,229
MYOG_GAGTTCAGCGCCAACCCAGG,MYOG,214,68,219
MYOG_TTACACACCTTACACGCCCA,MYOG,1649,224,410
MYOG_AGCTCCGTCCGCTCGTAGCC,MYOG,575,265,339
MYOG_TCGAACCACCAGGCTACGAG,MYOG,2879,918,1047
MYOG_AGCCTGGTGGTTCGAAGCCC,MYOG,423,648,490
MYOM1_CTATACAATCCGTGTACGGA,MYOM1,357,174,359
MYOM1_TAACATTCATCGCCGAGGCC,MYOM1,324,253,194
MYOM1_CATGGACATTTATTGGCACC,MYOM1,533,110,57
MYOM1_TCCCAAACCGTGTGGGAGCG,MYOM1,483,45,95
MYOM1_GGCCACATCCGCTCTTCAAC,MYOM1,549,129,303
MYOM1_TGCTGTAGGCCGTGGAGCCC,MYOM1,3240,848,860
MYOM2_CTGAAGGCGAGCTTCCACCC,MYOM2,1327,274,245
MYOM2_ACAGCGCTTCCTCAGCGAGC,MYOM2,854,367,326
MYOM2_CATTTGAAGAGCGGATAAGC,MYOM2,488,195,119
MYOM2_ATTTGCCAGGCGGCTGAACC,MYOM2,448,205,218
MYOM2_CGGACAAGTGTCCACCAACG,MYOM2,3573,839,635
MYOM2_CAATCGGGAGTCCCACCGAA,MYOM2,658,255,361
MYOM3_AGTGAAGAACGCCCACGGCC,MYOM3,404,60,128
MYOM3_TTTCCGGCACGAAAGAGGCG,MYOM3,596,272,748
MYOM3_CAGACGGCGTGGGAGCGAAG,MYOM3,1966,510,471
MYOM3_CAGAGGTCTGGCGTCTCAGC,MYOM3,551,102,10
MYOM3_TCACCAAGACAGCTCGGAGG,MYOM3,2312,203,196
MYOM3_GGCCATGGAGGTTCACAGGC,MYOM3,528,129,327
MYOT_GGCTGCAATCTGGAGCCACA,MYOT,127,489,1016
MYOT_AGCTATCAACAGTCCTCAGC,MYOT,503,432,226
MYOT_TACCATGACACATCAGGAGC,MYOT,954,209,219
MYOT_ACCCGTAACTGCTTAGGAGC,MYOT,1361,467,326
MYOZ1_GGAGCCTGTAGACTACAACG,MYOZ1,579,173,173
MYOZ1_CCAGATGCCCAAGTTTGACC,MYOZ1,2785,713,383
MYOZ1_TGGCTACCAGGAGACCAGGC,MYOZ1,644,69,183
MYOZ1_CAAACTGCGGCAGATGAGGG,MYOZ1,811,72,154
MYOZ1_AACTGTCGCTGCTTACCAAC,MYOZ1,713,374,236
MYOZ1_AATGCCGCTCTCAGGAACCC,MYOZ1,615,34,39
MYOZ2_TGGCACCACGGTTACTGAGA,MYOZ2,795,190,132
MYOZ2_AAGGACCGTCTGCCAGAAAG,MYOZ2,1177,103,206
MYOZ3_GCACGCTCAGCTTCTTGCCC,MYOZ3,755,153,241
MYOZ3_TCGAGTTAGCAGCCAGCCAG,MYOZ3,945,399,541
MYOZ3_AGATGCTGGCCGGAAGCGCC,MYOZ3,0,40,56
MYOZ3_GGAAGATGTGGAGCTCCGAG,MYOZ3,668,666,180
MYOZ3_AGCTGACGAACTCCTGCCAA,MYOZ3,637,44,65
MYOZ3_GGAGGTTACGGACCCAGCCC,MYOZ3,457,18,84
MYPN_GATGATCCACAGGAATGCCA,MYPN,113,83,27
MYPN_TCAAATCCCACAGCTCCAAA,MYPN,995,471,778
MYPN_CTCTTCAAAGGCTTCCGCAA,MYPN,1142,259,125
MYPN_CTCAGAAGGCGACCCTAACA,MYPN,1621,315,501
MYPN_TCGTGTGGCAACCATCCAGC,MYPN,348,149,54
MYPN_ATCTTTACCTGGCTCTGCCA,MYPN,115,44,51
MYPOP_AAGGTTTCCCTACACGGAAA,MYPOP,732,268,256
MYPOP_CGGCACCCTTCGACAGGGAC,MYPOP,1344,1161,1100
MYPOP_CGTGTTGTCGGAAGACCGCC,MYPOP,184,12,79
MYPOP_GGAGAAAGCGTCCTCCGCGG,MYPOP,136,92,158
MYPOP_CGACTTCAAGCGCCGCACCA,MYPOP,1127,728,916
MYPOP_AGAAGCGCGGCTTGCGCAAC,MYPOP,519,246,249
MYRF_ACCCACCGGGCAGGATGCAC,MYRF,579,81,136
MYRF_CCACGACATCAACGGTGCCC,MYRF,503,94,51
MYRF_GCTCGGCCTCCTACTCCCAC,MYRF,149,109,70
MYRF_GGGTTATCGTGCGCAGGAGG,MYRF,733,115,222
MYRF_GGAATGATCAAACAGGAGCC,MYRF,327,70,103
MYRF_TCACTGTCCTGCAGGAGGCC,MYRF,0,90,0
MYRFL_AACAGACTTGTGTCCAGGGC,MYRFL,538,219,249
MYRFL_CGACTCATGCTCTCCTCCGC,MYRFL,933,492,210
MYRFL_AGGGTTGGGTAGCATGCACC,MYRFL,524,122,125
MYRFL_ACTTCAGAGCAGGAGAGCAC,MYRFL,1092,300,243
MYRFL_CCAGGTCACCAAAGTAACAC,MYRFL,1738,462,621
MYRFL_GGGCAGACAACAGATAGAAC,MYRFL,1243,228,417
MYRIP_CATCATCAGTCAAACCAGAC,MYRIP,1197,1008,704
MYRIP_GCGCTTGGTGTTGACGAGGA,MYRIP,901,385,327
MYRIP_AGAACCTGTACAGGAAGCAC,MYRIP,1086,21,89
MYRIP_GGCCCTACGGGTGGCTGAAG,MYRIP,577,207,416
MYRIP_GCTCCTCCTTGTGGTCCCGC,MYRIP,793,170,78
MYRIP_TCGAGGCAGCCAAGGGACCA,MYRIP,1969,419,638
MYSM1_GGATCCTGTATCACAAACAC,MYSM1,477,138,140
MYSM1_GACGTAGGGTCCGAGACCCA,MYSM1,327,89,15
MYSM1_AGTAGACATCACAGATGAGG,MYSM1,86,53,0
MYSM1_AGGCTAAATTTGGCCGAAGA,MYSM1,1231,281,261
MYSM1_AGAGCTGTTTGAACAAGGGC,MYSM1,292,111,145
MYSM1_AGGCGGATGTGGATATCGAA,MYSM1,753,136,355
MYT1_GCAAGTACTCCAGGCACCGA,MYT1,1120,136,196
MYT1_TTCCGATTCATCCGAAACAG,MYT1,1517,530,434
MYT1_GACTGGGTGATTCTGGGCCC,MYT1,553,125,127
MYT1_GAGGGTACAACCCGGTAACG,MYT1,281,101,55
MYT1_GGTTGCTGTTCACGTGACCC,MYT1,140,1,33
MYT1_TGGGAGCTACCGGCCCAACG,MYT1,645,580,452
MYT1L_GGACACTTTCATGCATGGCA,MYT1L,1883,552,704
MYT1L_TGGCCGGTTCCATCACACCC,MYT1L,1063,212,345
MYT1L_CATGCTGAACCTCATGCGGC,MYT1L,645,0,24
MYT1L_CTGTCTGCTTTCACGGCAAA,MYT1L,1853,1531,1188
MYT1L_TCTTGTATGGCTGGTTCCAC,MYT1L,774,165,242
MYT1L_CGGCATCGCACGCGGTCCAA,MYT1L,9,1,4
MYZAP_ACGGTCACCCTGCTCTCGGG,MYZAP,1106,40,68
MYZAP_TCAGGAACTGGACTCTCAGG,MYZAP,710,17,149
MYZAP_GAAGATTCGACAGCTCACCC,MYZAP,612,38,54
MYZAP_CCAAACCCAGTCGTCTGCCC,MYZAP,788,45,79
MYZAP_GGACAGGCTGATTGAGCGCA,MYZAP,440,185,454
MYZAP_AGTCAAGCAGATGGTCGAGG,MYZAP,157,68,43
MZB1_AGCCCACCAACAAGGCCGAG,MZB1,646,272,139
MZB1_ATCTATGAAGCCCACCAACA,MZB1,1488,925,914
MZB1_GGCATCACCTGGTAGGCCAG,MZB1,89,1,58
MZB1_CAGGCCCAGGACTTAGCGAG,MZB1,737,512,900
MZB1_CACAGGCCCAGGACTTAGCG,MZB1,229,90,133
MZB1_ACCGGAGCTGCTCCCGGAAC,MZB1,711,187,365
MZF1_CGGCACTCGCTGCACGGAAA,MZF1,1595,1928,1328
MZF1_CCAGCCATGCCGAGGTCCCA,MZF1,377,41,100
MZF1_GGGAAAGATCTGGTCCAGCA,MZF1,603,125,162
MZF1_GACTATGCAGGAATCACCAC,MZF1,658,112,21
MZF1_CCTAGTAGATGGGCTGCGCC,MZF1,1642,257,721
MZF1_TCGCCAGTGGCTGCGTCCAG,MZF1,253,106,45
MZT1_CGCATTCAGATTCGCCGCCG,MZT1,3137,550,213
N4BP1_CCTGAATCCGGGTCGGAGGC,N4BP1,182,263,151
N4BP1_CGAGGTCCACTTCTTCCCAG,N4BP1,1177,336,467
N4BP1_ATCTTTAACTCCTGCCCGGA,N4BP1,327,111,45
N4BP1_TTGTCCCTCAGTGGAGAACA,N4BP1,892,729,599
N4BP1_AATTTCTTGGGAGTAGCCCA,N4BP1,5,35,30
N4BP1_CGGCTAGGCTCACGCCAAAC,N4BP1,1474,1461,1385
N4BP2_CTCCTCACGACTAGCAACAC,N4BP2,2786,837,1117
N4BP2_TTGAAGTTGAACCCTTCGGA,N4BP2,733,61,98
N4BP2_CCATGGCTAAACTCTGGCAC,N4BP2,1459,189,62
N4BP2_ATTGAATCCCACTCCAGCGA,N4BP2,1484,553,443
N4BP2_CCAGTATGTCCAACCAAGGA,N4BP2,976,468,472
N4BP2_CAAAGATCTCTATGGCAGCA,N4BP2,792,616,298
N4BP2L1_ATGAGAGCTCCTATCACAGA,N4BP2L1,804,337,350
N4BP2L1_ACACAGAGTTTCCAAACCGG,N4BP2L1,1160,171,171
N4BP2L1_ATAATACCAACCTCCACGCC,N4BP2L1,553,318,400
N4BP2L1_TTCCTAAAGCTGTGGCGGCG,N4BP2L1,648,557,388
N4BP2L1_CTAAAGCTGTGGCGGCGAGG,N4BP2L1,891,23,119
N4BP2L2_CACATAGTCATCAGGCAACA,N4BP2L2,2930,1683,1162
N4BP2L2_AACTTACCCATTGGAACGCC,N4BP2L2,233,110,88
N4BP2L2_GAGGTAAGCAGCTTCTGAAG,N4BP2L2,674,5,49
N4BP2L2_TACCATAGCATTAGACACCC,N4BP2L2,769,227,136
N4BP2L2_TGTGAACCAGCAGTTTCAAG,N4BP2L2,884,315,234
N4BP2L2_TAGTTCAAACTGGGAAGAGG,N4BP2L2,798,120,30
N4BP3_TGGCATTGCCATGGGCAGCG,N4BP3,2103,647,356
N4BP3_TAGAGGGTGGCATAGTCGGC,N4BP3,926,17,181
N4BP3_CTCAGTGTTCAAGCCTACGG,N4BP3,2212,586,228
N4BP3_GCTGCACGAGGTGACCCAGA,N4BP3,553,165,389
N4BP3_TTCCTCCTCTGGTCGTGCAC,N4BP3,788,96,137
N4BP3_GATCTTGGAGGACTCGAGCC,N4BP3,333,88,146
N6AMT1_CAGCGACGTGTACGAGCCCG,N6AMT1,589,21,2
N6AMT1_ACACGTCGCTGAAGGCGCCG,N6AMT1,418,24,34
N6AMT1_TACGCCGTTCCACGGGCACG,N6AMT1,0,81,74
N6AMT1_CGCAGCGAAGGACTATGGCA,N6AMT1,1515,54,38
N6AMT2_CGTTTGTTCCAAGACACACC,N6AMT2,1005,479,378
N6AMT2_GGCAAGATTCTGCTGTGCAC,N6AMT2,158,0,136
N6AMT2_CATTCCTCCGAAAGATAGGG,N6AMT2,344,74,45
N6AMT2_ATTGCAGCTGTAGGAGAAGG,N6AMT2,870,228,418
N6AMT2_AACTGCTCTGCAGCTGGCAC,N6AMT2,0,167,166
N6AMT2_TCAGGAAACTGCTCTGCAGC,N6AMT2,867,58,153
NAA10_CTGTCGCGAGGAGAAGGGCC,NAA10,179,47,82
NAA10_CCTCACTCAGATGGCCGACG,NAA10,1935,373,1128
NAA10_AGGACGCCTATGCCATGAAG,NAA10,875,32,33
NAA10_CTATCATGGCTCGAGAGGCC,NAA10,530,0,6
NAA10_GGTGGGAACGCTTCACAGCC,NAA10,44,0,33
NAA10_TATGAACATCCGCAATGCGA,NAA10,300,0,0
NAA11_AAATGGACCTGAAGAAGGGC,NAA11,19,202,144
NAA11_GGTCCATCAGCTTCTGGGCC,NAA11,319,151,149
NAA11_TACATCGCTGAGGATGAGGA,NAA11,1019,34,107
NAA15_AGAGCGCATTCTCCTTGGGC,NAA15,1230,109,0
NAA15_ATCCATGATGCTCTCTGCGC,NAA15,251,0,18
NAA15_AATCAAGTTCTTCGGGAAGC,NAA15,778,231,148
NAA15_GCCTGGACTAAATATCCCAG,NAA15,620,32,0
NAA15_AAGGTGGATGGATGAGGCCC,NAA15,130,14,0
NAA15_CAACCAATGCCACAATGAAC,NAA15,816,83,361
NAA16_TCACCAAGATGCGTTTGAAG,NAA16,1544,217,197
NAA16_CCAGAATCAAGTGATGAGAG,NAA16,1652,561,730
NAA16_AAGGTCAACATAGGCACGAA,NAA16,528,382,107
NAA16_AAAGGTCAACATAGGCACGA,NAA16,584,127,127
NAA16_TTGTCGACTTCATTCACAGC,NAA16,750,199,178
NAA20_ACATGTTGTTGAAGCGGAAC,NAA20,1822,185,226
NAA20_GCGAGGTATTGTAGGTAGAA,NAA20,1919,98,104
NAA20_ACCTACAATACCTCGCCCAC,NAA20,929,46,103
NAA20_GCAGTTATGGGTAAAGCAGA,NAA20,769,0,88
NAA20_GGGCTACAGTGTATATAGGA,NAA20,239,0,0
NAA25_CTATGTACAAGAAGCTGAGC,NAA25,1097,48,44
NAA25_ACGTTTGGGAAAGTACCAGG,NAA25,375,0,0
NAA25_TCGACCATTCTCTCAGCAAG,NAA25,1371,55,0
NAA25_AGCCTTTACTCTTGCACAGG,NAA25,862,29,8
NAA25_ACTCACCGTAAATGGGCCGG,NAA25,456,0,13
NAA30_TGTCGCTTCTAGGATGGCGG,NAA30,1613,387,337
NAA30_CTGCTGCAGCGAGGACGAGG,NAA30,1158,516,240
NAA30_CAGGACCTTGCTCTTGAGGG,NAA30,882,96,427
NAA30_GCTCAACCTCCCTGCCCGAA,NAA30,469,1,12
NAA30_TTTGGAATCCACGGCTAACA,NAA30,833,503,381
NAA35_AATCCCTATCAGTTCAGGCA,NAA35,1333,575,200
NAA35_TAGAGTACTCGAAGTCGACA,NAA35,182,87,97
NAA35_TTGTAGTATCATTCTGGGCC,NAA35,1141,90,290
NAA35_AGTAGCCTCTGGTTCACAAG,NAA35,510,0,3
NAA35_AGTCGATACAGTCCTTAGCC,NAA35,316,239,173
NAA35_GGGTTCCTGTTTCAACAGCA,NAA35,481,66,131
NAA38_CGAGTATTCAGCTCTTCACA,NAA38,1453,74,7
NAA40_CCAAAGTGGACGCTGCCAAC,NAA40,1470,621,292
NAA40_CGAGGAAGGCTTTGGTGGAA,NAA40,2770,828,748
NAA40_ATGTAAGCGAGTGTCTGGAC,NAA40,657,200,111
NAA40_AAATGACAGATGACCGAGCC,NAA40,127,257,68
NAA40_GCAACGCTTCTCTGAAGAAC,NAA40,2064,406,333
NAA40_AGCCATCACTCCCACGCGGG,NAA40,314,371,439
NAA50_AGGTGCAGTATGCTGTAGGG,NAA50,492,32,0
NAA50_TTCCAGTAGCCGGATCGAGC,NAA50,2045,178,128
NAA60_GCTCTTCTCCCAACTCAGGC,NAA60,509,89,86
NAA60_CATCGTGGCAGAGGAGGCGC,NAA60,67,64,111
NAA60_ACCTCTGTAGGTTGCAGCAA,NAA60,1055,163,227
NAA60_TTTGCAGTGGTCCTGGGCGG,NAA60,964,87,198
NAA60_GACTCTGTGCGGAATGGAGC,NAA60,25,11,19
NAA60_TCCGCACAGAGTCTACCGCC,NAA60,542,89,91
NAAA_CACCCAAGGAAGATGACCGG,NAAA,2020,400,434
NAAA_TCAACTTGGCAGATAAAGGC,NAAA,1107,477,552
NAAA_GGCTATGTAGGATTATGGAC,NAAA,895,269,237
NAAA_TCCAGAGGCCACATTTACCA,NAAA,996,572,622
NAAA_GGATCTCGCCGGTGAAGGGC,NAAA,1005,116,130
NAAA_GCCGCGCTTCAACGTGAGCC,NAAA,1074,24,62
NAALAD2_GCTCGGTCCTCAAGAAGCCA,NAALAD2,630,148,37
NAALAD2_TTGATGATAGCGCACAGAAG,NAALAD2,1174,437,349
NAALAD2_TACAGCCATATCCCAAAGGA,NAALAD2,1207,326,227
NAALAD2_CCACCAGATAAGAGTTGGAA,NAALAD2,1056,425,440
NAALAD2_ATCAGAGGATCTGTGGAACC,NAALAD2,122,72,400
NAALAD2_GGCTCAATTACGAGGAGCAC,NAALAD2,56,159,127
NAALADL1_TGTAGACGCTCACATTCACC,NAALADL1,517,168,321
NAALADL1_TCTCCGTCAGGCCGGAAGCC,NAALADL1,893,321,441
NAALADL1_CTGTGAACGCTGCCAAGCAC,NAALADL1,1074,312,282
NAALADL1_CCCATATCGAGTCAGGGCAA,NAALADL1,1335,454,558
NAALADL1_TCACGTTCTCCTCAGTCCGG,NAALADL1,1516,105,203
NAALADL1_TGCACCAGGTCCTCATCCCG,NAALADL1,2205,1118,683
NAALADL2_CAGCAACTTCACCCAAAGGA,NAALADL2,951,882,730
NAALADL2_TATGCAGCCTATTCTGCCAA,NAALADL2,414,37,150
NAALADL2_TTACCGACACTTGGGTAACC,NAALADL2,1026,232,583
NAALADL2_GATGGGCTGCACTAATAGAG,NAALADL2,715,149,285
NAALADL2_ACTACCAGTTGCTGAAGAGA,NAALADL2,1383,947,196
NAALADL2_TGATATTGGTTTCTGGGCAC,NAALADL2,379,105,441
NAB1_TAATGGCTGCGGCCTTACCC,NAB1,285,44,118
NAB1_TACCAGAGGGATCACCAACA,NAB1,1576,192,407
NAB1_TCGAGAAATCTGTCGAGCCA,NAB1,1034,464,355
NAB2_CCGTTTCGACTCTAAGCGGC,NAB2,149,95,163
NAB2_CCCGCCGCTTAGAGTCGAAA,NAB2,1874,890,844
NAB2_TCCACAGCTCACCATCAACG,NAB2,3623,1098,1425
NAB2_CGGCTCCATAGCCCATGGGC,NAB2,971,42,9
NAB2_GCAGCAGACACTGATGGACG,NAB2,991,163,458
NAB2_TCGCAGGAGCAGCGTGAAAG,NAB2,2689,1271,640
NABP1_ACCTCCGATCTCATCCCACA,NABP1,1318,67,130
NABP1_CGGAGGTCTTATACAGCCAG,NABP1,1491,38,330
NABP1_ATGGCTCCTCCAGGTCAGGG,NABP1,275,66,53
NABP1_TATCGAGGACAGCAGAACAA,NABP1,986,234,318
NABP1_TACAGGTACATTTGGACCAG,NABP1,702,140,286
NABP1_TGCTGGCAGAAGCAATGGCC,NABP1,545,140,182
NABP2_AGGTTCAGATTCTTGAGCCC,NABP2,114,65,237
NABP2_GACATTATCCGGCTCACCAA,NABP2,302,52,61
NABP2_ACATTATCCGGCTCACCAAA,NABP2,1131,580,695
NABP2_CTGACACTATATACTGGCCG,NABP2,1391,475,419
NABP2_TACTAACAGGGTTGCTGGAA,NABP2,1573,511,780
NACA_ATCTCTCAGGTCGATGAAAC,NACA,870,334,344
NACA_GGCTGGAGCCACTGTGGAAA,NACA,773,244,475
NACA_AGTTGGGCACTCTTTGGGAG,NACA,1266,183,324
NACA_CGAGGAGTTAACACCCAGAG,NACA,1355,561,599
NACA_GAGGGACCTTTGTCAACAGA,NACA,25,2,15
NACAD_CATTGAGCTGGTGATGGCGC,NACAD,746,128,46
NACAD_CAGGCTTGGCGATGACAAAG,NACAD,1849,719,351
NACAD_ACTCTGCTTGGCTTTGGCGA,NACAD,1211,186,313
NACAD_ATCAGCCGAGCTGGACGAGC,NACAD,507,137,159
NACAD_CTGGAAGCGCGAGCGCACAC,NACAD,267,165,180
NACAD_CCATGCCCTCCGTGATGGAC,NACAD,2354,462,454
NACC1_CGGCAATGGCAGCCGCAAGA,NACC1,713,637,215
NACC1_ACGCCAGGTCTTGCCGAACC,NACC1,1129,580,397
NACC1_GGCACAAGGTCCTACTGCGG,NACC1,367,51,20
NACC1_TGGAGCACGCGGCTGTCCAG,NACC1,634,188,181
NACC1_TTCGAGACCGCCAGCCACGA,NACC1,2153,524,433
NACC2_TGGCTCGGTCATCCAGGAGG,NACC2,980,167,188
NACC2_CGAGATGAACGTGATCGCCG,NACC2,767,95,257
NACC2_CCCGACCTACCTGTCAAAGA,NACC2,2220,567,839
NACC2_AGCATAAGGTCTTGCTGCGG,NACC2,671,92,295
NACC2_TCCGATCTGGCTGATGAGGC,NACC2,737,236,196
NADK_TGACAGCCCACCTTCTCGAA,NADK,2817,290,224
NADK_ACTTGTTCCACGTCAGCCGC,NADK,402,113,0
NADK_CGCGAGCCACATGTGTGACC,NADK,158,228,195
NADK_CCAGGAAGAGGTCGAGGCGC,NADK,1165,8,49
NADK_AGCCGTCAGTCACTCGGGCC,NADK,776,117,192
NADK_CCTGCCACGGCGATGAGACC,NADK,274,65,92
NADSYN1_CCACTGGTTGAGTGCGCAGG,NADSYN1,977,340,101
NADSYN1_GACTTGAAACGAGTGCAAGA,NADSYN1,791,187,274
NADSYN1_ACTCACCGACTCCTCGACCA,NADSYN1,2245,354,736
NADSYN1_ACCAGCACCGCATCTCCGAA,NADSYN1,972,554,460
NADSYN1_CAGCACTTGGTGGCTGCCCG,NADSYN1,1341,1002,436
NADSYN1_CACAGCCGTCGTAGTACAGG,NADSYN1,1381,203,265
NAE1_GGCAACATGATTACCCACAG,NAE1,677,90,73
NAE1_TCAGGAATTGTGCCTCGAAC,NAE1,1000,207,221
NAE1_GAACCGAGCTGAAGCTGCCA,NAE1,251,401,0
NAE1_TCAAAGAAGCAGTATCGGCA,NAE1,1850,6,11
NAE1_CATACAGTGGAGTGGAAAGA,NAE1,1274,427,246
NAE1_TCAAGGAGCAGAAGTACGAC,NAE1,1748,276,651
NAF1_GGGTTGGGCTACACCAAACA,NAF1,759,239,340
NAF1_CGTAACAGAGAATTCACACG,NAF1,1207,317,782
NAF1_TGATCGACAAGCAGCAGGAA,NAF1,2722,14,131
NAF1_GGAGGTGACGCAGTCTCCGC,NAF1,123,0,42
NAGA_TCTGGGCGGAGATGGTACGC,NAGA,860,1250,336
NAGA_CTCCACGAACCAATTCAGGA,NAGA,1750,519,337
NAGA_AGCTGGCCAGCCTATGAAGG,NAGA,735,238,290
NAGA_GCCAGCTGCGTAACTCACCC,NAGA,555,475,809
NAGA_CATGGAGATGGCTGACCGGA,NAGA,744,160,195
NAGA_TGCAGACACCACCCATGGGC,NAGA,3137,896,641
NAGK_AACGGCGGGACCAGCAGCGA,NAGK,20,11,7
NAGK_AACAGGGCCAAACGGAAAGC,NAGK,381,147,115
NAGK_ATCCGGTGTAGCTGTGGCGA,NAGK,551,176,239
NAGK_AACCCTGATGGCTCCGAGAG,NAGK,1383,162,127
NAGK_TGATATCGGCTACGTCAAAC,NAGK,1421,659,859
NAGK_TTCCCGCTATATCTTCAGGA,NAGK,729,518,448
NAGLU_GACACGGAGAAGTCGGCCGC,NAGLU,296,44,48
NAGLU_AGTCTATCTCTCGCTCCCAG,NAGLU,721,88,73
NAGLU_AGCTGCTTGATGTGCCAGGA,NAGLU,674,300,185
NAGLU_CAGTGCTGCCTGCATTCGCG,NAGLU,263,122,96
NAGLU_TGATCAGCTCTCGCAGGAAG,NAGLU,2275,434,473
NAGLU_GGGTGACCAGCTTTGCCGCC,NAGLU,183,209,206
NAGPA_ACCACGGTGGACACTTGGCG,NAGPA,750,58,93
NAGPA_GGAACTCCGCCATTTCCCAC,NAGPA,838,105,81
NAGPA_CCACGACCGGAAAGGGCAGC,NAGPA,558,486,505
NAGPA_CACAGAGTGTGACGAGACAC,NAGPA,1493,112,371
NAGPA_GACTGCCGTGTCGCCCAGAA,NAGPA,1264,130,231
NAGPA_GAGGAGAAGCCAGCGACCCG,NAGPA,154,164,0
NAGS_CTCACCTCGATGACGGCGAA,NAGS,1034,269,203
NAGS_GAGGTGCTCAAGTGCCAGCA,NAGS,432,110,125
NAGS_CTCCAGGGAGTCGAGAAGCA,NAGS,683,927,519
NAGS_CGGTGATGACGGCCGAGGAG,NAGS,1131,380,680
NAGS_TTCGCTCGGCGTTCTTGAAC,NAGS,1395,223,392
NAGS_GACGGGCTCCATGGTCAGAA,NAGS,1137,183,224
NAIF1_AATCTTTGATCATAGGCCGG,NAIF1,851,140,194
NAIF1_TGCTGGGCCATCATGTCCAC,NAIF1,1158,295,305
NAIF1_TCACACGCTGGAGGAGGGCG,NAIF1,1109,398,267
NAIF1_GGACCTGGGCAACCTTGCGA,NAIF1,668,59,214
NAIF1_GGTCCGTCGCAAGGTTGCCC,NAIF1,0,33,184
NAIF1_CAAGACCGAGGTCCGTCGCA,NAIF1,1475,290,395
NAIP_CAGCCTCTGAGAGCACACAA,NAIP,1212,258,461
NAIP_TCGTGAGGCCGGCACCAAAG,NAIP,1541,698,496
NAIP_AGATGCAGTTCAGTTGGCAA,NAIP,1477,369,1630
NAIP_AGCAGAAAGCCTCTGACGAG,NAIP,297,104,219
NALCN_CGACGAGTTCTACCTGGCGG,NALCN,790,221,139
NALCN_ATTGTACTGCACCTGGAGGC,NALCN,79,114,69
NALCN_TACCTCAACAGCCACCACCC,NALCN,899,192,310
NALCN_ATAGAAGTAGGAACGCCAAC,NALCN,731,168,288
NALCN_GAAGGCTACCAGTGCCCACC,NALCN,30,141,146
NALCN_CGGATCATAATCAGTGGCCG,NALCN,1664,3242,2992
NAMPT_CCTTGTAGGAGTCGGTGGCC,NAMPT,602,236,255
NANOGNB_ACTCCTCAATGCACCGGGCG,NANOGNB,679,316,255
NANOGNB_TGGAGATCTCTGTGTTGCCA,NANOGNB,531,58,52
NANOS1_CGCCACGCTCATCACCAAAG,NANOS1,3236,1029,1015
NANOS1_TCGTCCTCGTCGTAGTCGGG,NANOS1,166,45,72
NANOS1_CGACGACGACAGCGACGAGC,NANOS1,602,17,0
NANOS1_CGTGTTCTGCCGGAACAACA,NANOS1,1046,287,387
NANOS2_AGTCCCTCTACCGCCGCAGC,NANOS2,384,0,0
NANOS2_AAGTACTGCCCGCTTAACGG,NANOS2,1061,181,319
NANOS2_CGCCATCCGGTGTCTTCAGC,NANOS2,1473,286,945
NANOS2_CTACTTCAACCTGAGCCAGG,NANOS2,282,169,150
NANOS2_TAGTCCTTCCACATGTCGAA,NANOS2,422,145,191
NANOS3_AACCCAGGTAATCTGTCCAC,NANOS3,937,297,335
NANOS3_TTACCTGGGTTTGGCACACC,NANOS3,857,213,409
NANOS3_CAGCCTCGTCCTTCAGCACG,NANOS3,336,80,66
NANOS3_CACACCACCCGAAACTCGGC,NANOS3,1208,282,82
NANOS3_CTTGCCTGCCGAGTTTCGGG,NANOS3,364,39,38
NANP_GCTTACTGAACTTCGAAAGG,NANP,1358,437,169
NANP_CACTCTCATCGACACGGCCG,NANP,1212,456,550
NANP_ACACTCTCATCGACACGGCC,NANP,1372,214,198
NANP_AACACTCTCATCGACACGGC,NANP,1179,27,216
NANP_GGACAACACTCTCATCGACA,NANP,1110,161,217
NANS_CGCTGCAATGCCGCTGGAGC,NANS,1735,1009,1030
NANS_AGCCAAGCGCATGATCCGCA,NANS,477,384,699
NANS_GGAGCTGCAGAGGTACGCCG,NANS,1046,143,462
NANS_GGATTACTCAGGTCGCCCAA,NANS,603,104,98
NANS_GCGTCTTGTGGAGCGTGCCC,NANS,128,33,76
NANS_CATCCTCTTCAACAGTGACC,NANS,372,77,47
NAP1L2_ACTGCGATTGAGTATTCCAC,NAP1L2,470,12,19
NAP1L2_GAATATGTGGATGAGGACGA,NAP1L2,536,205,111
NAP1L3_GATTCCTATGATTGGGAAGC,NAP1L3,276,250,68
NAP1L3_CAAAGGTGTAACTTACAGGC,NAP1L3,1105,248,257
NAP1L3_TGAAACCGCCTATCATACAG,NAP1L3,1597,389,600
NAP1L3_CACGAAATTTGTTCCCAACG,NAP1L3,3453,1614,1823
NAP1L3_GCCGCTTGTATAGAAAGAAG,NAP1L3,840,170,299
NAP1L4_TGAAGTACAGCACAGCCCGC,NAP1L4,902,107,173
NAP1L4_CCGTGAGCGGATAGTCCCGC,NAP1L4,415,80,24
NAP1L4_TCCGTGAGCGGATAGTCCCG,NAP1L4,1304,254,105
NAP1L4_CAACAGATGCGGAATCGGAA,NAP1L4,1067,405,458
NAP1L4_CTACCTTGTCAAAGAGAGGC,NAP1L4,231,166,123
NAP1L5_CGTCATCAGGCATCTCGGCG,NAP1L5,3067,1749,1952
NAP1L5_GGCTGGTGACCCTGACAGCG,NAP1L5,2574,679,975
NAP1L5_GGAGACTGTGACAGCGCGGC,NAP1L5,194,124,121
NAP1L5_AATGGCGGAAGGCGGTGCGC,NAP1L5,24,13,62
NAPA_CATCGACATGCTCAACGCCA,NAPA,1557,0,0
NAPA_CATTGACATCTACGAACAGG,NAPA,1493,39,66
NAPA_ACAAAGGCGAGGAGTCCAAC,NAPA,429,12,0
NAPA_AGAGTTGGTGGACATCGAGA,NAPA,480,0,19
NAPA_GCCAGCGTCCACAAAGCAGG,NAPA,468,32,39
NAPA_GGACAATTCCGGGAAGGAAG,NAPA,1040,133,86
NAPB_AGTAGACGAGTTGAATGCCA,NAPB,445,97,19
NAPB_CTTTCTGGTACTGCTCAAGC,NAPB,487,279,270
NAPB_CGGGCGACATGGACAACGCG,NAPB,1025,357,78
NAPB_GCGGGCGACATGGACAACGC,NAPB,417,140,83
NAPB_GGCGGGCGACATGGACAACG,NAPB,902,290,398
NAPEPLD_CCTCGGTTCATAAGCTCCGA,NAPEPLD,189,134,150
NAPEPLD_GGAGTTCACTTATTGTGCAC,NAPEPLD,1418,235,209
NAPEPLD_TTTGGACCCATGTACTGCGA,NAPEPLD,450,259,299
NAPEPLD_TGCCACGGTAATGGTGGAAA,NAPEPLD,1484,538,238
NAPEPLD_CGGAAGCCGCGGAACTGAGG,NAPEPLD,214,11,46
NAPEPLD_GACTCTGTGGCCGGAAGCCG,NAPEPLD,335,140,285
NAPG_CGGCTCAGAAGATAAACGAG,NAPG,1659,147,110
NAPG_ACTATTTCTCTGCTTTGGCG,NAPG,618,70,18
NAPG_TGCAGAGCTTATGAGCAAGC,NAPG,1137,227,191
NAPG_GGCCGTTCAGCTAATTGAGA,NAPG,649,13,27
NAPG_GAATGAAGAACGCTTACGAC,NAPG,660,111,89
NAPG_TGCCACGGCTGCTGATGAAG,NAPG,1818,333,309
NAPRT1_CAGATGTTGGCGCCAGCAGC,NAPRT1,133,60,123
NAPRT1_AAGTGACGAAGGAGTGGGCC,NAPRT1,475,368,94
NAPRT1_GCACCAGACACTCACCGCCC,NAPRT1,1136,136,15
NAPRT1_CCCACCTGGCGTAGCTGACC,NAPRT1,1171,189,164
NAPRT1_CGAAGGTGCTCGAAGAACGC,NAPRT1,1572,1297,899
NAPRT1_AAGGCGAAGGCGCCGCCGAA,NAPRT1,223,125,173
NAPSA_GCTTCACTTGGGCGTCACCC,NAPSA,295,68,380
NAPSA_ACGTCACCGAGGATCCAGAA,NAPSA,1535,667,774
NAPSA_GGACGTGCCCGTATCCAGGA,NAPSA,284,164,94
NAPSA_TTGGCACAGAGAGTCAGCCC,NAPSA,836,137,397
NAPSA_ACATCCCTGTAGTTCGAGAG,NAPSA,1597,434,832
NAPSA_ATCGAGTCCAACCTGGACGC,NAPSA,1248,78,55
NARF_AAGACTGAAGTACGCGGGCA,NARF,1183,333,586
NARF_CCGCGTTCTGAACCTTAACA,NARF,2540,966,1069
NARF_CTATCGCCAGCACAGTGAGG,NARF,1151,304,255
NARF_GCCTGGAGGCTACTGGGAAA,NARF,2287,882,668
NARF_TCGGCGTATCGGACCCAGCC,NARF,584,282,422
NARF_GCCTTCCCGGTTCTTCCAGG,NARF,693,90,53
NARFL_CACCATGAGCACACCTGGGC,NARFL,1853,0,27
NARFL_GGCACCCAGTCAGCAGAGGC,NARFL,566,0,0
NARFL_GCTCTGCTGGGTGATAAGCA,NARFL,408,0,0
NARFL_TTAACCAAGTAAGGCACAGG,NARFL,1596,417,178
NARFL_TTCACCCTTCACGTGAACAG,NARFL,1538,228,293
NARFL_CTTCATCGGGCCGTCTCAGG,NARFL,475,0,0
NARG2_TCGTACGCTGCAGTGTCCAG,NARG2,1557,0,12
NARG2_TGCAGCGTACGAGTAACAAC,NARG2,1082,164,294
NARG2_GACCAACGTACAAGGAACAG,NARG2,1035,57,13
NARG2_TGATGCCCGTCTCTTCACAG,NARG2,850,0,0
NARG2_TGTGAGAAACGAGAGAAACG,NARG2,1055,1,39
NARS_ATGGTTATGGCGTGCAACGC,NARS,83,8,2
NARS_CGTATACCAGTAATAGGGAG,NARS,499,0,0
NARS_CATAGTGCATGAGCTCAACC,NARS,919,11,0
NARS_GGTTGTCAGCTCCTCCAGCA,NARS,798,17,1
NARS_ATGTTTCTGGTGTTGCGAGA,NARS,751,15,0
NARS_CGAGAGGGAAGCGATGCCAC,NARS,405,0,0
NARS2_GCACAGATCCAAATCGACGA,NARS2,1295,223,115
NARS2_TCTTAGAGGAGCGCTTAGCC,NARS2,551,135,226
NARS2_CCTGAGACAGTTAAGAAAGC,NARS2,1225,324,95
NARS2_TCGTTCTGTCCGATCCCAGA,NARS2,853,102,37
NASP_TTCTCTTAAGAATGAGCGGC,NASP,421,52,100
NASP_TCTCTTAAGAATGAGCGGCC,NASP,143,80,98
NASP_AATCACTTCTGGAGTTGGCA,NASP,812,3,3
NAT10_ACATGCCGAAGGTATTGCCC,NAT10,874,0,10
NAT10_GGCCAGGACTGTAGAAACAG,NAT10,1412,55,45
NAT10_CTCCTCCCACGTTGCCACCA,NAT10,2006,139,200
NAT10_CCCAGCAATCGCCAATCCCA,NAT10,1123,0,19
NAT10_CAAGTAGGCTCTTCACCAAG,NAT10,1203,115,41
NAT10_TCTCAGCAGTGGTGCTGACC,NAT10,418,32,0
NAT14_AGATGCTGAAGGTGAGAGGC,NAT14,572,94,188
NAT14_TCAAGGCATGGAGGGCCACG,NAT14,1217,49,39
NAT14_AGGAAGCCAGGACAAAGCGC,NAT14,501,139,156
NAT14_AGACAGACAGGCGGGTGACC,NAT14,292,78,109
NAT14_GGAGGTTTCTCAGTGCAGAC,NAT14,567,463,377
NAT14_AGACTTTGCAGACATCACCC,NAT14,1953,259,742
NAT16_ATCGACGCCTTCGGTAGCGA,NAT16,1388,115,135
NAT16_CAGCGCGACGTGCTTCCAGG,NAT16,1793,474,591
NAT16_TGGTCAAGAGACAGCACCCG,NAT16,1489,210,227
NAT16_GCTGGTCAAGAGACAGCACC,NAT16,512,60,45
NAT16_CTTCGTGGTGGCCACGGAAC,NAT16,753,306,280
NAT16_TGAGGTGGCTGTGCCACAGC,NAT16,508,155,62
NAT2_AGAAATCTCGTGCCCAAACC,NAT2,2014,709,769
NAT6_GGTTCAGCACCCGTGACAGG,NAT6,394,83,58
NAT6_TAGCCTGGCTGAGTTGACCC,NAT6,272,349,273
NAT6_TGGTCCAACTGAGCTTACCC,NAT6,227,171,335
NAT6_ACTAGACCCTACACACCGGA,NAT6,442,164,243
NAT8L_GCATTGTGGGCCTCCCGACA,NAT8L,2203,409,576
NAT8L_GCGCGCCGCATCTTCTACGA,NAT8L,924,253,276
NAT8L_CTCACGGCGAAGCACAGCGC,NAT8L,655,309,388
NAT8L_GGCACGTCAGCAGCAGCGAG,NAT8L,1423,446,262
NAT8L_CACCACGTTGCCATCCAGCA,NAT8L,2864,1344,1422
NAT8L_ACTCCTCGCGCAGCTGCAGG,NAT8L,649,45,116
NAT9_TGTAAGGCTTCTCTTCCACG,NAT9,543,270,168
NAT9_CCTCGCAGAGGAGATGAGAC,NAT9,1063,364,590
NAT9_CTCTGCAGCTTGGGACAGGA,NAT9,870,127,175
NAT9_CCTCTGCAGCTTGGGACAGG,NAT9,136,235,54
NAT9_CAGCTCTCTTCGGTGGCGCC,NAT9,2,38,64
NAT9_TTGTGCTGGATGCCGAGAAG,NAT9,790,371,339
NAV1_GACCTTCAGCTCAGCCGCGC,NAV1,782,101,208
NAV1_GAGCTTACCTGTGAGTCACC,NAV1,90,132,52
NAV1_CATGGGCAAGACCATGACGG,NAV1,80,205,123
NAV1_CCTGCCCAGATCCGGAAGAA,NAV1,2601,646,625
NAV1_AGCAGTGGGAGTACTTGGGA,NAV1,663,306,342
NAV1_CTTCTAAGTGGCGGAGGGAG,NAV1,357,423,151
NAV2_AAAGCCAGTTATCCACGGAC,NAV2,1262,166,176
NAV2_CTTCCCAACTTCAGGTAGCA,NAV2,502,464,488
NAV2_GAATAACACCACCATGAAGC,NAV2,744,92,102
NAV2_GCTGAAGAAGAGGCCTAGAA,NAV2,853,140,281
NAV2_ACTTCCAGGTCCTACCGCGA,NAV2,1606,137,157
NAV2_CAGCTTGTGTCCCGGGACCC,NAV2,1844,37,104
NAV3_TCGCTGCTGAAGTTCCACCA,NAV3,709,515,204
NAV3_GCAACTCAGTCTAATCACAG,NAV3,1012,538,512
NAV3_CTCCAAGTGCCAGCAAGCCC,NAV3,1262,342,337
NAV3_CTGTACCAGTCCTACAAAGA,NAV3,1903,616,738
NAV3_GAGACAGCAGCTCGACGGAG,NAV3,275,73,76
NAV3_TCCCGGGACATCATCCAGAG,NAV3,1846,829,855
NBAS_AAGATGAGCCTTTCTCCAGA,NBAS,656,39,7
NBAS_AGGTTACTAATGGTGGAGAC,NBAS,597,10,35
NBAS_ATGGTTACTTACCTGTGACC,NBAS,99,14,0
NBAS_CTCCTCGGTAATTGATGACC,NBAS,634,125,11
NBAS_TCCATGCTACCCGTCTCCAC,NBAS,646,0,22
NBAS_ACCTGTACTTCAGTCTCCGG,NBAS,399,0,0
NBEA_CCAATGGCTAGCGAGAAGCC,NBEA,369,375,183
NBEA_TTACCGCAGCGCTACAACCA,NBEA,2892,1033,592
NBEA_GCAAAGTGGCCTTATCAGAA,NBEA,2552,994,625
NBEA_AATCCCGTGTTACCTTGGAA,NBEA,1072,122,55
NBEA_CTCGAGTATCTGTGCTGACA,NBEA,2142,426,489
NBEA_TCCGTGGACCTGGGCTAAAC,NBEA,1163,763,658
NBEAL1_TAAACCAGCTTCTCTCACAG,NBEAL1,1598,394,228
NBEAL1_TTTGGAGCCATTGTAGCCGG,NBEAL1,601,45,64
NBEAL1_CAACTCTGATCAGCGTCAAG,NBEAL1,862,479,180
NBEAL1_TTCCAGTGGTGGCTGACCCA,NBEAL1,1097,366,394
NBEAL1_GACTCGAGCAATCCTGACAA,NBEAL1,401,242,138
NBEAL1_GCCCTAAAGCCTTACCCAGA,NBEAL1,251,275,177
NBEAL2_CTCGTACAGCCGCTCCGAGG,NBEAL2,1632,77,163
NBEAL2_TCACCTTCGTGGCTCCAGAG,NBEAL2,2554,1023,885
NBEAL2_AGAGGTCCCGCTGCTACCAC,NBEAL2,408,278,221
NBEAL2_AGGTTTGGTAAGGGTCAAAG,NBEAL2,1352,340,372
NBEAL2_AGCCTACCTTTCCTCCAGCG,NBEAL2,2832,1627,1624
NBEAL2_CACCGAGCATGCTGACCCGG,NBEAL2,1813,299,595
NBL1_ACCTCATGAGTCAGACAAGC,NBL1,817,381,556
NBL1_CCTCATGAGTCAGACAAGCA,NBL1,2007,713,951
NBL1_CAGCCAGTAGCATGGCAGGG,NBL1,1141,49,190
NBL1_AGGCCAAGTCCATCCAGAAC,NBL1,1572,618,360
NBL1_AGTACTCACAATCTCCCACA,NBL1,493,34,187
NBL1_GAGCGTCTATGTGCAGGGCG,NBL1,128,150,582
NBN_TTGTCTGAGTTTGTGTCCAC,NBN,1469,144,46
NBN_TCCGCAGTTGTCTTTGGAGG,NBN,637,225,227
NBN_TGTTGATCTGTCAGGACGGC,NBN,1065,413,513
NBN_TGGAAACTGCTGCCCGCCGC,NBN,68,78,153
NBPF14_CCACAATTGCGAAAGTCACC,NBPF14,293,146,152
NBPF3_TTCTGGTGTTCCCGTAAGGC,NBPF3,1351,260,126
NBPF3_TATGAGGCAGACATGTCAGG,NBPF3,308,305,172
NBR1_TCAACCCTAGCCTCACAGCA,NBR1,1080,833,753
NBR1_AACGACTAGCTGCCAGGGCA,NBR1,665,141,157
NBR1_ATGGAACAAGTGGAAACGAC,NBR1,195,49,20
NBR1_CTTGCAACAACTGCCAAAGA,NBR1,2073,711,746
NBR1_GGTTCAGAGGAGCCCACAAC,NBR1,371,141,334
NBR1_ACTGAGCATTGGCATAACGG,NBR1,449,489,281
NCALD_GCACTGCAGGAGGCGCACAA,NCALD,1312,364,652
NCALD_GCAGGAGGCGCACAATGGAC,NCALD,429,283,176
NCALD_CAGATGGACACCAATAGAGA,NCALD,1252,430,667
NCALD_CGGAAATGGCTATATCAGCA,NCALD,3543,544,599
NCALD_CCTTGAGTGTAACTTCGAGG,NCALD,300,144,348
NCALD_TTCCGCACCTTCGATGCAAA,NCALD,2005,1314,1454
NCAM1_AGGGCAGAATCCTGGCACGG,NCAM1,995,486,209
NCAM1_ACCCTGGTGTGCGATGCCGA,NCAM1,475,292,219
NCAM1_TGCATTGCTGAGAACAAGGC,NCAM1,870,138,447
NCAM1_TGTAGAGAACCAGACTGCCA,NCAM1,262,59,27
NCAM1_CAGGGTCAGCGACGACACAC,NCAM1,1603,427,647
NCAM1_CCCAAGTGTACACAGCCACA,NCAM1,1073,803,464
NCAM2_TTGCTTGTCAGTAGCGGGCA,NCAM2,1114,707,480
NCAM2_CCAGAGACTTATTACAGGAC,NCAM2,2265,385,383
NCAM2_ACAGAGGGTAGTAGTGCAAA,NCAM2,1029,224,352
NCAM2_TGATACAACCAGCTGACAGC,NCAM2,711,265,212
NCAM2_AACCTACCTGAACCAGGAGA,NCAM2,516,63,86
NCAM2_TGCAGGGCCACAAATAAGGC,NCAM2,1895,499,732
NCAN_AGGCCCAAGGCCCAGACAAA,NCAN,961,443,369
NCAN_CCTTGGTCCACTTTATCCGA,NCAN,85,113,65
NCAN_TGTTCCACTACCGATCAGCC,NCAN,720,149,106
NCAN_GGTCGCCATAGCAACCAGGA,NCAN,475,88,74
NCAN_TAGGCGTCGAAGCGCTCGGC,NCAN,16,29,64
NCAN_CACTGCAGCAAGTTCACACA,NCAN,3093,349,705
NCAPD2_CAAAGTGCTGCAGCATAGCC,NCAPD2,625,503,461
NCAPD2_GGGTAAGAAAGCTCGGACCA,NCAPD2,473,0,10
NCAPD2_GCTGCAGCACTTTGAACACC,NCAPD2,440,547,234
NCAPD2_CGAGACCCTTCAGGGACAAA,NCAPD2,1648,416,84
NCAPD2_CACCCGAATTGTCCAGCAGA,NCAPD2,634,86,76
NCAPD2_CTGCCTGGAAACGTGTCAGG,NCAPD2,279,0,0
NCAPD3_TGCAGTAAGATACGGACGAC,NCAPD3,2433,459,549
NCAPD3_ACCTGATAAACTGGACCGCC,NCAPD3,123,152,80
NCAPD3_AAGAGCTCTCAGGCTAACCC,NCAPD3,396,33,8
NCAPD3_GAATATGGCCTTCATGCCGC,NCAPD3,151,0,0
NCAPD3_TCCATGTTCTCCAGTAGCAA,NCAPD3,1770,221,91
NCAPD3_AGGGCTGCAGGCCGCTACCA,NCAPD3,1297,137,152
NCAPG_CCGGCAGGGTTCCAGAGCCA,NCAPG,1965,181,596
NCAPG_CTACACACACCATTAACCAC,NCAPG,1137,69,81
NCAPG_AGAAGCATCTTCTTCAAGGC,NCAPG,1202,0,0
NCAPG_CAGTTTCAGCTAGGACGAAC,NCAPG,2005,931,701
NCAPG2_TCGACCTGTGTCTCGGCGCC,NCAPG2,479,290,458
NCAPG2_CACCAAGGATCCCTGTGGAA,NCAPG2,2936,14,0
NCAPG2_AGTGCATTCCAAAGTGCGGG,NCAPG2,291,0,0
NCAPG2_CTGCCTGCCAAGGAAGACAC,NCAPG2,740,20,10
NCAPG2_TGTGTTGTTAGAAAGCCCAG,NCAPG2,635,14,124
NCAPG2_ACAAGCCGTGTCTAAGGAGC,NCAPG2,67,0,31
NCAPH_AACTCTTCTTCAGAGACGCG,NCAPH,829,27,91
NCAPH_GGACTCTGTATACATCGGCA,NCAPH,453,44,31
NCAPH_CCTAACTCTGGCAACTCGAG,NCAPH,834,164,163
NCAPH_TGTAAACTGGAACCCGGCCA,NCAPH,228,0,6
NCAPH_ATCATGAAGAGTTCAGGAGC,NCAPH,1117,7,115
NCAPH_CGGGCCAGCCCACATCGACA,NCAPH,2332,916,536
NCAPH2_GGTCGCGGATGGGCTGCAAG,NCAPH2,1211,0,45
NCAPH2_CACCTTCTTACTGTAGACGC,NCAPH2,934,23,81
NCAPH2_TCTCTTCGGTGCAGGAGGAC,NCAPH2,640,128,222
NCAPH2_CAGGGAAGTCATCCAGCGAC,NCAPH2,466,223,135
NCAPH2_CATCCTGAAATCCTTCCGGC,NCAPH2,421,163,96
NCAPH2_CAAGGCCGCTCTGGAGCCCA,NCAPH2,295,4,58
NCBP1_CGGCACAGCGACGAGAACGA,NCBP1,1781,367,235
NCBP1_TAGGTTGCTCTCCAAAGAGC,NCBP1,193,9,24
NCBP1_TACAACTCCTTTCCAACCCA,NCBP1,738,0,0
NCBP1_ATTCAGTGTACCCAATGCCA,NCBP1,251,0,0
NCBP1_TCCCTGGCATGACAGGACCC,NCBP1,668,1,0
NCBP1_TGAACACTACCTGTGTAGAC,NCBP1,844,1,12
NCBP2_GACTACGATGCTGGGAGAGG,NCBP2,331,44,21
NCBP2_CAGGACTACGATGCTGGGAG,NCBP2,1944,86,54
NCBP2_GAGGGCAGGCAATACGGCCG,NCBP2,631,73,14
NCBP2_TGGGACGCAGGCTTTAAGGA,NCBP2,1704,31,0
NCBP2_ACCGAATCATTCGCACAGAC,NCBP2,1180,713,474
NCBP2_CTTCTCTGCACTATGTCGGG,NCBP2,1153,68,77
NCBP2L_TAGCAGCTCAGCTCCAAAGC,NCBP2L,1411,871,1230
NCBP2L_CAGTGGCCGTAAATTTCAGC,NCBP2L,498,170,277
NCBP2L_GGTCCCAGTTAGAAACCGCA,NCBP2L,242,199,155
NCCRP1_GGAAGCTGCTCCTGTTGCGG,NCCRP1,1505,213,315
NCCRP1_CAGTTCTAATGTACCAGCCA,NCCRP1,1071,216,383
NCCRP1_TGTGTGGACCTTCTGGCCGA,NCCRP1,482,189,156
NCCRP1_CAGCCATTACGGTCATGGAC,NCCRP1,1658,830,638
NCCRP1_GCTGAGCAATGACCGTGCGG,NCCRP1,563,38,157
NCCRP1_CTTTATCCACTTCCTGCACA,NCCRP1,844,389,188
NCDN_TGTTGTGACCTGGCTGCGGC,NCDN,589,269,365
NCDN_GCACGCCAGATTCACCAGCA,NCDN,1806,207,232
NCDN_GACCTCATCCTTGCGTAAGG,NCDN,948,176,267
NCDN_AATACTTGCACAGAAGCGAG,NCDN,246,89,0
NCDN_TGTGAAGCAGGCGTCACGCC,NCDN,904,98,112
NCDN_TGTCCTGGTGGAGCTGGCGC,NCDN,485,249,86
NCEH1_CTGTCAGGGCCCGTCTAAAC,NCEH1,3035,1352,1185
NCEH1_CAGATACAGGCTAGTTCCAA,NCEH1,837,227,60
NCEH1_TTTATATCCACGGAGGAGGC,NCEH1,109,35,105
NCEH1_AGCGTCGTTTATATCCACGG,NCEH1,1720,606,351
NCEH1_CTCCGGCAACTTTCTGCCCG,NCEH1,1787,695,534
NCEH1_CGCGGGCAGAAAGTTGCCGG,NCEH1,769,114,649
NCF1_TCACCAGGAACATGTACACC,NCF1,4126,739,810
NCF2_TAAGAAACTGGAGCTCCGGC,NCF2,303,121,72
NCF2_GCTTTGGAACTAGGAGGAGC,NCF2,452,79,267
NCF2_CAATGTTCCCTGGCATGACC,NCF2,859,212,274
NCF2_TGAGAGACAAGTGGCTCAGC,NCF2,134,103,79
NCF2_GCAGTGGCTTACTTCCAACG,NCF2,1742,816,1005
NCF2_GCGGACAAGAAGGACTGGAA,NCF2,839,151,146
NCF4_CATGGAACTGGCGGTAGCGG,NCF4,60,128,116
NCF4_AGTCTACGTGGGTGTGAAAC,NCF4,1801,375,445
NCF4_ACACTTTCCGGGTGCGCGGG,NCF4,894,143,323
NCF4_GGGCAACAGCGTTGACCGCA,NCF4,294,125,57
NCF4_CTTTGTTGATCCGACTGAGG,NCF4,1182,62,42
NCF4_CCACCGCGATGTCCCTAAGG,NCF4,2537,510,462
NCK1_GGAATTTCGAACTCGCCACC,NCK1,104,213,131
NCK1_GAACCCACATGGTCACCCAA,NCK1,634,119,155
NCK1_GGTATTATGGCAAAGTCACC,NCK1,64,31,0
NCK1_CACCAGGCATCAAGCAGAAA,NCK1,2203,1120,1351
NCK1_GCAGCGTAAATTCAGCACCA,NCK1,1102,485,502
NCK2_TGCTGGACGACTCCAAGACG,NCK2,1159,313,601
NCK2_GAGGAACGCGGCCAACAGGA,NCK2,477,113,73
NCK2_GCCTCGCTGAGCAATGGCCA,NCK2,106,28,34
NCK2_TACACCGGGCCCTCGTCCAG,NCK2,152,17,9
NCK2_CCCTGACGCTTTAAGGGACA,NCK2,1097,296,367
NCK2_CCCGTGCTCGCTGGTGAAGA,NCK2,631,483,837
NCKAP1_AACTACTCACGCATGTGACA,NCKAP1,188,51,19
NCKAP1_CTTCATCCCGAAAGAGAGAG,NCKAP1,581,3,11
NCKAP1_GGAATCTTTCAGCTGACCAG,NCKAP1,229,7,6
NCKAP1_AATCCACAATCATCTGGCCA,NCKAP1,466,0,1
NCKAP1_TGTTGCGGGTTTCTACAGCA,NCKAP1,1616,111,21
NCKAP1_AGCTCACCATCCTCAACGAC,NCKAP1,2448,55,62
NCKAP1L_CCTGAATGATCGCGGTCAGG,NCKAP1L,319,38,142
NCKAP1L_CATAGATGTCCGAAACAGCA,NCKAP1L,599,475,399
NCKAP1L_CCAAGACCATCTGACCCAGA,NCKAP1L,1236,754,255
NCKAP1L_CCTCTTTGTCCGAAGAAACC,NCKAP1L,366,415,431
NCKAP1L_CTGTGGAAGTAATGGAGCGC,NCKAP1L,634,254,245
NCKAP1L_CCTCAGGTATGGCAAGAGAG,NCKAP1L,1725,347,400
NCKAP5_CGATTTCCCGAGTCTGGGAG,NCKAP5,1040,555,543
NCKAP5_GATAGAGCTGCCGATGAGAC,NCKAP5,44,9,10
NCKAP5_TCTTCGATTGTGGGTGAGAG,NCKAP5,520,421,732
NCKAP5_AAATCGGCCTTGAAATGCCC,NCKAP5,54,36,61
NCKAP5_AAGCGAGAAGCGGTTGCAGG,NCKAP5,567,86,124
NCKAP5_ACGGCAGTCAGGACTTACCA,NCKAP5,605,348,371
NCKAP5L_CGGTGCTACCTCAGAGGGCC,NCKAP5L,682,236,257
NCKAP5L_CCTGAGCTCCACTGAGGGAC,NCKAP5L,1017,248,389
NCKAP5L_GGAGCGAGCCTGTCGTGAGC,NCKAP5L,198,99,65
NCKAP5L_ACAGGCGTTGCTGAACCAGA,NCKAP5L,522,27,146
NCKAP5L_TTATGAGCGCTGTCTGGACG,NCKAP5L,2222,826,1082
NCKAP5L_TCTGCACCGACTGCGGGAGC,NCKAP5L,1553,253,179
NCKIPSD_CTCCCTCTAGGACCTCAGCA,NCKIPSD,1940,492,319
NCKIPSD_CCTCTCACTCGTAGAGGGCA,NCKIPSD,35,88,90
NCKIPSD_AGTGAAGCGCCGAGACCGCG,NCKIPSD,107,338,54
NCKIPSD_TGAAGGGCCTCTGCGTGACA,NCKIPSD,912,105,90
NCKIPSD_AAGTACAGCCTGGAACAGCG,NCKIPSD,1068,297,689
NCKIPSD_TAGAGCGAAGCAGCGCGCAC,NCKIPSD,96,73,38
NCL_TTGACGGCTCCGTTCGGGCA,NCL,1340,16,0
NCL_GGCTGGAGTTGCAAGGACCC,NCL,191,0,0
NCL_GGAAAGAATAGCACTTGGAG,NCL,507,48,15
NCL_TCCTGTGAAAGCCAAGAACG,NCL,858,1,10
NCL_GGTAGCAACTCCTGGTAAGA,NCL,622,16,0
NCL_CATCATGGTGAAGCTCGCGA,NCL,428,1,9
NCLN_GAATGCAGTGCTGAACACGG,NCLN,781,111,385
NCLN_GCAATTCATGGAGATCGAGC,NCLN,222,353,192
NCLN_TGACTGGCTGATTGCCAGCG,NCLN,495,173,278
NCLN_CCACGATGACGATGGTGGGA,NCLN,280,171,133
NCLN_TGCGCTTGTAGGTGTAGAGC,NCLN,1297,129,279
NCLN_GCGCTGGCTGGAAGACAACC,NCLN,1648,261,195
NCMAP_TCTCACTGAACATGACCACC,NCMAP,696,210,260
NCMAP_GATGATGACAACCACCACAA,NCMAP,746,291,198
NCMAP_TGTTTGGGCCCACGGCAGAA,NCMAP,499,373,368
NCMAP_GCCGTGGGCCCAAACAGCAA,NCMAP,980,249,274
NCMAP_GCCGTTGCTGTTTGGGCCCA,NCMAP,899,57,123
NCOA1_CGTCTACAGCATACTGCACG,NCOA1,191,255,54
NCOA1_CGTGTTGCCTCTTGAGGCCA,NCOA1,1141,176,376
NCOA1_CCCGTAATAGCTGGAGGCCG,NCOA1,1088,301,921
NCOA1_AACAGCTGTCTGGCATAAGA,NCOA1,973,395,421
NCOA1_TCTACACCGGCTCTTACAGG,NCOA1,374,133,174
NCOA1_TGATCAGTTACTGCCCACGC,NCOA1,1432,364,421
NCOA2_GGATCTGACTGGACAAACGA,NCOA2,637,226,213
NCOA2_ATGAGAGCAGCCATGAAACC,NCOA2,1211,338,249
NCOA2_TCTTGCCACGCAAATCAAGC,NCOA2,506,292,349
NCOA2_GGTCTGGCGAACCTCCGAGG,NCOA2,296,15,156
NCOA2_TACCTATAGACTTTGGCAGC,NCOA2,335,306,105
NCOA2_TGTCATCGACAAGGATGCGC,NCOA2,372,196,187
NCOA3_TTTCGTGAATCACTGGCCAG,NCOA3,568,64,109
NCOA3_GCAATATAAGCAAGAGGACC,NCOA3,545,113,49
NCOA3_CATAGCTCGTGGCTGAGACA,NCOA3,1391,302,346
NCOA3_GCTTACAGATGCCGAGCAGC,NCOA3,271,82,195
NCOA3_AGTATTGCCAGAAGATGCCA,NCOA3,287,78,78
NCOA3_GACTTGAGCCAACAGAAACA,NCOA3,1687,205,299
NCOA4_GGTATGGCTGTATGAACAGG,NCOA4,322,285,115
NCOA4_CAATCTCCACACCTTTGGGC,NCOA4,637,75,80
NCOA4_ATATCGAACTCCTCTACAGG,NCOA4,626,126,127
NCOA5_ATGCCTCTGGTAAGATCCCA,NCOA5,193,1,10
NCOA5_AGCACTTGGCCGCTCTGGAG,NCOA5,422,264,145
NCOA5_ACGTGAGGAGATTGCCAGAC,NCOA5,1830,299,434
NCOA5_GAAGGTGCGAGACCTGGGCA,NCOA5,488,252,215
NCOA5_AGAGACGCTTTGATGCCGAA,NCOA5,669,107,133
NCOA5_AGAGATAGCTTTGATGGACG,NCOA5,1457,280,544
NCOA6_ATTTGAAGGTGCTTGCCCGA,NCOA6,494,60,90
NCOA6_CCACCGTTGCCTGGAGAACA,NCOA6,3253,1174,872
NCOA6_TGAATGCCCATAACCTGAGA,NCOA6,251,57,80
NCOA6_GGCACAATGACTGCAAACCA,NCOA6,1649,707,431
NCOA6_GAAGATGACACATTTCCACC,NCOA6,378,72,124
NCOA6_AATTCAGTTAGGATGGAGGC,NCOA6,143,67,135
NCOA7_TACAAGGACTCATACTGGGA,NCOA7,183,177,106
NCOA7_CAGTGTATTCCATAGTCCCA,NCOA7,738,115,88
NCOA7_GGATGCTGACTTAGCACGAA,NCOA7,1476,630,252
NCOA7_TAAGAACAAAGAAGGGCCAC,NCOA7,24,0,75
NCOA7_GCCCATACTCACCTCTCCCG,NCOA7,2385,411,398
NCOA7_ATGCAGCTACTATGAAGACG,NCOA7,1589,305,577
NCOR1_TGGTGATCCGGCCCTTACGG,NCOR1,1153,305,218
NCOR1_TCCCATAATTCCTTCTGACG,NCOR1,1059,62,171
NCOR1_CATGTTTAGAGTTGGGCAGA,NCOR1,577,93,131
NCOR1_TAACCAGCCATCAGATACCA,NCOR1,1423,137,308
NCOR1_CTGCGGTGTTTCTGCTCCAC,NCOR1,1916,73,486
NCOR1_TAGTGCACCCGCTGCCAGAA,NCOR1,1038,296,295
NCOR2_TGATACTGCCGGGTGTCGGA,NCOR2,166,47,14
NCOR2_AGATCATCTACGACGAGAAC,NCOR2,1096,317,332
NCOR2_GATCCAGAACATGGACCGCG,NCOR2,457,111,174
NCOR2_ATGAGTGGGACTCTGGCCGC,NCOR2,955,75,71
NCOR2_CTCACCGTTCATTCCCGGGC,NCOR2,1199,222,221
NCOR2_TGCGTCCGGGCGATCTGCAC,NCOR2,159,347,244
NCR1_TCACCGACGCAGAGCAGGGC,NCR1,2098,153,249
NCR1_CAAGTGACCATCTGTTGCCA,NCR1,985,324,273
NCR1_CCCGGACATGAACTCCCGCA,NCR1,777,429,308
NCR1_CGGGTCCAGGATGAACCGAG,NCR1,456,121,179
NCR1_CTGGTGTTCTCAATGTCGCC,NCR1,104,57,225
NCR1_GAAAGGCCAGGCCCATCCGA,NCR1,125,34,19
NCR2_CAGTGGGTGTAGGGCTCGCC,NCR2,172,222,72
NCR2_TTGGATTGTGCCTGAGAGCC,NCR2,1275,567,207
NCR2_GGCAGTCTCTACGAGAAGAA,NCR2,368,70,140
NCR2_TGTGAAGAGACCAGGTCGCG,NCR2,2604,429,422
NCR2_ACACTCACCACCAGACGAGC,NCR2,1124,170,254
NCR2_GGTCCGTGACCTGTTGAAGG,NCR2,801,313,413
NCR3_ACACACTGCCACTCCTCAGA,NCR3,670,99,47
NCR3_GGCAGCACCGTCTATTACCA,NCR3,391,168,220
NCR3_CATAGAATCCAGCCCGAAGG,NCR3,859,262,283
NCR3_CAGCATCTACGTGTGCAGAG,NCR3,2207,848,702
NCR3_TGAGCGCACGCCCTGTCACC,NCR3,447,217,222
NCR3_GGACATCTTCCGACATGGCC,NCR3,609,117,138
NCR3LG1_AATCAGGAGCGCCGCGCACG,NCR3LG1,2074,674,186
NCR3LG1_CTGTGGGCGCTGACGACCGA,NCR3LG1,628,153,181
NCR3LG1_TCACGTCTATGGGTATCACC,NCR3LG1,574,110,85
NCR3LG1_ACTCACCCACAACTTCAAGC,NCR3LG1,1307,648,427
NCR3LG1_AACTCCTCTCAGGAAGACCC,NCR3LG1,626,70,19
NCR3LG1_ACGCATGCCGTACCACACAC,NCR3LG1,2720,641,572
NCS1_TTCTCTTGCAGTTACCGAGA,NCS1,657,201,162
NCS1_AGTGGGCAGCTGGATGCGGC,NCS1,404,8,1
NCS1_GCGCTGTCGGTGACCTCACG,NCS1,2669,1468,1020
NCS1_TGTGGATGCCATTTACCAGA,NCS1,199,145,118
NCS1_GGAGAACACTCCTGAGAAGA,NCS1,800,154,251
NCS1_CTCTGCTCACAGAATGCCGA,NCS1,170,86,30
NCSTN_GGCAAGATGGCTACGGCAGG,NCSTN,162,115,80
NCSTN_GCGTTGAGCAGGCGAACACA,NCSTN,1675,171,144
NCSTN_CCAGCAGAACCATGTAAGGG,NCSTN,1430,139,29
NCSTN_TGCAAGACCAGCAATTCGGC,NCSTN,2195,353,159
NCSTN_CAGTGGAATTCGCTGGGCAA,NCSTN,1690,137,378
NCSTN_GATCACAACCTGAGTCAGAA,NCSTN,601,214,307
NDC80_AAGCGCAGTTCAGTTTCCAG,NDC80,1151,1,0
NDC80_CGCAGTTCAGTTTCCAGCGG,NDC80,2195,242,152
NDC80_ATCTTAACTCCTGCATGGAG,NDC80,882,13,23
NDC80_CTTGCAACGTCTGTTAGAGA,NDC80,2176,17,19
NDE1_TGGCGATGACCTACAAACAG,NDE1,3437,471,810
NDE1_TAACCGCCTTCGCATGGAGC,NDE1,787,19,149
NDE1_TAATGGCTTTGGTCTGCGCG,NDE1,1216,256,181
NDE1_GAGAGACATGATCGTGGCGC,NDE1,0,44,8
NDE1_GCTGGGTCCTCGGTGAGCAA,NDE1,1017,329,244
NDE1_CCAGGCCTGGACGACTCCAC,NDE1,233,488,300
NDEL1_ACGACCTGGAGCGAGCCAAA,NDEL1,1960,434,573
NDEL1_TCTCCGTTCCTTTGCCAACA,NDEL1,2465,789,733
NDEL1_AGCAGAGGGAGTTAGTGGAC,NDEL1,98,35,253
NDEL1_TCGCGTCCATCGTCAGCGCC,NDEL1,499,152,237
NDEL1_AGCATACCCGGCGCTGACGA,NDEL1,1428,416,470
NDFIP1_AGAGTCTGGAGAACCTGAAC,NDFIP1,1406,269,286
NDFIP1_ACTGCCCAGTTATGATGAAG,NDFIP1,1337,251,235
NDFIP1_CCAGTTATGATGAAGCGGAG,NDFIP1,434,528,874
NDFIP1_CATCATTTCCTATCCTCAGC,NDFIP1,555,293,415
NDFIP1_TGACCACTTCAGCTGCAGGA,NDFIP1,2130,443,1079
NDFIP2_AGCCAGCGAGTCTGCGCGAG,NDFIP2,523,74,95
NDFIP2_AGCATGCTCAATAGCGCGCG,NDFIP2,888,81,274
NDFIP2_CGGGATCCGGCTTCCGAGAG,NDFIP2,1252,669,495
NDFIP2_GGATGGATCACCACCAGCCG,NDFIP2,433,256,478
NDFIP2_AACGCTATAGGGAGGTGGCA,NDFIP2,709,117,158
NDFIP2_GAAGGCTAAAGCTGCTGCAA,NDFIP2,413,16,211
NDN_TTCTCTGTATCGGGAGGGCC,NDN,779,249,121
NDN_CATCTTGGTGATTTCGCGGC,NDN,436,374,121
NDN_GCACACCATGGAGTTTGCGC,NDN,365,228,282
NDN_AAACTCCATGGTGTGCAGGC,NDN,1417,115,272
NDN_GCTAACCAGCCTGCACACCA,NDN,908,368,444
NDN_GAGCCCTCCTCTAGGCCCGA,NDN,2,0,119
NDNF_TGTTTCCTTTCAGTCGAACG,NDNF,760,211,193
NDNF_TTCTTCCTTGGTCCTGGCAA,NDNF,725,236,223
NDNF_TTTATGATGGCACCGAAACC,NDNF,1799,534,513
NDNF_CACTCCAAAGGCGCATCACA,NDNF,1049,307,347
NDNF_CCTGTGATGCGCCTTTGGAG,NDNF,1763,267,463
NDNF_TCAGATGCAGATCCGGGACA,NDNF,2627,508,541
NDNL2_ACTGGAATTCGTAGTCGACG,NDNL2,175,119,74
NDNL2_AGCGTTACCTGGAATACCGG,NDNL2,1276,22,0
NDNL2_GCCCTAAGACGATCATCAGG,NDNL2,448,0,0
NDNL2_GCTCGGCGGCCCGTTTGAAG,NDNL2,1146,29,79
NDNL2_AAAGCCGTCTCTGAGAACCC,NDNL2,798,40,52
NDOR1_CTTCGGCAGCCAGACAGGCA,NDOR1,2611,0,31
NDOR1_TTACCTTCATGTTGTCAGGG,NDOR1,1006,0,0
NDOR1_CGGCAAAGTCCATCTGACAG,NDOR1,2623,62,23
NDOR1_GGGCGATGACCAGCATGAGC,NDOR1,733,122,87
NDOR1_GGAGGGATCTCAGTGAGGCC,NDOR1,852,53,35
NDOR1_GAGATCATGGGTGCTAGGAA,NDOR1,710,120,44
NDP_CTGCGGCTGCGATGCTCAGG,NDP,1227,302,334
NDP_AAGGCTCGGAGCGTGACGCC,NDP,29,106,175
NDP_ATCTCCCATTATCACCAGCA,NDP,1072,241,366
NDRG1_ACCAATGCCTGGTAATCGAA,NDRG1,1277,192,396
NDRG1_GGTTCACGTTGATAAGGACA,NDRG1,877,141,96
NDRG1_ATTGGCATGGGAACAGGAGC,NDRG1,521,19,69
NDRG1_TGTCCTCGTAGTTGAAGAGG,NDRG1,1385,197,404
NDRG1_ACGCTGTGTGGGACTCCCAA,NDRG1,403,20,265
NDRG1_CCAAAGGCTTCACCTCAGCG,NDRG1,624,465,491
NDRG2_GATCATCTCCGGAATGGAAG,NDRG2,541,127,147
NDRG2_GACCTTCAACAGTGTCCGGG,NDRG2,1,0,14
NDRG2_AAGGGATCATGTCTGCAAGC,NDRG2,275,138,286
NDRG2_ATGTCCTCGAACTGAAACAG,NDRG2,1004,348,639
NDRG2_TGCCCGAATCCTCCTGGACC,NDRG2,2709,106,224
NDRG2_ACAGACGCCTGAGGCGGCCA,NDRG2,251,64,6
NDRG3_AGGGACTTTCTCCAGAGCCG,NDRG3,876,102,182
NDRG3_AGCCGAGTCATGCTGGCAGA,NDRG3,342,130,354
NDRG3_TCAATCCAGCCTTTAGCGCA,NDRG3,1606,611,366
NDRG3_CAATCCAGCCTTTAGCGCAA,NDRG3,1478,392,578
NDRG3_GGTGCACCCTCTTTCCCAAC,NDRG3,108,196,91
NDRG4_CCATGGTCACGTCGTGGAGC,NDRG4,2335,22,213
NDRG4_CAACGCTGGAGCCGTGAAGC,NDRG4,512,142,117
NDRG4_AGGAGATCAGGTTCCACCCG,NDRG4,1343,156,275
NDRG4_CCCAGAGGAGCCAAGAGCGG,NDRG4,635,363,353
NDRG4_GCACTTTGTGGTGTGTCACG,NDRG4,665,123,142
NDRG4_CCCGAAATGCTGCACCACGC,NDRG4,1788,584,908
NDST1_ATATGGCTGGAAGCGAGGCC,NDST1,26,92,59
NDST1_CGTGACGCGACCTAGCGAGG,NDST1,384,206,361
NDST1_TCAGGGAAATTCTTCCACAC,NDST1,1164,434,573
NDST1_TCTGCTCGGCCAACACGGAC,NDST1,1088,465,1083
NDST1_CGTACAGCTGCACGTGCACG,NDST1,2558,1452,975
NDST1_ATCTTCTACAACGAGTACCC,NDST1,391,105,112
NDST2_CAACAGCCCTAATTACCACA,NDST2,1265,93,154
NDST2_TACTTCTGTGCAAGTGGGAC,NDST2,150,48,106
NDST2_CTAGACCGGAGCATCCGAGG,NDST2,860,32,90
NDST2_GCATGGGATTCCCACGGACC,NDST2,831,142,200
NDST2_GCACGGAGCGATTGTGGAAC,NDST2,2324,348,768
NDST2_CGAAGGCTGGCAAGAAGCAC,NDST2,1482,718,263
NDST3_TCTGCTTACTACCTGTACAG,NDST3,1282,521,467
NDST3_TTAGGAGCACGGCATTCCAA,NDST3,241,128,77
NDST3_TGAAGCCAGCTAGATACCGG,NDST3,1377,356,357
NDST3_CTGGATAAGAGTATCCAAGG,NDST3,1549,270,241
NDST3_CTGTGGCGTTTGTCATCGCA,NDST3,1089,763,478
NDST3_CTACTATCGAGATCACAACG,NDST3,3123,1200,1076
NDST4_ATCCAAACTGCTACACAGAC,NDST4,1294,404,528
NDST4_TAGAGAGGAACGTTCTAGAC,NDST4,477,64,145
NDST4_ACCCACAAGTCTGTCGAGGG,NDST4,871,354,287
NDST4_AAGCCCTTTCTGTACCGGGC,NDST4,170,69,104
NDST4_CATGTGGTACTGAAATCGGC,NDST4,492,61,245
NDST4_CAGCCGATTTCAGTACCACA,NDST4,597,470,582
NDUFA1_TGGCTACTGCGTACATCCAC,NDUFA1,234,72,71
NDUFA10_CGTGCTTGCTGGGTCTCCAC,NDUFA10,982,160,65
NDUFA10_GCACTTACAGTAATCGCAGG,NDUFA10,418,77,39
NDUFA10_CCGTTCCAGAGGTCCAGAGG,NDUFA10,1742,612,276
NDUFA10_CCCAGATTCCAGCTTTCCAC,NDUFA10,805,377,182
NDUFA10_CTGGAGGCGATGTACAACCA,NDUFA10,2028,440,316
NDUFA10_CCATTATAGTCGGTGGCGAG,NDUFA10,888,361,378
NDUFA11_CCCAGAATCTCTGTACACAG,NDUFA11,1347,631,874
NDUFA11_CCTCCCTGGTCAAGATGGGC,NDUFA11,723,103,85
NDUFA11_TACTTCCTCGGTGGCTGCGC,NDUFA11,410,88,37
NDUFA11_TGTGACTCTGTAGGCAGCGG,NDUFA11,1068,198,182
NDUFA11_TGGTGCTGTAGGCTTTGCGG,NDUFA11,1467,165,432
NDUFA11_ATTGCGGGCTATGGCGCCGA,NDUFA11,213,13,109
NDUFA12_ACAACCCATCGGTGACGGCC,NDUFA12,195,128,53
NDUFA12_GATAGCCTCGGAGACCGCCG,NDUFA12,48,21,27
NDUFA12_CAGCAGATCACCGGCCACGG,NDUFA12,1836,507,421
NDUFA12_CTGCAGCAGATCACCGGCCA,NDUFA12,2037,493,470
NDUFA13_TGTGGCGGAAGCACTTGAGA,NDUFA13,631,22,57
NDUFA13_TGAAGTGGAACCGTGAGCGC,NDUFA13,2216,47,105
NDUFA13_TGTTACAGGCAGAAACCGAC,NDUFA13,1712,58,83
NDUFA13_TCATGAAGGACGTGCCCGAC,NDUFA13,776,194,148
NDUFA13_ACGTGTACCACATGAAGCCG,NDUFA13,1479,107,182
NDUFA13_ACAATTGGCAGGGCTGCACA,NDUFA13,1107,60,290
NDUFA2_GGAGCATTCGCGGATTAGGA,NDUFA2,505,132,181
NDUFA2_ACGCTACGTGGAGCTGAAGA,NDUFA2,1079,258,443
NDUFA2_CACTTATGTCAGCGCTCGCC,NDUFA2,1,53,58
NDUFA2_GATATTAACAAGGATGGCGG,NDUFA2,130,99,33
NDUFA3_GCCACGCCCTACAACTACCC,NDUFA3,358,498,572
NDUFA3_TTACGCCAGCACAGGGAGGC,NDUFA3,863,160,190
NDUFA3_GCCCTTACGCCAGCACAGGG,NDUFA3,608,155,153
NDUFA3_ACTGCCCTTACGCCAGCACA,NDUFA3,1097,537,793
NDUFA4L2_ACCGGCCAGACTTCTAAGCC,NDUFA4L2,1521,367,77
NDUFA4L2_GCAACCCTAGAGCCATCGAG,NDUFA4L2,2382,353,500
NDUFA4L2_CTGGGACAGAAAGAACAACC,NDUFA4L2,1605,272,269
NDUFA4L2_TTTGATCTGCCGGTAGAAGC,NDUFA4L2,652,169,154
NDUFA5_TGTGTGCAATACTCCTCACG,NDUFA5,666,232,197
NDUFA5_CATGCCTTACCGGGTAGGGC,NDUFA5,416,62,168
NDUFA6_AACAGAAGCGCCAAGGCCAA,NDUFA6,520,44,35
NDUFA6_GCACCTCCCGATACCAGGCG,NDUFA6,1278,332,184
NDUFA6_CTACCGCGCCTGGTATCGGG,NDUFA6,211,155,101
NDUFA6_ACATGAACGAGGCCAAGCGG,NDUFA6,1308,113,311
NDUFA6_TTTCAGTCGGGACATGAACG,NDUFA6,649,121,109
NDUFA7_TTGCACTCGCGATGGCCGCC,NDUFA7,199,142,142
NDUFA7_AGCTTGTGGCTAGGACCCAC,NDUFA7,718,247,186
NDUFA7_GCTACCAGGAGATCTCCAAG,NDUFA7,567,11,191
NDUFA7_TCATCCAGCGGCTGCGGAAC,NDUFA7,2773,339,437
NDUFA7_TCCGCAGCCGCTGGATGAGA,NDUFA7,2235,490,425
NDUFA8_GATCTGCAGCCTGCCACACA,NDUFA8,188,126,141
NDUFA8_CTATCACTCAAGACCAAGAC,NDUFA8,1735,692,785
NDUFA8_TCGTCACTGTCGCAAACAGC,NDUFA8,845,563,438
NDUFA8_CCGAGGCGGTGTTTAGAGGA,NDUFA8,252,68,77
NDUFA8_GGGAAGAGAAAGATCCGAGG,NDUFA8,450,22,353
NDUFA8_TACTTTCAGCTCCTCTAGAG,NDUFA8,879,243,375
NDUFA9_TGACAGGACCCGGACAACCC,NDUFA9,2118,374,160
NDUFA9_TTGACAGGACCCGGACAACC,NDUFA9,1628,431,444
NDUFA9_CACTTACCCAACGAAAGCAA,NDUFA9,2431,604,572
NDUFA9_TGTACTTCACCAGGTGGAAA,NDUFA9,839,513,564
NDUFA9_CAGTTCAGACTGCTCTACAG,NDUFA9,657,165,307
NDUFA9_GGCGTCATCGCACTTACCGC,NDUFA9,310,154,134
NDUFAB1_GAGGCTCGGGACTTTGCAGC,NDUFAB1,137,24,70
NDUFAB1_CTATGTCAGCCGCCTGCCCG,NDUFAB1,1768,75,194
NDUFAB1_TGAAAGGACACGAGACGCCA,NDUFAB1,330,0,21
NDUFAF1_AGGACACAGATTTCTTCCAG,NDUFAF1,277,29,40
NDUFAF3_TAGCGCGAGAGCGGTGGCCA,NDUFAF3,833,43,203
NDUFAF3_CAAGCTACGTAGCGCGAGAG,NDUFAF3,1312,200,318
NDUFAF3_TGATACAGCTCGTCATCCGC,NDUFAF3,728,310,132
NDUFAF3_GGACTGGAGACCGGACCGAG,NDUFAF3,360,180,44
NDUFAF3_GCCTCATGGCTTGAAGCACC,NDUFAF3,26,54,0
NDUFAF3_CAGGAAGTTGAAGGTGGCAC,NDUFAF3,342,261,84
NDUFAF4_TGAAACATGTCAAGAGCCGA,NDUFAF4,308,136,243
NDUFAF5_TCTGGGCGAGGTGCTACCGC,NDUFAF5,661,52,67
NDUFAF5_ACCGTGTATATGACATACCC,NDUFAF5,315,155,252
NDUFAF5_CCTGCTCAAGTGCTCTAGGA,NDUFAF5,965,236,629
NDUFAF5_TTAGCGGAAACGGAAAGGGA,NDUFAF5,630,161,174
NDUFAF5_GGACATCTGCTTGGGAGAGC,NDUFAF5,581,86,109
NDUFAF5_CATTGTGTCTCGATGCAGCA,NDUFAF5,1377,40,379
NDUFAF6_CGCGCGTACAGACCCAGAGG,NDUFAF6,1688,355,280
NDUFAF6_ATGCGCGCGTACAGACCCAG,NDUFAF6,710,221,43
NDUFAF6_GAGGGCCTTTAATGTGGAAC,NDUFAF6,41,55,126
NDUFAF6_AATGTGGAACTGGCTCAGGC,NDUFAF6,1000,26,126
NDUFAF6_CTTGCTGTACTGTATGCCAC,NDUFAF6,1268,113,102
NDUFAF6_ACAGCATGGTGTTTCACAAG,NDUFAF6,1724,781,463
NDUFAF7_GGTGTTGACTAATCCAGCCA,NDUFAF7,607,146,278
NDUFAF7_ATTAGTGAATGGATGGCCAC,NDUFAF7,723,42,17
NDUFAF7_AGCTTTCCAGCTGGTGGAAC,NDUFAF7,577,996,767
NDUFAF7_GATCTGCACGATGTTCCAAA,NDUFAF7,430,226,364
NDUFAF7_CCAGCTACAACGGATGCAAA,NDUFAF7,5012,1547,1894
NDUFAF7_CCCAGCTACAACGGATGCAA,NDUFAF7,2734,705,554
NDUFB1_GGGAACTCAACCCGCGCCAG,NDUFB1,814,13,19
NDUFB1_CCCGAGGTCGCAGCTTCCAC,NDUFB1,262,37,355
NDUFB10_CATGCCGGACAGCTGGGACA,NDUFB10,501,1,147
NDUFB10_CAGTGATGTCTGGCACGCGG,NDUFB10,743,80,49
NDUFB10_GCAGTTCACCCAGGTGGCCA,NDUFB10,748,353,204
NDUFB10_GGAAGTGCCTGGCCAAACAG,NDUFB10,1393,172,227
NDUFB11_AAGCCTCTCAGCTTCGCGGC,NDUFB11,164,23,51
NDUFB11_GCACTACCAGGATGAAAGAG,NDUFB11,1392,387,554
NDUFB11_GCACAGGGTGTCCAAGAGCG,NDUFB11,3536,496,324
NDUFB11_TGCCTGACTACAGGTGCACA,NDUFB11,1076,105,208
NDUFB11_CTTTCCCGCCACAGCGGACG,NDUFB11,579,86,106
NDUFB11_GCTAGATTCCCAGCGGACGC,NDUFB11,237,48,86
NDUFB2_AGACGCCAGCCGAGTCAGAG,NDUFB2,914,182,332
NDUFB2_TGCGCACGGACTGCTGGAGA,NDUFB2,1150,330,427
NDUFB2_ATCTCCTCATGCAGGACCAA,NDUFB2,981,92,108
NDUFB2_AGAACTCGCTCTGGAACACC,NDUFB2,697,291,260
NDUFB2_CAGGATACGGAAAGTGACCC,NDUFB2,761,189,131
NDUFB4_GGGTCTCAGGCAGAGTGCGC,NDUFB4,421,28,40
NDUFB4_ACTCGGGCCCTATTCCCGCC,NDUFB4,202,45,220
NDUFB5_CCTCCTGCCCGTAGTAGCCA,NDUFB5,1247,383,379
NDUFB5_AAATCCGAGGCGAGTGCCAA,NDUFB5,352,64,90
NDUFB5_CCACTGTGTCGAACAGGAGC,NDUFB5,1765,85,52
NDUFB5_TGGTCTCCACTGTGTCGAAC,NDUFB5,623,234,376
NDUFB5_TTGTTACAGGGTAAAGGAGC,NDUFB5,661,52,94
NDUFB5_ATGTGAGAGGAGATGGACCC,NDUFB5,372,103,77
NDUFB6_AAGGCGATGGCTGAAGGACC,NDUFB6,1066,186,143
NDUFB7_GCGCATGAAGGAGTTTGAGC,NDUFB7,1535,84,70
NDUFB7_CACGCTTGCACTTGAGCAGC,NDUFB7,794,106,406
NDUFB7_ACTTGAGCAGCCGGATGAGG,NDUFB7,1248,0,67
NDUFB7_GAAGCCGTAGTCTGGCGGGA,NDUFB7,6,90,5
NDUFB8_CTCCAAAGAACCAGAGCGGG,NDUFB8,943,60,1
NDUFB8_ACTTCTCGGATACTCACCAC,NDUFB8,842,110,77
NDUFB8_AGCCGGGCCTGAGGTTGAAC,NDUFB8,1631,326,578
NDUFB8_TGACCAAGGACATGTTCCCG,NDUFB8,687,77,48
NDUFB8_TCTAGCCTCCCACATGACCA,NDUFB8,503,196,237
NDUFB8_ATCCCGGAACGTGATGCCGC,NDUFB8,2,84,58
NDUFB9_GGTGTTGCGGCTTTATAAGC,NDUFB9,564,138,100
NDUFB9_GGACGCACCACGACTCGAGG,NDUFB9,299,214,62
NDUFB9_TGGCACTTCGATAAAGCACA,NDUFB9,504,300,313
NDUFB9_TAGGGCTAAGGGAAATGAGC,NDUFB9,172,25,37
NDUFC2_AAGCCGATGTAGAGGAGCCG,NDUFC2,2263,114,106
NDUFC2_AGCCGATGTAGAGGAGCCGC,NDUFC2,331,61,76
NDUFC2_GCGTCACCATGATCGCACGG,NDUFC2,1389,148,167
NDUFC2_ACGGCGTCACCATGATCGCA,NDUFC2,742,146,258
NDUFS1_TGACACCTTATGCACTGAAG,NDUFS1,1797,449,189
NDUFS1_TCAAAGACTTACCGAGCCAA,NDUFS1,376,255,49
NDUFS1_GATACCTTGTTTCCCAAGGC,NDUFS1,283,15,116
NDUFS1_TGTCCTATTTGTGACCAGGG,NDUFS1,403,23,82
NDUFS1_TGGCACAAGCAGCTACAACC,NDUFS1,2648,548,863
NDUFS1_CATTCGTGACAGCGTTCCCG,NDUFS1,308,36,181
NDUFS2_AGTCTGCAGCCGGAGTAAGA,NDUFS2,1176,198,190
NDUFS2_GGTCACTCACCATTCCAAGG,NDUFS2,1070,136,140
NDUFS2_CTCAGATGTGGACCCTCCAA,NDUFS2,1175,229,204
NDUFS2_ATCCACTGTGCCCGAGGAGG,NDUFS2,962,173,129
NDUFS2_GCTGCTTATATCCGGCCAGG,NDUFS2,482,175,21
NDUFS2_ATGTCATCCATAAGCCCAAG,NDUFS2,1116,170,182
NDUFS3_GCATCTGAGTAACATGGCGG,NDUFS3,1158,87,109
NDUFS3_ACCGGCAGCAACAGAACGGA,NDUFS3,379,40,111
NDUFS3_ATCATTCCGTGGTCTGACAG,NDUFS3,1300,183,343
NDUFS3_GACCTCTAACTCATTGAAGC,NDUFS3,138,62,142
NDUFS3_AGTTGAAGCGCAGAGACAAC,NDUFS3,324,70,164
NDUFS3_AGAGGAAAGTCTTTCCGGAA,NDUFS3,405,93,179
NDUFS4_GGCAGACGTTGTGGCGGAGA,NDUFS4,201,63,21
NDUFS4_GCAGACGTTGTGGCGGAGAA,NDUFS4,675,516,370
NDUFS4_TGGTCTAGCCACACCAAGCC,NDUFS4,2153,480,412
NDUFS4_GACTGCATGTTATTGCGAGC,NDUFS4,1367,141,395
NDUFS4_GGCTGATCCCTTATCCAACA,NDUFS4,1705,642,540
NDUFS4_GGAGCTATGACATTGAAGAG,NDUFS4,714,421,331
NDUFS6_CCGGTTCAGCAGCCGGCAGA,NDUFS6,673,290,352
NDUFS6_CCCGAAACACCTGGCGCCCA,NDUFS6,397,118,201
NDUFS6_ACTCGGGTGATAGCGTGCGA,NDUFS6,919,202,158
NDUFS6_TGCCCTAACATGTGCACAGG,NDUFS6,341,64,95
NDUFS6_GGCTGCCCTAACATGTGCAC,NDUFS6,603,131,137
NDUFS7_CAAGGATCCGGAAGCCGCGC,NDUFS7,657,18,32
NDUFS7_TGGCCACCGATGGCCCAAGC,NDUFS7,848,369,826
NDUFS7_ACCTCGTCAACTGGGCCCGC,NDUFS7,169,19,11
NDUFS7_AAGCGGTCCATGTCGTAGCG,NDUFS7,1166,675,1180
NDUFS7_CCCATGGAGACCACGTAGCG,NDUFS7,2102,805,679
NDUFS7_CCCAACAGCTGCGCCAACGG,NDUFS7,4763,1263,914
NDUFS8_ATCTCCGACCCTAACTAGGC,NDUFS8,360,7,119
NDUFS8_TGCACGTGCAGCCTGGGCCA,NDUFS8,964,23,725
NDUFS8_GAGCTACCTGTTCCGGGAAC,NDUFS8,517,281,80
NDUFS8_CAAGAGCTGATGGCAGCCGC,NDUFS8,482,236,46
NDUFS8_TGTCATAGCGGGTGGTCCGG,NDUFS8,2960,335,373
NDUFS8_AGGAGAAGTTGCTCAACAAC,NDUFS8,572,427,365
NDUFV1_AAACGCACAGATACCCGCGC,NDUFV1,643,107,20
NDUFV1_GCTCGCTGAAGGATGAAGAC,NDUFV1,699,146,70
NDUFV1_CCGATGTCTTGATCTCGCCC,NDUFV1,2330,130,98
NDUFV1_CTGCCTATATCTACATCCGA,NDUFV1,438,121,307
NDUFV1_TTGACGTGTTTGTGGTGCGC,NDUFV1,1493,608,829
NDUFV1_CCACCCTTGCACTGTGGAGG,NDUFV1,1352,100,93
NDUFV2_GAGCGCCGCGGAGAAGAACA,NDUFV2,475,108,211
NDUFV2_TTACCTCCAACAGCAGAGGG,NDUFV2,602,76,130
NDUFV2_AATAAAGCATACCTTGGCCC,NDUFV2,407,81,81
NDUFV3_TCCTTGCCGCAGCAAACACG,NDUFV3,951,156,113
NDUFV3_CGTCCTTGCCGCAGCAAACA,NDUFV3,2418,887,1288
NDUFV3_AAGCAAGTCCTCGAAACACC,NDUFV3,401,115,58
NDUFV3_AGCTGTGAATAAGGGCAGGA,NDUFV3,1197,445,673
NDUFV3_AAAGGAAACCTCAGGGACGC,NDUFV3,90,157,224
NDUFV3_GGTGACTCCCGGCCTGAGGA,NDUFV3,231,10,15
NEB_TAAGCTGTTTCGTGTTGAGC,NEB,580,183,232
NEB_ACTTGGGCTTGTAGCAGAAC,NEB,1398,330,325
NEB_GCAGAATACGAAGAAGACAG,NEB,861,264,236
NEB_AGCTGGTGTGGCAGCTAGCA,NEB,1103,698,428
NEB_GAACACCGCCATGTTCAGCA,NEB,1165,636,242
NEB_TTACGAAGAGGTGCCGGGAG,NEB,1686,78,17
NEBL_CAGCGATGCTGCCTATAAAG,NEBL,288,277,295
NEBL_CACTCCGGTAAGCATGACCC,NEBL,1198,210,584
NEBL_CAGATATCCTTCGAGCCAAG,NEBL,1406,585,628
NEBL_AGCATCCGAGATGGCCAGCC,NEBL,345,88,257
NEBL_GAATCAGCTTGCTGCTACAC,NEBL,1084,93,162
NEBL_CCCTGAGGTTAAACATGCCA,NEBL,319,302,89
NECAB1_TCTGCTCTGCACCTGTCCAA,NECAB1,1026,240,288
NECAB1_AGATCGACATGCCCTTGGAC,NECAB1,1691,298,343
NECAB1_AGGAGCAAACCCGTCAAGAA,NECAB1,1024,472,447
NECAB1_TTCCAGGCCATTGAATCGAC,NECAB1,1181,517,662
NECAB1_CGTAGTGTTTCAGAGCGAGC,NECAB1,424,633,896
NECAB1_GAGAGTGCTTCCTCCCAAAG,NECAB1,994,119,331
NECAB2_ACTCACGTCCAGGATGACGG,NECAB2,285,306,213
NECAB2_CGCCATCTGCAAAGAAGAGC,NECAB2,820,194,202
NECAB2_GGCCATGGGTTATACCAAGA,NECAB2,536,404,617
NECAB2_ATATGAGGGTGGGAGCAACG,NECAB2,1188,524,652
NECAB2_CATCAAACCCAGCCACAGCG,NECAB2,1827,1000,802
NECAB2_CGCAGCCACGGAGGATGCAA,NECAB2,448,525,378
NECAB3_GAAGTCCACATAGCAGCGCA,NECAB3,300,89,76
NECAB3_CCCTCACCTTGCACTCGAGC,NECAB3,4883,922,1102
NECAB3_TAGGTCAGATGCAGAGAGCG,NECAB3,715,404,566
NECAB3_TGGCCCACAGGAGTACGAGA,NECAB3,723,170,130
NECAB3_TGCCATGGATGCCACCAAGC,NECAB3,2628,490,342
NECAB3_CTGGAAGAGCGTGTGTCCGG,NECAB3,1292,171,49
NECAP1_CGCCGACAGCGGACCCAAGA,NECAP1,1256,567,1396
NECAP1_TAACCGCGGTTGGAGGCCCG,NECAP1,659,595,1470
NECAP1_TGTAACCGCGGTTGGAGGCC,NECAP1,759,256,218
NECAP1_TTTGTAATCCGGATCCAGGA,NECAP1,511,100,151
NECAP1_AGTGACTTTGCCTCCTGGCG,NECAP1,1123,115,198
NECAP1_ATTGCTGATGGCAACTGAGG,NECAP1,526,296,126
NECAP2_CGTCTACCGCATCCCTCCGC,NECAP2,871,473,258
NECAP2_ACAGATGGCCTACATCAAGC,NECAP2,470,118,217
NECAP2_ATCCGCATCGAAGATGGAAA,NECAP2,216,281,151
NECAP2_CCAATAAACGCCCGTCGCCC,NECAP2,478,99,157
NECAP2_GATCCTTGAAGTTGGCCAGC,NECAP2,443,57,83
NECAP2_AGCAACTGCTGGCTGGACGA,NECAP2,2277,126,245
NEDD1_TGGTTACTACCATGGCCAAA,NEDD1,714,324,223
NEDD1_ACTGTACCTGGTTACTACCA,NEDD1,185,10,50
NEDD1_TTGGCTATTGGATCTTCCCG,NEDD1,1171,0,0
NEDD1_TTGTGGTAGAACTGTGGCAA,NEDD1,1329,383,285
NEDD1_GAGTCCATAGGCAAAGGAGA,NEDD1,355,20,67
NEDD1_TATGGGATCTCCAGGGAAAG,NEDD1,882,48,8
NEDD4_CACCAGTGATTCAGGCCAGC,NEDD4,1077,287,212
NEDD4_ACTTCATCTGGATTACCACC,NEDD4,482,119,293
NEDD4_ACATCCAAGTTACTTGACGG,NEDD4,988,394,510
NEDD4_TTCCTCGGATATCTGCCGCC,NEDD4,223,12,104
NEDD4_CTATTGGAGGTGCTGTCAGA,NEDD4,157,327,308
NEDD4_GGAAATGGCAACTTGCGCGG,NEDD4,927,1524,1226
NEDD4L_CTATGGACTTTCCGAAGACG,NEDD4L,1560,239,576
NEDD4L_ACGAGACGACTTCCTGGGCC,NEDD4L,1230,209,328
NEDD4L_ACTTTCTCCTCAGACCAAGA,NEDD4L,449,142,197
NEDD4L_CTCGGCTTCTCAGCACCAAG,NEDD4L,1542,437,247
NEDD4L_TTGGAGCCCGAGCCCTCGGA,NEDD4L,626,47,45
NEDD4L_AAATTAGCATGGGTTACCGG,NEDD4L,123,63,3
NEDD9_GCAAAGAGCGCTTGAACAGC,NEDD9,330,238,654
NEDD9_CTCTGGTGCCTTCGAGCCAC,NEDD9,1594,372,202
NEDD9_TATGACATCCCGCCTACAAA,NEDD9,1404,255,399
NEDD9_GGTACTCGTATACGTAGCCA,NEDD9,6,77,100
NEDD9_CCACGGCACCCAAGAACAAG,NEDD9,1936,521,695
NEDD9_CTTGGAACGTTTGCCCAGAA,NEDD9,1646,837,775
NEFH_CACTACGCGCTAGCCCGAAA,NEFH,1962,518,507
NEFH_ACGCTGAGCAACGGGCCGGA,NEFH,910,384,509
NEFH_AGACGCTATGCGCTCAGCGC,NEFH,673,151,158
NEFH_CGCTATGCGCTCAGCGCAGG,NEFH,179,147,48
NEFM_TTACCCGCCGGTAGGCGGAC,NEFM,96,38,29
NEFM_GCAGAATAAGGAGATTGAGG,NEFM,401,105,86
NEFM_CGAGGCGGCCGAGCAGAACA,NEFM,1029,356,745
NEFM_TCAGGACACCATCCAGCAGC,NEFM,1047,445,257
NEFM_GGCCCTGACAGCCATTACAG,NEFM,1727,444,453
NEGR1_TACTGGGCTGTACTTGGAGC,NEGR1,1444,183,369
NEGR1_CACGTTGGTAACAGTGAGAA,NEGR1,2176,672,671
NEGR1_TACCATTCAAAGGCTGGAGG,NEGR1,177,102,388
NEGR1_ACTCTTACTTGTTTGGCCAC,NEGR1,24,183,164
NEGR1_TGTTGTCCACGGCCGCCCAG,NEGR1,225,59,174
NEGR1_CTCGAACCAGTGGCTGGCGG,NEGR1,888,525,679
NEIL1_AAGAGCCGGACATGCCGAAG,NEIL1,221,8,99
NEIL1_CCGAGCGGGCCTTCTCAAAG,NEIL1,1613,514,643
NEIL1_CATCTTTGGCCTCACCCAAC,NEIL1,527,136,266
NEIL1_AAAGGCTACGGGTCAGAGAG,NEIL1,890,194,245
NEIL1_CCTGGACCGTTGGCACCCAA,NEIL1,1420,343,396
NEIL1_GGACGCTTTGCCTCCAAGCA,NEIL1,784,384,344
NEIL2_CAGAGGAGTATTACCTCACC,NEIL2,857,171,29
NEIL2_ATCAAGGGTCTTCTGCCCGC,NEIL2,237,171,210
NEIL2_ACTCAGAATCATCCTCGCCC,NEIL2,782,63,80
NEIL2_TCCAGCAGTGTATAGCAGAC,NEIL2,1458,224,301
NEIL2_GAGGCGTTTGGGCCCGAAGA,NEIL2,817,159,101
NEIL3_TGGATATGTTTACAGTGGCG,NEIL3,831,248,277
NEIL3_CTCGGAAGTCGGAAGAGCAC,NEIL3,543,162,301
NEIL3_GCATCACATGCCTTAGAAGA,NEIL3,985,369,331
NEIL3_CGTTTGTTGTCTTCTTGGAG,NEIL3,2083,337,921
NEIL3_CGGTTGTGTTTACTGCAGCG,NEIL3,582,174,335
NEIL3_CGCTTGCCATGGTTGCAGAA,NEIL3,2627,1704,1624
NEK1_CCTTTGGGACAGCATGAAAC,NEK1,2275,752,908
NEK1_GGCAGGCCCAGCTCTTCAAG,NEK1,485,160,74
NEK1_CAGAATAAAGCTCGAGCCGA,NEK1,379,105,287
NEK1_ATGGTCGAGGTCTTCCAGAA,NEK1,766,266,328
NEK1_GGTATTCCATATTTAGCGGC,NEK1,41,28,14
NEK1_AATGGATTACTGTGAGGGAG,NEK1,121,217,101
NEK10_AACTGAAATGCTCTCCAAGC,NEK10,440,175,101
NEK10_TGACACCAATGCCCACCAGG,NEK10,782,182,98
NEK10_TGCACTGGACAGGCTTCCAA,NEK10,1228,195,152
NEK10_CCAAATGCGAATTTCCACGC,NEK10,1307,499,613
NEK10_CACCACAAGTGGAGCCCACA,NEK10,1519,588,325
NEK10_CGTCCAATCAAGCAAACAAC,NEK10,1557,363,619
NEK11_CAAGAAAGCCAAACGAGGAG,NEK11,676,369,183
NEK11_CTGGGTGGTCCAGCTTGGAG,NEK11,1936,250,784
NEK11_TCTAATGGGATCCTGTGACC,NEK11,735,169,633
NEK11_ACATCTGACCTTGGATACCA,NEK11,1058,378,412
NEK11_TAGTACTCTTCAGCCACAAG,NEK11,943,247,228
NEK11_CACCTAGAGAAGTGCAACCC,NEK11,1430,422,363
NEK2_TCAACTTGGTCAACAGAAGC,NEK2,1003,511,399
NEK2_CCGGAGGAAGAGTGATGGCA,NEK2,1497,118,112
NEK3_TCAGGCATTATCTGTCGCAC,NEK3,1295,430,352
NEK3_GATCCAGAGCGACTTGAGCC,NEK3,166,59,101
NEK3_AGAGAGAAGCGTTGTAGCCG,NEK3,825,277,242
NEK3_GAGAGAAGCGTTGTAGCCGA,NEK3,274,119,139
NEK3_TTCATACAGGATGCAACCCA,NEK3,1194,93,278
NEK4_AAGCGTCTCTGAGTGTAGCA,NEK4,822,229,293
NEK4_TTTGCCGTCGCTGTCGAGAC,NEK4,1220,709,611
NEK4_ATGTGTGCATATCACTCACC,NEK4,154,99,129
NEK4_GGGTGCTAGCCATGTCACAG,NEK4,1920,712,694
NEK4_AGAGCGGCGAGCTGCTGAAC,NEK4,1321,298,99
NEK4_AGGTGACGCTTGTGAAGCAC,NEK4,897,83,58
NEK5_TCAGATGCATCTTGATGGAC,NEK5,870,217,472
NEK5_TAATTTGGCTCGGCAGAAGA,NEK5,474,125,150
NEK5_CTCAACTTGATATGCTGAGG,NEK5,483,136,307
NEK5_CACATGCTTATATGCAGAGC,NEK5,536,101,84
NEK5_GGGTAACAACTTACAGCAGC,NEK5,185,109,111
NEK5_AGCTAAGTATGCTTTCCCGA,NEK5,1290,100,249
NEK6_AAGTCTAGAGCCGGAGAAGA,NEK6,486,156,142
NEK6_TAGATGCTCGCCTGGGACCC,NEK6,745,35,244
NEK6_GGAGGCAGCTCATTTCCGGC,NEK6,670,259,113
NEK6_AGTTCGTGCCCTCGTGAGGC,NEK6,678,168,208
NEK6_AGGCCGAGGACAGTTCAGCG,NEK6,4144,992,1183
NEK6_CTTTGAGATGATGGACGCCA,NEK6,784,187,490
NEK7_TGTGGTTGGAACTGAGGAAC,NEK7,1732,409,640
NEK7_ATTACAGAAGGCCTTACGAC,NEK7,266,33,73
NEK7_TGGTACTCCATCCAAGAGAC,NEK7,363,133,161
NEK8_GAAGTACGAGCGGATCCGAG,NEK8,577,52,83
NEK8_TCCTTGGTCATCTGTTCCAC,NEK8,833,167,173
NEK8_CCTGCTTGACAAACACCGCA,NEK8,871,731,293
NEK8_CTCGTAGAGGACACAGCCCA,NEK8,772,300,183
NEK8_GACATTCCTACATGCAGGAA,NEK8,438,473,450
NEK8_CAGGCATACACTGACGACAG,NEK8,1746,617,402
NEK9_CACTAAACTCCATGGTCAGC,NEK9,449,326,82
NEK9_ATGCACCTACAAAGAGACCA,NEK9,672,302,231
NEK9_CTCTTCTCAGGAAACGCAGG,NEK9,691,149,87
NEK9_GGTTCATTCGTGCCTTGACC,NEK9,655,230,133
NEK9_ACAACTTGTCCTTCTGACGA,NEK9,829,200,388
NEK9_TTTGACCCGGCTGTCTGAGA,NEK9,1015,146,127
NELFA_TATGGTTGGCGCTGGCCGAG,NELFA,1389,10,7
NELFA_ACTCAAAGGCATCCCGAAGC,NELFA,1279,0,29
NELFA_AGACCGCCCAGCAGTTGAAG,NELFA,745,262,137
NELFA_TTCAAGTACTGGCACTCCAG,NELFA,834,99,16
NELFA_AGGCTCGCTTAACCTGGAGC,NELFA,329,48,39
NELFA_TCACTGCCGACGAGAGGCCA,NELFA,326,28,10
NELFB_GGCCATCGAGCAGTTCCAGG,NELFB,307,28,26
NELFB_GCAGCTCATCGAATACCGAC,NELFB,648,0,15
NELFB_TTCATGACGCACATCACCAC,NELFB,1494,8,5
NELFB_AGGATGTACTGCTTCAGGAG,NELFB,983,60,36
NELFB_GCTCATGTCCCTGCACGACC,NELFB,523,102,4
NELFB_TTTCTCGATGGCGTCAAGAA,NELFB,1146,220,373
NELFCD_CGAGGACTACTACGGGAGCG,NELFCD,1753,23,45
NELFCD_TCTTCGCATTTACCAACAGC,NELFCD,317,69,140
NELFCD_GCCGAGTGGCTCATTCAGAC,NELFCD,658,540,409
NELFCD_TCCTAGCTTATTTCTGACGC,NELFCD,1030,380,157
NELFCD_GGAAGTGCAGCGCTTTGCCC,NELFCD,12,0,0
NELFCD_CAACTTACAAGTTCAACCGG,NELFCD,1087,0,0
NELFE_GCCAGTAGCGGCATCCAGCA,NELFE,1304,635,302
NELFE_ATAGGTGACGAAGGCACAGC,NELFE,159,19,41
NELFE_ACCGCAGCCATGAGAGGAAC,NELFE,2410,267,537
NELFE_CCACTTTCCAGCCGTTCCAG,NELFE,1580,196,238
NELFE_AGCAGCACAACCAGCCAAGG,NELFE,889,119,58
NELFE_TCTTCCTCGCTCAGTCCGGG,NELFE,152,0,56
NELL1_ACCCTCGAGAGCGATGCCGA,NELL1,262,281,44
NELL1_AGCAATCCCTTCAGGGAGGC,NELL1,193,70,7
NELL1_AGACACCTGAGCAACTCCAA,NELL1,965,149,240
NELL1_GATACTGTCCATTCGAGAAC,NELL1,593,115,167
NELL1_ACCGCATGGCAGATGGACAA,NELL1,1531,771,725
NELL1_GCCAGCAATGTGCACTGGGA,NELL1,1261,81,48
NELL2_GGCAGATTAGAGTTTCACAC,NELL2,426,91,184
NELL2_GAAGTCATTGCAAGTTGGAC,NELL2,282,154,238
NELL2_GAAACACTTCTGTGTGAGGG,NELL2,428,63,105
NELL2_GGGCATACCTTGAAAGAGAA,NELL2,627,107,93
NELL2_GACTGAGCTGATCCGCACCA,NELL2,654,514,255
NELL2_GACACGCGCCCGAAATCGAG,NELL2,317,89,172
NEMF_CTTGACTGAAGCTGGCACAA,NEMF,1841,433,214
NEMF_AACATCCAACTTCAGTGGGA,NEMF,924,21,0
NEMF_AGACAGTGTTCAATGAGAGC,NEMF,984,66,48
NEMF_TAGTTCACCCTTAGGTGCGC,NEMF,775,31,23
NEMF_GCAGCTCTAGCATGATCAAG,NEMF,524,186,197
NEMF_GGAGGTCAATGGTGCTAAAG,NEMF,888,52,87
NENF_CTTGCGCTGCGCGCTCACCA,NENF,482,90,180
NENF_ACACCACTTACCCTTTCCGG,NENF,1147,218,112
NENF_CAAGACGGGTCTCACGGCCA,NENF,773,363,429
NENF_GGGTCTCACGGCCAAGGAAC,NENF,436,189,125
NENF_CCGGGCAGTGTAGCCGACGA,NENF,1579,218,213
NEO1_GAAGAGATGGCGGCGGAGCG,NEO1,865,321,356
NEO1_AGTTCCAAGACTCTCAACAG,NEO1,715,471,448
NEO1_ATTTGGTCCCATTTGTGAGG,NEO1,222,146,192
NEO1_AGATTGGTATTGCTGGCAGG,NEO1,672,225,116
NEO1_CCACGTCAATTTGATGAAGC,NEO1,2796,1040,887
NEO1_GCGAAGCTGCATATGCACGA,NEO1,1461,738,419
NES_GGAGGTCTGGATCCCAGGCG,NES,1039,236,290
NES_GAGTGTTCAGCATATGCCGA,NES,371,24,1
NES_CACCGCCAGGTGTTTGCAGC,NES,1189,293,409
NES_TCTACGCGTGGCGCACGAGG,NES,485,59,21
NES_GGGCCCTCGTTGACCAACGC,NES,428,147,119
NES_GCAGAATGAGCTGCTCAGCG,NES,1074,544,415
NET1_AGAAGCAGCCTCGACCGCGG,NET1,1236,77,259
NET1_AAGGACGTGACACGAGCCAG,NET1,338,194,379
NET1_TCCCAACACCCGCCAAGAGA,NET1,2674,914,694
NET1_CCGCGCTTGAATGCCTACAG,NET1,3509,903,700
NET1_AGCAAAGTGCTGCTGTGCCA,NET1,162,227,271
NET1_TCTAGGACTAGCTCTTGGAC,NET1,727,197,260
NETO1_TGTTGGTCAGCTGGTCCAGC,NETO1,378,79,189
NETO1_AATGATGTCATGCTACGCAC,NETO1,741,80,59
NETO1_AGGCAAAGCTACTGCTAGCG,NETO1,1119,620,583
NETO1_GCTCGATACAATTTCACACC,NETO1,442,144,87
NETO1_TAGATGCATTCCCGGTCAGG,NETO1,63,62,0
NETO1_TGTGAAGCACGCTGCGCCCA,NETO1,606,207,245
NETO2_GGTAGTGGAAGGGATTGCCG,NETO2,268,0,224
NEU1_TCTCATACAGGACGTAGAGC,NEU1,581,76,112
NEU1_CACAGGCATCATAGCTGCGG,NEU1,1672,156,160
NEU1_GAAACAGCGGGAGCCACGGA,NEU1,251,151,73
NEU1_AGCCGGCCTTGTGAGCACAA,NEU1,2079,829,249
NEU1_TTCTCGCCTTTGCTGAGGCG,NEU1,1282,321,327
NEU1_AGTTGCTCCATGGTCACCAG,NEU1,1875,99,382
NEU2_CTGTTCCGCGAAGGCCAGCA,NEU2,363,381,663
NEU2_CGTCGTAGTCTCCTCTGCGC,NEU2,1953,589,387
NEU2_CTACGACGCACCCACCCACC,NEU2,1289,334,671
NEU2_CCGTCTGCGCGTCATACAAG,NEU2,1569,430,697
NEU2_CAGCCGCGTCACATTGGCCC,NEU2,1609,738,416
NEU2_TCGTACAGACACCCAAACAA,NEU2,1186,316,302
NEU3_CGACAGAGACGGAGGAGCCG,NEU3,1567,291,516
NEU3_AACGCTTCTCTGCAAAGGCC,NEU3,772,519,410
NEU3_AGATGAGGATGCTCTCCACC,NEU3,560,204,189
NEU3_GATCATCAGAGAATGAGGCC,NEU3,7,57,0
NEU3_GCCAGATCAGAGTAGCCACA,NEU3,980,199,134
NEU3_AGCCAGATCAGAGTAGCCAC,NEU3,322,21,94
NEU4_CTCTTCGAGCGGGAGAGGAC,NEU4,18,5,33
NEU4_CGGCCACTCACTCACCCGCA,NEU4,2726,860,593
NEU4_CCCTGTGCACGATGCTGGCA,NEU4,1923,529,569
NEU4_TGAGGCCGTGCAGATCGCCA,NEU4,371,190,107
NEU4_ACTGACCAACTGTCATCCCG,NEU4,1032,237,267
NEU4_GCGCAGGGCTCGGCTACACA,NEU4,1927,657,868
NEURL_ACTGGAGAAGTTGTTACCCA,NEURL,475,0,14
NEURL_CTCTTCCACCCGCACACCAA,NEURL,2481,161,94
NEURL_TGAGGCCGTAGACGTCCACC,NEURL,80,4,188
NEURL_GAATTCCTTGCGGTCCACCA,NEURL,422,40,63
NEURL_CTCCACTATCCTGGCCGAGC,NEURL,156,45,0
NEURL_CTATGAACACGCGGTGGACA,NEURL,1460,204,145
NEURL1B_CGACGCAGCGATGGGCAACA,NEURL1B,3338,1031,1013
NEURL1B_CGATGGGCAACACGGTGCAC,NEURL1B,1159,39,69
NEURL1B_ACGCCGCAGTGGAAGAGCAC,NEURL1B,567,167,132
NEURL1B_ACGTGCTCCTGGGCATCAAC,NEURL1B,892,575,537
NEURL1B_GGTTTGCATTTCCTTACCCA,NEURL1B,674,131,43
NEURL1B_GAGCCGGCAGGCATCAAGAA,NEURL1B,779,341,433
NEURL2_CCTTAAGTTCTTTGGGCAGG,NEURL2,138,101,91
NEURL2_TGTGCCGCCTAGTGATACAA,NEURL2,1898,225,217
NEURL2_GCGCGTGATGGCGAAGACCC,NEURL2,1052,368,329
NEURL2_TCTGCCCGATCTGGTCAACC,NEURL2,1971,294,964
NEURL2_CTTTCTCCTCGATCTCGACC,NEURL2,816,124,59
NEURL2_CGATCTCGACCAGGAAGACC,NEURL2,756,442,237
NEURL4_TGTGGTGGACTTGTACGGGA,NEURL4,729,216,385
NEURL4_CAATGGCAAGGGCACCCGCC,NEURL4,17,35,0
NEURL4_ATAATAAGACGGCTGAGCGC,NEURL4,430,119,28
NEURL4_TGTTAGGAAACGTCTCCGGC,NEURL4,210,60,148
NEURL4_CTTGCCATAAAGGTCCACGA,NEURL4,2061,765,702
NEURL4_CACCGTCCGCATCGACCGCA,NEURL4,2105,162,292
NEUROD1_GAGGCTTAACGTGGAAGACA,NEUROD1,273,66,141
NEUROD1_CTTGCAAAGCGTCTGAACGA,NEUROD1,812,314,339
NEUROD1_TTCGTTCAGACGCTTTGCAA,NEUROD1,678,484,602
NEUROD1_GCGTCTGAACGAAGGAGACC,NEUROD1,241,1,107
NEUROD1_ACGCATGAAGGCTAACGCCC,NEUROD1,2240,349,296
NEUROD1_GAAGATGACTAAGGCTCGCC,NEUROD1,194,35,49
NEUROD2_ACGAGCCGAAGACTAGCCCG,NEUROD2,264,139,389
NEUROD2_GAAGACTAGCCCGTGGCCCG,NEUROD2,1092,313,410
NEUROD2_CTCCAAGCTTCGGCGGCAGA,NEUROD2,829,488,338
NEUROD2_AGAAGGACTGGACGAGGCGG,NEUROD2,808,194,72
NEUROD2_TCCCTCTCCGTGGAGAAGAG,NEUROD2,519,131,257
NEUROD4_CTCTCAGCCCACAAGCAACC,NEUROD4,1172,508,821
NEUROD4_GGTGGCTGGATGTCTCCAAC,NEUROD4,323,36,60
NEUROD4_TATCCTCGTGCTTCTCCAGG,NEUROD4,215,70,9
NEUROD6_ATTACTGTGCAGTGCCACCC,NEUROD6,1614,274,323
NEUROD6_CGAACGCGCGCGAGAGGAAC,NEUROD6,1610,596,829
NEUROD6_AGGAAGCGAACGCGCGCGAG,NEUROD6,0,44,50
NEUROD6_CAACAAAGCTGCGATTGGAA,NEUROD6,1503,663,928
NEUROG1_TGTGGAGCAAGTCTTTGGGC,NEUROG1,480,56,125
NEUROG1_GCACAACTTGAACGCGGCCC,NEUROG1,397,195,300
NEUROG1_ATCCGGCTTCCTCACCGACG,NEUROG1,1614,91,355
NEUROG2_TAGTCCATGTCTGACCCGGC,NEUROG2,484,183,93
NEUROG2_GCAGTGATCCGCCAGGCGCA,NEUROG2,1352,382,581
NEUROG2_CGTCTTGGCGCCTCGGGAGA,NEUROG2,1787,201,262
NEUROG2_CGTCTCCCGAGGCGCCAAGA,NEUROG2,569,524,742
NEUROG2_CTCCTCTTCTTCGTCGGCGC,NEUROG2,982,189,445
NEUROG2_TCGTCGGCGCTGGATGACAG,NEUROG2,1127,251,334
NEUROG3_GAGCTTCGCGTCGTCTGGGA,NEUROG3,194,90,241
NEUROG3_CTTCGCGTCGTCTGGGAAGG,NEUROG3,546,114,63
NEUROG3_AACTGCGCAGAGGCGGAAGA,NEUROG3,2103,268,236
NEUROG3_AAGTGACCCGTGAGACGGAG,NEUROG3,163,18,36
NEUROG3_TGTCCAAGTGACCCGTGAGA,NEUROG3,888,128,248
NEXN_CCGAAAGAAGCAAGCTGAAG,NEXN,2336,307,550
NEXN_AACGACGAACAGAGGAGGAA,NEXN,170,61,80
NF1_ACGGCCTGGACCCATTCCAC,NF1,390,192,141
NF1_AGTCAGTACTGAGCACAACA,NF1,1750,2405,2705
NF1_ATGCTGGTTTCCTTCACGAC,NF1,1746,3321,2217
NF1_CCAGGATATATCCAAAGACG,NF1,1814,1341,2307
NF1_CCCAGCAATACGAATGGCAC,NF1,1034,964,792
NF1_CTCAATGCCAACGTAGACAG,NF1,2521,2745,2391
NF2_GAAGCTCATGCGGGAAGCGA,NF2,265,434,1070
NF2_CAATCAAGGACACAGTGGCC,NF2,505,241,361
NF2_TTCTTACGCCGTCCAGGCCA,NF2,670,7590,8579
NF2_TCGGATTTCATTCCACGGGA,NF2,544,504,1133
NF2_TCATCTGCTTCTCTCGAGCG,NF2,2196,8826,8683
NF2_CACAGCGATTCGCACGGAGG,NF2,943,1506,2520
NFAM1_AGATGATGGCGAACTTAACC,NFAM1,1469,322,356
NFAM1_GCCTGCATCGAGAATGAGGA,NFAM1,378,79,313
NFAM1_CTCCTTTCTCCCTACAGAAG,NFAM1,1721,604,453
NFAM1_TGCGCTTCCTCCTAGACGCA,NFAM1,1450,229,190
NFAM1_AACAAACTGCCACCCTGGAC,NFAM1,249,157,362
NFAM1_TTGGCGTGCTGCTGCTGCCC,NFAM1,61,26,0
NFASC_TGGCTCCGCCAAGACTGAGG,NFASC,218,71,97
NFASC_CAATCAGGATGTTATCACGG,NFASC,1235,278,318
NFASC_ACTGCGGAAGTCAATCACCA,NFASC,1551,372,365
NFASC_GGGATGGAAGTCCAGGCGGG,NFASC,262,224,1
NFASC_AGGACGAGTCATTATAAGGG,NFASC,841,192,477
NFASC_TTCTCTCCTGTTTCAGCCCG,NFASC,1719,451,307
NFAT5_GCTCAGCGCGGACCTAGACC,NFAT5,416,208,219
NFAT5_GCATCAATGAGTCAGACAAG,NFAT5,1424,387,252
NFAT5_GAAATCCAAAGCAGAGGCCG,NFAT5,920,157,289
NFAT5_TCCTAGCAACAACATGACAC,NFAT5,778,96,415
NFAT5_TTCACTTACACTCCAGACCC,NFAT5,961,722,521
NFAT5_ATTCAGAGTGGTGTAAGCCC,NFAT5,513,117,143
NFATC1_CGCTGACTTCATGGTGCCGC,NFATC1,611,84,297
NFATC1_CGAGTTTAACCAGCGCGACG,NFATC1,323,312,175
NFATC1_ACCTTGAGCGCCACTGAGGG,NFATC1,1106,411,385
NFATC1_TCATACGGGCCTGAGTGGGA,NFATC1,160,252,299
NFATC1_CTCGCATGCTGTTCTCCGGC,NFATC1,1048,213,498
NFATC1_TGAACTTCGGAAAGGAGAGA,NFATC1,364,65,164
NFATC2_CAGCACTTTACCTACCACCC,NFATC2,1570,290,645
NFATC2_TGCGTCACGTGCTTACGGGC,NFATC2,1256,188,423
NFATC2_GCCAGCAAATGATCCTCACG,NFATC2,746,52,656
NFATC2_GCCGACATTGAGCTGCGGAA,NFATC2,1333,555,506
NFATC2_CTGGACAGCGGCCACTCAAG,NFATC2,405,67,162
NFATC2_ACCTCGAACCAGCCTCGCCG,NFATC2,199,70,142
NFATC2IP_ACACTACGTCCAGCGTGCCC,NFATC2IP,206,70,165
NFATC2IP_TGTTGCTCTTGACCCTGAGG,NFATC2IP,537,181,211
NFATC2IP_AATCCGTTGCCGGGCTGACC,NFATC2IP,1395,244,161
NFATC2IP_CCAGCTCCGGGTGCAGGGAA,NFATC2IP,3518,539,829
NFATC2IP_GGACATGAGGGTCTTTAGAG,NFATC2IP,785,90,305
NFATC2IP_CCTCATGTCCCACTATGAGG,NFATC2IP,599,521,541
NFATC3_AAACTCGTCTTTGGCGAGGA,NFATC3,221,78,80
NFATC3_AGAGAAGACTCCCGGTAGGA,NFATC3,609,87,107
NFATC3_TATGAAACTGAAGGTAGCCG,NFATC3,531,176,102
NFATC3_GCTCACTTACAGCACTCAAC,NFATC3,1066,304,271
NFATC3_GAAGTTCTTGAGCAGACCGC,NFATC3,577,313,88
NFATC3_AGTGATGTCCTGCAGACCAA,NFATC3,823,122,179
NFATC4_CTCGGTGGGAGATACTGGCG,NFATC4,1412,337,478
NFATC4_ATAGGTGCAGCGCCATAGGG,NFATC4,760,112,253
NFATC4_ACAGCCTAGAGCCCACCACC,NFATC4,362,89,104
NFATC4_TACGGCTTCATAGCTGGCCG,NFATC4,381,368,139
NFATC4_TTCAGACATTGAGCTTCGGA,NFATC4,494,203,299
NFATC4_CTCGCCTCCTCTCACAGAGC,NFATC4,2165,188,587
NFE2_TGAAGAGTACGCGCTGCAAC,NFE2,1515,589,308
NFE2_CAGCCCAGAACTGCCGCAAG,NFE2,1164,288,244
NFE2_TAGTCCGGGACATCCGACGA,NFE2,1824,473,463
NFE2_CTGGCAAGGTATAGTTGGAG,NFE2,3532,892,828
NFE2_CTTGGAGCGGCTCACTGAGC,NFE2,570,199,128
NFE2_AGGCTCAGTGGCTTGGAGAC,NFE2,598,158,303
NFE2L1_TGTCACATCTTGGAGGCCAC,NFE2L1,650,256,223
NFE2L1_TGCAGCTTGAGCACGGAGCA,NFE2L1,1378,350,484
NFE2L1_CTGGACCGCAGCTCTCACAG,NFE2L1,576,349,483
NFE2L1_ATGGAGGCGAGCAGGACACC,NFE2L1,609,57,76
NFE2L1_AAGGCACTCTTCCAGGGACA,NFE2L1,1240,236,213
NFE2L1_AGAACTTGGAATACTCAGGC,NFE2L1,217,189,248
NFE2L2_AGCATGCTACGTGATGAAGA,NFE2L2,495,65,95
NFE2L2_CGTTGAAGTCAACAACAGGG,NFE2L2,1021,39,35
NFE2L2_ACTGGGCTCTCGATGTGACC,NFE2L2,582,27,0
NFE2L2_GGAGTAGTTGGCAGATCCAC,NFE2L2,327,61,95
NFE2L2_TCTGACTGGATGTGCTGGGC,NFE2L2,254,108,113
NFE2L2_GCGACGGAAAGAGTATGAGC,NFE2L2,234,306,82
NFE2L3_ACGCTGGTGCGAGGGACGAA,NFE2L3,997,362,369
NFE2L3_CACGCTGGTGCGAGGGACGA,NFE2L3,927,145,230
NFE2L3_ATGCATCCACGCTGGTGCGA,NFE2L3,172,115,175
NFIA_CTTCCGACGGCTCCATCAAA,NFIA,1018,466,562
NFIA_ATACATGCAAATGTGCCGCC,NFIA,524,26,166
NFIA_AATACATAACTGCCGGGCGC,NFIA,147,89,50
NFIA_AGACTTTATCTGCCTGGCGG,NFIA,632,161,242
NFIA_GGAAGTGGCAGTCAGTCAAG,NFIA,532,112,300
NFIA_CTGTGTGAACGCCGTTCCCA,NFIA,924,103,50
NFIB_ATCCTTCCTACATCAGCAAC,NFIB,296,277,320
NFIB_GAGTATCCTGAGGATTCAGG,NFIB,2,0,17
NFIB_ATACCTGGAGTTGCACACAG,NFIB,631,134,248
NFIB_TTCCTCAGCGCCCATAACCC,NFIB,2677,370,277
NFIB_ACTGCGCAAAGATATTCGCC,NFIB,641,91,96
NFIB_ATGTACCTGAGTGAGACAGA,NFIB,557,18,33
NFIC_GCGCATCGACTGTCTCCGGC,NFIC,66,553,293
NFIC_GGACAGCAAGCCCATCACGC,NFIC,2196,120,417
NFIC_AGTGACGCTGAACACGCCGG,NFIC,132,36,26
NFIC_GACCTGAACCCAGCCAGCAC,NFIC,29,25,48
NFIC_TAGCAGCCGCAACTGGACGG,NFIC,256,173,193
NFIC_CCCGTCATCGCCGTGCACAG,NFIC,2492,824,1068
NFIL3_GATCCGGAGCTTGTGTGGCA,NFIL3,1055,215,77
NFIL3_TGCACATGCTTGAGTTCAAC,NFIL3,322,303,316
NFIL3_GAAGCGTCGACTGAATGACC,NFIL3,93,20,47
NFIL3_TTCTGCATGTCGGAGGAAAC,NFIL3,3911,1403,1574
NFIX_GCGGATTGACTGCCTGCGCC,NFIX,18,17,26
NFIX_GACATCAAACCACTGCCCAA,NFIX,13,11,0
NFIX_TGGGACTCTCCAGGTCCGCC,NFIX,174,66,18
NFIX_GACGTGTTCTATCCCGGGAC,NFIX,836,202,222
NFIX_TTCTTTAGAGAAGCCGGGCC,NFIX,155,141,111
NFIX_CGACTGCTGGATGATGGACG,NFIX,4251,517,406
NFKB1_CCAGGTAGTCCACCATGGGA,NFKB1,1331,438,299
NFKB1_CACTGTAACTGCTGGACCCA,NFKB1,1490,436,254
NFKB1_CTTCTGCTTGCAAATAGGCA,NFKB1,1900,298,503
NFKB1_ATAGATGGCGTCTGATACCA,NFKB1,1395,309,352
NFKB1_AGTCAGATTTCCTCCGAAGC,NFKB1,1507,457,460
NFKB1_GGCATGTTTGGTAGTGGCGG,NFKB1,1088,221,431
NFKB2_TGGCTCCTTGGGTTCCACAA,NFKB2,948,185,406
NFKB2_GATCGTGGAACAGCCTAAGC,NFKB2,600,101,101
NFKB2_CCGGGCAGTCCTCCATGGGA,NFKB2,1089,214,284
NFKB2_CTGTGGGCATGAGCACGAGG,NFKB2,401,103,189
NFKB2_CACCCATACCCGTAAGGCCC,NFKB2,258,296,593
NFKB2_TCTCGAATGGACAAGACAGC,NFKB2,958,326,296
NFKBIA_CACGGAGTTCACAGAGGACG,NFKBIA,1504,502,871
NFKBIA_AGCATTGACATCAGCACCCA,NFKBIA,1100,131,211
NFKBIA_CCTACACCTTGCCTGTGAGC,NFKBIA,491,585,298
NFKBIA_CCGCCAGGTGAAGGGAGACC,NFKBIA,2443,125,168
NFKBIA_CCTGGACTCCATGAAAGACG,NFKBIA,876,366,314
NFKBIA_CGTCCGCGCCATGTTCCAGG,NFKBIA,131,90,112
NFKBIB_AGTGACGTAGCCGAAGACGA,NFKBIB,335,210,223
NFKBIB_CAGTGACGTAGCCGAAGACG,NFKBIB,1666,399,396
NFKBIB_CCTGCAGAATGACCTAGGCC,NFKBIB,811,265,276
NFKBIB_TACGGTCAGGGCCCTGAGCG,NFKBIB,755,354,465
NFKBIB_CTTTGTGGATAACGGCCACG,NFKBIB,946,258,422
NFKBIB_CGACAGCGACAGCGGAGACG,NFKBIB,415,95,107
NFKBID_GGGACGTTCGGTCTTGCACG,NFKBID,409,86,92
NFKBID_CATTCGTGAGCATAAGGGCA,NFKBID,546,65,859
NFKBID_CGATGGTCCAGGGACCACAG,NFKBID,570,193,143
NFKBID_TCTACCCACCCTCGGACCCA,NFKBID,308,394,309
NFKBID_CCTCTCCCGCACAGTGAGCA,NFKBID,1120,298,303
NFKBID_GGCATGAAACGCTGAGAAGA,NFKBID,462,239,168
NFKBIE_TCAGGTCATCAAAGGGCAAA,NFKBIE,1082,401,520
NFKBIE_CATCTACCTGGGCACCAGCC,NFKBIE,631,177,210
NFKBIE_ATGGAATTGCTGCTTCGGAA,NFKBIE,1150,46,137
NFKBIE_CGGGCACTACAGGACCGGCA,NFKBIE,738,252,276
NFKBIE_ACATTCTCTCGCCACCAACC,NFKBIE,739,301,150
NFKBIE_CGGCTGCCCACAGTAACCGC,NFKBIE,336,143,84
NFKBIL1_AGGCTTCTTCCTCTGGAACC,NFKBIL1,772,330,255
NFKBIL1_GACGTTCTCGGCGTTGGCGG,NFKBIL1,653,198,149
NFKBIL1_TTACTTGTCTGCAGGACGGC,NFKBIL1,203,166,169
NFKBIL1_AGGGACAGCGGCTTAGCAGC,NFKBIL1,297,241,49
NFKBIL1_AAGATGATGCCTCCAAGGAG,NFKBIL1,172,118,117
NFKBIL1_TGCGTGAGAGCCGAGCCAGG,NFKBIL1,72,129,48
NFKBIZ_AAGCTGCTGGACGACAGCCG,NFKBIZ,942,211,258
NFKBIZ_TTACCCGAACACCTTGAAAG,NFKBIZ,1619,717,675
NFKBIZ_AATTGGGAATGCAACAGAGC,NFKBIZ,227,183,93
NFKBIZ_GGAGCTCTGAGGGACCACCA,NFKBIZ,463,17,35
NFKBIZ_CTTCATATTGCTGTTGCCCA,NFKBIZ,1610,536,373
NFKBIZ_TCCACAGAGTGCCTTTCAGG,NFKBIZ,931,162,145
NFRKB_TCGAGTAAATGCTGGCAGGA,NFRKB,995,670,734
NFRKB_TAAAGAAGCACCACGAGAAG,NFRKB,790,728,648
NFRKB_TACCTAGGATCTGCTGGAGA,NFRKB,683,311,277
NFRKB_GAATTTGCTTCAGCAGCCGA,NFRKB,7,11,57
NFRKB_ATGTTGTCAGCCTCTCAACA,NFRKB,819,151,72
NFRKB_CACCAGAGTTAGTCTGCCCG,NFRKB,734,228,431
NFS1_GCGGATTTGCAGTTCCAGAA,NFS1,1364,3,29
NFS1_TATCCAGCCAGATACTAGCC,NFS1,493,388,328
NFS1_CTCAGCTTCCAGTGAACGGC,NFS1,250,88,23
NFS1_GCATGGCATCAAGCACCCGG,NFS1,105,7,0
NFS1_ATATAGAGAGGTCGCAGCAC,NFS1,1087,1,24
NFS1_TGCTCCGAGCCGCTTGGAGG,NFS1,1814,60,146
NFU1_CCGGACTAAGATGGCGGCGA,NFU1,108,103,94
NFX1_GGGACAATACCTGAGACAGG,NFX1,877,116,117
NFX1_TCATCAACAAGTCTTCCAGG,NFX1,777,183,111
NFX1_GCAGAAACATTCTGACAGGC,NFX1,630,200,255
NFX1_CATGTGAATGTGGACGAACC,NFX1,1695,526,468
NFX1_TCCACATAACACATCTCGGG,NFX1,680,334,93
NFX1_AGCCCTGCCAGCAATGCCCA,NFX1,599,97,149
NFXL1_AAGAGTAGGGTCCTACAGCA,NFXL1,1203,673,532
NFXL1_GCTTGATCATGACACGGAGC,NFXL1,755,300,299
NFXL1_TGTGGTACGTTCTCGGCCAC,NFXL1,344,127,230
NFXL1_CATCTTTGGACAAGGAGGGC,NFXL1,140,0,0
NFXL1_ATAACTCACCTGGATGACAG,NFXL1,794,113,162
NFXL1_CCTTCTGGCACCAGTCCCGG,NFXL1,595,147,473
NFYA_TGTTCCTGTTCTCAGCAGCA,NFYA,927,170,644
NFYA_GGCCAGCTAATCACATCAAC,NFYA,1353,225,144
NFYA_CAGATACAGTTGGTCCCACC,NFYA,630,148,42
NFYA_TGCTGTCCAGGGACAGCAAG,NFYA,83,7,48
NFYA_GCAATGTGGTCAATTCAGGA,NFYA,1652,102,149
NFYA_CGAGCTAAACTAGAGGCAGA,NFYA,1074,101,92
NFYC_GCCCTGGACTTGGACAGCGG,NFYC,1525,160,156
NFYC_CAACAGGCCCAGAGTGGCAC,NFYC,2111,97,112
NFYC_AGTCTCTGAGCTAACGGGAG,NFYC,1676,169,239
NFYC_GCTCCCTATGGGTCTCGAGC,NFYC,359,29,72
NFYC_AGTCACCATGCCTGCGGGCC,NFYC,1120,1027,1204
NGB_CGTGTGGCTGGTGTGAAGGC,NGB,1471,467,321
NGB_AGCTCCTTTACCCACCGAGA,NGB,946,172,214
NGB_GGAGAGACAGTCCTCTGGGC,NGB,355,254,97
NGB_GCGGCAGTTGTACTGGAAGA,NGB,1476,553,668
NGB_GCGCTCGTGTAGCCCTCACC,NGB,1378,127,211
NGB_CCGAGCTGATCCGGCAGAGC,NGB,1269,426,311
NGDN_CTTTGCGAAGATGGCGGCGC,NGDN,563,149,282
NGDN_TAAGGTACATGAGCAGCAGC,NGDN,414,0,0
NGDN_TAATGTACTGGAACCAAGCG,NGDN,989,223,302
NGDN_TCAGTAAGCGAGAGAAAGGA,NGDN,279,5,27
NGDN_CGGAAGAAGATACCTCAGAA,NGDN,2199,338,496
NGEF_GCAATCAGACCTACCAGGAG,NGEF,1878,271,262
NGEF_GGAAGTGACCAGCTCGAACA,NGEF,2510,765,870
NGEF_TCTCGGGAAGATCCTGCCAG,NGEF,1109,454,304
NGEF_AGGTTTCTCCAGGAGTCGGC,NGEF,120,41,32
NGEF_ACTGTCGTGGTCCACGGCGC,NGEF,339,160,69
NGEF_CTCTATTTCCATGGAGACCA,NGEF,1333,220,285
NGF_CTTTGTCAAGGCGCTGACCA,NGF,628,1044,588
NGF_AGTGCTTTGAGTCAATGCCC,NGF,61,79,0
NGF_ACCCAAATCCCGTTGACAGC,NGF,305,197,604
NGF_GACCCAAATCCCGTTGACAG,NGF,828,306,461
NGF_TGGGTGCTAAACAGCACACG,NGF,137,179,70
NGFR_TGCCTCCTTGGCACCTCCAA,NGFR,315,250,161
NGFR_CCTCTACTCACTGTCCAGGC,NGFR,784,187,626
NGFR_TGTCCTGGCAGGAGAACACG,NGFR,458,50,196
NGFR_CCAGGATGGAGCAATAGACA,NGFR,3989,529,411
NGFR_ACGCAGACAGCCTCGGGCCA,NGFR,603,333,450
NGFR_GCTTCTCAACGGCTCTGCGG,NGFR,206,0,6
NGLY1_ATTCTCCTTCTCAGCAGCGG,NGLY1,983,103,84
NGLY1_CGCTATGTTTGGGATTACAC,NGLY1,1997,410,538
NGLY1_TCAGCAATCGATTCCCAAGG,NGLY1,2530,411,472
NGLY1_AACGCTTTCTCCTGAAGAGC,NGLY1,78,90,105
NGLY1_CATAGAGAGAAGTAGCAGAC,NGLY1,1004,240,232
NGLY1_GGCTGTGTTTCCAATCCGGA,NGLY1,364,63,175
NGRN_GAACCCACAGCGAGTGACGG,NGRN,461,235,309
NGRN_TCGCTGTGGGTTCGCGACCC,NGRN,1563,447,669
NGRN_CCGACTGGGAGCCGGAGGAA,NGRN,3161,560,959
NGRN_CGACTGGGAGCCGGAGGAAC,NGRN,2680,696,716
NGRN_GGCAGTGGTGCGTTGCCAAG,NGRN,473,153,244
NHEJ1_CACCACACAAGAGGTCCAAG,NHEJ1,1894,542,679
NHEJ1_TATGGCAGTCACCACACAAG,NHEJ1,1173,49,51
NHEJ1_CGAATTACACTTACCAGGGA,NHEJ1,996,402,547
NHEJ1_CGTCCTTCAACAATGGGCGA,NHEJ1,862,107,84
NHEJ1_TCAACAGGTGTGGCATGAAC,NHEJ1,1726,438,681
NHLH1_TCTCTGAGTGGGTGGGCGGC,NHLH1,641,180,423
NHLH1_ATCTGAGCCGCGAGGAGCGC,NHLH1,386,200,102
NHLH1_TGCGGTACTTGGCTGTGGCG,NHLH1,1730,462,626
NHLH1_GGATGCGTTCTCGCGTGGCG,NHLH1,274,308,336
NHLH1_GAGTTCAGACGTCCAGCACG,NHLH1,1477,431,440
NHLH2_CGCCCTACACGTCCAGGACG,NHLH2,2209,1045,672
NHLH2_ACGTCCTGGACGTGTAGGGC,NHLH2,221,166,161
NHLH2_CACGTCCTGGACGTGTAGGG,NHLH2,44,220,445
NHLH2_CAATTTGCGGAGCTCGGCGA,NHLH2,368,22,111
NHLRC1_CGAAAGACCATGAGTGACCA,NHLRC1,2472,566,460
NHLRC1_GCAACCTTTCAGTTCTCCGA,NHLRC1,262,0,110
NHLRC1_CGGCGTCAGTGACAACCACA,NHLRC1,1680,366,475
NHLRC1_GCGCATCAGTTTGGAGAGAA,NHLRC1,3263,1128,1461
NHLRC1_GGGACAAAGCGCCAGTCCGG,NHLRC1,7,40,0
NHLRC2_TCAGTACCCGAGTTTCCGGA,NHLRC2,389,0,14
NHLRC2_CTGCATCATTAACCATAGGG,NHLRC2,82,15,22
NHLRC2_GCAGTTTGCCAGAGTCCAGC,NHLRC2,702,256,352
NHLRC2_AATGCCTATCCTCACAAGGC,NHLRC2,530,1,13
NHLRC2_TTGTCCCATGTTACTCCAAG,NHLRC2,1038,53,154
NHLRC2_GGCCAGCACACGCAGTCACG,NHLRC2,608,20,8
NHLRC3_ATGGATATTTCCTACGAGCC,NHLRC3,332,69,235
NHLRC3_TCCTACATCCGTGATCCAGA,NHLRC3,383,150,166
NHLRC3_GCTGGGTTATCAAACTGCAA,NHLRC3,311,58,181
NHLRC3_AGAGCCTGCTAAGATTCAGC,NHLRC3,229,71,53
NHLRC3_CTAGAAGTCGACAGAAAGAC,NHLRC3,1897,415,490
NHLRC4_GCACACTTTCGGCTGCCCAG,NHLRC4,794,71,20
NHLRC4_GAGTTGGAGCAGATGCCCGC,NHLRC4,389,22,19
NHLRC4_GGCATCTGCTCCAACTCAGA,NHLRC4,289,95,19
NHLRC4_AACTCCATCAAGGTGTACCA,NHLRC4,603,149,63
NHLRC4_AGGCCAGCTCCTTGAGGCCC,NHLRC4,26,57,64
NHP2_TGCTCCTTACCGTCTTAGAG,NHP2,2353,34,8
NHP2L1_AGTTACATGACTGCTGAACG,NHP2L1,1390,64,66
NHS_AGCGGATCGTGGAGCCGCAA,NHS,263,92,111
NHS_TGAAGGTGCAGGGACGGCGC,NHS,2332,376,246
NHS_AGGATCTGTCACCTCTGCGC,NHS,1565,107,103
NHS_ACTACCTCTCCCGACGCCAG,NHS,543,56,158
NHS_CGTCCTCCTTAGCAGCCACA,NHS,1275,634,562
NHS_TGCCACCTCAGCATCAGCAA,NHS,2602,1261,1009
NHSL1_TCAGTCCCTTGAGCCGAGGC,NHSL1,956,259,225
NHSL1_GACGACCGAAGAAAGTCAAA,NHSL1,241,156,85
NHSL1_TCGGAGAAGTCACTTGAGGC,NHSL1,707,175,477
NHSL1_TGGGCTGGCGTTGGCCGCAA,NHSL1,821,238,358
NHSL1_ACCTAGATGAGGAAAGCCGA,NHSL1,683,126,98
NHSL1_AGAGAGAACCTGTATTCGGC,NHSL1,196,51,21
NHSL2_GCCGTTCTACAGGCGCACGG,NHSL2,411,79,450
NHSL2_ACGTGTTCCTCTCCTCGGGC,NHSL2,2179,252,216
NHSL2_ACTCCAGACGCCTGGCAGAC,NHSL2,507,677,553
NHSL2_GCTTGTCGGCTGTGGTAGAC,NHSL2,432,238,262
NHSL2_AGTCCACCCTGAGGCGGAGG,NHSL2,1316,139,177
NHSL2_CTGAGAAGCCTCCGGTGGCC,NHSL2,789,152,469
NICN1_AAAGCGGCCGATCCTTGCGG,NICN1,1069,102,93
NICN1_GGTGAGGGCTTACCTCACGG,NICN1,0,24,75
NICN1_GCATTAGGCAGTAGTCCCGC,NICN1,282,136,197
NICN1_TAGGCAGTAGTCCCGCAGGC,NICN1,49,350,484
NICN1_CCAGGCTTGCTCACCTCGAA,NICN1,2205,1047,418
NICN1_CACCTCGAAGGGAGCGACGC,NICN1,692,345,202
NID1_ATGTTTGCAGTGGAGCAGGA,NID1,434,134,225
NID1_ACTCTGCGTGCACCGAGCAC,NID1,402,2,103
NID1_GAGTAGTAACTCTGGGCAGC,NID1,347,260,152
NID1_ACCTTGACTGAATGCAACCA,NID1,849,410,327
NID1_CTTGGACACGACCGATGGCC,NID1,549,233,364
NID1_TGTCGGATCTGTCGTAGAAG,NID1,2491,452,367
NID2_TTCTGCACGGACTATGCCAC,NID2,667,74,114
NID2_TTTGGTGTGAGGATCCAAGG,NID2,462,143,150
NID2_CTGGCCTGACATTGTCCAAC,NID2,1190,668,537
NID2_TCGGGTGGGCTTCTGCCGAG,NID2,796,122,203
NID2_GGGTAAAGCGCGCAGAGCGC,NID2,50,0,12
NID2_CGACGACGAAAGCTCAGCCG,NID2,2117,752,696
NIF3L1_TGGGTCGGAAGATAGGCGGA,NIF3L1,335,68,186
NIF3L1_GAACACATGGAAGGAGCGCC,NIF3L1,320,17,73
NIF3L1_GCTCCCAACTACCCTACAGA,NIF3L1,1720,141,118
NIF3L1_CGTTAACTACACCCAAGACC,NIF3L1,1072,331,334
NIF3L1_GAACACAGCAACACTGAACG,NIF3L1,1596,184,165
NIN_CCGGATTTCAGCCTTAAAGC,NIN,1905,607,978
NIN_GGAGAAGACCCGAAAGCCAA,NIN,7,134,132
NIN_GACTTGAATGCTTCACAGAG,NIN,2123,550,872
NIN_ACGCAGTGAGGAGTATGAAG,NIN,1205,507,415
NIN_ACCTCACTGCAGTCACCGGC,NIN,328,49,50
NIN_CCAAGCTCAACATGTGGCAA,NIN,1258,481,741
NINJ1_CTACCACGATGATGAACACC,NINJ1,3472,559,903
NINJ1_GCTGGACTTCCTCAACAACC,NINJ1,704,189,195
NINJ1_CAAGTACGACCTTAACAACC,NINJ1,1321,537,294
NINJ1_GATGGAGATGAGGACCACCA,NINJ1,11,0,63
NINJ1_GCTGAAGGCCGTCGTGGAAC,NINJ1,471,147,356
NINJ1_GAGGAGTACGAGCTCAACGG,NINJ1,902,323,474
NINJ2_TGCCAATGCAGGGTGGCCCA,NINJ2,378,284,88
NINJ2_ACCTTCTGCCTCGGCACCCG,NINJ2,618,11,99
NINJ2_CAGAAGGTCTGACTGCAGGC,NINJ2,70,0,0
NINJ2_TCAAGTCCCTTCACACGCAC,NINJ2,1680,848,714
NINJ2_GAGACTCAGACGGCGGAGCC,NINJ2,28,12,19
NINJ2_AGCAGCAGAGACTCAGACGG,NINJ2,2051,400,463
NINL_TGACAAGGCAAGGCAGGACC,NINL,2326,568,338
NINL_TGACAACGAGCTCATGACAG,NINL,1458,164,222
NINL_CTCTTCTCCAGCATTGACGA,NINL,1329,142,381
NINL_GCGCGGGCTCATGACTGAAG,NINL,818,481,483
NINL_ATAGCTCAGGCCGGCTCCGA,NINL,809,108,170
NINL_CAACACTCACCCTGGCGAAA,NINL,1878,905,926
NIP7_AACAGTAGGTGCCATCGGGC,NIP7,471,63,44
NIP7_CTCACCTCACATAGTACACC,NIP7,1552,54,42
NIP7_GGCGGTTTCCAATTCTGCCA,NIP7,329,28,27
NIP7_ATCCTTGACTTCATCGCCCG,NIP7,1447,549,499
NIP7_TACTTCTCAGTACCAGGGCG,NIP7,231,81,128
NIP7_CTACCATCTCTACTCACCAA,NIP7,1380,91,24
NIPA1_CGTTGCTCCACTCCCGGAAG,NIPA1,2476,512,504
NIPA1_GGAGTGGATAATCAGCACGA,NIPA1,1291,390,242
NIPA1_ACGGTACTCCAAGGGCGCCC,NIPA1,421,10,24
NIPA1_TACTCCAAGGGCGCCCAGGG,NIPA1,1348,79,112
NIPA1_AGGGCATCGTGCGTGCCAAG,NIPA1,317,110,82
NIPA1_CTTCTTCTGTAGCACGAACG,NIPA1,3127,331,511
NIPA2_ATGTTTGTCTGTCCATGGCG,NIPA2,686,265,421
NIPA2_TCAAGGCCACAATGACCACA,NIPA2,777,119,103
NIPA2_AGGAAAGGCTCTATGAGAGC,NIPA2,19,74,34
NIPA2_CTCCTTCGACTTGCCAGGAA,NIPA2,2724,754,633
NIPAL1_TTCAGGTCCGTGTAGAGCAC,NIPAL1,1838,304,313
NIPAL1_CCTCTTGCAACTGGCCAGCA,NIPAL1,927,183,171
NIPAL1_AGCAAGGGCTTTACTAGAGC,NIPAL1,605,182,263
NIPAL1_GAACACTCAAAGCACCCAGA,NIPAL1,0,0,40
NIPAL1_GCCAGTTTACAAACATCCGC,NIPAL1,498,431,286
NIPAL1_ACCAGCGGATGTTTGTAAAC,NIPAL1,1562,347,428
NIPAL2_TATGGTGATTCTGCTAACCC,NIPAL2,665,151,200
NIPAL2_TGATGGCCGTGGGAGAGACG,NIPAL2,1833,84,144
NIPAL2_GCGAGACCTCATGGCAGCGG,NIPAL2,177,50,128
NIPAL3_TAGCTCCAGCGCCGTAAGCG,NIPAL3,1697,606,838
NIPAL3_TAAGTGCAATGCTGACCACG,NIPAL3,1320,1052,744
NIPAL3_GATGAGTGACAGCGGCGCGA,NIPAL3,148,119,127
NIPAL3_TCACCAGGCACCTCGTGAGC,NIPAL3,1319,517,682
NIPAL3_TCACGCAGCCTGATAGACGG,NIPAL3,1283,263,182
NIPAL3_GGCTTTAACCTTACCTGGCA,NIPAL3,388,32,178
NIPAL4_AGCGTCATCCTCAAGAAGAA,NIPAL4,1154,379,447
NIPAL4_CCGTGGCCACGAGTCGCAAG,NIPAL4,769,387,226
NIPAL4_ACCAGCTCGAGTGGCTCCCG,NIPAL4,917,94,192
NIPAL4_ACAGTGCCAGGATGAGGGAC,NIPAL4,946,133,304
NIPAL4_CTTGAAGAGGATGATGGACG,NIPAL4,2858,588,493
NIPAL4_TGATGGTGACAAAGCCCGAG,NIPAL4,1347,379,452
NIPBL_TGTCATCCCTACAAGCCAAA,NIPBL,627,520,542
NIPBL_AGGACGGCCTGCAACAAGAC,NIPBL,1488,188,139
NIPBL_TCGTGTAAGGTCTTCAGACA,NIPBL,1345,223,159
NIPBL_GACAGTCCTCGTGTTAAACA,NIPBL,156,82,420
NIPBL_ATTTCTGCCAGGAGTTCAGG,NIPBL,20,140,915
NIPBL_TGAATTACCCTCACTAAGGC,NIPBL,641,296,406
NIPSNAP1_ACTCCATGTGTCGCACCAGG,NIPSNAP1,686,186,175
NIPSNAP1_TCGGGCCATCAAGTACCGGC,NIPSNAP1,604,50,122
NIPSNAP1_ACCTGGAGTTCCGAAGGGAG,NIPSNAP1,455,28,25
NIPSNAP1_CATGCTCACTCGTGGGCAAC,NIPSNAP1,1281,406,367
NIPSNAP1_CCAAGGACAATGAAGGCAGC,NIPSNAP1,538,151,147
NIPSNAP1_GCAGCATCTCTGTGACGGCG,NIPSNAP1,1696,227,154
NIPSNAP3B_TCTCAGAAGCGGCCTGACCA,NIPSNAP3B,906,191,211
NIPSNAP3B_CCTTAGCCAACTGTAAGGAA,NIPSNAP3B,1844,339,308
NISCH_TGGCGGCGGAGACCCGAACA,NISCH,1597,433,517
NISCH_CATGGCTGCCATCAGTGACC,NISCH,524,0,0
NISCH_AAATGGCATCACCGCGGCAC,NISCH,665,111,79
NISCH_CTTAAGGTACTTAAGGCGAC,NISCH,423,130,56
NISCH_ATATTGATAGGTCGAACGGC,NISCH,50,120,32
NISCH_GCTCTACTCACTGGTCAACC,NISCH,1082,250,432
NIT1_GCTACACCTGTCTGAACCAC,NIT1,650,22,1
NIT1_TCCCACCCAGTGGTTCAGAC,NIT1,1158,731,647
NIT1_ACGCTCATGGAAACCACCCA,NIT1,1258,154,190
NIT1_GGTGACTCAAGACTGGGCCC,NIT1,1,0,0
NIT1_CCATTACAGGCCCAGCCCAC,NIT1,506,141,184
NIT1_AGCAAGTTATGGCCACAGCA,NIT1,1170,459,737
NIT2_CGAACTCGAGCTGCAGCGCG,NIT2,502,254,184
NIT2_CGCTTGTAGCTTCATCCGGG,NIT2,1765,309,180
NIT2_GGAAACAGCTTACTGCAGAG,NIT2,1416,379,262
NIT2_GCACAAATCTACGCACAGAG,NIT2,2095,1138,1122
NIT2_TTCGCTGAAGTAACTCCCAA,NIT2,474,298,393
NIT2_TACTCACCAAGGGTTCACCA,NIT2,1138,176,246
NKAIN1_GCCGTGACCCACGTGTACAG,NKAIN1,2902,952,981
NKAIN1_CGAACACGAAGCCGAACAGC,NKAIN1,1089,84,117
NKAIN1_AGCCAGTGACAGAGATGACA,NKAIN1,1275,345,203
NKAIN1_GCACGGTGCCAAAGATGCCC,NKAIN1,182,101,48
NKAIN2_CTGAGACCGTGATGTAGCGA,NKAIN2,1706,314,443
NKAIN2_GGAGTACCAGTACATAGAAG,NKAIN2,1322,353,273
NKAIN2_CCCAGAGGCACTAGAAGGAG,NKAIN2,1712,620,729
NKAIN2_GCGAACTCAGTGCACACAAA,NKAIN2,3950,959,1010
NKAIN3_TTGACTTCCTTGGTTTCCAG,NKAIN3,575,109,252
NKAIN3_TAGGCGCCCACTGGAAACCA,NKAIN3,694,399,473
NKAIN3_TGGTGGAGAGAACATGGGCC,NKAIN3,667,220,362
NKAIN3_TGTAATCGTCCATCATGCCA,NKAIN3,356,106,195
NKAIN4_AGCTGTTTCCTCACTTACGC,NKAIN4,1220,476,627
NKAIN4_ATCCAGTCTCTTGTCCAAGC,NKAIN4,997,476,455
NKAIN4_ACCAGGAGCGATGCCGGGAG,NKAIN4,219,47,26
NKAP_CTTCACCAGGTAACAGAGCA,NKAP,869,577,640
NKAP_GCTGCCGTAATAGACTGACG,NKAP,224,0,21
NKAP_TGACGAGGAGGCAGAAGCGA,NKAP,2277,36,36
NKAP_ACGAGGAGGCAGAAGCGAAG,NKAP,967,87,51
NKAP_CCTATCCGGGCTGCGTGAGC,NKAP,666,17,78
NKAPL_ACATCGTGGGCTCTCGGAGA,NKAPL,665,205,381
NKAPL_GCGACCCAGAGCGACTAAAG,NKAPL,1199,729,720
NKAPL_TTAGTCGCTCTGGGTCGCGA,NKAPL,1109,251,151
NKAPL_ACTATACGAGGTCGACCAGG,NKAPL,844,57,96
NKAPL_CTTCTGCATAGCAGTGACGA,NKAPL,1905,342,383
NKD1_GGGAAACTTCACTCCAAGCC,NKD1,164,190,220
NKD1_AGCCGCCGTGTGCAAGCGCA,NKD1,337,442,258
NKD1_CTCACGGCGAAGCTGTCACC,NKD1,726,86,174
NKD1_AGAGGAGGACGACTTTCGGC,NKD1,42,208,726
NKD1_TCCTGAGAAGACTGACGGGC,NKD1,176,72,21
NKD1_CAACGGCAAGGTCACCCGAG,NKD1,2462,438,507
NKD2_GGGAAACTGCAGTCGAAGCA,NKD2,434,196,136
NKD2_CCGCAAAGGCGCGGAGGAAG,NKD2,1034,431,320
NKD2_TCAGCGCAGATGACGGAGAG,NKD2,608,352,235
NKD2_CTGCGGGAAGGTCACCAGGG,NKD2,1842,0,0
NKD2_TGAGCCCTCCAGCAAGAGGA,NKD2,394,113,223
NKD2_ACCCTCCATCCTGCAACGGG,NKD2,1584,237,70
NKG7_GACCGCCACAGTGAGCACCC,NKG7,1417,307,321
NKG7_GAGCCAGCGAATTCCTGCCG,NKG7,618,257,90
NKG7_GCTGCGGTGGTTGAGACAAG,NKG7,2066,541,475
NKG7_CACTCGGGCCTCTGGCCAAC,NKG7,585,387,358
NKG7_TCAGGCAGAACATCAGGCCC,NKG7,460,284,338
NKG7_CAGGCAGAACATCAGGCCCA,NKG7,843,331,477
NKIRAS1_CAGAGGTCTACAGGAAGGCG,NKIRAS1,1211,346,192
NKIRAS2_CAAGGTGGTCGTGTGTGGCC,NKIRAS2,14,125,286
NKIRAS2_AGGTGCGTTTCTATGACACC,NKIRAS2,556,125,133
NKIRAS2_GGTGCGTTTCTATGACACCC,NKIRAS2,6,84,58
NKIRAS2_CTTGTTGCCAAGGACCACGA,NKIRAS2,543,460,309
NKIRAS2_TTGCTGGCCAAGTAGACAAA,NKIRAS2,1511,376,332
NKIRAS2_CTTGCTGGCCAAGTAGACAA,NKIRAS2,2582,879,587
NKPD1_GCGAGATGACGCGCAAGCCG,NKPD1,353,135,174
NKPD1_ATGTGCAGGCGGCAGCCGAA,NKPD1,341,237,225
NKPD1_CGTGGCAGAGTGTCTTGGCC,NKPD1,661,292,278
NKPD1_CCCATTCACGAAGCCCAGAA,NKPD1,2297,924,790
NKPD1_ATGCTGTCATCAGTGGCGCC,NKPD1,206,21,115
NKPD1_TCTGGGCATCCTTGGCGAAG,NKPD1,1582,215,495
NKRF_CATACAGGCTCTTCACCCAG,NKRF,1274,388,273
NKRF_AGATGATGCCAAATCGCACA,NKRF,1148,375,394
NKRF_TTGAAGTTAGAGTTGTCCGG,NKRF,529,73,87
NKRF_GGTTATGCTGGCAGCAAGAA,NKRF,1363,222,327
NKRF_CACCATCACATGTTGAGAGG,NKRF,1853,755,466
NKTR_CTTCGACATCGAGATCAACC,NKTR,905,135,44
NKTR_ACTTACCTGAGCACAAGCAA,NKTR,1059,69,146
NKTR_GGTGCATGTAGTCTTTGGAC,NKTR,607,0,14
NKTR_ATCTCTTCTGGGCGGACCAC,NKTR,175,54,13
NKTR_CTGGACGGAAGATTAAAGGA,NKTR,766,102,169
NKTR_CTCCCATCCATCCTCTGACA,NKTR,2946,209,331
NKX1-1_GCAACGGGCGAGTTCTCGCG,NKX1-1,1384,436,229
NKX1-1_CGAGGACGAAGCGCCCGAGA,NKX1-1,938,193,265
NKX1-1_ACCAACGGCTACAGCAGCGG,NKX1-1,1865,804,284
NKX1-1_CCAACAAGTTCAACAGCAGG,NKX1-1,795,462,324
NKX1-1_GATGTCCAGTACCGAGAAGG,NKX1-1,1090,129,268
NKX1-1_ACAGTGTCGCTGGCCGCGAG,NKX1-1,1321,467,487
NKX1-2_GCTCCGGATTCATAGACGCG,NKX1-2,592,374,163
NKX1-2_GGCCCAAGGAACGGCGCGAA,NKX1-2,1619,430,533
NKX1-2_AGGATGCGGAGGATCCGAGG,NKX1-2,7,0,9
NKX1-2_CACAGTTCTGATGCTCGCGG,NKX1-2,2165,234,266
NKX1-2_GGCCGCCTTGCATCTTACCA,NKX1-2,695,89,108
NKX1-2_AAGTTTGGCGGAGGTCGAAG,NKX1-2,707,74,50
NKX2-1_GACGGCAAACCGTGCCAGGC,NKX2-1,234,139,102
NKX2-1_CGGCATGAACATGAGCGGCA,NKX2-1,1395,519,923
NKX2-1_GGCGGCCTCACTTACTGGCG,NKX2-1,1247,188,607
NKX2-1_CGCCTACCACATGACGGCGG,NKX2-1,425,638,496
NKX2-1_CGACATGATTCGGCGGCGGC,NKX2-1,534,333,97
NKX2-1_CGAAGCCCGATGTGGTCCGG,NKX2-1,991,246,181
NKX2-2_CTACAAGATGAAGCGCGCCC,NKX2-2,366,91,258
NKX2-2_CAAGGCGCAGACCTACGAGC,NKX2-2,456,272,104
NKX2-2_TCCGGTGACTCGTCGGCCGA,NKX2-2,58,203,169
NKX2-2_GCGACAACCCGTACACGCGC,NKX2-2,2060,81,194
NKX2-2_CCGGACACCAACGATGAGGA,NKX2-2,1759,381,206
NKX2-2_TCGCTGACCAACACAAAGAC,NKX2-2,1395,659,617
NKX2-3_CCTGATGATGTTACCAAGCC,NKX2-3,2570,644,651
NKX2-3_CTAGCCGCAGCAGACGGCCA,NKX2-3,400,185,206
NKX2-3_AGACTCGTGCAGCGAGCCCA,NKX2-3,254,106,38
NKX2-3_GGGCTTGCGAGAAGAGGACC,NKX2-3,138,55,63
NKX2-3_GCTGTTGTAGGAGTAGGCGC,NKX2-3,1185,21,159
NKX2-3_GAGTTCCCATAGCCGTAGGC,NKX2-3,254,1,44
NKX2-4_GGGCGTGAATGTGGCCGGCA,NKX2-4,666,1765,562
NKX2-4_GCCACATTCACGCCCGCCGA,NKX2-4,264,462,217
NKX2-4_CGCATGCCGTCCGTGTAGGC,NKX2-4,2003,387,647
NKX2-4_CAGCTACTGCAACGGCGGCC,NKX2-4,314,87,266
NKX2-4_GCCATGGGCAGCTACTGCAA,NKX2-4,1456,431,333
NKX2-5_TTGAATGCGGTTCAGAGCCC,NKX2-5,771,289,129
NKX2-5_CTATCCGGGTTACGGCGGCG,NKX2-5,193,56,270
NKX2-5_CCGCCGTAACCCGGATAGGC,NKX2-5,563,61,181
NKX2-5_TAGGCACGTGGATAGAAGGC,NKX2-5,1072,149,302
NKX2-5_GGCACGTGGATAGAAGGCGG,NKX2-5,755,0,13
NKX2-5_AGGGCGTGGGCGTGAGAGCA,NKX2-5,1466,436,465
NKX2-6_ACACACACCACTGGCCAGCG,NKX2-6,2926,851,1317
NKX2-6_TGTGTGTGGCGCAGGACCCG,NKX2-6,1723,398,479
NKX2-6_GAGCGCGGCGTTGGCAACAG,NKX2-6,1938,372,354
NKX2-6_GGCAGTCTTGGAGATGGACG,NKX2-6,455,165,192
NKX2-6_TCCTGCGACTGGAGCGCGAG,NKX2-6,1302,563,369
NKX2-6_GATGTCCTTGACCGAGAAGG,NKX2-6,350,157,29
NKX2-8_AAGAGGCCAAGCGCCGAGCC,NKX2-8,258,197,227
NKX2-8_AGGCAGGGTAGCCCGGCAGA,NKX2-8,1047,252,153
NKX2-8_CGCAGACGCTGGAGTTGGAG,NKX2-8,2450,844,666
NKX2-8_GCGCTCCGAATCCAGCCAGG,NKX2-8,771,322,432
NKX2-8_GCCTGGCTGGATTCGGAGCG,NKX2-8,1254,621,699
NKX2-8_CCTTCTAGATTTACCCGAGC,NKX2-8,1041,209,280
NKX3-1_AGCTGTTATACACGGAGACC,NKX3-1,907,134,247
NKX3-1_CTCTTTGCCGGCCCTGAAAG,NKX3-1,1382,479,431
NKX3-1_GCTTGAGGTTCTTGGCCAGG,NKX3-1,366,27,83
NKX3-1_CAGAACGACCAGCTGAGCAC,NKX3-1,1814,682,492
NKX3-1_CAGCTGGTCGTTCTGCGCCC,NKX3-1,258,664,121
NKX3-1_ATCCAGGACATCCTGCGGGA,NKX3-1,351,220,223
NKX3-2_CTCGGTGAGCTTCAGCGACG,NKX3-2,1350,326,179
NKX3-2_GGTAGCGCTGGTGGTTAAAG,NKX3-2,189,192,107
NKX3-2_ACGTGTCCGCGCTGTGCAGC,NKX3-2,865,697,601
NKX3-2_CGCTTCCAAAGACCTAGAGG,NKX3-2,2010,501,630
NKX3-2_ACAAGAAAGAGGAGCGCGGC,NKX3-2,50,33,111
NKX3-2_CTTTCTTGTTGAGGATCGCC,NKX3-2,282,14,58
NKX6-1_CCTACTGCACGCGTCCGAGC,NKX6-1,356,455,268
NKX6-1_AAGCACAAGTCCAGCAGCGG,NKX6-1,3071,327,648
NKX6-1_GGAGACAGAGCGCCTCAAGG,NKX6-1,207,121,18
NKX6-1_GGGCTCAGGCTGCTAAAGCG,NKX6-1,1206,352,371
NKX6-1_GGATACGCGGCAGGGTACAG,NKX6-1,1449,555,346
NKX6-1_TGGCCGTGGGATGTTAGCGG,NKX6-1,1546,344,729
NKX6-2_AGGACGACGACGAATACAAC,NKX6-2,819,473,268
NKX6-2_GACCAAGTACCTGGCGGGCC,NKX6-2,325,18,5
NKX6-2_GGGCCAGCAGATCTTCGCGC,NKX6-2,670,86,803
NKX6-2_CGCGGGCCCGAAGTAAACGC,NKX6-2,1368,397,91
NKX6-2_ACGACGCGAGCCCGTTGAGC,NKX6-2,481,1,118
NKX6-2_CCCATGGACACTAACCGCCC,NKX6-2,1268,419,555
NKX6-3_TGAGCACCGAGAAGGCGGCG,NKX6-3,1434,149,136
NKX6-3_CAGCTGAGCGGCTGATGAGG,NKX6-3,796,108,181
NKX6-3_ACACCCGGCCCACCTTCACG,NKX6-3,1745,522,104
NKX6-3_TGTGTATGCTGTCACTCAGG,NKX6-3,811,243,55
NKX6-3_CCGGAACTGCTGGGCGGACA,NKX6-3,4484,820,1549
NKX6-3_TCAGGATGTCCGTGATCCCG,NKX6-3,974,668,523
NLE1_CGGTGAGGATGCGCTCACAG,NLE1,1217,52,18
NLE1_TCCACTTGCTGTGGCCAGCG,NLE1,1577,400,331
NLE1_AGTATATCCTGGTCTCCAGA,NLE1,351,38,9
NLE1_GAGATCCCAGAAGCGCACGG,NLE1,905,8,0
NLE1_TCGTGGACAAAGAAAGCCAG,NLE1,578,5,0
NLE1_CTTGCTCGCGCAGGACGAGG,NLE1,1289,172,76
NLGN1_CCAAAGTTGGTAGCCACCAG,NLGN1,2521,383,759
NLGN1_ATATATGTCCCGACTGAGGA,NLGN1,903,335,287
NLGN1_CTTCCATATATGAGCCACCA,NLGN1,1490,585,566
NLGN1_CAGGCGATCAGGCTGCAAAG,NLGN1,1246,454,389
NLGN1_CAACGAGCAATAGCTCAAAG,NLGN1,564,451,330
NLGN1_TCTAACCCATGCACAAGAAG,NLGN1,1406,538,584
NLGN2_GCGCTTCCCGGTGGTGAACA,NLGN2,1794,820,876
NLGN2_ACGCTCAATCCGCCAGACAC,NLGN2,3000,729,471
NLGN2_CCTCCATGTAGGAGCCGCCA,NLGN2,589,209,129
NLGN2_CAGAAGGCCATCGCCCAGAG,NLGN2,1792,1203,1342
NLGN2_GAGTGGGCAGATGCGGCGCA,NLGN2,66,157,188
NLGN2_TGACAACTACCGCGCCAACA,NLGN2,4426,2425,2349
NLGN3_GAACGTCTATGTGCCGACGG,NLGN3,719,223,138
NLGN3_GGATCCGGCGCTAAGAAACA,NLGN3,966,349,538
NLGN3_CTTGCAGACATCCGGGACAG,NLGN3,4486,1134,1059
NLGN3_CAAAGACAGTGATCCGGCGG,NLGN3,843,387,718
NLGN3_CAGAGAGCCATCATCCAAAG,NLGN3,1662,830,867
NLGN3_CCTATAACACCTTTGCCGCA,NLGN3,681,453,232
NLGN4X_AATGACCGTGGTGAAGACGA,NLGN4X,563,85,168
NLGN4X_AGTTTAACATGACGCAGACC,NLGN4X,1150,366,283
NLGN4X_GCTTCCTTTGTTGTTCACCC,NLGN4X,324,200,160
NLGN4Y_TATGCTGACTTGCAATCCCG,NLGN4Y,1096,459,427
NLK_TTGTTGCCCAGGGTTTAACA,NLK,1441,480,580
NLK_TATTTCCCATCACCGGCACC,NLK,463,36,42
NLK_CCGAGATTAACAGCCACAGC,NLK,163,377,172
NLK_ACTCTATACCCTGTCTAGCC,NLK,164,251,336
NLK_ATGTGTAGCCTGGCTAGACA,NLK,1024,133,153
NLK_GAACCTCAGTTCTGTCCGAC,NLK,153,99,246
NLN_TGGCTGTGCGAAGCCTCCGC,NLN,890,27,186
NLN_GCTCATTGTGCAGACCAAAC,NLN,822,744,819
NLN_GCTACTCCCACTGCGAACCA,NLN,770,241,244
NLN_CTCTCGTTCTGCTTCACCCA,NLN,2235,321,209
NLN_GCCTGCTTCGGTCTCCAGCC,NLN,225,252,51
NLN_ACCTTTGGACATTTGGCAGG,NLN,878,268,18
NLRC3_GAAGAACAGCATCGGGCCCA,NLRC3,1096,70,123
NLRC3_GAGGGTCCGGTTGGAGGCCA,NLRC3,3,87,76
NLRC3_TAACTCCATTGGACCACAAG,NLRC3,1299,148,125
NLRC3_CAGACTTCTGTTGACCAAGA,NLRC3,841,579,710
NLRC3_ACGGTGTTGGAGAAGTCCAG,NLRC3,348,144,73
NLRC3_CGACTCCATGAGGAAGCAAG,NLRC3,487,51,51
NLRC4_CCTGTTGAAACATTTGGAGG,NLRC4,787,343,224
NLRC4_TCACCGCACTGATGCTGCCC,NLRC4,215,23,82
NLRC4_TGCATTTGCAGACAAGCAGC,NLRC4,53,193,36
NLRC4_TGGCGATGGAAAGTCCGAGA,NLRC4,1486,422,246
NLRC4_CTTCTTCCTCCGTCTCAGCA,NLRC4,1153,190,185
NLRC4_CCGAGCCCTTATTCAAAGAA,NLRC4,2170,636,563
NLRC5_TTGCCGAGCTGGAGGCCAAC,NLRC5,778,137,77
NLRC5_TGCAGGGTTCACCAGCCAGC,NLRC5,1763,357,269
NLRC5_TTCTTGCACTGCTTCCGGCG,NLRC5,1517,348,268
NLRC5_CTGCGCCAGGTGGCTAAGGA,NLRC5,1530,643,873
NLRC5_TGCCCGAGGCATCAGCCACC,NLRC5,804,378,240
NLRC5_CCACAATGTTCAGCACCACC,NLRC5,1807,432,617
NLRP1_TGGCACTAAGCACAGAGGCC,NLRP1,580,200,123
NLRP1_CTCACCGCAGGGTCTCCAGG,NLRP1,961,121,180
NLRP1_GGTTCTTGGGTATCCAGGCC,NLRP1,438,139,192
NLRP1_ATTCCTGACGTTTCATCCAG,NLRP1,606,80,121
NLRP1_AGCAAGCCTCACCTCTCCAG,NLRP1,511,76,0
NLRP1_TGTGCGCCCAAGCCCAGGAA,NLRP1,1569,451,507
NLRP10_AATTTCTCCCTGTTTAGCGC,NLRP10,500,45,96
NLRP10_GAAAGAGGACCAAAGCCGGC,NLRP10,162,235,83
NLRP10_ATCATCATCGGGCGGCAGAA,NLRP10,1679,377,187
NLRP10_ATGTGCGCTGCCTAGAGGAA,NLRP10,1542,640,435
NLRP10_GCTGGTCCACAAGTTCCAAC,NLRP10,239,303,281
NLRP10_GCCCAGAGCAATGCCTCCCG,NLRP10,894,311,165
NLRP11_AGAGGCAAGAGATCGACAGC,NLRP11,473,306,176
NLRP11_GCAATCCGCTGAGGAGCGAC,NLRP11,487,239,179
NLRP11_GAATACACAGGCCAACGCGA,NLRP11,106,224,514
NLRP11_AAGGATTCTGTCTAAAGCCC,NLRP11,480,49,52
NLRP11_CTTTGGATACCAGCTACCGA,NLRP11,805,215,426
NLRP11_GATTCTCTAGATACCACAGC,NLRP11,142,121,177
NLRP12_AGCCATCTCCTGACAAGCCC,NLRP12,1144,571,476
NLRP12_GGCATGATGCTGCTTTGCGA,NLRP12,535,104,185
NLRP12_CGAAATGCCCTGGGCAGCCG,NLRP12,2375,448,556
NLRP12_CGCGTACTCGGTCAACAGCC,NLRP12,1778,1564,1151
NLRP12_AGTGAGGACGGGCCACCAGG,NLRP12,429,95,19
NLRP12_CATGCTACGAACCGCAGGCA,NLRP12,599,303,679
NLRP13_GAACTTCAGCTCTAACAAGC,NLRP13,1039,353,457
NLRP13_TTGATTCCAGGATGCACGCA,NLRP13,1229,334,750
NLRP13_CCAAGACTATCGTCTGGGCC,NLRP13,442,69,120
NLRP13_CCAGAGATGCTAGAGGAAGC,NLRP13,2628,569,206
NLRP13_AGAGCTGCAAGATCCAACCC,NLRP13,1852,379,459
NLRP13_GCAGCTCTCAAGTTTGCCCA,NLRP13,273,93,262
NLRP14_GGACCAGATGATGCCAAGGC,NLRP14,355,395,346
NLRP14_CAGCAAACTACTCATGAGGA,NLRP14,628,320,295
NLRP14_CTGTGCCAAGTCGCTGCCAA,NLRP14,1730,781,474
NLRP14_TGACTATTCTCCATCACAGC,NLRP14,1374,464,771
NLRP14_TAACCCAAACCTGAGGAGCC,NLRP14,467,78,159
NLRP2_CCACCCAGTAGCTGTCACAA,NLRP2,1865,694,1152
NLRP2_AGAACGACCACCTCTAGACG,NLRP2,5660,637,998
NLRP2_CGGGCCCTTCTCATACACGG,NLRP2,1716,654,596
NLRP2_CCCAGAAACTAATGCTAGAC,NLRP2,3309,933,1495
NLRP2_CCAGAAGCTCATTGTCGGAG,NLRP2,1034,703,478
NLRP2_GATCATACCTGAGTGTCCGG,NLRP2,0,0,16
NLRP3_TTAGCGTGGCTAGATCCACA,NLRP3,650,261,275
NLRP3_CATTCCTGTCTTCAATGCAC,NLRP3,358,298,389
NLRP3_AATCTCCGAATGTTACAGCC,NLRP3,758,100,123
NLRP3_CGAAGCAGCACTCATGCGAG,NLRP3,3479,676,1223
NLRP3_AGGCAACACTCTCGGAGACA,NLRP3,3186,622,682
NLRP3_CGCCCAGGTCATTGTTGCCC,NLRP3,1617,427,1009
NLRP4_AAAGATCTTGTTGTCCGACC,NLRP4,106,81,123
NLRP4_ATCTTGGTGCCCAGCAGCGC,NLRP4,707,628,672
NLRP4_TGCTCTGTGCTCACCACCAG,NLRP4,1923,391,372
NLRP4_GGTAGTTCAAGGCATCACAG,NLRP4,287,273,255
NLRP4_TCCTGCAACCAGTTAGACAC,NLRP4,1208,453,238
NLRP4_AGACGCGAGATCCTTACAGC,NLRP4,627,302,553
NLRP5_TAAGAGGCTGTCGACGCACG,NLRP5,775,435,676
NLRP5_CATCCCGTGCCTTCTCCGAG,NLRP5,1824,219,140
NLRP5_GAAGCAACGATGACTGACCA,NLRP5,569,258,399
NLRP5_TCCGCTGCATCTCTCTAACG,NLRP5,3591,893,886
NLRP5_CAGGGTCTGTATCTTGCAGG,NLRP5,626,317,146
NLRP5_TGGCCATGACGATTCTCCAG,NLRP5,1140,403,93
NLRP6_CAGGCTCCGGGCCGTAGAAC,NLRP6,2379,931,963
NLRP6_AGCGAGAGACCCACCGGACA,NLRP6,1060,528,604
NLRP6_CCTGCGCAATCTGTGCCGCC,NLRP6,583,244,120
NLRP6_CTCACGTGAGGCTGCTCAGA,NLRP6,774,129,315
NLRP6_TCTGCCGAAGCATACCCACC,NLRP6,977,1,108
NLRP6_CTGCTCGCTCAGCTCCACAG,NLRP6,1376,623,562
NLRP7_GCACATTGGCTGAGAGACGC,NLRP7,1117,259,626
NLRP7_GACCCTCACGCACCTGACCC,NLRP7,352,307,79
NLRP7_CATTCCGAACTGGGCTCGGC,NLRP7,63,162,172
NLRP7_ACGTCACTCTGAGAAACCAA,NLRP7,546,320,256
NLRP7_TCGGAGTTAGCAAAGCCAGG,NLRP7,1003,241,228
NLRP7_TTCTGTAGCACGTCTTCGAG,NLRP7,2948,635,590
NLRP8_ACCAGGTCGAGACAGCCAGC,NLRP8,146,143,65
NLRP8_TCAGGCGCTGGATATTCACG,NLRP8,1561,113,436
NLRP8_TGTAGAGCGCCAGAGAGCAA,NLRP8,1504,251,418
NLRP8_GCTATTCACACGCCTTAGGC,NLRP8,119,190,106
NLRP8_CTTACGACAGCCTCTCCAGC,NLRP8,699,69,156
NLRP8_TTTGCGGAGCATGGAAGCCA,NLRP8,738,236,436
NLRP9_ACATGGACCTTGGATTGACG,NLRP9,1650,138,186
NLRP9_GATGTCGTCGCAGCAGGCAC,NLRP9,143,14,116
NLRP9_CGATCTGGGCTCAAATGCCC,NLRP9,512,299,204
NLRP9_TTGCAAAGAATCGCCAGGGA,NLRP9,1531,635,1318
NLRP9_ACCCAAAGACGATCCTAACC,NLRP9,1500,121,134
NLRP9_ATTACCCAGGAAAGCAGGCA,NLRP9,852,131,185
NLRX1_AACTCCAGTGGATCAGGAAG,NLRX1,1178,420,204
NLRX1_TTTACCAGTTGCAGAGGCGC,NLRX1,821,223,338
NLRX1_GGGATGAGCAGCTCGAAGGC,NLRX1,1847,205,140
NLRX1_GCGCAAGACGACCCTGCAAA,NLRX1,1819,980,999
NLRX1_TTCCGGGCACGCAGGAAGAC,NLRX1,2102,385,212
NLRX1_CAGGCTGTTGAGTTGCAAGC,NLRX1,1548,471,330
NMB_GCTCAGGATTTACATCCAGA,NMB,245,0,9
NMB_CGGAATCCTCCTGCTAAAGA,NMB,2513,865,858
NMB_TTCTTGCCCATGAAGTGACC,NMB,512,71,235
NMB_AAGATCCGAGTGCACTCGCG,NMB,153,283,241
NMB_CCGGGAGATCCCAGCTGAGC,NMB,1128,451,521
NMB_CGGGAGATCCCAGCTGAGCG,NMB,810,492,415
NMBR_ACAATCATGTGGCCTAGAGA,NMBR,730,153,87
NMBR_GATGGAAACACGGAAACGCC,NMBR,0,0,12
NMBR_TTCGGGAACTGCCAGCAACA,NMBR,2490,1136,1403
NMBR_CTCGTCGAAGAAGTAGCGCG,NMBR,1164,216,382
NMBR_AGAGCGGTTCCGTTCCCGAG,NMBR,925,201,312
NMBR_GAGAGCGGTTCCGTTCCCGA,NMBR,409,133,94
NMD3_AACGTCAGCGTCGTAGAAAC,NMD3,1550,351,330
NMD3_CATCGGTGTCACTTTCCACA,NMD3,1230,10,104
NME1_GGTACGCTCACAGTTGGCCA,NME1,558,123,38
NME1_CCGTCCATTCTTTGCCGGCC,NME1,1094,185,94
NME1_TTCACCAGGCCGGCAAAGAA,NME1,2151,697,869
NME1_ACACGAGCTGTGCTCAGAAC,NME1,1044,221,143
NME2_AGGGATCGTCTTTCAAGGCG,NME2,865,136,181
NME2_GGATCGTCTTTCAAGGCGAG,NME2,224,88,137
NME2_TGTCCTTGGAGGTCTGGGAG,NME2,865,206,299
NME2_TTCATCGCCATCAAGCCGGA,NME2,164,46,63
NME2_CACACTTTCGAGGTCTGGGA,NME2,225,161,160
NME2_ACACTTTCGAGGTCTGGGAG,NME2,1288,321,201
NME3_CACTGGCTGTATGAGTAGCC,NME3,552,360,164
NME3_GCTCATCGGAGCCACGAACC,NME3,588,160,171
NME3_TGACAAGGCGGCCGTAGAAC,NME3,1725,530,178
NME3_CAAGTTGGTGGCGCTGAAGC,NME3,540,236,255
NME3_AGATTGTGCGGCGCTTCGAG,NME3,620,101,160
NME3_TAGCGAAGATGGTCAGCACC,NME3,465,391,126
NME4_CCGAGCCTGCTAGTGCGCCA,NME4,422,608,316
NME4_CCAGCCGTCCTCCTCTGGAG,NME4,1176,290,145
NME4_CTGGTGGCGGTGAAGCCCGA,NME4,385,64,148
NME4_AGCCCGATGGCGTGCAACGG,NME4,1203,234,210
NME4_CTCATGTAGCGGATGAGGGC,NME4,488,58,36
NME4_AGAAGAGGTGGCGGTACGCG,NME4,1432,199,157
NME5_AGCAGCTTGTCCAATTGGAA,NME5,932,749,788
NME5_CCCAGAAGTTACCTGAACAA,NME5,1885,687,769
NME6_CCTCTGGGCTATAGCACACA,NME6,974,419,292
NME6_TGAACAGCGCTGGTATGAGG,NME6,1017,194,125
NME6_CTGACTTCAGTGAACAGCGC,NME6,574,209,130
NME6_CCATGAGCGTCCTCCAGAGC,NME6,1032,599,319
NME6_AGCCTACATCCTTGCCCACA,NME6,1077,206,316
NME6_AGAAAGTTGCCTTGGGCACC,NME6,261,116,248
NME7_TCACTGTACTGATCTGCCAG,NME7,876,56,215
NME7_TTCTGGCCCTTGTGTAGCAA,NME7,2491,1123,1311
NME7_TGTCTTTCTTCACAGTGAGG,NME7,478,76,248
NME7_TTCAAGTGGAGGTTGTGGGC,NME7,1002,302,181
NME7_CCAGATGCAATATCAAAGGC,NME7,304,265,180
NME7_TCAATATACAGCTCGCCAGC,NME7,313,171,412
NME8_CTATAGTCGAATAGCAGACC,NME8,1065,490,480
NME8_GGTTCGGTTTCTTCAGAGGG,NME8,119,87,108
NME8_TCATCATTCCAGGTGTAACC,NME8,706,413,398
NME8_ATGAATCGCTGCCATACAAC,NME8,521,189,333
NME8_CTGAAGATAGTTAAGGAGGC,NME8,1206,403,436
NME8_TGGTCATGATTCTGACCAAG,NME8,76,111,122
NME9_GACTGAGGGCTTCGAGGACG,NME9,638,187,143
NME9_CTACCAACACAAAGCTGGAG,NME9,1233,486,704
NME9_CGTATTCTAGGGAGGAGAAC,NME9,1296,421,357
NME9_GATGAGGATCGAGGTCGGCC,NME9,227,0,0
NME9_TGCAGTCATTAGGAAACAGC,NME9,748,289,264
NME9_GAGGAAATGCTCAGTTCCAA,NME9,334,52,28
NMI_ACTGTCTGTCATAGTCCACG,NMI,910,128,166
NMI_TCAAAGTCCCGAAATGGAGG,NMI,748,121,27
NMI_GCTTGAAACGGAGTTACAAG,NMI,546,220,171
NMNAT1_AGCTTGACCTTTGGCACAGC,NMNAT1,852,402,305
NMNAT1_CTCATATGTGTTACTCGGGC,NMNAT1,1372,337,473
NMNAT2_TGAAACGCTCCACCGGCGGG,NMNAT2,555,200,208
NMNAT2_CATTTACCAGAACAGCAACG,NMNAT2,1663,611,423
NMNAT2_CAGCGTGTTGGAACACCACC,NMNAT2,966,218,443
NMNAT2_GACGGTGCCGGCTTGACACG,NMNAT2,558,184,427
NMNAT2_TTTCCATAGGAGTCGTGGAC,NMNAT2,17,151,336
NMNAT2_CGCAGGCGAGCAAGATAACG,NMNAT2,2623,911,1321
NMNAT3_ATCAGGCGAGCCTTGGGCCA,NMNAT3,513,217,392
NMNAT3_GGATGTGCGCATCCTTCCAG,NMNAT3,575,65,77
NMNAT3_ATCACCGAGTGGCCATGGCC,NMNAT3,645,34,38
NMNAT3_TTCTCATCACCGAGTGGCCA,NMNAT3,533,383,390
NMNAT3_AGAGATCACCTACACCAAAC,NMNAT3,1855,770,903
NMNAT3_TGGCCACCTCAAACATGCGC,NMNAT3,1076,228,181
NMRAL1_GCTCACCAAGCACACCCGCA,NMRAL1,838,9,62
NMRAL1_GCGGGTGTGCTTGGTGAGCA,NMRAL1,19,6,4
NMRAL1_ATAGCAGGGCAGCCGCACAC,NMRAL1,1019,165,79
NMRAL1_CCGCGCACTTTGACGGCAAA,NMRAL1,1447,751,758
NMRAL1_TGACCAGGTCATCATGGAGC,NMRAL1,558,119,241
NMRAL1_GACCCGAAACCCTAGGAAGA,NMRAL1,854,46,171
NMRK1_TTAGATACATGGGCCACACA,NMRK1,924,599,1008
NMRK1_CTCTGTGGTATCAACAGACC,NMRK1,1030,596,422
NMRK1_TCTTGCGCTTTCCATCCAGC,NMRK1,180,90,251
NMRK2_GATCACGCAGCAGTTGGGCA,NMRK2,380,151,367
NMRK2_GACGGCTTCAAACAGTGGGA,NMRK2,168,146,0
NMRK2_GAAGTTTGCCCGTGCCCACG,NMRK2,995,154,100
NMRK2_GCGGCTGTACAAGTCCACCA,NMRK2,850,382,330
NMRK2_GGAGGCCAACGGTGTGGAAG,NMRK2,636,186,130
NMRK2_ACGCGGATGCGGCCACAGAA,NMRK2,1027,475,643
NMS_CCTTTAGCTGATCCTTCAGA,NMS,110,104,87
NMS_AGGTGCATTAGAGGATGCAC,NMS,388,9,16
NMS_TGGCTGCCAAGCTCGCCAAC,NMS,767,390,378
NMS_CTGCCAAGCTCGCCAACAGG,NMS,3008,766,733
NMS_TGCAGGATCACACTGCGACC,NMS,264,751,375
NMT1_AGGACAACAGCTACAACCGG,NMT1,367,340,85
NMT1_CGGGCTGCGTATCCCAGAAC,NMT1,2288,1169,1131
NMT1_GGCGAAGTGGTGAACACCCA,NMT1,545,376,229
NMT1_GATCCGAGAGATCACCAGGC,NMT1,144,309,91
NMT1_TGGTCATATTTCTGCTCAGG,NMT1,662,377,283
NMT1_GCCCGTCATGAGCCAGGAGG,NMT1,399,234,86
NMT2_TCGATGAGACTTACCACAAC,NMT2,3144,902,717
NMT2_AGACTTGAGTGATGCCGAAG,NMT2,1685,264,529
NMT2_GAGCTGCTATCCGCATGCCA,NMT2,663,356,262
NMT2_ATCTGGCAGCAGATTTCAGC,NMT2,1196,202,162
NMT2_TCACCATGGGCTCCGCGCCA,NMT2,806,553,531
NMT2_AGGACACGTGCGGGATAGAC,NMT2,1550,837,502
NMU_TTCAGCCACGGAATGGAAGA,NMU,881,329,385
NMU_TCCTCGACTTTGACTTGCAA,NMU,335,355,337
NMU_CCTCGACTTTGACTTGCAAA,NMU,507,91,114
NMUR1_AGCCTCAGCAGGATGACCAC,NMUR1,780,89,139
NMUR1_GGACATGAGGCTATAGAGCA,NMUR1,901,458,591
NMUR1_ACACGACGCTCCACATGACG,NMUR1,472,369,213
NMUR1_CATTGGGCTGCGACTGCGGC,NMUR1,911,120,70
NMUR1_CCACCAACGCCCAGCAGGAA,NMUR1,2410,505,790
NMUR1_TTGCAATGGCAGTGCGGCCA,NMUR1,2067,999,352
NMUR2_CTGTCAGGAAGATGTTCCGC,NMUR2,1334,109,396
NMUR2_AAGATGTTCCGCTGGGCAGG,NMUR2,942,272,294
NMUR2_TACCTGACACCACATGGACG,NMUR2,1676,189,607
NMUR2_GAGTCGGTCAATGTGGAACG,NMUR2,1005,512,240
NMUR2_CTCTGCAGTTTGGCGCGGAA,NMUR2,2036,319,434
NMUR2_CCAGGAGGTCAGAGACCGCC,NMUR2,449,215,46
NNAT_ACCTACCATTCTTGGAACCA,NNAT,1045,215,409
NNAT_GATGATGAGCAGTTCAGCCG,NNAT,23,79,28
NNAT_CTGAACTGCTCATCATCGGC,NNAT,688,190,407
NNAT_GCATACACGGTGTCGCGGAC,NNAT,2694,680,976
NNAT_CATACACGGTGTCGCGGACC,NNAT,742,53,111
NNMT_CAGAGCCGATGTCAATCAGC,NNMT,751,152,137
NNMT_TGTGTGATCTTGAAGGGAAC,NNMT,1117,202,270
NNMT_CTCGGCAGCCTACTGAAGCC,NNMT,1019,705,931
NNMT_TGAGCGCATCCATGATCACC,NNMT,551,114,119
NNMT_AAGTCCTTCGTTGTTGGCCA,NNMT,565,80,244
NNMT_TGCTCAGCTTCCTCGCCACC,NNMT,1103,399,610
NNT_TAAGGGTCTACGTGTGAAGA,NNT,799,325,244
NNT_TGTTCAGAACTTGGTCAAGC,NNT,1281,588,381
NNT_CAATTGTGACTCTTGGAACC,NNT,1002,60,245
NNT_GGCCTGAGTGGCCATTCGGC,NNT,373,177,7
NNT_ATCAGTGGTGAGTGGAGAGC,NNT,681,16,44
NNT_TGAATGCAGCAAGAGCAGCA,NNT,1742,201,272
NOA1_CTCACGTTGTACATAAGGGA,NOA1,677,211,293
NOA1_AGCGTCTGCCCTGTCCAAGG,NOA1,651,192,235
NOA1_TCCAAGGAGGTGATATGCAC,NOA1,1497,190,168
NOA1_CGGCTGATCAGCGCCAAGAC,NOA1,3690,617,632
NOA1_GAGCGGATCCACGAAGGAAA,NOA1,388,286,128
NOA1_AGCCTGAACGGTAGGCGAGC,NOA1,446,40,96
NOB1_TCAGCTGCGACTCTCCCAAA,NOB1,556,148,85
NOB1_AGCTACATCTTGCGCTGCCA,NOB1,528,0,1
NOB1_CACAGACTTCGCCATGCAGG,NOB1,865,1,127
NOBOX_ACCTGGAAAGGTATCCAGAG,NOBOX,694,338,478
NOBOX_CCAGCGCATCATGGTAAAGG,NOBOX,2665,463,764
NOBOX_TACTGAGGAGATTGGCCAGG,NOBOX,513,159,259
NOBOX_GAATCCCTGCCAGGGACCGC,NOBOX,93,135,51
NOBOX_GCTGCACCGGATGATGAAGA,NOBOX,565,213,174
NOBOX_CAAGGATGGCTTCAAAGCCC,NOBOX,1415,191,231
NOC2L_TCCTGCTCTTCAGGACGGCC,NOC2L,1,28,13
NOC2L_CATACCAGTCTGTGTACAAC,NOC2L,2956,24,19
NOC2L_CCACCACTACCTTGAGGACG,NOC2L,2256,135,47
NOC2L_CACCGTCGTCTCCGACAGAC,NOC2L,1436,149,108
NOC2L_CACCAGCACTGTCCGTGACC,NOC2L,1396,865,245
NOC2L_ATTCTCCACAAGCGGAGACA,NOC2L,183,18,32
NOC3L_CAGGCTCATCCAGTTCAGGA,NOC3L,780,20,90
NOC3L_CATGAAGAGCAAGGGTACAA,NOC3L,984,0,47
NOC3L_GAATATTGAAGAAGGCCCAG,NOC3L,285,0,10
NOC3L_GGCTGTTACTGTTCGAAAGC,NOC3L,764,934,642
NOC3L_TTCCGTTTCTTCGCATGAAC,NOC3L,1103,722,445
NOC3L_CTTTGGGTTCTCCAATGGAA,NOC3L,1715,194,171
NOC4L_CACGGCCAGGATGTCGAACA,NOC4L,1534,1,109
NOC4L_CCACCTTGACCTGAAAGGAG,NOC4L,1194,20,0
NOC4L_CCCACTTGGACTTCTCCAGG,NOC4L,1270,288,95
NOC4L_CCCGGAACTGGGACAGGAGC,NOC4L,765,76,94
NOC4L_AGCTTCTATGTGAAGCGGGC,NOC4L,1,13,13
NOC4L_GAGGAAGTCGATCATGAGCG,NOC4L,758,26,44
NOD1_GATGCGTTACAGAGCAACAC,NOD1,958,247,129
NOD1_CTTCCTAGTCTTGCGTCCAA,NOD1,845,232,220
NOD1_AGGAGGGAAGTATCTCGCCC,NOD1,328,111,8
NOD1_AGATCACCGATGTCGGAGCC,NOD1,689,439,403
NOD1_TGCCTCCTGGACCACACCAC,NOD1,787,100,331
NOD1_AAGCCGATCTCCAGCAGCCA,NOD1,1580,335,290
NOD2_GCTGAGGATCAAGCTGGGAC,NOD2,292,609,385
NOD2_CCAGAAGGCGCCTGGCCAAG,NOD2,2247,857,988
NOD2_TACACCTACCTTCCAAAGGC,NOD2,483,76,317
NOD2_GCACATCGTGGGCAGGAGCC,NOD2,1056,115,132
NOD2_AATAACTACATCACTGCCGC,NOD2,53,16,146
NOD2_GGCAACAGAGTGGGTGACGA,NOD2,837,278,252
NODAL_CGATCAGGTTGAAGTCCACC,NODAL,498,246,266
NODAL_TCGGAAGGTCAAGTTCCAGG,NODAL,762,46,40
NODAL_ATCCTCTTGTTGGCTCAGGA,NODAL,803,140,223
NODAL_TGATGTCTGCCCTCGGCAGC,NODAL,514,147,347
NODAL_CACTGCGCTCCTGCGTACGC,NODAL,554,444,276
NODAL_CACCAGGCGTGCAGAAGGAA,NODAL,3869,982,1090
NOG_GCACTATCTCCACATCCGCC,NOG,282,363,209
NOG_TTAGGCGCTGCTTCTTGCCC,NOG,545,384,123
NOG_CGTTCCACGCGTACAGCACG,NOG,1395,269,234
NOG_GCTGTACGCGTGGAACGACC,NOG,180,109,147
NOL10_TCAGGTGTCCGGCCGAACGA,NOL10,1526,83,36
NOL10_CTTCCTGACCTCTTCAACCC,NOL10,1846,197,24
NOL10_ACCCATGCATATATGCCCGG,NOL10,349,0,0
NOL10_TGCATATATGCCCGGAGGAA,NOL10,397,1,0
NOL10_AGTTGGAACAACCACAGGGC,NOL10,64,46,1
NOL10_ATGGCAGTTGGAACAACCAC,NOL10,137,0,0
NOL12_AGCGAGATGGTGACGACCGG,NOL12,432,171,113
NOL12_GATTAAGCAGCGGCTGAAAG,NOL12,2340,67,3
NOL12_TGTGTGGTTTCAGCGCCACC,NOL12,709,0,31
NOL12_CCGGTTGGTGACAGCAAAGA,NOL12,2467,240,294
NOL12_GACTCACCGCTGAGAGAGCA,NOL12,877,57,16
NOL12_CAGGCAAAGCACGGCACAGC,NOL12,2288,336,612
NOL3_ACAGGACAGAGCGTCTGGAG,NOL3,145,0,15
NOL3_CACTGCCTGATGCCGAGCGC,NOL3,765,66,148
NOL3_GCGTAGCAGCTCCTGGCAGG,NOL3,390,288,136
NOL3_AGCTATGACCCTCCATGCCC,NOL3,447,527,268
NOL3_GGCCTCTAAAGAGGCTGAAC,NOL3,158,76,27
NOL3_AGGTCCTATCCAGCATGGGC,NOL3,213,36,66
NOL4_CTTACCTCAAGTCCTGCAGG,NOL4,162,105,74
NOL4_CTGAGGACCTCTCACTAAAC,NOL4,2549,846,1296
NOL4_TGACCTCAAGATGGAACGAG,NOL4,605,213,307
NOL4_ATTCGATGCATGTGGAAACG,NOL4,1411,115,169
NOL4_CACCGTGGCATGATGCAGAA,NOL4,2318,1498,1292
NOL4_CAAATCGAAGGGCTTCCAGC,NOL4,588,162,236
NOL6_TGGTTGGCAGCAAGCGGCAC,NOL6,1024,0,0
NOL6_GGTGGTGAGCCAAGTGGGCC,NOL6,195,141,90
NOL6_CTAAACCCTGGACCTTACCC,NOL6,980,0,0
NOL6_GATTGATGCCTTCCTACGGG,NOL6,301,0,0
NOL6_ACAAGATCTCAGTCTCCCGA,NOL6,681,0,0
NOL6_GAGCAGCTTCGCGGAGCGAC,NOL6,0,0,6
NOL7_TCGCGGTCGGAGCTGCACCA,NOL7,1374,92,104
NOL7_GCGGAGGCGATGGTGGACGA,NOL7,780,89,234
NOL7_GCTGACTTTCGCCAGCGCCC,NOL7,173,33,62
NOL7_GGAGCTGTTCATCGAACAGA,NOL7,228,28,0
NOL7_CTTAGCATCAAGAAATCGCC,NOL7,365,44,7
NOL7_TCGCCAGGAAAGGTGAAAGA,NOL7,1212,59,17
NOL8_CACCGATGACAGATTCCGCA,NOL8,1965,137,9
NOL8_TTTCGATGGCCTCCCTAGGA,NOL8,1050,256,144
NOL8_GAAGAGCGGTCTGATTCAAG,NOL8,108,0,31
NOL8_AGGGAAGCCACAATCTCCGC,NOL8,410,0,40
NOL8_TACACTGTCGGCCTCTGCGG,NOL8,134,0,0
NOL9_ACGGTCCTTAGCTCTTCCGG,NOL9,177,0,12
NOL9_TATATGCTGTAAACGCCAGC,NOL9,250,51,47
NOL9_GGATCAGATCAATGAGAAGC,NOL9,638,0,10
NOL9_TAACTCTTCCAGGGCTGAAA,NOL9,1084,112,22
NOL9_CATGGATACTCAAGCAAGAG,NOL9,1354,1,1
NOL9_CACTTGGCTGCGGGTCCGCA,NOL9,238,111,58
NOLC1_CTGAGAGTTGGTTATCGCGC,NOLC1,1679,0,0
NOLC1_CCAAAGCTGCAAACCTGGAC,NOLC1,1136,147,372
NOLC1_TGAGGATTCCTCCAGTGACG,NOLC1,1624,150,59
NOLC1_GAAGCTCCTTCTAAGCCAGC,NOLC1,120,0,33
NOLC1_CCCATTCCGAAGGGTCAGGG,NOLC1,328,1,103
NOLC1_ACTTACCAGCGAGGTGCAGC,NOLC1,1339,82,94
NOM1_CGGTGAGCTTTCGCCCGGGA,NOM1,1208,46,159
NOM1_AAGCAGAGTCTTTGTGGAAG,NOM1,2157,210,453
NOM1_GCGAGTTTCAGGACCAGACC,NOM1,1575,95,119
NOM1_TGTCTTGAGTGCGGAGCAGA,NOM1,498,36,94
NOM1_CTAGGATCTTTGAACTGACC,NOM1,361,41,0
NOM1_GCTTGGACTTAAGGATCAGC,NOM1,148,26,37
NONO_CACTTACGTGGTTAGCAGGA,NONO,405,38,14
NONO_GGTGACTCTCTGTAGGCAGG,NONO,19,19,0
NONO_GAGATATACCGCATCAGGGA,NONO,414,80,44
NOP10_GGAGCAGAAATTTGACCCGA,NOP10,110,48,71
NOP10_CAGTATTACCTCAACGAGCA,NOP10,1949,32,53
NOP10_CCAGTATTACCTCAACGAGC,NOP10,1703,84,17
NOP14_AACCACCCGAGTCTCGCAGA,NOP14,1,5,11
NOP14_ATAAGCGGCAAGGAAAGAGC,NOP14,701,85,123
NOP14_AGAATTGGCAAAGGAAGAGC,NOP14,643,7,36
NOP14_CGGAGAAGCTAGACCAAGAC,NOP14,2778,946,788
NOP14_CACAAGAAGACTCAACAGGA,NOP14,584,75,233
NOP14_GATTGGAGTTGGCCTTCGCC,NOP14,72,0,0
NOP16_GCCCTTCTCCTCTTAGGCCA,NOP16,535,0,48
NOP16_CGCTACATGGTAGAGAACCA,NOP16,1343,55,117
NOP16_TAAATCGGTACGGCAGAACC,NOP16,372,0,8
NOP16_TCTGCCGTACCGATTTAGCG,NOP16,491,24,45
NOP16_GAACCGGAATGCTCGACGGA,NOP16,1127,0,40
NOP16_GGTGGTCAGCGCGATGCCCA,NOP16,111,44,0
NOP2_CAATCCAGTACCTCAGACAG,NOP2,1560,68,49
NOP2_CTGCTCGGAAGCAGAAGGCC,NOP2,1301,20,81
NOP2_AAGATGGTATGGTGAACCAC,NOP2,190,32,21
NOP2_TTGCCTGGAAAGCTACCAAA,NOP2,1162,0,9
NOP2_TGTCTAGTCGTGCTCGAAAG,NOP2,1021,29,10
NOP2_GCGCAAGTTGGACCCTACGA,NOP2,1684,54,42
NOP56_GATCAGTCTGCTGCAGCCGC,NOP56,188,0,0
NOP56_GGCCGACTTACCTTCAGACA,NOP56,1174,12,17
NOP56_TTAGGGTACAACTGCCAGAC,NOP56,519,0,0
NOP56_TTACCTGACACGCATAGAGA,NOP56,578,14,36
NOP56_CGGGTATCACTTTCCGGAGC,NOP56,1605,59,87
NOP56_AGATAAAGACACCACACGAC,NOP56,1553,55,62
NOP58_CGTTTCAAACAGCACCAACA,NOP58,1739,27,0
NOP58_AGCTGATGCTAAACTAGGAG,NOP58,1087,426,528
NOP58_CAATCTATATCGAGACAGGC,NOP58,286,43,88
NOP58_TATTCTGCATCTTTGCACCC,NOP58,342,0,0
NOP58_GACTGTAACATTGGGTGCAA,NOP58,168,40,61
NOP58_CAGAGCCCTCAAATCTAGAC,NOP58,1019,219,109
NOP9_TTGAAAGAGGCTCCCGAGAC,NOP9,1365,31,31
NOP9_GGATGGTCCCACGGAGACCC,NOP9,428,65,12
NOP9_GCTGGCTTACATTCCTGAGC,NOP9,408,297,256
NOP9_GCATCCAGTAAGCGCTGCAA,NOP9,1100,47,31
NOP9_TTGGAAGCTGTATTGGCCCA,NOP9,266,0,80
NOP9_GGTGTACTATGGACTGACGG,NOP9,56,43,36
NOS1_TCCCAGCTCATCCGCTACGC,NOS1,2190,362,495
NOS1_AGATGTAGTTGAACATCCCG,NOS1,346,71,153
NOS1_ACAGCGCGAGGCATTCCGCC,NOS1,724,87,292
NOS1_CTCTTGATCTTCCAGGAAAC,NOS1,2151,810,1243
NOS1_CGGTCGTTCTCCACGCCGAG,NOS1,874,105,162
NOS1_CCCTCAGAATGAGGACCACG,NOS1,833,531,635
NOS1AP_AAGGCGTCCTCGTTGTGCAA,NOS1AP,549,177,187
NOS1AP_ACTCACCCGTATCCGGCGCA,NOS1AP,1868,486,309
NOS1AP_TTCAGCTATATCGCTCGAGA,NOS1AP,1434,557,1082
NOS1AP_AGCTATGAGAATCGTTCGGA,NOS1AP,284,37,66
NOS1AP_GATGTCCTGGAATTCAGCCG,NOS1AP,474,49,58
NOS1AP_TTCCTCGAAGCCTCCAGGCC,NOS1AP,1048,269,192
NOS2_GAGTGAATTCCACGTTGGCA,NOS2,435,88,84
NOS2_CTTTGTTACCGCTTCCACCC,NOS2,1881,489,424
NOS2_AGGTAGAAGCTCATCTGGAG,NOS2,1147,157,232
NOS2_ACTTCACCATAAGGCCAAAG,NOS2,492,368,242
NOS2_TGACCTTTCCCGTCTCCACG,NOS2,1285,292,335
NOS2_AACTCACCTGGAGGTGGCAC,NOS2,321,234,47
NOS3_CATGGGCAACTTGAAGAGCG,NOS3,1211,289,463
NOS3_CTATGACACCCTCAGCGCCC,NOS3,1004,248,39
NOS3_TGCACTCCCTCGACCCAGGA,NOS3,1482,970,429
NOS3_TCAAGAGGTGGAAGCCGAGG,NOS3,765,174,324
NOS3_GCACTCACCGAAGGTTGCCC,NOS3,250,16,32
NOS3_AGCCAGCTGGTGCGCTACGC,NOS3,2256,200,601
NOSIP_GAAGCTGATTCGGAAGGACA,NOSIP,545,161,175
NOSIP_CGTCAGGTCCGACATGCGCA,NOSIP,2426,1156,1564
NOSIP_CTTACTTGGAGGACCCACAC,NOSIP,1365,147,401
NOSIP_AGGAGTCGGCTATCGTGAGC,NOSIP,381,310,116
NOSIP_CCAGAACATTCGACTGAGCC,NOSIP,275,654,604
NOSIP_ATGGCAAGAACTGCACCGCA,NOSIP,79,101,258
NOSTRIN_GCTTGGAGCTTTCTACAAGC,NOSTRIN,130,37,58
NOSTRIN_TGTAGGAGTTCGCTTCCAAA,NOSTRIN,990,369,333
NOSTRIN_AACTCCTCCACATAAGCGGC,NOSTRIN,411,194,58
NOTCH1_TTGAGGTGGCACAGCAGACC,NOTCH1,1416,331,300
NOTCH1_CAAATGCCTGCCAGAACGGC,NOTCH1,1,109,142
NOTCH1_GGAAACAACTGCAAGAACGG,NOTCH1,850,147,203
NOTCH1_AAGCCCGGGCTTTGCCGCCA,NOTCH1,648,266,369
NOTCH1_TGTCCCGGCGTTCTTGCAGG,NOTCH1,692,152,399
NOTCH1_GGGAAGTGTGAAGCGGCCAA,NOTCH1,384,180,65
NOTCH2_AAGTGTATCGATCACCCGAA,NOTCH2,901,194,261
NOTCH2_GGCACTTACCAGGAGGACAC,NOTCH2,271,11,43
NOTCH2_TTGATGTCCATCTCACAACG,NOTCH2,478,345,251
NOTCH2_CCCTTTGTAGCCTTGTGGGC,NOTCH2,381,207,225
NOTCH2_GCCTGGAGTACAGGAGGCGA,NOTCH2,0,215,96
NOTCH2_CCTAACCACAGGTGTCAGAA,NOTCH2,1442,392,506
NOTCH3_CAGCCCAACGCCTGCCACAA,NOTCH3,684,401,504
NOTCH3_CAGTGCCCTCCTGAGTGGAC,NOTCH3,2232,1645,712
NOTCH3_CGACGTGGATGAGTGCCGGG,NOTCH3,982,209,222
NOTCH3_CTCTCACCTCGGAAGCCACG,NOTCH3,2069,696,732
NOTCH3_CACGGGCTTCCGTCCAGGCA,NOTCH3,1552,901,1244
NOTCH3_CCCTGCTGCTGCTGCTAGCG,NOTCH3,1155,672,485
NOTCH4_CAGGAACCGCCATGTTCACA,NOTCH4,1023,203,238
NOTCH4_ACATGTCTTCCAAGTGGCAC,NOTCH4,414,55,58
NOTCH4_GCCCACCCGGTCAATGCAGG,NOTCH4,1,11,0
NOTCH4_GCCCAGGGTGTTATGGCAGG,NOTCH4,1193,429,265
NOTCH4_GAGGCAAGTGCACAAGAAGC,NOTCH4,181,49,138
NOTCH4_AGGTCCCTTGTCCCAGAGAC,NOTCH4,873,39,87
NOTO_CTGCTTCCCTGTGCGCCACC,NOTO,1160,537,97
NOTO_AAACCTACGCTCAGGTAGGC,NOTO,756,122,119
NOTO_CTGTGACGCCGAAGCCCAGC,NOTO,249,171,311
NOTO_GACTCTGGGCCTTCCCAGAC,NOTO,213,185,579
NOTO_ATCACTCTGGATACTGGCGA,NOTO,521,251,47
NOTO_TGATGATGCCGAGTCAGGAG,NOTO,1533,329,383
NOTUM_GCACCTGATGCCACGGCGGA,NOTUM,849,220,104
NOTUM_CGCCCTCATCATCCAGGAGG,NOTUM,1131,261,57
NOTUM_GCTCCAGTGATGTTTGGAGC,NOTUM,374,92,100
NOTUM_TCTCCTCCGGCTGTGAGGAC,NOTUM,1438,307,416
NOTUM_GGAGCTCATGAGGCGCCGCA,NOTUM,281,44,118
NOTUM_TTGAGCTGCTGCGCGGAGCA,NOTUM,155,132,159
NOV_AGGCCACTGCTCTCGTCGCA,NOV,426,239,220
NOV_AACCAGACTGGCATCTGCAC,NOV,815,81,297
NOV_GATCTGTGGCCCAGATGAGG,NOV,322,70,123
NOV_AGAGACTTCTACTCCTAGGG,NOV,864,132,81
NOV_TGAGGCCTTCCTCCAGGAGC,NOV,1180,348,107
NOVA1_GGTGCAATACTTGGCAAAGG,NOVA1,912,271,117
NOVA1_TACCTGATTAGCTCTGGAGG,NOVA1,371,259,106
NOVA1_GATGCGATCTGGATTAACGG,NOVA1,1112,196,258
NOVA1_TCACTCTGCAGATGGCACAG,NOVA1,1392,358,664
NOVA1_GGATCTATAATTGGGAAGGG,NOVA1,308,120,170
NOVA1_AAGAGGACCAATACGGGCGG,NOVA1,1046,240,198
NOVA2_CAACATCAGCTACGCCAACG,NOVA2,2805,844,1323
NOVA2_AGCGATGACCAAGCCTGAGG,NOVA2,561,302,156
NOVA2_GCGGGCTCCATCATTGGCAA,NOVA2,257,108,73
NOVA2_GGCGGGCTCCATCATTGGCA,NOVA2,417,171,157
NOVA2_ACCAAGCGCAGCAACACGGG,NOVA2,32,130,144
NOVA2_CTGCACCAAGCGCAGCAACA,NOVA2,1882,858,842
NOX1_CCTGTTCCAGGGAAGTCAAC,NOX1,375,177,441
NOX1_CCATTCATATCCGAGCAGCA,NOX1,2320,475,793
NOX1_TGCCGTGAATCCCTAAGCCA,NOX1,1473,351,880
NOX1_TCCCATCCAGTCCCGAAACA,NOX1,2381,1360,1055
NOX1_CAACCTCACCTTCCACAAGC,NOX1,1881,313,633
NOX1_TCAGGAAGGCATCCACAAAC,NOX1,2639,1299,1115
NOX3_ACTCTCTTCAGGCTTGGAAA,NOX3,2433,966,984
NOX3_AGCCAGAGAGATCACCAGAC,NOX3,2139,507,646
NOX3_CGTGGCGCATTTCTTCAACC,NOX3,1944,461,565
NOX3_TACATGTGGACAGTCAACAC,NOX3,1046,146,464
NOX3_CACGTTCTACTGGTATGAAG,NOX3,1302,384,347
NOX4_TATAGTTCCTGGCCTGACAG,NOX4,234,148,189
NOX4_TTACCTCCGAGGATCACAGA,NOX4,821,228,234
NOX4_AGCCAAGAGTGTTCGGCACA,NOX4,960,269,344
NOX4_GAGCTGGCTCGCCAACGAAG,NOX4,223,198,190
NOX4_GGAGCTGGCTCGCCAACGAA,NOX4,50,223,157
NOX4_AGGAGCTGGCTCGCCAACGA,NOX4,711,288,104
NOX5_AGCAGCTCTGCATGTGAAAG,NOX5,440,417,361
NOX5_TACCATCGATGTCATACACC,NOX5,86,137,198
NOX5_CTTCTCGTCAGGCAGCGAGA,NOX5,1058,296,355
NOX5_CCAGCCCGAAGAGCAGCACG,NOX5,1301,755,1178
NOX5_CTACCACGTAGCCCATAAGC,NOX5,1373,261,396
NOX5_AGTTCCTGCATCCGCAGGAG,NOX5,273,73,42
NOXA1_CGAGAAGAGGTGCAAGGCGC,NOXA1,1086,52,220
NOXA1_ATTTGACCAAGCCGTGACCA,NOXA1,928,287,339
NOXA1_GCGTGTAGTCGATGGCAGCG,NOXA1,3192,1486,4314
NOXA1_CCATGTCCAAGTGGCCGGAG,NOXA1,2210,246,262
NOXA1_ACCTCTGTCTCTGCATCGAG,NOXA1,806,99,141
NOXA1_TGAGTTGCCCAAGCTGGGCC,NOXA1,367,210,29
NOXO1_ACGAAGACCGGCAGACCGCC,NOXO1,268,223,49
NOXO1_TCCTGGGCCTGCGCCTGAAA,NOXO1,1518,533,719
NOXO1_TGCACCACTGTTGGGACGCG,NOXO1,1399,294,104
NOXO1_CCTCAAGGAGACCTTCCCGG,NOXO1,279,87,95
NOXO1_CGTTTGCCTTCTCTGTGCGC,NOXO1,797,54,97
NOXO1_GGAGCCTCTTGATCTGCACC,NOXO1,8,26,88
NOXRED1_CACAGCAGTCAGATCAAACC,NOXRED1,2831,688,381
NOXRED1_GAAGCTGCAGCACTTGGGAG,NOXRED1,700,207,293
NOXRED1_ACCAGCAGGACTGTAGGGAC,NOXRED1,1144,56,140
NOXRED1_CAGATATTAGGCAGCTGAGA,NOXRED1,1134,332,79
NOXRED1_AAGGTGGGCATCATTGGAGG,NOXRED1,853,267,313
NOXRED1_CACTCCTGAAGAGTTTAAGG,NOXRED1,1147,323,527
NPAP1_GGCGGAACAGGCCGCGGAAA,NPAP1,661,359,378
NPAP1_AAGCCTAGGGAGCTGGGCGG,NPAP1,100,14,0
NPAP1_AATCGGCAAGCCTAGGGAGC,NPAP1,847,221,124
NPAP1_CTTCAAGCCTCCCGTCACAA,NPAP1,2659,850,1089
NPAP1_CCCATAATCACTTGTGGGCC,NPAP1,601,422,266
NPAP1_GGAGAACTCAACATTGGACA,NPAP1,991,301,261
NPAS1_TTTGCTCACCACGGTCCGGA,NPAS1,683,176,133
NPAS1_GAGCACTCACCGAGGCCAGC,NPAS1,398,121,113
NPAS1_CGAAGTCTTCGAGCAGCACC,NPAS1,1841,256,143
NPAS1_CTTTGTGTTCGCCTTGAACC,NPAS1,1735,184,178
NPAS1_CTCAGAGGTGCTGGAGCAAC,NPAS1,1167,170,272
NPAS1_GGATTTCATGCGGACAAAGA,NPAS1,463,248,224
NPAS2_AAGGTGCGTCCCTCCTCGGC,NPAS2,467,321,345
NPAS2_CCATGCTCCCTGGCAACACG,NPAS2,2320,592,664
NPAS2_TCAAGCTGCCTCTGAGAAGA,NPAS2,217,163,57
NPAS2_TGGTGTTGCCAGACGAACGG,NPAS2,552,306,179
NPAS2_CAGTGATGCAGTTTGGCAAA,NPAS2,824,975,904
NPAS2_GAGGAGTGGAGGGCCTCGGA,NPAS2,0,11,0
NPAS3_AAAGTGTTACCGTTCTCGCC,NPAS3,270,31,18
NPAS3_GAGATGCTGCTCGCTCCCGC,NPAS3,154,209,116
NPAS3_AAGTTATAGGTGCACAGCGA,NPAS3,938,360,283
NPAS3_GCTGGTGGGAAGCAAACCAC,NPAS3,265,143,58
NPAS3_CTGAGAGTGTCGCTGTCCCA,NPAS3,643,225,85
NPAS3_CTTCCCTACGATATCTACAG,NPAS3,1894,542,532
NPAS4_TGGAGGCGCCCTTGGTGGAG,NPAS4,2472,230,315
NPAS4_GCTCGCTCACACTCTCAGAC,NPAS4,1312,254,437
NPAS4_CGCACAGTGAGGTGGTCAGC,NPAS4,596,223,396
NPAS4_CTCTACTGGACATCTCCGAG,NPAS4,2286,550,621
NPAS4_GGTAGTGTTGAGCAGAAGCG,NPAS4,768,213,238
NPAS4_ATATCTCCACTCTCAGCCAC,NPAS4,280,69,119
NPAT_CCTTGGAGTACAGGCTGGAC,NPAT,423,42,166
NPAT_CCTCCATCCTTGGAAACACA,NPAT,1448,168,180
NPAT_TGTCTCCCGGTAGACGCAAA,NPAT,894,49,101
NPAT_ACACAGGTTACTCGACCAAG,NPAT,1402,77,193
NPAT_TAACTCACCAGTAAGCAGGC,NPAT,497,42,80
NPAT_ACAAGCCGGGCTACGTCCGA,NPAT,99,0,0
NPB_GGCTTGTACCACGCGAGGCC,NPB,466,217,262
NPB_CCTCGCGTGGTACAAGCCAG,NPB,203,115,144
NPB_CGTGGTACAAGCCAGCGGCG,NPB,1263,416,235
NPB_CCTTGCACTGGTAGGTCCCG,NPB,1421,142,427
NPBWR1_GCTAGTCTTTCCGCAGCCCG,NPBWR1,359,108,119
NPBWR1_CCAGCACGAGCGTGTAGAGG,NPBWR1,1320,476,561
NPBWR1_GGTGGTATAGAGGACACAGA,NPBWR1,281,7,90
NPBWR1_CCTGGAGCGCGCCAAGAAGC,NPBWR1,473,445,355
NPBWR1_CCAGCTGATAACTTGCCGCG,NPBWR1,1847,330,295
NPBWR2_CAGCACGACGAGGACCAGGA,NPBWR2,1598,441,405
NPBWR2_AAGAGAAGAAGGGCAGAACC,NPBWR2,22,154,181
NPBWR2_CTTCCTAGCCGTGATGAGCG,NPBWR2,571,90,328
NPBWR2_ACAGATCCCGGAGTACACGG,NPBWR2,601,175,182
NPBWR2_CAGATCCCGGAGTACACGGC,NPBWR2,1735,331,341
NPBWR2_GAACGGCAGTGGCTCGGAGA,NPBWR2,87,45,53
NPC1_CCACCAAACGTACCCAGACA,NPC1,3221,2005,2304
NPC1_CGTGTTATACGGTGAAAGAG,NPC1,1740,652,1098
NPC1_AAGGGTACATCAGCTCCCGA,NPC1,286,0,12
NPC1_AGGATCGTCCAGGGAGCAGG,NPC1,486,198,1
NPC1_CTTCCCACACAGGAGTCCCA,NPC1,600,286,128
NPC1L1_CATTGGGCGAGCCCTAGGCA,NPC1L1,844,151,65
NPC1L1_CTCCCTGGTCATCCTGCAAG,NPC1L1,2475,471,536
NPC1L1_CACCATCACTCGGCTCCAGC,NPC1L1,1207,177,144
NPC1L1_GCGAGCCTTCCAGCGTCGGA,NPC1L1,137,34,33
NPC1L1_AGAAGGCGCAGTAGCCAGGC,NPC1L1,306,156,246
NPC1L1_ACTCACCAAGCGCAGGAGCA,NPC1L1,683,386,278
NPC2_CAATGCTAGCCACAGAGCAC,NPC2,1046,265,325
NPC2_AAGACTGTCCTTTGCTCAGC,NPC2,1,189,83
NPC2_CAACCCTGCCAGCTGAGCAA,NPC2,381,100,182
NPC2_CCGCAGTCCTTGAACTGCAC,NPC2,1932,156,413
NPDC1_GACACCCACATTCGCAGACC,NPDC1,193,80,76
NPDC1_CAGGCATAAAGAGCCACCCA,NPDC1,1058,34,54
NPDC1_GGCCGACTACGCCACTGCGA,NPDC1,808,218,137
NPDC1_TACGGAGAGGGCGGCTGCAC,NPDC1,246,257,227
NPDC1_CACCCTGGGCTTCTCGGCAC,NPDC1,1883,205,723
NPDC1_GGCTCTATCAGGCCTGGAAG,NPDC1,764,183,121
NPEPL1_CTACATGGAGGTAACAGAGG,NPEPL1,1694,193,167
NPEPL1_CGGCAGGAAGATGGCGAACG,NPEPL1,6282,1183,1353
NPEPL1_CGTGATGAAGTGGGCGGCCG,NPEPL1,1511,811,853
NPEPL1_GGAGGTGTCCACATTGCAGG,NPEPL1,290,38,111
NPEPL1_GACGCCACAAACCTCGAGGA,NPEPL1,427,226,299
NPEPL1_GACGATGCCTTTGCCCACCC,NPEPL1,26,358,67
NPEPPS_TTGTGATAGGGACCATCCAC,NPEPPS,454,47,181
NPEPPS_AATCCAAGTCGATCCACAGG,NPEPPS,802,329,122
NPEPPS_TTCCTATCCCAGGCTCGAGC,NPEPPS,846,204,102
NPEPPS_TTAGGAAGAGGTACGTCCAC,NPEPPS,540,113,38
NPEPPS_GGTGACTCTCGAAGAAAGCC,NPEPPS,31,9,0
NPFF_AAGGTTTGGCAGAAATACCC,NPFF,365,93,59
NPFF_AGGAAGGCTTGGCTCCGGCC,NPFF,705,59,76
NPFF_ACACACTCACCGCGGAGAGC,NPFF,1179,148,109
NPFF_GCTGCTGCTGTTAATAGACG,NPFF,508,93,202
NPFF_TGGCAGCATGGATTCTAGGC,NPFF,1018,163,174
NPFFR1_GGAAGGCGTAGACGGTGACC,NPFFR1,45,1,22
NPFFR1_GCACATCTACCTGGCGCCGC,NPFFR1,8,282,142
NPFFR1_CTCTCACCTTTCCACAGCAA,NPFFR1,2847,671,607
NPFFR1_CTGCATGGTGGGCAACACCC,NPFFR1,2079,174,270
NPFFR1_CGCATAGGCCACAATGAACA,NPFFR1,2731,1273,1369
NPFFR1_ACAATGAACATGGCCGCCAC,NPFFR1,566,119,124
NPFFR2_ATCTGCACCGGACAAGGAGG,NPFFR2,771,379,39
NPFFR2_GACGTCGGCTGGGATTGAGC,NPFFR2,512,90,116
NPFFR2_AAGTAGCTGGAGCCGGAGCA,NPFFR2,403,1792,328
NPFFR2_AGATTGCTGCCACTTGAGGC,NPFFR2,724,353,464
NPFFR2_CCGGCACCAGTAGACTGGAC,NPFFR2,2169,1016,1048
NPFFR2_TCTTCCCGGCACCAGTAGAC,NPFFR2,1320,247,113
NPHP1_TCCTAGTCAACTGGTGAAAG,NPHP1,1848,711,922
NPHP1_TGTATGCTCATTCCTGGAAG,NPHP1,1775,295,468
NPHP1_CTCCAGAAGCTGTGAGAGCG,NPHP1,273,165,280
NPHP1_CTTTCTGAACAGCACTCCAG,NPHP1,1646,571,167
NPHP1_CTCTGCTTATTGTCACAGCA,NPHP1,1946,868,709
NPHP1_CTCCTGATTGCGGCGCCGCA,NPHP1,735,223,88
NPHP3_TGCTCGGACCCTCAATGAAC,NPHP3,1355,1037,738
NPHP3_TTGCTAGTTGGTGGAGGGAC,NPHP3,695,535,350
NPHP3_GGTCCTCCAGACACGAGAAG,NPHP3,213,126,105
NPHP3_CACTCAGGAGATCCTGCAGA,NPHP3,1266,328,180
NPHP3_CTCTGAAGGACTGCTGAAGC,NPHP3,1977,675,976
NPHP3_CGAGTACGAGCGGCTCAGGA,NPHP3,1136,422,199
NPHP4_GCCTCCAGAAGCCCATCACG,NPHP4,489,190,159
NPHP4_TTACCGGATTCTCCATGAGC,NPHP4,696,136,175
NPHP4_GCCATGGTACAGCCGCAACC,NPHP4,1405,299,595
NPHP4_TATCGTGGCTGTGGTGGAAG,NPHP4,1093,450,638
NPHP4_CAGGATCGTCTTTAATGAGG,NPHP4,144,208,229
NPHP4_CCTCAAGTGGCTGGACGGAC,NPHP4,1003,355,650
NPHS1_CCAACCTGACATTCCTGGCG,NPHS1,328,282,356
NPHS1_TGCTACGATGGTGGCTGGGC,NPHS1,1,81,177
NPHS1_GGCCTGGCCACTCGATGACA,NPHS1,988,396,875
NPHS1_TGAGGCGTCTAGCCCAGCAC,NPHS1,1204,43,220
NPHS1_ATCTCTGCAAACGTGAACGA,NPHS1,795,189,266
NPHS1_GCGGTGCAATGGGCCAAAGA,NPHS1,107,44,40
NPHS2_TGCTTCTGAGTCCCTGAGGA,NPHS2,1140,307,593
NPHS2_AAGACTGCTTAGGAGAAGAG,NPHS2,725,127,217
NPHS2_TCTCCAGAGTTTGGAGACGA,NPHS2,279,114,18
NPHS2_CACCTTTACGCAGAACCAGA,NPHS2,195,116,147
NPHS2_TGGCGCTGTTGGAGAGCGAG,NPHS2,644,387,131
NPHS2_AGGCGGCAGGACTCCGCACA,NPHS2,1550,560,337
NPL_ATCACGCCAATGACTGAGAA,NPL,894,273,283
NPL_GAGCGTCTCAGAGCGTCGCC,NPL,350,29,68
NPL_GGTAAGAAGCAGTTTCCCAG,NPL,249,69,106
NPL_TCTACTTTGGGTTGTGCGGA,NPL,182,49,66
NPL_GAATTTCAGCCCTTGGAAGG,NPL,1299,68,104
NPL_GCTTTCTGCAGTGGAAGCCG,NPL,168,11,4
NPLOC4_GATGCCTCAGTACCTTCCGC,NPLOC4,1,0,0
NPLOC4_CACTTCAGCCCTGATGCCAA,NPLOC4,292,8,43
NPLOC4_CGCCATCACGCTGAACAGAC,NPLOC4,2577,894,1322
NPLOC4_TCAGCTTCCGGATGTAGGCG,NPLOC4,1397,0,0
NPLOC4_GCGCCAAAGACTTTGAAGCC,NPLOC4,522,140,55
NPLOC4_ACTCACGATGCTCTCGGCCA,NPLOC4,674,28,35
NPM2_TCTCAGTAGCGCCAGTAGCA,NPM2,2211,715,589
NPM2_CGCCAGTAGCACGGAGGAAA,NPM2,3319,798,916
NPM2_CAAAGAGGAGATGCATCGCG,NPM2,2358,288,411
NPM2_TCCTGGCCACTGAGGAACAC,NPM2,1194,566,667
NPM2_CAGAAGCATCAGACCTAACC,NPM2,758,241,415
NPM2_GCAGGCGAGCGTGGCTAAGG,NPM2,1431,166,327
NPM3_TGTTTCTGAGGAGGAGAGCG,NPM3,828,207,278
NPM3_GCCGCCCAGTGATCCGCACA,NPM3,1216,287,93
NPM3_GACAGCTTGAGGTTGGCCAC,NPM3,256,56,28
NPM3_CTACCTTAAAGGTGAAGGAG,NPM3,1172,225,177
NPM3_TACCTTAAAGGTGAAGGAGC,NPM3,355,16,73
NPM3_TAAGGCAGCTGCAGTACCGG,NPM3,694,363,80
NPNT_GGATATATGCTCATGCCGGA,NPNT,80,84,158
NPNT_GCCATACTGACAGTTTGCCA,NPNT,69,81,70
NPNT_ACATTGCCTAAATCTAGGGC,NPNT,189,174,93
NPNT_TGTTCTGAGCTCTGTTGGCA,NPNT,876,425,418
NPNT_AAGTCATTTGAAGGTTGCCG,NPNT,226,190,191
NPNT_ACTGTCAGATATTGTCCACC,NPNT,463,239,78
NPPA_TGGATCTCCGCAGGCTCCGA,NPPA,355,47,44
NPPA_GGATCTCCGCAGGCTCCGAG,NPPA,106,32,159
NPPA_GAGATGGAGGTGCCCTCGGG,NPPA,101,159,130
NPPA_AGTGAGCCGAATGAAGAAGC,NPPA,586,101,146
NPPA_CTCTGGTCTGACCTAGGAGC,NPPA,562,159,91
NPPB_GACCGGATCAGCTCCTCCAG,NPPB,1206,334,413
NPPB_AGGTGTCTGGAAGTCCCGGG,NPPB,256,61,59
NPPB_TCCAGACACCTGTGGGACGG,NPPB,465,4,23
NPPB_CAAACTGTCGGAGCTGCAGG,NPPB,828,81,69
NPPB_TTCCAAGTCCGAGGCTGAAC,NPPB,1846,360,438
NPPB_TCCAAGTCCGAGGCTGAACC,NPPB,1513,841,457
NPPC_GGGCTGCTTCGGCCTCAAGC,NPPC,294,362,159
NPPC_GCGACTTGGTGTCCACGCGC,NPPC,2088,687,705
NPPC_GCGCCAATCTCAAGGGCGAC,NPPC,173,155,145
NPPC_AAGGGCGACAAGGCTCCCGG,NPPC,367,0,14
NPPC_CTTGGCTTCGGAGGGCCGGA,NPPC,856,76,112
NPR1_GGGCAACCTGACGGTAGCCG,NPR1,138,35,0
NPR1_AGGTACTCACCTGAAAGGCC,NPR1,735,213,109
NPR1_TCACTGCCTGGATATAGAGC,NPR1,821,204,218
NPR1_TGGGATATGGATCCCGAGAA,NPR1,642,233,540
NPR1_TGCAGATCACCTTTCCACCC,NPR1,514,155,198
NPR1_GGTGCAGGCTCCCACAAACC,NPR1,1008,389,382
NPR2_CGCAACCGGGACCTAACAGC,NPR2,2816,493,762
NPR2_GGGCCGCAGATATACACAAC,NPR2,1702,152,342
NPR2_ATCGTCTGCTGATAAGAGCC,NPR2,583,139,37
NPR2_TGTCTTAGGTGTAACTGGGC,NPR2,930,130,126
NPR2_GCCTATTCCCTGGGTGAAGG,NPR2,1307,252,94
NPR2_GCAATTGTGGCTCTGGGCAC,NPR2,994,135,428
NPR3_CCCGCGTCGGTGCTTCAGGA,NPR3,2238,907,1118
NPR3_TCCCTCCTGAAGCACCGACG,NPR3,699,106,123
NPR3_GCTGCTGCATACTCGCACAC,NPR3,1900,597,688
NPR3_ACTGCTACTTCACCCTCGAG,NPR3,563,31,328
NPR3_ATGCTGGTGGCGCACAGGCA,NPR3,709,456,335
NPR3_TGCCATGACTGATGTGGAGG,NPR3,693,277,405
NPRL2_TGTATACTGCCCAACGCCCA,NPRL2,348,197,189
NPRL2_GGAACCCATCAATGTAGGGC,NPRL2,1772,202,180
NPRL2_TCATACTCCTGGGCCACCGG,NPRL2,1238,346,844
NPRL2_ATTTAGCTCCTCCAGCAAGA,NPRL2,735,721,682
NPRL2_TTCTTGTGTTCGATGCACAC,NPRL2,482,458,224
NPRL2_GGTGATCTTGGGTCCCAGCG,NPRL2,191,158,120
NPRL3_TGATCACCCGCACTAGGGCA,NPRL3,2450,310,481
NPRL3_GAACTACGCCCGACGTGCAC,NPRL3,1021,99,108
NPRL3_CATCCTGCCCAAGTGCAAGC,NPRL3,938,131,336
NPRL3_GCGCTCCTCGTGCTGCAGCA,NPRL3,1736,677,532
NPRL3_AGATACGCTGCCAGCAACAC,NPRL3,1328,456,880
NPRL3_ACTTACTTGTCTGGGACGCC,NPRL3,788,81,102
NPS_GCTGCCCAACCAGATTGGAC,NPS,2067,131,47
NPSR1_TACTGAAGTGGTGGAAGGAA,NPSR1,1166,263,451
NPSR1_CACAACGGAGTTTCCAACAA,NPSR1,2483,646,770
NPSR1_ACCTGACCTGGTTTGCCGAG,NPSR1,848,347,472
NPSR1_CCCATGAAGTTCCTTCAAGG,NPSR1,1630,378,214
NPSR1_GGGAAGAGGACACTGTCCAA,NPSR1,334,112,29
NPSR1_TGAAGACACAGTAGATGAGG,NPSR1,851,93,502
NPTN_TATGAGAGTGAAGTTACCGG,NPTN,1062,164,133
NPTN_GACAACAGAGGCGGAGCCAA,NPTN,1,70,47
NPTN_TATGGCGCAAGAAGGAGAAC,NPTN,1481,167,199
NPTN_TCGTAAGAATGCCAGCAACA,NPTN,3361,1318,1225
NPTN_TGAGTGTGCTGAGAATAACC,NPTN,1243,196,333
NPTN_TTACCGTTCTGAGCGGCGCC,NPTN,285,161,230
NPTX1_TGCTCAGTTGATCTGGCGAC,NPTX1,521,200,275
NPTX1_GGCCTACCAGGATGGCACGC,NPTX1,1065,37,174
NPTX1_GCCGGGCACAGCGTAGGAGA,NPTX1,1119,145,420
NPTX1_CGGGTGAACACCCTGGAGGA,NPTX1,463,103,258
NPTX1_CGGCTCGGGCAAGAACACCA,NPTX1,1886,241,376
NPTX1_CTTGGCGGTCAGCTCGCGGA,NPTX1,420,66,61
NPTX2_CGTCTCCTTCTGCTGCACGA,NPTX2,3285,466,1050
NPTX2_CTACCTCGAGGCTCTCCAGG,NPTX2,447,3,41
NPTX2_CCTGAACGCGCTGCTGCAGA,NPTX2,454,29,121
NPTX2_CTCCTATGCGGTGCCAGGGC,NPTX2,950,182,186
NPTX2_TTGCCGTCACTGACAAACAG,NPTX2,1445,725,481
NPTX2_TCGACGTTATTGTCCACCCA,NPTX2,1868,394,477
NPVF_GGTTAGGAACACGTCTCACG,NPVF,519,80,154
NPVF_TCTCAATGGCAAGTTGGCGA,NPVF,536,302,184
NPW_AGGGACTCCGGTTCCAGCGC,NPW,636,46,125
NPW_GGACTTCAGCGGAGCTGGCC,NPW,346,119,188
NPW_GAGAGACGTCTCCCGCCCAG,NPW,563,65,67
NPW_ACGCTGTCAGAACGGTCCGG,NPW,876,38,96
NPY_CACGAGCAGGGACAGGGCGA,NPY,511,24,75
NPY_ACACGAGCAGGGACAGGGCG,NPY,1675,860,679
NPY_CCCTCCAAGCCGGACAACCC,NPY,3149,481,279
NPY_CCGGGTTGTCCGGCTTGGAG,NPY,241,340,124
NPY_TATCTGGCCATGTCCTCCGC,NPY,285,43,238
NPY1R_CATAATCATCATCCCGAGAC,NPY1R,741,729,862
NPY1R_GACAACCTATGAGAGTCCGA,NPY1R,352,0,0
NPY1R_TCGCCTCACCAAAGACCCAG,NPY1R,750,143,137
NPY1R_TCTTGGTGTCTCTGGAAACC,NPY1R,539,371,503
NPY2R_GGCACCAGGTGGCACAGGAC,NPY2R,789,361,641
NPY2R_CATAGGGCACCAGGTGGCAC,NPY2R,1156,448,799
NPY2R_TAGATGCTCTTCTCCTCGCC,NPY2R,105,51,62
NPY2R_TGGTGGTGTTTGCGGTCAGC,NPY2R,706,196,219
NPY2R_CAACGGCAAGCTGGAAGGCA,NPY2R,987,224,296
NPY4R_AGACCGTCACCGACATGCAC,NPY4R,2144,300,339
NPY4R_TCGTCCTCGTGGCCCTGGAG,NPY4R,698,121,203
NPY4R_GATGCCTCTCCAGGGCCACG,NPY4R,0,0,9
NPY4R_GGCACCTACAGCTTGCGAGC,NPY4R,287,108,142
NPY4R_TGTTCAACAGCCTGGAAGAC,NPY4R,851,439,370
NPY5R_TGGGAAATCAGAATTCCGAG,NPY5R,666,70,93
NQO1_TGTTGCAAGCTATCACGGCA,NQO1,538,488,112
NQO1_CCAAGTGATGGCCCACAGAA,NQO1,2254,903,990
NQO1_CTCTCTGCAAGGGATCCACG,NQO1,1240,311,134
NQO1_TACGCTGCCATGTATGACAA,NQO1,1716,446,380
NQO1_TAAGCCAGAACAGACTCGGC,NQO1,479,1,41
NQO1_TCGTACTGGCTCACTCAGAG,NQO1,834,451,480
NQO2_ACTCATTGTCTATGCACACC,NQO2,420,377,274
NQO2_CCCACGAAGCCTACAAGCAA,NQO2,2987,1240,953
NQO2_GCCGAGATGTACACGAAGAC,NQO2,1212,346,460
NQO2_TGGTGGCTGCGTGGTCCCAG,NQO2,1711,123,168
NQO2_GATGGGCTCTTCCTTCCAGA,NQO2,83,65,44
NR0B1_ACACCAGGATGACGCACCAA,NR0B1,1012,155,261
NR0B1_AGTACATTCAGGGACTCCAG,NR0B1,117,45,37
NR0B1_AGATCCTCACCACCAGGCGG,NR0B1,1808,315,203
NR0B1_AAGAGGCGCTACCAGGCGGG,NR0B1,123,152,217
NR0B1_CTCCTGAGGCTCCAGAGACG,NR0B1,1164,304,505
NR0B1_GAGCGCGAAGCAAACGCGCG,NR0B1,1,76,71
NR0B2_CCCAAGCAGGCTGGTCGGAA,NR0B2,1226,316,750
NR0B2_TGGAGGCCGTGAGGAGGACA,NR0B2,219,121,87
NR0B2_TGAGGAGGACACGGGTCAGG,NR0B2,194,114,49
NR0B2_TCTTGAGTATGCTGGGCACC,NR0B2,593,60,84
NR0B2_TGAGGTGCACATAGCTGGAC,NR0B2,1200,309,240
NR0B2_GAAGTGCGTAGAGAATGGCG,NR0B2,551,258,110
NR1D1_GAGAAAGGTCACGGAAGCCC,NR1D1,482,34,0
NR1D1_CACCTACGCCCATGACAAGC,NR1D1,861,472,535
NR1D1_TCTGTGGGCATGTCTCGAGA,NR1D1,617,65,173
NR1D1_TACGGTGTGCACGCCTGCGA,NR1D1,583,338,323
NR1D1_TGGCTCCCTCACCCAAGACC,NR1D1,1478,160,200
NR1D1_TGGTGAAGACATGACGACCC,NR1D1,297,135,221
NR1D2_ACAAGCAAATCGAGTGCACC,NR1D2,684,218,154
NR1D2_TTTGCAAGTGACCACTGAAC,NR1D2,1944,423,525
NR1D2_AGAACGGATTCCCAAGAACA,NR1D2,1427,464,549
NR1D2_AGATCTCTCTCAGCATGACC,NR1D2,555,100,124
NR1D2_GATTTACACTCAATGGGAGC,NR1D2,211,96,31
NR1H2_ACTCGTGGTAGGAGAGGACA,NR1H2,714,35,84
NR1H2_TTCTTCACCCACTGTAAAGG,NR1H2,1207,316,526
NR1H2_CTGCGCAAGTGCAAGGAGGC,NR1H2,982,228,723
NR1H2_CGAGGGTGTCCAGCTAACAG,NR1H2,3336,646,836
NR1H2_GATAGTGGATGCCTTCAGGA,NR1H2,193,201,158
NR1H2_TCATGCTGCTAGAGACAGCC,NR1H2,500,125,157
NR1H3_CCAGGAGGAATGTCAGGCAC,NR1H3,398,159,451
NR1H3_GACTGGGCGGGTGCCTGCAA,NR1H3,636,340,122
NR1H3_CTGCTTGCATCCTGTGCGCC,NR1H3,615,505,325
NR1H3_TACAATGTTCTGAGCTGCGA,NR1H3,818,273,427
NR1H3_GCCGCTTCAGTTTCTTCAGG,NR1H3,531,112,26
NR1H3_CGATCGCAGAGGTCTTCAGC,NR1H3,81,384,236
NR1H4_ATGAGTATGAAGCCCGCGAA,NR1H4,938,591,400
NR1H4_CCAGCTGAGACTCTCTACCA,NR1H4,1824,536,510
NR1H4_CCCTGGTAGAGAGTCTCAGC,NR1H4,1065,60,118
NR1H4_CGTCAGCAGGGAGGATCAAA,NR1H4,1190,389,597
NR1H4_AATAGGTCAGAATGCCCAGA,NR1H4,229,138,39
NR1I2_TTCCTCATCTGCGTTGACAC,NR1I2,1284,425,338
NR1I2_AGGGCGCCTGCGAGATCACC,NR1I2,371,34,96
NR1I2_TGCAGTGATCATGTCCGACG,NR1I2,1498,794,412
NR1I2_TCTTTCCCGCCACTGTCGGC,NR1I2,239,12,81
NR1I2_ACAGTGTTCAATGCGGAGAC,NR1I2,702,453,239
NR1I2_TGGCGAATTGCTCCTGCAGC,NR1I2,1107,309,322
NR1I3_CGGTCTGTAAGATAGGGAGC,NR1I3,734,229,539
NR1I3_GATAGCTAGGCTAGAAGGCC,NR1I3,178,0,0
NR1I3_ACAATTGAAGATGGAGCCCG,NR1I3,1384,298,281
NR1I3_TCACCAGCCCTTGCCCACCC,NR1I3,1791,952,403
NR1I3_TGCTCCTTACTCAGTTGCAC,NR1I3,622,170,266
NR1I3_ACATGCTGCCTAAGAGAAGC,NR1I3,363,93,136
NR2C1_CATTCATCACTTGCCAGCAC,NR2C1,563,295,406
NR2C1_AGGTACTCAGGCATAGGAGA,NR2C1,673,123,126
NR2C1_CCAGAGCTCAGTAGCGGGCA,NR2C1,1815,519,698
NR2C1_TTGCAGTTAATGGGCTACGA,NR2C1,931,256,403
NR2C1_TTGTGCAGACAGATCAGGAG,NR2C1,1471,622,567
NR2C1_CAAGCAAAGTCATTCTGGCC,NR2C1,384,30,308
NR2C2_AGCCCAGATGGAGCTGGAAC,NR2C2,1109,503,440
NR2C2_AACCTGGAACTACATACCGG,NR2C2,1471,592,416
NR2C2_GAAGCCCTTCGATGTGCAAC,NR2C2,796,524,614
NR2C2_TGGTACAGTTCTCCTGGCCA,NR2C2,715,261,240
NR2C2_GAGTTATCTCACTTGCAGAC,NR2C2,377,295,311
NR2C2_ATCTGCCAAGCTTGGAGAAG,NR2C2,836,327,127
NR2C2AP_AGCCGGTCCACTTCAGCAGC,NR2C2AP,845,43,320
NR2C2AP_TACCAGCTGCTGAAGTGGAC,NR2C2AP,544,0,25
NR2C2AP_TGGAAGGTACTAGAAGGCCC,NR2C2AP,526,87,48
NR2C2AP_GAAACTCCAGCGTCACCCAC,NR2C2AP,1246,93,51
NR2C2AP_ATTCAGCACTGAACTCACCC,NR2C2AP,1062,69,0
NR2C2AP_TCTCTGGACAAACCAAAGAG,NR2C2AP,895,1,28
NR2E1_AAGCCAGCCGGATCAACAAG,NR2E1,1544,364,297
NR2E1_GATTCCAACAGCGAGGGCCA,NR2E1,228,28,19
NR2E1_TTTCTGTGCGTCTTGTCCAC,NR2E1,458,252,230
NR2E1_AAGGCCGCTGACCTTGGGCG,NR2E1,1623,404,286
NR2E1_CTGGTCTTGCAAAGACAGCG,NR2E1,8,4,30
NR2E1_AGTGTTAGCATCAACCGGAA,NR2E1,525,312,603
NR2F1_CGGGCCCAAAGATATGGCAA,NR2F1,1604,216,343
NR2F1_TGGCAATGGTAGTTAGCAGC,NR2F1,866,179,257
NR2F1_TAGCAGCTGGCGAGATCCGC,NR2F1,733,113,10
NR2F1_CCAGTACGCACTCACCAACG,NR2F1,3405,1426,1519
NR2F1_CGATGTGGGCCGCATCCGAC,NR2F1,847,363,725
NR2F1_GAGGACACGGTGCGCAGCGA,NR2F1,556,101,95
NR2F2_GCGGTTTGGGACCTTGAACA,NR2F2,19,42,15
NR2F2_TGGCAATGGTAGTCAGCACG,NR2F2,941,339,169
NR2F2_GCTACACGTGCCGCGCCAAC,NR2F2,580,62,158
NR2F2_GGGCAGTTCGCGCTGACCAA,NR2F2,1003,68,137
NR2F2_ACATTTGCGAACTGGCCGCG,NR2F2,1921,326,452
NR2F2_GCTTTCCGAATCTCGTCGGC,NR2F2,20,35,7
NR2F6_CCAGCTGTTCTTCATGCGCC,NR2F6,1098,406,630
NR2F6_ACCGGGCGTGAAGAGCGCGA,NR2F6,462,212,21
NR2F6_CTTCCGGGTGGGCATGAGGA,NR2F6,430,100,213
NR2F6_GCCAGATCGACCAGCACCAC,NR2F6,1141,330,321
NR2F6_AACGGCGTGGACAAGGCGGG,NR2F6,156,52,40
NR2F6_CACGAACGGCGTGGACAAGG,NR2F6,1530,380,569
NR3C1_CGCTCAACATGTTAGGAGGG,NR3C1,1791,769,565
NR3C1_TAACCTCCAACAGTGACACC,NR3C1,819,106,300
NR3C1_TCTTCAGGCTGGAATGAACC,NR3C1,1486,262,396
NR3C1_AAGCTTCATCAGAGCACACC,NR3C1,160,222,643
NR3C1_GGCCAGACTGGCACCAACGG,NR3C1,1487,324,300
NR3C1_AAGGGCCAGACTGGCACCAA,NR3C1,245,169,162
NR3C2_GGAACTCTACCTTCAGCGCA,NR3C2,1004,132,451
NR3C2_CCAACAATTCTGGGCAGAGC,NR3C2,1429,444,721
NR3C2_CCATGTATGAACTATGCCAG,NR3C2,717,187,345
NR3C2_ACCCTCGGTCAACACAGCAC,NR3C2,793,293,99
NR3C2_TTTCTCCTGCGTGTCTGGAC,NR3C2,543,246,517
NR3C2_CACAGTACTGGCTGCCGGAC,NR3C2,1553,1140,545
NR4A1_GCCTGTTGGTCCATCCAGAG,NR4A1,3322,1951,2607
NR4A1_GCCATAGTAGTCAGAGCCAC,NR4A1,773,92,433
NR4A1_CAGGGCAGTCCTTGTTAGCC,NR4A1,968,260,370
NR4A1_TCCGAACAGACAGCCTGAAG,NR4A1,3662,341,127
NR4A1_GGTGACAGCTCAGCAAAGCC,NR4A1,115,36,26
NR4A1_TGCCAGGTCTAAGCCAGGCG,NR4A1,1534,970,1344
NR4A2_GACCACGTGACTTTCAACAA,NR4A2,1055,393,541
NR4A2_AAGATGAGTTTACCCTCCAC,NR4A2,248,53,167
NR4A2_TTTGATAGTCAGGGTTCGCC,NR4A2,74,169,89
NR4A2_CTCGAAACCGAAGAGCCCAC,NR4A2,602,216,248
NR4A2_GCTGTTGGGATGGTCAAAGA,NR4A2,1107,393,650
NR4A2_CTGCGCCTGAACACAAGGCA,NR4A2,1169,179,303
NR4A3_CGACTACACCAAGCTGACCA,NR4A3,1555,447,383
NR4A3_AGGGCTTGAAGTGGAAGAGC,NR4A3,824,265,316
NR4A3_ATCATGCAGATTGGAGGAGA,NR4A3,703,402,221
NR4A3_CTAGTACTGTCCCACTGACC,NR4A3,1517,368,328
NR4A3_ATCTTCAGCAGTGTTTGACC,NR4A3,969,48,105
NR4A3_GATCTTCCTCAGTTCTACCA,NR4A3,664,6,53
NR5A1_GCAGTGCGGGTAGTGGCACA,NR5A1,1204,198,248
NR5A1_CCTCCTTGCCGTGCTGGACC,NR5A1,1627,468,631
NR5A1_CACGTTGGGCCCTCCAGAGA,NR5A1,1174,426,478
NR5A1_GCCGATGTACAAGCGGGACC,NR5A1,1181,74,68
NR5A1_GCAGGGCTTCTTCAAGCGCA,NR5A1,630,76,103
NR5A1_CATGGACTATTCGTACGACG,NR5A1,1918,453,433
NR5A2_TTCGTCGGGCAGAACCGCCG,NR5A2,419,384,447
NR5A2_CTGGGACTGGCTCGATCGCA,NR5A2,459,140,208
NR5A2_ACTCCTGGCCCACTCGACAA,NR5A2,1421,487,525
NR5A2_CCGACAAGTGGTACATGGAA,NR5A2,1933,788,1096
NR5A2_CAACCTCATGAGTCATGCAC,NR5A2,990,264,479
NR5A2_CCTGGACACCTTCTACCAGC,NR5A2,383,328,174
NR6A1_GGTCCTCGGCTGATAACAGC,NR6A1,1,34,40
NR6A1_GGTTTGCCTTAAAGCTCACC,NR6A1,166,12,11
NR6A1_ACTGAGGTCTAGAACTCACC,NR6A1,1370,6,119
NR6A1_CATAGTGCAAGCCTGTAGCG,NR6A1,1240,553,281
NR6A1_GAATTGGCAGAGCTTGACCC,NR6A1,146,283,315
NR6A1_CTAGGCACCACCGCATGGAG,NR6A1,2002,188,376
NRAP_ATGTGCAGACCAATATGGCC,NRAP,768,49,43
NRAP_AGGCGGGTGTGATCATCGCA,NRAP,151,22,9
NRAP_TTCTTGGCCCTTTGATAAGC,NRAP,1481,305,731
NRAP_TTGTAGAGAGCCTATTGGAC,NRAP,1141,216,123
NRAP_TGCACCTAACAGGCAGCCAC,NRAP,529,176,215
NRAP_CCATACCCACACCTAGAACA,NRAP,3997,1126,1219
NRARP_AAGGCGAAGTACGCGGCCAG,NRARP,794,144,29
NRARP_ATCCGCCTGGCCAACCGCGA,NRARP,1507,185,107
NRARP_CGTGAACTCGTTCGGGCCCG,NRARP,623,744,774
NRARP_GACGCAGCGCATCTTCCAGG,NRARP,897,148,108
NRAS_CCTTGTTACATCACCACACA,NRAS,2347,1364,1428
NRAS_CCATGTGTGGTGATGTAACA,NRAS,2952,1011,1735
NRBP1_TTCCTTCCAGCATGTCGGAG,NRBP1,975,115,205
NRBP1_CTTCCTCTGTATCCATGGCC,NRBP1,894,35,159
NRBP1_AGAGTCCTCATATGTGCCAC,NRBP1,560,108,29
NRBP1_GCCGCAAGGAGTTTGAGCGA,NRBP1,1116,13,301
NRBP1_TTGCGAGTCTCCACCTCAGC,NRBP1,896,205,171
NRBP1_CAACATTGAGTCGGTGGAGG,NRBP1,820,199,159
NRBP2_CGAAGAGCACGCGGTGGAAG,NRBP2,2132,265,391
NRBP2_AGGAGGCCATTGCTCGCGCC,NRBP2,852,38,76
NRBP2_TTCCTCTCGCTCAGCGCGGA,NRBP2,1204,171,437
NRBP2_TGGCACCGAATCTTCTCCAA,NRBP2,892,167,274
NRBP2_GCAACTTCACGATGTTCGGG,NRBP2,0,101,151
NRBP2_ACGAGCTCCACTTCGGAGAC,NRBP2,245,276,465
NRCAM_AGTTTACCGTAAACGGGAGC,NRCAM,362,64,62
NRCAM_CCACAGGTTCACTGTTGACA,NRCAM,1550,427,528
NRCAM_GGAAATTCCTGTGGCCCAAA,NRCAM,882,303,405
NRCAM_CTCCTCTCCCAACCATCGAG,NRCAM,886,144,336
NRCAM_TCACTGGAGTGCATTGCAGA,NRCAM,819,271,421
NRCAM_CCAGGCTTCATGGTGACCAG,NRCAM,2134,360,279
NRD1_GCCTTCTGATGCAAACAGAA,NRD1,819,123,104
NRD1_GATGCCTTCCTGAAGAAGCA,NRD1,179,0,31
NRD1_CACAAAGAGCCGCTGCAGAC,NRD1,2377,177,449
NRD1_TGGCAAGCGGAGGAGCAGCA,NRD1,1892,268,440
NRD1_ATTTCTTGTCTCGACCAGCA,NRD1,294,111,98
NRD1_AGATTCATCCGCTCCTAGAC,NRD1,367,266,126
NRDE2_AGATCTGCCTACCAAAGGAC,NRDE2,1021,11,0
NRDE2_AGCAGTGCATATCTTGGGAA,NRDE2,2130,247,342
NRDE2_AGAAACCAGATCCTGCGAAC,NRDE2,921,381,223
NRDE2_GACAGACACCGATTCTGAAA,NRDE2,433,159,232
NRDE2_GCGGTAACCCTTCAGAAACA,NRDE2,1441,54,138
NRF1_GCTCGGTGTAAGTAGCCACA,NRF1,310,159,44
NRF1_TATTTCAGGTCCTGTGGGAA,NRF1,574,62,49
NRF1_AGTTAACCTCCTGTGGCGCA,NRF1,917,39,16
NRF1_TCACTCCGGACATTTGCCCA,NRF1,832,0,33
NRF1_CTGTTATAAACAGCATGGGC,NRF1,323,0,0
NRF1_TGCTTCAGAATTGCCAACCA,NRF1,4461,241,355
NRG1_GGGCCGGAACCTCAAGAAGG,NRG1,900,431,355
NRG1_GCGAGGCTCCGGCAAGAAGC,NRG1,621,101,97
NRG1_GAGAGAGGAGTATTCAGAAC,NRG1,1131,92,264
NRG1_CTTACCGTTTGATTCCACGA,NRG1,2471,625,751
NRG1_TATGCTCCTTCAGTTGAGGC,NRG1,616,127,89
NRG1_TGTCTGAGGTCGCCGCCGAG,NRG1,1150,352,535
NRG2_GGTGTCCTGTGGGATACACC,NRG2,115,4,12
NRG2_TCTGGCATGTACAATCGCAA,NRG2,1917,377,406
NRG2_GGCCGGCTTTACGTCAACAG,NRG2,894,542,568
NRG2_GCATCAAATATGGCAACGGC,NRG2,1013,602,657
NRG2_CCGCGGCAAGAAGCACCCAG,NRG2,1453,378,540
NRG2_GCTCCTGTGTGCCGCTCGAA,NRG2,93,358,194
NRG3_TACTTGGAGTTCCTGGCACC,NRG3,529,105,56
NRG3_TTGTATGCGTTGGGAGAGGA,NRG3,776,412,167
NRG3_GCATGCCATACATGGCAACA,NRG3,939,447,470
NRG3_GCAAGGTCCTTGTCTCGGCA,NRG3,419,295,387
NRG3_CCTACTTGGATCCGATAAGA,NRG3,1389,420,488
NRG3_GCCAGTCTGTCAAACACCAC,NRG3,780,128,128
NRG4_TTACTCACTGTGGTGGGCAC,NRG4,815,98,63
NRG4_TTAGTTTGGATGCTGGAGCC,NRG4,580,312,333
NRG4_TACAGGAGCTCGTTGTGAAG,NRG4,1544,332,362
NRG4_GACTTGTGACTGGGACCACA,NRG4,448,228,174
NRGN_GGAGAACGCCTGCTCCAAGC,NRGN,346,126,237
NRGN_CGACATTCTAGACATCCCGC,NRGN,1503,238,319
NRGN_TTGGCGCCGGGATCGTCCAG,NRGN,499,188,39
NRGN_AAGATAAAGAGCGGAGAGCG,NRGN,737,234,414
NRIP1_CTTGTCTTGTGTTTCTCGAC,NRIP1,607,344,359
NRIP1_TCTTCGGACACTGGTAAGGC,NRIP1,1217,181,418
NRIP1_GCAGGAGCCATACCCAAGAA,NRIP1,863,430,242
NRIP1_AACCAACAGGTCCTGAACCA,NRIP1,1459,148,91
NRIP1_TTACTAATGCATCAGGCAGC,NRIP1,354,398,651
NRIP2_CTGCCTTTGTACCAAGAGCC,NRIP2,955,297,138
NRIP2_GACTGTGGTGTGCTCGGCAC,NRIP2,1666,455,562
NRIP2_CTTAGAGTGGCCGTTGACAC,NRIP2,547,215,155
NRIP2_CAACGGCCACTCTAAGCAGC,NRIP2,395,35,265
NRIP2_AAACCCGAATTGGCTTCAGG,NRIP2,237,53,0
NRIP2_GGTCTCCACGGGAGGGAAAG,NRIP2,319,196,326
NRIP3_TCGGAGAGTCTGTAGACCAA,NRIP3,1552,255,296
NRIP3_TGCTGGGCAGTCCAGGCGGA,NRIP3,488,250,265
NRIP3_TGTTCGTCTTAGAGGCCCAA,NRIP3,446,53,180
NRIP3_GACCGCTTCGGAGCTTAGAC,NRIP3,1171,190,78
NRIP3_CGTCACTGCGACAGCAGCGC,NRIP3,324,73,131
NRIP3_CAAGGAGACCGACATGCGGG,NRIP3,483,43,26
NRK_CGTTCGGCTCCTCGAAGCCA,NRK,764,255,381
NRK_GCCATAAGTACCAAGGCCAA,NRK,316,247,54
NRK_GGAAAGAGTACTTCCTCAGA,NRK,94,60,24
NRK_CGCACACCGAGTAATTCACC,NRK,2298,140,699
NRK_TTCCATTAGTTCTGCTCACC,NRK,573,261,283
NRK_CCACAGTCAAATCCAGCGGA,NRK,1009,8,146
NRL_TGTGACCGGCTAACCTCGAG,NRL,2900,549,404
NRL_CTGCAGCCGCTTGGAGCGAC,NRL,833,170,332
NRL_CGCAGGCCTGTCGCTCCAAG,NRL,2012,534,595
NRL_CACCTTCAGTGAACCAGGCA,NRL,2020,477,911
NRL_GAACCCTCTGAGGGCCGACC,NRL,639,67,21
NRM_GCTGATCAAGCCCGTGAGCC,NRM,721,371,393
NRM_CCCGAGCCTCCCACAACACA,NRM,3348,896,1038
NRM_CTTCCTGTAGATGCCCGCCA,NRM,1397,269,74
NRM_ACTTCCTGTAGATGCCCGCC,NRM,25,85,45
NRM_TCCAAGAAGTGGCCGAAGGG,NRM,1037,308,300
NRM_GAACTCCACTCCGGTGCCAA,NRM,828,106,39
NRN1_ACTCTGCGGCAGCGGCAACG,NRN1,1022,430,663
NRN1_AACTCTGCGGCAGCGGCAAC,NRN1,749,230,220
NRN1_CCTTACGGATTGCCAGGAAG,NRN1,2255,541,357
NRN1_AGAGGACACTTACGTGCACA,NRN1,593,190,116
NRN1_AGCATGGCCAACTACCCGCA,NRN1,4163,641,1091
NRN1_ACTTACCTATTTGCACCGCG,NRN1,1946,283,291
NRN1L_GGATGCCCGCACTCACCGAG,NRN1L,758,270,462
NRN1L_CGGATGCCCGCACTCACCGA,NRN1L,2268,293,378
NRN1L_CGATGTGACACCATATACCA,NRN1L,2261,944,664
NRN1L_TGACAGGACCTGAGAGGCAC,NRN1L,1856,367,479
NRN1L_CGCGCTCCCGAACATGCACC,NRN1L,1131,316,763
NRN1L_CCGCGCTCCCGAACATGCAC,NRN1L,1649,95,265
NRP1_ACAGCAACAACGGCTCGGAC,NRP1,252,251,181
NRP1_AAGATCGACGTTAGCTCCAA,NRP1,596,154,248
NRP1_CGCCTGAACTACCCTGAGAA,NRP1,3016,2454,2299
NRP1_GATGAGGATCGGATTCGACC,NRP1,0,68,0
NRP1_GCCTGACTCAAATCCTCCAG,NRP1,61,122,0
NRP1_AATGGCCCTGAAGACACAAC,NRP1,539,252,481
NRP2_ACTCGCAGTTCTGGTGGGAG,NRP2,460,218,433
NRP2_GACTTTATCGAGATTCGGGA,NRP2,261,125,91
NRP2_ATCTGGGATGGCATTCCACA,NRP2,696,48,274
NRP2_CTTTCACACGGACATGGCGG,NRP2,438,542,425
NRP2_CTACCTACTCTGATGGGAGG,NRP2,1179,195,340
NRP2_AATCGCTCCCTGTGTTGCGA,NRP2,586,171,207
NRSN1_CAACGTCTGTGGGTCCAGGC,NRSN1,929,418,556
NRSN1_AGGACCGGACTCCATAGCGC,NRSN1,872,106,79
NRSN1_TCCAAAGATCACCTAACAGG,NRSN1,1089,272,301
NRSN1_ATCCCAATGGCGACAGAGAA,NRSN1,972,366,447
NRSN1_TGCTCTGGACATGTACAAGC,NRSN1,488,481,461
NRSN1_TTACAAACACCGACATCAGC,NRSN1,351,271,619
NRSN2_AGCCGACTACAACCAGGCCC,NRSN2,592,55,49
NRSN2_CATGATAGGCTGGCTGAGCC,NRSN2,797,193,182
NRSN2_GCAGACTATCCAGCCCAAGA,NRSN2,1488,451,628
NRTN_GCAGGCTGAGGATGCAGCGC,NRTN,702,84,206
NRTN_ACACATCCAGATGGACAGCA,NRTN,1788,541,700
NRTN_GCCCTCTCGACACATCCAGA,NRTN,235,11,92
NRTN_AGTGAGGTAGGGTCACACGC,NRTN,447,38,128
NRXN1_TGAGAGTGAGATTCTGGACC,NRXN1,1562,98,321
NRXN1_TTATCTCGACTTGCCAAGCA,NRXN1,1171,540,626
NRXN1_TTGTTACTGACTGGTGACCC,NRXN1,1100,423,235
NRXN1_AATGGACTGATGCTTCACAC,NRXN1,219,260,252
NRXN1_CACCTGATGATGGGCGACCA,NRXN1,535,357,479
NRXN1_GGACAGCGGCGAGGTGAAGC,NRXN1,850,564,252
NRXN2_AGGTGACCATCTCGGTGGAC,NRXN2,368,213,142
NRXN2_ATATCTCCGGTGAAGCACGC,NRXN2,1076,213,353
NRXN2_CACACCACGGCATCCAGGCA,NRXN2,2891,1139,635
NRXN2_GGGTCCTTACTGTTCTCCGA,NRXN2,361,239,233
NRXN2_CACCTGACGTTAAACAGCGA,NRXN2,552,51,111
NRXN2_TGCTCAGCGTAAGCGCCGAG,NRXN2,694,147,250
NRXN3_TAGAGACGTTGGTCTTGAAC,NRXN3,258,435,454
NRXN3_CACCTCATGATGAGTGAACA,NRXN3,1429,482,319
NRXN3_AACGGCCTCATCCTGCACAC,NRXN3,782,303,466
NRXN3_CACGACGGGCTACACTCAAG,NRXN3,1271,360,544
NRXN3_CCAGGCGAGACAGCTCCAGA,NRXN3,975,405,338
NRXN3_CTTGGCACTCATCCGTGAAC,NRXN3,2879,625,918
NSA2_CCGAGGCATCCTCCTTACCA,NSA2,1868,0,69
NSD1_AGGTTGATGCCGGCCCAGGA,NSD1,457,330,309
NSD1_GAGATCCTTCTGAGAGAGCC,NSD1,264,30,29
NSD1_CGTGGAGGTTCATTGAGAGG,NSD1,2367,147,322
NSD1_GCCTTAGGAAGCCAAGCAAG,NSD1,1162,278,497
NSD1_GGAGAGACTTCCGGAGCCAC,NSD1,35,104,31
NSD1_TGGATTTATGCCCAAGAAGG,NSD1,1235,145,129
NSDHL_CGCACGGACTCATTTGACAG,NSDHL,3257,698,1119
NSDHL_CACCCAGAAAGAACCGCACC,NSDHL,2182,373,429
NSDHL_GAGGGCGTCGATATCAAGAA,NSDHL,278,54,90
NSDHL_CTCATCGAGGCAGCCAGGAA,NSDHL,3245,904,1125
NSDHL_ATGGACCACGTTCTCCACAA,NSDHL,687,416,474
NSDHL_CACACCCATGCGGGTCGCAC,NSDHL,984,178,173
NSF_TCCAGAAGCACGCTGACCAA,NSF,1948,91,17
NSF_CAGTCTTCCCACTGTGAGGA,NSF,837,19,0
NSF_GCAGTCTTCCCACTGTGAGG,NSF,917,22,25
NSF_CCACAACCACACAACTGAGC,NSF,1266,283,209
NSF_CTGTGGCAATGTTGGGCACG,NSF,1848,193,141
NSF_TTGGCCCTCTTAAGAGAAGA,NSF,878,167,159
NSFL1C_TCACAAAGTCCTCGTCCCGA,NSFL1C,1841,110,64
NSFL1C_CTTCGGAGGCTAGCTCACGG,NSFL1C,1398,189,481
NSFL1C_TCTTTCTCGAGTCGGCCGGC,NSFL1C,25,65,39
NSFL1C_CGGCCGACTCGAGAAAGAAG,NSFL1C,1238,287,346
NSFL1C_CGCTTCTTTCTCGAGTCGGC,NSFL1C,836,122,138
NSL1_AGCCTGTTATCCACCTCCAG,NSL1,1963,572,295
NSL1_GGTCCAGTGGATGTACAACA,NSL1,1583,69,8
NSL1_CCAGTGGATGTACAACAGGG,NSL1,1213,58,125
NSL1_TCAGCATTAATGGGCAAGCA,NSL1,1698,159,261
NSL1_GGTGCGCTGCACCTCGAAGC,NSL1,367,134,251
NSL1_GGGTGCGCTGCACCTCGAAG,NSL1,185,51,124
NSMAF_ATGTCCGCCGCATCTACAAA,NSMAF,1145,658,643
NSMAF_TGTCCAGGATTAGTCACCAG,NSMAF,1995,340,380
NSMAF_ATTGGGTGACCAAACCGCCA,NSMAF,530,147,29
NSMAF_CTCCAAGTTAAGCAGCAGCA,NSMAF,1811,840,941
NSMAF_CTCCGCGGTGGAATCTGGCC,NSMAF,152,60,37
NSMAF_CTTCTTCCGGATAAACGCCA,NSMAF,286,94,132
NSMCE1_TCTTCGACCCTGAGAAGGAG,NSMCE1,1,0,1
NSMCE1_TAAGTGCATCCTGATCCCAC,NSMCE1,415,0,13
NSMCE1_GGGAGTTCACCCTGCACGGC,NSMCE1,319,137,71
NSMCE1_AATGCAGAGGCGAGCCAGAA,NSMCE1,1343,521,626
NSMCE1_CCCATGGCGTGCTAGAGGAA,NSMCE1,691,782,544
NSMCE1_GCGTCATGACTGATGTCCAC,NSMCE1,674,0,0
NSMCE2_GGACTCAATCATGCGAACAA,NSMCE2,1326,22,5
NSMCE2_TCAAATTGGCTGTAGCCACA,NSMCE2,628,96,47
NSMCE4A_TCAACTCGTGGCTTTGGCAC,NSMCE4A,954,208,97
NSMCE4A_CAACTCGTGGCTTTGGCACA,NSMCE4A,458,63,142
NSMCE4A_TGCCGGTGACAAATTAACAG,NSMCE4A,1824,24,16
NSMCE4A_GGACGGAGTTGATGAGCGCC,NSMCE4A,350,28,0
NSMCE4A_GATGGCGGATCTGGCGGCAC,NSMCE4A,25,0,0
NSMCE4A_TTGGAGGCGGAGGCCGACCA,NSMCE4A,584,0,33
NSMF_GGACGAGGCCTTCGAGGACC,NSMF,137,26,96
NSMF_GGCTGTCGCGGGAAGAGCAC,NSMF,780,102,58
NSMF_CGGAGAGGAAGCGCCGGAAA,NSMF,2512,367,544
NSMF_CGTAGCAGCCGTTGGAGACG,NSMF,2696,594,694
NSMF_AGTCACCCTGAGAACCGCAA,NSMF,666,147,177
NSMF_TTTGGCCGCCACCGAGGACA,NSMF,1002,56,131
NSRP1_CAGCGGACACGGGAGCAAGA,NSRP1,1082,157,255
NSRP1_GCAAGATGGCGATTCCGGGC,NSRP1,173,15,0
NSUN2_ATGGGCAGTGGTTTACAGAC,NSUN2,683,309,202
NSUN2_GGATGCCTGGAATCACACAG,NSUN2,347,258,182
NSUN2_GCTGAACAGCTGGCTGAAGG,NSUN2,1278,292,226
NSUN2_TCCAGATAGATGTGGACGGC,NSUN2,43,24,91
NSUN2_AGATCGTGCCCGAGGGCGAG,NSUN2,497,170,254
NSUN2_GCCGAGGGTGGTGGAAAGCG,NSUN2,1059,516,665
NSUN3_CTTTCTGAAGGGATTCGGCC,NSUN3,337,58,5
NSUN3_CTTAATTCCAGAGCCAACAC,NSUN3,1309,274,352
NSUN3_CCTTGTCAAACATTTCAGGC,NSUN3,599,164,85
NSUN3_CGTGTTCAAATGATCGAAGC,NSUN3,1347,143,169
NSUN3_CCTGTAGGATAAGTCAAAGG,NSUN3,1204,447,349
NSUN3_TTCCAGATAAGGGCAAAGCC,NSUN3,917,622,478
NSUN4_TCTTATATCGATGTCTCCGC,NSUN4,519,16,31
NSUN4_TGCAAAGCCAGTCGAACAGC,NSUN4,2054,475,179
NSUN4_ACACTAGCGTTGCTTCAGAC,NSUN4,465,92,313
NSUN4_TAGTCTGGCTATTCGGGACG,NSUN4,578,23,106
NSUN4_CCGCCACTCCCTTCATGAGG,NSUN4,1306,137,55
NSUN4_CTCCTTGCCACCAAACCAGG,NSUN4,103,533,637
NSUN5_TTGAACGGGTCGAGGTGCCA,NSUN5,1046,354,350
NSUN5_CATGGTAGCGTGGATCCGAG,NSUN5,1193,459,129
NSUN5_ATGGTAGCGTGGATCCGAGG,NSUN5,335,35,168
NSUN5_ATCAACTACATCATCGGAGC,NSUN5,673,25,95
NSUN5_GCAGCTTCTTCTCCGCACGG,NSUN5,2043,278,534
NSUN5_GCTTCTTCTCCGCACGGAGG,NSUN5,212,18,11
NSUN6_GCCATTACCGGACACTGACA,NSUN6,660,241,345
NSUN6_TCCGGTAATGGCACAGCCGA,NSUN6,669,333,222
NSUN6_GAACCGCAGATTGGAGGAGA,NSUN6,407,414,201
NSUN6_TAGCACGTGCACTATAACAC,NSUN6,1351,366,184
NSUN6_CTAGACTTGTGTGCAGCACC,NSUN6,1187,469,522
NSUN7_GCAGACATGCTGAATTCCAC,NSUN7,233,39,95
NSUN7_CAGACTCGGACAAGGACCGC,NSUN7,388,191,308
NSUN7_TCAGCGTTTGTCTTATGAGC,NSUN7,652,346,175
NSUN7_GCTACCTCGTTGTTCAGGAC,NSUN7,963,153,177
NSUN7_TCACAGACACTGTCTCAGAA,NSUN7,1906,944,892
NSUN7_TACTCAGGCCTCCTCGGCGA,NSUN7,873,295,170
NT5C_GAGATCTTAGATAGCAAGCG,NT5C,1033,226,397
NT5C_CTGCTGCCACAATCGGCACC,NT5C,399,62,373
NT5C_CACAGTGGTGGTACTTCAGC,NT5C,589,75,184
NT5C_AGTGGTGGTACTTCAGCAGG,NT5C,503,52,56
NT5C_AGCGTCCAAGGCTCCCGGGA,NT5C,281,1420,981
NT5C_CGTGCGGCTCCTCAGGGAAG,NT5C,1449,173,129
NT5C1A_GGGCGCTCCAGCAAGGAACA,NT5C1A,1259,257,338
NT5C1A_AGCGCATCGTCAAGGCCCAC,NT5C1A,293,247,164
NT5C1A_TCCCAGACCTGTTCATCGAG,NT5C1A,2515,751,648
NT5C1A_GGCGGACACCCACTTGAGCA,NT5C1A,980,421,311
NT5C1A_GATCTACACGGAGCAGGGCG,NT5C1A,634,71,424
NT5C1A_TGGGTTTCTTCTTGGGCGCG,NT5C1A,857,310,409
NT5C1B_GACCGCTTCTGTCTGACCGG,NT5C1B,643,130,157
NT5C1B_GCCGCACTCCCACTTGGGCA,NT5C1B,734,367,366
NT5C1B_CACCATGTTGAAGAGCGCGC,NT5C1B,1596,670,714
NT5C1B_ACAGAGAGTTGCGGTCCAGC,NT5C1B,359,158,154
NT5C1B_CCATAGATGAGCCTAGAAGC,NT5C1B,1985,195,412
NT5C1B_CACGACGAGTGACCCTGGAA,NT5C1B,2012,799,834
NT5C2_CTGGGAGCTCCCATCGACCA,NT5C2,1250,235,169
NT5C2_TACTCCGGTAGGACATGAAG,NT5C2,916,36,55
NT5C2_ATCCATGTGCACAGACCAAG,NT5C2,813,182,177
NT5C2_CAGTCTTGAAGGAGTTACAC,NT5C2,599,44,100
NT5C2_GAAATTGCTACTCACCAGCA,NT5C2,742,741,312
NT5C2_AGCAGATATGCCTGCTAACA,NT5C2,680,497,564
NT5C3B_AGACTCTGGATGTGGTCAAC,NT5C3B,1509,524,219
NT5C3B_TCAGAAGTTTCAGATAGCCC,NT5C3B,987,333,301
NT5C3B_CAATTGAGATCGACCCACAC,NT5C3B,926,214,32
NT5C3B_GCTTCCTCTAATTGGACAGA,NT5C3B,299,1,26
NT5C3B_ACGATCTCCTGCACCCGCCC,NT5C3B,784,49,111
NT5C3B_TACTGGCCTGGGTGAAGCGG,NT5C3B,996,293,108
NT5DC1_AACTTACCGAGTGTCCGGAA,NT5DC1,784,344,382
NT5DC2_GATGAGTGGCTTCTATGGCA,NT5DC2,20,0,3
NT5DC2_AGGCGTCAATCTTCATCAGA,NT5DC2,379,181,247
NT5DC2_CCTCCACTATGACATTCAGA,NT5DC2,264,9,73
NT5DC2_CGTAGACCTCAACGTCACGC,NT5DC2,136,1,211
NT5DC2_ATGCGGAGACTGGTGCACGG,NT5DC2,2069,1116,957
NT5DC2_AAAGACCACAGCATCTCACG,NT5DC2,1803,195,450
NT5DC3_GAAAGGCCAGATATACAAGC,NT5DC3,590,215,166
NT5DC3_CCGCGCAGTGTTGGCCAAAC,NT5DC3,4097,2357,3059
NT5DC3_GAGGAAGTATTCATTCACGC,NT5DC3,1066,46,132
NT5DC3_TCATCTGCTCCAAGGGCACG,NT5DC3,1022,805,497
NT5DC3_CCCGGTGTTCATTGATGAGA,NT5DC3,1831,762,486
NT5DC3_CGGGTGCAGTGCACAAGGGC,NT5DC3,1310,177,189
NT5DC4_TCGTTGCTTTGGCTTCGACA,NT5DC4,366,304,163
NT5DC4_AAGGTCAGGGCCTCATAAGC,NT5DC4,1043,309,493
NT5DC4_CTGCTGAAGGTGGACGCCCA,NT5DC4,543,470,372
NT5DC4_CTGATAGCCGGTGTCACAAC,NT5DC4,2484,795,662
NT5DC4_TCACCTCACTGATGCTGAAC,NT5DC4,2683,421,456
NT5DC4_AACAGGCTGAAGCCTCGGGC,NT5DC4,120,54,13
NT5E_CACCGTGTACAAGGGCGCCG,NT5E,695,507,368
NT5E_GATCGAGCCACTCCTCAAAG,NT5E,1823,290,368
NT5E_ATGAATGGGTACTTCCCAGC,NT5E,535,144,97
NT5E_CCGCTTTAGAGAATGCAACA,NT5E,2257,798,750
NT5E_CCCATTGATGAACGCAACAA,NT5E,2566,774,437
NT5E_CAAAGGGCAATACAGCAGCC,NT5E,609,128,244
NT5M_CCTCCAGCGCGATGAAGGGC,NT5M,339,191,90
NT5M_CCTTCATCGCGCTGGAGGAC,NT5M,1474,236,614
NT5M_TTGAACTTGAGCCTCTGCCA,NT5M,140,124,304
NT5M_ACTTGCCTGTGATGTCCGGC,NT5M,5,103,113
NT5M_GAAGAGGACATGCTCCCAGC,NT5M,647,19,11
NT5M_TGCACTCGTGGGCGGACGAC,NT5M,658,117,318
NTAN1_GCTGCGCGAACTTTAGCAGG,NTAN1,1504,148,284
NTAN1_TTGGAGGCTTCAGTGACGAC,NTAN1,90,389,532
NTAN1_AACAAGGTGTACTTCCAGCC,NTAN1,848,218,357
NTAN1_CTCACCTTCCACATTGAGCG,NTAN1,502,79,166
NTAN1_ACATTGAGCGTGGTCAGAAA,NTAN1,1282,1198,817
NTF3_AAACGGCCACACGGATGCCA,NTF3,497,152,128
NTF3_GATGTTCTGTTCGCCACCAC,NTF3,695,25,265
NTF3_TGGCGAACAGAACATCACGG,NTF3,1149,267,546
NTF3_AAACGCGATGTAAGGAAGCC,NTF3,409,219,144
NTF4_CGCTCAGGCCGCTGTAAGCC,NTF4,3024,318,660
NTF4_CCGCTCAGGCCGCTGTAAGC,NTF4,568,399,398
NTF4_TCTACCTCCGACTGCAAAGC,NTF4,1473,520,375
NTF4_AAGGCTGATAACGCTGAGGA,NTF4,344,403,264
NTF4_TTTCAAAGAAGTACTGGCGG,NTF4,604,76,174
NTF4_TCAAAGAAGTACTGGCGGAG,NTF4,1688,1244,1194
NTHL1_ATCAGAGACCCTGGGCGGCC,NTHL1,286,26,87
NTHL1_ATGTGCACAGAATCGCCAAC,NTHL1,368,549,109
NTHL1_ACCGTAGTGCTGCTGCAGGA,NTHL1,1782,349,573
NTHL1_AACCAAAGACCAGGTGACGG,NTHL1,1559,71,129
NTHL1_CTTTCCGCGGACGCTTCACG,NTHL1,647,102,111
NTHL1_CAGCATCCTCGCGCTCAAGG,NTHL1,603,586,857
NTM_TCTCTTGGGCAATCTTCACG,NTM,1127,429,239
NTM_AGGTGGAAATGGAAGGGCAC,NTM,449,16,142
NTM_GCGTTTGGGTGTTGCTCAGA,NTM,317,286,193
NTM_ACCTTTACTCTCCGTACCAC,NTM,1351,325,188
NTM_GGTGAGACTGTGCTCTGAGC,NTM,338,44,47
NTM_TGAGCAACGGCACGTCGAGG,NTM,1943,553,867
NTMT1_TGGTGACAGCATGACGAGCG,NTMT1,737,644,844
NTMT1_GAAACAAATCCCACCCACGG,NTMT1,350,129,201
NTMT1_TGTGCCCTGGACTGTGGAGC,NTMT1,1191,354,377
NTMT1_AACCCTCACCTATCACCCAC,NTMT1,311,212,173
NTMT1_GAGTTCCTGCGGCGCTGCAA,NTMT1,50,29,59
NTMT1_GGGACCTTGACGTGGTCCGC,NTMT1,8,4,71
NTN1_CCCGCGAACATGCTGAGCCC,NTN1,2640,324,895
NTN1_GCCTGCAGTTCTGCTCGCCG,NTN1,210,63,220
NTN1_GGAGGGCTACTACCGCGACA,NTN1,164,129,345
NTN1_GACGACTGCAGCCAGCAGCG,NTN1,996,156,352
NTN1_ACAGGCTCTGGTCACCGCGG,NTN1,870,246,220
NTN1_GAGGACTCTCCGGACCAGAG,NTN1,64,85,78
NTN3_GACTCCGAGCGCCAGCACAG,NTN3,1026,295,201
NTN3_GCCGACAGTCGCAGATCAGG,NTN3,187,31,166
NTN3_CCCGACGGTCACTCAGGGCA,NTN3,569,224,78
NTN3_GCAGGGTCACTCACTAACAC,NTN3,643,378,456
NTN3_ATGCGGTAGCTGCCACGGGC,NTN3,508,66,44
NTN3_CGTCCCTCCAGGGTAGCACG,NTN3,1411,345,320
NTN4_CCAGAATCATGGACGGACAG,NTN4,2688,1461,1004
NTN4_CGCTCTTATTGTGCACGGGA,NTN4,1175,273,498
NTN4_TATTGCCAGAGGTGCAAGCC,NTN4,355,755,472
NTN4_TGGCCGGTCATTGTATAACG,NTN4,1734,713,721
NTN4_CCTTCCGGTTTCCTCGCACA,NTN4,1618,483,446
NTN4_CCGGAAGGATGAGTCTGCCA,NTN4,890,191,290
NTN5_TCACGTCTAGTGCTCCGGCC,NTN5,614,297,403
NTN5_CTGCAATATGTCGGACACCA,NTN5,2070,875,922
NTN5_AGCACCAGGAGTAGTGGCAA,NTN5,673,211,168
NTN5_CCTCAAGACTTACGCTGGCA,NTN5,858,141,235
NTN5_CTAGGGTCCCTCCAGAACCC,NTN5,1075,127,387
NTN5_CCTCCCGCCAGTGACACAGC,NTN5,923,338,751
NTNG1_TCATGTCCGTGGATTCCGGC,NTNG1,427,305,113
NTNG1_CTTGGGATACTCCTTCCAAG,NTNG1,823,82,254
NTNG1_ATGGAGATTACACTTGCACC,NTNG1,595,186,236
NTNG1_CAAGTTGCAAACCACAAGAG,NTNG1,1177,513,558
NTNG1_CGATCATGGATTGAGCCCAA,NTNG1,856,261,150
NTNG1_GAGCTCCTGCACTGCCAGAA,NTNG1,584,361,431
NTNG2_GGACTACGTCAAGGTGAAGG,NTNG2,551,174,220
NTNG2_TGACGCCTCCAACCCGGACC,NTNG2,1406,292,185
NTNG2_GAGTGCGAGCACAACACCAC,NTNG2,622,227,404
NTNG2_AGGCGTGTACTTACTGCCAA,NTNG2,1207,248,146
NTNG2_AAGTTGTCCCTCCCGGACCC,NTNG2,1016,354,211
NTNG2_CGTTGCGGTAGTAGCCCAGC,NTNG2,154,1,29
NTPCR_CCCGGCACGTGTTCCTAACG,NTPCR,3810,1348,1939
NTPCR_ACCGAAGAAGTCAGACAGGG,NTPCR,191,93,290
NTPCR_TCGTCACGTTGTCCGGCACC,NTPCR,2625,415,276
NTPCR_CGTACTCACATTCCTCAAGA,NTPCR,1431,438,651
NTPCR_CGCCTCCTTTCTACCTCAGG,NTPCR,879,507,544
NTPCR_ACGTCACGATATCTGGCAGA,NTPCR,783,201,366
NTRK1_TCAGTCAGGTTCTCTGCGCC,NTRK1,1,0,76
NTRK1_ACTCACAGGCGACTGAGCCG,NTRK1,213,363,257
NTRK1_ACTGTTCTTGTGCCCTGCGC,NTRK1,750,127,282
NTRK1_GGGCACCTGGACCTTCAGCG,NTRK1,1389,412,459
NTRK1_CGCCGTGTGCAGCTGCACAC,NTRK1,213,84,78
NTRK1_ACCTTGGGCTACTCACCCAC,NTRK1,842,127,170
NTRK2_TCGTCCTGGATAAGGTGGCA,NTRK2,1332,467,346
NTRK2_CAAATCCTGAGTGTCTGGAC,NTRK2,1245,460,384
NTRK2_GGTGCGGCCAGATTTGCAGA,NTRK2,143,134,170
NTRK2_TTTCTGCTCACTTCATGGGC,NTRK2,448,128,176
NTRK2_CACCGAGAGATGTTCCCGAC,NTRK2,422,507,650
NTRK2_TATTTCAGCTACCCATCCAG,NTRK2,562,264,141
NTRK3_TCATGCCATCAACTTGACGC,NTRK3,780,290,1130
NTRK3_GGCTCACGCTGATCTCAGGA,NTRK3,354,181,277
NTRK3_TCATGCGGAAGAGAGGAAGC,NTRK3,2538,252,347
NTRK3_GCCACGAGAGTGTGGTGAGC,NTRK3,1320,251,275
NTRK3_CCTGCAGACACATAGAGAAC,NTRK3,2574,286,567
NTRK3_AATTGCCGGCGGCCGGACGA,NTRK3,729,81,60
NTS_ACTTCTCCTGTTTCCTCAGC,NTS,254,211,154
NTSR1_CACGGTGACGGCGTTCACGC,NTSR1,2382,255,227
NTSR1_GAGCAGAACCGCAGCGCCGA,NTSR1,337,264,0
NTSR1_CAGGACCGAGATGACCACCA,NTSR1,277,3,2
NTSR1_CGAGCACAGCACATTCAGCA,NTSR1,5624,2987,4099
NTSR1_AGAACATGAGGCGCCGCACG,NTSR1,1360,341,520
NTSR1_GCGGGTGGCATTGCTGGAGA,NTSR1,13,0,5
NTSR2_TGAAGCTGTATCCATTAGGG,NTSR2,2089,208,230
NTSR2_GATGACATACATGACCACGA,NTSR2,34,82,30
NTSR2_GACCTTTATCCAGGGAGGCC,NTSR2,210,60,206
NTSR2_AGTGCCGTCCACTTCTACCC,NTSR2,961,146,241
NTSR2_CAGCACCGTGCACACTCGCG,NTSR2,424,494,288
NTSR2_CTACGCACTCATCTGGGCGC,NTSR2,1201,243,290
NUAK1_AGACGCAGCTGCGGATGCGC,NUAK1,1019,240,208
NUAK1_GAGTGTAAAGCAACACACCC,NUAK1,673,46,369
NUAK1_TCAATGGGAGACCTTACCGA,NUAK1,1187,358,286
NUAK1_TCAGAACGGTGTGGTCCACC,NUAK1,227,290,137
NUAK1_GCGGCGACGCCTCAGTGAGA,NUAK1,824,102,123
NUAK1_AAGTCAAGCGGGCCACCGAG,NUAK1,1376,547,290
NUAK2_TTCCCTGACAGACTGCCAGG,NUAK2,227,138,84
NUAK2_CACACCTCTTACTCACCAGA,NUAK2,201,267,178
NUAK2_TCTCTGGCGAGGCATAGAGG,NUAK2,675,210,213
NUAK2_TGTAGTCATAAAGGTCGCCC,NUAK2,181,19,37
NUAK2_AAGATCTGATGCACATACGG,NUAK2,1520,313,341
NUAK2_CACCTACGGGAAGGTGAAGA,NUAK2,955,263,184
NUB1_TGTCAGAGTACTGCTTAGCA,NUB1,726,432,762
NUB1_CCCTGGAGAAGCCCATAGCG,NUB1,1225,360,381
NUB1_AACAATCTGAAGAGGACGCG,NUB1,1898,272,314
NUB1_AGCGTCCAACAGACATGGCA,NUB1,745,162,264
NUB1_AACACCACACTATATCCAGC,NUB1,418,41,82
NUB1_GGGATCCGAAACTATCACAG,NUB1,599,184,175
NUBP1_CATCATCAGGACTGCTGAGC,NUBP1,898,39,73
NUBP1_AGTTCCTCCGAGATGTGGAC,NUBP1,201,6,50
NUBP1_CATCGATGTGTGCTGTGGCC,NUBP1,287,331,413
NUBP1_CAGATATTCCCTCCCACAAC,NUBP1,2048,131,160
NUBP1_ATATTCCCTCCCACAACCGG,NUBP1,389,65,54
NUBP1_CCACCTATGAGCGGATCCAG,NUBP1,101,3,17
NUBP2_TGATGTGCCTGACGCCGGCC,NUBP2,664,189,71
NUBP2_AAGCACCATCTCCACGGAGC,NUBP2,1880,61,225
NUBP2_CCTCGTCCGGCTTCTCCAGC,NUBP2,145,23,10
NUBP2_AGTTTGTGTCCGACGTGGCC,NUBP2,518,190,568
NUBP2_CTGACCTTCTGTAGGAAGAC,NUBP2,1500,365,683
NUBP2_CTCATGAGCGCAGGGTCCAG,NUBP2,699,0,0
NUBPL_AGCGATGGTTTGTGGGCGCC,NUBPL,119,221,156
NUBPL_AGAACACAAATCATGTCCCG,NUBPL,2623,630,831
NUBPL_AGTGAACCAGTAGTTTGGAG,NUBPL,42,118,94
NUBPL_CGCATTGATGGATGCACACA,NUBPL,2148,667,822
NUBPL_TGTAAACGCTTACGGGCACG,NUBPL,458,3,6
NUBPL_TCCTCAAGTAAGCTTTGGCC,NUBPL,230,60,75
NUCB1_TCACGGGACTCTCAGTCGCA,NUCB1,140,829,874
NUCB1_GGCCAAGATGGACGCCGAGC,NUCB1,588,186,288
NUCB1_CCTGAAACAGTTTGAACACC,NUCB1,1011,398,118
NUCB1_GGGCTGCGTCGTACTGGGCA,NUCB1,198,349,319
NUCB1_GCTGGAGGCACTCTTCACCA,NUCB1,1122,64,226
NUCB1_CGACATGCGGGAGATGGAGG,NUCB1,445,49,83
NUCB2_CTATCTTCGCACTTTCCACA,NUCB2,1179,358,302
NUCB2_TCTATCTTCGCACTTTCCAC,NUCB2,864,185,76
NUCB2_TGGGAGGCTAAGCAAAGAAC,NUCB2,2067,386,393
NUCB2_ACAACGTCAGCATGATCAAC,NUCB2,1025,50,130
NUCB2_ATTCCTCCATCAGGGCCAGC,NUCB2,357,27,176
NUCKS1_CTTCACATACTCTCCTGGAA,NUCKS1,1823,457,511
NUCKS1_TGTGCGCCAACAACGGCAGG,NUCKS1,357,185,327
NUCKS1_AAATGTGCGCCAACAACGGC,NUCKS1,362,132,193
NUDC_ACTCACGTCCAGCTCCGACA,NUDC,3064,53,3
NUDC_CACTCACGTCCAGCTCCGAC,NUDC,1248,37,134
NUDC_CGGATGTTGATCCATGAACC,NUDC,1644,96,142
NUDCD1_TCGACGAAGGCACTCACAAA,NUDCD1,2189,782,677
NUDCD1_AACTCTTGAGCATTGCAAGG,NUDCD1,889,328,342
NUDCD1_GCATTTGACCTCTGAAGAAC,NUDCD1,1145,805,689
NUDCD1_GCTATTGAGCCTGATGGAAA,NUDCD1,869,274,374
NUDCD1_ACCTGGGTTACCTTGTCAGA,NUDCD1,468,163,252
NUDCD1_TCAAGCTCCAGCTGGTAACA,NUDCD1,2190,344,343
NUDCD2_TGCATTTGGTCTTGCACCCA,NUDCD2,1365,85,163
NUDCD2_CAATAGCTGATGAGGGAACA,NUDCD2,1576,177,267
NUDCD3_TCGAATCGCTGGCCTCGGAA,NUDCD3,782,179,187
NUDCD3_CATGGCCACCGTGGATGAGG,NUDCD3,1021,55,103
NUDCD3_CTCCAGCATGGCCACACGAA,NUDCD3,1972,451,145
NUDCD3_GCACGTGGTGAAGGGAAAGC,NUDCD3,1112,48,52
NUDCD3_TCCAGGCCCTGTGAAGGAAA,NUDCD3,608,183,163
NUDCD3_GGGAAGCCCATGCGGTCCGA,NUDCD3,0,0,59
NUDT1_CGCCTCCAGGCTCTATACCC,NUDT1,1025,64,213
NUDT1_CAGCACCAGGGTATAGAGCC,NUDT1,1223,292,450
NUDT1_GGAGGAGAGCGGTCTGACAG,NUDT1,539,267,193
NUDT1_AGTGGACGCCCTGCACAAGG,NUDT1,935,387,435
NUDT1_GGACTACACACTCCGCGAGG,NUDT1,732,153,315
NUDT1_CACACTCCGCGAGGTGGACA,NUDT1,1642,728,541
NUDT12_ATGAAATAGAGGATGCCCGC,NUDT12,176,125,106
NUDT12_CTTGCTGGATTTATTGAGCC,NUDT12,689,320,455
NUDT12_TTGCCACCTAGAGTAACCAA,NUDT12,1439,328,246
NUDT12_TAAATCAAGGCAGACTGCAC,NUDT12,406,141,268
NUDT12_CTGCTTTAATGTATGCGGCA,NUDT12,248,486,530
NUDT13_TACCTAACAGGCTGTGCCGG,NUDT13,929,0,27
NUDT13_AGAATCTACCGTGGACAGCA,NUDT13,1230,388,441
NUDT13_GCAGCCCACCAAGAAGAACG,NUDT13,2408,877,428
NUDT13_GCGATCACGCTGGTGTCAGA,NUDT13,179,163,244
NUDT13_TTCTGCAACTTCTCGGCGGA,NUDT13,626,411,341
NUDT13_TGACTTGATCCGGGCTAAGC,NUDT13,307,288,241
NUDT14_GATGTCCGGGTCGTCTGCAA,NUDT14,13,55,1
NUDT14_GACCCGGCGCAGATCAGAGG,NUDT14,795,75,104
NUDT14_TTGGTGAAGCAGTTCCGGCC,NUDT14,884,200,92
NUDT14_CAACTCTTCTCGGAGGAGCC,NUDT14,28,55,272
NUDT14_AATGCAGCGTGAGCGGCCGC,NUDT14,355,176,90
NUDT14_CCGCCATGGAGCGCATCGAG,NUDT14,2438,210,383
NUDT15_AGGAAAGGCTCGGTTGGAGC,NUDT15,2,38,26
NUDT16_AGAGGAGCAGTGTCCGGCCA,NUDT16,1158,135,322
NUDT16_CCACGCTCTCCTCTACGCGC,NUDT16,1055,345,673
NUDT16_CTGCGTGTCCACGAATCCGC,NUDT16,3906,619,825
NUDT16_GGATCTCTCCTGGTAAAGGG,NUDT16,703,121,110
NUDT16_CCATCCCGCAGGGTATACAG,NUDT16,2650,518,725
NUDT16_GACCTTGGTACTAGGGAGGG,NUDT16,243,94,103
NUDT16L1_CGGAGCTGAAGCAGATCAGC,NUDT16L1,263,0,0
NUDT16L1_TGGCGGCGTACAGCATGGCG,NUDT16L1,1105,273,213
NUDT16L1_ATGCTGTACGCCGCCAACCC,NUDT16L1,2970,202,269
NUDT16L1_CGCTGGAGGACGGCCTGAAC,NUDT16L1,1748,751,654
NUDT16L1_TACCCATCGGTGCCTTCCAC,NUDT16L1,507,154,118
NUDT16L1_GGTGCTCAACATGATGCCCG,NUDT16L1,178,11,38
NUDT17_GCAGTGGAACTAGAGGAGGA,NUDT17,893,153,51
NUDT17_GGTTTGGTTGGATCCGGGCC,NUDT17,43,25,32
NUDT17_GGACCCAAGAGAACTGGCCC,NUDT17,259,8,7
NUDT17_GACTGTCTTGCTAACCCGAA,NUDT17,679,171,181
NUDT17_CTAGCGGAGGCGCCTGGGAA,NUDT17,2066,333,404
NUDT17_GACGGCTTGTCCTCTCGAGC,NUDT17,139,191,343
NUDT18_CGCTGGCAGACCAGATCACA,NUDT18,1658,197,255
NUDT18_ACTGGGCGGCTAGTTCAACC,NUDT18,757,135,400
NUDT18_GGCGAGCGAGGAACACGAAG,NUDT18,511,162,166
NUDT18_AGGCCAAGAGGGAGTGCCGG,NUDT18,2,28,113
NUDT18_GGCCGTGTTCCTCAGCGAGC,NUDT18,450,249,36
NUDT18_CTTCCGTGCTGGCTGGCCAG,NUDT18,1945,290,126
NUDT19_TCATCGGTGTCGGGCAGCGA,NUDT19,3415,500,502
NUDT19_GACCACAAGACCGACAACAC,NUDT19,1202,274,454
NUDT19_TGTCGGGTGTGCAGTCGAGG,NUDT19,1078,284,419
NUDT19_CACCACTCGCCGCTTTGACA,NUDT19,1497,899,662
NUDT19_GGATATCATAAAGGTGGCGA,NUDT19,99,88,139
NUDT2_AGTCATTTACTGGCTGGCGG,NUDT2,351,66,217
NUDT2_ATGAGCACCAAGCCTACCGC,NUDT2,861,364,310
NUDT2_CCTCTATGGAGCAAAGAAAC,NUDT2,360,270,235
NUDT21_AACTGAACACTGACCTGAGG,NUDT21,383,23,7
NUDT21_CAGATACTGGGTCGTCAGGA,NUDT21,1661,12,138
NUDT21_CCATGTGTTACTGCTGCAGC,NUDT21,1065,11,44
NUDT21_AATGAGGAGGACTGTAGAAG,NUDT21,1860,0,0
NUDT21_CCAATCGCTCGCAGACCGGC,NUDT21,98,141,110
NUDT21_CCGCCCAATCGCTCGCAGAC,NUDT21,2745,509,818
NUDT22_GGCCTATCTGGCGGACCCAC,NUDT22,867,69,143
NUDT22_GGGAGCGGCGCAGGAAGACA,NUDT22,527,51,130
NUDT22_ACAGATCTCCTGAAGGACAC,NUDT22,551,139,198
NUDT22_TCGGGCGATGCCCAACAGCA,NUDT22,1865,447,447
NUDT22_GCGCCATCATCCTCTACAAC,NUDT22,2634,383,391
NUDT22_CGGGTTCAGGGAAGTCCCAC,NUDT22,269,76,126
NUDT3_TCTCTTTGCCCTTCAGAACC,NUDT3,1101,690,1086
NUDT3_AGTTCGTGAAGTCTGTGAGG,NUDT3,961,119,218
NUDT3_AGATGGATTGTCCCTGGAGG,NUDT3,932,96,285
NUDT3_TTTCCGCAGCGAGAGCGAGG,NUDT3,467,1,25
NUDT3_ACCCGCACCTACGACGGCGA,NUDT3,1242,491,242
NUDT3_AACCAGACCCGCACCTACGA,NUDT3,2037,614,300
NUDT4_GCATTATTATCCGGAAGGGA,NUDT4,346,71,37
NUDT5_TAGAGCGTAGGAATAGACCC,NUDT5,299,74,164
NUDT5_ACATCTCACAGTGGACGCCA,NUDT5,1751,331,339
NUDT5_AACATCTCACAGTGGACGCC,NUDT5,136,116,61
NUDT5_ACAGCGGTCTGTATGGACCC,NUDT5,536,216,459
NUDT6_GAACTTCCAGCAGTTTACAC,NUDT6,612,292,245
NUDT6_GCAAGTGCGCCTGGGACGAA,NUDT6,1508,1023,413
NUDT6_GCTTGCAGGGCAAGTGCGCC,NUDT6,301,48,77
NUDT6_TGCAGATCGCACGCTCCAAC,NUDT6,465,250,262
NUDT6_CACGTAACCCTGTGCGCCCG,NUDT6,1200,378,324
NUDT7_CTTTAGCCACCAATGGCAAA,NUDT7,1234,383,323
NUDT7_TTGCCATTGGTGGCTAAAGA,NUDT7,1295,777,615
NUDT7_TAAGCGTGACCCTACAGACA,NUDT7,2444,428,471
NUDT7_TAACTTCAGCAGGATTCGGC,NUDT7,317,95,32
NUDT7_GGAAATAGGCCAGAGGCACC,NUDT7,2,96,81
NUDT8_GGCTATACCCACTTCTGCCG,NUDT8,407,144,43
NUDT8_CCAACTCGGAGGAGGTGAGC,NUDT8,588,252,179
NUDT8_CCTCAGGCCCAACTCGGAGG,NUDT8,620,218,102
NUDT8_CTCCTCCCGGGTTTCCCGCA,NUDT8,1326,157,463
NUDT8_ACACGGCCCTGCGGGAAACC,NUDT8,1560,416,473
NUDT8_CCTTGTGCCTCCCGGTCAGG,NUDT8,60,58,54
NUDT9_ATCAGGTCCTCGCGCTGCCG,NUDT9,558,48,128
NUDT9_GGGTGGAATACCTGAACGCC,NUDT9,139,121,23
NUDT9_GCTCGGACGTCTCCTTACCC,NUDT9,335,123,51
NUDT9_TCCTGCAGGACGGACTGGAC,NUDT9,145,123,144
NUDT9_ACGGACTGGACTGGTGGGCC,NUDT9,55,633,327
NUDT9_CTGAGAAACGAGATGCACAC,NUDT9,372,531,409
NUF2_ACAGTTAAACGCCGCACACC,NUF2,892,0,18
NUF2_CCCTTAGATAGTGCTGCAAG,NUF2,1528,171,128
NUFIP1_CTTACTCCAGCAAGATGAAG,NUFIP1,1884,101,224
NUFIP1_GGAGACTGGGCGTCGAAGGG,NUFIP1,280,24,13
NUFIP1_GGAAGAATCTGGGCGTCGAA,NUFIP1,804,33,258
NUFIP2_AGGCTTACGAGCTGGAGAAA,NUFIP2,835,37,110
NUFIP2_AACAGTCTCAGGGCCAGCAC,NUFIP2,1167,313,53
NUFIP2_TCAGCGCTGACATAGGGACC,NUFIP2,1685,15,59
NUFIP2_AAGTTTGATGATCGGCCCAA,NUFIP2,308,38,50
NUFIP2_AGCTAGGCGCAATAGTGCCA,NUFIP2,293,94,38
NUGGC_GGTGTATACAGTCAGCGCCC,NUGGC,437,17,94
NUGGC_AGCTATTCAGAGTCAGCGAG,NUGGC,523,141,114
NUGGC_AGAGCATCAAAGCCTGCCAG,NUGGC,480,101,77
NUGGC_ATCCGACCTGATCCCAGAAG,NUGGC,1613,280,237
NUGGC_CAGAGTCATCACCCTCAAGG,NUGGC,2082,759,645
NUGGC_AGGGAAATGCTCGGAACCGC,NUGGC,681,199,90
NUMA1_CTAGAACAGGTAGAAGGCAC,NUMA1,596,85,192
NUMA1_GAATGACAGCCAACTCAGCC,NUMA1,321,104,53
NUMA1_AGAGTGGTATAAGAGCAGCA,NUMA1,1081,0,43
NUMA1_AGAGGGATCAGAGCTGGAAC,NUMA1,1462,0,14
NUMA1_TCTAGCCATGGCACTGAAGA,NUMA1,621,127,137
NUMA1_ATGACACTCCACGCCACCCG,NUMA1,1915,243,275
NUMB_GGGCTGGCTTAGCAAGCACA,NUMB,382,89,103
NUMB_GGTCATCGGAGCAGATGAGA,NUMB,27,58,37
NUMB_ATTGAACAGCTTGCTCGCCA,NUMB,418,86,46
NUMB_CTTCTGCTTGCGCTCTAAAC,NUMB,792,474,373
NUMB_CATCAACTTCTACATGGCCA,NUMB,872,186,758
NUMB_CTGCCACTGATGTGGACGAC,NUMB,174,357,888
NUMBL_TGGTGCTGGCGCTCCAGCAC,NUMBL,141,66,176
NUMBL_GGAACCCACGGAAGGAGCCC,NUMBL,0,86,28
NUMBL_GGTGCGGCTGGCATCGAAGG,NUMBL,658,179,119
NUMBL_TCCTGACCGCAACCTGGACA,NUMBL,1703,351,417
NUMBL_GCCCATCGGCTGACACCCAC,NUMBL,427,350,169
NUMBL_GACGAGGACGCGGTGCGGAA,NUMBL,1154,289,652
NUP107_TAGGAGTTCGAGGGATAACC,NUP107,312,21,71
NUP107_TCCTGCATTCTTGGAACAGG,NUP107,1527,287,193
NUP107_CTCTGTGTTTGTGAACAGCC,NUP107,567,73,34
NUP107_TATGCTCTGGCTTCTTCAAC,NUP107,80,195,121
NUP107_CCGTGCTGGAATGACAGAAG,NUP107,2337,134,33
NUP107_GAGCTGCAACACTTGAAGGC,NUP107,944,0,0
NUP133_CAAGGTCAGAAAGCCGGGAG,NUP133,614,90,87
NUP133_ACCCAGCATCTGACCCACGG,NUP133,1664,0,75
NUP133_AATGATAGGAACACCACCAC,NUP133,689,77,82
NUP133_GCTGTCTATGTGTGCTCCAC,NUP133,449,1,40
NUP133_TGTAGGTATCTTCACCAGCA,NUP133,1480,56,59
NUP133_CCGACCGGCGAGAAGAGCAC,NUP133,1072,73,34
NUP153_TCTATCCCACTCCTATCAAG,NUP153,667,14,63
NUP153_TATTCGCCGAGCTGTTGAAC,NUP153,492,176,70
NUP153_CAACCCAGTTAGTACTCACA,NUP153,1459,0,0
NUP153_ACTGCCAATTGGGAATGCCG,NUP153,770,60,0
NUP153_TCAACAGGGCATTCTTAGCA,NUP153,1459,41,14
NUP153_GCCAATTAAGCCTTACCAGC,NUP153,113,4,84
NUP155_GGACCAACATTACTTGGAGG,NUP155,884,55,88
NUP155_ATGTGCTGCTGTACAACAAC,NUP155,742,91,424
NUP155_AAAGCCAATGATGGAAACCC,NUP155,853,0,6
NUP155_ACGGCCTAATACACTGACGC,NUP155,1079,0,24
NUP155_TTGGGTACGGACAGCAAACC,NUP155,1908,52,88
NUP155_GCCGTCTTCTTTGTTGGGCG,NUP155,726,158,64
NUP160_TACTCTCAGTGCTCACCAAC,NUP160,1212,425,465
NUP160_CAGTTCCAGCAGTAAGCCGA,NUP160,918,32,1
NUP160_AAGCACATGGTAAGGCAAAC,NUP160,2005,268,190
NUP160_TACACTCCTATACATCCGGG,NUP160,640,0,1
NUP160_AAATACAGTGAAAGCGCGGG,NUP160,871,0,0
NUP160_GAGCTGAGCGCGAAAGGCCG,NUP160,291,0,36
NUP188_CCCGCTCCGCACCTCACACA,NUP188,2839,514,566
NUP188_ATTGGCGGCGATTGTTAGAG,NUP188,609,100,19
NUP188_AGCTTCACCATTGAAGGAAC,NUP188,344,133,207
NUP188_GCAGCATGGACTGTTCCCGA,NUP188,1262,54,103
NUP188_AGAACTGCATCAGTTTGCGC,NUP188,663,142,36
NUP188_CTGGGTTCAGAGTGTGACGG,NUP188,2144,319,321
NUP205_TTACCCGAATTTACCGCCAA,NUP205,1386,55,64
NUP205_AGTCGCCATTCAGGGTCAAC,NUP205,236,101,247
NUP205_GCCTTGATACAGTCTAGACG,NUP205,656,1,20
NUP205_ACAGATGAGCTGATGGAGCA,NUP205,1140,0,0
NUP205_TAAAGGTGACTGGCAAGCCC,NUP205,915,21,0
NUP205_CGCCCAGGCAAGTCTAACAG,NUP205,1976,50,0
NUP210_ACTATCTACGTGGTCGAACC,NUP210,403,242,145
NUP210_GCAGCCTCGTCCTTGGCCAC,NUP210,105,47,122
NUP210_CGTCATAGGCCGGGTTCAGA,NUP210,1586,297,356
NUP210_GCTCAAGGCTCGCATCCAGG,NUP210,431,271,397
NUP210_TGAAGGACTCCGAGGCGGAC,NUP210,852,477,438
NUP210_CACGCGCGTTAACTTCACGC,NUP210,1568,324,127
NUP210L_GGCTCCAAGATCCATGGACG,NUP210L,1042,226,535
NUP210L_CATAGTAACCACGAAAGGAG,NUP210L,874,183,252
NUP210L_ATAGGTTTCACTGTCCAACC,NUP210L,878,146,341
NUP210L_CATGGTGACTGCCTCACAAC,NUP210L,838,235,100
NUP210L_TGAAATTGTATCTCGGGCCC,NUP210L,1152,205,148
NUP210L_CCGGCGTCATCAAGACGCCG,NUP210L,1,1,0
NUP214_ACACACTGAGGGCGGCGCGA,NUP214,927,99,91
NUP214_GAAATTCCCAATCCATCACC,NUP214,192,10,0
NUP214_ATAGTGTATGCTGCTGCAGA,NUP214,495,20,107
NUP214_TCCGTGCAGCTGCCATAACA,NUP214,1848,103,103
NUP214_CCTGATCACTTTGTCGAGCA,NUP214,992,255,682
NUP214_GAGTGATGACTCCTTGCCCA,NUP214,224,103,0
NUP35_AAGTGTAGTTGCCGACGCAA,NUP35,253,199,118
NUP35_GGTTGTGGAGTCACCGGAGC,NUP35,401,21,74
NUP35_CTAGGTACACCAACACAACC,NUP35,1656,315,331
NUP37_CTCCTCCAATTACACACAGA,NUP37,1124,79,69
NUP37_CAGGCTCGATCCATGTGAAC,NUP37,1392,401,592
NUP37_TGCCATTAATGTCAGCACAC,NUP37,783,279,162
NUP43_GCCAGGAGCTAATGACAGAC,NUP43,927,19,17
NUP43_ATCGTTACAGTTGGAGAGGA,NUP43,580,76,7
NUP43_CATGGTGCACTGCTATAGGA,NUP43,475,77,38
NUP43_CCTTCACCATCCAAATAACC,NUP43,2019,42,180
NUP43_GCGGTCTGTAAACTTCCCGG,NUP43,35,7,7
NUP43_ATGCCGAAAGCGGCCGCAGC,NUP43,190,181,72
NUP54_GAAACCATCCACATCAGAGG,NUP54,715,215,229
NUP54_AGAGCAGTTGCGAGTTCAGC,NUP54,1088,22,59
NUP54_TATTATCTGGGAACAGGCCA,NUP54,187,4,11
NUP54_TACTGGTTTGGGAACTGGAC,NUP54,584,165,192
NUP62_ACAGCTCAAGCGCATGGCCC,NUP62,602,0,60
NUP62_AGGCCACCCAGGTCAACGCC,NUP62,577,130,32
NUP62_CAGTTGCTATTGACGCAAAG,NUP62,531,125,330
NUP62_GAGCCAATGTTGAAACCGGA,NUP62,86,21,0
NUP62_ACTCCGGCCACACAGACGAC,NUP62,2055,15,59
NUP62_GGCAAGTGAGAACAGGCCGG,NUP62,0,0,18
NUP62CL_AAGCATTGACCTGAGTGGCC,NUP62CL,454,392,180
NUP85_TTCTTCTTGGAATTCACGCC,NUP85,783,5,10
NUP85_ATGTATGGAGGAAATGCACC,NUP85,525,0,4
NUP85_TGGCCGCCAGTTCAGCAGCC,NUP85,967,177,107
NUP85_GCCGGACCCAGTCAAGGAGA,NUP85,600,0,0
NUP85_TCGGCATATGCCTGCAGAGG,NUP85,1109,31,160
NUP85_ATTCGCCACCAGCCCTCACC,NUP85,378,0,0
NUP88_CAAACAGGACTTGGCAAAGG,NUP88,1522,325,524
NUP88_CATCTTCTCGAGTACAAAGC,NUP88,358,100,49
NUP88_AGGGCAATGGCTTCGTACAA,NUP88,1107,98,34
NUP88_GCCGCAGGATGCATGGGCAA,NUP88,515,89,74
NUP88_AAATCTCTCCGCAACTGGAG,NUP88,292,18,0
NUP88_GCAGTTGCTGACGAGAAACG,NUP88,1162,119,11
NUP93_CCTGTAAGTTCCGTTCCACA,NUP93,1149,63,76
NUP93_CATCGAAGAGTCCCGGAAGA,NUP93,2590,84,45
NUP93_TTTCTGGCAGACCTTCGGCA,NUP93,753,21,0
NUP93_TTATCCAGAGAGCTTCGACC,NUP93,1376,59,9
NUP93_CGGAAGCACAAAGGTCCACC,NUP93,664,29,61
NUP93_GCGCATGGAGTTTGTCAGGC,NUP93,1583,85,339
NUP98_GATGTCAGACCCTAAGAAGA,NUP98,492,23,104
NUP98_TTTGGAAGTAAACCAGCACC,NUP98,352,296,205
NUP98_TGTACCAAATGAAGGTGCAC,NUP98,144,0,0
NUP98_AAGGGTCTGTTTCCTTACCA,NUP98,178,0,15
NUP98_CAGGAAGGGCCCACAGAACC,NUP98,1293,91,127
NUP98_AGCTGGCTGGCTAAATGAAC,NUP98,963,58,63
NUPL1_CGAATGACAATAGCCTAAGC,NUPL1,573,50,270
NUPL1_ACTACATCTGCTCCTTCAAG,NUPL1,1008,92,48
NUPL1_GCTCTGACATCAACTCCAGC,NUPL1,334,142,11
NUPL1_ACATCCTGGCAGATGACAGG,NUPL1,976,41,0
NUPL1_CTCCTGTCGTTGGCTGCCAA,NUPL1,513,125,217
NUPL1_AATCCAGCAACTTACTCAGC,NUPL1,509,43,0
NUPL2_CGTCAGCGACGCCGTCGCAA,NUPL2,493,36,31
NUPL2_ACCGATCTCCAAAGCGGCAC,NUPL2,543,83,206
NUPL2_TGGAGCTTCAACTAACAGGA,NUPL2,735,293,235
NUPL2_CAGCTCTCTGATGTAAAGGA,NUPL2,481,181,48
NUPL2_CTTCCAGCTTCCTTGGCAAC,NUPL2,1147,797,698
NUPR1_AGTTTCCTCTCGTGCCCGCC,NUPR1,15,39,98
NUPR1_GGGCCTTACCGAGGTAGGAA,NUPR1,929,513,198
NUPR1_TACCGAGGTAGGAATGGGCC,NUPR1,701,90,18
NUPR1_TGAATCTGACCTCTATAGCC,NUPR1,597,73,121
NUPR1L_CGCACCAACTGGCCTGCACC,NUPR1L,1420,363,453
NUPR1L_CGAGCCAGAGCCTGCAGACG,NUPR1L,3519,744,383
NUPR1L_GGATGGAAGCGCCCGCAGAG,NUPR1L,1356,316,455
NUSAP1_GCCGTACCCTCAGGTTGGCC,NUSAP1,6,0,0
NUSAP1_TGGTGCTCGTCTGGTGGAGA,NUSAP1,1045,99,281
NUSAP1_ACAGATGAGTCATCCAAACC,NUSAP1,2698,1191,747
NUSAP1_AGGACTCCAGTACCTCCAAG,NUSAP1,220,156,216
NUSAP1_GCCAACGACGCTCGCAAGGC,NUSAP1,813,176,246
NUSAP1_GAAACGCGAGCAAGAACGAA,NUSAP1,460,627,629
NUTF2_GCAGTACCATTACCTTAAGC,NUTF2,1004,29,91
NUTM1_AGTGCCCAAACCTGAGAGGA,NUTM1,356,124,94
NUTM1_TTGGAGCGGTCACCTAGGGA,NUTM1,1038,408,271
NUTM1_CGGGCCAGGGAACGAAGCAC,NUTM1,1130,537,298
NUTM1_GCTGGCAAACCTCAGAGGCC,NUTM1,150,126,84
NUTM1_TTGGGTGCCTCAGGAGCAGG,NUTM1,90,58,109
NUTM1_TAGCTCCTCAATTAAGGCCA,NUTM1,397,65,70
NVL_TGAGCCCACTTCTGAAACAC,NVL,2598,137,132
NVL_TTCCCGCACGTCTCAAAGCA,NVL,1736,50,0
NVL_CCCGGAGGTGTACCACCACC,NVL,228,21,20
NVL_TGTTTACCAGCTAAAGCCAG,NVL,251,0,52
NVL_CCTGCCAAAGATTCTGAAGG,NVL,1744,121,388
NVL_AGCGGTGCAGAATACACACC,NVL,468,59,68
NWD1_CCCAGGTCGTTGATCTGAGG,NWD1,1879,123,216
NWD1_CGCGGATCGATGAGAAGGAG,NWD1,1959,412,741
NWD1_CCTCACACGCCTCCGTGAGC,NWD1,1,50,11
NWD1_TGAAGCCATCCACGGGCCGC,NWD1,629,167,197
NWD1_TCCGAGAGAGCCAAGAGGCA,NWD1,2026,943,671
NWD1_GCAACTCCTTCAGCTTCCGC,NWD1,285,154,111
NXF1_CATTAGCTCAGCCTCCCAGG,NXF1,649,119,86
NXF1_CCTTGAACTTGAGCAACAAC,NXF1,1071,175,142
NXF1_AAAGGCCTCCGTTCAGACCC,NXF1,460,95,118
NXF1_TTTGGATCGGGAGAACCGAA,NXF1,379,26,27
NXF1_GGAAACCGTAGGTCTGGAAG,NXF1,598,8,3
NXF1_GCTGTGGCATGGCGGACGAG,NXF1,827,98,228
NXF3_TGTGGGCACTAGGGTGAACA,NXF3,1526,914,784
NXF3_TCCGAGAAGGTCGTGCACAC,NXF3,1094,770,913
NXF3_GGTGAACCGTGATACTAAGA,NXF3,32,82,49
NXF3_TCTTACCTCAACTGGGACGA,NXF3,1252,105,350
NXF3_CGGATGGGACCTTAGGGAGC,NXF3,2145,616,679
NXF3_AGCAATGCATGGTGCCCACA,NXF3,164,191,263
NXF5_TCCTTAGAGTGGTCTTAGGC,NXF5,715,129,206
NXF5_CAGAGGCAGCACTAGCAACC,NXF5,2542,670,914
NXN_GGCGAGGTGATCACGCGGCA,NXN,1029,187,663
NXN_CCTACACGGATGAGGCCCGG,NXN,724,147,413
NXN_TCTTCCGGTAGGATTCCACC,NXN,523,37,68
NXN_CTGCCCATTGTTTCTAAGCA,NXN,2027,1201,1555
NXN_CCTCGACGCCACCACTGGGA,NXN,513,145,88
NXN_GGAGCTGCTCGGCGAGAAGC,NXN,697,168,181
NXNL1_GCACCGCCTGCTTCGCCAAC,NXNL1,839,585,809
NXNL1_TCGTGGTGCTCAAGCCGGAC,NXNL1,629,359,301
NXNL1_CCACTGAGAACTGGCGCCCG,NXNL1,1769,291,352
NXNL1_CGTGTCCCAGGACTCCACGG,NXNL1,823,203,198
NXNL1_CACGAAGAAGTCCTTGAGGA,NXNL1,533,229,264
NXNL1_CCAGGACGAGCTGGATACGG,NXNL1,1813,561,547
NXNL2_CATTCTGGGCGAGCGGCACC,NXNL2,194,185,152
NXNL2_TCGCGCCCTTACAGGTCACC,NXNL2,422,90,103
NXNL2_GGCGGCGCTGCAGAACAAGG,NXNL2,775,263,149
NXNL2_CACTGTACTTCGCGGCGGCC,NXNL2,1077,443,408
NXNL2_GGGAGGTCATCACCAACAAA,NXNL2,997,306,564
NXNL2_AGGTCATCACCAACAAAGGG,NXNL2,874,243,348
NXPE1_AGTGTCAGTGCCATATGCAA,NXPE1,713,216,252
NXPE1_CAGGGCCATCGGTGTTCAAA,NXPE1,261,680,437
NXPE1_GATCCTTTCTCTTCTCAGGA,NXPE1,311,316,328
NXPE1_AGATACCTCTCTATTCCGGG,NXPE1,273,163,134
NXPE1_CTCTGACCTACATGACCACC,NXPE1,154,273,123
NXPE1_ATGTAGGTCAGAGCCTCACA,NXPE1,347,131,97
NXPE2_ATGTGGGTCAAGGCCTCACA,NXPE2,489,48,26
NXPE2_GCTACCTGGTCAATTTCCCG,NXPE2,312,463,381
NXPE2_GGGTCTGAAGTGTTGGCCGA,NXPE2,659,32,80
NXPE2_ACGTCTATTCTTGCGAAGCC,NXPE2,647,266,255
NXPE2_CACCAACAATGCCCATCCAC,NXPE2,1240,279,337
NXPE3_CCTGTCCAGCCAGGAGCGCA,NXPE3,292,218,111
NXPE3_CCATGCGCTCCTGGCTGGAC,NXPE3,1381,360,399
NXPE3_AGGGTGGTGGATTACCAGAA,NXPE3,1124,223,246
NXPE3_AGTTACCCAATCAGGTCCAC,NXPE3,214,5,125
NXPE3_TGAAGCGGATGGGTGGACCA,NXPE3,2024,286,458
NXPE3_GATGTACACTTCCAAAGGGA,NXPE3,140,62,119
NXPE4_TTTCCGACTACATGTTGAGG,NXPE4,447,150,76
NXPE4_ACCCGGGCCATTGACAGAAC,NXPE4,2150,387,1106
NXPE4_AGAGATGGAGTACCTCACCC,NXPE4,858,140,115
NXPE4_GAGATTCCACGATCCGCCAG,NXPE4,1272,219,254
NXPE4_GGATCAGGCCACATTCAGAG,NXPE4,945,454,817
NXPE4_GGGAAGTGCCATTGACAAAC,NXPE4,1562,655,663
NXPH1_AGTAGACGGTGGGCTGCAGG,NXPH1,134,80,55
NXPH1_AAGACTTACCAAGTAGACGG,NXPH1,396,175,372
NXPH1_TGTGCCAATTTAACGAACGG,NXPH1,813,466,346
NXPH1_CTTCTCTTGGCCCTGGGCCG,NXPH1,740,547,655
NXPH2_TGGAGCACAACCAAGACACA,NXPH2,1857,680,481
NXPH2_AGGGACGTTGGTCGGCAACG,NXPH2,627,691,435
NXPH2_GAAGTGGTGCATGCCACGGA,NXPH2,353,55,53
NXPH2_GGAAGTGGTGCATGCCACGG,NXPH2,1004,50,331
NXPH2_CAAGCCAGGGACCACCACGA,NXPH2,7496,1842,1295
NXPH2_AAGCCAGGGACCACCACGAG,NXPH2,1596,564,331
NXPH3_CCTGAGCGTGATGACCACGA,NXPH3,1436,547,282
NXPH3_CTGTGGCATTGTGTTGGAAG,NXPH3,4416,825,831
NXPH3_TCTTCAACTGCCGGATGGAG,NXPH3,507,248,277
NXPH3_CTACAGCACGGACTATCGGC,NXPH3,1974,232,91
NXPH3_GGAGGCTGAACGGCACACGG,NXPH3,229,285,247
NXPH3_AACTGTGTGCCAGGAAGGCC,NXPH3,240,55,251
NXPH4_TGGCCCGTGGCTCCTTAGGA,NXPH4,655,152,101
NXPH4_TTACCTTCCTAAGGAGCCAC,NXPH4,387,48,133
NXPH4_CCAGGATCTGGCCGGAGGAA,NXPH4,2746,618,696
NXPH4_TGCTCCCAGGATCTGGCCGG,NXPH4,840,127,176
NXPH4_TCTGCAGTCTACGCTCGCCC,NXPH4,358,86,100
NXPH4_TTGTCTTCTCATACTCCACG,NXPH4,1021,208,164
NXT1_CAATGTCTACTACACCACCA,NXT1,552,323,378
NXT1_ACACCACCATGGATAAGCGG,NXT1,1476,122,195
NXT1_AGCCACACCAAGCCAGACCA,NXT1,863,396,650
NXT2_CATTCCGCAGCCCTGCGGAC,NXT2,372,80,5
NXT2_TCCTCACGTGTCCGGTCCGC,NXT2,397,130,408
NXT2_AACCAGGCTGTATCTGGACA,NXT2,2440,191,1685
NXT2_ACAGTTCTTGTTGTGACCAG,NXT2,859,322,295
NYAP1_TGCCCACCGAGTGGCAGGAG,NYAP1,666,417,468
NYAP1_CTTGACCGCCGAGTACACCA,NYAP1,1757,202,400
NYAP1_CCCACGTCATCGCCAGCGCA,NYAP1,1952,966,1166
NYAP1_GCAAGGTGGAGCGTGAGGAC,NYAP1,1396,318,487
NYAP1_CTTCACGGGAGGCTACCGCC,NYAP1,430,128,48
NYAP1_AGAGGACCGTGTGCTGCCGG,NYAP1,122,0,98
NYAP2_GAAGTAGGGCGAGGCCACGA,NYAP2,740,350,216
NYAP2_CGTGGGCAAACATTTCCGCA,NYAP2,1642,894,852
NYAP2_GGAGCCCGTGTACATCGAGA,NYAP2,441,167,59
NYAP2_CACTGGACGACTTGCGCAGC,NYAP2,1607,318,455
NYAP2_CCTAGTCGACTGGTGACCAC,NYAP2,1271,441,207
NYAP2_CACCTGACGTCGACGCAGAC,NYAP2,682,252,439
NYNRIN_GAACGCCTTCCAGAGCCGCC,NYNRIN,199,3,83
NYNRIN_GGGAGTCAGAGATGCCGAAG,NYNRIN,468,235,182
NYNRIN_GCCCGTGACTACTCACACCA,NYNRIN,1260,826,1176
NYNRIN_GGCAGCTGAAGAAGAACCGG,NYNRIN,674,113,108
NYNRIN_ACACCCTCCCAGCTTGAGAA,NYNRIN,1861,669,765
NYNRIN_CAAATTGGGCCTCTTGCCCA,NYNRIN,47,18,113
NYX_ACTGGGTGGATGAAAGGCCG,NYX,622,337,189
NYX_TCGATGGAGACCGCCTCGCA,NYX,1133,533,150
NYX_TCCATCGACCTGGACCGGAA,NYX,1514,405,601
NYX_GAGCTGCGCCTGGCGCACAA,NYX,363,177,197
NYX_CAACCTGGGTGGCAACGCGC,NYX,1216,315,266
OAF_AGTCGGCGGTGAAGGAGACG,OAF,762,470,455
OAF_TGATCTCATTGTGCTGCAGC,OAF,245,205,253
OAF_TGTCGCTGTCAACTTCAGCC,OAF,1760,290,943
OAF_TGCCATCTACACCCGCCAGG,OAF,151,0,13
OAF_GATCCCTACCCAGGCTAGGG,OAF,0,97,0
OAF_AGGTTGCTCCCACCCTAGCC,OAF,167,222,420
OARD1_TGTATCTGCGATGATCGAGG,OARD1,817,47,236
OARD1_GAGGATTGTCGCATGGGCGC,OARD1,503,126,128
OAS1_ACCACCTTGGACACACACAC,OAS1,710,548,327
OAS1_TCAGGGTGGCTCCTCAGGCA,OAS1,1784,451,257
OAS1_TCATCCGCCTAGTCAAGCAC,OAS1,2588,322,324
OAS1_AGCTCCAGGGCATACTGAGG,OAS1,983,72,204
OAS1_AAGTTTCCTGTAGGGTCCGC,OAS1,404,148,204
OAS1_TATAATCCAGGACAGAACCC,OAS1,644,323,149
OAS2_ATGGCCACTCCCTGCACCAG,OAS2,610,286,74
OAS2_AGTTCTGTCTGTTCACGAAG,OAS2,487,54,156
OAS2_GATGCCAGTGCTTTATCAAG,OAS2,875,167,49
OAS2_TACGGTGTATGCCTGGGAAC,OAS2,1835,370,381
OAS2_TCGTGAAGAGTGGTGCAGGC,OAS2,1388,560,580
OAS2_TAGGGAGGATCAACCGCCAA,OAS2,800,240,198
OAS3_AGGAGTTCGTAGAGAAGGCG,OAS3,403,274,154
OAS3_CACTGAGGATCTCTGCACGG,OAS3,461,161,199
OAS3_CTTGGGTTTGACGCCGGAGC,OAS3,510,204,247
OAS3_TCTCACAGGTGTGCCTACAG,OAS3,1079,311,638
OAS3_ACCACCCATGCTTTCTGAGG,OAS3,491,101,140
OAS3_CCATGAGAACTGTGTTCACA,OAS3,576,109,188
OASL_CAGGATTCTTCACGAAGACC,OASL,685,118,366
OASL_CATTACCTTCACGTTCCAGC,OASL,764,334,88
OASL_TGACTTCATACTCCAGGAGC,OASL,539,301,229
OASL_ACCAGTGTTTCACCAGGCGC,OASL,184,32,96
OASL_GAGAACCGTGCCATTCCCGA,OASL,427,0,29
OASL_CGTGGAGGAGTTTCTGAGGC,OASL,1787,354,673
OAT_CTTTACCTCAAGGGCTGCGA,OAT,399,141,100
OAT_AAACAGCTAACGTGACAACC,OAT,1316,171,283
OAT_ACAGACCCAACCAGTTACGA,OAT,1245,517,391
OAZ1_TGATCGGCTGAATGTAACAG,OAZ1,1439,321,368
OAZ1_TAACGTCCAACGACAAGACG,OAZ1,649,518,1492
OAZ1_GCGTTTGGCGTCTGTGAGCC,OAZ1,594,215,396
OAZ1_CGAGAGAGAGTCTTCGGGAG,OAZ1,1786,386,392
OAZ1_GAGAGAGTCTTCGGGAGAGG,OAZ1,448,23,69
OAZ2_GAACATCACATCTGGCCGAG,OAZ2,828,243,489
OAZ2_CAAACAGGCTCTGGCTGGAC,OAZ2,157,388,126
OAZ2_CGGTGACCTCATACTGGAAG,OAZ2,1072,579,641
OAZ2_GAACAATGTGCCTGCAGCAC,OAZ2,2,19,5
OAZ2_GGATGATAAACACCCAGGAC,OAZ2,651,137,259
OAZ2_GCCGAGGATGATAAACACCC,OAZ2,771,110,123
OAZ3_TACTAGGGACTCAGGAGCAC,OAZ3,1396,233,376
OAZ3_AGGCCTTGGATCAAGGCAAC,OAZ3,283,130,94
OAZ3_TGGATCAAGGCAACCGGGAA,OAZ3,1916,428,636
OAZ3_CAGAATGATCGGAACGACAG,OAZ3,1989,160,381
OAZ3_GACATTGTCCAAGGGAGGGA,OAZ3,551,144,123
OAZ3_AAGATGACATTGTCCAAGGG,OAZ3,391,293,248
OBFC1_TGCTCGCCTGAGCATCCGCC,OBFC1,128,212,216
OBFC1_GATCCACCGGATCATTCAGC,OBFC1,226,23,0
OBFC1_AATCACAGGCTGATTGGCAA,OBFC1,965,120,148
OBFC1_TCTAGGGCTGAGCTGTGAAA,OBFC1,1789,177,248
OBFC1_CTTGCAGTGGATGACAGCAC,OBFC1,1078,123,432
OBFC1_TGGATCCAGCCGGTGTGAAG,OBFC1,2414,46,119
OBSCN_AAGTGCGCTGCGCATTCGGG,OBSCN,1,76,122
OBSCN_AAAGCTCCCTCGGAAGACGG,OBSCN,500,117,210
OBSCN_TGGATCCTGTGGTAAAGGCC,OBSCN,811,246,278
OBSCN_GACCTCACGGTGGCCTCAGC,OBSCN,287,3,32
OBSCN_ATCAGGCTGCGGCTGTGACG,OBSCN,195,192,507
OBSCN_CGGTGAGCGCTTCTTGCAGG,OBSCN,388,142,95
OBSL1_CGAGTTGCTGGTGGTGAAGA,OBSL1,3087,445,605
OBSL1_CAGCTGAGTCCTGCACGCCG,OBSL1,2292,119,368
OBSL1_AAGCGGTAGTCACCCTCGGA,OBSL1,559,226,80
OBSL1_CTAGTGGAAACTCTAGAGGC,OBSL1,609,160,255
OBSL1_TCCGGCGCCTCATCATCCAC,OBSL1,821,365,129
OBSL1_CTTACCACCCGCACAGGCCG,OBSL1,1360,440,373
OC90_TCTGACATCCCGGTGCCCGG,OC90,113,220,177
OC90_CCCAGAGATTTAATGCCAGC,OC90,1361,171,202
OC90_CCCAGTAGGCTTACCTGGAG,OC90,1211,696,847
OC90_TGGCTCACCTTCTCCTGAAA,OC90,1689,296,410
OC90_CTATGAGGAGGCCGCTGAGA,OC90,948,303,225
OC90_TTGACAAACTGGATCAGCAC,OC90,1408,288,492
OCA2_TTGTACAGGTCACTCACAAC,OCA2,1706,742,329
OCA2_GCAGCAGCGTGGAGTCCACG,OCA2,276,368,326
OCA2_TGGATACAGTAGTTCTCCAG,OCA2,477,211,212
OCA2_GGATGTGCGGGCTGTCCAGA,OCA2,737,190,161
OCA2_GGAATCTTTAGACCTGGAGC,OCA2,31,165,135
OCA2_CACAAGTTCAGCGAGTCCGC,OCA2,1043,315,416
OCEL1_AGCGTCTGGAGCTCCGAGCC,OCEL1,1442,367,327
OCEL1_CAAAGACTCGCGGCTCCCGG,OCEL1,685,33,5
OCEL1_CAATAGGCTTCTTGGCGCCC,OCEL1,83,120,371
OCEL1_CTTGGAGCTCCAGCACGAGG,OCEL1,411,122,251
OCEL1_GGAGGCCCAAGTTGCAGCCC,OCEL1,620,43,114
OCEL1_GCCTGCTTGTCCAGGAAGCC,OCEL1,374,203,411
OCIAD1_GCCTGATTACATTCCAACAG,OCIAD1,1756,499,529
OCIAD1_ATCGTAAAGCTTCTCCAAGG,OCIAD1,1530,284,213
OCIAD1_GATCGTAAAGCTTCTCCAAG,OCIAD1,172,142,78
OCIAD1_GCACGACGATCTTCACCACC,OCIAD1,640,180,409
OCIAD1_ATGAATGAATCTGCTCCCAC,OCIAD1,523,90,16
OCLN_AATTCATCAGGCCTGTAAGG,OCLN,633,298,254
OCLN_CCGAATCACTCCTGGAGGAG,OCLN,1862,667,543
OCLN_TCCACGCTTGCCTGGGACAG,OCLN,1051,288,152
OCLN_GGCTTTGGTAGCTACGGAAG,OCLN,1751,317,302
OCLN_CAACGCGGCAATGAAACAAA,OCLN,512,215,122
OCRL_TCTCCGGCGGATACGGCAAG,OCRL,704,120,375
OCRL_TGGGCTAGGGTCAGGGCGCA,OCRL,494,135,349
OCRL_GCTGTTCCTTCTCATGCAAC,OCRL,662,696,506
OCRL_GCTGTCCTTGCTGCTCAGAA,OCRL,1014,380,392
OCRL_AAATACCCAATCTGGGCAGC,OCRL,407,166,137
OCRL_CTAACCCGCTATCTGGAGAC,OCRL,1733,268,298
OCSTAMP_TGTGACCTACTTCCCACGCA,OCSTAMP,1683,383,539
OCSTAMP_CTGCCTGCAAGCCTCCGGCA,OCSTAMP,1118,216,110
OCSTAMP_AAGCGGCGATGGCATGCCGC,OCSTAMP,470,22,36
OCSTAMP_AGCGCTAGGGACCCAGCGAG,OCSTAMP,307,107,104
OCSTAMP_GACGTTGGGCACCACAGCAA,OCSTAMP,1351,296,186
OCSTAMP_GCCCACCCTGGGTATGGAGC,OCSTAMP,636,211,577
ODAM_TCAGATACCCTTAACAGGAG,ODAM,2889,309,650
ODAM_TTTGCCCAAGGAGCCCAGGC,ODAM,1552,118,334
ODAM_CAGTTTACATGGTCCTACCC,ODAM,195,195,27
ODC1_CTACGTTCAATGGCTTCCAG,ODC1,1011,390,203
ODC1_GGAAAGTATTTGTCCAACGC,ODC1,1130,111,98
ODC1_TATCTGCTTGATATTGGCGG,ODC1,603,0,65
ODC1_ATCAGAGATTGCCTGCACGA,ODC1,311,177,557
ODC1_GCTCTTTCGCCCGTTCCAAA,ODC1,772,555,384
ODC1_ATCCTGTCCCGGTAGCAGCA,ODC1,881,386,580
ODF1_GGTGCATATACAAGTCGCAC,ODF1,227,21,80
ODF1_CTCTCCAAACTTCTGAGAGA,ODF1,983,122,443
ODF1_AGTTCGAGTGAAGGATGGAA,ODF1,676,310,326
ODF1_TGTCGGCTGAGCGGGAGAAC,ODF1,1198,682,899
ODF1_GGCTTCCACAGGGATAACAC,ODF1,1833,248,301
ODF1_CGGCTTCCACAGGGATAACA,ODF1,2264,752,684
ODF2_CAATGGGCGAGCTGCCGACC,ODF2,551,51,226
ODF2_TTTCCATCGTGTGGGAAGAA,ODF2,909,384,469
ODF2_ATCCACGTGAACATGTAAGG,ODF2,1280,794,514
ODF2_CCACAGAAATCTCACAAGCG,ODF2,1930,389,498
ODF2_CAACATCGAGCGCATGAAGG,ODF2,2589,588,230
ODF2_GAAACACCTACAACAGGAGA,ODF2,482,47,48
ODF2L_TACAGCATTGGCCAGACAAC,ODF2L,755,249,260
ODF2L_GACAAAGCTTTCTCTGGAAG,ODF2L,540,165,150
ODF2L_AGAGTCTGCAGTGCTGCAAG,ODF2L,820,258,332
ODF3_ATGGCCCTCTACAGCAGCCC,ODF3,521,139,60
ODF3_GCCCACCAAGCTGCGTGCAC,ODF3,939,233,188
ODF3_TGCCTTTGTCCGGGCAGAGA,ODF3,1116,372,198
ODF3_ATGGGCAGCATGTACGCAGC,ODF3,0,119,1
ODF3_CAAGGCTCCGCAGTACACCA,ODF3,1143,282,258
ODF3_TTGATGCCGAAGGTGACAAC,ODF3,240,151,202
ODF3B_ATCCCGAAACTCCAGCCGCG,ODF3B,593,251,233
ODF3B_GGCCTACAACGTGGATCAGG,ODF3B,320,247,187
ODF3B_ATCTACGGCCGCAGAGCGGC,ODF3B,0,8,0
ODF3B_GGTACTTCCCGGAGCGAGCG,ODF3B,309,12,161
ODF3B_GGCCGTAGATGGAGTAGGCG,ODF3B,1003,278,288
ODF3B_GGCAGCTTGTATTTGGGCCC,ODF3B,0,8,15
ODF3L1_CAGCCATGAAACTGCCCAAG,ODF3L1,1295,258,371
ODF3L1_GATCTTGGCCATGATGACAG,ODF3L1,561,147,82
ODF3L1_ATAAGCTGGTGCCTTGAACA,ODF3L1,577,368,245
ODF3L1_TCCAAGAGATAGCAAGGCCC,ODF3L1,285,66,38
ODF3L1_TCTGGTACTGGTTGGGAGCC,ODF3L1,751,118,249
ODF3L1_TGTCGATGACCAGTGGGCAC,ODF3L1,1766,197,141
ODF3L2_CGGATGCCCATAGAGAACGC,ODF3L2,459,183,450
ODF3L2_CATAGAGAACGCTGGAGCCC,ODF3L2,1336,183,195
ODF3L2_CTCCGGACGAGCGAGTAGGC,ODF3L2,1201,172,207
ODF3L2_GACGGCAGGACATACAAGCC,ODF3L2,225,98,89
ODF3L2_GCACGCACCGTTCTCCAGGG,ODF3L2,117,290,133
ODF3L2_GGGACGGCCACCCTGGAGAA,ODF3L2,1367,362,345
ODF4_AGAGTTCTGGCGCTGGCCCA,ODF4,894,147,137
ODF4_GGTAGAAGAGGCTCCTAGAG,ODF4,464,67,94
OFCC1_CCCAAGGCAGTGTGCGACGG,OFCC1,1563,1384,1285
OFCC1_AAACCCAAGGCAGTGTGCGA,OFCC1,1137,798,322
OFD1_CTGACGCCTGATGATGGCGC,OFD1,647,64,735
OFD1_CTCGGTCCATTTCAGTAGAA,OFD1,1948,573,702
OFD1_ATATGAGGATTCCCAAAGCC,OFD1,645,223,287
OFD1_AGAACTACGGAAAGCCGAAA,OFD1,711,130,203
OFD1_AAGTGGGCACACTTGAAGAA,OFD1,826,386,398
OFD1_CATGCCAAGGCAGTTGGAAA,OFD1,1435,579,683
OGDH_GAACTAGTCCCACTGAGAAA,OGDH,637,86,52
OGDH_CTCTGGTAGGCAGTGCCCGG,OGDH,811,160,107
OGDH_GATAATGTCAGCGGGCACGG,OGDH,273,236,231
OGDH_GGATGAGTCTGACCTCGACA,OGDH,652,47,83
OGDH_ACCGCACAAGCCTGGCCAGC,OGDH,1268,1,173
OGDH_CAAGTCTAGTGAGAATGGCG,OGDH,118,44,123
OGDHL_CATCGACAAATCCAGCGAGA,OGDHL,2494,627,1041
OGDHL_AGTTCTCCAGCGAGGAGAAG,OGDHL,369,132,119
OGDHL_GCGGGAGATCATTCGGCGCC,OGDHL,6,23,27
OGDHL_GGGCATTCTGGATGCAGACC,OGDHL,408,106,170
OGDHL_CTTCTTCAGGGAAGCCAGCG,OGDHL,393,192,94
OGDHL_ACCTTCCCAAGCAGCAAAGG,OGDHL,1384,318,808
OGFOD1_TATCCCTTCGTGGAACAAAC,OGFOD1,448,123,236
OGFOD2_TGGGTGCTTCACTATGGCGA,OGFOD2,1202,247,644
OGFOD2_TAACACAGCCTCGGCTGCGC,OGFOD2,1118,142,149
OGFOD2_GCTCCACCTCCTGCTCAAGC,OGFOD2,1724,436,406
OGFOD2_CGCTGTACTCAGTCACGGCC,OGFOD2,624,456,590
OGFOD2_AGTGCTCCAGCTCTTCCAGC,OGFOD2,619,151,103
OGFOD2_CTTGGGCAAGGTCTTCACAG,OGFOD2,748,300,525
OGFOD3_ACAGAACATCTTCTCAGAGG,OGFOD3,1475,287,207
OGFOD3_CCCTGAGTGCAAGTCCAGAA,OGFOD3,2199,1157,1191
OGFOD3_CCCTCCGTCAGATCCTCCCA,OGFOD3,590,160,374
OGFOD3_TCACCGATGTCGTCATCACC,OGFOD3,1403,340,266
OGFOD3_AGGACTACGACAGTCACCGC,OGFOD3,832,215,180
OGFOD3_ACCAAGGCGCCCGAGGGCAA,OGFOD3,238,77,46
OGFR_CTTCCCAGTCCAGAATGACA,OGFR,1388,300,183
OGFR_CAGAAACTGGCGAGCCACGA,OGFR,1029,455,321
OGFR_CTGTTTCCTCTGCGAGAACC,OGFR,1102,365,978
OGFR_GGGCTTCTACGGGATCCGGC,OGFR,434,162,13
OGFR_TGTGGGCCAGAGCATAGCAA,OGFR,1662,336,468
OGFR_GACAGTGCTGCGGTGGCCAG,OGFR,0,106,60
OGFRL1_CTCCGAGTCGGTCTGCCAGG,OGFRL1,279,552,98
OGFRL1_CGAGCCCGAAGAACCAGGGC,OGFRL1,1246,167,291
OGFRL1_TCAAGCCTTGTTCTCTCAGG,OGFRL1,494,69,104
OGFRL1_AGTGTTTCTGGGCGAACCGC,OGFRL1,669,227,94
OGFRL1_CTGTTATGACTGGAGGCGAG,OGFRL1,1004,432,575
OGFRL1_CCTGAGAATAACGAAGAAGG,OGFRL1,580,146,313
OGG1_TCCAGGCGCAGCTCAGAGCG,OGG1,1039,258,309
OGG1_CTTCCAGCTAGATGTTACCC,OGG1,1015,78,240
OGG1_CATCGCCCGCATCACTGGCA,OGG1,675,303,520
OGG1_CGTAACGGGCACGATAGCCC,OGG1,223,11,66
OGG1_GGACATCCACGGGCACAGCC,OGG1,381,187,166
OGG1_TTATGCTGGCTGGGCCCAAG,OGG1,739,228,430
OGN_CCGCATTGAAGAGATACGCC,OGN,1780,388,190
OGN_CTACTTGGACCATAATGCCC,OGN,926,72,113
OGN_TGCTGTACCACCCTTACCAA,OGN,1785,524,493
OGN_GCCAGCACCACCAACCCAGC,OGN,392,237,248
OGT_GGCGTCTTCCGTGGGCAACG,OGT,605,180,59
OGT_TCCAGTGTCGAAGGCTGGAC,OGT,264,1,80
OGT_TAGCAGCGGGTGACATGGAA,OGT,691,201,108
OGT_GGCTTCTTCCAAGCGACCCA,OGT,275,9,17
OGT_GGCAATAGACACCTACAGGC,OGT,476,0,0
OGT_GCAAGTGTACTGCAGCAGCA,OGT,1540,1,33
OIP5_AGTGACCTCTCAAGGCAGCC,OIP5,9,42,68
OIP5_TTGAAGGTTCACTCAAAGGC,OIP5,2067,2,1
OIP5_ACCTTCAATGCCAACTAGGA,OIP5,775,34,74
OIP5_CCTTCAATGCCAACTAGGAA,OIP5,1414,58,1
OIP5_CATGGAGTGGGATACGCAGG,OIP5,1475,47,5
OIP5_CACGTTGTGCAACGCCGCCC,OIP5,525,36,84
OIT3_AGACTCACCCACGGGTGACA,OIT3,603,201,149
OIT3_CATTGAAGCTGGCACAAGCC,OIT3,465,377,481
OIT3_ATCTGCGACGAGGACTGCCA,OIT3,147,49,37
OIT3_GAGGATAACCACACTTGCCA,OIT3,428,10,121
OIT3_GCCGTTGGACACTCCTCGGC,OIT3,386,99,308
OIT3_GGAGTCACGAAGCTTGAGGG,OIT3,627,95,264
OLA1_CACATAGATGAACACCCACC,OLA1,181,320,219
OLAH_GAGACCAACCTAAGAGAACC,OLAH,234,63,21
OLAH_AAAGGGAGCCGTACAAAGGC,OLAH,719,205,395
OLAH_ACGGTGGCTCACGCCTACGG,OLAH,1479,193,320
OLAH_CATGTTTCAAGTCAAAGGCC,OLAH,263,43,298
OLAH_GCCTGGAAAGATGTAACCAG,OLAH,1514,182,155
OLFM1_AGGCTGAGGAGCTTCCGGGC,OLFM1,1067,124,185
OLFM1_TCCCTGCTGAGAAGTTCAAA,OLFM1,545,193,224
OLFM1_GAAGGGCTCTGAGGGTAAGC,OLFM1,577,85,132
OLFM1_GGTGTTGAGGCCCACCAGCG,OLFM1,767,358,615
OLFM1_GCGGGCATCCCGTGAACACA,OLFM1,476,144,222
OLFM1_CTTGCAGTACGTGGAGAAGA,OLFM1,1275,401,331
OLFM2_TGTTGTAACCGGCGCCCGGG,OLFM2,301,139,38
OLFM2_ACTCACCCGGCTATCCGCAC,OLFM2,1763,296,304
OLFM2_CATACCCAGCTTCTGGGCGC,OLFM2,473,42,103
OLFM2_CATTGTACGCTTGCGGGAGG,OLFM2,812,60,5
OLFM2_CCTCCAGTATGTACGCGGCA,OLFM2,1989,570,373
OLFM2_GCAGCTGTACACCTCAGCCC,OLFM2,1228,188,227
OLFM3_TTCCTGCCCACTTGAAAGGA,OLFM3,664,370,304
OLFM3_AACCTTCCTTTCAAGTGGGC,OLFM3,563,165,333
OLFM3_ACTTCGCCAACTACTGGAAA,OLFM3,1005,277,189
OLFM3_CGGCAAACAAAGACAGCAGC,OLFM3,427,692,325
OLFM4_TCCGCTGCCTAAGCTGCGGC,OLFM4,103,58,28
OLFM4_CCCACGGTCATCCACGGAGC,OLFM4,733,438,413
OLFM4_CACCTTTCCCGTGGACAGAG,OLFM4,899,400,205
OLFM4_CTCAGAAATTGTTGACCAGC,OLFM4,857,462,109
OLFM4_AGCCACGATTTCTCGGCGAA,OLFM4,1625,791,569
OLFM4_TTGCGGATCACCTATGGCCA,OLFM4,1961,758,528
OLFML1_CAATGCAGAAGCTCCTCGAA,OLFML1,1575,586,233
OLFML1_TGAGAGTTGAACGTGCCCAA,OLFML1,770,444,430
OLFML1_GAGAGTTGAACGTGCCCAAC,OLFML1,392,52,63
OLFML1_ATCAGCATGTTGTCACAGCC,OLFML1,990,93,278
OLFML1_GGTTCTCACAAAGATTGAGC,OLFML1,347,115,53
OLFML1_TCCTCACTGATAGTGCCCAG,OLFML1,1073,195,544
OLFML2A_TCTTCCACTCGTTCTCACAG,OLFML2A,1658,174,320
OLFML2A_GGAGGGCACCCTGTACAGCA,OLFML2A,261,312,393
OLFML2A_GCCTCAACTGCTCACTGAGG,OLFML2A,360,152,201
OLFML2A_CCTTGTAGTAGGTGAAGCCC,OLFML2A,764,151,223
OLFML2A_GGAGCAACTGCCGCCCAAGG,OLFML2A,773,230,384
OLFML2A_CATAGCTGTGGTGCCTCACA,OLFML2A,636,175,330
OLFML2B_TTTCAGCGGTGACAATGGAG,OLFML2B,1305,354,199
OLFML2B_CTTTATAGTAGGTGATGCCC,OLFML2B,5,139,68
OLFML2B_CGAACCGAGATGAATAAGCG,OLFML2B,1597,242,311
OLFML2B_GGAAGGAGCGTTCTATGGCC,OLFML2B,144,87,95
OLFML2B_TCGCAGGGATTGAGGGCCGA,OLFML2B,304,191,219
OLFML2B_CTCTGATTGTGGTTCCGGCC,OLFML2B,1244,201,349
OLFML3_GGCGTTCCATGTACTCCACA,OLFML3,251,205,233
OLFML3_CCCATCCCTTCAGGAACGGC,OLFML3,854,132,420
OLFML3_ACGATCCACTCTCCCGGAGA,OLFML3,1072,86,83
OLFML3_AGTGGATCGTCTGGAGCGGG,OLFML3,308,34,49
OLFML3_GCAGCTAATCAAATTCCACC,OLFML3,694,104,169
OLFML3_AGCAGACACCTACATCGACC,OLFML3,377,37,90
OLIG1_CAAGGCTGCGCGCGAGAAGC,OLIG1,319,190,111
OLIG1_GCGCATGCAGGACCTGAACC,OLIG1,853,793,946
OLIG1_AGAGCGAACTGGCCGCACGG,OLIG1,1897,774,328
OLIG1_GGGAGAGCGAACTGGCCGCA,OLIG1,19,155,5
OLIG1_CGGGAACTTGCACACGGCGC,OLIG1,1854,274,383
OLIG1_CGTGTGCAAGTTCCCGCACC,OLIG1,662,524,424
OLIG2_TCATCGGGCTCTGGCGACGA,OLIG2,859,261,342
OLIG2_GGCTGCGTCGTCCACCAAGA,OLIG2,605,482,706
OLIG2_CGTACGGCATGACCTCGCGG,OLIG2,169,160,79
OLIG2_GAGGTCATGCCGTACGCACA,OLIG2,921,85,187
OLIG2_TAGGCCGTGCGGTGGACGGA,OLIG2,182,115,42
OLIG3_GCCGATGGCGGGAAGTGAGG,OLIG3,553,225,260
OLIG3_TGAGAGCGCGCCGCCCAAGA,OLIG3,1740,609,1057
OLIG3_GGATGTAGTTTCTGGCGAGC,OLIG3,884,439,254
OLIG3_TCAACGGACGCGAACGCAAG,OLIG3,1794,527,668
OLIG3_AACTCGGTCTCGTCCACGCA,OLIG3,264,352,387
OLR1_TTCCCAGTTAAATGAGCCCG,OLR1,1355,539,375
OLR1_CCGCAAGACTGGATCTGGCA,OLR1,1393,332,386
OLR1_CAGCTCCTTGTCCGCAAGAC,OLR1,2124,1057,887
OLR1_TCTCATTCAGCTTCCGAGCA,OLR1,1041,761,831
OLR1_CTCATTCAGCTTCCGAGCAA,OLR1,1156,477,370
OLR1_CATTTGACTTCTCATCAGGC,OLR1,658,66,244
OMA1_CGAGGGTCTGGATTAGACAG,OMA1,1545,55,34
OMA1_TCAACTCGATTGCCATGAGA,OMA1,350,150,172
OMA1_TGGACTACTGCTTGCTGCAA,OMA1,1353,238,425
OMA1_CAAGCTATCTCGAGGACAAA,OMA1,1956,144,342
OMA1_GGCACTTCCTCCTAACAAGA,OMA1,544,208,83
OMA1_ACATTAGCATCCACCTCACG,OMA1,1978,333,290
OMG_ACCGAGGTAAGTGAGCAGGC,OMG,809,401,398
OMG_ATATACCAATCTGAGGACCC,OMG,142,238,163
OMP_CATGCCGCTGGTCCTGGACC,OMP,1277,107,387
OMP_AGCGGCTACAGTTCGAGCGC,OMP,209,207,281
OMP_TCACAGGCACCTCGCAGAAC,OMP,2768,1202,1413
OMP_CTTCCTCGTCACCTTTGGCG,OMP,1145,193,100
OMP_TTCCTCGTCACCTTTGGCGA,OMP,1319,216,364
OMP_CACCCTCGCCAAAGGTGACG,OMP,800,164,162
ONECUT1_TTGCATGTAGAGTTCGACGC,ONECUT1,1937,666,618
ONECUT1_GACATCTGTGAAGACCAACC,ONECUT1,485,113,89
ONECUT1_ACAGGCCATCTTCGCGCAGA,ONECUT1,613,226,319
ONECUT1_CCACAAGGACGTGGCCGGCA,ONECUT1,946,236,376
ONECUT1_AGCGATCGGCGAGCTGCACG,ONECUT1,347,69,305
ONECUT2_CATGAACCCGGAGCTGACAA,ONECUT2,938,422,393
ONECUT2_CTCGGCCATGGTCACCAGCA,ONECUT2,748,883,1119
ONECUT2_CCACACTCAGTCTCACGGGC,ONECUT2,652,1734,247
ONECUT2_GGCGTAAGGCGGACATGCGC,ONECUT2,701,54,115
ONECUT2_TTCCCAGAAGAAGTCCCGCC,ONECUT2,517,197,404
ONECUT2_TGGCAAGACGATCTGAGCAC,ONECUT2,1479,295,33
ONECUT3_GGGTCCGTAGAGGTGGCCCA,ONECUT3,323,48,91
ONECUT3_CCTCTACGGACCCTACGGCA,ONECUT3,1511,242,162
ONECUT3_GCGTGCCCTGAGAGCGACAC,ONECUT3,1236,491,217
ONECUT3_GCAGCCCAAGAAGCAGCGCC,ONECUT3,14,9,55
ONECUT3_CAAGCCGAGCTGCTGCGAGA,ONECUT3,852,260,256
ONECUT3_GGAGAAAGTGGCCGTGGCGC,ONECUT3,1400,110,40
OOEP_CACCGAGAACATCGTGCCCG,OOEP,1626,358,392
OOEP_CACAGATTCGCATCCGGCCC,OOEP,1853,318,665
OOEP_CGGATGCGAATCTGTGGCGG,OOEP,2058,433,590
OOEP_CGAATCTGTGGCGGCGGAAG,OOEP,2282,561,593
OPA1_GCTCGTGCTATATTGGCCAG,OPA1,58,5,1
OPA1_TACGCAAGATCATCTGCCAC,OPA1,0,1,44
OPA1_CAAGCTCGAATATTCCCAAG,OPA1,1084,129,31
OPA1_ACGAGAGTCTGTTGAACAAC,OPA1,1224,421,511
OPA1_TCGCCTGCGGGAACTTGACC,OPA1,292,32,15
OPA1_GAATTCATGGTCTGCGCAGC,OPA1,272,7,16
OPA3_TTCTCGGACGCCGGCGCAAC,OPA3,812,542,675
OPA3_CCCAGCTCTGCAATCCCGGC,OPA3,29,149,127
OPA3_ACTGCGCACAGAGCTGCAAG,OPA3,941,178,281
OPA3_GGGTCAGACTCACGTTGAGC,OPA3,185,121,200
OPA3_GACCTATATCTGCCTCCCGC,OPA3,0,137,0
OPA3_TCCTTAATACGGTTGGCAAG,OPA3,560,175,209
OPALIN_GGACGGTAACGGTCATGCAC,OPALIN,259,29,72
OPALIN_GAAGACTGTAGCAGGAAGCG,OPALIN,69,93,79
OPALIN_GAATACGATGGGAGCACAAG,OPALIN,947,131,274
OPALIN_CCCTCTCTTGGATTAGCGGC,OPALIN,126,192,26
OPALIN_GCCCTCTCTTGGATTAGCGG,OPALIN,935,241,118
OPALIN_ACGTCCTCTCCTGTCACAGG,OPALIN,2055,440,273
OPCML_AAACTCGGCCTCCAGAGCAC,OPCML,1110,129,230
OPCML_CCTCATTCCATCCAGACCAG,OPCML,293,522,567
OPCML_GGTGTTTCAGTCGGTCAGAA,OPCML,356,197,301
OPCML_GACCAGAGCCAACTGTGACA,OPCML,581,179,371
OPCML_CCATAGATGACCGGGTAACC,OPCML,1571,997,1070
OPCML_GAGAAGACGACCCAGTAGGC,OPCML,236,46,6
OPHN1_CAAAGCGCTTGCTGCGAGAA,OPHN1,1186,911,636
OPHN1_GATTACTCCCATGTTGGAGG,OPHN1,811,66,72
OPHN1_GAGGTAGAATTTCAAGGAGC,OPHN1,343,61,113
OPHN1_CACTAGGGATCAAGACAGAA,OPHN1,1344,447,510
OPHN1_AGACGGAGTCTATCGACAAG,OPHN1,1329,453,304
OPHN1_GAGGCTCAAGTGTTATGAGC,OPHN1,206,142,45
OPN1SW_CCAAGCTTGCATCATGAAGA,OPN1SW,1627,799,970
OPN1SW_CAACAACCGTAACCATGGGC,OPN1SW,1011,204,336
OPN1SW_GGTGTACCAGTCAGGGCCAC,OPN1SW,239,38,52
OPN1SW_CACCGGCTCCAGCCAAAGAA,OPN1SW,1472,528,349
OPN1SW_TACCAATGGTCCAGGTAGCC,OPN1SW,1077,215,453
OPN1SW_AGGGTTCCCACTCAATGCCA,OPN1SW,411,249,123
OPN3_GCTAAAGACCTACCAGCAGC,OPN3,586,50,210
OPN3_TATAAGGCATCCAACAGACC,OPN3,563,257,295
OPN3_AGGCATCCAACAGACCAGGA,OPN3,857,660,596
OPN3_ATAGGCCAGCACGGTTAGGG,OPN3,467,133,85
OPN3_CAGCACGGTTAGGGTGGCAA,OPN3,1082,311,266
OPN3_CCCAGTCCAACTCACCGAAG,OPN3,2183,454,657
OPN4_TGATGGATGGAAGCCGGCCC,OPN4,175,0,0
OPN4_AGACCATGCCCACTATACCC,OPN4,1253,129,132
OPN4_TGAGGAAGTCGCTGACCGCG,OPN4,1258,400,207
OPN4_CACTTACTCCAGCCGAAGAA,OPN4,965,358,265
OPN4_ATGGTGTAGGCACGCACGGC,OPN4,585,83,69
OPN4_AGCCACTGCTTACCCAGCAA,OPN4,2298,394,588
OPN5_CAGGCGCTCGTCCTGAGGCA,OPN5,556,159,102
OPN5_CGATCCAGCCAAACACCCAG,OPN5,1563,328,659
OPN5_CTTCGGAACCTCGTGCACCC,OPN5,640,297,341
OPN5_TCACAGCCGTTGGGAGCAAG,OPN5,2040,491,386
OPN5_CACAGAGAGCTGTATGGGAA,OPN5,77,141,67
OPN5_CAAACCACCAGTTTGGCAAC,OPN5,1384,559,539
OPRD1_CCGAGGCGTTGGCGAAGAGC,OPRD1,87,20,246
OPRD1_GCACACGGCCGAGTAGAGCG,OPRD1,576,185,406
OPRD1_CCAGCGCATCGGCTAAGGCC,OPRD1,711,182,331
OPRD1_CCAAGTACCTGATGGAGACG,OPRD1,3006,603,765
OPRD1_TGGGCACCACGAAGGCGAAG,OPRD1,501,368,261
OPRD1_TCGAGGAAAGCGTAGAGCAC,OPRD1,1680,84,173
OPRK1_CCTGCGTAGGATCACCAGAC,OPRK1,3010,1106,1418
OPRK1_CTTTCTCTCGGGAGCCAGAA,OPRK1,2253,833,1377
OPRK1_GACCGTACTCTGAAAGGGCA,OPRK1,248,65,233
OPRK1_AAAGGGACTGGTGTGAAGCC,OPRK1,892,244,226
OPRK1_CGCCGTGATGATGACCGGGA,OPRK1,1748,338,523
OPRK1_TGGGCCGAGCCCGACAGCAA,OPRK1,1056,351,629
OPRL1_GATAACCTCCCAGAACGGCG,OPRL1,496,119,86
OPRL1_CCGTAGATAACCTCCCAGAA,OPRL1,4018,1013,1144
OPRL1_TGAGGATGACGTACATGACA,OPRL1,1203,167,310
OPRL1_TGCCGAGCCCATGATGGCAA,OPRL1,1096,523,714
OPRL1_AGGTCTTCGTGCTGGCCCAA,OPRL1,352,182,245
OPRL1_GCAGCTGTTGACGTAGCCCA,OPRL1,1234,128,134
OPRM1_GCGGGATTCGGAGGCTGGAA,OPRM1,135,3,8
OPRM1_CACCGCTGTGCGAGGTAGCC,OPRM1,645,375,352
OPRM1_GAAGACCAATGGCTGAAGAG,OPRM1,452,249,384
OPRM1_AGTGTTCTGACGAATTCGAG,OPRM1,288,56,128
OPRM1_GGCTGCTTGGTTGTGTACCC,OPRM1,924,608,222
OPRM1_TTGTCAGAATACAGACACCC,OPRM1,900,191,215
OPTC_CGAGGCTAGTCACCTTAACC,OPTC,2220,1158,1388
OPTC_CTGAGTTCCCAGCCCAACCA,OPTC,1724,620,1156
OPTC_GCACACGCAGACCAGGCAGG,OPTC,1541,0,0
OPTC_ATCCAGGAACTCAATGCCAC,OPTC,472,109,42
OPTC_CAAACACACCCGCAGGCAGC,OPTC,910,221,328
OPTC_GAGCTACGTGAAGCGGCCGA,OPTC,104,0,0
OPTN_TGTCCAGGTTTGGGTGGGCC,OPTN,508,193,304
OPTN_GATTTGAGGAGCTTTCGGCC,OPTN,417,57,31
OPTN_CTGCTTGTAGCCTCACCACC,OPTN,1004,228,175
OPTN_CCCACGAGAACAGTCTCCAC,OPTN,1531,628,218
OPTN_ACTTGAAGTTGCACTCAAGG,OPTN,1010,255,307
OPTN_ATGATAGGTTGGAAGCGAAG,OPTN,561,208,174
OR10A3_AGATGAGCGGATTGAGCAGA,OR10A3,473,135,387
OR10A3_GATGAGCGGATTGAGCAGAG,OR10A3,230,138,264
OR10A3_CACACAAGCTCTAGTACCGG,OR10A3,644,54,187
OR10A4_AATCCATGTGGTTTGCACAG,OR10A4,1361,724,540
OR10A4_CAGACCAGTGCAATAACAGG,OR10A4,1829,512,458
OR10A4_GATCCCAGGATCAGCAAGAA,OR10A4,819,519,172
OR10A4_GCATCCTGAAGATAGTGGAG,OR10A4,1388,212,236
OR10A4_GCGGCTTATCCACAGGACCC,OR10A4,682,248,467
OR10A6_GAAATTATGGCGAAGGCGAG,OR10A6,694,135,318
OR10A7_TTGAAGTGCGAGATCCACAC,OR10A7,690,315,811
OR10A7_GCTGTCTGTAGCATAGACAC,OR10A7,568,177,210
OR10A7_ACGGCATTTGGTCCACAGAA,OR10A7,1852,893,781
OR10A7_CTCTGCCACTGGCCGCCAGA,OR10A7,796,439,268
OR10AD1_CCGCAACAAGGAAATTAAGG,OR10AD1,1834,269,366
OR10AD1_TATGTGGTTGTCTCTGCGGA,OR10AD1,451,122,24
OR10AD1_ATGTGGTTGTCTCTGCGGAA,OR10AD1,325,161,98
OR10AD1_CTGGGTCATGCAACATACAA,OR10AD1,1676,924,782
OR10AD1_TGTGGTCCCTGACCACGAGG,OR10AD1,306,133,95
OR10AD1_AGCTCTGCTGAAAGCCCACG,OR10AD1,526,239,205
OR10AG1_TATTAGGTGAGATGAGCAGG,OR10AG1,47,70,46
OR10AG1_CTGATATTCCCAATCTCCAC,OR10AG1,1248,298,484
OR10C1_TCTTCTCGGCTTCTCCCACC,OR10C1,193,154,235
OR10C1_AGCAGCAGTGGGTAGCGGAG,OR10C1,1329,101,211
OR10C1_GCATAGAAGAGGGACACCAG,OR10C1,859,368,644
OR10D3_AGAAGCACTCAATGCTCCCG,OR10D3,81,178,459
OR10G2_AAACACATCGCTGGATGCCG,OR10G2,762,64,109
OR10G3_GCGGAACCAAGAGGTGAAGC,OR10G3,482,34,141
OR10G3_CCTCAGGTAGATGAAGGCAC,OR10G3,529,184,61
OR10G3_TGACACAACAGTCAACGAGC,OR10G3,1070,6,148
OR10G3_TGAAGTTCATCATGAGGCGA,OR10G3,1113,241,222
OR10G8_TCCACAGCTTTCCTGGAGCC,OR10G8,539,343,329
OR10H4_GCTATAGTTCTGACTAGGCA,OR10H4,336,406,432
OR10H5_CGGTGATGGAGAGGGCACAC,OR10H5,1718,573,761
OR10J1_GGCACCTTTCTAGCACAGAA,OR10J1,446,228,195
OR10J1_GGGCACCTTTCTAGCACAGA,OR10J1,698,258,148
OR10J1_TGCAGGAGAGCTTCATCACA,OR10J1,1219,411,422
OR10J3_GATGAGTCTGTCCTGTCCCA,OR10J3,0,2,15
OR10J3_CCTTGTTCTACCTATGGGCC,OR10J3,353,278,328
OR10J3_TAAGAGGGCCTGTATCCAAC,OR10J3,1063,337,460
OR10J3_TTTGTGCTGCCGCCTGAAGC,OR10J3,306,269,522
OR10J5_CATAGTCAGACCAATGCCAA,OR10J5,1382,382,510
OR10J5_CAAAGGACCCACACACCAGC,OR10J5,1619,261,473
OR10K1_ATACTAGGGAGGTGGTGACC,OR10K1,344,189,140
OR10K1_AGATGCCAGTTTAAGGACAG,OR10K1,762,393,152
OR10K1_GAGATGCCAGTTTAAGGACA,OR10K1,237,192,190
OR10K1_TGTATCTTCCAACGGAGGAA,OR10K1,1183,279,192
OR10K1_TTGTATCTTCCAACGGAGGA,OR10K1,447,200,132
OR10K2_CATTGCTCCTGTCCTCAAGC,OR10K2,367,294,361
OR10K2_ACCCATGACTGCCAGCAGAA,OR10K2,905,1045,835
OR10K2_ATGATGTATGCTCCATGGAG,OR10K2,1450,114,147
OR10P1_CCTGATCATCCTCCTCACAC,OR10P1,1734,421,700
OR10P1_TTCCACCCTCTTGAGCCCAC,OR10P1,68,180,34
OR10P1_TGCAGGCCCGTGGGCTCAAG,OR10P1,1145,383,215
OR10P1_CGTGATGATGCCTGTGAGCC,OR10P1,1018,306,601
OR10P1_CACGAGCAGATGGGAGGAGC,OR10P1,696,153,138
OR10P1_AGAGAGAGACCACGAGCAGA,OR10P1,111,186,220
OR10Q1_TTCCTGGTGGTGGCCGCAAA,OR10Q1,2605,648,867
OR10Q1_AAGCATCAAGGGTACTACCA,OR10Q1,1014,355,447
OR10Q1_CATCAAGGGTACTACCACGG,OR10Q1,2510,571,694
OR10Q1_CCAGGAAAGACAGGTTGGAC,OR10Q1,1894,311,425
OR10R2_CAGCCTTGGTGAAATTCAGC,OR10R2,838,203,209
OR10R2_CATTATCAGTGTCATCCACC,OR10R2,319,82,105
OR10R2_TCAATCTACTTTCTGTGGCC,OR10R2,802,522,437
OR10R2_CAAGAAGCCACCAATTGCAC,OR10R2,1851,512,378
OR10S1_ACGATTGTGTAGAAGACAGC,OR10S1,312,229,121
OR10S1_TACAGGCGAGCTTTAGGACA,OR10S1,1935,276,290
OR10S1_CAGGCGAGCTTTAGGACAGG,OR10S1,1653,379,493
OR10S1_AAGGCCCACAGTAGAGCAGG,OR10S1,275,19,26
OR10T2_TGATGAGTGTGTACCTCAGA,OR10T2,478,61,120
OR10T2_AGTTGGTGCAAGCAAAGCCA,OR10T2,609,190,227
OR10T2_TGGCCGTTATTCGCTTCAGC,OR10T2,557,259,198
OR10V1_TGGTGCAGCCATACTGCAGG,OR10V1,615,129,137
OR10V1_TTACGGATCCGGTCAGCAGA,OR10V1,784,82,127
OR10V1_GATACAGGCTCATCATGAGC,OR10V1,58,130,11
OR10V1_CCACATCCCGTGATGGAAAC,OR10V1,2088,1609,1560
OR10W1_CACTATGAAGGTGTAGGAGG,OR10W1,1038,126,406
OR10W1_TCTGTTCCTGTCCTTACAAC,OR10W1,1220,235,359
OR10W1_TGAGGAGAGGGTACTGCAAC,OR10W1,1636,412,413
OR10W1_CAGAATATGCAGTTCTGGGC,OR10W1,513,170,415
OR10X1_CAGTCAGGATGATGAGCAGA,OR10X1,547,243,498
OR10X1_GCTGGAAGATCTACTGGCCA,OR10X1,53,131,183
OR10Z1_GAGTGACTAGATACAGAGAG,OR10Z1,481,228,206
OR10Z1_AGCCCACATAGGAGATAGCC,OR10Z1,668,298,173
OR10Z1_ACTCGGGCCTGTATCTCCAC,OR10Z1,1026,95,746
OR10Z1_CAAGATGTAGGCGTAGGAGA,OR10Z1,707,210,261
OR10Z1_AACAATGGGATTAAGGAGGG,OR10Z1,306,287,209
OR11A1_TGGATTTGTGGTAGATGGAC,OR11A1,694,240,563
OR11H4_TGTAAGGTTCTGTGGTAAGC,OR11H4,682,691,553
OR11H4_TCAATGGGTCCATGTCACAC,OR11H4,1868,478,524
OR11H4_TTCTCCGACCAGCTGCAGAA,OR11H4,669,460,673
OR11H4_ATTGCAGAAGATCCTCACAC,OR11H4,914,226,280
OR11H6_TCTGTGCAGTGAAATTGGAC,OR11H6,928,455,209
OR11H6_GCCAGTGCAAACAATGGGCC,OR11H6,384,212,234
OR11H6_TTAGTTCGACCAGCACCAGA,OR11H6,251,150,64
OR11L1_TTCTCCGGCCAGAGGTGGAA,OR11L1,739,286,244
OR11L1_GGTGGTCTCCTGGTGCACAG,OR11L1,568,372,359
OR11L1_AGCCCACGATGCATGAGGAA,OR11L1,2220,422,693
OR11L1_GCCCACGATGCATGAGGAAG,OR11L1,1067,717,489
OR11L1_CATCATCACCGTGGTGAGCC,OR11L1,334,240,963
OR12D2_ATTAAGCTCAGTGTTCCCAC,OR12D2,116,56,39
OR12D2_ACAGAGCATGCTACAAGAAC,OR12D2,1290,291,456
OR12D2_TGAAGCTCTCTAACGCAGGA,OR12D2,926,401,352
OR12D2_TCCATGAAGCTCTCTAACGC,OR12D2,977,313,333
OR12D3_CGAATATATGTGAAGCCCAC,OR12D3,984,233,105
OR12D3_CTACAGGCCAATTCTAAGAG,OR12D3,2205,1097,1150
OR12D3_CTGCCAACAGAATACACACC,OR12D3,2116,775,744
OR12D3_AAACCTCGTGTGCAGTCGCA,OR12D3,364,194,159
OR13A1_CGGTCTCTGGCTACAGCGCA,OR13A1,775,293,357
OR13A1_CTTCTACGCCTACATAAGCC,OR13A1,1407,138,350
OR13A1_TATGTAGGCGTAGAAGACAG,OR13A1,657,313,217
OR13A1_TGCTGCTGTAATGCAGCGGG,OR13A1,218,65,27
OR13A1_CCCACGTGAGGAAATAGAGC,OR13A1,1660,248,570
OR13A1_AGGGTTGAACGTGATGGCCA,OR13A1,471,246,160
OR13C3_TGACCATCAGTGGAAGAACC,OR13C3,1317,453,226
OR13C3_TCTGTGTCCTGGCTGTCCGG,OR13C3,1327,222,116
OR13C4_ACAACTTGCAAGCTACAGAG,OR13C4,2027,703,921
OR13C4_GACAACTTGCAAGCTACAGA,OR13C4,1031,95,85
OR13C4_TTGCGAACGAACTCGGCCAC,OR13C4,484,215,252
OR13C4_CTCCTCCATTCCCTCAACAC,OR13C4,2505,630,531
OR13C8_CTGATGATCCTGCTTGGAAA,OR13C8,2765,1455,1693
OR13C8_TGTGTAGCAAACGTCGAGGA,OR13C8,1194,479,165
OR13C8_TTGCACCATACACCCAGAGA,OR13C8,1047,739,563
OR13C8_CACCCTTGCTCATGATGACA,OR13C8,786,490,440
OR13D1_TATTGGGCTGTCTTATGGAG,OR13D1,404,73,206
OR13F1_CTATTACCACAGAGAGACAG,OR13F1,1006,244,488
OR13F1_CCAGCATGATTAACTGCACC,OR13F1,1406,557,241
OR13F1_TGATTCTCAGGATACTGGCG,OR13F1,1004,346,215
OR13F1_TTCCTGTGAATCTACAGCGG,OR13F1,2692,458,431
OR13G1_GATAAGAGCTGTGTGCACCC,OR13G1,186,153,66
OR13G1_ACCATGTGAACAAGAAGAGC,OR13G1,1943,342,376
OR13H1_AACCACACGGTCATAGGCCA,OR13H1,491,204,531
OR13H1_GATTGCTGATAGCAACCACA,OR13H1,334,113,122
OR13H1_ATTGAGGCTGGTATCAGAAC,OR13H1,794,304,319
OR13H1_GGATTCGCTCACTCCAGGGC,OR13H1,529,241,347
OR13J1_TACAGCCAGGTGTGCCAAGC,OR13J1,903,765,778
OR13J1_TTTGCAGCACCTGGCGGCCG,OR13J1,478,252,496
OR13J1_GCCCTTCTGTGGCCACCACG,OR13J1,521,519,350
OR13J1_CCTCAAGTCGGTGACTGAGA,OR13J1,709,219,270
OR13J1_TCTTCCGGGATGACAGGAGG,OR13J1,724,60,293
OR14A16_ATAGAAGGAGACTCTGAAGC,OR14A16,206,158,37
OR14A16_TCTTGACTGTAGAGAAGACG,OR14A16,173,90,129
OR14C36_CAGCACCACCATTTCTAAGG,OR14C36,1713,543,497
OR14C36_TTCGAGAGTTCACGATCACA,OR14C36,633,152,296
OR14C36_AATAACGTTGGACCGACAGA,OR14C36,495,127,298
OR14C36_TGAGGAAGACTGACACCACC,OR14C36,1008,264,354
OR14I1_CATCCCTCATGTGTTGGCCC,OR14I1,616,176,206
OR14I1_GAGGGATGTCACGGAAGAAC,OR14I1,244,145,103
OR14I1_AGAGCCGTGATGACATCAGG,OR14I1,474,69,72
OR14I1_ATCACGGCTCTGTATTGGAG,OR14I1,153,159,232
OR14I1_TCACGGCTCTGTATTGGAGG,OR14I1,2123,292,245
OR14J1_ACTGCATGCCTACAGGCACG,OR14J1,881,71,54
OR14J1_GCGAATGTAGGAGAGCACAA,OR14J1,1624,529,558
OR14J1_ATCAGCTGAGGGCCGGACCA,OR14J1,500,396,571
OR14J1_TACAAATAGGTGTGGTAGGC,OR14J1,706,326,183
OR14K1_TCTGGACCATCGTCTCCACA,OR14K1,648,327,230
OR14K1_CAAGTGAGCTTTAGTAGGGC,OR14K1,1135,534,259
OR14K1_ATAGAAGGTGCATCAGACCC,OR14K1,460,15,148
OR1A1_AAGGCGAACATCAGAGCAAA,OR1A1,748,492,418
OR1A1_ACAAAGAGACAACCGTGAGG,OR1A1,1416,229,226
OR1A1_CTTGTTGAAGAGTTTCCGCA,OR1A1,873,232,280
OR1A1_TCTTGTTGAAGAGTTTCCGC,OR1A1,234,183,354
OR1A2_AAGGCGAATGTCAGCACAGA,OR1A2,342,109,172
OR1B1_CTGTGGATCCCACCTCACCA,OR1B1,1165,529,584
OR1B1_GAGAGTACAATGAGGGCACA,OR1B1,560,15,146
OR1B1_GACGAGTCCCACACGCAACA,OR1B1,358,455,640
OR1B1_TGAGCCAAGCAGCGGGCAGC,OR1B1,1521,404,171
OR1B1_TGGTGGTCAGGTAAATAGCC,OR1B1,556,250,206
OR1C1_AGGGCTGAAATAGACGGCGA,OR1C1,343,226,327
OR1C1_ACAACACCACCACTGACAGG,OR1C1,1643,315,442
OR1C1_AGAGGTGATCTTCAGAACAG,OR1C1,2500,506,397
OR1C1_CTATTAGGACAGTATGCAGG,OR1C1,1140,539,464
OR1D2_GACTGAGGGTATTCTGAGGA,OR1D2,560,156,195
OR1D2_ATGGCTGTGGTGTAGTGGAG,OR1D2,1667,190,293
OR1F1_CCATAATCCAGCAACCAGCA,OR1F1,2065,654,946
OR1F1_CCCATAATCCAGCAACCAGC,OR1F1,1397,341,436
OR1F1_CAATGATGGTGCTGTAGAAG,OR1F1,1648,625,416
OR1G1_GATCTCATGGTTTGCGCAGA,OR1G1,601,121,21
OR1G1_TGATCCAGGATGCAGACACG,OR1G1,600,143,237
OR1G1_TGAACAGGAAGGACCCAAAG,OR1G1,1293,976,714
OR1I1_GCTCAACTGACCTTCTGCGC,OR1I1,2561,292,131
OR1I1_GATTTCAGAGCCGGCGCAGA,OR1I1,32,61,17
OR1I1_GCATGAGGTCACAGAAGAAG,OR1I1,2022,343,476
OR1J1_GATGATGTGGTCAGCACAGA,OR1J1,1174,77,111
OR1J1_ACACGCACAAGCGATGACCC,OR1J1,1056,231,595
OR1J2_TGAGGGTCCCTTCAACCAAA,OR1J2,720,281,321
OR1J2_AACTGCTTACAGTCGGGAAA,OR1J2,1454,281,330
OR1J4_ACAGGGCATTGGTACAGGAG,OR1J4,1460,394,108
OR1J4_AGTAGATGGAGCCTTGAGGA,OR1J4,415,71,182
OR1J4_ATCCAGTGCCTCCAGTGACA,OR1J4,574,115,302
OR1K1_TATACAGGAGGGAGTGGACG,OR1K1,402,163,421
OR1K1_GCAGGATATACAGGAGGGAG,OR1K1,1031,334,150
OR1K1_CCATGAGCAGGATATACAGG,OR1K1,407,420,427
OR1K1_CTGGAGCACGGCAGCTGCGA,OR1K1,650,480,681
OR1L1_CTTCTGATCCTCAGGTCGAG,OR1L1,1268,307,212
OR1L1_GAGACGAGTGTCTGAGCGGA,OR1L1,256,9,70
OR1L3_TTTGAAGTCGAGGATCAGAG,OR1L3,1858,662,572
OR1L3_AGGTGAGCCGATTCACCAGG,OR1L3,290,95,35
OR1L4_ACAGGACCACTACAGTGAGG,OR1L4,781,176,342
OR1L4_AGATGACACTCCCATAGAAC,OR1L4,3450,932,1404
OR1L4_TGTACTCAGTGATGAAGGGC,OR1L4,889,544,257
OR1L6_AACCACTGAGTACATGGACA,OR1L6,1648,363,269
OR1L6_TAACCACTGAGTACATGGAC,OR1L6,720,140,76
OR1L8_CTACGCTGTCAAGGACCACG,OR1L8,564,94,159
OR1L8_GGTTCCCTGTTATGGTGACC,OR1L8,275,321,321
OR1L8_TGTACCTGGTCACCATAACA,OR1L8,855,417,576
OR1M1_TACATCTGGATCAGGCAGCA,OR1M1,709,380,435
OR1M1_CGTGCACGAAAGTCGGAGGA,OR1M1,2445,504,386
OR1M1_GGACCTTCATGATGGCCACA,OR1M1,468,63,73
OR1M1_GGGACACAGATAGACGCCAA,OR1M1,663,49,268
OR1N1_GAGGCAACCCGTATAGGAGA,OR1N1,265,50,114
OR1N2_ATCACACGAACTACAAGGGA,OR1N2,449,189,405
OR1N2_TGGTGACCAGGTACATGCCA,OR1N2,383,121,152
OR1N2_CGAGCTGATGATCATCACCA,OR1N2,1584,201,170
OR1N2_AGGAGAAGACGATCAGCAGG,OR1N2,650,382,184
OR1Q1_TCCAGCTATTCAGTGACCAA,OR1Q1,1366,176,137
OR1S1_ATACAATTCTCATGCGGCCC,OR1S1,476,179,237
OR2A12_GGTCCACCTGGAATCCCAAC,OR2A12,363,127,37
OR2A12_AGCTTAACCCTGATGGGAAA,OR2A12,719,449,671
OR2A12_GGCATAGGACATGTCCACAA,OR2A12,787,163,52
OR2A12_AACCCGCAAATAGGACCACC,OR2A12,315,198,97
OR2A14_GCTGACGAATCTTATGAACC,OR2A14,724,183,155
OR2A25_TGGTAGAATATCGGAGAGGG,OR2A25,203,232,228
OR2A5_ATGCCCAAGAAGTGACAGCC,OR2A5,946,252,427
OR2AE1_CGTGAACTCCCTAATTCACA,OR2AE1,921,268,274
OR2AE1_TGCTGTGCTCATGAACAAGA,OR2AE1,920,360,511
OR2AE1_CTGGGTTGCACAGCCCACAA,OR2AE1,993,712,390
OR2AE1_CGCAATAAGGAAGACCACCA,OR2AE1,1086,519,300
OR2AG1_GCCAGTATAGCAGCAAGAGA,OR2AG1,1227,158,294
OR2AG1_GGCCAGTATAGCAGCAAGAG,OR2AG1,1492,488,635
OR2AG2_TAGTGTGTAGGAGGCCACAA,OR2AG2,710,473,569
OR2AG2_GATGAAGCCGCTTCCCAAGG,OR2AG2,182,89,57
OR2AK2_CTGTCAGAGCAACTGTAAAG,OR2AK2,3904,1196,1279
OR2AK2_GATGTACATGAGGTCAACGA,OR2AK2,759,503,116
OR2AK2_ATGAGCCGAGACCTACAGAA,OR2AK2,690,200,484
OR2AK2_ACGAGCATAGGAAGCCAGAA,OR2AK2,928,333,370
OR2AK2_ACAGGCTTGCCACAATCAGG,OR2AK2,233,67,104
OR2AP1_GGACATCTGTTAGACCCAGA,OR2AP1,150,79,70
OR2AP1_GAACATGAGAGTTCCAGAAG,OR2AP1,750,166,189
OR2AT4_CAAATGCTCCTGTCACAGCC,OR2AT4,710,489,671
OR2AT4_CCCATGATATGGAAGTCAAG,OR2AT4,365,200,184
OR2AT4_CATCAGTTCCCTAGAAGGAC,OR2AT4,1613,433,447
OR2AT4_CATTACCCATCAGGATGAGA,OR2AT4,230,87,116
OR2B11_TCTTGGGAGTAGCTGGAAGG,OR2B11,993,263,43
OR2B11_CTCAGGATCCAGTCCTCCAA,OR2B11,1108,256,220
OR2B11_CACGACAGCTTGATCACGGC,OR2B11,1282,185,514
OR2B11_CGAGCTGCTGACAGAGAGCA,OR2B11,1190,712,438
OR2B11_CCAGCACATAGGACAGCAGG,OR2B11,1199,999,837
OR2B2_CTTCACCCAGCTCCAAAGAC,OR2B2,1293,867,801
OR2B2_AAGGGTGGAATCTCTAGCCA,OR2B2,895,166,52
OR2B3_ATATGAAGGAGGCCTTCAAG,OR2B3,403,89,107
OR2B6_CATTATTCTAGTGTCACGCC,OR2B6,340,170,164
OR2C1_CATCATCTTGCTTTCCCGCC,OR2C1,669,344,280
OR2C1_AGCGAAAGCAAGGTCCAAGG,OR2C1,939,172,70
OR2C1_AGCTGGCTGAGCCATAGAAG,OR2C1,893,251,266
OR2C1_TCCGGCCAAGAACAGCAAAC,OR2C1,2578,1174,1322
OR2C1_AAGTGAAGGGCGCACTGAGG,OR2C1,151,39,88
OR2C3_TCTCTAATACCATGTGCCGG,OR2C3,539,18,48
OR2C3_GAAGAGCGCCCTCCGGCACA,OR2C3,498,144,86
OR2C3_ACCTGATCTTCAACACGGCC,OR2C3,98,96,449
OR2C3_GGATACCAGCCTCAATGAGA,OR2C3,50,245,171
OR2C3_CGGTAGGAGCATGGTGAGCG,OR2C3,974,1281,851
OR2D2_AAAGTATGACCACCATGAGG,OR2D2,635,64,126
OR2D2_CACAGACACCAGAATGCCAC,OR2D2,1632,235,104
OR2D3_GCAAGTCCTGTGAAAGACCC,OR2D3,706,339,408
OR2D3_GATGAGCTGGTTTCCAAGCA,OR2D3,798,185,175
OR2D3_TATGGAAGCCAGCTTCAGGA,OR2D3,207,313,73
OR2F2_ACCAGTCACTGGATAAGCCA,OR2F2,257,237,290
OR2F2_GAGGTATGTGACCAAGAACA,OR2F2,1013,220,328
OR2F2_TGAGGTATGTGACCAAGAAC,OR2F2,2495,486,527
OR2F2_AATCGTTGTGCCGTAGCACA,OR2F2,298,73,180
OR2F2_AAATCGTTGTGCCGTAGCAC,OR2F2,783,185,230
OR2G2_CCTTTACAACTCCCATGCCC,OR2G2,541,188,112
OR2G2_GACGCACTCAGTGGATCCCA,OR2G2,248,154,38
OR2G2_ACTTGGCGATGCCCACAGAA,OR2G2,1020,422,322
OR2G2_CAATGTAGCCAGAGGAGACC,OR2G2,381,423,246
OR2G2_CAAGAGTAGATCCAGGGACC,OR2G2,1344,115,389
OR2G3_ATGTATCCTCTTGGCTGACA,OR2G3,774,179,273
OR2G3_TCTCTGTGGCAACCATAGGC,OR2G3,887,219,116
OR2G3_AGCCTATGGTTGCCACAGAG,OR2G3,2001,693,901
OR2G3_CAAGCCAACTTGAGAAGAGC,OR2G3,1453,316,344
OR2G3_GGTCACCATGGTGTAGAAGA,OR2G3,691,34,50
OR2G6_AGCAGATGTCCACACACGAG,OR2G6,544,215,295
OR2G6_TGTGGATACGACTTTCAACG,OR2G6,1787,785,604
OR2G6_TGGGACCTGTTCGTCTCACC,OR2G6,797,142,195
OR2H1_AGATAAAGCGAGCACTCAGG,OR2H1,903,75,160
OR2H1_ACTCAGGAGGTTACTAGGGA,OR2H1,1315,147,297
OR2K2_GGTCAGGCAACCCGTCACCC,OR2K2,558,17,45
OR2K2_AAGAGAACCACTTCTAACCC,OR2K2,278,220,107
OR2L13_AACTTCCTGTCCGGCCAGAA,OR2L13,596,537,646
OR2L13_AGATGCCTTTCTGGCCGGAC,OR2L13,1236,393,339
OR2L13_TTGCACACCACATCCCAGGA,OR2L13,1176,363,470
OR2L13_AGCAAATAGGACTCGGCCAC,OR2L13,830,331,122
OR2L5_CATTAGCCTGTACAGACACC,OR2L5,863,304,197
OR2M4_GGATGACGGCTCGAAGGACA,OR2M4,691,65,89
OR2M4_TCTGGCGTATGTTTAGAAGC,OR2M4,966,421,214
OR2M4_TTCTAAACATACGCCAGACC,OR2M4,2023,442,407
OR2M4_TACGCCAGACCAGGACAAGA,OR2M4,1225,738,861
OR2M5_TGATTGCATCCATAGAGCCC,OR2M5,325,161,121
OR2S2_ATCCTCTTTGTCTGCTCCCA,OR2S2,253,329,90
OR2S2_ACCACCAATAGCCCAGGAGC,OR2S2,671,154,206
OR2S2_TGATCACGGAGTACCTAAGG,OR2S2,1015,140,162
OR2T1_ACCCGGCGGCTCATGAGGAC,OR2T1,452,296,443
OR2T1_TAATCATCCAACAGACCCGG,OR2T1,1252,640,1027
OR2T1_ATCTCCCGGGAATTGCAGAA,OR2T1,547,349,310
OR2T1_AATCTCCCGGGAATTGCAGA,OR2T1,139,104,228
OR2T1_GGATTCGGGCATAGGAAGCA,OR2T1,895,250,354
OR2T10_ATCTCATGGGATCTGCAGAA,OR2T10,950,246,223
OR2T10_GCCACACCCAAGGACCGAGA,OR2T10,733,375,400
OR2T11_ATACAAGGACGTGTCTGCAC,OR2T11,448,383,157
OR2T11_GATCCCAGCAGTTCTGAAAC,OR2T11,959,620,597
OR2T11_TTCTTGCGGTTCATCAGGAC,OR2T11,887,788,1318
OR2T11_GGACAGTGGTACAGATGAAA,OR2T11,1419,574,475
OR2T4_TCTCCCGGGATCCACGGAAG,OR2T4,497,176,421
OR2T4_ATCTCCCGGGATCCACGGAA,OR2T4,1090,314,308
OR2T4_AATCTCCCGGGATCCACGGA,OR2T4,303,46,93
OR2T6_TGACGGAGAGGTGGCTGAGG,OR2T6,1242,553,22
OR2T6_GCTATCCTGTCCTCATCAGC,OR2T6,30,13,1
OR2T6_AGATGACATCGGCTGAAGGG,OR2T6,1346,423,233
OR2V1_GAATACGCTCTGCTCAGGCC,OR2V1,732,71,197
OR2V1_TTACTGTGGCTCAAGGAGCG,OR2V1,1261,545,458
OR2V1_GATTCAGATGGTGGCAGCCA,OR2V1,28,35,359
OR2V1_CCACCATAACTGCAGAGAAG,OR2V1,3034,805,882
OR2V2_ACAACCGAGCCATGGAGACG,OR2V2,2967,1143,711
OR2V2_CAAGCCATCGATTATCCCAA,OR2V2,169,101,55
OR2V2_TACACAGGCCAGCTTCAACA,OR2V2,3238,656,651
OR2V2_AAACAGGGATGTGTCTACAC,OR2V2,1240,146,700
OR2W1_CAAGCTATCTTGACCAGAGC,OR2W1,538,201,459
OR2W3_TGTTGCCTACGAGGGTCAGG,OR2W3,628,105,208
OR2W3_GATGGTGGTGTTGCCTACGA,OR2W3,851,172,161
OR2W3_CATCATCCTGGTGTCCCGGC,OR2W3,466,189,116
OR2W3_CATTAAGGTTGTAGAGCAGC,OR2W3,477,159,217
OR2Y1_GATCCAGACAGGTCTCGCAA,OR2Y1,263,252,1
OR2Y1_CGCAAAGGTTGATCAGGAGC,OR2Y1,2112,510,953
OR2Y1_ATTCTCAGATTGGCCGCAAC,OR2Y1,1273,275,128
OR2Z1_GAAGAACGGTGTTGCCCAGA,OR2Z1,162,27,99
OR2Z1_GGGACAGCCAATGTCAAACA,OR2Z1,1582,198,159
OR2Z1_GAGCACACCTACCACCCAGG,OR2Z1,2,185,62
OR2Z1_AGGTGGCGATGAGGGAAAGA,OR2Z1,837,344,310
OR2Z1_CGTGATGTGCGAGGAGCAGG,OR2Z1,780,109,234
OR2Z1_AGGCACCATGTACATGAACA,OR2Z1,2216,479,604
OR3A1_CCCTGTGAGCATCCTCCAGA,OR3A1,444,334,356
OR3A1_TGTCATCTCCTATATCCACG,OR3A1,430,450,211
OR3A1_CTTCCATCTGTTCGTTGGAG,OR3A1,2265,707,686
OR3A1_CCGTGACCAGGTAGGCAAAG,OR3A1,2295,1611,1660
OR3A1_TGGGCTTGCTGGAGGCGCCA,OR3A1,625,112,165
OR4A15_TGTCGGAGCCTACAAACAAA,OR4A15,627,706,615
OR4A16_CCATAAGTGACAAGTAGGCA,OR4A16,1563,714,999
OR4B1_CCACCGTGGCAAGGTACACG,OR4B1,801,670,310
OR4B1_CTTGCCACGGTGGTGGGCAA,OR4B1,60,241,153
OR4B1_CATTGCCCACCACCGTGGCA,OR4B1,437,298,315
OR4C11_GCCATGAGAAAGTTATGGCA,OR4C11,436,64,50
OR4C11_CCCAACCATCATGAGCCAGC,OR4C11,1307,581,326
OR4C11_TTGTGACCATCAAGTCCAGC,OR4C11,568,146,225
OR4C15_AGCACGCATCCAGGAAGGAC,OR4C15,849,373,625
OR4C15_GGTGATTGTCCTCACAGCCA,OR4C15,253,111,96
OR4C16_ACATGACCATCATAAGCCAG,OR4C16,225,41,105
OR4C3_CCAGCATGAGGAAGTTCAAC,OR4C3,842,218,179
OR4C3_AATGAAGTGGGCTCCACAGG,OR4C3,506,17,44
OR4C6_ACCATTAGGCAGCACACCCG,OR4C6,1246,623,277
OR4C6_TGTGCTGCCTAATGGTAGGA,OR4C6,476,263,294
OR4C6_ACAATACAACCACCGTGAGG,OR4C6,893,348,261
OR4D1_CACTCAATTGTGTGTGGGCC,OR4D1,307,313,368
OR4D1_TATCAGAGCCAGTTGGACAA,OR4D1,2517,355,397
OR4D1_GCTGAGGTCCCACTCGGGAA,OR4D1,1088,237,544
OR4D1_TCCTCCTTGCCTTTCCCGAG,OR4D1,1050,490,354
OR4D10_GGGCCAGTTTGAGGACCCGG,OR4D10,0,12,0
OR4D11_GGATGGCTAGATTGCGGAGC,OR4D11,160,182,352
OR4D11_TGACTGTGTAGGACACAAGC,OR4D11,534,107,322
OR4D11_ATGACGCTGAGGTCTCAGGC,OR4D11,202,198,54
OR4D2_TGGAAACAGGGAACCTCACG,OR4D2,410,104,143
OR4D2_ACAAGCTTGTCCATAGGGAA,OR4D2,1762,361,492
OR4D2_TGAGAAGATTAGGGAGACAC,OR4D2,604,190,171
OR4D2_ATTGTCACTCTCAAACCAGC,OR4D2,476,116,57
OR4D5_TTGAGTCAGGCATCCACCAA,OR4D5,1879,454,387
OR4D5_ATAGATGGCAGGATTCAGCA,OR4D5,758,200,157
OR4D5_TGTAAGGGTCTGTGCTCCAG,OR4D5,745,191,229
OR4D6_ACTTACACGTTCCCGAGAGC,OR4D6,723,42,219
OR4D6_CCAGGACTGATTTGTTCCGC,OR4D6,1396,232,361
OR4D6_CTACTGTTATGTGCTCCAGG,OR4D6,837,366,416
OR4D6_CATGATCTCTAACAACGGAC,OR4D6,546,642,771
OR4D6_CGGCAGTAGATGTAAACACA,OR4D6,2300,645,585
OR4D9_GAATAGACAGGTTGCGGAGC,OR4D9,328,155,142
OR4E2_CTTGGGACTCACTGATAACC,OR4E2,1336,581,477
OR4E2_CAGCAGAAAGATCTCGGCAC,OR4E2,1084,175,250
OR4E2_CAGGCCAGCTTGATAACAAG,OR4E2,1746,649,571
OR4E2_CCACGGCCAAGAAACAGGAG,OR4E2,2185,293,230
OR4E2_AGAGGGCAACCACCATGAAG,OR4E2,857,607,228
OR4E2_CACCAGCTTCTCCATTGACA,OR4E2,1961,502,504
OR4F15_CAATGATTGAGAGGTTAGCC,OR4F15,394,211,255
OR4F15_CTGTACCAACACCCAAGAAC,OR4F15,4579,901,919
OR4F15_TTCTTCTGGTGGTCTAGCCA,OR4F15,1358,472,480
OR4F6_TGATGGAAAGGTTGGCCAGC,OR4F6,1582,169,435
OR4F6_TGGTCTTGTGCTTCCTGAAA,OR4F6,1223,541,769
OR4F6_TGACCATCATGAACCCACAA,OR4F6,1272,754,658
OR4K1_ATGAAGAACGCCCACCGCCC,OR4K1,416,100,49
OR4K1_CCTTCCCTTGGTGATAGAGC,OR4K1,958,326,246
OR4K1_CCAGCTCTATCACCAAGGGA,OR4K1,2518,790,762
OR4K13_CTCCATAGGAGACAAGCAAG,OR4K13,814,423,489
OR4K13_GCCCACTGTCAGCAATGACC,OR4K13,441,337,157
OR4K13_GGATCATATCAATGCAGGAG,OR4K13,856,225,337
OR4K14_CATGATATGTGCAGAGCAAG,OR4K14,1075,280,594
OR4K14_CACGCTGTCTGATAGCGAGG,OR4K14,484,227,259
OR4K14_AGGCAAGTTTGATCACCAGA,OR4K14,459,44,102
OR4K14_TTGAGCCATACATCCTCCAA,OR4K14,1330,234,251
OR4K15_CGAGCACAACACATACACGA,OR4K15,2259,1328,1539
OR4K17_TCCAAGAGCGAGCTGTAGGA,OR4K17,1953,339,364
OR4K17_TCTACAGAGTGGTTGCCGAA,OR4K17,985,477,327
OR4K2_CAAGCCAACTGGAACACCAC,OR4K2,853,341,321
OR4K2_AAGTATCCACACAAGCCAAC,OR4K2,624,340,317
OR4K5_ATGTGGTCATCATGAGCCGA,OR4K5,682,143,253
OR4K5_GCTCAAGTCTTCAGCTGCAA,OR4K5,859,387,177
OR4L1_TGAGCCACAAGCTGCTAAAG,OR4L1,1348,355,611
OR4L1_CAAGCAAGCTTGATCACAAG,OR4L1,537,375,513
OR4L1_GCAAGCAAGCTTGATCACAA,OR4L1,1905,761,781
OR4L1_TGCAAGCAAGCTTGATCACA,OR4L1,2257,1789,1092
OR4N5_GGGCTACTTGTACAATGGAA,OR4N5,638,207,278
OR4N5_AGTGCTCCCTTATACGACAG,OR4N5,579,440,418
OR4S1_CTCATCGTGGTGGCCAACAG,OR4S1,2493,454,620
OR4S1_GGGACGAATGTACATGAACA,OR4S1,192,318,359
OR4S1_CATTCGTCCCTCCACCACCC,OR4S1,333,64,166
OR4S1_AAGTTTGTCAGCAGCCAGGG,OR4S1,954,90,195
OR4S1_GATAAGTTTGTCAGCAGCCA,OR4S1,493,209,259
OR4X1_ACAGCTGTTGTGCTGGGCAA,OR4X1,2249,157,375
OR4X1_CGCCATTGGTGATGATCAGC,OR4X1,996,343,596
OR4X1_AACTATCTTGTCTGCAGGGA,OR4X1,479,282,220
OR4X1_CAACTATCTTGTCTGCAGGG,OR4X1,286,453,132
OR4X2_TCTGGTACTTTCTCCCAACC,OR4X2,908,194,271
OR4X2_CTGTCCTTGTAGGAATAGCA,OR4X2,1654,320,811
OR4X2_CCTCAGAGAGTTGAAGACGC,OR4X2,28,58,140
OR51A4_ATCCAATGCCTGCTTTGCCC,OR51A4,385,187,240
OR51A7_AGTTGCCCATGATGGCAAGC,OR51A7,539,223,201
OR51A7_ATACATGGGCTCATGAAGCG,OR51A7,684,329,196
OR51B2_CCACCAAGAAATCATGAGAC,OR51B2,745,686,372
OR51B2_TAGAGTCATAGCGTTAGGAG,OR51B2,847,677,687
OR51B2_ATCAGGTTCCCTCCTGGCAA,OR51B2,415,103,249
OR51B4_TCTCCCTCTGGTCTAGCAGC,OR51B4,402,54,227
OR51B4_GGTCTAGCAGCAGGACACCC,OR51B4,604,80,45
OR51B4_CCGTGTCTGCCAGCATAGCC,OR51B4,1864,649,986
OR51B5_TGGGTACAGTCGGTTGAAGG,OR51B5,1225,247,444
OR51B5_ACATGCATTCTGCCTTCACC,OR51B5,701,96,78
OR51B5_TCGAGTAGTGAAGATTGGGC,OR51B5,925,248,591
OR51B5_TGATGAGCTTCCTCCAAGCC,OR51B5,1109,364,522
OR51B6_CTCTATCCTGACCAACACCC,OR51B6,1190,665,385
OR51D1_TTTGGTGGGTATCCCTGGCC,OR51D1,170,124,108
OR51D1_AGCACAGAAGCATGGCGCAA,OR51D1,579,405,438
OR51D1_GGACTATCTGCCCTGACCAG,OR51D1,849,120,78
OR51D1_CTTGAGTGCTGCCCTCCGAG,OR51D1,1078,118,193
OR51D1_GCTCTCGGTGGTGCATAGGC,OR51D1,659,178,319
OR51E1_GAGCCTCTTCTAAACCAGGG,OR51E1,63,15,7
OR51E1_ACTGAGCCTCTTCTAAACCA,OR51E1,366,160,215
OR51E1_AACTGAGCCTCTTCTAAACC,OR51E1,741,338,285
OR51E1_AAGGATATTGGAGCGGCAGA,OR51E1,464,66,134
OR51E1_CTTGGTGTAGGCAGTAGGAA,OR51E1,2139,721,1074
OR51E2_CACACCAATGTGTGACACAC,OR51E2,2858,331,592
OR51E2_AACTGCCTTCCAAGTCAGAG,OR51E2,476,349,531
OR51E2_TGGTGGATGTGGATAAGGCC,OR51E2,176,368,304
OR51E2_CATGCTTGCAGCCATTGACC,OR51E2,665,203,413
OR51F1_CCGACCATAGCGATACACCA,OR51F1,1774,657,967
OR51F1_CATAGCGATACACCAAGGAC,OR51F1,1006,225,371
OR51F1_ATTGATCTCATCCTGACCAC,OR51F1,76,47,38
OR51F2_TACTGGGTGGCTTTCAGGCC,OR51F2,1398,498,422
OR51F2_AATTCGGGCATTGGTAAGGA,OR51F2,854,228,401
OR51F2_TATAGGAGAGCAGGATGCAA,OR51F2,644,101,57
OR51F2_TAATAGGGTTGAGCACAGGA,OR51F2,787,386,377
OR51G1_ACATGAAGAGGTGTACAACG,OR51G1,2118,773,827
OR51G1_ATGAAGAGGTGTACAACGCG,OR51G1,1243,236,140
OR51G1_AGTATTGGAAGCGCTTCAGG,OR51G1,436,60,11
OR51G1_GCGCTTCAGGAGGAATGGCA,OR51G1,682,163,161
OR51G1_GAAGCCCGTCAGGAAGAAAG,OR51G1,1118,93,158
OR51G2_AACCCATGACCACCTGGACC,OR51G2,1241,213,709
OR51G2_CCATGACCACCTGGACCAGG,OR51G2,412,249,342
OR51G2_CAAAGCGATGGATGACAGAG,OR51G2,2096,461,421
OR51G2_CGATGGACAGCACGGTGCGC,OR51G2,1386,582,616
OR51G2_AATTGTGCAGTTGCCCGGGA,OR51G2,365,172,279
OR51I1_GGCAAGCATTAAACGCAACA,OR51I1,300,108,183
OR51I1_CATTGAGAGCGAGCATAGAG,OR51I1,864,621,771
OR51I1_GGATACAAACAGGCCTCACC,OR51I1,59,6,93
OR51I1_GGCATTCCTGGGATACAAAC,OR51I1,337,284,271
OR51I2_ACAGCATACATCACGCAGAG,OR51I2,2606,633,271
OR51I2_CACAGCATACATCACGCAGA,OR51I2,800,383,202
OR51I2_GCAGAAGGTTCGGAGTACAG,OR51I2,1303,130,320
OR51J1_GCCTAACACTGTAGGCAGGG,OR51J1,579,239,162
OR51J1_AGCTCCTGTGCCAAAGACCC,OR51J1,387,372,450
OR51J1_GCATTCGGACAATGGCACCA,OR51J1,1395,366,461
OR51L1_TCCCAAGCTTCGTAGCAAAC,OR51L1,1764,1055,1104
OR51L1_AGACACTATCACTACTGCCA,OR51L1,681,281,157
OR51L1_TCCACAAGTTTGTCCTAAGG,OR51L1,1171,664,395
OR51M1_CATTATCACTGGCCAGCAAG,OR51M1,776,384,245
OR51M1_CGGTGCATGTCTGAAAGGCA,OR51M1,901,731,741
OR51Q1_GCAGTCGCTTGAGTAAGAAA,OR51Q1,537,277,300
OR51Q1_GCCTGATGTCAGCACAGACC,OR51Q1,1886,208,152
OR51Q1_GGACAGCTAGAATGTGGGAC,OR51Q1,869,338,304
OR51Q1_CCTGGTCCTCTACATTCCCA,OR51Q1,723,23,113
OR51Q1_TGCCAAGCATGCCTCTCCAC,OR51Q1,21,164,79
OR51S1_CAACAGGTTGCAGCCCAGGA,OR51S1,1709,447,427
OR51S1_AGTAGGGCATGTAGGCCAGC,OR51S1,230,90,69
OR51S1_CATGTCCATTGATCGGGCAC,OR51S1,1238,115,250
OR51S1_TGCATTGGGCGGTGCAGGGC,OR51S1,1398,305,479
OR51T1_ACATGAGCACATTCCAGCCC,OR51T1,1056,410,300
OR51T1_TACTATCCTCACAGACAGGA,OR51T1,549,360,172
OR51T1_CAATGCCCAGAACAGTACGG,OR51T1,1160,206,320
OR52A1_CACTGCACAGATTCTAGGCC,OR52A1,889,262,461
OR52A1_CCCTACTAGTGTCAACACAG,OR52A1,2833,810,583
OR52A1_CCTACTAGTGTCAACACAGA,OR52A1,952,304,459
OR52A5_AGATGGTGGCATGTCTCAAG,OR52A5,617,276,286
OR52A5_ATCGGGTATCCTTCTGGCAA,OR52A5,652,158,288
OR52B2_TCTTGATGTCAAAGAACCGG,OR52B2,670,152,233
OR52B2_TACGTGAGGGTGTAGCCCAC,OR52B2,78,60,106
OR52B4_GAATGCAGACATTAGCCAAC,OR52B4,733,176,184
OR52B4_TTGTGGCAAGCATCTGGAGA,OR52B4,930,662,424
OR52B6_CACCACCATGCCTAAGGCCC,OR52B6,1322,538,372
OR52B6_AACCTAGCCACAAATTGGCC,OR52B6,487,56,155
OR52B6_AGCGGGCATCTTGAGAAAGG,OR52B6,773,353,468
OR52B6_TGGAGCGGGCATCTTGAGAA,OR52B6,1509,299,376
OR52B6_TGACAACGTAGAGGCTGGCC,OR52B6,666,799,546
OR52D1_TGGGATCCCTGTTAAGAAGA,OR52D1,1328,147,210
OR52D1_TGCCATGTATCTTGTAGCAC,OR52D1,1171,248,71
OR52D1_CAGTGGTAGAACTGAGAGCC,OR52D1,107,149,310
OR52D1_ATTGACAGTGATGTTGGCAC,OR52D1,228,150,267
OR52D1_TCTCTATGGAGCTAGAACCA,OR52D1,1360,218,298
OR52E2_TAGCGCCATCCTCACCAACA,OR52E2,2566,826,915
OR52E2_TCTTCTGGATCAACCTCAGA,OR52E2,659,88,55
OR52E2_CACATCAGTGGTGGCCAACA,OR52E2,1834,1448,1159
OR52E2_GATCATGTACACAGCACAGA,OR52E2,287,264,226
OR52E4_CCTGCTAGGAATACCAGGAC,OR52E4,1069,536,379
OR52E4_CAATCATAGACAACATGGCC,OR52E4,510,292,105
OR52E4_GGATCATGGTGTACTGGAGA,OR52E4,1587,423,392
OR52E6_CTTAAGAGGAGAAACACCAG,OR52E6,1853,381,352
OR52H1_CATGAGAACCACAAGTGCCG,OR52H1,1211,393,247
OR52H1_ATGAGAACCACAAGTGCCGA,OR52H1,54,7,63
OR52H1_GATGATGCAGAAGCTTCGAA,OR52H1,233,110,40
OR52H1_GATGGTCTTGGGAGTCAAGA,OR52H1,75,59,86
OR52H1_GACCTCATCTTGTCCACAGC,OR52H1,352,50,305
OR52J3_GCGGTAGATAAGATAGACCA,OR52J3,656,97,177
OR52J3_ACGAGATGCCAATGAGCACC,OR52J3,122,87,93
OR52K1_AAGGGTACAGTTGCCTAGCA,OR52K1,760,253,316
OR52K1_AGTAGTGGAAGCGTCTGAGC,OR52K1,252,94,22
OR52L1_TGCTCCTTAGCAATTCAAGC,OR52L1,562,569,670
OR52M1_TAGTGGAAGTAGACAGAACC,OR52M1,579,277,348
OR52M1_CCTTGACATGTGGCGACAGC,OR52M1,907,353,300
OR52M1_CTTGACATGTGGCGACAGCA,OR52M1,1701,852,949
OR52N2_GATGACAGGGTTGGTAAGGA,OR52N2,587,96,445
OR52N2_TACCAACCCTGTCATCGCCA,OR52N2,1697,138,213
OR52N2_AACCCTGTCATCGCCAAGGC,OR52N2,1576,111,402
OR52N2_CATCACATTCCTCAAGAAGG,OR52N2,1685,182,149
OR52N5_GGCAAACGCTTAACCAAGAA,OR52N5,405,184,290
OR52N5_CGCTTAACCAAGAATGGGAA,OR52N5,1535,577,707
OR52N5_AGTGTGGTAGCATAACGCAA,OR52N5,436,244,359
OR52R1_GGACCATCGTGATGCTGAGA,OR52R1,297,181,409
OR52R1_CCCAGTTTGATCACGACCGA,OR52R1,1349,657,622
OR52R1_CCCATCGGTCGTGATCAAAC,OR52R1,2919,1379,1566
OR52W1_TGCCCAGACTTGGCTGACAC,OR52W1,1234,477,310
OR52W1_CTATAGATGTGGCTAAGCCC,OR52W1,1649,208,379
OR52W1_ACACATGGCAGTGGTAGAAC,OR52W1,3937,723,714
OR52W1_ACTGGTGGTGGGTAACACAC,OR52W1,995,250,72
OR56A3_ACGGAGTTGTGCTGAAAGGA,OR56A3,1229,356,486
OR56A3_ACTCAAGGCAGAGGGTGCCG,OR56A3,1624,58,449
OR56A4_GAGTCCAGCCTGCCACAAAC,OR56A4,1057,145,141
OR56A4_CCGGGCTATAACAAAGACCA,OR56A4,1575,205,133
OR56A4_CCGTGGTCTTTGTTATAGCC,OR56A4,759,455,753
OR56A4_CCACGGCCCTAGCCACAAAC,OR56A4,2402,1614,1238
OR56A4_CCAGTTTGTGGCTAGGGCCG,OR56A4,1560,1036,872
OR56B1_GACCCATGTCTACCATACAG,OR56B1,986,402,272
OR56B1_CATTCACTTCTTTGTGGGCA,OR56B1,770,445,508
OR56B1_CATTTCTCAGCACCATGAAC,OR56B1,962,79,104
OR56B4_GCTGGAGTCATAGGTAACAC,OR56B4,934,148,371
OR56B4_CATCCTGAGTGCACAGGCCA,OR56B4,1046,430,278
OR56B4_TTTGTGCATCCTGAGTGCAC,OR56B4,614,191,64
OR5A1_CCATGCGTGTACAGAGGCCC,OR5A1,803,131,220
OR5A1_CAACCACCATGCGTGTACAG,OR5A1,2895,661,280
OR5A1_GCCTAAATATGGAGCTGGCC,OR5A1,94,164,136
OR5A1_TGACACCTTCCTCAGTCAAG,OR5A1,946,351,374
OR5A1_CCTTTCCAACACCTTCCACA,OR5A1,489,191,142
OR5A2_CTCCCTAAACAGGGACAAGG,OR5A2,498,331,551
OR5A2_TGATACCTTCACCAGCGAGG,OR5A2,632,191,278
OR5A2_CTCTGATACCTTCACCAGCG,OR5A2,986,398,541
OR5AN1_TCTACATTACATCTCTGGCC,OR5AN1,263,40,119
OR5AP2_TAGGGCGCAAGTACATGAAG,OR5AP2,642,296,452
OR5AP2_AGCCATGAGGTAAGAGGCAC,OR5AP2,389,648,304
OR5AP2_TTGTGCCTGCCCTCTAACGA,OR5AP2,177,61,186
OR5AP2_ATTCTCCCAGACACGAGAAC,OR5AP2,847,193,542
OR5AP2_CACGAGAACTGGGTAGAGCA,OR5AP2,1230,523,579
OR5AR1_ATGAAGGTGCTATAGTGGAG,OR5AR1,284,128,167
OR5AR1_TAGCACCTTCATGTCCAAGC,OR5AR1,353,196,685
OR5AR1_GCCAGTAAGGTGAGACCCGC,OR5AR1,392,288,366
OR5AR1_ACTCCCTGGACCAAGACAAG,OR5AR1,2093,474,320
OR5AR1_GATAACCGTGTAGAACACAG,OR5AR1,466,184,158
OR5AU1_TGAGGTGTCTACACAAGACA,OR5AU1,1155,156,303
OR5AU1_CTTGGCCAAGAAGTTCACCA,OR5AU1,964,712,473
OR5AU1_TGGCACTCACATGGATCAGG,OR5AU1,651,280,266
OR5AU1_CCTTCTCCAGTGCTCTGCGA,OR5AU1,1083,138,152
OR5AU1_CCATCGCAGAGCACTGGAGA,OR5AU1,1116,478,262
OR5B12_CATTCCCATGTTGAATCCAC,OR5B12,406,292,216
OR5B12_CCCAATGGAGAACAACACAG,OR5B12,2102,787,838
OR5B17_ACCTGTGTGCCTCTTAAGAA,OR5B17,657,266,260
OR5B17_ACCATTCTTAAGAGGCACAC,OR5B17,918,401,270
OR5B17_AACCAATGCCTGCAAGAGAC,OR5B17,242,246,296
OR5B2_GGCCAGACAGGCACCTACAC,OR5B2,936,371,343
OR5B2_TGGGTTCCTTAGAGGAGACA,OR5B2,807,228,409
OR5B21_AGACATAGGAACCAGTAGCA,OR5B21,2597,979,850
OR5B21_CAGGAGGTAGCACTCAACAG,OR5B21,3144,681,715
OR5B21_GGTCATCTGTTAATCCCAAG,OR5B21,402,51,75
OR5C1_GAACTCAGAGAACCTCACCC,OR5C1,996,107,162
OR5C1_CCCAGGAGGACGAATTCAGC,OR5C1,118,365,245
OR5C1_CTTGCTGGGAGCATCAGGCC,OR5C1,1553,328,258
OR5C1_GGTTGAGAGACGGGATGACC,OR5C1,72,84,177
OR5C1_CCGATTCCACTGTCCAGGGC,OR5C1,1067,198,735
OR5C1_CGATTCCACTGTCCAGGGCA,OR5C1,681,330,413
OR5D14_TCACCACAGCAGTGCAGGAC,OR5D14,728,581,315
OR5D14_GATATGACCCAGCCACCAGC,OR5D14,467,49,187
OR5D16_TTGAAGATGCCTTCAGCCAG,OR5D16,1480,273,251
OR5D16_GAAGACTTTGCGGTGCCCAC,OR5D16,276,11,34
OR5H2_AGGGATGTCGAATGAGGACA,OR5H2,518,223,122
OR5I1_CAGTGCAGGATAGTTTAAGC,OR5I1,1195,548,659
OR5I1_AGGCAAAGGATGTGTGAACC,OR5I1,1337,841,523
OR5I1_GGCAAAGGATGTGTGAACCA,OR5I1,1175,61,246
OR5J2_TTGTTGCCTTCACAACCAGG,OR5J2,674,295,139
OR5J2_GGAGTGTTCATCACCACAGA,OR5J2,986,12,265
OR5M11_CAAGAAAGCTTAATGAGCGG,OR5M11,641,343,169
OR5M11_TGGATCTACAGAAGGTCAGG,OR5M11,705,102,351
OR5M11_CATGCCCAGGTTGCCTAGCA,OR5M11,2229,533,602
OR5M8_AATTTGTAATTCCCGGCGAC,OR5M8,0,146,148
OR5M8_CCTGGGACTGACCAGTCGCC,OR5M8,51,2,439
OR5M9_ACTGAGGAATCCGTAGAGCA,OR5M9,1203,133,142
OR5M9_CGTCAAGTGGGACCCACAGG,OR5M9,1842,256,648
OR5M9_CTCTGCCGATGGCAGGAGGA,OR5M9,443,146,56
OR5M9_TGCGCTCTGCCGATGGCAGG,OR5M9,596,347,191
OR5M9_CCAGGATATAGACCTCCACG,OR5M9,2327,676,469
OR5M9_AACCTGTAGCTCCTGACGAC,OR5M9,1291,455,301
OR5P3_TAAGATGATGCAGACTCCAG,OR5P3,1048,144,116
OR5P3_TGGGCCACACAACCAGCAAC,OR5P3,1011,374,466
OR5P3_ACAACCAGCAACAGGGAGAG,OR5P3,1708,613,420
OR5P3_GGAGTACCCAATGTCTACAA,OR5P3,787,309,149
OR5R1_TTGGGCCACAGTAAGTCAGA,OR5R1,926,78,82
OR5R1_CCAGTTGGGTTGCACAAGCA,OR5R1,2840,860,749
OR5R1_CCATGCTTGTGCAACCCAAC,OR5R1,2278,824,737
OR5T2_ATTCCTTGGATGTGTAGCAC,OR5T2,462,76,316
OR5V1_GGGCCGTACATATGTAAAGA,OR5V1,840,260,260
OR5V1_GAGTTGGCACTGCTATCCAC,OR5V1,672,148,182
OR5V1_GATTGTTGCCACAGAAGGGC,OR5V1,82,55,57
OR5W2_GAGCGAGAGAGTAATAAGAG,OR5W2,1002,476,576
OR5W2_CGAGAGAGTAATAAGAGAGG,OR5W2,1267,255,256
OR5W2_TGTTGACTGTATAGAGCAGG,OR5W2,432,314,277
OR6A2_CTTCATCTATGCTCGGCCAA,OR6A2,1798,943,675
OR6A2_ATGGCTGCTGGCTCTTGGGC,OR6A2,495,133,224
OR6A2_TGGCTTTGTTGGATCCAAAC,OR6A2,889,594,679
OR6B1_CCCGCATACTCAAGCTCCCA,OR6B1,1140,130,77
OR6B1_GATGTACCAGGTCTCCAAGA,OR6B1,194,93,53
OR6B1_CAGGGAGATGCCAAAGCCAA,OR6B1,321,66,49
OR6B1_GGTAGACTTTATCCTGGCAC,OR6B1,137,0,3
OR6B1_CCAGAATGCATCCGTAGGAC,OR6B1,1855,796,940
OR6B1_CAAGGAAGCTCTGAAGAAAC,OR6B1,982,877,545
OR6B2_TGAAGTTTGACCCAAGCCCA,OR6B2,1202,296,251
OR6B3_AATGGCCTCCTCAGAGAGGC,OR6B3,37,0,12
OR6B3_TGACGAGCTGCGCCGTAGAG,OR6B3,957,391,108
OR6B3_GGCGCAGCTCGTCAAGCCGA,OR6B3,270,61,66
OR6C1_TGAGCATGTAGGTGATGAGC,OR6C1,1129,827,275
OR6C1_AGATAGAGTGTCCTTGAGCA,OR6C1,1577,394,243
OR6C2_AGTTCCCTTCTGTTCAGCAA,OR6C2,1007,459,419
OR6C2_CACAATCATGTGGGATGAAC,OR6C2,2516,595,561
OR6C3_ACGAGACATGAACCACACAA,OR6C3,607,766,630
OR6C4_GAGCAGGCAAGCTCCACGAG,OR6C4,1539,387,326
OR6C4_TGAGAGTCACAACGGCCAAG,OR6C4,1104,368,370
OR6C65_TGGAGGCCCATAATCACGGG,OR6C65,420,327,265
OR6C65_CGTGATTATGGGCCTCCAAC,OR6C65,690,352,636
OR6C65_TGTGTAGGAGAGAACCACCA,OR6C65,236,319,159
OR6C68_GATCTTCTGTCAGTCCCAGA,OR6C68,157,68,83
OR6C74_TTTGACGCTCCTGGTTACAC,OR6C74,1235,724,493
OR6C76_GATTATCCGTCAGACCCAGA,OR6C76,353,138,82
OR6C76_AATCATAGGACATAGAGGCC,OR6C76,704,35,98
OR6C76_GAAATCCAGCTGTAAGCCCA,OR6C76,73,166,64
OR6F1_TCACCACAGTGTTCAGGACG,OR6F1,1035,569,1117
OR6F1_ATGCGAGGAGCACGTGGAGA,OR6F1,787,266,243
OR6F1_TGCTCCGGCCACTGGCAGAG,OR6F1,1253,781,919
OR6F1_TAGCCTGCTCTCAGCGCAGC,OR6F1,259,38,8
OR6F1_AGCTGAAGAGTTTGAGAACC,OR6F1,1935,995,479
OR6J1_TGATGGTGGTGTACCGCAGG,OR6J1,306,95,201
OR6J1_CTGGGTGATACATCCGGCAA,OR6J1,1399,230,357
OR6J1_GATACATCCGGCAAAGGAGA,OR6J1,103,73,81
OR6J1_CGCTGCAGTCCAGTTACCCA,OR6J1,1848,699,560
OR6K2_CACTACCTGAATCATGACGA,OR6K2,1342,306,164
OR6K2_ACACACCTCACAGATGCCGG,OR6K2,294,81,52
OR6K2_AAATGCTCCTCTCACTAAGC,OR6K2,728,234,228
OR6K2_AAACCTGGTCATCATCACAG,OR6K2,673,153,175
OR6K3_CTTGGTCCCTGTGCTAAGCC,OR6K3,870,375,460
OR6K3_TCATCACAATCTCGGGAAGC,OR6K3,1849,907,1140
OR6K3_AATCTTCTCTGCTGTAAGGC,OR6K3,513,320,297
OR6K6_ATGACACAGTTGACGGCCAG,OR6K6,224,217,254
OR6K6_AGCAGGATCCAACTGTCAGC,OR6K6,329,80,92
OR6K6_TGTAGGATAGAGCAATGACC,OR6K6,642,253,471
OR6M1_GATGTTGCTCCCGTGGGCAA,OR6M1,742,203,276
OR6M1_TCTGACGGCCCTGGGTGGAG,OR6M1,1395,202,271
OR6M1_GGACCCAGTAGTGAATGCCA,OR6M1,167,159,245
OR6N1_ACTGGACTATGACCAGGCCC,OR6N1,610,43,153
OR6N1_AGACCACCAGGAATATCAGC,OR6N1,561,113,138
OR6N1_AGAGATAAATCTGGACACCC,OR6N1,989,111,96
OR6N1_AATGGTGAGCAATGGACACA,OR6N1,657,80,168
OR6N2_AAGAGGACCATCTTCCAGAA,OR6N2,844,207,353
OR6N2_TGACCTCAGAAATGGGACAC,OR6N2,485,171,238
OR6N2_CATCTTCTCAGTCATCCGAC,OR6N2,839,237,344
OR6N2_TGTTACCACAGATGGTGAAC,OR6N2,671,361,299
OR6N2_AGCCCACACTGGCAAAGCCA,OR6N2,294,3,97
OR6P1_CTGAGGATCCCTACGTCCAG,OR6P1,1390,366,325
OR6P1_TGCTTGCTCCTTGTCAGAGC,OR6P1,944,861,838
OR6P1_CCAAGACAAACTCCTCGACA,OR6P1,3634,762,756
OR6Q1_AATTCTCCACCAAGGTGAAC,OR6Q1,771,274,179
OR6Q1_AGTGTACCAGATTTCAAGGC,OR6Q1,1139,171,207
OR6Q1_GCCAACAGGCAGCTGCCAGA,OR6Q1,344,196,167
OR6S1_TATGTGCGGCCATCGCAGAG,OR6S1,484,282,578
OR6S1_GGAAGATACAATGACGAGGG,OR6S1,259,127,101
OR6S1_TTGGGTGATACATGCAGCAA,OR6S1,1567,525,640
OR6S1_AAATCTCAACAGCGCAAGAG,OR6S1,688,272,474
OR6S1_CAACAGAGTTCGTCCTGGCA,OR6S1,1310,155,135
OR6T1_CTTCACTCTCCGCAATGACA,OR6T1,1398,757,364
OR6T1_GATGATGCAGCTCAGGACGG,OR6T1,561,168,113
OR6T1_GCACTAGTTGGGAACAGACA,OR6T1,1603,582,269
OR6T1_TGCTTGTCGTCATCCTCACG,OR6T1,1520,273,236
OR6V1_AGAGGACAAATTCGGAGGGC,OR6V1,204,83,123
OR6V1_TGGTTACCAAGATCTCCAGC,OR6V1,406,100,161
OR6V1_CCGGGCTATGTGTGTCCAGC,OR6V1,709,549,532
OR6V1_CCAGCTGGACACACATAGCC,OR6V1,731,553,816
OR6V1_GAGCATGACAACTGCAGGAG,OR6V1,485,407,496
OR6V1_TTGCGGGTCTCACCTCACAC,OR6V1,1702,988,486
OR6X1_GGTGAAGGGAGCCTTAAGAA,OR6X1,764,254,237
OR6X1_AACTGTCAGGTGCGAGGCAC,OR6X1,496,247,415
OR6X1_CTACGAATTCCTTCAGCCAC,OR6X1,2331,411,329
OR6X1_CAACCATCCTTGTGATCCCA,OR6X1,476,197,198
OR6X1_TATTGCCACAGAATGGCAAC,OR6X1,323,145,20
OR6Y1_ACCATACATTGCAGAGGAAG,OR6Y1,451,484,189
OR6Y1_GATGCCACCACAACACAAAG,OR6Y1,717,296,191
OR6Y1_TCACAGGAGACGTTAAGGAG,OR6Y1,1878,400,443
OR6Y1_GATGTACTCAGTGCAGACAA,OR6Y1,308,293,357
OR7C1_ATACTGAGGATTTCCTCAGC,OR7C1,111,229,178
OR7C1_GGGAGTCTGAGCATATGGCC,OR7C1,595,52,96
OR7C1_AAGTGACTAGGTACATGGAG,OR7C1,1316,82,139
OR7C2_GGCAGATACTCTTAGGACGG,OR7C2,1032,146,293
OR7C2_CAGGGCAACGTCTCTCAAAG,OR7C2,2532,1057,953
OR7C2_GGGCAACGTCTCTCAAAGAG,OR7C2,1356,370,294
OR7D2_TACATCAGCTACATGGAAGC,OR7D2,728,287,479
OR7D2_CTACATGGACTGCCTCACAC,OR7D2,1301,194,282
OR7D2_ACTGACGTACATCCTCCAGC,OR7D2,296,69,33
OR7D2_AGGGATCCATCACAAACAAG,OR7D2,557,80,202
OR7E24_TTCTGCCATGCAGCCTGCAC,OR7E24,846,370,357
OR7G2_ATGGCACACCACAGAAGAGA,OR7G2,235,289,272
OR7G3_GATTAAATGTGACCCGCAGA,OR7G3,301,40,121
OR7G3_GGTGAAACAGATGTCGACCA,OR7G3,344,56,67
OR8A1_TGTGGAGCCAATGAGTCCGA,OR8A1,275,315,204
OR8A1_AGCAGGACAGCTTCATGAGA,OR8A1,1472,178,311
OR8A1_CTCGGCATCAGCACCACAGA,OR8A1,2620,563,414
OR8A1_CACAATCAGTTCCTTGACCC,OR8A1,2554,519,565
OR8B12_GACACTTTCCCTTGCTCGAG,OR8B12,802,349,199
OR8B4_AGACTGAGGCAAATCTGCCA,OR8B4,118,211,88
OR8B4_CTGCCATGGTTCATAGAGCC,OR8B4,991,729,632
OR8B8_ACATTGATTCCACGGAGGGC,OR8B8,379,122,82
OR8B8_CTTCCACATTGATTCCACGG,OR8B8,2714,228,420
OR8B8_GACAAGGTTATTGGCACAGA,OR8B8,502,427,218
OR8D1_TTCAAGTAACTCCCTGGACC,OR8D1,539,282,141
OR8D1_TCCAGGGAGTTACTTGAAGG,OR8D1,462,325,271
OR8D1_GGGTTACCTCCTGACTGCCA,OR8D1,190,51,50
OR8D2_CATATTCCATGGCTGTCAGA,OR8D2,209,47,64
OR8D4_ACATAAGAACAGCTGTCAGG,OR8D4,656,80,120
OR8D4_TTCTAGCAGTTCACTCACCC,OR8D4,1876,253,733
OR8I2_TGCTGACTGGATCCTCAGGA,OR8I2,1058,566,771
OR8I2_TAACACATCATCGCTGACCC,OR8I2,2277,434,281
OR8I2_ATCATCGCTGACCCAGGCGC,OR8I2,725,73,79
OR8I2_ATCGCTGACCCAGGCGCAGG,OR8I2,93,0,9
OR8J3_TGCTATCATATGCGAAGCGC,OR8J3,878,419,537
OR8J3_TATCATATGCGAAGCGCAGG,OR8J3,334,26,81
OR8J3_GGATACGTTCACCAGAAGGA,OR8J3,1113,249,276
OR8K1_ATGAGGAAGAGTCCAAACAG,OR8K1,1583,145,205
OR8K1_GAATGAACTCAAGGAAAGGG,OR8K1,100,148,102
OR8K3_AATATGCCCTACGAAGGACA,OR8K3,396,86,51
OR8K5_ACACAACCACCACTGTCAAA,OR8K5,1113,534,371
OR8S1_GGTCGGCAGACAGCCCAAGG,OR8S1,757,229,164
OR8S1_GCTTCTGGAGATATCAGAGC,OR8S1,343,123,158
OR8S1_CTCCACTCTCCTACATGGGC,OR8S1,237,207,318
OR8S1_GGTAGAGCTGATGCTTAGGA,OR8S1,23,86,9
OR8S1_GCAAATGACTGCTGTCCCGG,OR8S1,978,168,196
OR8S1_TGCGTATCAGGGCAGGGCCG,OR8S1,2432,883,1390
OR9A2_GGGTTAACACAGAAACCAAC,OR9A2,266,115,95
OR9A2_TGCAAACTCCATGGTCCCAC,OR9A2,957,220,413
OR9A2_GGAATTCAGTGGCACTAGAG,OR9A2,1856,473,504
OR9A4_GATGTAGTTCTTCAGAGCCA,OR9A4,218,195,136
OR9G1_CAGTGAGAGAGTACACGCCC,OR9G1,328,68,85
OR9G1_TGCACACAGCTTTATGGACA,OR9G1,2936,819,943
OR9G1_ATAGCCGCCCTTCTCGCCAC,OR9G1,1088,27,212
OR9G4_TGAAGCCCACCACACCAAGC,OR9G4,2359,851,364
OR9G4_CAGCAACAAGCCCAGTACAG,OR9G4,3441,662,907
OR9G4_AGTACAGAGGGCGGTGGACA,OR9G4,535,353,264
OR9G4_TTCAGTGTAGGCTACAACAC,OR9G4,1264,387,790
OR9I1_GATTGTCCTTACAGAAGGAG,OR9I1,228,138,61
OR9I1_AGACATAGGCTCCTACCACC,OR9I1,229,122,245
OR9I1_GGTGTAACAGGCATCCAGCA,OR9I1,595,446,326
OR9I1_GGTGAGATTATTCTTGGCCA,OR9I1,227,79,29
OR9K2_TCCCTCAGTCACAATGAGGA,OR9K2,846,231,290
OR9K2_ATCCCTCAGTCACAATGAGG,OR9K2,920,152,66
OR9K2_GAACAAGACAGTCTCTGAAG,OR9K2,946,21,35
OR9Q1_GAAGGAAATACATTGGAGCG,OR9Q1,840,197,107
OR9Q1_TGAAAGCGAGGTGACTCAGA,OR9Q1,285,375,268
OR9Q1_CCCAGCCACAAGACTCAAGC,OR9Q1,3462,1131,859
OR9Q1_AAGATCACCACCATGGAAGC,OR9Q1,1368,319,393
OR9Q1_AGAGTGACACAGCAGTGAGG,OR9Q1,1628,35,45
OR9Q2_GGAAGAGAGGAACCCTCCAC,OR9Q2,290,77,40
OR9Q2_GCCACTATGTTAGGGAACAC,OR9Q2,1279,272,186
OR9Q2_AGATGTCCACCAAGGAAAGG,OR9Q2,999,209,478
OR9Q2_TGTCACCATCATAACCGAGA,OR9Q2,1309,305,276
OR9Q2_AAAGAGCGACGGCAGTGAGG,OR9Q2,570,66,78
OR9Q2_AACACAGGCCAGTCCTCCGA,OR9Q2,145,472,646
ORAI1_TCCGGGTAGGTGACGGCGGA,ORAI1,333,188,216
ORAI1_CCAGTCCGGGTAGGTGACGG,ORAI1,1514,1441,543
ORAI1_GCTCAAGTAGAGCTTGCGCC,ORAI1,127,0,3
ORAI1_TGCTGATCATGAGCGCAAAC,ORAI1,1326,1182,769
ORAI1_TCACCGCCTCGATGTTGGGC,ORAI1,595,65,87
ORAI1_GACGATAAAGATCAGGCCGA,ORAI1,274,69,65
ORAI2_TGAGCCCGGCCATAAGGGCA,ORAI2,573,345,158
ORAI2_CCGCCGCAGCTACCTGGAAC,ORAI2,3621,622,1004
ORAI2_CTTGGCGCCCACACTCACCA,ORAI2,1650,149,357
ORAI2_CATGATGATGGTGGACACCA,ORAI2,1364,276,313
ORAI2_ACCACGAAGATGAGGCCCAC,ORAI2,432,45,68
ORAI2_AGCTCAAGGTCCAGCTGGAC,ORAI2,466,162,290
ORAI3_TGGCCCGGCTGAGGTAGAGG,ORAI3,1438,93,79
ORAI3_AGGACTTTCGTGTCCTCCGG,ORAI3,28,37,19
ORAI3_TAAAGGTGTCGTAGTGGGAG,ORAI3,1029,52,358
ORAI3_ACCGCTACGTGGAGCTGGCC,ORAI3,1107,148,179
ORAI3_CCACCACCACAGGCTTGCCG,ORAI3,2822,414,228
ORAI3_GGATCATGCAGTAGATAGAG,ORAI3,1237,335,213
ORAOV1_GCACAGTTGCACCACTGAGA,ORAOV1,1077,43,25
ORAOV1_TCACAGATCGGGTGCTACCA,ORAOV1,1235,1,2
ORAOV1_TATCGGGAAGGCTATGAAGA,ORAOV1,431,0,0
ORC1_TCGACTACGGATCTGAGGAG,ORC1,1410,185,174
ORC1_CTCTAGCAGTGACGAAGAAG,ORC1,2668,264,318
ORC1_AACTCTTTCTGCGGATACGA,ORC1,250,263,313
ORC1_TCTGGTTTCAGAATCACGGA,ORC1,334,20,68
ORC1_AGTTTGGCGAGATTTGGAGG,ORC1,844,122,137
ORC1_AACAAATGCCGTTTACAGGC,ORC1,205,55,0
ORC2_TACTGAGAGGAGCATTGAGG,ORC2,779,0,0
ORC2_GAAGGTGTTTCTTTGCCAAC,ORC2,621,67,204
ORC2_CAACTCAGAGGATGATGAAG,ORC2,1645,94,51
ORC2_TTCAGACAAGGTTCAACCGA,ORC2,406,110,33
ORC2_GAACCTTGTCTGAAGCAGAA,ORC2,1325,172,112
ORC3_AGACATCGAGGACGTAGCCA,ORC3,1354,84,134
ORC3_TACCATCGAGGCTCTGAAAC,ORC3,1354,749,443
ORC3_GGCTCATCAACCTCGTGGAC,ORC3,877,87,30
ORC3_CTACCTCTGACCAGTCCACG,ORC3,1120,1,0
ORC3_AGCTCTAATAAACCGAGCAC,ORC3,989,7,4
ORC4_ATAGCATGTGTAATGACCGC,ORC4,444,34,79
ORC4_TCGCCCTAAAGGAAATCACA,ORC4,866,0,0
ORC5_CTGATCGTCATGGCCAACCA,ORC5,3304,107,201
ORC5_GACCCTTCAGCTGTTAACCC,ORC5,770,150,23
ORC5_ATCCAGCAAGAACTGACAAG,ORC5,1864,137,37
ORC5_CTTGCAGTCCTTGTTTGGAG,ORC5,2531,27,15
ORC5_TCCAAACAAGGACTGCAAGA,ORC5,705,76,34
ORC6_TCGCTTTAGTGCCGGCGCCA,ORC6,1301,202,278
ORC6_TCAGCATGTCGGGCTCGGCG,ORC6,858,1,0
ORC6_TCTCCGTGGTGCGTGCGGAG,ORC6,2083,62,26
ORC6_ACCTACTTACCCTGTCCAAG,ORC6,1953,0,0
ORC6_GAGATGTAGCTACTCCACCA,ORC6,570,2,18
ORC6_AAATGCTGCCAGTGCTCAAA,ORC6,1274,511,322
ORM1_AGGTGGTGTTATAGATGCAC,ORM1,588,76,271
ORM1_AAATGCTCTTGGCCTCCCAC,ORM1,53,15,24
ORMDL1_CCTAACTCATTGGGAACAAC,ORMDL1,899,510,541
ORMDL1_ACCCGTGTCATGAACAGCCG,ORMDL1,1714,150,411
ORMDL1_TACCCGTGTCATGAACAGCC,ORMDL1,397,99,322
ORMDL1_ATACCCGTGTCATGAACAGC,ORMDL1,330,61,77
ORMDL2_GACCAACGTCATCCATAACC,ORMDL2,1204,257,430
ORMDL2_TGAGACTCCTGACCAAGGAA,ORMDL2,1191,306,350
ORMDL2_ACTTGCGGGAAGAGGTAAAC,ORMDL2,775,278,200
ORMDL2_ACTTGGTATAGAAGCTGGCC,ORMDL2,565,54,216
ORMDL3_AAATCCGGACTCCGTGGAGC,ORMDL3,951,297,148
ORMDL3_GATGGTCAAGAACTTCCGAG,ORMDL3,366,121,123
ORMDL3_ACTTCCGAGAGGCCGTGAAC,ORMDL3,1573,431,552
ORMDL3_GCAGGAAGATATACATGCCC,ORMDL3,0,49,47
ORMDL3_CGTAGGAGAGCCAGATGCCA,ORMDL3,396,290,99
ORMDL3_ACGCGGGTGATGAACAGCCG,ORMDL3,1705,1279,1081
OS9_CGGTGTCGGGAGCCTGAACC,OS9,2054,472,594
OS9_CCAGAGCCAATCTTCGGACG,OS9,2651,429,784
OS9_ACTACCAATCAGCCTTCGAC,OS9,402,0,3
OS9_GCGACCTTAATGGGAGGCCC,OS9,248,27,26
OS9_AATGGTCAGCACATAAGAGC,OS9,322,88,79
OS9_CCTAGGTGCGAGCCCGACCA,OS9,1663,283,244
OSBP_TGACATCAGCCTTGATGAAC,OSBP,1720,270,427
OSBP_GATCAGTGCTGCTCTGGCAA,OSBP,773,109,93
OSBP_GGAAGAAACCCTCGAGCAGC,OSBP,623,100,308
OSBP_AGTCCTCTACTTTGCTAGAG,OSBP,382,61,135
OSBP_CGGTGATGTTGGCTGTGGCG,OSBP,2362,3,117
OSBP_GGTTCGGGCTCGGCTCGAGA,OSBP,218,0,82
OSBP2_GGCATGAACCGTAGGCCAGC,OSBP2,188,32,98
OSBP2_CATTGCCCAGCACGAACCAG,OSBP2,1505,406,378
OSBP2_CTCCGTGTCAATGTGCGCGG,OSBP2,754,114,674
OSBP2_GCTGCAGAAGGAGCGCACGG,OSBP2,1809,665,547
OSBP2_TGCAGCTCGCTCTTGTCGGC,OSBP2,1118,727,988
OSBP2_ACACAGTCGGAAATGGCAGC,OSBP2,417,150,174
OSBPL10_CTACTGCTGGCCATCACCGC,OSBPL10,2945,591,850
OSBPL10_AACCTCACAGCCAGAGCCAG,OSBPL10,752,148,407
OSBPL10_ACGCCATTGAGTCCCTGCCA,OSBPL10,223,119,147
OSBPL10_ATGCGTGATTGTGACAACAC,OSBPL10,843,154,70
OSBPL10_AGCTTGTGCCAAATACCACA,OSBPL10,599,237,171
OSBPL10_TTCGTACTGGATTTCGAGGC,OSBPL10,569,492,427
OSBPL11_GGCGTGACAATGGTTGGAGA,OSBPL11,1046,255,188
OSBPL11_AACTGATCAGAGTAAGCCGG,OSBPL11,642,301,183
OSBPL11_CCATCTTAGTTCCTTGGACC,OSBPL11,1027,604,213
OSBPL11_TTCACTGTAAACGCTGCCAG,OSBPL11,1056,107,45
OSBPL11_TGTACTGCCACCCAGTGACA,OSBPL11,753,40,262
OSBPL11_GAGACTTTCATTGTGGACAC,OSBPL11,740,178,80
OSBPL1A_ACCCGCCAGCATCCTTAGCG,OSBPL1A,1775,753,867
OSBPL1A_TAGCCTTCAGCAGTCAAGAG,OSBPL1A,731,475,519
OSBPL1A_GAAACCTCTTGACCTTGCCC,OSBPL1A,236,9,0
OSBPL1A_AGCTGCCTTTACAGGACGAA,OSBPL1A,846,164,239
OSBPL1A_GAAGTAAGTCTAACTTGGGC,OSBPL1A,532,32,47
OSBPL1A_AACTATTAGAGACCATGGCG,OSBPL1A,824,193,237
OSBPL2_CTGCTGAAGGATGAACGGAG,OSBPL2,2344,698,289
OSBPL2_CCTGAAGAAGTGTGTTGGCC,OSBPL2,989,198,412
OSBPL2_AGCACGTGTACCTCATCCAC,OSBPL2,71,102,97
OSBPL2_GCTTCCCAGTGGGAGAGGAC,OSBPL2,534,63,72
OSBPL2_GGTAGATGGAGCCATGGAAC,OSBPL2,379,145,35
OSBPL2_GACATAATGAAGCCTACACC,OSBPL2,239,33,1
OSBPL3_GAATGTATTCGGGAGGACAA,OSBPL3,419,233,226
OSBPL3_CGGGAAGGACCTGTCCAAGG,OSBPL3,1711,623,826
OSBPL3_ACCCGACTTGGCGACAGCGG,OSBPL3,561,288,50
OSBPL3_GACCAATGACCTGAGCAGAC,OSBPL3,451,548,668
OSBPL3_GGTAGGCATGACAGTGCGCC,OSBPL3,1,92,0
OSBPL3_AGTAGCTGCTCTTCCAAGCA,OSBPL3,460,656,263
OSBPL5_TCAGTAGGCTAGAGCAGCGC,OSBPL5,1614,423,266
OSBPL5_CTCACCATCTGACTCGGAGG,OSBPL5,1087,292,508
OSBPL5_GCCCAGACGGACTGATCCAG,OSBPL5,2222,122,106
OSBPL5_GCTGTGCAACGGGTCAGACA,OSBPL5,1967,341,169
OSBPL5_TATACCCAGGCTCTTACCGG,OSBPL5,692,40,161
OSBPL5_CGCCCACAGCATGAAGGAGG,OSBPL5,932,240,322
OSBPL6_CCTCTTCAACATCCTCCCAA,OSBPL6,176,0,37
OSBPL6_CACAACTGGCCAGAGTAAAG,OSBPL6,2633,770,910
OSBPL6_GGAGTTTGCTAAGTTCCACA,OSBPL6,249,121,63
OSBPL6_ACAAGCGGGTCACAAGACGA,OSBPL6,398,133,132
OSBPL6_AGTTCAGCACAACTCGGCGC,OSBPL6,599,174,42
OSBPL6_ATGCAAGCGAACTGGTGACA,OSBPL6,965,131,18
OSBPL7_GGCACTTACCCTTCTGGGCC,OSBPL7,277,43,122
OSBPL7_GCCCGACCTCACCCGTCCAA,OSBPL7,739,78,133
OSBPL7_GCCGGACATCGATGGAGCCA,OSBPL7,304,122,86
OSBPL7_GATACTTTGTGCTCGAGGAC,OSBPL7,994,104,96
OSBPL7_GGGTGTCATGCCTGAGAGGC,OSBPL7,28,219,229
OSBPL7_TCTCCATGGACTTCCAAGAG,OSBPL7,1532,541,592
OSBPL8_TGGCATGGACCTATCCAAGG,OSBPL8,2396,312,819
OSBPL8_CGTGCTAACAATCTCCACAG,OSBPL8,2662,714,423
OSBPL8_CGAGCTACTTCAGAGTCAGA,OSBPL8,363,168,21
OSBPL8_TTCGTGGTACTCTAAAGAGC,OSBPL8,407,117,127
OSBPL8_CCAGCAAGTCCTCATAGCCA,OSBPL8,2954,361,372
OSBPL8_GCTACTTACTTGATGGCCCA,OSBPL8,467,62,149
OSBPL9_GAGCCGCCAATGACAACAAA,OSBPL9,1173,454,363
OSBPL9_TGCTGGCTTGTGTTTACAGA,OSBPL9,870,785,415
OSBPL9_CGCTCATCAGCATCACGGGC,OSBPL9,285,53,17
OSBPL9_GGGTCTACTCACTCCGCAAG,OSBPL9,922,125,162
OSBPL9_TTGCAGCATTAGTGACCAGA,OSBPL9,515,489,81
OSBPL9_TGTAACATTTGTGGCTGAGC,OSBPL9,1015,203,115
OSCAR_CAGCAGCGTGAAGTCGGCCC,OSCAR,225,182,253
OSCAR_CGGAGTGGCGGTACTGCAGC,OSCAR,0,11,31
OSCAR_CCGGGATGTGTCCTCCGAGC,OSCAR,407,289,240
OSCAR_AGGACACATCCCGGAAGAGA,OSCAR,701,57,50
OSCAR_GGCTTAGGGTGGTATGAAGC,OSCAR,1151,225,184
OSCAR_GCAGCTGGAGGATCAGCACC,OSCAR,227,2,71
OSCP1_CGGTGGTAAAGAGATTCAAC,OSCP1,959,182,141
OSCP1_CCAGACACATGAGTTTCCAC,OSCP1,731,115,178
OSCP1_ACTATATGGAGGACAGGAGA,OSCP1,1307,58,156
OSCP1_GCTCTATGACCTGATGACCA,OSCP1,368,168,312
OSCP1_GAGGACTGTCTATGAGCGCC,OSCP1,104,0,47
OSCP1_GCTCTTCTTGAACTTGGGCG,OSCP1,578,82,135
OSGEP_AGAGATCACAGAGCGAGCCA,OSGEP,689,0,1
OSGEP_CGCCTGTGGCCAGCATCCGA,OSGEP,908,0,164
OSGEP_CACTCACCTCAATGAAAGAC,OSGEP,1375,250,269
OSGEP_TCTCAATGTGGCCTATACAG,OSGEP,1074,100,37
OSGEP_CGACTGCATTGCATACACCA,OSGEP,1546,119,23
OSGEP_CAATAAGATTGGCGTGGGCG,OSGEP,532,0,0
OSGEPL1_ACCTTGTCAAGCATGTCACC,OSGEPL1,629,192,320
OSGEPL1_ACCAGGTGACATGCTTGACA,OSGEPL1,851,97,393
OSGEPL1_AAGTCTTTGGACATAGCACC,OSGEPL1,422,55,82
OSGEPL1_ACCAGGACTTGCTTTAAGCC,OSGEPL1,824,921,728
OSGIN1_ACAGACCAGGCACCGTGGGA,OSGIN1,1158,75,66
OSGIN1_TACCGGAGCATCTGCCAGCA,OSGIN1,1090,571,448
OSGIN1_ACTCACCCACAATGATGACC,OSGIN1,430,104,73
OSGIN1_CGGTGAGCTTCCTCTGCAGC,OSGIN1,273,228,233
OSGIN1_CGGTCCTCACCTGGAAGCAC,OSGIN1,1033,534,514
OSGIN1_CTACCAGAGCACCCGCCAGG,OSGIN1,423,184,491
OSGIN2_CCGACTTAAAGGAAAGCACA,OSGIN2,971,414,279
OSM_AAGGCAAGAGACTCATGACC,OSM,246,12,48
OSM_CCACTGAGTGCATGAAGCGA,OSM,1723,481,408
OSM_AGACACGGCTGAGCCCACGA,OSM,1131,218,531
OSM_AGATGTTGTTCCTGAGCCCG,OSM,634,325,536
OSM_TGCTCGCCATGCTTGGAAAC,OSM,1487,1339,1303
OSMR_ACCAGGTTCTGCATTGGAGC,OSMR,277,339,126
OSMR_AGAAGTACTTGAGGAGCCCA,OSMR,480,44,42
OSMR_AGACACGTTAGTGGCCACGG,OSMR,524,34,96
OSMR_ATGCCAGCCACTTCTGGAAA,OSMR,744,727,535
OSMR_GCTGTTGGCTGGTGCTGGAA,OSMR,1418,446,277
OSMR_GGACTGGTGTGACCATACCC,OSMR,538,39,94
OSR1_CTTGCGTTGCTGCCAAGGCC,OSR1,491,413,341
OSR1_CGCGGCTTGGTCTTGAGCGC,OSR1,731,99,141
OSR1_GAAGCGCGCATCCACCAAGC,OSR1,1380,552,247
OSR1_AGGTTGGGCAGATGGTCCGA,OSR1,915,238,227
OSR1_GCCGTTCACTGCCTGAAGGA,OSR1,451,248,163
OSR2_CATCCGGGTAAGCGCGGGAA,OSR2,3789,591,667
OSR2_CGCCTCGGAGCTCCTGGGAA,OSR2,1420,663,675
OSR2_GAACACCTTCCCGGCCACGG,OSR2,1004,134,91
OSR2_CATCCATGAGAGGACCCACA,OSR2,826,21,254
OSR2_TGATGTCTGTATGGGTGAGA,OSR2,510,64,330
OSR2_GGCGAAACTGTGATCTGCGG,OSR2,612,192,171
OST4_CGTCAACAATCCCAAGAAGC,OST4,2841,365,363
OST4_GCCCAGCATGTTGGCGAAGA,OST4,1331,145,348
OSTF1_TTTCAATCTAGTGGCTGAGC,OSTF1,806,93,161
OSTF1_GCCTTATACTGGGCTTGCCA,OSTF1,21,147,236
OSTF1_CCTTATACTGGGCTTGCCAC,OSTF1,114,101,338
OSTF1_TTATACTGGGCTTGCCACGG,OSTF1,835,265,583
OSTF1_TCGAACATTAAGCAATGCCG,OSTF1,1039,314,310
OSTM1_GACAACATCAGCCGAGCCGC,OSTM1,102,235,56
OSTM1_CCAACAGGTCGTCAGCAAGA,OSTM1,1814,922,1173
OSTM1_TGCTGACGACCTGTTGGAAG,OSTM1,3597,608,1017
OSTN_TGGATCGGATTGGTAGAAAC,OSTN,919,419,289
OTC_GAATGAAAGTCTCACGGACA,OTC,490,213,368
OTC_GGAGCGTGAGGTAATCAGCC,OTC,864,123,92
OTC_GGCAGAGCAGTATGCCAAAG,OTC,173,86,213
OTC_CCTCCATGCGCTGCTTCCAA,OTC,1725,523,538
OTC_TCGATCACTAGTGTTCCCAG,OTC,846,116,136
OTC_GAGGTGAGTAATCTGTCAGC,OTC,267,94,206
OTOA_TACAGTGCCAAATTCCAGGC,OTOA,499,158,264
OTOA_TCCGGGAATTCAGATAGGCC,OTOA,481,220,345
OTOA_AACAGGCTGCGGTTCACGCC,OTOA,487,155,439
OTOA_AGCTCTCTGGGAATGAGCCG,OTOA,470,109,143
OTOA_CGCCACCAAGCAGCTGGACA,OTOA,3247,665,888
OTOA_CTGCATCCGACAAAGAACCC,OTOA,1983,590,455
OTOF_GCATCACGGTGATCGAGGCC,OTOF,777,383,150
OTOF_CTCCTAGCCGAATGGCCAGA,OTOF,724,232,260
OTOF_CAGGAGAGAAGAGCTTCCGG,OTOF,943,55,108
OTOF_GCGTGTCAGTCACCTCCACA,OTOF,955,519,232
OTOF_CCAGACATTTCGGTGGCCGG,OTOF,862,415,201
OTOF_TGTCTTGAGGTGGATGAGCA,OTOF,870,310,291
OTOG_AATGAGGAATGGGCCCGCGC,OTOG,410,88,42
OTOG_GGCTACAGTCGTGGGAGGCC,OTOG,290,164,69
OTOG_CATCTGGCAGCGCGGTCCAG,OTOG,57,27,69
OTOG_TACTACTACCTCTCCGGAAA,OTOG,1320,555,466
OTOG_GCATCAGTCAGCCTTCACAC,OTOG,1371,718,724
OTOG_AGGGAAGCTGACTGACGACG,OTOG,674,16,109
OTOGL_AACATGGGCAACGGCAGAGA,OTOGL,1041,286,284
OTOGL_GCTGGCATTCCACTGGAGCA,OTOGL,353,202,147
OTOGL_AACAACTGATACAGTCCCGA,OTOGL,238,788,115
OTOGL_TTAGGCCTCGTAATGGACAA,OTOGL,792,283,247
OTOGL_TACATCCTCGTGAAAGGAAC,OTOGL,595,113,301
OTOGL_CATAGCTGATAGTACAGCCC,OTOGL,288,210,227
OTOL1_AAGGGTCTAAAGCCATCCAG,OTOL1,301,24,42
OTOL1_TCACCTGTACCCGGGCAGAA,OTOL1,2314,591,921
OTOL1_CCCGGGCAGAAAGGAGAACC,OTOL1,821,224,337
OTOL1_TTAGGACTCAAAGGAGAACG,OTOL1,1140,415,647
OTOL1_AACCAGCGCTGAAAGCCGAC,OTOL1,492,217,132
OTOL1_CTATGGTCAGGAAATAGACC,OTOL1,762,186,344
OTOP1_AGCAATGGTGGCGGCCAGCA,OTOP1,1531,474,2037
OTOP1_CTGTGCACTGCCATCTCCCA,OTOP1,1243,184,105
OTOP1_CTGCAAGCGCCTCGGTCGCA,OTOP1,1145,154,309
OTOP2_CGCTGATGAGCGTGCAGGCG,OTOP2,1832,380,613
OTOP2_TGACTGGCACTCAAAGAAAC,OTOP2,1453,448,749
OTOP2_ACGTCCACCTGGATCTGACC,OTOP2,393,106,154
OTOP2_CACCACGGCCGCCATCCAGA,OTOP2,1414,244,266
OTOP2_TTAGGCACTGGCGTCTCCAC,OTOP2,319,143,48
OTOP2_CACGTAGACCTCCAGCAGGC,OTOP2,1357,625,477
OTOP3_TCGCGGGCATCGGTCTCACC,OTOP3,622,100,40
OTOP3_CTGCAGCATGATCTTCAACA,OTOP3,4294,1063,1055
OTOP3_CATCCGCTGCAAGTCACAGC,OTOP3,681,601,716
OTOP3_GGTCAGCATCAGGCCACACC,OTOP3,157,264,132
OTOP3_GCAAGCAATGGCAGGGCCAC,OTOP3,281,82,44
OTOP3_ATGCAGGCATCATCCACAGC,OTOP3,615,246,112
OTOR_ATACAGCCACAAGACCCGGG,OTOR,454,34,36
OTOR_CACATACAGCCACAAGACCC,OTOR,797,352,221
OTOR_GCACATACAGCCACAAGACC,OTOR,863,328,433
OTOR_TTAGGTTTATGGTGATGGCC,OTOR,204,198,191
OTOR_TGGTGATGGCCAGGACGAGA,OTOR,825,267,60
OTOS_AGTCCTCCTGATAGGGAACG,OTOS,438,108,124
OTOS_CTTCCACGTTCCCTATCAGG,OTOS,872,183,95
OTP_AACAGCCTGGCGGGTTCCAA,OTP,68,155,136
OTP_CTGGGACAGCGACTGCGCCA,OTP,747,302,251
OTP_CAACTCGTTGAGCTGTGCGG,OTP,917,0,117
OTP_TTTGGCGCTCACCGCCAGCG,OTP,58,186,148
OTP_AGGCGCGCACTCACCTAGCC,OTP,956,538,198
OTP_CACCTAGCCTGGCGTCCAGG,OTP,221,199,46
OTUB1_GCGCTGTTTAAAGATGGCGG,OTUB1,451,0,61
OTUB1_TAGGCCAGACAGTTAACACC,OTUB1,837,64,137
OTUB1_CCCTCTGGTGTCAGAGCGGC,OTUB1,0,191,75
OTUB1_GAAACAGTTGCCGTCAGGCC,OTUB1,249,74,133
OTUB1_GGCAGACACAGCCTTGAACC,OTUB1,448,58,76
OTUB1_CATGGACCTGATTGAGCAGG,OTUB1,345,110,242
OTUB2_ACCGCCATCCGCAAGACCAA,OTUB2,960,263,286
OTUB2_GGTCGTTGAACACCTTCAGC,OTUB2,96,27,26
OTUB2_AGTGGAGTACGTGGACGAGA,OTUB2,181,29,38
OTUD1_GCGGTGGACGTGTAGTGCGG,OTUD1,97,14,46
OTUD1_GCTTGGACGCGACACGGGAG,OTUD1,2313,449,395
OTUD1_GCGAAGAGCACTTGGCGGAG,OTUD1,1872,504,562
OTUD1_CGAAGAGCACTTGGCGGAGA,OTUD1,1308,592,452
OTUD3_CGCCGCCTGCTTTCGGGACA,OTUD3,2402,496,513
OTUD3_GAAAGCAGGCGGCGAAGAGC,OTUD3,641,75,71
OTUD3_AGTACCAGGCTTTGCCAAAC,OTUD3,670,168,273
OTUD3_CCGTGCTTCGGATGAACCAA,OTUD3,583,284,187
OTUD3_TCTTACATACCTTTGCGAGC,OTUD3,312,310,561
OTUD3_AGCGGCGAAGGTCTTCACCA,OTUD3,1419,246,201
OTUD4_CTTACTTGTTCCGCAGGAGA,OTUD4,551,441,392
OTUD4_TTACTTGTTCCGCAGGAGAA,OTUD4,1071,186,387
OTUD4_TTCATACATACGGAAAGGGC,OTUD4,376,86,110
OTUD4_TTGATGTGCTCCTACCAGAA,OTUD4,1011,517,492
OTUD5_TCAGGAGAAACAGGCTCGCC,OTUD5,205,177,91
OTUD5_CCGATGGTAGCTAACACGAA,OTUD5,2138,237,276
OTUD5_GAGGTGTACCAGTACAGCAC,OTUD5,485,6,37
OTUD5_TGACCAGGTGTATGGAGACC,OTUD5,812,127,28
OTUD5_AAGGCCCTACGAGACAAGAA,OTUD5,677,21,49
OTUD5_CAGCGATGAAGAGCGCCCGG,OTUD5,513,20,13
OTUD6A_TTTCCAGATTCATCTTGGCC,OTUD6A,193,188,114
OTUD6A_CTCCTCCTCGCGCTTGAAGC,OTUD6A,1311,280,639
OTUD6A_ATGAAAGCGATCCCGGCCGA,OTUD6A,644,21,87
OTUD6A_CGACAACATCGTGCGCACCA,OTUD6A,3020,758,1533
OTUD6A_GGTCTTCAGGACGTGCGACA,OTUD6A,617,392,247
OTUD6B_ATACCGCCTCCATGACGACC,OTUD6B,1097,82,173
OTUD6B_ATGGCAGAAAGTCTTCCACA,OTUD6B,777,48,143
OTUD7A_TGTATCTGCCACAACAACGA,OTUD7A,1328,788,364
OTUD7A_AGCAAGAATGGCGGCACGGG,OTUD7A,688,238,264
OTUD7A_AGAGAGCTTTCCGTAACACC,OTUD7A,525,207,333
OTUD7A_GACCACCAGTTCAGGCGACC,OTUD7A,1255,139,181
OTUD7A_TTCACTTGCCACGTGGGACC,OTUD7A,545,188,199
OTUD7A_CGACTATGAGCAGCTCCGCC,OTUD7A,310,220,483
OTUD7B_TCTGTAAGTGGGATCACAGC,OTUD7B,650,124,148
OTUD7B_GATCATAGGCGAGCACCAGA,OTUD7B,4,121,150
OTUD7B_ACCATGCTGAGGGACTCCGG,OTUD7B,558,147,260
OTUD7B_CATGCTGGTTGCCTTGGAAC,OTUD7B,1935,615,519
OTUD7B_GAACGATGTCATCCTGCCGC,OTUD7B,190,83,78
OTUD7B_AGGAGATCTCGCGCTAGCCC,OTUD7B,613,75,47
OTX1_CCCATACGGCATGAACGGGC,OTX1,364,56,78
OTX1_CCGCGATAGAGGACTCGGGC,OTX1,274,83,61
OTX1_ACGTGGCCACCAATGACCCG,OTX1,1969,607,499
OTX1_GCGGGTCATTGGTGGCCACG,OTX1,68,14,3
OTX1_TGCGGGACTAGGTGGGAACC,OTX1,1113,148,211
OTX1_TACGGAGCGCTGCATACACG,OTX1,1950,305,337
OTX2_CGGGACTGAGGTGCTAGAGG,OTX2,1413,480,293
OTX2_TCTGAACTCACTTCCCGAGC,OTX2,1164,148,288
OTX2_TCTCCCGGCGCTGTTTCCGG,OTX2,1103,88,75
OTX2_TACCCGGGTAGCCCACGGAG,OTX2,326,248,139
OVCA2_CTCGAGGCTGCTCCTCCGGA,OVCA2,81,265,166
OVCA2_AAACCAAGAAGGCCGTCAAA,OVCA2,744,280,225
OVCA2_CCTTCTTGGTTTCAGCCAAG,OVCA2,896,75,215
OVCA2_TGACAAGGGCCTTTGCAGGA,OVCA2,1458,304,343
OVCA2_ACTTGAGGTAGGCCTGACGC,OVCA2,241,24,73
OVCH1_CTTTCCAGAAGAATCGCAGG,OVCH1,668,144,93
OVCH1_AGATCTCTCATGGAAGACGA,OVCH1,335,65,84
OVCH1_GGACCACTGGTTTGTAGAAG,OVCH1,1669,149,248
OVCH1_ACACAGCATGGTCCTTCCCA,OVCH1,0,49,46
OVCH1_TCAAGCTTCCTCCACAGAAG,OVCH1,1745,490,444
OVCH1_ACTGAAGTGTGGAATTCGCA,OVCH1,589,232,155
OVCH2_AATCGGAGAAAGAGCTCCAG,OVCH2,8,78,176
OVCH2_CATGTGCCGGAATAAGAAAG,OVCH2,1258,169,276
OVCH2_AGGGAGAGACGCATGTCAGG,OVCH2,569,27,96
OVCH2_CTGCGGGAGCAATTTGAGGC,OVCH2,1869,577,800
OVCH2_AGGCTCCAGCCATCTTCAAA,OVCH2,899,461,580
OVCH2_CGGCTCACTGCATTGCAAAC,OVCH2,3210,1378,1456
OVGP1_CTCCTCAAAGCCTCTAAGAA,OVGP1,388,566,459
OVGP1_GGTCTTCAGGCAGAGAGAAG,OVGP1,590,119,104
OVGP1_GAGCAGTGCCTCCTTCCGGA,OVGP1,216,70,10
OVGP1_AAACACTACTGTCCATCGGC,OVGP1,1140,122,211
OVGP1_AACTGGGCACACAGTCGGCC,OVGP1,235,126,158
OVGP1_CTTGTGCTGAAACACCACGA,OVGP1,1265,278,291
OVOL1_TTCTTCACCAGGAACGCGCG,OVOL1,882,352,363
OVOL1_GCTCCAGTTCCTCTTGCACG,OVOL1,2077,258,713
OVOL1_ACCACAGCCCTACCGGGAGC,OVOL1,279,161,125
OVOL1_AAGTGGCCCATGTCTTCAGA,OVOL1,219,50,159
OVOL1_GGCCTTCTGGCAGACACGGC,OVOL1,395,107,342
OVOL1_GCGCAAGACCTCCAAGAAGG,OVOL1,1435,290,221
OVOL2_TGAGAAACGAGCTGCCCGGA,OVOL2,1022,297,145
OVOL2_TGCGAGGATTGCGGCTACAC,OVOL2,2221,636,1146
OVOL2_AGTATGCCTATAAGCAGCGG,OVOL2,113,8,36
OVOL2_ACGACACCTTCGACCTGAAG,OVOL2,745,153,323
OVOL2_CTGTGCACCTTCTGCGGCAA,OVOL2,2954,717,728
OVOL2_AGCTGTGACCTGTGTGGCAA,OVOL2,2195,841,869
OVOL3_CTCCTGACCAGGAAGGCGCG,OVOL3,190,166,323
OVOL3_TGTCCACGGATCCCTGACAC,OVOL3,568,102,99
OVOL3_CACAGGGATCTCTTCCAGCG,OVOL3,1310,373,411
OVOL3_GGAGGAAGGAAAGCGCCAGC,OVOL3,140,21,0
OVOL3_TTGTCAGCATGCGCTGCAGA,OVOL3,717,59,105
OVOL3_GCTGTGCGTAGGTGTCGGGC,OVOL3,302,42,52
OXA1L_TGGGACTAATGTGCGGACGC,OXA1L,499,25,122
OXA1L_TTGGGAAACCGCTGACCACA,OXA1L,970,123,114
OXA1L_GAGGGAGTTGCAGCAACAAC,OXA1L,211,132,110
OXA1L_CTTGGCCTCTCTGATTCGAC,OXA1L,587,163,276
OXA1L_ATTGTAGCAGTGACTGCCAG,OXA1L,430,2,51
OXA1L_CCTGGACAAATTACCTCCAC,OXA1L,1004,356,721
OXCT1_CACCATGGAGCATTCTGCAA,OXCT1,1347,386,193
OXCT1_GCCATCCTCAAACTCAAGAG,OXCT1,892,78,205
OXCT1_TCAATCCGGAAAGAGGGAGA,OXCT1,531,225,28
OXCT1_CGATCCTCCTTCTTGTACCA,OXCT1,2255,675,510
OXCT1_AGAGAGGATCCGTGCAGGCG,OXCT1,318,165,415
OXCT1_CTTGGTATGGCGATGAGCAC,OXCT1,1218,96,257
OXER1_GCCCAGACCACGGTTCCGGA,OXER1,1381,36,137
OXER1_CGGAAGCACGGCTCAGCACG,OXER1,1098,143,226
OXER1_AGCGCCAGGTCTCATGGAGG,OXER1,97,21,67
OXER1_CACGGTGTTCCTGGTCAGCC,OXER1,944,314,687
OXER1_TCATCTTCTGCATCCACACG,OXER1,1651,446,409
OXGR1_CGAACTGGTGAGGTCGAGAC,OXGR1,2060,613,463
OXGR1_AATGATCCACACCACAGCAC,OXGR1,524,267,148
OXGR1_CTGATTCACTACTATGCCAG,OXGR1,1217,464,454
OXLD1_TGGAGATCCGGCTGCACACC,OXLD1,881,382,735
OXLD1_CGGGACAGACCACGTAGAGG,OXLD1,2221,386,469
OXLD1_CCGATGGAGGAGAGGAGCGA,OXLD1,932,9,43
OXLD1_CGATGGAGGAGAGGAGCGAG,OXLD1,895,238,2
OXLD1_CGGGTCTTGGCAGCGCCGAA,OXLD1,961,245,260
OXLD1_ACGGGTCTTGGCAGCGCCGA,OXLD1,200,94,125
OXNAD1_TGACGCAGCCTCAATACGGA,OXNAD1,354,55,112
OXNAD1_AACTGCAAGTGTCCTTCGAC,OXNAD1,1709,376,711
OXNAD1_TTGTTCTAGCAGTCTGGGAC,OXNAD1,690,340,264
OXNAD1_TTACCGTATTGTGAACCCAG,OXNAD1,1769,284,116
OXNAD1_AGGTTTCTAGAGGCATCCGC,OXNAD1,512,141,86
OXNAD1_AGCAGATCTCCTCAGAGAGC,OXNAD1,551,78,112
OXR1_GAGCATTAATATCCACCGAC,OXR1,124,192,158
OXR1_ACTTACACATACCTTTGCGC,OXR1,916,314,213
OXR1_TTACCTGAGGGAGCCAGCCC,OXR1,361,40,30
OXR1_CCGAGCAGTTGTTACTGGAC,OXR1,892,191,417
OXR1_TCAGATGATGTTGGTGACAG,OXR1,1352,282,420
OXR1_CATCATGTGTCCAATGGAAG,OXR1,1431,476,473
OXSM_CGATAAGACGATCCCAAACC,OXSM,2459,167,157
OXSM_CGTCTTATCGGAGGAGAGAG,OXSM,992,140,103
OXSM_TGAGTTTGTGCTCAGAGCCC,OXSM,775,75,33
OXSM_ATGCTGTTCAAAGAAGAGCC,OXSM,105,0,0
OXSM_TCCTCAACTAAGGGAGCAAC,OXSM,1011,249,140
OXSR1_TCGTCCCTGTTGATGGACCA,OXSR1,1497,275,526
OXSR1_TTCTCGGAGTATCGTAGCAA,OXSR1,860,538,435
OXSR1_GATCCTCCTTCTTTGGAAAC,OXSR1,470,116,240
OXSR1_TGGGCGTCTTCATAAGACAG,OXSR1,860,369,363
OXSR1_TGTGTAGCAATCTGCCCAGC,OXSR1,184,40,45
OXSR1_CTAAATCCCTTCCGTCGACC,OXSR1,1071,399,242
OXT_GGCCGAGCAGACAGCAAGCG,OXT,1465,451,532
OXT_TGGCTTCCGCGTCGCAGGCA,OXT,1008,512,621
OXT_GAGCCATCAAGTTTCAGCGC,OXT,1677,238,348
OXTR_GCGATGGCTCAGGACAAAGG,OXTR,1585,479,423
OXTR_GGTAGCTGGCGGAGCAGCAC,OXTR,96,78,20
OXTR_GCACGAGTTCGTGGAAGAGG,OXTR,701,22,100
OXTR_GACGCTGCTGACACGCGCCA,OXTR,360,156,115
P2RX1_ACGTAGCCAAGCTGGAAGAC,P2RX1,2000,1025,575
P2RX1_AGTTCTCGGCCTCTCGGAGA,P2RX1,508,93,56
P2RX1_CTGGCTCCAGGCATCCGCAC,P2RX1,1478,299,387
P2RX1_TGACTACGTCTTCCCAGCCC,P2RX1,1287,285,269
P2RX1_CGCACAGTGGCTTGCCAGGA,P2RX1,2987,980,1040
P2RX1_GCTGGTGCGTAATAAGAAGG,P2RX1,806,333,266
P2RX2_CGTCTCGTAGTCCCAGAGGG,P2RX2,1318,138,160
P2RX2_AAGCTACCAGGAGAGCGAGA,P2RX2,495,160,249
P2RX2_GCGTGTTCAGCATCATCACC,P2RX2,597,154,46
P2RX2_GGCTGGTGCCCGGTGGAAGA,P2RX2,26,11,3
P2RX2_CAGCCAATTTCTGGGTACGA,P2RX2,2296,231,311
P2RX2_GAAGCGCTGCACGTTCCACG,P2RX2,995,92,172
P2RX3_AGTCGGTGGTTGTGAAGAGC,P2RX3,699,199,292
P2RX3_ACTGGCTGTCTGATACACAG,P2RX3,2364,241,203
P2RX3_CTTGTCCGGGTGGAAGCGGC,P2RX3,109,0,34
P2RX3_TTCTGGGCATTAAGATCGGC,P2RX3,438,130,134
P2RX3_CGTATACCAGCACGTCGAAG,P2RX3,2620,677,542
P2RX3_GGCCTTTACTTCTGTGGGAG,P2RX3,919,294,474
P2RX4_GCGGCGTGTCGTACTCGAAC,P2RX4,1645,405,235
P2RX4_GGTCGTAACGGAGCTGACCA,P2RX4,249,146,205
P2RX4_CACGTTGGTCATGACGAAGA,P2RX4,1112,472,379
P2RX4_TCTGCCGGCACCCACAGCAA,P2RX4,1614,126,403
P2RX4_TGCCAGCCACATCTCAGCCA,P2RX4,5360,1040,852
P2RX4_ACGTGTGTGTCATCCTCCAC,P2RX4,1767,344,335
P2RX5_TCTTCGGCCTCCTTCAGGAA,P2RX5,1005,242,260
P2RX5_GCTTGTCTCCAACGGGCACC,P2RX5,33,27,0
P2RX5_GAAGCGGTTACAGCTGGAAA,P2RX5,878,133,189
P2RX5_CAGCACAGACGTTCTGCCGC,P2RX5,90,18,30
P2RX5_CGACTACGTCATTCCAGCCC,P2RX5,1165,235,377
P2RX5_CGCGGAGAACTTACACGACC,P2RX5,1674,217,580
P2RX6_TCGACCCAGCAGTTAGCCAG,P2RX6,1960,206,392
P2RX6_TGGTGTTCAATGGGACCCAC,P2RX6,99,69,15
P2RX6_GGTCTCCAAGGCATTGGACC,P2RX6,241,130,105
P2RX6_CGACATCCTCGTCACCGGGC,P2RX6,1119,303,185
P2RX6_ACGGCCGTCACACTGGGCAC,P2RX6,1170,26,75
P2RX6_GACTGGCCGAGTGCCTCAGA,P2RX6,265,18,73
P2RX7_GCTACACAATCTAGAAGGGC,P2RX7,87,18,43
P2RX7_AGAGCAGCGGTTGTGTCCCG,P2RX7,2010,234,187
P2RX7_ATCTGCAGTATCCCACCCGC,P2RX7,353,78,134
P2RX7_TACGTGGTGTAGTTGTGGCC,P2RX7,282,183,41
P2RX7_GGAGACATCTTCCGAGAAAC,P2RX7,1077,255,210
P2RX7_ACCAACGTGTCCTTGTACCC,P2RX7,513,77,266
P2RY1_TTTGAACGACGAGGAGACGG,P2RY1,419,236,167
P2RY1_AAATGCGCCTTGACCAAGAC,P2RY1,655,527,845
P2RY1_TCGTCTTCCACATGAAGCCC,P2RY1,454,109,253
P2RY1_GAACCTCTGCAGTTTACACA,P2RY1,71,18,77
P2RY1_TCCCGCCAAGAAATAGAGAA,P2RY1,772,227,200
P2RY1_TGGCGGGAGATACTTTCAGA,P2RY1,156,39,110
P2RY10_TACAGTGCGATTCGGACAAC,P2RY10,1318,273,254
P2RY10_CGTGACCAACTATCCCGCCA,P2RY10,2671,609,702
P2RY10_AGCGGGTCACAGAACTGCCA,P2RY10,175,0,54
P2RY10_CGCCTCATGAGCAAGGAGAG,P2RY10,345,341,275
P2RY10_CACTCTCCTTGCTCATGAGG,P2RY10,1231,433,532
P2RY11_GGTTGAGTTCCTGGTGGCCG,P2RY11,876,221,146
P2RY11_GCATCCGGAAGCAGCGCCCA,P2RY11,525,216,197
P2RY11_TGAAGAGGAAGCGCTCCAGG,P2RY11,985,62,144
P2RY11_CTTGATGCAGGCCTCGGGCC,P2RY11,380,106,72
P2RY11_GGCGTAGAGGGCCACACCAC,P2RY11,265,216,338
P2RY11_CCAGAGGACGCCAAGAGCAC,P2RY11,2833,320,228
P2RY12_CTTACACCCTGAGCCAAACC,P2RY12,3285,712,496
P2RY12_CGGTCATACGTAAGAACGAG,P2RY12,638,295,307
P2RY12_CCGGTCATACGTAAGAACGA,P2RY12,1445,538,358
P2RY13_AATCCTCTCTGACTCACACC,P2RY13,440,51,35
P2RY13_ACAGAGCCAAAGTATTCAGC,P2RY13,407,131,54
P2RY13_AGACACTCGGATAGTACAGC,P2RY13,909,159,130
P2RY14_AAAGTGAACTGGGACGGAAG,P2RY14,1273,369,471
P2RY14_CACCAACCAGAGTGTTAGGG,P2RY14,1131,271,391
P2RY14_TACTCAATGGAGTGTCAGGA,P2RY14,489,306,91
P2RY14_AAGACCATACAGTACAGCAC,P2RY14,1099,118,375
P2RY14_TGATCTGCTGAGTGATCAGG,P2RY14,250,83,99
P2RY2_GCTGCCTGTGTCCTACGGCG,P2RY2,966,87,196
P2RY2_CAAGAAGATGTAGAGCGCCA,P2RY2,730,68,183
P2RY2_TCTTGTGCCGCCTCAAGACC,P2RY2,661,282,224
P2RY2_TTTGTCACCACCAGCGCGCG,P2RY2,1283,642,612
P2RY2_CAGTTCTGTCGGATCTGCGC,P2RY2,390,84,173
P2RY4_GGGCAGATAGATTGTAACAC,P2RY4,2204,369,986
P2RY4_GCCGAGTGGTGTCATGGCAC,P2RY4,1039,362,290
P2RY4_CAGAGAAGGCCTGCGAGGCG,P2RY4,455,193,221
P2RY4_ACCCACTTCGGGCACTACGC,P2RY4,1024,1092,692
P2RY4_GAGGCCTAGGGATCTCAACA,P2RY4,304,207,216
P2RY6_GAAGTTCTCGCGGTAGACAC,P2RY6,711,123,186
P2RY6_TATTCGGCGGTGCTGGCGGC,P2RY6,371,3,24
P2RY6_GGGCATAGTTGTAGATGAGC,P2RY6,255,116,100
P2RY6_ACACTAGCCAGGCAGCCCGG,P2RY6,1378,61,218
P2RY6_TCACCCAGAAGAAGTTCCGC,P2RY6,259,0,1
P4HA1_CATTTGTTGCCAACTAGCAC,P4HA1,559,138,179
P4HA1_CAGTGCTAGTTGGCAACAAA,P4HA1,991,679,654
P4HA1_ATGAGTGATGTGTCTGCAGG,P4HA1,441,20,0
P4HA1_AAGTACGAAATGCTGTGCCG,P4HA1,996,196,149
P4HA1_AGCTATGCGGTATATCAGCA,P4HA1,1854,412,544
P4HA1_GGAACAAGCCCTAAGGCAAC,P4HA1,408,26,100
P4HA2_CTCGTCCTCCTCTTTGAAGG,P4HA2,984,199,237
P4HA2_GACCCAAGCCACGAACGAGC,P4HA2,176,229,117
P4HA2_TACCAAGGGAGAGCAGGCGG,P4HA2,140,161,38
P4HA2_GACCCAGGCACAATTTCCAG,P4HA2,1162,264,183
P4HA2_CCCTGTGAATGCCTACAAAC,P4HA2,2527,1101,1149
P4HA2_ACAGCTCAGGACACCAAACC,P4HA2,1999,529,926
P4HA3_TCTAACCACAACCATCACCC,P4HA3,956,76,251
P4HA3_AGAGAAGAAACTCCCGAGAG,P4HA3,207,111,107
P4HA3_TGCCATTCCATGGCTGGAGG,P4HA3,582,64,207
P4HA3_TCTGAAAGACACCTCGGGCC,P4HA3,824,544,232
P4HA3_AAGCAGAGGGTTAGCCACAG,P4HA3,2076,753,262
P4HA3_TCGGGACAGGAGACCCAGAA,P4HA3,2062,878,1073
P4HB_ATTCCTGGAGAGCGGTGGCC,P4HB,198,90,188
P4HB_GGACTCGACTGCCAACGAGG,P4HB,336,116,117
P4HB_CGAGTTCTTTGGCCTGAAGA,P4HB,959,561,590
P4HB_CACCTCGCTGGACTCCACCA,P4HB,316,286,422
P4HB_TTCCGAGATCAGGTTGGCCA,P4HB,1408,177,204
P4HB_AAGCAACTTCGCGGAGGCGC,P4HB,972,77,42
P4HTM_GCACGAACACCATCAGCACC,P4HTM,165,59,118
P4HTM_GATCCCTGTCGGTGACCAGC,P4HTM,587,71,20
P4HTM_CTTCATCAGTCAGGAAGCCG,P4HTM,708,163,220
P4HTM_GCCCAGACTCGCCTGGGAAA,P4HTM,1642,456,474
P4HTM_TGTACTTGTGGAAGTCCCGA,P4HTM,655,158,68
P4HTM_GGGCCACTACCATGCCCACG,P4HTM,98,29,101
PAAF1_TCTTCGTAGGAAGGATGAAG,PAAF1,353,180,94
PAAF1_CCAGAGGTTACAGCTTCAGA,PAAF1,946,157,131
PAAF1_ACTGTCTGAACCCACTCAGC,PAAF1,256,47,96
PAAF1_CAGCTGACCATATCTTCAGC,PAAF1,787,170,181
PAAF1_TTCTATCAATGGAGTGGCGG,PAAF1,678,437,619
PAAF1_AAGCGTCTGAGCCAATAAAG,PAAF1,1276,343,393
PABPC1L_TGGCTACATCGCGGCACACG,PABPC1L,383,188,294
PABPC1L_ACCACATGATGCGAATAGGC,PABPC1L,471,259,72
PABPC1L_TGTGACGAGCATGGCTCCCG,PABPC1L,788,45,89
PABPC1L_CTTCAAGTCTCGACGGGAGC,PABPC1L,404,257,249
PABPC1L_CAAAGCCAAAGCACCGCGAG,PABPC1L,1125,283,322
PABPC1L_GGCAGAATGAACTGAAGCGC,PABPC1L,39,117,412
PABPC3_TGCAGGGACTTGATCACCAG,PABPC3,3913,789,507
PABPC3_CTTCCAGCATACGAAGGACG,PABPC3,986,195,227
PABPC3_AATGGTACTCTAGGAGCACC,PABPC3,30,8,140
PABPC3_CGTGGAACCGTGCGCACAGC,PABPC3,1655,661,567
PABPC4_GGTAGTAGGGAGGCCACGAG,PABPC4,358,277,60
PABPC4_CTCCCACCTTGCTGCCAGCG,PABPC4,830,803,297
PABPC4_AGTAGCCACCCGCTGCAGGC,PABPC4,158,67,518
PABPC4_ATTCAAGTCTCGCAAAGAGC,PABPC4,161,147,71
PABPC4_CAGCCTCTTGGGTCTCGAAG,PABPC4,1241,296,246
PABPC4_CAGACCCGGATGGACAGCAC,PABPC4,1381,504,298
PABPC4L_AACGAATTCGTGGGTGCCAG,PABPC4L,635,92,51
PABPC4L_GAACCAGAGTGCTGCAGACA,PABPC4L,2538,539,445
PABPC4L_CATCCGCATTTGCAGGGACC,PABPC4L,461,471,216
PABPC4L_TAAGTCACCCACATACAGGG,PABPC4L,1181,206,321
PABPC4L_ACTAGGTCACAGCTTTGGCC,PABPC4L,222,64,3
PABPC5_CAAGTCACCCACGTACAGAG,PABPC5,1631,524,911
PABPC5_TAACATACCCATAGCCCAGG,PABPC5,388,133,142
PABPC5_AGTGCGGCTCAACAACCGCC,PABPC5,64,45,60
PABPC5_GGCCCGACTAATTGACCCAA,PABPC5,239,78,56
PABPN1_GGACGGCGCCATTGAGGACC,PABPN1,135,85,18
PABPN1_CCTTTACTTACCCTTTGGGA,PABPN1,171,0,0
PABPN1_CTGACCTGTAGACGCGACCC,PABPN1,1711,204,167
PABPN1L_TGCTGTGTCACTTGATGACG,PABPN1L,3203,959,641
PABPN1L_CATAGTGGCGTCAGTGCCGC,PABPN1L,297,376,174
PABPN1L_ATCAGCTCCACAGACCGCGG,PABPN1L,1644,67,422
PABPN1L_GATCAGCTCCACAGACCGCG,PABPN1L,1674,115,164
PABPN1L_TGAGGAGACCGTCTGGAGCC,PABPN1L,460,331,201
PACRG_TGAGGCTGGTGCACCGGGAG,PACRG,2369,832,910
PACRG_ATCCACGACATGCTGGAACA,PACRG,4153,1659,1262
PACRG_ATAATGAGCTGTGGAAGGAC,PACRG,945,339,276
PACRG_CTTGAACCTCCGAAACCGAC,PACRG,679,249,622
PACRG_TTGACGGTAATAAGGCACCA,PACRG,1734,321,275
PACRG_GAGGCCTTCGAGCGCTACGG,PACRG,462,10,26
PACRGL_TCTTGCAGACTCTGGAGAAC,PACRGL,507,339,320
PACRGL_GGGAACCTCATGAGCTGCAC,PACRGL,83,64,21
PACS1_CGCTCACCTAGGCACGCAGC,PACS1,1133,161,560
PACS1_CGTCCTTCCAGCTAGTGGAC,PACS1,826,306,628
PACS1_GGGCTATAAGACCTTGGCCG,PACS1,911,239,232
PACS1_GCATCCTAATGAAGGCGCAC,PACS1,125,84,257
PACS1_TGATGATCCATTGCATGGGC,PACS1,684,123,150
PACS1_TCCGGAAAGTGAAGAAGACC,PACS1,1326,205,673
PACS2_GGCGAACAGGTTCATGGGCA,PACS2,759,129,163
PACS2_GCACAATCTCATGGGACCGC,PACS2,1396,173,227
PACS2_GGGCTACAAGACGCTGGCCG,PACS2,829,493,458
PACS2_ATGCAACACCCGTCTGAAGG,PACS2,1745,235,144
PACS2_CGCAGATAACTACTCCGAGG,PACS2,1145,442,315
PACS2_GAAGCAGTCTCCACCAACCC,PACS2,614,123,93
PACSIN1_TGAGGCCTCATCGTAGGAGC,PACSIN1,297,156,37
PACSIN1_TCAGGTCGTTGCATAGACGG,PACSIN1,1246,458,670
PACSIN1_ACAGTATGGCAGCCTGGAGC,PACSIN1,864,561,287
PACSIN1_CTACCATTTGGCTTGCAAAG,PACSIN1,3623,1062,1341
PACSIN1_CATCAAACGGCACCTCAACC,PACSIN1,295,169,173
PACSIN1_CACATATCCTCACCTCAAAC,PACSIN1,2039,844,597
PACSIN2_ACCTGAATCGAACCCTCAGC,PACSIN2,441,84,34
PACSIN2_ACGCCTTCGCTTCTTCCGGG,PACSIN2,808,69,63
PACSIN2_CCACCATGCAGCGTGCAAAG,PACSIN2,4339,1111,2121
PACSIN2_CCAGTACGGGACCGTGGAGA,PACSIN2,2071,342,344
PACSIN2_CCTAGGTCGGGAACTACAAG,PACSIN2,1877,327,314
PACSIN2_ACTGCGGAGTTGATACCAGC,PACSIN2,681,265,90
PACSIN3_CTCCACCGTGACTTGCACCA,PACSIN3,3116,2139,1504
PACSIN3_TCCACGCTACATGGAGGACA,PACSIN3,1138,633,586
PACSIN3_ACGGGTGGAACGCTGTGCCA,PACSIN3,1047,213,480
PACSIN3_GCGGGAGAAGCTGCAAGGGC,PACSIN3,3,3,2
PACSIN3_CGGTACAGCGGGTGGAGGAC,PACSIN3,817,259,172
PACSIN3_AGCGTCCTCTTCTGGAGCCA,PACSIN3,1269,226,97
PADI1_GACCATGAAGACCTCCACCC,PADI1,337,90,148
PADI1_ATTTCCCTTGAGGTTGACAC,PADI1,205,181,226
PADI1_CCAATGCTGCTGAGCTGCAA,PADI1,1989,613,630
PADI1_TGAAGTTGAGCGACAGCCAG,PADI1,1033,222,228
PADI1_TGAAGAGGGTCACCTCGGGC,PADI1,876,70,78
PADI1_TCCCGATGAGGATCCGGCCC,PADI1,481,45,90
PADI2_GAACTATCTCGTATCCGGCG,PADI2,1026,330,178
PADI2_ACTGTGACCGAGAGACACCC,PADI2,956,276,97
PADI2_CCTGGATGTGGACGCAGACC,PADI2,1238,335,309
PADI2_AGGGAGCATTCCCATCGACC,PADI2,358,43,66
PADI2_CTGGCTCATGGTGACCCGCA,PADI2,489,538,421
PADI2_GCTCCCGTACTGCAGCCGCA,PADI2,1025,40,70
PADI3_CTTACCCATAAATGTCCACG,PADI3,483,263,333
PADI3_GGTAGAGCACCGCATAGGCC,PADI3,39,13,32
PADI3_GCGACCTGAACTGTGAGGGA,PADI3,722,491,390
PADI3_CAAGATGCCGCCATACCCAC,PADI3,1512,236,242
PADI3_CTATGATGCCAAACGGGCAC,PADI3,1303,124,121
PADI3_TCTGCTGGACGACTCCAACG,PADI3,3183,701,1146
PADI4_CTAGCCCGACGATGGCCCAG,PADI4,1855,210,272
PADI4_TGGTAGCACAGGCGACCAGA,PADI4,243,73,234
PADI4_TGCGCAGACATCACCCGCAC,PADI4,725,232,97
PADI4_GATGAAGTGCTTGACAGCGA,PADI4,1173,11,26
PADI4_CCATACACTGGTGCTCCACG,PADI4,2016,911,555
PADI4_GCGTAGTCTTGGGTCCCAAG,PADI4,1303,279,153
PAEP_GGAGATGTTGTTGGTCGCCA,PAEP,799,24,187
PAEP_CCCAGATACGGTGGCGAACG,PAEP,2392,1693,1286
PAEP_TGATCTCATCGTCCTCCACC,PAEP,285,231,176
PAEP_AGTACCATAGGTGCCTGGGC,PAEP,21,60,44
PAEP_GAGCTCACCTAGAAACGGCA,PAEP,338,22,155
PAF1_CGTGAAGAACAAAGCTAGCA,PAF1,1877,330,486
PAF1_GAAGAAACGAAAGCGGGACC,PAF1,142,0,0
PAF1_ACCCACTCACCTCTTGGAGC,PAF1,812,77,141
PAF1_GGCTTTGTACTGGACGAACC,PAF1,851,7,89
PAF1_ACCTCTCAGGCAGAGTCCGG,PAF1,1,59,0
PAF1_ACCTGTGGCCATCCTCCCGC,PAF1,1335,17,0
PAFAH1B1_TCAGTAGCCATCATGCCCAA,PAFAH1B1,334,19,5
PAFAH1B1_ATGGTACGGCCAAATCAAGA,PAFAH1B1,242,109,47
PAFAH1B1_TCGCGAGGCGTACATACCCA,PAFAH1B1,839,5,40
PAFAH1B2_CACCTCGAGGTAACAAACCC,PAFAH1B2,782,310,283
PAFAH1B3_GATGTTGGCCTCGCGGAAGC,PAFAH1B3,394,153,78
PAFAH1B3_CATCAAGGCCATTGTGCAAC,PAFAH1B3,1561,686,719
PAFAH1B3_GCTGGAACACATCCGGCCCA,PAFAH1B3,1,64,77
PAFAH1B3_GGACTGCCCTCACCTCGCAC,PAFAH1B3,356,66,239
PAFAH1B3_CCTCGCACTGGTGCATGAGC,PAFAH1B3,526,357,56
PAFAH1B3_CCAGGTGGGAACGCTCACCA,PAFAH1B3,2881,647,787
PAFAH2_ATCCAGAGCCACCGCACACC,PAFAH2,1523,97,422
PAFAH2_GATGGGACATTCATTTGGAG,PAFAH2,622,200,52
PAFAH2_CCTTTCCGTCGAGTTGAGGA,PAFAH2,803,263,450
PAFAH2_TGCATGGAGCTGGCCTCACG,PAFAH2,653,105,154
PAFAH2_CCCTTGATCATCTTCTCCCA,PAFAH2,1273,131,11
PAFAH2_CCAGTGCAGTACTCATAGCG,PAFAH2,1756,460,888
PAG1_CCACCACGGTCTCGTCCCAA,PAG1,585,72,328
PAG1_TACCTCTTCTTCTGTGAGAG,PAG1,376,152,314
PAG1_TATCCACTGCGCTCTCGGGA,PAG1,272,123,164
PAG1_CAGCCGTTCAGTTACTAGCC,PAG1,689,680,580
PAG1_CCATGAGAACCTGATGAACG,PAG1,3088,1448,1066
PAG1_ACCTGTCACAACTAGAGCAC,PAG1,1199,415,294
PAGE1_CAGATGAAACTGCCCGCAGA,PAGE1,310,137,101
PAGE3_GAACTGACTCGGTCAAAGAC,PAGE3,209,208,170
PAGE3_CCCTCGTCTCTCTCTTGACC,PAGE3,1167,183,126
PAGE3_CCTGGTCAAGAGAGAGACGA,PAGE3,98,187,208
PAGE4_ACTCGGAGTGAGCGTGGAGA,PAGE4,455,313,359
PAGE5_CAGCCACGATTACCGGCCCA,PAGE5,1075,201,249
PAGE5_GCCGGTAATCGTGGCTGGGC,PAGE5,180,54,130
PAGR1_GCGGCGCCTCTGTCTGAAGA,PAGR1,1215,175,207
PAGR1_CGCTGGATTTCGGAGGGCGG,PAGR1,45,24,185
PAGR1_CCGCTGGATTTCGGAGGGCG,PAGR1,151,54,87
PAGR1_TGATGAGCCAGTGACACCAA,PAGR1,2106,168,279
PAGR1_GCTCAGCCCGGAGCCAGAAA,PAGR1,651,142,293
PAGR1_GCAGATCCTTCGTACCGGGA,PAGR1,914,191,169
PAH_AGTGGAAGACTCGGAAGGCC,PAH,431,3,224
PAH_TGGGCAGCCCATCCCTCGAG,PAH,1853,175,210
PAH_TTCCGTCTTGCACGGTACAC,PAH,1198,471,305
PAH_CGGGCCATGGACTCACAGGG,PAH,1867,86,520
PAH_GCAGGCTACGTTTATCCAAA,PAH,285,506,655
PAH_GAAACTCTCTGACTTTGGAC,PAH,707,226,386
PAIP1_AACTTACGGATCACCAGCCC,PAIP1,665,141,120
PAIP1_CCGTAGGAATCCTATGAGGA,PAIP1,1510,144,94
PAIP1_GGCGGTTTCCCGAACGGAGC,PAIP1,172,58,41
PAIP1_CGGCGGTTTCCCGAACGGAG,PAIP1,739,344,234
PAIP1_GAGGGCGGCGGTTTCCCGAA,PAIP1,659,140,32
PAIP2_GATTCAGATTGCTCTTGACC,PAIP2,382,42,112
PAIP2B_TAACCTGAACCCAGATGCCA,PAIP2B,726,213,148
PAIP2B_CTGCTGTTGCAACTGTCCCA,PAIP2B,568,124,147
PAIP2B_CTTTGCTTGCTAGGTGGAGG,PAIP2B,655,245,307
PAK1_TGGTAACACTCACTCTCAGA,PAK1,153,33,89
PAK1_GGAGTTCTTGCATTCGAACC,PAK1,1242,166,140
PAK1_ACAGCAATGGATGTGGCCAC,PAK1,1514,175,71
PAK1_CGGTTTGAGAAGATTGGACA,PAK1,735,444,284
PAK1_TGTCACTCCAACTCGGGACG,PAK1,1435,511,668
PAK1_TGCTGGTATTTCTCATCGGA,PAK1,443,224,310
PAK1IP1_GGTCGCTGGTTGCTACGAGC,PAK1IP1,517,0,0
PAK1IP1_TACAGCTACTGCTGACAAGG,PAK1IP1,1357,0,12
PAK1IP1_TTAATCAGTGGAGCGGAAGA,PAK1IP1,664,57,0
PAK1IP1_TGGAGTGTGGCTAGACAAAG,PAK1IP1,2457,1206,865
PAK1IP1_GCCTGATATCAACCAAGAAG,PAK1IP1,1605,246,354
PAK2_TATGCCACTCTCTTACCAGG,PAK2,909,13,62
PAK2_TTTCGTATGATCCGGTCGCG,PAK2,733,227,185
PAK2_GCAGCATCCTTTCCTGAAAC,PAK2,2712,724,418
PAK2_GGTTTGGCCAGTTTCAGGAA,PAK2,1194,119,56
PAK3_CATCCTCAGTGGAGGAGCCG,PAK3,276,17,40
PAK3_TATGGCTCACAGATGTGCCC,PAK3,432,198,147
PAK3_CACAGGGAATTCCAGAGCAA,PAK3,1063,172,209
PAK3_CTTCTTCTTCAGACACAGGA,PAK3,625,195,375
PAK3_ACAGCACTAGACATTGCAAC,PAK3,1630,520,513
PAK3_GGATTTCCTGCACTCAAACC,PAK3,374,421,433
PAK4_CCGGCACCATGTTTGGGAAG,PAK4,2976,272,478
PAK4_GCCGACATCAGGCCCGGAGA,PAK4,1807,190,203
PAK4_CCCTAACGGGCCATCAGCGG,PAK4,855,35,90
PAK4_CCGACATCGTCACCCACACC,PAK4,1928,347,590
PAK4_ACGCCCAGGGCGTCATCCAC,PAK4,49,43,45
PAK4_CTCTGGCCCGTAGGGAAGGC,PAK4,166,123,67
PAK6_GGACCCTTCGCGAATCACAC,PAK6,632,190,121
PAK6_CTCTACCTCAGCTGCAACGG,PAK6,2357,859,751
PAK6_CGTAGCTGTCCAGCAGCAGC,PAK6,333,145,132
PAK6_GGACTACCAGCACTTCAACG,PAK6,4378,839,1093
PAK6_AGCCTCTTCATGGCTTGCAC,PAK6,423,98,293
PAK6_AGGTCTGCTTTCGGTAGAGC,PAK6,758,97,167
PAK7_TAGGCTACCTTATGGGACAG,PAK7,950,318,199
PAK7_CTCTCCTACCTTCATAACCA,PAK7,2938,547,997
PAK7_CCCAGAGCTCATCGCCGACA,PAK7,3228,521,832
PAK7_TCGCCACCGAGAAACACACA,PAK7,1095,307,377
PAK7_CTAGAACTGCAGGGACCAGC,PAK7,454,112,170
PAK7_ATGCATCACACCCATCCAGC,PAK7,68,212,134
PALB2_ACCGAGAAGTAAGTCCCAAA,PALB2,762,56,53
PALB2_CGACTCACTCTCTTTGGCAC,PALB2,1538,349,303
PALB2_GGCACTCACATCTACGGAAC,PALB2,1800,88,103
PALB2_ACGGCTCCATTTCATAGGGA,PALB2,423,84,29
PALB2_GAAGCATGTCCAATTGCCAG,PALB2,263,35,148
PALB2_ACGATTCACTTACCTGAAGG,PALB2,1288,271,873
PALD1_GCCACTCACGTGATCACAAC,PALD1,1646,620,985
PALD1_GGCCTGAGCTCACTTGCACC,PALD1,751,438,205
PALD1_TCTCAGTGACATCCCGCACC,PALD1,684,471,411
PALD1_CAAAGTCCTCATCTGCACGC,PALD1,1338,446,325
PALD1_CCTCGGTGTTATGGTACACA,PALD1,615,135,185
PALD1_GGGACTCCCTTGCTCGGGCA,PALD1,172,49,171
PALLD_TGGATGAATCGAGGTGCAGC,PALLD,163,239,90
PALLD_ATTCAAATCCACTGTGAGGG,PALLD,889,89,115
PALLD_GAATCTGTTGAACTGGCACC,PALLD,196,88,172
PALLD_GCATACTTACCTGTTGCACA,PALLD,537,334,573
PALLD_CACTCCCTTGCCGAAACCAC,PALLD,1672,185,291
PALLD_CCTAGATCTACAGCTGAACC,PALLD,1003,406,582
PALM_AGACCACGTCCCAGCAGGAG,PALM,1129,491,490
PALM_CGGAGATCGAGAACAAGCGC,PALM,1223,142,271
PALM_AGGACGACGAGCAGAAGACA,PALM,861,288,244
PALM_GAAATTGAGGTGCTGGAGCG,PALM,2024,1467,902
PALM_CTACCTTTGGGCGTGCCCAC,PALM,183,48,120
PALM_CGTAGACTTTGATGCCCAGA,PALM,1064,357,249
PALM2_AGGCGGAATTGCACAAGGAA,PALM2,978,745,375
PALM2_CGAACAGCAGAACCATCACC,PALM2,2400,676,383
PALM2_AACCATCACCTGGGCAGGAC,PALM2,792,606,288
PALM2_GAAGAGCTTATTCAGAAGGC,PALM2,245,29,39
PALM2_GAAAGGACTGTGATTGCAGA,PALM2,724,245,89
PALM2_GACCATTCTTCCGGGAACCC,PALM2,115,77,195
PALM3_TTCACATGACCGCACAACAC,PALM3,3788,997,986
PALM3_GAAGCCATCGGAGACAGGAA,PALM3,571,255,347
PALM3_TCGACAATGGACTGGGAGAG,PALM3,3646,1128,1145
PALM3_CACTTTGCAACAGTTGCAGC,PALM3,1003,266,69
PALM3_TCAGGCCCGAATCCGGAACC,PALM3,1345,607,743
PALM3_TCTGTGCGCAGGAGAAGCGG,PALM3,554,462,192
PALMD_GCAGACTTACTGTGATGGCC,PALMD,495,120,143
PALMD_GCAAATCTCAACGAAGGAAG,PALMD,1234,399,507
PALMD_ATACAATGGCACCGATGGCC,PALMD,508,180,102
PALMD_CAATCACAACCAGCTCAGCA,PALMD,893,882,586
PAM_GGGTCGTATCGGCGTGGACA,PAM,633,191,76
PAM_CATGTCTATGCGAATACCAG,PAM,757,175,112
PAM_CTTCAAGCCTCGAGCCAGCA,PAM,727,599,552
PAM_GAGCCCTCAGCTGCCACAGG,PAM,741,138,194
PAM_TGGTCGATCTGATGCCAGAG,PAM,2348,804,711
PAM_GCCCTGTATTAATCCTGGGA,PAM,423,142,64
PAM16_CCACTAGGTGGTCCGCGCAA,PAM16,1580,0,65
PAM16_CTCATCCTGTGCTGGTGGCA,PAM16,2341,496,416
PAM16_CTGCCGCAAGGCCCGTGCAA,PAM16,1162,269,227
PAM16_CTTTGCACGGGCCTTGCGGC,PAM16,730,242,442
PAM16_TAGTTACTCACTGGACAGGC,PAM16,718,317,286
PAM16_GAACTTGACCGAGCTCCCAG,PAM16,1032,60,87
PAMR1_TGGCGTCCGTTGATAAGCCC,PAMR1,442,344,144
PAMR1_ACGTGCGTCCTTGACAAGGC,PAMR1,1030,313,266
PAMR1_CACGTCCTCTTCCACTCCGA,PAMR1,751,60,123
PAMR1_TGGACCATTCATGCTAAACC,PAMR1,2119,649,762
PAMR1_TGCCGAGCAGGCTGGTACGG,PAMR1,932,205,313
PAMR1_TTGGCAAGGACGAGATGAGA,PAMR1,983,273,459
PAN2_TTGTAGGCGAGCACCACCCG,PAN2,2936,438,482
PAN2_AGATATCGGCTGGGTTGGCC,PAN2,604,78,80
PAN2_TGAGGAAACGGTCGCAGGCC,PAN2,269,58,16
PAN2_CGGCCACACGTCTGGCAAGG,PAN2,1010,293,428
PAN2_AACCTCAAGTATATGGCCCG,PAN2,1536,111,221
PAN2_GCACAGCGTGGTGGCTGAAG,PAN2,1341,415,405
PAN3_CGCTGTTGCTATGGAGGCCG,PAN3,1224,726,959
PAN3_CAACATCTCTCAGAGACGAA,PAN3,1291,156,439
PAN3_CTAGCCAAGGAAGTATCGCC,PAN3,633,644,466
PAN3_TTCTGGTCAGGTGATCCAAA,PAN3,758,401,303
PAN3_CATGGCTGATGAACTCCGAC,PAN3,890,322,304
PAN3_CCTTACCATGTATCCTCCGA,PAN3,1213,226,53
PANK1_GATGGTGACCAATGTGGCCC,PANK1,49,52,91
PANK1_TCAGCAAGGAAGACCTCGCC,PANK1,1568,70,230
PANK1_CCCTATGTTGCTGGTTAACA,PANK1,2182,1064,789
PANK1_TGGGATCCGAGACGTCCACC,PANK1,91,55,167
PANK1_GAAGGATATTACAGCCGAAG,PANK1,754,210,96
PANK1_CAGCAGCCCGTTCACAGCGG,PANK1,1507,234,458
PANK2_GGGTTCCGCGGAGGAAGAGA,PANK2,559,44,21
PANK2_CTTCCGTTGCGCCAACGCGC,PANK2,340,156,202
PANK2_CGGTGGAACTCTGGTCAAGC,PANK2,1656,1302,1268
PANK2_TGGAGCGTACAAATTTGAGC,PANK2,1100,371,669
PANK2_TCGTGGAGATAGCACCAAAG,PANK2,2149,853,586
PANK2_GATGAGCAAGGAGAAGCGAG,PANK2,43,78,90
PANK3_GCACTGGATTACTGGTCAAA,PANK3,1646,336,578
PANK3_GCTCTTGAAATGGCATCCAA,PANK3,354,55,91
PANK3_AACGTGGCATATGGATCCAC,PANK3,191,64,96
PANK4_AAGTCGGCCACCGCCGACCA,PANK4,85,35,53
PANK4_CCAGAAGGTGCCGCCTCCAA,PANK4,1382,157,265
PANK4_GCCGGGTCTTACCTTCACGA,PANK4,714,258,391
PANK4_AAGGTCATCCAGGCGACCGG,PANK4,213,145,133
PANK4_ACCGGGCAGGATTCAGGACC,PANK4,880,186,527
PANK4_TTGCGGAAGATCTCGTCGGG,PANK4,881,357,217
PANX1_GATGGTCACGTGCATTGCGG,PANX1,393,133,61
PANX1_CATCTCGCTGGCCTTCGCGC,PANX1,711,121,143
PANX1_CACAAAGGCAGCCTGACGCC,PANX1,578,238,356
PANX1_GCGAAACGCCAGAACAGCGG,PANX1,260,423,150
PANX1_CTGCGAAACGCCAGAACAGC,PANX1,463,268,53
PANX1_AGACAACCACGGGAGCCAGC,PANX1,599,66,234
PANX2_CCTGGAGCAGTCGGCGGACA,PANX2,837,481,322
PANX2_CGAAGTTCTTGGTGAAGACC,PANX2,1723,358,832
PANX2_CCAGAGAAGAGCGTCCACCC,PANX2,1969,375,208
PANX2_GCTTCTCGATCTTGGGCGCG,PANX2,1084,386,371
PANX2_TCCTTGAAGGGCTGCGGAAG,PANX2,1460,245,146
PANX2_TCAACACGCTGTACGAGGCC,PANX2,2573,644,586
PANX3_CCAGACGCAGTCCTTTGAGG,PANX3,1425,297,387
PANX3_GATGTCCCTGGCATTCGCCC,PANX3,10,30,45
PANX3_CAGTAACTTCAGCATCCGGC,PANX3,178,98,54
PANX3_CATGTGCTGCACGAGGCGGA,PANX3,169,41,23
PANX3_TCTTCAGCATGTGCTGCACG,PANX3,627,247,120
PANX3_AAGGTATAGGTAAGTGGCGG,PANX3,465,301,218
PAOX_GACCGCGCGATGGAGTCGAC,PAOX,121,16,24
PAOX_TGGATCCATGGGCCCTCCCG,PAOX,1304,104,69
PAOX_CCAGGAGGCAGCCTTTCCCG,PAOX,1520,91,81
PAOX_TTCTGCCTTCTCAGCCGGCA,PAOX,581,214,428
PAOX_CAATGAACCCACAGAGAACG,PAOX,3348,342,627
PAOX_CACGCCACATACCTGGGCGC,PAOX,760,182,122
PAPD4_GCCGTTTACCGTCAAGAGGA,PAPD4,1123,672,445
PAPD4_CGTTGCCGTTTACCGTCAAG,PAPD4,1547,183,283
PAPD4_GCTGCTTAAAGTACCACGAC,PAPD4,1026,209,451
PAPD5_CCTCGTCCACGCTCAGCACC,PAPD5,522,41,96
PAPD5_AAACGGAGGAACTACAACCA,PAPD5,895,279,209
PAPD5_GAAGGGACTCACGTCAGCGC,PAPD5,660,87,90
PAPD5_ACTGGCATCCGGATAAAGGA,PAPD5,379,131,53
PAPD5_CTCGGTTCCCAGTGGACGGA,PAPD5,864,318,530
PAPD5_CTATCTACAGAGGTCTGAGA,PAPD5,617,170,196
PAPD7_TCACATCAGCCGTCGGCCAA,PAPD7,1066,259,506
PAPD7_TGCTCCAGCAGCTGTAAAGG,PAPD7,1502,527,790
PAPD7_AGGTGCCTATATCGCCAAAG,PAPD7,541,75,235
PAPD7_ATCCAAACAGAGACGCCGAA,PAPD7,376,137,158
PAPD7_TCTCACCCATGCCTGGCGAC,PAPD7,629,191,37
PAPD7_ACAGCGACAAAGTCAAGCGC,PAPD7,1282,381,370
PAPLN_GACCGCACTCACCGAGGACC,PAPLN,638,264,20
PAPLN_TGAGGCGGCAGAGTGACACC,PAPLN,2111,245,206
PAPLN_TTACCTCCGTGCGACAAGAG,PAPLN,2686,508,516
PAPLN_CGGTGGCTGCCCTACTACAG,PAPLN,2229,511,565
PAPLN_TCCCTCTTGCCAGGCTCGCA,PAPLN,416,153,56
PAPLN_TGTCGGCTGTGATCACGAGC,PAPLN,529,308,84
PAPOLA_TGTGTCCGTTTCAACACGGA,PAPOLA,340,124,62
PAPOLA_CATGACCATCCGTGTTGAAA,PAPOLA,1913,735,771
PAPOLA_GCCAGAACTGTTCAATGGAC,PAPOLA,608,64,82
PAPOLA_CTCCTATAGTAGGAGTCAAG,PAPOLA,803,96,156
PAPOLB_CGTGTCTATTTCAACCAGGA,PAPOLB,1057,449,535
PAPOLB_TCAGGCTCCTTCAGTAACAC,PAPOLB,2256,571,479
PAPOLB_ATGACTTGGTGCAACGCACA,PAPOLB,465,201,248
PAPOLB_GCCGTTTCCGGTGACAACCC,PAPOLB,581,467,190
PAPOLG_TTGACGCTGGCTGTCCAGCA,PAPOLG,493,284,426
PAPOLG_AGGCTTGGAGTACACACCAA,PAPOLG,591,184,127
PAPOLG_GCCTTATTCATGTCAGGGAA,PAPOLG,750,277,377
PAPOLG_GATGTCAATCGAAGCTCGGG,PAPOLG,0,59,144
PAPOLG_ACTTGCGCCAATCACTGGAA,PAPOLG,1002,88,114
PAPOLG_AGATGCGGTTGTCCCTGGGC,PAPOLG,574,215,30
PAPPA_GCAAGTGTGGCTGCGAGCGG,PAPPA,346,532,276
PAPPA_GCGGGAGATACTGTCTGACA,PAPPA,44,42,17
PAPPA_ATCAGGGCCTCCTTGTCCCA,PAPPA,464,98,73
PAPPA_GGAAGACGTGATAGAGGCCC,PAPPA,177,45,62
PAPPA_CACAACGGACTCTGTGACAC,PAPPA,1014,328,309
PAPPA_GGCTTACCTTCTGCTTCACG,PAPPA,1323,464,512
PAPPA2_CCAAGCATTCCCTTAAACAC,PAPPA2,2122,660,793
PAPPA2_GAGCAGTTATCAAACACACC,PAPPA2,430,533,582
PAPPA2_CAAGGACGCTGTCACTCACC,PAPPA2,208,119,100
PAPPA2_ACAGTGCCATCCATGGAAAC,PAPPA2,2589,1097,920
PAPPA2_CACTAATAGGAGGCAGCCAG,PAPPA2,1183,403,311
PAPPA2_TGAGGAGTCACACACCCGCC,PAPPA2,619,112,170
PAPSS1_CCCATAAGCAACTTCTAGAG,PAPSS1,2185,919,1026
PAPSS1_AGGAGCGCTGTGCCAGACAG,PAPSS1,1098,255,290
PAPSS1_ACCTTTAATTTCTCCTGCCC,PAPSS1,0,54,8
PAPSS1_TCACCATCCAGAGTGTAGCA,PAPSS1,1493,526,989
PAPSS1_ACCAAGCCCATCATGTCAGC,PAPSS1,1343,274,153
PAPSS1_TGAGCAATAACGCGCAGAAC,PAPSS1,2207,833,1166
PAPSS2_ATCAGGCCCACCATGTGAGC,PAPSS2,524,72,62
PAPSS2_TAGCCACCTCAGCAATCCGG,PAPSS2,304,169,235
PAPSS2_AGTGAGTGACTGTGTCCACC,PAPSS2,399,45,42
PAPSS2_TTTCAGCCTCAGCTCGGACG,PAPSS2,818,145,951
PAPSS2_CAAAGGTTTCATGCGGGAGA,PAPSS2,2312,259,653
PAPSS2_TGCAGAGACGGGCAGTACAA,PAPSS2,1908,298,258
PAQR3_ACCTCACGCAGCAATGGCAA,PAQR3,428,110,136
PAQR3_CCAATTACCTCACGCAGCAA,PAQR3,3750,568,916
PAQR3_GACAACCCGTACATCACCGA,PAQR3,885,24,91
PAQR3_GGGTTGTCCTTGAGGGACCC,PAQR3,286,62,80
PAQR3_TCTGCTCGTAGGTGTACAGG,PAQR3,762,310,335
PAQR3_AGGTGTACAGGCGGATGCCA,PAQR3,449,50,50
PAQR4_GGACCATGGCGTTCCTGGCC,PAQR4,634,511,421
PAQR4_CTGGGCAACATCTACACGCA,PAQR4,1915,253,417
PAQR4_CATGTCCAGGGCGAGGAGCC,PAQR4,619,223,216
PAQR4_TGTTGTCGGGTGTGGCCGGC,PAQR4,409,73,183
PAQR4_TCCATCCTGCAGCTGCACGC,PAQR4,410,203,186
PAQR4_GGCATGGCAGCTCAGTCCCG,PAQR4,344,68,58
PAQR5_TGCCGTCAACCTCTTCAGCC,PAQR5,1435,671,1806
PAQR5_GAACAAGGCCTCACATACCC,PAQR5,168,19,66
PAQR5_CCATGACTACTACGTGGCCC,PAQR5,424,182,203
PAQR5_CCTTTGCTTATCCGTACACC,PAQR5,1534,526,391
PAQR5_GATGTAGTCAAAGCGTCCAG,PAQR5,591,54,201
PAQR5_CCATCTGCATGTGCGTGGCC,PAQR5,1016,334,479
PAQR6_ATATGGGATCACGCAGAGCC,PAQR6,661,91,179
PAQR6_TGAGCAGCGCGCAGAAGAGA,PAQR6,1135,168,158
PAQR6_CTCAGTAAGGTCCTCCGCAC,PAQR6,1285,320,749
PAQR6_GCCTCTCCTGCTACTCCCGG,PAQR6,588,78,0
PAQR6_TCCGTGCGGAGCCGTACCAC,PAQR6,825,117,140
PAQR6_CTTCCAGATGACCAACGAGA,PAQR6,1435,212,67
PAQR7_AGCTGCCATGTCTTCGGGCA,PAQR7,1494,307,565
PAQR7_CAGCTGCCATGTCTTCGGGC,PAQR7,285,273,564
PAQR7_ACTATGCTATCGAGCCCGCC,PAQR7,636,200,155
PAQR7_AGTCCACGGTCTCCACAAAG,PAQR7,1151,281,208
PAQR7_GCCAGGTCTGATGCAGCGGC,PAQR7,1513,102,260
PAQR8_GAATCGCAAGAGGACGGCCA,PAQR8,626,175,158
PAQR8_AGAATCGCAAGAGGACGGCC,PAQR8,659,86,158
PAQR8_GCTCTGACTTGGACTGCAGC,PAQR8,1,118,281
PAQR8_GCGCCACACGGTGTGCCACA,PAQR8,1176,463,333
PAQR8_AAGCGCTAACCAGGAAGAAG,PAQR8,1573,314,551
PAQR8_CCACGATGTCACAGGAACCC,PAQR8,2373,323,75
PAQR9_GCCCACAGTACCCGAGAAAG,PAQR9,2402,338,439
PAQR9_ACGAAGGTGCGCAGCGCGAA,PAQR9,1049,523,347
PAQR9_CGAAGGTGCGCAGCGCGAAC,PAQR9,1222,629,1150
PAQR9_CGCCGTGCAGCTCATGGCGA,PAQR9,1261,789,317
PAQR9_CGCCGCTCAGGAAGAACAGA,PAQR9,1271,143,261
PARD3_CTTTCAGTGCTCGAGGCGGC,PARD3,480,283,46
PARD3_CCTGTTGGACATGCTGACAC,PARD3,825,505,436
PARD3_TCTGAGTGCCAGTCACCCAA,PARD3,941,271,150
PARD3_CTACTGCGTCGAACATGAAG,PARD3,814,231,397
PARD3_GGCACCAGTGCCAGTTCCAC,PARD3,514,64,143
PARD3_CCGGGTCCGTCCGAAGCACA,PARD3,1711,622,595
PARD3B_ACCGTGTGCTTCGGCAGGAC,PARD3B,1950,440,384
PARD3B_GACAGAAGTGGCCGCCCAAC,PARD3B,296,212,131
PARD3B_CTGCTTGGTGCTCCTGAGCA,PARD3B,2902,1130,1118
PARD3B_TCCAGTTGGTGATTCTGAGG,PARD3B,518,117,257
PARD3B_TATTGCTGCCCAATGACGGA,PARD3B,316,156,86
PARD3B_TTTGAAAGCCTCGAAGAGCA,PARD3B,373,244,122
PARD6A_ATGCTATCGGGACTGCGCGC,PARD6A,418,98,276
PARD6A_ACCAGTAGGCGCAGTGGCGG,PARD6A,952,77,93
PARD6A_CACCAGTAGGCGCAGTGGCG,PARD6A,627,118,97
PARD6A_GCGCCTACTGGTGCAGAAGC,PARD6A,1010,543,308
PARD6A_CTATCAGGCTCAGCAGGCCC,PARD6A,64,178,177
PARD6A_TACCAGGATGTCGGCAGCCA,PARD6A,1150,300,538
PARD6B_TCAGCATGAACCGCAGCCAC,PARD6B,714,255,236
PARD6B_ATGAACCGCAGCCACCGGCA,PARD6B,742,443,237
PARD6B_TGAACCGCAGCCACCGGCAC,PARD6B,1045,206,99
PARD6B_CTAGGATTCTACATCCGGGA,PARD6B,773,82,28
PARD6B_ATGTGGTGTTACCCTGACAC,PARD6B,436,27,53
PARD6B_CAGTGAGACCGGCAAACCAG,PARD6B,1577,441,329
PARD6G_CGATCATCATGTCCGTGACC,PARD6G,1678,46,105
PARD6G_ATCCATCATCGATGTGGACC,PARD6G,692,47,105
PARD6G_GAGTCAGGTTCCTGGTCGCA,PARD6G,653,206,174
PARD6G_TGATGACAACTTCTGCAAGG,PARD6G,2171,628,483
PARD6G_CGCAGTGGAAGTCAAGAGCA,PARD6G,1860,529,392
PARD6G_GCTGCAATCGTAGAATCGCA,PARD6G,1,23,14
PARK2_ATGCTAGACTTACCCACACA,PARK2,1353,769,755
PARK2_TGATGTTTCCTTGTCAGAGG,PARK2,423,337,309
PARK2_TACTTACTGCACTAGTCCCA,PARK2,638,114,82
PARK2_CCCTGTCAAAGAGTGCAGCC,PARK2,1682,337,396
PARK2_TCCCAAACAGAATTGTGACC,PARK2,1174,351,267
PARK2_GAGGTGGTTGCTAAGCGACA,PARK2,458,263,425
PARK7_GATGTGGTGGTTCTACCAGG,PARK7,870,42,9
PARK7_TGCAAGCGCAAACTCGAAGC,PARK7,1367,633,655
PARK7_TGAAGCCCTGAATGGCAAGG,PARK7,853,81,295
PARL_CGATGTTCACGTTCACAGCA,PARL,2123,932,1183
PARL_CTGTGAACGTGAACATCGGA,PARL,363,255,98
PARL_AACCTCGAAGATCAGACCCA,PARL,723,32,117
PARM1_GAAGAGAGTCTTGTAGACCA,PARM1,514,95,144
PARM1_TTCCCAATTCGAACCTGGGC,PARM1,612,255,149
PARM1_TACTTCCTGCATGATCACCC,PARM1,265,86,93
PARM1_TACCGTGACAGTCATTGCCG,PARM1,1446,584,299
PARM1_TGTTAGGAGTCATCGTACAG,PARM1,1363,462,329
PARN_GCAGGGTGTAGGGTATGCAC,PARN,1244,150,0
PARN_CTGAACTTGCGACTTACCAA,PARN,549,11,134
PARN_TCTGAACAACTCCACGAGGC,PARN,625,12,88
PARN_GCAGAAACATGCCAAAGAAC,PARN,1234,361,505
PARN_CATTGACTTTCTAGCAAGCC,PARN,917,315,595
PARN_AGTGTACCAGGCCATAGAGG,PARN,255,0,6
PARP1_ATACCACGGGCGCTTCAGGC,PARP1,383,69,41
PARP1_CATCCTCAGTGAGGTCCAGC,PARP1,109,33,128
PARP1_TAACGATGTCCACCAGGCCA,PARP1,342,6,50
PARP1_AGACACCCAACCGGAAGGAG,PARP1,1557,303,231
PARP1_CCAACAGAAGTACGTGCAAG,PARP1,4567,74,226
PARP1_CGAGTCGAGTACGCCAAGAG,PARP1,3944,344,935
PARP10_CAGTACAGGTGGTGACCAGG,PARP10,818,276,206
PARP10_GCAGAAACTCCTCAGCCGCC,PARP10,82,84,0
PARP10_TGGGCTCTGGCGAGGAACCA,PARP10,860,98,106
PARP10_GGAAGGAGGCAACAGTGCCC,PARP10,62,80,14
PARP10_GGACATGCTGCTCCAAGCGC,PARP10,970,249,221
PARP10_AGTGAGCAGCTCGTCGGGCA,PARP10,945,62,165
PARP11_TAGCTCCCGTCTTTGGAAGG,PARP11,637,266,366
PARP11_TGCGACCTCCTTCCAAAGAC,PARP11,4002,1274,1132
PARP11_CCAGTGTGGTGGCATAGGGA,PARP11,1149,537,470
PARP11_TATTAAGCGCTGCTTTCCAG,PARP11,659,79,27
PARP11_TGGACACGTCAGATACCCAG,PARP11,839,424,274
PARP12_ATGTGACGACCATGCAAACC,PARP12,1859,798,752
PARP12_TGGCTTTCCATCGCAGGGCA,PARP12,1105,556,692
PARP12_TTTGGTGACAGAGGAGGCCG,PARP12,1019,181,206
PARP12_ATTGCCATCGATACGGCAAA,PARP12,286,232,360
PARP12_AAACACTCTTAGCCAGGAGG,PARP12,385,123,129
PARP12_GGTGACCTCACCGACGACGC,PARP12,385,6,23
PARP14_CCTGGTGTTCTTCTACCCGG,PARP14,509,158,255
PARP14_GGACATTTCAGTTCGGCAGA,PARP14,388,297,232
PARP14_AAACTGTAGTCATCAGCACC,PARP14,451,169,118
PARP14_GCACAATCAGCACAACGCCA,PARP14,726,140,231
PARP14_GAATTGGACACAGTTGGACA,PARP14,840,225,99
PARP14_CCGAAGGCTAAAGATACACA,PARP14,680,412,484
PARP15_CAGAGCCGGACGAGATCGGG,PARP15,766,147,73
PARP15_TCGAATACAGTAGCAGCACA,PARP15,850,460,514
PARP15_ACCTTGGGTATCTCCTGCCA,PARP15,145,58,254
PARP15_TGGAGATATAGCCACTGAAC,PARP15,955,334,592
PARP15_TTGCACTTTAAGCATCCACC,PARP15,355,153,62
PARP15_TGCATGGTCCAGCTAGAGCC,PARP15,767,91,481
PARP16_GGTACTTCACTCGCAGCAGC,PARP16,4,33,17
PARP16_AGACATCCTTGTTCGGAGAG,PARP16,1486,480,373
PARP16_TCACACGCCTGTTCCTGCAC,PARP16,862,125,103
PARP16_CCGTTTGTGGTTGTCTCCGG,PARP16,663,389,297
PARP16_CAGGACAAAGCACACTCACC,PARP16,671,66,32
PARP16_CAAAGTCCTTACAGTCGCCG,PARP16,977,596,749
PARP2_CGAATTCCATGGCGGCGCGG,PARP2,826,241,308
PARP2_AGGACAGAAGACAAGCAAGA,PARP2,402,105,184
PARP2_CCCAGAGTGTACAGCCAAGG,PARP2,5729,799,993
PARP2_GATTGCCTGAACAAGCCACC,PARP2,238,35,19
PARP2_GATCTGTAATGTTCAGGCCA,PARP2,98,49,92
PARP2_ATTGAGGATTGTATTCGGGC,PARP2,0,115,65
PARP3_AGGGCCCTCAGTCTGTACCC,PARP3,479,179,129
PARP3_AGTTGTAGTCCTCATACACC,PARP3,316,403,151
PARP3_CGATAAGTGTGTACTTGCCC,PARP3,582,144,409
PARP3_ATGTGCCCTCTATCTTCAGG,PARP3,562,125,12
PARP3_TTGCTTGCTCAGCTTTCCCA,PARP3,614,47,100
PARP3_AGCTGGTAGTCTCGGTCCAG,PARP3,373,0,31
PARP4_TGTCACACCCTCCATGGAAC,PARP4,3377,576,1097
PARP4_CAAAGCTGTCATTAGCACCA,PARP4,1133,425,1340
PARP4_CACCGTAGCACCCTGGCAAC,PARP4,1796,646,373
PARP4_TCAAAGCTCGGTATTTGGCC,PARP4,1215,650,499
PARP4_GATCTGTTGAAAGGTGAGCA,PARP4,679,193,153
PARP4_CTCGCCTTCTGATCAGGAGG,PARP4,1385,139,539
PARP6_AGTTCACGAGTACAGACAGC,PARP6,796,140,152
PARP6_TCTTGCAGTGACCACTGACC,PARP6,1333,318,79
PARP6_TCATGGTACAGGAGATGGAA,PARP6,838,271,189
PARP6_CACAGTTGGTTCAAGGCAAG,PARP6,1684,260,418
PARP6_AGAACTCTGTATCCATCAGG,PARP6,226,93,76
PARP6_TGGAATGATGACGACTCGGA,PARP6,604,36,51
PARP8_AAGACATCAACAGTGGGCAC,PARP8,582,102,136
PARP8_AAACGCATAAGCTGCTGCGG,PARP8,1232,231,73
PARP8_GCCATGATAACAACTTACCC,PARP8,846,85,71
PARP8_TGCAGTAAGGGATGAGCAAG,PARP8,1462,335,143
PARP8_AACCAGACCATTCCTCAGGA,PARP8,1365,221,188
PARP8_CACTTCCATACATTGCACCA,PARP8,769,375,923
PARP9_AGGCATTGACACCTACCGCA,PARP9,2037,294,830
PARP9_CCACCTCAATGAGGTCAGCC,PARP9,818,315,268
PARP9_ATGTTTCCAGTCCCAAGGGC,PARP9,626,155,188
PARP9_CAGTTGGTACTGGTCACAAA,PARP9,1452,537,623
PARP9_GCTTCCCTTGCAAACTAACC,PARP9,350,198,430
PARP9_CTATCCGGGTTAGTTTGCAA,PARP9,1826,199,166
PARPBP_ATACAGCCACCTTCAGAAAG,PARPBP,2246,870,1181
PARPBP_AGAGTCAATGAGGCTGACAC,PARPBP,302,330,528
PARPBP_AGGGAGAGTCCCTCTTAGCA,PARPBP,223,1007,589
PARPBP_GGACCAGCTCCATGCTAAGA,PARPBP,1289,412,366
PARPBP_TGCCACAGTATGCAGTACCA,PARPBP,2088,610,579
PARS2_TGTGATAATCGCTGGCAAGA,PARS2,1870,786,420
PARS2_CTTGCCAGCGATTATCACAA,PARS2,850,393,416
PARS2_TGCAGTAGGCATCACACACC,PARS2,2230,404,168
PARS2_CCACGGAGAAGACCAAAGCG,PARS2,1568,189,304
PARS2_AGAGCACCCGGTCTTCCCGA,PARS2,347,194,159
PARS2_GGAACACACGAGACAGCAGC,PARS2,58,55,58
PARVA_ATCATCTTTCTTGCGGGACG,PARVA,1299,247,544
PARVA_TTCCTCCCAGGAGCATCAAG,PARVA,866,206,196
PARVA_AGACCATGTTTCCATCCAAG,PARVA,2258,235,294
PARVA_CCTCTTGGATTTGCCGAGAC,PARVA,943,280,398
PARVA_AGGGCTCTTTCCGGGAGGCA,PARVA,306,13,31
PARVA_TCCTCACTGGATGTTGCACC,PARVA,1078,588,635
PARVB_CGAGTCGTTCCTGGGCAAGC,PARVB,1709,443,613
PARVB_CGTCATTAATCCAGTCGAGG,PARVB,1218,529,672
PARVB_ACTCACAGTCCACGCTCCAC,PARVB,316,194,140
PARVB_TGAGCATGTAACGGTGCAGG,PARVB,706,1179,283
PARVB_TCTTTGCATGTCCTCAGAGC,PARVB,1375,258,184
PARVB_TCCGGAAAGCTTCGATCAGA,PARVB,618,292,499
PARVG_CCGGGACCTTCCAATTGGAC,PARVG,1361,593,792
PARVG_CGACATGTCAGCACCTCACC,PARVG,1331,694,358
PARVG_GCACATTGTGGTCCGCAGCC,PARVG,215,257,701
PARVG_CGTGAACCGGAGTCTGCAGC,PARVG,771,198,300
PARVG_GCTTGGCCAGGGCCACAAGG,PARVG,1006,57,87
PASD1_TGCTGCATGTGTTCCTCAGG,PASD1,1137,201,390
PASD1_ACCGAGAACTCCAGGTCCAC,PASD1,483,93,179
PASD1_GGAGGGCCCAATGGACCAGC,PASD1,236,233,223
PASD1_ACGTCCTTGGGATGTGGGAG,PASD1,942,491,725
PASD1_CTAACAGGGTGATTGCAGAG,PASD1,1250,1619,916
PASD1_AATGGCAGCTGGTTCACGGG,PASD1,667,180,207
PASK_ATGCCCGGTAGCCGCTCACA,PASK,898,262,243
PASK_GGGATGTGCTGGCCAGAAGG,PASK,696,112,0
PASK_CCGTGGAGAGGGTCTCGACC,PASK,1327,183,133
PASK_CGCTGCGGTGGTGTTTGGCA,PASK,981,212,203
PASK_CTTGTTAGGGTTGCACACAG,PASK,1860,869,1278
PASK_GCCCTCTGCTGACACTGGCA,PASK,31,14,32
PATE1_CAGCCCATGAAGGTTAACCA,PATE1,1508,390,760
PATE1_CTGATGTGAAAGGCATAAGG,PATE1,1794,513,532
PATE2_GAAGTTGATGTCCTCACAGC,PATE2,609,175,279
PATE3_GGTCTGTCCGTGTGCGAAGG,PATE3,254,119,195
PATE3_AGCGGTCTGTCCGTGTGCGA,PATE3,896,320,631
PATE3_CGGACAGACCGCTGTAGAAG,PATE3,2351,728,847
PATE3_CCTGACCCTCTAACTTACGC,PATE3,858,459,376
PATE4_TAAGTATAAGTGCCGGGAAG,PATE4,1669,365,289
PATL1_TATAGAGATTGGCTTGGCCA,PATL1,301,144,83
PATL1_AACTCTGTAGGTCTTCACCA,PATL1,796,259,436
PATL1_GGTCTTCACCACGGCTCAGG,PATL1,0,81,19
PATL1_CTGGAGCACGCCTATAAGCC,PATL1,2802,421,511
PATL1_ATACCGGGACACTGCAGAGC,PATL1,359,153,615
PATL1_CCATAGGGAGCAGGATAACG,PATL1,2751,1603,1186
PATL2_ACCGCATCAATAGCTCGGCG,PATL2,1327,163,150
PATL2_GGTAACGCCTTACATTCCGA,PATL2,24,42,68
PATL2_GGTAATAGTAGTCATCCAGG,PATL2,16,6,26
PATL2_GCAAGATTCGTTGGTGCCGA,PATL2,298,47,99
PATL2_GCCAGAAAGGGATGGGCGAC,PATL2,480,76,203
PATL2_TGGACAGCACCAAGTACAGC,PATL2,1390,294,345
PATZ1_GAGAAAGGTGAGCCAAGGGC,PATZ1,610,10,34
PATZ1_GAGCAGCGTTCCACTGCGCC,PATZ1,0,43,0
PATZ1_CCTCGCTGTGCTTCTTCAGG,PATZ1,561,129,105
PATZ1_AGGCGGTGTCAGGAACCGAA,PATZ1,604,183,144
PATZ1_TCCGTTCAAGTGATCAGGCC,PATZ1,964,315,360
PATZ1_TTCTCACCCAGCCTCGGAGG,PATZ1,415,16,169
PAWR_AGGGATGTTGACCACGCCGG,PAWR,285,566,723
PAWR_TCGGCTCCGCCATGCTGACG,PAWR,144,314,378
PAWR_CTCAACAACAACCTCCCGGG,PAWR,1652,849,1723
PAWR_CCCTTTGGGAATATGGCGAC,PAWR,742,414,992
PAX1_CAATCGGATGAAGTTCACCC,PAX1,538,120,141
PAX1_AAGCTCTCCCGGACTGCGCC,PAX1,301,168,314
PAX1_CAAGCGGATGGCGTTGGGCA,PAX1,1269,165,208
PAX1_GAAGGCCGTGCGGTTCACGC,PAX1,220,83,193
PAX1_ACGCCGTGCTGGTTGGAGGC,PAX1,814,135,17
PAX1_CAGGATCGGAGGACTCGCGG,PAX1,825,295,411
PAX2_CTCACGGTGCATCGCGGAGA,PAX2,258,181,181
PAX2_CCTGTTGATGGAAGAGACGC,PAX2,1087,141,229
PAX2_TCTTACCAATGGTGTGGCCA,PAX2,622,217,349
PAX2_CACTGGGTCATTGGAGGCGC,PAX2,1533,302,659
PAX2_TGGAAGACGTCAGGGTAGGA,PAX2,1513,182,239
PAX2_ACTTGACTTCATCAAGCCCA,PAX2,102,22,33
PAX3_CCCTGACATTTATACTAGGG,PAX3,1301,240,366
PAX3_CGAGGAAACTCCGGAGACCA,PAX3,1519,308,231
PAX3_TGAGCGAGCGAGGTAAGCGG,PAX3,1492,405,899
PAX3_GGGCCTAGTACCTGACGGCA,PAX3,518,59,48
PAX3_CAGCTGGCGCGAGATGACGC,PAX3,742,257,238
PAX3_TGTGCCCAGGATGATGCGGC,PAX3,375,126,147
PAX4_GCTGGGCAACAGCACCAGAA,PAX4,299,200,212
PAX4_AATCAGGATACTGCCCACGC,PAX4,736,235,205
PAX4_AGAAGATAGTCCGATTCCGG,PAX4,245,73,378
PAX4_CTCGGTTGATGGAGGAGACC,PAX4,1101,751,1290
PAX4_CTAGGGCGTTACTACCGCAC,PAX4,354,103,207
PAX4_AGGATCCGTGAGATGTCACA,PAX4,122,33,5
PAX5_AGAGCCCATCAAGCCCGAGC,PAX5,1524,364,210
PAX5_TTTCTCCGCGCAGTGTCCAC,PAX5,413,75,119
PAX5_CCTATGCTGTGACTGGAAGC,PAX5,2015,260,824
PAX5_GGTCCTAGGTATTATGAGAC,PAX5,84,129,183
PAX5_TCCCGGATGTAGTCCGCCAG,PAX5,869,197,303
PAX5_ACTCCTCGGACCAGCAGGAC,PAX5,701,340,272
PAX6_CCGCCCATTCACCGAAGGGC,PAX6,634,109,158
PAX6_TGTGTCTGTTCGGCCCAACA,PAX6,1764,246,428
PAX6_CAAATTGAGGCCCTGGAGAA,PAX6,923,173,108
PAX6_AGGATGTTGAACGGGCAGAC,PAX6,1160,267,284
PAX6_TTTACTACCACCGATTGCCC,PAX6,325,201,32
PAX6_TCGGGAAATGTCGCACGGCC,PAX6,478,63,101
PAX7_CCAAAGGGAATCCCGTGCGG,PAX7,1545,389,335
PAX7_CGACAGCTGCGTGTCTCCCA,PAX7,543,211,312
PAX7_CGGGACAGGCTGCTGAAGGA,PAX7,1986,1213,1111
PAX7_CGAACTTGATTCTGAGCACG,PAX7,2310,919,1423
PAX7_TCCGGCTGTAGGGAACCGGC,PAX7,223,316,285
PAX7_GGTGGTTGAACGCCGCCAGC,PAX7,0,20,8
PAX8_CTCAACAGCACCCTGGACGA,PAX8,1789,927,1008
PAX8_CAGCCACACCAAAGGCGAGC,PAX8,170,161,119
PAX8_CTCAGCCTGGCAGCGACAAG,PAX8,758,617,185
PAX8_CCACGCAGCTGTCCATAGGG,PAX8,2402,226,291
PAX8_CCTATTAATGGAGCTGACAC,PAX8,1043,113,228
PAX8_CAGAGGTCTGCCATTCACAA,PAX8,2262,902,955
PAX9_TGGTGTACTGCTCGGAGCAA,PAX9,1161,369,607
PAX9_CCGGATGTGTTTCACCACGG,PAX9,2663,980,1467
PAX9_ATCCGCTCCATCACCGACCA,PAX9,970,228,690
PAX9_TACCTTGGTCGGTGATGGAG,PAX9,796,389,172
PAX9_ATGTAAGGCGACACTTGGGC,PAX9,597,199,172
PAXBP1_GGAGCTGAAGTCGTATGAGG,PAXBP1,503,5,15
PAXBP1_CAGTGCCCGATCGCGTCCAA,PAXBP1,742,12,23
PAXBP1_TTGTCGTCTTTGGACAAGGC,PAXBP1,763,102,122
PAXBP1_GAAACATCTGCAAAGCCGAG,PAXBP1,831,88,65
PAXBP1_AAGATGACGATGAGAAACGC,PAXBP1,2035,49,37
PAXBP1_GCGGGAACGCGATGAGGAGC,PAXBP1,45,1,7
PAXIP1_TACCCTGTGTCAACGCCCAG,PAXIP1,527,7,32
PAXIP1_TGACTTGACTCTCACAGAGA,PAXIP1,309,165,196
PAXIP1_GCACACAAGTTAATCAACCC,PAXIP1,992,850,403
PAXIP1_ATCAATACCGGGTCAGAAGA,PAXIP1,827,226,281
PAXIP1_ACGGACAGAATCACCCAAGA,PAXIP1,792,78,271
PAXIP1_GGAGGTCAAGTATTACGCGG,PAXIP1,323,87,220
PBDC1_CCATTGAAATTGCTCGGAAC,PBDC1,2034,275,342
PBDC1_CATTGAAATTGCTCGGAACC,PBDC1,2023,474,365
PBDC1_GAAATTGCTCGGAACCGGGA,PBDC1,231,30,18
PBK_AGCAAGATGGTTATGAAGGC,PBK,862,150,94
PBK_TGTAGGAGTCTCTCTACCAC,PBK,899,173,173
PBLD_AACCCTTCCGTCTGGACGAA,PBLD,1668,345,681
PBLD_TCTTCAGCCACACCAACCCA,PBLD,922,150,102
PBLD_CTTACCCTTAAAGGAGAGCC,PBLD,18,27,97
PBLD_GCCTCAGTGACGTTTACAAC,PBLD,409,201,167
PBLD_GACTGCCATAGGCAACACAC,PBLD,302,112,125
PBLD_TCTAGGAGGCAAACAGCAGC,PBLD,193,131,37
PBRM1_CCAGCTGCACGCTATGAAGA,PBRM1,2096,774,710
PBRM1_ACCTTGAATACTTGAGAGCC,PBRM1,535,140,159
PBRM1_AGGATCTCCTTCAAGTAAGC,PBRM1,301,230,159
PBRM1_CAAATCCCAGAGTTTGCAAG,PBRM1,509,174,77
PBRM1_TCATTAGGGCACCAAAGCGA,PBRM1,878,415,234
PBRM1_GGCCTGGTGTTGACACAGAA,PBRM1,1199,851,674
PBX1_CCAGAGTTTGGATGAGGCGC,PBX1,1269,193,188
PBX1_AGCTTGTTTACCTGAAGCAC,PBX1,1668,182,229
PBX1_TGTTAGCGGAAGGCGTGGCG,PBX1,1328,524,301
PBX1_CTCGCAGGAGATTCATCACG,PBX1,3230,700,1201
PBX1_CCCTCAACTCCCAACTCGGC,PBX1,436,357,241
PBX1_ATTGCACGTTGGCTCCAACC,PBX1,373,391,266
PBX2_CCACTCACCCTCATTTCCCG,PBX2,2011,281,627
PBX3_TTCTACTCTGTTCTCGGAGA,PBX3,842,103,188
PBX3_TGACATCCAGCCAACTAGCG,PBX3,4541,1690,1361
PBX3_CATGTTATCAATCAGACGGG,PBX3,974,244,325
PBX3_CCTTTCAGGCTAATGGAGGC,PBX3,477,118,33
PBX4_TCTCTGTCGTTTCAGGCCCA,PBX4,368,52,128
PBX4_CAGAGTCCGCAGGGTGAGGA,PBX4,1082,258,364
PBX4_GCGGCGGAATTTCAGCAAGC,PBX4,1030,618,759
PBX4_TGGTGAACTCACGACAGGCC,PBX4,532,343,502
PBX4_AGGGCCGGCACAGCAACACC,PBX4,719,219,264
PBX4_ACAGAGCAGGCTTCATCCGA,PBX4,63,71,200
PBXIP1_CCTCCTCTAGCCCTTTGGGC,PBXIP1,90,52,214
PBXIP1_TCTGCTGGACAAGCTGGCCA,PBXIP1,183,120,128
PBXIP1_CATGGAGGAAGTGGAGCGGC,PBXIP1,425,216,219
PBXIP1_AGCCTGGTTCTCCACAGCCA,PBXIP1,1760,138,452
PBXIP1_CAGTGACGATGACACCGACG,PBXIP1,1692,453,199
PBXIP1_GCATCTGCATTAGGGCACCC,PBXIP1,390,201,434
PC_GCTTGCCGTGCCTGTCCACC,PC,96,33,84
PC_CTCTGTGAAACTCGCTAAAC,PC,3269,1009,1387
PC_ATCTGCACCTCGATGTGCCG,PC,802,310,218
PC_CAGAGAGGAACCCGTAGCCA,PC,3503,1003,536
PC_CATCTACTCTGAGCAGGACA,PC,375,215,3455
PC_TGGGCTTATACTCCAGGCGC,PC,578,222,245
PCBD1_CTTGTTCGATGAAGCTGGCC,PCBD1,590,313,242
PCBD1_TTCAGAACGGGACATAAACC,PCBD1,977,215,176
PCBD1_TATGTCCCGTTCTGAAAGGC,PCBD1,555,91,190
PCBD1_CACTCTTGTCATGAACCCAA,PCBD1,555,56,145
PCBD1_CCCTCAGGTTTGGCAGCAGC,PCBD1,1166,334,366
PCBD2_AGCCCTCGGCAGACGGCCAA,PCBD2,180,76,125
PCBP1_TCCGTGCATAAGAAGCCGAA,PCBP1,817,51,22
PCBP1_TCGGCTTCTTATGCACGGAA,PCBP1,2970,302,335
PCBP1_CGCTATGATCATCGACAAGC,PCBP1,1659,299,324
PCBP1_TGCGGCTCCCTGATTGGGAA,PCBP1,727,543,488
PCBP1_AGACTGCGGCACGCCAGCGA,PCBP1,1831,19,0
PCBP1_CCTCCAGGTCATGGGTGGCA,PCBP1,1,192,232
PCBP2_ACAGGCAAGTTTAAACCAGC,PCBP2,256,64,130
PCBP3_TTACCTTTCCATGCATCAGC,PCBP3,643,204,131
PCBP3_TGTGAAGAAGATGCGTGAGG,PCBP3,1099,161,215
PCBP3_CTTGTATGCGATCATGGCAA,PCBP3,977,302,306
PCBP3_CACAGATCTGCTTGACGCAC,PCBP3,1663,920,670
PCBP3_GGGCTTTGGGCGGTAGGGAA,PCBP3,301,231,298
PCBP3_ATGAGTGCTGGCCGGTGGGC,PCBP3,292,185,157
PCBP4_TATGGGTCACTCACCTCAGC,PCBP4,632,83,421
PCBP4_GAAGAACAGTACCTAGGGAG,PCBP4,1067,162,159
PCBP4_GGGCGAGATATACCACCCAC,PCBP4,305,52,38
PCBP4_AGAATGAGCGCCGGGCAGCG,PCBP4,1495,418,1002
PCBP4_TGTAAAGCGAATCCGGGAGC,PCBP4,648,133,105
PCBP4_CGCTGCGGATGCTGATGCAC,PCBP4,1027,554,220
PCCA_TTGACTACTCCATCAAAGCC,PCCA,471,444,263
PCCA_CTGAGGCCTTGATCATGACA,PCCA,1876,262,48
PCCA_TGCGGAGACTCGAAGAGCGA,PCCA,923,447,355
PCCA_GAGGGTAGCCCTTAGCAACA,PCCA,1051,350,185
PCCA_TGCCACTGTCCACTCGGACC,PCCA,626,241,42
PCCA_CAGACAATAAGGGCGAAGCC,PCCA,399,252,231
PCCB_GGTCCGCAGCCTTTGCAGCC,PCCB,437,581,194
PCCB_GAAAGCTAACAGCCAGGGAG,PCCB,609,113,154
PCCB_GACAGCGTGGTCACTGGACG,PCCB,205,56,203
PCCB_AGCACGGATCCAAGAAGGAG,PCCB,1062,176,169
PCCB_AACGTGAAGTCTGTTAGGGC,PCCB,1021,179,470
PCCB_CATCAGGGCCAGTGATGAAC,PCCB,1101,218,335
PCDH1_TGGTGTTCCGGTCTTCCGGG,PCDH1,221,148,237
PCDH1_TGGCCGAGAAGGTGACGCGG,PCDH1,526,181,205
PCDH1_CGTGGCCTTGCTCATCGCCC,PCDH1,2126,222,349
PCDH1_CTTAGGTCCTCACGGTCCAC,PCDH1,778,214,519
PCDH1_ACGGTCTGAAGCCAGCGGGA,PCDH1,1127,73,163
PCDH1_CTGTCTTGCCATCCACGCGA,PCDH1,1066,903,838
PCDH10_GACTTACTGGTGGAGAGCGC,PCDH10,272,32,82
PCDH10_GAGTTTCTTCTTGCGCGCCC,PCDH10,108,108,53
PCDH10_CCATACCTGTTAACTCGGCG,PCDH10,243,240,435
PCDH10_ACCAACCGTGCCCAGTCAGC,PCDH10,622,11,81
PCDH10_GCAGCCTGGCGTCCATCAGA,PCDH10,525,289,127
PCDH10_CTCTTTGCCAAAGGTGGAAA,PCDH10,914,452,572
PCDH11X_CCTTCTAAAGCCAATGAAGG,PCDH11X,33,87,30
PCDH11X_GCGGAAATCTGAAGGGAAAG,PCDH11X,2482,490,422
PCDH12_ACAGCGCTCCAGCATGCCCG,PCDH12,1699,212,164
PCDH12_TGAGCTCATCTCCGAGACAA,PCDH12,1228,479,340
PCDH12_CACAGATGGCCCAAGTGCAA,PCDH12,2053,527,236
PCDH12_AAGTACTTGGCCAAGCCAGG,PCDH12,113,12,41
PCDH12_CGGGAAGCTGTCCCAGGAAC,PCDH12,2601,1887,1492
PCDH12_TTCCCGATCACTGTACCAGA,PCDH12,148,177,341
PCDH15_ACTGCAGTCGACGCAGACGA,PCDH15,299,147,90
PCDH15_CCTTACTTCAACCAGTGGAC,PCDH15,1202,508,525
PCDH15_AGTACCTACAGGAACTCCAC,PCDH15,4,16,69
PCDH15_TCCGAAATGGTTGCTCCCAC,PCDH15,1428,513,235
PCDH15_TCCAAGCCATTGATCAGGAC,PCDH15,1022,313,962
PCDH15_CAGAACATCCACTGTGAGAG,PCDH15,1640,612,489
PCDH17_AACCCGCCTCGGTTCACCAA,PCDH17,1238,271,339
PCDH17_ACGGGTCGATCTCAAACAGG,PCDH17,299,277,433
PCDH17_AGCCCAATTACATGGGCAGC,PCDH17,1,169,147
PCDH17_CCTGAGAGACAGTGGGCACG,PCDH17,2319,481,386
PCDH17_CTTCACTCACCTTGTTCAAG,PCDH17,1361,529,480
PCDH17_CATCTCACTGGAATCCCGGC,PCDH17,331,207,138
PCDH18_ACACTGGAGTGAGTTCCAAG,PCDH18,1861,400,244
PCDH18_CTCCTGCCTCACTGTCACCA,PCDH18,291,0,62
PCDH18_GCTTCTTTCAATGCTTCACC,PCDH18,260,107,0
PCDH18_AATGCAGGCCCTATAACCAC,PCDH18,576,226,526
PCDH18_CTGTAATCGCTGAGGACAGG,PCDH18,1547,100,219
PCDH18_ACTTCCAGATACCTTCGGCA,PCDH18,1086,218,156
PCDH19_GAAAGATGTCAGCGACCACC,PCDH19,254,141,178
PCDH19_TATCACAATACAGGCTCCGC,PCDH19,827,148,135
PCDH19_GCCGAGCCCATTTAATCAAG,PCDH19,823,256,371
PCDH19_GGAAAGTGCTCTCAGAGCGG,PCDH19,1662,224,175
PCDH19_CACGCAGATTTCCATTGAGC,PCDH19,1359,552,330
PCDH19_GCAGGCTTCAGCCTTTCGCG,PCDH19,721,39,195
PCDH20_TTTGCTGTAGAGGAGAGGGC,PCDH20,372,207,119
PCDH20_ACTCCAATCTCACCATAGCC,PCDH20,1026,275,394
PCDH20_TGTGTATGGGAATGCTACAG,PCDH20,1346,200,377
PCDH20_TGTACAGAAGCTCGGTGGCC,PCDH20,9,263,440
PCDH20_TGACCCTAACCCTTACCGGC,PCDH20,241,232,178
PCDH7_ATGGCCTGCGAGGAGCGAGG,PCDH7,1186,53,0
PCDH7_CACTACGGTGATTGTGCAGG,PCDH7,425,100,36
PCDH7_GAGTTCATCAGGGCCAAGAC,PCDH7,1243,215,177
PCDH7_ACCAACACTGCCATCCGGCG,PCDH7,1918,255,360
PCDH7_AGTGCGGACCGGCATCCAGC,PCDH7,299,153,277
PCDH7_CGGTCCGCACTTCTCCGGAG,PCDH7,1221,234,492
PCDH8_TCCCTGCGCAGAGGATCCCG,PCDH8,1618,199,334
PCDH8_ACAGCGATTCCGACATCAGC,PCDH8,677,172,50
PCDH8_CGGCAAAGACAGCGGTAAAG,PCDH8,914,550,379
PCDH8_CCTTTCCACACCGCCACAGG,PCDH8,520,103,96
PCDH8_GACCTCTCGCAGGAGCCACC,PCDH8,115,80,65
PCDH8_ATCCCGGTAGAGGTGTCCGA,PCDH8,289,203,68
PCDH9_ACTGCTTACGGTCATTGAAC,PCDH9,1628,184,105
PCDH9_TGGTCTAGGAGACCATGAGC,PCDH9,46,143,162
PCDH9_CTCCTGAATGTGGAAACCCG,PCDH9,3632,408,582
PCDH9_AATGTGGAAACCCGTGGAGC,PCDH9,458,178,191
PCDH9_CAGTTTAAATCAGACTGCCC,PCDH9,3,6,21
PCDH9_AACCGTTGCTCGAGCAGGAG,PCDH9,700,293,317
PCED1A_TAGACCCGTGGATTGAGGAC,PCED1A,717,268,251
PCED1A_CTTATGGTAGGGCTCACCAG,PCED1A,1728,388,417
PCED1A_TCGCCATGTTCCACACCAGC,PCED1A,417,480,449
PCED1A_CGTTGTGCAGCTCGCCCAGC,PCED1A,756,112,168
PCED1A_TTGTACACAGCCCTCTGAAC,PCED1A,677,228,292
PCED1A_CCATGTCGCTTCGCAGCGGG,PCED1A,570,270,212
PCED1B_TAGGGCAGTATACAAGGACC,PCED1B,262,114,22
PCED1B_TCCCGGGCAGCTTAGAGCAA,PCED1B,1921,396,245
PCED1B_CCCGGGCAGCTTAGAGCAAG,PCED1B,1698,377,557
PCED1B_GGCAGGAATTCATGATGACC,PCED1B,689,38,31
PCED1B_TTCTTCCGCCCAAGCTCCGG,PCED1B,320,37,309
PCED1B_TCTTGATCCACTCGCCCACG,PCED1B,1396,383,249
PCF11_AGAGACGATCTCCTTGGCGA,PCF11,690,0,0
PCF11_AGAGGTTTAATAGGCCAAGC,PCF11,562,88,0
PCF11_CCCGAGGAGCCTTCAACACC,PCF11,1723,152,60
PCF11_ACCGGGATCCTCGTCTGAAC,PCF11,1232,250,227
PCF11_TTTCCTACTGTCATTGGAGC,PCF11,1138,71,174
PCF11_ATCAGGATATGCCTTAGGGA,PCF11,595,13,0
PCGF1_GGCTTACCTTGCCGAACCAG,PCGF1,1175,488,294
PCGF1_TGAGGTACGCCATCTCCGGA,PCGF1,754,647,575
PCGF1_ACCAGTCCCGAGGTTTGGAC,PCGF1,366,210,254
PCGF1_GCCACTGCTCAACCTCAAAC,PCGF1,1363,1788,1693
PCGF1_ATTGTTTGCTGCCTATGCGC,PCGF1,286,127,45
PCGF1_TAAGATGGCGTCTCCTCAGG,PCGF1,65,194,109
PCGF2_GCTGGACACGGTACTTGAGG,PCGF2,344,19,20
PCGF2_CCTCGTACAGAACCTCCACC,PCGF2,639,148,227
PCGF2_CTCCAATGAGGACCGCGGCG,PCGF2,1453,295,480
PCGF2_AGATGAGATGAAACGGCGGC,PCGF2,254,57,39
PCGF2_CGCAGAGGGCACACATGAGG,PCGF2,2752,415,452
PCGF3_CGCTTAGGAGAGCGAAACAC,PCGF3,1290,775,875
PCGF3_AGGTGCCGGGAGACATCAAG,PCGF3,440,123,125
PCGF3_TTCAAACAAAGAGGCCGCGG,PCGF3,590,484,396
PCGF3_TGCGCGGGCTGAAGCGGAAG,PCGF3,2607,653,500
PCGF3_CAACGAGGAGATCCTGGGCA,PCGF3,1983,619,436
PCGF3_GCGTTCTTGTGTCTTCCAGA,PCGF3,335,5,97
PCGF5_CAGTCTTCACTAGCCACGAA,PCGF5,1524,507,845
PCGF5_TCGCAAGTCTGCTCTCAGGA,PCGF5,2107,765,615
PCGF6_ATGTACTGTACCTGACAAGC,PCGF6,976,102,104
PCGF6_CCGCTTCGAGGACGAGGACG,PCGF6,1787,477,391
PCID2_CAAATACTACGTTGGACGCA,PCID2,537,63,17
PCID2_TAGAGTCCTCTATACCAGCA,PCID2,542,0,96
PCID2_ACGTGTCGCTGGCACAGACC,PCID2,2194,0,0
PCID2_ACAGCTGCCATGAACGACAA,PCID2,151,23,92
PCID2_AAATCAGATGGCCTCTCCAG,PCID2,357,79,71
PCID2_GAAGCCATCGACAGCAGAGA,PCID2,666,54,0
PCIF1_CGGATTGGCTTTGGAGAACA,PCIF1,2912,1074,797
PCIF1_AGGAGCTGGTGCATGCAGGC,PCIF1,593,377,236
PCIF1_CTGGGCTTGTTCTCAGCCGG,PCIF1,688,252,241
PCIF1_GAAATCCCAGTGACACCCAC,PCIF1,500,131,119
PCIF1_GAGCTGTGCCAGCAGCGAGA,PCIF1,549,51,36
PCIF1_AACATGGAAGGTGACACGAC,PCIF1,1656,585,199
PCK1_CATCTGTGACGGCTCTGAGG,PCK1,1119,210,193
PCK1_CGGTCGCTGGATGTCAGAGG,PCK1,978,302,595
PCK1_CCAGCATGCGGATCATGACG,PCK1,2004,834,936
PCK1_TTGCTCTCAGGATGGCCAGC,PCK1,669,255,398
PCK1_GACGCACTCAACCTTCCACC,PCK1,265,237,0
PCK1_CGTGAGTGCCTGGCTCAAAC,PCK1,2141,1220,1490
PCK2_AGAGCCCGTTAGAGGTCCGA,PCK2,669,64,135
PCK2_ACGGCATGATGGCCAGCCCA,PCK2,999,393,394
PCK2_GGCACGAGTAGAGAGCAAGA,PCK2,731,262,121
PCK2_CATGCGTATTATGACCCGAC,PCK2,742,229,268
PCK2_CGAAGGAGATGATCTCCCGC,PCK2,478,129,54
PCK2_CTTGCCACAGGCACTAGGGA,PCK2,994,610,803
PCLO_ATATGGTGACAGCATGACAG,PCLO,1636,472,347
PCLO_AGGGCTATTACAGAAGAAGG,PCLO,389,158,228
PCLO_AAACTCTGAGGTGTGCCAGA,PCLO,113,40,9
PCLO_TTGACCTTTGCTCTCTGAAC,PCLO,1211,544,420
PCLO_TTAGCTGGAGACTGTAGCCC,PCLO,1526,204,288
PCLO_CGCTGTCATGTCAAGGGCGC,PCLO,152,153,221
PCM1_TCAGATGTCTGTCCCAGAGC,PCM1,1729,169,384
PCM1_CTCTACAAGATCTTCCCGCA,PCM1,1530,238,449
PCM1_AAGAGCTCTACAGGGACGGC,PCM1,339,126,19
PCM1_CTTCTATTGTCTGGAACAGC,PCM1,102,32,156
PCM1_ATCGACACTCCTTTGTGGAG,PCM1,530,22,234
PCM1_CAGGAGATTCATGTTGCACA,PCM1,2282,417,541
PCMT1_AGTAACAGCGGCAGCTACAG,PCMT1,922,153,30
PCMT1_AACCACCTTCAGCGCGACGA,PCMT1,2723,1005,935
PCMT1_GCGATGGCCTGGAAATCCGG,PCMT1,635,157,146
PCMT1_AACAATCAGTGCTCCACACA,PCMT1,1752,533,437
PCMT1_ATAGATCAGTTAAAGCCCGG,PCMT1,396,120,123
PCMT1_TTGCCTGTTGGTCCTGCAGG,PCMT1,114,0,0
PCMTD1_CTTAACCTGGGAAGTGGAAC,PCMTD1,1318,253,693
PCMTD2_ACAGTATATCCGGACTGAGC,PCMTD2,1000,112,103
PCMTD2_CACCTCCGAGTAGATGCACG,PCMTD2,1214,257,224
PCMTD2_TGGACTCTCGTTTCTGAACC,PCMTD2,1956,721,724
PCMTD2_TCTCTTCCAGTGGCATGACA,PCMTD2,761,128,107
PCMTD2_GAGAGTTCGCCGCCGTCGAA,PCMTD2,486,81,118
PCMTD2_CAATCGTTTCCATTCGACGG,PCMTD2,1987,188,252
PCNA_ACTAAGGGCCGAAGATAACG,PCNA,1098,67,62
PCNA_CCTGGTGAGGTTCACGCCCA,PCNA,993,0,1
PCNA_CCATGGGCGTGAACCTCACC,PCNA,231,89,13
PCNA_TGAGCTGCACCAAAGAGACG,PCNA,1001,0,0
PCNT_AGAGCAGCGGCGCAGAAAGG,PCNT,2252,218,184
PCNT_GGAGGAGAGTCCGGTAACCA,PCNT,932,45,96
PCNT_AGCGGCCGTGAAGATGAGGC,PCNT,778,38,225
PCNT_CAACATGCACACGGCGCAGC,PCNT,238,175,68
PCNT_TTCTGCCAGGACCAGTAGAC,PCNT,1737,394,444
PCNT_CCCTCTGCATCCAGCACGAG,PCNT,2095,136,311
PCNX_GCGCGTTCACGAAGGTGGCC,PCNX,179,112,152
PCNX_TTTCTGGAACTGCAACCAAC,PCNX,1027,111,496
PCNX_TGCTGCTGTTCCAAGACGCG,PCNX,1803,1193,562
PCNX_AAGAGCTATCACTGCTGAAC,PCNX,1171,485,400
PCNX_ACGCAGCACATTTAGGCGCC,PCNX,339,25,248
PCNX_TCTTCTACGCTGTATGAGAC,PCNX,547,64,121
PCNXL2_CCGATCAAGTAATGCCAGCA,PCNXL2,2106,985,845
PCNXL2_TTCTGGAATGTACGTACCCG,PCNXL2,1766,650,841
PCNXL2_AGTCAAGACCATACTAGCAC,PCNXL2,1576,64,175
PCNXL2_CTCCACAGGCTTGGCCACGA,PCNXL2,2150,609,380
PCNXL2_TGTGTAGGAGTTGTCAGCAC,PCNXL2,1026,408,179
PCNXL2_CCTCTGGAGCTGCAGCGGAG,PCNXL2,1218,208,119
PCNXL3_GGTGTTGCAGATCCTGCGCC,PCNXL3,599,38,77
PCNXL3_GCTTCTCCACGATCTCGCCC,PCNXL3,566,0,0
PCNXL3_CTCTGTGTTTGGCTTCAACC,PCNXL3,2444,547,461
PCNXL3_GGTTGCAGACATCAAGGAGC,PCNXL3,660,175,3
PCNXL3_CAGTCGACGGGAACAACGCA,PCNXL3,1348,237,174
PCNXL3_AAGCAGTGTGAGGCGGACCC,PCNXL3,553,139,257
PCNXL4_TCCTGTACTGCCATACAGCA,PCNXL4,759,459,444
PCNXL4_TCTCTTATGGGCAATGGAGC,PCNXL4,661,86,195
PCNXL4_CGACCTATTCAGAGTTGGCC,PCNXL4,1010,702,508
PCNXL4_TGCTGTACTGCAGACTGCAA,PCNXL4,1175,422,360
PCNXL4_CAGGATCAGTAGAATCACAG,PCNXL4,1022,569,279
PCNXL4_ACTCTGCTTATCTCCAAGGC,PCNXL4,620,101,299
PCOLCE_AGACCCGTGTTCCTGTGCGG,PCOLCE,682,184,357
PCOLCE_GGTCTGGGACTTCCGGCCAG,PCOLCE,294,74,24
PCOLCE_CCAGGAACAGCTGATGCCCG,PCOLCE,2580,594,314
PCOLCE_GACCTTCGAGAAGTTTGACC,PCOLCE,19,19,1
PCOLCE_GCAGCTCCATCTCCTCCGAA,PCOLCE,1460,584,399
PCOLCE_CCTGCCCAAAGCAGTGCCGC,PCOLCE,345,138,155
PCOLCE2_CTTGCAGACGACAGTCAGCC,PCOLCE2,388,174,199
PCOLCE2_AATTTGGCGATTCAGCAGGC,PCOLCE2,713,217,240
PCOLCE2_ATAGGTGCTACTTACGCAGG,PCOLCE2,291,218,99
PCOLCE2_GATGCCAACACAGCTGGCAA,PCOLCE2,610,88,154
PCOLCE2_TTCTGTGGCACTTTCCGGCC,PCOLCE2,290,428,388
PCOLCE2_CAATGCGCTGGCCATTGGCA,PCOLCE2,450,187,251
PCP2_GGACATGCTGGCCAGTACCC,PCP2,255,24,40
PCP2_CTGTTCACTGCAAGCCGGGC,PCP2,847,172,340
PCP2_AGCGCTGTTCACTGCAAGCC,PCP2,1226,341,341
PCP2_TGAGCCACGTGCAGGGCGAC,PCP2,1191,366,302
PCP2_GCCCTCTCACCTCGGCACAG,PCP2,643,121,298
PCP4L1_TCCGGCTGCGGAGATGAGCG,PCP4L1,2081,656,588
PCP4L1_CAACCAGGCAGCTGGCCAAG,PCP4L1,1448,366,490
PCP4L1_TGGCAATGTCAAGAAGGCGG,PCP4L1,586,167,589
PCP4L1_AGTTCCGGCGATTTCAGAAA,PCP4L1,1235,309,347
PCSK1_GCTCTTGGCTGAAAGAGAAC,PCSK1,330,336,247
PCSK1_GACCCGCTGGCCAATAACCC,PCSK1,942,729,612
PCSK1_AGCCAGAGGTGCAGAGGCCG,PCSK1,888,343,293
PCSK1_TCTGGGCTTCGGGAAACGGG,PCSK1,312,251,219
PCSK1_TGGATTCAATCCTGGACACG,PCSK1,780,211,194
PCSK1_GAGCTATGGAGCGAAGAGCC,PCSK1,237,59,91
PCSK1N_GATCCGGGCAGTGCTCAGGG,PCSK1N,604,145,275
PCSK1N_CCACATCGTGGTCGGCGGCA,PCSK1N,748,568,376
PCSK1N_AGGCGACGAGACACCCGACG,PCSK1N,1376,363,180
PCSK1N_GAGCCGGATCAGAGTTGCGG,PCSK1N,34,166,159
PCSK1N_TGGAGGCCGAACGTCAGGAG,PCSK1N,1795,564,816
PCSK1N_GAGACGCTGCGCTTAGGCCG,PCSK1N,32,70,79
PCSK2_ACACGGCTTTGGAGTCCGAA,PCSK2,1676,63,184
PCSK2_CCTACACCACAAGCAGCAGC,PCSK2,556,266,527
PCSK2_TGACTATCTCCACCCGGACC,PCSK2,1464,553,451
PCSK2_ACCAGTCATCTGTGTACCGA,PCSK2,172,190,185
PCSK2_TTGACATCTACAGCGCCAGC,PCSK2,109,51,47
PCSK2_ACTCAGCCATCAACGACGGC,PCSK2,432,335,69
PCSK4_CGGCATGATCGCCCTAGCGC,PCSK4,1951,190,381
PCSK4_CTTCCGGCGTGGTGTGACCA,PCSK4,1106,272,306
PCSK4_TGAAGTCATAGCTGGCCAGG,PCSK4,977,120,167
PCSK4_ACCTGAGCATCCTGCAGGCC,PCSK4,1523,30,202
PCSK4_ACGCTCTGTCGTGGTGCCCA,PCSK4,546,220,308
PCSK5_CGCGCGTCTACACCAACCAC,PCSK5,1863,444,649
PCSK5_TCGTCCTGCTATGGTAGAAG,PCSK5,1183,627,806
PCSK5_GGAATGGATCCAACAGCAAG,PCSK5,1047,391,160
PCSK5_ATCGAAGGAGCCTGGAAGAG,PCSK5,916,378,398
PCSK5_TCGTTGCTTGCATCATAACG,PCSK5,1148,464,340
PCSK5_GACTCGCTGTGCTGGAGAAG,PCSK5,1620,340,224
PCSK6_CCTGGGTCTCTTGTCCGAGG,PCSK6,961,150,248
PCSK6_CTGCGTCAGCGCTGTACCGA,PCSK6,1130,180,272
PCSK6_GGAAGAGTGTGCCTCCACCC,PCSK6,128,148,216
PCSK6_GGACGACGACGGCAAGACGG,PCSK6,617,98,179
PCSK6_CTCTATGCCATCATCAAGGA,PCSK6,1022,773,862
PCSK6_GCAACAGGAAGTGAAACGAA,PCSK6,609,284,290
PCSK7_ACGTCACGCCACGTGAGGCA,PCSK7,419,53,234
PCSK7_CTAGGAGCTGTGGATGAGGA,PCSK7,462,124,217
PCSK7_CAAAGATGCTCCCAAAGCCC,PCSK7,770,71,88
PCSK7_CAGCTTCTGTGCCGTGGGCG,PCSK7,906,636,451
PCSK7_ATAACCGACGGAGCCCGGGC,PCSK7,130,108,81
PCSK7_CTGATGGCCAGGGCACAGGG,PCSK7,641,0,0
PCSK9_CGTGCGCAGGAGGACGAGGA,PCSK9,230,383,263
PCSK9_GGTCGCCACTCATCTTCACC,PCSK9,392,128,143
PCSK9_GCATCCCGTGGAACCTGGAG,PCSK9,1050,124,260
PCSK9_CCACAGAGGTGCTGTTCAGA,PCSK9,778,218,308
PCSK9_CTAGGAGATACACCTCCACC,PCSK9,1137,23,87
PCSK9_CGTGCTCAACTGCCAAGGGA,PCSK9,1071,110,510
PCTP_GAGCCCGGACTGCGGAAGGA,PCTP,515,125,346
PCTP_TAGGAGCTGCCAGTCGGCCC,PCTP,591,31,86
PCTP_TCTCTGTTGGACATGGGAAA,PCTP,759,298,525
PCTP_CAGCATTGTAGACAGACAGA,PCTP,1047,287,273
PCTP_GCAGCGGCGAGACCTGGACA,PCTP,1856,321,663
PCTP_GCTCATTAACTGGGCCGCCA,PCTP,131,202,137
PCYOX1_CTCATAGCGATTATTGGAGC,PCYOX1,103,268,293
PCYOX1_CCTGCACCATCATGGTAGCC,PCYOX1,2005,704,583
PCYOX1_TGGTATTTGAGGAGAGCAAC,PCYOX1,510,247,342
PCYOX1_CTACCCACATGTGCATACGG,PCYOX1,1836,390,1170
PCYOX1_TGAAGGCATAGTCATGAGAC,PCYOX1,1114,202,154
PCYOX1_CTTGCCTATCACCGCTGGAA,PCYOX1,1623,759,683
PCYOX1L_AAATCGGTGCGGGAAGGACG,PCYOX1L,1207,55,108
PCYOX1L_TACACGTCGATCTGCACCCG,PCYOX1L,2777,316,851
PCYOX1L_TGCCATAGTGCCACCAGAGG,PCYOX1L,1515,631,236
PCYOX1L_CACCCGAGAAGGCATAGCCG,PCYOX1L,1039,1243,1435
PCYOX1L_CTTGGTGAGCTTCAGCAAAC,PCYOX1L,1783,643,799
PCYOX1L_GCCGTGGACCAAGGAGACGA,PCYOX1L,1437,223,438
PCYT1A_GCATGTTTGCTCCAACACAG,PCYT1A,2759,327,292
PCYT1A_TTCTTACCCGGTGTTCGGCC,PCYT1A,970,201,334
PCYT1A_CGAGTTCCTGGCCGAACACC,PCYT1A,402,40,117
PCYT1A_CCTGTGAGAGTTTATGCCGA,PCYT1A,1437,110,151
PCYT1A_AAGAGGCGCCCGGACCCAAC,PCYT1A,491,99,158
PCYT1A_AAAGAGGCGCCCGGACCCAA,PCYT1A,827,72,112
PCYT1B_TACAGCTGAAGAGTTGGGCG,PCYT1B,231,210,342
PCYT1B_TGAGCAGCCCAACCCGGAGC,PCYT1B,1660,517,667
PCYT1B_TGTCCACTTGGTTCTGGAAA,PCYT1B,947,383,528
PCYT1B_GCCCGACGTAACCTCCAGAG,PCYT1B,656,208,418
PCYT1B_CCTGTCAGAGTATACGCCGA,PCYT1B,718,269,307
PCYT1B_CTGAGGGAGGCTCATTGGAA,PCYT1B,1792,859,802
PCYT2_CATCCAGTTTGCTTCTGGGA,PCYT2,1643,149,332
PCYT2_AGAGAATGCAAGCGCACGCA,PCYT2,940,290,357
PCYT2_CATCAAATGGGTGGACGAGG,PCYT2,765,242,228
PCYT2_TACGATGAGGTAGTCACCCA,PCYT2,1017,243,173
PCYT2_ACGGAGAAGCAGGGAGGCCG,PCYT2,1547,43,36
PCYT2_CCATGATCCGGAACGGGCGC,PCYT2,294,329,84
PDCD1_CCAGTGGCGAGAGAAGACCC,PDCD1,836,98,101
PDCD1_CGCCCACGACACCAACCACC,PDCD1,2313,785,547
PDCD1_TTGGAACTGGCCGGCTGGCC,PDCD1,55,285,197
PDCD1_CCTGCTCGTGGTGACCGAAG,PDCD1,1299,29,208
PDCD1_GGGCGGTGCTACAACTGGGC,PDCD1,597,122,180
PDCD1_ACCGCCCAGACGACTGGCCA,PDCD1,1515,132,209
PDCD10_CATCAGCTGCCATACGAAGA,PDCD10,3454,9543,10392
PDCD10_ATCAGCTGCCATACGAAGAA,PDCD10,616,7775,5581
PDCD10_ATGATGTCTTGTGTGAGACC,PDCD10,1060,3337,3450
PDCD10_GCACCTCACCTTGATGAAAG,PDCD10,2013,3291,6331
PDCD11_AGACCCAAACATGGCAAACC,PDCD11,1609,188,66
PDCD11_AAATACGCATTCCCTCACAC,PDCD11,1284,0,30
PDCD11_TCTGCCACTGCTGAAAGCCC,PDCD11,1442,0,9
PDCD11_TTGCTACTGAACAGCAGAGC,PDCD11,646,32,0
PDCD11_CACCTGGATCCCAAGAAAGC,PDCD11,1946,46,22
PDCD11_GCACAACTCTGGTTCGAGGA,PDCD11,636,2,18
PDCD1LG2_GCATGGCAGCAATGTGACCC,PDCD1LG2,980,447,236
PDCD1LG2_GACTTGAGGTATGTGGAACG,PDCD1LG2,1578,971,642
PDCD1LG2_GGCCAGGATACTTCTGCCAG,PDCD1LG2,450,104,249
PDCD1LG2_AGGAACGCTGACGTTTGGCC,PDCD1LG2,8,36,71
PDCD1LG2_TGGCTTTAGGCGCAGAACAC,PDCD1LG2,1348,234,335
PDCD2L_CATGGCGGCCGTTCTGAAGC,PDCD2L,259,26,57
PDCD2L_CAGCAGCACCGGCTTCAGAA,PDCD2L,1533,684,511
PDCD2L_TGCCCGCAGCGCTGACACAC,PDCD2L,789,540,203
PDCD2L_TGGATCAGTTGCTTTCCCAA,PDCD2L,907,112,0
PDCD2L_TGTCCTAGGTATTCCTGGAG,PDCD2L,1121,226,288
PDCD2L_CCCAAATCATCAGACTCCCA,PDCD2L,2020,70,174
PDCD4_AACTGTGCCAACCAGTCCAA,PDCD4,582,187,215
PDCD4_AGGCGATCCAGATCTGGGAA,PDCD4,1694,215,100
PDCD4_GCTAAGGATACTGCCAACAC,PDCD4,2225,123,574
PDCD4_CAGTATCCTTAGCATTGGAG,PDCD4,1607,110,189
PDCD4_TGCTCATTACTGTCCCACAA,PDCD4,1239,389,836
PDCD4_ATTCATACTCTGTGCTGGAG,PDCD4,855,81,135
PDCD5_TTGAGGCGCTGAGGAGACAG,PDCD5,1378,92,70
PDCD5_GCCGAGCTGCAGGCCAAACA,PDCD5,2382,231,283
PDCD5_AGTTCTGGATCAGTCGGCCC,PDCD5,605,0,0
PDCD6_TGTGGAAGTACATCACGGAC,PDCD6,556,109,110
PDCD6_CGTCTTCCGCACGTACGACC,PDCD6,1992,339,545
PDCD6_CGTGGAACTGGTCAGAGAGC,PDCD6,1134,166,390
PDCD6_CATTCGAAAGTTTGACAGGC,PDCD6,800,422,533
PDCD6_ACGACACGGATCAGGACGGC,PDCD6,757,97,193
PDCD6_CGATACTGAAGACCATGGAC,PDCD6,757,347,250
PDCD6IP_GCAGACTTACCCAAGCGGCG,PDCD6IP,715,246,179
PDCD6IP_CCTAACTCTCAGTGAAAGGG,PDCD6IP,472,488,268
PDCD6IP_GACTGATGGGTACATTGACC,PDCD6IP,511,120,27
PDCD6IP_ACCGGCATGGTTCTTGGCGC,PDCD6IP,1405,221,135
PDCD6IP_GCTCGATTTGCTGGAAGCAC,PDCD6IP,827,37,45
PDCD6IP_CGCATAAGGATTATAGCCCA,PDCD6IP,790,242,295
PDCD7_TTGCCTTTGGGATGATCGGA,PDCD7,155,0,0
PDCD7_TGGGATGATCGGATGGCACC,PDCD7,694,88,61
PDCD7_GACCTGATCTGGATGAGCGC,PDCD7,163,78,41
PDCD7_CCTCGCCCACATAGGCAGCC,PDCD7,374,86,100
PDCD7_CCAGGCTGCCTATGTGGGCG,PDCD7,874,81,153
PDCD7_GCGGCTACAGCCGTTGACCC,PDCD7,740,49,1
PDCL_CCCTTATAGATCAGCAGGGC,PDCL,17,53,71
PDCL_GCGCCAGCAGTCAGTTCACC,PDCL,1367,60,67
PDCL_GCAGTACCGGAAGCAGCGAA,PDCL,887,10,14
PDCL_CTGTCTCCAACTGCTTGAAG,PDCL,2008,129,301
PDCL_GAAGGCATCTCAGTTAACAC,PDCL,537,11,0
PDCL_GGATGAGGACAGTGACCACG,PDCL,1021,70,139
PDCL2_TGGAGGGATAAATCTCAAGC,PDCL2,769,423,235
PDCL3_TTTGTGCAGACGGCGGAGAC,PDCL3,1314,462,271
PDDC1_ACACTTTGAAACCACACGCC,PDDC1,382,239,460
PDDC1_CATTCTGGCCTGTGACCAGG,PDDC1,907,199,157
PDDC1_CCTGACGAGCTCACACACAG,PDDC1,1890,1077,1329
PDDC1_CTCGTTGGTGGCACAGCACA,PDDC1,1255,144,466
PDDC1_AGTGCTGCAGGATACGGGCC,PDDC1,2,44,127
PDDC1_GGCTGGCGTAAGCCTTGAGG,PDDC1,514,59,78
PDE10A_GCTGGCCAAGTAGCAAGAAC,PDE10A,500,569,903
PDE10A_CACAACGATCGGCATTCACC,PDE10A,1890,133,267
PDE10A_TTCTCGAGCTGTATCGGCAC,PDE10A,1731,608,515
PDE10A_GGCCACATAAGCAGAGACGG,PDE10A,1300,90,239
PDE10A_ATAGAACAACGGTTGGACAC,PDE10A,379,210,63
PDE10A_TTCGGCTCCGACATGGAAGA,PDE10A,1498,762,660
PDE11A_ACCGTGGGAGATCTCCAGAC,PDE11A,1992,410,313
PDE11A_CACTATATTCCTTGGAGGAC,PDE11A,480,890,798
PDE11A_TTTGAAGGATCATCACGGCG,PDE11A,1537,481,568
PDE11A_TCAAGACATTCTGACCGAGG,PDE11A,1034,347,217
PDE11A_TTTCTAGGCTTTGCTAGAGG,PDE11A,520,128,97
PDE11A_TTGAGTCCCAGCTGGGCCGG,PDE11A,669,81,95
PDE12_GAAGCTGTACTACCGGGAAG,PDE12,864,353,341
PDE12_GCAGTTCGGTGAAGGCGGGC,PDE12,45,96,83
PDE12_TGCCGCGCTACATCATGGCC,PDE12,707,227,183
PDE12_CCGGCATCTCTACACGAAGA,PDE12,2234,159,232
PDE1A_TCTGCTGAATGATGTCCACC,PDE1A,431,240,311
PDE1A_CTTCTTCCTATGTGGCAAGC,PDE1A,1657,267,495
PDE1A_TATTTGTGACTGGGCCACCA,PDE1A,63,24,142
PDE1A_TTGTGATCGGAAGTCAACCA,PDE1A,1514,543,326
PDE1A_TGCGTGGAGAATCAGGGACA,PDE1A,603,220,347
PDE1A_ATTGTGCATGCTGTTCAAGC,PDE1A,1074,173,222
PDE1B_CATCTCCGGAGGACTGCGGG,PDE1B,329,0,56
PDE1B_GCAGGAAACTTTGATTCCCA,PDE1B,29,97,87
PDE1B_CCGTCTACATAGATGAGACA,PDE1B,1671,453,268
PDE1B_TGCCTTCGGAGGTGCGGGAC,PDE1B,862,328,252
PDE1B_CTGTGCGGAGCAAGAAGCAA,PDE1B,829,56,130
PDE1B_CCGAGCCCTGGTCATTGAGA,PDE1B,1344,339,340
PDE1C_CCTCCTCTATAAGACAGGAG,PDE1C,249,166,229
PDE1C_TCCTGCAGGATGTGGACAAG,PDE1C,2313,458,338
PDE1C_CGTGAACGATGCTCTTGAAC,PDE1C,1523,297,491
PDE1C_AAATCTGGCTTCGGCTCCGC,PDE1C,319,0,30
PDE1C_AGCTGATGAATTGCCACAGC,PDE1C,1146,644,596
PDE1C_TCACGAGAGAAGCGGGCCAG,PDE1C,1364,170,152
PDE2A_GGTCATGCCGCTAGCGGACA,PDE2A,314,111,217
PDE2A_CCACTGGCTCCTGATACCCA,PDE2A,865,543,542
PDE2A_GACAGAGCCCAGACTCAGCA,PDE2A,10,87,258
PDE2A_GGGTCCTGGCTCCTTTGCAA,PDE2A,260,103,173
PDE2A_TGTTGTCCAATTCCTCAGGC,PDE2A,1265,243,425
PDE2A_CACTATACTCACGGCTCAGC,PDE2A,295,149,98
PDE3A_GAGACTGAAGAGCAGCGCCG,PDE3A,168,60,47
PDE3A_CAGAATGGGACCACAAACGA,PDE3A,2182,576,833
PDE3A_GGACATCGCCGTCATGGGCG,PDE3A,1040,617,369
PDE3A_GAAACTCGTCTCAACAAGCC,PDE3A,208,48,136
PDE3A_ACTCGGACACCAAGTAGAAC,PDE3A,1338,386,508
PDE3A_ACCTCTTGTCATGGATAACC,PDE3A,273,97,174
PDE3B_CCCACCAGACGAAGCTGGCC,PDE3B,391,686,329
PDE3B_GCTACTAATACTCCGTAGAG,PDE3B,554,127,100
PDE3B_CACCTTGAAGACTGTTCAAC,PDE3B,658,379,411
PDE3B_TACTGACTATCCCGAAGCAA,PDE3B,540,295,552
PDE3B_GGCTTACAGCAGATCCACAA,PDE3B,787,383,435
PDE3B_ATGATTATGATCACCCAGGG,PDE3B,200,175,113
PDE4A_GCTAGGTTGGCGAGATGAAG,PDE4A,1076,135,172
PDE4A_ACCGCGGATTTCCATCACCA,PDE4A,1795,431,250
PDE4A_AGAGACAGGCTCCTTTCCGA,PDE4A,342,116,163
PDE4A_GACGGGCTGGCGAAGAAGAC,PDE4A,552,227,297
PDE4A_CTCCGGGCAGATCTGTCAGG,PDE4A,797,244,184
PDE4A_GAACTCATCGGTCACCAGCG,PDE4A,1155,267,126
PDE4B_CAAAGGCAGTGTGGTCGGCC,PDE4B,953,327,196
PDE4B_GGATCCAGTGGACTCCGACC,PDE4B,186,88,10
PDE4B_TCACACTTCGCAAGCTGGCA,PDE4B,1277,208,433
PDE4B_AGTAGCACCGGAATCAGCGG,PDE4B,106,142,224
PDE4B_GATGAGCCGATCAGGGAACC,PDE4B,11,232,185
PDE4B_AGCTTATACACACCTTGGCC,PDE4B,400,122,282
PDE4C_AGTTGGAGACGCTGCAGACC,PDE4C,1055,472,284
PDE4C_CTGGATGAAGGGTTTCCGAC,PDE4C,1341,403,479
PDE4C_TAGGCATTGCTGGCGGGCAA,PDE4C,211,80,77
PDE4C_GATTGTGACGCCCTTTGCCC,PDE4C,314,120,191
PDE4C_GAGCCTGCATAATCCGGCCC,PDE4C,0,42,0
PDE4C_ACTTCCTGAGCTCCGGCCGC,PDE4C,12,0,12
PDE4D_TCCCTGTCTCTTCGCAGAGG,PDE4D,1244,293,287
PDE4D_GCTGTCGGATCGATACAGGA,PDE4D,341,268,458
PDE4D_TTGGGATCCTCTGGGAGCCA,PDE4D,436,507,479
PDE4D_CAAGGTCTTCGTTCAGCCAC,PDE4D,1022,119,93
PDE4D_ATCCTGGATTTCTTCAGGCC,PDE4D,598,112,614
PDE4D_ATCACTTCTGCAGAATCCAG,PDE4D,305,32,110
PDE4DIP_AGAGCTACCTGTTGCTGAGC,PDE4DIP,833,59,174
PDE4DIP_AGGCTTGGCTCCAGGTAGGC,PDE4DIP,434,106,147
PDE4DIP_ATTTGCGGAATCCCTGACAG,PDE4DIP,1047,55,106
PDE4DIP_CAGTCACAGATCTGGAGAAG,PDE4DIP,1991,104,88
PDE4DIP_AGCCAAAGTCGCATCGGCGG,PDE4DIP,158,40,92
PDE5A_GCAGGCCCTTGCAGAACAGC,PDE5A,831,211,124
PDE5A_TTTCTGCAGCCATCTAGCAA,PDE5A,1353,316,533
PDE5A_TACCCGTTGTTGAATAGGCC,PDE5A,443,134,179
PDE5A_CCAGGTTGTTGGTGTAGCCC,PDE5A,985,403,433
PDE5A_ACCATCCCTGTGTGCAAGGA,PDE5A,792,285,485
PDE5A_CTGTCGCTGCTGCCCGAAGC,PDE5A,1443,237,208
PDE6A_TGGGAAGCCCTTTGATGAAA,PDE6A,1365,536,533
PDE6A_CATCATGAATGCGCCTGCGG,PDE6A,457,247,181
PDE6A_GGAACTTCACCCATCAGAAC,PDE6A,1414,539,637
PDE6A_CTTAGACATGACCAAGCAGA,PDE6A,185,56,130
PDE6A_CACAACTGTGAAACTCGACG,PDE6A,1121,301,364
PDE6A_TGCGGGTCCGGTACATGAAC,PDE6A,1733,840,1035
PDE6B_GAGCATCAACATGGAGCGCG,PDE6B,1114,572,126
PDE6B_TCGTCTTCGCTGGTGAAGAA,PDE6B,1163,733,657
PDE6B_CACAACTGCGAGACGCGCCG,PDE6B,1752,801,1274
PDE6B_CATCGAGAGGCAGTTCCACA,PDE6B,1180,208,243
PDE6B_CCTTGATCTCCTCCTTGCCG,PDE6B,1472,468,220
PDE6B_CGGGAAGCCCTTTGACGAAC,PDE6B,3131,1459,1927
PDE6C_AACTTGGTTGATCTCACCCA,PDE6C,563,117,103
PDE6C_CCCGATCGTGGTGGGCAAGG,PDE6C,521,921,1193
PDE6C_TATTGAATCCCGAAGAAGCC,PDE6C,368,20,43
PDE6C_TGGACTGCTGGACATGACCA,PDE6C,722,264,262
PDE6C_TCCAAAGACACCTGATGGCA,PDE6C,2475,362,553
PDE6C_ACCCACTAATGAGTGTCCAG,PDE6C,1317,82,103
PDE6D_ACCTTCGGGATGCTGAGACA,PDE6D,849,219,215
PDE6D_AGCCAAGGACGAGCGGGCCA,PDE6D,806,307,141
PDE6D_CATGTCAGCCAAGGACGAGC,PDE6D,1,1,19
PDE6D_CCGCCGCATCATGTCAGCCA,PDE6D,2376,684,500
PDE6G_AATTTAAGCAGCGACAGACC,PDE6G,454,48,239
PDE6G_TGAGTTCCGGTCAGCCACCA,PDE6G,2233,332,360
PDE6G_CTGAGTTCCGGTCAGCCACC,PDE6G,1316,250,463
PDE6G_ACTACTCACCAAGTGCAGGG,PDE6G,960,127,71
PDE6H_CGAGCTCATGCAATTCCAGG,PDE6H,475,572,540
PDE7A_TCAGTGTGACGATCGCAAAG,PDE7A,404,448,544
PDE7A_TTTGTAACCCATGTCGGACG,PDE7A,957,246,460
PDE7A_CACATCTGCCATTAGAAAGC,PDE7A,799,261,100
PDE7A_CCTGAGTAACATCCGCAGCG,PDE7A,467,457,419
PDE7A_TGGCCTTGGTTCTTATCAAG,PDE7A,1741,113,121
PDE7A_ATTACCTGAGAGAGCTGCCG,PDE7A,58,66,9
PDE7B_AAGACTACCTTGGACAAGCA,PDE7B,1126,285,347
PDE7B_TGAGTCCATGGGTATTGAAG,PDE7B,1050,512,476
PDE7B_TCACGCAGCCGACGTCACCC,PDE7B,1342,162,261
PDE7B_CACACGATGTGGACCACCCA,PDE7B,1497,526,439
PDE7B_GACTGGAGGATGCACAGGAC,PDE7B,285,92,138
PDE7B_GGGTGCTGTTACCCGTGAAA,PDE7B,294,249,420
PDE8A_TCGCGACGGCAGCGGCAAGA,PDE8A,1037,534,662
PDE8A_CCACAGAAATCCTCGACAGC,PDE8A,1315,261,570
PDE8A_GCACCTCTCCAAACTCCAGC,PDE8A,447,77,33
PDE8A_GGCCCACTCCCACTTCAACA,PDE8A,1950,674,802
PDE8A_TACCTGTCATTGGACAGGGA,PDE8A,361,73,28
PDE8A_CTCACCTTCAGTTGCACGGG,PDE8A,2660,474,552
PDE8B_CGGCGTCGGTCTGGACGAAG,PDE8B,1609,845,928
PDE8B_CGGGCCCATGAGACTGACGC,PDE8B,1372,440,591
PDE8B_AAGGAAGATAGTCAGAGCGA,PDE8B,140,147,62
PDE8B_AGGATCACCGTGTGCTCGGA,PDE8B,230,39,88
PDE8B_TTCTCCACGCAGGCTTCAAC,PDE8B,1264,637,625
PDE8B_CTTTCCATACCTGAATCACG,PDE8B,772,369,407
PDE9A_CATCGATGGACGCATTCAGA,PDE9A,398,255,382
PDE9A_GGCCGGTGGCGATGCAGAAC,PDE9A,1523,925,898
PDE9A_TGGCGTCGTCGGTGGTCAGC,PDE9A,424,174,224
PDE9A_CGTTACCTGGAGGGATGCGC,PDE9A,1066,97,236
PDE9A_AATCCAGAGCGTGCTGGCGC,PDE9A,630,375,157
PDE9A_GGCTGTCCTAGAGAAACGCG,PDE9A,317,226,369
PDF_CCGCATCATCCAGCACGAGA,PDF,456,341,536
PDF_TGTAACTTCCTTTGCAGGGC,PDF,660,319,237
PDF_CCGCCTGGTCACCTTTCCCG,PDF,2427,332,340
PDF_GCTGTCAAGCACTCGCAGGC,PDF,715,90,198
PDF_TGCGAGAACGGCGGTTCGGG,PDF,474,54,35
PDF_AATAGGAGCGCCGCAGCGCC,PDF,1,42,36
PDGFA_GAATCCGGATTATCGGGAAG,PDGFA,605,115,133
PDGFA_CGCTGTCTGCAAGACCAGGA,PDGFA,1174,454,759
PDGFA_TCTCTTCCTCCGAATGGGCA,PDGFA,503,183,112
PDGFA_AGCCTCTCGATCACCTCGCG,PDGFA,1270,418,345
PDGFA_CCTCGGCCAGAACATGGGCG,PDGFA,644,154,82
PDGFA_CCTCGCCCATGTTCTGGCCG,PDGFA,1703,410,572
PDGFB_AACTCGGGTGACCATTCGGA,PDGFB,542,129,6
PDGFB_TAAGAAGGCCACGGTGACGC,PDGFB,550,248,110
PDGFB_TGGTGCGGTCTATGAGGCGC,PDGFB,1293,617,222
PDGFB_GATCATGGCCGGCTCAGCAA,PDGFB,263,43,31
PDGFB_GGCTCGTGGAAGAAGGAGCC,PDGFB,0,94,51
PDGFB_CATCAAAGGAGCGGATCGAG,PDGFB,882,234,364
PDGFC_GCACAAATCACTCACCGACG,PDGFC,1169,688,541
PDGFC_CGTTTAACCAGGAGACAACC,PDGFC,1065,403,539
PDGFC_GGATCTGAACCTTCTAACAG,PDGFC,588,222,176
PDGFC_AACTTGGCAACTTCTTGGCA,PDGFC,492,294,599
PDGFC_ATGGAACTATATTAGGGCGC,PDGFC,461,110,35
PDGFC_CTATATCCAAGCATCTGGAC,PDGFC,1360,214,602
PDGFD_CGCTGCACGAGGAGGCAACG,PDGFD,3915,1698,1650
PDGFD_CAGAGCATCCGCAATCAGAG,PDGFD,1451,535,595
PDGFD_CAGCAGCTTCAGAGACCAAC,PDGFD,2298,595,537
PDGFD_GACTACTTTGTGGCTAAACC,PDGFD,1429,475,712
PDGFD_CGTAGCCGTTTCCTTTCACC,PDGFD,448,448,408
PDGFD_GAGTGTAGACAAAGATGAGC,PDGFD,79,28,133
PDGFRA_CTAAGACCAGGAACGCCGGA,PDGFRA,1151,79,63
PDGFRA_GGATAGAGGGTAATGAAAGC,PDGFRA,664,46,140
PDGFRA_TGTCTGCTGTCGTAGGAGGC,PDGFRA,920,175,212
PDGFRA_GACCTTCAATGGACTTACCC,PDGFRA,407,28,11
PDGFRA_TTACGAATGTGCTGCCCGCC,PDGFRA,643,109,177
PDGFRA_GACTTGGTCGATGATCACCA,PDGFRA,474,136,135
PDGFRB_CGCGCAACGTGTCGGAGACC,PDGFRB,785,489,562
PDGFRB_CCCAAGGCACACACCAACCA,PDGFRB,4146,687,636
PDGFRB_CATTGTGATCGGGAATGAGG,PDGFRB,970,39,12
PDGFRB_TGACACTGCACGAGAAGAAA,PDGFRB,1084,169,289
PDGFRB_CACCGGAGCTGAACCCGAGC,PDGFRB,841,213,183
PDGFRB_CATCGCACCCGGAAGCCGCA,PDGFRB,653,223,206
PDGFRL_TCTGCTGGTGCACGAAGCGC,PDGFRL,1054,619,671
PDGFRL_TAAAGGTGTCCAGATACGCA,PDGFRL,1145,125,191
PDGFRL_AACTCCACCTCGGCAGACAC,PDGFRL,513,164,169
PDGFRL_CGATGTTGTCTACTTGAACC,PDGFRL,1237,478,760
PDGFRL_ATGTGGAGGTGGAGTTCACC,PDGFRL,335,25,55
PDGFRL_ACTTGGAGGTTGATCCACAG,PDGFRL,407,411,775
PDHA1_GCCAGACAGCACGCGGGAGA,PDHA1,1018,460,288
PDHA1_GACCTTCACCGGCTGGAAGA,PDHA1,524,528,378
PDHA1_CTCTGCGAGAATTTCTCGGA,PDHA1,323,166,149
PDHA1_CAATGGCATCGTGGGAGCGC,PDHA1,1402,301,853
PDHA1_TGCCTGACTTTATATGGCGA,PDHA1,1322,436,214
PDHA1_GGGAACGTCTGTTGAGAGAG,PDHA1,342,200,428
PDHA2_CAGTGCTCACTAGGGCGGAG,PDHA2,1168,1056,477
PDHA2_GATGCTGACTGTTCGCCGCA,PDHA2,619,88,175
PDHA2_GATGTAATGACGTGATCCGA,PDHA2,13,38,167
PDHA2_CAATGGCATCGTCGGTGCAC,PDHA2,1119,606,592
PDHB_GCACCAGTGACACGAACAGC,PDHB,1375,49,90
PDHB_GCTTCTAAGCAGTGGCCCAC,PDHB,8,0,60
PDHB_GCTTCCGGAGGAAATTCAAA,PDHB,471,129,82
PDHB_GGACTGACCACCTTTAAGCC,PDHB,1118,374,412
PDHB_AGGTCTCCGGGCTGCTGAAG,PDHB,1042,253,310
PDHB_CTGCTGCCTACCTCCCGAAG,PDHB,1288,386,546
PDHX_GAAGCGTAGGGCTGGTGAAG,PDHX,768,279,658
PDHX_CTGTCTCCTACAATGGAAGA,PDHX,1877,423,461
PDHX_GCTAGCCAGGGCACAGCCAC,PDHX,262,38,39
PDHX_TACTGGTGGGATCACAGGCC,PDHX,645,273,212
PDHX_CTCTTCGAATATTGCTGGCG,PDHX,793,697,324
PDHX_TAATGTAAGCTGGGATGGAG,PDHX,406,152,155
PDIA2_GGTGGTCACGCTGGCCAAGG,PDIA2,379,101,97
PDIA2_GCAATGCCCTCAGCGTCCCG,PDIA2,164,123,304
PDIA2_CCAAACTGCTGAAAGAGCCG,PDIA2,1198,159,276
PDIA2_GGCTGTTGAACTCCGTGACC,PDIA2,305,0,74
PDIA2_CTGCCAAGATCTTCGCGGCC,PDIA2,558,516,676
PDIA2_AAGGTTGACCAAGCGCAGAG,PDIA2,817,409,473
PDIA3_TCGGCAGAATGGACTCACCA,PDIA3,1393,252,431
PDIA3_GCAGAGGGATCACGTTGAGA,PDIA3,1706,30,255
PDIA4_TCCAGTCCAAGTATGAGCCC,PDIA4,1300,320,363
PDIA4_TCCTGGTATTGCTGGTAGGC,PDIA4,640,287,560
PDIA4_CGCCACCGCAGAAACAGACC,PDIA4,1944,951,465
PDIA4_GAGAAGTCTCCCAGCCCGAC,PDIA4,284,129,93
PDIA4_ATCGATCTTGGCAACAGGAA,PDIA4,1083,366,344
PDIA4_TTAGAACGCGGTCCTTACCA,PDIA4,899,14,248
PDIA5_AGAGATTCTCTCAATGAGCG,PDIA5,869,306,224
PDIA5_TCTCAGGTTACTGTCCACAG,PDIA5,1975,594,490
PDIA5_GAAAGTTGACCTGAGCCCGA,PDIA5,349,550,128
PDIA5_CTTCAGACGGCTCCTGAAGA,PDIA5,1165,321,164
PDIA5_GATGATGCCGCATTTCCAGA,PDIA5,267,14,58
PDIA5_CATTCATCCCGGCCAGCACC,PDIA5,665,27,244
PDIA6_GCGTGCATTGATGGCGGCCA,PDIA6,1040,466,843
PDIA6_TCAACGAGGACATTGCCAAG,PDIA6,933,2059,918
PDIA6_CGCCCACCGTCATAATCCAC,PDIA6,1067,826,369
PDIA6_TCTATAGCCTAGAGCCAGAG,PDIA6,626,321,360
PDIA6_ACTCAGCGCAGCATCTACAA,PDIA6,860,382,261
PDIA6_CTCGGGACACTTTGGAGGCA,PDIA6,815,547,496
PDIK1L_AGAAACCTCGACCTTGAAGA,PDIK1L,725,266,248
PDIK1L_TAGTGCCCAGAACTCACGAA,PDIK1L,545,304,118
PDIK1L_TCATCTGGGCAATGCTGGAA,PDIK1L,1465,358,367
PDILT_GACCAAGTACGTATCCAAGC,PDILT,928,444,438
PDILT_CCTCACTTGTTGAGAGCCGC,PDILT,724,430,135
PDILT_GGATATCGACCTCTGTGACC,PDILT,234,214,194
PDILT_TTTGTTCAACAGCAGCGAGC,PDILT,767,304,700
PDILT_TGGGATCGGCTTTGGCAAAG,PDILT,2530,1072,1182
PDILT_CAGGAACTTGGCGGAAGAGC,PDILT,579,160,234
PDK1_AGCGCGCGTAGAAGTCCACC,PDK1,1087,147,252
PDK1_CCGTTCAATTGGTACAAAGC,PDK1,1717,354,490
PDK1_CCTTGTATTCAATCACACCC,PDK1,1330,324,311
PDK1_ACCAGGACAGCCAATACAAG,PDK1,1351,262,364
PDK1_ACATACCAGAGGCACTGCGC,PDK1,1513,379,420
PDK1_CAGGCAGCTTTGTTATACAC,PDK1,1178,185,347
PDK2_TCAGCACTCGGTCGGGAAGC,PDK2,1257,71,371
PDK2_GGAACTCCATGATGTCCAGG,PDK2,227,5,5
PDK2_CCCTGGTCACCATCCGGAAC,PDK2,1309,694,770
PDK2_CCGATGTGTTTGGGATGGGC,PDK2,204,147,341
PDK2_TCTCTCAGATGCCTACGACA,PDK2,826,116,52
PDK2_CTCCAAACAGCCGATTCACA,PDK2,1040,117,296
PDK3_CGAGGATGCGGCTGTTCCGG,PDK3,1164,337,165
PDK3_CGCTCGATCTGCTTGGGCAC,PDK3,2192,888,790
PDK3_AAAGGAACTTCCTGTGCGGC,PDK3,286,535,379
PDK3_ATTGTGTTAGCCAGCCGCAC,PDK3,516,83,163
PDK3_CACATCCGCCACGTTACAGG,PDK3,2690,1357,764
PDK3_CCAATCATCGGCTTCAGGCG,PDK3,1784,190,216
PDK4_ATGACTGGTGTATCCCAAGC,PDK4,461,432,396
PDK4_AACGTCTCTCTTCTCTAGGC,PDK4,674,84,230
PDK4_ACCTCTATTGGTGTAAGGGA,PDK4,358,143,228
PDK4_GCGGGCAACAGTTGAACACC,PDK4,230,44,125
PDK4_CAGCGCTGCGCAGCACGAAG,PDK4,1401,229,116
PDK4_AGCGCTGCGCAGCACGAAGC,PDK4,469,162,206
PDLIM1_GGCACCAACCTGAAACAGAA,PDLIM1,447,197,105
PDLIM1_AGTCAAAGACTGCTGCCAGC,PDLIM1,0,38,102
PDLIM1_ACGTTTCCATAGGCTTCACC,PDLIM1,469,56,40
PDLIM1_AGTCCTTGCCGCCCACGAGG,PDLIM1,776,114,16
PDLIM1_AGATAGACCTCCAGGGCCCG,PDLIM1,581,356,214
PDLIM2_AGAGTCGGGTAGACGGCAGC,PDLIM2,263,48,24
PDLIM2_CTCAGGTATGGCGTTGACGG,PDLIM2,2310,643,714
PDLIM2_ACATAATCGTGGCCATCAAC,PDLIM2,1298,384,193
PDLIM2_ACGTCTCCAGGGCAGACCAA,PDLIM2,590,313,594
PDLIM2_CTGTCCTACTCAGGCCGCCC,PDLIM2,256,279,351
PDLIM2_CTTCCGAGTCCTCGTCCAGG,PDLIM2,284,159,100
PDLIM3_AGTCCATGGCGGTTCAGGCG,PDLIM3,1444,488,806
PDLIM3_CTGAAGGAGCCCGACTGGCG,PDLIM3,1353,494,331
PDLIM3_ACTGCCACAGTCAATCCCGG,PDLIM3,1060,162,187
PDLIM3_CTCATGCTGATGCGCAGGAC,PDLIM3,978,590,817
PDLIM3_AAGAATGCCGACACCTACCC,PDLIM3,286,62,37
PDLIM3_CCAGCCTTTGGTCATCACCA,PDLIM3,2890,835,756
PDLIM4_CCCATTCCGTGACCCTGCGC,PDLIM4,2878,264,334
PDLIM4_ACCTCACACTGTCTGTGAGC,PDLIM4,856,104,307
PDLIM4_TAGGCCTCTCTCTAATAGGA,PDLIM4,403,34,48
PDLIM4_GGCATGCTAGAGGCCGGCGA,PDLIM4,258,165,218
PDLIM4_CGGTTACTCACACGATGCCG,PDLIM4,1269,330,279
PDLIM4_AAGGTGGAACTCGTCTGAGC,PDLIM4,572,218,204
PDLIM5_AGATGGCGGCAAGGCAGCCC,PDLIM5,82,207,90
PDLIM5_TGAGCCGGTTCCTGTTCAAA,PDLIM5,2636,793,611
PDLIM5_CATGTGATGAGGTGGTCGCA,PDLIM5,460,356,284
PDLIM5_CAAGACCGTATGTACAGCCC,PDLIM5,1877,369,536
PDLIM5_TTGGGACTAAAGACGTGAAG,PDLIM5,986,274,224
PDLIM5_TCTTTCAGGAGTGTAGAGCC,PDLIM5,345,119,195
PDLIM7_CGAGCCCACTCCCTCTCACC,PDLIM7,755,292,333
PDLIM7_ACGACTGCACGTTGAGCACG,PDLIM7,2383,469,878
PDLIM7_GCGGCTGATGGAGAACACAG,PDLIM7,2076,226,217
PDLIM7_GGTGCAAAGGTGTACCGCGG,PDLIM7,432,23,138
PDLIM7_GGTTCAGAGCAAACCGCAGA,PDLIM7,634,33,26
PDLIM7_ACCTAGGCTCACCCGGGAAA,PDLIM7,1689,371,154
PDP1_CCTACCAATTCGTCTGGGCC,PDP1,1223,195,366
PDP1_AACTGGTGGCAGTACACCCA,PDP1,547,0,50
PDP1_GGTGGCAGTACACCCAAGGA,PDP1,331,42,276
PDP1_CAAATGCACCCATTGAGGAC,PDP1,857,194,235
PDP1_CATCCCTCTGGTCTGCAAGC,PDP1,494,214,552
PDP2_CTGCATTGGCTCAAGCACCC,PDP2,1084,422,338
PDP2_CTTGGTGTCCAAGAGGACAA,PDP2,693,72,213
PDP2_CAGCGCAGCATTCTGGAGAG,PDP2,1252,315,220
PDP2_GAAAGCCAGCGGGCTCCACG,PDP2,150,18,25
PDP2_GGCGATGCTGACATTGCCAG,PDP2,672,96,89
PDP2_ATCGGTGCATATTACAAGGG,PDP2,1004,98,201
PDPK1_GGACTCGAACTCCTTTGAAC,PDPK1,1265,79,112
PDPK1_GGGCCCAGTGGATAAGCGGA,PDPK1,186,0,0
PDPK1_GGTCGAAGTTCTTGTGACCA,PDPK1,233,49,87
PDPK1_CCACTTGTGTGCGTTCCCGC,PDPK1,1310,22,70
PDPK1_GCAGCGATACCAGAGCCACC,PDPK1,379,68,61
PDPN_CGAGCAGCAAGATTCTGAGC,PDPN,1054,565,386
PDPN_CAGGAGAGCAACAACTCAAC,PDPN,279,348,541
PDPN_ACCACATCATCTTCGGCACC,PDPN,399,177,151
PDPN_TGGTTTGTCAACAGTGACCC,PDPN,935,240,240
PDPR_GACTCTCGTCCACATTCCAG,PDPR,394,0,11
PDPR_GACAGCAGATTTCATCAACC,PDPR,550,103,150
PDPR_GCGCTTCTGGGTGAAGAGGG,PDPR,553,161,37
PDPR_TTCGGCGCTTCTGGGTGAAG,PDPR,1370,204,46
PDPR_GAAGCGCCGAAAGGATGACA,PDPR,279,147,20
PDRG1_TAAGCTCATCCTGGTTGAGG,PDRG1,1209,166,48
PDRG1_ATCTTCTCTCCTAGGCAAAC,PDRG1,760,286,329
PDRG1_AGAAGTGGAGGAGCTCGCCG,PDRG1,1707,0,14
PDRG1_GGGCGCTATGCTATCACCCG,PDRG1,422,0,0
PDS5A_TCTTGGATTCATCTGGAGAC,PDS5A,377,64,55
PDS5A_TGTCTCTGCAGAGTGGAACG,PDS5A,75,40,7
PDS5A_TCTCATCATCGCCGAGAACC,PDS5A,389,196,131
PDS5A_GCTGATCATTTACTAAGGCC,PDS5A,114,6,13
PDS5A_GAATCACCCAGATTTAGCGA,PDS5A,405,31,164
PDS5A_TGTGGCGTCGTGAGTGCCGA,PDS5A,419,87,46
PDS5B_TTGCTACTCACCTTATGAGC,PDS5B,741,85,165
PDS5B_TTTGGCAGTGCTACTTGGGC,PDS5B,840,145,153
PDS5B_CAGGATGGTTCATGAGACAA,PDS5B,1506,141,515
PDS5B_GATTCGGTATCTATGTGCAC,PDS5B,782,62,65
PDS5B_GGCATATTTGGCTTGACGGG,PDS5B,569,95,49
PDS5B_GAGCCTAGATCCAAGCAACC,PDS5B,486,111,191
PDSS1_CACCTCGTGTTCTGACCAGA,PDSS1,339,342,310
PDSS1_GCCCATCTGGTCAGAACACG,PDSS1,2258,430,744
PDSS1_CTGAAGCTCGGGTTAGCCAC,PDSS1,704,99,100
PDSS2_TGTTTCCATGGTAACGACAC,PDSS2,755,131,110
PDSS2_ATTGACCTGTGTCGTTACCA,PDSS2,351,89,33
PDSS2_AGCTCTGCTACAGAACACCA,PDSS2,496,171,135
PDSS2_ACCTGGCTGTGGTAAGCAGA,PDSS2,1456,75,166
PDSS2_CGTCGCTCAGCAGGCAGCGA,PDSS2,768,157,103
PDSS2_GCGAAGGCTCATGAAGGACG,PDSS2,897,235,563
PDX1_CCATGTACAGGCACGCAGGG,PDX1,1921,309,307
PDX1_TGGTGAAGGTGCGCCACCGC,PDX1,1235,505,198
PDX1_TTGGGCTCCTCCAGGACGCC,PDX1,491,148,307
PDX1_ACCAAAGCTCACGCGTGGAA,PDX1,196,127,644
PDX1_GAGGACAAGAAGCGCGGCGG,PDX1,676,189,241
PDX1_TGTGGCGACGCGCTAAGGCC,PDX1,570,235,266
PDXDC1_TGGAGCGTACAGCACAGCAC,PDXDC1,682,184,195
PDXDC1_GCTTGAACTCTTCACGCAAC,PDXDC1,252,596,266
PDXDC1_GAGCTGCCTTTATGTCGGCA,PDXDC1,261,98,147
PDXDC1_TGAAGAACGGCTTCTGGAAG,PDXDC1,1257,386,442
PDXDC1_TGCTTGGTGCGACTGCCCGA,PDXDC1,174,38,26
PDXDC1_CAGACCGAGGCCTTCCAGAA,PDXDC1,1128,534,501
PDXK_TCCGCGGCTACGTGGGCAAC,PDXK,1360,548,459
PDXK_AAACGGAGATGCCAGCCCAG,PDXK,561,461,454
PDXK_TCAGCACTTGGCCCTTCCAG,PDXK,438,145,89
PDXK_CAATGTCCACCACCATGGCC,PDXK,515,310,136
PDXK_ATCCAGTCTTGGGTGACAAG,PDXK,1410,19,218
PDXK_TGACTTACTCGGCCTCAAAC,PDXK,729,261,358
PDXP_CTCGTCGTAGCCCACAAGCA,PDXP,2579,686,1164
PDXP_CCATGGCACCCGCTGAGCGA,PDXP,2808,472,332
PDXP_CGCCATTCCCGCGCTCACCA,PDXP,1684,827,1127
PDYN_AGGGATGCCCAGCTGAACGA,PDYN,838,503,407
PDYN_CCTTGGGCTCAATGACAAGG,PDYN,1277,506,500
PDYN_CACCCTTGGGCTCAATGACA,PDYN,1061,471,871
PDYN_CTTGTGTGCTGTAAAGACCC,PDYN,1106,109,69
PDYN_CACACAAGGAGCACCGCGAC,PDYN,674,154,255
PDYN_GGCAGTCCGCTGTGGTGGAG,PDYN,1109,227,357
PDZD11_CTTGCAGAGGGTACACCACC,PDZD11,1342,311,398
PDZD2_CTGTACTGTGTACCTCACCA,PDZD2,1781,664,1068
PDZD2_CCCAGATTCTCTCAAGGAGG,PDZD2,1139,498,218
PDZD2_AGTTGGCCGAATATGGAAGA,PDZD2,1308,264,284
PDZD2_TCCCGTGGCGGAGCGAAGAA,PDZD2,872,665,330
PDZD2_GGACACATCTTCTACCGAGC,PDZD2,342,61,241
PDZD2_TGCGGTGCTGAGGAATCCAA,PDZD2,633,235,110
PDZD3_CTTCCTGAAGACCCTGGCGC,PDZD3,332,52,512
PDZD3_CTTTCACTATGTGGCACAGC,PDZD3,403,330,440
PDZD3_TCACTCACAACCAACTCACC,PDZD3,247,177,107
PDZD3_AAGGGCCTTGACGGTCGCCC,PDZD3,68,78,27
PDZD3_GGCGGACCGCTTCTTCAGCA,PDZD3,1012,234,404
PDZD3_ACCTGGGAGATGAAGAGACG,PDZD3,915,236,139
PDZD4_AAAGGTGGAAGGACAGCGAC,PDZD4,1159,285,78
PDZD4_CGGTGTAGACGTCCAGAACC,PDZD4,1091,510,840
PDZD4_CACGGACGACGAGGAGGACC,PDZD4,514,333,140
PDZD4_CCGCCCTCCATAAACTCCGC,PDZD4,2320,562,788
PDZD4_CTTCGAGCATATCATGGCGC,PDZD4,671,618,343
PDZD4_TATGTGCGTGGTCCAGAAAC,PDZD4,1162,223,186
PDZD7_CGCTGCACCAGGTCTCCACC,PDZD7,214,104,411
PDZD7_TCTCCTCGGCCAGCCCACCA,PDZD7,1106,384,809
PDZD7_ACTTGGACACATAGATGCCC,PDZD7,27,169,106
PDZD7_GCCGAACCATCATGTGCAGG,PDZD7,311,74,10
PDZD7_CTTTGCTGACGAAGATGCCC,PDZD7,1142,43,52
PDZD7_AATCCGAGCCTCATCGCCCA,PDZD7,812,55,156
PDZD8_AGACAACGAAGGCAGTGACA,PDZD8,1786,240,288
PDZD8_ATGCCAATCGGGTTATGAAG,PDZD8,559,77,237
PDZD8_TGCAATTGCAGATCTTCAGC,PDZD8,750,33,134
PDZD8_TGAAGATCTGCAATTGCAGC,PDZD8,519,125,302
PDZD8_TGACGATGATGGAGGTGAGC,PDZD8,1297,87,193
PDZD8_GCACCTCGAAGTCGATCAGC,PDZD8,741,17,110
PDZD9_TGAAGAGGGTAAAGCCCAAC,PDZD9,824,117,184
PDZD9_GGGTGATGCACAGTTGACCA,PDZD9,460,103,434
PDZD9_AGGCCAAATTCCCAGTAACA,PDZD9,2098,813,557
PDZD9_AACGACGGGAAACTCCAGCC,PDZD9,220,132,194
PDZD9_GGCCTCATCATCATCCAGCA,PDZD9,1078,877,641
PDZD9_ACCTCCCGGGACCATGCAGA,PDZD9,1267,119,221
PDZK1_CTTCTTCCTGCGAATTGAGA,PDZK1,814,170,198
PDZK1_CGAATTGAGAAGGACACCGA,PDZK1,1670,215,173
PDZK1_TCTCAACCACCCGGACCAGG,PDZK1,614,187,121
PDZK1IP1_TGCCTATGAGAATGTGCCCG,PDZK1IP1,1644,151,237
PDZK1IP1_ACCGTCGGAAACAAGGCAGA,PDZK1IP1,1146,477,342
PDZK1IP1_GATCCTGACCGTCGGAAACA,PDZK1IP1,1301,599,365
PDZK1IP1_CCAGAAGTGGTTGACTGCAA,PDZK1IP1,1203,405,569
PDZK1IP1_AGGCGATTGCAACGAGGACC,PDZK1IP1,572,122,93
PDZK1IP1_GATGCAGGGCCTTATCGCGG,PDZK1IP1,681,85,224
PDZRN3_CCTCTACAGAATGAACAGCC,PDZRN3,160,59,207
PDZRN3_TGGAGACATCCATCAGGAGA,PDZRN3,590,187,101
PDZRN3_GCCTCCATCAGAGTCTCAGC,PDZRN3,280,344,110
PDZRN3_AGTGGGCCTGCAGCCAAGGA,PDZRN3,411,132,69
PDZRN3_AATATTGAATCCCAGGGAGC,PDZRN3,401,169,80
PDZRN3_GGTTGAGCTCTTTGGCCGAC,PDZRN3,270,65,86
PDZRN4_AGCACCCGGTACAGCTCGCC,PDZRN4,292,80,42
PDZRN4_TAGTAGACCAGCCTATGGGA,PDZRN4,780,335,154
PDZRN4_GCTCCATTGGATGTAGAGAA,PDZRN4,536,170,362
PDZRN4_AGACGGCCGGATTCGAGAAG,PDZRN4,1223,208,349
PDZRN4_ACACTCATCGTTAGACAGCA,PDZRN4,2131,421,611
PDZRN4_CACTGCCAATGAGGTGGAGC,PDZRN4,294,58,282
PEA15_TGTTGGTCAGGTCTTGCAGG,PEA15,0,26,144
PEA15_CCATAGTGAGTAGGTCAGGA,PEA15,1080,405,597
PEAR1_TGAGAGTTCCAGCCAGCCGC,PEAR1,313,84,130
PEAR1_CAGCGCCTGCAGTGCTGCCA,PEAR1,322,134,133
PEAR1_ACTGATTGGGTGCCACACAA,PEAR1,1314,790,382
PEAR1_TGGCAGCGGAACTGGCAGGC,PEAR1,1344,354,539
PEAR1_ACCCTCCATACCATCCAGCC,PEAR1,238,227,316
PEAR1_CAGGAATGTCGCTGCCACAA,PEAR1,1667,352,665
PEBP4_TTGCTTCAGGTTCGCCCAGG,PEBP4,680,331,230
PEBP4_AGTCATCTCTCTCCTTCCCA,PEBP4,344,109,93
PEBP4_CATCTGGATCCACCATCACC,PEBP4,256,17,33
PEBP4_AGCCGATAGTCAAGTTCCCG,PEBP4,1680,192,260
PEBP4_AAGAGGGCCTCATGGGCACA,PEBP4,403,151,80
PEBP4_CATGGGTTGGACAATGAGGC,PEBP4,564,187,238
PECR_GACAACTGGCCCAAGGGAGC,PECR,271,185,158
PECR_AGATCATGACAACTGGCCCA,PECR,713,53,90
PECR_GAACACCAATTCGTTTAGCG,PECR,664,236,493
PECR_TTCTTGGTGAACAATGGAGG,PECR,312,185,203
PECR_CTCCAGGAGCTCCTTCACGA,PECR,3381,545,696
PECR_CAAGTGGCCATCGTCACCGG,PECR,721,412,391
PEF1_TTCTCCAGCTCTGTCCCAAA,PEF1,1816,839,708
PEF1_TCGGTGGACTCAGATCACAG,PEF1,1108,565,598
PEF1_TGAGTCCACCGACTGGAACC,PEF1,2300,634,530
PEF1_TATGGCGGTGCAGCTCCCGG,PEF1,486,36,15
PEF1_ATATGGCGGTGCAGCTCCCG,PEF1,26,10,23
PEF1_GGCCAGCTATCCTTACCGGC,PEF1,301,111,266
PEG10_TGAAGACCCTCAGAGGCGAG,PEG10,1036,283,200
PEG10_TGGTACTGGTCAATCAGCGC,PEG10,1017,326,505
PEG10_TGAGGCAACACCAGCGCCCG,PEG10,1092,388,472
PEG10_CCAGGTAGATCCAACCGAGC,PEG10,1794,706,604
PEG10_GGTAGATCCAACCGAGCCGG,PEG10,95,36,1
PEG10_CGCTGACAATTGTCCTGCCA,PEG10,648,203,237
PEG3_GAACGTGCCAGCACCAGCAC,PEG3,82,75,91
PEG3_AGAGAGAACCCTTGTGAAGG,PEG3,429,37,39
PEG3_GGCTGTGACTCGGTAAAGGA,PEG3,328,451,588
PEG3_GGCCCTGCGTCATGTGGGAG,PEG3,1560,235,274
PEG3_GGCCACTCCCACATGACGCA,PEG3,486,501,285
PEG3_GGTACTCACCACTGAAAGAA,PEG3,598,95,104
PELI1_CATCAGTTGGCTGGTGAACA,PELI1,2735,1377,919
PELI1_GCCCACACGGGCTAAACGCA,PELI1,742,71,132
PELI1_CTTGTGATGCATCCACGCAA,PELI1,1120,130,381
PELI1_TAAATCCGTGCTGTAAAGGG,PELI1,1686,224,128
PELI1_TTGTACTCCTCAGGCTGCAA,PELI1,1804,183,311
PELI1_CAAATGGCGATAGAGGAAGG,PELI1,765,333,113
PELI2_GCGCAGTGTTCCTCCTGGCC,PELI2,238,157,123
PELI2_TGCCCTCTACAAGCGGCCCA,PELI2,431,52,2
PELI2_CCTGCAGGATCGTGTGCGAC,PELI2,1184,512,200
PELI2_CTGGTGATGCATCCACGAGG,PELI2,1220,335,179
PELI2_AGAGATCTCGCGCCAGACCC,PELI2,1116,251,305
PELI2_CGGCGTTAATCTCCTGCCGG,PELI2,592,267,309
PELI3_CTGCGCATCTTCACCGGGAG,PELI3,1800,334,408
PELI3_CCCGACATCTACAGCTACAA,PELI3,3393,798,703
PELI3_ACGAGATGCTGTGCTGACCA,PELI3,678,495,334
PELI3_GCCGCATCCTCTGTGACCGC,PELI3,639,141,465
PELI3_TGGAGTCCTGGTGATGCACC,PELI3,924,172,61
PELI3_AAGGCATGGCTAGGCGGCCC,PELI3,44,35,137
PELO_GCCCAACCGCCAGTTCACCC,PELO,1931,133,149
PELO_GCGGCTGTGGTCATGCAGGA,PELO,1061,201,228
PELO_CATGACCCTCACTCGGGCCA,PELO,766,171,195
PELO_GGAGTACTTGTGTCCGGAGG,PELO,416,98,76
PELO_CAGCTTTAGTGTCTGAAAGG,PELO,1902,315,255
PELO_TGGTCAGAAAGTTCGGGAAC,PELO,3003,771,911
PELP1_TTCCTGCACAGGGACGGACA,PELP1,922,311,189
PELP1_GAGCATGAGCCCTAGGCAGC,PELP1,339,0,0
PELP1_CTGTACGAGGGAGCAGAGAC,PELP1,1282,51,62
PELP1_CCCGGAACAGTGCAGGCAGC,PELP1,1273,24,0
PELP1_TTGGCTTCGGAGCATTCAGC,PELP1,232,1,0
PELP1_CACGCCACCACTGGAACCCG,PELP1,3416,272,550
PEMT_TTACTTCGGGATCCTCAAGG,PEMT,751,26,52
PEMT_CCCTGCCCACAGCTTCACGC,PEMT,1362,251,233
PEMT_CAAGACCCGCAAGCTGAGCA,PEMT,1461,468,520
PEMT_GGACCCTTCGCTTACAGGCA,PEMT,1022,594,274
PEMT_CTTACCACATTCCAGTAGAG,PEMT,760,504,754
PEMT_ATCTGGGAACCCGGGAGCCG,PEMT,1930,238,199
PENK_TTTCCTGAAGCGCTTTGCCG,PENK,1236,302,271
PENK_GGTGGATGGACTACCAGAAA,PENK,438,95,71
PENK_GAGCGTAGCCACCACCAGGA,PENK,645,132,225
PENK_TGCGGAAACTCTGTCTCACA,PENK,954,263,466
PENK_CAGCTACCGCCTAGTGCGCC,PENK,334,58,179
PENK_TCTCCTCGCAGTCCATGGCG,PENK,1106,457,528
PEPD_AGTAGCAGTAGTGCTCGAAG,PEPD,255,104,0
PEPD_TGTCCGTGTTGACGCCACGC,PEPD,249,202,385
PEPD_AGCCACTTACCAAAGTGAGG,PEPD,388,113,193
PEPD_CGTCCAGTACGTAGATGAGG,PEPD,1461,542,482
PEPD_TCGATGACACCATAGCAGCC,PEPD,527,329,399
PEPD_TCCATCGTGGTCCTGCAGGG,PEPD,227,118,25
PER1_TCCGCTTCTGTGCCCGCAAC,PER1,1786,485,853
PER1_ATCCATTCGGGTTACGAAGG,PER1,591,169,456
PER1_AATCGTCTACATTTCGGAGC,PER1,46,99,211
PER1_GGACATGTCCACCTATACCC,PER1,684,313,122
PER1_GGCCAGTGCGTACTGCAGCG,PER1,1110,450,386
PER1_GCCAACAGCAATGGTTCAAG,PER1,116,45,69
PER2_GGTAGGGCGTCATGCGGAAG,PER2,1358,244,388
PER2_TCCACTGCACATGCTCCACA,PER2,248,172,445
PER2_CCAGCTGCTGATGTCCAGCG,PER2,1376,459,765
PER2_CGCCCTCAGGAGCGTGAAGC,PER2,1106,235,586
PER2_GAACACAACCCATCTACAAG,PER2,655,301,117
PER2_TTCGTTGGTCTCATGTCCAC,PER2,377,259,202
PER3_CCGCCAATTTCCTCTGCAGA,PER3,1141,785,475
PER3_GGTTTATTGCGTCTCTCCGA,PER3,311,81,62
PER3_CAACAAAGTGAGAAGACGCC,PER3,1376,204,150
PER3_GCTTTGTGAATCCCTGGAGC,PER3,539,73,55
PER3_CTGGACACGCTCACGTGAAC,PER3,1844,560,635
PER3_CATCATTCAAGCCAGTGACG,PER3,1767,264,288
PERP_CAGTCTTACCAGCCAAGGCA,PERP,798,226,382
PERP_GGAGCATTTCCACCACAGCG,PERP,2346,678,644
PES1_TGTTTGACTCAGTGAACGCC,PES1,183,242,78
PES1_ACAGGAGATGTCAGCGCAGG,PES1,1352,66,24
PES1_CACACTCACGTCATGGGAGA,PES1,2326,23,0
PES1_TGAACTCCACAGTGAGCCGG,PES1,644,0,30
PES1_CTTCAGAATGCACAGCCGCC,PES1,153,0,23
PES1_TTCCTCTCCCAGTATGAACG,PES1,534,113,48
PET100_AGATCACTTACCTTCTCAGG,PET100,1139,47,242
PET100_CTGGATTCTTGTATCCGGGA,PET100,856,358,358
PET100_GAGGTTACGGAAGCGGCGGG,PET100,326,186,77
PET112_ACGCTCATTTCATCACAAGC,PET112,394,308,562
PET112_AATATATCCGTGCATCACCC,PET112,26,11,112
PET112_CGACATGTCCTGTGGAGAAG,PET112,1645,519,727
PET112_ATCCAGTTGGAGCAAGACAG,PET112,1301,46,299
PET112_TTATGTGGCAGTTCAGAGCC,PET112,350,277,265
PET112_GGCAAGAACCACCGTCAACC,PET112,759,307,93
PET117_GATGTCTAGGAGCTCGAAGG,PET117,287,90,105
PET117_CTGCTGCTTCACATGTACGC,PET117,2365,688,498
PEX1_TACAGTCAACTCTCTCCACA,PEX1,728,255,249
PEX1_CTTGTTGCAGGACTTAGGAA,PEX1,1674,358,249
PEX1_CGTAGTCAGGATAACTCCAG,PEX1,677,700,229
PEX1_AGCCTTCCATAAGAGGCAGC,PEX1,230,51,0
PEX1_TCCCAATCATCTGCTGAGAG,PEX1,2403,1022,647
PEX1_ACCAGCCTGCATTCTTGAGC,PEX1,892,163,385
PEX10_CTTCGGCACTACCGCTGAGC,PEX10,900,70,51
PEX10_AACGGCTCTCTCCTCCAAGG,PEX10,604,46,22
PEX10_ACACGGAGCTGTAAGGCAGA,PEX10,768,22,87
PEX10_ACCAGGCAACATGTAGCCGC,PEX10,168,145,39
PEX10_TCCTCTCAGGTGCGAGGAAG,PEX10,1319,669,155
PEX10_AAGGACGAGTACTACCGCGG,PEX10,990,153,282
PEX11A_CAAAGAGAAATGGCGAACGA,PEX11A,918,304,624
PEX11A_ACAAAGAGAAATGGCGAACG,PEX11A,1866,1102,983
PEX11A_GACCTACGCTCCTCACCCAG,PEX11A,1330,158,522
PEX11A_CACCAACCAGACCCAGGGCC,PEX11A,1133,219,623
PEX11A_CTGGGTCTGGTTGGTGAAGC,PEX11A,1620,611,493
PEX11A_CCGCTTCACCAACCAGACCC,PEX11A,1582,548,940
PEX11B_CTGCGGCTGTCATGGACGCC,PEX11B,7,61,69
PEX11B_CTGAGCACTGAAGCGGACCC,PEX11B,943,124,184
PEX11B_CTTTCCGTTCGCGGAAGAGA,PEX11B,623,760,414
PEX11B_GCTTTCTTCCAAGGCTCAGG,PEX11B,467,16,28
PEX11B_CACTTCTCCTGATCCACACG,PEX11B,1664,499,475
PEX11B_TAGACAGGATGGAGGACACG,PEX11B,773,381,57
PEX11G_CAGCATGTACCAGGCGGCCC,PEX11G,616,313,249
PEX11G_CTACCTGGTGAAGGGCGCCG,PEX11G,1236,253,262
PEX11G_ACCACCGAGAAGAGTCCACG,PEX11G,1393,312,331
PEX11G_CCCAGGCCACGTGCTCACAG,PEX11G,2828,1645,1283
PEX11G_CTTGCGACTCTTTGATGACC,PEX11G,610,235,405
PEX11G_TCGGCGCTGGAGTCGTACAG,PEX11G,883,513,569
PEX12_AATCGTTTCCAGCGGGAAGA,PEX12,675,286,179
PEX12_ATCGTTTCCAGCGGGAAGAA,PEX12,812,529,690
PEX12_CTGTGCTACCACCTCAAAGA,PEX12,2179,552,732
PEX12_GGAAACTATGGCTGAGCACG,PEX12,1421,51,226
PEX13_GGAATTCGGCGGGTCTCCCA,PEX13,255,19,61
PEX13_CGAATTCCGGGAGCCGGACC,PEX13,1884,203,203
PEX13_TGTCCAGCCACGGCATCGAC,PEX13,203,1211,385
PEX13_GAAGATCATCTACACGGAGG,PEX13,678,99,164
PEX13_GAAGAAATTTCTTTCCGGGC,PEX13,166,6,8
PEX13_CCAATGGAATCAGGTGCAAC,PEX13,1974,488,776
PEX14_AAAGATGGCGTCCTCGGAGC,PEX14,1414,227,326
PEX14_TGTGCTGCCTCGAGAGCCGC,PEX14,396,53,25
PEX14_GCCAGAGCCCACTTGCAACC,PEX14,920,495,778
PEX14_TAGGTCCCGCAGGCTCCCGA,PEX14,2,8,0
PEX14_CCGAGAGGACAGAAAGCAGC,PEX14,802,221,360
PEX14_GGTGGTGGACGTCAAGGGCC,PEX14,0,31,73
PEX16_AGGACTGCTCATGGTTGCCA,PEX16,703,219,75
PEX16_GAGCATCCGCAGTACAGCCC,PEX16,190,45,25
PEX16_TCCCAACCTACTTGGCCAGC,PEX16,980,249,656
PEX16_CAATGACGGGATCCTACGGA,PEX16,67,135,140
PEX16_TGCGAATCGGCGAATCGACC,PEX16,1039,175,416
PEX16_ACTCCTGGTAGCGGAGGCCC,PEX16,406,141,17
PEX19_CTCAATCTTTCGGGCCCACC,PEX19,397,283,361
PEX19_CAAAGTTGAGGCCAGGAGGC,PEX19,2113,542,457
PEX19_AGCCACTGCGGAGTTCGAGA,PEX19,310,69,148
PEX19_GGAACTATTCGACAGTGAAC,PEX19,764,315,209
PEX19_ACTACAGCCTTCCTCAGCGG,PEX19,1564,156,478
PEX2_TTTGTACAATTGGTGGCAGG,PEX2,614,225,269
PEX2_TCAAAGCGAGCTAACAGCCC,PEX2,1423,299,186
PEX26_CGACCTCCTGGTGGTGCACC,PEX26,527,140,304
PEX26_CTGGTAATACTGAAGGACCC,PEX26,561,181,116
PEX26_CTTTGGTGAGGAGCGGCGAC,PEX26,585,405,335
PEX26_TCACCGCAGAGTCCCAAAGC,PEX26,2879,325,409
PEX26_CCAGATCTATCATGACGGCC,PEX26,555,107,365
PEX3_CACCTCCAAGGACCGTGCCC,PEX3,596,27,0
PEX3_AGCTAAAGGCAGGCTGACAC,PEX3,1371,670,630
PEX5_ACCCGCTCATGAAGCTCGCC,PEX5,150,74,196
PEX5_GCCCAGGAGTTTCTTGCAGC,PEX5,151,320,393
PEX5_ATTCCTCAGCCCAGCGGGCA,PEX5,639,84,161
PEX5_TCGTGCGGCAGATTGGCGAA,PEX5,1260,404,947
PEX5_TCTTGTGAACTGGTCAACCC,PEX5,1090,157,433
PEX5_CGCCGCAGCCCTTCTTCAAA,PEX5,2522,1490,1358
PEX5L_CTCCAGGCCAGTCCTTGAAG,PEX5L,2634,883,730
PEX5L_TACCTTCTCACTAGCCGAGA,PEX5L,269,331,174
PEX5L_AGCACGGATGCTGAGCAGAG,PEX5L,1599,703,542
PEX5L_CCAGTAACATCCAATACAGC,PEX5L,1717,556,301
PEX5L_GGCAGATAAGGCTGTTGCCA,PEX5L,408,14,12
PEX5L_AACCGAAGCAGAATGTACCA,PEX5L,2261,304,356
PEX6_ACAGGACTGCAGGCCGGCAA,PEX6,419,323,311
PEX6_ACTGCTAGTTCCTGTCAGCA,PEX6,63,299,299
PEX6_AGCACAGAGTTCAGACACCA,PEX6,972,202,213
PEX6_GGTGTCGGCCAAGTAGGCAC,PEX6,80,82,60
PEX6_TTGCAGGGTAGTCCAGGAAG,PEX6,2268,874,797
PEX6_TGTGACTGAGCTCCGCGGGC,PEX6,85,149,99
PEX7_GAGTGCGGTGTGCGGTGGAG,PEX7,1174,183,206
PEX7_AGAACTCGGCGGCGTAGCCG,PEX7,370,212,110
PEX7_CTCATCACCTGTAGTGGCGA,PEX7,949,285,219
PEX7_CTATAAAGAACACGCTCAGG,PEX7,709,43,55
PEX7_CAAACTACAGTCAACCGCCC,PEX7,703,240,51
PF4V1_GAACAGCATCTCCTGGCGGG,PF4V1,222,304,77
PFAS_CGAACATAGAAGTGAAGGAC,PFAS,1183,138,379
PFAS_TCACCGAGAGCCGGTAGCGC,PFAS,1636,229,217
PFAS_TCAATATACTGGGTGAGGGC,PFAS,815,83,161
PFAS_CTTCAAGGGCCAGCTCCACG,PFAS,2497,482,417
PFAS_GAGACTCACAACTTTCCCAC,PFAS,315,97,169
PFAS_ATGTCCAGTGCACAGGCCGC,PFAS,1326,34,181
PFDN1_TTCTTCAGCTCTAGATCCAC,PFDN1,337,77,89
PFDN1_CTTCAGCTCTAGATCCACGG,PFDN1,1461,15,24
PFDN2_AACTCGTAAGTGCTACCGCA,PFDN2,97,0,0
PFDN2_AGTGATCGATACACTGAAGG,PFDN2,215,0,63
PFDN2_TGGCTTCAACCGCCTTCGGC,PFDN2,92,25,19
PFDN2_GCGAAGATGGCGGAGAACAG,PFDN2,1607,134,14
PFDN4_GCGGTAGTCCAGTCCCAAGA,PFDN4,51,15,7
PFDN5_TTAAGTCGGCCTTCCCAACA,PFDN5,2729,787,916
PFDN5_TCCCGGTCCTCTGTAGGAAG,PFDN5,411,29,40
PFDN5_CGTGCTGAACAAGAGCAACG,PFDN5,4070,242,153
PFDN5_GCGTGCTTCTCCTGAAGAGC,PFDN5,610,5,0
PFDN6_CTTCTGGATCAGCTCCGCCA,PFDN6,423,60,64
PFDN6_CCACGTTGGACCCATCCAGC,PFDN6,413,26,66
PFDN6_AGCTCCTGTTTGACTAGCAC,PFDN6,1274,180,324
PFDN6_AGCGGCAGTCAGAGCAACAG,PFDN6,3223,96,317
PFDN6_GCGGCAGTCAGAGCAACAGA,PFDN6,1160,111,228
PFDN6_CTGAGGACAATCCCAGACCC,PFDN6,2225,445,282
PFKFB1_CACTCTCGCCATGTCGGCAA,PFKFB1,1407,670,720
PFKFB1_CTGTCCAGTTCCTCATCCAA,PFKFB1,300,436,552
PFKFB1_CCAACACTACCAGAGAACGA,PFKFB1,1517,1108,984
PFKFB1_CTATTTCAGGCAGTGCGCCC,PFKFB1,249,182,148
PFKFB1_TTTAGGCCAGTATCGACGAG,PFKFB1,1458,296,237
PFKFB1_GCAGCAGGCTGCAACGGAGA,PFKFB1,324,143,94
PFKFB2_AACTAACACGCTACCTCAAC,PFKFB2,702,291,359
PFKFB2_ACAGTGTGCTCTGGTGGCGC,PFKFB2,1177,84,161
PFKFB2_TTGATGCCACCAATACAACC,PFKFB2,680,352,297
PFKFB2_GACATCAGGATCATCACAGA,PFKFB2,650,210,169
PFKFB2_TCATAGTTGTCTGGGTCAAG,PFKFB2,1560,287,440
PFKFB2_AAAGGTAAATGGTGCGAGGC,PFKFB2,662,137,373
PFKFB3_GGCGCGATGCCCTTCAGGAA,PFKFB3,1088,415,333
PFKFB3_TAAACGTGTCCAGCTGACAG,PFKFB3,1410,182,158
PFKFB3_TCTGGGTGCCCGTGGACCAC,PFKFB3,388,111,119
PFKFB3_GCCCACCATGACGATGACGG,PFKFB3,116,43,10
PFKFB3_AAGCTACCTGGCGAAAGAAG,PFKFB3,356,189,261
PFKFB3_CCACCAATACTACTAGAGAG,PFKFB3,1330,827,709
PFKFB4_GCGAGCTCAACCTCAAGGGC,PFKFB4,363,205,303
PFKFB4_CGAGTCGCTAGATGAGGACC,PFKFB4,285,64,69
PFKFB4_GGTCGCTCTCCGTTCTCGGG,PFKFB4,0,14,0
PFKFB4_GAACCGCCGGACGTCACGGA,PFKFB4,480,95,104
PFKFB4_TGGCCAGTATCGCCGGGACG,PFKFB4,1471,581,370
PFKFB4_GCATCCAGATCTTCTTCAGG,PFKFB4,1243,18,58
PFKL_GGGTCACAGCCATCTCAGCA,PFKL,1077,441,636
PFKL_AGGACTCTCGACCTCTACCC,PFKL,503,74,82
PFKL_AATGTCCCTCTCCAGGAAAC,PFKL,1328,200,250
PFKL_TGTCCGGGCTGTGACGCGCA,PFKL,1054,343,515
PFKL_CGTCTCCAACATCATCCAGC,PFKL,977,284,165
PFKL_GCCTACAACCTGGTCCAGCA,PFKL,765,129,230
PFKM_GACAAAGAAGACACGGGCAC,PFKM,201,18,133
PFKM_TGTGATCTCCACCATCCACC,PFKM,461,86,104
PFKM_TGGTGATCCCACGCTTCACC,PFKM,120,205,240
PFKM_CATTGTCAATTGACCCAACC,PFKM,912,713,698
PFKM_CCTTTGTCGCCGACTCAGCG,PFKM,636,165,285
PFKM_CTCAACCAGACAAGGACCCG,PFKM,2266,705,973
PFKP_TACCCATGCGCACCACGGCA,PFKP,1012,364,488
PFKP_TACCAGGGCATGGTGGACGG,PFKP,1170,277,190
PFKP_AAGCGGTGTGACCAGCAGCC,PFKP,866,316,271
PFKP_GGTTGCAAGCAGCCTTCAGG,PFKP,631,93,26
PFKP_CGTCGACGCCATCATGACCA,PFKP,1832,851,1031
PFKP_TCCCATCACCTCCAGAACGA,PFKP,1889,552,446
PFN1_CTTCGTACCAAGAGCACCGG,PFN1,1237,19,16
PFN1_GATCTTCGTACCAAGAGCAC,PFN1,243,17,0
PFN2_AACTCGCTTTATACCTGAGG,PFN2,448,95,32
PFN2_TGGAGGCGGATTGAATAAGA,PFN2,360,272,130
PFN2_CGTCGATGGTGACTGCACAA,PFN2,2481,1391,1341
PFN2_CGGGAAGGTTTCTTTACCAA,PFN2,1865,163,319
PFN2_CAAATACGTCTGGGCAGCCA,PFN2,1044,182,153
PFN2_ATCCACGTAGCTCTGCCAAC,PFN2,268,129,283
PFN3_CGGTGCACGAACTCATACGC,PFN3,981,444,162
PFN3_CGCGTCGGCCCATTAGCACC,PFN3,1123,542,536
PFN3_CTGGTGCTAATGGGCCGACG,PFN3,803,158,470
PFN3_TGCTGGACGCACGCACCAAG,PFN3,585,215,319
PFN3_TGGCCACGTCGTCGATGCGC,PFN3,1895,511,672
PFN4_ACTAGGAGGCCAACTTACCC,PFN4,424,125,47
PFN4_CCTTTGCAAGCCCGAAGAGA,PFN4,1280,340,197
PFN4_AGCTTGTGTGTAGCATCACC,PFN4,848,214,175
PGA5_AATCAACGGTCGCTCTGAGG,PGA5,1064,227,172
PGAM2_GGAAACGGTGCGGAAGGCCA,PGAM2,1288,163,327
PGAM2_GGTTCAGCTCCATGATCGCC,PGAM2,221,168,178
PGAM2_GAGTGCTCATTGCAGCCCAC,PGAM2,109,54,37
PGAM2_AACAATCTCCTCGTTCCAGA,PGAM2,731,131,68
PGAM2_CATCGAACCAGCCACAGAAA,PGAM2,1607,590,581
PGAM2_CGTGCCGGACCATCACGAGG,PGAM2,2110,448,245
PGAM5_CGCCACGGCCGAGAAGAGCA,PGAM5,562,121,90
PGAM5_CGCACGTTGATCAGAGACAG,PGAM5,2760,789,932
PGAM5_CAGGCATTCCCAGTACCACG,PGAM5,1717,584,589
PGAM5_TGGCGCGCGTCATAGACGAA,PGAM5,1526,354,239
PGAM5_AGTATTACGAAGACGGAGCC,PGAM5,446,231,169
PGAM5_TGCCATTATTGAGGGAGAGC,PGAM5,716,229,249
PGAP1_ACGTGTACTGCCTACTGGAG,PGAP1,854,283,278
PGAP1_AGAGCTTCTGAACTTTGGAC,PGAP1,1193,47,65
PGAP1_ACCTTACTTCCACGAACAGA,PGAP1,467,221,165
PGAP1_GAGGTGGTCTGTTGAGACCC,PGAP1,115,61,22
PGAP1_GAACTGGAATACCCGTCAAA,PGAP1,254,194,174
PGAP1_CTCAGTTAATCTCTGGAACC,PGAP1,4098,1189,1370
PGAP2_TCGCGGCGCTCCAAGGAAGG,PGAP2,1563,339,397
PGAP2_GGTACGGCTCCGCTTCACCA,PGAP2,133,183,351
PGAP2_TGGCCACCGTGTACTCAAAG,PGAP2,1101,520,421
PGAP2_AGCGGGCGATAGCAGGAACA,PGAP2,709,420,522
PGAP2_AGGTGAGGAGCATGTGCCCG,PGAP2,727,125,96
PGAP2_AGGATCGCAAGTCCTACAGC,PGAP2,402,14,34
PGAP3_GCACCCAGGCCTGGTCAACG,PGAP3,2646,429,501
PGAP3_CTACAACCTGGTGGCCAACG,PGAP3,3732,1409,2003
PGAP3_AGGCTCACCTGACGCAGCAC,PGAP3,686,145,274
PGAP3_CTCTTGAAAGAACAGGAACC,PGAP3,1175,217,111
PGAP3_ATACTTACAGTCGTCCCGAC,PGAP3,71,176,187
PGAP3_AGTACGCAGTCGCGGTACAC,PGAP3,152,168,99
PGBD1_AGAAGTGCCGAAAGCGCAGG,PGBD1,688,283,156
PGBD1_CTCTGTCTATATTCAGGGAC,PGBD1,739,216,354
PGBD1_GACCTGACTGGGTTAAACAC,PGBD1,1416,163,169
PGBD1_ACTTCTCTGCAGCAACGGCC,PGBD1,47,28,115
PGBD1_AAGCCTCAGGAAAGCCCAAC,PGBD1,1663,142,201
PGBD1_ACTCTGAAGGACCGTCACCC,PGBD1,914,141,305
PGBD2_GGTGAAGCTGTATCAGGAGA,PGBD2,192,35,124
PGBD2_CTCAAGGGAGGCGAAGCAGG,PGBD2,400,16,0
PGBD2_GCTTCGATATGATTGGGCAC,PGBD2,918,155,267
PGBD2_GGATTATCCATCAGGACAAG,PGBD2,1251,144,286
PGBD2_CGGTGTGAGAAGTGCCAGAA,PGBD2,1445,643,833
PGBD3_AGTAACGACTGACAAGACAC,PGBD3,734,114,1
PGBD3_TCATCATCAATCTCCTGCAC,PGBD3,381,330,179
PGBD3_AAGTGGGATTGCCAAAGGCA,PGBD3,322,176,0
PGBD3_TACCCAGATCCCTCAGAAAC,PGBD3,2093,688,768
PGBD3_TGCCTCCCAGCTCGTTGACG,PGBD3,1218,363,489
PGBD3_GATGTCGGTCGATGTGCAGC,PGBD3,423,116,113
PGBD4_TATGACTTTACCGGCACACC,PGBD4,527,71,85
PGBD4_TCAAAGCCACCGGGTCCGAA,PGBD4,1059,546,431
PGBD4_TATTGTGCAGAAACCTGAGC,PGBD4,333,89,46
PGBD4_TGGAATGCGCTTGTTCACAC,PGBD4,1358,488,645
PGBD4_TTGCTGCTCCCAATACGACA,PGBD4,1593,668,702
PGBD4_TGCTCCCAATACGACAAGGA,PGBD4,1093,188,596
PGBD5_CAAACGCCTCCACGGCCAAG,PGBD5,912,391,242
PGBD5_AGTAGGCGTTGGTCAGGAAG,PGBD5,1392,566,427
PGBD5_CAGGAGCCTGTGCCGGAACG,PGBD5,1104,349,383
PGBD5_TCATTGCCACGTGCACAGAG,PGBD5,1413,721,451
PGBD5_CGTGGTCTGGCTGGAGCGGA,PGBD5,769,58,304
PGBD5_GGGAAACTCAGTGCAGAGCA,PGBD5,526,198,101
PGC_ACCTACCTGTCCTCCCAGAA,PGC,1481,516,475
PGC_CCAGGAGGATGAGTATGGAC,PGC,1167,299,148
PGC_TGGATAGCAGCCTGTACACG,PGC,284,104,144
PGC_CCTCATCCACGGACAGAGCA,PGC,1718,449,187
PGC_ACTGCCATACTGCAGGGAGA,PGC,1454,161,148
PGC_CCAAAGCGGTACTTCCAAGC,PGC,284,133,243
PGD_TTCTGCTCTGTCCGCCGCCA,PGD,1177,296,339
PGD_CGCCGCTTACCACAAAGCCG,PGD,2105,362,434
PGD_TTCCCTCCTGGCATGAGCGA,PGD,2106,206,145
PGD_TTCGTGAAGATGGTGCACAA,PGD,2606,394,544
PGD_GCCGTATTCCAGGGCGGAGA,PGD,272,458,214
PGD_ATTCCTGGAGGACATTCGGA,PGD,253,24,9
PGF_TATTGCAGGAGGAGACCCAA,PGF,428,75,105
PGF_ATGATGGCCAGACAGCGGAC,PGF,62,209,128
PGF_CCATGTTGTTCCGGATGGAG,PGF,1637,350,623
PGF_AACGTCAGCTCCACGTAGGA,PGF,1721,184,472
PGF_GAATCTGCACTGTGTGCCGG,PGF,53,131,121
PGF_ATTCTCATCGCCGCAGCAGC,PGF,500,319,181
PGGT1B_GGAATCCAACATATCCAGCC,PGGT1B,537,0,0
PGK1_AGAGTTCTTCATACCCGCCC,PGK1,206,5,0
PGK2_CTCAAGTTGTGGCTCAAGCA,PGK2,1730,894,850
PGK2_TCCACCAAGTATAGCCAGAA,PGK2,1968,1357,1120
PGK2_ATCAAGTACTGCCTGGACAA,PGK2,1514,254,280
PGLS_GAACACCGAGATGAGGCCCG,PGLS,159,94,49
PGLS_TAGCTTAGCGCGCTGGACGC,PGLS,496,117,94
PGLS_CTACGCCAAGAAGCTGAGAC,PGLS,1101,514,329
PGLS_AGGGTCACACGCTGTGGCGG,PGLS,306,213,365
PGLS_TCTCGAAGGGCACGGTCAGG,PGLS,170,303,30
PGLS_GGAATGCTTCTCGAAGGGCA,PGLS,945,227,192
PGLYRP1_CTATGTGCTCAAAGGACACC,PGLYRP1,850,176,298
PGLYRP1_TAGACCCTGGGCTGCCCGGA,PGLYRP1,407,157,210
PGLYRP1_GCCCATGAAGCTGATGCCAA,PGLYRP1,1175,46,177
PGLYRP1_GAAGACGGGCTCGTATACGA,PGLYRP1,558,54,154
PGLYRP1_GCACTACCACATGAAGACAC,PGLYRP1,968,115,270
PGLYRP1_CTATGTGGTGGTATCGCACA,PGLYRP1,1364,475,504
PGLYRP2_AGGTCGAAGAGCGCGTCGCC,PGLYRP2,90,20,50
PGLYRP2_CGCTACCACCAGGACACGCA,PGLYRP2,1466,530,793
PGLYRP2_AGCAACTTCCGACGGCAGAA,PGLYRP2,754,205,386
PGLYRP2_GGATGACAGAGTCCATGAGC,PGLYRP2,914,253,112
PGLYRP2_TGCTACTGTGGTCAGACCCA,PGLYRP2,2428,563,754
PGLYRP2_GCAATCCGAGTAGGATCCAG,PGLYRP2,465,281,348
PGLYRP3_GCCTCCAAATGCTGCAGCGC,PGLYRP3,329,60,60
PGLYRP3_AGTCCTTTCACATGGACACA,PGLYRP3,403,130,138
PGLYRP3_ATCTCCTATGCCATCCAGAA,PGLYRP3,1075,653,408
PGLYRP3_CATCCAAGGCTTGCACACCC,PGLYRP3,1161,603,675
PGLYRP3_CACCATAGGCTGGTGCGACG,PGLYRP3,264,233,227
PGLYRP3_CCACTCCTTGCGGGAGACGA,PGLYRP3,1648,492,558
PGLYRP4_CCGAACCTTGTCTCCTGGGC,PGLYRP4,943,369,331
PGLYRP4_TGCCCATGAAGGTAATGCCC,PGLYRP4,259,240,299
PGLYRP4_GGATGTCCCGGACCAGCAGG,PGLYRP4,0,5,0
PGLYRP4_AATCACCTATGCTGTCCAGA,PGLYRP4,205,135,145
PGLYRP4_CATCATGTCCACAACAACAG,PGLYRP4,1435,410,490
PGLYRP4_CCACGGTCTCTCGCAAGGCA,PGLYRP4,183,259,2
PGM1_CAGCGATGCGAGCGATGAGC,PGM1,301,62,188
PGM1_GATCAGAAACCAGGAACAAG,PGM1,409,495,236
PGM1_CTGACAGCCAGTCACAACCC,PGM1,1788,871,1154
PGM1_GGGCACCGAGTTCTTCACAG,PGM1,933,279,410
PGM1_CCACGAGTGGTGCTCTGGAC,PGM1,667,546,382
PGM1_GATTTCATGCCTTTGAAGGG,PGM1,545,21,16
PGM2_AGAAGGCAGCGGTCTAGGCG,PGM2,2138,265,258
PGM2_CGAATGGAGTTTGGGACAGC,PGM2,557,504,340
PGM2_ATGGCTACTTACCACAAAGG,PGM2,1047,125,166
PGM2_GCACTCGGATTGTGGAGAAG,PGM2,1713,304,365
PGM2_AAATACCCGAATCCCGAAGA,PGM2,399,298,222
PGM2_AGCCAAACAGCTAATAGACC,PGM2,838,164,163
PGM2L1_TGTGTGCGTCACCTGACCAG,PGM2L1,928,338,201
PGM2L1_AGCTGTTGTGGTTGCTGAGA,PGM2L1,1249,260,299
PGM2L1_ATCTGTGGCTAGCACTACCC,PGM2L1,857,126,253
PGM2L1_AGGGTCTCTCTTCAGCGGGC,PGM2L1,371,135,158
PGM2L1_TACTGCCTCTCACAACCGCA,PGM2L1,0,30,103
PGM2L1_TGCAGGACTTCGTTCTGCCA,PGM2L1,673,225,259
PGM3_GAGCTTGGCAGTATTTCAGC,PGM3,274,50,60
PGM3_GACGACATCTTCTGTACCAG,PGM3,814,38,69
PGM3_CATCTTCTGTACCAGAGGGC,PGM3,275,65,72
PGM3_AATACACCATGTAGTGCAGC,PGM3,2,91,57
PGM3_GACTGCTGGATTTCGAACGA,PGM3,829,43,133
PGM3_TATCTGCCCTGAGTCTGCCC,PGM3,59,36,0
PGM5_GAGAAGAATCTCCATCCAGC,PGM5,374,33,79
PGM5_GACCACCTCCGAGAGAAGGA,PGM5,210,80,83
PGM5_GGCCATCCTTCTCTCGGAGG,PGM5,727,127,126
PGM5_TGGTCACAGTGCCATCCACA,PGM5,1489,468,454
PGM5_TTCCGGCTCAGTTCCTCCAG,PGM5,644,240,221
PGM5_CATGAGAGAACTGGCCGGAG,PGM5,2522,411,682
PGP_CGTCATGGTGGGAGACCGCC,PGP,550,473,363
PGP_CGATGATGTCGGCCTGGCGC,PGP,257,46,126
PGP_CAGCACGTAGGCCTTGGGCG,PGP,1206,386,212
PGP_AGCACGTAGGCCTTGGGCGC,PGP,719,13,340
PGP_GCTTCTCGGCGTAGGCAGCG,PGP,1323,836,1068
PGP_CTTCTCGGCGTAGGCAGCGC,PGP,541,119,251
PGPEP1_TACCTGAACTGCAATCCAAC,PGPEP1,607,176,287
PGPEP1_CACCGAGCCCTGCCATCAGG,PGPEP1,458,67,161
PGPEP1_TGGACTGTTTGGTACTCAAC,PGPEP1,1317,220,243
PGPEP1_GGACACAACAAGGGCTACAA,PGPEP1,1551,297,342
PGPEP1_GCCGTACAACGCGGACCAGC,PGPEP1,421,71,80
PGPEP1_ACAGTCACCTTTGGCAGGGA,PGPEP1,2054,746,279
PGPEP1L_CCAGCCAAAGGGAACTGACC,PGPEP1L,848,294,211
PGPEP1L_CATGTCCCTCCACTATCGCG,PGPEP1L,1112,415,222
PGPEP1L_ATCCGCAGCTTCTGGCCCGA,PGPEP1L,423,60,78
PGPEP1L_CAGAATGATCGCCTTGGCGG,PGPEP1L,1185,479,392
PGPEP1L_ATTACAGGGAGGCTAAGCGG,PGPEP1L,1032,159,44
PGPEP1L_GGAGCTCTCCAAGCTGGGCC,PGPEP1L,257,9,56
PGR_ACCCAAGATATTGGCAGGGA,PGR,516,87,171
PGR_TTGACCTCATCTCCTCAAAC,PGR,1335,658,610
PGR_TGACTTCGTAGCCCTTCCAA,PGR,616,120,164
PGR_GAAGACCTTACAGCTCCCAC,PGR,549,0,43
PGR_AAGACGAAAGTTACGACGGC,PGR,60,148,57
PGR_CCAGCAGTCGCTGTCGGACG,PGR,295,178,165
PGRMC1_GACCCAAGCGATCTGGAGAG,PGRMC1,577,179,140
PGRMC1_CCAAGCGATCTGGAGAGCGG,PGRMC1,1191,226,310
PGRMC1_CAAGCGATCTGGAGAGCGGC,PGRMC1,17,14,94
PGRMC1_AAGTCGCGCCGCTTGAGGCG,PGRMC1,517,240,210
PGRMC1_TCCAGTCAAGTATCATCACG,PGRMC1,1543,444,389
PGRMC1_GGGCAAACTGCTGAAGGAGG,PGRMC1,429,65,51
PGRMC2_GCTGGTAGGGATGCCTCCAG,PGRMC2,453,21,53
PGRMC2_AATATTCCATATGGACCCGC,PGRMC2,63,38,100
PGRMC2_CTTTCCCATTGACCGCGAGC,PGRMC2,1750,52,58
PGRMC2_GAGCAGCTGCGCCAGTACGA,PGRMC2,892,113,44
PGRMC2_GCGTTGGCGCTTCTGACGGG,PGRMC2,1168,146,230
PGRMC2_AGCGAGAGCAGCAACGACGG,PGRMC2,615,361,915
PGS1_GAACCAGGTTTCTGATCCAC,PGS1,239,22,19
PGS1_GATAAGAGTAGCCAAGAGGC,PGS1,90,0,0
PGS1_CATTCTCTTAGACTTCACGC,PGS1,654,0,44
PGS1_TCTGGGAACCTCCGCAGGAG,PGS1,116,0,0
PGS1_CTTCACGGAGCTGGTGGACG,PGS1,801,239,135
PGS1_TCGATGTGCACATAGGCCGC,PGS1,596,148,95
PHACTR1_CGGAGGATGATATAGACCGG,PHACTR1,2582,533,499
PHACTR1_GGTTTGGCTGCCTTTAGAGG,PHACTR1,264,58,124
PHACTR1_GAGAAGTAAGTTTGCCAACC,PHACTR1,572,193,192
PHACTR1_TTGGAGCACCTCATATGAGC,PHACTR1,386,180,184
PHACTR1_CGTGGCTGCCGTACTGCAGC,PHACTR1,596,147,231
PHACTR1_TAGCCATCAAACTCAGCAAC,PHACTR1,976,350,293
PHACTR2_CGAGCCGCTCTTACCTGAGC,PHACTR2,937,224,288
PHACTR2_ATCCACACGACAAAGTAGAG,PHACTR2,1580,434,310
PHACTR2_GCACATGATACCCATCGGAG,PHACTR2,1825,366,311
PHACTR2_CTGGCTTGGGTGGAGGGACG,PHACTR2,2211,434,542
PHACTR2_ACGAGATGAGGTGGATGAAG,PHACTR2,1228,181,299
PHACTR2_GAAGATTCGCCCATCAGCCC,PHACTR2,687,145,128
PHACTR3_AGCGCGCGCTTACCTTGCGC,PHACTR3,608,118,109
PHACTR3_CGAGGAGTCGGTGAGGACGC,PHACTR3,1220,192,16
PHACTR3_CCAGATATTCAGGACGCGCC,PHACTR3,656,167,176
PHACTR3_CGAGAGGAGCTCATCAAGAA,PHACTR3,2697,1043,1014
PHACTR3_CAGCGTCTCCGACTTGGGAG,PHACTR3,1028,428,328
PHACTR3_CGCATCTCACCACGGTCCAC,PHACTR3,1213,404,532
PHACTR4_GGCTCTTCCTCTACTTGGAC,PHACTR4,526,183,139
PHACTR4_CCTCTCTTAGGTGGTAAGGG,PHACTR4,725,367,219
PHACTR4_TTCTGAGGACAGCAGTACGC,PHACTR4,1001,189,359
PHACTR4_TTCACTGAATGTGGATGGAC,PHACTR4,1026,395,206
PHACTR4_ATTACCACAGTGTCTACGGG,PHACTR4,456,95,9
PHACTR4_TAAACGTCGGCTCACTAGAA,PHACTR4,643,623,470
PHAX_TGACGGTCGCACCCAGCGAC,PHAX,449,8,3
PHAX_GGTAGTCGAAGAAGAACACC,PHAX,138,0,0
PHAX_AGTCGAAGAAGAACACCAGG,PHAX,154,4,26
PHB_TCTCCCGAAGGATCTTACCA,PHB,928,0,27
PHB2_CTACCAAGAATTGGGCCCGC,PHB2,335,65,0
PHB2_CTCAATCTCAGACCTACAGA,PHB2,778,0,0
PHB2_CCTCTCCACGACCACAGACA,PHB2,1103,472,516
PHB2_ACCGATCCGATTGAAGAAGA,PHB2,728,0,3
PHB2_TTCGCGCACACCGTAGGCCA,PHB2,2358,213,55
PHC1_AGGGCGTACTCACCGAGGCC,PHC1,336,58,103
PHC2_CGCCTCAGTCTCTCCAAGCG,PHC2,1490,441,323
PHC2_ATGGCAACAGCAGTGTGCCA,PHC2,1,96,109
PHC2_CACAGTAGCGACGGTGGCCG,PHC2,2289,1149,1204
PHC2_GATGTATCTGAGGGCACAGA,PHC2,162,51,71
PHC2_CAATGTGTCTGCGCAGGCCC,PHC2,882,236,220
PHC2_TGTGCCACCAGCAGTACCAG,PHC2,2037,353,287
PHC3_GCACTATGTCATGTGCCAAA,PHC3,873,740,501
PHC3_GGAGACACTGTTAAAGGAGA,PHC3,180,73,144
PHC3_CACCAGTTAATAGCACCAGG,PHC3,1389,512,1072
PHC3_GACGATGACGACGAGACAAC,PHC3,514,283,197
PHC3_AATACTGCCGCTGGTAGAAC,PHC3,396,390,210
PHC3_AGATGTAGATGGTCTTCCAC,PHC3,539,119,176
PHEX_CACTCCACTTACCTAGAAAG,PHEX,1848,362,605
PHEX_GAAGCCAGAATGCATCGAAG,PHEX,940,117,220
PHEX_TCCAGCCATCACAAGCGAAC,PHEX,1992,513,840
PHEX_TAGATTCAAGCACGGGCCAG,PHEX,633,184,141
PHEX_GGTAGTCTTCCCTCACGGCC,PHEX,43,23,0
PHEX_GGACCACCACATTCTCGGAG,PHEX,2545,207,484
PHF1_TCTTGACCCTCCCAAAGCCG,PHF1,1889,270,167
PHF1_AGGTCTCTAGAGTCTTACCA,PHF1,212,16,97
PHF1_AGCTGTGAGAAGTGTCGCCA,PHF1,1040,143,204
PHF1_GACACACTGGCGGCATACCC,PHF1,212,158,33
PHF1_GCTTCATACCCAGCATGGCC,PHF1,54,140,102
PHF1_TGAATGCTGTGTGTGTCGCG,PHF1,326,372,253
PHF10_GATTTGTGACTGTTGTCAGC,PHF10,347,135,25
PHF11_TTCCCGATCATCGCTCAAAG,PHF11,2265,713,1040
PHF11_TGTACATGATTGCCTGAGAG,PHF11,730,637,565
PHF12_GGAGCACACGCCGGTTAGGG,PHF12,519,2,75
PHF12_CGGACACATCCATCTGCCCA,PHF12,1144,91,109
PHF12_CCCATGCCCGGATCCTGGAA,PHF12,1054,378,355
PHF12_CCTTTCGGCGAACAGTGCAC,PHF12,172,1,9
PHF12_GCGCAGTCGGAAGCCTGAGA,PHF12,1332,140,90
PHF12_GCTGTCACTGCGGTTGCGCG,PHF12,1214,452,684
PHF13_CAGCTTCACTCACCTCCGGG,PHF13,453,156,402
PHF13_TGGCTACATCCCTTATCCGA,PHF13,513,208,167
PHF13_CTACATCCCTTATCCGAAGG,PHF13,1305,494,480
PHF13_AGTGATGCGCCTGGGAAAGA,PHF13,663,166,324
PHF13_TATCGTCCGGCAGGGAAAGC,PHF13,918,256,255
PHF13_TCCGCGAGCGGTTGGAACGG,PHF13,1522,315,196
PHF14_TGGATCGCAGCTCCAAGAGG,PHF14,1065,321,412
PHF14_TGTCGTAGTGGGAACAGAAG,PHF14,1424,533,917
PHF14_GACCCTCGCTTTGCTAGAAC,PHF14,322,359,433
PHF14_GCAACTATCACCAGAAGCAC,PHF14,1500,504,368
PHF14_GGCACGATACTGCTGAAGCC,PHF14,261,198,275
PHF14_GAGGATCCAGACATCCAAGA,PHF14,320,194,115
PHF15_TCATCACTACCCACCTCGGA,PHF15,361,85,104
PHF15_CAACTCGGAGCTTAAGGAGA,PHF15,886,206,64
PHF15_GCTGGGCATCGAGTACGACG,PHF15,286,153,293
PHF15_TGCCCTATGGATTCCTGAGG,PHF15,954,399,164
PHF15_CGCATATCCCAGCCAGCCGC,PHF15,552,262,240
PHF15_CTTCTACGAGCTGGTGGAGC,PHF15,204,82,37
PHF16_GAATACGATCTCACCTCAGC,PHF16,583,57,123
PHF16_ATCTTTCCAGGTATTCCGGA,PHF16,162,42,50
PHF16_CCGCTATGACCTAGATGACA,PHF16,2290,824,474
PHF16_GGTCTCCAGACAGTGAAGAA,PHF16,713,126,135
PHF16_CGGATAAATGCCCAGGACAC,PHF16,3471,281,447
PHF16_GCAGACTAAGGCCCACCGAC,PHF16,938,326,418
PHF17_AATCCTCACTGCTGCTGGGA,PHF17,1020,171,46
PHF17_TCGATCTTCATGTCTGGAGC,PHF17,923,394,390
PHF17_AGTACTCATCCGGATTCAGC,PHF17,118,9,0
PHF17_CTATGTGGACATCCGGACGC,PHF17,546,810,716
PHF17_TGGTGAGGACGGCAATGAGA,PHF17,1067,194,212
PHF17_TGTCTGCTGTGTCCGAAGAA,PHF17,1143,477,401
PHF19_CTCCCAGTGGTGGTTGACAA,PHF19,1970,892,842
PHF19_TACACACGGAGCAGAAGAAC,PHF19,1260,194,319
PHF19_GGTAACATTGCAGCATCCGC,PHF19,100,40,22
PHF19_TGAAGAAGGGCGCCATCGCC,PHF19,206,341,380
PHF19_CCGACGCTGCATCTTCGCAC,PHF19,3150,621,1090
PHF19_CTACCTCGGGAAGATCAAGA,PHF19,1045,265,435
PHF2_AGTGCGACGCCTGCAAGGAC,PHF2,725,115,108
PHF2_TTGACGTCAGGCGCTTGCCC,PHF2,1452,526,594
PHF2_GACGTCACTGACATAGAACG,PHF2,1328,454,275
PHF2_ACCTCGAGTTCTCTGACACC,PHF2,211,202,17
PHF2_AGTGTGGCGTAGATCCAGCC,PHF2,811,388,557
PHF2_GCCTGTCACGAAGCCAAAGC,PHF2,1494,575,493
PHF20_AACGGTCCCGGGCTTCCAAC,PHF20,183,37,203
PHF20_GAAGACATTGACTACGAGGA,PHF20,711,127,199
PHF20_CACCAGTAGGAGCTATGGAA,PHF20,2574,856,539
PHF20_CTAGACAACGTGTCTTGCAA,PHF20,2404,576,435
PHF20_TTGAAGTCTGCTTTGGAAGC,PHF20,1202,351,428
PHF20_AAGAGGCATGTCCAAACCAG,PHF20,785,314,269
PHF20L1_TGTTGTCCTATCGACCCAGC,PHF20L1,8,106,56
PHF20L1_CACACCAGACGTAGAGAAGA,PHF20L1,2261,399,317
PHF20L1_AACAGCTCCAATGCTGGAGC,PHF20L1,332,16,0
PHF20L1_ATCATCAGGCATGGGTAAGG,PHF20L1,1296,267,646
PHF20L1_GAACCACGACTTAAGTCAAG,PHF20L1,394,93,280
PHF20L1_CACCATAGACATCAGCAAGC,PHF20L1,978,1110,962
PHF21A_CTATCACAATGCTGGTGAGC,PHF21A,923,135,429
PHF21A_TGTGGAAGAAAGTTTGGACG,PHF21A,1632,246,364
PHF21A_GATGGCGGTCACCATAGCAA,PHF21A,168,198,309
PHF21A_CACAGTGTATTCCTGTACAG,PHF21A,1112,725,638
PHF21A_ACTGGTTGCTCAAATGAAGC,PHF21A,584,260,118
PHF21A_GGAGTTGCAGACTCTACAGG,PHF21A,685,49,126
PHF21B_GGGACACGTACCTTCCAGCA,PHF21B,989,472,531
PHF21B_CTCTCGCTGTGAGGAACAGG,PHF21B,539,111,171
PHF21B_ACAGCCAACCCTGCCTACAG,PHF21B,630,103,193
PHF21B_CTTCATGGTAGCGCTAGGCC,PHF21B,1480,362,532
PHF21B_TCAGAGTCTTTGGCCTAACC,PHF21B,1497,385,533
PHF21B_TCAAGAAGCAGCTCCACGAA,PHF21B,1841,589,750
PHF23_ATCATGGGCCGCCCTGCAAA,PHF23,1438,63,33
PHF23_GGCCTGCAGACGAGAGAAAG,PHF23,1607,646,548
PHF23_TTCAGCCACCAGAGAAACGG,PHF23,1792,178,101
PHF23_TCTGGCTTAAGGGTCGGAGG,PHF23,740,11,67
PHF23_CCACCTCTCCGACAATCACC,PHF23,1757,187,151
PHF23_ATGGCGGAGCCCAGTCCCGA,PHF23,90,30,42
PHF3_TTCCAGATGCCTTGTTCAAC,PHF3,1676,415,540
PHF3_TCACCTCGTTTAATGGCACA,PHF3,1444,209,439
PHF3_TTGCTGCTTCTTCTTTGGCG,PHF3,2386,578,581
PHF3_GGTTGTCCCATCTTACGAAG,PHF3,1070,274,188
PHF3_TGCCTGATCTGATCTGCAGA,PHF3,718,248,71
PHF3_TCCAATGACTTATTGGCGGC,PHF3,703,246,381
PHF6_CTCCCATGGAACAGATGAAA,PHF6,894,522,823
PHF6_CTCTTGATGTTGTTGTGAGC,PHF6,545,170,262
PHF6_TCACATCCAATAGTAGCACC,PHF6,1403,132,147
PHF7_AGACTAGGAGGGTAACCCAG,PHF7,332,119,522
PHF7_TGGCTATGCCTTCGAGAACC,PHF7,2361,662,1237
PHF7_TCTAGTAAGCTGCCTCAGAG,PHF7,259,132,180
PHF7_CCACCTGTATGCACTTGCGG,PHF7,2809,251,565
PHF7_CTGCCTGGGAACTCGAGCCA,PHF7,1672,361,375
PHF7_TGTGCTACATGCGGATCCCA,PHF7,514,23,301
PHF8_TACAAGTGTTCCGTGAAGCA,PHF8,944,205,162
PHF8_TGTGATTGATGTGACCCGCC,PHF8,570,61,14
PHF8_CTCACAGTGAATGATGGCGA,PHF8,573,50,318
PHF8_AAACGCCGTGGATCTTCAAA,PHF8,707,293,249
PHF8_TGCCTAGCTATCGTCCAGAG,PHF8,2517,1430,1203
PHF8_TGCTCAATGAACAGGAGCCG,PHF8,595,39,44
PHGDH_TGCAAGATCTTCCGGCAGCA,PHGDH,2675,1644,1556
PHGDH_TATTGTTCGCTCTGCCACCA,PHGDH,305,65,49
PHGDH_GCGACGGCTTCGATGAAGGA,PHGDH,575,378,216
PHGDH_AGAGCTGAATGGAAAGACCC,PHGDH,499,205,240
PHGDH_GGGCAGCTGCTGAACACCAA,PHGDH,476,77,64
PHGDH_CGTGGAGGGATCGTGGACGA,PHGDH,3152,434,883
PHGR1_TTCCTCTCCCACAGGTCCGA,PHGR1,505,53,197
PHGR1_GCCCGCAGTGACCTGGAGGA,PHGR1,2747,296,414
PHGR1_TCCTCAGTGATGTGGACCAG,PHGR1,948,189,38
PHIP_AGGTGGAATGTTTCTGGCGA,PHIP,164,277,420
PHIP_TTTACAGAGCGCCCTCGGCC,PHIP,204,95,207
PHIP_GAGAATACCATGATAGCAGC,PHIP,920,162,68
PHIP_TGCAAGCATGTTGTGTGGAA,PHIP,1669,1359,1201
PHIP_GATCCGCGAGGTGGCCGAGA,PHIP,507,149,88
PHIP_ATCGCCCGGTTCCTGGAAGA,PHIP,1451,609,419
PHKA1_TCTCCTACCTCTGTAGCCGC,PHKA1,66,121,46
PHKA1_TGGACGACCCTACAGACACA,PHKA1,894,255,322
PHKA1_GCCAATCTCCTTACCTAGGC,PHKA1,900,260,359
PHKA1_CTTCAGTGGCAATGCAGAAC,PHKA1,1570,1353,1611
PHKA1_GACAGCAACCATAACGACCC,PHKA1,74,284,871
PHKA1_CTGCAGTTACCTGATGGCAC,PHKA1,1721,489,753
PHKA2_ACATCTTCCACTGCAAAGGC,PHKA2,1053,365,337
PHKA2_AAGCTCCGTAGGAATGGCCA,PHKA2,143,212,145
PHKA2_TCTCCCTCAGGTGGCCAAAG,PHKA2,1915,558,835
PHKA2_TGCTTTATCTCCACAGAACG,PHKA2,960,826,606
PHKA2_CAAGGCCTACGAGCTGGAGC,PHKA2,866,317,388
PHKA2_CCCTCCTTACCTGGTAACAC,PHKA2,2986,1529,867
PHKB_GACTCACGGCAGAAGTGAGC,PHKB,530,21,82
PHKB_GACCTTAAGAAAGCGGAAGA,PHKB,351,116,129
PHKB_CTAGGTCCAGCAGTTTAAGC,PHKB,2245,582,582
PHKB_TCGATGCTCACAATCGCAAC,PHKB,1787,711,602
PHKB_CAGTTATCCTGCATTTGCCC,PHKB,669,64,49
PHKB_AGTGGGACATAGCGCTGGAC,PHKB,319,77,235
PHKG1_CAAACTCAACATCGTGCACC,PHKG1,2433,339,607
PHKG1_ACAAACTCAACATCGTGCAC,PHKG1,1310,258,122
PHKG1_GAAGGTCACCTTGAGTGAGA,PHKG1,60,38,36
PHKG1_CGGGCTGAAGCTGCCTCCAC,PHKG1,250,39,72
PHKG2_CGCCTCCTTCAGGATGACGC,PHKG2,348,165,165
PHKG2_TAGCTCGATGAACACAACGG,PHKG2,1256,134,274
PHKG2_ATACTCACAGGTCAAACACC,PHKG2,410,109,148
PHKG2_CCTTCCCTTAGGATGCGGAA,PHKG2,172,372,287
PHKG2_TCACCTCGAAGCTTCTCGCC,PHKG2,611,148,154
PHKG2_CCACCCAGGCTATGGCAAGG,PHKG2,1068,523,539
PHLDA1_GATGTGGATGCGGATACGGG,PHLDA1,215,210,23
PHLDA1_TGATCTCGGCGTTCCAGCCC,PHLDA1,740,128,421
PHLDA1_CCGCGTCCTGATGCGCCACA,PHLDA1,1238,373,426
PHLDA1_CTTCAGTGAGCGCTCGCAAG,PHLDA1,1090,134,313
PHLDA2_TGCGAAAGTCCTGCAGGGCG,PHLDA2,1047,380,294
PHLDA2_CATCGTCACCACCGACCACA,PHLDA2,536,175,592
PHLDA2_CACGCAGTCCACCTTGAGGA,PHLDA2,1204,922,612
PHLDA2_CAGCTATGGAAGAAGAAGCG,PHLDA2,941,366,551
PHLDA3_GGTCAAGTTCAAGAACCAGC,PHLDA3,96,87,143
PHLDA3_TTCCAGCCGGGATCTTCCAG,PHLDA3,470,148,158
PHLDA3_CTTCGCCCGCATCAAGGCCG,PHLDA3,726,71,156
PHLDA3_CGCTGCGTCCTCACCGAACG,PHLDA3,2495,1945,1774
PHLDA3_GACGGCTACCGTGCTCAAGG,PHLDA3,1002,304,280
PHLDB1_TGGATGCCAGACCCAGACCA,PHLDB1,1608,180,75
PHLDB1_CCCTTGGACCTGATCGAGAC,PHLDB1,2917,950,816
PHLDB1_TAGTGCAGGCATTGCCACAG,PHLDB1,1056,145,458
PHLDB1_CAGCCGGGTGGTTAAAGCGA,PHLDB1,1281,403,484
PHLDB1_TCCCAAGCTAAACAGGGAAG,PHLDB1,1553,58,261
PHLDB1_CCCGGCTGTATTCGGCACAC,PHLDB1,1782,803,890
PHLDB2_ACCTGATGGATTATCACCGG,PHLDB2,723,323,205
PHLDB2_TGAGTGCCTGCCGTGGGAAG,PHLDB2,495,234,221
PHLDB2_TTGCCAAGTCTGCATCAGGG,PHLDB2,1124,266,373
PHLDB2_GATGGATGAGTCTTTCAGAG,PHLDB2,91,234,77
PHLDB2_GATATTCAGCAACTTCACGC,PHLDB2,396,63,119
PHLDB2_AGCCAATCACATTGTTCAGC,PHLDB2,230,281,273
PHLDB3_CCCATACCTTAGTGAGGGCC,PHLDB3,327,269,86
PHLDB3_GATGAGTAACCGGGACAGAG,PHLDB3,461,65,258
PHLDB3_AGCCAGAGGACCAACGCGAG,PHLDB3,732,462,241
PHLDB3_ATTCTCTCCGCAGATGGAGG,PHLDB3,0,21,55
PHLDB3_ATCCACCTCTTCGCGGGAAG,PHLDB3,1050,351,392
PHLDB3_TCGCATTCCGGGACCAGCGG,PHLDB3,2769,601,296
PHLPP1_GAGCTCTTCCGACGACGACG,PHLPP1,196,75,77
PHLPP1_TGCAGTTGCCAGTGAACCGA,PHLPP1,1158,477,990
PHLPP1_GGACCTCTCGTGTTGTAGCC,PHLPP1,630,83,143
PHLPP1_ACACTTGTGCATCACTCCAA,PHLPP1,551,151,167
PHLPP1_TTCATGTTCTCCAACTCAGC,PHLPP1,375,478,304
PHLPP1_CAGGACACAACCAGTTGGCA,PHLPP1,246,316,318
PHLPP2_CCTCATGAAAGACACTCACC,PHLPP2,530,94,28
PHLPP2_AACTGGCATAGAGGGTCCGA,PHLPP2,565,1,98
PHLPP2_ATGCAGTTAGAAAGACCCGG,PHLPP2,394,131,125
PHLPP2_TCCCTTGCTTTCAGCTCAGC,PHLPP2,610,362,110
PHLPP2_TCCAAACGATCCATGTGGCA,PHLPP2,1158,841,282
PHLPP2_TTTACAGCTTCATGGAGACC,PHLPP2,836,187,122
PHOSPHO1_ACATCTGCAGCCGTTTCCCA,PHOSPHO1,465,176,58
PHOSPHO1_CGCCGTCGCCCACGTAGAAG,PHOSPHO1,3005,1513,1742
PHOSPHO1_CAGCGAGCTCTCCACGCCAA,PHOSPHO1,2219,134,286
PHOSPHO1_CGATGCCAACACCTTTGGCG,PHOSPHO1,1401,335,262
PHOSPHO1_ATCCTGCCGTCCTGGGAGCA,PHOSPHO1,450,125,216
PHOSPHO1_CTAACCAGCCTCTCCCGGGC,PHOSPHO1,2010,218,472
PHOSPHO2_GATGTTGCCATGCCACGGAA,PHOSPHO2,739,69,188
PHOSPHO2_GGTATATCCTTTCCGTGGCA,PHOSPHO2,209,23,193
PHOX2A_ACTTAAGGCTTGGCAGCCGG,PHOX2A,107,194,18
PHOX2A_CCGGGCCAAGTTCCGCAAAC,PHOX2A,2088,1038,1394
PHOX2A_CATTTACACGCGTGAGGAGC,PHOX2A,51,95,136
PHOX2A_CAGCGCGCAGCTCAAGGAGC,PHOX2A,915,160,177
PHOX2A_GGGCTGTATTGGAAGCCGCC,PHOX2A,48,33,161
PHOX2A_TGTATTGGAAGCCGCCGGGC,PHOX2A,375,93,146
PHOX2B_TTGGAGCGAAGATAGGACGC,PHOX2B,908,337,224
PHOX2B_AGCACTGACCCGGACAGCAC,PHOX2B,667,130,276
PHOX2B_CCTGAAGATCGACCTCACAG,PHOX2B,1951,1048,469
PHOX2B_GCTTCTCGTTGAGGCCGCCG,PHOX2B,48,4,36
PHOX2B_CAGAGCAGTCCGTACGCCGC,PHOX2B,516,550,407
PHOX2B_AGGATCCCGGCGTGAGGGAA,PHOX2B,387,147,287
PHPT1_CCACATCAGGAATGAGAGCG,PHPT1,443,207,441
PHPT1_AGATCGTGCGCGGCTACAAG,PHPT1,3392,291,346
PHPT1_TACAAGTGGGCTGAGTACCA,PHPT1,1181,210,63
PHPT1_ACTTTGTCGTAGATGTCCGC,PHPT1,785,59,46
PHPT1_TCGGGCGACATGCAGAAGCA,PHPT1,835,594,379
PHPT1_TCAGTAGCCGTCGTTAGCCC,PHPT1,875,337,55
PHRF1_CTGAGCTCAATGTGCAGCAA,PHRF1,1054,457,632
PHRF1_GACGACAGTGACAGCGAGCA,PHRF1,469,460,381
PHRF1_TCCGAGGATTCTGAAGACGA,PHRF1,414,148,204
PHRF1_TAGAGTTCGATCAACTGGAC,PHRF1,363,218,183
PHRF1_CCTTCTGTGAGGTGTGCGGC,PHRF1,459,283,174
PHRF1_CCTGGTGTTGTCCTTGCCGC,PHRF1,1608,799,878
PHTF1_TGTCTCACTCCACAGAGACG,PHTF1,568,241,324
PHTF1_GCACTAACTCGATCAGAGGA,PHTF1,662,270,181
PHTF1_TGAATCAGCAGCCTTCAGCC,PHTF1,1101,361,173
PHTF1_ATTGCGTAGGAGTGTGGAAG,PHTF1,1489,404,350
PHTF1_TATTGCGTAGGAGTGTGGAA,PHTF1,1148,177,500
PHTF1_GGGAGACTATCTTTGGCAAC,PHTF1,35,74,52
PHTF2_TATGCTGTGTGGGCTAGAAG,PHTF2,727,361,432
PHTF2_TTCGACCAGAAGAGACAGCC,PHTF2,419,182,732
PHTF2_CATTACGTCGTCATGTGGAC,PHTF2,618,197,107
PHTF2_TCGCTGTTCAAGTTCCAGAC,PHTF2,1089,766,548
PHTF2_GCTGCTTTATAACATCACCC,PHTF2,813,529,334
PHYH_AATGTAGTGGCAATCGGCAC,PHYH,442,115,551
PHYH_CTCCATCACCAGGTGCACCC,PHYH,1142,521,570
PHYH_GAGCACATCAGCCGGAACAA,PHYH,1255,198,300
PHYH_TGAGATCGCTGGGCCTGAAG,PHYH,1673,435,422
PHYH_CCCAAAGGATACGACAGCCC,PHYH,2325,414,319
PHYH_AACAATCTGCAGACGGGCGG,PHYH,984,123,184
PHYHD1_ACCTTGCAGCTGTGTGAAGG,PHYHD1,2011,469,494
PHYHD1_AGAGGAGCAGCTTCGAGCCC,PHYHD1,1790,580,286
PHYHD1_TTGTTGATGGATTTCTCCGG,PHYHD1,206,58,120
PHYHD1_TCTGGGCCTCCAGATGCCCG,PHYHD1,255,165,136
PHYHD1_CGATCCACACGCCCAGCACC,PHYHD1,480,251,141
PHYHD1_TGAGGTGGAAAGTGTAGGCC,PHYHD1,1026,235,140
PHYHIP_CACCAGCGGTATGCTCCACG,PHYHIP,918,490,272
PHYHIP_CTTCTACCGCAACCATCACA,PHYHIP,1366,145,359
PHYHIP_GAGACGGTGGAGTTCTGCAC,PHYHIP,297,23,31
PHYHIP_TCTCGCTCCAGCCGGACACC,PHYHIP,751,156,102
PHYHIP_TTCCAACAAGTTCAAGCACC,PHYHIP,682,417,77
PHYHIP_CTTCCGCATCTCCTGGGCCA,PHYHIP,1427,89,121
PHYHIPL_TTGAGGGCATGATCCAGGCG,PHYHIPL,2652,379,595
PHYHIPL_GGCCATTCAGCTGTGCGACC,PHYHIPL,477,129,35
PHYHIPL_ATTCAGCTGTGCGACCGGGA,PHYHIPL,401,39,22
PHYHIPL_TCCACGGACAGTCATAGGCA,PHYHIPL,1628,91,170
PHYHIPL_CTATGACTGTCCGTGGACAC,PHYHIPL,312,130,253
PI15_CGAAATGTAGCGCTTCCGCC,PI15,1637,152,289
PI15_TATTCCATATTTGCTGCCGG,PI15,351,103,167
PI15_TTCTCCAGTTGGTCAAGCCA,PI15,1341,248,347
PI15_CTTGGAGGACAAGATGAACA,PI15,1861,506,707
PI16_GCACAACCTCTACCGGGCCC,PI16,0,74,75
PI16_CGCCATCACAGACGAGGGCA,PI16,2056,543,669
PI16_CCTGGAGCTTCTCACAGAAG,PI16,722,141,148
PI16_GGAAACGGCCCTACCAGGAG,PI16,2294,396,533
PI16_AGGTGAGCTGCAGGCCACAC,PI16,762,231,417
PI16_CAGCCAACACCAGAGGAGGC,PI16,1069,425,144
PI3_CTAGAGGCAGCTGTCACGGG,PI3,1501,466,242
PI3_CTGTGAAGGCTCTTGCGGGA,PI3,818,243,406
PI4K2A_CTTCGTCAAGGACCCTCAGG,PI4K2A,152,73,74
PI4K2A_TGACTGCCTTGTCCTTAACC,PI4K2A,1378,125,336
PI4K2A_CCGCATCGGGCTACCACCAA,PI4K2A,3794,883,851
PI4K2A_CGGTTAGTGTTCTCAGGAAG,PI4K2A,2467,441,488
PI4K2A_CAGATCGAGGCAATGACAAC,PI4K2A,1731,396,488
PI4K2A_CTTCGTCAAGGACTTGGAAG,PI4K2A,780,193,163
PI4K2B_GGGTCGCACCTGAAACCGCG,PI4K2B,253,137,60
PI4K2B_CGGGTCGCACCTGAAACCGC,PI4K2B,440,345,344
PI4K2B_GGTATCTGTACTAGCTGGAA,PI4K2B,204,57,83
PI4K2B_ATTGTGGAACGCAGTCAAGG,PI4K2B,228,268,354
PI4KA_AGTGTAGTAGAGATCAGCAC,PI4KA,1171,187,15
PI4KA_GCTTCGGGAACTCTTAAACC,PI4KA,962,17,18
PI4KA_GCCTTTCACTACTTTGAAGG,PI4KA,1140,108,221
PI4KA_CGCGAGATTCCTATCAGGCA,PI4KA,2786,3526,2034
PI4KA_TGAAGCTCTCTGCAACCGGG,PI4KA,236,0,7
PI4KA_GGCTCGTGAGGTGATGGCGG,PI4KA,663,47,96
PI4KB_CTGTAGGAAGTAATCGAGCA,PI4KB,1185,81,50
PI4KB_TCTTCACAGGCGGATCAGAG,PI4KB,1214,80,36
PI4KB_CTGTTCCGAAAGGCGCCGGC,PI4KB,126,1,19
PI4KB_GCCTATGTCATCCACCGACC,PI4KB,938,16,150
PI4KB_TGCTGGCTTTGACCACCACG,PI4KB,50,49,25
PI4KB_CCTGCTAAGTGTCATCACGG,PI4KB,1442,151,9
PIANP_GGGCATCACAGATTCACCAG,PIANP,199,142,91
PIANP_ATCATTGTTCTCGTGGCCAC,PIANP,572,12,140
PIANP_TCCATGCGAGGTGATGGAGA,PIANP,821,428,234
PIANP_TCCATCCTCTCGAGACACGG,PIANP,1431,359,270
PIANP_CCCACCGTGTCTCGAGAGGA,PIANP,1581,721,1039
PIAS1_TTGCGCTGACAGACGCAAGA,PIAS1,749,460,487
PIAS1_TACGCCGGGAGAAACAAGCA,PIAS1,1445,675,337
PIAS1_GGTGATATTAATTGGTCGGC,PIAS1,53,0,19
PIAS1_CTTCAGAGGTTACGAGCAAA,PIAS1,1233,460,584
PIAS1_TAGTAGAGAAACCCTTAGGC,PIAS1,545,153,151
PIAS1_GAACATGTAAGGGCCCGACA,PIAS1,650,240,146
PIAS2_ATGTTAGTTCATCCAGCAGC,PIAS2,529,173,188
PIAS2_GATATTGGCGTATGGTGGAA,PIAS2,403,104,125
PIAS2_GGCACATCAAGGATACCCGA,PIAS2,33,12,20
PIAS2_GGGATTGAACAGAAGCGCCC,PIAS2,0,12,99
PIAS2_CAACGAGTGGATTCCAGCCA,PIAS2,1826,125,326
PIAS2_AATGCAGCGCCCTCATCAGG,PIAS2,822,331,264
PIAS3_GCGCCTGCGATGTCTCAAGA,PIAS3,1077,316,333
PIAS3_ACCACAAAGAGCCATACCAA,PIAS3,545,144,74
PIAS3_AGTGCGCTTCCTCAAACCGC,PIAS3,146,24,72
PIAS3_TCCCATTGACCTTGACAAAG,PIAS3,2215,470,706
PIAS3_AAAGCCTGCTGAGGGTGAAG,PIAS3,1006,48,50
PIAS3_ACTCACTCAGTGCCCGCGAG,PIAS3,2789,672,689
PIAS4_CCATGCACTCCACCTACGAC,PIAS4,3661,505,530
PIAS4_CTTCGCATTGACGCCAAGAC,PIAS4,1421,678,576
PIAS4_TGCGGTTGGTGGCCGAGGAC,PIAS4,1306,465,555
PIAS4_GATGAGGGACACCCGCACAC,PIAS4,108,42,34
PIAS4_ACGACCAGCTCATCATCGAC,PIAS4,1333,371,256
PIAS4_TGAGGCACTCACCCAGCACG,PIAS4,613,201,633
PIBF1_TCCTCATCAGAAGAGCGAGA,PIBF1,610,29,23
PIBF1_CTGTCAACTCAAAGTCACGC,PIBF1,2049,383,240
PIBF1_TGAACGTGATGCACTTGAAC,PIBF1,987,132,269
PIBF1_TGTTCGCTGTGCTCATGAAG,PIBF1,1883,461,532
PIBF1_GGATAATGCTGTGGCTGAAA,PIBF1,1243,571,566
PIBF1_AACACGATCAGCTCTTAGAC,PIBF1,750,532,126
PICALM_GAAGGGTGTGGCTGTGCAAC,PICALM,862,66,155
PICALM_GCATCTACAGTAGCAGAGAA,PICALM,1183,457,681
PICALM_CTGTATCCACCTCAGCAGGA,PICALM,2233,624,203
PICALM_TGGTCTATCTCTGACCAAAG,PICALM,541,121,115
PICALM_CAGCAAGTTGGAATTGACAG,PICALM,2350,447,542
PICALM_TGTCTTGGATACGGCAGAGC,PICALM,1308,256,237
PICK1_TACCTGGACGATATAGAGGC,PICK1,148,93,134
PICK1_TTGGACGGCACAGTGGCAGC,PICK1,420,128,118
PICK1_CCACTACAACAAGCTGCAGG,PICK1,1153,178,116
PICK1_GAAGAAAGTCAAGCACCGGC,PICK1,0,101,95
PICK1_TGTCAAGAGGCTAGAGGAGC,PICK1,445,151,346
PICK1_TGAGCTGTCGCAGACTCACC,PICK1,362,115,93
PID1_TGAAGGCCTCCATCATGGCG,PID1,1882,546,293
PID1_GGCAGTCCATCTGGTAGGAC,PID1,551,333,271
PID1_TGATGACCTGTCCTACCAGA,PID1,685,43,226
PID1_GGCTCATGGAAGATGACCGC,PID1,420,82,79
PID1_GATCTTCCTAGCCTCCGGAA,PID1,230,44,6
PIDD_GGACCCGGAATGACAACAGC,PIDD,739,112,239
PIDD_CAGCAGCAGCCGATAGCGGA,PIDD,439,200,177
PIDD_TCTGGCGAGGCCTCACCCAG,PIDD,438,105,117
PIDD_GAGATCGAGGCGCTGCAGGG,PIDD,1067,93,0
PIDD_CGATCTGGGACCTCGGACCC,PIDD,1103,292,331
PIDD_AGCCGGTTGCCGCCCAGGAA,PIDD,2168,499,505
PIEZO1_AGCTCTGGTCCATGATGAGG,PIEZO1,722,99,161
PIEZO1_CCGTGGCGTAGCACAGCAGC,PIEZO1,508,47,197
PIEZO1_TAGCCCAGATGCCGGCAGGC,PIEZO1,194,88,63
PIEZO1_GGCCGTAACACTGCTTGCAC,PIEZO1,169,356,270
PIEZO1_TGAGGCCCAGCAATGCCCGC,PIEZO1,140,8,119
PIEZO1_TCCGCTGAAGCGGAGCAGGC,PIEZO1,177,219,216
PIEZO2_TGGGTCGAACGTCCGGCACC,PIEZO2,223,184,295
PIEZO2_AGAGGCACTGATCTATGAAG,PIEZO2,690,348,102
PIEZO2_AAGGGAGCTGATGCTGGCAA,PIEZO2,545,166,416
PIEZO2_ATCCCTTAGGACATACGGGA,PIEZO2,246,45,37
PIEZO2_GCATGTGCATTCCGATACAA,PIEZO2,1457,630,635
PIEZO2_CGACGCGATGGCCTCAGAAG,PIEZO2,2815,571,508
PIF1_GGAGCTGGCTAACAGGACAC,PIF1,191,114,33
PIF1_GAGATGGGATTGTGGCCACG,PIF1,453,241,179
PIF1_AGCAGAACAAGCCATTCGGA,PIF1,430,290,31
PIF1_CAAAGGCCAGGCGTGCGGCA,PIF1,2091,198,446
PIF1_AGCTCAGCCTCTTCACAGGC,PIF1,364,79,143
PIF1_CTGATGGTGACGAAGTCGCG,PIF1,570,149,237
PIFO_GCGATGTGCTTCAGCAGAGC,PIFO,879,298,159
PIFO_TTCTCTGGGTTGTATGCACC,PIFO,886,324,255
PIFO_ACAGGCTTAGGTAGGCCACA,PIFO,568,478,312
PIGA_GATGTTGCAATAGATGCCAC,PIGA,309,35,3
PIGA_GGCATCCGTTACCTCACCAG,PIGA,192,200,59
PIGA_AGAGTGTAGCTGAGGCACGG,PIGA,1171,70,97
PIGA_CTCAGCATGGCCTGTAGAGG,PIGA,2173,993,1043
PIGB_AAGTGCGGAATGGAGCCGGG,PIGB,716,76,30
PIGB_GGTCTCCAGAACCGCTCCCA,PIGB,0,14,68
PIGB_AGTTGTGCTCCTGGTTCACA,PIGB,78,40,548
PIGB_TTATGAAGGCAAGTGCCACC,PIGB,313,51,80
PIGB_TGACTGAAGTACCAGTGCCA,PIGB,1015,456,351
PIGB_CTAAACCAGTATAAAGGGCG,PIGB,223,165,170
PIGC_TCAACCTGTGACTAACACCA,PIGC,678,417,450
PIGF_CTCTCCATGTACCCTGCAGG,PIGF,336,34,64
PIGF_TGGAGCACTTCCTATTCCAC,PIGF,400,71,130
PIGG_TCCTCTGCCAGAGCGGAACA,PIGG,1128,784,410
PIGG_CTGATGACGTCGACAAAGCC,PIGG,1604,765,698
PIGG_GACCATGGCATGTCTGAAAC,PIGG,516,435,312
PIGG_TCCAAAGCACGTCCAACAGA,PIGG,1356,129,146
PIGG_CTTGTCCCTGAGTGCACAAG,PIGG,1049,400,357
PIGG_CGTGAACGGCCGAAAGAACC,PIGG,1652,419,430
PIGH_TTCTATGCTCACCTGGAAGA,PIGH,1245,448,389
PIGH_ACTTGCCATTACCTCGCAGA,PIGH,345,42,98
PIGK_GCTCTTGTCCTTCGGCAGCG,PIGK,1513,270,546
PIGK_CGTCACCGACAGCCTCAGCC,PIGK,1607,364,381
PIGL_AGACCGCCAACGCCACACAC,PIGL,2614,890,778
PIGL_TGGCGTTGGCGGTCTTGGCA,PIGL,402,222,60
PIGL_CGAATGAAGAGTCGGGAGCA,PIGL,760,220,197
PIGL_CCTCTGAGAAACTTATGAGG,PIGL,283,24,93
PIGL_AGCGTGAGCACAGAGCACCC,PIGL,1111,216,666
PIGL_CTTGTCTCTGCTTCATACGC,PIGL,414,356,199
PIGM_GGAGCTCGTACAAACAAGCC,PIGM,322,165,71
PIGM_AGAGTCCGCATTACCGCGGC,PIGM,657,92,77
PIGM_CCTATGGCAGTATCCAGCCG,PIGM,1941,163,678
PIGM_GGCTGGATACTGCCATAGGC,PIGM,581,37,52
PIGM_AACTTGAAGGTGGCTCCAGC,PIGM,270,48,26
PIGN_GCTGGCTTGATATTGGGACA,PIGN,845,307,324
PIGN_AGTAGTCTACTCAGGAAGCA,PIGN,446,187,296
PIGN_TCTGGCTTTCGACCTACAAC,PIGN,1477,391,299
PIGN_TACCGCTATATGCTTACCGC,PIGN,2826,648,780
PIGN_GCTATCAGAGCTACATGACC,PIGN,343,114,93
PIGN_GGAGTCATTCCATGAACCAA,PIGN,241,103,84
PIGO_AGACCAGGACCCGGAGACGG,PIGO,1271,145,80
PIGO_ATGGCTGAGCTATTCTCAGG,PIGO,504,45,66
PIGO_GACCATGGGATGACCACAAA,PIGO,833,276,335
PIGO_GGCCAAGAAACTTAGCCAGA,PIGO,107,104,174
PIGO_AGGTCTCTGACATTGAAGGA,PIGO,234,41,79
PIGO_GATTGTCTTCCACTATGGCG,PIGO,406,50,81
PIGP_CAGGAATAAAGGCCCACACG,PIGP,1764,215,756
PIGP_GCTCTTTCTGGCAATGGCGA,PIGP,353,184,184
PIGQ_CCTGGCTGCCGTCTTCGACA,PIGQ,786,137,17
PIGQ_ACGTGGAGAGTTTGCTCCCG,PIGQ,908,516,501
PIGQ_GCCGGACCTCCCTTCCAGGA,PIGQ,406,53,97
PIGQ_TGCACGGTTCATCTTGAGCC,PIGQ,944,18,141
PIGQ_AAGGATGTGCTCCACGAAGG,PIGQ,926,240,201
PIGQ_GAACGTTCTGCGCCAGCGCG,PIGQ,618,144,246
PIGR_GAGCATCTGTGGATTCCGGC,PIGR,359,97,72
PIGR_TGGTGCAAGTGGAATAACAC,PIGR,1411,234,191
PIGR_AGTACTGGTGTCTCTGGGAA,PIGR,1383,236,415
PIGR_TGGAGTCGATGACCAGCACA,PIGR,393,151,226
PIGR_CCTCTGTCAACCGGCACACC,PIGR,142,109,2
PIGR_CACCTGGGAAGACCGCCAGC,PIGR,701,393,250
PIGS_CTGAATGCCCTCGGTGCCGC,PIGS,1714,313,205
PIGS_TGGCCGCCGCATAGTCCAGG,PIGS,161,0,25
PIGS_TGAGCCTCAGGAACAAGCGG,PIGS,1065,340,224
PIGS_TCCGTGGTCTTCCACCAGAG,PIGS,1853,340,244
PIGS_GAAGCTAGCATGGCGGCCGC,PIGS,353,0,0
PIGT_GGCGGAAGTAGCCGCAGGCA,PIGT,292,153,151
PIGT_CTGCACCTGTCATTCACACA,PIGT,1458,1033,1127
PIGT_TCGGTGCAGACCACCTCCCG,PIGT,1441,391,368
PIGT_GACTTACTCTGCAAACAGGG,PIGT,902,237,248
PIGT_TCGGGAGAACATCCGGAAGA,PIGT,1408,234,379
PIGT_CATAGCCACTCACGTACCGC,PIGT,1630,582,603
PIGU_CTCTACTTGACCGCCAAGGA,PIGU,2104,855,914
PIGU_GCGCCTGGAGGAGTTCAGGA,PIGU,765,331,376
PIGU_CACTTCCTGCATAAATCCAG,PIGU,232,109,43
PIGU_TGTAGAGATGGTTCCACACG,PIGU,420,77,90
PIGU_CTTTAAGTCCTACCCGACAG,PIGU,907,562,371
PIGU_TCACAGGTATGTACTGCCGC,PIGU,7,58,90
PIGV_AACTGTTGAGACCCTTACGG,PIGV,1251,77,156
PIGV_GAACACCGACAGAAACAGAG,PIGV,895,286,372
PIGV_CAGGCAACCAGTATAGCCAC,PIGV,54,74,29
PIGV_CACGTATGTCCAAGTTGCCC,PIGV,1128,57,176
PIGV_TGATCCTGAAGCAAGTGAGC,PIGV,475,144,147
PIGW_CTGGGTGATTTCCAGCACGG,PIGW,1267,459,299
PIGW_AATGGTCAAAGTGGCTACCA,PIGW,601,163,215
PIGW_TGGTTTGTCTAGAGGTCAGG,PIGW,448,102,129
PIGW_CTATTAAATGCCAACCGCGA,PIGW,1262,458,291
PIGW_GACCACAAATAAGGCCCACA,PIGW,218,39,53
PIGX_CGATGATAGCGGCAGTGCAC,PIGX,1479,405,312
PIGX_CATCGGCCGCACAGTGAAGA,PIGX,1025,365,240
PIGX_CAAGGATCAATGTAGAGCAC,PIGX,629,330,120
PIGZ_GCACTTCTCCACGGCACGCC,PIGZ,1783,198,441
PIGZ_GGGTCAGAGACTTCAAACCA,PIGZ,1214,367,468
PIGZ_CCTTTCCTTTGCTCTGGACG,PIGZ,1743,321,398
PIGZ_GCACATAGCCCGTCTGCGGA,PIGZ,1329,336,185
PIGZ_GACACCACAGCACTCGGAGC,PIGZ,599,27,59
PIGZ_AGCTGCTACAGATGCTACGC,PIGZ,991,502,235
PIH1D1_AGCTCGTGATCACCATCGCC,PIH1D1,1012,0,34
PIH1D1_TCAACAGCGACTTCTACCGG,PIH1D1,1606,364,171
PIH1D1_GGGAGAGCCTCATGCAGAAC,PIH1D1,412,140,177
PIH1D1_CTCCGGTGTCCTTTCTCACC,PIH1D1,1466,147,235
PIH1D1_AATGCACTAAGGCGGGAACC,PIH1D1,86,7,94
PIH1D1_CAGCAGCTTCGGGTTCGCCA,PIH1D1,1306,101,30
PIH1D2_AGGCATTGTGATGATTAGCG,PIH1D2,1564,875,600
PIH1D2_CTGGCATCTTCATCTCCACC,PIH1D2,655,228,389
PIH1D2_TTCCAGTACTGAAATCCAGG,PIH1D2,1067,263,249
PIH1D2_AAGAGTGTGAGAGGGTGAAC,PIH1D2,1462,94,215
PIH1D2_GGATCCTTGTCCACTGACAC,PIH1D2,515,282,277
PIH1D3_GGATGATTCTGACTATGGAC,PIH1D3,325,135,164
PIH1D3_TCCAATATTCCCAGGACCCA,PIH1D3,1228,152,115
PIH1D3_CTCACTTCTGAGGAGTACGA,PIH1D3,1183,395,694
PIK3AP1_TACAGCGTGGCCAACAAGCA,PIK3AP1,369,834,1472
PIK3AP1_CCAGCTGGTTGATTCCAAAG,PIK3AP1,2954,1381,946
PIK3AP1_ACCTGACACATGAATTCCAC,PIK3AP1,387,104,98
PIK3AP1_GGATTCTCCCTCTGTAAGGA,PIK3AP1,571,65,81
PIK3AP1_GAACCTGATGGTGGTGCAGC,PIK3AP1,77,176,146
PIK3AP1_CGCAGAGCAGCCTGACCACG,PIK3AP1,2798,1203,1127
PIK3C2A_TAAGATCCCTAGCTGTGACC,PIK3C2A,320,31,106
PIK3C2A_CTTACTCATTGCTTCACCAG,PIK3C2A,2091,725,412
PIK3C2A_AGTCATCATGTACCCAGCAA,PIK3C2A,1088,348,305
PIK3C2A_ACCAATCACCGCACAAACCC,PIK3C2A,1596,260,510
PIK3C2A_GGGACCAGTAGTTTGCCAAC,PIK3C2A,393,384,61
PIK3C2A_GCCACACCCTTTCATCCACA,PIK3C2A,770,265,477
PIK3C2B_CCCACTGAAGGCTGACAGGG,PIK3C2B,948,792,335
PIK3C2B_CGACACTTACCACAATGAGG,PIK3C2B,1670,317,380
PIK3C2B_ACCTCGTCCATCTCCAAGAG,PIK3C2B,110,29,85
PIK3C2B_GATGTACTCATGACTGCCCA,PIK3C2B,120,50,207
PIK3C2B_TGACCTGAGGAATGTGGACG,PIK3C2B,3682,1237,1132
PIK3C2B_CCCAACCACTCTACCTCCCA,PIK3C2B,1388,238,206
PIK3C2G_TTGAAAGGCTCTCTTCAACC,PIK3C2G,1395,273,440
PIK3C2G_TCCAGGAAAGCTATCTCGAA,PIK3C2G,1342,411,559
PIK3C2G_AGTCCTTTCATCCCATCCAG,PIK3C2G,244,49,42
PIK3C2G_GGATGCTCTGCAAGGAGCGG,PIK3C2G,196,38,25
PIK3C2G_ATGGTCCTATCAGTCCAGAA,PIK3C2G,431,182,135
PIK3C2G_TCGTCCACAAGACACAGACC,PIK3C2G,720,1020,691
PIK3C3_TACCTTTGCAGACGGTGCGA,PIK3C3,565,26,14
PIK3C3_TCCCTAGCATGTTTCGCCAA,PIK3C3,874,39,142
PIK3C3_CTCACCAAAGCTCATCGACA,PIK3C3,2795,253,246
PIK3C3_CTTGCCCGGAGTTTAAGAAG,PIK3C3,811,180,234
PIK3C3_TGCTGTTGCCCGGTTGCGAC,PIK3C3,625,184,192
PIK3C3_GGCTGAAGTTCTTGATACAG,PIK3C3,1589,75,56
PIK3CA_CCTTACCTGGGATTGGAACA,PIK3CA,1984,441,521
PIK3CA_AGGCAAAGTCGAGCAGCACG,PIK3CA,1487,596,463
PIK3CA_AGGCCGAAAGGGTGCTAAAG,PIK3CA,1820,836,996
PIK3CA_TGGTCTGTATCCCGAGAAGC,PIK3CA,984,756,480
PIK3CA_CTGTGTGGGACTTATTGAGG,PIK3CA,1886,277,359
PIK3CA_CAGCACATGAACGTGTAAAC,PIK3CA,740,464,644
PIK3CB_AAGCTCTAGGGCCTCCCGGG,PIK3CB,586,0,35
PIK3CB_AGCTTACCTTATCGAAGGGA,PIK3CB,189,6,50
PIK3CB_TGTAGCGTGGGTAAATACGA,PIK3CB,725,28,288
PIK3CB_TATCAGACCATCAGGAAAGC,PIK3CB,707,53,179
PIK3CB_TGACAAGAAGTTGTGACCCA,PIK3CB,1529,177,136
PIK3CB_CATCCTTGACATCTGGGCGG,PIK3CB,939,12,92
PIK3CD_AGGTTGGCATTGCGGGACAC,PIK3CD,1298,351,836
PIK3CD_AGTTGATGAGCTTCTTCACG,PIK3CD,1152,91,302
PIK3CD_GATGTGCCAATTCTGCGAGG,PIK3CD,910,220,228
PIK3CD_GCACGTCCTTGGTGGACACC,PIK3CD,647,177,82
PIK3CD_TCTGCTCATCCCGCATGGCG,PIK3CD,1440,321,481
PIK3CD_CGGCTGCTCCAGGGACCACA,PIK3CD,1051,143,116
PIK3CG_CGAAACGGCGCTGCTGCACG,PIK3CG,2553,1075,454
PIK3CG_CTTCAGCAGAAATCTGGCAA,PIK3CG,973,519,463
PIK3CG_TTGGGTAAAGTCGTGCAGCA,PIK3CG,2133,756,704
PIK3CG_TATGATCCTGGACTGAAAGC,PIK3CG,653,162,145
PIK3CG_CAGAAGTTCCCATCACAAAG,PIK3CG,1922,1193,995
PIK3CG_TATCCGGGATGCCCTCACAG,PIK3CG,2084,394,419
PIK3IP1_TCCCGGCCTGGCCCATAAGG,PIK3IP1,550,99,107
PIK3IP1_ATCATCATTGCCATCGGAGC,PIK3IP1,489,195,76
PIK3IP1_TGGAGTTCATCCGCACCCGC,PIK3IP1,954,247,283
PIK3IP1_TCACAGTTACTGCCGAAACC,PIK3IP1,631,182,169
PIK3IP1_CCAGCCAGTTGAGGCAGCGG,PIK3IP1,398,127,64
PIK3IP1_CTAGGAGCATGTTGCTGACG,PIK3IP1,2699,365,293
PIK3R1_TCCACGAGCTTGATAAGAAG,PIK3R1,1120,414,470
PIK3R1_ATCATTTCCAAGTCCACGGA,PIK3R1,517,225,287
PIK3R1_AATGAACGACAGCCTGCACC,PIK3R1,78,42,65
PIK3R1_AACTTCGAGATACAGCAGAC,PIK3R1,742,315,427
PIK3R1_GGAAGAAGACTTGAAGAAGC,PIK3R1,595,72,148
PIK3R2_GCGCTCTGTACCCGTTCCGC,PIK3R2,571,33,87
PIK3R2_ACAAGCTTCACCAGAAGAGG,PIK3R2,436,41,86
PIK3R2_TGAGATTCGCTGTCCAGCCC,PIK3R2,1831,310,123
PIK3R2_AGACTGGTCCCTGAGCGACG,PIK3R2,1460,336,520
PIK3R2_ATCTGTCCGCAGAGGCCGCG,PIK3R2,519,173,193
PIK3R2_TCAGGAACACTTGGAAGAGC,PIK3R2,831,189,297
PIK3R3_GATCTCGGATCTTTCGCAGC,PIK3R3,222,181,200
PIK3R3_TTGAGCGATTTCGCAGAGAG,PIK3R3,1081,563,379
PIK3R3_CCCAGTGTCCAGATACCAAC,PIK3R3,1322,632,588
PIK3R3_AAATTGCGGGATATGCCAGA,PIK3R3,200,369,113
PIK3R3_TGGACCGCGATGACGCAGAC,PIK3R3,1772,679,492
PIK3R3_AGCCGCAGAAGATATCAACA,PIK3R3,2251,924,530
PIK3R4_CCAGCAGAGGACTCGGAACG,PIK3R4,2617,269,307
PIK3R4_TGGCAGGATCCTCTGGCGGA,PIK3R4,877,139,123
PIK3R4_ATGGATACGTTATGGTGCCG,PIK3R4,767,109,133
PIK3R4_CTCAAGCCTCTGCTGCAACA,PIK3R4,1081,705,534
PIK3R4_GCGTATTCTGGTTATACGGA,PIK3R4,684,14,57
PIK3R4_AGCCAAGCACCGAGAAGGCC,PIK3R4,492,0,29
PIK3R5_CAGGACCAAGCTGCAGGCGG,PIK3R5,1372,74,127
PIK3R5_AACTCGGCCTGCACTTCCAC,PIK3R5,618,127,288
PIK3R5_AGGGATCTCCTACCAGAGAC,PIK3R5,391,240,181
PIK3R5_GAACAGTGGAATAGAAGAGC,PIK3R5,694,276,518
PIK3R5_GATCCTGCAGAAGACCCGAG,PIK3R5,900,34,86
PIK3R5_TCCCTTGGACCGACCTGACC,PIK3R5,181,86,213
PIKFYVE_CTAATGCTGAAGAGCGCCGC,PIKFYVE,327,21,131
PIKFYVE_GAAGCTGAACAGCTGTACGA,PIKFYVE,117,44,120
PIKFYVE_TCTGCCCACATAGTCGGCAA,PIKFYVE,1022,242,372
PIKFYVE_ACTGAGTCACTGTCGGGAGA,PIKFYVE,139,24,54
PIKFYVE_TGATGTGCGCTTGCTAGGAC,PIKFYVE,1493,453,367
PIKFYVE_TTGTTATGATGCCAGCCCAA,PIKFYVE,428,64,89
PILRA_AGTAGCACAACCACCACAAC,PILRA,1283,372,281
PILRA_GACTGATCTGCCTCCTCAGG,PILRA,195,0,0
PILRA_AGATCCCAAGCTAAATCCCA,PILRA,361,252,203
PILRA_CTCACCATTCAGTCTTGAGA,PILRA,810,310,179
PILRB_CTGGAGCTTTGGTGACCCAC,PILRB,1503,559,839
PILRB_CCTGGGCCCGTCTCTAACAG,PILRB,604,114,47
PILRB_TGTCGTGGCAGTCCATCAAG,PILRB,622,194,64
PILRB_CTCAGGGTCACAGAAAGCAA,PILRB,374,235,331
PIM1_CCTGGAGTCGCAGTACCAGG,PIM1,238,75,69
PIM1_CCGGCAAGTTGTCGGAGACG,PIM1,1838,449,257
PIM1_CCAGGTGGCCATCAAACACG,PIM1,2115,815,651
PIM1_TAATGGCACTCGAGTGCCCA,PIM1,61,38,152
PIM1_GCGTCATTAGGCTCCTGGAC,PIM1,700,559,252
PIM1_CACCTCCACAGCCTGTCGCC,PIM1,65,0,39
PIM2_CTGGATGCAAACACCAGCCG,PIM2,1600,131,189
PIM2_CACACACCATGTCATAGAGG,PIM2,1120,394,363
PIM2_ATCCTGATAGACCTACGCCG,PIM2,670,286,380
PIM2_GAATCACTTTGATGGCCACC,PIM2,2,47,118
PIM2_CTCCGCCTGCGTAGGAGGCA,PIM2,521,249,220
PIM2_TGTTGACCAAGCCTCTACAG,PIM2,793,207,168
PIM3_GCTGCAGGATCTTCACCGGG,PIM3,600,134,227
PIM3_CTTCGAGAAGGCGTACCAGG,PIM3,1602,292,302
PIM3_TGAAGCACGTGGTGAAGGAG,PIM3,3428,579,465
PIM3_TTCGACTTTATCACGGAGCG,PIM3,1042,627,452
PIM3_AAGCACGCCCAGCGACCACA,PIM3,467,224,673
PIM3_CACCCTCGACCCTGATGACG,PIM3,2291,740,745
PIN1_TTCTCCTGCCGCCAGGACGA,PIN1,1462,121,417
PIN1_GGAGAAGATCACCCGGACCA,PIN1,750,59,21
PIN1_CAGCAGAGGTGCGCAAGGAA,PIN1,2979,1020,1049
PIN1_CGCAAGGAATGGGCCTCACC,PIN1,621,132,311
PIN1_CGCCTCGTTTGCGCTGCGGA,PIN1,1064,236,531
PIN1_CCCACCCTCACTCAGTGCGG,PIN1,1315,177,184
PIN4_GGCCAGACACTTTACAACAA,PIN4,3129,223,668
PIN4_GGTCCAACACACAACCGGAG,PIN4,284,59,177
PIN4_GCACCTCCATGTTTACAGAA,PIN4,1563,753,574
PINK1_GAAAGACTGCCCGGCCGCAA,PINK1,522,387,172
PINK1_CCACATCATCTTGATGGCCA,PINK1,2024,304,238
PINK1_CACATCAGGGTAGTCGACCA,PINK1,1475,498,180
PINK1_CGATGCCCTGTTGAACCAGA,PINK1,1413,363,226
PINK1_AATCTGCGATCACCAGCCAG,PINK1,473,259,190
PINK1_TTTCAAGGTGGGCCTTGCCC,PINK1,153,105,176
PINLYP_CTTGTCACTTACCAAGACCC,PINLYP,1494,245,225
PINLYP_GCGAAATATGTACGGCGGCG,PINLYP,489,583,408
PINLYP_CGGCGTTATATCCACCACCA,PINLYP,2890,680,761
PINLYP_GCCGTCGCTCTGGCAGCAGA,PINLYP,85,64,0
PINLYP_TTATCTGGACACGTGCAGGC,PINLYP,895,394,405
PINLYP_CCTGTGGGTACTTCAGCACC,PINLYP,1594,269,403
PINX1_TAAGGCCAAGAGGCACACGG,PINX1,961,62,41
PINX1_CAGACCCTGGAACTGGAACC,PINX1,1792,30,50
PINX1_GGAGTACTTTGCCAAGCGGA,PINX1,543,35,4
PINX1_TCCAGGAGTACTTTGCCAAG,PINX1,2005,124,224
PINX1_ACGATTCCAAGTTTGGCCAG,PINX1,1695,2,16
PIP_TGGCAGGGCTGGCCCTGAAC,PIP,482,418,571
PIP_TGGATTGTCGTCACATAGGC,PIP,821,410,474
PIP4K2A_TGGAGATCTCCGCGCCAGCC,PIP4K2A,770,351,93
PIP4K2A_CTCTGCAGACTCGCCTAGGA,PIP4K2A,731,78,174
PIP4K2A_GAGAGCCGAACAGGAGGAAG,PIP4K2A,285,34,55
PIP4K2A_TCCTATACACAGACAAACGG,PIP4K2A,1269,182,143
PIP4K2A_CCGGGAAGAATTCCCTGACC,PIP4K2A,418,128,189
PIP4K2A_TGGTCTTGGTCTTGCTCGCC,PIP4K2A,550,321,165
PIP4K2B_TGCCAGAGAAGCGAGCGACA,PIP4K2B,2549,256,479
PIP4K2B_TGCGATGCACAGTGAGCCGA,PIP4K2B,441,99,146
PIP4K2B_CAGTCTTGATGACAAAGCGC,PIP4K2B,593,227,243
PIP4K2B_TAAACTTAAAGCGGCTGGGC,PIP4K2B,223,73,78
PIP4K2B_AGCCTACAGCAAGATCAAGG,PIP4K2B,831,403,101
PIP4K2B_TGAGGATCGGCTCGCTGGCC,PIP4K2B,509,115,178
PIP4K2C_GCGAAGCCGAAACCTGGGCC,PIP4K2C,118,80,87
PIP4K2C_TCTGGCAGCAGCATCACCGG,PIP4K2C,1381,276,331
PIP4K2C_CAATGCCAAATCGATCACGG,PIP4K2C,966,484,365
PIP4K2C_GGTTTCGGGTAAGGGACACC,PIP4K2C,43,72,8
PIP4K2C_GGAAGCCAGCGATAAGGAAA,PIP4K2C,467,254,308
PIP4K2C_CTCTGACTCATCCTCCCGCA,PIP4K2C,2287,528,795
PIP5K1A_ACCTTGTCCTCAGGTAAGCC,PIP5K1A,605,233,211
PIP5K1A_TTAGGTCTTGGAAGCTAGAC,PIP5K1A,694,243,248
PIP5K1A_ACTTACTCCGTCATGTACCA,PIP5K1A,1467,318,401
PIP5K1B_GAATCTTGGGTAAACGAGAC,PIP5K1B,166,87,45
PIP5K1B_GCTGGGAATAGGATACACAG,PIP5K1B,1309,430,279
PIP5K1B_TCCTGCAAGACATGCACGAA,PIP5K1B,2787,549,867
PIP5K1B_TAAGCGGACTGGGATGCAGA,PIP5K1B,1700,506,323
PIP5K1B_GATTGTGTCCTCAATTAGCC,PIP5K1B,263,118,65
PIP5K1B_ATCCCGACACAGGCCAGACC,PIP5K1B,603,389,536
PIP5K1C_GAAGCGGCCTGTGGGCCAGA,PIP5K1C,304,99,135
PIP5K1C_TGAAGGTGTCGGCGTCCAGC,PIP5K1C,429,88,317
PIP5K1C_GCTGATCGAGCTGTCCAACC,PIP5K1C,2009,148,152
PIP5K1C_TGAAGCGGAAGTCCTGGAAG,PIP5K1C,2009,322,333
PIP5K1C_CGGTGTAGCCGATGCCCAGC,PIP5K1C,530,77,123
PIP5K1C_CGGCGAAACCACCTACAAGA,PIP5K1C,3522,1165,1450
PIP5KL1_TCACCTCTCGGAGATGCGGC,PIP5KL1,446,10,30
PIP5KL1_TGCACAGTCTGCGGGTGGAC,PIP5KL1,1384,651,381
PIP5KL1_CCCTGCCGCAAGCTCACGAC,PIP5KL1,1328,225,121
PIP5KL1_TCCGAGAAATCGTCCCGGGA,PIP5KL1,1113,95,165
PIP5KL1_CTCCATGGACCACCCACCCA,PIP5KL1,2741,623,925
PIPOX_ACCTGGCCAAACACAGGAAG,PIPOX,1008,43,44
PIPOX_TTCTTTCTACCACACTCCCG,PIPOX,1340,102,242
PIPOX_TCCCAAATATTCGGTTGCCC,PIPOX,419,181,213
PIPOX_GGAGAGGCATCTCAATGCCC,PIPOX,80,41,14
PIPOX_CAGCCACAGGAAGCACGGAA,PIPOX,900,731,726
PIPOX_ACCACGCAGACCCTGAGGAG,PIPOX,1989,494,149
PIR_ATCCCTAAACCCAGTAAGGA,PIR,381,106,31
PIR_TGGGCTGGCTCCTCTGAGCA,PIR,948,807,652
PIR_GGTATCCTACCTCCTGGAAG,PIR,611,199,120
PIR_AGGTATCCTACCTCCTGGAA,PIR,923,374,340
PIR_GAGAAGCATTGGCAGACCCG,PIR,193,57,79
PIR_CAGCCGGGAGCAGTCGGAAG,PIR,755,333,520
PIRT_CATGATGCTGGTGTGCGGGC,PIRT,0,139,100
PIRT_GCCCACTGACATGATAACGA,PIRT,1995,528,306
PIRT_CGCTCCTGGAGCTGATGCAC,PIRT,1421,386,758
PISD_AGCTGCCACACTGGCTGCGC,PISD,1194,2,98
PISD_CAGGAGCGCAGTTTCAGAGC,PISD,849,378,96
PISD_CATCTCACCATTTCGCCGCG,PISD,241,342,415
PISD_GCCGCCTGTCACCAACAGAA,PISD,1767,13,2
PISD_CTCAGGGCAGTGATCTCACA,PISD,571,177,124
PISD_ATGTCTGGGATTACTGCACG,PISD,1151,60,67
PITHD1_TCGCACGGTCACAGCCACGG,PITHD1,2454,218,452
PITHD1_ATGCCTTAACGAGAGCCGCG,PITHD1,287,142,137
PITHD1_TCAGACCTTTAGTCTGAACC,PITHD1,656,261,201
PITHD1_CTTCGGAGCAGATACGACAA,PITHD1,1094,319,542
PITHD1_ATATTGGCCTGAGAGGAGAG,PITHD1,550,219,363
PITHD1_CTTGCAGCTTCGCCGACACG,PITHD1,2187,390,551
PITPNA_CATGGACGACATTCGAAGGA,PITPNA,753,227,147
PITPNA_GCCTGAGGCGTGGAAACACG,PITPNA,737,207,306
PITPNA_CAAACCAGATCTTGGCACGC,PITPNA,1028,600,752
PITPNA_GGCCAGCATTCGAACAAACG,PITPNA,1053,688,574
PITPNA_AATGAAACGGGTGGTGGCGA,PITPNA,663,143,7
PITPNA_CTTACCTCATCTACAGACAC,PITPNA,1767,251,408
PITPNB_AGCAGCCGACGTGCCTCGAA,PITPNB,334,78,40
PITPNB_CAAGTGGATCGATCTCACGA,PITPNB,888,335,206
PITPNB_CCAGATGTGTGCCTATAAGC,PITPNB,1091,404,364
PITPNB_CGTGAGGATGATTGCTCCCG,PITPNB,1907,462,547
PITPNB_TTTGCCATGTTCTGTTCAGG,PITPNB,640,66,108
PITPNC1_CATGCCGCTCACCGTAGACG,PITPNC1,1284,482,603
PITPNC1_TGGGCAGTTCACCGAGAAGC,PITPNC1,715,436,507
PITPNC1_AGAAGCGGGTGTATCTCAAC,PITPNC1,234,302,376
PITPNC1_CGACAATGAAGCCAAAGACG,PITPNC1,2308,449,758
PITPNC1_TGACTCTCTATGTCATCCAC,PITPNC1,632,91,84
PITPNC1_CCGTTCCCAAAGATCGGCCC,PITPNC1,371,207,58
PITPNM1_AGGCTTCTCGGACAGTGAGG,PITPNM1,424,189,176
PITPNM1_CCTCGGTGCTCGGTTTCCCG,PITPNM1,1534,34,177
PITPNM1_CACTCGGTCAAGACGGGCCG,PITPNM1,408,675,338
PITPNM1_AAACGTCTTCAACCTGAGCG,PITPNM1,1366,223,654
PITPNM1_GCCAACCGGCCCTACACGGA,PITPNM1,623,38,44
PITPNM1_TCACCTGGATCATGTAGAGC,PITPNM1,1511,253,160
PITPNM2_GATGAGTTCTTCGATGCGCA,PITPNM2,49,44,39
PITPNM2_AGTCGTCTCGGTCGTCCAAG,PITPNM2,212,183,245
PITPNM2_CCTCGATCCAGTTCTCGGAC,PITPNM2,1292,231,190
PITPNM2_CCTGGTTACCGATTGTCAGC,PITPNM2,1357,425,309
PITPNM2_AAGACTCCTCCACCACCCGC,PITPNM2,162,70,109
PITPNM2_CCACCTGTATCATGTACAGC,PITPNM2,1395,450,364
PITPNM3_TCGCTCTGTTTCCGCGGCAA,PITPNM3,741,765,603
PITPNM3_CCTGCCAGCAGCAGCCGGAA,PITPNM3,592,144,219
PITPNM3_TCAGGAACTCTCTGTAGACC,PITPNM3,1655,408,406
PITPNM3_TGTCGGCTGCCTTGCAGGAC,PITPNM3,2944,409,422
PITPNM3_ATCTCGATGCTTCCCTGGGC,PITPNM3,670,33,150
PITRM1_GCACTCACAGGCTTGTCCCA,PITRM1,388,150,209
PITRM1_ACGTACTCAGTGGTCTCCGG,PITRM1,165,0,50
PITRM1_TGATTTGTCCTCAGGCAGGA,PITRM1,427,257,288
PITRM1_GGCGTTCATGAACGTGGAGA,PITRM1,79,95,102
PITRM1_CCATGGATTCACCGTAAACC,PITRM1,3329,1114,802
PITRM1_TCAGCCGCCTCAGCACACAC,PITRM1,912,371,312
PITX1_CCGGTAGACGCTGTAGGGCG,PITX1,700,819,523
PITX1_GCACGTAGCCACCCTTGCAC,PITX1,1271,253,670
PITX1_CCTACTGCAGAGAAGGAGCG,PITX1,1144,279,247
PITX1_CGTCCTGCCTACTGCAGAGA,PITX1,2263,485,474
PITX1_CGCCAGCGAGTCGTCTGACA,PITX1,1634,692,538
PITX1_GAGTTCTCGAGCGGCTCGCG,PITX1,983,118,75
PITX2_AGTCGGCGGCGCGTAAGGAC,PITX2,482,371,160
PITX2_GAATGAGGACGTGGGCGCCG,PITX2,734,84,248
PITX2_CTCGGTGCTCCAAGTGAAGC,PITX2,850,360,484
PITX2_CCGGCCTTACCATTGGCGCC,PITX2,247,367,256
PITX2_TTGGCGCCAGGATGCTGCCG,PITX2,1398,315,385
PITX2_GGAGACCAACTGCCGCAAAC,PITX2,870,405,259
PITX3_GGGTACACCTCCTCGTAGGG,PITX3,123,105,201
PITX3_GCTTCCGCCATTTGGCGCGC,PITX3,460,78,182
PITX3_CTGGAGAGCATACCCGCACG,PITX3,2376,644,951
PITX3_TGGAGAGCATACCCGCACGC,PITX3,1682,605,522
PITX3_GGAGTTCGGCCTGCTCAGCG,PITX3,1275,314,538
PIWIL1_CTGCGCTGTCTCCTGACCGC,PIWIL1,586,60,71
PIWIL1_CTCAGCCGCCACCAGCAGAG,PIWIL1,3377,1033,1220
PIWIL1_TTATCGTTAGCAGAGAGAGG,PIWIL1,405,238,188
PIWIL1_GATACTGATATAAGGCCCAC,PIWIL1,0,6,28
PIWIL1_TAGTAAGACCCGGAATGGAG,PIWIL1,501,477,357
PIWIL1_GACAGGTTGGTGATTTGGCC,PIWIL1,89,77,165
PIWIL2_CTAATCTGGTACGCAAGGAC,PIWIL2,2314,284,305
PIWIL2_ACCTTCAGCACACCGTCCCG,PIWIL2,1392,322,221
PIWIL2_GGGAATGCACAGGTCAGAGC,PIWIL2,496,102,300
PIWIL2_CTATGGTACTACAGCAACAC,PIWIL2,3881,766,819
PIWIL2_CGGATGCTAGCTGCATAGCC,PIWIL2,805,611,509
PIWIL2_CTGGGCCTGTGAATCAGCAA,PIWIL2,1511,295,493
PIWIL3_TGTGGCTCACATCGGCACAG,PIWIL3,558,183,340
PIWIL3_GCGTAGGCAATCTGGCGACG,PIWIL3,1161,928,633
PIWIL3_GACGAGATATCACTCGGAAG,PIWIL3,204,0,10
PIWIL3_CTTGCCTGGTGTTCACCACC,PIWIL3,1282,189,376
PIWIL3_ACTTCCTCCTGCAGCGGCCG,PIWIL3,897,133,111
PIWIL3_TTGGTAGCTCTCCCTGCGGC,PIWIL3,343,106,57
PIWIL4_CATTCTACACACCAATGGCG,PIWIL4,312,143,85
PIWIL4_ACAAGCAGGATCTCAACCAA,PIWIL4,1076,117,175
PIWIL4_TTGTCTTCTTCAGGTTCCAG,PIWIL4,90,71,79
PIWIL4_TTGAAGACCTGGATGCACAC,PIWIL4,465,256,259
PIWIL4_CCAGAACCGTCTCATTCCGG,PIWIL4,1484,428,502
PIWIL4_TTTAATAGGGCTGACTGACC,PIWIL4,358,31,26
PJA1_CGCCATGATCTTCAGTGACC,PJA1,391,1184,987
PJA1_GCCTGCTCTTCCTGAAGAGA,PJA1,232,295,157
PJA1_CGGTGCTAGTGCCAGTGCCG,PJA1,799,286,639
PJA1_ACTCTGACAGTGACAAAGAG,PJA1,1469,523,594
PJA1_CCAGAAGTCAGGGTCGGCCA,PJA1,2279,385,818
PJA1_TGCCACACAGTACTTCCAGG,PJA1,580,74,141
PJA2_GGGAAATGACGGCGGCACAC,PJA2,811,313,237
PJA2_ATGAACATACCTCCATAGCC,PJA2,419,159,155
PJA2_ACTAGAAGAACGCTTAGCCC,PJA2,474,79,17
PJA2_AACCTGTTTCTTGGTCCACC,PJA2,241,99,172
PJA2_ACTGATAAGTTCAAGCCAGG,PJA2,118,123,149
PJA2_GAAAGAAGCTTAGGTCGGGC,PJA2,94,199,259
PKD1_CCCGGATGAAGATGACACCC,PKD1,1071,470,507
PKD1_CCACGCAACACTCACGCCCG,PKD1,4846,1180,862
PKD1_CCCTACCCAAGACACCCACA,PKD1,1509,277,461
PKD1_GGGTAGCAATCTGCGGCAGC,PKD1,165,76,278
PKD1_CGACGTCACCTACACGCCCG,PKD1,3803,677,777
PKD1L1_GGAGTTCATGAACGCAGACA,PKD1L1,769,120,160
PKD1L1_AGACTGCGATGCCGTGAAGC,PKD1L1,1429,606,847
PKD1L1_AAATGTGAAATCGGCCACAG,PKD1L1,2294,319,292
PKD1L1_CAGCCGCCTGTGATGGAACC,PKD1L1,2576,434,1076
PKD1L1_CCCACAATCCACCTCCAGGA,PKD1L1,908,565,355
PKD1L1_TGCACAGGACATGGCCGAGG,PKD1L1,1674,278,744
PKD1L2_GGTGACCGTGCGAGACAAGA,PKD1L2,55,51,67
PKD1L2_ATGTCACCATCTCCCTGACG,PKD1L2,403,280,399
PKD1L2_AGGTCTCATCTGCTGCCACC,PKD1L2,238,24,97
PKD1L2_CGGCATCCTGGGTGCAGAAA,PKD1L2,4660,2505,1829
PKD1L2_CCAATGTGACCTACAGCAAC,PKD1L2,4124,1030,756
PKD1L2_GCACGGAATGGAACCACGGA,PKD1L2,690,299,367
PKD2_ATGGACGTAGAGTGGCGCCC,PKD2,831,54,21
PKD2_CGGCAACTCCGAGTCAGAAA,PKD2,1848,1548,1515
PKD2_TCTGGCTGGACCGAGGAACC,PKD2,706,146,154
PKD2_CGACCTGAGTGCCAAAGACA,PKD2,3664,1230,1552
PKD2_GAGACGACTTGGAGAAAGAG,PKD2,307,180,125
PKD2_ATAGCGGACATAGCTCCAGA,PKD2,679,84,95
PKD2L1_CTGTCAACCTCTTCTTCGCC,PKD2L1,2323,479,468
PKD2L1_ACTGTGCGGATTTGCCAGGA,PKD2L1,416,4,62
PKD2L1_CTCTCCGGGCCCTTCAGGAG,PKD2L1,1511,581,656
PKD2L1_GCTTGTGGTTCAGTTTGCCC,PKD2L1,267,48,34
PKD2L1_TACCAACAGCTCCCTCAGGG,PKD2L1,822,27,63
PKD2L1_GGAGACGGCATACAGGACCC,PKD2L1,279,7,130
PKD2L2_CCACCGTGACGCCTCAGCCA,PKD2L2,1224,230,318
PKD2L2_CCCAGTACAGACCTTCCAAA,PKD2L2,1379,1017,846
PKD2L2_CTGAACAGCTGGATCACAAG,PKD2L2,1378,983,879
PKD2L2_TGAACAGCTGGATCACAAGA,PKD2L2,1513,619,371
PKD2L2_ATTCTTCTTGAGTGACAGGC,PKD2L2,403,196,102
PKDCC_AGGTGCAGCGCTATTCCCGC,PKDCC,692,260,163
PKDCC_CCTGACCACCATCACGGAGC,PKDCC,2048,844,187
PKDCC_CCACCAGCACAAACTGCCGA,PKDCC,217,229,371
PKDCC_CAGAGGACGCAGTGAAGGCG,PKDCC,215,205,176
PKDCC_ACTCTGCAGGAGAGCTCGCC,PKDCC,0,0,21
PKDCC_TGACCACAAAGGCCCGACAC,PKDCC,2127,480,349
PKDREJ_GCATGAAAGATGAGAGGAAC,PKDREJ,677,275,232
PKDREJ_GGAATTTGTATTTGGCCCGA,PKDREJ,115,36,32
PKDREJ_TTCTTGGTGAGAAGACCAGC,PKDREJ,355,2,219
PKDREJ_CGCATCTGGGTCCGAGGACG,PKDREJ,3189,729,565
PKDREJ_CTGCATGCTCAGGCGCACGG,PKDREJ,2178,580,736
PKHD1_CTCCGGCTTGGATTTGAACG,PKHD1,3772,920,769
PKHD1_AGATCCGAGTCCGAGCCCAG,PKHD1,453,423,332
PKHD1_AAGGTCAATGGTCCACAAGA,PKHD1,892,137,76
PKHD1_TATCCTATTCAGGAGGACCA,PKHD1,172,17,18
PKHD1_CTCTCAATTGGAGATACACC,PKHD1,554,93,122
PKHD1_ACTCATCAGAGAGATCAGCC,PKHD1,959,25,92
PKHD1L1_TGTGCCGCGGATCCCAGCAC,PKHD1L1,2206,199,313
PKHD1L1_TGTTAGAGTCAGTGTGGACG,PKHD1L1,2536,465,493
PKHD1L1_AAGCTGACATTGTGATGACC,PKHD1L1,399,436,377
PKHD1L1_ACGCCCACTTATTGTCAGCG,PKHD1L1,3033,1040,1393
PKHD1L1_TCATTACACTTAGGAGGGAG,PKHD1L1,233,122,165
PKHD1L1_CTTCCTGGAGGATTGTCGAC,PKHD1L1,545,464,195
PKIA_TGCCACTTGCAGAGGAAACC,PKIA,2290,452,358
PKIB_CTTCAGCAAGGGCAGGCCGC,PKIB,714,225,442
PKIB_TGTCTGGTAAGGCATTCCGG,PKIB,1116,90,140
PKIB_GAGGCTCTCTCCGTGAAGGA,PKIB,310,50,21
PKIG_TTCATCTCCTGTGACCGGAC,PKIG,670,343,348
PKIG_TGTCAGGGACCGCATTCCGA,PKIG,1459,125,152
PKIG_GGCTGGAGACATGGGCGAGC,PKIG,933,71,261
PKIG_TGGGCGAGCTGGCACTCGAG,PKIG,1781,380,305
PKIG_CTCCTCTCCAGAAGGACAGG,PKIG,898,63,283
PKIG_ACAAGGTCAGATTCAAGACG,PKIG,1076,181,173
PKLR_CGACGGCATCATGGTGGCAC,PKLR,1356,609,495
PKLR_TGTGCGGAAAGCCAGCGACG,PKLR,1132,99,415
PKLR_TATTGTCCGGGTCGTGCCGG,PKLR,561,197,99
PKLR_AAGGGACCGGAGATCCGCAC,PKLR,63,76,118
PKLR_GCGCGACTCAACTTCTCCCA,PKLR,179,144,160
PKLR_CTGGTACTGCGAGCAGCCAC,PKLR,51,136,247
PKM_AGAAGCCTCCACGCTGCCCA,PKM,243,68,72
PKM_ATCACTGCCTTCAGCCCGAG,PKM,945,0,6
PKM_ATTGGACGGTGCAACCGAGC,PKM,345,18,15
PKM_ATGTCCTTCTCCGACACAGC,PKM,336,0,32
PKM_TTACTCTCTTGTCCCTAGAG,PKM,618,106,189
PKM_CATTCTTGATGGTCTCCGCA,PKM,246,0,1
PKMYT1_CATCCGGCACTCCCTAGCCC,PKMYT1,1613,652,156
PKMYT1_GGGATGACGACAGCCTAGGG,PKMYT1,500,109,66
PKMYT1_GCTGTGGTGCATGGCAGCGG,PKMYT1,761,9,3
PKMYT1_TCACCGGCAGTGAACTCAGG,PKMYT1,989,228,131
PKMYT1_CGAGGTGGGCAGCCACGAGA,PKMYT1,824,19,66
PKMYT1_GGGCCATGGCTCCTACGGAG,PKMYT1,1177,73,162
PKN1_GCTGCGGCGGGAAATCCGCA,PKN1,40,18,3
PKN1_ATGATCCAGACCTACAGCAA,PKN1,1537,626,188
PKN1_CATCCGCATGCAACTCCGCC,PKN1,1158,130,235
PKN1_CTTCCGAGTGGAGCACGCGG,PKN1,617,298,311
PKN1_CTGTAGTGCGTGGCGGGAAA,PKN1,1940,1087,1115
PKN1_ACCTCCCAGAGACCATCCCG,PKN1,1033,104,65
PKN2_GAGTCCATACCGGAGCGCAA,PKN2,475,28,135
PKN2_GCAGTTGCTGAGCTGTACCA,PKN2,1210,69,105
PKN2_CCAGAAGTTTACACTGGAAC,PKN2,1141,979,1003
PKN2_GGGATGCGTACATCAACCAC,PKN2,1,26,20
PKN2_TGGCTCGAGATGAAGTAGAC,PKN2,908,96,187
PKN2_ACTTCCTCTTCATCATCACC,PKN2,260,13,0
PKN3_TGAGAAGGAGGTGATCCGCC,PKN3,344,164,276
PKN3_TGAGCTGCTCTGCCCACGGC,PKN3,263,63,159
PKN3_GCGGGACAGCCAGCTGAAGG,PKN3,270,61,43
PKN3_CCGGAGAACACAGGACCGCA,PKN3,1658,493,505
PKN3_CTGACTACCTGTTAGGGCGG,PKN3,1168,277,278
PKN3_ACCAAGGCCAAGCACCAGCG,PKN3,2625,358,472
PKNOX1_TGCTCTGAACCCGATGCAGA,PKNOX1,929,61,128
PKNOX1_ACTCTGTTGAGTGGAGAGCC,PKNOX1,550,233,101
PKNOX1_GGGAAACGTAGCCATGGCGA,PKNOX1,302,14,0
PKNOX1_CCCGATGTGCTGGAAGAGCC,PKNOX1,988,189,433
PKNOX1_CTTTGTAAACTCGAAGGCCA,PKNOX1,472,266,171
PKNOX1_TGGCCGGCCAAGGCCAGACA,PKNOX1,797,187,280
PKNOX2_ACCCTACCAGGACAGCCCAC,PKNOX2,942,20,191
PKNOX2_CTCGCTTGTCAGCCTCCAGC,PKNOX2,46,70,274
PKNOX2_TCAAACAGCAGCGTCAGGAG,PKNOX2,2167,1549,1183
PKNOX2_GGTAACCTCCCAGGGTCAGG,PKNOX2,0,0,15
PKNOX2_AGAAGATCAAGTCTCAGCAC,PKNOX2,228,161,202
PKNOX2_GACGACAAATGTCAGCGACC,PKNOX2,275,116,231
PKP1_TCGATTGGAGTGGCTCAGGG,PKP1,802,275,418
PKP1_ACAACTATGGGACCACCAGC,PKP1,1184,267,253
PKP1_GCAGATGTCGCTGCCTGCGC,PKP1,653,186,85
PKP1_GGATGAATCTGCCAAGCAAC,PKP1,989,203,302
PKP1_TGGTGGTGCTCCTGAACACC,PKP1,76,264,395
PKP1_CCCTTCTCTGGCTGGTGCGA,PKP1,1874,311,633
PKP2_CGCGACCTTCTAAACACCGG,PKP2,453,130,234
PKP2_GCACGCGACCTTCTAAACAC,PKP2,2499,220,271
PKP2_GCTTGAGGATGCCACGAAGC,PKP2,889,405,558
PKP2_TGCCACGAAGCTGGTTAACC,PKP2,439,341,469
PKP2_TACCACAGACAGTACCAGCA,PKP2,2057,542,686
PKP2_GCTCCACTCACCGTTGCCCA,PKP2,977,128,57
PKP3_GACAGCAGCCGCGGCACAAC,PKP3,766,370,553
PKP3_CAGTACCACACCCTGCAGGC,PKP3,987,107,155
PKP3_GCTGTAGGCCGGCTTGGCGA,PKP3,161,44,75
PKP3_CGATGCAGCCGCCAAGAAGC,PKP3,1646,515,853
PKP3_TGCGCATGGCACCTGTGGCA,PKP3,1365,158,263
PKP3_GGCGTTCTGCTGGATGAGGG,PKP3,1195,159,255
PKP4_GCAGGCCTCATTGGTGGAGG,PKP4,667,107,183
PKP4_CACCAAGCATCGCCAGCACC,PKP4,859,388,488
PKP4_ACAGGCGTGTCTCCTTCAAG,PKP4,1015,282,157
PKP4_TTGTATCGCACAGGTTCAGG,PKP4,684,68,144
PKP4_ACGCCATGCTGGGTTTCAGA,PKP4,389,122,370
PKP4_CTATGCCTCCTGAGTCGGCC,PKP4,684,212,233
PLA1A_GCCCACAGCTAGGATTCGAA,PLA1A,1064,571,748
PLA1A_CTAATGTGATTGCCGTGGAC,PLA1A,1294,695,669
PLA1A_CCACATCATTGGTGTTAGCC,PLA1A,1113,263,488
PLA1A_ATCCAAGCGCTCTTCCACAC,PLA1A,2547,413,213
PLA1A_AAGTAGTCCACATGTCCAAC,PLA1A,919,46,140
PLA1A_CACTTTACCTATCCTTGGGC,PLA1A,920,70,208
PLA2G10_AGTCCGGCTCACATAGGAAC,PLA2G10,1405,313,217
PLA2G12B_CCCGCTGACTATTCATAAAG,PLA2G12B,2795,629,679
PLA2G12B_GCGGCAGCCCAAGGTCCACA,PLA2G12B,760,72,63
PLA2G12B_TGTTGAACACAGTGTCAACC,PLA2G12B,355,85,207
PLA2G12B_AAGGCACCAATGCCCAGACC,PLA2G12B,1108,124,101
PLA2G12B_CGACACGAGCCCTGACACGG,PLA2G12B,2556,775,976
PLA2G12B_TGCAGGATGAAGCTGGCCAG,PLA2G12B,1242,124,168
PLA2G15_GCGGCGACCGTCGTACACCA,PLA2G15,1938,462,648
PLA2G15_TACCTTCGAGGCAGGGCGCA,PLA2G15,391,87,141
PLA2G15_TGGTGATTTGGGTAACCAAC,PLA2G15,395,257,101
PLA2G15_ATCAGGAAACTGGGTGGCCC,PLA2G15,922,232,193
PLA2G15_GCCCACAAGGCTCTCCACCA,PLA2G15,2025,680,305
PLA2G15_TCTCCTCGATCATCTCGCGG,PLA2G15,1357,140,192
PLA2G16_CGCTGCAAGCGTTGCAGGAA,PLA2G16,1605,804,987
PLA2G16_TGACAAGGCCATCGTGAAGA,PLA2G16,2588,462,531
PLA2G16_AGTCAGGGCGGACATGACAC,PLA2G16,233,92,293
PLA2G16_ATGGCCCAGTGTCTGTAGAA,PLA2G16,1218,264,350
PLA2G16_TTCGCCCTTTCTACAGACAC,PLA2G16,1941,660,638
PLA2G16_TTGCAGCCAGAGCCTAAGCC,PLA2G16,1139,474,539
PLA2G1B_TAACAAGGCACACAAGAACC,PLA2G1B,630,254,341
PLA2G1B_ACTTGTCCAGTTCATCCACG,PLA2G1B,1755,275,158
PLA2G1B_CTTGTCCAGTTCATCCACGG,PLA2G1B,2878,1122,944
PLA2G1B_TGATCAAGTGCGTGATCCCG,PLA2G1B,659,258,73
PLA2G2A_TGAGGTAGGACTCTTACCAC,PLA2G2A,1371,283,194
PLA2G2A_TACAAACGTCTGGAGAAACG,PLA2G2A,1103,174,113
PLA2G2A_GATCACTGCCAACAGTAGGA,PLA2G2A,167,212,285
PLA2G2C_GGGCTTATGTCTGCCACACC,PLA2G2C,207,104,197
PLA2G2C_CGCCATTGACGATGTGGAAC,PLA2G2C,3899,1156,1179
PLA2G2C_TTCAGCTTCTCGTAGGGAGA,PLA2G2C,1007,263,304
PLA2G2C_CACCTGTCAGTGTCATCCAC,PLA2G2C,326,190,170
PLA2G2C_CCGTGGATGACACTGACAGG,PLA2G2C,1611,493,707
PLA2G2C_CTCTCTACTTACAGCAGAAG,PLA2G2C,1757,685,608
PLA2G2D_GGTGTGGGCTTCTAGCACCC,PLA2G2D,0,61,36
PLA2G2D_CTTCTGCCTGAAGCGCAACC,PLA2G2D,376,418,279
PLA2G2D_GCTGTGTGCCTGTGACAAGG,PLA2G2D,41,34,27
PLA2G2D_AGGCCAACCCAAAGATGCCA,PLA2G2D,873,145,66
PLA2G2D_TCAGGTTCAGGATCCCGCCC,PLA2G2D,505,209,155
PLA2G2D_GGTGTGATTCCAATCCAGGG,PLA2G2D,105,127,60
PLA2G2E_ATCCCAACAAGCTGTGCACC,PLA2G2E,430,180,213
PLA2G2E_ATTTGCGGTTGTAGGTGCCC,PLA2G2E,344,76,68
PLA2G2E_CTTTGTCCCATCCAGCCGGC,PLA2G2E,628,197,212
PLA2G2E_CTACGGGCGTCTGGAGAAGC,PLA2G2E,1633,719,418
PLA2G2E_CACCAGTCAGTCTGGTCCAC,PLA2G2E,347,214,348
PLA2G2E_ATAGTCGTTGTACTGCAGGG,PLA2G2E,568,114,205
PLA2G2F_AGAACCCGCAACATGGCAGA,PLA2G2F,764,518,396
PLA2G2F_TTTACTCACCGCTGCCAGCA,PLA2G2F,859,337,540
PLA2G2F_CCATGGCCTTCAGGTTGAGC,PLA2G2F,1009,315,264
PLA2G2F_AACCGTAGCCCACGAAGGAC,PLA2G2F,1975,170,208
PLA2G2F_TACCAGGAACTCTTTGACCA,PLA2G2F,1756,596,805
PLA2G2F_TTCCTCAATGTCTACTGCCA,PLA2G2F,995,207,208
PLA2G3_CTGTGCCTTTATCCTGGAGC,PLA2G3,760,473,695
PLA2G3_AGCATGTTGGTAACCTCGGG,PLA2G3,284,181,118
PLA2G3_TCCACTGCAACTGCACGCGC,PLA2G3,1279,317,191
PLA2G3_TTAGGCCACCCTGTGGGCCC,PLA2G3,376,39,59
PLA2G3_CTGCTCCTCCAGCACAAAGC,PLA2G3,2989,859,751
PLA2G3_TCTCTGCAGCTCGGGTCCGG,PLA2G3,96,0,65
PLA2G4A_GGGAATACTGGTGCTCCACC,PLA2G4A,92,129,27
PLA2G4A_CGTGCCACCAAAGTGACAAA,PLA2G4A,2742,1134,1249
PLA2G4A_GAACCCAATATGGCTACCAC,PLA2G4A,593,114,93
PLA2G4A_GATGAATCACACGAACCCAA,PLA2G4A,12,130,177
PLA2G4A_AAGTCACTCAAAGGAGACAG,PLA2G4A,441,78,209
PLA2G4A_TGTATCCTTACCTTGAACGG,PLA2G4A,606,114,75
PLA2G4B_AGAGTCACGTAGCAGTCAGA,PLA2G4B,1899,179,242
PLA2G4B_GAAAGTCTTTGACCAGGACC,PLA2G4B,188,477,99
PLA2G4B_GGCGAGTGGCTCGTCAGCAA,PLA2G4B,769,374,637
PLA2G4B_CACGTTCAACTGGAGGAGAC,PLA2G4B,952,703,575
PLA2G4B_GGAGGCCAGTACCTGGGACG,PLA2G4B,596,111,299
PLA2G4B_GACTTCCCTGTATGGGCAGC,PLA2G4B,30,61,119
PLA2G4C_CTCGAGCATCTCAGTCAGCC,PLA2G4C,1217,477,761
PLA2G4C_GGCTGCAAGAAAGTTCACAA,PLA2G4C,1080,519,479
PLA2G4C_TGAAGAAGCCCGTGGAAGAA,PLA2G4C,1774,684,900
PLA2G4C_ATCGATTTACCCGACAGGAG,PLA2G4C,871,231,186
PLA2G4C_CATGAGTGATGCTTACCAAG,PLA2G4C,1436,1014,347
PLA2G4C_TAAGAGGACTTACCTTCCCA,PLA2G4C,651,91,122
PLA2G4D_CTGCACAGAGATTGAAGCCC,PLA2G4D,1594,218,601
PLA2G4D_TCCAGAAGCAATGGCTGGAA,PLA2G4D,2215,513,472
PLA2G4D_TGCCATGTAGTGGAAGCGGA,PLA2G4D,157,193,223
PLA2G4D_TCCGGAGCAGCTTGCCAGGG,PLA2G4D,1553,295,335
PLA2G4D_CACAGGGCGGTTACTCACAC,PLA2G4D,320,113,100
PLA2G4D_ACACTGTTACCTGGTAAGGG,PLA2G4D,1135,301,390
PLA2G4E_TTGGTGACGAGGGTCTCAGG,PLA2G4E,410,112,48
PLA2G4E_GGTTGAGTGGAAACTTCACG,PLA2G4E,123,110,11
PLA2G4E_CAGCTTCTTCTGAGAGGCGG,PLA2G4E,537,104,68
PLA2G4E_AAGGGTGTGGTCCAGGCCCG,PLA2G4E,2360,475,661
PLA2G4E_GGATGACCCTCACTGTCAAC,PLA2G4E,435,105,434
PLA2G4E_CAAGGAGCCATAGGACAGAA,PLA2G4E,1267,305,698
PLA2G4F_CTGCTGTGTCTTTCAGGGCC,PLA2G4F,1205,492,573
PLA2G4F_ACCAGCAAGCTGGGCGAGGG,PLA2G4F,352,67,5
PLA2G4F_TGTAGCCTGGAGCTCAGCAC,PLA2G4F,1294,0,129
PLA2G4F_CGTGCCCTGGATTCTCAGAC,PLA2G4F,2040,798,883
PLA2G4F_ATCTGAAGTCATCACCAACG,PLA2G4F,801,401,453
PLA2G4F_TTTGGGCACTCTGGCCAAGG,PLA2G4F,269,204,78
PLA2G5_CAATGATCGAGAAGGTGACA,PLA2G5,508,50,222
PLA2G5_CTATGGGCGGCTGGAGGAGA,PLA2G5,153,240,256
PLA2G5_CCTACAAATACAGATTCGCG,PLA2G5,1187,1765,769
PLA2G6_GATGATCATCTCCGCACACC,PLA2G6,182,237,362
PLA2G6_CATTGCACAGCAGCAGCACG,PLA2G6,1418,298,401
PLA2G6_GCACCTGAGAATTGTCACCC,PLA2G6,441,194,434
PLA2G6_TCCCTAGCTCCACAGCCAGG,PLA2G6,675,361,133
PLA2G6_CTCTCCTCTTGGCAGACGCC,PLA2G6,250,108,154
PLA2G6_CTCGAGTGACCGAGTTCGGG,PLA2G6,834,345,211
PLA2G7_CTACAGATGTGGTATTGCCC,PLA2G7,1262,305,262
PLA2G7_CCTTAGAACCCTGAAACAAG,PLA2G7,1014,173,366
PLA2R1_AGCTTTGACCAAGCTTCCAG,PLA2R1,342,72,63
PLA2R1_TTTCTCCGTAGGAGGGACAC,PLA2R1,165,42,119
PLA2R1_TATGCTACCCACTGTGAGCC,PLA2R1,379,135,238
PLA2R1_TCCAAGAGAGAGATGAAAGC,PLA2R1,934,304,317
PLA2R1_AGGTAAATCGGTTCTGACCC,PLA2R1,212,342,69
PLA2R1_GAGCGGCTCCTGGAGTGGCA,PLA2R1,535,44,37
PLAA_TGCAAGTATGGGAACTACCA,PLAA,1180,512,506
PLAA_TTAGAAGATCCCGAAGAGCC,PLAA,1208,308,247
PLAA_TGCTGCTGTGTGCTCGACAA,PLAA,1960,824,751
PLAA_CTTGTCTTTCCAGTCCAAAC,PLAA,935,606,487
PLAA_CAGACACTGGCCATGACGAG,PLAA,2484,267,446
PLAC1_CTGCTTGGTGACAAGGGACC,PLAC1,1425,473,305
PLAC1_CAGTGAAGAAGAGCATACCC,PLAC1,613,213,454
PLAC1_CTGTGCTGTGCTCCATAGAC,PLAC1,1703,758,976
PLAC1L_TGATTGTGGCATCAGGACAA,PLAC1L,1242,309,322
PLAC1L_TAGAGGTGGAACACTCCAAA,PLAC1L,361,361,398
PLAC8_GGTATGGTAAGAGACTCACA,PLAC8,53,55,105
PLAC8_GGTTGGGTCACAACGACCAC,PLAC8,115,44,43
PLAC8_AATGCAAGCTCAGGCGCCGG,PLAC8,446,42,21
PLAC8L1_TCTTGAGTTCCCGGGCCACC,PLAC8L1,700,43,96
PLAC8L1_GGTGCCAATTCTCAGTGCAA,PLAC8L1,545,10,31
PLAC8L1_AAGGTGGACCCAGGTAACAA,PLAC8L1,1991,139,299
PLAC8L1_GCAATTGTCCAGACTGGCGG,PLAC8L1,664,69,95
PLAC8L1_AGCAATTGTCCAGACTGGCG,PLAC8L1,1712,351,190
PLAC8L1_ATCACAGCAATTGTCCAGAC,PLAC8L1,1399,246,292
PLAC9_GAACCCTTCAGCCCTCCGCG,PLAC9,287,157,165
PLAC9_GAGCTGAGTCTCCTCGCGGA,PLAC9,187,50,156
PLAG1_AGCTTGATGGAAACGTGGGA,PLAG1,135,142,86
PLAG1_TACCTGATGGAGTTACAAGG,PLAG1,654,144,103
PLAG1_CATCCTTTCGGGTGTAGAAC,PLAG1,815,725,1120
PLAG1_TCGCCGGTTCTACACCCGAA,PLAG1,1560,352,364
PLAG1_CAAATCACCAGGAATGACAG,PLAG1,1513,193,206
PLAGL1_TGGGAATAGCACTCTTGCCC,PLAGL1,596,72,52
PLAGL1_CAGTTGGAATGAAGGCGAGA,PLAGL1,667,161,157
PLAGL1_ATCTTTCACAGTGGTCGCAC,PLAGL1,87,84,153
PLAGL1_GCTGGGCTATAAGAGGCACC,PLAGL1,34,40,149
PLAGL1_TGTACGGCCGCTCCCTGGAG,PLAGL1,1466,214,297
PLAGL2_TCGGGAACACCTTTCTCAAA,PLAGL2,905,482,582
PLAT_CTGGTGCTACGTCTTTAAGG,PLAT,1666,317,568
PLAT_GGCCACGTGCTACGAGGACC,PLAT,0,0,93
PLAT_CGAGCCAAGGTGTTTCAACG,PLAT,2292,869,1563
PLAT_ACCCGGTTGCTTCTGAGCAC,PLAT,901,343,144
PLAT_CTCCTCTTCTGAATCGGGCA,PLAT,829,517,481
PLAT_AGTCTTCGTTTCGCCCAGCC,PLAT,771,134,226
PLAU_CTTTGGAGTCGCTCACGACC,PLAU,462,120,56
PLAU_CAGATCTGATGCTCTTCAGC,PLAU,631,188,424
PLAU_ACCCTGGTGCTATGTGCAGG,PLAU,647,949,3574
PLAU_CATCTACAGGAGGCACCGGG,PLAU,701,261,195
PLAU_GGCTTAACTCCAACACGCAA,PLAU,77,126,235
PLAU_CTTGGAACGGATCTTCAGCA,PLAU,1602,538,424
PLAUR_TCATGCTGAAGGCGTCACCC,PLAUR,333,139,122
PLAUR_AATCAATGTCTGGTAGCCAC,PLAUR,168,20,35
PLAUR_GAAGGTAGCCACAGCCACGG,PLAUR,710,201,121
PLAUR_GCCTGGATGTGGTGACCCAC,PLAUR,442,178,303
PLAUR_AGGACCCTGAGCTATCGGAC,PLAUR,1365,110,175
PLAUR_CCTGCAGAGGTCCTGTCCCA,PLAUR,448,85,348
PLB1_TCACCTGGAGCATTCTGGCA,PLB1,1830,272,474
PLB1_TATTCCAGCCTCCAGACCCA,PLB1,52,139,128
PLB1_CTCTTTCCAGTGTGGCACAC,PLB1,975,432,478
PLB1_CCATTTACCTGTTGAGCAGA,PLB1,1085,206,502
PLB1_ACGGTTCTCCTCTCACAGAA,PLB1,1272,744,674
PLB1_CTCAGAGGAGACCACCCGGC,PLB1,516,140,196
PLBD1_GGCAGCAGATGGTATTACAG,PLBD1,681,297,398
PLBD1_TCACTTTCCCTTGGTCACGC,PLBD1,761,456,525
PLBD1_CTGAACCACAGTCTTGACAA,PLBD1,3261,699,914
PLBD1_TGATGGCAGATAGTGGCAAG,PLBD1,931,454,414
PLBD1_CAGGAACTGAATCTGGAACA,PLBD1,1713,436,427
PLBD1_GGAAGCAAGATAAGTGGACC,PLBD1,153,76,40
PLBD2_CAGGAACGGCCCGACCAGCA,PLBD2,1188,898,617
PLBD2_AGCTTGCAGGCCTATGCAGC,PLBD2,698,231,273
PLBD2_TAGCCGACTTCATACTCGAA,PLBD2,1102,255,334
PLBD2_GGCCGTGTGAGCTTCCCAGC,PLBD2,534,470,119
PLBD2_TACTGGCTCCAGTTCCGGGA,PLBD2,92,42,111
PLBD2_AGCTTGTTGCCGGGAACCAG,PLBD2,931,299,586
PLCB1_CGTGTCCGACAGCCTCAAGA,PLCB1,1293,402,388
PLCB1_GAGACACGCCAAAGCTCCCA,PLCB1,480,14,89
PLCB1_CGTGGCTTTCCAAGAAGAAG,PLCB1,1368,425,319
PLCB1_AGCTGCAAGTCACTCCAGAA,PLCB1,2063,1059,646
PLCB1_CACATGCTCACCCTTGAAGA,PLCB1,1713,409,522
PLCB1_CAATTTCAGGTCGAGGGCAA,PLCB1,685,73,90
PLCB2_CATCTTGAGCTTCACAAGGC,PLCB2,334,104,184
PLCB2_CACTTACATCTTGTCCAGGA,PLCB2,1257,584,506
PLCB2_GAGGTCCACCATGTCCGGGC,PLCB2,424,40,33
PLCB2_GAAGTTTGCCAAGATGCCCA,PLCB2,152,41,83
PLCB2_AGCCCTTAGGATCCACACGG,PLCB2,1982,203,279
PLCB2_TGAAGGCCTATCTGAGCCAA,PLCB2,890,100,213
PLCB3_GCGGGAGTAAGTTCATCAAA,PLCB3,95,10,13
PLCB3_CAGGGTCACCAGGTTCCGAC,PLCB3,645,72,140
PLCB3_TCCATCAGGGACACACGGAC,PLCB3,698,327,232
PLCB3_TCCGGGAGGCGTTCTGAGCC,PLCB3,898,441,337
PLCB3_GAAGCGGGTGGAGACTGCGC,PLCB3,3,124,93
PLCB3_GGCCCACTCACATCTCCAGC,PLCB3,638,70,35
PLCB4_TCGGTCGGGAGCCATACCAA,PLCB4,1757,136,321
PLCB4_AAGGAGTTAGGTCTTCCCAG,PLCB4,391,68,24
PLCB4_TCACTGGCAGACAGTTCGGC,PLCB4,604,64,169
PLCB4_CTTGACTGCTGGGATGGAAA,PLCB4,2263,535,594
PLCB4_CTCTCTAGCTTGAACCAGGC,PLCB4,1077,399,246
PLCB4_TGCTGATGACTTGGGTCACA,PLCB4,1192,212,628
PLCD1_TGACGGCAGCGCCTTCAGCC,PLCD1,598,129,200
PLCD1_TGCGGTCGATCTCCACCCGC,PLCD1,2150,710,675
PLCD1_CAAGCAGGAGTGAATCCAGC,PLCD1,324,209,142
PLCD1_GGACATTCAGGAGGTGCGAA,PLCD1,635,92,201
PLCD1_GCGCTCTCTCCTCCATGAGC,PLCD1,591,59,232
PLCD1_GGCGCTCAATGGACGGAGGC,PLCD1,457,161,90
PLCD3_GATGTACCTGTTGTCGCCGG,PLCD3,184,111,23
PLCD3_CTAGACGGTCGTTGTTGGAG,PLCD3,576,259,148
PLCD3_CGCCTACCTCCTCTTCAAGG,PLCD3,2337,856,1151
PLCD3_CCAGGTCCAGGTTCTTGCGG,PLCD3,996,257,425
PLCD3_TGTGCTGCGATGGCGCACGC,PLCD3,454,100,2
PLCD3_TTCTTCAGCGCCCGCAGCCC,PLCD3,1196,136,116
PLCD4_GCACTCACGGTCTTGCAGCA,PLCD4,712,252,523
PLCD4_TGGCATGCACGGCAGGCCAG,PLCD4,222,72,12
PLCD4_CCATCAGGTCCAGGTTGGAG,PLCD4,1535,261,223
PLCD4_CTGAGCGATTGGTTTCAACG,PLCD4,4160,628,664
PLCD4_CGCTATGAACCTTCAGACAG,PLCD4,2224,868,584
PLCD4_TCTTTCAGGGCCCTGAAGCG,PLCD4,429,47,20
PLCE1_CCTTATCTCCACTGTTGACG,PLCE1,2491,462,215
PLCE1_TCCACGTGAGATTCTGCAAA,PLCE1,1877,468,337
PLCE1_CGGACACATTGCTTTAAGCA,PLCE1,836,1485,1304
PLCE1_GGTAAGAATCGACGCTGAGA,PLCE1,98,3,78
PLCE1_AGGTGAGCTCCTGGGTGACA,PLCE1,1521,68,209
PLCE1_GCAAAGCTTCATGAGACCGG,PLCE1,823,96,52
PLCG1_GGGCGCCGACAAGATCGAGG,PLCG1,109,197,74
PLCG1_AAATTAAGGAGATCCGCCCA,PLCG1,234,47,75
PLCG1_AAACTGCTTCCGGAGCCACC,PLCG1,378,247,99
PLCG1_GCTCTATACCATGCAGGACC,PLCG1,337,122,75
PLCG1_GAGTACTGGCTTCCAAGAAG,PLCG1,1411,263,183
PLCG1_CAGTTCCTTCTTGACTACCA,PLCG1,972,39,276
PLCG2_GCATCCTCTTTAGAGTCAGC,PLCG2,108,23,82
PLCG2_AGGCTCAGCAGTTTCACGCA,PLCG2,1012,202,244
PLCG2_GGATGAGAAGTATGACGCGG,PLCG2,742,48,103
PLCG2_TTACATCCGCTGCCTGCGCA,PLCG2,900,448,1155
PLCG2_GGGAAGCCGGTCATCTACCA,PLCG2,262,88,7
PLCH1_ACAGCAGAGTACTGGCAAGG,PLCH1,2445,866,561
PLCH1_CTTAAATGCACACCTGAAGC,PLCH1,845,486,400
PLCH1_CCTGTCATCTGTTGATACAG,PLCH1,1567,200,183
PLCH1_GGGTTAAATATGTCACAGGC,PLCH1,462,195,213
PLCH1_GGGACTCCATGTGGTTGCCA,PLCH1,169,133,91
PLCH1_AAGCTGAAACGTGGAACCAA,PLCH1,1136,228,58
PLCH2_CGACAGCCGGACCAAGGGAA,PLCH2,2576,632,270
PLCH2_GCACCCATGCACCGCTCCAC,PLCH2,509,213,183
PLCH2_CATGGCCGGCATCAGCGACG,PLCH2,1730,586,860
PLCH2_TTGACGAGGCCGACAAGAAC,PLCH2,2833,789,1301
PLCH2_CAAGATGATGTCCACCCGCC,PLCH2,371,336,698
PLCH2_CCCGTGACTGGGACATGAGC,PLCH2,2176,451,410
PLCL1_GATGATGCTGCTGCGCCGGG,PLCL1,20,5,3
PLCL1_TGATGATGCTGCTGCGCCGG,PLCL1,960,252,196
PLCL1_ATGTACCCATTGATGTCAGC,PLCL1,261,148,72
PLCL1_TCAGAATTTCCCAAAGCCCA,PLCL1,234,221,355
PLCL1_TAACAGGCACTGCTTCAGAC,PLCL1,1180,621,829
PLCL1_GAGCCGGTTTCTCATAGAAA,PLCL1,1074,488,555
PLCL2_GCCATGAACTTTCAGACACC,PLCL2,588,310,412
PLCL2_GCCAGCCATCATGAGGGAGG,PLCL2,337,20,48
PLCL2_CCCAAAGGATCAGGTGCCAA,PLCL2,452,643,398
PLCL2_TTCGGTTAGTAATAGCCACG,PLCL2,464,239,164
PLCL2_ATCGTACATTGTCAGAAGGC,PLCL2,279,196,147
PLCXD2_CGATGATGTCTTTGTCCCGC,PLCXD2,410,308,260
PLCXD2_CGGAGGTCTGCAATGCCGAC,PLCXD2,474,500,177
PLCXD2_TTTCGAGAACAGCTGGAAGC,PLCXD2,769,326,163
PLCXD2_TGGGCACAGCTTGTTTCCAA,PLCXD2,891,183,356
PLCXD2_CTGAGTGAGCGGGCCTCACG,PLCXD2,672,237,86
PLCXD2_TACCAAGAGAGAGGTGCCCA,PLCXD2,271,93,95
PLCXD3_TGGGTCCGCACGCAGAAGCC,PLCXD3,669,570,407
PLCXD3_AAGGGCACTTCCAGAGCCAC,PLCXD3,230,39,35
PLCXD3_GGTCTTCTACCATAGTCCAG,PLCXD3,364,39,35
PLCXD3_CCTCACAGATCACCATAAGG,PLCXD3,1176,395,470
PLCXD3_CCCTGCGCGCCTACCTGGAA,PLCXD3,1287,1059,1087
PLCXD3_ACGAGCTGAAATTAGCCGAC,PLCXD3,282,252,170
PLCZ1_TTCTGATAAGCGTGGTAAGG,PLCZ1,1594,584,777
PLCZ1_TTAGACATCTGACTACCCAG,PLCZ1,1371,478,369
PLCZ1_AACAACGGCATCCTTTCACA,PLCZ1,282,87,332
PLCZ1_ACAACGGCATCCTTTCACAA,PLCZ1,1610,899,905
PLD1_TGCTATCTGCGTCGTGCAGG,PLD1,1108,154,485
PLD1_CGTCCCACCTTCCATAGGCC,PLD1,3246,447,620
PLD1_TTTCTCCTGTGACAGCAACA,PLD1,649,1085,595
PLD1_CAACGATTTCCCTCAACCAC,PLD1,1391,418,487
PLD1_TACCAGCAGGACGAAGGCAA,PLD1,86,326,253
PLD1_CATCCATGATTTGGGACCAA,PLD1,630,137,224
PLD2_CCAGATGGAGTCCGATGAGG,PLD2,2261,656,489
PLD2_AACGGGTGCATCCGGTCGGC,PLD2,3,0,101
PLD2_TCAAGACTTTGTGTCTCAGG,PLD2,453,139,179
PLD2_CTGTTGCCTGCATCTCGGGC,PLD2,572,506,878
PLD2_CTATCGCAACTACCATGCCA,PLD2,296,208,175
PLD2_ATCCCGGACTTGGGCCGCAA,PLD2,1381,366,371
PLD3_GCCTAAACTGATGTACCAGG,PLD3,169,267,47
PLD3_CCATGAATGAGATTGAGGCG,PLD3,1148,112,83
PLD3_TACTCGCAAGGGTCATAGCA,PLD3,929,466,555
PLD3_TCGCTGTGAGCAAGCCCAGC,PLD3,774,171,122
PLD3_GGACTGGCGTTCACTGACCC,PLD3,410,130,78
PLD3_CCTCCTACAGGTCAAGGAGC,PLD3,1649,66,214
PLD4_GCACGTCCTTGGGCTGCACC,PLD4,350,164,143
PLD4_ACCAGTAGTATGAAGCCACG,PLD4,800,208,106
PLD4_ACCTGTCGTACATGGGCACC,PLD4,875,165,74
PLD4_CCATCAAAGAGGCCGTGGAA,PLD4,630,610,367
PLD4_CGCAGCGCGTTGTCCAGCAC,PLD4,1135,451,423
PLD4_GAAAGTCTTCATCGTGCCGG,PLD4,218,259,261
PLD5_CACGGGCCTTGTTATCAACC,PLD5,2046,617,539
PLD5_TCTCCAGCACAAGCACCAAA,PLD5,1742,1422,922
PLD5_AAAGCAGAGTGCCTCAAACC,PLD5,1101,349,418
PLD5_TGACCGCTTACAACAAGGGC,PLD5,886,250,309
PLD5_TTTCCTCCGAAGCCAGACGC,PLD5,1477,203,198
PLD5_TGGAGATCCGGCAGCACGAG,PLD5,2661,533,732
PLD6_CGCAAGCCATCCAGAACAAC,PLD6,3836,1957,1694
PLD6_GAGCACCCTCTTGTCCACGA,PLD6,1397,182,653
PLD6_GGTCTTGATCGTGCCGGACC,PLD6,126,26,54
PLD6_TCGGTACAGGTCACCTGAGA,PLD6,769,209,116
PLD6_CGGTACAGGTCACCTGAGAC,PLD6,489,539,414
PLD6_AAGAACAGCGCCTCGCGCCG,PLD6,454,104,128
PLEC_GACCTCCCTCGGCGAGGCAA,PLEC,624,54,0
PLEC_AACGTGACCCACAACCACCA,PLEC,1632,701,356
PLEC_CCGTCGGAAGGAGCTTGAGG,PLEC,2673,312,774
PLEC_CTCGTTCTGGATGGCTCGCG,PLEC,683,199,202
PLEC_AGTCCTGCTCGTCGGGCAGC,PLEC,1234,85,53
PLEC_CGAATGACCGCCCGCTCAGC,PLEC,1018,164,58
PLEK_ATCTGCCTGTCCAGCCAGCA,PLEK,791,303,449
PLEK_CTTCGCTCACCTTCTTCACA,PLEK,301,55,83
PLEK_AAGGAATGATCCCGCTGAAA,PLEK,707,203,316
PLEK_GATCACTACGACCAAACAGC,PLEK,637,29,176
PLEK_TCTGTTAGGAATCGCCAGGA,PLEK,852,373,502
PLEK_TCTCAAGTGAATTGCTCCCA,PLEK,468,92,51
PLEK2_GCGTCGCTTTGTTCTAAGGA,PLEK2,1369,385,390
PLEK2_TGTGGAGTTAAGTGGCACGG,PLEK2,754,191,207
PLEK2_GATGAGCCAGTCCACCAGGG,PLEK2,311,23,103
PLEK2_AAGATGCACGATAGCAACAC,PLEK2,1243,384,227
PLEK2_GGCTATTCATGCAGGGCAGC,PLEK2,370,114,210
PLEK2_GGAGGATCCGGCCCTTGGGA,PLEK2,216,0,32
PLEKHA1_CCAACACGTGATGATCCAGA,PLEKHA1,699,263,179
PLEKHA1_ATCAGCAGGACCTAGTGGAA,PLEKHA1,1454,526,342
PLEKHA1_TCTGATAACCTAAGTCGCCA,PLEKHA1,838,141,181
PLEKHA1_ATAACCGCACTATCTTGAGG,PLEKHA1,1447,221,295
PLEKHA1_TGGCGCCATTGTAGCACAGC,PLEKHA1,682,347,258
PLEKHA1_TCCAGATGCGGCAGGCCAGA,PLEKHA1,218,152,134
PLEKHA2_GGTTGTCCATATACCAGAGG,PLEKHA2,534,84,86
PLEKHA2_CAAGACGGAGATCATTGGAG,PLEKHA2,1104,109,77
PLEKHA2_GGTCCACACACCCATCAGCC,PLEKHA2,1204,441,830
PLEKHA2_TCAGGCTGCCGTGCTTCCAC,PLEKHA2,871,392,509
PLEKHA2_CCAACTCTATCCTGTGCAGG,PLEKHA2,767,373,203
PLEKHA2_TCTGTGCCTTATCCGGGAGC,PLEKHA2,805,82,367
PLEKHA3_TTCAGGTGACAACTTTGGAG,PLEKHA3,2091,154,356
PLEKHA3_CTGAACTGCAAGAACCAGGG,PLEKHA3,1268,396,273
PLEKHA3_CTCTCTGAACTGCAAGAACC,PLEKHA3,1908,702,532
PLEKHA4_CTCAGAGGGAGGTCCTCGGC,PLEKHA4,715,252,409
PLEKHA4_GACTCCAGATGCGGAGGGCG,PLEKHA4,299,35,81
PLEKHA4_AAACGTAGGTCCTCATGCCC,PLEKHA4,305,108,0
PLEKHA4_CCTCTTTGCAGACAGCCGCG,PLEKHA4,207,246,754
PLEKHA4_TCCGTCTCTGGAAACGCCGC,PLEKHA4,249,139,62
PLEKHA4_CGCATTGCCTCTCTTCCCAA,PLEKHA4,190,398,577
PLEKHA5_CGGCGGCTAGGGATCAGACA,PLEKHA5,1789,343,798
PLEKHA5_AGGAGGCCAAGAGCACCACC,PLEKHA5,515,15,165
PLEKHA5_AGCCAACCTCGTCTGACAAC,PLEKHA5,897,326,337
PLEKHA5_GACCCACTCTCATATTCAGA,PLEKHA5,525,62,41
PLEKHA5_GCAGCTATTGACCCGTGGGA,PLEKHA5,2459,738,571
PLEKHA5_GACTGTAAAGTCAGGCCAGC,PLEKHA5,280,89,88
PLEKHA6_CGCCTCATCACATAGGCAGC,PLEKHA6,206,387,57
PLEKHA6_ACCTCCGAAGGTCTTCAGGC,PLEKHA6,835,63,87
PLEKHA6_GGCTACCCGGAAGCTCAGGA,PLEKHA6,482,240,232
PLEKHA6_AGAAGAGGCAGCGATCCACC,PLEKHA6,500,74,99
PLEKHA6_GGCGGGCTGGCTCTTCAAAC,PLEKHA6,1431,955,872
PLEKHA6_GGCTGGACTTACCCGGACGC,PLEKHA6,469,189,376
PLEKHA7_CTACTTCAGTGCCGACACCC,PLEKHA7,888,204,213
PLEKHA7_AGAGATCACGTAGCTGGGCA,PLEKHA7,1778,332,392
PLEKHA7_AAACCAAAGACCGTCCAGCA,PLEKHA7,2560,961,1278
PLEKHA7_CTGGGAGGAGGGCTTCACGG,PLEKHA7,1523,289,258
PLEKHA7_ACCAGCTCCGCTGCACGACC,PLEKHA7,181,63,83
PLEKHA7_CGCACTTGATGAAGAAGACG,PLEKHA7,2076,369,290
PLEKHB1_TCCGCCGCTGGAAGCGGAAC,PLEKHB1,661,276,467
PLEKHB1_ACTGTGAACCTACGGGAAGG,PLEKHB1,1198,160,151
PLEKHB1_GGGATTTGCTTTGCAGAGCA,PLEKHB1,825,355,216
PLEKHB1_ACCTGACCTTGGAGCAAACC,PLEKHB1,1272,295,344
PLEKHB1_TACTACGGACCGCCCTACGC,PLEKHB1,2474,142,202
PLEKHB1_GAGGATCCCTGCTACAGCGC,PLEKHB1,725,9,39
PLEKHB2_GGACTGCATCAACATCCGCA,PLEKHB2,974,97,412
PLEKHB2_ACTGCATCAACATCCGCACG,PLEKHB2,2664,267,314
PLEKHB2_CTCCAGATTGTTTGTCGAGA,PLEKHB2,1945,474,778
PLEKHB2_TATGGCTATGGGCCATACGG,PLEKHB2,1,5,0
PLEKHB2_CAAGTTGTCTACGCTGCGAA,PLEKHB2,1581,450,501
PLEKHB2_AGACCCTAAGGCCATGCCCG,PLEKHB2,1810,176,89
PLEKHD1_TTGGCCGACGGCCTGCCGAA,PLEKHD1,492,228,153
PLEKHD1_CGAAGAACTCTGCCTTCAGA,PLEKHD1,473,99,77
PLEKHD1_GAAGCAGCAGTTCGAGGAGG,PLEKHD1,2009,130,246
PLEKHD1_GATTGGCCAGTGTCTGCAGG,PLEKHD1,381,31,37
PLEKHD1_CCTTGCGAAGCCTGGAACAG,PLEKHD1,785,102,115
PLEKHD1_ACACTCACTGTCATTCCAGG,PLEKHD1,600,199,88
PLEKHF1_TCTCCACTGCCGCGATGCGC,PLEKHF1,391,164,255
PLEKHF1_TCCAGTGTGACCTCCTCCAG,PLEKHF1,2337,290,318
PLEKHF1_CGCGCTTCTCTGCCCTCACG,PLEKHF1,1991,370,626
PLEKHF1_CAGCCTCTGCTACCGCGAAC,PLEKHF1,2579,734,607
PLEKHF1_AGATGACGATGACTCCGACG,PLEKHF1,1469,352,614
PLEKHF1_GACTCCGACGAGGACAAGGA,PLEKHF1,451,73,111
PLEKHF2_GGACGAGTTCTTATTGGAGA,PLEKHF2,891,269,439
PLEKHF2_CTGCTACGGAGAAATCAGAA,PLEKHF2,663,363,346
PLEKHF2_CAGAAGTCACAAATCCGCAC,PLEKHF2,829,292,331
PLEKHG1_ACCATGGCTGTCGCGGGAAG,PLEKHG1,879,388,358
PLEKHG1_AAACACTCTGCTATGGCCAC,PLEKHG1,701,72,102
PLEKHG1_GGCAGAAACTTACATGCAGA,PLEKHG1,70,166,63
PLEKHG1_GAAGCGGAAACACGAGCACG,PLEKHG1,298,546,175
PLEKHG1_CTTGGCTCGCTGGATGCGGA,PLEKHG1,674,173,104
PLEKHG1_TCTGTTACAGTCCTGAGGGA,PLEKHG1,654,173,94
PLEKHG2_GGCTTGGGCTAGGTTTGGAG,PLEKHG2,903,199,176
PLEKHG2_TGTAGGCGGATGGGAGGCCC,PLEKHG2,397,64,73
PLEKHG2_TTGGAGAACAGCAGCAGCGC,PLEKHG2,2757,298,285
PLEKHG2_TGTACTGCATGAACTACCCG,PLEKHG2,910,526,726
PLEKHG2_ACAACGACAGCTCCCGGAGC,PLEKHG2,1113,195,130
PLEKHG2_CAACGACATGAAGCGCAAGC,PLEKHG2,861,77,366
PLEKHG3_GCTCAGCTACCTGGGCCGAG,PLEKHG3,195,215,196
PLEKHG3_TGTTCTGGCTTCAGCAGCCC,PLEKHG3,564,341,399
PLEKHG3_GGCCAGCTGCTTTGTGGAAA,PLEKHG3,2231,950,465
PLEKHG3_AGGCCAAGTTCTTTCGGGAC,PLEKHG3,1059,262,233
PLEKHG3_ACATCAACGACATGAAGAGG,PLEKHG3,790,291,145
PLEKHG3_CATTGCGCACGCGATGCACG,PLEKHG3,770,507,305
PLEKHG4_CTCAGGGCCATGCCACCGAC,PLEKHG4,2347,611,887
PLEKHG4_CTTAGGGAGGCCGGATCCAC,PLEKHG4,442,297,130
PLEKHG4_TCAGTCTGAGTGCAGCAGCC,PLEKHG4,874,339,553
PLEKHG4_TAGGCCCGAAGTACAGGCAC,PLEKHG4,224,126,168
PLEKHG4_TTCGGAAATCCAGCCAGGCC,PLEKHG4,412,133,187
PLEKHG4_CTGGCATGGCTACAATGCCA,PLEKHG4,330,181,16
PLEKHG4B_CACACCTCCCACCACTCAGC,PLEKHG4B,1490,114,131
PLEKHG4B_AGGCACATCGGAAGGCCCGC,PLEKHG4B,217,54,143
PLEKHG4B_CAGGCGGGTCAGCTCAGCAC,PLEKHG4B,295,56,74
PLEKHG4B_TTGTCCTGGTGGATGCACGC,PLEKHG4B,1208,594,670
PLEKHG4B_ATCTGCATTTAGGCCTGACA,PLEKHG4B,583,146,284
PLEKHG4B_GGAAGCAGATCCAGTCACCA,PLEKHG4B,526,57,133
PLEKHG5_ATCCTCCCAGGACCCAAGCA,PLEKHG5,1586,331,729
PLEKHG5_CCTCGCTTCCCTGCAGGGAC,PLEKHG5,1,36,18
PLEKHG5_CCCAAGGCTCTGTGCTGGCC,PLEKHG5,1220,164,331
PLEKHG5_ACGCCTAGCAGCCTCCAGGC,PLEKHG5,977,165,79
PLEKHG5_ATCGCTCCCTTTAGAGACAG,PLEKHG5,852,148,137
PLEKHG5_ATGGGTCTCCACCTCGAAGC,PLEKHG5,76,31,76
PLEKHG6_CCCATAAGTCTCAATGCGGG,PLEKHG6,832,485,245
PLEKHG6_CAGAGCCCGAGAAGAGGCAC,PLEKHG6,309,166,133
PLEKHG6_CGAGAAGTCCTGGAGGGAGC,PLEKHG6,860,182,360
PLEKHG6_CCGGTGGGTTCGAATCAGGC,PLEKHG6,698,283,56
PLEKHG6_GGTGGAACCGCTGGCCAAAC,PLEKHG6,619,229,155
PLEKHG6_GGAGCCACCCAGTGATGAGG,PLEKHG6,763,26,50
PLEKHG7_CACATACCTGACACATGGAG,PLEKHG7,1553,226,343
PLEKHH1_GCGTTTCTGCCAGTCTACGC,PLEKHH1,951,258,308
PLEKHH1_GGTGACACTCAAGTTGGCAA,PLEKHH1,413,41,85
PLEKHH1_TGCTCTGCAGCTCCGTAGGG,PLEKHH1,141,46,14
PLEKHH1_CAGTGACATTCTTGTAGACC,PLEKHH1,1021,173,415
PLEKHH1_CTGTACCTCTCTTGATGGCC,PLEKHH1,505,563,355
PLEKHH1_ACCTCATCCTACTCCACCGA,PLEKHH1,624,140,342
PLEKHH2_AGGTCAAACTGCTCAGGCGC,PLEKHH2,1085,140,178
PLEKHH2_GGATGCTTTGGCATTAAAGC,PLEKHH2,515,186,202
PLEKHH2_TGACTCTGACGTCCGGGAGC,PLEKHH2,336,96,89
PLEKHH2_TCTGTGGAGTAAGCATCAGG,PLEKHH2,488,308,320
PLEKHH2_TCAAGTCTTGGAAGCGGCGG,PLEKHH2,684,312,292
PLEKHH2_GGATAACAGACTTCGTCCAC,PLEKHH2,344,134,112
PLEKHH3_GGCCATCGACTCCCACACCA,PLEKHH3,1347,459,432
PLEKHH3_GGATGAACTCTTCCTGCAGC,PLEKHH3,294,76,36
PLEKHH3_GGGCGCTGACTCCATAGGGC,PLEKHH3,702,77,355
PLEKHH3_TGGATCAGTTCAGCAGCAGC,PLEKHH3,216,194,142
PLEKHH3_GGAGCCTCATCCCGGAGAAA,PLEKHH3,139,69,110
PLEKHH3_TGAGTCAGCGTCACTTCCAG,PLEKHH3,935,414,492
PLEKHJ1_TGGTGCTGTGAGGACGGCGC,PLEKHJ1,602,186,129
PLEKHJ1_GATATGCCGAACTGTTCCAG,PLEKHJ1,300,63,0
PLEKHJ1_TCAGGGTCCTCAATGAAGCC,PLEKHJ1,325,200,231
PLEKHJ1_CTTTCGGACAGACGAGGCCG,PLEKHJ1,305,439,643
PLEKHJ1_CGTCTGTCCGAAAGTAGAAG,PLEKHJ1,1369,471,237
PLEKHJ1_CTCCTTCTCGTTGTACCGCA,PLEKHJ1,1532,533,205
PLEKHM1_TCTGTTCCTGGTACTTGCGC,PLEKHM1,807,196,333
PLEKHM2_CATCTCGCTGTCGGTGAAGA,PLEKHM2,1180,370,456
PLEKHM2_CTTACCCGTACAGCAGGGCG,PLEKHM2,889,225,706
PLEKHM2_GATCGAGGTGCTGCAGCACG,PLEKHM2,379,235,123
PLEKHM2_AGTACTTATGCAGCAGGCCC,PLEKHM2,450,121,238
PLEKHM2_GAAACGAATGAACTCTAGCC,PLEKHM2,54,190,139
PLEKHM2_GGCGGTCTTCAAAGTCCAGC,PLEKHM2,234,15,147
PLEKHM3_CTGCAGTCTTTGTAGCCAGA,PLEKHM3,801,558,571
PLEKHM3_GGTCGGCAAGTGAATACAGG,PLEKHM3,461,135,278
PLEKHM3_CTCTGCGTGGTGGTACAGCA,PLEKHM3,1049,370,366
PLEKHM3_CGATCCATAGGTCTTTCCAA,PLEKHM3,474,161,205
PLEKHM3_CACCATGGGAGGCTTTGGAC,PLEKHM3,1041,197,441
PLEKHM3_CAGATATTACCCAAGTGGAC,PLEKHM3,1223,277,376
PLEKHN1_AGCCCTCGCTGAAGGGAAAC,PLEKHN1,1458,329,355
PLEKHN1_CTTCCACTACATCCCGGGCA,PLEKHN1,1390,476,1075
PLEKHN1_TCCTGAGTGTGTTCAAGAAG,PLEKHN1,1914,464,350
PLEKHN1_ATGTGAGTCCTTCCGAGCCG,PLEKHN1,843,474,312
PLEKHN1_GGGCCGTCTGCTTCTCCAGG,PLEKHN1,11,4,5
PLEKHN1_ACGGCGTCAGGGCACGAACC,PLEKHN1,5176,1038,1513
PLEKHO1_GAAGAACAATTCCGCCAAGC,PLEKHO1,317,187,156
PLEKHO1_ACCCAGCCGACCTTCTCGGG,PLEKHO1,332,133,225
PLEKHO1_TGTTACCGGGCTGTTTGGAG,PLEKHO1,1763,738,923
PLEKHO1_TTGCCCATCCCACTCGAGAC,PLEKHO1,2610,630,1059
PLEKHO1_TGCCCATCCCACTCGAGACA,PLEKHO1,1232,719,1484
PLEKHO1_AATCCGGCGGAGACCGAGGG,PLEKHO1,748,161,106
PLEKHO2_CGGACTCGCCATGGAGGAGG,PLEKHO2,291,176,167
PLEKHO2_ATCGGTCTTTCCAGAAACCC,PLEKHO2,322,120,167
PLEKHO2_TCAAATTCCAGGCACCCACC,PLEKHO2,1098,374,186
PLEKHO2_AACGAGAGTCCACCTGAAGG,PLEKHO2,570,159,335
PLEKHO2_CTCAGAGCTTGCTGAGACAG,PLEKHO2,634,364,524
PLEKHO2_ACGGCTATATCGGGCCCAGC,PLEKHO2,555,90,133
PLEKHS1_ACTTCCTCATTGGCCACGAC,PLEKHS1,1058,235,174
PLEKHS1_GGCTCCAGCTCACCAAGAAA,PLEKHS1,705,270,157
PLEKHS1_TGAAACTGATGGTCCAGACC,PLEKHS1,2180,164,448
PLEKHS1_TCTGTGCTTCCACATCGGCA,PLEKHS1,764,173,73
PLEKHS1_TGATGACATCAGGAGGAGAA,PLEKHS1,861,345,234
PLEKHS1_TCTTACCCGGTCCATCCAGA,PLEKHS1,753,146,0
PLG_TTCCAAGACCATGTCTGGAC,PLG,218,438,351
PLG_CTGGCATTCCAGTCCAGACA,PLG,3051,472,526
PLG_GCATCATACTCACTGCAGCG,PLG,1604,426,1074
PLG_TGCATCATACTCACTGCAGC,PLG,248,307,108
PLG_TCCAGAGACAAATCCACGGG,PLG,1233,266,276
PLGRKT_AGTAAATTGCAGCTGCCAAG,PLGRKT,187,72,136
PLIN1_GAGGACCAGACAGACACGGA,PLIN1,404,97,57
PLIN1_CACCGTGCAGACCATGGCCC,PLIN1,1361,371,662
PLIN1_AAGCTCGCACCCGGCCAAAG,PLIN1,2458,759,824
PLIN1_CTGCCGAGGCTTGGACCACC,PLIN1,296,418,809
PLIN1_TAGCTTGGCTGCCTGGAGCA,PLIN1,1510,146,258
PLIN1_AGCCCAAGTTACTTACAGGG,PLIN1,226,414,306
PLIN2_CACCTTGGATGTTGGACAGG,PLIN2,1802,362,311
PLIN2_TCACCAGGTGAACAGTAGAA,PLIN2,1450,498,546
PLIN2_GCTCCATTCTACTGTTCACC,PLIN2,228,10,51
PLIN3_GGGCCAGAATGCTGCTGGAC,PLIN3,731,348,208
PLIN3_GCTTCGAGCCACCAAGCAGA,PLIN3,603,366,179
PLIN3_ACCCGCGGTGCTGTGCAGAG,PLIN3,1656,436,720
PLIN3_CAGCCAGCGAATACGCCCAC,PLIN3,940,430,244
PLIN3_TCACGGCGGCTGCTGTCAGC,PLIN3,664,138,134
PLIN3_AGAGACCATGTCTGCCGACG,PLIN3,312,170,189
PLIN4_CCGTGTGCAGCTGCCGGAGA,PLIN4,519,359,127
PLIN4_AGGGCAGCCACGTCTGGACC,PLIN4,214,251,215
PLIN4_AAGGTGCTGTCGGCGGAACA,PLIN4,1280,474,427
PLIN4_TGCCATGAGCATGGCCAAAG,PLIN4,1091,481,679
PLIN4_TGCCGAGGCTGCCCAACCAC,PLIN4,1518,535,182
PLIN4_TTCCGGGCAGAGCTGAAGCC,PLIN4,1339,286,142
PLIN5_GCATCAGGGTGTGCTTGACC,PLIN5,654,492,113
PLIN5_ACAGCTCGTGCACCTTCCCA,PLIN5,1010,69,54
PLIN5_TCCGTGCTGACAGGGAGCCG,PLIN5,786,242,259
PLIN5_GCTCTTCCTCCGTCATGGGC,PLIN5,734,131,109
PLIN5_CCGACCCTTCCCGCAGAACG,PLIN5,3144,1510,1433
PLIN5_GGCCTGAAACGCTCCTAGAA,PLIN5,1101,353,325
PLK1_TGCTGCTCAAGCCGCACCAG,PLK1,146,162,169
PLK1_CAGCGACACTCACCCTCCGG,PLK1,1383,65,0
PLK1_TCCTAATTACATAGCTCCCG,PLK1,361,1,0
PLK1_TTCGATTGCTCCCAGCAGCC,PLK1,720,358,375
PLK1_GGTTCGAGAGACAGGTGAGG,PLK1,425,17,36
PLK1_TCAGCTCTGTGATAACAGCG,PLK1,1008,87,74
PLK2_CACTGAAGGAGGTAGAGCCG,PLK2,3533,994,1081
PLK2_CATTTCAGTGGGTCACCAAA,PLK2,971,92,171
PLK2_TACTGCGGGTGTTCCAGACC,PLK2,1652,363,439
PLK2_CCTGAAGTCCTCAACAAACA,PLK2,3989,423,405
PLK2_TACCTCCTTCTGTGTTCCAA,PLK2,227,32,123
PLK2_GGTGGCTGCGATTCCTCGGG,PLK2,19,27,0
PLK3_CTCCAGCTCAGGTCCGCGCA,PLK3,2918,533,742
PLK3_CAAGCCGCATCAGCGCGAGA,PLK3,915,287,243
PLK3_TGTTGTCAGCGTCCTCAAAG,PLK3,1437,422,567
PLK3_GCAAGTACTTGAGGCCAGAA,PLK3,1465,526,670
PLK3_CTGCTCCGGAGGCTCCAACC,PLK3,2905,590,731
PLK3_ATACATCCGCCTCAGGGCCG,PLK3,956,119,187
PLK4_ATTGCCACTCGAAGTGCACA,PLK4,86,0,24
PLK4_TTGACTGTGTCAGTGTCGAA,PLK4,2202,137,125
PLK4_TGAGGTGTCGGGTCTGCAAA,PLK4,2740,174,241
PLK4_GAGGGTGGTCTATCAGCAAG,PLK4,130,0,19
PLK4_TAGTGCTGCTTCTCCAACAC,PLK4,1831,102,344
PLK4_AAATGTTGGTTGGGCTACAC,PLK4,268,51,146
PLK5_GGACGACTTCTTCACACAGG,PLK5,660,46,155
PLK5_CAAAGGGTTTCACTCCAGAC,PLK5,1083,155,239
PLK5_AGGCCTCTTTAGGCGTGAAG,PLK5,480,24,14
PLK5_AGGGAACCTCTTTCGCAGAC,PLK5,439,345,362
PLK5_GCCACAACTTACCCTCCGGG,PLK5,634,17,209
PLK5_GCCGAGTCTGTCCACAGGAG,PLK5,1710,467,243
PLLP_CAATGCGGCCACCAGTCAGA,PLLP,67,172,50
PLLP_CCGCGCGCTGGTTATAAGGC,PLLP,591,492,292
PLLP_CGCGCGCTGGTTATAAGGCC,PLLP,959,467,424
PLLP_CCGGCCTTATAACCAGCGCG,PLLP,915,259,310
PLLP_CAGACTCACCACCAGTGGCC,PLLP,419,601,189
PLOD1_AAGGGCGACGCCAAGCCGGA,PLOD1,238,11,6
PLOD1_GAGGCCCTCTTGGCAACAGG,PLOD1,243,0,9
PLOD1_GAGCTGAGCGCTTGAAGCGA,PLOD1,426,105,283
PLOD1_TCTGGAGAAGCACGCAGACA,PLOD1,1395,614,1001
PLOD1_CCTCAGCAGAGAAGACCACC,PLOD1,1186,153,306
PLOD1_TCTTCTTGGACCCGGAGAAG,PLOD1,1181,159,35
PLOD2_TCAAGCGGAAGCCAGAAACA,PLOD2,1462,541,541
PLOD2_TAATGGAAATGGACCCACCA,PLOD2,587,213,579
PLOD2_CTCCGAGTCCGCACCCAGAC,PLOD2,2798,896,998
PLOD2_TCCGAGTCCGCACCCAGACA,PLOD2,3283,647,695
PLOD3_AGGACCGGAGGACACTCCCG,PLOD3,500,61,61
PLOD3_CCACGTTCCGGATACGCACA,PLOD3,1848,528,683
PLOD3_GGATCTTTCAGAACCTCAAC,PLOD3,177,84,104
PLOD3_AGAGCCGTGTGTAGAACAGC,PLOD3,588,152,283
PLOD3_GGAGAAATACGCTGACCGGG,PLOD3,91,89,54
PLOD3_TGGCCACAGCTGAAACCGAG,PLOD3,1181,251,358
PLP1_GCACAGCACTCTAACAAGCC,PLP1,321,198,145
PLP1_AGTGGCCACCAGGGAAGCAA,PLP1,504,109,179
PLP1_AAGACCACCATCTGCGGCAA,PLP1,1449,282,309
PLP1_GAAGGCAATAGACTGGCAGG,PLP1,302,21,229
PLP1_CTTACTTAGGTGTTCTCCCA,PLP1,269,34,141
PLP1_TCGGCCCATGAGTTTAAGGA,PLP1,1395,310,420
PLP2_GCGCGAGAAGTTGGTGCAGG,PLP2,1015,491,524
PLP2_AACTTCTCGCGCACTCGAAA,PLP2,792,307,587
PLP2_ACCGACAGGGAGGAGTAGCC,PLP2,252,124,89
PLP2_AGCGAAGGGTTTGAGGAGCC,PLP2,371,187,265
PLP2_TGTATGTCTTGGCTGCCGAA,PLP2,327,248,147
PLP2_GAGGGAAGTTCGCCTACACC,PLP2,141,103,82
PLRG1_ACCCTGTAGAGTTTCCACGG,PLRG1,999,78,77
PLRG1_AGTACGATTTGCATCAGCCC,PLRG1,1135,21,35
PLRG1_AGCTGCACAGTCCTTAGCGG,PLRG1,2337,84,103
PLRG1_GGTACACATCCATACCCACC,PLRG1,294,26,9
PLRG1_GAAGTAGGCATATGCAACAC,PLRG1,783,37,128
PLRG1_CTCTCTTCATCTAAAGGCAC,PLRG1,439,65,16
PLS1_ATCTCGCGCACCTTGTAGCC,PLS1,504,441,459
PLS1_CTCAGCCATTGGTTGTACAG,PLS1,2033,1342,390
PLS1_GCCATCCTGCATTGGTCAGA,PLS1,435,334,392
PLS1_TCCTGAAAGGTCAATGGCAA,PLS1,695,392,288
PLS1_AATGTATGGGTTGACTCCCA,PLS1,435,89,135
PLS1_TGATCCGAGTGCCAGTCAAC,PLS1,1330,413,248
PLS3_CCTTCCGCAAAGCAATCAAC,PLS3,2099,213,246
PLS3_CATCACCAACAGCTTTGAAC,PLS3,677,531,227
PLS3_ATCTCGGAGTAAAGCAGCCA,PLS3,545,175,250
PLS3_ACTAACTAAGCCAGAGAACC,PLS3,896,136,456
PLS3_GGAAGGCTTACGCATAGAGA,PLS3,496,97,85
PLS3_TAAACCTCCATACCCGAAAC,PLS3,456,318,158
PLSCR1_TTTAATGGAGGCTGTGGCGC,PLSCR1,770,153,328
PLSCR1_CCAGGACCTGAATGGCCGGC,PLSCR1,0,28,48
PLSCR1_GCTGTCGGTGGATACTGAGG,PLSCR1,364,53,16
PLSCR1_ACAGATGAATGCTTCTCACC,PLSCR1,428,110,237
PLSCR2_TCAGCCAGGTAGACCTGAAG,PLSCR2,2009,441,322
PLSCR2_GGGTAGACAATATGTCCGGG,PLSCR2,93,134,70
PLSCR3_ATGTTCTTTGAGAAGCGAGG,PLSCR3,133,33,44
PLSCR3_CCTACAGTTCCCGCTGGACC,PLSCR3,1127,331,292
PLSCR3_CTGTGAGGGCTTCTCGGACC,PLSCR3,1412,224,448
PLSCR3_TCGCCAGACAGTCTTGCGAG,PLSCR3,643,459,678
PLSCR3_TTGGCCACGTGCTACAGACC,PLSCR3,2402,361,336
PLSCR3_TCACCAGAAGGCTGAGCGAG,PLSCR3,2986,539,1014
PLSCR4_CATTCACTTCCCACTAGACC,PLSCR4,921,319,358
PLSCR4_TGCCATCAAGGGATTTGACC,PLSCR4,962,187,479
PLSCR4_ACATTGGAACCTGTGCAGGG,PLSCR4,1282,466,301
PLSCR4_ATGTTCCGCAACAAAGCCAA,PLSCR4,596,126,103
PLSCR4_TTTGCCATAGGAGTTGGCCC,PLSCR4,716,93,81
PLSCR4_TTGCCAGGCTGATACCGGAC,PLSCR4,879,1068,670
PLSCR5_TTGGTTACGTTACGCAGAAG,PLSCR5,1753,378,342
PLSCR5_ACCAACTATAGTACCAGGAG,PLSCR5,1981,54,72
PLSCR5_CACAGATAACTCAGGTCGAG,PLSCR5,2218,815,847
PLSCR5_CAGGGTGCAAGATCGCAGAG,PLSCR5,896,729,696
PLTP_TGTGGCTTCCACCAGCAACC,PLTP,722,378,333
PLTP_TCCCTGCGTGGTAGAGGACA,PLTP,854,127,314
PLTP_GCGCTTCCTCCTCAACCAGC,PLTP,502,246,192
PLTP_GACACTTTCATCCGTCCAGC,PLTP,147,115,139
PLTP_CTCTGCTGCTTCAGTGAAGC,PLTP,1211,362,541
PLTP_CCGAAGAGGGCCATGGCGAG,PLTP,2909,498,539
PLVAP_GATGCCAGTGTCAAGGCCCA,PLVAP,487,80,140
PLVAP_CAGTCAGGAGGCGAAACAGA,PLVAP,1793,308,176
PLVAP_GATGGTAGAGGTTGTAACCC,PLVAP,429,78,138
PLVAP_GACATGAACAAGAGCTGCGA,PLVAP,291,161,35
PLVAP_GCCAGCTTCCGCCAGTGCCA,PLVAP,350,58,51
PLVAP_GCTGAATGCTCGCCGCGACC,PLVAP,1240,87,343
PLXDC1_CGGCAGATCACCATAGCAAC,PLXDC1,3038,1279,1486
PLXDC1_ACTGTGGGTAGATGTGGCCG,PLXDC1,2640,630,705
PLXDC1_ATACTCTTCAAGGTGTGGGA,PLXDC1,89,97,23
PLXDC1_CCAGGTCACGATGAGGGCCC,PLXDC1,609,32,290
PLXDC1_GAGCCAGAGCTCGCCTCGCA,PLXDC1,314,199,28
PLXDC1_TTCTTGTGACGGCAAGGAGC,PLXDC1,426,263,265
PLXDC2_ACATAACTCCTGCAGCGGCC,PLXDC2,251,76,209
PLXDC2_ATTCACACGCGTACAGCCAC,PLXDC2,541,2,114
PLXDC2_TCCCGGCTGGCAGAATCAGA,PLXDC2,412,261,209
PLXDC2_CGTGAAATCACTGTGGCAAC,PLXDC2,2010,2002,1581
PLXDC2_GCACAGCACTTGTGGTCCAG,PLXDC2,1100,255,263
PLXDC2_ATGCATTTGTCGTTGTCCAC,PLXDC2,655,325,299
PLXNA1_GAACCGCGTGAAGCCACCAA,PLXNA1,1174,464,365
PLXNA1_GCGAAGTGGCCGCATCCGCA,PLXNA1,1994,287,470
PLXNA1_TCTCGTAGGCCAGGGCAGGC,PLXNA1,965,414,460
PLXNA1_AACGTGCCTGACCTCTCAGC,PLXNA1,248,137,76
PLXNA1_CTGCTCGTGCAGGAGACCAG,PLXNA1,892,87,142
PLXNA1_TTACCTCAGACACGTTGACA,PLXNA1,665,288,287
PLXNA2_CATACAAGGAGCCATCCACC,PLXNA2,879,27,63
PLXNA2_CTTGCACCAATGGCAGCGGA,PLXNA2,671,202,358
PLXNA2_GGATGTCCCTGTCATCCCGC,PLXNA2,33,30,152
PLXNA2_CTCATACAGATTCGGGCCGA,PLXNA2,718,107,598
PLXNA2_TGACCCTGTACACCACCAGC,PLXNA2,1797,369,156
PLXNA2_TGATCTGCAAGTTGATGGCC,PLXNA2,2748,203,235
PLXNA3_GCTTGTTGATGTTGTCCACG,PLXNA3,672,252,330
PLXNA3_CTCATCAGCCGGCACGCCCA,PLXNA3,1816,759,239
PLXNA3_ATCACATGCAGGCCTCCCAG,PLXNA3,777,176,150
PLXNA3_CACAGGTCTCCACCGGGAGC,PLXNA3,303,215,282
PLXNA3_AATGTGTCAGTGACGTCACC,PLXNA3,620,154,82
PLXNA3_GGAGCTCCGAGCTCTTACCA,PLXNA3,492,190,143
PLXNA4_TACTGACCACAGGACTCCAC,PLXNA4,1110,241,247
PLXNA4_TTCTTCTCCACAGATCCGGG,PLXNA4,211,142,76
PLXNA4_CCCTACCCTTGAGCTACAGA,PLXNA4,1770,476,294
PLXNA4_TCCTTCGGCACAGGTCCACA,PLXNA4,989,175,460
PLXNA4_TGACGATAACTTCTGTGGCC,PLXNA4,918,454,423
PLXNA4_CTGTCAGGTGTCAACGAGAG,PLXNA4,3154,1062,1820
PLXNB1_CGAGGAACTCACTGCGCAGA,PLXNB1,1352,447,390
PLXNB1_CCAGTGCTGCCGAGAGGAGC,PLXNB1,1623,315,410
PLXNB1_CATCAGCCGAGAGGAGACGA,PLXNB1,829,228,267
PLXNB1_CCCAGGTCTACTTGGGCCCA,PLXNB1,715,461,736
PLXNB1_GCTGCCCTTGACTATCACCC,PLXNB1,406,159,211
PLXNB1_AGATGCCTGCTACACCCGGG,PLXNB1,231,52,207
PLXNB2_GGTCCAGCGGTTGCTCACGC,PLXNB2,545,172,201
PLXNB2_GCCTGGCGGCAGTCGTAGAA,PLXNB2,1343,239,246
PLXNB2_AGCCACAGAACATGAGCCGG,PLXNB2,27,111,111
PLXNB2_GCTGGTGCGTCGTCGAGGGA,PLXNB2,625,185,124
PLXNB2_GATAGAGTCGTACTCTGAGG,PLXNB2,63,26,28
PLXNB2_CGCGTGCTGTTTGTGGGCAA,PLXNB2,1094,682,689
PLXNB3_AAGGAGGAACCCTCCGCAGC,PLXNB3,73,97,151
PLXNB3_ACTTCGTGTTCCGCCGCCGC,PLXNB3,287,215,44
PLXNB3_TCTGCTGAAGCTCGGGCAGC,PLXNB3,931,538,260
PLXNB3_AAACCTGGCCCTGGGAGCCG,PLXNB3,267,73,12
PLXNB3_CCACAGGTATCCGGTCCACC,PLXNB3,273,284,266
PLXNB3_CCTCATAACTCCACAGCCAC,PLXNB3,282,184,269
PLXNC1_CGTGTCGTGGTCGGATGCCG,PLXNC1,1320,492,205
PLXNC1_AAACGGATGTCAGGTCGGAA,PLXNC1,946,420,387
PLXNC1_GGCTGTTAAACACTCCGAAC,PLXNC1,664,171,330
PLXNC1_AAGGGTCGCAAGCTGTGAAG,PLXNC1,686,147,132
PLXNC1_GATGTCTTCTCGACAGCCAC,PLXNC1,23,88,31
PLXNC1_AACGGGAGCAAACTTTACCC,PLXNC1,571,24,45
PLXND1_GAAACTGGTCCCTCGGCAGG,PLXND1,201,42,62
PLXND1_TGGCGCACATCGATCTCGGA,PLXND1,0,396,607
PLXND1_CTACTGCGGCTGGTGTGCCC,PLXND1,637,104,202
PLXND1_TTACCTGATGACGTCCCACC,PLXND1,1177,534,432
PLXND1_CGCTGTGTAGTTGTTGACGC,PLXND1,2652,464,732
PLXND1_TTGTTGGTGGGCGTGGGCGA,PLXND1,1469,799,682
PM20D1_TTTGAATATGGTGAGTGCCG,PM20D1,765,492,313
PM20D1_CCACTCTTCAGCTCCTCCAA,PM20D1,1715,178,233
PM20D1_TCAGCCCTGCTACAGTCAAG,PM20D1,1090,382,468
PM20D1_GGATGTACTTCCTGATCAGC,PM20D1,404,154,329
PM20D1_GCTTCTAGTCTTTCCTACAG,PM20D1,591,123,147
PM20D1_CCCTTCTCAGTTCAGCAAAG,PM20D1,2241,1109,1435
PM20D2_CTCGGCGGAGTGCATCGACG,PM20D2,1711,733,1010
PM20D2_AGAAGTGCGTCAGCACGCGG,PM20D2,169,58,85
PM20D2_CGTACTCGCAGAGGAAGCCC,PM20D2,668,146,218
PM20D2_GACAGCAAATGAAACCAACC,PM20D2,321,126,86
PM20D2_TCAGTTCTACACTCTGCGGA,PM20D2,802,150,121
PM20D2_AGCTCTGGCAATGACGGCAC,PM20D2,616,232,506
PMAIP1_GGATGCAGCTGCGTTTCACC,PMAIP1,83,169,185
PMAIP1_GATGCAGCTGCGTTTCACCA,PMAIP1,770,460,268
PMEL_AGGTGGCTGTACCATCCAGC,PMEL,408,24,79
PMEL_TGCACAGATGTGGTTCCAGA,PMEL,399,135,49
PMEL_AGTAATGGTGAAGGCTGAGC,PMEL,371,25,123
PMEL_GACCAAGAGCCAGATGGGCA,PMEL,1030,412,57
PMEL_AAAGGTATTGCCAGATGGGC,PMEL,140,58,272
PMEL_CAGAGACTTGACTGCTGGAG,PMEL,2428,634,620
PMEPA1_GAGGTCATCGGCCACTACCC,PMEPA1,198,138,59
PMEPA1_CATCAGGTCACTGTCGAAGA,PMEPA1,1895,442,500
PMEPA1_CCTGACACTGTGCTCTCCGA,PMEPA1,41,50,235
PMEPA1_TTCATCAGCCGGCACAGCCA,PMEPA1,1335,550,682
PMEPA1_CTGCACGGTCCTTCATCAGC,PMEPA1,781,31,64
PMEPA1_CTTTGTCTCCACAGCGGAGC,PMEPA1,400,105,107
PMF1_GGTGAAGCTCCTCGACACCA,PMF1,166,0,0
PMF1_TTTCACAGACTGTCCACCAG,PMF1,2587,937,1285
PMF1_AAGTCCGCAAAGAGCCAGCC,PMF1,750,0,3
PMF1_TGGCAGATGCCGTCCTGGCA,PMF1,1271,246,396
PMF1_TTTGCTGGACTCTGCACCGC,PMF1,643,292,235
PMF1_GCAGAGCGACACCCTAGACC,PMF1,1045,164,159
PMFBP1_TCTCGAAGAGGCCAAGCAGC,PMFBP1,792,323,301
PMFBP1_CCTGGTGAAGGATCTGCGCG,PMFBP1,1826,513,556
PMFBP1_ACTGTCTGAAGTCTGGCAAA,PMFBP1,1979,716,218
PMFBP1_ACAGGTGATTCTCTATGAGG,PMFBP1,556,128,230
PMFBP1_AGTGATGGTGCAGAAGAACC,PMFBP1,164,52,139
PMFBP1_GGACACTGATACCTTAGAGC,PMFBP1,1288,366,315
PML_TGGGCTGGCGGCCTTCAGAG,PML,846,520,808
PML_TCGGGCACTTGGCTTCCGCC,PML,516,110,78
PML_TGTGCTGCAGCGCATCCGCA,PML,1012,318,251
PML_GGACCCTATTGACGTTGACC,PML,314,46,141
PML_AGAAGGCGTACACTGGCACG,PML,979,137,307
PML_TCAAGATGGAGTCTGAGGAG,PML,1690,339,399
PMM1_CCGGACTGTTGGCCACAGCG,PMM1,1612,218,401
PMM1_GCGCTACTGCCTGGATAGCC,PMM1,204,325,299
PMM1_CGAGTTCTCCGAACTGGACA,PMM1,387,79,167
PMM1_CGGACGACTGCTCTCCAAGC,PMM1,2665,439,972
PMM1_CGCTGAGCAGCTGGGTGACG,PMM1,3410,1297,859
PMM1_CGTCCTCTGCCTGTTTGACG,PMM1,2501,434,461
PMM2_ACGTCGAAGAGGCAGAGCGC,PMM2,1072,637,562
PMM2_GGGTCCCATCCACGTCGAAG,PMM2,828,63,124
PMM2_TGGGAAACTCTTGTGTAGAC,PMM2,1072,309,561
PMM2_CGGAAAGAGTTTGCTGGAAA,PMM2,2862,1173,1171
PMM2_TCTCATGGTCATTGCCACCC,PMM2,721,27,11
PMM2_GAACTGCTGTTCTCCTAACG,PMM2,1017,868,679
PMP2_AGCATCGTAACCCTGCAGAG,PMP2,1441,590,537
PMP22_ACGCGAATGAGGCGCCCAGA,PMP22,480,143,65
PMP22_CATAGATGACACCGCTGAGA,PMP22,1441,180,230
PMP22_ACACGGTGAGGCACCCGGAG,PMP22,1050,490,356
PMP22_AACTCTTCACCCTCACCAAG,PMP22,1019,196,384
PMP22_GGACGATGATACTCAGCAAC,PMP22,1108,292,135
PMP22_CGATGATACTCAGCAACAGG,PMP22,1520,310,747
PMPCA_GGATCCACACCTGTTAGCCG,PMPCA,1144,0,0
PMPCA_CTACTACACTCCCGACCGCA,PMPCA,1351,72,0
PMPCA_CACGCACATCATGGTTGGAC,PMPCA,2032,26,0
PMPCA_CACCTGTCTTGGGTCGGCGC,PMPCA,907,43,35
PMPCA_GGATGTGCTCATACGTGGGC,PMPCA,765,65,128
PMPCA_AGAGCCGGTACGTCCTGGGC,PMPCA,353,46,0
PMPCB_TGTTGTCATCCGCGGCGCGG,PMPCB,1140,21,52
PMPCB_GCAGAGATTGAACGTGAGCG,PMPCB,2016,50,48
PMPCB_GCTATTGCAAGGTGCGCCAA,PMPCB,407,38,43
PMPCB_GATTGCCATGACAAGTGAGC,PMPCB,58,124,28
PMPCB_TCTTGCTTCAAGCTCAGGGA,PMPCB,1267,0,6
PMPCB_ATTGCTGCTGTTGGTAAGCC,PMPCB,2062,38,5
PMS1_AGGAGTCGAACTGTTGCCGC,PMS1,602,28,98
PMS1_AATTGAGGTGCGAGATAACG,PMS1,1395,327,367
PMS1_CTGGGCCAAATTCCATGCGC,PMS1,2070,283,451
PMS1_GATCCTCGTCTTACAGCGAA,PMS1,219,161,129
PMS1_AAACCATTCGCTGTAAGACG,PMS1,1697,464,433
PMS2_CAAACCGTACTCTTCACACA,PMS2,2544,276,550
PMS2_CGACAGCCTGTGGTATGCAC,PMS2,2765,861,859
PMVK_CCATGGAGTTGAACAGCGCC,PMVK,792,145,138
PMVK_TCTGCTCCAACGCTACAACG,PMVK,1983,605,1119
PMVK_GCCCTCTTACCCAGATGGGC,PMVK,231,145,219
PMVK_GGACACCAGCACCTACAAGG,PMVK,1251,145,460
PMVK_CTGAACAGCAGTACCAGCCG,PMVK,1990,398,338
PMVK_TGAACAGCAGTACCAGCCGC,PMVK,476,147,262
PNCK_CAAGGACCTGACCCACCAGA,PNCK,594,206,114
PNCK_TGACTGATCCTGCAATGGCA,PNCK,333,132,11
PNCK_TGCGATCTCGTTCTCCACCA,PNCK,1994,630,457
PNCK_GCTGCTGCTGAAGAAACACA,PNCK,258,106,83
PNCK_ATGTGGAGGCGTGTATGCGG,PNCK,1883,373,107
PNCK_TCTTCGGCCACAGGTCGGCA,PNCK,920,186,165
PNISR_CTTCTACGTCTCTCTCGGGA,PNISR,1221,434,553
PNISR_CTTTATGCACACAGGTGGAC,PNISR,643,214,255
PNISR_CTTCCCGCTTGGATTCGCGA,PNISR,1197,9,12
PNISR_GGATGAAATCCACCTTGCGG,PNISR,884,195,221
PNISR_CATCCATGGCTGATCTGGAG,PNISR,1751,180,147
PNISR_AGCATGGTAGAACAACCACC,PNISR,270,16,139
PNKD_CGATTCGGAAGAGCAGCCGC,PNKD,488,69,123
PNKD_TCTACCGACAGCAGCTGCGC,PNKD,206,243,429
PNKD_GGTAGCTGTAGTTGTCCGAG,PNKD,485,104,53
PNKD_TTCTGTGTACTCACAAGCAC,PNKD,639,225,255
PNKD_GGAACCGTGACCTCAGCCGG,PNKD,521,198,213
PNKD_GACCACATCTTGATGACACA,PNKD,792,349,246
PNKP_ACCAGATGAGCATCGGGCGC,PNKP,6,151,48
PNKP_CTCCGAGAGCTGGAAGCCGA,PNKP,74,25,0
PNKP_CATCACCACACGCTCTGGGA,PNKP,792,1,21
PNKP_TCCACCCACTGACCCTGCGC,PNKP,941,0,39
PNKP_CCGGACAGTGGCAGTGAAAC,PNKP,2478,776,909
PNKP_CTCTCGAGCCACAAGCGGCC,PNKP,1045,86,88
PNLDC1_GAGCTGCACGGCCATGGACG,PNLDC1,563,190,500
PNLDC1_CTGGCGATGTTCTGCACCCG,PNLDC1,5260,1033,1134
PNLDC1_ACGATATCCTGACTGGGAAC,PNLDC1,1429,636,559
PNLDC1_TGATTGACGAAGTGACGCGG,PNLDC1,585,50,177
PNLDC1_CCAGGCCTTTGAGGTCCAAC,PNLDC1,1831,788,769
PNLDC1_ACTTCTCATGGAGGTGCAGC,PNLDC1,149,71,71
PNLIP_GACCAAGGCAATATATGGAG,PNLIP,967,77,100
PNLIP_CCACCAGAATCTGTTCAAGG,PNLIP,911,701,734
PNLIP_TGTATCTGTGTGGACTGGAA,PNLIP,1110,218,281
PNLIP_AAGTGTTTCCCTTGTCCAAG,PNLIP,480,204,409
PNLIP_GGGCAGCCTCCACTTGGACA,PNLIP,524,183,317
PNLIP_CAACCCAACTTTACCTAGAG,PNLIP,1648,623,608
PNLIPRP1_TACCTTTGGCTGCTCCCAGC,PNLIPRP1,563,105,126
PNLIPRP1_CTCCTTTGTCTATGAAGCCA,PNLIPRP1,1268,322,330
PNLIPRP1_GAAACTGTTCGAGGTGGAGG,PNLIPRP1,218,54,76
PNLIPRP1_TAGATCCACGATCTGAGACA,PNLIPRP1,405,10,66
PNLIPRP1_GAAAGCATCCTCAATCCCGA,PNLIPRP1,424,106,119
PNLIPRP1_CTTCCATCTCCTGTGCAGGC,PNLIPRP1,1374,635,477
PNLIPRP2_TGGCCAGCAGGAGAAGGCCG,PNLIPRP2,402,98,89
PNLIPRP2_CCGCCTTGTCTAAGAAGCCA,PNLIPRP2,702,227,179
PNLIPRP2_GGCTTGGGTGTACATTGCCC,PNLIPRP2,28,193,72
PNLIPRP2_TCCACAAACACGGCGTCAGA,PNLIPRP2,67,137,158
PNLIPRP2_AGGTTTCGGAATGAGCCAAA,PNLIPRP2,614,238,209
PNLIPRP2_CTCCTACGATGAGTTTCAGG,PNLIPRP2,1596,207,202
PNLIPRP3_CAGAGTTGGTAGGTTTACCC,PNLIPRP3,1267,144,278
PNLIPRP3_CACGGAGATTGTTTACAGCA,PNLIPRP3,3219,492,827
PNLIPRP3_CCGTGTTGTTGGTGCTGAGG,PNLIPRP3,1502,192,508
PNLIPRP3_CAACAAAGTTGGCATCCGAG,PNLIPRP3,496,289,552
PNLIPRP3_GGCATGGTTACAGTCAAAGA,PNLIPRP3,318,236,244
PNLIPRP3_CAAAGAAGGTTGCCCAACAA,PNLIPRP3,1786,630,960
PNMA1_TACAGAAGGTGGTAGAGAAG,PNMA1,842,375,172
PNMA1_TCATTAGTGTGCTCCAGCCA,PNMA1,1912,257,514
PNMA1_TCAGAACCCTACTCCGACCC,PNMA1,930,468,426
PNMA1_GCACCTCTTCCTAGCTAGAG,PNMA1,1300,82,159
PNMA1_CGATGACACTGTTGGAAGAC,PNMA1,3706,1070,893
PNMA2_CCCTCGGCGTATTGCGGACC,PNMA2,621,461,633
PNMA2_TCTCCACCGCTCTCCGGAGC,PNMA2,1346,475,903
PNMA2_ATGTGCATGAGGTCCAGGGC,PNMA2,1174,287,318
PNMA2_CCATTGCCTGTCCCAACAAA,PNMA2,2729,579,598
PNMA2_CGCTGGCACTGTTAGAGGAC,PNMA2,2702,726,831
PNMA3_ACTGAACCGCTTCTTAGAGG,PNMA3,329,48,159
PNMA3_ACCGCTTCTTAGAGGAGGAG,PNMA3,767,89,128
PNMA3_AGGCTTTACACAACTTCACC,PNMA3,152,264,293
PNMA3_GGGCAGAGGCCAACACCGAA,PNMA3,639,298,446
PNMA3_TCTTCTGCTTTACCAAGAGC,PNMA3,570,168,63
PNMA3_TTGAGTCGGGAAACGGGAAC,PNMA3,711,357,168
PNMA5_TTCTGAGCCTATGTTTCCCA,PNMA5,963,218,372
PNMA5_TGCTCTTGCCTGTCTACCGG,PNMA5,1502,409,730
PNMA5_TGTGCACGGCTTTCTGCAGC,PNMA5,0,0,15
PNMA5_TCTGCATCCAGGCTCTCGGC,PNMA5,136,75,220
PNMA5_CTAGGACCCTGTATGCGCAC,PNMA5,1576,569,397
PNMAL1_AAGCCGGTGATGCCAAAGAA,PNMAL1,1763,513,769
PNMAL1_CAACTCCTCCTTATTCACAC,PNMAL1,535,297,413
PNMAL1_TACCAAACCTTTGGTTCGCA,PNMAL1,1119,52,112
PNMAL1_AATTCGAGGAGATGGCAGCC,PNMAL1,347,148,264
PNMAL1_ATGAATTCCTGGATGCCGAG,PNMAL1,329,305,315
PNMAL1_CTCCAGAAGGTTCATCGCCA,PNMAL1,2683,714,251
PNMAL2_AGGACGACGCCGCAGGAAGC,PNMAL2,1253,154,94
PNMAL2_ACCAGAGCCAAGAACTCGCG,PNMAL2,1185,260,193
PNMAL2_GGGCGACCTGAGCGGAGAAG,PNMAL2,903,150,295
PNMAL2_GGACTCTTCCGACGAGAGCC,PNMAL2,211,120,102
PNMAL2_ACGCAACAGGTTGACCCAGA,PNMAL2,1486,358,567
PNMT_CGACGCCGTTCGGGTTGCAC,PNMT,1167,127,228
PNMT_TTGGCGCAGACCTTCGCCAC,PNMT,221,109,317
PNMT_TCATGGTGATGTCCTCAAAG,PNMT,1605,469,283
PNMT_CAGGCATGATATAGGTGCGG,PNMT,1500,171,47
PNMT_ACGCCTGTCTGAAGGTGGGC,PNMT,224,160,74
PNMT_CTTCTTCGCCTGGGCTCAGA,PNMT,315,178,146
PNN_CATTCGCAAGCTCACCGGGC,PNN,1264,8,6
PNN_TACCTCCACCAGGACCAGAA,PNN,730,0,0
PNN_GGATTCTCAGATAGTGGAGG,PNN,153,7,3
PNN_ACGCCAGGAAAGCGACCCGG,PNN,1327,19,0
PNN_TACCCTTTCAGTAGCAACAG,PNN,1201,110,58
PNN_GAAAGTTGAGCTTGCGCAGC,PNN,392,43,13
PNO1_ATAGGAAGAATCGCTGGCAA,PNO1,566,0,0
PNOC_AGGTCGAAGCTGTCCAGGGC,PNOC,599,250,188
PNOC_CTTGGTGCATGGAGTCCAGA,PNOC,626,108,59
PNOC_GCATCTCCGAAGCTCTCGGC,PNOC,127,99,20
PNOC_GGAAGAGCCCGAGCCTGGCA,PNOC,302,19,12
PNOC_CGGCGCACCCTGCACCAGAA,PNOC,3157,1221,1229
PNP_AGAAGGCGTCTGCGAGACCA,PNP,957,254,188
PNP_TCTGCGAGACCATGGAGAAC,PNP,1202,762,535
PNP_ACCAGTCGGCCAGCATGACC,PNP,532,41,109
PNP_GGGTGTCCACACCCAGAAGG,PNP,177,64,60
PNP_CATCATTGGGCCCTCTGAGA,PNP,497,88,97
PNP_CGACCGGACTATGAGGCAGA,PNP,1667,405,606
PNPLA1_GGCCATCTGCGGGATTGAAA,PNPLA1,1255,369,197
PNPLA1_ATCTGCACCATCTTACAGGA,PNPLA1,1769,364,551
PNPLA1_CTCTCACCACCAGGTCCGGG,PNPLA1,1376,172,158
PNPLA1_TGCACGATTACTACTACCGA,PNPLA1,1040,264,301
PNPLA1_GATCTGGCTGGTGATCCAGA,PNPLA1,13,40,75
PNPLA1_AAGACAAGTGGCACCAGAAA,PNPLA1,712,310,344
PNPLA2_CGCCGACGTAGTAGACGCCG,PNPLA2,512,161,257
PNPLA2_ATTCTCGCCGTCTGACACGC,PNPLA2,809,176,159
PNPLA2_GATGTCACTCTCGCCCGAGA,PNPLA2,273,14,28
PNPLA2_CGTTCCGCTGCAGAAAGCGC,PNPLA2,742,104,129
PNPLA2_GGCAGTGGAGAGCGCCCAAG,PNPLA2,312,17,48
PNPLA2_ATGGCCGTGGCCAGACGCAC,PNPLA2,492,228,50
PNPLA3_GCCATGTACGACGCAGAGCG,PNPLA3,1150,1023,949
PNPLA3_TTAAGCAAGTTCCTCCGACA,PNPLA3,1694,265,706
PNPLA3_ACCACGCCTCTGAAGGAAGG,PNPLA3,735,93,26
PNPLA3_CAACTCACCTTGAGATCCGG,PNPLA3,1256,144,171
PNPLA3_CAGACTCATGTTTGCCCAGC,PNPLA3,656,432,694
PNPLA3_CTGCCATTGCGATTGTCCAG,PNPLA3,746,201,188
PNPLA4_CTAGTTGTCCCTGGCAAACC,PNPLA4,2331,1413,1195
PNPLA4_TGTCCAGTCGTCCACTGAAG,PNPLA4,1472,103,48
PNPLA4_ATGGTTACTGTCCGGCCGAC,PNPLA4,374,159,200
PNPLA4_TTCCCATCCTGCCCGTCGGC,PNPLA4,43,533,252
PNPLA4_GCTAGTGGAATACAAAGGGC,PNPLA4,853,58,35
PNPLA5_CATGTACGAGGGATCCCAGC,PNPLA5,536,109,140
PNPLA5_GGAACCAGTGCTATGGACGC,PNPLA5,1342,319,463
PNPLA5_GGCCAGACCTACCTCGAGGC,PNPLA5,735,483,480
PNPLA5_GGGATCAGCCCGCAGTAGAA,PNPLA5,671,195,218
PNPLA5_TCAGCGAAATGCCCAGCCGC,PNPLA5,1289,273,204
PNPLA5_AACCTGTCCTTCTCCGGCGC,PNPLA5,964,204,118
PNPLA6_ATGGAGGCTCCGCTGCAAAC,PNPLA6,601,291,338
PNPLA6_TCATCCTCCTGGTGGTGCGG,PNPLA6,565,267,189
PNPLA6_GACAGAGGTATCCACGAGGG,PNPLA6,71,12,17
PNPLA6_AGGGCAGATGGGAGTTAGCC,PNPLA6,448,364,193
PNPLA6_GGAAGAGTGGCTTCTCGAAG,PNPLA6,959,121,264
PNPLA7_AAGCCGCAGCTGGAAGCCGG,PNPLA7,285,12,37
PNPLA7_TCTGTGTGGTGCAGGACGGG,PNPLA7,821,225,305
PNPLA7_CGTGAGGTCGGCCTCCAGCA,PNPLA7,1245,492,340
PNPLA7_CGGCCGGAAGATCATGAGGA,PNPLA7,1297,341,224
PNPLA7_CCACTCTCGGCCAGCTGACG,PNPLA7,1553,384,375
PNPLA7_GGACTGTGGTTCACGGAGGA,PNPLA7,898,321,326
PNPLA8_CTCATAACGTCCAGTGCCCA,PNPLA8,2378,323,395
PNPLA8_TCATGCATAGCTAATGCCGA,PNPLA8,411,66,118
PNPLA8_GCTATGTGGATCCAGTGAAA,PNPLA8,1210,245,345
PNPLA8_TAATGCCTGAACTAATGCCC,PNPLA8,78,31,96
PNPLA8_GAGTATTGATAACAGGACCC,PNPLA8,100,8,148
PNPLA8_CTCAGAATCTGTACATACGG,PNPLA8,2586,276,508
PNPO_TGGCAGCACTGCGACCACAC,PNPO,1285,207,167
PNPO_CCATGCGCAAGAGTTACCGC,PNPO,1124,367,632
PNPO_CTGAACAGCCTCCTCAAACC,PNPO,3768,756,1016
PNPO_TTCTGTGATCCCTGATCGGG,PNPO,1233,62,107
PNPO_ACAGCTCTACCAGGATCAAG,PNPO,1717,177,139
PNPO_GACCGGATAGTCTTTCGGCG,PNPO,1309,247,215
PNPT1_ATTAGACCGCTCTTTCCAGC,PNPT1,260,0,0
PNPT1_CACTGCAGTAATGGTCACAG,PNPT1,2572,378,344
PNPT1_TCCCGCCGTGGCAGAAGGAA,PNPT1,1342,199,263
PNRC1_GGCCCTCCCGATGGTGACCA,PNRC1,357,28,59
PNRC1_AGCCGTGGTCACCATCGGGA,PNRC1,385,141,221
PNRC1_CTCGGGCAGCGCCGAAGAAG,PNRC1,899,352,259
PNRC1_GCCTCACCTCTTTCCTGAGG,PNRC1,546,106,134
POC1A_GAGAAGTCACGAAAGTGCCG,POC1A,274,51,110
POC1A_TGATCAGGTAGTTTCCCGAC,POC1A,738,119,52
POC1A_AGCGGCAATGCACGTCCCAC,POC1A,997,13,29
POC1A_CGCCATGCTCACAATACGAG,POC1A,4228,1349,1297
POC1A_CCCTGAGCCAGCATATCAAC,POC1A,1776,1596,945
POC1A_CTACCGCTTCACTGGCCACA,POC1A,732,270,292
POC1B_GGTAGGACTCTGCCAGACAA,POC1B,326,63,0
POC1B_GGAGAGCTATTTGCATCAGG,POC1B,431,60,104
POC1B_TGAGATAGTTACCCGAAGGA,POC1B,1139,199,160
POC1B_GGTACATGCATAGCTTCAGC,POC1B,224,34,0
POC1B_CCTTGTATCGACATACACAC,POC1B,676,122,288
POC1B_TGAAATAACGCTCCAGAACG,POC1B,1305,300,285
POC5_CCTGCACCAAGAGCAGAAAC,POC5,2422,254,615
POC5_TGCTTCGATGACTTCTACCA,POC5,731,199,338
POC5_CGGCCATGTCAGAGCCAGAC,POC5,1672,545,799
POC5_TGACATGGCCGATTCGCCAG,POC5,1474,8,83
POC5_CATCACCAGTGTTATCGCCA,POC5,1779,119,167
POC5_AGAGACAGAACTGCCTCGAC,POC5,486,71,177
PODN_CAGTCTCAGCTGCGCTCCGC,PODN,955,32,80
PODN_ATACCAAATGGAAGGCGAGG,PODN,225,84,204
PODN_AGACTGTGCCTGTTCCCAGG,PODN,1461,406,212
PODN_AACAACCGCCTGACTTCCCG,PODN,465,75,154
PODN_CAGGGCGTTTGGCAGGAAGC,PODN,1053,349,258
PODN_GCTTGTACAGGGCAGGCGGC,PODN,38,6,6
PODNL1_TGGAGCCGCTCGAGTGAGGG,PODNL1,501,143,497
PODNL1_TGGCAGCCAGATCCGCGACA,PODNL1,2186,751,668
PODNL1_ACTCGAAGGCCTCGTCAGGC,PODNL1,309,49,274
PODNL1_GGTTCGCAGGCCACTGAGGC,PODNL1,305,206,77
PODNL1_GCGTCTTCCAAGCCGGCGAC,PODNL1,618,34,429
PODNL1_CGAGATGGCAGAGTCAGGGC,PODNL1,2839,456,229
PODXL_ACGAGCGGCTGAAGGACAAA,PODXL,1545,688,631
PODXL_ATGCCGCACTTATCTTGGGC,PODXL,560,43,98
PODXL_GACCAGGCTAACCAGGGAGA,PODXL,297,110,39
PODXL_AACCCAGACTCGGGTAGAAG,PODXL,796,270,618
PODXL_CAGGCATTACTTACGTAGGG,PODXL,1916,180,144
PODXL_GGCCACTCACCATTCTGGGA,PODXL,478,0,117
PODXL2_AGGCGGCGACGGCTACACCA,PODXL2,2456,605,620
PODXL2_CTAGACCTCCTGCTGCCCAC,PODXL2,926,339,122
PODXL2_TCTCTGGGAGGCATATGCCA,PODXL2,36,140,69
PODXL2_GGGCAGCACCTCTTCCACCA,PODXL2,2473,167,317
PODXL2_CCATGCTGGGTGACATCCGC,PODXL2,919,104,482
PODXL2_CGCAATGATGATGATGCAGA,PODXL2,2013,593,389
POF1B_TCTCATAACCAACCCTCCAC,POF1B,494,36,161
POF1B_AGCAAATAATCACCAGCAGC,POF1B,740,163,114
POF1B_ATCAAGCCAGATTTGTGAGC,POF1B,766,68,148
POF1B_GCACTTCCCGTGAGTTGAAG,POF1B,1745,607,835
POF1B_GAGCGAGTGAGGACCTACAG,POF1B,1027,423,245
POFUT1_TGCTGCTTCTGCCGCTCCCG,POFUT1,1024,313,338
POFUT1_TGATGACCCGATGGTAAGCC,POFUT1,830,436,690
POFUT1_CTGATCCCAGAATGGGCCAA,POFUT1,756,77,482
POFUT1_TGCCCACATAGGGCCGGACA,POFUT1,279,368,455
POFUT1_GGCACATAGTCATCGTGAGG,POFUT1,429,102,250
POFUT1_TGCCTTTGTGAAGCGGGAGC,POFUT1,464,57,160
POFUT2_CTCAGTAGGTGATCTTCCAG,POFUT2,1744,616,716
POFUT2_ACGTCACTGTCGGCCGAGAG,POFUT2,1842,812,843
POFUT2_GCAGCCTCATGAAGACCCAC,POFUT2,242,132,77
POFUT2_ACTCCACGGACGACGCAGAC,POFUT2,1650,225,171
POFUT2_GGATATAGACATCCCTGCGC,POFUT2,306,96,7
POFUT2_TCCGGCCAGGAGTTCTGGCC,POFUT2,68,33,67
POGK_CCGGGAACTAGAGGACGGCC,POGK,282,228,202
POGK_GAATCTGCTCTGAGGGCGGA,POGK,26,25,57
POGK_GCCACCTCATCAAATAGGGC,POGK,266,1,237
POGK_CATGATCACCCGTTTGGAAG,POGK,2188,581,502
POGK_AAGCCCATGGCCATGTAGAA,POGK,2507,623,777
POGK_CTGACATGGTGATCATCCCA,POGK,1271,247,291
POGLUT1_TGCAGTAGGTCTGCCGGCGA,POGLUT1,2622,582,498
POGLUT1_GCTCCGAGCTACAGCGGCCA,POGLUT1,48,286,367
POGLUT1_GATCTAACTCCTTTCCGAGG,POGLUT1,340,143,68
POGLUT1_GATCGGGCGTCTCCCTGACA,POGLUT1,256,0,20
POGLUT1_GCGTCTCCCTGACATGGAGA,POGLUT1,625,271,132
POGLUT1_AGATGGACATCCTTAGCAGC,POGLUT1,1321,154,63
POGZ_CTGGAGGTCAAATACTGGGA,POGZ,1290,458,794
POGZ_CATGGCTCTCAAAGAACCAG,POGZ,1210,310,1518
POGZ_CTGTGGGACGGTGCTTCGAA,POGZ,1259,473,285
POGZ_GAACGTACAGCAAGGCCAAA,POGZ,277,196,297
POGZ_AATATTGGTTGTGAGGCCAC,POGZ,180,12,0
POGZ_ATGGGCACTGGAGCCGAGAC,POGZ,676,451,893
POLA1_TCACAGTCGTCGCCGTGCAC,POLA1,622,0,0
POLA1_GAAGCTGGTTCAGGCACGCC,POLA1,120,148,1
POLA1_TTTCTCTGTGCACACCGCCA,POLA1,283,31,20
POLA1_GGAGGCTCCTTTCTGGAGAC,POLA1,122,2,264
POLA1_GAGGATCAGTACAACCAACC,POLA1,339,0,34
POLA1_ATATCTACTTACCCAGCCAG,POLA1,540,0,3
POLA2_CTTCGGCCTAGACTGCGAGG,POLA2,321,8,0
POLA2_TCCCTGTGCTAAGCCGAAGG,POLA2,45,8,39
POLA2_AGTGATTCTCGAGGGAGACC,POLA2,478,0,0
POLA2_ATGGAAGGAATCAACACCAC,POLA2,675,117,51
POLA2_TGTATGGTCCACAGGCAACC,POLA2,1032,20,18
POLA2_CATGCTTAGCATCCAGGAAA,POLA2,1495,77,35
POLB_TGCAGGCCGCCATGAGCAAA,POLB,2892,488,521
POLB_GAGAACATCCATGTCACCAC,POLB,1247,279,285
POLB_GGTTGATTCTGAAGTGAAGC,POLB,585,224,218
POLB_AGTGACTCCCAAGGGACGGA,POLB,75,36,20
POLB_ACACTCACCAGTGACTCCCA,POLB,565,119,114
POLB_AATACCGGGAACCCAAGGAC,POLB,659,116,138
POLD1_CCAGCAGGATGGATGGCAAG,POLD1,1373,154,46
POLD1_AGAAGTAGGGAGCGAAGCCG,POLD1,1768,24,105
POLD1_ATGTGCTCGGGCCCGAAACC,POLD1,931,43,95
POLD1_GCCACGGTGATGCGCAGGAA,POLD1,1566,210,296
POLD1_CGGACATCGTCGGCTGCAAC,POLD1,1981,929,1734
POLD1_TGACGTGGTCAGTCACCCAC,POLD1,777,57,10
POLD2_CGCTCACGCTCAGCTGCAGG,POLD2,251,119,34
POLD2_GGTTGCCAGCGAGGATAACC,POLD2,112,0,0
POLD2_GCTCACCTATCTGTGTCAAG,POLD2,1038,198,196
POLD2_TGTATTTACTCCGAGGAGGC,POLD2,366,79,96
POLD2_CATCCTGCGGGAGGTCAGCG,POLD2,839,11,6
POLD2_GAGTTGGTGTAGGTTGCCAC,POLD2,150,0,0
POLD3_CAGATAAAGCTGGTCCGCCA,POLD3,1211,68,13
POLD3_GAAGACGAAGAGGATTCAGC,POLD3,206,7,0
POLD3_GGCAACAAGGCACCAGGGAA,POLD3,512,53,104
POLD3_GCCTGTTAAGGTGCTGCAGA,POLD3,575,29,98
POLD3_TATTTCTGGATGGCAACAGG,POLD3,167,49,87
POLD3_AGAACCCAGAGAGGAACGAA,POLD3,611,132,63
POLD4_CCCGGTTGTGAAGAGGAGGG,POLD4,867,22,58
POLD4_CCTACCCGGTTGTGAAGAGG,POLD4,384,199,99
POLD4_ATTCCTACCCGGTTGTGAAG,POLD4,366,425,176
POLDIP3_GCACCCTCGAGTCACTGAGG,POLDIP3,1430,309,116
POLDIP3_CATCACCTCACCTCAGCAGC,POLDIP3,1335,146,339
POLDIP3_AGGCGGCTTTCTCCACCACA,POLDIP3,1140,211,204
POLDIP3_TGATTCTCATTCCGGCAGGA,POLDIP3,249,315,189
POLDIP3_TCTCGAGTTGGGATCCAGCA,POLDIP3,1443,471,220
POLDIP3_GACGAACTCATCAGGAAGCG,POLDIP3,1212,78,229
POLE_TTCCTACATGATCGATGGCC,POLE,299,28,19
POLE_CGGTGTCATTACTGATGAAG,POLE,2751,240,334
POLE_TCCCTGTTCTTCTTCACGGC,POLE,1308,197,132
POLE_GAGTCAGTGGACGGATAAGA,POLE,1429,22,8
POLE_CCATGTCTCTGAGGAGCGGC,POLE,371,0,0
POLE_CGGGAAAGATTTCAAGCCCA,POLE,1144,270,314
POLE2_ATGACAAGTAGATCGGGCAC,POLE2,200,0,0
POLE2_AATCCAGGATCCTCTGGACC,POLE2,336,6,15
POLE2_TGATGTTTGGTTGGACCAGG,POLE2,523,28,73
POLE2_GCATGCTTTGTCTTAGCAGA,POLE2,416,8,0
POLE2_GGGTGAGAACCTATCACCGG,POLE2,255,0,0
POLE2_ACTTGAAGGCGGAGAGCGCC,POLE2,229,0,0
POLE3_ATGCCTCTGTCCCGCTCACC,POLE3,287,0,11
POLE3_GGCGTACAGCACGAAGACGC,POLE3,856,1,16
POLE3_CGGTGTCAACATCTCCAAGG,POLE3,2092,178,177
POLE4_CAGCACGCTCAAGGCCGGGA,POLE4,373,108,102
POLE4_AAGGCCTTCACTCGCGCCAG,POLE4,983,45,66
POLE4_CGACGTGACGCTAGCGGGAC,POLE4,1052,371,399
POLE4_CTTCATTCTGGCACGAGCCG,POLE4,1787,285,245
POLE4_TGCCTACTGTTGCGCTCAGC,POLE4,931,195,315
POLE4_GCCTACTGTTGCGCTCAGCA,POLE4,1013,99,112
POLG_ACGACTTCTTCATCTCCCGC,POLG,606,1,61
POLG_CCTGATGCAGTACTGTGCCC,POLG,292,116,130
POLG_TGCACAGACTTTATGTAGGG,POLG,1783,132,63
POLG_GAAAGCCAGAAGAGGCCCAG,POLG,177,24,17
POLG_AACGCTCTTCCACCAGCCGC,POLG,38,18,4
POLG_AGCAAATCTTCGGGCAAGGA,POLG,893,66,126
POLG2_TAAAGGAGTTCTCTGTCAGC,POLG2,51,20,7
POLG2_TAGATGGACTCATGGCAAAC,POLG2,2320,334,638
POLG2_GGTTACGTCATCGACTCCAG,POLG2,203,64,24
POLG2_AACACACTCCAATCTGAGCA,POLG2,909,222,165
POLG2_AGGTCCACCATTCTGCGGCC,POLG2,118,9,45
POLG2_ACGCCCAAGGGTCCGAAGCC,POLG2,992,218,261
POLH_AGTGGTTGCTCTCGTGGACA,POLH,882,126,68
POLH_GCAGCCATAGAGAGGGAGAC,POLH,400,298,283
POLH_CAAGCCCAACCGCCAAACCC,POLH,4026,93,225
POLH_CCCTAGGATCTCAATGACAG,POLH,2677,273,384
POLH_AGCTCTTGCTACTCGGGAAC,POLH,966,49,95
POLH_CACGAATGCTCACAACCAGC,POLH,801,188,372
POLI_TGATGTGCAAGACGTCAAGC,POLI,1130,382,282
POLI_GCTTCTCAGAGGAATACCGA,POLI,600,57,199
POLI_CTCTGTATCTCCTTGTGAAC,POLI,1911,813,1004
POLI_CGGTTCACAAGGAGATACAG,POLI,1330,444,420
POLI_CCTGATGTTCCCGGTTCACA,POLI,1185,294,180
POLK_ATACCGAGCTGTGAGTAAAG,POLK,1758,425,271
POLK_TGGAACATCAGCCCAGGAAG,POLK,2679,443,469
POLK_TAGGTTCAACACACCTGACG,POLK,174,74,46
POLK_AGCCCTAAAGCAAACAGGAC,POLK,579,454,542
POLK_CATCCACATGCACATTGAAC,POLK,2439,834,1160
POLK_TCCTCTAAAGGTAGCTCAAG,POLK,483,45,73
POLL_ACTTCCTGGAACGTATGCCC,POLL,199,49,19
POLL_CCATCCGCTTCCCAATCCCA,POLL,1186,144,127
POLL_ACAGTGTTCAGGGAGACAAG,POLL,1832,282,168
POLL_GGACCATCCACAGCCCAGCA,POLL,403,877,827
POLL_TGCGCACAACATGGGCCCGA,POLL,762,374,166
POLL_TCTTGAAGGCATTTCCCAAG,POLL,1063,90,141
POLM_ACACAGTCCACACCATGCAC,POLM,1461,717,356
POLM_GAGATACTGGCCGAGGCAGC,POLM,244,74,118
POLM_CATAGAAGCGGCTTACGGAG,POLM,925,234,207
POLM_GACAGGCTCCTGCTAACCCA,POLM,632,78,63
POLM_AACATGTGTCGCTTCGGAGC,POLM,1010,119,263
POLM_ACAGGCCTGGCGCGCTCCAA,POLM,718,110,46
POLN_GGCCACACCTTTCTAGCAGC,POLN,224,187,384
POLN_TCCTCTACATGGAATCAGAC,POLN,1126,214,52
POLN_GCAGCTTTAACTTGCCAAAG,POLN,2295,1089,1128
POLN_TCAGCTTTACCTCTCGAAGC,POLN,1679,751,689
POLN_CAGAACAGGACCACAGGCCG,POLN,2083,604,932
POLN_GAAGATACTGATGACGCCGA,POLN,5,29,53
POLQ_AGCTAGTGGGAGTTGAAGAG,POLQ,1797,265,215
POLQ_AGCTGTCTGCAAAGACGAGA,POLQ,100,114,132
POLQ_CCGAATGAGACCTTGACGAA,POLQ,1152,382,536
POLQ_AAGACGTTTGCCTTCAGGAC,POLQ,1000,185,666
POLQ_TGCACAATTGAGAGAGCCAA,POLQ,269,122,184
POLQ_ATGAATCTTCTGCGTCGGAG,POLQ,1232,121,186
POLR1A_AAAGGGTATTACCTTGAGGG,POLR1A,187,0,8
POLR1A_AGAAAGGTGTTCGCGGGCAC,POLR1A,1259,16,0
POLR1A_CTTTCGGACAACGGATCGCC,POLR1A,1,20,58
POLR1A_TAAGAGGTGAATCACGGCCC,POLR1A,283,0,0
POLR1A_GCACTTACATCGAAGAGGAG,POLR1A,472,0,0
POLR1A_TGATCTCCAAGAACATGCCC,POLR1A,333,0,15
POLR1B_TTCAACTACGCTGTGCACGA,POLR1B,1283,10,1
POLR1B_AGTCCACCTACAGTTCCAAA,POLR1B,784,46,0
POLR1B_CCTCATTGAGCACCATGAGG,POLR1B,220,0,3
POLR1B_TCCTGATAGTTTGGTGAACC,POLR1B,1519,260,254
POLR1B_ATTTCCGCTGCGTGCACAGA,POLR1B,632,101,135
POLR1B_CAACCATGACACCGTCCAGC,POLR1B,311,5,0
POLR1C_GGACCAGGACCGCTTCGAGA,POLR1C,1062,11,31
POLR1C_CCGTGTGGATGTAGTACACA,POLR1C,1547,21,0
POLR1C_GGTTCCGAGTGCATCTGACC,POLR1C,301,0,0
POLR1C_CAGGCTGATCTCTTTCCAGA,POLR1C,461,15,0
POLR1C_CCCTTCCACGGGCTCAAGCA,POLR1C,656,75,48
POLR1C_TGCTGAAGGTATCCAGCCGG,POLR1C,83,50,0
POLR1D_CCTCAATGGCTGAAGGCGAG,POLR1D,174,24,23
POLR1D_GATCATGAAGAACCCGGAAG,POLR1D,383,23,10
POLR1D_GCTGCTCCGCTTTCGTGGCG,POLR1D,945,199,349
POLR1D_GCCACGAAAGCGGAGCAGCC,POLR1D,511,65,81
POLR1E_ACAGACAGGCGAGATGGCGG,POLR1E,218,34,57
POLR1E_CTTACAGTCCAGTTCTCCAA,POLR1E,455,12,10
POLR1E_AGAAGCGAGCTCTGAACACC,POLR1E,630,13,33
POLR1E_GCTGCATCATCATAGCAGGG,POLR1E,298,1,27
POLR1E_TGTGGAGAGCCGAGACCGCC,POLR1E,297,1,68
POLR1E_CCTCAGACCGCCTGGCAAAG,POLR1E,1882,16,81
POLR2A_AGTCCTGAGTCCGGATGAAC,POLR2A,524,0,0
POLR2A_CGAATGTCTGTGACGGAGGG,POLR2A,541,92,236
POLR2A_AGGAAGCCCACGTGAAACAC,POLR2A,540,0,0
POLR2A_CATGTCTACGACCTTTGCAA,POLR2A,660,54,107
POLR2A_CATCACAACAGCAGGCCGCA,POLR2A,884,98,7
POLR2A_CCAGTTCCATGTGGCCACCA,POLR2A,2231,1,0
POLR2B_AGGCTTGGTTAGACAACAGC,POLR2B,408,39,58
POLR2B_CCTACCCATTGGGAAAGAGA,POLR2B,392,8,55
POLR2B_AAATAGCCACCAGGATCCAA,POLR2B,596,0,0
POLR2B_GGTTCAAGAGGAGCAAAGCC,POLR2B,432,0,53
POLR2B_ATAGACCGTGTAGTCACAAG,POLR2B,313,86,21
POLR2B_CCTACACGTGAAACATGCCA,POLR2B,1130,34,87
POLR2C_CCGTGATCCGCACGGTAGGC,POLR2C,501,224,161
POLR2C_CATCATCGAGAACACCGACC,POLR2C,1584,0,0
POLR2C_TCCCTCGGTAGCCTTACGCC,POLR2C,672,0,0
POLR2C_GGTGGCCAATTCGATTCGGA,POLR2C,0,0,19
POLR2D_TAGCACTCACCTACGAACAC,POLR2D,1291,0,0
POLR2D_TCACCTACGAACACTGGCAA,POLR2D,969,5,16
POLR2E_GCGGTAGCTACTGCACCAGC,POLR2E,42,8,2
POLR2E_GCTCTCATCGTGGTGCAGCA,POLR2E,954,2,2
POLR2E_GGCTCTCATCGTGGTGCAGC,POLR2E,282,61,91
POLR2E_GGACGAGCTTGACCAGACCC,POLR2E,433,0,0
POLR2E_CCGTGGCTATCTGGTGACCC,POLR2E,1270,38,25
POLR2E_GGAGGCTGCCATGGACGACG,POLR2E,289,1,63
POLR2F_CGACTTTGATGATGTGGAGG,POLR2F,1123,257,93
POLR2F_TGACTTGGAGAATGCCGAAG,POLR2F,511,109,143
POLR2F_CTCATCATCACCGACTGAGC,POLR2F,360,28,12
POLR2F_GAGCCGCCCTGGATGGACAG,POLR2F,964,185,288
POLR2F_GACTGTCGGGAGAAGTCAGC,POLR2F,1248,53,137
POLR2G_CGAAGTAGCGCGGGTGCAGC,POLR2G,349,58,115
POLR2G_GCAGAAGCTCTTCACCGAGG,POLR2G,779,0,0
POLR2G_GGTGTGATCCAGCCAGGCCG,POLR2G,226,0,0
POLR2G_TGTTGTCACTCAGGTCAACA,POLR2G,974,244,103
POLR2G_CCCACCATGTTACAAGACAA,POLR2G,2145,17,130
POLR2H_CGATGTGAAGGATATTGACC,POLR2H,1244,0,12
POLR2H_TGTGAAGGATATTGACCCGG,POLR2H,529,24,0
POLR2H_TCACAATGCAGTCGAGACAC,POLR2H,1745,57,280
POLR2H_AGTGCTCCAGAATCACGGGA,POLR2H,383,74,44
POLR2I_GAGGTCACTCGGTCCAGCGG,POLR2I,428,31,7
POLR2I_GCACACGTAGTAAAGGCGCA,POLR2I,1396,0,0
POLR2I_CTTCCAGTCACACAGTGCGC,POLR2I,1250,0,54
POLR2I_CAACAAGATCACGCACGAAG,POLR2I,1806,139,48
POLR2I_AAGCGAATACCCACGAAGCC,POLR2I,46,62,32
POLR2I_CCCGACGGGACTTACGAGCC,POLR2I,914,42,0
POLR2L_GCTTCTCGATCAGGTCCACG,POLR2L,227,31,14
POLR2L_TGAAGCGCTACTGCTGCCGC,POLR2L,497,0,0
POLR2L_AGCAGTAGCGCTTCAGGCCC,POLR2L,657,9,23
POLR2L_TGCAGGCCGAGTACACCGAG,POLR2L,1444,0,0
POLR2L_CTGCAGGCCGAGTACACCGA,POLR2L,1143,0,0
POLR2L_GCAAGATCGTCGGCAACAAG,POLR2L,1479,34,32
POLR3A_CAGCTACCTCATCAATCCGG,POLR3A,1189,10,0
POLR3A_GCACCCAAGAAGTGGACCAG,POLR3A,604,27,11
POLR3A_CTTCAAATCACTCACAACGG,POLR3A,2060,206,143
POLR3A_CTGGACTATCTAAAGAGGCC,POLR3A,214,66,0
POLR3A_CCACTATGGGTATATCGACC,POLR3A,1143,8,0
POLR3A_ACCTGAGGAGATGCGCCAGC,POLR3A,845,0,1
POLR3B_GAACCTGACTCCGGAGCAGC,POLR3B,0,0,52
POLR3B_GCAATGCCTTACCTATCGGC,POLR3B,148,11,1
POLR3B_ATCGTGGAGGCTGATAGAAA,POLR3B,1586,390,344
POLR3B_TTTCTGGCACTCTTCCAGAC,POLR3B,684,375,383
POLR3B_AAGTGTTACTCACTGGGACA,POLR3B,738,111,102
POLR3B_CGAAGAGTTATTCTGGCCCA,POLR3B,1219,115,10
POLR3C_TGGAGTCCGTCGTACAGGAG,POLR3C,2387,968,1099
POLR3C_AATCTCACTCATTCGGAGCA,POLR3C,247,0,2
POLR3C_GAGCGCAGTTGCTAACAGGA,POLR3C,510,0,0
POLR3C_ACCACTGAGAATTCAGACCC,POLR3C,459,80,46
POLR3C_TCACCAGGTTATGTTGGACG,POLR3C,901,1,20
POLR3C_GGCTGCCGGTTCTTATCAGA,POLR3C,325,13,0
POLR3D_GGTGAGGTCCCTGGAACGGA,POLR3D,119,0,0
POLR3D_AGTTACTTCTTCCTTGGGCC,POLR3D,514,14,10
POLR3D_GATCTTGCGTATGCTGGAGA,POLR3D,238,88,79
POLR3D_GAGTGTCGTTCCTCAGGCCG,POLR3D,616,269,221
POLR3D_GCCACGAGATGAGGAGGAAG,POLR3D,1564,76,103
POLR3D_ACTCATCCGCAAGTCTGGAA,POLR3D,644,6,0
POLR3E_GCAGTTACCTCCTGTACAAC,POLR3E,1348,424,418
POLR3E_TCATCGTAGGTCATCGAGGC,POLR3E,531,478,526
POLR3E_CCAACTATTGCCGCAGCAAA,POLR3E,2991,596,768
POLR3E_GAGAGGGAGGCGGCCAACGA,POLR3E,2394,86,84
POLR3E_TGGCTTGTCTCTCTTGCAGC,POLR3E,886,196,193
POLR3E_CATAGGACTGCACACGGCGC,POLR3E,461,55,161
POLR3F_GAAGGTGCAGCCGCCTGACG,POLR3F,103,18,29
POLR3F_TCGACCGGATCCGCGTCAGG,POLR3F,807,23,117
POLR3F_TCATATAGAAGCCCAGCAGC,POLR3F,591,135,269
POLR3F_ACTCACCGGGCAGAGTCCAC,POLR3F,217,0,0
POLR3F_TTTGATGACTGCCACGAAGG,POLR3F,753,20,44
POLR3GL_ACATGAGACCCTGGAGAAGA,POLR3GL,1431,138,161
POLR3GL_CAGATTGGCGGCGTCTACCC,POLR3GL,132,146,170
POLR3GL_AATGCCATCGATTGGAACCC,POLR3GL,619,221,43
POLR3GL_AGTACCTTTGCCCTCAGGCG,POLR3GL,919,72,38
POLR3GL_CCTCCACGTTGAAGGTCAAC,POLR3GL,234,227,100
POLR3GL_GGGCCAGTTGACCTTCAACG,POLR3GL,22,13,61
POLR3H_CGAGGAGATCCGCTTCCGGG,POLR3H,1200,39,25
POLR3H_TCGAAGAAGCCTAGAGAGAC,POLR3H,489,101,77
POLR3H_GAAGGAGTGCACGGTAACAG,POLR3H,860,72,148
POLR3H_AGCCGATGGACCTCTCACCC,POLR3H,918,396,228
POLR3H_GGCGCATCACACACCAAAGG,POLR3H,1517,37,26
POLR3H_GATGTTCGTCCTGGTGGAAA,POLR3H,485,0,19
POLR3K_CGTGCACAACATCACCCGCA,POLR3K,992,0,0
POLR3K_GATCAGCCCGTTCCCGCAGC,POLR3K,379,0,0
POLR3K_ATCAGCCCGTTCCCGCAGCC,POLR3K,745,0,0
POLRMT_CCTCCGCTCTGCCACAGGAA,POLRMT,2335,305,225
POLRMT_CAGGACGTACCTGGATGGCC,POLRMT,1576,181,231
POLRMT_GCTGGCTCACCTGATGGACG,POLRMT,771,184,28
POLRMT_CTCCTCAGACAGCAGAACGG,POLRMT,1332,263,201
POLRMT_CGCCGTTCTGCTGTCTGAGG,POLRMT,1830,585,294
POLRMT_TTGTGTTACCTTCTTTGCCG,POLRMT,2355,141,135
POM121L12_CCTCGGGAACTTCTGGAAGG,POM121L12,1152,233,238
POM121L12_CCTGCTCATGGGAGCCGCCA,POM121L12,1494,376,656
POM121L12_TGGGCCGCACCTCGATGAGG,POM121L12,822,300,299
POM121L12_TCTGAGACCTCGAACCACAA,POM121L12,1035,649,572
POM121L12_CAGAAGTCCCAGATGGCGGA,POM121L12,1263,432,360
POM121L2_GCCTTAGCTTGTCCAGGGAC,POM121L2,917,230,327
POM121L2_TACCAGTTACTGACACCACC,POM121L2,426,104,75
POM121L2_TGTGGGCTTTGAGTCTGGAG,POM121L2,486,131,81
POM121L2_CAAGCCAAGTCTCAGGGAAA,POM121L2,1626,544,870
POM121L2_AAGTCGGTGCGCACCTGGGC,POM121L2,893,122,160
POMC_ACAGGATGGAGCACTTCCGC,POMC,2581,110,99
POMC_GCTGGTGGCGGCCGAGAAGA,POMC,492,309,219
POMC_AAGCGCGAGGACGTCTCAGC,POMC,940,65,61
POMC_GGCCCATGACGTACTTCCGG,POMC,702,231,118
POMGNT1_CCATTGAGCTCAGCAGAAGG,POMGNT1,2727,457,555
POMGNT1_TGGGCCTTCGTGGGACGAAA,POMGNT1,1225,729,604
POMGNT1_ACCTCATGAGGATGAGGCCA,POMGNT1,776,94,154
POMGNT1_CATTGTCCTCAACCAGGCCA,POMGNT1,742,268,120
POMGNT1_TCTACGTCCAGGACCCGCCG,POMGNT1,717,177,253
POMGNT1_ATACCTGACAGAATCTCCGC,POMGNT1,80,80,40
POMT1_TGTGGCGACTCACCTACCCG,POMT1,1402,474,659
POMT1_TGGGCCGCCATTTGGCCACA,POMT1,387,143,226
POMT1_GAGTGCTGGCAGCAGGCGCA,POMT1,757,392,210
POMT1_GAACTTCAGGTAGGACAACA,POMT1,1459,350,345
POMT1_GGTTCTGGCTAACACTGACA,POMT1,420,243,62
POMT1_ACAGTAAGTACAGGACGACC,POMT1,584,186,87
POMT2_TGTGCAAATAGGTGGTGACC,POMT2,800,236,379
POMT2_GATAGCCGATGGCCATCCGG,POMT2,8,0,3
POMT2_TCAGTTCTGCCTTCCAGGCC,POMT2,1753,664,492
POMT2_GCTGAGCCAGAACCACCAGG,POMT2,467,196,175
POMT2_AGTACAACTCTTGCGCCGAC,POMT2,477,158,82
POMT2_GCTCGTCCAAGCGGTGGAAG,POMT2,693,82,80
PON1_TGGGATGGCATCCAACCCAA,PON1,939,263,202
PON1_GAAGTTCGAGTGGTGGCAGA,PON1,1031,83,294
PON1_CATCTGGATGGTTCACCACC,PON1,551,189,382
PON1_GGAGATACTGCCTAATGGAC,PON1,347,83,104
PON1_ACGACTTAATGCTCTCCGAG,PON1,1113,350,228
PON1_GAGCGCAATCAGCTTCGCCA,PON1,672,132,57
PON2_GGTACTTGAGCTGGATACAC,PON2,332,10,73
PON2_AGCTTTGCACCAGATAAGCC,PON2,914,286,177
PON2_CGGGAAGATGGCACCGCCCA,PON2,883,364,337
PON3_AGCACCGTGTATGCCAACAA,PON3,1446,489,507
PON3_CAGCCCAAGGGAGGTTAAAG,PON3,995,771,674
PON3_AACTTTGCGCCAGATGAACC,PON3,1027,378,318
PON3_TGATATACTTCCTAGTGGGC,PON3,616,120,148
PON3_TACTGGCTCCACTTCTCGAG,PON3,673,147,177
PON3_GGTGAATGCCTCTCGAGAAG,PON3,315,84,65
POP1_ATCCTGGAACTTCACGACAG,POP1,1300,129,133
POP1_GCTCTTCGTCGCATGTGCCG,POP1,124,0,139
POP1_GCTATCGAGCCATGACGAAC,POP1,433,32,0
POP1_GCTGCATCCAACCCTTAAAC,POP1,1038,154,104
POP1_ATTTGATGGGTTCCACACAC,POP1,982,0,13
POP1_TACAGGTTTCTATCCACCAG,POP1,257,48,147
POP4_GGGCGTGCTGCGCTTCAGGA,POP4,639,169,109
POP4_GGACCAGCTGCAGCGCAAGG,POP4,822,0,0
POP4_CTTAAAGGCAGATCTTCACG,POP4,2202,0,0
POP4_ACCGTTCACTTGACCGAAGC,POP4,1377,693,427
POP4_TGCGAAGAAGTTCAAAGCGA,POP4,1489,611,484
POP4_GCGAAGAAGTTCAAAGCGAA,POP4,693,741,482
POP5_CGTACGGGACACGATCGCCA,POP5,3151,0,0
POP5_TCGTACGGGACACGATCGCC,POP5,126,7,0
POP5_ATCGAGGCTTAGGCGGCAGC,POP5,193,53,100
POP5_CAGACACCAGTTCGCAGAGC,POP5,1290,0,0
POP5_CCTGTGCTTGAACCGCACCA,POP5,999,0,0
POP5_CCATGGTGCGGTTCAAGCAC,POP5,119,13,2
POP7_TCAGCCTCCACAGCACCGCG,POP7,293,1,105
POP7_GACGGACTTTAAGGCCCAGC,POP7,81,140,31
POP7_CAGAGCACGCGTTCTGACCC,POP7,2348,229,52
POP7_TGATGGCGCGGTTGATGGCC,POP7,531,104,102
POP7_CAGCTTCGGGTCCTTGCAGG,POP7,254,3,7
POPDC2_GGCGTGTGGGTTGGAGCCAA,POPDC2,530,132,106
POPDC2_CAGCAGAGCCGAGAAGAGGC,POPDC2,1542,54,111
POPDC2_ACTCAGGAGAGTCCATGAAC,POPDC2,775,176,232
POPDC2_ATCCTGGCTCACACGAACCC,POPDC2,884,358,570
POPDC2_CTTACCGGCCAGAGAGCAGC,POPDC2,368,79,134
POPDC2_AGCGTGCATTAGGTGGAAGC,POPDC2,219,300,209
POPDC3_GAGAATCCAGGAACTGAAGG,POPDC3,799,78,135
POPDC3_TCTCCTTGCTTGTTTCAGGA,POPDC3,798,708,528
POPDC3_GATTGCTTTGAGCTCTGAAG,POPDC3,262,198,131
POPDC3_ACCTGGAAGCAAGAGGCCGA,POPDC3,3,157,306
POPDC3_TGCTTCCAGGTTGTGCAGAC,POPDC3,2288,763,979
POR_CGGTGGAGCTGGTGTCCACG,POR,771,242,280
POR_GGTGGGCGTCCTTGGACAGG,POR,1,20,167
POR_ATGCCCAGGACTTCTACGAC,POR,1531,386,329
POR_AGACTGCTATGGGCTCCCGG,POR,919,354,490
POR_TGGGCAAGTACGTGGACAAG,POR,1481,361,361
POR_TCCTCGGCCCAGCTTGGAGG,POR,336,116,154
PORCN_AAATTCCTGGCGGCTAAAGG,PORCN,807,212,192
PORCN_CTTGCATGCTTCAGGTAGGA,PORCN,759,406,196
PORCN_TTTCCTCAGTGAGATGCACA,PORCN,390,186,242
PORCN_AGCTGTCCAAGGCCGCCCAC,PORCN,345,87,226
PORCN_AAGGCTGTGCTCACTTGCGA,PORCN,728,367,217
PORCN_GGGCTTTCTTTCCGAGGCCA,PORCN,529,92,138
POSTN_TCTGAGCTGTTTGCCTCCGA,POSTN,721,130,186
POSTN_GGCCACAAGATCCGTGAAGG,POSTN,1093,393,461
POSTN_AGGAGCAGTCTTTGAGACGC,POSTN,972,76,101
POSTN_TTGGAGGCCCTTGGAAGAGA,POSTN,952,203,252
POSTN_GGGAACCAGATTGCAACAAA,POSTN,1045,354,510
POSTN_TGCCCAGAGTGCCATAAACA,POSTN,4474,983,1171
POT1_TAACCTTCTGCCACAGAAGA,POT1,112,27,89
POT1_GAGATCTGGCCACGAAGACC,POT1,827,18,90
POU1F1_AGAGCCATGCACAGCTGCCA,POU1F1,880,84,20
POU1F1_ATTTCAAGCAGGAACTCAGG,POU1F1,392,177,54
POU1F1_TTGGTGGCATGGTTGGAGAC,POU1F1,1981,347,457
POU2AF1_AGAGCCAGTCCTTCAGGACA,POU2AF1,1521,291,142
POU2AF1_CGGAGGCTGGTACTGCAGGG,POU2AF1,161,168,330
POU2AF1_ATTGGTGATGAGTGGCGGAG,POU2AF1,830,430,276
POU2AF1_GGCATAGGTCAACACTGAGG,POU2AF1,601,21,118
POU2AF1_GCTCCTTCACACGGACGCCC,POU2AF1,5,1,54
POU2AF1_ACGGACGCCCTGGTATGGCC,POU2AF1,423,22,95
POU2F1_AGATGAGAGTTCAGCCGCGG,POU2F1,888,332,434
POU2F1_GATCTGTATGGGCTGAGACA,POU2F1,519,134,137
POU2F1_CAAGGCTTCAAATCGAGAGA,POU2F1,685,22,40
POU2F1_AGAATTCAGGGCACTTGGGC,POU2F1,710,42,67
POU2F1_TCTTACCAGTGAAGTTGGGC,POU2F1,400,80,221
POU2F1_AAGATTCGTCACAGCAGCAC,POU2F1,1184,360,140
POU2F2_CAGGCCGTCGAAACCCAGGC,POU2F2,766,108,172
POU2F2_CGTAGAGCTTGCCCATGGCC,POU2F2,1430,288,245
POU2F2_TTTGGTGTCGGTAGCAGGCC,POU2F2,657,247,195
POU2F2_TGCGGTAGCAGGAACTGAGC,POU2F2,912,259,241
POU2F2_ACTGGACTGCTGCACGGCGG,POU2F2,565,198,499
POU2F2_CCGTCAACATGAGTTGGGCC,POU2F2,1207,541,563
POU2F3_TGCTCGCAGCACTCTCAGCC,POU2F3,574,382,517
POU2F3_GACTCAGGTGGCATGGCCGA,POU2F3,1174,45,41
POU2F3_CTGCTATCTCAGACCCAGCC,POU2F3,618,401,555
POU2F3_GACCTAGGTGGTTATAAGCC,POU2F3,563,202,114
POU2F3_ACCGCTTTGTTGCTGTGGAA,POU2F3,1550,609,550
POU2F3_CTGGGTAGATGCTTGGGCAC,POU2F3,1308,304,47
POU3F1_ATACATCGTCCATGGGCGGG,POU3F1,1074,157,143
POU3F1_CACAGCGCACCACTTGGGCC,POU3F1,1121,312,745
POU3F1_CCCGCACCTAGAACACGGCA,POU3F1,2648,221,601
POU3F2_GGGACAGCGCGGTGATCCAC,POU3F2,273,64,75
POU3F2_GGGATTTACCCAAGCGGACG,POU3F2,820,264,344
POU3F2_TCGCAGCGCAAGGGCGCAAG,POU3F2,695,114,235
POU3F3_CAATAGAGCCGGCCGCGAGC,POU3F3,572,366,129
POU3F3_ATTGTGCACTCGGACGCGGC,POU3F3,125,80,120
POU3F3_TAGAGCAGACTCTGCGGCGG,POU3F3,975,139,348
POU3F3_CGCGCAGGAGATCACCAACC,POU3F3,2689,1217,1933
POU3F3_AGAAGCGCATGACGCCGCCC,POU3F3,302,34,267
POU3F4_GGTCACCCAGTGATGCCCGA,POU3F4,144,85,102
POU3F4_TGGGTGACCAGTCTGAGCGA,POU3F4,1459,365,608
POU3F4_GGCCGCTTGACGTGATAGAC,POU3F4,368,141,480
POU3F4_AGCGGCATGCTGGAACACGG,POU3F4,1475,246,321
POU4F1_CGATCTTCTCGGACGAGGGC,POU4F1,736,95,277
POU4F1_TCACCCGCATATGCACAGCC,POU4F1,763,348,474
POU4F1_CACCACCAGGCGCTCGAACC,POU4F1,3258,582,580
POU4F1_TCGGAGCTGGAGTGCAGCGA,POU4F1,860,244,642
POU4F1_ACGGGTACTTGTGCTCAGGG,POU4F1,1011,197,298
POU4F2_CAGGCGTTTAGCATGCCGCA,POU4F2,257,224,207
POU4F2_GCGTTTAGCATGCCGCACGG,POU4F2,1329,714,866
POU4F2_GAGCAATATATTCGGCGGGC,POU4F2,310,16,192
POU4F2_CAACGCGGAAGGGTGCGAGA,POU4F2,344,120,141
POU4F2_CATGGGCTGCATGAGCGACG,POU4F2,992,980,966
POU4F2_CGAATGCCTCCAGGTCCCGC,POU4F2,971,96,61
POU4F3_AGCACCGGGTGCATGCCGAA,POU4F3,764,186,178
POU4F3_AATTTGGGTTCTTGCAGCAC,POU4F3,601,176,112
POU4F3_GCGGTGGATATCGTCTCCCA,POU4F3,97,14,17
POU4F3_TGAACGGATGGTTCTTGCCG,POU4F3,2562,124,606
POU4F3_CAGGCCGCTCACACTCAGCG,POU4F3,2337,487,721
POU4F3_GCGAAGGCTTCCAGCTCGCG,POU4F3,396,35,163
POU5F2_TCCGAAGTTGCCGCCGCCAG,POU5F2,1123,725,538
POU5F2_CAACTTCGGAATGCTCCGCA,POU5F2,685,288,219
POU5F2_TCTGGCCGGCAGTCAGGCCA,POU5F2,830,290,375
POU5F2_GCCAGACCATCACCCTGCCA,POU5F2,0,4,12
POU5F2_TTCCACCCATGGCCGGACAC,POU5F2,1362,500,666
POU6F1_CGAAGCTGAACTGCGGAACC,POU6F1,2595,825,546
POU6F1_CAGCCTTACTCACCGGCAGA,POU6F1,625,214,69
POU6F1_GCCACTTACTGGACACCAAC,POU6F1,1275,345,414
POU6F1_GAGGCAGATGGCTTGGCGGC,POU6F1,745,77,210
POU6F1_GGGTCGCAATCACCTGGCCC,POU6F1,204,60,126
POU6F1_ATGGAAGGGTTCCAATAACC,POU6F1,584,211,311
POU6F2_TCACTCCGCACTGACAGCAA,POU6F2,1479,656,853
POU6F2_AACCCAGCATTATCAGACCC,POU6F2,1072,303,174
POU6F2_CGAATCTCACCAACATCCAA,POU6F2,1749,753,834
POU6F2_ACTGACTAGGTTTCTGCGGG,POU6F2,292,155,62
POU6F2_TGCCCTCTCCAGTCTTCAGG,POU6F2,165,497,107
POU6F2_CCAGCTCCTCACAAACGCCC,POU6F2,1228,218,381
PP2D1_AACCATACGGGCTTGTAGAG,PP2D1,3038,296,634
PP2D1_GCAGCCACTCCATTGAACCC,PP2D1,2597,1491,1130
PP2D1_CATCCATTGGAAACCCAGCG,PP2D1,805,648,571
PP2D1_ACATGTAGCTCTGGCCACGC,PP2D1,1810,450,470
PP2D1_TTCGTGCTTGCATATGGAAC,PP2D1,1085,507,595
PPA1_GACTCTCAGGTATGTGCAAG,PPA1,622,15,106
PPA2_TCCTCTTGAGTGCAACGGAA,PPA2,793,267,298
PPA2_CCCTTTCCGTTGCACTCAAG,PPA2,573,323,244
PPA2_AGAGTAGCTTCCAGGTAACC,PPA2,580,263,189
PPA2_ACATGTAGGGCTGCATCCAG,PPA2,1198,209,341
PPA2_GAGGCGGTAATTCTGCGAGC,PPA2,176,151,157
PPA2_GGTAATTCTGCGAGCAGGGC,PPA2,46,11,27
PPAN_CACTCGTTCGTGTTCACGCG,PPAN,1735,46,9
PPAN_GCGAGTTCTTCTTACGAACC,PPAN,1490,280,394
PPAN_AAGCTGATGCGCCTCCCAGG,PPAN,150,59,0
PPAN_ATGTGGTCTCCTCACTGCGC,PPAN,364,0,0
PPAN_TGAGCTGCAGTGTCATCCGC,PPAN,2096,63,1
PPAN_CCAGAATGTGCAGCGCAAGC,PPAN,1477,72,64
PPAP2A_ACCCTGCTGCCTTTCAAGGC,PPAP2A,887,184,119
PPAP2A_CAGTCAACACATCGCTCCAG,PPAP2A,488,146,217
PPAP2A_GCCTGAATAGAAGGACAACC,PPAP2A,375,257,283
PPAP2A_CAGAATACTCCTCGTTGGAA,PPAP2A,1665,656,792
PPAP2A_GAATACTCCTCGTTGGAAGG,PPAP2A,798,147,249
PPAP2A_AGACCATGTTTGACAAGACG,PPAP2A,1800,610,708
PPAP2B_GCGTCGTCTTAGTCTTGAAG,PPAP2B,1656,1004,1304
PPAP2B_GGCTCCTCGCCAAGTGAAGC,PPAP2B,502,297,371
PPAP2B_TGCGGAGGTGGTGTCTCACC,PPAP2B,252,115,123
PPAP2B_CCATCAAGCCTTACCACCGA,PPAP2B,2022,598,627
PPAP2B_TCGGGTTGTTGTTGAGCGCC,PPAP2B,724,121,168
PPAP2B_ATCGTCCCGGAGAGCAAGAA,PPAP2B,750,307,472
PPAP2C_CCTGTCACTGACGTTGACCC,PPAP2C,1016,283,223
PPAP2C_GGTGTTTGTAATCAGACACG,PPAP2C,260,51,38
PPAP2C_CACCATGCAGTACATCCCAA,PPAP2C,1305,305,292
PPAP2C_CATAGACCGAGCAGTTGACC,PPAP2C,111,123,123
PPAP2C_GCCCTTCGCTATCCTGACGC,PPAP2C,286,112,276
PPAP2C_AGCAGGAAGTCTGTGCGGAG,PPAP2C,1736,128,309
PPAPDC1A_GGTACTTACAAACATGAGGC,PPAPDC1A,63,0,34
PPAPDC1A_ACCACACAAATAACAGCCAG,PPAPDC1A,797,108,71
PPAPDC1A_TCCATTCAAAGCAAGAGCCA,PPAPDC1A,1631,187,347
PPAPDC1A_CCCAGCCATGAACTTACAGG,PPAPDC1A,1704,297,374
PPAPDC1A_ATCATCATGGCGCAGTACAA,PPAPDC1A,1018,245,197
PPAPDC1A_GAGGTTCCCAGACAGAGGCG,PPAPDC1A,376,160,341
PPAPDC1B_CATTCTGCATCAGTCAGAGG,PPAPDC1B,287,201,118
PPAPDC1B_TGCCAGGTAGAAGGACGCAA,PPAPDC1B,1833,310,491
PPAPDC1B_CATACAGGAAGAATGTCCAC,PPAPDC1B,786,3,111
PPAPDC1B_AAAGACGCCATTCAGAGCCA,PPAPDC1B,1109,91,178
PPAPDC1B_GAAAGGGCTAGCGCTCACCC,PPAPDC1B,818,162,70
PPAPDC1B_AGAGCCACATCTCCTCCGGC,PPAPDC1B,716,250,42
PPAPDC2_CTCGAAGCGGAGACGCCCAG,PPAPDC2,921,203,198
PPAPDC2_GAGAGCCCAGTTCACCGCCG,PPAPDC2,492,127,21
PPAPDC2_TGCTGGTGGCCTTGATCAAA,PPAPDC2,1622,656,688
PPAPDC2_ATGTCCATCTGGTTGTGGGC,PPAPDC2,427,85,120
PPAPDC2_TCAGGGCGGCCCTTGTGGCA,PPAPDC2,1656,546,390
PPAPDC2_GATGAACCTCGACATCAGGG,PPAPDC2,225,0,0
PPAPDC3_CGTTGTTGCGGTCCCGGGCA,PPAPDC3,109,183,80
PPAPDC3_TATCTGTATGTCCAAGCGGC,PPAPDC3,347,190,167
PPAPDC3_CTCATCGGCATCACGGGCCA,PPAPDC3,1900,652,211
PPAPDC3_CGTCATGATGTCCAGGAGCA,PPAPDC3,1406,610,585
PPAPDC3_GACATCTACGCCTTCCCGGC,PPAPDC3,485,10,37
PPAPDC3_GGTGGCGGCCGATCATCACG,PPAPDC3,70,8,0
PPARA_TCTAGATCGCCGGCCTCGAG,PPARA,0,44,55
PPARA_GATTTCGCAATCCATCGGCG,PPARA,544,118,34
PPARA_CAGGATAAGTCACCGAGGAG,PPARA,1786,438,1269
PPARA_GCGAACGATTCGACTCAAGC,PPARA,794,371,457
PPARA_GGCCAATGGCATCCAGAACA,PPARA,1730,635,365
PPARA_GGTGCAGATCATCAAGAAGA,PPARA,162,84,96
PPARD_TGAAGACAGATGCACCAACG,PPARD,2159,1053,1501
PPARD_ACTGCTGGACCAACTGCAGA,PPARD,1036,288,576
PPARD_TCGTACGATCCGCATGAAGC,PPARD,1379,440,566
PPARD_GAGCCAGTACAACCCACAGG,PPARD,596,29,127
PPARD_ACGCTGATCTCCTTGTAGGG,PPARD,1402,300,337
PPARD_AGAGGTACTGGGCATCAGGG,PPARD,493,57,79
PPARG_AGGGCTTGATATCAAAGGAG,PPARG,531,207,193
PPARG_CGCTGACCAAAGCAAAGGCG,PPARG,1085,512,365
PPARG_GCTGACCAAAGCAAAGGCGA,PPARG,511,78,60
PPARG_AGGGCCAAGGCTTCATGACA,PPARG,274,243,272
PPARG_GGCTCCATAAAGTCACCAAA,PPARG,517,192,277
PPARG_CAGGGTGGTTCAGCTTCAGC,PPARG,385,282,203
PPARGC1A_ATCAGCACGAGAGGCTGAAG,PPARGC1A,126,155,109
PPARGC1A_TGCCTCATTACCTGGGCCGA,PPARGC1A,127,20,101
PPARGC1A_GATGTCTCCTCTGATTGGCA,PPARGC1A,235,164,48
PPARGC1A_ATATTTGAGAAGCTCCGAGC,PPARGC1A,202,86,56
PPARGC1A_GCAATCCGTCTTCATCCACA,PPARGC1A,229,199,240
PPARGC1A_GCTTTCTGGGTGGACTCAAG,PPARGC1A,767,219,311
PPARGC1B_CAACTATCTCGCTGACACGC,PPARGC1B,791,715,498
PPARGC1B_AGGAGCCGCCACCAGAGCAA,PPARGC1B,341,337,395
PPARGC1B_TCTTGGTGAGCTCTGCCAGG,PPARGC1B,438,105,159
PPARGC1B_CATAAACAGGCGTGGCCAGA,PPARGC1B,180,74,127
PPARGC1B_TCATGCTGGCCTTGTCACAA,PPARGC1B,2490,851,1189
PPARGC1B_ACCACCGTACAAGCCCACAG,PPARGC1B,293,455,555
PPAT_TGCTCTTGCTTACGCAGGAA,PPAT,1024,452,506
PPBP_AGTTTGGAAGTGATCGGGAA,PPBP,514,241,353
PPCDC_TCATGGCCGGGCAGAAGAGC,PPCDC,409,429,439
PPCDC_TGTGATCGGGTGCTCCCACA,PPCDC,848,110,303
PPCDC_CTGGTGTGCGGAGATGAAGG,PPCDC,510,475,396
PPCDC_GGCTTCCAGCAGAGTTGACC,PPCDC,487,188,344
PPCS_CCAGGCTCAGCAAGCCCGAA,PPCS,1841,370,647
PPCS_GGCTCTGAGGAGCTACCAGG,PPCS,265,113,136
PPCS_ATGCAAATAGTCCGCCAAAG,PPCS,2366,559,475
PPCS_AATCTGACACAGCCGCAGCC,PPCS,468,324,377
PPCS_GGAGCCCAATCTTTAACCAA,PPCS,678,346,246
PPDPF_GCTGTGCTGGACTGACCGCC,PPDPF,22,0,36
PPDPF_AACCGCTCAGGTCAGGACGG,PPDPF,1018,361,108
PPDPF_TAACCGCTCAGGTCAGGACG,PPDPF,233,258,209
PPDPF_GGTAACCGCTCAGGTCAGGA,PPDPF,101,185,120
PPEF1_CATCAGCATATTCGATGGAC,PPEF1,696,390,268
PPEF1_TCAGTCTCTTGAAAGCGAAC,PPEF1,748,415,279
PPEF1_ATATCCCACCATGGATGACC,PPEF1,543,133,17
PPEF1_AACAGAGCATGAATGGGAAC,PPEF1,1529,295,185
PPEF1_TTTCCAAATACGTGCCGAGG,PPEF1,616,147,31
PPEF1_TATACACACCTTTGGCGAAG,PPEF1,973,184,198
PPEF2_TTGTAGGAGCCAAGCCGAAG,PPEF2,1170,485,222
PPEF2_TCATCTATCAGAGTGGCCAG,PPEF2,79,88,57
PPEF2_TGACTTTGTGGATCGAGGCA,PPEF2,2568,338,417
PPEF2_CACTGTAACAGGTTGAGACC,PPEF2,1147,154,536
PPEF2_CACTGAGGACAGATTCGCCC,PPEF2,1557,205,322
PPEF2_AGATGAGGCGGCGTTGCACC,PPEF2,688,259,373
PPFIA1_AAACGCTGGCCTTAACCCAG,PPFIA1,129,42,65
PPFIA1_CTGCGCTTGTCTCTTCACCA,PPFIA1,1702,196,180
PPFIA1_TACACCAAGCACGAGTGGAA,PPFIA1,1274,254,338
PPFIA1_ACTGGAAGAGGATCTGGACA,PPFIA1,404,60,41
PPFIA1_TGGCTTCACGCTGTGCAGCG,PPFIA1,1535,267,319
PPFIA1_GACACGGCAACATTGAAGAA,PPFIA1,215,175,72
PPFIA2_ATTGTAGGCCATGGCACAAA,PPFIA2,1241,335,307
PPFIA2_TTTCTGCAGCGTTTGTCCAA,PPFIA2,319,111,251
PPFIA2_ACTAGCTGCTGCTAATCAGG,PPFIA2,232,187,95
PPFIA2_TGGATACTCCTGAGGGAGAC,PPFIA2,573,94,286
PPFIA2_GATATCGAATCCCTAACAGG,PPFIA2,76,136,94
PPFIA2_CAGGAAGCATACCTGTGGCA,PPFIA2,1019,402,154
PPFIA3_ACGCTGCGCGAGGCACAGGA,PPFIA3,831,757,540
PPFIA3_GGCGGAACGGAACAACACGC,PPFIA3,2270,271,141
PPFIA3_GCCTGGTGTCCAGGCACGAG,PPFIA3,625,211,259
PPFIA3_GCTGGAACTGAGCAATCAGG,PPFIA3,164,67,20
PPFIA3_GAGAACAGCTGTCTAGGCGG,PPFIA3,738,121,216
PPFIA3_TCTGACGGCACAGCACCGCC,PPFIA3,778,48,150
PPFIA4_AGTTAAGGTGGCGCTGGAGC,PPFIA4,868,283,145
PPFIA4_AGCAGAACGGAATAACACAC,PPFIA4,612,92,342
PPFIA4_ACCGTTCATGGCGGGACACC,PPFIA4,871,110,101
PPFIA4_CTCCATGACCTACCTTCCAC,PPFIA4,1023,472,370
PPFIA4_ACTGTCCCTATCCCTGGAGG,PPFIA4,1047,144,116
PPFIA4_CCATGACCTCAATGACAAGC,PPFIA4,800,604,395
PPFIBP1_ATCTTCGACAGTGCCTGAAC,PPFIBP1,1542,190,222
PPFIBP1_TAACACAAGTGTTCCCGAAG,PPFIBP1,414,404,148
PPFIBP1_AATACCTAGGGTGGGTGCAC,PPFIBP1,417,156,155
PPFIBP1_GGAGGGACAAGGGCAACCGC,PPFIBP1,589,41,97
PPFIBP1_TTGCAATTGGCTGATGGAAC,PPFIBP1,1604,482,655
PPFIBP1_ATGGGAAGCTGGATTTCAAC,PPFIBP1,891,73,148
PPFIBP2_GCCTCAAGTCCTCGATGAGA,PPFIBP2,362,58,56
PPFIBP2_ACGCTTGGCACGTCTAGAAG,PPFIBP2,1209,494,705
PPFIBP2_CGGCCACTGCTCTGATGACA,PPFIBP2,1265,463,574
PPFIBP2_CACAGACCAAGTAGAAGCCC,PPFIBP2,2047,93,254
PPFIBP2_AGTCGCCCAGCTGCAAGAAC,PPFIBP2,1351,289,579
PPFIBP2_CCGTAAGCTCCTCTATCCGA,PPFIBP2,1040,183,258
PPHLN1_CCGTCATCCCGTGCGAAGCC,PPHLN1,2721,819,762
PPHLN1_ACACTGGGATGACTTCGAGG,PPHLN1,799,172,152
PPHLN1_CTATTGTAGCTTCCTTCACC,PPHLN1,286,166,122
PPHLN1_GAGACGATCATTCTGCAAGC,PPHLN1,324,285,202
PPHLN1_CTTCCCATTATGCGAGAGAG,PPHLN1,1528,254,244
PPHLN1_TGCCGTTTGTAGGAGGCACC,PPHLN1,223,6,102
PPIA_GCCCGACCTCAAAGGAGACG,PPIA,356,38,97
PPIA_CGTACCTGACACATAAACCC,PPIA,944,118,62
PPIA_CTCCATGCATAGAGACACAC,PPIA,1356,893,907
PPIB_GAAGCCCTTTGCCATCGCCA,PPIB,422,20,75
PPIB_TTTCCAGGAGGTGGTGCGGA,PPIB,769,138,191
PPIB_TGGCAAAGTTCTAGAGGGCA,PPIB,1932,846,1005
PPIB_TGCGGCCGATGAGAAGAAGA,PPIB,940,199,184
PPIB_TTCTTCTCATCGGCCGCAGA,PPIB,430,69,96
PPIB_CCTTCATGTTGCGTTCGGAG,PPIB,842,297,384
PPIC_TCACCTTGACCAAGCCCACC,PPIC,427,54,247
PPIC_ATCACCACTGGAGATGGCAC,PPIC,250,143,50
PPIC_CAAGGAGGTGACATCACCAC,PPIC,3692,883,622
PPIC_TCACCTTGGCCGTCACCGAG,PPIC,940,407,445
PPID_TGTACCGCAGAGCTCAAGGA,PPID,294,166,235
PPID_TCGGGAGGGTTTACTGAGCA,PPID,1974,781,853
PPID_ATTTCTACAGCATGATCGGG,PPID,80,35,80
PPID_AAAGGCATTGGACACACGAC,PPID,1586,408,574
PPID_CTTTGACGTGGACATCGGAG,PPID,1166,354,187
PPID_CCCTCGAGTCTTCTTTGACG,PPID,1704,878,905
PPIE_GCCCTTGGCTTATTTGCAGG,PPIE,521,273,306
PPIE_GATGTCGTGCCCATGACAGC,PPIE,237,0,18
PPIE_CTGCCTGTGCACTCATGAAA,PPIE,3541,1005,976
PPIE_AACTCTGGCCCAAACACCAA,PPIE,344,63,174
PPIE_TATTCTGCCACAAAGGCCCA,PPIE,307,1,52
PPIF_AGGGATCACCCTGTGGAAGG,PPIF,335,163,63
PPIF_ATTACCTGGCACATGAAGGA,PPIF,21,81,55
PPIF_GGCGACTTCACCAACCACAA,PPIF,491,40,99
PPIF_GAACTTTACACTGAAGCACG,PPIF,655,88,119
PPIF_AATGCTGGTCCTAACACCAA,PPIF,909,76,102
PPIF_TGTGTTCGGTCACGTCAAAG,PPIF,982,589,654
PPIG_AGCTAGCAAACCGTTTGCGG,PPIG,1155,323,281
PPIG_AGTATCCGTACCTCCGCAAA,PPIG,585,110,96
PPIG_ATCTGAGTCACTAGATGAGG,PPIG,190,89,41
PPIH_CTGCTTCCGGGTCGGAGCCA,PPIH,2073,360,487
PPIH_CTTCTTTGCCTGCTCCAGAG,PPIH,1904,992,1283
PPIH_AGCAATCATTCAAGGCCAGC,PPIH,798,225,89
PPIH_CTTACCATGGAAAGCAGGCC,PPIH,525,39,178
PPIH_TGATTGGACCTCACTTACCA,PPIH,495,29,30
PPIH_CCACACTGCGAGATCACCAC,PPIH,1902,118,188
PPIL1_TGATCTTCACGTCGTCCACA,PPIL1,311,200,147
PPIL1_TCTTCACGTCGTCCACAGGG,PPIL1,1771,122,65
PPIL1_CATAGGAATGGTGAATCGCG,PPIL1,297,37,196
PPIL1_CCAACGTTTACTTGGAGACC,PPIL1,768,140,78
PPIL2_TACCCAGTCTGCACTCCCGA,PPIL2,376,0,0
PPIL2_ACTGTGCTTCTTCCAGAAGC,PPIL2,187,133,44
PPIL2_AGAAGGGCTCGTCGGTCAGC,PPIL2,393,110,204
PPIL2_TGGCAGGCCCACTATTCCAC,PPIL2,1255,91,87
PPIL2_CGTGCGGCTGCACACCAACA,PPIL2,2006,558,774
PPIL2_CCGGATGGATCTGTGGAAGA,PPIL2,2075,21,40
PPIL3_AATAATGGCCCGAACACCAA,PPIL3,415,77,40
PPIL4_AGCCGATCTCGAGAGAGGGA,PPIL4,874,58,225
PPIL4_TCGTAGCCGATCTCGAGAGA,PPIL4,680,39,174
PPIL4_TACACCGAAGAACGGCCGCG,PPIL4,855,2,78
PPIL4_TCGACTTGTACACCGAAGAA,PPIL4,959,20,12
PPIL4_GATGACGACGTCGCCTAAAG,PPIL4,294,12,0
PPIL6_ACAAAGGCCGTCACAGCAAC,PPIL6,322,612,416
PPIL6_AACAAAGGCCGTCACAGCAA,PPIL6,1112,282,171
PPIL6_AGTGCGTCATAAAGTGCAGA,PPIL6,10,83,24
PPIP5K1_AACCAGCCAGCCATACGAGG,PPIP5K1,1089,523,765
PPIP5K1_GCCACGTGTGAATTTAGGGA,PPIP5K1,980,132,183
PPIP5K1_CACTGGACACAGTGCTAGAA,PPIP5K1,569,209,188
PPIP5K1_CCAGCGCCACACTGATGCCC,PPIP5K1,1355,459,348
PPIP5K1_GCATTATGCAGTGTTTCCAG,PPIP5K1,791,356,211
PPIP5K1_AGGGTAGATGGTAGGCACCA,PPIP5K1,1105,196,306
PPIP5K2_ATCTCCAGCACTTGATGGCA,PPIP5K2,851,325,104
PPIP5K2_GCTTCTAAGGGTATTGACCA,PPIP5K2,963,18,113
PPIP5K2_TTCATTACCTCTCTGGAAGC,PPIP5K2,1310,259,554
PPIP5K2_CTGAGTGTGTCTAGCCCAGA,PPIP5K2,422,225,194
PPIP5K2_CGAGCACCGAGGTGCTAAAC,PPIP5K2,803,503,446
PPIP5K2_TTTGCTCGACACCCAACCAA,PPIP5K2,519,306,167
PPL_GCAGTTTCTGGTACTTGGCC,PPL,671,87,138
PPL_TCCACTTGGTGGTCCACCAG,PPL,837,127,482
PPL_ACACAAGCAGATCTACAGGC,PPL,673,244,428
PPL_CAAGCACATGAAGCACCCAC,PPL,992,328,242
PPL_GCTGCAGAAGAATGCCGACC,PPL,952,76,147
PPL_TCACCTCCGGGTCTGCACAG,PPL,2083,694,826
PPM1A_GGCTAAGCAGCATGCAAGGC,PPM1A,276,66,115
PPM1A_GCAAGGCTGGCGTGTTGAAA,PPM1A,1734,768,1073
PPM1A_TCGCTAATGTGCGCATCACA,PPM1A,449,348,261
PPM1B_TGGTCATGCTGGATCCCGAG,PPM1B,736,296,608
PPM1B_GCTTGAGGTATCTGATGACC,PPM1B,215,109,69
PPM1B_TCCCAAGGTCTCAGATGAAG,PPM1B,625,128,127
PPM1B_GATTATGGAGAAGTCTGGCG,PPM1B,744,146,156
PPM1B_TCCGATGAAGCAGAGGAAAG,PPM1B,627,163,66
PPM1B_CTGTGGCAGCTGGTTCAGCA,PPM1B,1065,585,668
PPM1D_TTCGCCGTGTGCGACGGGCA,PPM1D,594,46,31
PPM1D_TGGAATTCAGGATGACCCGA,PPM1D,406,40,14
PPM1D_CGACCTCGACTCACTCACAA,PPM1D,2453,342,238
PPM1D_TTGGTCCTGGCACATTGAGA,PPM1D,685,62,13
PPM1D_TGAATCGAGCATTGGGCCGC,PPM1D,313,2,23
PPM1D_AGAAGGCATTGCTACGAACC,PPM1D,1156,350,403
PPM1E_GGTAGAAGCTGAGGCGGCCG,PPM1E,167,34,5
PPM1E_TACACGAGATTTGCTGCAGC,PPM1E,215,195,92
PPM1E_CCACGTTAACTTAGTCCGCC,PPM1E,945,207,210
PPM1E_AGCTTAAGATGTGGGACCAC,PPM1E,1086,66,34
PPM1E_CCAGACTACGCAACCTCCAA,PPM1E,817,289,326
PPM1E_AGCACGTTGATTTGGGACCC,PPM1E,1104,212,307
PPM1F_GCCACACAGACCAGAACGGC,PPM1F,748,127,230
PPM1F_CATCTGGTCGGTGCGCCGGA,PPM1F,490,54,46
PPM1F_GGCGAGTGTTCCGGATGGCG,PPM1F,997,299,261
PPM1F_CAACGCTCCTTCTCACCGGC,PPM1F,225,536,242
PPM1F_CCGAATTCAGGAAGTTGCCC,PPM1F,1130,175,883
PPM1F_AGGGACGGTGCTCAGCCAGG,PPM1F,1,19,55
PPM1G_GAAATCATCTGTTCCTCAGG,PPM1G,159,10,16
PPM1G_CATGGATGGGCGAGTCAACG,PPM1G,2011,286,54
PPM1G_TCGGAACGTGGGACTGAGGC,PPM1G,377,176,58
PPM1G_ATCTGGAGGTGGGACAGGCG,PPM1G,1211,176,19
PPM1G_TTTGGCGTCAATAGCCAAGA,PPM1G,490,81,68
PPM1G_GCTTCTCCGCCATGCAAGGC,PPM1G,381,5,6
PPM1H_GGCAACTATTGGAGTGACCA,PPM1H,550,93,50
PPM1H_GGGACTTTAATATGACAGGC,PPM1H,339,63,231
PPM1H_ACCTACAGATAGAACGAGAG,PPM1H,1118,254,561
PPM1H_TCGCTGTTTGACGGGCACGC,PPM1H,383,331,273
PPM1H_CTTCCCGGCATTGATAACCC,PPM1H,779,347,465
PPM1H_TCTGCGTAGCCAGTGGCCCA,PPM1H,1197,92,59
PPM1J_TTACAAGCAGCTGAAGACGC,PPM1J,2256,97,351
PPM1J_CGTGGCCACCAAGTGGAGGG,PPM1J,803,103,149
PPM1J_CCGAGAGCAGCTAAAGGACC,PPM1J,1104,110,312
PPM1J_ACACCACTTCACAGCAAGCC,PPM1J,1069,346,481
PPM1J_TTTAAGCTGCCGGGCCGCGA,PPM1J,1922,115,167
PPM1J_CGTAGCCTGTGCTCCAGGGC,PPM1J,1531,173,256
PPM1K_ACAGTAGCCCTATTGCGAGA,PPM1K,1437,315,285
PPM1K_TAGTCCAGGATAGGAACCGC,PPM1K,402,133,154
PPM1K_AACCGCTGGACTCCTTCACC,PPM1K,358,139,176
PPM1K_ACATACCATCAGCAGACAGG,PPM1K,1005,524,426
PPM1K_GCAGTGTATGATGGACACGG,PPM1K,1122,180,184
PPM1K_TGAAGTGGAGCTGTGGCACG,PPM1K,259,222,286
PPM1L_CGGTGTACTCCATCCAGGGC,PPM1L,2149,900,1332
PPM1L_GATCCGTGAGAACTTCGAAG,PPM1L,476,252,398
PPM1L_TCGGGATCTTCGACGGGCAC,PPM1L,192,82,162
PPM1L_AGACCTCACTGTGGCCAACG,PPM1L,2980,692,1056
PPM1L_CCAACGTGGGTGACTCGCGC,PPM1L,2591,761,1501
PPM1L_CAACGTGGGTGACTCGCGCG,PPM1L,2039,409,433
PPM1M_CACGAGGACGCACGCTACCC,PPM1M,1303,130,207
PPM1M_CCGGATGCACAGCTTCCCAC,PPM1M,773,120,336
PPM1M_GCACTGTTCGATGGGCACGG,PPM1M,727,263,693
PPM1M_TGAGGTGATCGGGCGGGAGC,PPM1M,912,301,279
PPM1M_GGCTGGTGAGTTCACCCGAC,PPM1M,493,437,169
PPM1M_TACCCACTGATCCATGGACA,PPM1M,366,275,158
PPM1N_GCGCTCGTCGGCGCTCAAGA,PPM1N,782,353,470
PPM1N_CGATTCTGGGTCGTAGGAGC,PPM1N,328,86,151
PPM1N_CTTCTGAGGAGGCGATCAGG,PPM1N,664,140,45
PPM1N_TTCTGAGGAGGCGATCAGGA,PPM1N,664,258,394
PPM1N_GGTCTCAGAAGAGTGCGGAG,PPM1N,342,18,150
PPM1N_CAACTACATGTACCAGCGGA,PPM1N,581,80,182
PPME1_CCGGGTAGAGGTGGGCGAGA,PPME1,1079,123,158
PPME1_CCGTGAACACAGCCCAAGAA,PPME1,2514,315,392
PPME1_CCAATCAGCATAATTGGAGG,PPME1,1583,147,154
PPME1_CTTGGCCAACCATTGAGACA,PPME1,1086,75,101
PPME1_AGCAAGTTCTGAGTCTCCGA,PPME1,332,28,1
PPME1_CTTACCTTGCATCTGGCCAA,PPME1,597,72,41
PPOX_AGCACCATTAGGGCCTCGAA,PPOX,1,0,0
PPOX_GCCCTGCATGCCCTACCCAC,PPOX,533,462,321
PPOX_TCTCATCAGGCTCTTTGCCC,PPOX,900,217,217
PPOX_GGCCCAGTAATATGGAACGA,PPOX,714,278,5
PPOX_AGACTCAGCACTCATTCGCC,PPOX,1498,332,383
PPOX_GCTATTCCATTACCTGAAGC,PPOX,135,74,71
PPP1CA_AGCCCGCCGACAAGAACAAG,PPP1CA,593,301,179
PPP1CA_CCCACAGATGTGCCTGACCA,PPP1CA,2345,287,134
PPP1CA_TTCGTCCACTATGGCCGCGA,PPP1CA,1277,98,135
PPP1CA_TGGCACACTCGTGGTTCCCA,PPP1CA,48,17,27
PPP1CA_ACTCGTGGTTCCCACGGAGC,PPP1CA,189,0,14
PPP1CA_TGCCTCCAGCTCCAGAAGAA,PPP1CA,1122,140,189
PPP1CB_GAGAGTCTGTGCCGACAAGA,PPP1CB,496,131,248
PPP1CB_TGTGCCGACAAGATGGCGGA,PPP1CB,0,22,35
PPP1CB_CGCACTCACCCTCCAGCAGC,PPP1CB,1031,241,313
PPP1CB_GGCGGATTAGCTGTTCGAGG,PPP1CB,1026,140,68
PPP1CB_CAGCTAATCCGCCGAAGAAA,PPP1CB,1310,593,356
PPP1CC_AGACCTGTAACGCCTCCAAG,PPP1CC,951,164,194
PPP1CC_GAGACCTGTAACGCCTCCAA,PPP1CC,230,10,20
PPP1CC_CCGATAAAGATGTCTTAGGC,PPP1CC,432,82,213
PPP1CC_TATTGTCCATGGATGTCACC,PPP1CC,460,5,3
PPP1R10_ACTGTCACCTACGGCTGCCA,PPP1R10,393,0,29
PPP1R10_ATTCTTCTTCACAGGCACCA,PPP1R10,421,18,17
PPP1R10_CTGTCAAAGGTCGCTCAGGA,PPP1R10,1173,761,777
PPP1R10_CAGCCATCCAGTCGCTGACA,PPP1R10,1579,35,58
PPP1R10_CACTGTAGACCATCTCAAGC,PPP1R10,1643,67,22
PPP1R10_CAAAGAACTTCTCAAGGGCC,PPP1R10,1307,106,233
PPP1R11_GCCTTAGCCATGGCCGAGGC,PPP1R11,142,9,1
PPP1R11_CCTTAGCCATGGCCGAGGCA,PPP1R11,240,50,203
PPP1R11_CCTTAACCTTCTAGGAGAAC,PPP1R11,1077,24,22
PPP1R11_TGCTGCATTGGCCCTGGAGG,PPP1R11,968,538,376
PPP1R12A_TTGATACTGGCCTATAACGC,PPP1R12A,741,10,0
PPP1R12A_CACTGTCTCCTCCACAACAG,PPP1R12A,2362,279,246
PPP1R12A_ACAACGGGTTCTTCCTCAGC,PPP1R12A,586,29,17
PPP1R12A_TCGGAATCAGAAGCTGAAAC,PPP1R12A,2262,224,165
PPP1R12A_ACCTTTAGATATTGCGGAGG,PPP1R12A,177,0,16
PPP1R12A_GGAACGAGCAGCTGAAACGC,PPP1R12A,1996,7,0
PPP1R12B_CGGAACTGGAGCACCTAGGA,PPP1R12B,2689,564,685
PPP1R12B_ACTCACCCTCCTAGCAGAAG,PPP1R12B,1078,486,486
PPP1R12B_AGATAAGGTGCAGTTTGGGA,PPP1R12B,886,77,228
PPP1R12B_AGAGGCTGTCCATCCGAGAG,PPP1R12B,1227,372,839
PPP1R12B_TCCCACAGGTTGGAATCGGG,PPP1R12B,396,51,352
PPP1R12B_CCGATCATCAGTGCTGGAGA,PPP1R12B,1294,370,401
PPP1R12C_AGGACTTGTCCAAGGAGCGC,PPP1R12C,721,22,27
PPP1R12C_TCAGTACTTCCTCATCGGCC,PPP1R12C,336,290,192
PPP1R12C_ACGACCCAGAGCTCCGGGAC,PPP1R12C,997,365,149
PPP1R12C_TCCGACTCGGCCAGGTCCAG,PPP1R12C,1398,117,234
PPP1R12C_GGCGTTGGTGGAGTCCAGCA,PPP1R12C,886,84,371
PPP1R13B_AGACTGGAAGGATCCGAGCG,PPP1R13B,1879,532,641
PPP1R13B_AGCTTCCGGCACTGGGAACC,PPP1R13B,1412,268,314
PPP1R13B_CAAATTGACGGGACCAGCGG,PPP1R13B,572,376,284
PPP1R13B_GAAAGAACGAGTTGAAGCCC,PPP1R13B,770,104,0
PPP1R13B_CATATCTTGGAGCTCTGAGA,PPP1R13B,501,44,86
PPP1R13B_CCAACTGAGAACAGTGAACA,PPP1R13B,2130,690,909
PPP1R13L_AGAACGCCTTCTGGGAGCAC,PPP1R13L,1464,73,64
PPP1R13L_CAGGCCTGGACGTCTTCGCA,PPP1R13L,929,228,230
PPP1R13L_CAGACGACCTGACGCTGCGC,PPP1R13L,196,28,78
PPP1R13L_TCACCTTGCGCGCGCAGAGG,PPP1R13L,1354,223,399
PPP1R13L_AGCGCTGGCCATGAAACACA,PPP1R13L,828,383,487
PPP1R13L_GCGAGGCATTCCAGAGCGCG,PPP1R13L,1094,286,442
PPP1R14A_TGAGGCTGCCGTCGTGGGAG,PPP1R14A,961,244,433
PPP1R14A_CAAAGCTTCAAGGCCTCCAC,PPP1R14A,825,89,306
PPP1R14A_ACGTGGAGAAGTGGATCGAC,PPP1R14A,659,300,166
PPP1R14A_GGCGGCTGGACGTGGAGAAG,PPP1R14A,1173,289,369
PPP1R14C_ATCGTAAGGAGCTTCGGAAG,PPP1R14C,1912,452,546
PPP1R14C_TAAGGAGCTTCGGAAGCGGC,PPP1R14C,111,19,84
PPP1R14C_ATACACTCTTCTTCTGCGGA,PPP1R14C,329,338,82
PPP1R14C_CATACACTCTTCTTCTGCGG,PPP1R14C,402,513,176
PPP1R14D_AGAAACTCCGGAGACTCAGC,PPP1R14D,732,97,97
PPP1R14D_TCTCATGGATCTATCCACAG,PPP1R14D,809,300,401
PPP1R14D_ACCCATGTAAGAAGGTCCAC,PPP1R14D,122,104,165
PPP1R15A_TTGTCCAGCCGTGGAGGAGG,PPP1R15A,899,6,27
PPP1R15A_GGAAGAGAATCAAGCCACGG,PPP1R15A,208,332,439
PPP1R15A_CATAGATGGCCACTCGGAAG,PPP1R15A,1369,353,346
PPP1R15A_TCCCGAGCAAGCTGCTCCCA,PPP1R15A,405,103,97
PPP1R15A_TGGGTTCCTGAGGCGTGCCC,PPP1R15A,656,181,59
PPP1R15A_CACAGCTTGGCTCAAGGGCG,PPP1R15A,449,156,158
PPP1R15B_ATGAGGATCGCAAAGGACCA,PPP1R15B,889,34,120
PPP1R15B_TGAGTTCTGCACTCAGCGGC,PPP1R15B,427,70,68
PPP1R15B_ATCCCGTCTGTACTCTAACC,PPP1R15B,1154,97,223
PPP1R15B_TTCCCTCGGCGATCGCAAGC,PPP1R15B,411,315,286
PPP1R15B_GGACAGGCGGATCGCGGAAA,PPP1R15B,1614,188,184
PPP1R16A_GGCCGCTGCCCGAAATGACC,PPP1R16A,371,44,4
PPP1R16A_CAGCCCTGACTTGGCCAACG,PPP1R16A,2068,742,966
PPP1R16A_GCACCTACCACGGTCGGCCA,PPP1R16A,908,24,156
PPP1R16A_CAGCATGCGCAGTTCTGGCA,PPP1R16A,1392,168,159
PPP1R16A_TGGCTCGGTGTTCCAGCAGC,PPP1R16A,1441,438,141
PPP1R16A_TGGAGCTGCTCGTGGCGCAC,PPP1R16A,981,305,224
PPP1R16B_AGTGTCCTTCGAGGCCAGCG,PPP1R16B,1099,147,283
PPP1R16B_ACTGAACGAGGATCTTCACC,PPP1R16B,201,34,0
PPP1R16B_TTGCTTGCTGTCAACTCGGA,PPP1R16B,671,77,241
PPP1R16B_ATCCACTGCATGATCGCAGC,PPP1R16B,616,238,54
PPP1R16B_CTGCACATAGCTGGAGCCAA,PPP1R16B,2670,224,324
PPP1R16B_TGAACTCTTCCTCCTCGCAC,PPP1R16B,847,74,348
PPP1R17_TACCTAAGTGGCTGCAACGA,PPP1R17,975,323,326
PPP1R17_TTACCTAAGTGGCTGCAACG,PPP1R17,971,700,788
PPP1R17_ACCAAGGAGGAAAGATACAC,PPP1R17,364,209,233
PPP1R17_CCATTACCTGGTATGAAAGG,PPP1R17,1928,553,690
PPP1R18_TGTTGGAAGATGGTCACCGC,PPP1R18,537,181,40
PPP1R18_TCCAGTACCGAACTCTCGGA,PPP1R18,205,88,81
PPP1R18_CTCCTTCAGCGAGACAGCCC,PPP1R18,1014,128,319
PPP1R18_GGCTCGAGAATGGACACCCA,PPP1R18,781,13,69
PPP1R18_CCAGAAGTTGGGCCTGACAG,PPP1R18,2795,398,512
PPP1R18_AGATGCCAGCCTGGAAACGA,PPP1R18,1625,621,356
PPP1R1A_GGGTCGTCTCTGGGCTCCAG,PPP1R1A,31,29,30
PPP1R1A_TCCTTTGTTCCTGCAGGGAC,PPP1R1A,197,124,111
PPP1R1A_CATAACAGGTCTGAGAGAGG,PPP1R1A,1801,386,314
PPP1R1A_ATACCACCACTGGATTCCAA,PPP1R1A,376,16,0
PPP1R1A_CTCAACCCATATACCACCAC,PPP1R1A,1934,571,877
PPP1R1A_CCAGCAGCGGGACCGTGAAC,PPP1R1A,842,330,465
PPP1R1B_CTTACCATCTCCACCTGGCG,PPP1R1B,1445,1,171
PPP1R1B_CTCTGAGAGCCGGAACAGCA,PPP1R1B,618,342,496
PPP1R1B_CTCTCAGAGCACTCCTCACC,PPP1R1B,622,139,376
PPP1R1B_GGTATAGTACCTTTCAGCGA,PPP1R1B,329,55,50
PPP1R1B_TCAGCAATGCGCTGCACAGC,PPP1R1B,645,461,377
PPP1R1B_TCTCTCGGACTCATCCAGAG,PPP1R1B,1232,337,392
PPP1R21_GAAATCTGCAGCTTGCCAAG,PPP1R21,1474,190,171
PPP1R21_CTGTGGTTGACGGTCTCACC,PPP1R21,465,169,9
PPP1R21_CAAGGAATGTCGACTTCGAA,PPP1R21,796,580,570
PPP1R21_GATGCGAGATATTGCTGGGC,PPP1R21,23,79,17
PPP1R21_TTCCTAGGTACAGAGCCAGA,PPP1R21,1450,366,464
PPP1R21_TATGGACCTAAGGCAGCGAG,PPP1R21,950,162,264
PPP1R26_CAGCACTCTGCAGCGCGACG,PPP1R26,425,554,405
PPP1R26_CATCGCTGCTCACACTGACC,PPP1R26,1122,236,123
PPP1R26_CCGGAGAGACTGGAAAGACA,PPP1R26,1562,257,293
PPP1R26_CCTTCGGAGCGCAGCACCCA,PPP1R26,628,196,208
PPP1R27_TCCGGGTCGATGAGGTCGGA,PPP1R27,696,260,87
PPP1R27_GGTCGATGAGGTCGGAGGGC,PPP1R27,708,70,108
PPP1R27_ATTCACCAGCGAGATGAGGC,PPP1R27,273,111,114
PPP1R27_TCATGCAAGGCGGCCAGGCC,PPP1R27,874,660,331
PPP1R27_CCACATCCGGCAGGGTGACC,PPP1R27,1724,679,737
PPP1R27_TTCTTGGACCACATCCGGCA,PPP1R27,969,384,351
PPP1R32_TATGTGAAGATGAGTTCGGG,PPP1R32,651,43,47
PPP1R32_TGCCTACGTGACTGCCCACA,PPP1R32,1905,125,245
PPP1R32_TGCCGTCAGGCACCTCCAGG,PPP1R32,67,124,18
PPP1R32_CGTGCTCCTGGGTGTCGAAA,PPP1R32,1868,712,713
PPP1R32_TACTCCGACGTCATGAAGCG,PPP1R32,1908,558,846
PPP1R32_GAAGAAATCGATCGGCGCAA,PPP1R32,129,156,221
PPP1R35_AAGGTGTCCTCTGAAGGGCG,PPP1R35,1344,19,28
PPP1R35_CGGAGTTGAAGTCGGAGAGG,PPP1R35,963,0,57
PPP1R35_AGCCAATTTCTCCCTGAGCG,PPP1R35,2873,44,50
PPP1R35_CGGCCTTCGCAGCATCAAAG,PPP1R35,2056,178,212
PPP1R35_GAGCCACTTTGATGCTGCGA,PPP1R35,899,77,28
PPP1R35_CAGAGCTGAAGTCGGCGGAC,PPP1R35,795,189,200
PPP1R36_CCGCAGAAGATTCTGTCCAG,PPP1R36,693,130,253
PPP1R36_TGTAGAGAAACGAGGTCAAC,PPP1R36,485,118,269
PPP1R36_CATGTGATGCTTATCCGGCA,PPP1R36,1277,188,257
PPP1R36_TGTTCAACATTCCTCGCAGG,PPP1R36,465,203,67
PPP1R36_TCTTGCCAAGCCACTTACAC,PPP1R36,1747,893,519
PPP1R36_CATGAGGATTCAGGATACAC,PPP1R36,773,162,245
PPP1R37_GACACGATATCCTCGTCGGA,PPP1R37,697,21,100
PPP1R37_GGTCATCGGCGCCTACAAGC,PPP1R37,642,128,153
PPP1R37_TCAGGTCCAGACAGTCGAGG,PPP1R37,1296,207,190
PPP1R37_CTACAAGACCTGTGAGGCCC,PPP1R37,1239,63,370
PPP1R37_CGCCCACATGATGCGCAAGG,PPP1R37,3057,493,776
PPP1R37_CTAGCACGTGGTTGTTCCGG,PPP1R37,706,313,173
PPP1R3A_AGAAATAGGTTGGCTAGCCA,PPP1R3A,1087,520,368
PPP1R3A_TCCTAGGAAGACACATGACA,PPP1R3A,1691,454,454
PPP1R3A_TGGAGCTAGTAACAGAGACC,PPP1R3A,1249,512,386
PPP1R3A_GATAATGCTAATCCAGCCCA,PPP1R3A,492,44,78
PPP1R3B_CCTATGGTCTGTTTCCAGAG,PPP1R3B,1209,300,815
PPP1R3B_ACAGACCATAGGAACACCGA,PPP1R3B,986,192,131
PPP1R3B_AACCTTCACAGTGCCTGCAA,PPP1R3B,464,210,176
PPP1R3B_TGTCCTTCGCAGACAACCAG,PPP1R3B,765,262,233
PPP1R3B_GGTGTCCTTCGCAGACAACC,PPP1R3B,0,69,49
PPP1R3B_GGCAAACCTCTCTTGGCGCA,PPP1R3B,233,331,140
PPP1R3C_TCAAACTGCAGATCCCACGC,PPP1R3C,2317,368,402
PPP1R3C_ACCTCCCAGAAGAACCAGCG,PPP1R3C,1272,177,241
PPP1R3C_GAAATTCATCGTACGGGCCC,PPP1R3C,654,191,32
PPP1R3C_ACCGAACTTGTCAAAGGACG,PPP1R3C,454,88,101
PPP1R3D_CTTCGCGGTGCGCTACCAAG,PPP1R3D,52,17,21
PPP1R3D_GGGCGGTACTGGAAAGCCGA,PPP1R3D,350,245,57
PPP1R3D_TGCGCTACACTTTCTCGGGC,PPP1R3D,968,223,177
PPP1R3D_GCACCGTACCGCTGATGCCA,PPP1R3D,394,244,321
PPP1R3D_CCAAAGTCGGCGGCCTCGAC,PPP1R3D,109,62,131
PPP1R3D_AGCACGTGCAGCGGCACGGA,PPP1R3D,325,201,204
PPP1R3E_TCTACGTGGGCCCGAGCACC,PPP1R3E,403,153,0
PPP1R3E_AGAAGCGCGTGAGCGTGCGC,PPP1R3E,517,53,5
PPP1R3E_TCACGCGCTTCTCGTAGGCC,PPP1R3E,1392,78,199
PPP1R3E_AGATGCGCTGCGTCAGCAAG,PPP1R3E,1233,272,159
PPP1R3E_GCAGCTCACCGGGACGGAAG,PPP1R3E,1320,221,351
PPP1R3E_GCGCCTACTACCGTAGCCAG,PPP1R3E,801,56,31
PPP1R3F_GAACCGCTCCTTCGAGAAGG,PPP1R3F,902,210,100
PPP1R3F_GCTGCCCTTTGCTGAGGGCG,PPP1R3F,613,103,141
PPP1R3F_CCCACACCCACTGATGCCGA,PPP1R3F,1844,156,356
PPP1R3F_GGAACTGAAGACGAAGAACA,PPP1R3F,1404,125,384
PPP1R3F_CGGTGAGGACACCATCGACC,PPP1R3F,1572,324,350
PPP1R3F_CCTCTGTACCCAGAACCACA,PPP1R3F,582,306,216
PPP1R3G_TCGCCGCCACCCTGCACACA,PPP1R3G,2335,590,787
PPP1R3G_GAACTTGGCCGCCTGCAAGA,PPP1R3G,926,192,314
PPP1R3G_GGTGCAGTTCGCGGACACGC,PPP1R3G,408,28,181
PPP1R3G_CAGCGTGAAGCACTTCAGCG,PPP1R3G,1002,674,605
PPP1R3G_CGTGAAGCACTTCAGCGAGG,PPP1R3G,1215,588,176
PPP1R3G_TGCGCTACACCTTTACCGAG,PPP1R3G,1087,909,617
PPP1R7_GCCAACATGGCGGCGGAACG,PPP1R7,3326,218,349
PPP1R7_GAAGAATCCGGCGATGAAGA,PPP1R7,430,131,97
PPP1R7_GGACATGGAAACCATCAACC,PPP1R7,366,1,40
PPP1R7_GCTACAGAGTCTTCGAGAGC,PPP1R7,525,170,48
PPP1R7_TATCGACACCTTAACCAACC,PPP1R7,563,9,26
PPP1R7_GGCTAAGGTACAGCTCCCGC,PPP1R7,205,0,0
PPP1R8_TCCAGATGTAAACCGGGAGG,PPP1R8,657,14,17
PPP1R8_ATCCAGATGTAAACCGGGAG,PPP1R8,539,58,103
PPP1R8_ACATCCAGATGTAAACCGGG,PPP1R8,283,64,92
PPP1R8_CATGGACCCGAGAGCAAGAC,PPP1R8,1415,298,110
PPP1R8_CACCGATGAGTGCTGTCCCA,PPP1R8,407,93,0
PPP1R8_TTCACTGCTGACGGCACAAC,PPP1R8,2056,166,322
PPP1R9A_ACCAGGTATCGAAGCTAGAG,PPP1R9A,1186,350,315
PPP1R9A_GGTGGTGCTGCTCAACGGGA,PPP1R9A,2,1,3
PPP1R9A_GATAAGCCAGACACTGGAAC,PPP1R9A,581,173,416
PPP1R9A_GCTCAGTCACAAGTTCAAAG,PPP1R9A,2061,522,814
PPP1R9A_AGTCCCAGAGACAGAGCGCC,PPP1R9A,108,86,60
PPP1R9A_AGCTATGTGGTCAGACGAGA,PPP1R9A,376,256,422
PPP2CA_CTCGCCATCTATAGATACAC,PPP2CA,888,15,35
PPP2CB_ACATGAGGCTCACCACGACG,PPP2CB,2639,543,481
PPP2CB_AATGTGTAGCCAGCACCACG,PPP2CB,447,251,146
PPP2CB_TGCGTTCTGGATAACGCACC,PPP2CB,299,26,103
PPP2CB_AGTGCGGACGCTGTGCGAGA,PPP2CB,606,47,221
PPP2R1A_TTCGTCTATGAGCACCGCGA,PPP2R1A,401,1,0
PPP2R1A_GCTGGGAACCTTCACTACCC,PPP2R1A,1428,35,41
PPP2R1A_ACTTTGTGCCGCTAGTGAAG,PPP2R1A,1137,1,0
PPP2R1A_GGTGGCTGACAAGTTCACAG,PPP2R1A,18,0,0
PPP2R1A_GATGAAAGACTGTGAGGCCG,PPP2R1A,181,0,0
PPP2R1A_GACCCATGATGACTGAGGCC,PPP2R1A,440,36,98
PPP2R1B_TGACACAAGCTTCCACAGCA,PPP2R1B,2204,1593,1415
PPP2R1B_GAAGCTAGACTAGTGAACAG,PPP2R1B,1356,360,498
PPP2R1B_AGAGACTGTTGTTCGTGACA,PPP2R1B,601,83,10
PPP2R1B_CCAAGATCTCGTGTCCCAGA,PPP2R1B,1274,142,473
PPP2R1B_AAATACTCACCAGCAGACAG,PPP2R1B,575,232,428
PPP2R1B_GGCGCATCAGAGCTCGGGAC,PPP2R1B,382,92,236
PPP2R2A_TCACCATTTGCAGCGCAACA,PPP2R2A,2191,906,1001
PPP2R2A_CTAGCAACAGGAGATAAAGG,PPP2R2A,968,69,75
PPP2R2A_TGTCATCTTTCAACAGGAGC,PPP2R2A,752,332,282
PPP2R2A_AGATCCATAGGCCTAAAGAC,PPP2R2A,1576,111,108
PPP2R2A_GGCAAATATTCTTCGTGGAC,PPP2R2A,782,166,262
PPP2R2B_GAGCGTGATAAGAGGCCAGA,PPP2R2B,517,102,28
PPP2R2B_ACGGGAGAATTACTAGCGAC,PPP2R2B,692,252,147
PPP2R2B_CATGTTTGTCACAGGAGCCA,PPP2R2B,998,229,447
PPP2R2B_GAGCCAGTGGGACTGCACCA,PPP2R2B,1055,38,55
PPP2R2B_TCCAGGTAGAATCCTGAGAC,PPP2R2B,633,232,268
PPP2R2B_ATCGAGATTGGAACCACAGA,PPP2R2B,634,111,103
PPP2R2C_GCAGTCACTGTTGACGGAGA,PPP2R2C,871,387,105
PPP2R2C_GCAGTGACGTCACCGTGGAC,PPP2R2C,1033,827,458
PPP2R2C_CACTTTCCAGAGCCACGAGC,PPP2R2C,917,124,266
PPP2R2C_CCACAGGTGACAAGGGCGGC,PPP2R2C,70,163,182
PPP2R2C_TGGGCGAGGACACGGACACG,PPP2R2C,226,71,95
PPP2R2C_GAAACTTCCATCAGCTGAGG,PPP2R2C,705,210,508
PPP2R2D_ACACGTTGCACTGGTGCGGG,PPP2R2D,686,70,184
PPP2R2D_AGGAGCGCATGTCACACAGG,PPP2R2D,955,231,226
PPP2R2D_CCGAGGAGCGCATGTCACAC,PPP2R2D,1727,533,626
PPP2R2D_TGAACAGCGCCATCATGACC,PPP2R2D,1499,198,78
PPP2R3A_TTCCAGGATTCGCAGTAAGA,PPP2R3A,1996,914,739
PPP2R3A_AGAGCTAGCTTTCCTGGCAA,PPP2R3A,1415,250,373
PPP2R3A_GATGTGGTGGATACCCACCC,PPP2R3A,200,0,0
PPP2R3A_TGTATCGAGACAGATCGGCC,PPP2R3A,835,296,172
PPP2R3A_TGTACTCTCCATGTATGAGC,PPP2R3A,655,30,65
PPP2R3A_AGATCCCTTTGCGGTCCAGA,PPP2R3A,528,158,104
PPP2R3C_CTGGACTTACGAGAACAGAG,PPP2R3C,591,360,267
PPP2R3C_TTTATATGATGTCGCTGGGC,PPP2R3C,97,26,29
PPP2R3C_GACACCACCTATGATTGGAG,PPP2R3C,1120,0,0
PPP2R4_GGCTCCTGGCCGGAGCAAGA,PPP2R4,368,160,162
PPP2R4_CCCTCAACGAAGGTGTGAAG,PPP2R4,2850,580,488
PPP2R4_AACCGAGAGGGCTGGTCCAC,PPP2R4,863,106,84
PPP2R4_TGTGCCGTAGTCAATGCGCG,PPP2R4,1871,292,246
PPP2R4_GCGAAGGCTGCCTCATGCCC,PPP2R4,928,0,35
PPP2R4_ACATACAGGATGGAGCCAGC,PPP2R4,296,97,30
PPP2R5A_CATCTCGGCCTCGGAGAAAG,PPP2R5A,1428,145,196
PPP2R5A_CACCCGGAAATCGGTCCGCA,PPP2R5A,585,472,531
PPP2R5A_TGCGAAACTGCGACGAGCCC,PPP2R5A,2211,598,803
PPP2R5A_TACCTGTATGTGAGGCCAAG,PPP2R5A,729,203,357
PPP2R5A_TTTCAGGACCATTGTAGCAC,PPP2R5A,1464,346,390
PPP2R5B_AGCCAGCTCACCTTTGAGCA,PPP2R5B,973,576,788
PPP2R5B_ACTGTGTGGCCGACCTCAAG,PPP2R5B,1596,47,245
PPP2R5B_CCCTGAATTTGACCCTGAAG,PPP2R5B,3335,883,1301
PPP2R5B_ACATATCTCTTGGCCACGGA,PPP2R5B,862,238,59
PPP2R5B_ACTGTTTGCGGATGTAGGCC,PPP2R5B,517,180,153
PPP2R5B_ACTCACGTGCTCTGTCAGAG,PPP2R5B,1845,566,1008
PPP2R5C_TAGTGCTACTGTCTAAGAGC,PPP2R5C,778,153,136
PPP2R5C_AGAAGGACCACGGGCTGGAA,PPP2R5C,1087,113,78
PPP2R5C_CTGGAGTCTGTTCCTTCAAC,PPP2R5C,1362,482,424
PPP2R5C_TGGCCGCCTACGGAGCAGCA,PPP2R5C,1788,603,146
PPP2R5C_TACGGGAGCGGAATTTGACC,PPP2R5C,303,7,77
PPP2R5C_CCGGTTGCAATGGAGACAGA,PPP2R5C,1065,282,228
PPP2R5D_CAAGCCTAGCAGCTCGGGCA,PPP2R5D,1716,365,273
PPP2R5D_TGCCAAGTACCTTTCAGGGC,PPP2R5D,1521,444,715
PPP2R5D_GGTCTGACACGAAGTCAAAG,PPP2R5D,116,252,315
PPP2R5D_CACCTTCATCGAATCCCACA,PPP2R5D,541,95,196
PPP2R5D_CAGTGAGGATCCTCGAGAGC,PPP2R5D,585,148,306
PPP2R5D_CCTCAGGTTCATCTACGAGA,PPP2R5D,747,64,664
PPP2R5E_CACCAACGCCACAATAGCCC,PPP2R5E,1310,379,73
PPP2R5E_AGTTCAGGCTGCTCTGAGGA,PPP2R5E,1367,151,270
PPP3CA_ACTAACGGCACGGACAGCAA,PPP3CA,1052,457,350
PPP3CA_GAGTTAAGGTTGGCGTCAGA,PPP3CA,168,37,19
PPP3CA_CCCTCCAGAAAGTACTCCGC,PPP3CA,1261,133,188
PPP3CA_AGCCGGTGACTTGGAGGAAA,PPP3CA,1850,723,843
PPP3CA_CAAGTTGTCGACGACCGACA,PPP3CA,64,246,163
PPP3CA_GCTGGAGATGTCCGAGCCCA,PPP3CA,1,153,85
PPP3CB_CAGTATGGTTGCCCGTCCCG,PPP3CB,1982,136,651
PPP3CB_GGACGGCAGACCCTGCAAAG,PPP3CB,1822,614,540
PPP3CB_TGATTTGGATGGGATACCCA,PPP3CB,230,12,74
PPP3CB_TTGATTTGGATGGGATACCC,PPP3CB,696,55,31
PPP3CB_ACCTCTCACCTTTGACGACG,PPP3CB,724,165,339
PPP3CB_TTTGACGACGCGGTCAGCCC,PPP3CB,736,98,252
PPP3CC_TGACGCGGTCGGTGGTGGAG,PPP3CC,1852,342,367
PPP3CC_GCCGTTGGGTTGGAGGAAAG,PPP3CC,1214,400,314
PPP3CC_ATACCCACAACACTGTCCGA,PPP3CC,345,110,47
PPP3CC_GATCAGAGCCATTGGGAAGA,PPP3CC,553,246,153
PPP3CC_GGCAAGCAGACTATCGAGAC,PPP3CC,949,493,462
PPP3CC_CAGTAGAAGCGGTAGAGGCC,PPP3CC,287,213,248
PPP3R1_GCAGAATACGGAAAGCGGGA,PPP3R1,244,317,173
PPP3R1_TAACTACAGCCAACATGCCA,PPP3R1,466,170,44
PPP3R1_CTTTACCCAGGTCACCCGCA,PPP3R1,837,44,56
PPP3R1_TTTACCCAGGTCACCCGCAA,PPP3R1,1149,4,13
PPP3R1_ACCCAGGTCACCCGCAAGGG,PPP3R1,184,6,36
PPP3R1_CCGACGGGCGAAGAAACGAC,PPP3R1,368,39,20
PPP3R2_TGGGCAACAACCTGACGGAC,PPP3R2,787,390,390
PPP3R2_TGCGTTCAGCATTTACGACA,PPP3R2,1250,431,268
PPP3R2_CACCGACGGTGATGGAGAAG,PPP3R2,943,420,425
PPP3R2_CGATCACTCGCCGCACCAAC,PPP3R2,2425,1007,1071
PPP3R2_AAACGAGGCCAGTTACCCGG,PPP3R2,1035,239,393
PPP4C_CATGGCGGAGATCAGCGACC,PPP4C,389,0,1
PPP4C_CATGGATGTCGCCGCACACC,PPP4C,739,134,144
PPP4C_AGGGCGGAACGGACTAAGAC,PPP4C,931,281,468
PPP4C_TGCGATCAGGATAGCGAACC,PPP4C,1499,83,111
PPP4C_TGTAGATCTTCTGCGTGCAC,PPP4C,416,22,12
PPP4C_CTTTCCGCATCAGACACCAC,PPP4C,572,181,59
PPP4R1_TCAACCGTCTGTGCACGAGA,PPP4R1,840,135,91
PPP4R1_CTCTTCATGTGCATCCAGGC,PPP4R1,1229,172,287
PPP4R1_GGATGTACAAGTCAGGCCAG,PPP4R1,1255,41,76
PPP4R1_AATGGCTCCCATGGTTGGGA,PPP4R1,122,12,12
PPP4R1_TGTGTAGACAAATGGTGGCC,PPP4R1,527,100,327
PPP4R1_GGTCCTCCTGAAGCAGCGAG,PPP4R1,393,259,222
PPP4R2_CCGGCAGCACTGTACAGAAG,PPP4R2,4396,562,644
PPP4R4_AGGAGCTCACCATCATCGAG,PPP4R4,994,310,113
PPP4R4_ACCTTGAGGCTCCGGCGGAC,PPP4R4,1637,436,175
PPP4R4_AGCCATGCATTGCTGACACC,PPP4R4,1853,622,198
PPP4R4_AGTATACCTACCCAATGCCC,PPP4R4,562,55,74
PPP4R4_TGATATGACATGTGGCAGGC,PPP4R4,678,773,348
PPP4R4_CAACTGAGTTACCTGTCCCA,PPP4R4,717,17,107
PPP5C_CGGCTGATGGAGCTCTGAAG,PPP5C,1267,196,492
PPP5C_CATCAAGGGTTATTACCGCC,PPP5C,98,48,61
PPP5C_CGTGGAAACCACACTCAAAG,PPP5C,3430,935,891
PPP5C_TGAGCTCGAATATGTTGAGG,PPP5C,733,170,153
PPP5C_TTCCCAGCTCACCTCGAAGG,PPP5C,1008,408,307
PPP5C_CCGTTGATGCACTGGGCCAA,PPP5C,1248,262,224
PPP5D1_AGTTTGACGCATTGCAGGGA,PPP5D1,943,407,141
PPP5D1_TGCAGGGAAGGTCGGACCAA,PPP5D1,2321,120,252
PPP6C_GCACATCAACTAGTGCACGA,PPP6C,1346,55,84
PPP6C_GACTGGACTGGATACCCGGC,PPP6C,371,20,89
PPP6C_ACTGGACTGGATACCCGGCG,PPP6C,808,59,196
PPP6C_CTGGACTGGATACCCGGCGG,PPP6C,2009,219,76
PPP6R1_TCCCACTGACGATGACAGAC,PPP6R1,1514,405,629
PPP6R1_TCATCTGCTCCCGGCTCAGG,PPP6R1,672,253,188
PPP6R1_ACGAGGAGAAGATCGTCCAG,PPP6R1,401,211,93
PPP6R1_GCCGCTCCACACAGGTGAGC,PPP6R1,196,232,137
PPP6R1_CATCAACCGCAAGACAGACC,PPP6R1,1425,75,367
PPP6R1_CCTGCACACAAGCTCGCACC,PPP6R1,1087,680,445
PPP6R2_CAGCTTGTCAACATGGGACG,PPP6R2,2770,804,443
PPP6R2_GGTCCAAGAAGTCGTACAGG,PPP6R2,1063,50,214
PPP6R2_GAAGGACAAGTTCATCAGCC,PPP6R2,609,237,153
PPP6R2_GGAGTTGATCCACCCGAGCC,PPP6R2,762,100,163
PPP6R2_CCAGGGCAGTCAGCTGCAAG,PPP6R2,583,183,245
PPP6R2_AACCCGCCTGGTTTCCAGCA,PPP6R2,913,304,509
PPP6R3_GGCAAGTAGTGGATTCAAAG,PPP6R3,1070,923,337
PPP6R3_TTTCTAGAGTGGCAAGCAGG,PPP6R3,486,84,448
PPP6R3_TGCTGGTATTGGTTTGAAGC,PPP6R3,2048,1131,1144
PPP6R3_ATTACCGATCAAGACTCCAC,PPP6R3,133,310,275
PPP6R3_TATCGTGCACAGCACTGACA,PPP6R3,281,271,101
PPP6R3_CCGACGAAGTCAGGGAACGA,PPP6R3,1370,467,587
PPRC1_AGGTCCTTGTCCCTCAGAGA,PPRC1,845,36,25
PPRC1_GAGGTCTCTAAGAAAGAGGG,PPRC1,175,0,0
PPRC1_ACTGCTCCAGCAGACTGGAC,PPRC1,198,133,45
PPRC1_GAACTGGCCAACGTGGCAGG,PPRC1,61,0,84
PPRC1_GAAGCCTGAAGGAGTTACGG,PPRC1,84,12,34
PPRC1_TCGTGAGCGGCTTCGAGAAC,PPRC1,1342,297,473
PPT1_GCCAGTATTCGGCTTGCACG,PPT1,875,175,202
PPT1_TTTGGACTCCCTCGATGCCC,PPT1,526,214,491
PPT1_TCGAATACCCACTATGCACA,PPT1,1777,386,521
PPT1_GCTATGGGATTCTCCCAGGG,PPT1,1342,95,16
PPT1_CTGTTGCAATCCCTTAAGCA,PPT1,3020,909,1737
PPT1_ATCACCAACGGCAGCGGCGC,PPT1,613,156,147
PPT2_CATTGATGTATTCCAGCAGG,PPT2,818,284,199
PPT2_CCTCATTGATGTATTCCAGC,PPT2,60,131,60
PPT2_CCCTGTGGGAACAGGTGCAA,PPT2,1101,448,183
PPT2_CCCTTGCACCTGTTCCCACA,PPT2,1130,332,352
PPT2_TGTGGTGTTCTGCTTACAGG,PPT2,344,118,26
PPT2_ATATATCCTCAGGAGAGCCA,PPT2,271,104,39
PPTC7_TGCTGAGCAAGCTCATGAGC,PPTC7,1090,279,543
PPTC7_ACGACTCCCTCGGCTTCAGG,PPTC7,148,2,107
PPTC7_GCTTGTGGTGAGAATTCCAA,PPTC7,174,91,186
PPTC7_ACGACGCGTGCTTCGTGGCC,PPTC7,197,196,173
PPTC7_TCTCGGTCCTCTCGTACGGG,PPTC7,542,106,164
PPWD1_AACAACATGGCGGCGGAAAG,PPWD1,3058,51,158
PPWD1_CTTACTTGGTGCATACCACA,PPWD1,723,40,87
PPWD1_ATGAGGTGCAATTCTTACCC,PPWD1,333,0,13
PPWD1_GGGATGATTGAATACTGGAC,PPWD1,429,0,16
PPWD1_CATGGAATTTGGCCGACGAA,PPWD1,979,14,5
PPWD1_TGCAATTGGCTTTGTTCCAG,PPWD1,1717,110,272
PPY_GGTGGCATTATAAGTCCAGC,PPY,121,104,95
PPY_CCACTGGAGCCAGTGTACCC,PPY,778,353,612
PPY_CTGTAGTAACAGAGCCACGC,PPY,1512,259,366
PQBP1_CAAGCGGGTCTGCAGCGCAA,PQBP1,493,6,0
PQBP1_TGGAGGGCCTACCACCAAGC,PQBP1,1185,259,225
PQBP1_CTTGGCCGATTTGGTAACCA,PQBP1,1897,184,164
PQBP1_GCGGGTATGACAAGGCAGAC,PQBP1,4,5,9
PQBP1_TTCCACAGCAGTAAGCCGAA,PQBP1,791,177,329
PQBP1_ATCCTGCTGCTTGGTTCGGG,PQBP1,600,48,46
PQLC1_CGTCTTGAAGGCGTCACCAC,PQLC1,1756,582,692
PQLC1_GGCGGTGGTTGCGGTAAAGC,PQLC1,1606,234,425
PQLC1_ACGTGTAGCTGCAGATAGCA,PQLC1,1895,654,549
PQLC1_TGGCCAACGAGCTCAACGCC,PQLC1,1928,309,211
PQLC1_CGCGGCCATGGTCTTCGGAG,PQLC1,2587,341,278
PQLC1_CCGCGGCCATGGTCTTCGGA,PQLC1,1245,11,74
PQLC2_TGTGTTGGGTGAATGTGCCC,PQLC2,1053,95,95
PQLC2_GATCAAGCCCAGGCCCACGC,PQLC2,1369,204,244
PQLC2_AGCCTACAAGACGGGCAACA,PQLC2,2542,1313,1705
PQLC2_CAAGACGGGCAACATGGACC,PQLC2,796,437,472
PQLC2_CTCCTACTCTCTGTTCGCGC,PQLC2,1697,599,1017
PQLC2_CGGTGCTGCGCCTGTACACC,PQLC2,788,549,629
PQLC3_GCTGTGTAACTGGAGCACGC,PQLC3,603,201,441
PQLC3_GCGGATACCCATAGTAACAC,PQLC3,792,415,458
PQLC3_TACTCCAGGTAGGTCAGCGG,PQLC3,1150,463,564
PQLC3_GCAGAAGTGGATCATAGACC,PQLC3,1270,355,235
PQLC3_GCATAATACTTACCATGGCC,PQLC3,550,6,8
PRAC_AACATCTACTGGGCGAGACC,PRAC,430,128,339
PRAC_CACTCTTGGAGGTAGTAAGA,PRAC,736,418,504
PRAC_CCGGTCCTTGATCTGAGAAA,PRAC,1443,914,864
PRAC_CCATTTCTCAGATCAAGGAC,PRAC,1326,467,884
PRADC1_CGTCTCGGCCGAGCAGGAAG,PRADC1,1847,400,194
PRADC1_TCTTCCTGCTCGGCCGAGAC,PRADC1,934,377,362
PRADC1_TCGGCCGAGCAGGAAGAGGG,PRADC1,713,153,138
PRAF2_TGGTCTCAAGCGGACGCCAA,PRAF2,506,264,268
PRAF2_TCGAGAGCATTGGTCTCAAG,PRAF2,500,79,144
PRAF2_CAGAGCATGCTTAAGGCACC,PRAF2,349,317,168
PRAF2_TGCCCACACCAGCACGCCGA,PRAF2,258,8,114
PRAF2_GGCCGATGCCGAAGCAGAGA,PRAF2,703,305,267
PRAF2_GGAGGTTGTTGATGACGCGG,PRAF2,90,101,47
PRAM1_AAGCACCTCGGGATCCGGCG,PRAM1,184,300,278
PRAM1_AACGCTAAGACACGTCGCGG,PRAM1,721,326,0
PRAM1_CCTCAGTTCAGCAAGCCGCC,PRAM1,35,118,148
PRAM1_CAGGCTGTCGGTCCTGGAAG,PRAM1,725,345,346
PRAM1_GCTGAACTCAGGCTGCGGCA,PRAM1,172,232,293
PRAM1_TGCACCAAACTCAGGCAGCG,PRAM1,1716,725,525
PRAME_GACACTTAGCTGACTGACGC,PRAME,709,191,175
PRAME_GGACTGTATGGTCTGGAAAC,PRAME,1173,339,527
PRAME_CCCACGGAGACTTGTGGAGC,PRAME,535,99,390
PRAME_TGAGTGTGTGGACAAGCCCA,PRAME,588,475,235
PRAME_CAATGTTGTGGTCTTCCCAG,PRAME,590,117,71
PRAME_GGCCTGTAATAGCTTCAGAG,PRAME,1997,535,802
PRAMEF11_ACTGCCCTGACCATGGCGAC,PRAMEF11,826,239,252
PRAMEF12_TCTTTCGAGCTGTGCTGGAG,PRAMEF12,442,239,49
PRAMEF12_AGCAGGGAACTGTCCAAGGC,PRAMEF12,905,443,182
PRAMEF12_GGGAACTGTCCAAGGCCGGG,PRAMEF12,0,31,26
PRAMEF12_CATTACGACTGTCTCCAAGG,PRAMEF12,767,501,231
PRAMEF12_TCATTACGACTGTCTCCAAG,PRAMEF12,395,235,258
PRAMEF2_CTGACAGCCCTCTAACACGA,PRAMEF2,2502,781,820
PRAP1_CTTGCATCTTGATAGGGACC,PRAP1,1054,148,92
PRAP1_AGAGTTTCGGCTTCTGGACA,PRAP1,1354,417,375
PRAP1_AAGAGTTTCGGCTTCTGGAC,PRAP1,552,147,187
PRAP1_CCTCCGCCTGAGGAGGACCA,PRAP1,879,442,402
PRAP1_TCGCCCTGGTCCTCCTCAGG,PRAP1,154,38,36
PRAP1_GATTTGGCATCACCCACAAC,PRAP1,607,148,78
PRC1_TGAGGCAATTCGAGTGGAGC,PRC1,1699,34,67
PRC1_AAAGGCCAAGGTCCGGAAAG,PRC1,687,101,103
PRC1_TTGTCACATGTTGCCTGAAC,PRC1,234,582,557
PRC1_GGGCTGCCACGGACCTGAAA,PRC1,899,120,144
PRC1_GGAGCTAATTGGGATTCCAG,PRC1,346,21,0
PRC1_GAGCGTCCGCCATGAGGAGA,PRC1,203,148,9
PRCC_GCTTCTCTCCCTGCGCCCAA,PRCC,693,14,66
PRCC_GCAGCAGCCTTGATAGCAGA,PRCC,119,235,191
PRCC_TGCTTCGTCATCGATGAAGG,PRCC,876,136,93
PRCC_TGCCCTGCAGCCGCTTAAAC,PRCC,1397,505,884
PRCC_AAGAAAGGTGAGCAGCCAAC,PRCC,361,111,123
PRCC_ATTTGGCTTGGGTCTGACGG,PRCC,652,68,110
PRCD_AAATCGGCGGCGCCAGAGCA,PRCD,1060,248,376
PRCP_TGGCAAGTGTAGGCTGCCGA,PRCP,90,59,181
PRDM1_GGATATGACTCTGTGGACAG,PRDM1,1907,322,337
PRDM1_CAGTTCCTAAGAACGCCAAC,PRDM1,293,376,210
PRDM1_ACCTGGCTGCGTGTCAGAAC,PRDM1,391,457,345
PRDM1_TAAACGACCCGAGGGTAGAA,PRDM1,588,164,202
PRDM1_GAAACACTACCTGGTACACA,PRDM1,455,376,151
PRDM1_TGCACAAGCGTCTGCACACC,PRDM1,1457,358,661
PRDM10_CGGCGGTTACATTCATAGCA,PRDM10,1007,71,57
PRDM10_GGCCATACTGGTAAGCCACC,PRDM10,236,111,0
PRDM10_CATAGACAGGTTTCTGGGCG,PRDM10,1755,72,191
PRDM10_CTCATTGCCAGTTCATAACC,PRDM10,2606,1070,1006
PRDM10_GGACATAAGCTACCTGGCCG,PRDM10,435,2,129
PRDM11_CTGCTCACCACTCCGAGACC,PRDM11,2633,548,676
PRDM11_GGAGTCCGGTCTCCTAGAGC,PRDM11,807,128,252
PRDM11_TGCCCGTGGGCATCCCAGAC,PRDM11,1640,968,727
PRDM11_CAGACGAGACCAAAGCCAAC,PRDM11,910,586,763
PRDM11_GGTCATCTCCCGGGAGGAGA,PRDM11,34,115,67
PRDM11_TCTTCATCCTCCAATTGGCC,PRDM11,771,115,239
PRDM12_CAAGACCGGGCTGAAGGCGC,PRDM12,1130,209,35
PRDM12_AAGACCGGGCTGAAGGCGCC,PRDM12,182,42,19
PRDM12_TGAGCGATGATCACCTCCGC,PRDM12,1123,133,235
PRDM12_TCGGCATCTTCTCCAAGACG,PRDM12,791,59,225
PRDM12_CAAGTGTGCACGTAACGAAC,PRDM12,961,678,765
PRDM12_CTCACAGCACCATGGCCGGC,PRDM12,1090,310,118
PRDM13_GCAGCAGTCGGCACTCACGC,PRDM13,3013,939,987
PRDM13_CAAGTACCTGTCAGACCGCA,PRDM13,837,25,303
PRDM13_TAACCCTATCCACTCCAGAG,PRDM13,1399,332,492
PRDM13_ATTAACCCTATCCACTCCAG,PRDM13,141,223,146
PRDM13_ATTGCGAGACGTCCAGCCAG,PRDM13,1440,116,152
PRDM13_CGGCCTTTACAGTCTACAAC,PRDM13,1865,1137,1025
PRDM14_TCGCATGTGTTTGTTTAGGC,PRDM14,995,520,346
PRDM14_GATCGTTTGCAGAGAGAACA,PRDM14,419,185,233
PRDM14_GAGCCTTCAGGTCACAGAGC,PRDM14,252,165,297
PRDM14_TGGGCCCTTTCAAGGTAAAG,PRDM14,667,505,647
PRDM14_GACTCCCTTCAACTTCCAGA,PRDM14,355,89,104
PRDM14_CCGTGAACTGGAACCGAGCA,PRDM14,1413,466,842
PRDM15_ATCCTGACAGGTGTCAGAGA,PRDM15,622,94,71
PRDM15_GGGAAGATTGCGAACGGAGG,PRDM15,176,12,277
PRDM15_ACTGGAGTGAGCCCACCAGG,PRDM15,55,73,33
PRDM15_ACCCGCATGGGCTGTACCCG,PRDM15,5036,1002,1365
PRDM15_CGGCTCCGGGAAATCCAGCC,PRDM15,577,190,472
PRDM15_TTCCGGAGCGGATCGCAACC,PRDM15,1564,526,303
PRDM16_TGCGATCCAAGGCGAGGGCG,PRDM16,635,296,321
PRDM16_TCCGAGAGTCCTCCATCCCA,PRDM16,1297,93,156
PRDM16_GCAGCAAATACTGACGGACG,PRDM16,1580,156,260
PRDM16_CTGCGTGGATGCAAATCAGG,PRDM16,1130,138,58
PRDM16_CGAACTCTTCCAGTCCAAGC,PRDM16,1779,648,535
PRDM16_CAAATGCGACCAGTGTCCCA,PRDM16,160,61,10
PRDM2_CGGGTCTTGTCAACAGCAGA,PRDM2,745,225,267
PRDM2_AGGACTGTGCTGTGGAGAAC,PRDM2,1701,251,222
PRDM2_TGGAGATGCACTGGAAGAGG,PRDM2,4215,1001,448
PRDM2_AGCATCGGGACGCCAAGCGG,PRDM2,502,266,281
PRDM2_TGAAGAATGGTCCCTGGAAC,PRDM2,1853,759,901
PRDM2_CCTCAGCACCTGAAGTGACC,PRDM2,40,89,376
PRDM4_CAAGTTGTTTATGCGGAGGC,PRDM4,398,222,287
PRDM4_TGTCCACTTTATGGGTCACA,PRDM4,516,275,181
PRDM4_GGTCCAAAGCAAGTCCGCAC,PRDM4,602,13,89
PRDM4_CCATGTTCGGGACAGTCCGA,PRDM4,748,154,218
PRDM4_TCCATCTGTCGAAATTGGGC,PRDM4,1048,55,197
PRDM4_GCCAGTCTCAGGAAGTCACC,PRDM4,127,89,195
PRDM5_GCACATTCGTACTCACACCA,PRDM5,2582,836,444
PRDM5_TGTGTCTTTCATGAACCACC,PRDM5,593,112,272
PRDM5_GGAACGGTCTCTCCTCAGAG,PRDM5,1319,159,237
PRDM5_TGGCTACCTGGATAGTGACA,PRDM5,600,253,236
PRDM5_CCAACCCACGGCACTCCAAC,PRDM5,2938,821,1130
PRDM5_GGCCCGCAGAGTGCGAAAGG,PRDM5,1403,595,644
PRDM6_GCGCCGGACATGCTGAAGCC,PRDM6,1750,307,244
PRDM6_ATGTGCGCGGACAACCGCAA,PRDM6,881,369,246
PRDM6_GGGAACCTAGTAAGTCGAGC,PRDM6,371,38,121
PRDM6_GCATCTGTAAGAGGATCCGC,PRDM6,441,59,191
PRDM6_CTGTGGTCGTGCCTTTGCCG,PRDM6,2058,616,459
PRDM6_TTGCCTCCACCAGGTGCGAG,PRDM6,656,209,160
PRDM7_GCTGAAAGGGTCACTCACAG,PRDM7,1007,224,369
PRDM8_ATTCTCAGGGATGTCGCAGG,PRDM8,905,104,135
PRDM8_GAAGTATGGCTCAGGACACA,PRDM8,1099,252,179
PRDM8_TGTTCTACCGCTCTCTCCGC,PRDM8,507,114,77
PRDM8_CCGCAGGATTGCCAAAGACG,PRDM8,1764,578,318
PRDM8_AGCGGAGCTCTTGGGCCAGA,PRDM8,310,114,81
PRDM8_GCGACCTCATATGGTACACC,PRDM8,896,127,70
PRDX1_CGCTTCGGGTCTGATACCAA,PRDX1,1550,172,191
PRDX1_GCCACAGCTGTTATGCCAGA,PRDX1,528,228,71
PRDX2_CTTCCCACAGTTTGTCCCGC,PRDX2,1089,176,72
PRDX2_TCCGATGCGCGCGTTACCGG,PRDX2,1855,548,630
PRDX3_CACTCACATGTCGGGCAACC,PRDX3,1382,264,407
PRDX4_GGGCTCGGGACTGAGTCCCA,PRDX4,0,10,12
PRDX4_GAGGAGTGCCACTTCTACGC,PRDX4,712,70,113
PRDX4_AAGCCAGCGCCCTACTGGGA,PRDX4,873,421,55
PRDX4_CACAGTTTACCCATTTGGCC,PRDX4,2093,578,413
PRDX4_AAGTCCTCCTTGTCTTCGAG,PRDX4,348,69,139
PRDX4_TACACTGACAAACACGGAGA,PRDX4,648,125,90
PRDX5_TGCGCCCTGAGACGCTCAGC,PRDX5,315,23,65
PRDX5_CACTCAGACAGGCCACCACC,PRDX5,703,303,384
PRDX5_GAGACGTCGATTCCCAAAGA,PRDX5,624,240,262
PRDX5_TTGGGAATCGACGTCTCAAG,PRDX5,811,252,217
PRDX6_ATCACCGTCGCCATGCCCGG,PRDX6,426,59,125
PRDX6_ATCCTCTACCCAGCTACCAC,PRDX6,1992,122,359
PREB_CTCCCTGCTACCTCACAGCC,PREB,4082,402,209
PREB_GGCCTTAAGGTCCCGGCCCA,PREB,93,81,53
PREB_GGAGTTCAAAGCCCACGAAG,PREB,1253,0,68
PREB_GAGCGGAAACCCAGCACGAG,PREB,1007,72,198
PREB_GGCCACCATGAACTTGGCAC,PREB,112,1,0
PREB_CGTACAACGGGAACGGAGCC,PREB,390,21,159
PRELID1_GAGGTGTCTCACCATCAGCC,PRELID1,183,0,9
PRELID2_AGGCAGGATTTCAATCACAG,PRELID2,2606,498,628
PRELID2_GAGGCAGGATTTCAATCACA,PRELID2,345,118,136
PRELID2_ATGGCCATGTTTCTTTCCCG,PRELID2,962,73,170
PRELID2_GATTGCAATCTGTCAGAACG,PRELID2,1034,282,505
PRELID2_GGTCGCCAGCTTTCTCCGAA,PRELID2,731,67,59
PRELID2_GGTCTCGGTGGATGTGCACC,PRELID2,295,22,0
PRELP_GCATTCTGGAAGGACTCCAC,PRELP,356,114,93
PRELP_CACATCTCCAGAATCCCGCC,PRELP,409,399,204
PRELP_GCCTGGTGTCTTCAGCAAGC,PRELP,1158,765,902
PRELP_AGTAGTTTCCATCCAGCCGC,PRELP,298,49,97
PRELP_CTTGAAGCCGCCCATCCCGC,PRELP,1628,335,478
PRELP_CATCATGAGGTCCAGCGGGA,PRELP,588,220,177
PREP_TCACGCGATAGTTGGGAGAC,PREP,1110,409,265
PREP_GACCTACAGCAGGAATCCAG,PREP,546,158,82
PREP_TCAAGTTCAGCTGTATGGCC,PREP,347,177,230
PREP_ACTGTCTGACGATGGCACAG,PREP,895,338,634
PREP_ATGGGACACTGCTCAAGAAA,PREP,1144,543,377
PREP_AAATTTGTGACCCTTACGCC,PREP,323,140,104
PREPL_GCGGAGCATGCTAAGGACAC,PREPL,1086,311,188
PREPL_TGCAAGCCTCTAAATCAGCA,PREPL,289,23,199
PREPL_TTGCCCTTCAATTTCAGAGG,PREPL,1077,128,268
PREPL_ATGAATCCACAGGCCCAAGG,PREPL,194,354,281
PREPL_GATATACGTCATGACAGCGA,PREPL,190,170,21
PREPL_TTCAGAATGGGTAAAGGACG,PREPL,1368,251,201
PREX1_AGACGAGAAGGTTGTCGAAG,PREX1,386,38,148
PREX1_TGCAGGGCACTCTGGACCGC,PREX1,1878,446,213
PREX1_ACCTGTTGTCTCCGATCCAG,PREX1,889,133,224
PREX1_TGTCTTCGATGTTCGAGAAC,PREX1,1209,657,531
PREX1_GCATCGCATCCGGCAGAACG,PREX1,1300,447,566
PREX1_CACCGACTGCAAGAAGCGCA,PREX1,947,264,167
PREX2_ACCATGAGCGAGGACAGCCG,PREX2,2028,967,1185
PREX2_TCGTGGCCGGATCAACACGG,PREX2,662,385,406
PREX2_GAAAGAGAACGGCGGAAAGG,PREX2,697,457,243
PREX2_CTGGGTCATGATCTCTGAAC,PREX2,1477,520,713
PREX2_GAGATTCACAGGCCTGAGGA,PREX2,267,147,385
PREX2_AGATTGCCGCACCAGAGAAG,PREX2,2159,392,336
PRF1_AGGTGACCTTCATCCAAGCA,PRF1,1511,351,511
PRF1_GGAAGGGCTCACGGACAACG,PRF1,1427,286,164
PRF1_CGCTGCACCCTGACTTCAAG,PRF1,848,838,1158
PRF1_CAGCTTCAGCACTGACACGG,PRF1,1396,327,349
PRF1_TGGCCCTGGTTACATGGCGC,PRF1,3,51,155
PRF1_CAAAGGTTCCTGCGGCCCGA,PRF1,612,36,83
PRG2_CCACCTCACCTCGGGTACAC,PRG2,4588,1975,2001
PRG2_CAGTGACCACCGCGGGACCA,PRG2,712,202,97
PRG2_TCTGTCAGCGCGCTCAACCA,PRG2,1170,878,468
PRG2_CCCTGTAGTTTACTTGCCGG,PRG2,683,150,109
PRG2_TCTCACCAGGAGGTAGCGGC,PRG2,362,284,18
PRG2_GCAGCGTCTTAGCACCCAAA,PRG2,1415,348,577
PRG3_TGTGTGGCCCTATGCACCAA,PRG3,2889,513,474
PRG3_TGCCCATTCCCAGGTTGCCC,PRG3,302,92,261
PRG3_GCTGGACTGATGGGAGCCAC,PRG3,462,36,83
PRG3_AAGTCCTTGTCTAAGGCAGC,PRG3,56,126,134
PRG3_GACACAGGCAGACCTAGGCC,PRG3,792,83,10
PRG4_GCTTTGAGTCCTTCGAGAGA,PRG4,753,16,89
PRG4_TGAGTCCTTCGAGAGAGGGA,PRG4,197,114,89
PRG4_CCACCAGTTGTAGATGAAGC,PRG4,1643,445,265
PRG4_GGACTGACTACTTTGCGCAA,PRG4,1430,156,157
PRG4_ACTTCAGTAATTCTGCGAGC,PRG4,29,101,112
PRG4_GAACCTGTACAGAAGTGCCC,PRG4,157,17,80
PRICKLE1_GACTTGGACCTTCTGAGCAC,PRICKLE1,417,106,174
PRICKLE1_ATATTCGAGCCAGTGAGCAC,PRICKLE1,322,143,117
PRICKLE1_CCAACAAAGAGGCTTTACAC,PRICKLE1,1665,355,458
PRICKLE1_ATGCAGAACTGCTCAAACCA,PRICKLE1,3433,1072,853
PRICKLE1_TTGCCAGTCTTTGAGTGAAG,PRICKLE1,1508,435,421
PRICKLE1_CTGCTCTGGTCTCAGGCCCG,PRICKLE1,551,78,19
PRICKLE2_CAGCGCTACATCATGAAGGA,PRICKLE2,1045,630,607
PRICKLE2_CAGTGCATACGAAGCACGGC,PRICKLE2,94,124,101
PRICKLE2_GGAAAGGCCTGACATTCCCG,PRICKLE2,22,27,0
PRICKLE2_AGAGTATGCCTGGGTCCCGC,PRICKLE2,652,268,255
PRICKLE2_ATTTATGCAAGGCGAACCCA,PRICKLE2,308,39,3
PRICKLE2_GGCGTCCGGCCATGTTCAGC,PRICKLE2,332,40,59
PRICKLE3_CAGGAATGGGCGGCCCAGCA,PRICKLE3,1186,267,536
PRICKLE3_AGAAGTGATCCATGTGCCAG,PRICKLE3,477,429,232
PRICKLE3_ACGCTGCCAAGCCTGTGACG,PRICKLE3,1381,477,284
PRICKLE3_CTTTAGCCAGCAGCGGAAGC,PRICKLE3,461,222,175
PRICKLE3_GCCTGAGTCGTCGTCGGAGA,PRICKLE3,961,1266,621
PRICKLE3_TCCTGTAGGGAGCAGTGCCC,PRICKLE3,824,315,43
PRICKLE4_ACGACTCTACTACCTGAGCA,PRICKLE4,1297,180,141
PRICKLE4_CCCACATCAATGTCCTGCGG,PRICKLE4,2685,248,326
PRICKLE4_GGCTGTACCTGGTCACAAGC,PRICKLE4,543,100,146
PRICKLE4_ACTCGGATGCAGGCTCGAGC,PRICKLE4,411,39,114
PRICKLE4_CCCTTGGAACGCTCCGGCCA,PRICKLE4,573,198,43
PRICKLE4_TTCAGGTTCCGAGTCAGAGG,PRICKLE4,1634,123,671
PRIM1_CTGACATTGATATCCAGCCG,PRIM1,2641,304,510
PRIM1_AATATGGACCCTGGCTGGAG,PRIM1,679,64,42
PRIMA1_CAAGCACAGTCAGAAACACC,PRIMA1,1891,397,275
PRKAA1_GGTCTTGGAGTTAGGTCAAC,PRKAA1,254,100,315
PRKAA1_GCAACTATCGATCTTGCCAA,PRKAA1,399,177,133
PRKAA1_CTTGGTTGCTGAAACACCAA,PRKAA1,292,115,142
PRKAA1_CTACATTCTGGGTGACACGC,PRKAA1,1376,952,710
PRKAA2_TCAACTCTTCACTTTGCCGA,PRKAA2,1215,355,560
PRKAA2_CTACATCTGTAAGCATGGAC,PRKAA2,1138,637,265
PRKAA2_CAGCATATGCATCAGGAGAG,PRKAA2,1784,252,276
PRKAA2_TCTGGATGAGGTTTCAGGCC,PRKAA2,1151,204,146
PRKAA2_GATAGCTCCTGTTATCAACC,PRKAA2,291,38,160
PRKAA2_AATCCATGGTGTGACTGCCC,PRKAA2,425,96,0
PRKAB1_ATGGTGGCCATAAGACGCCC,PRKAB1,650,69,15
PRKAB1_CCAGATCATGCTGCCAGGCC,PRKAB1,1700,533,247
PRKAB1_GAAACACCGTTGGCCGAGCC,PRKAB1,768,191,158
PRKAB1_GCCATCCTGGATCTGCCGGA,PRKAB1,642,67,63
PRKAB1_CCTCCAGGTCATCCTGAACA,PRKAB1,1482,328,596
PRKAB1_CGTACTTCTTCTTGTACCGG,PRKAB1,794,71,618
PRKAB2_CAAGAAGGGATCCCTTCAAA,PRKAB2,515,753,475
PRKAB2_ATTTCTTGACCATAAGGCCC,PRKAB2,134,0,29
PRKAB2_CCAAGCTGACTGGTAACCAC,PRKAB2,1700,645,857
PRKAB2_ATTGGTGCTCTCCCTCAGGG,PRKAB2,310,101,148
PRKAB2_CCGCTGGTCTGAAGGAGGCA,PRKAB2,257,455,580
PRKAB2_GCCAAGGCTGCACGCTCCGA,PRKAB2,791,41,146
PRKACA_GCTGGTCTGCGAAGAAGGGC,PRKACA,284,19,106
PRKACA_GGGCCGCGTAGAAACGGGCA,PRKACA,208,293,707
PRKACA_AGATGTTCTCACACCTACGG,PRKACA,1267,132,115
PRKACA_ACGAATCAAGACCCTCGGCA,PRKACA,1675,646,628
PRKACA_CCCGGCAGCCTTACCTGAGC,PRKACA,1998,502,462
PRKACA_AACGCCGCCGCCGCCAAGAA,PRKACA,1018,428,421
PRKACB_AACGCGGCGACCGCCAAGAA,PRKACB,1287,752,515
PRKACB_CCTGTATACTGGTTACAAGG,PRKACB,1141,445,565
PRKACB_AAGCATACTCCAGTCGAACA,PRKACB,1063,392,513
PRKACB_CCTTGAGATCTGAACTGAAG,PRKACB,710,486,534
PRKACG_CCCTTCATCCCGAAGTACAC,PRKACG,2742,644,910
PRKACG_GCTTCGGAAACCTCAGGAAC,PRKACG,1239,291,674
PRKACG_AGTGTAGGTACTGGACGGCC,PRKACG,92,80,42
PRKACG_GACCTGGGCGGCATAGAAAC,PRKACG,1400,678,628
PRKACG_GCTCGGTGTCCTTCTTGGCG,PRKACG,1164,295,193
PRKAG1_CCACTACAAGTCGGTGAACC,PRKAG1,2106,266,542
PRKAG1_CTCTGGAGACCATCATCAAC,PRKAG1,1026,547,376
PRKAG1_ATGGGTAACTGGAACTCACC,PRKAG1,12,0,40
PRKAG1_TGGGTTAAGGTTCCTTACCA,PRKAG1,734,45,49
PRKAG1_ATTTGATACGTCCCTGCAGG,PRKAG1,3,1,20
PRKAG1_GGCGCCTCTTGCAATGGAGA,PRKAG1,66,41,31
PRKAG2_TCCAGCATGCCGGCTTCCGC,PRKAG2,1670,323,400
PRKAG2_AACCTCTGCCCTGTGTCCGG,PRKAG2,249,208,142
PRKAG2_TGGGCAGAGTCCTACCGAAA,PRKAG2,1911,811,645
PRKAG2_TGGAGAAGAACCCTTTGGAG,PRKAG2,1706,153,261
PRKAG2_CGGAAAGCATTCCTCTCGAA,PRKAG2,1815,894,667
PRKAG2_GGTTAGAGTTATGGGAAGCG,PRKAG2,657,216,130
PRKAG3_CCTGACACCGGGTCAAGAAC,PRKAG3,1764,1138,1052
PRKAG3_CATAAGATTGAGACCTGGAG,PRKAG3,1139,350,236
PRKAG3_CTTCTTGCTGTCCCATAGAG,PRKAG3,480,482,803
PRKAG3_GAATGTGGCCTCCAGCCCGG,PRKAG3,383,0,46
PRKAG3_AAGAATCCGTGGGAAACGGA,PRKAG3,416,18,38
PRKAG3_GCTGGAGCACGCACTGCGCA,PRKAG3,1564,293,366
PRKAR1A_CAGTACCGCCGCCAGTGAGG,PRKAR1A,1093,58,69
PRKAR1A_CGCCTCCTACCTTTAACCAC,PRKAR1A,2240,176,376
PRKAR1A_CAGCGCTGAGGTCTACACGG,PRKAR1A,504,21,121
PRKAR1A_TTTCAGAGTCTCTGGACAAG,PRKAR1A,1087,200,228
PRKAR1A_TGCCCATCTTCAAACTGCAC,PRKAR1A,1277,77,1
PRKAR1A_GCAACAACTGTGGCAGCACG,PRKAR1A,2,28,14
PRKAR1B_CGACAGAGTCCCTGGAGAAG,PRKAR1B,3209,749,652
PRKAR1B_TGGGTGACCAACATCAGCGA,PRKAR1B,1509,482,405
PRKAR1B_AACCATGACTGCGCTGGCCA,PRKAR1B,1068,910,955
PRKAR1B_TGCCGAGGTGTACACCGAGG,PRKAR1B,639,262,286
PRKAR1B_GCTTCTCGAAGTGCTCCCGG,PRKAR1B,703,133,11
PRKAR1B_GGCTCTCGTCCTCCTCCGAG,PRKAR1B,450,48,91
PRKAR2A_CCTGCATGGACATCATGAAG,PRKAR2A,867,268,332
PRKAR2A_CTCTGGGTTTGTTGGTGACC,PRKAR2A,1073,281,105
PRKAR2A_ACCATTGTTGCTACCTCAGA,PRKAR2A,680,52,169
PRKAR2A_CTATAACCCTGATGAGGAAG,PRKAR2A,1823,296,337
PRKAR2A_CCGTGTCGCCGACGCCAAAG,PRKAR2A,1849,630,564
PRKAR2A_ACCGTGTCGCCGACGCCAAA,PRKAR2A,951,519,633
PRKAR2B_GATGAGCATCGAGATCCCGG,PRKAR2B,2,61,0
PRKAR2B_TGCAGTCCGACTCCGAGGAC,PRKAR2B,1329,676,640
PRKAR2B_TCGTGGGAGTTTCGGCGAAC,PRKAR2B,2494,762,521
PRKAR2B_AACTGTTCTGCCTGTAGGAC,PRKAR2B,1467,678,248
PRKAR2B_GGCACCAAAGTATACAACGA,PRKAR2B,342,200,158
PRKAR2B_ATTTGACAGTCCCAATGGCG,PRKAR2B,947,160,245
PRKCA_CAACCGCTTCGCCCGCAAAG,PRKCA,1480,716,493
PRKCA_CGGATTTAGTGTGGAGCGGA,PRKCA,907,63,44
PRKCA_GCTCCGAAACTCCAAAGGAA,PRKCA,586,119,204
PRKCA_TACAACGTACCCATTCCGGA,PRKCA,399,64,88
PRKCA_CTGATGACTTTGTTGCCAGC,PRKCA,1068,238,252
PRKCA_CTCAGGTGATGCTTGCCGAC,PRKCA,1014,242,327
PRKCB_GCCTTTGCGGGCGAAGCGCA,PRKCB,217,171,301
PRKCB_CTGGACCCTTGTCAGCGCCA,PRKCB,389,38,110
PRKCB_CTGTATGGACTCATCCACCA,PRKCB,2022,743,1085
PRKCB_CGTCCCTGTCGATGTGGGCC,PRKCB,510,231,379
PRKCB_TTCGTTCTGAAAGCATGACC,PRKCB,758,203,321
PRKCB_ATCACATCCAGCAAGTCGGC,PRKCB,197,56,72
PRKCD_CTTCATCTTCACGGCACAGA,PRKCD,1532,386,734
PRKCD_GAGCGCTGCAAGAAGAACAA,PRKCD,578,151,212
PRKCD_TTTGCACACAGAACAGAAGG,PRKCD,1028,229,129
PRKCD_AAGATCATCGGCAGATGCAC,PRKCD,641,87,55
PRKCD_GCTGCCGCAGTGGTCACAGA,PRKCD,689,182,182
PRKCD_GCACCATAAATGCCGGGAGA,PRKCD,241,75,35
PRKCDBP_GAGGAAGATCCCGGGAGACC,PRKCDBP,2,1,60
PRKCDBP_CAGGGCCTTTCCGGCCCGAA,PRKCDBP,120,35,26
PRKCDBP_TCCGAAGGGCCCTTTCGGGC,PRKCDBP,300,42,121
PRKCDBP_TGACCTTGAAGAGCAGAACG,PRKCDBP,533,257,283
PRKCDBP_GAGACTCTGCGGGAGCGGCA,PRKCDBP,274,70,141
PRKCDBP_ACCACCGTCACGGCGTGCAC,PRKCDBP,278,263,262
PRKCE_CGACTCGCGCATCGGCCAAA,PRKCE,1642,728,830
PRKCE_ATGCGGCCGAGGAAGCGGCA,PRKCE,103,87,0
PRKCE_AATGCCTCTTACCTTGACAC,PRKCE,640,1,22
PRKCE_GCACCGCTTGTGGACCACGC,PRKCE,714,60,75
PRKCE_GCATGTTGACGCTGAACCGC,PRKCE,750,75,208
PRKCE_CGCCAAAGTACTGGCCGACC,PRKCE,3135,1389,931
PRKCG_GGCGTAGGCGATTCAGAGGG,PRKCG,568,84,79
PRKCG_ACCTTCGAGTGTCCAGGCGC,PRKCG,258,213,275
PRKCG_GGAACTTGTGTTTGTTCCGG,PRKCG,302,92,25
PRKCG_GCTGCGAGATGAACGTGCAC,PRKCG,671,153,154
PRKCG_GACGAAACAGAAGACCCGAA,PRKCG,203,138,61
PRKCG_GAGCAGCTCCGAGACGCCAA,PRKCG,160,178,70
PRKCH_GCGCCACTCGCTCTTCAAGA,PRKCH,1115,402,381
PRKCH_TAGGTGGATCTCGAGCCAGA,PRKCH,83,247,13
PRKCH_AGCGCCAAAGGGCTATGCGA,PRKCH,438,49,221
PRKCH_GCAGCGTTTATGGACGACAC,PRKCH,1142,181,160
PRKCH_TGCCAAGACCCTGGCAGGGA,PRKCH,404,437,275
PRKCH_CAGATCGACCCTAAGACGAC,PRKCH,1341,287,188
PRKCI_TGTCCCAGGACACTCACCCG,PRKCI,2211,51,84
PRKCI_CTCAACAGGCAATGAACACC,PRKCI,341,845,439
PRKCI_ACTCGTCATCTGGAGTGAGC,PRKCI,65,56,67
PRKCQ_TTTCCCGGTGTCGGTAAACA,PRKCQ,867,268,362
PRKCQ_GAAGCTAATGGCTGAAGCGC,PRKCQ,583,96,218
PRKCQ_CCTCTTACTTACGTCGGCAC,PRKCQ,72,126,325
PRKCQ_CTCTCTTCCTGTAGACACAA,PRKCQ,1079,396,921
PRKCQ_CAGCGAGTAGAGCTCCACGG,PRKCQ,1431,302,308
PRKCQ_CAGCCTCGCCCTGACAAGAC,PRKCQ,1841,778,1158
PRKCSH_CACTGGTGAGGGAGACGCCC,PRKCSH,671,51,96
PRKCSH_AAAGATGGCTCTGACGAGCC,PRKCSH,47,60,7
PRKCSH_CCCTCCAACCGGGTCAACGA,PRKCSH,2800,538,449
PRKCSH_TCTCCGCACCGCAGAGAGAA,PRKCSH,519,254,120
PRKCSH_GATGCTGCGGACAGTGAAGG,PRKCSH,1221,72,230
PRKCSH_AGCTGGATGATGACATGGAC,PRKCSH,921,404,355
PRKCZ_GCCTCAAGGCGCATTACGGG,PRKCZ,1335,75,196
PRKCZ_AGCACCCGCTCACCCTCAAG,PRKCZ,600,95,153
PRKCZ_GGTGTCCTCCCAGATGGAGC,PRKCZ,499,59,0
PRKCZ_GGTAGCCGGCAACTTGAAAG,PRKCZ,277,61,116
PRKCZ_TCCAGAATCTATCTACCGCC,PRKCZ,473,36,49
PRKCZ_ACCTGTAGCCTTGCCTCGCG,PRKCZ,159,104,72
PRKD1_GCAGAGTGCCAGAACGACAG,PRKD1,1059,478,448
PRKD1_CATTAATGGTCACTTCGCCA,PRKD1,1271,155,322
PRKD1_TTGTCATCCACTCCTACACC,PRKD1,805,389,257
PRKD1_ACAATTGCAGCGGTGTGAGG,PRKD1,872,279,448
PRKD1_GGAAGGCGATCTTATTGAAG,PRKD1,1041,118,177
PRKD1_GATCGGCCTGAGCCGTGAGC,PRKD1,51,19,68
PRKD2_GCAGTCATTAGGGACGCGGG,PRKD2,151,123,129
PRKD2_CCTCAAGGGCCTCTTCCGGC,PRKD2,205,249,35
PRKD2_GCTCTTCAGCCGTGCAGGGC,PRKD2,212,24,0
PRKD2_CACCATCGCACTTGAGGCCC,PRKD2,1334,299,212
PRKD2_ACGAGCGCACCAGCTGCAGG,PRKD2,481,47,54
PRKD2_CCTCACCTTCTGGTCCACGA,PRKD2,716,406,622
PRKD3_CTCCATAAACGATGCCAAAC,PRKD3,1627,701,778
PRKD3_TACATCAAGTCCAACTCCAG,PRKD3,737,124,228
PRKD3_TTACACCAGCAGGGATAACC,PRKD3,491,367,407
PRKD3_ATTGGGCGACCACTCCAAGA,PRKD3,1154,111,219
PRKD3_TACGTACCTCTTCACTGGGA,PRKD3,495,30,39
PRKD3_TACTGCAAATTGGCCTCACA,PRKD3,610,115,233
PRKDC_CTAATTCTGTGACTCGAGGC,PRKDC,660,62,76
PRKDC_ATTCAGGCCTACTTCTGCCA,PRKDC,346,0,45
PRKDC_GCTGGATGCAAGTTAGCCGC,PRKDC,13,53,121
PRKDC_GCAAGACGCTTGCAACAGAC,PRKDC,1310,277,201
PRKDC_CACGTAGTTGTCCAGAAGGC,PRKDC,1627,41,44
PRKDC_GATCAGTTGATGACCGGCCA,PRKDC,861,16,28
PRKG1_CCGATGTGGGTCGAGGGCAC,PRKG1,1277,214,298
PRKG1_GGTAGAAGGGCAGGGTCACA,PRKG1,108,1,119
PRKG1_CATCATCAAAGAAGGAGACG,PRKG1,1849,283,273
PRKG1_AGGTGTGAAGTTGTGTACCA,PRKG1,1622,798,570
PRKG1_TTATCAGGCAAGGTGCAAGA,PRKG1,1366,614,619
PRKG1_AGGTTTCGGACGAGTAGAAC,PRKG1,805,256,223
PRKG2_CTCACTCTCGATCTATAACC,PRKG2,1022,377,158
PRKG2_TTACATCATTAGAGAGGGCG,PRKG2,985,161,377
PRKG2_GATCATTGACTGCTTGGAAG,PRKG2,802,274,304
PRKG2_AACATGGGCACTAGATCGAG,PRKG2,960,114,308
PRKG2_TCGACTAGAGGTGTTCCAAG,PRKG2,1079,482,276
PRKG2_TGGTCTCTCTCCATAGCAGG,PRKG2,691,153,182
PRKRA_TATACCCTTTCCCAGGAGGG,PRKRA,26,256,66
PRKRA_GAATATACCCTTTCCCAGGA,PRKRA,555,200,92
PRKRA_TGAATATACCCTTTCCCAGG,PRKRA,48,277,431
PRKRA_CCACTGTCCTCGCGCTCCAG,PRKRA,935,136,53
PRKRIP1_GGAGCGGCTCATGAAGAACC,PRKRIP1,1125,78,128
PRKRIP1_ACAGGACTACATGGATGCCA,PRKRIP1,532,45,84
PRKRIP1_CATGGATGCCATGGCTGAGA,PRKRIP1,1310,266,104
PRKRIP1_AGGAGCAGACCGCAAAGCGC,PRKRIP1,260,0,38
PRKRIP1_CCGCAAAGCGCCGGAAGAAG,PRKRIP1,446,182,187
PRKRIP1_ACCCGGTCAGCCCAAGGAGC,PRKRIP1,618,95,205
PRKRIR_CTTACCTGGCAGGGTCCCGC,PRKRIR,529,0,0
PRKX_GGAGAGCGACTCCCGCAAGG,PRKX,792,485,577
PRL_GATGGAAGTCCCGACCAGAC,PRL,471,8,45
PRL_ACGTGGTATGCAAGAAGCCC,PRL,124,139,109
PRL_AACGGTATACCCATGGCCGG,PRL,984,25,157
PRL_GGTTATGGATGTAGTGGGAC,PRL,560,357,180
PRL_GCCGGGACAGATGGGCAAGG,PRL,1231,405,262
PRL_ATCAAAGGATCGCCATGGAA,PRL,812,298,354
PRLH_GGATCTCCATGGAGTGCCGA,PRLH,230,2,0
PRLH_CACAGGCCTGATCCCGCGAC,PRLH,2491,139,283
PRLH_ACATAGCACCGCCTTCCAGG,PRLH,2170,83,109
PRLH_GACATAGCACCGCCTTCCAG,PRLH,298,1,25
PRLHR_CCAGAATATGACCGTCAGCG,PRLHR,1889,610,585
PRLHR_TGACGGTCATATTCTGGCCA,PRLHR,814,92,314
PRLHR_GCAGCCAGGCGTAGATGAAG,PRLHR,2004,405,468
PRLHR_CCGAACTCATGGCGAGCCAG,PRLHR,322,338,241
PRLHR_CCAGCAAGCAGAAGGTGCGC,PRLHR,786,329,382
PRLHR_GCTGGTGCTGGTGATCGCGC,PRLHR,121,43,42
PRLR_AAGACTTGCGGTGTTCACAA,PRLR,355,92,309
PRLR_GAGAGGCACCCAACATCAAG,PRLR,973,318,384
PRLR_TGTTGCAGTGAAGTTGGCCA,PRLR,1079,286,885
PRLR_ATCCTGAAACAACCCACACC,PRLR,787,41,281
PRLR_GGTCTGGTTTGCAGCGAACC,PRLR,582,146,190
PRLR_GGTCAATGCCACTAACCAGA,PRLR,10,92,10
PRM1_AAAGAAGTCGCAGACGAAGG,PRM1,131,176,20
PRM1_GACAAAGAAGTCGCAGACGA,PRM1,391,67,118
PRM1_GATGCTGTCGCAGCCAGAGC,PRM1,403,52,782
PRM2_GGCTGCACCGGATCCACAGG,PRM2,723,420,314
PRM2_GCAGACACTGCTCTCGAAGG,PRM2,593,317,291
PRM2_GCCTATAGTGAGACTGGCCA,PRM2,611,298,625
PRM2_AGCACGTCGAGGTCTACGAG,PRM2,1173,237,161
PRM2_CCTGAGCGAACGCTCGCACG,PRM2,668,264,152
PRMT1_GCTCATCCCATTAGCCAAGG,PRMT1,799,487,173
PRMT1_CGCACACTTTGGCATCCACG,PRMT1,2259,4,0
PRMT1_CCGGCACCTCTTCAAGGACA,PRMT1,1067,1,0
PRMT1_CTTGTCCCGGGCATAGAGCA,PRMT1,1912,61,8
PRMT1_CCATACACGTTCTCCCACCC,PRMT1,1691,1,62
PRMT1_CGCCTCACTGGTGGAGAAGC,PRMT1,681,141,13
PRMT10_CAACTGCAGCTTGTTTCCAG,PRMT10,1258,129,308
PRMT10_ACTGGTCTGAAGGTTAGCGA,PRMT10,878,49,181
PRMT10_GAAGACTACTGGATAAAGCC,PRMT10,556,169,45
PRMT10_CTTACTTGGTTGCTATGAGC,PRMT10,1435,67,74
PRMT10_CCTGGGCCGCGAGTTCGACA,PRMT10,677,387,471
PRMT10_CCATGTCGAACTCGCGGCCC,PRMT10,164,58,354
PRMT2_GGTGGCAGCGTAGTCCGCGA,PRMT2,283,14,25
PRMT2_ACACTATGCGCGGCCTAGAG,PRMT2,1384,322,689
PRMT2_CATCACCGTGTACCAGCAGA,PRMT2,301,114,339
PRMT2_TCAGCGTCAGAGTAGGAAGA,PRMT2,1495,363,246
PRMT2_GGCATCCCGGGCATACAGGA,PRMT2,260,139,103
PRMT2_GCTTCGACATCAGGAAGGCG,PRMT2,449,72,56
PRMT3_TTAGCGTCAGGCGCTACCGG,PRMT3,287,43,41
PRMT3_CTGCCAGAACTGTCGGACAG,PRMT3,1952,431,516
PRMT3_GGACGAACCTGTTACAGAAC,PRMT3,1822,111,111
PRMT3_GACACTAGTAGATGACGAGC,PRMT3,705,90,41
PRMT3_TGTCATTGCGGACCTCCAGG,PRMT3,764,52,105
PRMT3_AGGGTCACGGTGAGAGAACG,PRMT3,1565,366,349
PRMT5_GCCTATGAACTCTTTGCCAA,PRMT5,1133,197,139
PRMT5_TGCACCAACTACACACACAG,PRMT5,3943,120,50
PRMT5_TCAGCTCCTGTAACATGGCC,PRMT5,1171,142,212
PRMT5_GATTCGCAGGAACTCCGAGG,PRMT5,64,0,0
PRMT5_TTGAAACGCGGATGGAAGAC,PRMT5,1732,7,52
PRMT5_ACTAGTCATCCCGGAGAAGC,PRMT5,743,199,64
PRMT6_CCCGGAGGACTAAGCGGGAA,PRMT6,764,411,352
PRMT6_GACGGTACTGGACGTGGGCG,PRMT6,1050,158,349
PRMT6_CATCTGGCAACAGGCCCGGG,PRMT6,571,175,19
PRMT6_GACTGTAGAGTTGCCGGAAC,PRMT6,942,280,476
PRMT6_TGGATGCCATCGTGAGCGAG,PRMT6,1327,520,241
PRMT6_CTGAGCAAAGCGCTGCGGCC,PRMT6,861,128,70
PRMT7_CAGTCGGGCCAATCCGACCA,PRMT7,1444,60,193
PRMT7_TTGGTTCTCGACATTGGCAC,PRMT7,1145,144,42
PRMT7_CATCGTCCCTCCCGTTGACG,PRMT7,384,232,245
PRMT7_CAGCAGCCTGCCATAGCAGG,PRMT7,262,40,42
PRMT7_GGTACAGCCTGCAGAGGACC,PRMT7,100,0,47
PRMT7_CACTTACGGTCCTCAGAGCC,PRMT7,459,336,338
PRMT8_ACGGGCTTAGCAGGGACGAC,PRMT8,244,218,204
PRMT8_CCCTGCCTTGGCAGCGAACA,PRMT8,1028,849,857
PRMT8_AAAGATCACCGTGTTGAGCA,PRMT8,1094,437,382
PRMT8_AGGGCTTATGTTTCCAGACC,PRMT8,370,294,341
PRMT8_CAACGACTACGTCCACGCCC,PRMT8,293,73,163
PRMT8_AGAAGACGGTCTGCTTCCAG,PRMT8,76,88,236
PRND_GCTTGATGAAGGCTCCCGGG,PRND,1112,60,275
PRND_GACATTGACTTCGGAGCCGA,PRND,279,102,113
PRND_ACTTCGGAGCCGAGGGCAAC,PRND,889,216,362
PRNP_TGGTTCTCTTTGTGGCCACA,PRNP,280,78,207
PRNP_AGCGCCCGAAGCCTGGAGGA,PRNP,926,158,576
PRNP_CGGTCACCACAACCACCAAG,PRNP,939,346,525
PRNP_CGTTAAGATGATGGAGCGCG,PRNP,1254,207,444
PRNP_TGTGTATCACCCAGTACGAG,PRNP,1694,318,323
PRNP_TCTCAGGCCTATTACCAGAG,PRNP,729,316,296
PROB1_AGGTAGTAGGTCCCGTCCAG,PROB1,771,93,163
PROB1_TCCTGAACCGTCCTTCGACA,PROB1,913,371,303
PROB1_AAACGGAAGTGTAGTGAGCC,PROB1,838,446,417
PROB1_GATGCAGAGTCCATCCACGC,PROB1,347,416,161
PROB1_TCCACTGGGAAAGGATCGGA,PROB1,182,19,44
PROB1_GACGTTGGGCCGGACGCGAA,PROB1,1907,143,118
PROC_CCCAGGTGGCCACGAACAGC,PROC,2025,544,726
PROC_GGAGATCTGTGACTTCGAGG,PROC,512,236,6
PROC_ACCGACGTGCTTGGACCAGA,PROC,416,338,367
PROC_CACGCATTACTGCCTAGAGG,PROC,1442,392,329
PROC_TTGATGGGAAGATGACCAGG,PROC,289,17,0
PROC_GCTGGACTCAAAGAAGAAGC,PROC,52,30,124
PROCA1_ATCATTAAGCGCAAGACAGC,PROCA1,24,1,3
PROCA1_TCCGGTGTGAGCTCAAAGCA,PROCA1,1579,384,594
PROCA1_GAGGTCTGTTGGCCTGAGGC,PROCA1,43,127,154
PROCA1_CGGACACAGTCAGAGGCGAA,PROCA1,2119,719,561
PROCA1_ATCTGCTCTCATCCCACGAG,PROCA1,1075,283,118
PROCA1_CGACGCTCACAATTGAAAGA,PROCA1,250,151,239
PROCR_TGAGGCGTCTTGGCTACAAA,PROCR,2772,582,349
PROCR_TGTAGCCAAGACGCCTCAGA,PROCR,95,1,97
PROCR_AGGTCCGCTCCTGGTGCACC,PROCR,619,80,28
PROCR_GCGCGCCTACTCACAGGCCA,PROCR,1462,283,342
PROCR_GGTGAAGGTGACCACTCCGG,PROCR,213,0,0
PROCR_ATCGCCGTCCACCTGTGCAC,PROCR,860,208,187
PRODH_TGTGCTGGCGGGTGCTAGGC,PRODH,242,77,45
PRODH_TCTCAGAGGTGCTGGCCAAG,PRODH,1656,295,623
PRODH_AGCCATTAAGCTCACAGCAC,PRODH,1318,331,327
PRODH_TATTCCAGGCACGAATAAGC,PRODH,425,146,110
PRODH_ACCTCAGCTGCGGAGAGGGA,PRODH,123,41,8
PRODH_CTCCACTCCATAGTCCAGGA,PRODH,518,416,219
PRODH2_GGAACTGATGCTGACGCACG,PRODH2,303,130,335
PRODH2_GGATGCAGAGGCTGCGCACA,PRODH2,820,135,356
PRODH2_AGGTGTACTCCGCATCCACC,PRODH2,311,126,151
PRODH2_TGAAGCTATGGACTCTGGGC,PRODH2,359,276,197
PRODH2_GGAGAAATGCGCCTGAGAGC,PRODH2,308,191,143
PRODH2_GCTCTCCTGTGCCCTTAAGG,PRODH2,741,83,66
PROK1_GAGCATGATTGAGACTCGCG,PROK1,425,174,194
PROK1_CCTCCTACAGGCCTGTGAGC,PROK1,790,88,252
PROK1_GAAGGCGAGGAGTGCCACCC,PROK1,576,1,7
PROK1_AGAGTACCTTGTGGCTGCCG,PROK1,400,121,60
PROK1_GCTTGCGTTTCCTGAAGAAG,PROK1,1183,327,283
PROKR1_GATTGTCATTGGGATGGCCC,PROKR1,325,5,18
PROKR1_GCAGTTTCTTGTAGCGGACC,PROKR1,635,280,380
PROKR1_CACTCACCTGTCAATGGCGA,PROKR1,1664,430,847
PROKR1_ATGAAGTGCCAAACAGCCAC,PROKR1,174,35,164
PROKR1_CGGTGGTGAAGTAGGCGGAA,PROKR1,2733,606,898
PROKR1_CATTGTAAGAAGCCTTCCAG,PROKR1,90,163,74
PROKR2_TGCACTGGCGTCCCTCCCAG,PROKR2,968,280,249
PROKR2_ACTCGACACCAAAGATGAAG,PROKR2,660,276,167
PROKR2_CGATGGGATGGCAATGAGAA,PROKR2,1829,873,577
PROKR2_CGTAGAGGGAGACGGTGCGC,PROKR2,1035,98,166
PROKR2_GATCGTCATTGGCATTGCAC,PROKR2,468,88,80
PROKR2_CCTCATCCTCATCCATAGGG,PROKR2,157,109,289
PROL1_GAAGATGGTGGAACTCGCCC,PROL1,435,0,32
PROL1_GGTGATTGTTGTATCTGCGG,PROL1,3,92,43
PROL1_GGAAGTCGTAACTTGGACAG,PROL1,1002,473,472
PROM1_CTGTGAACCTTACACGAGCA,PROM1,1340,779,423
PROM1_GGCTGTGTCTCCAACACCGG,PROM1,407,203,119
PROM1_TTTGGATGGCCTGGTCCAAC,PROM1,559,166,236
PROM1_GATGGATGCACCAAGCACAG,PROM1,874,424,196
PROM1_ATCAATTCAGTGCTAGGAGG,PROM1,177,344,134
PROM1_CAAATCACCAGGTAAGAACC,PROM1,2014,217,501
PROM2_GATTGAGCTGCACCACCGAG,PROM2,883,325,412
PROM2_CACCTCATTCACCTTCACGG,PROM2,1569,201,563
PROM2_TCGTACCGCACCACCTGGGC,PROM2,876,306,154
PROM2_CCATCTGTTCATGCGTGCGC,PROM2,344,297,578
PROM2_TGCCTAGGAGCTGCAGGCCG,PROM2,1495,303,299
PROM2_GCCGTGGGCAGTTTGGGCCA,PROM2,1005,75,263
PROP1_AGACTGGTGTGACAAAGCAA,PROP1,1433,279,388
PROP1_AGAACCGCAGAGCTAAGCAA,PROP1,1390,419,267
PROP1_GAGGATCCTGGAGCATCACC,PROP1,0,35,55
PROP1_GGCCCGAGAGAGTCTTGCCC,PROP1,599,67,85
PROP1_CCGGGTGTCTCTCAGGCAAC,PROP1,2965,745,598
PROP1_GGCGAGCCATGGAAGCAGAA,PROP1,400,189,375
PROS1_CGTATACATCCATCTAGACG,PROS1,1314,266,348
PROSC_AGTCGGGTGCGCATTGCGGG,PROSC,1339,155,214
PROSC_TTGCTGACCGCCACTAGCCG,PROSC,1873,326,522
PROSC_TTACTTACTCTCTTCTCCGC,PROSC,977,121,102
PROSC_AAACGCCAAGTGTCCTAACC,PROSC,1515,428,501
PROSC_CTCAGCTCAACCTGGTCAGC,PROSC,841,392,705
PROSC_TTACTCAAAGAAACCCACCC,PROSC,615,277,247
PROSER1_CCTAGTTATCCTTCAGCGCC,PROSER1,586,68,321
PROSER1_AAACCCAGGGATACCCGGGA,PROSER1,444,66,82
PROSER1_AGAGGACTGTTCACACCAAG,PROSER1,429,424,490
PROSER1_GGATTAGGAGTATATGGAGG,PROSER1,498,57,29
PROSER1_ATAGTTGCATGTGGTCGGCA,PROSER1,1515,367,503
PROSER1_CCAGGAAATCCATATCCCAA,PROSER1,256,394,334
PROSER2_CAGATGCGTCTGATTTCCGG,PROSER2,938,235,348
PROSER2_CTTCAGCAGAGGCGGCAGCC,PROSER2,177,180,214
PROSER2_ATCTTCAGGCTCGGAGGGAC,PROSER2,1051,162,120
PROSER2_AAGCCGAGGGCCTTCCAGAG,PROSER2,1376,545,849
PROSER2_AGAAGGGTCTCGGGAGCCGG,PROSER2,540,179,79
PROSER2_GCAAGAAGGGTCTCGGGAGC,PROSER2,1734,170,190
PROX1_TCTTAAGCCGGCAAACCAAG,PROX1,285,142,223
PROX1_TCGCCTCTCTCTGCCACCAC,PROX1,589,165,352
PROX1_ATTGCATCCTACATGCAGGA,PROX1,300,172,230
PROX1_GGTCTTCAGCATATTGGAGC,PROX1,78,260,105
PROX1_GCACGTCAAGCCATCAACGA,PROX1,2044,755,419
PROX1_TGTTGATCCTTCCTGGAAGA,PROX1,1241,399,397
PROX2_TTCTTCAGGGCTGTCTCCGC,PROX2,440,76,174
PROX2_GCCCGGCAAGCAATTTCAGA,PROX2,559,130,72
PROX2_AAACCCTGGTCACTTGAAGA,PROX2,980,126,143
PROX2_ATCCAGGAGGGTCTAAACCC,PROX2,594,117,89
PROX2_CATCTTCACCGAGGGAAGAA,PROX2,859,173,123
PROX2_TAGCTGGACCCTCCTGGGCA,PROX2,1840,349,333
PROZ_GCTCCACACGATGGAGGGCG,PROZ,24,99,76
PROZ_ATGTCGTTCCTTCAGTGAAG,PROZ,543,292,179
PROZ_CGTCGTTTGCTTTGGAGGCC,PROZ,1084,464,256
PROZ_CAAGAGCCGTTGTGGAGGCA,PROZ,1503,276,70
PROZ_CGGATCTACAGGACCTCCCG,PROZ,1301,493,590
PROZ_TGGGCTCGCAGCCAGTAGGA,PROZ,470,593,376
PRPF18_AATCAGAGATCCTTCGGAAG,PRPF18,1316,66,102
PRPF18_GATCCTTCGGAAGCGGCAGC,PRPF18,0,3,5
PRPF18_TATGACGCTTTCTAGGCAAG,PRPF18,374,70,175
PRPF18_CCTCACACCAGAAGTTAACA,PRPF18,1598,222,213
PRPF18_ATCGTCGGCGGTCAGGAGCC,PRPF18,328,262,249
PRPF18_ATAGTGACACCGATGGGCCA,PRPF18,603,0,0
PRPF19_AGACCCAGACACTCACCACG,PRPF19,2782,0,0
PRPF19_GCGCTCCGTGGTTAGCACAG,PRPF19,2318,304,46
PRPF19_TCAGGGTGCGGGTGAGCCAA,PRPF19,783,110,45
PRPF19_ACGGGCAATGACACGGCAGG,PRPF19,236,0,0
PRPF19_GAGAAGTACATTGCGGAGAA,PRPF19,698,6,15
PRPF19_ACTGGAGCAGATTAGGGACA,PRPF19,13,0,0
PRPF3_CAACACGACAAATCGAGGAG,PRPF3,2166,63,76
PRPF3_CATGAAATAGACACTCACGG,PRPF3,842,10,0
PRPF3_CATTACCTGGAGGATTGAGC,PRPF3,37,0,23
PRPF3_TCACGACAGAGCGCATGAAG,PRPF3,1686,92,162
PRPF31_TCTCGAAGAGGCAGCAGAAG,PRPF31,1337,367,423
PRPF31_AAGCAAGCCAAAGCTTCAGA,PRPF31,73,5,14
PRPF31_GATGACGCGGTATTCAGGCG,PRPF31,833,132,0
PRPF31_TGCACTGGATTACATCCGCA,PRPF31,1151,0,0
PRPF31_TCACCGCCTCCACCACCCAG,PRPF31,643,0,12
PRPF31_ACCCATGATCTTGGCGGCCG,PRPF31,501,1,55
PRPF38A_CCGATGCCTTTCTCGGCGAG,PRPF38A,1030,190,262
PRPF38A_TCCGATGCCTTTCTCGGCGA,PRPF38A,1074,156,119
PRPF38B_TCCTTCCTTCCGCCGCAACA,PRPF38B,1527,282,377
PRPF38B_CTTTGAAGTAAGGCGACGAC,PRPF38B,893,0,0
PRPF38B_AGGTCACGCACGTTGAACCA,PRPF38B,1174,14,38
PRPF38B_AAGGTTCGAGGTGTTGGAAC,PRPF38B,509,6,127
PRPF38B_AGTCATCATCGGGAGGGCCA,PRPF38B,119,1,54
PRPF38B_TCGAAGTCGTGATAGGAAAG,PRPF38B,1746,167,137
PRPF39_TCACTTGATGGCTGCCAGGA,PRPF39,552,104,372
PRPF39_TCTTCTTAGGTTTATCGGCG,PRPF39,773,87,287
PRPF39_TGTTTGTCTCAGGATCACCA,PRPF39,357,149,123
PRPF39_CCCGATGGTAGATCATCACC,PRPF39,924,216,295
PRPF39_AGACATAACCGATCCTGCAA,PRPF39,724,95,174
PRPF39_TGCCCAAAGCATATGCACCA,PRPF39,2947,467,569
PRPF4_TACCGTGGAAGAGGCTCGCG,PRPF4,391,0,0
PRPF4_ATGTGTGGTTTCTTCACGAC,PRPF4,348,34,74
PRPF4_AGAGCATATCAGCGAGCGAC,PRPF4,944,57,9
PRPF4_CCTTTCAGTATCAGCAAACC,PRPF4,2244,20,41
PRPF4_GGCAATGAAACGCTTGGAAG,PRPF4,597,113,44
PRPF4_TACCTCGAAGAGTGTGAAGG,PRPF4,552,0,8
PRPF40A_ATCCGATGCTGAGCGAGAGA,PRPF40A,582,0,1
PRPF40A_TTCCCTTACCGATCGAGAGC,PRPF40A,1178,77,32
PRPF40A_ACTAATATGCTTGGTCAGCC,PRPF40A,237,9,86
PRPF40A_CTGCTGGGCTTCAGACCAAG,PRPF40A,1344,0,0
PRPF40A_TGCTGCTTCGGCAGCAGCCA,PRPF40A,219,81,191
PRPF40A_TGAGCCCGACGATGAGGCCG,PRPF40A,1584,154,149
PRPF40B_GCTGCTCGGAGGCTCTGGCA,PRPF40B,533,79,5
PRPF40B_CCTCCTCTTTCTTCGGCAGA,PRPF40B,633,244,449
PRPF40B_TGCCTTGGACTTGAGCACGC,PRPF40B,518,179,410
PRPF40B_AAAGAGTACAAGTCGGACAC,PRPF40B,1118,104,319
PRPF40B_GGCCTCCTGGAACCTGAGCC,PRPF40B,119,192,148
PRPF40B_TGGCCTCAGTTGGAGCAACC,PRPF40B,2768,443,411
PRPF4B_TAGCGACTGGGTCTCCGCGG,PRPF4B,0,43,40
PRPF4B_CTGGCTGCTCCCGTAGCGAC,PRPF4B,1701,90,97
PRPF4B_CCAGGAGACAGTGTCCGCGA,PRPF4B,1366,5,15
PRPF4B_CCCAGGAGACAGTGTCCGCG,PRPF4B,1765,156,302
PRPF4B_CGAAGGCGGTCTCGATCACG,PRPF4B,161,1,17
PRPF4B_AGTGCTCGTCTTCGGGCCGC,PRPF4B,189,28,0
PRPF6_GGCGCGGGCATCCCTAGGAA,PRPF6,1477,0,0
PRPF6_TGACCGCGTGGTGAAGCCAG,PRPF6,678,0,0
PRPF6_CGTAGGGTCCACTTGAGAAG,PRPF6,2433,71,9
PRPF6_GGACTGATGACACCTGGCAC,PRPF6,147,93,38
PRPF6_TCCATGATCCCGACACACGG,PRPF6,1348,68,46
PRPF6_CTCGGAACCTTATCATGAAG,PRPF6,804,7,0
PRPF8_AGGTCTCTTACCAGGTGAGG,PRPF8,169,17,0
PRPF8_CTGTCAGGAGCTGATTAGCC,PRPF8,2093,867,1308
PRPF8_CATAGAACCAGTCCAACACA,PRPF8,1652,118,61
PRPF8_TAGACAGGTTCAATGACCCA,PRPF8,299,0,0
PRPF8_ACCATGGAGACATGACCAAC,PRPF8,985,127,284
PRPF8_CGACATGTAGTCCGGTAGCG,PRPF8,1998,13,77
PRPH_CTGCTTCTCGTTGCTGCGCG,PRPH,1342,490,318
PRPH_CAACCTCGTGCTCTTCCGCA,PRPH,444,148,106
PRPH_TCTTGCGCTCTAGTTCCAGG,PRPH,605,136,141
PRPH_CGATGCTCTCGTACTGCGCG,PRPH,124,28,223
PRPH_CCAGAGTCTAACGTGCGAGG,PRPH,1781,290,316
PRPH_GCTCAGGCAGTTGAGAGAGC,PRPH,178,165,208
PRPH2_GGCAACCAGGTGGAAGCCGA,PRPH2,120,1,0
PRPH2_GAGGAGCGTGACGACACCCA,PRPH2,177,39,42
PRPH2_CTACAGTTACGACCACCAGA,PRPH2,1702,259,85
PRPH2_TTCAAATGCTGCGGCAACAA,PRPH2,1564,986,906
PRPH2_GGGCTCGCTGGAGAACACCC,PRPH2,163,51,24
PRPH2_AGCGGGTCAAGTTGGCCCAA,PRPH2,606,97,297
PRPS1_TGGTGAAAGTGTACGTGGAG,PRPS1,2776,748,719
PRPS1_GATGCGAGAAATAGCAGGAC,PRPS1,331,158,326
PRPS2_GAACAGCACGATGTTGGGCA,PRPS2,806,169,76
PRPS2_AGATTGGTGAAAGCGTGAGA,PRPS2,332,86,206
PRPS2_ATTGTTTCACCTGACGCAGG,PRPS2,69,135,89
PRPS2_CTTGTCCGCAGCATGGCAGA,PRPS2,228,189,343
PRPS2_CTGGTCCAGAGAAGATCCCA,PRPS2,214,75,30
PRPS2_TCTGGATTTATAGCGGGACA,PRPS2,829,264,194
PRPSAP1_GGACTCCTCAATCAGGCGAG,PRPSAP1,1357,449,313
PRPSAP1_GGGTTTGGCCGTCATTCACG,PRPSAP1,708,257,195
PRPSAP1_AGTCTCCTGATGCTGCAAAG,PRPSAP1,1661,617,1030
PRPSAP1_GAGGCTCTAAGGTTGTCCAC,PRPSAP1,48,47,73
PRPSAP1_CCCAATAATGTTCCTGGCAC,PRPSAP1,1201,360,343
PRPSAP1_GACTCGGTAGCCGGTGCGAG,PRPSAP1,901,342,212
PRPSAP2_CCGCCTAGAGAAGAGAAAGG,PRPSAP2,1217,56,50
PRPSAP2_GCCGCCTAGAGAAGAGAAAG,PRPSAP2,1143,241,225
PRPSAP2_TCCCACCTACCTCTTCGCCG,PRPSAP2,2783,304,404
PRPSAP2_TCACTGCAATTCCCAGGCGC,PRPSAP2,2195,215,250
PRPSAP2_GCAGACTCTTCAATCCGCCG,PRPSAP2,4,220,64
PRPSAP2_GCGATCCGTCGGATCCACAA,PRPSAP2,1197,451,536
PRR11_CCTTACCTTTCTGGTGAGGG,PRR11,340,245,359
PRR11_TCTCGGTGGCAGATACGAGA,PRR11,1092,85,164
PRR11_TGTTTGACCACAGCTTGGAC,PRR11,1633,108,154
PRR11_TTATACCATCGCCGAAAGCA,PRR11,1201,434,556
PRR11_GGATTCCGTGCTTTCGGCGA,PRR11,578,272,226
PRR11_ACTGACTCCAGTGATGACGC,PRR11,1030,20,70
PRR12_GGGCGGGATGGAGTTACGAG,PRR12,871,284,326
PRR12_GGAGCTGCCATAAACCAAGC,PRR12,133,32,217
PRR12_ATCTCGGCCCTGGAATCCCG,PRR12,738,468,288
PRR12_CCGATGGCGCCAAGAAACCC,PRR12,601,219,312
PRR12_TTCCTCATCCGAGGAGAAGG,PRR12,0,27,96
PRR12_GGTTTCTCCTCCAGCAGCGG,PRR12,537,212,154
PRR13_CCTACCTAGTCCCTCTGAGG,PRR13,1194,101,158
PRR14_CTTTCACCCTCCAGCCCGCC,PRR14,192,150,52
PRR14_TCTGCTTTGAGGGCACCACG,PRR14,499,623,447
PRR14_AGAGGAGGGCCCTTCACAAA,PRR14,1800,547,792
PRR14_GAAGACCTCTTTCCGGAGAC,PRR14,515,28,185
PRR14_TGTAAGGTTTAGCTGAGGAC,PRR14,1352,196,158
PRR14_ATTACCAATCACCCACAACC,PRR14,1278,444,296
PRR14L_TCTCAATCAGCCAACAGAAG,PRR14L,1302,406,502
PRR14L_TTTGGGTCGAGGAAGGCCCA,PRR14L,246,0,46
PRR14L_GGTTCGTGGATTGGATGAGC,PRR14L,260,105,83
PRR14L_ACACCAGCGGCAGTCAGACG,PRR14L,3064,1065,966
PRR14L_ACCTTGTCTGCTATGGAGGC,PRR14L,323,323,300
PRR14L_CTAGTGGACTCCACAGCAGG,PRR14L,612,46,22
PRR15_AGCATCGCCGCTGTCGGCCA,PRR15,1029,183,630
PRR15_TGGTGAGCGATTTCCACCAG,PRR15,677,189,300
PRR15_TTGGTGAGCGATTTCCACCA,PRR15,1280,212,409
PRR15_GCGAGATCTTCAAATTGCGG,PRR15,660,221,337
PRR15_CCGGCCGCTTTAAGGAGAAG,PRR15,615,240,425
PRR15_CCTCTTCTCCTTAAAGCGGC,PRR15,37,40,37
PRR15L_GAAGAAAGTGAGAGCCACGC,PRR15L,136,250,341
PRR15L_GATTGTGGACAAGAGCACAA,PRR15L,489,87,220
PRR15L_CAGCGACTTTAACACCCGCC,PRR15L,318,36,352
PRR16_CGACCTGAAGGACGTGGCCA,PRR16,1612,388,300
PRR16_CGTGGCCAAGGAACTTAAGG,PRR16,1153,349,415
PRR16_GCGTAGTGGCGCACTGAGGC,PRR16,1021,420,620
PRR16_AATGGCACCCTTCTACGAAA,PRR16,808,445,162
PRR16_CCGGGAAAGATTCCTCACCA,PRR16,1512,483,610
PRR18_AGGTGTCGCTGCTCAACGAG,PRR18,905,340,296
PRR18_CACCTTGAGCATCGGCCGCA,PRR18,228,62,303
PRR18_CGCGCAGCGGAGTCTGGACA,PRR18,686,472,300
PRR18_AAGCCGCGCGCCAGTTACCC,PRR18,903,410,407
PRR19_CCCGCCTAGTCTTCCGACGA,PRR19,3403,1000,1046
PRR19_GACTAGGCGGGAACGTAACA,PRR19,667,274,322
PRR19_CCTCGTGGTTGAAGAGACCC,PRR19,489,56,47
PRR19_GGACGCTCACCTGGCAAGGG,PRR19,1032,235,140
PRR19_GCATGCCCACTGCGCACAGG,PRR19,1389,485,500
PRR21_AAGAAGACAGGTGTTGAAGG,PRR21,474,139,187
PRR21_ACAGGTGTTGAAGGTGGCCC,PRR21,405,275,129
PRR22_AAAGGCCTCGACGGCCAAGA,PRR22,205,100,89
PRR22_TTGAGCTCGCTGAGGCCCGG,PRR22,280,56,95
PRR22_AGGCAGCGTGATGAGTACAG,PRR22,537,218,285
PRR22_CCGATCGTACCCATAGCGGG,PRR22,441,114,146
PRR22_ATCGTACCCATAGCGGGAGG,PRR22,671,225,172
PRR22_TCAGCCCGCAGAGTCTGGAG,PRR22,226,1536,122
PRR23A_CGGAATTCCGGGTCGAAGAA,PRR23A,1576,405,438
PRR23C_AGGCAACTCATTCCTGGAAC,PRR23C,1244,567,843
PRR23C_ATGGAATTCCAGGTCGAAGA,PRR23C,327,152,182
PRR24_GGTCAGGGTCGCTGTAGCGG,PRR24,594,465,105
PRR24_TGGGTGTCTGGCGGCTCGGA,PRR24,133,132,113
PRR25_AAGTGAGTGCCGGCCGCCCA,PRR25,649,50,20
PRR25_TCGCACACTGCATTTGCGAG,PRR25,1824,165,513
PRR25_CAGGGACAGAAGACGGCCGC,PRR25,179,10,0
PRR25_CAGCGGATCCCTCTTACAGG,PRR25,2178,875,425
PRR25_TGCCGAGGGAGGCGTCAGCA,PRR25,543,423,121
PRR25_ATCTCCGCTGGTGTTGCCGC,PRR25,137,81,223
PRR26_CTGTGGATAACGCCAGCCCA,PRR26,511,210,502
PRR26_TGCCACGGACCTCTCACAAG,PRR26,971,427,201
PRR26_TGACTGAGTGTGGCGAGAGC,PRR26,792,399,376
PRR26_CGGTATGCTGTGGAGCCACG,PRR26,1557,418,189
PRR26_TGCGGTATGCTGTGGAGCCA,PRR26,1026,1032,834
PRR26_GGCGTGAACACTCTCGGGAG,PRR26,453,105,247
PRR3_TCTCTTCCCGCTCGGGCAGC,PRR3,711,129,152
PRR3_TCACCTGACTTAGGGTCGCC,PRR3,147,37,87
PRR3_GGTAGAGGCCCAATTCGGAG,PRR3,483,55,138
PRR3_GGACCTCACCTTCCATAACC,PRR3,873,400,335
PRR3_AGAGGAGGTCCATTGACGCC,PRR3,35,299,309
PRR4_CTTGGTTACCACTATCACCA,PRR4,2380,303,421
PRR4_TGGTTACCACTATCACCAGG,PRR4,51,108,128
PRR4_CTAGGTAGGAGTCCTTCAGG,PRR4,168,144,106
PRR5_GCGCCAACGCCACCTGGAAC,PRR5,1532,430,694
PRR5_GATCGCCGTCTTCCAGCGCA,PRR5,173,171,11
PRR5_ACCACTGGGCCTGACTGGCG,PRR5,523,267,470
PRR5_TGTGAAGCTAGAGGATGCGC,PRR5,171,64,147
PRR5_CTACGGCCTCCACTCCAGCG,PRR5,2507,664,391
PRR5_GGAGGACCTGAAGGTCCCGG,PRR5,54,0,10
PRR5L_GGGAAGGTCGCTGAGCACGG,PRR5L,788,30,223
PRR5L_TTCACTCTTCAACAGCCGCC,PRR5L,253,98,159
PRR5L_GGAGAGTCTCAGTGAAGAAG,PRR5L,496,179,111
PRR5L_GATGAGCAACATCTGGACAA,PRR5L,506,116,121
PRR5L_TCCTTTCCTCGGCATCAGCG,PRR5L,333,94,80
PRR5L_AGTCACCTTGGGCCGGACCC,PRR5L,427,67,30
PRR7_TGAGGAACGTGTAGGTGCCC,PRR7,253,70,201
PRR7_GGTCGGTACTCACCTTGGCG,PRR7,1204,320,99
PRR7_ACCGCCTCTTCGTAACACGG,PRR7,695,405,701
PRR7_GCTGTCGCGGCGACTCAGGA,PRR7,356,81,122
PRR7_ACAAGCCGCTCTTCCTGGAC,PRR7,731,180,246
PRR7_AGGACTACAGCCGTATAGAG,PRR7,744,121,367
PRR9_CTGCACACTGAGGTGGACAC,PRR9,2668,448,515
PRR9_GCAGCTACTTTCCCTTGCCA,PRR9,476,111,172
PRRC1_GATATAGGAGGACCCGAAGG,PRRC1,147,27,41
PRRC1_ACATCTCTGGCACAGGGAAC,PRRC1,1448,111,242
PRRC1_TACAACGCTGGACCCTGGCA,PRRC1,454,140,294
PRRC1_TGTCCGAGATGCCTTCCAGG,PRRC1,800,70,146
PRRC1_ATAGATAGCTTGCGTCGAAC,PRRC1,289,279,211
PRRC1_GCCTTTGGAATTTGTACAGC,PRRC1,1219,326,533
PRRC2A_TTAGAGATCCAGAAACCCGC,PRRC2A,520,117,93
PRRC2A_AGGTGGCATACGCCGGGCAA,PRRC2A,331,66,86
PRRC2A_CGTTTCGGCTGGTTGGAGGC,PRRC2A,1385,277,203
PRRC2A_ACACTCCTTTGGTTCCAAGC,PRRC2A,1984,195,85
PRRC2A_GGAATTTCCGACCCTGCAGG,PRRC2A,217,0,19
PRRC2A_TCTACAACTTGGAGGGACGG,PRRC2A,756,127,125
PRRC2B_GACGGGATGGGCAAACAAGC,PRRC2B,1027,56,202
PRRC2B_GACACAGTCAATCAGTCAGG,PRRC2B,0,0,30
PRRC2B_AAGCCAGTAGGACACGAAGG,PRRC2B,463,101,97
PRRC2B_TTTCCGACGCTGAAAGCAGC,PRRC2B,217,112,295
PRRC2B_GCTGGTACATGCCGAGGAGG,PRRC2B,164,185,68
PRRC2B_AGCCTCGTTCCACTGTACCC,PRRC2B,283,80,143
PRRC2C_TACCTAAAGATGGCACAGGG,PRRC2C,744,183,195
PRRC2C_TCATGGGCCAGTAACAAGCA,PRRC2C,1236,202,91
PRRC2C_CTTACTTGGTGGACGTAAAC,PRRC2C,1486,545,835
PRRC2C_GATAGCTTGTGGTCCTCCAC,PRRC2C,269,69,55
PRRC2C_CTCATGGGACCATGTAGAGG,PRRC2C,442,157,118
PRRC2C_TTTGCTACTGATGGTTGGGC,PRRC2C,613,132,61
PRRG1_GAGGCCAAAGATTAACGGAA,PRRG1,184,83,105
PRRG1_GCTTCCTCATAGGTTGGCGG,PRRG1,308,69,255
PRRG1_AGGCACCATAGGAATGGCAC,PRRG1,862,25,300
PRRG1_GACCACAGGCACCATAGGAA,PRRG1,1553,331,382
PRRG2_ACTGGGTGAAGTATCCAGGC,PRRG2,222,27,1
PRRG2_AACGGGAGTGTCTGGAAGAG,PRRG2,1025,238,38
PRRG2_TGGGAGAGCTACATCTACAA,PRRG2,2401,481,237
PRRG2_TCCTGCAGGGCGTGGACGAG,PRRG2,1294,365,388
PRRG2_ACGAGTGGATGTGGCCAGCC,PRRG2,267,208,332
PRRG2_AGGGCTAATGAGCCCGGCCC,PRRG2,383,112,81
PRRG3_GGAATCGTTTCAGGACCGAA,PRRG3,500,308,184
PRRG3_CCAGGAACTCATTGGCACGA,PRRG3,2250,919,736
PRRG3_ACTCTCGCTCGATGGTGCCC,PRRG3,330,191,303
PRRG3_GCCTCAGGAATAGCAAGAAC,PRRG3,1307,333,529
PRRG3_CTTGGCTATGCACAGTACCC,PRRG3,634,116,231
PRRG3_GAGATAGTGGCCGCCAACCC,PRRG3,559,517,385
PRRG4_CCAACTGCCCACAGTTACCC,PRRG4,2385,366,769
PRRG4_GGGTTTCCTCATTGCGCAAG,PRRG4,786,645,487
PRRG4_TCATTGCGCAAGAGGTCCAA,PRRG4,135,99,87
PRRG4_CTCTTCAGCCGTCTATGAAA,PRRG4,1300,623,563
PRRG4_CTTCAGCCGTCTATGAAAGG,PRRG4,1033,447,308
PRRT1_AGATCGCTTCACGCGAGGCC,PRRT1,164,187,159
PRRT1_CACCATGTCTCCGCGGGCCA,PRRT1,2530,778,1122
PRRT1_TTCCACAGCCATATGCAGGC,PRRT1,1888,160,659
PRRT1_CTTCCACAGCCATATGCAGG,PRRT1,988,117,224
PRRT1_TTCGTGGTGCCCACGCACGC,PRRT1,1122,282,67
PRRT1_TGCGTGGGCACCACGAAGCC,PRRT1,572,467,273
PRRT2_AGTCCCAAGGTTCCAGGCGA,PRRT2,1407,428,556
PRRT2_ACCTCAGCTTAAGCCCAGGA,PRRT2,650,235,202
PRRT2_CGAATGAGAAGGGCACACAG,PRRT2,2195,856,498
PRRT2_GCAAGGATGATGTAGTCCCG,PRRT2,1103,185,323
PRRT2_GCTCTTAAGCATCGTGGCGC,PRRT2,419,206,563
PRRT2_ACCGCCTAAGTTGATGACGC,PRRT2,1545,189,344
PRRT3_TGATTCTACCGCCGCTCGGC,PRRT3,93,143,200
PRRT3_TGATGACAGCCCGTGGCGCC,PRRT3,288,270,503
PRRT3_TAGGTGCTCGCGGAAGAGCG,PRRT3,626,321,257
PRRT3_CTCTCTGTTCGGTTTACAGC,PRRT3,1129,830,955
PRRT3_AAGGTCAGCCTGCTTGGGCG,PRRT3,1305,577,243
PRRT3_TTGGCCTTCATGCTGCAGGG,PRRT3,312,187,262
PRRT4_GGATTGGCCGCCGTAGCCCA,PRRT4,117,35,92
PRRT4_TGGGTCCAGAGGACTTGGGC,PRRT4,618,161,84
PRRT4_CAGAGAACCCGAAACTCCAG,PRRT4,652,212,147
PRRT4_AGGCCGGAGAAGTTCCGGAG,PRRT4,1805,487,381
PRRT4_GGGATGTGGACTCCGGAAGC,PRRT4,468,282,257
PRRT4_CCGAAGGTGGCTCAAAGCCC,PRRT4,2555,131,79
PRRX1_GGCGGATGAGAACGTGGGCG,PRRX1,716,598,309
PRRX1_GAGTCGCCGGGACTCACCAG,PRRX1,255,96,96
PRRX1_CCTCGGTGAGGTTCACCCGG,PRRX1,1518,203,107
PRRX1_TAATCGGTGGGTCTCGGAGC,PRRX1,257,110,235
PRRX1_ACAACATCTTGGGAGGGACG,PRRX1,712,353,118
PRRX1_GCCAACAATAGCCCTGCACA,PRRX1,1600,443,212
PRRX2_CCGAGAAGTTCTTGCGCGCC,PRRX2,339,831,435
PRRX2_CTCGCTGAGGTTGACGCGCC,PRRX2,572,352,224
PRRX2_CCTCGCTGAGGTTGACGCGC,PRRX2,916,74,297
PRRX2_TCCTGCGGAACTTGGCGCGG,PRRX2,879,220,372
PRRX2_CATTCCTGCGGAACTTGGCG,PRRX2,552,168,49
PRRX2_TGAACTCCTTGGCCTTGAGA,PRRX2,730,249,218
PRSS1_GATGAGGCACTTCGTGCCAG,PRSS1,18,20,49
PRSS12_TTCAGTGTTCCAGGCGACAG,PRSS12,1203,486,459
PRSS12_AGGTATATTACAGAGGCCAG,PRSS12,793,116,43
PRSS12_TTGGATGAAGTACGCTGCAC,PRSS12,1567,176,231
PRSS12_GAACCGTTTGTGATGACCAA,PRSS12,329,90,142
PRSS12_TGGAGCAATGTCCGTTGCCG,PRSS12,1353,435,457
PRSS12_AAGTCCGTCACGCTGACCCA,PRSS12,434,93,165
PRSS16_CTGGGCAAGCCAGACGGCCA,PRSS16,638,310,163
PRSS16_GCTCACCCAGGCGCCTAAGA,PRSS16,407,316,291
PRSS16_TGACCAACATTGGGTTGGCC,PRSS16,545,379,89
PRSS16_CTCCACTCACGCAAGGCGGC,PRSS16,439,550,136
PRSS16_GGAGGAGATGTTAAAGAGGC,PRSS16,106,195,87
PRSS16_AAATCCAGCACGGCCCGCAC,PRSS16,851,269,223
PRSS21_CGTGGGAATCCCACAGGCGC,PRSS21,473,122,70
PRSS21_CGCATACGTGGGAATCCCAC,PRSS21,81,17,59
PRSS21_AACTGGACCATCCACCCGGA,PRSS21,368,115,154
PRSS21_AGGTGCAGACAGCTTCACCA,PRSS21,1190,231,368
PRSS21_CCTCAAGTACAGTTTCCGCA,PRSS21,1185,480,517
PRSS21_GCTGATATTGGTGTAGACAC,PRSS21,390,116,339
PRSS22_GGGTGGAGAAGATCGTGCAA,PRSS22,550,66,56
PRSS22_TGTGTGCCGGCTACTTGGAG,PRSS22,1995,356,431
PRSS22_GCTCCATACAGTTCTCAGAG,PRSS22,2208,247,330
PRSS22_ATCGTGAGCATCCAGAAGAA,PRSS22,1577,324,653
PRSS22_CAGCCATCCTCAATGCGGCC,PRSS22,937,207,320
PRSS22_CTGTCGACGCCAGCAGCAGC,PRSS22,361,128,0
PRSS23_AGGCCAAGTGGGTTTCCAGG,PRSS23,1594,449,242
PRSS23_TGATCCAACCCTTGGGCACA,PRSS23,642,198,148
PRSS23_AACCATTCATGTCCACCCAC,PRSS23,419,133,64
PRSS23_CTAGGCCAGGGTTGGCACAC,PRSS23,1799,610,371
PRSS23_CCCACAACTGTGAAGCGAGA,PRSS23,873,53,159
PRSS23_CCCACCTCCTAGGGCTAAAC,PRSS23,2257,713,693
PRSS27_GACCCACGAGGCACACCAGG,PRSS27,528,107,34
PRSS27_CTGTGCGCCGGCTTCGAGGA,PRSS27,1317,72,125
PRSS27_ACCACACGCTATGTATGCCC,PRSS27,442,186,33
PRSS27_GGCAAGGCAGCTAGTGCAGC,PRSS27,174,25,14
PRSS27_CGCTGGATGCTGACTTGCCA,PRSS27,1519,98,253
PRSS27_CTCACTTCCAGGGTCTCAGA,PRSS27,131,24,28
PRSS33_CTGCGACGGCCTCTACCACG,PRSS33,377,159,141
PRSS33_TAGCGGTCGCCACTCTGGGA,PRSS33,75,38,322
PRSS33_ACTGCTGCAGCTGCGTCGCC,PRSS33,530,33,0
PRSS33_CCGTCCTCGGAGTAGTCCGG,PRSS33,731,28,91
PRSS33_AGGCGCACGCGGTACTCAGC,PRSS33,396,22,0
PRSS33_TGCTGGATGCTCGCCTGCCA,PRSS33,458,224,39
PRSS35_AGGTGTATGGCACCGACAGC,PRSS35,24,156,195
PRSS35_GGTTCAGCATCTTGGACAAA,PRSS35,1328,876,1059
PRSS35_CAAGAATACCCACATTCCGA,PRSS35,870,78,215
PRSS35_GAGAAGTGGATCATTCCACC,PRSS35,248,72,72
PRSS35_CATCGTTCCCGTGAATCCAG,PRSS35,681,256,66
PRSS36_AAGCGTTCTCGTGCTGCACC,PRSS36,723,124,112
PRSS36_TGCCGCCCACTCACCAGGCA,PRSS36,1947,569,399
PRSS36_TGGCTACCCAGAGGGCCGCA,PRSS36,572,125,182
PRSS36_CAACTACAGCCAAGTGGAGC,PRSS36,503,136,330
PRSS36_GGAGGTGGCCACATCTGCGG,PRSS36,676,100,142
PRSS36_GGTTACCAAGCATCACAAGG,PRSS36,957,189,143
PRSS37_GCATGATCTCCGGTAGGAGG,PRSS37,483,133,76
PRSS37_ATTCTCGATCAGACATCACG,PRSS37,588,132,173
PRSS37_TTCTCGATCAGACATCACGG,PRSS37,3684,899,821
PRSS37_TTTGATGAGGACGCCCACAC,PRSS37,1486,455,344
PRSS37_TGATGAGGACGCCCACACAG,PRSS37,1265,430,930
PRSS37_GGTACACCAAATAGGGAGCA,PRSS37,85,105,27
PRSS38_AATCTCCCTAACTGGCAGCG,PRSS38,1035,595,360
PRSS38_CACCCAGTACTCATTGAGGA,PRSS38,1698,958,720
PRSS38_CCAATTGCTGGGCTACGGGA,PRSS38,763,133,301
PRSS38_ACATGTGTCCGTAGAGCAGG,PRSS38,885,212,77
PRSS38_TCTGTGAATTCAACCGCAGC,PRSS38,1011,211,83
PRSS38_TGCTCCAACCCTCTGTACCC,PRSS38,1151,186,417
PRSS42_CCTGAGGGATGCAGATAGGC,PRSS42,638,151,282
PRSS42_AAGGGCAAGGTCATTTCGAA,PRSS42,581,396,280
PRSS42_TGAGCGTGAGGACCAAAGGC,PRSS42,756,424,216
PRSS42_CCCGACGACAGCCAAGAAGG,PRSS42,3275,905,998
PRSS42_CGCCCTCCTCTGAGAGGAGA,PRSS42,790,284,322
PRSS42_CCTCTCCTCTCAGAGGAGGG,PRSS42,131,80,129
PRSS45_TGGATTCTGTGCCTTCACGC,PRSS45,657,265,424
PRSS45_AGGTGTTTGAAGGTGGACAA,PRSS45,603,706,417
PRSS45_CGTCACCCATGATGAAGGCC,PRSS45,565,335,711
PRSS45_CTGCGGCCCACTGCATCCAA,PRSS45,1022,417,269
PRSS45_ATCCGGAGGCTCACCTCCCA,PRSS45,768,48,42
PRSS45_AAATGACCCGCCATTGGCCC,PRSS45,405,241,258
PRSS46_GCATGTGCTGGGTAATCGGC,PRSS46,835,36,98
PRSS46_AGGCAGACAGGCTGGACGAA,PRSS46,1717,560,466
PRSS46_GAATCACCATGCGAGTGAGC,PRSS46,392,205,129
PRSS46_GGACACGTTGGTCTGACCGC,PRSS46,650,74,81
PRSS46_CGTTGGTCTGACCGCAGGCC,PRSS46,130,313,365
PRSS48_CAGCCGCGTTGTAGGTGGCC,PRSS48,480,474,407
PRSS48_CCATCCGGTCACCCAACAAA,PRSS48,2290,731,896
PRSS48_AGTACCCATTATTGACCGCC,PRSS48,89,14,2
PRSS48_CGGTATCTTCTTGCCAGCAC,PRSS48,1608,809,552
PRSS48_GATGGTGTATGGATCCAGAC,PRSS48,114,151,59
PRSS48_TGCATGGAGATTTAGTCCCA,PRSS48,985,508,459
PRSS50_CTGGGACTGCCTCAACGGGC,PRSS50,311,106,45
PRSS50_GGATCTGGGACTGCCTCAAC,PRSS50,61,18,39
PRSS50_AGGTCTCCTCCTACCAACAC,PRSS50,285,412,230
PRSS50_GGAGGCCGATGTCGTTGGCC,PRSS50,0,39,57
PRSS50_GAGCACCGGGACATCGGAGG,PRSS50,457,114,205
PRSS50_GACACTGCCCTCGACCACCA,PRSS50,867,75,16
PRSS53_GCTGGCCCAGCCTGTGACAC,PRSS53,507,201,187
PRSS53_GCACCGCCTCCTCTGACACC,PRSS53,35,142,291
PRSS53_GCTGTGTTGGTCAGCAGCAC,PRSS53,765,348,503
PRSS53_CTCCCTATCAGACCTGACAG,PRSS53,1820,1228,508
PRSS53_GCTGTAGTGGTTATAGGCCC,PRSS53,550,121,49
PRSS53_GCACCCGCGATGAGCAGCAC,PRSS53,594,337,211
PRSS54_CCTGTTTCTGTACACCAAGG,PRSS54,1112,173,420
PRSS54_CTCTGTTGCATGGTCCAGAC,PRSS54,2610,811,701
PRSS54_TGCCGAGGAAGCAGATGGAC,PRSS54,1520,237,546
PRSS54_GGAAGCAGATGGACTGGACC,PRSS54,597,111,117
PRSS54_TCGCATCCGCCATTCAGAAC,PRSS54,2594,1017,1057
PRSS54_TCAGGATGCAGCCGAAAGCC,PRSS54,1598,485,519
PRSS55_TGGAGTGGCTATCCTAGGCA,PRSS55,817,797,502
PRSS55_CTCGGTATTCCAGAATCACA,PRSS55,1273,291,186
PRSS55_TCGGTATTCCAGAATCACAG,PRSS55,918,435,379
PRSS55_GACACTCAGTTCTTCTGGAC,PRSS55,405,112,182
PRSS55_AGCATTCGCGCCATGTGGCA,PRSS55,339,200,524
PRSS55_AAGTGACCCAGCTAGAGGGC,PRSS55,505,157,155
PRSS56_CCAAGCTCATGGTTTGCCCA,PRSS56,714,231,427
PRSS56_CACAGATCGCACGAGTGCCG,PRSS56,458,283,549
PRSS56_TTCTAGGGCCGTGCGGCGAG,PRSS56,1138,425,668
PRSS56_GCTTCTGTGGACTGTGACGC,PRSS56,1411,260,160
PRSS56_ACGCCCAGTACCTTCGAAGA,PRSS56,1521,487,446
PRSS56_CGAACAGGACCTCTCTAGGG,PRSS56,1841,461,130
PRSS57_CACTCCAGGCCGACTCCGGA,PRSS57,1,109,63
PRSS57_AGAGCATGGTAAGTGTCAGG,PRSS57,922,130,177
PRSS57_TTGGCCTCCATCAGTCCAGG,PRSS57,402,111,213
PRSS57_TACTGCGGAGCCCACCCAGC,PRSS57,937,153,121
PRSS57_GCTCCGCAGTACTCAGGACG,PRSS57,976,280,512
PRSS57_CTTCACGGGCAGCATCAGGG,PRSS57,1683,282,276
PRSS58_CATCCCATTGCAGATTGCCG,PRSS58,456,482,454
PRSS58_GCAGGAAGTTTCTGCTGCCC,PRSS58,223,10,13
PRSS58_GGATTAAAGGCCAAAGCAAC,PRSS58,639,107,279
PRSS8_CAACCTCTGTGGCAGCCACC,PRSS8,1857,96,188
PRSS8_GAGGCCAGAGTGTACACACC,PRSS8,88,47,48
PRSS8_GGAGCCGCACTTTGTCCAAG,PRSS8,1473,265,313
PRSS8_CTCCTACTCCGAGGACGCCA,PRSS8,1698,99,319
PRSS8_GGAAGCCTATGAGGTCAAGC,PRSS8,581,141,196
PRSS8_TCTTTCTTTCTAGGAGCGGA,PRSS8,214,98,54
PRTFDC1_CTATGAATGTCCAACTCACC,PRTFDC1,550,220,624
PRTFDC1_CCAACATGATTAAGGTAGCC,PRTFDC1,731,183,377
PRTFDC1_AGGCGATGATCTTTCAACGC,PRTFDC1,803,334,387
PRTFDC1_AACCTCCTTTAAGCACACAC,PRTFDC1,254,418,474
PRTFDC1_CAGAATTGAGCGGCTGGCCA,PRTFDC1,1083,813,729
PRTFDC1_CTCATGGTATCATTGTGGAC,PRTFDC1,2786,566,718
PRTG_TTTGGCTGGGATTGGCAGCC,PRTG,338,358,367
PRTG_AAGAATGGCTGAGCTTGACA,PRTG,1254,299,359
PRTG_TGTAAAGTTGCGTGTGCCAG,PRTG,2501,480,644
PRTG_TTTACGTCGGTGGGCTACAG,PRTG,624,703,576
PRTG_CTCTACCTATGACTATGGAC,PRTG,1164,129,356
PRTG_CAGAAGAAAGCGCGCCCACC,PRTG,506,268,112
PRTN3_CTCCGCAGAAGTGGCTGCCC,PRTN3,503,52,95
PRTN3_GCACCACGTTCACCAGGCGC,PRTN3,1091,269,374
PRTN3_CTCCGAGCACCACGTTCACC,PRTN3,971,399,368
PRTN3_CACTTTCGTCCCTCGCCGCA,PRTN3,919,294,287
PRTN3_TGATGCCATCACAGATCAGG,PRTN3,487,99,131
PRTN3_GGGTAGCCCTCTACGTGGAC,PRTN3,848,110,56
PRUNE_GACCGAGAGAATCCTGCAGG,PRUNE,514,21,39
PRUNE_GCCACCCTTACCATGCAGAA,PRUNE,2227,1224,1124
PRUNE_GAGGTTAGACCTCTGCAGAA,PRUNE,608,203,211
PRUNE_CCATGTGGCACTCCAAACAA,PRUNE,2794,1271,1140
PRUNE_TTAGGGTGGGTACTTGAGGC,PRUNE,594,320,358
PRUNE_GAAGTTTCTTTCGAGAGACC,PRUNE,517,131,79
PRUNE2_GATCTAAAGGAGCTGTCAGA,PRUNE2,2,0,75
PRUNE2_TCCTAACTTGCCTCCAAGAG,PRUNE2,650,404,263
PRUNE2_TTGGCATCGCTCTGCTCAAC,PRUNE2,573,170,534
PRUNE2_TTGGTAGGTCAGTCCACCAG,PRUNE2,1188,453,179
PRUNE2_TCGAAGCAAACGCTTGGAGA,PRUNE2,1408,375,393
PRUNE2_GCAACGCGCCAAATCTAAAC,PRUNE2,1108,543,544
PRX_GATCTTAAGCTGCACAGCGG,PRX,344,91,201
PRX_AAGGCTCGGCGCATTGCAGC,PRX,169,101,160
PRX_ACACTCGGGCACTCAGCAGC,PRX,726,179,279
PRX_TACGTTGATGCCGCTGACCC,PRX,1367,289,341
PRX_TGGAGACGGAGGCGCAGACC,PRX,1151,243,142
PRX_ACGCCATGGAGGCCAGGAGC,PRX,353,196,29
PSAP_CTCCTGGCACTCTTCCGACA,PSAP,2644,1302,1382
PSAP_TCTTGGAGGCCACTTTGGCG,PSAP,547,212,280
PSAP_CTTGGTGGAACATGTCAAGG,PSAP,799,254,232
PSAP_GCTGAATCACCAGAAGCAGC,PSAP,775,21,24
PSAP_AAAGACGTTGTCACCGCAGC,PSAP,0,70,162
PSAP_CATTCTTTCAGTCCAAGGAC,PSAP,1146,118,196
PSAPL1_ACCTTCTTGCACACAGCCAC,PSAPL1,978,225,233
PSAPL1_GCCTCCGGTTGCCACACAGA,PSAPL1,1077,159,207
PSAPL1_ACTACTTGAGTCAAACGGGC,PSAPL1,194,122,11
PSAPL1_GCAGGGCAGAGACTTCGCGG,PSAPL1,831,75,145
PSCA_CTTTGCAGGAGTAGCACAGC,PSCA,1823,480,322
PSCA_CAAAGCCCAGGTGAGCAACG,PSCA,3484,1280,841
PSCA_GGCAGTCCTCGTTGCTCACC,PSCA,143,38,116
PSCA_CTCCTGACCGTCATCAGCAA,PSCA,3982,686,647
PSCA_CTTTGCTGATGACGGTCAGG,PSCA,240,62,78
PSCA_ACCGACTTGTGCAACGCCAG,PSCA,1064,173,250
PSD_CTCTGGACCAAGCTCTCAGG,PSD,999,373,121
PSD_CGCTTTCTGCCCATTGGACA,PSD,2653,1335,1206
PSD_GGGCTCGTCCCAGGTAGAAA,PSD,859,128,228
PSD_GGAAGAAGATGTGGACGACG,PSD,527,227,247
PSD_CATGAGAGGAGACTTCCCGG,PSD,1128,100,0
PSD_CTCCAACCGGAAGTTACGGC,PSD,1510,324,268
PSD2_AGATGCTGAGGACCCTCAGC,PSD2,12,56,44
PSD2_ACAAGTTGCTGAACTCAGCC,PSD2,362,562,187
PSD2_CAGTGAAGCTGCTCATCGGC,PSD2,657,275,224
PSD2_CAGCAACGAGTTTAGCAGGC,PSD2,1241,519,503
PSD2_CCTGATGACAGCACTTCGGA,PSD2,1160,132,538
PSD2_CCGGAAGACTCACGCTGACA,PSD2,2508,500,721
PSD3_CGCATTGGCATCCAAGGCCA,PSD3,1901,570,789
PSD3_TAGTGTCCAGAGTGCCAGCA,PSD3,1669,330,569
PSD3_CCAGATACCATTGCTTCACA,PSD3,3385,704,773
PSD3_GGCCAAACGCCTTTATCAGC,PSD3,210,0,56
PSD3_AGCGACTCCATCTACACGAA,PSD3,1019,617,452
PSD3_GGGCTCGACAGTGTTACAGA,PSD3,539,147,210
PSD4_GCAAGGACTCGCCAGGAAGA,PSD4,763,371,236
PSD4_TCCACACACGGTGCTGCAGA,PSD4,165,70,62
PSD4_CCTGGGAGTTAAGAGTCACC,PSD4,545,57,68
PSD4_TTCTTCCTCAGATGAGAGGG,PSD4,203,59,154
PSD4_TCAGGAACAACAAGGTAGCC,PSD4,682,198,378
PSD4_CTCCAAACTGGAAGAAGGAC,PSD4,1528,522,347
PSEN1_TACGTACAGTATTGCTCAGG,PSEN1,532,168,120
PSEN1_GAATGACAATAGAGAACGGC,PSEN1,163,20,45
PSEN1_CAACCATAAGAAGAACAGGG,PSEN1,229,112,83
PSEN1_GATTAGTGCCCTCATGGCCC,PSEN1,407,94,14
PSEN1_TGGTTGGTGAATATGGCAGA,PSEN1,626,96,228
PSEN1_ATGGCGGGTTCAGTGAGGAA,PSEN1,830,314,214
PSEN2_ATTCATGGCCTCTGACAGCG,PSEN2,664,198,157
PSEN2_CGCTTCTACACAGAGAAGAA,PSEN2,1539,1187,1010
PSEN2_CATGATGAGGGTGTTCAGCA,PSEN2,1907,447,643
PSEN2_AAGACATGATCAACCAGCCA,PSEN2,707,263,322
PSEN2_CAAGACCTACAATGTGGCCA,PSEN2,750,401,666
PSEN2_AATGCTGGTAGAAACTGCCC,PSEN2,471,0,38
PSENEN_CCAGGTAGTACTTCCGGCAC,PSENEN,1629,0,61
PSENEN_TGGCTCTGTTCTGTGTAGGC,PSENEN,1339,198,512
PSENEN_GGGCCGGTAGATCTGGAAGA,PSENEN,611,148,124
PSG4_GCTTCGCCGAGTCTAACCCA,PSG4,16,15,9
PSG5_TAGCTTGTGTCTGAAGCCGC,PSG5,507,1,97
PSG5_TGACTTGAGCAGTGATAGGC,PSG5,1304,399,490
PSIP1_GGAGGATCTGATGCTCAAGA,PSIP1,568,262,97
PSIP1_CACTTACTCGAGCTGGCCAA,PSIP1,866,118,183
PSKH1_ATCAAGGCCCTAATTGGCCG,PSKH1,1781,248,479
PSKH1_CACCATCTGCAGCACCCGCG,PSKH1,2751,694,872
PSKH1_CCTGGCCAGTGCTCGCAAGA,PSKH1,1936,603,685
PSKH1_CTGGCCTAGTGTGTCCAACC,PSKH1,1875,1350,1291
PSKH1_GCACCCGTGGGTGGTGAGCA,PSKH1,1908,522,485
PSKH1_GCGAGGAGGCACGTTTAAGG,PSKH1,1428,372,434
PSKH2_ATCCCGAAACCTCATGCAGA,PSKH2,907,196,484
PSKH2_CTATAAAGTCCTTCGCCAAG,PSKH2,2542,1387,1478
PSKH2_AACGATGGCTAACCCGCCGC,PSKH2,499,46,259
PSKH2_CGCTTTACCTGGCAAGGACC,PSKH2,1707,247,205
PSKH2_CTTTACCTGGCAAGGACCCG,PSKH2,540,92,372
PSKH2_CTGGCTTGGGCCAAGCACGA,PSKH2,1744,654,595
PSMA1_AGTACGAGCTGATTGGGAAC,PSMA1,695,0,50
PSMA1_TGATTGGGAACGGGCTCCAA,PSMA1,724,0,0
PSMA1_GGAACGGGCTCCAATGGACA,PSMA1,584,0,0
PSMA1_GATCGGGATTCAACGTACCA,PSMA1,276,0,0
PSMA2_TGCCTGGAAAGCTACAGCAA,PSMA2,1109,16,36
PSMA2_TACCTTTAATTCCCACGGAC,PSMA2,555,77,14
PSMA2_ACCTTTAATTCCCACGGACG,PSMA2,517,0,1
PSMA3_ACGATGAGCTCAATCGGCAC,PSMA3,517,0,0
PSMA4_GACCCTAGTGGAAATTACGG,PSMA4,843,32,29
PSMA5_TCGAGCATCACACTGTACAA,PSMA5,4800,61,0
PSMA5_CACTGTACAAAGGTCCCAGA,PSMA5,70,0,0
PSMA5_TAAAGCCAGAGTGGAGACAC,PSMA5,757,0,6
PSMA5_CTCTGATGTCTGGATCCCAA,PSMA5,663,1,112
PSMA5_CGGACCTGTCGTACTCAGAC,PSMA5,2002,307,272
PSMA5_GGACCTGTCGTACTCAGACC,PSMA5,1369,16,6
PSMA7_TAGCGTTATACGCAGAGCAA,PSMA7,850,0,0
PSMA7_GCCAGAGGTGAGCATGCAAG,PSMA7,1714,78,183
PSMA7_CATCGCCAGTCTGAAGCAGG,PSMA7,141,0,47
PSMA7_CGCGCAGGAGGCCGTCAAGA,PSMA7,2850,59,80
PSMA7_CTTCCAAGTGGAGTACGCGC,PSMA7,583,0,0
PSMA7_ATCACCGTCTTCTCGCCCGA,PSMA7,1103,0,0
PSMA8_GCCCTTGTAGTCCTGTGCGA,PSMA8,1684,186,308
PSMA8_GATGGCGTCTCGATATGACA,PSMA8,1,8,134
PSMA8_TAGTTGCTTCCTCACCGCGG,PSMA8,1689,299,554
PSMA8_TGTTCACGATTCTTGTGGCC,PSMA8,520,214,131
PSMA8_ACGATTCTTGTGGCCTGGCA,PSMA8,760,311,458
PSMA8_TATGGCTCTGGCACTCCACA,PSMA8,167,94,13
PSMB1_GATCTGCATAGTGACCAAAG,PSMB1,760,0,0
PSMB1_GCTGAGAGAGATGTGTACAC,PSMB1,1694,0,0
PSMB1_ATCGGTGGACTTGATGAAGA,PSMB1,522,63,0
PSMB1_TAATAAGGCCATGACTACGG,PSMB1,204,15,24
PSMB1_GATGGAACCGCACAGAGCCG,PSMB1,1,5,12
PSMB10_CACCCACAGAGCCCGTGAAG,PSMB10,816,413,342
PSMB10_CGCTCACCGTCATGTTCGGC,PSMB10,843,103,191
PSMB10_CGATCAGCGATGCACCCACG,PSMB10,1802,426,605
PSMB10_TGCGAGTGACCGTGGCCACG,PSMB10,776,167,406
PSMB10_TTGGAACACCAGGCCCGCGA,PSMB10,2539,361,299
PSMB10_TCTCCTTCGAGAACTGCCAA,PSMB10,263,95,151
PSMB11_ACACGCCACATAGCTGCCAC,PSMB11,193,45,135
PSMB11_CGGCTTCGGGAACTGAGGGA,PSMB11,1461,138,203
PSMB11_TCGCTACGACATGAGCACCC,PSMB11,1819,407,473
PSMB11_CACCGTGATGCCTATTCAGG,PSMB11,339,113,68
PSMB2_TTCAGCTATCTCACGTGAGA,PSMB2,909,371,386
PSMB2_TAGTCCATGTAATACAGCGC,PSMB2,1447,86,0
PSMB2_TGTGAAGTTAGCTGCTGCCG,PSMB2,498,5,29
PSMB2_CTCCTGTGTGTTGGAGAGGC,PSMB2,619,348,331
PSMB2_CAATATTGCTGGCGGCCACC,PSMB2,338,212,77
PSMB2_ATGTTCTTGTCGCCTCCGAC,PSMB2,472,51,126
PSMB3_CGGCCAGACCGATGTACAGC,PSMB3,1619,33,1
PSMB3_CTCACCGTTTCTCATACAAG,PSMB3,3173,123,151
PSMB3_TCCGTACATTTGTTCGGCGC,PSMB3,1234,16,5
PSMB3_TACCATGTTGGGCTCCCAGA,PSMB3,297,0,3
PSMB4_TTTACAGAGGTCCAATCACG,PSMB4,275,6,11
PSMB4_CGCCCTCGAACTTAACGCCG,PSMB4,1263,123,31
PSMB4_AGCATAGCCTCCGATGACCA,PSMB4,605,0,0
PSMB4_CAAGTATGCACCATAACCAG,PSMB4,1593,220,7
PSMB4_CCCTCACCCGGTTGTAAGAA,PSMB4,2484,368,273
PSMB4_CATTGTCTACAGAGACCAAC,PSMB4,698,249,255
PSMB5_CTGTCCACGTAGTAGAGGCC,PSMB5,1250,1,3
PSMB5_TGCTGAGAGGATCGGCAACA,PSMB5,3329,990,849
PSMB5_TGGTTGCAGCTTAACTCACC,PSMB5,402,4,23
PSMB5_TGCCTCCCAGACGGTGAAGA,PSMB5,883,142,101
PSMB5_CGGGCGTTCAGTACTCAGCC,PSMB5,1329,256,234
PSMB5_TCAGTACTCAGCCTGGCAAG,PSMB5,2221,175,285
PSMB6_GAAAGCCGAGAAGTTTCCAC,PSMB6,168,16,26
PSMB6_CCTACCAGCTCGGTTTCCAC,PSMB6,80,123,17
PSMB6_AGCACCTGTGGAAACCGAGC,PSMB6,0,0,22
PSMB6_CGGGAATCATCATCGCAGGC,PSMB6,1204,512,436
PSMB6_GCAGGCTGGGACCCTCAAGA,PSMB6,707,1,14
PSMB6_TAGAATCCCAGGATTCAGGC,PSMB6,523,41,37
PSMB7_CCGTTCTGTTTCTCAGGAGG,PSMB7,342,8,1
PSMB7_AACTCTGGGAAGACGGCCAG,PSMB7,594,0,14
PSMB8_CTCTACTACGTGGATGAACA,PSMB8,1717,1120,1061
PSMB8_ATTTCGCAGATAGTACAGCC,PSMB8,33,137,103
PSMB8_TTGTTCACCCGTAAGGCACC,PSMB8,146,82,96
PSMB8_CTCGCCTTCAAGTTCCAGCA,PSMB8,1135,465,762
PSMB8_GCTCTCCCGGTTGCGGGAAG,PSMB8,925,191,272
PSMB8_CCTGTTTCCAGCGGATGCCC,PSMB8,117,39,150
PSMB9_CGGGCGGGAGAAGTCCACAC,PSMB9,897,325,396
PSMB9_CGGTGTGGACTTCTCCCGCC,PSMB9,414,46,61
PSMB9_CGACATGGCCGCCTACCAGC,PSMB9,886,282,225
PSMB9_GGCTGGGACCAACGTGAAGG,PSMB9,1258,595,799
PSMB9_TAAGCCAGGCATGTCTCCCG,PSMB9,1084,242,286
PSMB9_CGGCAGCTGTAATAGTGACC,PSMB9,677,482,452
PSMC1_ACCTCACCTTGTGGTTGAGC,PSMC1,930,12,40
PSMC2_CCATGTCAACTGACCTCGGA,PSMC2,1330,195,249
PSMC2_TCTTTCAGCTCTGGATGAGG,PSMC2,547,19,5
PSMC2_TGTCTCTATCACAGCCAGAG,PSMC2,1507,0,0
PSMC2_AGTGTCTTGCCTGTACCGGG,PSMC2,784,0,84
PSMC2_AGGCAAGACACTCTGTGCGC,PSMC2,1321,52,0
PSMC3_GATGCCCAATGAGGAGGCCC,PSMC3,33,0,0
PSMC3_CCCTAGCTTTGACAGTGAGA,PSMC3,795,0,207
PSMC3_TAGTCTGTGCGGCACAGGCC,PSMC3,153,0,33
PSMC3_AGGCCATGGAGGTAGACGAG,PSMC3,476,0,1
PSMC3_CGTTGGAGACAAGGTACGGC,PSMC3,932,0,36
PSMC3_GACCGTGTGGGATGAGGCCG,PSMC3,0,75,13
PSMC3IP_AGCTGCCGCTACATGGAGGC,PSMC3IP,266,141,168
PSMC3IP_CTGGCAGGACCAGTTTGACA,PSMC3IP,2555,307,591
PSMC3IP_CTGGAGCAGCTGGCGCAACA,PSMC3IP,943,1735,764
PSMC3IP_CCTACAGCGGGAACACGGAC,PSMC3IP,576,103,61
PSMC3IP_ATGTGTTCGGGAACCTACAG,PSMC3IP,945,128,166
PSMC3IP_GAAAGGCGATGAGTAAAGGC,PSMC3IP,262,129,109
PSMC4_GAAATTGTCCGATGACCAGC,PSMC4,509,41,45
PSMC4_ATGCTGCTGTCGGCTTCGGG,PSMC4,413,49,19
PSMC4_AGAGCTCGAAATGCGTGAGC,PSMC4,452,2,27
PSMC4_TGCCACCGCCTTTGCCAACA,PSMC4,4657,1183,1758
PSMC4_GGATGTGTTCCGCCTGGCCA,PSMC4,293,82,96
PSMC4_GCTGTGCACTCTCAGCCGAC,PSMC4,6,289,217
PSMC5_TCTAGTTCGCCTATTGCGGG,PSMC5,928,42,67
PSMC5_CCCGGCAATTGGGTGTCACC,PSMC5,1462,279,243
PSMC5_CCGTATGATGAGCCACAGCC,PSMC5,1323,160,130
PSMC5_CGGAAGATGAACCTGACCCG,PSMC5,1683,196,145
PSMC5_GGAAGATGAACCTGACCCGG,PSMC5,22,3,1
PSMC5_GCATGTATGCCCTGCGAGAA,PSMC5,1566,664,682
PSMC6_TGCACTCACACTCCTTAAGA,PSMC6,2061,3,15
PSMD1_TGCTCTGGAGACACGAAGAC,PSMD1,1016,776,796
PSMD1_TTCCGGGATCAGAGAAAGAC,PSMD1,756,42,27
PSMD1_GGGCCTTGGTTTGGCAGCCA,PSMD1,637,286,581
PSMD1_TGCTCAGGCTATTGAGGACA,PSMD1,792,0,37
PSMD1_ACCAGAGCCACAATAAGCCA,PSMD1,634,22,43
PSMD1_TGTGCGCTACGGAGCTGCAA,PSMD1,267,57,33
PSMD10_GCTGGGACAGCGAAATGGAG,PSMD10,683,292,155
PSMD11_TGAGAGCGGTAAGATGGCGG,PSMD11,463,25,0
PSMD11_GGATCTCTCCTGGCAAAGAC,PSMD11,338,227,115
PSMD11_GATCAAGAAGAGATCGGACC,PSMD11,387,0,0
PSMD11_TTCTCTTTCCTAGGCAAGAC,PSMD11,1561,336,357
PSMD11_ACCCGACTGCATGTCCAAGG,PSMD11,395,36,2
PSMD11_TTGCACTTCGGTATGCAGGG,PSMD11,626,41,26
PSMD12_GGTGGACTACAGCGCCACGG,PSMD12,17,0,69
PSMD12_TGACGGGCGCATCGTCAAGA,PSMD12,789,125,67
PSMD13_TCCAGACGGTGCCACACAGC,PSMD13,857,100,67
PSMD13_CCGTGCTTTGCCCAAGGAGA,PSMD13,769,226,45
PSMD13_CATCTTTGTAGTAGGACGCG,PSMD13,140,38,65
PSMD13_CTAGCAGGACTTCTCGGCGA,PSMD13,2329,33,21
PSMD13_TCAACAGTGGCAACGTAGAG,PSMD13,1028,8,55
PSMD13_CCGAGTGTTGGATTTGCAAC,PSMD13,1532,811,785
PSMD14_AGACTTCTTAGACTTGGAGG,PSMD14,1099,81,160
PSMD14_TGGAGGAGGTATGCCTGGAC,PSMD14,868,95,82
PSMD14_TCTTTGTTTCAGGCCGGAGA,PSMD14,174,0,0
PSMD14_AAAGCCAACAACCAAAGCCA,PSMD14,746,0,0
PSMD14_TGCCACAGCTCTCTCCGACA,PSMD14,1175,0,29
PSMD2_CCTGCTTATGGAAATTGAGC,PSMD2,773,101,45
PSMD2_CGAGGAACCTTACCCAAAGA,PSMD2,936,43,34
PSMD2_TTGAATCTGTCCTGTAGGGA,PSMD2,1424,937,822
PSMD2_CTCTCTTCAATTGCAGGGAG,PSMD2,1329,304,326
PSMD2_CCGGCAGCTTATGAGCCAGG,PSMD2,549,84,16
PSMD2_GCTTATGAGCCAGGTGGCCG,PSMD2,1110,73,74
PSMD3_TCTTGTTCTCCTCCGCCGGG,PSMD3,502,97,53
PSMD3_GAACAGCAAGCGCTACAAAG,PSMD3,992,40,31
PSMD3_CTACAAGGTCTAGGGCCCGG,PSMD3,916,51,22
PSMD3_CGCTTCGGCATGACGCAGAC,PSMD3,2046,765,770
PSMD3_TGGATGGCTTTGATTCGCCC,PSMD3,411,0,0
PSMD3_ATGAGTGAGCGCTTGAGGGA,PSMD3,355,0,7
PSMD4_GGGTCAACATTTGCTCACCA,PSMD4,331,41,0
PSMD4_CCATAGATACACGAAGGGCC,PSMD4,731,49,27
PSMD5_AGCCCAGGGTTGGTTTGCAA,PSMD5,1049,551,908
PSMD5_AGGATTCTGTCATCCTCAGA,PSMD5,696,57,233
PSMD5_GAGGACTATCCATGACAGCC,PSMD5,225,50,32
PSMD5_ATTGCTCCAAGCTATGGAAC,PSMD5,769,154,196
PSMD5_CAACGAGCTTCGCCAGCAAG,PSMD5,650,251,224
PSMD5_CGCTGCTGAGAGAGGTAGCG,PSMD5,1164,266,316
PSMD6_TCTCCCGGCAGCAATAAACC,PSMD6,2291,37,95
PSMD6_CGCTTCTGCCATATAGCCAA,PSMD6,807,382,319
PSMD6_AATATCCAATCGGTGACCCA,PSMD6,194,0,0
PSMD6_TCGCGATGCAATGATGGCAA,PSMD6,1098,55,66
PSMD6_ATGCCAACCTCTACTAGGGC,PSMD6,219,114,190
PSMD6_CGCGATGCCGCTGGAGAACC,PSMD6,1539,227,330
PSMD7_CATCATTGATGTGAAGCCGA,PSMD7,506,86,126
PSMD7_AGATATCAAAGACACGACGG,PSMD7,1459,61,257
PSMD7_GACCACGGAACGGATCAGCG,PSMD7,182,0,0
PSMD8_CTGACATGTTCATTAAGGGC,PSMD8,1004,143,197
PSMD8_GCCTACAAACGCTTGCCCGG,PSMD8,128,47,230
PSMD8_GCCATGTAGCGCTCGAAGGA,PSMD8,973,10,8
PSMD8_GGCCATGTAGCGCTCGAAGG,PSMD8,382,105,91
PSMD8_GACAGACTACGCCAAGAAGG,PSMD8,275,64,39
PSMD8_ATCCCTCCTTTCCTGCAGCG,PSMD8,693,0,35
PSMD9_CGATGTCCGACGAGGAAGCG,PSMD9,745,194,108
PSMD9_GGAGCTGATGCGGCGCAAGG,PSMD9,615,236,333
PSMD9_ACAGGTCCACGTCTGACCGG,PSMD9,1047,318,204
PSMD9_CCTTGTCGCGAGCGTGCAGC,PSMD9,662,86,509
PSMD9_CGCTCGCGACAAGGAGAAGC,PSMD9,1326,301,2
PSMD9_CTTGTTCCAACACGCTGGGC,PSMD9,251,53,134
PSME1_TCCTTGACTGGATCAGGCAC,PSME1,322,54,106
PSME1_TGTCATTGAGCAGCTCAACC,PSME1,1505,504,424
PSME1_CAGATACCTCGGATTGAGGA,PSME1,245,215,135
PSME1_TTCTAGCTTGGTGTGGAGGC,PSME1,766,150,289
PSME1_CACAGGTATTTCTCTGAGCG,PSME1,423,167,245
PSME1_ACAGGGTGATTATCGGCAGC,PSME1,898,263,151
PSME2_CAGCTGCCCTCACTTGGAAA,PSME2,556,311,239
PSME2_TCCCGTGTCACCACAGGAGA,PSME2,1572,273,334
PSME3_CACCTTCAGCAACGAGGCCA,PSME3,467,94,0
PSME3_TTTCCATCTCAGAAGAACGC,PSME3,891,67,77
PSME3_AGGTTGATTCTTTCAGGGAG,PSME3,891,0,10
PSME3_CACCAATAGCCATGATGGAC,PSME3,1241,94,32
PSME3_AGCCCACTTATAAGAAGCGA,PSME3,854,0,23
PSME3_CACATCTCTGCCAGGAACCA,PSME3,1844,19,17
PSME4_GCCCGCAGTTTGGTATCAGG,PSME4,764,355,270
PSME4_AGGCACAGGAGTTAACCAAG,PSME4,2681,335,498
PSME4_ATCCTTCAAATAATGGGCGC,PSME4,208,5,36
PSME4_GAGAAGCTTGAACCTCCCAG,PSME4,1,103,96
PSME4_GAGCTGATTTGGAGTTACCC,PSME4,190,39,129
PSME4_CTCCAAGAGCTGTGGCCCGG,PSME4,1666,327,274
PSMF1_ACTGTTCGCATCGGCAGCGC,PSMF1,1817,90,104
PSMF1_CCACGGTGATGGCTTTCACA,PSMF1,1838,375,512
PSMF1_AACACCTGGGTGACTTCCAC,PSMF1,559,141,10
PSMF1_ACCTCTCTGGCGGTAGCAGG,PSMF1,574,58,9
PSMF1_CCATTGGGACCAGCCCACCC,PSMF1,887,360,338
PSMF1_CATGTCATCGTAGCCCGGCG,PSMF1,1120,93,153
PSMG1_CACGACCTTCCTGCAGCAGG,PSMG1,1028,0,29
PSMG1_ATACAAGTCCCACCTACCGA,PSMG1,1152,42,13
PSMG1_TCCTCAGTCCCAGCTCGGCA,PSMG1,672,75,96
PSMG1_CACCACCTCTCCGAAGAACG,PSMG1,1205,2,94
PSMG1_GGCGGCCACGTTCTTCGGAG,PSMG1,2043,15,59
PSMG2_TACCGATTGTCTTGTGCCAA,PSMG2,592,99,128
PSMG2_AATCCATATGCGACCACAGA,PSMG2,1014,94,20
PSMG2_TGTATCCGCATTCCGGGAGG,PSMG2,501,81,13
PSMG2_CCACAGTATCTGCCTCACGG,PSMG2,1058,83,0
PSMG3_TGTCCTTCACGGCCACGGCG,PSMG3,29,0,4
PSMG3_CAGAGCAGTCCTCCTCGCCG,PSMG3,2414,6,52
PSMG3_ATCGAAGCAGAAGACGGAGG,PSMG3,172,0,0
PSMG3_GATATCGAAGCAGAAGACGG,PSMG3,175,0,0
PSMG3_GGTGATATCGAAGCAGAAGA,PSMG3,450,0,35
PSMG4_TGGAAATTCTTGGAGCAGAG,PSMG4,904,297,451
PSMG4_ATGACCAATACGTGGTAAGC,PSMG4,611,251,149
PSMG4_AGTCCGTCAGCCGCATGACG,PSMG4,1288,0,0
PSMG4_TGTCGGAAGTGTCTCCAAGG,PSMG4,1011,102,160
PSMG4_GGTGTCACCTCTGTGCAGGA,PSMG4,326,154,139
PSMG4_GGATACCTCAGGCCGACCGC,PSMG4,397,125,72
PSORS1C1_TGGGATCTGTGTTAAGGAGC,PSORS1C1,1087,390,299
PSORS1C1_ATTCCATCTGGCAGCCACCC,PSORS1C1,625,388,255
PSORS1C2_TCCTCTCGGTCCTCTGCGGG,PSORS1C2,183,52,42
PSORS1C2_ACCCGCAGAGGACCGAGAGG,PSORS1C2,971,71,194
PSORS1C2_TCCTCTGCGGGTGGGTGAGA,PSORS1C2,1148,135,280
PSORS1C2_TACAGGCATCTCAGGCAGCG,PSORS1C2,2230,805,682
PSORS1C2_CACCTCTGGTGTGCAGGCAA,PSORS1C2,789,139,205
PSPC1_CGGATTCGCTTCGCTACACA,PSPC1,1875,856,1183
PSPC1_TAGAGGTCTGCTCTTGAGAA,PSPC1,328,316,359
PSPC1_TCACGGAGGAGGACTTCAAG,PSPC1,846,260,508
PSPC1_GCAGATTTCCCACGAAGAGG,PSPC1,2032,147,146
PSPC1_GGACCACCCGGACGAGGAGA,PSPC1,434,71,77
PSPC1_CATGGCGCTCGCTCTTGCCG,PSPC1,543,119,20
PSPH_GCACCCTTAATACATACAGC,PSPH,679,295,325
PSPH_CCCTTAATACATACAGCAGG,PSPH,516,124,146
PSPH_AATACATACAGCAGGAGGAC,PSPH,227,52,87
PSPH_TTCCTCTTACCTTATGCCGG,PSPH,575,74,127
PSPN_CGTCGGTGTAGCGAGTGGGC,PSPN,387,123,146
PSPN_TCTCCTCTGAGGCGTAGCCC,PSPN,404,61,158
PSPN_CTGGAAGTCCTTACCCAGCC,PSPN,633,95,482
PSRC1_AAGGGAGGACCAGACTGACC,PSRC1,80,55,208
PSRC1_CGAGTTGACAGAGAATCCGG,PSRC1,980,361,355
PSRC1_GCTGGTGAGTGGCATTCGGC,PSRC1,235,299,111
PSRC1_AGCACAAAGGTCTCCCGCCG,PSRC1,1557,25,184
PSRC1_AGTGAAGCCCAGTCCTCGGC,PSRC1,50,0,38
PSRC1_GACATGGAGGATTTGGAGGA,PSRC1,467,47,42
PSTK_GCCGAGAACATCAGAGGAAC,PSTK,687,204,146
PSTK_TCAGAGGAACCGGCAGCGAC,PSTK,1418,178,85
PSTK_AATTACATTTCCGAGCCAGC,PSTK,193,59,57
PSTK_CTCTGTAAACAGGTCTCAAG,PSTK,1205,47,44
PSTK_AAACTGATCAGACACTCCGA,PSTK,553,13,0
PSTK_CATCAAGTGCAGAAGCGCAA,PSTK,267,73,300
PSTPIP1_AATGACAGATGCCCTAGACC,PSTPIP1,1284,118,182
PSTPIP1_CGCCGTCTGCAACACTCAGA,PSTPIP1,907,136,58
PSTPIP1_GCTGGTGCAGATCGCACGGA,PSTPIP1,52,35,15
PSTPIP1_CTGCTTCAAGGAGTCAAAGG,PSTPIP1,1709,795,813
PSTPIP1_GGGCAGCTCACACATCCAGC,PSTPIP1,461,76,91
PSTPIP1_AGGTGCTGCGCCTCATCCCA,PSTPIP1,380,107,138
PSTPIP2_CTACAGGGCCTAACTTGGCA,PSTPIP2,1983,495,296
PSTPIP2_TGGATAAGGTCCGAGAAGAG,PSTPIP2,1383,327,519
PSTPIP2_CATGCTGCACATCGGCACCC,PSTPIP2,961,672,814
PSTPIP2_GAACCCGAAGCAACAAGAAA,PSTPIP2,543,146,171
PSTPIP2_AGGCAGAACAGGCCGTCAGC,PSTPIP2,590,2,95
PSTPIP2_CTAGGGCAGCAATTGAAGAG,PSTPIP2,2145,535,734
PTAFR_TGACCGTATCCGTGGTGGCC,PTAFR,1179,144,190
PTAFR_GATGTGCATCATTAATGGCC,PTAFR,24,73,108
PTAFR_CTGCTTTGAGCATTACGAGA,PTAFR,1621,290,231
PTAFR_CAGGCCAACACCCGCAAGCG,PTAFR,1733,276,536
PTAFR_GCCGAGTTACTGCCTGGAAG,PTAFR,1784,229,347
PTAFR_CAAGAAGAGCATGTCCGCCA,PTAFR,791,264,570
PTAR1_GGCTTGCTCCACGTTCCGAC,PTAR1,759,63,468
PTAR1_GAGGTCTGTGGTGAAGCAGC,PTAR1,50,123,80
PTAR1_TTGCCTTCCTTTGTGACCAA,PTAR1,1950,364,395
PTAR1_ACAAACTGGGTGTGGAGAGC,PTAR1,757,374,159
PTAR1_ACATCACTAACGCCTTCAGG,PTAR1,299,219,134
PTAR1_CAACATGGCCGAGACCAGCG,PTAR1,479,639,99
PTBP1_ACGGCTGTGCCTCCCACAGC,PTBP1,409,200,263
PTBP1_GCCATGGTCTGGTCCAGCGA,PTBP1,1187,88,174
PTBP1_GCCTCTCCGTATGCAGGAGC,PTBP1,574,39,170
PTBP1_CGTGGACGTTCGGAACGGAA,PTBP1,1506,325,212
PTBP1_GCCTCTTACCCAGCTGGGCC,PTBP1,391,6,172
PTBP1_CAGGCCCTCAGTCTCCGAGG,PTBP1,221,60,90
PTBP2_AGCTTTGTCCGGTTCGGCAA,PTBP2,1298,371,432
PTBP2_CTAAGTACTGGACTCTGGGC,PTBP2,1547,178,321
PTBP2_ACTGGAGCAAAGCTTGAAAC,PTBP2,1367,143,171
PTBP2_ATCAATCCTTAGGGTACAGC,PTBP2,558,53,0
PTBP2_AGACAGCGCTCTAATACAGA,PTBP2,535,159,154
PTBP2_ACTGTACAGCTACCTCGAGA,PTBP2,365,117,291
PTBP3_CGAGAGGGACAAGAAGACCA,PTBP3,1189,213,60
PTBP3_TCTTTCCCATTAGGTGCACC,PTBP3,364,13,114
PTBP3_CTCTTTCCCATTAGGTGCAC,PTBP3,351,146,117
PTBP3_TGCCGTCCAATCAGGAAGCC,PTBP3,1070,389,313
PTBP3_GAGAACACGGGAAGGCGAAC,PTBP3,783,419,244
PTBP3_AGAACACGGGAAGGCGAACA,PTBP3,1018,469,646
PTCD1_CGAAGTGGTCATCCGCCAGC,PTCD1,599,426,339
PTCD1_CCTGACATTCTTTAACACGC,PTCD1,1572,248,152
PTCD1_AATCATCCACAAAGGGCACG,PTCD1,1338,97,154
PTCD1_CTCGGCACAGACGTTGAACA,PTCD1,3735,669,467
PTCD1_GCGGGTTGGCTACCTGAAGA,PTCD1,2,0,0
PTCD1_CTGCCCACCTGGCTCTACAG,PTCD1,643,66,100
PTCD2_AGCCGCGGATACCTCCGAGA,PTCD2,1799,180,172
PTCD2_AAGCCGCGGATACCTCCGAG,PTCD2,502,121,354
PTCD2_AGCTAATGCCACAGCGAAAC,PTCD2,2028,737,734
PTCD2_CCAGGGTTACTCAGCCAACA,PTCD2,2594,1198,887
PTCD2_ACCAGGGTTACTCAGCCAAC,PTCD2,557,328,356
PTCD3_GCGGGCGGGTTTGTGTGAAC,PTCD3,25,4,6
PTCD3_CTCAATTCGTTCCTTCAGGG,PTCD3,1510,180,270
PTCD3_CCAGCACCGAGCTTATGAGC,PTCD3,817,224,88
PTCD3_ATTCGCCTGTTTGATCAACC,PTCD3,434,83,19
PTCD3_AAGGGACAAGCACCCACCAG,PTCD3,563,274,162
PTCD3_AGCTATACAGTTGAGAGAGG,PTCD3,246,77,240
PTCH1_TCGAAGTTTGTCCACCGCAA,PTCH1,1494,542,473
PTCH1_CATGATCACACACTTACAGG,PTCH1,1936,233,486
PTCH1_CATGTATACATGGACACGGC,PTCH1,93,179,91
PTCH1_AGCGAACCTCGAGACCAACG,PTCH1,198,127,108
PTCH1_CAGATAGTCCCGGTCCGGCG,PTCH1,2156,342,536
PTCH1_TCCTCCTCCGTCTTTACAAA,PTCH1,1016,313,278
PTCH2_CATTGAAGGTGATGCCGAGC,PTCH2,473,269,717
PTCH2_CATGTGTCTGATAGTCACCC,PTCH2,758,340,94
PTCH2_CGTGAGCCACATTGGGAGCC,PTCH2,2078,550,374
PTCH2_GCTGCTAGACAAGGCACAGG,PTCH2,1237,177,249
PTCH2_AATGCAGCTCCTGGCTCACC,PTCH2,83,105,201
PTCH2_CCTGGCATTAGGTCTCCGCA,PTCH2,21,209,123
PTCHD1_GAAGCTGGCGCCGAGCAGGA,PTCHD1,298,145,113
PTCHD1_AGTAGAGACGGTGCTTGGAG,PTCHD1,841,210,96
PTCHD1_GGAAGGAGGTGACGATGACC,PTCHD1,89,624,196
PTCHD1_ACTGCGTCCGCAGCAAACCC,PTCHD1,694,385,430
PTCHD1_TTATGGTCACCAATCCGAGC,PTCHD1,1278,430,142
PTCHD1_CAGATAGCCCATTAAGGCAA,PTCHD1,1027,265,244
PTCHD2_TCTCCTGCAGACTATGGACA,PTCHD2,1462,621,429
PTCHD2_CTACTGAGTAGTAGTTGGGC,PTCHD2,387,26,90
PTCHD2_GGCCCTCTTCCTGTACCACG,PTCHD2,317,86,202
PTCHD2_AGGCCAAAGTCGTGGACGGC,PTCHD2,501,64,426
PTCHD2_CTGGAGGTCGAGGAAGAGCC,PTCHD2,450,203,306
PTCHD2_GGTCAGCCGTCAAGAGCCGC,PTCHD2,20,234,81
PTCHD3_GGGTGTTTCCATGTGCAGGA,PTCHD3,231,142,249
PTCHD3_GACTCACTCCTTGTGAGAAA,PTCHD3,523,224,292
PTCHD3_TGCCTGCCGTGGTTGTAGGC,PTCHD3,410,385,425
PTCHD3_GCCTGCCGTGGTTGTAGGCG,PTCHD3,1342,424,308
PTCHD3_CTTGGGTAGGTACAGGAAGC,PTCHD3,909,258,249
PTCHD3_CATCGTCCAGCATCGACGGC,PTCHD3,246,236,148
PTCHD4_GCCAGAAGTTTCCCAGAGGG,PTCHD4,602,117,283
PTCHD4_ATCACTGTCTGGAACCACAC,PTCHD4,189,155,325
PTCHD4_GAACGGGATTCCCAGCAGGG,PTCHD4,1088,104,171
PTCHD4_CAAGCAGTCCTTCATGGAGC,PTCHD4,498,285,671
PTCHD4_GCTCAACCGCTTCCAGCCCG,PTCHD4,1910,195,271
PTCHD4_GATTGTCAGGACTGCGGGCA,PTCHD4,368,360,145
PTCRA_GCCTCCTTCCGAGTGGGCCA,PTCRA,202,161,49
PTCRA_GGGTAGGGCTGGACACCCAA,PTCRA,227,67,121
PTCRA_ATCTGGTTCTCAGCCGGCAA,PTCRA,421,147,160
PTCRA_TTCCTCCTCGCAGGGACACC,PTCRA,60,109,272
PTCRA_CGGCTCCCATCGACTGCACC,PTCRA,895,227,188
PTCRA_AATGCTCCAAGACTGGAGGA,PTCRA,730,97,40
PTDSS1_GATGATCAACGAGCAGCAAG,PTDSS1,489,10,161
PTDSS1_TCATCCAGCCTTATGGCGAA,PTDSS1,2138,398,479
PTDSS1_CAAATCTTCGATACGCCACA,PTDSS1,1410,123,121
PTDSS1_ACCGTAACTACGGATCAGCA,PTDSS1,1874,202,331
PTDSS1_TAGAGATGAGGACTTACCAC,PTDSS1,546,94,170
PTDSS1_AGGGACATTCATACCACCAC,PTDSS1,500,99,14
PTDSS2_GGCCGAAACGCCATGCGGAG,PTDSS2,1505,241,230
PTDSS2_GCCGATGCTCCTCTGTGAGA,PTDSS2,387,189,183
PTDSS2_CTGCCAGAGAGAGACTACGG,PTDSS2,1601,257,218
PTDSS2_TACCAGCCAAGAAAGTGCGC,PTDSS2,804,99,38
PTDSS2_CGAGTTCCTGGAGTACAGCC,PTDSS2,697,521,244
PTDSS2_TGGACGTGCTCGTCTGCAAC,PTDSS2,1592,503,248
PTER_CCTTGTAGAGCCAAGCAAAC,PTER,2744,980,903
PTER_TGGAAATAGCTTCCTGGCAC,PTER,588,167,101
PTER_CTGCTCCACTGACATGGCCC,PTER,279,254,253
PTER_TTCACTCTCAGTCAAAGGCC,PTER,786,321,411
PTER_GATAATCTGAAATGGTGCCC,PTER,81,15,8
PTER_ACCTCCATATTTCATCAGCC,PTER,511,141,222
PTF1A_GGCCTCGGTGAGCCAGACGA,PTF1A,373,278,222
PTF1A_GGCGGCTACTGCTGCGAGAC,PTF1A,1270,328,502
PTF1A_GCGGCTACTGCTGCGAGACG,PTF1A,966,452,213
PTF1A_AGTTGATGTAGCCGATGGCC,PTF1A,338,79,196
PTGDR_GGCACCCTTTCTTCTACCGA,PTGDR,361,66,142
PTGDR_TGTGCCGTCGGTAGAAGAAA,PTGDR,933,335,426
PTGDR_CACCTGGTGCTTTATCCAGA,PTGDR,500,255,159
PTGDR_TATCCAGATGGTCCACGAGG,PTGDR,284,73,46
PTGDR_CATCGCATAGAGGTTGCGCA,PTGDR,1455,921,413
PTGDR2_TCGAGGTGCTGCTCAGCGCC,PTGDR2,435,241,463
PTGDR2_GCTGCCCTTCGTCACCAGCC,PTGDR2,106,108,65
PTGDR2_CTCGAGGCGATGATCGCCAG,PTGDR2,333,232,284
PTGDR2_CAGGCAGACTTTGTGCGCCG,PTGDR2,1137,296,617
PTGDR2_CAGCTCCCACGAGTGGCCCA,PTGDR2,1144,182,232
PTGDS_AGTTGGGCTGCACGGAGACC,PTGDS,608,297,26
PTGDS_GGCCACCACAGACTTGCACA,PTGDS,1866,339,349
PTGDS_CCGGTAGCTGTAGGAGCCGA,PTGDS,720,76,156
PTGDS_CCATGGATCTCCGCGGCAGG,PTGDS,858,201,1005
PTGDS_GCCATGCGGAAGTCCTCGCC,PTGDS,721,89,103
PTGDS_TTTCTCCTTTAACTCAGCCC,PTGDS,402,183,85
PTGER1_CCTCTGGTTGTGCTTAGAAG,PTGER1,1933,534,439
PTGER1_TGGGCCTAACACCGAGCGCC,PTGER1,510,126,152
PTGER1_GCGAAGCAGTTGGCGCAGCA,PTGER1,413,544,541
PTGER1_CGATGAAGCACCACGTGCCC,PTGER1,890,424,176
PTGER1_GCCCAGCGTCATGGAGAAGA,PTGER1,1052,485,477
PTGER1_ATGGAGAAGATGGGCAGCGC,PTGER1,977,565,727
PTGER2_GCGTCTCGCAGTCCTCAGAC,PTGER2,140,375,327
PTGER2_GGTCACCAGCACGTGGAACA,PTGER2,2142,208,283
PTGER2_GGTGCTTCATCCGGCACGGG,PTGER2,120,28,57
PTGER2_TCCGCATGCACCGCCGAAGC,PTGER2,1847,895,672
PTGER2_GAATGAAACCTCTTCCCGAA,PTGER2,809,115,215
PTGER2_GAACGCATTAGTCTCAGAAC,PTGER2,1281,347,253
PTGER3_CAAATCCAAGAACCAACGGA,PTGER3,273,75,127
PTGER3_CTTCTTAATAGCTGTTCGCC,PTGER3,79,89,0
PTGER3_AGTACACCGTCCAGTGGCCC,PTGER3,9,101,74
PTGER3_TACTGGCCCACGCCCAGCAC,PTGER3,138,142,233
PTGER3_CCAGCCGATGCACAGCAGGA,PTGER3,1976,378,775
PTGER4_TACATGAAGGGCCAATGGCC,PTGER4,117,84,105
PTGER4_AGTGGCTGTAGAAATAGGCA,PTGER4,906,261,363
PTGER4_CACAAGCACGTTGCAGAGGA,PTGER4,1559,603,1255
PTGER4_TCAGCGACTTTCGGCGCCGC,PTGER4,628,129,242
PTGER4_TGAGCACTGTCTTTCTCAGG,PTGER4,1563,114,79
PTGES_TGCAGAGCCATGGAGGCGCA,PTGES,741,589,511
PTGES_CACGGCCCACGAGGAAGACC,PTGES,1678,571,432
PTGES_CATGTCGTTCCGGTGGGCCC,PTGES,507,29,101
PTGES_CAGGGCCCACCGGAACGACA,PTGES,754,231,589
PTGES_CCCGAGGATGCCCTGAGACA,PTGES,4539,1092,1023
PTGES2_GCGTGCTGCGTGTGATGGAG,PTGES2,1428,346,121
PTGES2_TCAGCAAGCGACTCAAGAGC,PTGES2,2133,205,219
PTGES2_GGCTGTGAACGAGCAGGGCA,PTGES2,217,107,185
PTGES2_GGAGGTGAACCCTGTGCGCA,PTGES2,1085,42,181
PTGES2_CCTTACGAGCTGCAGCCACG,PTGES2,1042,466,408
PTGES2_CGGCGGAGCGAACATGGACC,PTGES2,884,144,215
PTGES3L_ATATCCTCCTTGGTAAGCCG,PTGES3L,856,158,172
PTGES3L_CTGGCCGCGGCTTACCAAGG,PTGES3L,528,91,104
PTGES3L_CTCAGCTGCAAGAATGCCGA,PTGES3L,715,170,122
PTGES3L_GGTGATCCTCAATAAGCACG,PTGES3L,58,0,10
PTGES3L_CCCGGACCTTGTGGTACGAC,PTGES3L,1477,246,436
PTGES3L_GGCATTTAGAGTTCCAGGCA,PTGES3L,599,154,183
PTGFR_TCATGAGAATGGCGATGGCA,PTGFR,414,166,213
PTGFR_TGCCTTCATGAGAATGGCGA,PTGFR,1004,170,361
PTGFR_CTATGGCTCCATTGATGAGA,PTGFR,852,152,97
PTGFR_AAATTCAGGCGTCGAGGACC,PTGFR,122,68,143
PTGFR_TTGCTCTCCGAATGGCAACA,PTGFR,829,310,269
PTGFRN_CTCATAGTTTCCCTGGACAG,PTGFRN,2933,779,497
PTGFRN_TACGAGCAGCGCTACCACAG,PTGFRN,3284,460,604
PTGFRN_TGTGGGCACCCGGACACAAC,PTGFRN,1144,332,291
PTGFRN_AGCTGCTTGCAGTCATGGAC,PTGFRN,729,482,295
PTGFRN_CCTCGCCTTCACCACAAGCA,PTGFRN,1233,255,303
PTGFRN_CACTGTCGAGGGAGCAGCAC,PTGFRN,1505,330,323
PTGIR_GACTGCTGTGTGGGAGGCAA,PTGIR,1247,296,189
PTGIR_TCTGCTCCTGTGGGAAAGGA,PTGIR,1130,259,273
PTGIR_CGCGCAGAAGAGGACGCAGA,PTGIR,1468,171,382
PTGIR_CGAAGGCGAAGGCATCGCAC,PTGIR,597,357,254
PTGIR_CGAAGGCATCGCACAGGGCG,PTGIR,428,494,249
PTGIR_GCGCGCATAGGCCACGAACA,PTGIR,2974,714,1016
PTGIS_CAGGCTGCTCCGCTTGCCAA,PTGIS,451,352,508
PTGIS_TGTCAGAGGAGATGCAGGCA,PTGIS,2459,727,689
PTGIS_ACCCACTGACAGGGAGCCAC,PTGIS,261,250,100
PTGIS_CCCACACTCCTACGACGCGG,PTGIS,302,714,637
PTGIS_CATGGCTTCTGTAGGCGACC,PTGIS,325,250,168
PTGIS_AGGACACTCACCGCGTGCGG,PTGIS,175,86,183
PTGR1_TTTGTCGTCTACCGCTGGCA,PTGR1,1202,319,196
PTGR1_TATCTATCAGGAGCTTCGCA,PTGR1,203,192,185
PTGR1_ATGGAGTGCGTTGTCCAGCC,PTGR1,531,210,206
PTGR1_GGATGGTTCGTACTAAGACA,PTGR1,780,131,228
PTGR2_AGTGGCAGAGAATTTCCGAA,PTGR2,498,383,191
PTGR2_ATTCGGAAATTCTCTGCCAC,PTGR2,426,33,4
PTGR2_TGACTTCTTTCTATTGGCCC,PTGR2,196,248,314
PTGR2_ACCTGGTAATAAGGGCAAAG,PTGR2,1268,314,388
PTGR2_ATCATGGACTGGAATGCAGC,PTGR2,454,205,292
PTGR2_TTCCAGTCCATGATGACAGG,PTGR2,630,379,67
PTGS1_GGTAGCGGTCAAGGCCGAAG,PTGS1,31,95,34
PTGS1_CCGAGAGATGCTCATGCGCC,PTGS1,1,285,335
PTGS1_CCTCCTGAGCAGGAAGCGGC,PTGS1,359,60,103
PTGS1_CAACTGCGGCTCTTTAAGGA,PTGS1,344,170,182
PTGS1_GCGCCTCTTCTACCGAGGGC,PTGS1,205,58,118
PTGS1_CATGCCTGACTCCTTCAAGG,PTGS1,988,248,581
PTGS2_CACCAGGCAAATTGCTGGCA,PTGS2,920,469,252
PTGS2_GATGCTCAGGGACTTGAGGA,PTGS2,578,274,8
PTGS2_CCCAGCCCGTTGGTGAAAGC,PTGS2,3626,1204,1602
PTGS2_TTACTCACCTTTGACACCCA,PTGS2,674,440,319
PTGS2_AAGTGCGATTGTACCCGGAC,PTGS2,569,450,804
PTGS2_CAGGACCGCGCACAGCAGCA,PTGS2,852,350,450
PTH_GGGAGCTAGAGGAGCTCCAA,PTH,65,8,25
PTH_ACTCGATGGAGAGAGTAGAA,PTH,413,207,118
PTH1R_GCGTACGCGGAGCTGAGCAC,PTH1R,1921,438,246
PTH1R_CTGACCTTCGGCTTGGCAGG,PTH1R,1228,168,103
PTH1R_TGGTCCCATTCCGGCAGACA,PTH1R,2175,465,808
PTH1R_CCGCAATGGCAGCTGGGAGC,PTH1R,1713,433,372
PTH1R_CCGCCCACCTAAAGTAGGCC,PTH1R,827,273,163
PTH1R_GCGCTCAGCCTCATCAAGCG,PTH1R,3414,934,1350
PTH2_GCAGCAGCAGCCGAACCCGA,PTH2,989,131,321
PTH2R_TTGTTGGCCCAGAGGAACAG,PTH2R,1022,339,411
PTH2R_TATCTGGCTGCAGAAAGCGA,PTH2R,143,35,93
PTH2R_GATGAGAATAGCCACAGCCA,PTH2R,324,47,6
PTH2R_CCTTTACTCCTATGTGAGCA,PTH2R,609,432,267
PTH2R_GAAACTGGCCAAATCGACAC,PTH2R,575,324,262
PTH2R_GAGTTACTCCAGACATAGCC,PTH2R,531,77,218
PTHLH_ACGTTGTGGAGGTGTCAGAC,PTHLH,755,446,483
PTHLH_TTGTGGAGGTGTCAGACAGG,PTHLH,1127,128,234
PTHLH_GAGCAGCCGCTCAAGACACC,PTHLH,844,188,150
PTHLH_ATCATCAGACCCAAATCGGA,PTHLH,280,136,21
PTHLH_AGGGCACCGCGTAGCTCAGC,PTHLH,28,193,100
PTHLH_GGAGACGATGCAGCGGAGAC,PTHLH,304,70,61
PTK2_CTTGGACGATGTATTGGAGA,PTK2,1205,58,100
PTK2_GCGAGGTTCCATTCACCAGC,PTK2,1466,0,14
PTK2_CAAATCTGTAGACTGGAGAC,PTK2,699,36,0
PTK2_GATAGCTGATCAAGTGGACC,PTK2,727,3,72
PTK2_TGGGCCAGTATTATCAGGCA,PTK2,2235,9,34
PTK2_CAAGAGGCCCTGAAACCAGC,PTK2,187,112,165
PTK2B_GGTCAAATGCACTGTCCAGA,PTK2B,154,29,86
PTK2B_GCCCATAGCACTCAGCCAAC,PTK2B,1063,418,462
PTK2B_CATGCAGCGCTACGCCAGCA,PTK2B,510,552,691
PTK2B_CATATCCTTGAAGAACCGCC,PTK2B,390,85,67
PTK2B_CGGCTTCGCCAACATCGACC,PTK2B,1480,512,475
PTK6_AGTCGCAGAATTACATCCAC,PTK6,371,10,812
PTK6_ACACCACGGCGTACAGCGCC,PTK6,100,117,55
PTK6_AAATCACCTTAATGGCCACC,PTK6,631,179,57
PTK6_CCGGCTGCACCTGAACGAGG,PTK6,927,121,266
PTK6_CCGACGCACAGCTTCCGAGC,PTK6,766,104,54
PTK6_CGAGGAGCTGAGCTTCCGCG,PTK6,1,109,181
PTK7_CGCTGAGCAGAGGCAACCGG,PTK7,5605,1062,764
PTK7_CAGTCATTGAGGGTCTGACA,PTK7,1337,103,69
PTK7_CCTCCCTGACTCCTTACCGA,PTK7,383,168,87
PTK7_AACCTGACGCTCCGGCCAGC,PTK7,257,164,99
PTK7_CCCAGGACGTGGTAGTAGCG,PTK7,572,442,509
PTK7_CTGCATTGCGTGGCCGGACC,PTK7,2078,1025,777
PTMA_GGCCAAGTCAGTCGACAAGC,PTMA,1293,441,451
PTMA_CGGCCAAGTCAGTCGACAAG,PTMA,3127,875,1032
PTMA_TTGTCGACTGACTTGGCCGA,PTMA,1674,279,190
PTMA_AGCTTGCAGTGGCACGCGCG,PTMA,797,225,163
PTMA_TTGCCTTGGAGACTCCCGGC,PTMA,264,55,21
PTMS_AGCGGCCGAGTTGAGCGCCA,PTMS,778,34,172
PTMS_CCACCAATGGGACTGGAGCC,PTMS,417,639,478
PTMS_GAGAGGGAGTAGCCTCAGGC,PTMS,718,0,0
PTMS_GAAGAAGAAACTGCCGAGGA,PTMS,228,11,35
PTN_GGGCTTGGTCAGTTTGCCAC,PTN,710,168,10
PTN_TTTGCCACAGGGCTTGGAGA,PTN,779,282,308
PTN_ACACGGGAGGGCACTCGGAC,PTN,2313,583,434
PTOV1_GAACGAAGGCGACACCAAGC,PTOV1,830,165,76
PTOV1_CAACTGGGAGTTCCGGAACA,PTOV1,2584,464,399
PTOV1_GAGACTGCGACTCGCTCAAG,PTOV1,619,79,162
PTOV1_AACAAGTTTCTGGCATGGAG,PTOV1,1386,80,131
PTOV1_CCGGAACAGCGGCACTAGGG,PTOV1,1468,360,361
PTOV1_GCTGGTTGGCAATGACACGC,PTOV1,983,394,143
PTP4A3_CGGGCGGTTCATCCGAGCCA,PTP4A3,1890,322,378
PTP4A3_TGTTTGTAGCTCACCTCCAC,PTP4A3,201,223,191
PTP4A3_TTCACACACACGCACCACAG,PTP4A3,2516,235,529
PTP4A3_CCGGCAAGGTAGTGGAAGAC,PTP4A3,1401,563,1021
PTP4A3_GGCTCCAGTCCTTGTGGCGC,PTP4A3,965,185,52
PTP4A3_CCTCTTCCCAGGAAGCGCCG,PTP4A3,255,32,76
PTPDC1_AGGTGCAGGATGCAACCAGG,PTPDC1,38,70,33
PTPDC1_TTGCTCCTGCTCACTCCAGC,PTPDC1,457,246,213
PTPDC1_ATAATCAACCTCCAGCGCCC,PTPDC1,778,35,51
PTPDC1_GACCAAGCCCTGCATGACAA,PTPDC1,341,308,322
PTPDC1_TCTTGGTTGGCCACAAGCCC,PTPDC1,962,302,281
PTPDC1_GGGAAAGAATATGTGGCGAG,PTPDC1,743,457,139
PTPLA_AACTGCAAGATATCGCCACC,PTPLA,510,256,322
PTPLA_TACGACATCGCCATGACCGC,PTPLA,858,345,464
PTPLA_AGCGACGAGGACGGCACCAA,PTPLA,2556,215,493
PTPLAD1_CCGCGAGCTATATCTGCGCG,PTPLAD1,301,1178,575
PTPLAD1_TTTCAGTGATGCTGATGGCA,PTPLAD1,1175,288,476
PTPLAD1_CTTAGACCTTGTGAAACCAG,PTPLAD1,1058,146,67
PTPLAD1_GCGCCTAAATAAACTCCGAC,PTPLAD1,355,365,105
PTPLAD1_CCACTGGGATGTTTGGCGGA,PTPLAD1,662,68,400
PTPLB_CTTACCTCATCAAATGGGCC,PTPLB,638,106,195
PTPLB_TGACCAGGTACGCCGTGGCC,PTPLB,530,77,177
PTPLB_CACGCGGAAGAAGAAGGGCC,PTPLB,639,160,79
PTPLB_CTTCTTCTTCCGCGTGCCGC,PTPLB,322,264,121
PTPLB_CAGCGGCACGCGGAAGAAGA,PTPLB,921,142,216
PTPMT1_GCTTGACGCGCCAGGTGAGC,PTPMT1,402,63,16
PTPMT1_CTTGACGCGCCAGGTGAGCC,PTPMT1,610,50,169
PTPMT1_TACAGGACGAGAACGTGCGC,PTPMT1,619,14,58
PTPMT1_ACAGGACGAGAACGTGCGCG,PTPMT1,675,40,6
PTPMT1_CTGTACTTCAGGTGCACAAA,PTPMT1,2009,404,544
PTPMT1_GATTACTGCACGGGCAACAA,PTPMT1,842,328,440
PTPN1_GCCCGTCATGGAGATGGAAA,PTPN1,1001,195,196
PTPN1_CAGTGACTTCCCATGTAGAG,PTPN1,2474,162,126
PTPN1_TGACCGCATGTGTTAGGCAA,PTPN1,2810,61,188
PTPN1_TGGCACCTTCGATCACAGCC,PTPN1,689,201,89
PTPN1_AGGATTCGTTTGGGTGGCCG,PTPN1,544,418,237
PTPN1_GGGAAGTCTTCGAGGTGCCC,PTPN1,291,0,0
PTPN11_ACTACTTACTCTGCACAGGG,PTPN11,842,36,75
PTPN11_AGCACTACTTACTCTGCACA,PTPN11,724,45,86
PTPN12_ACGCGGGAGGATGGAGCAAG,PTPN12,1557,553,565
PTPN12_GCCGAGAATTTGAGATGGGA,PTPN12,206,425,328
PTPN12_CCGAGAATTTGAGATGGGAA,PTPN12,1605,1538,1521
PTPN12_AAGAAGGTCCCTCTCCAAGA,PTPN12,547,214,307
PTPN12_TACTTAGATCATCCAGCGGG,PTPN12,593,612,352
PTPN12_CAAGAGATCCACCTTCAGAA,PTPN12,1700,1409,1394
PTPN13_TCGAGCATTCACTGCACCAG,PTPN13,759,482,572
PTPN13_CGAGATCGATTGCGAGGAAA,PTPN13,1382,848,493
PTPN13_AGCACTTGATATTGCTGAGG,PTPN13,660,77,94
PTPN13_CGTCCATGCTTGACATCACC,PTPN13,847,661,652
PTPN13_GCTTCTGAACGGGCAAAGAC,PTPN13,460,101,164
PTPN13_GATAATCTCCATACTCAGCC,PTPN13,187,34,57
PTPN14_CCGAGTAGTGCTCACCACAC,PTPN14,2548,2970,1708
PTPN14_TTGTGCTTACCGTGTGAAAG,PTPN14,3476,4576,7218
PTPN14_ACGTTTGGATGGATTTGGAC,PTPN14,1775,408,748
PTPN14_GGCCGGCTAGCCGAATCACC,PTPN14,539,111,130
PTPN14_GGCTCTTGCTGAGAAACCAA,PTPN14,91,194,130
PTPN14_CGATAACATTGCTGTCCAGC,PTPN14,538,734,460
PTPN18_TCACGCTGAACTCGCCGGCG,PTPN18,2785,616,393
PTPN18_CAGGGCGAAGAGGAACACGG,PTPN18,530,375,475
PTPN18_CTGGCCTACATTGCCACGCA,PTPN18,2273,464,628
PTPN18_CCCATTCTCTATCTCTCGAC,PTPN18,1867,315,613
PTPN18_CCTCAAGGTCACATTCCAGA,PTPN18,322,356,319
PTPN18_TCCTGACCACATGCTCGCCA,PTPN18,1499,239,136
PTPN2_TCTTCCCTACCTAGAAACGA,PTPN2,832,97,327
PTPN2_CCGCGACTCACCAAGTACAG,PTPN2,4713,835,473
PTPN21_GAACCATATGCTTCTTCCCA,PTPN21,129,13,123
PTPN21_TCACAGTGAACCCAATCAGG,PTPN21,1130,252,171
PTPN21_ACCTTCAAGACACGCTCCAA,PTPN21,290,348,695
PTPN21_AAGCCACACTTACCTTAGCA,PTPN21,1422,452,482
PTPN21_ACGGCATGTAATTTCTCACC,PTPN21,645,14,109
PTPN21_TGCTGGACACCGTGTAGCGC,PTPN21,1360,269,21
PTPN22_TACTAGCTATCCTGACACCA,PTPN22,171,282,201
PTPN22_GCCTTCATTAGTTCAAACGC,PTPN22,824,356,220
PTPN22_GGATGTACGTTGTTACCAAG,PTPN22,741,73,195
PTPN22_CAAGGCTTATATTGCCACCC,PTPN22,210,286,370
PTPN22_TTAGGGAGTTTATGGACCCA,PTPN22,345,190,180
PTPN22_CCAGAAAGCTTTCTCTGGCC,PTPN22,34,293,164
PTPN23_AAGCTCACCTTCTTCACAGC,PTPN23,1399,24,43
PTPN23_CCTCAAAGTCTCGTGGGACA,PTPN23,1140,28,48
PTPN23_AGGGATCAGGCAGCTCACCA,PTPN23,2181,0,11
PTPN23_GGACAAGCGGGTGTCTGAGG,PTPN23,486,85,39
PTPN23_ACCCATTTCCAGTGCGCAGC,PTPN23,490,0,0
PTPN23_AGAAGTCGATGTTGGACAAC,PTPN23,1624,318,294
PTPN3_TCGGTACACAGCAACACCCG,PTPN3,3342,547,896
PTPN3_CCTGCTATATCAACATAGCG,PTPN3,872,328,510
PTPN3_TGACTATCGGAAAGATAGCC,PTPN3,737,131,318
PTPN3_CACTGCTGAGTTAAGAGGGC,PTPN3,1361,142,64
PTPN3_CCACCTGGGTGTGACTGAAA,PTPN3,936,909,1164
PTPN3_ACCCAACGCACGTAACCGGG,PTPN3,634,181,132
PTPN4_ACATTGTAGGTTCTGCCAGC,PTPN4,527,195,252
PTPN4_GCATCTAGATTTGACTGAGC,PTPN4,965,161,214
PTPN4_GGCAGCAGTATTAGAAGGAC,PTPN4,571,53,217
PTPN4_CTTCCATCACGATCTCCACC,PTPN4,577,237,52
PTPN4_AACTGAAGATGGTCGTAACC,PTPN4,572,623,738
PTPN4_ATTGTGTCTCGAGTAGCACC,PTPN4,496,33,147
PTPN5_AACACAGGAGTCTCGGGCAC,PTPN5,132,133,37
PTPN5_GGTCAGGAGGCGCCTTACCA,PTPN5,695,79,63
PTPN5_TTTCAGGAGCGTCAGCAAAG,PTPN5,1396,541,645
PTPN5_GCTGGATCTGAGGGCGGCGA,PTPN5,967,95,157
PTPN5_CTGCTGATGACTCCGAGGGA,PTPN5,1161,353,480
PTPN5_GGCGTAAACGCTCACTCACC,PTPN5,189,101,208
PTPN6_TACAGAGAGATGCTGTCCCG,PTPN6,203,86,183
PTPN6_TCTTGCGACTGGGCCGAGCC,PTPN6,249,186,313
PTPN6_AGTTCAGCGGGTACTTGAGG,PTPN6,372,153,173
PTPN6_CGTGAGAGCCTCAGCCAGCC,PTPN6,413,516,840
PTPN6_TGGAGCATTTCAAGAAGACG,PTPN6,1572,285,426
PTPN6_CCCAGCCGTACTATGCCACG,PTPN6,1525,412,346
PTPN7_CATCAGACACCAGAATCAGC,PTPN7,631,158,104
PTPN7_CCACTACTGGCCCACAGAAG,PTPN7,2558,775,713
PTPN7_ATGCTCACTCAGCTCCGAGA,PTPN7,517,91,19
PTPN7_TGTATCGGTCCTTGGAGGCG,PTPN7,1233,527,343
PTPN7_TCTGCTCTGTGAACACACCC,PTPN7,656,243,151
PTPN7_CTCCTTCTGGCCAATCAGGC,PTPN7,1475,193,425
PTPN9_ACTCTTGGATGGTCATAGCA,PTPN9,998,86,113
PTPN9_CCCGGACTTTGTCCTTCAGG,PTPN9,108,99,120
PTPN9_TCCATAGCCTTACCTTCAGC,PTPN9,1505,15,34
PTPN9_GATGCAACCTGGCAGTAAAG,PTPN9,1425,535,552
PTPN9_CTGAGGATCTCAGAACGAAG,PTPN9,1885,405,545
PTPN9_AGCCACATTCCAAGACAGCG,PTPN9,2055,333,260
PTPRA_CATCTCTAGTACCTGAAGGA,PTPRA,748,437,304
PTPRA_TCTGACTCGAAGGACAGAAG,PTPRA,606,285,234
PTPRA_CGATCACTAGCAGAGAGGAC,PTPRA,3438,544,684
PTPRA_CGACAATAAGCTCTTCAGGG,PTPRA,1209,147,299
PTPRA_CTGTGAGGCTGCTTCCAAGG,PTPRA,2122,581,581
PTPRA_ACGGAAGTTCTGCATCCAGC,PTPRA,386,40,242
PTPRB_AGGTGGAAACTAGTCAGGAC,PTPRB,1255,584,308
PTPRB_TGTGGTGTTGTCTATCCGAA,PTPRB,1215,286,256
PTPRB_TGTGATCCACAAGGCCAACC,PTPRB,949,163,601
PTPRB_TTTCTTTACCTCAGCTGGCC,PTPRB,165,64,118
PTPRB_CCAAGATGGCTGAGCGGGAG,PTPRB,1422,660,432
PTPRB_TGAGTTCCTGAAGATCAAGC,PTPRB,551,334,253
PTPRC_GAAATGACAGCGCTTCCAGA,PTPRC,56,15,0
PTPRC_TGTCAAGTGTAGGCCTCCCA,PTPRC,454,228,233
PTPRC_GGAAACTTGCTGAACACCCG,PTPRC,354,68,115
PTPRC_ATGGTCACTCGATGTGAAGA,PTPRC,286,72,90
PTPRC_ATACTGGCCGTCAATGGAAG,PTPRC,570,247,128
PTPRC_ACTTGCTCCTCAAACTGAGA,PTPRC,124,34,160
PTPRCAP_GCCTCTACAGTGCGGTGACA,PTPRCAP,297,54,56
PTPRCAP_TCTGGCTTCCTCAGCCCGCA,PTPRCAP,243,72,378
PTPRCAP_AGGCGAGCAGCAATGTGGAG,PTPRCAP,937,318,253
PTPRCAP_GACTATGACCACGTCGCGGA,PTPRCAP,402,216,181
PTPRCAP_CAGGACAACGGTGACAGAGC,PTPRCAP,1740,148,320
PTPRD_CCACTCAACATGTCAACAAC,PTPRD,2045,1300,1431
PTPRD_CTGTGTTGCTATGTCAACAC,PTPRD,1194,531,412
PTPRD_GGGCTTCCCTACCATTGACA,PTPRD,300,114,188
PTPRD_ACAACCCTTACGGACTCCGA,PTPRD,618,124,120
PTPRD_AACACCCGTTGATCAGACAG,PTPRD,333,251,298
PTPRD_GCAGGATGGTGCACGTAGCC,PTPRD,572,426,182
PTPRE_TGATACCCACCAGGTGAGCC,PTPRE,1158,175,87
PTPRE_CGACTGCAAGCAGTTTCGGG,PTPRE,590,63,168
PTPRE_TAGGGTGATTCTGAGCCAAC,PTPRE,494,199,150
PTPRE_GGTTAACGACTTCTGGAGAA,PTPRE,754,226,500
PTPRE_CGCAGTCCTCCACGCACACC,PTPRE,4593,697,996
PTPRE_GAGGAACTTCAGCATCCCAA,PTPRE,163,10,29
PTPRF_GGTCAGACTTACTGTCACCA,PTPRF,231,83,177
PTPRF_GCGCATCACATGGATGAAGA,PTPRF,1714,242,314
PTPRF_CACTAGTGTTGATCTCACCC,PTPRF,320,138,231
PTPRF_TCGATGGAAGGGAACCCAGG,PTPRF,687,39,0
PTPRF_TGTGTGGCGACCAACTCGGC,PTPRF,1057,36,109
PTPRF_GGCCTCGATCATGCCCAGCG,PTPRF,533,236,472
PTPRG_GCACACGACATAATGGAGCA,PTPRG,1829,473,613
PTPRG_ACGTAGCCTTCTGTCAACGC,PTPRG,2237,449,591
PTPRG_CACTGGATCCTATTATCCAC,PTPRG,873,241,29
PTPRG_GAGGACGAAAGGATCCAGAA,PTPRG,144,86,200
PTPRG_TTGCTGCTCCGTGGTGAAGA,PTPRG,1698,476,918
PTPRG_GACCAAGAATGAGGACGAGA,PTPRG,582,2,69
PTPRH_ACCATCACGACCATCTGGGA,PTPRH,940,284,100
PTPRH_TGTACGTATACTGGGTCCAG,PTPRH,951,151,374
PTPRH_CAAGCCTCAGCAAGCAGGAC,PTPRH,1372,389,744
PTPRH_GACTTCCCAGCATAGGGCGA,PTPRH,93,47,28
PTPRH_GAGATTGTCACTAGTGCCAC,PTPRH,186,78,44
PTPRH_GGGACTGTCACTACTGCCAC,PTPRH,202,1,0
PTPRJ_CTGTTTCAGATCCTGTGCGC,PTPRJ,730,193,289
PTPRJ_TCAGTAGCAACTGTTGCCAC,PTPRJ,501,78,204
PTPRJ_AAGCCTGTGATGTTACACCA,PTPRJ,1172,330,437
PTPRJ_TCACACCCGTGAGGGCAACA,PTPRJ,1097,608,355
PTPRJ_ATGGGTCCACAGGTCCCACG,PTPRJ,17,18,0
PTPRJ_CCTACAAGATACATGTGGCG,PTPRJ,176,0,46
PTPRK_ACGCGTAATGTTGTAACCCA,PTPRK,1269,182,179
PTPRK_GACCTGGTGAAGGTGGAACG,PTPRK,769,281,298
PTPRK_CATTTCAGTGCATTGCCACA,PTPRK,603,263,247
PTPRK_ACACTTCCTCATCAACAGGG,PTPRK,1585,34,150
PTPRK_CGCCCTTCATGATCCTGGCC,PTPRK,1527,336,388
PTPRK_GCCCAAGGCCAGTTCTCCGC,PTPRK,0,79,193
PTPRM_AAAGTCCGGCCAAAGTCGCC,PTPRM,103,4,76
PTPRM_TGCTATACGGCTCATCAAAG,PTPRM,1399,479,693
PTPRM_TACATGGAACAGGGCAGAAC,PTPRM,1246,352,245
PTPRM_TCCTGCCACGGTCCTGCCGA,PTPRM,0,0,18
PTPRM_TGCATGATTCGCACTGAAGG,PTPRM,3142,753,874
PTPRM_ACTGCACGGCCAGTGGGAGC,PTPRM,284,100,144
PTPRN_TCGGCTTCCACAACCACCAG,PTPRN,1249,247,319
PTPRN_GCCTACCTGTCCCTTGGACG,PTPRN,684,281,218
PTPRN_CTCCGACAACTCATGTCCCA,PTPRN,791,411,175
PTPRN_CAGGCTGTCTATTTGACCGC,PTPRN,879,322,297
PTPRN_AGGTTCGGGAGAAGGACACG,PTPRN,853,230,110
PTPRN_TGCAGCGCCGTTAGTGCCCA,PTPRN,1499,243,405
PTPRN2_CCTTCCAGCGGGTGCTCAGG,PTPRN2,22,94,65
PTPRN2_GGGTCTTCGGAATCTCCCAG,PTPRN2,687,120,45
PTPRN2_AACACAGCGTTGGCAGCGAG,PTPRN2,1247,315,290
PTPRN2_GCTTCTGCAACGCCACGCGC,PTPRN2,377,86,191
PTPRN2_CCCACACTCACCGTTCACAC,PTPRN2,3986,972,1632
PTPRN2_TGTCTGGTGCAGATGTGGGC,PTPRN2,1318,29,69
PTPRO_AGTACCCTTGTTGAGTACAG,PTPRO,381,19,100
PTPRO_GGGTGGTTTGGGTGGTAACC,PTPRO,518,183,283
PTPRO_CTGAAGGTGGTCCAATCAAA,PTPRO,1949,452,618
PTPRO_CTACGGCCGTGGTTCTGAGC,PTPRO,1952,297,669
PTPRO_CTACAACTTCCGGGTTACCA,PTPRO,1144,574,1044
PTPRO_TAGCTTGACAAGGCGGAGCA,PTPRO,488,149,224
PTPRQ_GGCCTCCAGTCTTCCTAGCC,PTPRQ,1362,375,460
PTPRQ_CTTGGGCCCAGTCCCTGCAC,PTPRQ,129,55,197
PTPRQ_AGTGTTAGGACACGTCAGCA,PTPRQ,654,556,592
PTPRQ_GATCCTCCAGAATATCCCAA,PTPRQ,85,33,60
PTPRQ_TCTGTAAGGACTTCGGAGAC,PTPRQ,752,786,713
PTPRQ_TCCCATAAGTATACTGACGG,PTPRQ,887,154,200
PTPRR_CAGCCAGCCGAATTCTCACA,PTPRR,1547,512,256
PTPRR_GGCAAAGACAGTCCACAGCA,PTPRR,656,233,668
PTPRR_GAACGAAGAACTTCCTCAGA,PTPRR,200,74,52
PTPRR_TTGCTTCGGATCTTCCGCCA,PTPRR,1885,118,450
PTPRR_CTTGAGCTTCGGAAGAGGAA,PTPRR,1146,326,415
PTPRR_CAGCGTGAAGATTAAGGAGC,PTPRR,537,157,529
PTPRS_TGTAGGTCTCGTCCTCCAGC,PTPRS,524,139,70
PTPRS_CAACCGCCTCAATGACGCCC,PTPRS,682,223,167
PTPRS_AGGTGAGGAGTAGCGCACGC,PTPRS,1284,233,331
PTPRS_TTGCTGGCACTAGGATCCAC,PTPRS,1432,73,115
PTPRS_TCTTTCGTGTGTCAGGCCAC,PTPRS,191,300,125
PTPRS_CTGCACAGCCTCCAACGAGC,PTPRS,1910,440,360
PTPRT_CGAGGGCCGAATGGAGAGCG,PTPRT,374,308,216
PTPRT_CGAGTGCTCCTCACACGACC,PTPRT,527,353,358
PTPRT_GGTACTTGCTGACGCTCCGC,PTPRT,305,29,56
PTPRT_TCATCCTGGCTACATCGCCG,PTPRT,1847,526,577
PTPRT_GCCGTGACAGGTCCAGCCCA,PTPRT,1967,323,514
PTPRT_CCTGGGAGCAGATTAACACA,PTPRT,1373,581,425
PTPRU_TCCAACCATGGCCCGTGCCC,PTPRU,477,7,0
PTPRU_TGGGCCTGGCTGTACTCGCA,PTPRU,993,245,560
PTPRU_CTGGCCCAATGAATATCAGG,PTPRU,329,127,19
PTPRU_CGCTCCCGCTCACTTGCAAG,PTPRU,1817,474,1101
PTPRU_GGTACAGGTCCTGCTCGGCG,PTPRU,1269,133,148
PTPRU_TTGAGTACCGCATGGCGCGC,PTPRU,1306,493,323
PTPRZ1_CGAGCTCTTCTCACTCACCC,PTPRZ1,1403,412,414
PTPRZ1_CTGAAACTCCTCCGCTGACA,PTPRZ1,4191,624,546
PTPRZ1_TGTCAGTTGAGTTTGGCAGA,PTPRZ1,1066,433,255
PTPRZ1_GGCCAATTTGGAGATTAACC,PTPRZ1,773,363,249
PTPRZ1_CAGGGCTGACACGATCACAA,PTPRZ1,2162,289,500
PTPRZ1_ATACCCTTCCTTTCTCCACG,PTPRZ1,323,153,199
PTRF_TGGCCTTGAGCACTTCCACC,PTRF,992,203,148
PTRF_CAAGAAGATCCGCGAGGGCC,PTRF,836,270,563
PTRF_CCTCGCGGATCTTCTTGACG,PTRF,990,129,116
PTRF_GCTTTCGTCGGACGAGGCGG,PTRF,14,33,52
PTRF_AGAGCTGATCAAGTCGGACC,PTRF,1486,525,351
PTRF_CCGCTCGACAATATAGAGCG,PTRF,1401,219,251
PTRH1_ACATCCGTGAGCGAAGCCAG,PTRH1,745,256,115
PTRH1_CACATCCGTGAGCGAAGCCA,PTRH1,460,457,210
PTRH1_TGTCCAGCTCATCATGCACC,PTRH1,136,64,298
PTRH1_GCTGTTTGGGCTGACTGCCG,PTRH1,282,418,7
PTRH1_GCGCTCTCAACTCACCAGCC,PTRH1,212,459,387
PTRH1_CGGAGAGTTGGACGCGCGAC,PTRH1,2050,324,509
PTRH2_ATACTGTGGCCAGCCCAAGG,PTRH2,2085,380,320
PTRH2_GGAATACTGTGGCCAGCCCA,PTRH2,181,2,111
PTRH2_AAGCATCTTGGGAGACAGCG,PTRH2,1258,299,480
PTRHD1_AGCCGCTTACCTCCAAGAGC,PTRHD1,1050,357,311
PTRHD1_GCGGTGAGTGTGCAAGGCCG,PTRHD1,2,4,1
PTRHD1_TTCCTGACCACCCGAAAGGC,PTRHD1,1590,311,554
PTRHD1_AGTAGGTCCGGCCTTTCGGG,PTRHD1,552,19,69
PTS_CGCGCTGAAGGAGATGCGGC,PTS,263,2,47
PTS_TCGCGCTGAAGGAGATGCGG,PTS,899,193,216
PTS_TGCAACAATCCAAATGGCCA,PTS,1219,612,610
PTS_TGTGGTGACAGTACATGGAG,PTS,1789,302,913
PTS_GATTGACCCTGCTACGGGAA,PTS,708,116,360
PTS_TCATAACCATTCCCGTAGCA,PTS,2583,1181,1161
PTTG1_ACCCGTGTGGTTGCTAAGGA,PTTG1,1575,172,471
PTTG1_GCCCATCCTTAGCAACCACA,PTTG1,994,270,23
PTTG1IP_TCACCAGTCTGCAAGACGAG,PTTG1IP,1995,336,255
PTTG1IP_CCAAGGTCAGGAGACCGCAA,PTTG1IP,2284,238,160
PTTG1IP_GGAGAGGCGGATACGGCAGG,PTTG1IP,208,92,16
PTTG1IP_AGAGGAGCCGGAAGCCGGAC,PTTG1IP,1008,62,76
PTTG1IP_AATTTACAAAGGGAAGCCGG,PTTG1IP,117,73,36
PTTG1IP_AGTTACAAGCGTCTTGCCAC,PTTG1IP,397,16,58
PTX3_TCGCCAGGCTTTCCGCGAGC,PTX3,909,359,364
PTX3_CTCCTCTAGCACCGCGGCCA,PTX3,1986,270,421
PTX3_CAGTTCACCATTTACCCACA,PTX3,839,347,282
PTX3_CAGAGTCTTGTCACATCCGG,PTX3,1321,223,177
PTX4_CCTCGGTGGCGTAGGACAGG,PTX4,343,151,102
PTX4_GGACCCAGCTGCAGAAGGAC,PTX4,507,219,230
PTX4_GGGACCATGCCTGCTGCCGA,PTX4,83,0,20
PTX4_ACAGTTCCGGAGATTCCAGG,PTX4,406,170,212
PTX4_GCTCCGTAGGCTGGAGGAAC,PTX4,483,224,337
PTX4_TTTCGAGAGGCTCCGTAGGC,PTX4,498,295,411
PUF60_GCAGGACTTGATCTTGCCAA,PUF60,350,55,75
PUF60_CTCCGTCACCATGAAGCACA,PUF60,2612,75,21
PUF60_ACCGATTGCAAAGGTGAGAG,PUF60,783,158,326
PUF60_TCAGGCCAAGAAGTACGCCA,PUF60,378,0,0
PUF60_AGGTCAATGGCCAGCAAGGA,PUF60,589,233,282
PUF60_CGACGGACGCAAGATGGCGA,PUF60,309,5,57
PUM1_GCATCAATCCCATTCTGCAC,PUM1,795,39,91
PUM1_TCTTAGACAGGAATCGCCCG,PUM1,867,215,150
PUM1_TGTCTCGCCATTGATCACCC,PUM1,594,405,294
PUM1_TGCTCTGGAGGGAAGAGCGA,PUM1,935,137,450
PUM1_CCATAGCGTCGTCCTGGGAA,PUM1,1231,370,294
PUM1_TACCTTTCACTCCGACAACA,PUM1,1752,382,350
PUM2_GGAACGCCGTAATACTGAGG,PUM2,607,152,265
PUM2_ACCGATCCGTATACTGCAGC,PUM2,788,67,30
PUM2_CCCAATACTAATCCCTCAGA,PUM2,454,143,120
PUM2_AATGGCAGAGGTTTGCCAAA,PUM2,576,105,228
PUM2_GGTACAGAGAAGATCTGGAC,PUM2,285,110,102
PUM2_TCTCTCCTTTGGGCCACAAG,PUM2,768,86,186
PURA_ATCATGGCGGACCGAGACAG,PURA,947,496,203
PURA_TCTCTCCATGTCAGTGGCCG,PURA,1114,430,186
PURA_CGACGACTACGGAGTGGAGG,PURA,1325,59,171
PURA_CTCACCCTGCAGTAGCAGGG,PURA,95,96,168
PURB_AGGTGGATGAGGATTGAAAC,PURB,1214,329,498
PURB_CCTGTATGGAGAGCTCCCGG,PURB,696,135,163
PURB_CAAACGGTCAACCGCGGCGG,PURB,820,121,51
PURB_CGAGCAAGAGACGCAGGAGC,PURB,557,123,90
PURG_ACTATTGTCCTCCCAGCACA,PURG,431,213,150
PURG_ACCTGGGCCTGAAAGGCCAC,PURG,88,30,33
PURG_GCCGAAGTCTGGATAGGGAG,PURG,1267,217,117
PURG_CTTCGGCTATCTTTAGGAAG,PURG,1664,589,332
PURG_CTATCTTTAGGAAGCGGCCC,PURG,422,72,97
PUS1_CGCTGTTGGGAGCCTTCGGA,PUS1,630,614,314
PUS1_CGTCGCGGTCATTACCAGGA,PUS1,627,84,104
PUS1_GCTCAAGAGCGGTGGCGACG,PUS1,477,267,433
PUS1_ACAGCCTGACCGGACGAGGG,PUS1,164,160,81
PUS1_CCCAGAATCCGAATGTGAGA,PUS1,1434,379,335
PUS1_GAGGAACCCTTTGTGCGGGA,PUS1,186,54,85
PUS10_AGCTAGTCATCCAGAGCAGG,PUS10,646,465,410
PUS10_GACTGCAGACATTCTGGAGC,PUS10,1214,184,100
PUS10_TGACGCGAGCTCGCACAGCC,PUS10,1984,649,529
PUS10_AAGGCCCTTTGCAATTGAGC,PUS10,650,56,315
PUS10_GGGTGTTCCCATTGATGGAA,PUS10,485,259,551
PUS10_TACAGATAGTTGTGGTGGGA,PUS10,408,159,109
PUS3_ATTTGGAGACACCAACGAAG,PUS3,306,38,125
PUS3_CATCTTTGGTCCTATTCCAC,PUS3,327,54,71
PUS3_TGTCAAGTGGATCTATGACC,PUS3,737,150,45
PUS3_CCCTTGGAAACTGAGAGCGA,PUS3,780,138,102
PUS3_CTTCGCTCTCAGTTTCCAAG,PUS3,170,12,23
PUS3_AGGAGTTAGTGCCTTTGGAC,PUS3,485,6,11
PUS7_AGGTACTGCTCAGCGAAGCC,PUS7,387,253,165
PUS7_AGACGCAGCTGAATACAACC,PUS7,1229,373,293
PUS7_GGGTAGATAACATCGAAACC,PUS7,351,126,137
PUS7_GATAACATCGAAACCAGGCA,PUS7,238,112,219
PUS7_TCGGAATGCAGTCTAACCAA,PUS7,1129,237,164
PUS7_ACTGGTGTGTCGCTGAAACG,PUS7,2262,254,789
PUS7L_AGGAAGGTTGTATCCAGGCA,PUS7L,948,366,361
PUS7L_CGCTTTGGCATGACCGAGGA,PUS7L,756,443,850
PUS7L_CCTGTGATGTAAGAGAGAAG,PUS7L,939,570,358
PUSL1_CTCCGCCATGAGTTCGGCGC,PUSL1,1195,144,173
PUSL1_GGTCCACGCCCTGAGCAACG,PUSL1,1072,235,112
PUSL1_TACCTGTACCGCCTGGCCAC,PUSL1,344,64,49
PUSL1_CTTCCAGTCCGCTGGCAGCC,PUSL1,138,274,333
PUSL1_CCAGTCTTTCCTGTATAGAC,PUSL1,1411,664,783
PUSL1_CTGACTTGAGGAATAAGCCG,PUSL1,2198,474,647
PVALB_GGTGTTTCACATGCTGGACA,PVALB,603,238,214
PVALB_GAACGCTGAGGACATCAAGA,PVALB,711,256,186
PVR_AACTGGCATGGCCCGAGCCA,PVR,1,53,108
PVR_GGAATTCGTGGCAGCCAGAC,PVR,1572,365,397
PVR_CTGTTCGTCACGTTCCCGCA,PVR,907,282,491
PVR_ATGGCCCGCTGCGTCTCCAC,PVR,704,43,95
PVR_GGGCACCAATATCCAGAGGC,PVR,897,139,116
PVR_GGAGTTCCTCACCTTTGACC,PVR,549,129,135
PVRIG_CAGAACGTGGCATCCGGCAA,PVRIG,2330,443,296
PVRIG_GGAGGTAGACACAGCCAAAG,PVRIG,1354,541,513
PVRL1_CGACCACAATCAACACCAGC,PVRL1,972,221,726
PVRL1_CAACTTATCTATCCGGGCAA,PVRL1,756,196,266
PVRL1_CGGTACACGCTCAGGCCAGG,PVRL1,805,242,188
PVRL1_GCAGCACTTACGTGGTCCAG,PVRL1,360,184,238
PVRL1_CTACCGCCTGGTGCCCAGCA,PVRL1,1884,1200,770
PVRL1_ATAGTGCCATCGGTGAAGGA,PVRL1,679,424,682
PVRL2_CTGCTGCTGCTCCTGGAAAC,PVRL2,3079,779,558
PVRL2_ATGTACAGTCCAGGAACAGG,PVRL2,293,0,70
PVRL2_CCAGTCCAGGGATGAGAGCC,PVRL2,312,478,620
PVRL2_CCGGAGATGGACACTTCAGG,PVRL2,1741,248,136
PVRL2_AGTCACCAATGCCGTGGGCA,PVRL2,965,413,665
PVRL2_CTACTGGTGTCCAGAAGACG,PVRL2,741,324,127
PVRL3_GGTTCACCTACCACAGAGCC,PVRL3,230,187,291
PVRL3_GGATGGCCGAGGGTTGGCGA,PVRL3,571,91,170
PVRL3_CAGTTACAGTTGTAGAGGAC,PVRL3,1020,489,530
PVRL3_TCCCAGTCAATATGTGCAAC,PVRL3,1298,713,353
PVRL3_CTCCACACAGATTTGAAGGG,PVRL3,2515,82,209
PVRL3_GCCAAAGTTGACAATGGGAA,PVRL3,1589,318,340
PVRL4_ACCCAACCTTGGCACACACC,PVRL4,926,458,345
PVRL4_TCTGCTGGGCCTTGCGCCGA,PVRL4,1500,100,352
PVRL4_AGGAGAACTCATTGCTGACA,PVRL4,697,341,333
PVRL4_TGCTGCGGCTAGGCACCAAG,PVRL4,1918,347,371
PVRL4_TCCACGCGGCCCTCGTAAGC,PVRL4,1826,762,893
PVRL4_ATCTCGGCTCCCAGGGACAG,PVRL4,1004,517,435
PWP1_GACCATGAACCGCAGCCGCC,PWP1,4,0,54
PWP1_ACGCCTCATTGCTGAGGCAA,PWP1,152,95,51
PWP1_GACGCTTGATGATGATGAGC,PWP1,890,114,128
PWP1_AGTTTGTGGCCGAGCTGAAC,PWP1,1678,181,328
PWP1_GGTCCCACACTTCAATAACA,PWP1,1317,36,25
PWP1_TACAGAGTTCCTCAGCAGAA,PWP1,1934,121,73
PWP2_CTGGGTACGGTGTACCGGCG,PWP2,115,0,45
PWP2_CATCGACGATGATAGCGAGG,PWP2,505,134,84
PWP2_GACCTCTGGCGTCCTGCAGG,PWP2,5,0,0
PWP2_GAACTCCCGCTTCTTCCCAG,PWP2,0,1,62
PWP2_CAACCTCATCTACTATGCAC,PWP2,1512,30,14
PWP2_CTTCTCCTCCTCGGCCGGAG,PWP2,986,119,141
PWWP2A_AGACACTGTAAGGGAGCAGC,PWWP2A,721,57,40
PWWP2A_GAATACGGGCTGGCCACCAA,PWWP2A,1000,274,503
PWWP2A_CTCAGCTCGGGATGCGGGAC,PWWP2A,790,341,334
PWWP2A_TGTATTACTTTGGAGCGGCA,PWWP2A,498,291,213
PWWP2A_ACCTTCTCCTGCATCGCCGC,PWWP2A,151,169,206
PWWP2A_GGAGAAACTGTCCGTTCGGG,PWWP2A,532,76,17
PWWP2B_TCACGGTGAGCTGCGGCGAG,PWWP2B,1500,798,919
PWWP2B_TGTCAACGACAGCCATGGCC,PWWP2B,104,106,167
PWWP2B_GGGCGCCTTCGAAGTAGGGA,PWWP2B,148,213,79
PWWP2B_GGAGAGGCGCGAGGAGGACA,PWWP2B,614,96,89
PWWP2B_GCTCCAGAGAGCCGTGCACG,PWWP2B,27,90,135
PXDC1_CAACCTGTCATATTACCACC,PXDC1,1438,166,193
PXDC1_CAGAGGAGATCTTTCGAAGA,PXDC1,1906,279,229
PXDC1_CTTCTCCACCTCATTAAGCC,PXDC1,1252,610,185
PXDC1_AAGCCCACGACATAGAGACC,PXDC1,510,294,419
PXDC1_ACTCCTCTTCGTCGCCGCGC,PXDC1,867,88,165
PXDC1_TCCGCAGGCTCATCGTCAGC,PXDC1,739,96,259
PXDN_ACCCGCGGGTCAACTGGCAA,PXDN,474,381,452
PXDN_CGCCTAAACTTGCTGGACGA,PXDN,941,467,409
PXDN_TCTTCCTTCCCACAGGCGAC,PXDN,0,40,128
PXDN_AGCATCTCCCGAAGCTCGAG,PXDN,154,67,22
PXDN_AGAATCAGAGAGATCCAACC,PXDN,1267,287,327
PXDN_CGCTCGTGCTGTTCTGCGCC,PXDN,1294,484,442
PXDNL_CGACGCAGGGTTCCCTGACC,PXDNL,633,229,465
PXDNL_CCCTCTTATCACTTGGACCA,PXDNL,1125,473,510
PXDNL_AAGACTGGAGTATCTGAGCA,PXDNL,710,203,222
PXDNL_CTGAAGCAACTGCACGCCCA,PXDNL,1784,100,186
PXDNL_ACAGTCGCTCTAATCTCAGA,PXDNL,729,257,58
PXDNL_GGACGGTGCTCTTAAAGCAA,PXDNL,489,260,234
PXK_TTCATGGAGAAGCCGCCAGC,PXK,588,41,60
PXK_ATCAGAACCAAAGTGGGAGG,PXK,108,45,47
PXK_AGGAACGGCTAGTGTTAAGC,PXK,291,226,160
PXK_ACAAATACTTGTCTGGGCCA,PXK,494,182,128
PXK_AGACAGCGTAGACTCCAACA,PXK,2440,490,415
PXK_CACTAACCTGATGTAGAGGG,PXK,1084,89,86
PXMP2_CTACCCGGTGCTCACCAAGG,PXMP2,1583,425,602
PXMP2_TGCTCACCAAGGCGGCCACC,PXMP2,1202,120,35
PXMP2_AGGCCGGTGCAAAGACGAGG,PXMP2,171,10,27
PXMP2_GGAAGGCCGGTGCAAAGACG,PXMP2,756,199,178
PXMP2_CTTCGCCGCCAAGATGAGGG,PXMP2,809,28,120
PXMP2_CCAGGTTGGCGAAGAGCACC,PXMP2,333,138,56
PXMP4_ACACCACCGCAGTGAGCAGC,PXMP4,776,69,540
PXMP4_GCTACATCCCTGAACCCAGG,PXMP4,245,0,58
PXMP4_CGGTTTGTGTTCACCTACAA,PXMP4,2062,609,755
PXMP4_ATGACCTTTCTCTTCCGGAA,PXMP4,882,167,332
PXMP4_GCTTAAGGGCTTCCGGAACG,PXMP4,2004,353,547
PXMP4_AGCAGAGCCCTTAGCTGCGG,PXMP4,504,44,65
PXN_CCTGCCATCACTGTGAACCA,PXN,1591,110,105
PXN_TCTCTGGGACACCATAGAGG,PXN,348,28,67
PXN_CAGCGTTCAGTTCCAGCAGC,PXN,1726,91,115
PXN_TCCTCACCCACTCGGGAGCA,PXN,709,148,293
PXN_CATTGAGGGCCTCGCTGGAC,PXN,816,38,59
PXN_CACTGCGTTCCCTCCTGACA,PXN,250,235,163
PXT1_TGATCATAGGATGGTTCGAG,PXT1,268,197,380
PYCARD_ACTGGGACTCCCTTAGGGCC,PYCARD,186,21,25
PYCARD_CCGGGCTGCGCTTATCGCGA,PYCARD,1184,71,149
PYCARD_GCTTGGCTGCCGACTGAGGA,PYCARD,442,82,151
PYCARD_CGCTAACGTGCTGCGCGACA,PYCARD,1537,422,580
PYCARD_GCGGGTACAGACCGGAAACC,PYCARD,5,101,7
PYCARD_TACAGACCGGAAACCTGGGC,PYCARD,141,0,90
PYCR1_ACTCCTACTCCAGTATCAGC,PYCR1,807,74,86
PYCR1_ACGTGTCAATCCTTGCCCGC,PYCR1,480,280,82
PYCR1_TCTCCAGCACATGCAAGGCA,PYCR1,1652,122,261
PYCR1_GATGGGACTTCCAAGGCGCC,PYCR1,276,0,0
PYCR1_ACGCACGCCCAGGTGGAGGA,PYCR1,1219,135,531
PYCR1_CACCATCAGCTCCATTGAGA,PYCR1,631,16,99
PYCR2_CAGCTTCACTCTGTCTAAGA,PYCR2,2458,1050,1031
PYCR2_TCACCGTGTTCGGATACAGG,PYCR2,1898,325,509
PYCR2_AGGCGCTACAGTGTACGCCA,PYCR2,447,176,178
PYCR2_GATGGTGACACCAGCCGCAC,PYCR2,0,255,78
PYCR2_CTATTATCTTGTGAGCCGAC,PYCR2,118,227,136
PYCR2_CTGGCCTATGCTCTGGCGCG,PYCR2,873,269,159
PYCRL_TGCACACGTCTGAGCGCAGC,PYCRL,489,90,72
PYCRL_GCCCTGTGTGGTCCAGGAAG,PYCRL,1619,347,474
PYCRL_ATGTGTTCAGTGGTGACCAC,PYCRL,166,123,76
PYCRL_TCTGATGAGGCCCTGCGCGA,PYCRL,1150,311,296
PYCRL_CGGCGTCCGAGGCAACAAGA,PYCRL,1382,644,587
PYDC1_GCATGTTGGAGGAGGCCGCA,PYDC1,0,200,62
PYDC1_GGGCTTTGAGCGCATCCCGC,PYDC1,3,91,154
PYDC1_GGCCTCGCGCTTCGTTCCCA,PYDC1,165,73,151
PYDC1_AGCCATGGGAACGAAGCGCG,PYDC1,806,275,201
PYDC2_GGTCTGTAGCTCCTTTCCCA,PYDC2,534,78,163
PYGB_CGCTGACGGACAGCGAGAAG,PYGB,1956,474,646
PYGB_TCGCACGCTGCAGAACACGA,PYGB,885,818,553
PYGB_CTCAATGGCTACCTTGGGCC,PYGB,601,235,289
PYGB_CGTGCACTTCTACGGACGCG,PYGB,311,139,421
PYGB_CATGCGGCTGTGGTCCGCCA,PYGB,226,184,141
PYGB_ATCATTTGGATACAGGACCC,PYGB,497,150,251
PYGL_AATACTTGCCTGATCCGGGA,PYGL,492,31,81
PYGL_TGTCATTGGGATAGAGGACC,PYGL,236,57,134
PYGL_TTGGTGCCCGAGCAGACCAG,PYGL,701,409,277
PYGL_ACACCAACACCGGGACCAAG,PYGL,1635,443,451
PYGL_TCCATAGGCTGCAAGTCCCA,PYGL,541,148,222
PYGL_TCTCCACGCCCACGATGCCG,PYGL,1521,78,207
PYGM_GCATCGAAGTTCGTGCGCAC,PYGM,2645,289,526
PYGM_CACGAGAGATGTTCTCCGCC,PYGM,906,376,269
PYGM_TTGTTGCGATAGCCAGGCAC,PYGM,549,283,132
PYGM_AGGTAGCGTGAACTCGGGCC,PYGM,177,99,104
PYGM_TTTAACCAGAAGATCTCCGG,PYGM,649,85,107
PYGM_CTTAGAGAATGCCTGTGACG,PYGM,2502,150,388
PYGO1_ACACTGGGTCAGAAGACGAA,PYGO1,871,238,189
PYGO1_CCTCCAAAGCCAGGATAACC,PYGO1,1805,448,398
PYGO1_AAAGCGCAAGGCAAATACAC,PYGO1,1304,554,456
PYGO1_GGGCTTCCTAGTTGTACACC,PYGO1,826,56,46
PYGO1_TCGAACTCTCTTCAGCGAAA,PYGO1,1962,1308,856
PYGO1_GAAACTTTGTAAGCGGGAGC,PYGO1,354,7,43
PYGO2_TCCCAACGATTTGCTCAGCC,PYGO2,495,225,373
PYGO2_CGGAGGCTTCCGTGTGCAGG,PYGO2,661,192,221
PYGO2_CTGCACACGGAAGCCTCCGA,PYGO2,380,365,164
PYGO2_CGAAGGGCACAGGACTGCCA,PYGO2,963,99,62
PYGO2_CCTCCCTCCAGCTTGTCCGG,PYGO2,904,162,382
PYGO2_CCACCGGACAAGCTGGAGGG,PYGO2,1242,159,279
PYHIN1_GCCTCTTCTGTATCTGAAGC,PYHIN1,189,366,203
PYHIN1_ACCAGCTTCAGATACAGAAG,PYHIN1,1011,372,162
PYHIN1_TCTGCTTTCGACTGAGAAAG,PYHIN1,1754,586,638
PYHIN1_GCATCTGAGGAGTCTTGAGA,PYHIN1,963,190,192
PYHIN1_CAGAAGGATGAAACCCACCC,PYHIN1,803,496,413
PYROXD2_TGGAAGGCCGCCATGTCCAC,PYROXD2,773,41,320
PYROXD2_GGGCATCCTTCTGGGAGAAC,PYROXD2,700,491,329
PYROXD2_TGTAAATCTGCGGCCTCAGC,PYROXD2,667,35,67
PYROXD2_TGAACACCGCCGTCTTCGAG,PYROXD2,2327,291,517
PYROXD2_TGTTGCAGGACACAACGGAC,PYROXD2,949,238,378
PYROXD2_TCTCGTCTCCACGCCGGGAA,PYROXD2,707,228,203
PYY_ACTGTGGTCAAGGCGGGCCA,PYY,701,158,81
PYY_CCCAGATGGTGTTCGTGCGC,PYY,1329,325,1028
PZP_TCACTGTCTCCTGACTCCAC,PZP,101,190,67
PZP_ATAGTCTCCGTGTGGCCACA,PZP,794,159,314
PZP_CAATGCAACCACCAATGAGC,PZP,379,218,278
PZP_ACCTGGAAGTCACTGCAAAC,PZP,2217,1008,704
PZP_GATCTCAGCCTCTTCAGAGG,PZP,257,147,71
PZP_ATAAGTCCTTCTCCGCCACC,PZP,411,119,51
QARS_CTCGGCTAGAAGAAACAGAC,QARS,587,291,309
QARS_TGTGCCTATGCTTCTAGGAG,QARS,2406,206,134
QARS_GGTAACGTTCCACCAGGAGC,QARS,14,0,0
QARS_CGACACTGTGGACTTCGAGC,QARS,887,7,0
QARS_CTTTGTCAATGGTGGAACCC,QARS,1380,39,5
QARS_CCTTCTGCTCGCTCAGGCCG,QARS,1792,0,0
QDPR_ATCCAGGTGGTAACCACAGA,QDPR,933,132,150
QDPR_AGAACAGCGGCATGCCGCCC,QDPR,314,21,13
QDPR_GCTACCAAGCATCTCAAGGA,QDPR,791,1010,263
QDPR_GACAGACTCGTTCACTGAGC,QDPR,808,71,88
QDPR_ATTCTCCACCACATCAACGC,QDPR,1022,173,341
QKI_GGATCTTCAACCACCTCGAG,QKI,633,147,15
QKI_CCGTGGCAAGAAGTCACAAC,QKI,2586,672,612
QKI_AGCTGGCGTAGGAGTACGCA,QKI,541,13,54
QKI_GGTATGGCTTTCCCAACGAA,QKI,177,47,40
QKI_TGCAATTTAACTAGGTGCGG,QKI,515,147,113
QKI_TCTAACCACCCAGCCGCCAC,QKI,1202,43,91
QPCT_TCAGTCCGAGTGCCTCAGCC,QPCT,489,434,282
QPCT_TGGAGTCATAGTGGCAGGCG,QPCT,1611,489,456
QPCT_CTGGTGCCTCTCGCTCCAGG,QPCT,221,0,83
QPCT_TTGAAGTCTTTCGAACCACC,QPCT,347,199,366
QPCT_TCAAGGATCACTCTTTGGAG,QPCT,1370,486,287
QPCTL_AAAGCGGCCATGCGTTCCGG,QPCTL,420,62,62
QPCTL_GACTCGAAGCTCTTCCCACC,QPCTL,762,82,164
QPCTL_GAGTCTATACCTCACAGCCC,QPCTL,847,192,134
QPCTL_AGCGGACCGTGCGAGGGAAG,QPCTL,615,66,43
QPCTL_TCGTCTTCCACAGAGCCAAA,QPCTL,1287,199,261
QPRT_ACCTCGGCCACTCTGGCCAC,QPRT,303,98,217
QPRT_GGCACGAGGAAGACCACGCC,QPRT,229,12,147
QPRT_GATAACCATGTGGTGGCCGC,QPRT,51,1,143
QPRT_AACCATGTGGTGGCCGCCGG,QPRT,1028,357,263
QPRT_CTATGTGCGGCCCGCAGAAC,QPRT,777,493,569
QRFP_GACGAAGGCAGTGAGGCCAC,QRFP,1,32,29
QRFP_CTTCGTCCTGCCTCCCGAAG,QRFP,9,176,49
QRFP_CAGATTCCGCTTCGGGAGGC,QRFP,523,173,52
QRFP_GCTGCAGATTCCGCTTCGGG,QRFP,1177,47,85
QRFP_TGGAGAACGCTGGGCCGACC,QRFP,1354,70,352
QRFPR_AAACCTTCTCTCCAGCACAA,QRFPR,1418,569,602
QRFPR_TGTAGATCTTCTGGTGCACA,QRFPR,931,167,250
QRFPR_AAGTTGTTGCACGTGCCACA,QRFPR,289,181,156
QRFPR_GAGGATTTCTGTCACAACAG,QRFPR,969,300,527
QRFPR_GGTGACGGGAATGCAGAAGA,QRFPR,368,108,180
QRFPR_GAGCACGCCGGTGAGCACGA,QRFPR,601,512,232
QRICH1_CTGTCGCAAGACCTTGGAGA,QRICH1,742,61,86
QRICH1_ATAGCATCTCCTCAGTCACG,QRICH1,1041,25,5
QRICH1_CTTACCAAGTGGAGTGACCC,QRICH1,1437,0,16
QRICH1_CGGGAAGCTCGAAATGGAGA,QRICH1,1065,135,97
QRICH1_AGGGCTAGTAATGGTCCCAG,QRICH1,217,4,105
QRICH1_AGTACATCCGAGTAAAGGCA,QRICH1,352,29,42
QRICH2_GGCCAAGCTCCAGAGACAGG,QRICH2,204,31,13
QRICH2_CACCGTGGCTGACATAGAAA,QRICH2,1279,1002,714
QRICH2_CACTGGGTTTGTAGGTGGAA,QRICH2,1770,747,873
QRICH2_CCACTTGGCATGGATCAGCG,QRICH2,2442,509,761
QRICH2_AGCAGGCGATTACGGACGGC,QRICH2,383,162,156
QRICH2_CTCCGTGTGCGTGCTCACCC,QRICH2,777,493,536
QRSL1_TGTATCTGATCCTAAAGCCC,QRSL1,536,124,67
QRSL1_ATTGCTCCTTACAGGTGCAC,QRSL1,261,0,31
QRSL1_CAACAGAACCCGAAGTGCCC,QRSL1,382,286,140
QSER1_AGGGCTCCATCCTGGCAGAC,QSER1,760,472,629
QSER1_AGTACATCCCTTCCTTCAGA,QSER1,275,46,0
QSER1_TGGATCGATGTGTTTCCCAG,QSER1,989,366,164
QSER1_TTGCTTAACTGCACCCACAG,QSER1,1812,897,1296
QSER1_CGAGTGACAAAGGGAGCGGG,QSER1,312,30,20
QSOX1_GCGAATAGAGCGCCGACCGC,QSOX1,613,273,180
QSOX1_CCCTCACAGTCGGGAAGCCA,QSOX1,957,433,459
QSOX1_TGGAGTCCCATCATGACACG,QSOX1,1404,193,325
QSOX1_CCTGGCTCTGATCTTTGAAA,QSOX1,279,423,91
QSOX1_ACAAAGGCGTGGCGGTGCGC,QSOX1,245,87,56
QSOX1_CAAGATCTACATGGCTGACC,QSOX1,786,150,74
QSOX2_GCTACACTACCTCCTGCGGG,QSOX2,116,210,49
QSOX2_GGGTAGATCAGGTAACACGA,QSOX2,1249,360,241
QSOX2_GCTGCCACGGTTGTCAAGAA,QSOX2,2134,808,718
QSOX2_AGAACCACACGGAAGGAAGC,QSOX2,1159,260,400
QSOX2_CGTAGTCATGGCACACGGCC,QSOX2,958,773,446
QSOX2_GCTGCTAGTGCTGCTAGCGG,QSOX2,1282,80,105
QTRT1_CCAGATGGTAGGTATTGCCC,QTRT1,1175,179,393
QTRT1_GAGGCCAATTCATGAAGCCG,QTRT1,655,39,51
QTRT1_CAATGAGACCCTGCTGAGCC,QTRT1,993,113,121
QTRT1_CTCGGACATCATCATGCAGC,QTRT1,1822,418,600
QTRT1_CGCCATTATCCAGGGTGGGC,QTRT1,839,256,50
QTRT1_CAAGTCGCAGTTCTGGCGGA,QTRT1,1015,435,218
QTRTD1_AGCCAGTCTTGGTATACAGA,QTRTD1,1506,201,196
QTRTD1_AAGATACTTCTCCATCGGAG,QTRTD1,48,32,105
QTRTD1_TCAAGGAAATCCAACAACCC,QTRTD1,2227,353,153
QTRTD1_CGAGTGTATTGAAAGAGGAG,QTRTD1,567,272,468
QTRTD1_CCCTTATCAAGTAACAGAGC,QTRTD1,330,276,232
QTRTD1_GCTCATTGGTCACCAGCAGA,QTRTD1,203,210,421
R3HCC1_TCGTGTCACTCTAGGAGAAG,R3HCC1,1429,442,416
R3HCC1_TACCGGAGGCGACTGGAGAG,R3HCC1,1621,159,189
R3HCC1_CACGATACCACCGGCCAGCC,R3HCC1,1104,652,734
R3HCC1_CACAGACAACCTGACGAAGA,R3HCC1,782,312,423
R3HCC1_TCTCGCCGCACAGAGAGAAG,R3HCC1,1271,97,185
R3HCC1_CAAATGCGACTGTGGCCCGG,R3HCC1,720,126,255
R3HCC1L_AGCGGTTGGAAGCCAAGCAA,R3HCC1L,481,119,210
R3HCC1L_CAACGGGAAGACATCTGGGA,R3HCC1L,4,189,45
R3HCC1L_GGTGCAGTACTCCTTAAGAC,R3HCC1L,446,75,104
R3HCC1L_TTACTGCCATTGAGGAGAGC,R3HCC1L,1455,73,348
R3HCC1L_CAAGGGACGAATCTTCACCA,R3HCC1L,1629,349,895
R3HCC1L_AGAGTTCCTCCAGCCAGCAA,R3HCC1L,1726,261,224
R3HDM1_CACCACAATCCCAAATCCAA,R3HDM1,581,220,384
R3HDM1_TTGCAGTCATTTGGACAGAC,R3HDM1,2392,649,525
R3HDM1_AGTACTCGGAACCACGACCC,R3HDM1,449,185,132
R3HDM1_CTGACAGTTGGATAGACGAC,R3HDM1,1521,426,289
R3HDM1_CTGGCTGACAGGATGACCAG,R3HDM1,1037,203,224
R3HDM1_CCTGGAGCGCAATAACAGGC,R3HDM1,549,56,20
R3HDM2_ATCAGAGTTCCATTGCAGGA,R3HDM2,435,187,80
R3HDM2_TATGGACCGAGATGATAACC,R3HDM2,741,181,198
R3HDM2_TCACCGGATGCTATTACACC,R3HDM2,735,92,323
R3HDM2_CAGGAATATACGGACTCCAC,R3HDM2,499,144,112
R3HDM2_TGATGGGCCATTAGAAACCC,R3HDM2,911,220,169
R3HDM2_TAACACTACTCAAGAGACCC,R3HDM2,685,59,51
R3HDM4_GCTGCTCCAGGTAGGCGGAC,R3HDM4,638,43,220
R3HDM4_GCATTGCTGTGTACACGGCC,R3HDM4,745,469,310
R3HDM4_AGTGCTTCCAGCGCATCAGC,R3HDM4,141,53,76
R3HDM4_ATGCGCTGGAAGCACTCGCG,R3HDM4,1442,239,786
R3HDM4_AAGATGCCTGGTGATGCAGG,R3HDM4,1708,327,365
R3HDM4_AGAGACTCTCGGCTTCCAGG,R3HDM4,749,47,60
R3HDML_GCATAGCCGTGCTCTCGGGC,R3HDML,398,314,181
R3HDML_TATGCGGCTCCTGAGTGGCC,R3HDML,434,137,48
R3HDML_ACTGGCCAGAATGGATGGAG,R3HDML,205,88,88
R3HDML_TCATGAGATCCACTACGGAC,R3HDML,1320,167,245
R3HDML_TACCTGGGTATAATGGGAGC,R3HDML,751,11,81
R3HDML_TAATGGCATAGTTGCAGACC,R3HDML,382,246,277
RAB10_CTCCTACTACAGAGGCGCAA,RAB10,1573,93,180
RAB11A_TTCGCTCCTCGGCCGCGCAA,RAB11A,1174,445,511
RAB11B_CGCCGGAAGCGCCAGGACAA,RAB11B,961,664,420
RAB11B_GGTGGCGAACTCCACGCCGA,RAB11B,139,18,23
RAB11B_TGATGGTCTTGCCGTCCACC,RAB11B,143,77,95
RAB11B_GCACCTGACCTATGAGAACG,RAB11B,2007,750,663
RAB11B_CATCAGCGTGCCGCCCACCA,RAB11B,1071,738,1152
RAB11FIP1_ATGCAAATGCAGGGTCCGAG,RAB11FIP1,1033,261,94
RAB11FIP1_AGGTATGTCCTCTGAGAAGC,RAB11FIP1,388,148,171
RAB11FIP1_GATGCTCCCATGGGAAGAGG,RAB11FIP1,459,0,0
RAB11FIP1_GGACATCATTCTTAGACCGA,RAB11FIP1,261,186,248
RAB11FIP1_TCATCATCACTGTCGACCGA,RAB11FIP1,826,482,407
RAB11FIP1_ATGTCCCTAATGGTCTCGGC,RAB11FIP1,534,19,13
RAB11FIP2_CTTCCATTACCCTTACAAGG,RAB11FIP2,817,908,326
RAB11FIP2_TCGTAGTCTGACCTATGAAG,RAB11FIP2,1049,214,215
RAB11FIP2_TACCCTGCAGTGGCATCAAA,RAB11FIP2,1426,94,245
RAB11FIP2_CGCTGAGGACCCAAGAGAAA,RAB11FIP2,2521,691,934
RAB11FIP2_CCTTGAGCCAGTTTGGAAGG,RAB11FIP2,897,212,250
RAB11FIP2_GCCAAAGATCTGAAGCCAAA,RAB11FIP2,967,336,300
RAB11FIP3_CCACTAGCCTCTCGGGAGCA,RAB11FIP3,1380,194,772
RAB11FIP3_ACTAAGTACTTGGATCCCAG,RAB11FIP3,347,103,94
RAB11FIP3_AACTCGTCCGGGCAGGCCAG,RAB11FIP3,289,71,60
RAB11FIP3_CTCTGTACACACCTTCAGGA,RAB11FIP3,1253,194,392
RAB11FIP3_ATGGCGTCCAGGCACTCAGA,RAB11FIP3,663,190,225
RAB11FIP3_GACCCTATGCAACGGGCAGC,RAB11FIP3,376,283,159
RAB11FIP4_CCTCGAACACCTCGCGCAGG,RAB11FIP4,70,0,216
RAB11FIP4_ATATTTGGATCCCAACGACC,RAB11FIP4,455,66,106
RAB11FIP4_GATCCCAGACTGCGTGGAGC,RAB11FIP4,262,159,93
RAB11FIP4_AGTCCTGCCGAGAAGGACGG,RAB11FIP4,325,36,0
RAB11FIP4_GGTCTTCGGTGTCTTCCAGG,RAB11FIP4,1,125,77
RAB11FIP4_GGGCTTCCAAGTCATTGAGC,RAB11FIP4,420,42,81
RAB11FIP5_GGTGGTAGTACTTGGCCGAC,RAB11FIP5,172,7,47
RAB11FIP5_GCTCAGGGCTATGCTCAGAC,RAB11FIP5,1451,644,599
RAB11FIP5_CTCTTCCCGGTTCTCCGAGG,RAB11FIP5,836,257,148
RAB11FIP5_GGCAAGATGGGCAAAGCCAA,RAB11FIP5,193,23,63
RAB11FIP5_GGTGAGCACCAGCTCGCAGG,RAB11FIP5,43,190,115
RAB11FIP5_TGCTCCTTCGAGCTGCCGCC,RAB11FIP5,259,80,36
RAB12_CATTATCGGCTCCCGCGGCG,RAB12,411,207,177
RAB12_GGTGAAGCGCTCCATCAGGC,RAB12,233,43,39
RAB12_GGACTTGCAGGCCTCGCAGA,RAB12,904,384,325
RAB12_CAGGCTCTGGTTGTAACGAC,RAB12,737,141,195
RAB13_TTATAGTTGGCTCGAGAGCA,RAB13,487,337,314
RAB13_TCCTTCTTTAGGGACACGGC,RAB13,269,88,195
RAB13_ATGGCCAGCGGGCTCACCGA,RAB13,659,179,165
RAB15_GGTGCTGCAGGCCCATAGGA,RAB15,29,77,82
RAB15_TGTCCCTAGTACGCACCAGA,RAB15,967,208,261
RAB15_CATGAAGTGGGTCAGTGACG,RAB15,2384,550,781
RAB15_GCAGTACTATCGGCGGGCCC,RAB15,376,229,161
RAB15_GGAACTCGTTGTCGGTGAAG,RAB15,1457,242,203
RAB15_TGTCGGTGAAGCGGCACAGC,RAB15,775,282,209
RAB17_AGCTTCACCACATTGCCAGC,RAB17,704,0,93
RAB17_TATTGAACACCTCCGACACC,RAB17,197,63,43
RAB17_AGACGGACCTCAGCCAGGAG,RAB17,1369,182,461
RAB17_AGGTGCGTTCTTCACAAAGG,RAB17,831,258,256
RAB17_ACTTACAGCCCACCGTAGGC,RAB17,957,63,141
RAB17_CAAGAGTATCCTGCCTACGG,RAB17,922,177,200
RAB18_AGGATACTGCTGGTCAAGAG,RAB18,1144,354,257
RAB18_AAGGAGTCAAACTGTCACAC,RAB18,729,61,207
RAB18_AGGAGTCAAACTGTCACACA,RAB18,339,27,19
RAB18_CACAGAGCAATAACCACCAC,RAB18,685,427,227
RAB19_ACAGCAGAACACGATTGGAG,RAB19,1372,339,416
RAB19_TTGCCAGTATTCAGATCCAC,RAB19,473,273,116
RAB19_TCATCGCCTATGACCTCACC,RAB19,178,169,265
RAB19_GGACTCGAACGTGGACCGCC,RAB19,434,296,15
RAB19_AGTCTTCGTGCTCATGGCCA,RAB19,595,535,701
RAB19_GACCCTGGGCCATAAGAACG,RAB19,1094,612,485
RAB1A_TTGTAATAGTGGGACACAGC,RAB1A,402,331,379
RAB1B_TCTTACTCACAGCAAACCGC,RAB1B,638,309,284
RAB20_TTGGCACCACCAGGTCAAAG,RAB20,1216,385,389
RAB20_GGTCAAAGAGGGTCTCAAAC,RAB20,673,167,341
RAB20_TTCCTTCTCCTGGCCCGCCA,RAB20,1286,489,572
RAB20_TGTCTGTCAGGCCCAGGAAC,RAB20,1729,456,954
RAB20_CTTCCCGGACACGGTCAGCA,RAB20,1484,835,655
RAB20_TGCTGCAGCGGTATATGGAG,RAB20,828,176,112
RAB21_CCGAGCCTACTCGTTCAAGG,RAB21,2092,691,564
RAB21_AGGCAATGGCTCTAGTCAGC,RAB21,78,89,69
RAB21_CAGCCGGGAACTGCAAGGCG,RAB21,464,204,345
RAB21_AGAACAGCACCCTCCACCAC,RAB21,2415,201,118
RAB22A_TTGAAGCCCTTACCGCCAGA,RAB22A,707,67,123
RAB23_AGAACACGAGCACACAAGCC,RAB23,341,352,317
RAB24_AGCACACACCTGTCATCACC,RAB24,476,231,158
RAB24_GCCTCCGGTCTTCTTCCAGC,RAB24,802,97,56
RAB24_GGAACTGCGCAGCCTAGAGG,RAB24,1290,46,72
RAB24_AGGTGATGTCGGTCGGAGAC,RAB24,623,153,60
RAB24_CCCGATGGTCTGCAACGAGA,RAB24,752,396,253
RAB24_CGTGCACGTAGCGCTCCACC,RAB24,1412,265,276
RAB25_CCCTCCATGCGGAGCCAAGA,RAB25,1369,598,350
RAB25_GCCCAACATCACAGTGCGGG,RAB25,41,261,203
RAB25_GCTTGGTTAGGTCAAACACC,RAB25,104,149,124
RAB25_CCTATGCTGTGGTGGAGCGA,RAB25,461,124,167
RAB25_CGACGATCGTGGCTTCAGCA,RAB25,1306,768,862
RAB26_TCCACGCTGCCCACCGCCAA,RAB26,1612,284,258
RAB26_CTGCTGGTGCGATTCAAGGA,RAB26,1058,399,562
RAB26_GAGCATCCCGGTAGTAGGCA,RAB26,112,89,45
RAB26_GACCTGGATGTTGTCAAAGG,RAB26,1808,469,247
RAB26_CGAGTACGCCCAGCACGACG,RAB26,920,222,258
RAB26_CCCATGAGCGTGTGGTGAAG,RAB26,2042,367,983
RAB27A_GAAGGAGTGGTGCGATCAAA,RAB27A,526,59,173
RAB27A_GGACCTGATAATGAAGCGAA,RAB27A,254,317,144
RAB27A_AGTGGGCCGGATGGAGCCAC,RAB27A,38,13,93
RAB27A_TACAGAGCCAGTGGGCCGGA,RAB27A,233,293,158
RAB27B_GGCAGACCTACCAGATCAGA,RAB27B,175,68,30
RAB27B_TGAACGGCAAGCTCGGGAAC,RAB27B,1188,227,409
RAB28_GATTCTACTCTGAGTAGAGG,RAB28,234,36,105
RAB28_CAGCAACTTTCTGAAAGCAC,RAB28,1359,343,294
RAB28_TTGCCTACCAAGGCAACCAG,RAB28,119,21,10
RAB28_TGTGGTGAAGAAAGTGAGCG,RAB28,2024,462,575
RAB28_CTCCTCCTCAGAGTCCGACA,RAB28,1675,428,873
RAB28_CACCATGTCGGACTCTGAGG,RAB28,504,82,136
RAB2A_GAAGAGATAGGCGTACGCCA,RAB2A,274,65,90
RAB2A_TACATCATAATCGGCGACAC,RAB2A,1014,147,303
RAB2A_CCAATAGTAAGGTCATGCAC,RAB2A,1372,680,113
RAB2A_CGACCTTGTGATGGAACGAA,RAB2A,2213,708,697
RAB2A_CTTCTAACCAGGTTGTCAAG,RAB2A,1107,215,231
RAB2A_ACACATGCAGGCAATCAGGG,RAB2A,582,347,161
RAB2B_CTATGTCACGAGAGTTCCGC,RAB2B,668,246,259
RAB2B_CAGTGACCTAGAGTCCCGCA,RAB2B,351,545,314
RAB2B_GCAGTGACCTAGAGTCCCGC,RAB2B,582,288,34
RAB2B_CCTCTAACCATGAGGTCAGG,RAB2B,0,30,33
RAB2B_AGTAGGAACGGGTGATAGAA,RAB2B,437,179,120
RAB2B_CCTATTGTGAGGTCGTGGAC,RAB2B,634,32,151
RAB30_CCACTCAGGAAGGCAACGGA,RAB30,715,289,251
RAB30_CCTGAGTGAATCTTCGGACG,RAB30,1028,591,497
RAB31_TGCATTCCTGTGGCACCACC,RAB31,1317,467,354
RAB31_CTTCCACCTGGTGGTGCCAC,RAB31,383,154,102
RAB31_CTCATTCTTTCCTAGGACAC,RAB31,1076,217,521
RAB31_TGCACTTGTCTCAACCACGA,RAB31,1080,339,409
RAB31_CAACCATGCAAGCCAGCCGC,RAB31,447,272,209
RAB32_GGTGATCGGCGAGCTTGGCG,RAB32,474,119,84
RAB32_TCGCCCTCAAGGTCCTCAAC,RAB32,1800,134,289
RAB32_GGTCACATTTGTTAGCCAAG,RAB32,474,149,190
RAB32_CAGAATTGGTCCACCTGGGA,RAB32,1182,175,308
RAB32_CTTTGCAGAATTGGTCCACC,RAB32,435,418,479
RAB32_AATCTTCTCCACTAGGAACC,RAB32,594,225,258
RAB33A_GGCTTCAGTCTTGTCTGGGA,RAB33A,2,210,120
RAB33A_GACTGAAGCCACCATCGGCG,RAB33A,1408,459,221
RAB33A_CTCCCTGAAGTCCACGCCGA,RAB33A,1572,525,334
RAB33A_CTTGTTTGAGACATCGGCCA,RAB33A,1808,389,303
RAB33A_CTCAGCATCACGATACAGCA,RAB33A,1746,1558,981
RAB33A_CGTGATGCTGAGAGGCAGCA,RAB33A,1396,544,400
RAB33B_AAGATGCGGGAGCGGGCAGG,RAB33B,734,221,89
RAB33B_TATCTTGAAGATGCGGGAGC,RAB33B,247,16,26
RAB33B_GGAAGCGGCCAGCGCAGAAG,RAB33B,537,260,387
RAB33B_GGTGGATTTCCGAGAACGAG,RAB33B,437,81,74
RAB33B_GCTCTTAAGCTTATGAGCCA,RAB33B,154,58,199
RAB34_TCCATCAGCGCATACTGAGC,RAB34,1603,208,301
RAB34_CTTCCTTGTAGGTTCCAAGA,RAB34,623,236,179
RAB34_CCTTCCAGTTGGGATACCGC,RAB34,861,64,189
RAB34_CATCTCGAAGTCCACTCCAA,RAB34,37,6,55
RAB34_AGGACGCGATCCCTCCGCAC,RAB34,797,37,22
RAB34_ACATTCTGGCACCCGTGCGG,RAB34,471,411,343
RAB35_GCCCTCCTCGAGTGCCAAGA,RAB35,798,444,247
RAB35_CTACAAATTCGCCGGGCAGA,RAB35,2389,368,224
RAB35_CCTTTGTCAACGTCAAGCGG,RAB35,1103,182,80
RAB35_TCCGGACCGTGGAGATCAAC,RAB35,692,125,171
RAB35_CTTGTCTTACACAAGGACGA,RAB35,403,161,218
RAB35_CTGCTCATCATCGGCGACAG,RAB35,1599,214,191
RAB36_CCGCGTGGCTCTCGTTGCCA,RAB36,869,640,508
RAB36_TGACACGGTCGCGGCTCACA,RAB36,345,458,354
RAB36_CTCTTTGCAGTGGTACACGC,RAB36,482,819,202
RAB36_CTTGTACCTGTGGATGAGGC,RAB36,407,318,350
RAB36_TCCCACGAGGAAGATGAAGC,RAB36,2496,375,179
RAB36_CGAAGCAGACGCTGTGCACC,RAB36,845,480,675
RAB37_TGTTTACCTTATGCAGGACG,RAB37,1197,272,320
RAB37_CACAGTGGCCGAGAAGGAGC,RAB37,737,292,329
RAB37_TGGCTCATGTCCGAAGCGCA,RAB37,641,181,124
RAB37_TCGTAGCTCGGACTGCAGGG,RAB37,246,142,51
RAB37_CCTGATCCAATTCAAAGACG,RAB37,1703,273,456
RAB37_TCGGAACCGTTCCTGCCCAG,RAB37,160,275,104
RAB38_CAACCTTGGTTGATGTGAGA,RAB38,985,435,198
RAB38_AGGAGCACGGTTTCGTAGGA,RAB38,413,97,144
RAB38_AACCGTGCTCCTTGCAGAAC,RAB38,2017,1550,1775
RAB38_GACCAGTTCTGCAAGGAGCA,RAB38,800,331,108
RAB38_CCACAGTCTCCGGGTCCCAG,RAB38,174,240,188
RAB38_GGTGATTGGCGACCTGGGCG,RAB38,517,170,284
RAB39A_CGATCACGATGAGGCGGAAC,RAB39A,1892,398,252
RAB39A_GGAAGCGGCCCTGGGTGAAG,RAB39A,2357,184,258
RAB39A_CCGCCTGCTGGAGATCGAGC,RAB39A,871,186,155
RAB39A_TGCCCGGCTCGATCTCCAGC,RAB39A,501,241,147
RAB39A_TGTATTCAGGATGGCTGGGA,RAB39A,681,213,140
RAB39A_CTGAGGAAGCAGTAAAGCCC,RAB39A,1425,618,443
RAB39B_TGTGGTTCACTCTTCAGAAG,RAB39B,1716,205,554
RAB39B_AGATTACAATCCAGGAGGGC,RAB39B,893,108,162
RAB39B_GGGATACCGCGGGTCAAGAG,RAB39B,829,500,449
RAB39B_TGGCTCGATCTCCACCAAGC,RAB39B,1909,419,530
RAB39B_CGATGACAATGAGCCGGAAC,RAB39B,1346,372,738
RAB3A_GATGTCCGAGTCGTTGGACA,RAB3A,413,97,56
RAB3A_CGGGTGGTGTCATCAGAACG,RAB3A,4570,771,1427
RAB3A_CCATCTATCGCAACGACAAG,RAB3A,2847,839,869
RAB3B_AGAACTGCTCATGCTAGGCA,RAB3B,43,130,86
RAB3B_CAGTTCTGCTGCAGCAGCGG,RAB3B,861,146,111
RAB3B_AAGGCAGGCCTTTGAGCGCC,RAB3B,387,311,156
RAB3B_AGTCTACCGTCACGAGAAGC,RAB3B,390,61,213
RAB3B_CAGTCTACCGTCACGAGAAG,RAB3B,1589,587,704
RAB3C_CGGGTCATCTCAACTGAGCG,RAB3C,1451,563,259
RAB3C_TGTCGCAGATGATATCCACA,RAB3C,1369,257,171
RAB3D_TTTCCCGTTGCTGCCTGAGC,RAB3D,1256,94,62
RAB3D_GCTTCAAAGAACTCGAAACC,RAB3D,974,292,283
RAB3D_TGCCTGCTGAGGATGGCCGG,RAB3D,958,189,109
RAB3D_CGTGTTGTGCCTGCTGAGGA,RAB3D,1046,527,799
RAB3D_GCGCTACCGCACCATCACCA,RAB3D,1059,442,500
RAB3D_AGTCGTCCGCGTATCGGAAC,RAB3D,726,196,291
RAB3GAP1_AGGCCCGGCGCTCCTCAAGA,RAB3GAP1,1357,526,362
RAB3GAP1_TTTGGGAAAGCCACTCGAAA,RAB3GAP1,1151,834,512
RAB3GAP1_TCACCAGCCAGTGTTTCCCA,RAB3GAP1,859,250,245
RAB3GAP1_TCGAAATCAGTTCGTACACC,RAB3GAP1,989,638,648
RAB3GAP1_GCAATACTAACTGGAGGCAA,RAB3GAP1,734,174,171
RAB3GAP1_GGATCTTCGCAGGCACCAAA,RAB3GAP1,577,207,161
RAB3GAP2_TTGCAACTGCTAGTGCAACA,RAB3GAP2,1035,502,425
RAB3GAP2_CTCTGTGCTTCCTCCTAGAA,RAB3GAP2,2682,1109,1280
RAB3GAP2_GGTCCAGTCAGGACGCCCAG,RAB3GAP2,225,17,114
RAB3GAP2_TAGTGGGATACATAGAGCAC,RAB3GAP2,406,80,97
RAB3GAP2_CAATTTGCTGTTGGCTGGAG,RAB3GAP2,650,343,348
RAB3GAP2_CGCTGAGGATCTCCTCCCGC,RAB3GAP2,410,81,47
RAB3IL1_TCTCGCCATCTTCCCGGGCC,RAB3IL1,556,119,227
RAB3IL1_GAGCGTGTTGTCCTCCACGG,RAB3IL1,950,181,349
RAB3IL1_TGGTGCTCTTGTGGCGAGAG,RAB3IL1,1384,313,536
RAB3IL1_GGTGCGGGAGCAGCTAGAAC,RAB3IL1,546,141,136
RAB3IL1_TCCATGGAGATCCGAGAGAA,RAB3IL1,1193,342,500
RAB3IL1_TGCACTCATGGCCAGGAACA,RAB3IL1,2068,359,782
RAB3IP_ACTTCATGGAAGCCTTCCAA,RAB3IP,582,76,92
RAB3IP_AGTGCGAGATCAACTTGGAC,RAB3IP,1271,143,106
RAB3IP_CGTAGGTGATGTTGGAGAAC,RAB3IP,2778,710,932
RAB3IP_AGGATGAGCCCACAATGGAC,RAB3IP,374,333,304
RAB3IP_CGGATAGGTTGTAATCCCAC,RAB3IP,390,45,190
RAB3IP_GCAGGGACTCGTGAAACAGC,RAB3IP,1126,175,110
RAB40B_GGACGAGCTTCACTTTGCGG,RAB40B,1221,161,150
RAB40B_TGCTGCGGCATGGGATGGAC,RAB40B,1516,478,432
RAB40B_CGTGCTGCTGCGGCATGGGA,RAB40B,1659,338,466
RAB40B_GCTGTGTTACCTGTGCGCCC,RAB40B,261,280,242
RAB40B_AGAAAGTCGTAGGCCCGGAC,RAB40B,1235,201,564
RAB40B_GAAAGTCGTAGGCCCGGACC,RAB40B,202,44,56
RAB40C_TTTCAGGGACACGTCGGGCC,RAB40C,805,104,381
RAB40C_CCTTTGACGGCATCGACCGC,RAB40C,330,143,290
RAB40C_CATCGATCTCCTTGATCCAG,RAB40C,1341,46,82
RAB40C_TGACGTTGAAGTTGCACAGG,RAB40C,1418,227,342
RAB40C_CGATGACGTTGAAGTTGCAC,RAB40C,717,212,204
RAB40C_AACTGCAAGATCTCCTAGCG,RAB40C,3070,804,1180
RAB41_CCTTTGGTCACGACGAGGCC,RAB41,811,201,202
RAB41_CCAGGCCTCGTCGTGACCAA,RAB41,3564,545,690
RAB41_CGAAGCTGTTGTACATGAAG,RAB41,3221,929,1049
RAB41_GAACACGTGCGAGCAGAAAG,RAB41,918,188,261
RAB41_AGACAAGTCACTGCAGAACA,RAB41,3328,1328,1592
RAB41_TTCAGCGGTTGAAATCGAAC,RAB41,915,299,464
RAB4A_CGCTCCCAAGATGTCGCAGA,RAB4A,724,329,303
RAB4A_CGTACCGTAGGTTTCGGACA,RAB4A,1898,359,311
RAB4A_TTATTACCGAGGCGCGGCCG,RAB4A,1232,312,176
RAB4A_ATCATAGACGAGGAGAGCCC,RAB4A,760,184,73
RAB4A_TCCTCGTCTATGATATCACC,RAB4A,451,27,31
RAB4A_TGGAAACAAGTGCGCTCACA,RAB4A,751,258,258
RAB4B_TTCCTGCACTGCCAATCACC,RAB4B,631,126,98
RAB4B_CCTCCTACTCCCAGTCAAAC,RAB4B,1925,725,1078
RAB4B_GAAGCTACAGATTTGGGACA,RAB4B,339,87,249
RAB4B_GACGCGGAGTTATTACCGAG,RAB4B,825,285,251
RAB4B_CACCATTCTCCTGGGCAAAG,RAB4B,1981,739,1245
RAB4B_CAGGCGAGCTAGACCCGGAG,RAB4B,1009,203,193
RAB5A_CGAGGCGCAACAAGACCCAA,RAB5A,1216,216,217
RAB5A_GAGGCGCAACAAGACCCAAC,RAB5A,638,112,67
RAB5A_CCAGGAGCAAATTCTGCCAG,RAB5A,721,249,322
RAB5B_CCAGCAGGACCAATTTGAAC,RAB5B,5028,1453,1622
RAB5B_CCATGTCTTTGCTCGGGCAA,RAB5B,1982,784,607
RAB5B_GCATCGTTATTGCCCTGGCA,RAB5B,150,221,137
RAB5B_TACATCCCACTCCTTGCAGG,RAB5B,858,140,74
RAB5B_CAGTGTTGTAGCAACTGAGG,RAB5B,416,43,113
RAB5C_TCCACACCTCGGTTTCGGCC,RAB5C,911,67,64
RAB5C_CATTGCACTCGCGGGTAACA,RAB5C,1974,449,271
RAB5C_CACTACAGCTGGACGGGCAA,RAB5C,1236,356,843
RAB5C_GGGACTGGTGCTATGCAAAG,RAB5C,1506,384,499
RAB6B_AGGCAGATAACCATCGAGGA,RAB6B,950,350,245
RAB6B_CGACGACGTCAGGACAGAGA,RAB6B,1627,161,255
RAB6B_CTACATCCGGGACTCCACGG,RAB6B,1030,203,439
RAB6B_CATGTACTTGGAGGACCGCA,RAB6B,52,215,176
RAB6B_TGTGGCATATGACCAGAAAC,RAB6B,2033,726,766
RAB6B_CTGCCAGCACCATGTCCGCA,RAB6B,1227,810,951
RAB7A_AGGAGCTGACTTTCTGACCA,RAB7A,1549,143,115
RAB7A_AGCTGACTTTCTGACCAAGG,RAB7A,1280,104,83
RAB7A_GGTGGCCACAAAGCGGGCAC,RAB7A,151,0,14
RAB7A_TGCACGGAATGCACTTAAGC,RAB7A,2051,1025,597
RAB7A_CCTTGTCCAGGAAACGGAGG,RAB7A,547,3,74
RAB7A_TTTCTGCCGAGGCCTTGGCC,RAB7A,321,55,30
RAB7L1_TCATGTCTTTGTCCACCCAA,RAB7L1,1434,170,299
RAB7L1_GGTCCCGGCTCACTGCCCAA,RAB7L1,142,24,22
RAB7L1_ATACCTTGTTGGCCAAGAGC,RAB7L1,114,167,273
RAB7L1_CTATCTCGTAGTCAGACCAC,RAB7L1,1210,332,102
RAB7L1_TTGCTCTGAAGGTTCTCCAG,RAB7L1,1,163,0
RAB7L1_CCACCACCAGCACTTTGAAC,RAB7L1,3802,858,991
RAB8A_GGAGAAGCGGAACAGGACAC,RAB8A,466,115,97
RAB8A_ACGGTTTCGGACGATCACAA,RAB8A,916,536,404
RAB8A_CTGGATTCGCAACATTGAGG,RAB8A,1070,373,484
RAB8A_AGACAAGTTTCCAAGGAACG,RAB8A,1337,281,271
RAB8A_ATTGATGTTGGCCTTCGCGC,RAB8A,259,112,107
RAB8A_GAGCGAGGCTCAGAGTAAGG,RAB8A,949,232,156
RAB8B_AGAGGGCCGGAGCGAGAAGA,RAB8B,924,27,10
RAB8B_TGAGAAGCGGAACAGGAGGC,RAB8B,1281,140,337
RAB8B_ATCACGACAGCGTACTACAG,RAB8B,1019,555,397
RAB8B_AGCGTACTACAGAGGAGCCA,RAB8B,530,105,85
RAB8B_CATTCTTTCGACATCGGAAG,RAB8B,776,230,405
RAB8B_AGCAATTCAGCAGGAGCAGG,RAB8B,861,20,87
RAB9A_GATTGACATAAGCGAACGGC,RAB9A,214,72,148
RAB9B_CACACCATTGACTTGAACAG,RAB9B,3202,761,1027
RAB9B_CAAACCTGGTGCATGGAGAA,RAB9B,715,569,533
RAB9B_CATCCACGCTGAAGGTCAAG,RAB9B,2059,422,129
RAB9B_CTGCCTCTTGACCTTCAGCG,RAB9B,664,405,332
RABAC1_CGTGGGAGCCGATGACCACC,RABAC1,174,38,148
RABAC1_CGCACCAGCCAGCCAGAAGA,RABAC1,2927,928,1206
RABAC1_GCCAGAGCATACTGATGCGC,RABAC1,862,153,122
RABAC1_CCACGTTGCGTACGAGGCGC,RABAC1,591,72,0
RABAC1_GGGAATCAGCTTCGGCAGCA,RABAC1,1244,150,155
RABAC1_CCAGCAGAAAGATGCCGAGG,RABAC1,1189,248,145
RABEP1_ACCCGTTGCTGAAGAGAAAC,RABEP1,1352,491,241
RABEP1_CTGCTTGAGCTTCCCACAGC,RABEP1,1146,323,255
RABEP1_GCACCAGTTCCACCTTAGGC,RABEP1,716,711,356
RABEP1_TCGGTCCGTTGTGATGCCAA,RABEP1,802,202,148
RABEP1_AACGCTGAGATTCCAGAAAC,RABEP1,818,580,757
RABEP1_CTCCAGCGTTACCCAGGGCA,RABEP1,1398,354,136
RABEP2_GAGCGGGACGAGCTCCAAGA,RABEP2,293,142,328
RABEP2_GGGACGAGCTGGTAGCCAGG,RABEP2,1,101,76
RABEP2_GATCGTACTGCCCATGGAAA,RABEP2,912,228,380
RABEP2_TGCTTCTCCAGGGAGTCCAG,RABEP2,807,114,91
RABEP2_CCGCGTCTCACCTTTCAGGA,RABEP2,2183,574,775
RABEP2_TCATCGTCGTCCGCGGCCAC,RABEP2,723,15,105
RABEPK_CTGTGGCCAACTCGAGCACA,RABEPK,939,298,205
RABEPK_GCTGTGGCCAACTCGAGCAC,RABEPK,537,257,346
RABEPK_GCTTCGTGTCCTGCACGGGC,RABEPK,690,39,68
RABEPK_CATCCACGGAGGCTTGGCGG,RABEPK,1142,393,592
RABEPK_TGGCAGAAGCTAAATCCCAC,RABEPK,352,119,56
RABEPK_GAATGGTCCAATCGTCCAGG,RABEPK,301,261,88
RABGAP1_TCCAATGGACGACCAGCCAG,RABGAP1,145,26,57
RABGAP1_CTGACACTGGCTTCTTAAGA,RABGAP1,2464,614,754
RABGAP1_CTGCTTGGCAGAACGGCGGA,RABGAP1,75,233,224
RABGAP1_CAGTGCTTTAAACTACGCCA,RABGAP1,991,96,126
RABGAP1_TCACCAGATCCACTCAGGAG,RABGAP1,1271,131,438
RABGAP1_CTGTCATAACAATGACCACC,RABGAP1,288,35,241
RABGAP1L_AGTAGAGGCTTTACGGGCAA,RABGAP1L,801,222,212
RABGAP1L_GCATTTACAGAGAGTTCCCA,RABGAP1L,86,54,104
RABGAP1L_CTGTTCTTCACGTTTCGACC,RABGAP1L,1757,207,416
RABGAP1L_CCCATCATAGCTCTTTCCCA,RABGAP1L,1452,98,338
RABGAP1L_ACAGCGAGAGTCTGACAAGG,RABGAP1L,537,321,523
RABGAP1L_ACCTTGGTGCACGACCGAAA,RABGAP1L,1180,762,323
RABGEF1_CTGAGGCGTAACCCAGCGCA,RABGEF1,791,159,116
RABGEF1_TCTGAGGCGTAACCCAGCGC,RABGEF1,1202,119,290
RABGGTA_GCTGCAGGACTCACTAAGAG,RABGGTA,1469,24,0
RABGGTA_CACCGTTGGCTCCTAGGCCG,RABGGTA,1652,131,590
RABGGTA_CGATAGTCCCAGCAGTGAAC,RABGGTA,2989,325,414
RABGGTA_GCCCAACTGGACCCGAGAGC,RABGGTA,1033,306,48
RABGGTA_CCACCTATCTTCTTAGCGCC,RABGGTA,2282,261,195
RABGGTA_CCACCTTCTGGAATACGGCC,RABGGTA,375,1,117
RABGGTB_TTGAAAGGGCACTCCACAGA,RABGGTB,931,123,101
RABGGTB_TCCTGTATGAACTTTGACGG,RABGGTB,436,128,44
RABGGTB_AACGACAATTACCCTCAGGC,RABGGTB,46,18,35
RABGGTB_AGGCGGGCTCAATGGAAGGC,RABGGTB,491,16,0
RABGGTB_TGTCAAGATGAAGAAACGGG,RABGGTB,343,23,0
RABIF_GCGATCTCCTCCAGGAACAC,RABIF,1898,135,271
RABIF_CGAGGGCCGAAACCGGAAGG,RABIF,1251,113,205
RABIF_TGTCAGCCGAGGGCCGAAAC,RABIF,2159,290,383
RABIF_AGCGAGTTAGTGTCAGCCGA,RABIF,125,1,98
RABL3_GGTCATTGGAAGCTCTCAAC,RABL3,341,337,97
RABL5_TGACCCTGAGGAGATCCGGA,RABL5,855,150,119
RABL5_ACCCTTGAACAAGCTGAAGC,RABL5,592,250,154
RABL5_GGACGGCTGTTGGACAAAGC,RABL5,1612,361,336
RABL5_ACATCTCCATTTCCTTCCGG,RABL5,743,18,63
RABL5_ACTGAATACAGCCCAACCCA,RABL5,503,58,190
RABL5_GGGCCAGGACTTACCTCGCA,RABL5,403,159,88
RABL6_TTCATGGACTGCAGCCCGGC,RABL6,305,151,200
RABL6_TGTACTCCTCCACGAACGGC,RABL6,531,73,118
RABL6_GCGAGGCGACGGCTTAAAGA,RABL6,1843,319,465
RABL6_GGCGGAGTCTGAAATGGCCC,RABL6,44,0,0
RABL6_ACTTCATCGACAACCTGGAC,RABL6,1001,230,231
RABL6_TAGCGGAAGTAGGAGGAACC,RABL6,1138,349,219
RAC1_GGTAAGGATATAACCTCCCG,RAC1,0,130,18
RAC1_CAATCGGCTTGTCTTTGCCC,RAC1,130,0,0
RAC2_CCGGATGGCCTCGTCGAACA,RAC2,2825,1555,1109
RAC2_CGGACGTTCTCATAAGAGGC,RAC2,309,197,286
RAC2_TCTGTGGATAGGAGAGCGGC,RAC2,577,122,97
RAC2_GATAGGAGAGCGGCCGGAGA,RAC2,77,98,114
RAC2_CTATTGCAGGATGCGGAGGC,RAC2,272,297,138
RAC2_CGCATCCTGCAATAGAGCGC,RAC2,577,156,185
RAC3_CTGCCAACGTGATGGTGGAC,RAC3,1042,611,821
RAC3_GAACATTCTCGAAGGAGGCC,RAC3,375,144,152
RAC3_CGAACATTCTCGAAGGAGGC,RAC3,1184,325,539
RAC3_GGCACGAACATTCTCGAAGG,RAC3,871,90,29
RAC3_CCCACCAATCTCCCGGGCCA,RAC3,3485,1018,751
RACGAP1_CCGCTTTCCACATGGAACAC,RACGAP1,1496,12,69
RACGAP1_CCTGTGTTCCATGTGGAAAG,RACGAP1,1951,85,12
RACGAP1_CTTCACTGAGAATCTCCACC,RACGAP1,741,0,0
RAD1_ACAGGAACCTGAGGAGACCC,RAD1,390,19,51
RAD17_AAGCCACTGTGCCGGAAACC,RAD17,2484,442,455
RAD17_AGACCAGGTTTCCGGCACAG,RAD17,1965,961,449
RAD18_ACCTTCATGACTGCCAGGCC,RAD18,682,60,236
RAD18_AGGCCACCGAGACTCGGCCA,RAD18,323,69,0
RAD21_TCATCGCAACACCTGGACCA,RAD21,1720,425,426
RAD21_ATGGTTGGCATTGGTTCAAC,RAD21,233,126,138
RAD21L1_AAACTATTGGGAGGCTCAGA,RAD21L1,355,137,105
RAD21L1_AACCATGAGTGTGTCCGCAA,RAD21L1,1135,684,549
RAD23A_CCGCATGGAGCCTGACGAGA,RAD23A,1279,33,186
RAD23A_TGAGTTTCTGTCCAGCCACG,RAD23A,537,36,174
RAD23A_TTGCAGACCAAAGCCGGCCA,RAD23A,514,297,392
RAD23A_CGCCCGCTGCTACCTGAAGA,RAD23A,4114,548,1017
RAD23A_CATGGGCTATGAGCGAGAGC,RAD23A,640,51,161
RAD23A_CGGTTCTGTCCAGGAGAGCC,RAD23A,605,64,131
RAD50_GATTTCCCTCCTGGAACCAA,RAD50,204,29,13
RAD50_GGTAGACTGTCATCGTGAAC,RAD50,396,118,142
RAD50_GAATTGGATGGCTTTGAGCG,RAD50,1828,234,110
RAD50_CAGGATTCTTGAACTGGACC,RAD50,1340,109,93
RAD50_TCTCCTGGTCAAGTTTACGC,RAD50,989,35,103
RAD50_AACTGTCCAACAAGTCAACC,RAD50,831,115,128
RAD51_TGTTGCCTATGCGCCAAAGA,RAD51,1391,415,624
RAD51_CTAATTTAGCTGCCTCAGCC,RAD51,2,0,0
RAD51_TCGCCCATGCATCAACAACC,RAD51,1336,33,9
RAD51AP1_CCATGGTGCGGCCTGTGAGG,RAD51AP1,461,248,197
RAD51AP1_ACTTACCATCACTGTCAGAG,RAD51AP1,1920,524,479
RAD51AP1_ACTGAACCAGACTTTGCACC,RAD51AP1,268,220,573
RAD51AP1_CTAATCTGGACAAGCCAAGG,RAD51AP1,775,267,252
RAD51AP2_GAATCAGGACTTTGTGAGGG,RAD51AP2,1289,35,145
RAD51AP2_CCTGGAGGTGTCTTTAAGGC,RAD51AP2,652,62,254
RAD51AP2_CCCAACCACCTAGTAGCAAG,RAD51AP2,894,550,837
RAD51AP2_TGGGAATCCGGGTCCTCAGG,RAD51AP2,344,58,87
RAD51B_GGATCTGATGTCTACTCAGA,RAD51B,434,13,1
RAD51B_GGCTTCGTCCAAAGCAGAAA,RAD51B,632,207,125
RAD51B_CCTGGCTTCTCAGGCAGACC,RAD51B,794,130,159
RAD51B_TAGTGCGGCTATCACACAGC,RAD51B,1061,49,102
RAD51B_CCTTGATTCAGAGAGAAGAC,RAD51B,1458,51,124
RAD51B_CACCACATCAGGTATCAGGA,RAD51B,1377,1294,972
RAD51C_GAGTTTCCCGCTGTCTCCAG,RAD51C,0,5,0
RAD51C_ACAGAAATTTGTGGTGCACC,RAD51C,853,136,84
RAD51C_ATAACCGAGTACGAAGAGAC,RAD51C,564,0,20
RAD51C_ACCTAATGCAGGAACAAGCA,RAD51C,1842,0,23
RAD51C_TTCATTGGGACCGAAAGCAA,RAD51C,1833,25,46
RAD51C_GAAACGGTCACGAGACCCAG,RAD51C,303,63,21
RAD51D_TATGCTTGCTACTCCCAGGA,RAD51D,589,173,348
RAD51D_TAGCCTGAAGCAGCTGGAGG,RAD51D,807,32,14
RAD51D_ACATGGAGGGCGCACTCAAG,RAD51D,1009,279,598
RAD51D_AGAGATCAGCGCCATTCACG,RAD51D,1646,0,0
RAD51D_TCATCTCCTCGGTAAGGCCA,RAD51D,1152,39,7
RAD51D_CGCCTGTGTCCTCTCTAGGA,RAD51D,2117,198,426
RAD52_AGCGCTGACCAACGCACAAC,RAD52,1516,450,565
RAD52_AGTGCTGTGCGTCACAGGAG,RAD52,236,105,126
RAD52_TGCAGCAGCAGTTCCGGGAG,RAD52,4755,1087,394
RAD52_GGTCCGCCGGTATCACAGCA,RAD52,908,306,200
RAD52_CATGTCTGATATACCTGGCG,RAD52,517,11,150
RAD52_CTACCACTTACTCCCAGCAA,RAD52,3586,461,586
RAD54B_GACCAGATAAGAATCACCAG,RAD54B,404,99,340
RAD54B_TATCTGGTCGTGGCATAACG,RAD54B,1039,405,532
RAD54B_ATCTGGTCGTGGCATAACGA,RAD54B,594,203,308
RAD54B_GGCGTATATGGGTCATGGCG,RAD54B,1282,102,180
RAD54L_TCTCCTAGACTCCTAGGAAA,RAD54L,604,294,267
RAD54L_CTGGTCATGAGCGCTCAGCG,RAD54L,882,110,111
RAD54L_GGGTCAACAACCACATGGAC,RAD54L,823,296,120
RAD54L_GACTGGTGACACACTCCCAC,RAD54L,422,87,44
RAD54L_CATGAACCAGCGTGGAGCCA,RAD54L,897,172,187
RAD54L_TGGACAGCTTGAACACCAGC,RAD54L,442,156,76
RAD54L2_CTCAGGGAGCGATCCAGACC,RAD54L2,701,333,214
RAD54L2_AAGATGGGCAGCAGCCGCCG,RAD54L2,1598,216,172
RAD54L2_TTACCAGGGAGGAACTCCAG,RAD54L2,484,119,146
RAD54L2_ACTTCCTGGGCCAAGACCCG,RAD54L2,926,177,216
RAD54L2_GATTGAACTGAGCTCTGGAG,RAD54L2,275,8,13
RAD54L2_TGGCTGGCGTGTGGCGGAAG,RAD54L2,3692,1144,423
RAD9A_TCACGTTGCCGCCCGTGACC,RAD9A,743,0,29
RAD9A_CCTGGAACCCTTGGAGGACG,RAD9A,517,52,0
RAD9A_TCACCGTCCGGAGGGAGAGC,RAD9A,709,65,59
RAD9A_CCAGTGAGCGGAAGACAGAC,RAD9A,884,34,160
RAD9A_GCACGAGGCTGGGTCGAAGA,RAD9A,1312,9,144
RAD9A_AGCTACCACGAGGAGGAGGC,RAD9A,1000,212,118
RAD9B_GCTCATCACGCACTTCAGCA,RAD9B,947,347,520
RAD9B_TTGCCAGACTGTCGAAAGGG,RAD9B,1273,507,870
RAD9B_CTCTTGCCAGACTGTCGAAA,RAD9B,2977,1121,1426
RAD9B_GCTCTTGCCAGACTGTCGAA,RAD9B,530,218,212
RADIL_CTACCAGCTGGCCTCGGCCA,RADIL,663,182,201
RADIL_TCTCAACCAGCTCCTCGACA,RADIL,1075,375,707
RADIL_CAGATCAGCCATGGCGCAGC,RADIL,435,111,145
RADIL_TCGGCCACCCACTTCCAGCC,RADIL,1659,477,574
RADIL_CACTGACTGTGCGGCGCAAC,RADIL,381,78,201
RADIL_CCAAACACCTTCAGGACACC,RADIL,1283,744,720
RAE1_GCCAAACATGCTGGTCCCAC,RAE1,392,47,196
RAE1_TTAGCCCACCAACCTTGCCG,RAE1,1033,30,12
RAE1_CTCCAGCAGACATCAAGCAC,RAE1,854,30,24
RAE1_CCAAGCGATACAGATCGCAC,RAE1,1242,0,38
RAE1_CAGCCCGTAATGGCTCACAC,RAE1,2004,582,605
RAE1_GCTCTTCGGCTGCATTACGC,RAE1,669,150,141
RAET1E_GAACCGACAGGTAACTGAGC,RAET1E,34,102,94
RAET1E_TTGACGCAATGAACATGACC,RAET1E,782,156,171
RAET1E_AAACATCTCGACTTGCAGAG,RAET1E,1167,1047,335
RAF1_ACCTGGCAATTGTGACCCAG,RAF1,299,11,0
RAF1_CGTGCCAGCACAAAGAGAGC,RAF1,1756,9,42
RAF1_CAACCTGAGTGCTTCTCCCA,RAF1,321,0,0
RAF1_GGAACCTTCAGATGAGGGAC,RAF1,748,129,73
RAF1_GACATCGAAATCCATTGAGC,RAF1,673,9,0
RAF1_AGCAGTTTGGCTATCAGCGC,RAF1,1191,141,28
RAG1_GACACCTGAAGAAGCTCAAA,RAG1,364,105,164
RAG1_CATGTGAGGTTTACTTCCCG,RAG1,1020,465,420
RAG1_TCAGGCAAGGATCAGCAGCA,RAG1,2370,418,997
RAG1_AAGCATGGATATCGGCAAGA,RAG1,1580,284,353
RAG1_CAGTGGACACCATTGCAAAG,RAG1,1035,369,519
RAG1_AGTTAATTCCTTCCGAGGAG,RAG1,697,118,232
RAG2_CCAGATCCATGCACTGAGCA,RAG2,2490,547,579
RAG2_TTAATGTGGTGTACAGCCGA,RAG2,436,27,112
RAG2_ATTAATGTGGTGTACAGCCG,RAG2,1471,81,367
RAG2_GCTGCCTTTGAATGTGCAAG,RAG2,154,424,179
RAI1_TGCTGGACTCCAAGGCCGGC,RAI1,868,108,366
RAI1_CCGCCTTCAAGTCGGGCAAG,RAI1,835,256,281
RAI1_AGATCTTCCACTCCAAGCGG,RAI1,1262,281,182
RAI1_TTCCAGCTGCCAAGAAGCCG,RAI1,1655,245,393
RAI1_GCGACCGTTGTGCACCACCA,RAI1,2434,783,527
RAI1_CGCCTACTCTGCACGGGAGC,RAI1,524,681,435
RAI14_TGCAGCCTACATATCTCCCG,RAI14,3077,944,770
RAI14_TGACCGGCTACTGCAGGCCG,RAI14,116,50,6
RAI14_GGCCTCACTGCTCGGCAAGA,RAI14,491,151,236
RAI14_TTCGACTCCACTATCGGGAA,RAI14,1887,587,680
RAI14_TCCTCGTACTCTTCCACAGG,RAI14,641,131,152
RAI14_AGCTGCTATGACTGATGCAA,RAI14,2618,982,759
RAI2_AGGATACGGCACCAAGAGGG,RAI2,456,94,84
RAI2_ACCTACGTCATGACCACCCA,RAI2,925,376,191
RAI2_CACCTACGTCATGACCACCC,RAI2,1599,350,306
RAI2_TGCCTTGGCTAATAACAGAC,RAI2,977,394,293
RALA_AGAGACAACTACTTCCGAAG,RALA,980,135,288
RALB_ATGAAACAGCGGCAGTCAGG,RALB,236,108,98
RALB_GATCACCTTGTGGAGGGCCA,RALB,571,14,23
RALB_TGCGTAGTCCTCTTGCCCAG,RALB,1232,569,377
RALB_CGAGATAACTACTTTCGGAG,RALB,1965,734,827
RALB_GACCCGGGCCAACGTGGACA,RALB,1235,420,245
RALB_TACCTTGTCCACGTTGGCCC,RALB,671,50,43
RALBP1_GCTCCAGATGCAGCGAGCCA,RALBP1,172,61,134
RALGAPA1_GACCTACCGTGCAGGACCAG,RALGAPA1,701,242,103
RALGAPA1_ACCTACCGTGCAGGACCAGA,RALGAPA1,758,409,192
RALGAPA1_GCAGAACAGAATGCCACCAG,RALGAPA1,1368,338,236
RALGAPA1_CCTCACCGATGACGATGCGC,RALGAPA1,1131,328,118
RALGAPA2_GGGAGGAACTTATAAACGAG,RALGAPA2,438,157,95
RALGAPA2_TTCTTCAATGCTACAGAGGC,RALGAPA2,378,310,237
RALGAPA2_CGAGTGGTAGTAATGTACAC,RALGAPA2,835,473,490
RALGAPA2_ACCATCAGCTACACTAGGGC,RALGAPA2,161,269,241
RALGAPA2_TAAGTCACAAAGGGAGGAGC,RALGAPA2,914,213,24
RALGAPA2_GCCGCGGGATGTTCTCCCGA,RALGAPA2,655,142,107
RALGAPB_AGAGAGCGTTGGACGAGAGG,RALGAPB,1204,602,800
RALGAPB_AGTCTCTCCATCCAATGGAA,RALGAPB,1196,609,613
RALGAPB_GCTGGGTTACTCAAATCCAC,RALGAPB,544,75,115
RALGAPB_CCCACATAACCGGAGGCACC,RALGAPB,1057,407,317
RALGAPB_TGGACTTGACAGAGGAGAGG,RALGAPB,604,514,601
RALGAPB_AGCATGGAGTTTCGACGGAA,RALGAPB,977,1559,1634
RALGDS_GATGCAGCCGTATCTAGAGG,RALGDS,399,72,161
RALGDS_AAGGTGCGGACCGTGAAGGC,RALGDS,336,540,181
RALGDS_CGCAAGGTGCAGCTGCACCA,RALGDS,1160,371,407
RALGDS_GGCCCACATGCGCTGCACCA,RALGDS,1597,302,660
RALGDS_GCTTTGGAGAGCGGCACGAC,RALGDS,2485,688,661
RALGDS_ACCTTCCTGGGAACCTGGCC,RALGDS,29,13,35
RALGPS1_GCCTGGAGACTATGTACAAG,RALGPS1,1176,508,958
RALGPS1_ACAAAGTACAGACCTCCGGC,RALGPS1,352,248,223
RALGPS1_GAAAGGCTGGCCTGCCAGAA,RALGPS1,552,331,360
RALGPS1_CTTCTTACTCCATCCACAGC,RALGPS1,504,210,227
RALGPS1_ACTTCAGGTACTTCTGCACA,RALGPS1,1322,335,210
RALGPS1_CTGTCGCTCAGAATCGAACC,RALGPS1,554,145,257
RALGPS2_GATTCAGCATACCCATCAAC,RALGPS2,397,20,21
RALGPS2_CTTGGCCTCGAGATGGCGCA,RALGPS2,823,200,279
RALGPS2_CTTTCAGCTTGGCCTCGAGA,RALGPS2,730,73,152
RALGPS2_ATTATACCATTCTCTCGGCC,RALGPS2,101,49,70
RALGPS2_TCTCGGCCCGGTGACAAGAG,RALGPS2,1207,753,472
RALGPS2_TTCGTGCCACTCTTGTCACC,RALGPS2,581,70,385
RALY_AGTGAAGAGAGGCTTACCCA,RALY,682,0,32
RALY_CCTAAGCCTGACAGACCCAA,RALY,624,94,208
RALY_ACCGGGACGACTTCTACGAC,RALY,2134,693,217
RALY_CGGTCCCTGTGAAGCGACCC,RALY,603,195,202
RALY_CCGCAGCGATCTGCTCCAAG,RALY,2016,539,790
RALY_GAAGCACGGACCCGAGACGA,RALY,951,206,148
RALYL_TCTGAGCATGACTTACCAAG,RALYL,503,596,621
RALYL_TTCAGCGGAATTACTGCACG,RALYL,1562,507,324
RALYL_GGATCGAGATCTACTGCCAG,RALYL,1144,99,108
RALYL_TGACTCCTTGCTAGGGCGCC,RALYL,243,201,341
RALYL_CTTCTCCAGGCGCCCTAGCA,RALYL,988,673,321
RALYL_GAGGAGGACTTCGATGAAGA,RALYL,228,138,319
RAMP1_CTCGGCACCGCTGTGCACCA,RAMP1,1577,1224,1738
RAMP1_CACCCAGTTCCAGGTAGACA,RAMP1,1845,434,450
RAMP1_CCTCCATGTCTACCTGGAAC,RAMP1,1747,591,650
RAMP1_GGCCGACTGCACCTGGCACA,RAMP1,509,98,30
RAMP1_GGGTAGAGGATGCTGCCGGG,RAMP1,1,38,43
RAMP1_CCACCAGTGCCGTCACCAGC,RAMP1,915,430,458
RAMP2_CTCGGGTCCTAGGGAGACGC,RAMP2,415,176,227
RAMP2_ACTCGGGTCCTAGGGAGACG,RAMP2,747,3,104
RAMP2_GGCACACCAGGGTCAGAAGG,RAMP2,1056,105,124
RAMP2_TGTAGCATCTGTACCTACAG,RAMP2,1103,499,358
RAMP2_TAGCATCTGTACCTACAGGG,RAMP2,291,348,209
RAMP2_AAAGATGATCCTCTCTGCCA,RAMP2,38,117,67
RAMP3_GCGAAAGCCTTCCCACACAG,RAMP3,1977,1008,885
RAMP3_TGCGAAAGCCTTCCCACACA,RAMP3,2988,1206,948
RAMP3_CTGCGAAAGCCTTCCCACAC,RAMP3,3214,1187,938
RAMP3_GGATGCCGGTGATGAAGCCC,RAMP3,541,39,162
RAMP3_CGTCGTTCTGACTGTCGCCA,RAMP3,1228,258,357
RAMP3_ATGGCGACAGTCAGAACGAC,RAMP3,1665,230,523
RAN_CAGGGTTACCTACTTTGAAC,RAN,1397,51,72
RANBP1_CATCTGACTATACTTCCAGG,RANBP1,572,73,84
RANBP1_TGGCCTCAGTCCAATTGGGC,RANBP1,589,21,134
RANBP10_AGTTAGGGACAGGTGAGGAA,RANBP10,1420,350,321
RANBP10_TCAGTGCCCGGCTTGGCGAG,RANBP10,2436,435,869
RANBP10_CAATAGTAGTACTCACCGGG,RANBP10,527,103,149
RANBP10_TATGGTCCCACATTCACCAC,RANBP10,311,255,55
RANBP10_GGGTTCACCTCTGTTGGACC,RANBP10,617,79,13
RANBP10_TACCTTTGTAGTGGACGCGG,RANBP10,477,229,352
RANBP17_TTTACCTGTTGAGCAGAGGA,RANBP17,577,179,214
RANBP17_CATAGCTCTTACTTACCGAC,RANBP17,1008,287,635
RANBP17_TACCCAGATCTACCATCAGA,RANBP17,273,59,79
RANBP17_ACAGCGTATGTTGATCGGGC,RANBP17,613,100,112
RANBP17_TTCAGAATGCTGTTGAACGG,RANBP17,1250,365,61
RANBP17_TCGATGCAGAGAGGCTACCC,RANBP17,1472,292,448
RANBP2_TATCCTGGTTCTGGCAAAGG,RANBP2,793,133,77
RANBP2_GATGGCCTTAATCCTTCACC,RANBP2,0,16,11
RANBP2_ACCAATAGTGTCACTACCAG,RANBP2,1240,13,69
RANBP2_GATCCTAATGAGAAGAGACC,RANBP2,257,30,0
RANBP2_CGGACGGTGAACCTCTAGGG,RANBP2,1379,24,20
RANBP3_TCAGCGTTGGTGGCTTCAAC,RANBP3,866,261,185
RANBP3_AGAAGTCTCGTCCGATCAGC,RANBP3,446,176,131
RANBP3_ACCTTCTCCGCCTTCAGGAC,RANBP3,3089,158,170
RANBP3_TGCTGGCTGAGGCGCCAGCA,RANBP3,140,64,58
RANBP3_GCCCGTCTTTGTGTTTCAGA,RANBP3,398,116,215
RANBP3_ATGGCGGACCTGGCGAACGA,RANBP3,1904,0,12
RANBP3L_ATATGCTGTATCTTGGGCAC,RANBP3L,473,39,293
RANBP3L_AGTCCTGGTTAGTAGACAGC,RANBP3L,349,73,63
RANBP3L_AGTCCAGCTGTCTACTAACC,RANBP3L,1252,366,465
RANBP3L_AGGTGTGCAAACTGCCAGGC,RANBP3L,568,224,280
RANBP6_GGAGAGTGCACTAGACAGAC,RANBP6,462,468,505
RANBP6_CGGAGTGGCAGTTTCAGACA,RANBP6,2387,585,564
RANBP6_TAGTAATCTGCAGCGCCAGC,RANBP6,116,67,36
RANBP6_ACTTCAGACCTTCCGGCCAG,RANBP6,743,93,78
RANBP6_AAGGTAGTCTTACACAGACC,RANBP6,280,200,121
RANBP9_ACTTGCCCTAGCAATGGGAC,RANBP9,222,264,402
RANBP9_CTTGCAGCTCTCGTCCAAAG,RANBP9,1758,952,820
RANBP9_CTGGTCTGTAGATCTGGCAA,RANBP9,853,344,597
RANBP9_GCTTCAAACACCAGGAGAAG,RANBP9,591,254,126
RANBP9_ATGCGTGGCTCGAACTGACG,RANBP9,1314,243,261
RANBP9_GGCAGGACGACTCCGGAGAC,RANBP9,620,28,61
RANGAP1_CACCGGAAATCCAGTGCCCA,RANGAP1,1591,0,37
RANGAP1_CAAGCTCAACAACTGTGGCA,RANGAP1,1078,0,18
RANGAP1_GACCGAGATCCCACCAGCCC,RANGAP1,733,0,0
RANGAP1_GCGTCTGGAAGGCAACACAG,RANGAP1,2931,0,0
RANGAP1_AGGGATGCCCAATACAAACA,RANGAP1,696,390,275
RANGAP1_TTGCCAAGACTCAGGTGGCC,RANGAP1,429,208,108
RANGRF_TCACTCCAGCGACCTCCGAC,RANGRF,999,302,480
RANGRF_ACTTCTTGATTGTCCGGGAC,RANGRF,624,225,218
RANGRF_CGCCACCAACATCCTCAAAG,RANGRF,5282,2183,2178
RANGRF_GGATGTTGGTGGCGTGCAGG,RANGRF,301,113,18
RANGRF_CTATCTGCTGCTTGCCAGAG,RANGRF,1894,898,639
RANGRF_AGGATCGTGAAGGGTCAGAC,RANGRF,617,181,67
RAP1GAP_TTCAAGGAACTCCACGAAAG,RAP1GAP,2114,777,683
RAP1GAP_CGTCAAAGGTGACGATGAGC,RAP1GAP,1793,689,596
RAP1GAP_GAACTCGGTGAGGCAGGAGA,RAP1GAP,1165,37,129
RAP1GAP_TGAGAAGACAAGGTGGCCGA,RAP1GAP,304,164,251
RAP1GAP_TCCATACCCGAGCGTGCACG,RAP1GAP,1483,796,682
RAP1GAP_CCTCTTGTTGTGTTTCAGGG,RAP1GAP,369,102,121
RAP1GAP2_CGGATGCGACCCTCCCAGAC,RAP1GAP2,2531,633,1041
RAP1GAP2_CAAGCTTGAAGAGCAGAAGC,RAP1GAP2,1232,153,258
RAP1GAP2_GAAGTGCCTCCGGTAGGCCC,RAP1GAP2,95,31,22
RAP1GAP2_CTTCCTCGCACTTGACGGAC,RAP1GAP2,2099,222,251
RAP1GAP2_CAGTGTCCCTCAGATTGCAA,RAP1GAP2,768,305,399
RAP1GAP2_TCTCTTTCAGACCCTGGAGG,RAP1GAP2,123,140,74
RAP1GDS1_GCTGCTAAATAGCAAAGACC,RAP1GDS1,316,95,54
RAP1GDS1_AAGTGCTGCTTCAAACGGGC,RAP1GDS1,5,24,23
RAP1GDS1_AGTGCAGTTGACCAAGCAGG,RAP1GDS1,397,133,62
RAP1GDS1_AAGTCTTACCTGGAATGGCC,RAP1GDS1,117,122,45
RAP1GDS1_TAGTGGAGCGTTTGGTGGAA,RAP1GDS1,1134,345,364
RAP1GDS1_AAGAGCACATATCAGGACCA,RAP1GDS1,356,68,47
RAP2A_GACGATGCGCGAGTACAAAG,RAP2A,1652,690,466
RAP2A_CCCTCGCTCACCGCTTCACG,RAP2A,844,403,620
RAP2A_GGTTGGGAACAAAGTGGACC,RAP2A,356,59,167
RAP2A_AGAGAAGTATCGTCCAGCGA,RAP2A,1198,299,240
RAP2B_CGCGCTCGTACCGCTTCACG,RAP2B,890,1534,1001
RAP2B_AACTACGCGGCGCAGCCCAA,RAP2B,333,199,194
RAP2B_GCCGCCTCAGAGGATCACGC,RAP2B,353,274,510
RAP2C_ACTGATCTTGCTTCTCCGGC,RAP2C,49,243,175
RAP2C_CTGATCTTGCTTCTCCGGCA,RAP2C,1629,608,677
RAP2C_CTGGAAATTCTGGACACCGC,RAP2C,2060,806,955
RAP2C_TCCAGAATTTCCAGCACGGA,RAP2C,996,466,514
RAP2C_CAGAATTTCCAGCACGGAGG,RAP2C,1783,271,338
RAPGEF1_ACCCGAATGCCAGGCAGAGG,RAPGEF1,184,127,60
RAPGEF1_AGGCTCACCATCGAGAAGCA,RAPGEF1,397,124,106
RAPGEF1_CTCGGCTATAGCAGGAAGAG,RAPGEF1,1129,307,196
RAPGEF1_CGAGGATCGTTCTGCACCAG,RAPGEF1,3142,231,347
RAPGEF1_CAAGAGAACGCCATCAAAGA,RAPGEF1,836,465,458
RAPGEF1_TCCGGCAAGATCGAGAAAGC,RAPGEF1,1094,195,148
RAPGEF2_CTGAATGGCTAGAAGAAACG,RAPGEF2,2035,435,203
RAPGEF2_CATCAGATCCTCTGATGAGC,RAPGEF2,442,285,136
RAPGEF2_TCGCAGTGGTGGAAAGAGCA,RAPGEF2,1062,282,353
RAPGEF2_CACCGAGAACTTGATCGAAC,RAPGEF2,3177,526,638
RAPGEF2_TCTTTCTAGCCCAATGGAAG,RAPGEF2,597,73,54
RAPGEF2_TTACTTGGAGGCTCTGAGAA,RAPGEF2,806,323,312
RAPGEF3_CTGCAGCCCAGGTCAGCGCA,RAPGEF3,2149,301,378
RAPGEF3_TTCGAAGTGCCACAGTGAGC,RAPGEF3,719,574,489
RAPGEF3_CCACAACTTGGCTCCGGGAA,RAPGEF3,1750,1188,716
RAPGEF3_TCGGATGAGGTTTGGGCAGG,RAPGEF3,759,546,579
RAPGEF3_GACACCACTCACCAACAGCG,RAPGEF3,949,482,347
RAPGEF3_CCTGGATGCAGCTCGGACGC,RAPGEF3,3654,1030,894
RAPGEF4_GGCGATCCACTCGGCAGAGG,RAPGEF4,164,192,151
RAPGEF4_TCTTCGCTGGATCGCTCCAG,RAPGEF4,325,133,164
RAPGEF4_ATCTGAGACCAGCAGTCACC,RAPGEF4,566,449,479
RAPGEF4_ACTGCTCCGCATCGAGCAGA,RAPGEF4,92,137,24
RAPGEF4_TCCTTTAGGGATTCCTGACA,RAPGEF4,939,118,260
RAPGEF4_ATGGTGTTAGCAGGACGAAG,RAPGEF4,1506,282,242
RAPGEF5_AGTGACACATGTGATCCCAG,RAPGEF5,523,289,189
RAPGEF5_GGAGAGGAAAGATTCCGCCG,RAPGEF5,577,118,147
RAPGEF5_CAGAGCTCTTAGCAGCCAGA,RAPGEF5,328,34,54
RAPGEF5_AGGGAAACTCTCACCTCCAA,RAPGEF5,617,123,94
RAPGEF5_TTGGGTCAGAGCTGGTAGAC,RAPGEF5,1647,639,699
RAPGEF5_GGCTCACGCTGCGGAGGAAG,RAPGEF5,1610,338,637
RAPGEF6_CCACTTAGCCTTTGCAGCAC,RAPGEF6,5926,1372,1274
RAPGEF6_CATCGGGAACTAGACCGGAG,RAPGEF6,942,192,63
RAPGEF6_TCGTCATCCTCAGAATCAAC,RAPGEF6,300,386,268
RAPGEF6_TGCATCTTGGTAAGATCAGC,RAPGEF6,116,7,76
RAPGEF6_GCACGCTATGAGAGATACAG,RAPGEF6,1621,201,107
RAPGEF6_TGCCTAGCGCCAGGGTCCAC,RAPGEF6,602,62,43
RAPGEFL1_GCAATGCTAATTCACCCAAG,RAPGEFL1,1031,1139,542
RAPGEFL1_ACCCGGTTATCCCTTGAGCC,RAPGEFL1,1224,69,157
RAPGEFL1_TAAGGACAATGTCATCCAGC,RAPGEFL1,175,11,65
RAPGEFL1_CCTGGTAGGTGTCCAAGAAA,RAPGEFL1,2264,509,393
RAPGEFL1_CACTCTGAGGCTGCACCAGC,RAPGEFL1,708,134,107
RAPGEFL1_AGGAGTCTATCCGGCGGAAG,RAPGEFL1,1184,117,107
RAPH1_AAACGTTGACATGATCCAGC,RAPH1,9,66,0
RAPH1_ACCTTCTCATTTGCTGACCA,RAPH1,970,352,439
RAPH1_TCTGAGATGTTCCAGCAAGC,RAPH1,1437,392,496
RAPH1_AAGGAGTAGCTGGCATGGGA,RAPH1,163,1,25
RAPH1_TCTTCGCCAGGAAACAAACA,RAPH1,978,88,75
RAPH1_TTTGTCTAGTTCTCCAAGCC,RAPH1,589,346,519
RAPSN_GAGAGCATTTACCGCAGCAA,RAPSN,868,247,195
RAPSN_GACCGAGATCGGAAACCGCC,RAPSN,74,92,186
RAPSN_GAAGATCGCGCTGCAGCACG,RAPSN,374,28,264
RAPSN_TCAACAACTATGGCAAAGGC,RAPSN,699,419,305
RAPSN_CTTCTATGCCCAGGTCAAGG,RAPSN,633,163,238
RAPSN_CCAAGCAGCAGATCGAGAAG,RAPSN,2561,609,839
RARA_AGCAGCTCCTGCCCGACACC,RARA,484,73,120
RARA_TCACAGACAATGACACAAGC,RARA,1439,562,971
RARA_TCCAAAGCGGAGTCCGGAGC,RARA,1627,231,123
RARA_TGAGAGCTACACGCTGACGC,RARA,153,367,137
RARA_CTGGTCGGCGATGGTGAGGG,RARA,661,211,122
RARA_GAGATGGATGATGCGGAGAC,RARA,911,141,147
RARB_TGTCCGTTCACTGCTGGGAC,RARB,1686,510,116
RARB_CATGGACATCCGCCTCCGAG,RARB,1318,250,236
RARB_TGGGACGAGTTCCTCAGAGC,RARB,797,227,190
RARB_ATGGTCAAGCCAGTGAAACC,RARB,870,186,420
RARB_TGTCATCCATTTCCAAAGGC,RARB,1389,353,207
RARB_TTCCTGGTATCCAGACCGCC,RARB,364,70,74
RARG_ACTTACCAGGATATCTAGGC,RARG,548,144,9
RARG_CCAGCTGGGCAAGTATACCA,RARG,1349,405,437
RARG_GCTACAGAAGTGCTTCGAAG,RARG,953,373,149
RARG_CATGGCTTGTAGACCCGAGG,RARG,465,110,155
RARG_CTGTATGGAAACGTTTGCCC,RARG,607,122,180
RARG_AAGGAGCGACTCTTTGCGGC,RARG,5,219,201
RARRES1_CCAGACCAAGTGAATGCGAC,RARRES1,1181,1076,915
RARRES1_CAGACCAAGTGAATGCGACA,RARRES1,1589,196,309
RARRES1_TCCCAGATGAGTCTCAGAGA,RARRES1,1771,294,347
RARRES1_CCACAGTCTTTACTTCAGGA,RARRES1,1941,813,1059
RARRES1_CACAGAGCGCTACAACCCAG,RARRES1,1287,243,258
RARRES1_AGAGGGATGTAAAGTTCACG,RARRES1,637,231,341
RARRES2_GAGTGCAAAGTCAGGCCCAA,RARRES2,216,187,139
RARRES2_CAAGCTGCCGGAAGAGGGAC,RARRES2,361,421,250
RARRES2_GCAGACAAGCTGCCGGAAGA,RARRES2,14,0,1
RARRES2_TGTGGAGAGCGCCGTGGACA,RARRES2,4315,587,875
RARRES2_GGTGACACGGAAGCATGCGA,RARRES2,335,36,0
RARRES3_CCACACCAAGAGCCCAAACC,RARRES3,3134,895,703
RARRES3_TCCGCCTTGGCTATGAGCAC,RARRES3,2655,969,663
RARRES3_CCCAGTGCTCATAGCCAAGG,RARRES3,1477,775,618
RARRES3_ATGATCACCTCCACGGGCCG,RARRES3,1867,306,271
RARRES3_GAACTGATGATCACCTCCAC,RARRES3,431,71,0
RARRES3_AACCAGGATTCCAAGCGCCG,RARRES3,1234,504,419
RARS_TGGTGTCTGAGTGCTCCGCG,RARS,506,453,329
RARS_GCTAGTGACACCAAGTCAGC,RARS,238,13,0
RARS_CTATGATAGTTGACCTCAGG,RARS,616,62,17
RARS_ATCTGTGATGTCTCCCGCCA,RARS,925,0,0
RARS_CTCATGGATCTTCTGGGAGA,RARS,1593,0,9
RARS2_CATCTCAGGACTTTCAACCC,RARS2,1120,290,505
RARS2_CAGGGAATGAAGACTCGAAG,RARS2,871,533,408
RARS2_CATTCCCTGTACTACTCCAA,RARS2,1341,157,168
RARS2_ATACCTGGCAAGCAATAGCG,RARS2,918,42,128
RASA1_TAGGAGCCGGGTCTGTGGCA,RASA1,84,24,21
RASA1_GACACCACCTCAACTTGGAA,RASA1,278,98,65
RASA1_AGCAGAAGAACGCCTCAGGC,RASA1,503,22,70
RASA1_TGAAGACCTAGTAGAAGAGG,RASA1,827,281,310
RASA1_CCATGGGAAGATTTCCAAAC,RASA1,3669,1108,1952
RASA1_CTTTCTGTAATCGGCTCAAC,RASA1,230,227,302
RASA2_TCTGCAGTCGCACTCGCCGC,RASA2,563,336,221
RASA2_GAGTGCGACTGCAGAGCCCG,RASA2,516,101,101
RASA2_AGGATCGACTTGTGGAACAA,RASA2,487,574,484
RASA2_TTGCTACAGCCAAGAGACAA,RASA2,845,308,338
RASA2_CATCCAGACATCGGGTAGCC,RASA2,589,361,223
RASA2_CACAGGCTCACTCGTACCAC,RASA2,1059,277,366
RASA3_AGCTACAGGGCCGGGTCACC,RASA3,284,188,228
RASA3_CTCAGCATCGTCGAGTGCCA,RASA3,1248,633,627
RASA3_CTTGCAGGGCAAAGTGCACC,RASA3,224,282,363
RASA3_AGTACCACAACAGGGACACC,RASA3,336,127,276
RASA3_TCCCTCATCTTGCTCGGCCC,RASA3,1043,52,194
RASA3_AGCATGGCGGTGGAGGACGA,RASA3,1146,838,46
RASAL1_AGAAGACTCGCTTCCCGCAC,RASAL1,879,215,44
RASAL1_CCTGAAGCACATGGCAGCGA,RASAL1,1917,479,780
RASAL1_CAAGATCTCGCTGAGCAGGG,RASAL1,1341,340,271
RASAL1_GCCAGCTGGTGGAAATCCAG,RASAL1,507,116,78
RASAL1_AGTGAAAGTGGACGACGAGG,RASAL1,77,65,29
RASAL2_GAGCTCTCTCCGTCGTCCGG,RASAL2,327,170,115
RASAL2_CCTTGTTGAGCAATACCAAC,RASAL2,598,521,190
RASAL2_TCGGGAAACTGACCCTCGGA,RASAL2,616,307,256
RASAL2_TGAGATACTCCGTCTACGAG,RASAL2,1699,315,349
RASAL2_ACCTGTCATCTGTACTGCGA,RASAL2,598,106,137
RASAL2_ATGTCTGGATCTTGGTAGAG,RASAL2,1151,74,318
RASAL3_CACACTCTCTGAACTGGACC,RASAL3,1681,514,322
RASAL3_ATACACCCTTACCCATCCCG,RASAL3,1095,151,298
RASAL3_TTACCCGAACGTTGTGGACC,RASAL3,2730,296,1319
RASAL3_CTCCGAGGGCAGCATCCACG,RASAL3,4608,975,949
RASAL3_CACCAGCTTCCCATCAAGCA,RASAL3,3246,991,1312
RASAL3_TCCTACCGCTGGCACACAGG,RASAL3,2247,312,337
RASD1_GAAGGGTGCCACGATGCCAA,RASD1,399,210,87
RASD1_AACAAGAAGCTGCTGCGGGC,RASD1,153,50,63
RASD1_TGACCGCGACTTCTACCGCG,RASD1,1167,235,229
RASD1_CAACCGCGACTCCTTCGAGG,RASD1,1059,162,167
RASD1_ACGTGTCGAGGATGTCGAGC,RASD1,887,326,350
RASD1_CTCGTCCAAGGTGGGCAAGA,RASD1,1197,666,896
RASD2_GGATGTTGTATACCTTACGG,RASD2,1092,271,202
RASD2_CGAGCTGGTACATGTCGCCG,RASD2,1678,322,198
RASD2_TGGACAGCCTGCGCATGGCG,RASD2,866,313,491
RASD2_GGCCAAGAAGAACACCAACG,RASD2,841,194,308
RASD2_AGATCTTGCGATGCAGGGCG,RASD2,1840,630,747
RASD2_GGAGATCTTGCGATGCAGGG,RASD2,365,172,119
RASEF_ATGTGGCTTCCGTCTTAGAC,RASEF,911,488,487
RASEF_GGGATTTCAGAGGTCACACG,RASEF,494,222,157
RASEF_GCAGTTGAGTGAGTTGGAAG,RASEF,1256,870,645
RASEF_ATTTGGCCATTGCGGTGAAG,RASEF,825,199,178
RASEF_ACACTTTGGACAATCGAGGA,RASEF,615,213,183
RASEF_GCCGGAGACACACGACAGCG,RASEF,2655,1020,1010
RASGEF1A_AGTTCTTCATTGATGTGGCC,RASGEF1A,49,112,41
RASGEF1A_GCCTGGAGGCCTATGACAAC,RASGEF1A,771,221,141
RASGEF1A_GATGCAGATCGTCAGCCACA,RASGEF1A,399,384,224
RASGEF1A_AGGATGTCCTTCTGGGCGGC,RASGEF1A,1201,137,251
RASGEF1A_GAGCACTCACCTCATCACAC,RASGEF1A,1295,83,200
RASGEF1A_CGGACAGGTGCAGCCTGGCA,RASGEF1A,549,150,209
RASGEF1B_AGTGTCCATTTGAGAGGGAC,RASGEF1B,208,103,33
RASGEF1B_TGTTCAGGCGTTCGTGCAGA,RASGEF1B,1542,964,991
RASGEF1B_CCAAGCCACAGTCTATACAA,RASGEF1B,3666,592,542
RASGEF1B_CTGGCTCACCGAATAGCCAG,RASGEF1B,845,82,217
RASGEF1B_TAACCGAGAACTGAGTAGGA,RASGEF1B,318,134,205
RASGEF1C_CAGTGACAAGACCAGCAACC,RASGEF1C,2502,713,663
RASGEF1C_TGTCCAGGCCTTTGTGAACA,RASGEF1C,2538,1637,1418
RASGEF1C_ACAGGCTCTGCACCAGAAGC,RASGEF1C,780,51,93
RASGEF1C_AGTGGACCGAGACCTTCCCA,RASGEF1C,189,25,0
RASGEF1C_CTCGCCTCTTCATCGAGCCC,RASGEF1C,634,64,17
RASGEF1C_GGATGGCGCTCCATCCAGGA,RASGEF1C,492,114,69
RASGRF1_TGAAGGCCCGCATCTCCAGC,RASGRF1,1042,211,329
RASGRF1_CAGCATGCGCAAGAGGAACC,RASGRF1,1191,422,153
RASGRF1_TGCGCTCATTGTCCTTGAGC,RASGRF1,244,295,247
RASGRF1_ATGCCTCATGCTCTGTGGCG,RASGRF1,620,126,176
RASGRF1_GACATACCTGGCATGTGCAA,RASGRF1,430,115,205
RASGRF1_CTCTGAGCACCATGCAGAAG,RASGRF1,2414,1224,1299
RASGRF2_GCCCTCCTTGCGCGCCAGAA,RASGRF2,2267,1018,550
RASGRF2_TGCGAGGATGGTTGTGCAGA,RASGRF2,1348,864,680
RASGRF2_CGATCATTCTTTCGATGGCA,RASGRF2,1108,814,770
RASGRF2_CAAGTACCTTCCGTTGAGAG,RASGRF2,1445,567,410
RASGRF2_CTTGTTAGCACCCTCACGCC,RASGRF2,483,203,440
RASGRF2_TTCCAAGAGGCGCTCCACGC,RASGRF2,1508,331,432
RASGRP1_AGTTATTCACCTGAGCCACC,RASGRP1,80,108,95
RASGRP1_TTGAGTTCAAGTCTTTCCGG,RASGRP1,1527,496,327
RASGRP1_CTCCATAGTGTCTGTCAAGC,RASGRP1,3363,1344,756
RASGRP1_ACAGTTGGTTACTTCGACAC,RASGRP1,1355,884,566
RASGRP1_GAGACACCATCATTCGGAAC,RASGRP1,560,357,479
RASGRP1_AGTTGCCTTAACCTGTGCCC,RASGRP1,200,168,129
RASGRP2_CATCACACACTTTGTCCACG,RASGRP2,1505,402,319
RASGRP2_TACCTACAAGTGGAAGCGGC,RASGRP2,0,54,54
RASGRP2_AGCGGAGTTTGACTTGAACC,RASGRP2,1429,174,167
RASGRP2_CACCTACCAACAATCCCGGA,RASGRP2,729,439,239
RASGRP2_TGGCCGCCAGCTGAGAGGAG,RASGRP2,1427,226,423
RASGRP2_AGGCACCCTGGACCTGGACA,RASGRP2,1309,208,287
RASGRP3_CTAATGTTGCTGCTTTCCCA,RASGRP3,489,265,419
RASGRP3_AACAGATGACAATGGAGAGC,RASGRP3,904,266,96
RASGRP3_CTTCTCATCCAGTCATAGGA,RASGRP3,600,272,163
RASGRP3_GGTCTCTTTGAGGCGTGAAA,RASGRP3,649,278,336
RASGRP3_AAGGCCTTTGCCGACTGCGA,RASGRP3,230,41,207
RASGRP3_TCCCGCACAGTGTTCGCAGA,RASGRP3,533,332,248
RASGRP4_GCTGGACAAGTTCATTCACG,RASGRP4,192,37,48
RASGRP4_TTTCGACCACTTGGAGACGG,RASGRP4,653,277,253
RASGRP4_ACACCCTGAGGTGATGCACC,RASGRP4,193,102,73
RASGRP4_ACGGCTGCAGATCTGTCACC,RASGRP4,803,228,265
RASGRP4_CGAGGACCACATGCTCAACA,RASGRP4,2895,1090,1694
RASGRP4_GGTCATGGCTTCCATGAACC,RASGRP4,164,22,15
RASIP1_GGAATTATGTGATGAGGCCA,RASIP1,233,68,125
RASIP1_GCTTAGCTTTGTGCAGGAGA,RASIP1,493,87,139
RASIP1_CGTCACTGCACAGTGCGCGC,RASIP1,472,133,40
RASIP1_CTTCTGTGGCCGCCACGAAG,RASIP1,352,164,532
RASIP1_TCCACGCAGCTGCTCTCGCC,RASIP1,991,298,617
RASIP1_TCACTTGACAGAGGCTGCGC,RASIP1,723,209,380
RASL10A_CGTCTACGACATCTGCAGCC,RASL10A,1107,533,450
RASL10A_GATGTCGTAGACGAGCACGA,RASL10A,393,193,117
RASL10A_AGTGGCCAGACGCTAAGGAC,RASL10A,843,114,123
RASL10A_TACGACTTGAGCATCCGCGA,RASL10A,176,71,235
RASL10A_GGTAGTCACCGAACAGGAAC,RASL10A,189,22,72
RASL10B_TGGCCGTTCATGACGACAGC,RASL10B,713,137,196
RASL10B_CTGGAGCGTATTGACAGGGA,RASL10B,317,382,416
RASL10B_CTACCTGGAGCGTATTGACA,RASL10B,1797,314,155
RASL10B_CGTAGACCAGGATGTAGGCG,RASL10B,1622,559,405
RASL10B_CGCACCTGGTACGCAAGACC,RASL10B,1971,1071,1218
RASL10B_AGCGTGCACGTGCTTGCAAC,RASL10B,1552,490,406
RASL11A_GGGCAGTAGGTAGTCCGAGG,RASL11A,246,178,365
RASL11A_CTCGGACTACCTACTGCCCA,RASL11A,959,232,433
RASL11A_ACGGCTGGTCTATGTCGAGG,RASL11A,1589,280,279
RASL11A_GCAGATCCAGGATACTCCCG,RASL11A,493,143,475
RASL11A_CCCACTGCACGCATTTGGAC,RASL11A,1957,521,900
RASL11A_CCTTTATCAGCACATCCGGA,RASL11A,285,146,240
RASL11B_CCACGGCGATCTTGACCAGG,RASL11B,504,167,312
RASL11B_TGAATCGTTTGGTGAGGAAC,RASL11B,338,419,270
RASL11B_TCAGATAGAAGGTGAAACCC,RASL11B,877,238,367
RASL11B_CACGACCACCACAGGCAGCC,RASL11B,1911,1320,527
RASL11B_TGACCTCTTTACAGAGGACG,RASL11B,52,78,164
RASL12_CCTTGCGCTTGCTCTGGGCC,RASL12,454,429,438
RASL12_CTTCCACGAGGCAGTGCGAG,RASL12,1835,362,712
RASL12_TGTACACCACCAGGAAGGCA,RASL12,1100,354,308
RASL12_ACTGCGAGCGCTACCTGAAC,RASL12,1353,215,403
RASL12_TCCATGACCCTCAGGTGGAC,RASL12,256,47,51
RASL12_CCGTGAAGTTTCTGACCAAG,RASL12,2314,662,527
RASSF1_GGTACAAGAGGTCACCCAAG,RASSF1,416,10,0
RASSF1_TCCTTGCAGGATGCCCGGCG,RASSF1,776,27,121
RASSF1_GCGAGCTAGCGAGGTTCGCG,RASSF1,158,0,54
RASSF1_GGGTACGGCTATGGGCGAGG,RASSF1,670,160,49
RASSF1_GGTGGAGCGGGACACGAACG,RASSF1,35,48,85
RASSF1_AGTCCAGGCAGACGAGCGCG,RASSF1,763,208,326
RASSF2_AGATCTGCTCACATGGGCCC,RASSF2,785,445,213
RASSF2_TTGTACGTGGTCCATACGAG,RASSF2,2531,1010,748
RASSF2_GCCATAGGCTGGTGTGAACA,RASSF2,1141,686,516
RASSF2_TAGGCGTCCTCACATTGCCA,RASSF2,121,33,35
RASSF2_CATCTGGTCACCCTCCGGCG,RASSF2,1954,264,54
RASSF2_TTTACAGCTCCGGCACCGGG,RASSF2,891,83,85
RASSF3_AGGACTTCTTCTTCACCGCC,RASSF3,666,166,118
RASSF3_GGGCGCTCTCCTGAAGAAGG,RASSF3,792,65,63
RASSF3_ACGCCTGCAAGCTCTCAGAC,RASSF3,1482,427,637
RASSF3_CGCCTGCAAGCTCTCAGACC,RASSF3,1997,410,426
RASSF3_TGGGCCCTGCTACCAAACGC,RASSF3,1031,471,424
RASSF4_TCACCTCACGGTGTCTCAGC,RASSF4,387,144,131
RASSF4_GGTCATCCTGCATCTGCAGC,RASSF4,0,41,1
RASSF4_CGCTCTTGGTCCGCATCAGC,RASSF4,1149,427,1226
RASSF4_TTGGTCACGGATCCATAGGC,RASSF4,535,55,113
RASSF4_GGCCATGTGAGAAGATCGCC,RASSF4,119,156,113
RASSF4_GCTGCAGCATCGTCAGACGC,RASSF4,1187,362,276
RASSF5_AAGATGCTCCGCACGTCGCG,RASSF5,373,54,110
RASSF5_CCTGCTGACTGCAGTCCAAC,RASSF5,999,575,669
RASSF5_CTGCAGCCTGGACGAGGAAC,RASSF5,1070,254,537
RASSF5_CGCTTACCAGTTTCATGCCC,RASSF5,225,47,195
RASSF5_CCGTCAGTGAGGTCATCCAG,RASSF5,808,186,168
RASSF5_CCGTGTCAGGCCCAGCAAGC,RASSF5,1870,637,720
RASSF6_CTCATGGTTCTATAGAGCAC,RASSF6,1055,234,509
RASSF6_ATCGTATTAGTGAGCTGGAC,RASSF6,840,265,334
RASSF6_CATTCTGGTCACAAGGCAAC,RASSF6,887,104,40
RASSF7_AGAGTGTCCAGTGGGCGCCC,RASSF7,624,142,399
RASSF7_CAGTTTGTCCTGAGGCGCAC,RASSF7,359,124,194
RASSF7_CCAGCCTCCCTGTAAAGCCA,RASSF7,1025,185,175
RASSF7_CTCCGACCTGAGTGCCAGGA,RASSF7,1069,210,249
RASSF7_ACTCCGACCTGAGTGCCAGG,RASSF7,514,268,83
RASSF7_GCACCAGCATGGGACTCAGA,RASSF7,298,10,11
RASSF8_AGTGACTGGCCGGTGCACCA,RASSF8,982,107,171
RASSF8_CAGATCCGGACTATGGAAAG,RASSF8,1773,677,739
RASSF8_ATTGCAACGGGAAGTTCAAG,RASSF8,314,45,183
RASSF8_TCTATTTCAATGGGCTCCGC,RASSF8,133,126,109
RASSF8_TCTGGGTCCCTGAAGCGACC,RASSF8,767,93,202
RASSF8_GGGAGCTGCCGAGATGAACC,RASSF8,0,34,31
RASSF9_GCTGTCCGCCACAAAGGAAC,RASSF9,628,177,130
RASSF9_GAAGTGGAGAGGCTCCGAAA,RASSF9,1274,116,221
RASSF9_CATGTTCCTCAAGCAAAGCC,RASSF9,1279,234,377
RAVER1_TCCCGCTTTCATTCAGGACA,RAVER1,1529,781,484
RAVER1_CAGCAACCTGGCGGGTAAGG,RAVER1,963,132,53
RAVER1_TGGCCCATTGAGCAGCGGCA,RAVER1,557,316,385
RAVER1_AGCGGCCAGCATACTGCGGC,RAVER1,620,175,298
RAVER1_TGTGTGGACCGCCTGCCACC,RAVER1,98,49,22
RAVER1_CCCGGATCAGTATCTTGCGG,RAVER1,1804,195,330
RAVER2_CTGCATCCGCTGCAGTCGCG,RAVER2,609,360,280
RAVER2_AGCGGGAGCTGAGCAACCGC,RAVER2,187,78,75
RAVER2_CTTTGCTGCAAAGGCTAGAC,RAVER2,812,483,336
RAVER2_TGAATATAGCACTGCGGAGC,RAVER2,1098,206,289
RAVER2_TGTGGACGAGCTGTTAAACC,RAVER2,838,596,380
RAVER2_GACCAGCATTCTCAGGGCAC,RAVER2,226,44,62
RAX_TCCAGGCCATCGGGAAGCCG,RAX,2061,468,517
RAX_CTGGGCGCTTTACCTGGACC,RAX,799,387,496
RAX_CGAAGCGAAACTGTCAGAGG,RAX,1030,281,387
RAX_TGACAGTTTCGCTTCGCCGG,RAX,1804,431,208
RAX_TATCCCGCTCCTTCGCGCCC,RAX,132,29,146
RAX_CGAGAAGCTCCCGTCGGCCA,RAX,1078,304,474
RAX2_GCTGGCCAAGGAACATGCAC,RAX2,310,80,103
RAX2_CTTCGCAGATGGCTTCGCCC,RAX2,579,0,0
RAX2_ACCAGCTGCACCAGCTGGAG,RAX2,249,57,7
RAX2_TGTTCCTGAGCCCGGGCGAG,RAX2,1125,578,496
RAX2_CATGTTCCTGAGCCCGGGCG,RAX2,1176,440,411
RAX2_GGAGCCATGTTCCTGAGCCC,RAX2,336,98,59
RB1_TCGCTCACCTGACGAGAGGC,RB1,911,239,421
RB1_CTGCTCGCTCACCTGACGAG,RB1,1080,1379,1507
RB1_CACCCAGGCGAGGTCAGAAC,RB1,2137,1708,1243
RB1_ACTCCTGTTCTGACCTCGCC,RB1,8,87,30
RB1_ATTCGTGTTCGAGTAGAAGC,RB1,124,127,78
RB1CC1_AGGAAGAGTGGATTCAGCAA,RB1CC1,1395,392,541
RB1CC1_CCTGCCATTGACTCTACCAG,RB1CC1,1411,281,424
RB1CC1_GCTTTCCTCTTCTAGTGGGC,RB1CC1,329,140,58
RB1CC1_TGAAGATCGGCTCTACGCCC,RB1CC1,96,439,537
RB1CC1_GATACCGCAGATGCTGAAAG,RB1CC1,540,47,222
RB1CC1_AACGCCTCCTCCTTCGCCGG,RB1CC1,1186,169,171
RBAK_GAGAGCAGACTTGCGGGAGA,RBAK,202,187,172
RBAK_GGGCACCAGCCACTTCCAAA,RBAK,911,469,809
RBAK_CCACCCGGATGCTAACACCC,RBAK,1456,373,642
RBAK_CCTGGGTGTTAGCATCCGGG,RBAK,533,341,182
RBAK_ATCAATACAGCCAGAGCCCG,RBAK,1598,170,255
RBAK_GCCACGCGACCAGAAAGCCG,RBAK,102,77,85
RBBP4_CTCACCTTCCTTGTCGGCCA,RBBP4,1877,240,91
RBBP4_TATTGCCGTTACAGACCAGA,RBBP4,295,8,13
RBBP4_ATTGCCGTTACAGACCAGAA,RBBP4,713,28,7
RBBP5_GGAGTTCTCCTCTCGTCCCA,RBBP5,97,78,4
RBBP5_TCAATTGAGTTTGCCCGGAA,RBBP5,2020,709,484
RBBP5_CAAACATGTTGTTCTGCCGG,RBBP5,961,43,13
RBBP5_TTTCAGGCGACTGTGACCAG,RBBP5,1092,15,10
RBBP5_TGACTTGCACCTTTAACAGG,RBBP5,1659,83,53
RBBP5_CTCTGGATAGTTCTGCCCAA,RBBP5,324,9,25
RBBP6_CTGCTTCTTTAAGTCGCAGA,RBBP6,921,37,33
RBBP6_AAGTCGAACTGAACCAGCGA,RBBP6,682,40,0
RBBP6_CAACGGAAACACGTGTAAGA,RBBP6,904,22,151
RBBP6_GGTGCAATGCTTACCAACAC,RBBP6,1160,15,104
RBBP6_GGCTCCTCTGGTAAGAAGGG,RBBP6,567,1,21
RBBP6_ACGGATTTCCAGACACAGGA,RBBP6,468,64,23
RBBP7_AACCTTATCCGCAGAGCCGG,RBBP7,482,57,64
RBBP7_CAAACAATGACTCGTGCAGC,RBBP7,569,126,284
RBBP7_TCTGCGGCATGTAACGAGCA,RBBP7,1045,131,119
RBBP7_CACCCTTGTCACTGTCACAA,RBBP7,4582,625,405
RBBP7_AAGCCACTGAACGGTAAGAC,RBBP7,330,169,80
RBBP7_ATGACGACCTGTACGTACAG,RBBP7,872,133,189
RBBP8_CGTTAACCGGCTACGAAGAA,RBBP8,2036,182,134
RBBP8_GGTAGAGCTCATCACCAAGG,RBBP8,53,0,6
RBBP8_GGCTTTGAAGACCATTCCAA,RBBP8,330,30,15
RBBP8_ATACAAACCAGGTCAGACCA,RBBP8,941,13,0
RBBP8_CTCCCGGATCTATACTCCAC,RBBP8,1386,203,538
RBBP8_GGAGAAACTGTCTGCCAAAC,RBBP8,617,220,277
RBBP8NL_ACCATTGCCGTGGTGCGGCC,RBBP8NL,800,130,138
RBBP8NL_CTAGAGACAGGCCCAAGCCC,RBBP8NL,848,68,52
RBBP8NL_TTGCAGCCAACGAGATGAAC,RBBP8NL,1770,83,366
RBBP8NL_TGACCATGCAGCGGTCGCAC,RBBP8NL,815,174,415
RBBP8NL_ACCTGTTCTCCAGCACCCGC,RBBP8NL,1099,239,45
RBBP8NL_GCTTCATGGAGTCGCTGAAC,RBBP8NL,485,233,375
RBBP9_CTGGAAGGAACAACAAGAAG,RBBP9,2088,538,409
RBBP9_CTTGTTGTTCCTTCCAGGGA,RBBP9,1725,244,345
RBBP9_ATCGCACCTCATGGCCGCGA,RBBP9,1279,288,349
RBBP9_TCACCCAGCCATACCAGCCG,RBBP9,1061,511,741
RBBP9_TTGTTCCCGGGAACGGAGGC,RBBP9,1088,211,118
RBBP9_ATTGTTCCCGGGAACGGAGG,RBBP9,220,13,75
RBCK1_GACGAGAAGACCAAGAAAGG,RBCK1,1398,86,212
RBCK1_CCGTTGCTCTGCCAGCCAGA,RBCK1,858,68,163
RBCK1_AGTGGCGTCTCTCAAGGACA,RBCK1,400,220,87
RBCK1_GGCCAAGGACAGCTTACCGG,RBCK1,662,58,172
RBCK1_CGTCGGGCTGGTATGAGGCG,RBCK1,1014,1004,815
RBCK1_CGCCAGCACCGAGTAGCACA,RBCK1,2819,876,749
RBFA_AGCATCGCGGCTACGGAACA,RBFA,689,285,413
RBFA_ACCGAGTGAGAACCCAAGGA,RBFA,1601,253,350
RBFA_CTGTCAGTGCCTTATAGAGG,RBFA,3670,554,640
RBFA_TGTCTTCCAGTACGCTCGGC,RBFA,53,162,182
RBFA_AAGTTGTCTCTTTCATCCCG,RBFA,829,185,293
RBFA_CCTGGACCTGGTTGGTGCCC,RBFA,215,79,26
RBFOX1_TCTGTCTTCTATTTCCACGC,RBFOX1,1323,196,170
RBFOX1_TTACCTGAATCAGTCCAGGA,RBFOX1,623,450,642
RBFOX1_TCTGAGCGCTCGTGTCCGCC,RBFOX1,188,67,196
RBFOX1_CCGGATCCCGGAACCTGAAG,RBFOX1,1132,389,630
RBFOX1_AAATAGTGCCGATGCGGACA,RBFOX1,1175,452,386
RBFOX1_CTGTAGACTGCACCCACAAC,RBFOX1,3185,1272,1310
RBFOX2_CAACTCCATAGCTAGCGGCA,RBFOX2,1714,31,54
RBFOX2_ACGCTTACCCTGGATAGGCG,RBFOX2,1336,66,79
RBFOX2_AGAATAGTGCTGATGCAGAC,RBFOX2,597,463,560
RBFOX2_TTTCCACCACCTCCGCAGAA,RBFOX2,1675,371,382
RBFOX2_GCTGGGAATCCATGATAACC,RBFOX2,1600,157,78
RBFOX2_CCGATCCCGGCCTGAGCAAG,RBFOX2,849,386,330
RBFOX3_TATTATACACGGCCCGGCCC,RBFOX3,157,42,56
RBFOX3_CCGTAGACTGCGCCGACCAC,RBFOX3,1065,95,364
RBFOX3_TGATGACCAACAAGAAGACG,RBFOX3,833,364,237
RBFOX3_CTCAGATGCTGACCGAGCCC,RBFOX3,1903,370,404
RBFOX3_GCTTCTCTGTAGGGTCGGAG,RBFOX3,461,72,45
RBFOX3_ATGCCGTTCTGTGGCGGAGG,RBFOX3,513,278,156
RBKS_CATCTGAGAGGGTGTAGAAC,RBKS,1556,430,339
RBKS_GATCCAGGTCAGCAATGGCA,RBKS,5,117,112
RBKS_CTAACAATGGCCCGCAGGAG,RBKS,3172,1168,928
RBKS_TTGCTGGAGTTATTTCGAGC,RBKS,2415,493,430
RBKS_GCCGAGCAGCTTGGACACAC,RBKS,1652,491,810
RBKS_GGGCTCCTGCATGACCGACC,RBKS,355,188,166
RBL1_CTTGACAGACGCGTTTGGCA,RBL1,1122,107,340
RBL1_GAAATGCGGCGTGGTGAGCC,RBL1,344,79,91
RBL1_TTCCAGTGGACCAGTGAAAG,RBL1,2086,485,393
RBL1_GCACAAGAGGTACATTCAAC,RBL1,899,252,88
RBL1_CGCTACAGTTCTCCTACCGC,RBL1,1681,413,174
RBL1_AAGGAAGTTCGAACTGACAG,RBL1,930,183,178
RBL2_CATGAGCGAAAGCTACACGC,RBL2,674,156,244
RBL2_AACTGTAAGCAAAGGGACAG,RBL2,2288,343,407
RBL2_AACCTCGTCAGCAGCGAGGA,RBL2,147,165,42
RBL2_TGAGCGGATATTTCTTGGAG,RBL2,759,187,379
RBL2_GAATGCACCAAGTGAGAAAC,RBL2,1324,191,312
RBL2_ATGTTCCAGAGATCCAACCC,RBL2,1141,478,322
RBM10_CCGAAGGCCCTATCAGGACA,RBM10,1755,712,519
RBM10_TCCTGGCTGCCATACTCGCG,RBM10,1247,911,906
RBM10_CAGGACTATCGGACCGAGCA,RBM10,2280,1003,1213
RBM10_AGTCGCACGGCGTGCAAGCA,RBM10,623,877,908
RBM10_ACTTGCAGGACGCTACACGA,RBM10,2835,401,960
RBM10_GCATCGACACCTTCTGGCCC,RBM10,1551,163,24
RBM11_TGTCGGCCTCCTCCTGAGCA,RBM11,842,656,721
RBM11_CTGTCGGCCTCCTCCTGAGC,RBM11,1625,454,499
RBM12_CGCCTCCTAATCCTGGAGGA,RBM12,410,211,235
RBM12_TGCACTGGGCAGTCCCACAC,RBM12,485,525,337
RBM12_GGCAATGTAGGTACTGGAGG,RBM12,147,123,312
RBM12_GCTAAACGTTGGGCTCCCAA,RBM12,85,32,4
RBM12_CTTGGTATGATGCGCACAGG,RBM12,1774,56,74
RBM12B_AGACCTTAGGGAAGCTCCGG,RBM12B,717,42,0
RBM12B_CGCCTCCATTCTCCCTGAAG,RBM12B,2549,621,730
RBM12B_GGATTTCAGGCGGTCTCCCA,RBM12B,342,26,15
RBM12B_GCTAGAGGACTTGAGGCAAC,RBM12B,507,126,142
RBM12B_TCATGTGTTGATGCTTCAGG,RBM12B,760,6,90
RBM12B_GAACTGATCGTGTAGGAAGA,RBM12B,163,108,133
RBM14_TGGTGGAGATGTCGCGCCCA,RBM14,669,0,0
RBM14_ACGCGTCATCGAGTGTGACG,RBM14,1389,16,339
RBM14_GATACGGCCTTCCCTGGAAC,RBM14,482,44,106
RBM14_CTGGTTACCATAGGAGGCAA,RBM14,912,133,177
RBM14_CAGGCGACGGTAATCCAGCG,RBM14,806,411,382
RBM14_AGTGCATCTGAGCCGCCCGC,RBM14,114,17,92
RBM15_TTGGACTCCGCCGCGGCACA,RBM15,610,304,489
RBM15_CTCTCCAGGTCTCGAGGCAA,RBM15,541,828,466
RBM15_CTGCGATCTAGGCTATCCAG,RBM15,1181,562,1285
RBM15_TGGATAGCCTAGATCGCAGG,RBM15,281,202,385
RBM15_GGATGGTTGGTCCTTGGACC,RBM15,606,347,322
RBM15_TCGTCTGTCTCTGATTGGAG,RBM15,733,267,440
RBM15B_CGGGCTCTACCTTGAGCGGG,RBM15B,405,0,88
RBM15B_TGAGGAGGACCTGATGCCCG,RBM15B,1766,395,573
RBM15B_GATGCCCGAGGATGACCAGC,RBM15B,102,44,30
RBM15B_ATAATGCACAGGGAGTGGCG,RBM15B,781,360,194
RBM15B_GGACCAGCCCAAGCTTGACG,RBM15B,1513,97,599
RBM15B_GGTCACACGACGCATCAAGC,RBM15B,488,282,64
RBM17_CCAGTCATTGACCTGAAGCG,RBM17,434,15,18
RBM18_CACCACCAGCTTCTTGGACA,RBM18,3205,562,836
RBM18_ACTTCTGGAGGAGCTTGAGG,RBM18,632,4,58
RBM19_GCCCTACACCAGCACCGAGG,RBM19,433,154,85
RBM19_TACCTCTGTGACATTGAACG,RBM19,1724,44,42
RBM19_AGAGGCAAGCCTCGAACCAA,RBM19,581,68,83
RBM19_CACTTGGGCGAATGATGGCC,RBM19,450,163,33
RBM19_TGGCTTCAAGTCCGAGGAAG,RBM19,1848,167,69
RBM19_CTTCACGATCAGTCGCGACA,RBM19,1525,23,107
RBM20_AGCAAGCCTGATCTCACAGC,RBM20,2022,190,64
RBM20_TATACACCGGATGCCAGCAC,RBM20,745,26,62
RBM20_AGTGAATGACCTTGCTGGAA,RBM20,1278,238,182
RBM20_CATTAGTTTGCACAGCGGAA,RBM20,428,453,364
RBM20_GGCTTACACAGAAGCTGCAC,RBM20,342,58,39
RBM20_ACTTTGCTAGAAACCCGGGA,RBM20,486,34,24
RBM22_GGAGCCCGCATGAAAGGAGG,RBM22,139,39,14
RBM22_GCTTCTTCTTCTGCTGCAGG,RBM22,288,1,97
RBM22_CATCCAGTTTGCCACACGGC,RBM22,666,122,134
RBM22_GGCTTCAACAATGCCTCGGC,RBM22,397,1,64
RBM22_ACAATCCTGCGTCACGAACC,RBM22,1877,11,16
RBM22_CGAACCTGGATGGGCAGGCC,RBM22,2545,135,226
RBM23_GCTAGACCCTGAGACTCACA,RBM23,110,53,174
RBM23_TGATTCTGAGTGTGCCCGGC,RBM23,304,59,115
RBM23_CCGCTGCCCAGTCAGCCCAA,RBM23,809,411,347
RBM23_GCACACGATCCTCACGACGA,RBM23,1154,175,363
RBM23_CGTAGCTGGGATCGTCGACA,RBM23,736,86,283
RBM23_CCCGATGGTGCTGCTTCCAC,RBM23,1756,198,572
RBM24_CTCGAAGTACTTGCGCAGGC,RBM24,2148,670,671
RBM24_AGACCTCGAAGTACTTGCGC,RBM24,640,256,191
RBM24_CTGACCGGGCTGCTGCCGAA,RBM24,722,419,315
RBM24_AAACCAAGGATCATGCAACC,RBM24,1671,685,641
RBM24_TGCCCACTATGTCTATCCGC,RBM24,1757,491,247
RBM24_CCAATCACCGCAGCGGCACC,RBM24,1261,260,433
RBM25_TCATTTGAATCGCCCTCCCA,RBM25,251,17,22
RBM25_CTTTCCAACCATAGACACAG,RBM25,1354,166,50
RBM25_CTTGTACTCACAGAATCCGA,RBM25,324,0,0
RBM25_TCGAGAGAGAGATCGTGACC,RBM25,1023,4,30
RBM25_TCCAGATGCAGAGCTCCAGA,RBM25,700,15,16
RBM25_AACAAGAGGCTGAGAGGCGC,RBM25,400,0,0
RBM26_ACCATTGGTTCTGGAGAGCC,RBM26,261,171,196
RBM26_GACACAGAGTGCATGCACAA,RBM26,355,120,76
RBM26_TCCATGCCAGATGGCTGCAA,RBM26,896,205,199
RBM26_GACCACCCATGCCAAAGAAA,RBM26,1230,177,149
RBM26_GGTACAATAGAAGACGAGGG,RBM26,14,76,177
RBM26_CTCGAGAGTCTTGCTGAGCC,RBM26,1319,242,206
RBM27_CTCCAGTAACTTGGCCAGCC,RBM27,1140,638,626
RBM27_TGTTGTAGCACTGGTCAAGA,RBM27,704,152,212
RBM27_TTTGTCTCCAAGTAGAGCAC,RBM27,461,168,108
RBM27_CTATGGCCAGGACCTGGACC,RBM27,1595,146,133
RBM27_ATAAACAGCCGTGACCAGCC,RBM27,573,168,126
RBM27_CAAAGCTTACCTGGAACCAG,RBM27,863,74,127
RBM28_AGTGATTCGTGCTGGGACGA,RBM28,523,0,0
RBM28_ACAGGCTGGTGGGCTTAAAC,RBM28,2076,410,570
RBM28_TACCAGCACTGAGGAGCAAG,RBM28,518,16,260
RBM28_AGCCTGTGCAAATTCAGAAG,RBM28,852,177,180
RBM28_GATCTTGCAACCTTCAAAGG,RBM28,372,33,1
RBM28_GCCCACAAATAAGGTCAGGC,RBM28,257,62,0
RBM3_ACTGCCATGTCCTCTGAAGA,RBM3,1368,242,385
RBM3_TAGGTCCGAAACTGCTGAAG,RBM3,1251,326,190
RBM3_CAGTGGTCGTTGTCAAGGAC,RBM3,688,1082,618
RBM3_AGGTATTATGACAGTCGACC,RBM3,458,155,138
RBM3_GGTTATGACCGCTACTCAGG,RBM3,1111,227,54
RBM33_TGCTCCTCCGCTCGCTCCCA,RBM33,238,75,51
RBM33_TTGATAAGCCTGGCGCGGAA,RBM33,1019,398,451
RBM33_TCTGAATGCTACATCTGGCA,RBM33,706,63,183
RBM33_GCAACAAGGGCTGCAAGAGC,RBM33,810,312,32
RBM33_AGGACGCTACAGCTCCAGGC,RBM33,380,62,8
RBM33_ACATCAACCCGCACTTCAAA,RBM33,1815,553,612
RBM34_CTGCCACGCAAGCATTGAAA,RBM34,872,807,708
RBM34_GAAGAGGGACGCCAGCCGAC,RBM34,284,22,12
RBM34_GGAAGACTACAGGCTTGGAC,RBM34,257,68,35
RBM34_CCAAGCCTGTAGTCTTCCGG,RBM34,970,16,75
RBM38_CTCGAAGTACTTCCTGAGCG,RBM38,418,35,225
RBM38_CACTTACGAAGCCGTAGCCG,RBM38,1967,325,266
RBM38_CAAGCCGCGGAGCCTCCAGA,RBM38,590,40,28
RBM38_AAGCCGCGGAGCCTCCAGAC,RBM38,1225,158,381
RBM38_CCACTCACCCGTAAGTCCGC,RBM38,812,725,630
RBM38_TACTGGTCATAGGTGGCCGG,RBM38,961,108,179
RBM39_CAACCCAATCTTTCCTCGGA,RBM39,1767,99,100
RBM39_AAACCCACACTCCAATCACA,RBM39,368,100,153
RBM39_AGATGTAGAGCTTTCCAAGG,RBM39,543,725,926
RBM39_AAGTAAATGGTCCACTGGGC,RBM39,716,229,96
RBM39_ATGGGCGAAGATCTCAGGAA,RBM39,817,240,339
RBM39_GGCGAGATGTGTGACAGAGG,RBM39,971,18,187
RBM4_TTCAGCCCTCTACCCAAAGA,RBM4,934,627,493
RBM4_TGGGTAGAGGGCTGAACACA,RBM4,1392,442,362
RBM4_GATAGATCGTTCAGGCCGCG,RBM4,439,124,89
RBM4_GCTCGGTCAAGTCTGCCACG,RBM4,386,49,260
RBM4_ATCCCGCCCGTAATATGAAG,RBM4,642,199,72
RBM4_ACAGTAGCCTTCTGTCACAG,RBM4,1400,555,670
RBM41_AGATCTCTTTCAGTCACCCG,RBM41,714,253,305
RBM41_GATCTCTTTCAGTCACCCGA,RBM41,162,31,39
RBM41_TCACCTGAGCAGTGTTGGAC,RBM41,1023,393,657
RBM41_CCATCATTACTCCAGGACAA,RBM41,1799,351,432
RBM41_ACAGCTGACCCGGCGAGAAA,RBM41,2990,1060,966
RBM41_TATGTACAAGCCCTTTGGGA,RBM41,259,193,86
RBM42_GACAGCGACGACGGCAGCGA,RBM42,1465,274,251
RBM42_CGCGACCAACACATACCAGC,RBM42,1096,135,39
RBM42_AGCCACAGTAGTTCCTCCCA,RBM42,533,68,0
RBM42_TCCAGGTGACTCCGATCACC,RBM42,290,132,233
RBM42_AGCATCATGGGTGGTCCAGG,RBM42,222,13,61
RBM42_CTCGGGCAATGGCATGGCCA,RBM42,834,187,199
RBM43_TTGTCCTCCCACGCCTCGGG,RBM43,142,41,118
RBM43_CGAAGCAGCTCCTCGACGAA,RBM43,3128,716,828
RBM43_AGCAGCTCCTCGACGAACGG,RBM43,950,140,336
RBM43_GCAGTATAGGCCCGCTCCAG,RBM43,1391,241,307
RBM44_ACCAAGAGACAAGCGAAGAC,RBM44,1547,353,175
RBM44_CAGAACTAGGCCACGGCAGC,RBM44,1677,336,380
RBM44_AAACACTAACCTGGTCGGAA,RBM44,1160,238,264
RBM44_AACTGCATCCAGAAGTCAGC,RBM44,268,243,111
RBM45_TCGTCCAGGCTGTCCACGCC,RBM45,1116,380,259
RBM45_ATGTCCTGGATGTCGCCAAA,RBM45,403,439,358
RBM45_AAGCACACCAAGGAGTCCAA,RBM45,317,18,100
RBM45_CACCTATTCGGTTCCCAGGA,RBM45,727,365,558
RBM45_ACACCTATTCGGTTCCCAGG,RBM45,418,855,417
RBM45_CTTTCCATGTAGAGTGGCAA,RBM45,275,332,181
RBM46_AACAAATCCACACCTGGAGG,RBM46,302,72,31
RBM46_TTTACCCGTTCAACTGCACC,RBM46,337,48,90
RBM46_TGCTGACCATTGAGACGAGC,RBM46,627,260,165
RBM46_GGAACACAATCTCTTCAGCC,RBM46,774,360,238
RBM46_AAGAGAGGGTAGCACTAACA,RBM46,973,308,436
RBM46_TACATAGCCGCTGTCCAACA,RBM46,1940,781,646
RBM47_CGCCACACTACAGAAGAACG,RBM47,3733,1068,1231
RBM47_GGGAATGACAGCGGCTGCGG,RBM47,389,201,165
RBM47_AGCCGATATCATGAAGGGAA,RBM47,1212,371,553
RBM47_CAGGCAGCATAAGAGGCCGA,RBM47,55,0,42
RBM47_GGATCCCGCCGATGAAGAGG,RBM47,556,308,202
RBM47_ACTGCCGCCTCTTCATCGGC,RBM47,199,44,31
RBM48_GGCAAGATGGCGTCGAGCGG,RBM48,890,0,0
RBM48_TATTTGATCACCACGTCCAG,RBM48,551,58,23
RBM48_ATTTGATCACCACGTCCAGA,RBM48,146,29,7
RBM48_AGAGGGCGGTATGCGACACA,RBM48,1361,109,0
RBM48_GAGGGCGGTATGCGACACAC,RBM48,608,16,0
RBM4B_CCTCCTACTATGGAAGGGAC,RBM4B,598,103,8
RBM4B_CACTTCCTCCTACTATGGAA,RBM4B,510,187,281
RBM4B_AGTTCGAACACCTTACACCA,RBM4B,1734,269,375
RBM4B_TCTGGATGCAGCTATGCGAG,RBM4B,1168,589,503
RBM5_GGACAATGGGTTCAGACAAA,RBM5,1387,616,898
RBM5_GATACGGTTCCATCATAGAC,RBM5,300,36,69
RBM5_GAAGATGGCTACCATTCAGA,RBM5,433,231,69
RBM5_CGGATGTGAGGCTGATGAAG,RBM5,2601,1173,935
RBM5_ACTTGCAAGATGCTACCAGC,RBM5,1000,549,117
RBM5_TTCCCTTCTAGACTCTGAAC,RBM5,1156,656,373
RBM6_CCGCATGGTGACTATCGAGG,RBM6,2281,161,363
RBM6_ACATAGCCATAGTCGTAACC,RBM6,1480,193,321
RBM6_CCTGGAGTATGTATCAAGCC,RBM6,1540,281,430
RBM6_ATGGTCTGGAGAGACACGCC,RBM6,775,46,57
RBM6_GGACGTTGGCAGTAGTAAGG,RBM6,688,149,132
RBM6_GAGGTGGCAGAAATTCAGAC,RBM6,1119,129,44
RBMS1_TGGTCTCTACCAACCTCAAC,RBMS1,1229,284,193
RBMS1_TGGTCTGCCTTAGGTGGCAA,RBMS1,1130,221,378
RBMS2_CCCTCTTATGCTCCTTAGGA,RBMS2,1015,201,102
RBMS2_CATACCTGATACGAAGACAC,RBMS2,1440,343,540
RBMS2_CCTTACCTCGACTGAAACAC,RBMS2,1193,633,554
RBMS3_CAGCTACATGGGCAAACGCC,RBMS3,908,122,176
RBMS3_TACATTCGAGGCCTCCCACC,RBMS3,434,94,77
RBMS3_AAATGGCGTGCAGGCACAGA,RBMS3,731,119,66
RBMS3_TGCCAAAGGTACTCAGAGGC,RBMS3,1918,829,1009
RBMS3_CATACCTGGTATGTGGAGAC,RBMS3,441,161,300
RBMX_CCTTAAGCTCCTGTATCACG,RBMX,1710,30,77
RBMX2_GACCAGACAACTCCAGGAGA,RBMX2,961,71,143
RBMX2_GAAGTCTTCAGTGACGCCAA,RBMX2,397,15,87
RBMXL2_CGAACGCCGGTTTGGTGGCC,RBMXL2,1147,502,198
RBMXL2_GAGGGCTACTCGTCCAGAGA,RBMXL2,640,73,332
RBMXL2_GCCGAGACTACCGCGAACCC,RBMXL2,1804,467,419
RBMXL2_GGTGTACTCTCCGGGCGAGG,RBMXL2,77,254,87
RBMXL2_AGCGACCGAGACGGCTACGG,RBMXL2,1271,208,398
RBMXL3_CGGCTGTAGTCTCTGAGCGC,RBMXL3,1801,354,255
RBMXL3_AGTGACCGCTACGGAGAAGA,RBMXL3,302,109,74
RBMXL3_ACTACACCGAAGCCTACAGC,RBMXL3,51,130,186
RBMXL3_AGTGACCATTACGGAAGAGG,RBMXL3,459,21,182
RBP1_GCTCATCACCCTCGATCCAC,RBP1,1027,205,245
RBP1_GACAAAGAGATCGTGCAGGA,RBP1,127,275,206
RBP1_CAGCGGGCAGCGCTTACCGA,RBP1,2040,363,283
RBP1_CAGTACCCAGTGAAGTCGAC,RBP1,654,218,50
RBP1_GCTACAATGGATCCTCCCGC,RBP1,749,19,99
RBP2_ACGGCACACCTGGTCACCAC,RBP2,1104,608,447
RBP2_GGGAGAAGGAGAACCGCGGC,RBP2,669,108,40
RBP2_CTTTACAGGCACTGGTCACC,RBP2,478,183,93
RBP2_TGACGAGTACACAAAGAGCC,RBP2,1104,322,180
RBP2_ACGTACTGCAATCTTGCGGG,RBP2,886,264,328
RBP2_CAAGGGACCAGAATGGAACC,RBP2,612,150,396
RBP3_TGCAGGACCACCTGTAGGGA,RBP3,2190,914,967
RBP3_TTGGAGCCATAGCGTTCACC,RBP3,435,28,223
RBP3_TTCTCCACGTACCTACAACC,RBP3,1226,461,446
RBP3_CACTGACAGAGTCATCAGGC,RBP3,798,37,91
RBP3_CCTGAAGGACTACTACACGC,RBP3,1565,355,418
RBP3_CGTACCTTTCTCCCAGGACC,RBP3,1368,409,234
RBP4_GATCTGCCATCGCAGTAACC,RBP4,76,122,115
RBP4_TACAGGCTGATCGTCCACAA,RBP4,697,761,278
RBP4_CAGATGAGCGCCACAGCCAA,RBP4,977,97,211
RBP4_TCTCACAGTTCTCTGGGACC,RBP4,1518,58,176
RBP4_GCTCTTGCTGTTGGCGGCGC,RBP4,125,226,205
RBP4_CTGCACAAGTGGACCTCAGA,RBP4,694,154,196
RBP5_AAGGGATGCAGTGTGCGAGC,RBP5,604,282,17
RBP5_GACCATAGTAACCTGGGAGG,RBP5,80,28,33
RBP5_CCCTATAGACCATAGTAACC,RBP5,1436,230,576
RBP5_CTGCACAGTGTAGTTTCGGA,RBP5,499,263,115
RBP5_GACAAGGAGATCGAACACCA,RBP5,185,183,126
RBP5_GGACAAGGAGATCGAACACC,RBP5,590,46,57
RBP7_CAAGTACCGCTGAGGTCGGC,RBP7,1,54,16
RBP7_CGAAGTTGTCGCTGCTGAGC,RBP7,293,105,138
RBP7_CGAAGGAGACAAACTCCACC,RBP7,882,282,17
RBPJ_CCTGCGCATGCTCCATCGCC,RBPJ,1174,565,306
RBPJ_CCAGGCGATGGAGCATGCGC,RBPJ,903,85,221
RBPJ_CAGACTTACCCTGTCACAAC,RBPJ,2000,383,666
RBPJ_CCTTCGAGCCAATTCAAGCC,RBPJ,1511,778,680
RBPJ_CGAATCAAACACAAACAGCG,RBPJ,1128,447,323
RBPJL_TGCAGAGCGAAGCCGACAGG,RBPJL,154,164,160
RBPJL_CCCGAGAGGTAGACACAGGG,RBPJL,1534,374,488
RBPJL_GGTCTGCGGTTACATGGGAC,RBPJL,326,289,181
RBPJL_AGCGACTGCTTCTTCTGCGA,RBPJL,647,217,159
RBPJL_TGGAGACCGTCTGAGAGCGC,RBPJL,1434,249,228
RBPJL_CCGTGCAGACGAGCTGCACC,RBPJL,379,163,157
RBPMS_ACCGGGAAGATGAACAACGG,RBPMS,1179,137,31
RBPMS_GAGGTTTGATATCCAGAGGA,RBPMS,176,54,33
RBPMS_CCCGTACCCTCTGTACCCAG,RBPMS,741,396,248
RBPMS_GCTAACTCCGCTGGGTACAG,RBPMS,1101,99,259
RBPMS_CTGATAGTGCCAGCCTGGCC,RBPMS,337,371,292
RBPMS_CCTAGAAAGCCTCACCAAAC,RBPMS,2466,654,1303
RBPMS2_TTAAAGGGCTTACCTGAGCG,RBPMS2,1249,379,397
RBPMS2_AGGAGCACACTTCATCGCAC,RBPMS2,842,279,283
RBPMS2_TGAAGTGTGCTCCTAGGGCG,RBPMS2,2526,767,470
RBPMS2_CCTGACTCACCTTGAACGGC,RBPMS2,564,135,64
RBPMS2_CTGAAGCCGGACGGCGAGCA,RBPMS2,324,190,282
RBX1_CTTCTGAAGTAGCGGACGCC,RBX1,299,166,144
RC3H1_GCTGGTTGCTGTGCGTACAG,RC3H1,859,216,146
RC3H1_ACAATTGCTCTCCAGCGAAC,RC3H1,269,257,438
RC3H1_CATAAAGCAAAGAGGACCAC,RC3H1,1245,53,21
RC3H1_GGTTCATACCTTGAAACAGG,RC3H1,216,31,132
RC3H1_ATGTACCTGGTCCAAGGAAC,RC3H1,767,143,146
RC3H1_CAAATGGGCAAGCCTTGCGG,RC3H1,0,76,13
RC3H2_CCAAGCTAGCCACTGAGGAA,RC3H2,1469,1968,1454
RC3H2_TGCCGAGATTTGCGACAGCA,RC3H2,611,155,144
RC3H2_TTCACCAACTTGGGAGCAGC,RC3H2,1011,199,129
RC3H2_TCCGTATTTCACCTGAACAG,RC3H2,1864,426,429
RC3H2_GCATCCTCGAGCCCTGACAG,RC3H2,968,259,186
RC3H2_TTGATGGCAGTCTGGTCAAA,RC3H2,1100,330,380
RCAN1_ATGGACCACCACGCTGGGAG,RCAN1,1115,277,323
RCAN1_TGTCTGGATTTGGCGGAGCC,RCAN1,164,348,560
RCAN1_CTGGCATCTGCTGCGGAGAA,RCAN1,1774,509,679
RCAN1_TGTTCACTGCTAGCAAGCGC,RCAN1,902,217,175
RCAN1_AGGCCGTCCACGAACACGCG,RCAN1,1657,408,577
RCAN1_CGGGTCCAGGTGACAGGCGA,RCAN1,249,309,314
RCAN2_GGCAGCTCAGTTGGACACGG,RCAN2,643,265,242
RCAN2_CGAGGTCTTTACCAATCAGG,RCAN2,504,184,338
RCAN2_GACCTCGACATCCACCACAC,RCAN2,790,110,515
RCAN2_CTTACTGTGCTGCATAGACA,RCAN2,1339,584,785
RCAN2_TCATCGGAATGAGGAGCCCA,RCAN2,459,189,70
RCAN2_TTCATCGGAATGAGGAGCCC,RCAN2,807,68,170
RCAN3_CTTCACCATCTATGATGACC,RCAN3,1051,207,332
RCAN3_TGAGGAACTGCTTGACAGGC,RCAN3,678,586,472
RCAN3_GCTGTTTCCAAATTGGGACC,RCAN3,277,47,131
RCAN3_AACAGAGTCGACACCCAGCG,RCAN3,1853,297,665
RCAN3_CATTCAACGCTGCGGTCGGA,RCAN3,0,16,0
RCBTB1_GCACTTTCTTACCCACAGAC,RCBTB1,1507,452,451
RCBTB1_AGCTAACACATATGGGCAGC,RCBTB1,1071,264,154
RCBTB1_GCAAAGCTGCCACTCTCACA,RCBTB1,932,280,177
RCBTB1_CATGGATGAAGTCTGACCAC,RCBTB1,635,357,423
RCBTB1_TCAAGAGATTGGTACAGACC,RCBTB1,920,302,156
RCBTB1_CATGTTCTTCTCAGCACCGA,RCBTB1,751,292,615
RCBTB2_TGACCAGCTTACCCACGGAG,RCBTB2,943,582,482
RCBTB2_TGACAGGAGTAGGATAGGAC,RCBTB2,523,622,589
RCBTB2_CAAAGCTGCCACTCTGCAAG,RCBTB2,611,251,162
RCBTB2_CTGCATGGCAGTAGTAGACA,RCBTB2,2504,1165,947
RCBTB2_TAGTTGTCCCATTGCCCAGC,RCBTB2,531,252,146
RCBTB2_CACCATTGAACCTCGGAGAC,RCBTB2,3206,1352,884
RCC1_TTCACCCTTCAGTCTCACAC,RCC1,669,70,164
RCC1_TCCGGAATGGATACCAGGGC,RCC1,1145,44,59
RCC1_GGTGAAATAGGCACCACAAA,RCC1,188,17,28
RCC1_ACAGTCTGCATGGATTCGGA,RCC1,372,39,28
RCC1_CAAGCCACCGAGGAGACAGC,RCC1,1587,37,25
RCC1_ACCAACTACCAGCTGGGCAC,RCC1,1815,1,1
RCC2_CTCCTTACCCGTCAAGGCCA,RCC2,1419,495,229
RCC2_CTCGGGTTCGGTGATGACCA,RCC2,1564,201,264
RCCD1_GCAGAAACCGAAGCCGAACC,RCCD1,935,321,371
RCCD1_TGTGGTGCCCGAGGCCGAAG,RCCD1,892,131,89
RCCD1_TGCAACGCCTCCAACAGCCG,RCCD1,2218,551,555
RCCD1_AGGATGGAGAGACTGTCGCA,RCCD1,500,56,98
RCCD1_CCAGTAATGCCGGGAAGGGC,RCCD1,1565,38,40
RCCD1_ACGGCGAGGCCGATCCAAGC,RCCD1,653,262,376
RCE1_TCTGGAAGAGCGAACTGCCC,RCE1,267,0,20
RCE1_CCTCCGTAGGGACCATCCCG,RCE1,1097,48,37
RCE1_TGAAGCCCATCAGGGTGAGC,RCE1,214,102,29
RCE1_TCAGCCTTTAAGACTCACCC,RCE1,827,51,134
RCE1_ACATGGGCAGCATACAGGCC,RCE1,556,86,1
RCE1_GCGTTTCCGCCAGAGCAGCG,RCE1,1149,145,169
RCHY1_GACCAGGTATTGGAGACAGC,RCHY1,1156,76,106
RCHY1_CAAGACATGAGCAACAACAC,RCHY1,2050,528,473
RCHY1_GGCTGCGAGCACTATGACAG,RCHY1,916,354,379
RCHY1_GGTCAAGAGCGAGGTCAGCG,RCHY1,628,157,172
RCHY1_CTGACCTCGCTCTTGACCGC,RCHY1,1184,538,507
RCL1_GCGCACTCCCTCAGCTACGC,RCL1,1550,15,42
RCL1_GGTAATACCCAATGCCACGA,RCL1,345,0,0
RCL1_CTCTGTGTAGATTGTGCGAC,RCL1,563,314,634
RCL1_TGTCACCTCAGATGGCGAAC,RCL1,1003,203,90
RCL1_ACCAGTGACAACCCAAAGCC,RCL1,1111,49,0
RCL1_AGACTCGACCAACCAAAGCC,RCL1,1225,23,0
RCN1_TCCACTTCCCACTGCGAAGC,RCN1,1670,267,179
RCN1_GAGAGGAACCCGCGGAGGAG,RCN1,546,65,182
RCN2_CGAGGAGCTGCACTACCCGC,RCN2,839,12,175
RCN2_TAATCAGGGCATTGCACAAG,RCN2,1996,181,251
RCN2_TCAGGGCATTGCACAAGAGG,RCN2,1330,314,138
RCN3_CCTGGGACGGGAAGTGGCCA,RCN3,569,113,528
RCN3_TAGGCGGATCGTGGACCGCA,RCN3,175,146,205
RCN3_ACGTACGACACGGACCGCGA,RCN3,2304,414,367
RCN3_GACCTGGACAGAAACAAAGA,RCN3,237,71,167
RCN3_CACCGATGTACTCCTCCACC,RCN3,1439,377,293
RCN3_CCTGCTGCACGAGAGCGACA,RCN3,1320,266,424
RCOR1_TTCTTTCTCCCAAGCCAAAC,RCOR1,522,409,554
RCOR1_GGCAAGACGCAGTCAAGAAC,RCOR1,372,49,291
RCOR1_GCATGGGTACAACATGGAAC,RCOR1,1284,522,860
RCOR1_CAGCGAGGATGAACTGGAAG,RCOR1,1785,555,657
RCOR1_AGAACCATATCGACTTCCAG,RCOR1,671,291,242
RCOR2_AGTTGAACTTGGTGTTGGCC,RCOR2,175,246,203
RCOR2_GACGCCGGGTTCGCAAGGGA,RCOR2,304,205,384
RCOR2_AGCAGTGATGAGCTCGAAGA,RCOR2,689,276,128
RCOR2_AACTAGTGTGATGGACAGAC,RCOR2,613,490,240
RCOR2_TCCGCTGGAAGCATTTGCCA,RCOR2,1360,200,1003
RCOR2_TCTTGGCCCGGCTACGGGAC,RCOR2,646,164,61
RCOR3_GGGAAGAACCGATCGGCCAA,RCOR3,30,64,211
RCOR3_CTTTCCGGATGAGTGGACAG,RCOR3,2130,362,524
RCOR3_GACAAGTTTGATGGATCGCC,RCOR3,428,10,0
RCOR3_TAATGCCCGTTGGACCACAG,RCOR3,553,311,52
RCOR3_GCGTCGGTTTAACTTAGAGG,RCOR3,1008,229,374
RCOR3_AGGCTGCCGGTGAAGAGCCG,RCOR3,482,333,486
RCSD1_GAGTCGGCACCTGAAGGACA,RCSD1,78,83,175
RCSD1_CGGGCGGTTTAGGGAGCAGG,RCSD1,1107,299,217
RCSD1_CAGCCAGTAAACCAACCCGA,RCSD1,953,95,440
RCSD1_TGACCTTGAATTTAGGAGGG,RCSD1,1013,147,59
RCSD1_TGGGCCTAGATCGCACACCA,RCSD1,1209,644,631
RCSD1_GGCCAGGCGGAGTTCAGAGG,RCSD1,1240,365,299
RCVRN_GGCCTTCTCCCTCTACGACG,RCVRN,1627,577,254
RCVRN_GGGCAAGACCAACCAGAAGC,RCVRN,1334,163,231
RCVRN_CTTCTGGTTGGTCTTGCCCG,RCVRN,1687,481,649
RCVRN_CTGGTTGGTCTTGCCCGCGG,RCVRN,1277,424,282
RCVRN_GAACACCAAGTTCTCGGAGG,RCVRN,161,69,220
RD3_CGCCCAAAGCCGACTGACCC,RD3,2504,968,651
RD3_GGACCTCCTGCAGCACCGAG,RD3,576,149,387
RD3_GCAGCACCGAGCGGAAGAGC,RD3,1184,417,669
RD3_ATAGCAGGCCCACAATAGGA,RD3,912,135,90
RD3_GCGGTCAGAAAGGTCTGCAC,RD3,177,18,9
RD3_CGCTTATGATGGAGCTGACG,RD3,1612,473,721
RD3L_TCCTAAGCAGCTCTGACAGA,RD3L,961,216,189
RDH10_CACGCAAAGCAACGAGGAGA,RDH10,1408,229,235
RDH10_CATCTACCGCGACCTGGAGG,RDH10,726,179,161
RDH10_GGCTGAAAGAGTCCGCAAGG,RDH10,1696,74,554
RDH10_TGCCCTTATCTTGTAGACAC,RDH10,870,386,622
RDH10_GGTCACGATGTACATGAGGC,RDH10,332,75,168
RDH10_CATGTATCGGTTCCTAGGAG,RDH10,1043,782,376
RDH11_ACGACGTATTCTGTACACCC,RDH11,207,472,165
RDH11_GGGCCAGTTCCTGGGTGAAG,RDH11,788,276,197
RDH11_CCGTACTCGAAGACAGCAGA,RDH11,1398,223,262
RDH11_AAAGAGATCCAGACCACGAC,RDH11,601,226,218
RDH11_AGCTAATACAGGTATCGGGA,RDH11,704,165,134
RDH11_CGCAGCCATATACAGAAGGA,RDH11,2239,1191,1463
RDH12_ATACAGGAACGAGAAGAAGG,RDH12,420,99,134
RDH12_GCCAGAGAGCTCGCTAGCCG,RDH12,333,51,225
RDH12_CTGCAGAGATGTACTGAAGG,RDH12,1488,426,442
RDH12_TCACCCAAAGATACTTACCC,RDH12,363,70,260
RDH12_AGAGCGAGAAGCGCTACAGC,RDH12,997,129,353
RDH12_CTTTGTCAAGACGGCACGGG,RDH12,2461,144,260
RDH13_ACTGTCAACGCCCTGCACCC,RDH13,2062,111,165
RDH13_GAGGTTGATGATCCGCGAAG,RDH13,768,192,278
RDH13_AGCCGTCCTCGGTGGTCCAG,RDH13,569,128,26
RDH13_GAAGTGTGAGGCGGCAGCAA,RDH13,1368,686,380
RDH13_GCCTTGGAACTGGCCAGGAG,RDH13,906,362,161
RDH13_ATGTACTCACTTGAGCAGCA,RDH13,1391,522,612
RDH14_ATTTGTGCCTTCTAAGCGGC,RDH14,33,84,42
RDH14_TTGTTATAGCCGGAGCAAAC,RDH14,567,539,308
RDH14_CGAGCTCATAGTCCGGGAGC,RDH14,631,95,95
RDH14_TCTTCCCGTGCATGAGGCCG,RDH14,1231,312,218
RDH14_CAGTACTGGCCGCTCTGGGC,RDH14,712,157,32
RDH16_GGTCTCTCCAAGCCCGGCCA,RDH16,107,4,21
RDH16_AGTACATAATGGCATCCACC,RDH16,392,57,208
RDH16_CCTTGACCTCTGGACTGGAC,RDH16,988,63,215
RDH16_GCTTCCTGGAGATTTGGGAC,RDH16,928,368,388
RDH16_CGTCTCCAGTGTCATGGGCC,RDH16,1959,389,369
RDH16_CCTGCTGCCCTTAGTGAGGA,RDH16,882,313,492
RDH5_ACAGCCGGTGATGAAGACAA,RDH5,811,204,106
RDH5_GCGTCCAGCAGGCAGCCAAG,RDH5,809,265,318
RDH5_TGACCCGGGACGATTTCCAG,RDH5,931,146,178
RDH5_TGTTCACATTCAGCACCCGC,RDH5,1691,170,178
RDH5_GAAGAAGCCAGGCTCCACGA,RDH5,423,37,248
RDH5_CTGTGACCCGGACCTAACCA,RDH5,3396,1180,1061
RDH8_CGGAGGTCACGAGTCCAGGG,RDH8,1915,545,269
RDH8_GAGGTCACGAGTCCAGGGAG,RDH8,764,76,236
RDH8_GAAGCACAGCTTTGACGAGA,RDH8,325,110,117
RDH8_AGATGTTGAACTGCAGCAGC,RDH8,412,228,381
RDH8_CCTCAAACTCGGTGACCACG,RDH8,360,84,344
RDH8_GGATGTTGGTCTGTCGGCGC,RDH8,224,175,201
RDM1_ATTTGGAACTGTTCAGGGCA,RDM1,207,95,107
RDX_ACGCATGTTTCACTTACCGC,RDX,1596,547,820
REC8_AACGTGCTTCAGCGCCACAC,REC8,198,174,334
REC8_GGTATTCGCGCTTCACCAAC,REC8,627,47,34
REC8_GGCATTGTTGAGAATAGACG,REC8,900,23,101
REC8_TATCTATTCGGATCTGCAGC,REC8,338,118,27
REC8_CCTACCTGAGGGATATCGAA,REC8,376,135,244
REC8_CTGAAGTTCCTACAGAGCCC,REC8,1598,644,98
RECK_TCGAGGCCTGTAGAGGGAGG,RECK,894,26,104
RECK_TTCCCGGACATCCGCTAAAC,RECK,1860,596,567
RECK_CTTCACAGAGCTCATTGGCA,RECK,736,198,253
RECK_CACAAACAGGATCTTGGACC,RECK,745,247,422
RECK_GGGCTCGGTTGCTCTGCAAA,RECK,927,279,315
RECK_TGCTGCCTACTCGGATCGCG,RECK,1850,234,185
RECQL_CTTGTTATGCCTACAGGAGG,RECQL,683,202,197
RECQL_CCTTCTTTATTCCAAGCGGC,RECQL,228,54,33
RECQL_CCTGCCGCTTGGAATAAAGA,RECQL,764,73,148
RECQL_TTTAGAGGATTCTGATGCCG,RECQL,721,270,209
RECQL5_TAATAGAGACGGCACCAGGA,RECQL5,1232,239,238
RECQL5_GAACGCTGGTGCAGAACGAC,RECQL5,1206,459,406
RECQL5_TGTGTACTGCAGGACTAGAG,RECQL5,1339,122,399
RECQL5_CATCATAGAAGAGGTTGGCC,RECQL5,55,176,160
RECQL5_CTTTGTGTGCATGCCCACAG,RECQL5,1661,259,479
RECQL5_ACTCGCCGCTCAGGGTCAAA,RECQL5,836,652,432
REEP1_TCACGTGGTTTCGGTGGCCG,REEP1,1693,509,526
REEP1_AGGCTGGCCGTGTTTGCCGC,REEP1,639,269,204
REEP1_CTTGAACGTGGCCGCCACAG,REEP1,2179,564,152
REEP1_AAACTTCCTGTACAGGAGGC,REEP1,347,77,183
REEP1_CCTGGAGTACTTACCAACAA,REEP1,2503,810,676
REEP1_GAGCAACGGACAGACTGAAG,REEP1,475,148,231
REEP2_ATCCGTGAGCGTCTCGGCCG,REEP2,919,219,520
REEP2_AACGCTGTCCAACAAGGAGA,REEP2,112,106,160
REEP2_CCATGATGAGGGTGGGCAAG,REEP2,1935,275,503
REEP2_AGTCCTCGATGGTGTCCAGG,REEP2,0,102,93
REEP2_TCTAAGGTCCAGCACAAACC,REEP2,1625,238,277
REEP2_CAAGAAGAAGACCTCTGGCG,REEP2,795,105,209
REEP3_CTGGATGATCTCCAGAGCCG,REEP3,1577,282,548
REEP3_AGTGAGAGGCACTTACACCA,REEP3,1096,407,251
REEP3_AGTACATCATCCATCGAACC,REEP3,761,482,353
REEP3_CTGCTTTCTCCCTATACCAA,REEP3,1454,315,270
REEP3_GGAACGAGGCTATGAAACCA,REEP3,812,41,223
REEP3_AACCACCAAAGGCCGCAAAG,REEP3,2189,1243,1234
REEP4_CCGAACCTTCAGGGAGCGCG,REEP4,276,24,94
REEP4_CCCACACTGACCTCCCGCAC,REEP4,3831,715,383
REEP4_CGCGTACATCGTGCAGGCCA,REEP4,952,338,199
REEP4_TCTCATGGCGGGACAGGGAC,REEP4,105,17,10
REEP4_AAACTTGCGGTAAAGCAGGC,REEP4,346,53,44
REEP4_GCGGCCATACTCACACCACC,REEP4,714,80,94
REEP5_GGTCAAGGACCTTAAAGACA,REEP5,437,217,110
REEP5_CCTTCAGCATGTAGTAGAAG,REEP5,1082,313,279
REEP5_CTACCCAGTAGGTCAGCCAC,REEP5,1311,208,202
REEP5_GCCACCAGTCCGATGACACC,REEP5,340,314,408
REEP5_AGTTCTTCTCGTGCAGGAAC,REEP5,501,133,183
REEP5_CCATGAGGGAGAGGTTCGAC,REEP5,284,69,63
REEP6_GAACTCGGCCAGCCCAAACA,REEP6,1855,540,659
REEP6_AGAACTCGGCCAGCCCAAAC,REEP6,985,364,420
REEP6_TTTCTACTACGTGGGCAAGG,REEP6,578,298,553
REEP6_GAATCATGAACGACCTCAGC,REEP6,399,40,18
REEP6_GCCGGAATAACCAGGAACGG,REEP6,500,187,72
REG3A_GGCACCGAGCCCAATGGAGA,REG3A,612,122,211
REG3A_CTACAGGGCACCGAGCCCAA,REG3A,797,444,256
REG4_TCTATGGTCGGTACTTGCAC,REG4,862,113,52
REG4_ACCCATGGACTTGCCAGACC,REG4,2809,476,408
REG4_TGGCCTGCACGACCCACAGA,REG4,762,167,390
REG4_TTACGGAAACGGAGCCCACC,REG4,175,102,110
REG4_GAGGAACTGGTCTGATGCCG,REG4,350,129,33
REL_ATTGAACAACCCAGGCAGAG,REL,520,529,384
REL_AAATGTGAAGGGCGATCAGC,REL,566,161,98
REL_ATTGGGTTCGAGACAACAGG,REL,481,129,72
REL_CCAATTGAACCGAGGAGACC,REL,1126,527,384
REL_CTCCTCGGTTCAATTGGAGA,REL,1127,246,173
REL_AATCCACTTGAGATGGGCCC,REL,124,153,233
RELA_AGTCAGATCAGCTCCTAAGG,RELA,1453,410,454
RELA_AGCTGAACCTGTCGTTCCAG,RELA,64,14,80
RELA_TCACTGAGCTCCCGGTCGGA,RELA,1251,81,265
RELA_GATGAGAAAGGACAGGCGGC,RELA,206,0,0
RELA_GGCGCTCAGTTTCCAGAACC,RELA,1307,568,263
RELA_ATCAATGGCTACACAGGACC,RELA,766,536,255
RELB_CTCGCCGTTTCCAGGAGCAC,RELB,1848,482,275
RELB_GAACGGCTTCGGCCTGGACG,RELB,744,33,184
RELB_CATTGAGCGGAAGATTCAAC,RELB,121,104,68
RELB_GCCTCATATCGGGACCAGCA,RELB,432,209,323
RELB_CAAGTAGAGCTCCTCGCCAC,RELB,341,141,90
RELB_ATCTCCAGGTCCTCGTAGGG,RELB,1338,276,535
RELL1_ATCGGTGTAGGCACAAGCGG,RELL1,934,403,508
RELL1_TGCTGATGTCTTAAAGGCGA,RELL1,1983,787,313
RELL1_AGCAGAGCAAGATATCGAAG,RELL1,582,183,263
RELL1_CCCAGCAACGATACTGGGAA,RELL1,3462,356,564
RELL1_GCTACGACCGGACACTCACC,RELL1,30,13,0
RELL1_CACTCACCCGGAGCCACCAG,RELL1,1532,106,667
RELL2_TACCGCTGCCGCACGTCGAG,RELL2,843,492,572
RELL2_TGCATCATCCAGAATGAAGG,RELL2,1007,205,273
RELL2_TGCACTGTGTGATGATGGGA,RELL2,1673,146,136
RELL2_TCCATTGCAGCCGCAGCAAG,RELL2,1699,247,248
RELL2_GCTTCTCAATGTGTGTCACC,RELL2,234,2,110
RELL2_GGTTCCCTTCAAGTGCACGA,RELL2,277,9,260
RELN_GGATGTGGAACGCATCAGCC,RELN,433,86,227
RELN_CAGCATAGCTGTCAGTCAGA,RELN,83,200,107
RELN_ACCTTCCTGAGGACGCCAAA,RELN,1007,190,289
RELN_GCCCAGCAGTTGTGTGAACA,RELN,1290,767,633
RELN_CTTACCAAATCCGAAAGCAC,RELN,2609,781,1067
RELN_TTTCCTGTGCACCCACCACG,RELN,1394,301,185
RELT_TCACCATAAGGAAGCAGGAC,RELT,656,404,155
RELT_TGTCAGGGTGGCGAGAGGCC,RELT,970,397,171
RELT_CCCGTTGCAGCCTTTGGAGG,RELT,5053,570,760
RELT_CATGGTTGACATGGAACGCG,RELT,569,63,126
RELT_ATCGTCTGTGATGCTCAGAG,RELT,818,703,951
RELT_GCATCCTCAGTCCGGTAGGC,RELT,859,58,0
REM1_GCTACTTGGAGATCCTGGAG,REM1,885,54,158
REM1_CTTTGCAGGGAAGCAAGAGA,REM1,889,222,347
REM1_ATATGAGAGGACCCTCACGG,REM1,1149,225,319
REM1_CACCTGGGAGGCCGAGAAAC,REM1,1150,512,522
REM1_AAAGCTGCCTCGGTCTGCGA,REM1,263,44,51
REM1_ACAGTCGAACACCACAGCGC,REM1,1385,278,424
REM2_CACACTGATGCACACGGACC,REM2,1684,1023,977
REM2_CATCTACAGCCTGGGCCCGC,REM2,128,135,131
REM2_GCTCACGAACCGGAGAACCC,REM2,1020,180,316
REM2_ACGCATCATGGTGGATAAGG,REM2,2384,509,419
REM2_GGGACCACTGCCTTCAGACC,REM2,173,67,120
REM2_CAAGAGGTTCCTCGCCAACC,REM2,1398,856,465
REN_GCAGCCGTCTTCACAGAGCA,REN,2439,554,581
REN_CATTGAACAGGCCATTGGCA,REN,659,145,275
REN_CTGTCCCTGTTGAATAGCGG,REN,657,150,140
REN_TGGGTCTTAGGTCTCACCAC,REN,117,254,96
REN_CGAGAAAGCCTGAAGGAACG,REN,4658,1046,842
REN_GGTGTCTGTCGGGAGACCAA,REN,718,153,9
RENBP_TCCGGATGGGACCCTGACCA,RENBP,1743,304,371
RENBP_TAGCATCATGGGCACCGCCA,RENBP,786,176,230
RENBP_CGAGCTGTGGAGAGCCACAG,RENBP,1123,260,68
RENBP_TTCACGTGCCTTGGCCGCGA,RENBP,1119,206,323
RENBP_ACTCCCACGACCAGGAGCAC,RENBP,1209,561,815
RENBP_CAAGGGTCTCCCAGCGCGAC,RENBP,1962,570,652
REP15_ACTGACCACCTCACAGACGA,REP15,533,259,233
REP15_CCAGTCTGCACCAAACAGGA,REP15,1105,1716,647
REP15_GGCTTAGATTCCACAGGAGG,REP15,624,322,335
REP15_CAAGGCTTAGATTCCACAGG,REP15,635,196,83
REP15_CCCTTGATTCTGGATTGGAA,REP15,1762,258,401
REP15_TAAGAAAGACGGGCTGAGAG,REP15,1782,1305,761
REPIN1_CAGGGAAGTGCCTTCGACAG,REPIN1,1478,499,729
REPIN1_GGGCCCATTCAGCTGCAAAG,REPIN1,1664,702,454
REPIN1_GCTTGCCACAACAGGCACAC,REPIN1,1037,282,394
REPIN1_GGCGGCCGCACTCTTTGCAC,REPIN1,266,43,16
REPIN1_ACAGCTGCGACGACTGCGGC,REPIN1,511,119,68
REPIN1_CGCAAGAGCCACATCCGGGA,REPIN1,3033,942,823
REPS1_CGGACCTTTACAGTCACCAC,REPS1,1308,280,544
REPS1_GGAGTCATACGAATGGGAAC,REPS1,591,258,61
REPS1_CCTGAATAACCTACCTCACC,REPS1,986,125,111
REPS1_TGTCACACCTGGACAGAAGC,REPS1,1841,447,283
REPS1_CACAGCCGTCATCCCAGCGG,REPS1,3177,236,242
REPS1_AGAAGGTGGTGGTCAACGGG,REPS1,1787,348,169
REPS2_CCCGAAACAGGTCAGCCACG,REPS2,3178,772,982
REPS2_AGAACTGTGTGGTGCAAAGC,REPS2,1802,311,363
REPS2_TCCGCAGTTTGCTGTAGCCA,REPS2,1317,1088,979
REPS2_CCCGAGGGATCCTCATCAGG,REPS2,772,341,210
REPS2_ACCTCGTGACTTGAATCGGA,REPS2,203,78,126
REPS2_GGGCACTTCACCTGGCACAC,REPS2,1119,300,462
RER1_ACACCACCGAAGGTTTCCCA,RER1,149,0,22
RER1_GGGTGTGGACTTGTCTAGCC,RER1,99,179,233
RER1_CACCCTACACGGCTGTGCGA,RER1,755,63,155
RER1_CTGGGAGCCTTCGAATGAAG,RER1,1022,9,21
RER1_GCCGCATCTGCAGCCAGCAC,RER1,804,274,255
RER1_CGTTCACACATGGGAAGAGA,RER1,1024,52,148
RERE_TCACAGAATTCACTGGACGG,RERE,701,227,112
RERE_TTCTCGATGAGCTTGGGCAC,RERE,496,138,113
RERE_GATGGAGGCTCTACAGAGGA,RERE,0,39,28
RERE_CTGCCCTCAAGTACATAAGG,RERE,1338,44,442
RERE_AGGAGGCTGAACAGTACCCA,RERE,823,150,67
RERE_TAGAGAGTTTAAAGCCCGAG,RERE,490,116,128
RERG_AGAGGTGCGTCGCCGGAGGA,RERG,512,240,276
RERG_GCTCTGCCTGCACTGGAGAA,RERG,355,519,334
RERG_TGACTTGGACCACTCCAGGC,RERG,1116,172,150
RERG_AAGATACCATTCAGAGGGAG,RERG,367,68,172
RERG_GGAAGATACCATTCAGAGGG,RERG,599,112,40
RERGL_AGATCTTTGTCATGTGCGAG,RERGL,807,150,299
RESP18_TTGCGGCCCACAGTAGGAAG,RESP18,1881,925,843
RESP18_GCTGGACATGATGCAGGCGC,RESP18,212,116,212
RESP18_TCAGTGCTTTACCTCCGAAG,RESP18,2465,569,483
RESP18_CAAGAACCATGCCTGAAGGA,RESP18,1453,239,215
RESP18_TGCAGCGACACTAGTGCCCA,RESP18,830,246,227
RESP18_ACAGATTCGGAGTCGCGGGC,RESP18,694,67,174
REST_CCCTGAAACACCTGGAGCGG,REST,1117,98,193
REST_ACACCTGGAGCGGAGGACAA,REST,809,16,41
REST_CATGCAAGACAGGTTCACAA,REST,2291,200,304
REST_TTCGAGTTCTGGTAGTCACC,REST,602,137,73
REST_GAAATTGGCTCCATGTGAAG,REST,407,108,78
REST_TGAAGAAGCAGCTCAAGGGC,REST,499,247,203
RET_CGTAGAGATGCTGGCCCAGG,RET,1936,373,565
RET_TTCTCCCGAATGCGGAAGGA,RET,923,347,342
RET_CTTGAACTCCACCACGGCGC,RET,903,80,294
RET_GAGACCTCGGTCCAGGCCAA,RET,34,5,21
RET_TGCGGTTCTCCGAGATGGAG,RET,850,534,163
RET_GGCCCAGCTGCTTGTAACAG,RET,2023,1018,801
RETN_GGCTTCTTCCATGGAGCACA,RETN,436,126,102
RETN_GGCAATAAGCAGCATTGGCC,RETN,346,95,63
RETN_ACATGTCACTGCCAGTGCGC,RETN,1745,273,160
RETN_TCACTGCCAGTGCGCGGGCA,RETN,349,407,230
RETN_TCCAGTCCATGCCCGCGCAC,RETN,621,334,418
RETNLB_TGCTGCCACCTGACCTGACA,RETNLB,1227,1019,505
RETNLB_TGGTTCGTGGGATGTTCAGC,RETNLB,217,147,47
RETNLB_TTCATGTGCTCATGCAGGGA,RETNLB,234,314,366
RETSAT_TCATACCCACTGCCTACGAG,RETSAT,1020,296,286
RETSAT_TCCTGCGTTGGAGACCACGA,RETSAT,1000,384,289
RETSAT_AGTGTGTTGCTGGACTCAGC,RETSAT,227,79,80
RETSAT_CCTCAAGGAGAAGTTTCCAC,RETSAT,362,36,203
RETSAT_CAACCAAGTGCCGGAGAAGC,RETSAT,769,247,410
REV1_GGTAATACTGCCACTCCAGC,REV1,0,36,0
REV1_GCACTTGTTGTAACTGACAC,REV1,839,77,36
REV1_TTGGCTATATTGCTTGGACC,REV1,564,317,542
REV1_TTTCTCAATTCCTCAGCGGA,REV1,393,181,55
REV1_GGGTGGGTATATGGCTGCCA,REV1,3,49,41
REV1_AGAAGCTCCACCATGAGGCG,REV1,586,535,379
REV3L_TGCAGTTTGACTACATCCCG,REV3L,3170,332,378
REV3L_CAGTGGGTAGGGAAGCAGAA,REV3L,1144,229,167
REV3L_AGGTCACACTAGACACAAAG,REV3L,1306,182,139
REV3L_GGATCTGTGGACTACAGCGA,REV3L,894,167,195
REV3L_TACCTCTATGTGCCATACGA,REV3L,358,47,26
REV3L_CCACCGGCACCTTCTTGACA,REV3L,3678,628,514
REXO1_TGAGACACTCCTCGATGAAC,REXO1,2164,889,785
REXO1_TCCAACGGCCCTGAGCCAGG,REXO1,694,0,14
REXO1_GGGCGACTTCTCTGCCAGCC,REXO1,490,61,183
REXO1_AGATCCTCCTCTTCTGCCCG,REXO1,1308,30,132
REXO1_AAAGCCCGCTCACTAGACGA,REXO1,1158,125,148
REXO1_GGAAGTGGCAGTAGGGCCGC,REXO1,352,48,9
REXO2_GCGGATGGTCTGGGTGGACC,REXO2,397,189,121
REXO2_AGGAGTCTGCTGTCGTACAA,REXO2,983,155,207
REXO2_TTTCTGCTGTGTATAGACGC,REXO2,951,146,80
REXO4_GCTGTACGTCATGGTGAAGA,REXO4,3501,318,982
REXO4_CGTCTAGATTCAGGATGCCC,REXO4,585,33,43
REXO4_CGAAGGCCTGCTCTTTCACG,REXO4,700,350,313
REXO4_AAACAGTTGGGTCAGAGCGA,REXO4,1198,296,349
REXO4_GAAACAGTTGGGTCAGAGCG,REXO4,1849,485,397
RFC1_CTTAAATCGAGAAGGTCCCA,RFC1,479,62,17
RFC1_TCCCAAGGCCAGTTCTAAGC,RFC1,2106,112,140
RFC1_GCTCGAAAGGACACAGAAGC,RFC1,386,18,24
RFC1_ACAGCTTGATGAAGATGCGG,RFC1,770,103,128
RFC1_CTGCCAGTATCTTCTAAACC,RFC1,3806,499,278
RFC1_GGTAAATAGCTCCCGTAAAG,RFC1,558,58,48
RFC2_CTCTGCTCTAACTGGCCACC,RFC2,347,191,125
RFC2_GCCATCATCTTCACGGCCCA,RFC2,591,0,56
RFC2_GCAAGCCTTGAGGAGAACCA,RFC2,986,1,27
RFC2_AAGCATTCTGTGCTTGGCCC,RFC2,817,0,0
RFC2_GGAATGAAGACACCGTGAGC,RFC2,459,0,0
RFC2_CCGGCCACTACGAACTGCCG,RFC2,1371,115,191
RFC3_GCCGATACTTGTCCACCCAG,RFC3,457,0,0
RFC3_GCATGCCTTGCGAAGAACCA,RFC3,907,0,13
RFC3_TGCAGGCTTCACACATAAGC,RFC3,3144,846,640
RFC3_TCAGTCAGCAAACTCCACAA,RFC3,2514,0,3
RFC3_CTATGAGCATCGTCTACAGC,RFC3,1989,298,464
RFC3_TCTCTTACAGGCATGTAAGG,RFC3,660,55,110
RFC4_ACAGATAAGACAGAATCGGG,RFC4,1,0,6
RFC4_GGCAGCTTTAAGACGTACCA,RFC4,400,0,40
RFC4_CTCCTCGATCCTTGGTCAGC,RFC4,246,391,169
RFC4_TCCTCGATCCTTGGTCAGCG,RFC4,1060,228,184
RFC4_CCTCGATCCTTGGTCAGCGG,RFC4,1424,120,34
RFC5_GACCTCAGCACTCAAGCAGC,RFC5,545,30,38
RFC5_CTGTTTCGCACAGGCTAGGA,RFC5,816,66,34
RFC5_GCCCAGAATGCCTTGAGAAG,RFC5,2048,117,147
RFC5_TCCACGACATGTTCCAGGCG,RFC5,1757,67,115
RFC5_AGCCCTACGCATGTCTCCAC,RFC5,988,16,0
RFC5_ACATTGCCAACATCCTGGAC,RFC5,710,1,4
RFFL_GATTACATACTGCCGGCAGA,RFFL,186,60,11
RFFL_GCCACGCTCTCCAGGTAGAC,RFFL,705,255,430
RFFL_CCTCTTGATCCTGAGACACA,RFFL,663,490,210
RFFL_GGTGGCTTGTGCAGATGAAG,RFFL,51,1134,694
RFFL_GAAGGGAAGGAGCTGTACCC,RFFL,460,19,127
RFFL_ATGCAGGCCTATTCCAACCC,RFFL,1544,584,353
RFNG_TTCTGTACCCAGACACGGAC,RFNG,620,85,231
RFNG_CAGTTGGCTACATCGTGGAG,RFNG,967,186,303
RFNG_CACGGACATCTTGCAGCAGA,RFNG,795,296,351
RFNG_GCAGTAACAGCAGCGCGGCC,RFNG,432,116,37
RFNG_CAGTAACAGCAGCGCGGCCA,RFNG,1303,321,141
RFPL2_TGATTTGCCTCCGATGGAGG,RFPL2,109,25,108
RFPL4B_TGCTTGCAGGCGTTTGGCCA,RFPL4B,2104,333,428
RFPL4B_TTCACCACGTCTCGACACAA,RFPL4B,1343,1057,916
RFPL4B_CTTCACCACGTCTCGACACA,RFPL4B,3778,918,826
RFPL4B_GCAAAGTCTGCACGTGAGGG,RFPL4B,362,273,441
RFPL4B_CGGCTCCTTGCAGACGCCCA,RFPL4B,1022,226,175
RFT1_GCAAAGAGGAGGTCGACAGG,RFT1,1951,79,8
RFT1_TGGCTCTGGATATCTACGGA,RFT1,447,10,0
RFT1_GGATGCCACACTTCAGAAGC,RFT1,1552,249,451
RFT1_CGCTCTTAAGAATTACCGAC,RFT1,683,211,150
RFT1_CCCTCACTATGCAACTGGAG,RFT1,2005,228,6
RFT1_TGCGGAAGGCCTCTCTGGCC,RFT1,431,8,90
RFTN1_TACCTGGTAGTCTTGACGAC,RFTN1,312,440,492
RFTN1_TGAGCGGTTTGGACGCCAAC,RFTN1,1402,426,325
RFTN1_CATTCCTCTGTGAACTCGGC,RFTN1,438,114,30
RFTN1_TGAGTTTCTGGTCTGTCGGG,RFTN1,344,118,284
RFTN1_AGCCTCACTGCTGAGGACCC,RFTN1,761,107,213
RFTN1_AACTTTGAAGAGGCCTCAGG,RFTN1,309,12,66
RFTN2_TTTGTCCAGCATTCCCGGGA,RFTN2,1098,120,95
RFTN2_ATTCCCGGGAGGGAGAAAGG,RFTN2,26,0,0
RFTN2_ACACTCTGGCTGAATTCGGA,RFTN2,438,80,196
RFTN2_AGTGGGCAGTCATCTGAAAG,RFTN2,515,609,432
RFTN2_AAGAATTCGGCAGCACCCAG,RFTN2,409,120,63
RFTN2_TACCCTGAAGAGACCGCAAG,RFTN2,2051,581,664
RFWD2_TGATGAGCCCGTTGCAGAGG,RFWD2,675,103,86
RFWD2_GGAGCTGCTGCCTCCTACGC,RFWD2,310,24,139
RFWD3_TGGCAAACAGATCCGTGGAC,RFWD3,1477,156,59
RFWD3_GAGCTGCTCACCCTCCAGCC,RFWD3,907,1,42
RFWD3_AGCTTTGGACACTAGTGAAC,RFWD3,1207,46,98
RFWD3_AGCGTAATGCTGAGAGCCGG,RFWD3,810,0,13
RFWD3_ATGCTTACTTTCAGGTGAGC,RFWD3,510,32,5
RFWD3_GCTGATGTGGTCAGCAGCCA,RFWD3,362,145,87
RFX1_GGGTTTGGGCGCTTGTGGAG,RFX1,815,95,140
RFX1_GAAGAGCTGTTGGCCTGCAC,RFX1,0,54,48
RFX1_GACGCTGCGTGGGAAGAGCC,RFX1,680,78,151
RFX1_ACGAGCGTGCAGGCCAAGCC,RFX1,694,532,630
RFX1_AACCACCTGAGTAGGAACGC,RFX1,994,306,312
RFX1_TACTGCTTCTGGCCACCCGG,RFX1,847,61,130
RFX2_ACCACTGAACCGGCTGCAGG,RFX2,535,151,260
RFX2_ACGGATCAGTTTCCCGAAGG,RFX2,348,190,309
RFX2_GAGCCTATCTCATCCACGGG,RFX2,143,43,194
RFX2_CCAGGTGCAGTACGTGGAAG,RFX2,3477,555,818
RFX2_GCAGCCAGCTCCAATCCCAA,RFX2,430,88,221
RFX2_GCAGAATTCCGAGGGTGGAG,RFX2,2489,409,396
RFX3_CGCTGTGAATTGGATTCAGG,RFX3,1556,415,790
RFX3_CGTAGAGTAGACGGATCAGG,RFX3,1674,499,403
RFX3_GAACCATGTTGTCATCACAC,RFX3,548,229,230
RFX3_GGACATTGGCAAAGTCGACA,RFX3,756,286,261
RFX3_ATTCAGATGGGCGTCACAGG,RFX3,932,107,66
RFX3_GCAAGTACCAGTACAACAAC,RFX3,1365,648,418
RFX4_GAACCCGACATGGATTCCAC,RFX4,685,71,197
RFX4_GCATATAGAGGGCACTGCGA,RFX4,748,329,443
RFX4_ACCAGAAGACTCGGGACCCG,RFX4,679,223,362
RFX4_GAAGAATTCAGACCCTCCGA,RFX4,201,61,71
RFX4_GCAGTGTTCCGAGTTTGGAC,RFX4,730,386,211
RFX4_TCGAAAGTTTGCCAAGCAAC,RFX4,1438,527,511
RFX5_TGCCCATGTGCTTAAGGCCA,RFX5,1118,459,499
RFX5_CTTTAGGTCAAGTCCAGGCA,RFX5,1381,182,282
RFX5_AGCTCGAAGGCTTGGTGGCC,RFX5,536,282,296
RFX5_TAGGTGGATCCGCAACCACC,RFX5,284,111,18
RFX5_CCGTGCAGAACAAAGTAGAG,RFX5,823,434,252
RFX5_TACCTCGGAGCCTCTGAAGA,RFX5,200,427,174
RFX6_CAGTGTACCTGGCGGCCGAA,RFX6,802,318,275
RFX6_CTTTCCAAAGGTGGCCGCAC,RFX6,899,136,724
RFX6_ACAAGGCGGCTTGGAACAAG,RFX6,1438,310,322
RFX6_CCTTTCCAGAATAAACGGAG,RFX6,578,110,146
RFX6_GCTCAACACCTTGTATACCA,RFX6,1077,312,126
RFX6_TAAACTGGGTCTCCATGGCC,RFX6,797,88,96
RFX7_AACGGATTCCTGCATTCAAC,RFX7,175,180,232
RFX7_GCTGCAGATTCTCCTGGCAA,RFX7,740,260,237
RFX7_GAAGCGGGCTAATTCCAAGA,RFX7,1261,486,438
RFX7_GCACGTCGTTTGGGCACAAG,RFX7,2528,363,628
RFX7_GGAGACTTCACTGCCCAAAC,RFX7,826,332,486
RFX7_GATCTTGTGTTGCAGCGCGC,RFX7,745,292,286
RFX8_CCGGAGTGGCGCAGATGAAC,RFX8,2426,744,1295
RFX8_CTACCTTAGCCATGTTGGAA,RFX8,2647,562,247
RFX8_CGTCGTAGCATTTAAAGAGC,RFX8,2405,520,445
RFX8_GCAGTATTCGTCAGCAAGGA,RFX8,1601,466,682
RFX8_TCTCATACATGAGACAGCGA,RFX8,556,157,149
RFX8_CGCACAGCGGCGTCATCCAG,RFX8,878,355,238
RFXANK_CTCTCACCAACCGGCAGCGA,RFXANK,3655,99,181
RFXANK_CAACCGGCAGCGAGGGAACG,RFXANK,2361,369,289
RFXANK_TCCGCAAATGCTCCTTCAGC,RFXANK,685,265,174
RFXANK_AACGGTCTCAATCTCTCCAA,RFXANK,173,15,44
RFXANK_TTTCCGGTATCCCAGGGCCA,RFXANK,470,107,109
RFXANK_ACTCAGGGTCAGCGGGCACC,RFXANK,513,95,87
RFXAP_GACACTTCGGACCCTCCGGG,RFXAP,325,66,11
RFXAP_GACGAGGAGACTCACTCGGG,RFXAP,208,58,14
RFXAP_GACCAGGCCCTGAACTGCGG,RFXAP,750,122,168
RFXAP_TCCCACCGCAGTTCAGGGCC,RFXAP,567,74,266
RGAG1_TGGCTTGGACAATGCTCCAG,RGAG1,1090,87,373
RGAG1_CACTGCACAAACAACAGCCA,RGAG1,1788,580,539
RGAG1_CTAATGAGGGCCTCAGGCCC,RGAG1,149,44,44
RGAG1_CGATGTGGGCTTTGATCCAG,RGAG1,796,211,223
RGAG1_GATCACCTTGGACAGAGCAC,RGAG1,252,29,1
RGAG4_CCGCCTCACTCCGAGACAGG,RGAG4,1931,13,380
RGAG4_CATAGCTGCCGAGGGTACAG,RGAG4,1312,94,202
RGAG4_GCCATCTCGGTCACCCAGGA,RGAG4,1549,410,558
RGAG4_GGTTCCTTTGACGCGGGCGG,RGAG4,301,160,68
RGAG4_GCAAGGAATTAACCTCGGCC,RGAG4,1176,0,71
RGCC_ACTCGCACAGCGCGTCCGAC,RGCC,620,116,152
RGCC_GCCACTGTCACTCCTCAGAA,RGCC,2431,703,1167
RGCC_ACCTTTCTGAGGAGTGACAG,RGCC,1301,232,245
RGL1_TGTGGGAGAACCTACTCAAG,RGL1,1007,240,186
RGL1_TGCTGGAACTACTGCTGGAC,RGL1,1951,556,839
RGL1_CTCGGAAGTCTTCTGCACAC,RGL1,2011,721,637
RGL1_AGACTTGGGCTGCCGTCCCA,RGL1,498,170,100
RGL1_CTTCATCAGTAGTTCTCGGC,RGL1,807,58,114
RGL2_ACTTCCACTGGAGAGGGACC,RGL2,587,14,35
RGL2_GGGTCAGCTGTTCGGCCAAG,RGL2,298,250,164
RGL2_ATCCTACCGACGAACTAGAG,RGL2,717,172,376
RGL2_ATCCAGTAGGTGTCTGACCA,RGL2,455,390,603
RGL2_GATCTCACCAAGGGATCAAG,RGL2,370,1,19
RGL2_TTCACTCGGCCATGCTCCCG,RGL2,1469,598,475
RGL3_GAAGTGGATCCGCATCGCCC,RGL3,954,55,53
RGL3_CTCTTCAGAGGCCTGCGCGG,RGL3,1830,270,99
RGL3_GAGCCGCCTCAGGTGTGGAC,RGL3,724,153,136
RGL3_TGTCTTCTTGATCTCTACCC,RGL3,226,119,104
RGL3_CAAAGGTCCGGTAGGTGGCC,RGL3,1070,266,95
RGL3_TCCAGGCACCGCTGCAGGAC,RGL3,997,68,479
RGL4_CCCAACGAGGCCAAGCCAGA,RGL4,738,460,454
RGL4_AGACCCACGACAGGGACAGG,RGL4,568,118,28
RGL4_CAGCATGAGGGCCCGGGACA,RGL4,3198,709,661
RGL4_TAGGTCAGCTACACAAGACG,RGL4,1593,349,441
RGL4_TGGCACCGTGCTCATACCAC,RGL4,1199,164,205
RGL4_TGTCGCTGACACCTGGCAGG,RGL4,577,416,154
RGMA_CACGGCTGTCTCGTATGGGA,RGMA,265,333,281
RGMA_AGGTCAGGTAGCGGCCCACC,RGMA,105,107,159
RGMA_GCAGCTACGCCCTGTGCACG,RGMA,1221,341,454
RGMA_TGCACTTGAGGATCTTGCAC,RGMA,423,234,70
RGMA_GAGGGTCGGCCAGAATCCCA,RGMA,84,68,158
RGMA_CTAGTGGTAACAGGCCGAGC,RGMA,973,148,144
RGMB_TCGAATCCAGAAATGCACCA,RGMB,3288,1306,1384
RGMB_GCAGCCAGCATAGGCACGCA,RGMB,477,336,582
RGMB_TCAGTGACCTCATGAGCCAG,RGMB,1052,245,397
RGMB_GCAGTCTCCAGTGTGTAGCC,RGMB,189,182,441
RGMB_AGTAAAGTTGGCATCACCAG,RGMB,299,60,90
RGMB_ATGTGGAGGCCCTGCACCCA,RGMB,1587,73,201
RGN_GCAAGTACAGCGAGTGACCA,RGN,1819,381,323
RGN_CCAGCCTTCATCCTTACCCA,RGN,2038,303,232
RGN_TCGCTTCAATGATGGGAAGG,RGN,725,264,447
RGN_ATGGGAAGGTGGATCCCGCC,RGN,170,1,0
RGN_CACGTGGTGATCAGGAAAGA,RGN,1408,378,366
RGN_CTCTGGGTGGCCTGTTACAA,RGN,1328,1077,1107
RGP1_CCGGCAGGCCAGACCGGAAA,RGP1,2019,635,618
RGP1_CGGCCACTTCTGCATCCAGG,RGP1,1120,150,98
RGP1_GGCTGACTAGAGTCAGGAGG,RGP1,367,0,69
RGP1_ATCCTCCTCCAAGAATGGAC,RGP1,566,133,51
RGP1_TACAATATCAGTGATGGCCG,RGP1,746,168,470
RGP1_AACAGTGAGGGTCTCACCAA,RGP1,437,87,109
RGR_GGCTGGATGTGGCTGCAACG,RGR,1424,224,232
RGR_GCAGCAGTGCAGCCATCGCA,RGR,1010,552,298
RGR_CGGCTGAGTTCCAGGCCAGC,RGR,227,69,45
RGR_GAAGTGATCGTGATGAAGAG,RGR,683,310,164
RGR_CAAGGACGCTGCTGCTCGGC,RGR,590,203,166
RGR_GCAGACCATCTCATTGCCCA,RGR,1322,110,250
RGS1_GGAGATGGCTGCTGCGCGCA,RGS1,209,249,216
RGS10_ACACAAGCGAACCGAGGAAG,RGS10,697,64,78
RGS10_GCAGACATCCACGACAGCGA,RGS10,1077,225,281
RGS10_CGAAGCCGCTTACCTGACGG,RGS10,1056,361,392
RGS10_TGTTCAACCGCGCCGTGAGC,RGS10,331,22,10
RGS11_GATCAACCACGCATGGGACC,RGS11,0,1,96
RGS11_TTCGGATGTTCTTCTTGGCC,RGS11,293,340,497
RGS11_CCATAGTCCAGCTCTGCAGC,RGS11,289,139,106
RGS11_AGAAGGACCCGGCTGAGGGA,RGS11,900,69,65
RGS11_GGCTCCGCATCTTCACGCCC,RGS11,90,109,168
RGS11_CAGATGCGGCATCTGCGCCC,RGS11,222,1,62
RGS12_CTGGGTCCACCATGAACACG,RGS12,2483,441,636
RGS12_CGAGCAGACGTGCGTTGAGA,RGS12,1973,152,99
RGS12_TGGCGACCCTCCTCTCACGC,RGS12,1167,388,408
RGS12_CCCGGTCAACATCGACAGCC,RGS12,335,518,562
RGS12_AGGATGCATTCCTGGTACAG,RGS12,1016,294,249
RGS12_CTCTTCATTCAGGGATCGGC,RGS12,326,147,168
RGS14_TGATCGGCAGCGGCATGCCA,RGS14,891,108,99
RGS14_GGATGCTGAGAGAGCTGCCG,RGS14,160,155,170
RGS14_CTCCCAGGAGTTCCTGAAGA,RGS14,1198,612,623
RGS14_TGAACATCGACCGTCAGGCC,RGS14,2218,544,516
RGS14_CAGGCACTCGCGGTACAGCG,RGS14,725,225,438
RGS14_TCTCCGCAAGTCCTTCCGCC,RGS14,622,65,61
RGS16_GCAGCCAGGTCCCGGTAAGC,RGS16,1034,438,498
RGS16_GCAGGCGACTTCAGGAAGCG,RGS16,2179,540,333
RGS16_GATCCGATCAGCTACCAAGC,RGS16,437,115,178
RGS16_ACTCTGTCTTCAGGAAAGCG,RGS16,286,387,460
RGS16_GGAGTACTGGCAAGTTCGAG,RGS16,455,358,124
RGS17_CTCACCATTCCTCTAGGACC,RGS17,1078,334,519
RGS18_AGTGCCCAGATCTACTGGAG,RGS18,985,116,207
RGS19_GATCTACACGCTCATGCACC,RGS19,546,61,55
RGS19_TCGTCGAACGTGTGTGCGGA,RGS19,688,508,840
RGS19_ATGTGGTAGACGAGAAGGCG,RGS19,1690,366,314
RGS19_ACTCTGTCCGCAGGAACGCC,RGS19,114,241,66
RGS19_CCACTAGGAACCAAGAGCGG,RGS19,163,193,444
RGS19_TCATGACTGGACATTGAAGG,RGS19,2060,462,405
RGS2_TCAACACGACTGCAGACCCA,RGS2,255,29,42
RGS2_AGACCCATGGACAAGAGCGC,RGS2,2295,465,460
RGS2_AGGCAGTGGCCACAAGAGCG,RGS2,1881,404,532
RGS2_AGCTGTGCTTCCTCAGGAGA,RGS2,1223,240,384
RGS20_ATATCTCTGAGCCCTGAACA,RGS20,893,222,435
RGS20_TATATCTCTGAGCCCTGAAC,RGS20,335,103,115
RGS20_TGGAAAGCGGGCTAGAAAGG,RGS20,867,583,531
RGS20_GCCCGCTTTCCAGCCTCGCA,RGS20,581,149,54
RGS20_ATCTTCCAACCTGGGAAGAA,RGS20,265,134,370
RGS20_TAATGGTCACTCCAGCAGGA,RGS20,345,215,333
RGS21_TGAAGCTGATGCACCTAAAG,RGS21,2797,628,1095
RGS22_TTCCATGTCAGATCCTCCCA,RGS22,758,92,72
RGS22_AAGCGTATCTTCTATCCAGC,RGS22,225,162,440
RGS22_AGGGTTGCCATTTGTGGAAA,RGS22,1283,490,504
RGS22_AGAGCGCTGGACCAGAGAGC,RGS22,892,89,361
RGS22_TTATCTTCTTCAGTGGCAGG,RGS22,285,84,85
RGS22_TAGTGTCTCAGTCGTGAAGA,RGS22,341,138,265
RGS3_ACCTCTTCACAACTTCGCCA,RGS3,91,103,189
RGS3_CAAGCTCAGGCTCAAGCCAC,RGS3,591,251,257
RGS3_ACAAGTCCGGGTGGGCACGC,RGS3,1256,559,470
RGS3_TGTCCATTGATGCCCAGGAC,RGS3,1492,841,862
RGS3_ATTTCGCAGTCCTGTCCAAG,RGS3,1281,463,517
RGS4_ACAGCTTGGAATTCGCAAGC,RGS4,1527,710,757
RGS4_TGCCGGCTTCTTGCTTGAGG,RGS4,1709,269,493
RGS4_CTTCTGGGCCTCATCAAAGC,RGS4,3085,898,1332
RGS4_ATCGAGACTTGAGGAAGCGG,RGS4,788,130,50
RGS4_AGAATCGAGACTTGAGGAAG,RGS4,1998,708,451
RGS4_ATTAGGCACACTGAGGGACC,RGS4,761,95,1
RGS5_AACTCAGAGCGCACAAAGCG,RGS5,1001,502,250
RGS5_ATGTCAAAGCTGCTCAGGGA,RGS5,1257,100,181
RGS5_TGCTCAGGGAAGGTTCCACC,RGS5,351,231,241
RGS5_TCAAACGGAGGCTCCTAAAG,RGS5,1664,436,583
RGS5_CCCTGCCAAGATGGCTGAGA,RGS5,600,446,340
RGS5_ATGTAGAACCTCGCTGGACG,RGS5,2575,472,686
RGS6_GGTGTTACCTGTGACGACAC,RGS6,245,200,96
RGS6_GGGAGCCTTATCGCTGCCCA,RGS6,76,15,16
RGS6_AGAGGGCCTTTGCGAGGAAG,RGS6,933,288,350
RGS6_GAGTAGCGCTTTCTCACCAC,RGS6,237,56,240
RGS6_TCTGTTGTGTTCACACAGCC,RGS6,195,62,40
RGS6_GGTTGGCTGAGTACATGCAC,RGS6,1092,68,132
RGS7_ACACAGAACGTGAAGGAACC,RGS7,1562,581,422
RGS7_CAAAGAACCGAGCCAGCAGA,RGS7,1787,144,561
RGS7_CGGACAGCCATGGGTTAGAA,RGS7,2914,1376,1421
RGS7_GAGCGTTCTGGGACGTGCAC,RGS7,19,0,48
RGS7_AGATGGAAGACGTCATAGCA,RGS7,1594,717,505
RGS7_CAACATGCTGGTGTACAGAA,RGS7,1815,350,444
RGS7BP_TGCATGAGTTCTGCACCGAA,RGS7BP,1631,975,606
RGS7BP_CCCAATCTCCGCTCTGCAGC,RGS7BP,967,482,705
RGS7BP_AGTGGCCCTGTACCGAGAGC,RGS7BP,145,65,20
RGS7BP_CCGAGTCTCCTACCCTGAGA,RGS7BP,1776,521,419
RGS7BP_TTCTGTTGCAGCCCGGAAGA,RGS7BP,1718,318,515
RGS7BP_TTAGGAAAGGAACCTGGCGG,RGS7BP,390,37,68
RGS8_ACTCCGTCTTCAAGAAGGCA,RGS8,471,259,206
RGS8_CGACAGAAGAAGCTACGAGG,RGS8,1670,119,124
RGS8_ACGAGTCTGACTTGTGAGAC,RGS8,2003,731,793
RGS8_CGGCCTTACTGATGCCACGC,RGS8,24,16,3
RGS8_GACCCTCAGGCCATGAGGAC,RGS8,114,300,182
RGS8_TTCAAACCTCCTTACCCACA,RGS8,762,203,308
RGS9_AGGATGACAATCCGACACCA,RGS9,1663,281,170
RGS9_TGTCATGGCATGAGGAACGC,RGS9,776,728,488
RGS9_TTCTGCAATGGATCGTCCAG,RGS9,505,185,219
RGS9_CCGTAATCGGTATCTTCAGC,RGS9,1411,520,392
RGS9_CAAAGCAGACAGATATGCCC,RGS9,533,127,236
RGS9_CAATGTGCTGGACTACGGCC,RGS9,365,107,177
RGS9BP_AGTGCAAGGCGCTGCTGGAC,RGS9BP,425,44,208
RGS9BP_AGCCACCGACGGTCAGCACC,RGS9BP,616,68,113
RGS9BP_GACTGCTGTGCTGCGCGACC,RGS9BP,706,397,454
RGS9BP_ACGAGCGCGCCGAGTTCGAG,RGS9BP,996,145,62
RGS9BP_GGGCGAGATGATCGACAACA,RGS9BP,616,193,294
RGS9BP_TGCAAGGACACGACCGAGGA,RGS9BP,1752,741,605
RGSL1_TCTGAGAATGCTTACCGGGA,RGSL1,1014,329,157
RGSL1_TACCTCACAGGCAGTGCAGG,RGSL1,1349,255,318
RGSL1_CATCCTGAGCATAGATGAGA,RGSL1,347,100,380
RGSL1_TCTTCAGGTGGTCCCGGAAA,RGSL1,568,372,477
RGSL1_CTCTGACCTGTTAGAAACAC,RGSL1,1732,783,680
RGSL1_GGAAGCCATCAATGAGACCC,RGSL1,113,26,13
RHAG_GGCCATGCAGGCAGCTGCAC,RHAG,644,364,179
RHAG_GCAAGGCCTCCCACTACACC,RHAG,851,110,334
RHAG_GCACCGAGGCAAGCTCAACA,RHAG,1548,1037,1021
RHAG_AGCAATGGCCGAGTTAAAGC,RHAG,1374,621,444
RHAG_ATCGATCTGGACTGAGAAAG,RHAG,582,331,276
RHAG_CCAGGACTATAGCCATGAGA,RHAG,1635,245,291
RHBDD1_GCCATGCAACGGAGATCAAG,RHBDD1,1411,140,249
RHBDD1_CTAAGGCAGGAGCTATACAG,RHBDD1,3374,902,784
RHBDD1_ATCACTATGAAGAAGCACCC,RHBDD1,1113,278,355
RHBDD1_AACTATGACACGTACACAGC,RHBDD1,2077,334,456
RHBDD1_GCCATTGTCTCTTTATGACC,RHBDD1,352,312,163
RHBDD1_CAGAAGAAATGAGGAGACAG,RHBDD1,356,47,117
RHBDD2_GGACTTCAGCGTGAGGCCCG,RHBDD2,180,42,76
RHBDD2_AGTCCGAGGCCCTTCGCAAC,RHBDD2,1586,478,252
RHBDD2_TGAACAGCCACTATGGAAGG,RHBDD2,1394,424,486
RHBDD2_CCGTCCGTTCTCGGATGAGG,RHBDD2,565,92,143
RHBDD2_CATCGACCTCTCAGAGCGAG,RHBDD2,849,369,131
RHBDD2_AGGGAGGTGCCCGCAGAAGC,RHBDD2,1032,827,395
RHBDD3_GACCCTGGTGACCCATGGAA,RHBDD3,844,193,160
RHBDD3_GCTTCTTGACGGGCCAGCCC,RHBDD3,51,57,62
RHBDD3_TGAGGGTTCCAGCCACCGGA,RHBDD3,392,108,250
RHBDD3_GGTATGAATCATCTTAGGGC,RHBDD3,277,5,29
RHBDD3_GCCAGCATGGCCAGGTGGAC,RHBDD3,154,232,349
RHBDD3_CAACCAAGCGATGCATGCCA,RHBDD3,730,479,223
RHBDF1_CATCCCTAACGGAGCGGCCC,RHBDF1,211,265,276
RHBDF1_AGTGTCATCTGCCACACGGA,RHBDF1,1278,85,87
RHBDF1_ACACGTTGTCCTGGCTGGGC,RHBDF1,880,0,67
RHBDF1_TGTAGTCACTCCAGGGACCA,RHBDF1,1179,276,417
RHBDF1_CCATCACACAGACCATCCGC,RHBDF1,2022,96,124
RHBDF1_ATGTCCAGCTTTAGCCAGGG,RHBDF1,840,164,307
RHBDF2_CCAGCACGTCACCACCCAGC,RHBDF2,1497,400,437
RHBDF2_CAAAGCTGCGCTTGACCACC,RHBDF2,749,265,250
RHBDF2_GCCACCCGGAGGAGATGGAC,RHBDF2,0,98,68
RHBDF2_GCTGGCACGAGGCCTTCAGG,RHBDF2,201,64,0
RHBDF2_CTGACGCTCTTCAAGTAGGC,RHBDF2,409,89,140
RHBDF2_GCATGCTGTCCTGCTCGCCA,RHBDF2,1463,280,214
RHBDL1_CCCGGCCAGGCTCTATGGAC,RHBDL1,1510,155,180
RHBDL1_CCTGGCTCAGAGCAACGAGC,RHBDL1,651,12,141
RHBDL1_GACGGTAGAAGTACCAGCGG,RHBDL1,673,13,0
RHBDL1_CATGTAGGTGAGGAAGCGCC,RHBDL1,373,137,16
RHBDL1_GCACGCCTGCCAGGTAGAGC,RHBDL1,3,130,171
RHBDL1_TTACCATGACAACGTTGGCC,RHBDL1,1066,315,89
RHBDL2_GCTAAACACCGTGTAGCCAA,RHBDL2,120,69,113
RHBDL2_TATCTTGTGGGAGCTTCAGG,RHBDL2,195,70,33
RHBDL2_CCCTTGGAAATGGTCCACAA,RHBDL2,1886,906,822
RHBDL2_CAGTGGATCACGTTGGACAC,RHBDL2,1321,379,467
RHBDL2_GAGATGATGAACACGGGAGG,RHBDL2,380,106,171
RHBDL2_TCGTTGCGCCAGACAGCCCA,RHBDL2,470,53,91
RHBDL3_CATCGAGGAGCTGGAACCCG,RHBDL3,2795,577,546
RHBDL3_GCTCACATACCTGATCAAAC,RHBDL3,1861,273,311
RHBDL3_AGCCGATCTGCCCATCCGCG,RHBDL3,1029,1079,1037
RHBDL3_CACTTGCGGTCAATTTCCCG,RHBDL3,326,179,137
RHBDL3_GCAGCTGTGGGTGGTAAACC,RHBDL3,745,751,939
RHBDL3_CCAGTTCAAGCTGCTGCGGA,RHBDL3,1147,147,354
RHBG_TCGCAGCCCAACCCATGGCC,RHBG,2590,213,158
RHBG_GGCAAAGGCGGCCAGGAGGA,RHBG,1,57,26
RHBG_CTGAATGGTAGACGGAGCCC,RHBG,1620,302,183
RHBG_TACAAGGGCTGACAAGGCAA,RHBG,762,69,82
RHBG_ATGACAGAGGTCATTCCAGA,RHBG,325,64,37
RHBG_TGACAAACAGCCCGAAGAGC,RHBG,1647,413,321
RHCE_CATACTGTCTGGAACGGCAA,RHCE,1061,265,368
RHCE_ATGTCGGTGCTGATCTCAGC,RHCE,697,36,140
RHCG_AGAATGCCACGCTCGCAGGA,RHCG,719,411,463
RHCG_TCCAGTGCCCTGCACAAGAA,RHCG,1249,739,458
RHCG_TCATGGCAAAGAGGTCCGAC,RHCG,291,21,139
RHCG_TGAACTCATTCACAGCGAAG,RHCG,3518,982,979
RHCG_TGTAGCGGTCTTGTAAGAAG,RHCG,1398,224,128
RHCG_CCTGGAACACCAACCTCCGC,RHCG,979,436,398
RHD_CATGCCATTGCCGGCTCCGA,RHD,607,234,267
RHD_AAAGTCTCCAATGTTCGCGC,RHD,431,282,138
RHEBL1_GCCCATAGGAATTCTCCACA,RHEBL1,985,73,254
RHEBL1_TCCCAAATTTGCTTCCAGAG,RHEBL1,2254,479,789
RHEBL1_GGTCACTTACCTATGCAGAG,RHEBL1,448,293,480
RHEBL1_GGAAGGCTACGATCCTACAG,RHEBL1,926,137,201
RHEBL1_GCGGAGACTCACCTACACAG,RHEBL1,1526,544,1021
RHEBL1_CCTGTAGCGGACTAGCGGCA,RHEBL1,591,625,260
RHNO1_GCTGTTCCACCAACAACCAC,RHNO1,1075,241,274
RHNO1_TTCGACTTGAGTGTCTCGCC,RHNO1,122,115,61
RHO_TAGTACTGTGGGTACTCGAA,RHO,245,141,190
RHO_CACCCGGCTCATACCGCCCA,RHO,797,412,442
RHO_TGGTGGTCCTGGCCATCGAG,RHO,232,133,108
RHO_GCTCGTCTTCACCGTCAAGG,RHO,129,27,30
RHO_GGAGTCAGCCACCACACAGA,RHO,917,202,322
RHO_TGAGCATGCAGTTCCGGAAC,RHO,2432,526,556
RHOA_GCTGCTCTGCAAGCTAGACG,RHOA,260,5,12
RHOA_GAGCCGGTGAAACCTGAAGA,RHOA,628,90,70
RHOA_CATCGGTATCTGGGTAGGAG,RHOA,1740,140,158
RHOA_TATCGAGGTGGATGGAAAGC,RHOA,717,79,101
RHOA_AATCACCAGTTTCTTCCGGA,RHOA,678,1,27
RHOB_CACATAGTTCTCGAAGACGG,RHOB,979,170,259
RHOB_CGAGCATGTCCGCACAGAGC,RHOB,1867,365,1261
RHOB_GGCTTGGATGCGCACGGCCA,RHOB,595,143,226
RHOB_GCCGTAGCGCTTCTGCAGCG,RHOB,642,511,655
RHOBTB1_GATGTGGTGCAAACACCAGG,RHOBTB1,241,62,28
RHOBTB1_TTGACCAAAGCCGCCACGAG,RHOBTB1,1830,1053,1096
RHOBTB1_TAACTTGGATCTGGACCCGC,RHOBTB1,619,112,165
RHOBTB1_CGGCCTGAGGAATCCTAGGC,RHOBTB1,2112,269,501
RHOBTB1_GATCAAGCTGGCACCCAACA,RHOBTB1,1214,594,263
RHOBTB1_GAGTGTGGTGTTGCACGCCC,RHOBTB1,44,103,265
RHOBTB2_TACTCACATGCTGTCTGAAG,RHOBTB2,2507,559,279
RHOBTB2_CCAATATCGTGTGTGCCAGG,RHOBTB2,785,829,418
RHOBTB2_ACCTCCCATAAGCAAAGCGA,RHOBTB2,738,54,75
RHOBTB2_AGCACCTCCTACCTAGCCAA,RHOBTB2,296,22,51
RHOBTB2_GCCGCTGCACATTGCGGAGG,RHOBTB2,349,222,208
RHOBTB2_CCTCAGCCTTACCTCCCGGG,RHOBTB2,349,316,193
RHOBTB3_AAGCTTCTTCAGCCTCAGCG,RHOBTB3,654,399,538
RHOBTB3_CACTATGTACCTCAGACAGA,RHOBTB3,922,242,397
RHOBTB3_GACGCTTCAGCCTTTAAGAC,RHOBTB3,469,461,265
RHOBTB3_GAAGATTCATGGCTAGCACC,RHOBTB3,214,144,22
RHOBTB3_TTCACAACGGGCCACCAGGA,RHOBTB3,1305,477,389
RHOBTB3_ACTCTGATTGCCTTTCAACC,RHOBTB3,692,133,394
RHOC_CGCAAGAACAAGCGTCGGAG,RHOC,2515,741,1175
RHOC_CCGCAAGAACAAGCGTCGGA,RHOC,362,536,234
RHOC_CGAGCACACCAGGAGAGAGC,RHOC,78,96,165
RHOC_TGAGGCAAGACGAGCACACC,RHOC,865,331,188
RHOC_TTTCTGGTTCTCCCACAGAC,RHOC,684,105,93
RHOC_CTATATTGCGGACATTGAGG,RHOC,569,133,276
RHOD_ACCTTGACGGACCGCACGCC,RHOD,468,239,497
RHOD_CTGCTGATGGTCTTCGCCGA,RHOD,724,359,527
RHOD_TCCCAGATGTGGAGGTGCAC,RHOD,533,155,269
RHOD_TGACATCGAAGCAAAGCAGC,RHOD,821,197,116
RHOD_GGAGCCTGTGACCTACCACA,RHOD,179,49,58
RHOD_CTCGGCGGCCTCCTGGAAGA,RHOD,1468,194,444
RHOF_TGTGGAGGACGTCTTCCGGG,RHOF,1509,135,388
RHOF_AGGTCACGCATTTCTGCCGC,RHOF,148,29,55
RHOF_CGTCATAGCAGATGAGCACG,RHOF,2805,822,681
RHOF_CTGAACCTCTACGACACGGC,RHOF,1304,402,350
RHOF_GCTGTACACCATGAGCAGCG,RHOF,484,317,166
RHOF_AAGATCGTGATCGTGGGCGA,RHOF,91,207,331
RHOG_CTACGGCGCCTCAAGGAGCA,RHOG,662,132,230
RHOG_CCTACGGCGCCTCAAGGAGC,RHOG,79,15,1
RHOG_ATGAGAACGTGCGGCACAAG,RHOG,1192,120,285
RHOG_TGCCGCACGTTCTCATAGGA,RHOG,1012,153,121
RHOG_CGCACGTTCTCATAGGACGG,RHOG,2594,247,221
RHOH_CGTCTGCCTGCTGGTAGGAC,RHOH,2335,1047,530
RHOH_CCAGACTGACCAGCGGGAGA,RHOH,2482,191,269
RHOH_CCCTTCCATGGCATTGACGC,RHOH,802,471,487
RHOH_CGTCCGAACTGCCGTCAACC,RHOH,1119,1281,210
RHOH_TTCTGTTTCGTCTCCTGGCC,RHOH,397,154,242
RHOJ_CGTTGGCGTAGCTCATCAGC,RHOJ,459,59,75
RHOJ_ACTGTATGACACCGCGGGAC,RHOJ,1166,309,330
RHOJ_TGGACATTGTGGTAAGAGGC,RHOJ,276,190,84
RHOJ_CTCTTACCACAATGTCCAGG,RHOJ,967,19,165
RHOJ_CATATACAGCAAACGGGCCA,RHOJ,626,60,0
RHOJ_AAAGGAGGGCACGACCAGAA,RHOJ,653,407,406
RHOT1_ACTCACGTTCTCCCACCAGC,RHOT1,498,190,68
RHOT1_TACAAGGCATACCTCCACAC,RHOT1,1325,275,290
RHOT1_TTCTCCTCTGGGCAGTACAG,RHOT1,1405,424,484
RHOT1_AGACAGACTCTCCCGAGACA,RHOT1,1646,302,233
RHOT1_GGTGCACATACAGCGTAACC,RHOT1,276,91,133
RHOT1_TTAGTCTCAGTGCAGGCGCC,RHOT1,251,0,11
RHOT2_CGCATCCTGTTACTGGGCGA,RHOT2,1064,319,194
RHOT2_ACTGTTCCCTCAGGCAAACG,RHOT2,1852,385,182
RHOT2_CACTAGGATGATGGGCACCC,RHOT2,1152,396,439
RHOT2_TCAGGTTCTTGGCCGAACAC,RHOT2,1155,328,451
RHOT2_GCTCTTCGTCACTGAGCGCC,RHOT2,284,61,38
RHOT2_CGCTCTTCATCCAGCGCGGC,RHOT2,59,15,41
RHOU_TCACGACACTGAAGCAGAGC,RHOU,1015,262,291
RHOU_TCCAGAACGTCAGTGAGAAA,RHOU,2075,495,524
RHOU_TGAACACTCGATGTAGGAGG,RHOU,1434,395,240
RHOV_GAACTTCTTCCAGCGGCAGC,RHOV,28,121,227
RHOV_CGTACTAATTCAGCTGGACC,RHOV,1701,575,700
RHOV_ATCGGTATCCGGGTAGCAAA,RHOV,737,430,505
RHOV_TCCCAGAGCTCAATGCGCAC,RHOV,1578,369,161
RHOV_AGGTGTCCAGCGCAGTGGGC,RHOV,318,77,46
RHOV_GATGAGGCTGCTCTTGCCCA,RHOV,219,25,41
RHOXF1_AATACCCTGATGTGCCCACA,RHOXF1,649,243,352
RHOXF1_GGCGGTGTGAACCACGAGAA,RHOXF1,463,254,492
RHOXF1_TTCATATTACCCATGAGGCC,RHOXF1,474,329,199
RHPN1_CGGCGATGATCCTGGAGGAG,RHPN1,1976,201,180
RHPN1_GATTCACCAGCAGATTGACA,RHPN1,429,186,215
RHPN1_GGGCGACCGTCTCTCTCACC,RHPN1,833,138,274
RHPN1_GATCTCAGTGCACTTTGGAG,RHPN1,683,78,39
RHPN1_CAGCCGGAATGAGTCGGGCC,RHPN1,1703,57,29
RHPN1_CGTGCCCTGGCCTTCGAGAA,RHPN1,1897,559,601
RHPN2_CGTGCGGATGAGGACCGGAG,RHPN2,994,82,28
RHPN2_ATTCTGCAATTTACTCCGGC,RHPN2,103,245,115
RHPN2_CTCCGGCCGGTTTGTGCAAG,RHPN2,3454,1712,762
RHPN2_CGACGGCTACTTTCGGAAGG,RHPN2,1812,240,591
RHPN2_CCGTCGTTCTCCTTCTCCAG,RHPN2,1805,146,117
RHPN2_CCGCTGGAGAAGGAGAACGA,RHPN2,1569,611,621
RIBC1_GACGCTTTCGGTCTCCCACC,RIBC1,418,90,76
RIBC1_CCCAGAGAAGTACTGCAGGC,RIBC1,948,453,443
RIBC1_CACAGGCCACCCATCTGGCC,RIBC1,1481,192,326
RIBC1_ACACATCATGGCCGCACGAC,RIBC1,837,198,316
RIBC1_TGAGCGTCAGCGTGAACAGA,RIBC1,1243,345,216
RIBC1_CCATAGGGTGTTGGGCGACC,RIBC1,68,291,658
RIBC2_GGGTCTTCAACGCCAGAAAC,RIBC2,850,266,389
RIBC2_TATAGGGAGACACTGAAGCC,RIBC2,944,280,143
RIBC2_CTTTGCAGCAGCAAAGGGAA,RIBC2,334,107,169
RIBC2_AGGCCCTCTACACAGAGACA,RIBC2,868,104,72
RIBC2_TCCAGCGGTCAGGGACCACG,RIBC2,1190,220,290
RIBC2_GCAAATGCTGCTCCTTGGCC,RIBC2,321,83,187
RIC3_AGATAGCTACCCTGAGCAAG,RIC3,2619,370,547
RIC3_TTCTGGCTTTGGATCACACG,RIC3,1211,390,463
RIC3_ATCAGCTCCGAGAAATCACC,RIC3,534,84,145
RIC3_CCTTTGCAAATGCCTCGGCA,RIC3,418,110,71
RIC3_CCTTGCCGAGGCATTTGCAA,RIC3,392,404,491
RIC3_TTACCTTCAGGTGTCGGCGG,RIC3,645,222,224
RIC8A_AGCCGTGGAGACGGGTGAGG,RIC8A,1356,27,6
RIC8A_CGTCCCAGAGTCCGCAGACA,RIC8A,2692,154,318
RIC8A_TACTGCTGGAGACCGCACAG,RIC8A,1053,33,94
RIC8A_TCTGGATGTTCTCCTCACCC,RIC8A,1379,202,345
RIC8A_TCAGTCAGCACGCTCAGCAC,RIC8A,4001,38,148
RIC8A_TGTCCTCACATCCCGCAGAG,RIC8A,2268,221,194
RIC8B_GCCCTCTACATCGTCCGGGC,RIC8B,227,64,1
RIC8B_CCTGAGGGATTACAGCGACA,RIC8B,1103,413,638
RIC8B_CTGCAGGACTGTTGGCGGCC,RIC8B,366,107,243
RIC8B_TGCAGGACTGTTGGCGGCCA,RIC8B,1535,423,295
RICTOR_GCAACATTCCGATCATGGGC,RICTOR,1561,0,44
RICTOR_GGTGTTTAGTCCACCTCGAA,RICTOR,745,149,52
RICTOR_TGACATACAACAGAGCAACG,RICTOR,1327,65,122
RICTOR_AGACTCCAGTATTCTCCAGA,RICTOR,658,0,115
RICTOR_AGGGCGGAATGACAGCGGCG,RICTOR,1393,116,437
RICTOR_AATATGGCGGCGATCGGCCG,RICTOR,246,65,64
RIF1_AGTCTCCAACAGCGGCGCGA,RIF1,245,53,80
RIF1_AGTCGTATGACTGGAGAAGA,RIF1,1003,179,303
RIF1_CCTATGACTCCTGTACACAA,RIF1,1309,232,134
RIF1_TCCATCAGAATATGGTCCAC,RIF1,562,19,46
RIF1_AACTAGTCAGAGGCCGAACA,RIF1,1105,125,147
RIF1_GCAGATCCAATATACCAAGC,RIF1,502,155,121
RIIAD1_CAAGTGGCTTCCACCTCAAG,RIIAD1,1838,312,363
RIIAD1_CCTTGACGACCGCAGCAAGA,RIIAD1,2979,1109,948
RILP_CCTTCATGGCCTCGAGCAGA,RILP,1075,187,196
RILP_AGGAACTGGCCTACTTCCAG,RILP,826,288,228
RILP_GCCCTCATACGGCACTCACC,RILP,64,8,194
RILP_GGAGGTCACGGACCGACAGC,RILP,206,55,51
RILP_GGAGAACGAGCGCCTCCGCA,RILP,501,0,7
RILP_CACCACTAGCGGCACCAGCC,RILP,660,141,217
RILPL1_CGGTTACACAGAGCAAGGAC,RILPL1,2138,279,626
RILPL1_CAAGGTGTTCTTGCTGCAGG,RILPL1,864,179,51
RILPL1_CAACCATGACCTTCGGCACC,RILPL1,753,370,424
RILPL1_CGAGATCCGCGCCAAGGACA,RILPL1,557,234,305
RILPL1_GCAGCTGGGCGATCTGGGAG,RILPL1,2026,197,382
RILPL1_CATCGCGCGCCTCATGCCCA,RILPL1,113,54,143
RILPL2_TCTTGGTGGAATCAGGCCAC,RILPL2,254,55,55
RILPL2_GAACTGCAGCTGCGTCACCC,RILPL2,457,254,213
RILPL2_AACTGCAGCTGCGTCACCCG,RILPL2,2171,415,468
RILPL2_CCATAAGCTCGCGGCCCAAC,RILPL2,1287,562,1137
RILPL2_TCTTCCTCTTCTCGCACAGG,RILPL2,2100,702,1247
RIMBP2_TGCTCCAGCGGGAGCTGCCA,RIMBP2,538,228,153
RIMBP2_CCTCTACGTCTATGGAGACA,RIMBP2,217,51,77
RIMBP2_TATAGCGGGCAACACAGAGG,RIMBP2,651,219,252
RIMBP2_ACCGGATCTCGACAGGAAGG,RIMBP2,1347,141,359
RIMBP2_CTAGCCACCTCCCTCGGCAA,RIMBP2,3001,791,495
RIMBP2_TGCGAGAGGCGGCTGAACGG,RIMBP2,3292,560,354
RIMKLA_AGCTCTGGTTCCTGACGGAC,RIMKLA,581,190,393
RIMKLA_CATCCGCGAGGACTACCCGC,RIMKLA,565,131,204
RIMKLA_TCTGTGGGCGATTGACCAAC,RIMKLA,646,403,319
RIMKLA_ACCACGACTGGGTAGCCCAG,RIMKLA,335,399,575
RIMKLA_CCATGGAAAGGACATCCGGG,RIMKLA,1078,334,270
RIMKLA_CCCAGGACTGTCGAGTCCAA,RIMKLA,131,28,88
RIMKLB_TGAAGTTCTGGAGTTCCCAA,RIMKLB,681,165,213
RIMS1_TTATCATGGCAGTGATGGAC,RIMS1,384,104,78
RIMS1_CATGTCCCTGACAACACACC,RIMS1,1006,191,186
RIMS1_GAAGAAGCGCGGCGTTACCA,RIMS1,733,95,24
RIMS1_GAAGTGAACCTCCTAGAGAG,RIMS1,454,156,173
RIMS1_CAAAGAGTCGTTCCGCAGCA,RIMS1,2038,1087,1166
RIMS1_GAGGTCTGTTGATTCCGAAG,RIMS1,78,132,104
RIMS2_TCCTCTCCTCCTCCGTGAGG,RIMS2,432,107,136
RIMS2_TCGAGGGCTAAGAAATGAGG,RIMS2,1119,239,209
RIMS2_GCAATTTGAGACATTGCGCC,RIMS2,323,85,175
RIMS2_ATGCTGAAGTGTCCCGAGCA,RIMS2,2184,512,477
RIMS2_TCTGACTCTCACAGGAGACA,RIMS2,529,195,209
RIMS2_CCAAATCCTCTTCCAAAGAG,RIMS2,1925,646,685
RIMS3_GGAAGACTGGGACAGGCGCC,RIMS3,258,79,122
RIMS3_CAGGCTCTGCTCTTTGACGA,RIMS3,862,344,455
RIMS3_CATGGACCGGAGTGGCCAGC,RIMS3,945,13,0
RIMS3_CCCTTAATAAGACTCACCCA,RIMS3,1453,324,407
RIMS3_ATCCGCCGGAGCACGGAGAC,RIMS3,1481,419,924
RIMS3_ATCTGCGGATCCCAGCAAGC,RIMS3,1403,582,506
RIMS4_GGACTTGACCACCCTGGCCG,RIMS4,1174,209,428
RIMS4_TAGGCCTTGATGTAGGCCGC,RIMS4,340,137,13
RIMS4_GCGGAACGGTCAGTTGGAGG,RIMS4,773,228,231
RIMS4_TTCCCAGGAAGTCACTGAAC,RIMS4,2201,663,606
RIMS4_TTGGCCGCTTTGCCCAGAAG,RIMS4,779,289,170
RIMS4_TCCTTCGACGACGAGGACGC,RIMS4,131,62,46
RIN1_CTCCGCACTCAGCATGGCCC,RIN1,320,191,170
RIN1_CGCAGCCACTCACAAAGAGC,RIN1,2501,670,839
RIN1_ACCCTGCGGGCAGACTCACC,RIN1,415,121,157
RIN1_GATGTAGTGGCTGGAGACGA,RIN1,726,354,167
RIN1_GACGTGCCCAATGCCAGCGG,RIN1,2083,249,173
RIN1_AGTAGTGAAGCTGGACGGGC,RIN1,25,35,46
RIN2_GGTGCGGACAGATGTCAACC,RIN2,531,53,279
RIN2_ACAGGCTCAGCATCTTGGAC,RIN2,289,82,289
RIN2_TCTCCACACAAGCCCTCGGC,RIN2,171,1,36
RIN2_AAGGACTTTCACATGGCCGA,RIN2,447,44,82
RIN2_CCAATTCAAGCATGTCACAC,RIN2,1821,614,393
RIN2_CCTGGAAGTCGTCCACAGAG,RIN2,2304,536,876
RIN3_GGCGGCATGATCCGACACGC,RIN3,999,141,137
RIN3_CAAAGACAAATACCATCCGG,RIN3,883,97,203
RIN3_TCCTCTCCTTTGCCAACAAC,RIN3,1535,359,417
RIN3_TCAGATGTTCCTGGTTCGCC,RIN3,116,97,105
RIN3_CCAGACGCCGCGTTTCCGAG,RIN3,2041,704,535
RIN3_CCCACTGACCTGGGTTGCCG,RIN3,1664,557,488
RING1_TGAGTCTGTATGAGCTGCAC,RING1,418,85,136
RING1_TTGTCACAGCCCTACGGAGC,RING1,1015,574,693
RING1_TACGCATGCAGGCCATGCAC,RING1,278,387,95
RING1_AGGGAGAATACTGCCAGACG,RING1,753,243,253
RING1_TACACCATCTACATCGCACC,RING1,574,374,236
RING1_GGAGCATAGCACAGCTCCAG,RING1,284,319,25
RINL_TGTGCGGAGTCGTGTCCACA,RINL,821,472,100
RINL_TCCGGGCCCTGACCAGAGAC,RINL,488,232,217
RINL_TGTGGGTCTCCAGGTAGAGC,RINL,740,120,252
RINL_TTCATCTCTGGGCCCTAGAG,RINL,1463,271,219
RINL_TGCTGGCTGATAGAAAGGCC,RINL,902,283,262
RINL_TTACTCGCCTGCAGAGGACA,RINL,673,180,359
RINT1_GGAGGCGAGATGCTACCAGC,RINT1,661,36,118
RINT1_CCAACAGTTTGTGATTGAGG,RINT1,346,99,236
RINT1_GGTTCAGGTATCACTTCAGA,RINT1,198,0,11
RINT1_AGGCTCTTTGGTAAACGCAA,RINT1,212,0,0
RINT1_TGCACAGTATCGAAAGCCAA,RINT1,906,43,159
RINT1_ACAACTTCAACAGGCTGCAC,RINT1,913,193,71
RIOK1_CCGCGTCGTCGAATTGCCCG,RIOK1,1760,197,173
RIOK1_GAATGGAGGAAGCAACCCAC,RIOK1,306,0,1
RIOK1_TGCCTTGGAGTTCTTGAGAA,RIOK1,818,618,659
RIOK2_GATGTGGAGGTTTCTGCCAG,RIOK2,538,0,10
RIOK2_CTGATGCAGGATCTTCAACA,RIOK2,2125,42,9
RIOK2_CATTTGTCAACCGATAGCCC,RIOK2,272,0,0
RIOK2_ACAGCCACCATGTTTAAGGC,RIOK2,1098,40,121
RIOK2_GAAGGGAGAACAGGAACGGC,RIOK2,291,17,34
RIOK3_CCGAATGGATCTGGTAGGAG,RIOK3,3121,716,1191
RIOK3_GAGTGGCATCGCCTGAGCCC,RIOK3,99,44,0
RIOK3_CGTGATGATCCCTACAGACC,RIOK3,2761,768,521
RIOK3_TATACTCACTGAGGTCAGCA,RIOK3,124,150,359
RIOK3_AGAACTCCAGGCCGTGAGGG,RIOK3,1375,234,147
RIPK1_CTTCCTCTATGATGACGCCC,RIPK1,556,73,32
RIPK1_GATGCACGTGCTGAAAGCCG,RIPK1,193,169,55
RIPK1_GACGGCACCGCTAAGAAGAA,RIPK1,717,167,230
RIPK1_AGATAGTTGGTCTCAGGCAC,RIPK1,276,185,253
RIPK1_CCATTTACCTGTTGGTGGCA,RIPK1,584,187,197
RIPK1_TAGTCTGACGGATAAACACC,RIPK1,334,15,47
RIPK2_GAGCGCCCGGGACCATGAAC,RIPK2,93,85,203
RIPK2_GGCGAGTTTGTGGTAGGGAA,RIPK2,908,306,231
RIPK2_TCCACACTCCGCTGCTCGAC,RIPK2,1281,104,477
RIPK2_AGCCCTTTGAGATCCAGAAA,RIPK2,1862,230,227
RIPK2_GAGTTTCCTGCAGTTGAGAG,RIPK2,750,185,397
RIPK2_TGATCAAGTCCCTGGACAGA,RIPK2,685,132,73
RIPK3_AGACAACTGCCTTGCCCACA,RIPK3,537,338,105
RIPK3_ATGCCCAGCCCTACCTCAAC,RIPK3,1076,259,213
RIPK3_AGTGATGGTTCGGTTGGCAC,RIPK3,707,201,38
RIPK3_ATTCGTGCTGCGCCTAGAAG,RIPK3,236,160,69
RIPK3_CCCACTTCCTATGTTGCGCC,RIPK3,1779,791,500
RIPK3_AACCAGGAGCTCGTCGGCAA,RIPK3,1799,426,544
RIPK4_GAGTGTGAACGCCCAGACGC,RIPK4,511,195,224
RIPK4_GCTGTAGTCGTTATCGAAGG,RIPK4,810,240,314
RIPK4_CATGCAGCGGTGCTGGCAGG,RIPK4,304,0,9
RIPK4_GGTAGGCGATTGTGCCAAAC,RIPK4,417,213,605
RIPK4_TGCCCACTACCACGTCAAGG,RIPK4,1760,555,295
RIPK4_CCAGCCTGCACGTCGACGAC,RIPK4,834,630,599
RIPPLY1_TGTACAGATAGTCGAAGGAG,RIPPLY1,1183,429,915
RIPPLY1_TGCCAGAAGCTTACCTGACA,RIPPLY1,2305,361,425
RIPPLY1_AACGGCTGCTGAGGTCACCA,RIPPLY1,972,170,116
RIPPLY1_CCCATTTACTTCTTGTCCAG,RIPPLY1,764,401,363
RIPPLY1_AAGATGGGCTTAACAGGCCA,RIPPLY1,582,93,146
RIPPLY2_TTGCCTCCGGCGTCCACCCA,RIPPLY2,1157,165,208
RIPPLY2_CTCCAGATGCCCGATGGCCC,RIPPLY2,1225,357,362
RIT1_CCTCATATACTGGTCCCGCA,RIT1,47,123,73
RIT1_CTGCTACAGCAGCTACCAAC,RIT1,478,111,98
RIT2_TGATCTGGAACAGTTCCGCC,RIT2,114,277,90
RIT2_CGGGAGCAGTACATGCGAGG,RIT2,1211,418,671
RIT2_TCCAAGATGTCCAAGTAAGC,RIT2,1936,697,790
RIT2_AGGTGGTAATGCTGGGAGCA,RIT2,903,232,207
RIT2_CGGGTCCAGAGAGTACAAGG,RIT2,752,617,445
RLBP1_AGCAGCTTGCTCTTCAAGAA,RLBP1,1203,530,642
RLBP1_TCGGGACAAGTATGGCCGAG,RLBP1,312,93,113
RLBP1_TCCGTGCGCGGATGAAGCGC,RLBP1,391,313,173
RLBP1_CCAGGTGGGCACGTTCCGCA,RLBP1,3139,530,660
RLBP1_CCATAGGCAACATGTCAGAA,RLBP1,1556,647,781
RLBP1_TCCATAGGCAACATGTCAGA,RLBP1,717,283,476
RLF_CAGCCAGTAGAAACGGAGGA,RLF,447,269,237
RLF_AAACTTGAGGAGTCTGCAAC,RLF,722,117,343
RLF_GGAATACCGATGTTGGAACA,RLF,871,370,236
RLF_GCTTCATTATCTTCGGCCAG,RLF,465,157,72
RLF_GATCTTTCAAGAACCACCAC,RLF,215,66,87
RLIM_AGCGATCGATGCAGTGGACA,RLIM,1339,626,605
RLIM_CTCTTTGCCCTTCCTTAGCC,RLIM,1246,431,570
RLIM_CACCTACCAGAGGTCAGAGG,RLIM,1218,936,759
RLN1_CCAGAGCAGTCGCGGCCAAA,RLN1,975,721,1167
RLN3_TGGCGGTATGGGTGCTGACC,RLN3,549,438,482
RLN3_GATGTCTGATCGTCTCCACC,RLN3,73,28,126
RLN3_GGATGTCTGATCGTCTCCAC,RLN3,68,4,87
RLN3_TTGCTCACGATTAGAGAAGC,RLN3,828,120,74
RLN3_CCCAGCCCTCAAACTAGCAA,RLN3,1539,225,294
RLTPR_CTTCCACAGGCGAGATCACC,RLTPR,414,95,220
RLTPR_ACTAGGTGTCTCACCTGAGG,RLTPR,289,150,88
RLTPR_CTCACCCAAGGGTCGAGCGA,RLTPR,77,58,117
RLTPR_CTACCAGGAAGCTATTCCGG,RLTPR,434,145,39
RLTPR_ACTGAATCTCCTCTCGGAAA,RLTPR,1057,124,113
RLTPR_GGACACCATTTACCATCGCC,RLTPR,731,45,34
RMDN1_GGACTATCCAGCACACACAG,RMDN1,1355,623,405
RMDN1_GGCCTTAGGCTACTTTCACA,RMDN1,563,144,353
RMDN1_TCCTAGTTCCACCTATGAGA,RMDN1,432,144,126
RMDN1_GCTTAGCAGAACCTCAGAAG,RMDN1,1814,302,606
RMDN1_CCATAGGTAATGGGAAACCC,RMDN1,1328,200,471
RMDN1_CGAAGCCGCGGAATCGACAG,RMDN1,216,139,86
RMDN2_TACCACAAGGTCCGTAAACC,RMDN2,1585,414,634
RMDN2_ACCACAAGGTCCGTAAACCA,RMDN2,581,237,184
RMDN2_TTAAGGATGACGGCCTAGAA,RMDN2,1631,489,637
RMDN2_CGTCCTGAAAGTTACAGCAC,RMDN2,2573,1167,1382
RMDN2_GGGAAAGTTCCACTTTGAGA,RMDN2,277,126,87
RMDN2_TTCCCATTCCTCCATAAAGC,RMDN2,1379,507,494
RMDN3_TGCGGTGCTTTGTGGTCAGC,RMDN3,763,267,336
RMDN3_CTGCAGGGTGTTATTACCAC,RMDN3,1937,250,545
RMDN3_TGCGGAGTCTGACAATGAGC,RMDN3,981,357,128
RMDN3_CGGGAGAGGAGTGACTCCAC,RMDN3,329,230,416
RMDN3_CTGTCCTTCCCGTGGAAGGC,RMDN3,663,377,316
RMDN3_GCACAGGAATCCAAGGCCGG,RMDN3,108,114,171
RMI1_TCAGAACGATGTTTCACCAC,RMI1,700,237,382
RMI2_GGCATAAGGAATCCGGAACC,RMI2,364,113,125
RMI2_GGCACAGCAGTTCCGGACAC,RMI2,451,113,125
RMI2_GCTGCGGACTCGTTCTCAGG,RMI2,1139,140,81
RMI2_GGCATTACCTGGGACTAGAC,RMI2,583,488,728
RMI2_CCATGAAAGTATGTGGGAAC,RMI2,2753,366,610
RMND1_TGACAATCATCCACTCCAAG,RMND1,2028,297,365
RMND1_AGAGGGCACTCCGCTTGGAG,RMND1,1171,137,192
RMND1_ATGAAATCGCACTGGTACAC,RMND1,653,220,343
RMND1_TCAGCCCTATGAAATCGCAC,RMND1,1628,203,206
RMND1_GCACTGCACAGCATTTGCAA,RMND1,1250,370,330
RMND5A_TTCTGTAGACCCAAGTCAGA,RMND5A,926,112,99
RMND5A_TTAGGTGGGCAGTGTCAAAC,RMND5A,1721,639,734
RMND5A_ACCTACTTGATGCAAACCAG,RMND5A,1420,395,369
RMND5A_TCCATACCTGACACTGAGAG,RMND5A,1523,500,516
RMND5A_TCAAAGCCGTGATTGAACAG,RMND5A,902,930,694
RMND5B_ACGGCAAATTTACCTGGGCA,RMND5B,1829,1033,544
RMND5B_CCCGAAGCTACTGAGTGACA,RMND5B,1872,509,427
RMND5B_TCACAGCAGTGTATCCCGAG,RMND5B,859,1124,1042
RMND5B_CTGATACAGGTGTTCCACGA,RMND5B,2382,563,825
RMND5B_GGGCCTCCTTACTCCAACGC,RMND5B,602,162,154
RMND5B_TTCATCCGCCTCTTGGCAGG,RMND5B,565,312,300
RNASE1_GACATTCTGGACATCTACCA,RNASE1,824,148,118
RNASE1_ACATTCTGGACATCTACCAG,RNASE1,1832,135,179
RNASE1_AGGCGCCGGAATATGACACA,RNASE1,803,112,150
RNASE1_CCCGGGCCAAGAAATTCCAG,RNASE1,1425,167,119
RNASE1_AAGAGACTTCTCCAGAGCCA,RNASE1,396,28,31
RNASE10_AACAAAGAAGTGGTGCAACC,RNASE10,456,150,164
RNASE10_TCATTGCCTGTGAGCTCAAG,RNASE10,799,428,300
RNASE10_CGAGCTGTCCCAACCAGACC,RNASE10,4441,715,1140
RNASE11_AACACTATGGTATTGGCACC,RNASE11,402,94,190
RNASE11_AGTGATGCGCAGGGTCCACA,RNASE11,658,60,99
RNASE11_AAGTGATGCGCAGGGTCCAC,RNASE11,201,137,315
RNASE11_AAGCAAACGGATCGTGCAAG,RNASE11,1264,295,304
RNASE13_TGAATACTGCACACTCACCC,RNASE13,192,318,392
RNASE13_CTTCTGGATGGCCTTCCAAG,RNASE13,1323,167,476
RNASE13_CCCAGGGTTAACTACCCAAA,RNASE13,1503,878,507
RNASE13_TCAAGATGCAGATTGGCAGC,RNASE13,719,384,145
RNASE3_TTGCAATGGTGCATCGAGGG,RNASE3,1024,443,445
RNASE3_ATTGCAATGGTGCATCGAGG,RNASE3,216,207,136
RNASE3_CATTGCAATGGTGCATCGAG,RNASE3,751,237,230
RNASE3_CTGGATTTATGAGGTCACAG,RNASE3,1631,321,755
RNASE4_CACGTGCACCCTGAGGAGAC,RNASE4,1689,685,396
RNASE4_ATCTAACCGTCAAAGTGCAC,RNASE4,876,31,219
RNASE6_CAAGCATGAAGTGGACACAC,RNASE6,1579,304,658
RNASE6_TTGGCCTAAGCGTCTCACCA,RNASE6,860,342,229
RNASE6_ATTGCCCTGTTGCATTGGAG,RNASE6,704,140,295
RNASE6_ACAGGAACCAACTTGTAGGG,RNASE6,405,92,19
RNASE7_ACTGCTCCTCCTAAGAGAGA,RNASE7,250,122,60
RNASE7_CCAGTCAGTGCCAAGCCCAA,RNASE7,1064,347,183
RNASE7_TGTCCAAGTGTACAGGAACC,RNASE7,1618,553,315
RNASE8_GCCTGTGACCCTCCACAACA,RNASE8,4221,1472,1180
RNASE8_TCCAAGTGCACAGGAACAAG,RNASE8,1449,620,418
RNASE9_AGACGTGTCCTTATTGAACC,RNASE9,1437,542,280
RNASE9_CTGCTGCGGCAATAGAAGCA,RNASE9,823,983,500
RNASEH1_GCTGACAGATTAGCCAGAGA,RNASEH1,654,62,85
RNASEH1_CCTATAAATCCCGAATGACC,RNASEH1,662,24,184
RNASEH1_TCACCAGGTCAGAAAGACCC,RNASEH1,429,98,270
RNASEH2A_TCATCGACGCCCAGGACGCA,RNASEH2A,1093,22,81
RNASEH2A_CCAGATCTGCCAGGCGAGGC,RNASEH2A,1545,43,106
RNASEH2A_GACCCTATTGGAGAGCGAGC,RNASEH2A,334,25,0
RNASEH2A_CCTGGGTGACGTTCACGCCC,RNASEH2A,897,0,1
RNASEH2A_TGCCAGAGACATACCAGGCG,RNASEH2A,2820,112,546
RNASEH2A_ACTGCCATTTCTTCACGGCC,RNASEH2A,301,158,102
RNASEH2B_GCGCGTGTTTACCTGAAACC,RNASEH2B,2527,88,67
RNASEH2B_CCTCATAAAGGCTGATAAGG,RNASEH2B,790,118,75
RNASEH2B_TCCACCACAACTTGATCAAG,RNASEH2B,1402,41,97
RNASEH2B_TGACCAAGCTTCCACTGACA,RNASEH2B,2769,247,269
RNASEH2B_CAAGCTTCCACTGACAAGGA,RNASEH2B,1340,4,205
RNASEH2C_ACTCACCGCTGCCGCAAGGC,RNASEH2C,298,7,0
RNASEH2C_CGCACTTTGGCATCCGGGCC,RNASEH2C,1007,994,884
RNASEH2C_TTCCGGGACTGACGACCAAG,RNASEH2C,641,65,130
RNASEH2C_CAGTCCCGGAATCCCGCAAG,RNASEH2C,1721,81,161
RNASEH2C_GCAATGTGGCGGAGCGCAAG,RNASEH2C,1613,197,174
RNASEH2C_GCGACGAAGCGGCCATCGAG,RNASEH2C,1969,222,151
RNASEK_AAGCCCAGGATGCCCTCGCA,RNASEK,1348,169,94
RNASEK_AGGAGCGACGCCATAAAGAA,RNASEK,458,190,230
RNASEK_ACAAGTGGTCGAGGCAAGGG,RNASEK,983,177,279
RNASEK_AACGTCCTCAATCAACACAG,RNASEK,1346,53,21
RNASEK_AAGAGAAGCCTCCGAGGAGG,RNASEK,976,198,93
RNASEK_AGTTCGGCTCAATAAGCGCA,RNASEK,1188,153,126
RNASEL_AATCAGTCCATCAGCACCCA,RNASEL,660,376,34
RNASEL_GGTCCTCTATGTGGTAAAGA,RNASEL,94,219,285
RNASEL_TGTGCAGGACCTTGGACGGC,RNASEL,448,262,359
RNASEL_TTCTAAGAAAGCTGCTCACC,RNASEL,816,292,128
RNASEL_CTATGGGAGTGAGAGCCACA,RNASEL,1610,332,403
RNASEL_TCTATGGGAGTGAGAGCCAC,RNASEL,508,106,128
RNASET2_GGGAGCTGGACCTCAACAGG,RNASET2,531,166,136
RNASET2_CTCGCAAGGTAACTCACCGC,RNASET2,2538,395,367
RND1_GGTGGAGCAGTCGTTTGGAG,RND1,513,108,121
RND1_AGGCTTGTTCAGACACAGCA,RND1,1040,485,748
RND1_GGCGCCCATCTCCTATGAGC,RND1,356,104,220
RND1_CCTCAGAAAGCGGCTGAGGA,RND1,433,818,63
RND1_GAAAGCGGCTGAGGATGGGC,RND1,15,0,12
RND1_AGCGAAGGATTGCTATCCAG,RND1,288,117,149
RND2_GCGTAGCCGGGACCATGGAG,RND2,64,20,9
RND2_CGCCAAGGACGCCTATCCCG,RND2,2363,935,742
RND2_CGCAGTGTAGTTCTCAAACA,RND2,3774,988,1155
RND2_CATTAGCCGACCAGAAACAC,RND2,969,125,420
RND2_CCCTGTTACACATGAGCAGG,RND2,1118,112,257
RND2_TGCGCCGAACTGACTCACGC,RND2,3336,175,299
RND3_AATCACAGAGAGCCACAAAG,RND3,1231,509,399
RND3_CATACCTGGTCATAGGACAC,RND3,1368,355,126
RND3_CATCCGAATCAGGGTAAGAG,RND3,1825,319,427
RND3_TCTTACCCGAAGTGTCCCAC,RND3,264,49,102
RND3_AGCAGTCCTTGGCGAAGACA,RND3,1002,182,197
RND3_GCTGCTCCATGTCTTCGCCA,RND3,510,197,265
RNF10_TCCGACATGGACAAGAACAG,RNF10,1859,210,557
RNF10_TAGTTGACAAGCACCTCCAG,RNF10,194,101,71
RNF10_AACAAGATGCCTCCTCAAAG,RNF10,1756,235,308
RNF10_CAAAGTGACCCGTCTGGCCA,RNF10,1570,182,471
RNF10_TTTCACTGAGTGAGAAGACG,RNF10,223,86,123
RNF10_CACCTCCTAGATGAATGGGA,RNF10,541,76,30
RNF103_TAAGAAGGCCACCGGCAAAC,RNF103,535,592,474
RNF103_GGTTATCAAGTCTGTGGGAC,RNF103,471,130,340
RNF103_TTCTTGAAGCTCAGCGCCAC,RNF103,411,137,176
RNF103_CACCCAGCTGGTGGATCCGG,RNF103,571,88,148
RNF103_GCCATTGTGTGGTATGAAAC,RNF103,2371,587,857
RNF103_TGGTCCTGTTCGTCCTGGCC,RNF103,474,116,141
RNF11_ACCGGGCTAGCTTTGGCGAG,RNF11,1886,308,666
RNF11_CCTACCTGATATGGCGGCGG,RNF11,116,55,42
RNF111_CAATGGGCTCTGGATGCAAA,RNF111,598,371,364
RNF111_TACCTCAACTGACAGTGAAG,RNF111,1072,544,673
RNF111_CTCCAGATCTCATTGGAGCC,RNF111,334,128,129
RNF111_AAATCCATCTACCTCTGAGC,RNF111,312,70,150
RNF111_GGTAACCTTGGCATTGCAGG,RNF111,314,52,35
RNF111_ATGTCGACATGATGAGAGAG,RNF111,518,508,626
RNF112_GCGCAACCTCTCCAGGCAGA,RNF112,1345,254,212
RNF112_CCTGAAGCAAATGGTTGAGG,RNF112,1317,88,94
RNF112_GCGGTGTTCCTGGTGGACAC,RNF112,224,12,12
RNF112_GGAGCTGAAGGATACAGACC,RNF112,576,160,365
RNF112_GATGGGCAAGCATTATGGGA,RNF112,261,512,403
RNF112_GGGAGGCGGCGGATGAACCA,RNF112,279,57,37
RNF113A_TCTTCCGGGATGGTGAGGAA,RNF113A,699,65,165
RNF113A_GGGCAATGCCTCTTCCGGGA,RNF113A,20,18,27
RNF113A_GGCGAAACCCGTGGGACCAG,RNF113A,241,19,52
RNF113A_TCCCACGGGTTTCGCCGAAC,RNF113A,2940,229,261
RNF113A_AGGCTGCACTGTGGTTCGAC,RNF113A,1002,159,51
RNF113B_TCGCCATCAGTTCTTTGGCG,RNF113B,1599,785,673
RNF113B_ACAGTGGCGCGCAGATGCCC,RNF113B,686,411,455
RNF113B_CCGCTGGCTGCACTTGAGGA,RNF113B,1405,513,459
RNF113B_CATCCTCAAGTGCAGCCAGC,RNF113B,1273,187,182
RNF113B_TCGGCCGTCCTTCCTGGAGA,RNF113B,1368,270,264
RNF114_CTCGTACACCTCTAAGCACA,RNF114,1337,205,251
RNF114_GCCGCTTACACGTGTCCGCA,RNF114,696,122,118
RNF114_TCCGAGCCGTGGAGCTCGAG,RNF114,142,45,172
RNF114_ATACATTCTTACGGCAGCCA,RNF114,693,341,404
RNF114_CGTGGGACCGGATCTTGGAC,RNF114,635,239,185
RNF114_TCAGAGAGCACATCCAGCGC,RNF114,2677,286,250
RNF115_CAGTGGACTGCTACTTAGAA,RNF115,1121,698,767
RNF115_GCTCTATTATCTTGGTCCAG,RNF115,9,0,2
RNF115_TCTCATCTCACGTATAGGAG,RNF115,981,343,355
RNF115_CTCATCTCACGTATAGGAGC,RNF115,763,200,275
RNF115_TATTGTGCCGTGGCTAGAAC,RNF115,855,350,618
RNF115_ACAGTCAGCTACATGACCGA,RNF115,1346,155,336
RNF121_TGGCTTACATTGTAGGAGCG,RNF121,1569,356,476
RNF121_ATTTCACAGTGAAGCTGCAC,RNF121,31,18,193
RNF121_CATGTAGCCAACAATGCCAG,RNF121,490,249,189
RNF121_TTGTGGACGTCAGTGAAGAG,RNF121,1372,599,914
RNF121_TCGTGGAAGCTGAGCACCGC,RNF121,983,471,477
RNF121_TGTATGGGCAACTGCTGGAC,RNF121,879,161,443
RNF122_GGTGAAAGGCGTGTTGGCAC,RNF122,132,21,57
RNF122_TCTGTCTGGAAGACTTCAAG,RNF122,383,253,191
RNF122_TGAGCGATACGGATATAAGG,RNF122,1097,194,410
RNF122_CCATATAGATGTTGAGCGGA,RNF122,252,198,94
RNF122_GGGACTCACCGTTACACCAC,RNF122,1065,311,149
RNF122_TCACCGTTACACCACTGGAA,RNF122,1057,191,313
RNF123_CATTGTCCACCTGTAGCAAC,RNF123,1419,525,833
RNF123_ACTGTGGTCCTGGACCACAC,RNF123,95,49,155
RNF123_CACGCATGTGGTAGAGCGGA,RNF123,785,118,154
RNF123_GAGGTCCTCATCTCCTCCCA,RNF123,540,88,84
RNF123_TAGGCATTTCCTCCCTAGGA,RNF123,157,61,56
RNF123_TCATGGCAGGCGTGGGCAGC,RNF123,996,280,150
RNF125_AACTTACACGTGGCCACAGC,RNF125,845,151,347
RNF125_GAACTTACACGTGGCCACAG,RNF125,1474,500,372
RNF125_GACTGGTAGCAATACAGGAA,RNF125,1503,435,408
RNF125_CGGGCATATCTTCCTTCAGA,RNF125,649,173,334
RNF125_CTGCGCTGAGTGTGACACCC,RNF125,1592,374,455
RNF125_TCGGGTATTAAACGGCAAAG,RNF125,1478,511,743
RNF126_ACGACGGCTGCATCGTGCCC,RNF126,32,160,48
RNF126_CCTGGATGCCATCATCACAC,RNF126,1979,596,690
RNF126_GAGACCATCCGTCCCGGCAC,RNF126,433,63,39
RNF126_ACGGATGGTCTCTCTCCCGC,RNF126,1437,396,270
RNF128_ACTCCCATAGCATTAGCCAC,RNF128,535,89,57
RNF128_TGGCAATCAGACGATACAGA,RNF128,956,215,393
RNF128_TACGGTGTGGGAGCTGAGCG,RNF128,2389,692,422
RNF128_ATCCATCTGGCTTATGAGAG,RNF128,1325,356,263
RNF128_CAACTACGCACACTGAAACA,RNF128,2016,931,993
RNF128_TGCACGTGTTCCTCCAGAGG,RNF128,2687,844,829
RNF130_TTCGAAGTGGCTCAAGGCCA,RNF130,525,163,176
RNF130_GGTACAATGTTCACTAAGCC,RNF130,128,213,146
RNF130_GACAACCAGGACAGTAAAGA,RNF130,701,242,219
RNF130_ACACGAAGACTAGAGAGCCA,RNF130,304,53,110
RNF130_TGGGCTGTGATCCACAAACC,RNF130,2217,629,1098
RNF130_GGTCGATGCGAAACGTGAGC,RNF130,206,18,140
RNF133_AAGTAGGGTTCTCCTCCACA,RNF133,462,336,199
RNF133_CATTACAGCCGTGGTTGAGG,RNF133,701,558,121
RNF133_GGGAGTTCTCATTACAGCCG,RNF133,139,18,4
RNF133_TGGCTTGCACTTATTGAACG,RNF133,3275,657,646
RNF133_CTGGCTTGCACTTATTGAAC,RNF133,2296,949,722
RNF133_GATCAAAGTACTCAGAGACC,RNF133,5,71,53
RNF135_TCGGCTGCATCATCTGCCAG,RNF135,1214,170,112
RNF135_CGAACTGAGCATCCTGGGCA,RNF135,1604,184,165
RNF135_CAGTGGAGCCTACCTTGCCC,RNF135,385,0,36
RNF135_AGAAAGCGTCACCTGGAAAG,RNF135,1541,590,459
RNF135_CCATAGTCCTTCCCAGGACC,RNF135,1169,36,136
RNF135_TGGACTCTTGTTGTGTGGAA,RNF135,1163,626,959
RNF138_TGTAGGACGTGGCCGCAGAG,RNF138,599,804,542
RNF138_ATCATCTTCGGTGTAGGACG,RNF138,1794,350,524
RNF139_ATCCGGGTAGGAGTTGAAGA,RNF139,1237,211,303
RNF139_TCTGGAGCACGATGCAGAAC,RNF139,1997,973,561
RNF139_CTGTTCCCTTACCAAAGAGC,RNF139,531,168,325
RNF139_ATAAGTGCCATCCACAGCGA,RNF139,808,231,295
RNF139_GATAAGTGCCATCCACAGCG,RNF139,489,348,591
RNF139_ATGCACTTTGCCTTCGGAAA,RNF139,886,388,412
RNF141_CTTAACATGGCTGATGAGGC,RNF141,870,365,516
RNF141_CTAATAGGAGTGATCGACAC,RNF141,1372,186,253
RNF141_TTGTATCTGTATGGATGGGC,RNF141,929,226,271
RNF141_TGTACGGGTGGTCTGTACCA,RNF141,1251,144,236
RNF141_TTGGAAAGTGGTTGTACGGG,RNF141,721,372,337
RNF144A_AGAGCTTGCAAGACACCAGC,RNF144A,296,69,142
RNF144A_GATGCTGCCTGCCCTAAACA,RNF144A,103,42,106
RNF144A_GGAGCAGAATTCCATACGGC,RNF144A,1200,320,247
RNF144A_CTCCAGGCAGTACCAGCAGA,RNF144A,1017,635,753
RNF144A_TGGCCCAGCTTGTTCCGGCA,RNF144A,1518,780,860
RNF144A_GCAGCAAAGTACAAAGGGAG,RNF144A,1133,409,339
RNF144B_ATGCAGCTGGCAATCCGAGA,RNF144B,1198,456,181
RNF144B_ACATGGTGTGCCTAAACCAC,RNF144B,575,257,204
RNF144B_ACTGTCTGACAGTCTGCAAC,RNF144B,1220,533,597
RNF144B_CCTGGGTCACTCGAGGCAAC,RNF144B,1973,642,551
RNF144B_TCGATATAAACCCGGCAAAC,RNF144B,1513,1213,853
RNF144B_AGTGATGTGGAACCGAACAC,RNF144B,522,136,346
RNF145_TGCCAGACGACCAGATAACC,RNF145,2374,796,1139
RNF145_CGCCATAGGCCACCACACAG,RNF145,4564,1351,1724
RNF145_TGTTGGATGTCCTGTACAGA,RNF145,1337,202,206
RNF145_TACTGCGAATGCACCGGGAC,RNF145,501,449,519
RNF145_ATTGCTACTGCGAATGCACC,RNF145,421,63,102
RNF146_GAGCTTCATGGCTTGGAAAG,RNF146,824,766,946
RNF146_TTGTCGACAAGAAATTCCCG,RNF146,1711,2409,2601
RNF146_GAGTTCTTCTGGTGACAACA,RNF146,551,580,862
RNF146_GACAGTGTATCAGCACAGAG,RNF146,391,1038,1328
RNF146_GAACTGATCGATCAGTAGCA,RNF146,982,332,167
RNF146_ACTGATCGATCAGTAGCAGG,RNF146,1,1,104
RNF148_ACTGCGAGTTCTCAAAGAAG,RNF148,1184,201,179
RNF148_GATAAGCAACCTGAAAGGCA,RNF148,403,23,37
RNF148_TATTTCCCATGTCTCACCAG,RNF148,20,81,198
RNF148_ACATCGGAATTAGGAGAGAG,RNF148,667,236,420
RNF148_AACAGAACTATGCGTCGAAG,RNF148,1438,550,628
RNF149_TGGGCACGTGTGCTAGGAGA,RNF149,1043,19,15
RNF149_GCTCTCTTGCAGAAGCCGGC,RNF149,49,0,23
RNF149_CACTGTGGCTCAGATTCAGC,RNF149,810,110,131
RNF149_GCTAGACTCAAATTTGCAGC,RNF149,138,226,140
RNF149_CTGCTCACCCGCGTGAGACA,RNF149,2188,493,547
RNF149_CACCTTGCCCATGTCTCACG,RNF149,875,228,289
RNF150_GACTGTGGGAGCCTTGCAGG,RNF150,734,95,40
RNF150_GGTACGATGGTCTAGAAGCC,RNF150,55,32,68
RNF150_TAGTGACTCACCGGCAGGGC,RNF150,916,238,451
RNF150_CCAGATCAGGACCATCAAGA,RNF150,1266,946,710
RNF150_TGTACATCACCATCGGAACC,RNF150,2484,353,189
RNF150_CGGAGAGCACTCGCCCAAGC,RNF150,1543,556,633
RNF151_CACACGAAGTTGCTGTCAGG,RNF151,580,77,69
RNF151_GCATCCTCCGGTGGCTAGCC,RNF151,743,131,261
RNF151_CTCTTTCCTACAGCACGGAC,RNF151,1022,310,222
RNF151_CTTGACTTCCAGGCGGCCAA,RNF151,505,56,327
RNF151_CAGTGCAAGAACGCCGACGC,RNF151,414,307,324
RNF151_CAGCTCTCTACGAACGACAC,RNF151,883,282,120
RNF152_CCAGCAACTTGGGCCTGCGC,RNF152,438,161,201
RNF152_CAGCAACTTGGGCCTGCGCC,RNF152,40,146,202
RNF152_AGCAACTTGGGCCTGCGCCG,RNF152,1516,182,255
RNF157_TGTTTGCTGTTCAGGTAGAC,RNF157,958,684,533
RNF157_CCCTCTAGTGGTACATGCCG,RNF157,1225,536,242
RNF157_ACACCGTGGATCCCTCCGAG,RNF157,2202,454,725
RNF157_AAGCCTGGTCAATATCCGAA,RNF157,381,302,278
RNF157_GATCGCTGTTCTCTCCAAAC,RNF157,1922,370,555
RNF157_AGCGGTACACGGAATTAGAC,RNF157,1199,246,446
RNF165_CGAGATAGCCGACGTGGACC,RNF165,968,391,584
RNF165_GAAGCACGAGATAGCCGACG,RNF165,492,278,241
RNF165_ATGCTGAGACCTTTGAAAGG,RNF165,604,239,321
RNF165_AAAGTGGTGCATTCGAGGAG,RNF165,484,359,580
RNF165_ATAGCTCTCCCGTACGGCGG,RNF165,642,94,99
RNF165_TCTTGCTCATGGCGAGCCAC,RNF165,417,254,134
RNF166_GGACTACAGTATTGACGAGG,RNF166,23,84,105
RNF166_CCATCTGCTCGGCAATGCCC,RNF166,281,110,176
RNF166_ACCACAGTACGGGCAGGCGA,RNF166,331,0,0
RNF166_GGTGGACAAGGCCACCCACG,RNF166,41,19,13
RNF166_GGAGGTCTATCACCGGCCCG,RNF166,37,69,52
RNF166_GATGGCTATGTTCCGCAGCC,RNF166,1,73,128
RNF167_CTCGGACCACAATGCCAGCA,RNF167,2063,449,1149
RNF167_TAAAGACTGACCCATTGACC,RNF167,705,4,45
RNF167_TGCCCTCTTTGTCTACGAGA,RNF167,466,173,165
RNF167_GGATGAGGTAATAGCCCAAG,RNF167,563,36,19
RNF167_AGCACCGGAAACGGCTCCAG,RNF167,184,241,75
RNF167_GGGCCTCACCATGAGCACAG,RNF167,378,218,176
RNF168_TATGTGCCTGTGGTGCCGAA,RNF168,294,339,494
RNF168_TAAGGTGGCGGCAGAGCGAC,RNF168,460,173,268
RNF168_TTAAGGTGGCGGCAGAGCGA,RNF168,1276,339,400
RNF168_GGTTTACTGAGCAGACGAAC,RNF168,620,52,57
RNF168_ACAGCGTGTGGTTACACGGG,RNF168,811,32,16
RNF168_TTTCCATGCAGATCCCGCAC,RNF168,530,37,48
RNF169_GAGACGGCGGCAGCTAAGAC,RNF169,735,91,72
RNF169_CGGCAAAGCGAGTGGCCGCA,RNF169,417,136,289
RNF169_TGTGTCATCTGGCCTCGAGA,RNF169,754,39,33
RNF169_ACTCCTTAGCTTTCCTGGCA,RNF169,622,63,72
RNF169_AGTTCCAGGCAACAAAGCCA,RNF169,526,139,261
RNF169_TTCCTTCTTTGCGTCGAGGC,RNF169,688,366,338
RNF17_GCGGCAGAGGCTTCGAAGAC,RNF17,3289,1356,981
RNF17_TAGACAACGCTACTACCCAA,RNF17,782,448,162
RNF17_CATCTGAGGTAACACAGCAA,RNF17,1017,333,562
RNF17_TTCTTGCACAGAATGAAGGC,RNF17,611,420,332
RNF17_ACACAGGCTTGATCTTGAAC,RNF17,1962,461,393
RNF17_ACTGAATCTTCCTGTTCCAG,RNF17,288,67,106
RNF170_CTGCATCCGACTGTACAGGC,RNF170,1939,943,284
RNF170_AAGTGAGCAGACCCATCAAG,RNF170,1945,457,534
RNF170_GAATGCATGCCTCAGTAAAG,RNF170,816,15,232
RNF170_AGTGTAGAACTGCTGTCGAG,RNF170,625,124,171
RNF170_AACTGCTGTCGAGTGGCAGC,RNF170,334,39,61
RNF170_TTTCGCTTTGATTGCTACCC,RNF170,770,323,133
RNF175_ACAGGAAGACTCGACTGGGC,RNF175,135,131,166
RNF175_GATAGTTCTACAGTGTCAGC,RNF175,73,0,11
RNF175_CCGTGGTGTCCTTCCTGAGA,RNF175,887,409,493
RNF175_CGTGGTGTCCTTCCTGAGAG,RNF175,1266,809,628
RNF175_CCCTCTCAGGAAGGACACCA,RNF175,950,402,623
RNF175_TGCTGGTTCAGTGGAGACAG,RNF175,1405,692,813
RNF180_GCAGCTTATCCATTCTGGAA,RNF180,1612,345,301
RNF180_AGAGATGTACAGCTGCAAGC,RNF180,1796,204,69
RNF180_GCCCGAAATAATAATGACCC,RNF180,742,353,391
RNF180_ATTGTCCGACACAATGGGCA,RNF180,1895,221,160
RNF180_CCCACACGGTGCACACAGGA,RNF180,1990,1002,1210
RNF180_CACTTTGAGGATGATAGCCG,RNF180,2200,357,493
RNF181_AGCAGTACCTTGCTTAGCCA,RNF181,887,349,167
RNF182_GACTCCGCAGTGTCTTCAGG,RNF182,310,237,299
RNF182_CAGTTGGAGGACGTGTGAGA,RNF182,667,200,310
RNF182_CCTCCATGATGGTTATGACC,RNF182,245,99,489
RNF182_AGTCCAGTTGTGTGACACAG,RNF182,1778,899,248
RNF182_GATGGATGTCTGAAACAGCA,RNF182,182,37,75
RNF182_GGATGGATGTCTGAAACAGC,RNF182,238,33,205
RNF183_GGAAACACTCCCTCAAAGAG,RNF183,626,246,330
RNF183_TCAGCCTTGTGACTCCAGCC,RNF183,774,565,404
RNF183_GGCCAGACATTCCACGCAGA,RNF183,439,236,260
RNF185_GCTTCGCTGACAGCCAAGGA,RNF185,381,184,158
RNF185_AATGGCGCTGGCGAGAGCGG,RNF185,351,55,92
RNF185_ATGGCGCTGGCGAGAGCGGA,RNF185,239,154,59
RNF185_GGAGACCAGACCTAACAGAC,RNF185,790,342,508
RNF186_AGAAGAGGGTGGACATCAGC,RNF186,421,38,70
RNF186_AGCACCCATCGTAAGACACC,RNF186,461,68,209
RNF186_ATCGGGCCCTTCATCTACCC,RNF186,446,76,68
RNF186_CCCGATGAGGATAATGAGCA,RNF186,791,657,328
RNF186_GGATAATGAGCAAGGCCAGC,RNF186,859,183,102
RNF187_GAAAGGACTTGAATGACGCC,RNF187,121,45,88
RNF187_AAAGGACTTGAATGACGCCC,RNF187,468,1,116
RNF187_CGTGATGGACCGTAGGAAGA,RNF187,2237,620,510
RNF187_GCGGGCCTTCTTTGTGGAGG,RNF187,62,13,14
RNF19A_TTCACTCAGGTTGTCTCGGA,RNF19A,783,345,325
RNF19A_TGTGGAGTCTCAGCAGGCAA,RNF19A,101,76,59
RNF19A_TCCTGTGTATGTGGGCCGCA,RNF19A,905,584,699
RNF19A_TAAGCAGCACATCGTGGACA,RNF19A,1880,336,382
RNF19A_AGTCAAGAGTCTGGAGCAGC,RNF19A,664,63,212
RNF19A_TCTTACCCACAGTCTGGAGC,RNF19A,1784,191,203
RNF19B_AATCAGTTCCTACAACCCAC,RNF19B,502,49,178
RNF19B_CGGCATTCTCTCCAGTGGCA,RNF19B,2802,619,577
RNF19B_TGTGGAGTTAGCACAGCCAA,RNF19B,980,289,289
RNF19B_CACGTTGATTGGTGCTCCAG,RNF19B,1731,288,376
RNF19B_ACAAGTTAGCTTCGGGCAGC,RNF19B,1694,656,674
RNF19B_GCCTGGGTTCGACGATGAGG,RNF19B,950,670,398
RNF2_TGAAGATACAGGCCATGAAC,RNF2,1581,351,364
RNF2_CCCTTGACTAGACTGCAGCG,RNF2,644,330,214
RNF20_CGTAAAGATGACCGAGAGAG,RNF20,1947,88,525
RNF20_TTATCCCGGAAGCTAAACAG,RNF20,1506,144,94
RNF20_GCTGAACTCTTTCCTCGCAC,RNF20,954,0,7
RNF20_CTCCAAGTTGCAGAGTAAAG,RNF20,1780,317,182
RNF20_TCAGAACCGTCTCTGTGAGC,RNF20,114,11,30
RNF20_TCCTCTGGTGCCATGAAGCA,RNF20,1349,9,5
RNF207_CGTACTGCACGTGGCACAGC,RNF207,1255,317,476
RNF207_ACGGTGCTGAAGGGTCCCAG,RNF207,1063,191,277
RNF207_TCTTGTCGGTGGAGAACAAG,RNF207,695,283,329
RNF207_CTTACGTGCAGGGCTGCGAG,RNF207,1001,821,777
RNF207_GCATGCTGCCGAAGAGGGCG,RNF207,541,87,237
RNF207_CTCGCCATCTCTCCCAGGAC,RNF207,3423,1994,703
RNF208_CTACTACATGATGGAGCAGG,RNF208,555,68,43
RNF208_TGTTGACAGCCAGCGCGGCC,RNF208,131,654,205
RNF208_GCTCTTCACCGACTACGGCC,RNF208,122,81,63
RNF208_CCTACAATGTCACCCAGCGG,RNF208,1392,562,555
RNF208_GACATTGTAGGAGTGCCCAC,RNF208,569,90,16
RNF208_AATCAGTACGTGATTCGGCC,RNF208,3,179,140
RNF212_CGTTCAGTTCTGGAAGGCAC,RNF212,1029,295,257
RNF212_CCCATTCGTCCATCTTGAGG,RNF212,1006,351,285
RNF212_CACCCAGACCAGGATGCCGG,RNF212,281,73,27
RNF212_CAGTATCTCAGGCTTTCCCG,RNF212,1370,177,338
RNF212_TCCGACGGCGCAAGCGGACA,RNF212,652,160,112
RNF212_GGAAGCCCTGACCTTTGCCG,RNF212,736,37,105
RNF213_TTGGAGACATGCTGGCACGA,RNF213,1549,678,671
RNF213_ACAATGGCGTCGGCCTCGGA,RNF213,488,67,161
RNF213_ACAGTCTGCAGAAGGCACGC,RNF213,1200,334,466
RNF213_CCCGCAATTCCAGGACCACA,RNF213,3496,644,725
RNF213_GCCAGCCAATGCAGTTAAAG,RNF213,1653,372,338
RNF213_AACACGGTGACTCCTCCACC,RNF213,946,57,25
RNF214_ACTAGAAGATTCCGGAGGAC,RNF214,567,63,193
RNF214_CTGGATGGAGGCTCTCCCGA,RNF214,885,277,223
RNF214_CCTGGTAACGCTCTTTCAAC,RNF214,596,709,756
RNF214_TGGAAGAGACTGAACGGGCC,RNF214,503,66,340
RNF214_CAGTTCGTTCCAAACAGGAG,RNF214,1283,432,814
RNF214_CTGACAAGGGAACCCAAGCC,RNF214,2954,812,1127
RNF215_GCACCACGCGGCGCTTAAAC,RNF215,2619,930,1055
RNF215_GGACCACGAGGCCTGTGCAC,RNF215,1079,86,185
RNF215_TCCGCTGGTGATCTCAGCCG,RNF215,1237,277,270
RNF215_GAACCACAACGTGGTCCGAG,RNF215,34,12,66
RNF215_GAATAAGGGCAGTGGCCCGC,RNF215,34,129,56
RNF215_CAGTCTCACGTCCACCCGCA,RNF215,1991,387,975
RNF216_ACCCGCACGTTGGGCAGAGG,RNF216,1893,352,516
RNF216_AAATGCCACAAGTGTGGGAC,RNF216,168,50,144
RNF216_TGTTGGACAGTGATGTGAAG,RNF216,1173,685,247
RNF216_TTCGTTCCCAACCAGTGAGC,RNF216,1450,277,90
RNF216_CACTGCGTCAGCTCCTCGAA,RNF216,1432,583,378
RNF216_ACCAGGTCGTTCCTCAGGAA,RNF216,748,154,445
RNF217_ACTTGTCTCTTGGCGAGGGA,RNF217,160,250,111
RNF217_CGGCCTTCTTGCAGCAAGGC,RNF217,870,618,597
RNF217_TTTGAGGCACTCCTCGCACA,RNF217,1186,219,329
RNF217_CAGTTAACACCTTCATGCCA,RNF217,563,223,100
RNF217_TGGGCCAGCGAAATTGAGCA,RNF217,1628,626,422
RNF217_GATCACGGACAGGTATGCAC,RNF217,760,265,74
RNF219_GACAAAGGAGTACAAGGAGC,RNF219,792,10,40
RNF219_ACTTTCCTGCCTTGCAGAAC,RNF219,755,91,191
RNF219_CTTCGCTAGGTGAGAAGAAC,RNF219,273,106,131
RNF219_CAATCGCCTCAAGAAAGCCC,RNF219,975,211,158
RNF219_ACCCAGAAACTGTAGCAGAG,RNF219,1109,633,847
RNF220_TCTATGTACCATCGGCAAGG,RNF220,1013,351,245
RNF220_CACTGGGCCTCAGCAGGACC,RNF220,692,40,76
RNF220_AGCCATGGCATCCTTCAGAA,RNF220,2095,621,529
RNF220_GATGGAAGCAGACAACAGGA,RNF220,362,86,130
RNF220_TTCTGCGAGTACGAGCCAAC,RNF220,594,171,392
RNF220_CGCAGTGCACGTGCCAACAC,RNF220,3383,1608,1720
RNF222_TCTTTGTCATCAGCCGCCAC,RNF222,738,93,81
RNF222_CTGGGAGCTCTTGTCCAGCA,RNF222,1404,528,499
RNF222_TCAGCAAGAAGAGCTCCCGC,RNF222,1157,149,139
RNF222_CATCCACGCGGGTGGACAGC,RNF222,660,99,80
RNF222_CGGAACTTCTCATAGCACAC,RNF222,2041,839,899
RNF223_CACGTCCACGCATACGAAAC,RNF223,3212,856,1001
RNF223_ACGTCCACGCATACGAAACC,RNF223,2568,439,562
RNF223_CGGTTTCGTATGCGTGGACG,RNF223,1732,976,855
RNF223_TCCTCACGCCGCAAATGCGC,RNF223,724,79,161
RNF224_TGGCAGGATGCTGCAGCCGG,RNF224,148,0,27
RNF224_TGTGCGGCGGCTGGACACAC,RNF224,1048,220,103
RNF224_TGACCGCCAGGAAAGCAGCC,RNF224,1190,222,373
RNF224_CCTGGCGGTCAAGGCTGAGC,RNF224,291,112,120
RNF224_GCCATCACTCGGCAGCCAGC,RNF224,417,591,114
RNF24_GGTCCTGCTTACTGTGCAAC,RNF24,213,166,319
RNF24_GGCCCAGTTGCACAGTAAGC,RNF24,777,496,880
RNF25_CTCCGTTCGGGCTGTCGCCA,RNF25,690,226,463
RNF25_TACCAGAGGCAGCAGGAGCG,RNF25,2131,603,405
RNF25_TGAGGCAAGATCATACACGA,RNF25,650,240,806
RNF25_AGTGTCTTCTCTCCTCAGAA,RNF25,715,282,293
RNF26_TGGCCATGCTTTGCTGCGCC,RNF26,3,386,280
RNF26_TTTCAGTGCAGGCCTGGCAC,RNF26,412,90,415
RNF26_GGCAGAGCGGGCAATTGCGG,RNF26,131,19,198
RNF26_AATTGCCCGCTCTGCCGCCG,RNF26,623,247,125
RNF31_GAGAGCTGGCTAGTAGCGGC,RNF31,0,221,202
RNF31_TAACCCTGTCTTTCGCAGCA,RNF31,1351,420,880
RNF31_GCGATTATATGGCTACACAG,RNF31,1198,837,863
RNF31_ATGGACTTATGCACCAGGGC,RNF31,894,320,79
RNF31_GCACTGCCCATCCTGTAAAC,RNF31,2263,1276,1012
RNF31_TCGGGAATCCACCACCAAGC,RNF31,2203,428,697
RNF32_TTACCCAAAGTCAACGGCGG,RNF32,398,447,256
RNF32_TCATCTGATGACAGTGGAGG,RNF32,1258,353,551
RNF32_CAAACCCGAGTGATACACGA,RNF32,873,340,262
RNF32_CACACTTGATTCTGAACAGG,RNF32,2386,545,608
RNF32_GGAACACATGTGAGCAGGAC,RNF32,556,218,211
RNF32_ATGGTGGAACACATGTGAGC,RNF32,792,158,187
RNF34_GCACGAAGCCCACATAGACG,RNF34,2359,265,270
RNF34_ACCCACCAGCAGCTACGGAA,RNF34,1012,521,134
RNF34_TGTTTGCTGTGACTGCAAGA,RNF34,1169,303,289
RNF34_TCAGAATGAGATACTGCCGC,RNF34,279,100,34
RNF34_CCTACTGGAGTGTGGGCACA,RNF34,1190,141,249
RNF34_TGTAAAGGCCGCCTTAGAAA,RNF34,2275,472,714
RNF38_AAGGACACCTCCTGATGCAA,RNF38,415,119,76
RNF38_CGTGATTGCTGTGTTTGGAA,RNF38,2326,1051,876
RNF38_GAGGCACACTACAGACAGGG,RNF38,550,95,56
RNF38_GCTGCTGTGCGTAAGGGAGA,RNF38,419,65,169
RNF38_CCTCACCACCAATGCGACCA,RNF38,1550,447,452
RNF38_TCTACCTGGCCATCCTAACA,RNF38,219,391,178
RNF39_CGTAAGGCTGTGCCCTGCGG,RNF39,643,68,109
RNF39_ACTATGCAGTGGGCGCGGCC,RNF39,530,146,372
RNF39_CGACCGCCGCAGCGTACAAC,RNF39,1889,724,1373
RNF39_CGAGAGAAGCTGGCTGAGCC,RNF39,1620,615,330
RNF39_ATTAGACCTCAGGCTGCGGC,RNF39,273,17,23
RNF39_GGTCACGGTGGTCGCGGAAG,RNF39,148,56,153
RNF4_CCCATACTCCCAGAAACGCC,RNF4,1693,293,326
RNF4_CCATACTCCCAGAAACGCCA,RNF4,357,111,202
RNF4_GCCTTCTAGATCGTGCAGAA,RNF4,2268,166,191
RNF40_CCAGGCAACAAACGCGCCGC,RNF40,123,48,13
RNF40_CAAGAAACTGGCAGAGCGGC,RNF40,328,54,7
RNF40_GGCTCTCATGGCATCGGAGA,RNF40,290,14,75
RNF40_CAAGGCCGGCTCACTGAGAG,RNF40,2552,4,73
RNF40_TCACCTCCAATGAGATGCGG,RNF40,900,129,29
RNF40_AGTGACATCGGCAGAGACCA,RNF40,572,47,4
RNF41_TCTCTAGTGTGGCCAGACCC,RNF41,818,558,578
RNF41_GCATGTATGCCTTTAGCAGC,RNF41,482,240,327
RNF41_CAAACACCAGCTGGCGGAGC,RNF41,1673,358,739
RNF41_CGGCCTGTGACCTGTGAACA,RNF41,3264,1301,1560
RNF41_GAGGTTGTCAAGCCGGACAA,RNF41,924,212,292
RNF41_TGATGTAACCCGTTTCCAGG,RNF41,472,82,4
RNF43_TCAGCCAGCTGGCCACCAGG,RNF43,844,118,120
RNF43_AGCCAGGATGATCACAAAGA,RNF43,1519,622,551
RNF43_TAGTGTGCTTACCCAGGCCG,RNF43,1938,725,411
RNF43_GGATCGAGCTGCTGCTGAGC,RNF43,522,266,223
RNF43_CGTCATCACTGGCATTGCAC,RNF43,1399,1473,1163
RNF43_ACTGGTACTGGCAGCAGCGG,RNF43,766,0,58
RNF44_ATACTTACAGGAAGTAGGGC,RNF44,1162,132,134
RNF44_TCGTTGTCGAGCCGCTGGAG,RNF44,1515,423,405
RNF44_CATGCCGACTCACCATCCGA,RNF44,394,222,147
RNF44_TAGAAACACTCACTCACCGG,RNF44,757,189,251
RNF44_CGTGGAGATCAACCATGAAC,RNF44,2353,1157,1342
RNF44_AGAGAATCGCCGCTGGCCCA,RNF44,978,119,191
RNF5_TGTGACTCTTACCTGTACCC,RNF5,692,54,181
RNF6_AGGTTCCTCTCAAGACAGGC,RNF6,377,103,127
RNF7_AGCTCCCGGAGTGAGAGGCC,RNF7,307,19,63
RNF7_TTCCAATAGGTTGCTACCGA,RNF7,1104,256,645
RNF8_TTCGTCACAGGAGACCGCGC,RNF8,983,43,53
RNF8_ATGAACTAGACTGGTCCAAC,RNF8,811,142,201
RNF8_GGTTTCGAGAAATCATCAGG,RNF8,157,0,0
RNF8_TGAGCCAAGTAAGACCACAG,RNF8,1704,115,199
RNF8_GAGCCTCAGAATCCTGGACA,RNF8,732,41,22
RNF8_AAAGGACCTGAAGCAACAGC,RNF8,552,146,12
RNFT1_GAGATAGCGGAATTCTGAGA,RNFT1,153,55,46
RNFT1_TAACCTCTCATGACCAGAAG,RNFT1,630,306,284
RNFT1_CTCTCATGACCAGAAGCGGA,RNFT1,567,130,198
RNFT1_TCATGACCAGAAGCGGACGG,RNFT1,574,393,294
RNFT2_GAGACGCCACAGCAGCAACA,RNFT2,927,173,144
RNFT2_GATAAGCCCGAGAAGAGCGC,RNFT2,1,15,0
RNFT2_CGTGGAGTTGGCATAGGCGA,RNFT2,1347,746,148
RNFT2_CATATTCCTGAAGCCCAACC,RNFT2,1368,205,501
RNFT2_GGACAAGGGATCGGAACAGC,RNFT2,1227,329,88
RNFT2_TCGGAACTCGGCCTGACAGA,RNFT2,668,138,286
RNGTT_ACATCATCTGGACCCTGACA,RNGTT,1131,266,149
RNGTT_CATAACCTCCAACATACAGG,RNGTT,1125,111,99
RNGTT_CACCAATCTGGCAATAGAGG,RNGTT,1948,124,51
RNGTT_ACTCATGGCTTCAATCGCAC,RNGTT,383,108,10
RNGTT_GGACAGTTCAGCCACCGCGG,RNGTT,448,0,13
RNGTT_CTCACAACAAGATCCCGCCG,RNGTT,2673,87,0
RNH1_GCTCAGTGCTGGCCCAGAAC,RNH1,3121,709,1145
RNH1_AGCGACTCCAGCTGGCAGCC,RNH1,1510,100,189
RNH1_TCGCGGAGATGACTCACCAC,RNH1,1479,148,131
RNH1_CCTACTTGAGCGCCTCCAGC,RNH1,219,57,194
RNH1_GGGTGCGTAGTGTGCTGGAC,RNH1,820,201,344
RNH1_ACTGTGGCCTCACGGAAGCA,RNH1,1041,72,157
RNLS_ATCCAATCGCCATCATCCAG,RNLS,104,35,75
RNLS_TGATGCAGAGTCATTTGGCC,RNLS,1154,304,431
RNLS_AGAGTTAGTCTTCCAGCAGC,RNLS,272,44,14
RNLS_AAGATTGATGTCCCTTGGGC,RNLS,459,88,100
RNLS_AAGCTCGCCTATTGAAGGAA,RNLS,780,252,410
RNLS_AGGTGCTGATCGTGGGCGCC,RNLS,125,274,144
RNMT_AACACAACAGCTTCTGGGAC,RNMT,750,610,301
RNMT_AGAAGGACACAGCTCAACAG,RNMT,2396,61,46
RNMT_GCGTGTGAGAGACTTAGCCC,RNMT,823,0,0
RNMT_TGGCTTTCCACCGTCGGGCC,RNMT,716,255,270
RNMT_TTGCTGCAAGCTCAGTGAAG,RNMT,2436,819,464
RNMTL1_AGGCTTGGGACCTTGACGCG,RNMTL1,229,188,126
RNMTL1_CTACGATAAAGCTTATCCCG,RNMTL1,3530,1087,536
RNMTL1_CTCGGACTGGACAGAGGCGC,RNMTL1,849,190,301
RNMTL1_GGAGACCTACGGCGTGAGCC,RNMTL1,1,16,0
RNMTL1_TGTCCACACCAGGCACAACG,RNMTL1,935,400,352
RNMTL1_GCTGTCCACACCAGGCACAA,RNMTL1,1144,2479,2001
RNPC3_CAGCCGCTTGCGATATCAAG,RNPC3,1736,76,21
RNPC3_TTCGACAGGGTCATCAGACC,RNPC3,906,96,197
RNPC3_AATTACTGCGCGACCTCCCA,RNPC3,527,68,29
RNPC3_GGAACCTCCTTTGCCAGACG,RNPC3,996,28,7
RNPC3_CTGATGATGAGGACCGACAG,RNPC3,1974,21,29
RNPC3_CACCTTTGTGTCCTTCACAC,RNPC3,1376,57,150
RNPEP_CGCGGTAGGTGAGCAGCACC,RNPEP,652,76,124
RNPEP_TTGGCTCCCGAGCAGACAGC,RNPEP,1162,29,104
RNPEP_CTGTGATGAGTGCTAGCACC,RNPEP,1045,235,167
RNPEP_GCTCTCTTGTCTTTAGGAGC,RNPEP,352,26,74
RNPEP_CCACAGTTGGTTTGGGAACC,RNPEP,1780,688,435
RNPEP_CTCCGCGTGAAGATTGAACC,RNPEP,548,288,284
RNPEPL1_AGGTGCTGATGAGTGCCACC,RNPEPL1,663,57,100
RNPEPL1_CATCGATGTCATCCACGAGG,RNPEPL1,1108,279,369
RNPEPL1_GCGGAAGGCAGTCTCCAGGC,RNPEPL1,234,170,380
RNPEPL1_AACCTGTTCACCTACGAGAA,RNPEPL1,1974,632,697
RNPEPL1_CTCCGGGAAGAAGCTCAGGA,RNPEPL1,993,622,756
RNPEPL1_GCGCCATTGACATCTCCAAG,RNPEPL1,1180,147,304
RNPS1_CGCAGGGCACTCACTTGGAG,RNPS1,1228,316,420
ROBO1_CTCCACAGAATGGTGGGCAC,ROBO1,713,336,247
ROBO1_TCCGTCCCAAAGCAACAACC,ROBO1,1807,291,398
ROBO1_ACCCTGTACCTACAGTACGA,ROBO1,1877,66,588
ROBO1_ATGGAATGCCAACCTCCACG,ROBO1,669,265,125
ROBO1_AGCAACATTCGGTGTGAGCG,ROBO1,955,483,478
ROBO1_AGCACTTACCTGGAATAAGC,ROBO1,444,355,233
ROBO2_ACTCTGAACTGCAAGGCGGA,ROBO2,452,7,8
ROBO2_ATCCTCAACCAACTGTGAGG,ROBO2,586,86,387
ROBO2_CAACATTCAACGTTCCGACG,ROBO2,1221,430,608
ROBO2_AGGCCCAGCCAACCAAACGC,ROBO2,916,428,839
ROBO2_AGGGCCACCATCCAAACCGC,ROBO2,1372,261,512
ROBO2_TCAGATCCTGTGCGCACACA,ROBO2,2151,492,380
ROBO3_CCGTTGAGAGAGGGATCGCC,ROBO3,564,198,50
ROBO3_CAGAAACGCCTCGCTGGAAG,ROBO3,3145,523,428
ROBO3_TCCGTGTCCTGGAGGAAGGA,ROBO3,932,369,231
ROBO3_CCTCCAACATGGCGGGAGAA,ROBO3,279,141,129
ROBO3_ACCTCGTCTACGCTGGCGCA,ROBO3,173,78,68
ROBO3_GGGAGCCAGATGCTTCAGCG,ROBO3,174,52,205
ROBO4_AAGGCCGTGTAAGATTGGGC,ROBO4,483,30,89
ROBO4_AAATGTGACACTGCTGAACC,ROBO4,1710,558,307
ROBO4_TGGCCCTGACAGGTGTCCGG,ROBO4,833,193,183
ROBO4_CCAGATCCAGCCTCGGGACA,ROBO4,1355,277,690
ROBO4_GGCCAGCAACCGGCTTGGCA,ROBO4,909,39,32
ROBO4_GCAACTCACCCATGATGAGC,ROBO4,1597,322,267
ROCK1_TCTAACCCTGCAACTGGAGC,ROCK1,1099,402,445
ROCK1_CTTCAGATCAACGTCTAGCA,ROCK1,3217,3713,4334
ROCK1_GAAGTGAGGTTAGGGCGAAA,ROCK1,555,518,830
ROCK1_CATGGTACGATGTGATACAG,ROCK1,1829,2121,1928
ROCK1_AAGGCATAAATCCACCAGGA,ROCK1,1107,1213,1145
ROCK1_CCGATTTGGGATCCCGCAGC,ROCK1,1100,354,1135
ROCK2_AGAGAACGTCAGGATGCAGA,ROCK2,1543,314,148
ROCK2_CCTGAAGATGCAAACACAAC,ROCK2,2208,1653,1396
ROCK2_AGCTGAACATAAGGCCACAA,ROCK2,1356,2266,2992
ROCK2_CAGAGTCTGATACTGCAGCC,ROCK2,1284,978,798
ROCK2_GAGGTACGACTTGGGAGAAA,ROCK2,414,234,271
ROCK2_ATGCTTACCTGAACCACCCA,ROCK2,975,2142,1125
ROGDI_CCCTAGAACTTCCGCCCAGC,ROGDI,1659,619,407
ROGDI_CGTCCATCAGCTGCAGGGAG,ROGDI,1678,416,260
ROGDI_GAGTCAGCACACCCTTCACC,ROGDI,374,11,24
ROGDI_CGGCAGAGTGAAGCGCAGAG,ROGDI,2512,1521,1038
ROGDI_CGCAGGAGGAGGAGTTCCGC,ROGDI,1792,147,65
ROGDI_GGCCACCGTGATGGCAGCGA,ROGDI,1179,151,122
ROM1_GCCAGAGCCCTTGTGCCAGG,ROM1,304,32,212
ROM1_TGCATTCAGACTTGCCCGGC,ROM1,518,163,245
ROM1_CAAACCAATCCTTGTACCCG,ROM1,3570,422,468
ROM1_GCAGGACTTGGCAGGCACAC,ROM1,587,24,120
ROM1_GATGCGGGAGGAGAGACCCA,ROM1,23,0,0
ROM1_CAGCATATCTTTCAGCCCAC,ROM1,864,386,334
ROMO1_GGACTGTCCGTAGGGACCCA,ROMO1,27,29,80
ROMO1_CTTCGTGATGGGTTGCGCCG,ROMO1,1579,159,122
ROMO1_AAAGGTGCCGAAGAGCGCCC,ROMO1,33,0,0
ROMO1_CCCGCATTCCGATCCTGAGG,ROMO1,1953,129,167
ROMO1_GCATCGGATGCCCATCCCAA,ROMO1,994,67,69
ROPN1_ACCATAATGGTGGGTCGCCC,ROPN1,1,75,193
ROPN1_GGAGGACGGCCGGAGACAGA,ROPN1,69,38,11
ROPN1_TGTCTCCGGCCGTCCTCCAA,ROPN1,1064,52,27
ROPN1B_TCATCTCTTGGAGGACGGGC,ROPN1B,10,29,33
ROPN1B_CATCTCTTGGAGGACGGGCG,ROPN1B,927,42,55
ROPN1B_CTGTTACTCCAGCCAAACCC,ROPN1B,1714,903,696
ROPN1L_GATCTGCTGAGCGCAGAACA,ROPN1L,703,159,280
ROPN1L_AGGATGTCCGGCAGCTCCGG,ROPN1L,492,54,168
ROPN1L_GATCCTCACGGACGATCCGG,ROPN1L,31,3,1
ROPN1L_ATCCTCACGGACGATCCGGA,ROPN1L,254,73,138
ROPN1L_CTCACGGACGATCCGGAGGG,ROPN1L,520,152,200
ROPN1L_AGGTAGGATTCCGTCTCCAA,ROPN1L,830,99,71
ROR1_GCCATAGATGGTGGACCGAA,ROR1,434,936,394
ROR1_GATTCTGTCAGCCATACAGA,ROR1,274,19,90
ROR1_AGTTTCATCGCAGTACGGGA,ROR1,647,106,122
ROR1_ATTCAGCTCTGGGAAACGAA,ROR1,227,37,95
ROR1_GAAGAGTAAAGCAATGGCCA,ROR1,677,123,20
ROR1_GGTGGGCAGTCTTCAGAGCA,ROR1,633,143,443
ROR2_CATGTGCCGGAATAAGCAGA,ROR2,279,224,284
ROR2_CACGCCTACTGCCGGAACCC,ROR2,1658,442,314
ROR2_ACTGTGAGCACTGGTCCGAC,ROR2,935,425,230
ROR2_GGACTCGCTTCAGATGCAGG,ROR2,310,199,175
ROR2_ACTCACCCAGCCGCACAAAC,ROR2,3808,861,888
ROR2_TCCAGAACCTCCACTTCACC,ROR2,474,564,1140
RORA_AAGAGCTCCAGCAGATAACG,RORA,1166,466,385
RORA_CCTACAACATCTCGGCCAAC,RORA,1706,853,630
RORA_GCCGTAGGGATGTCTCGAGA,RORA,1072,554,366
RORA_CAACCTGTAGCTCCCTGAGC,RORA,548,104,84
RORA_TCATTGTCTTCGAACTGGAC,RORA,590,219,124
RORA_GGGCGGATTCCTGGTTCAGC,RORA,159,65,11
RORB_GCAGACTCGCTTACCTCGCA,RORB,583,246,299
RORB_GACTCCGTAGTGGATCCCAG,RORB,429,52,62
RORB_GCAGTCGGCAGTGTTGGCAA,RORB,3241,549,352
RORB_AACCTGAACAACGAGACCAG,RORB,522,302,115
RORB_TGTGGGTCTGCCACGCCAGC,RORB,335,186,299
RORB_ACTCATAGGTTGCTTGGAAG,RORB,1894,687,595
RORC_ACGGGCATTGATGAGAACAA,RORC,882,428,388
RORC_TGAAGGCAAATACGGTGGCA,RORC,2060,209,672
RORC_ACTGAATGGCCTCGGTGAGG,RORC,1,184,149
RORC_ACTTGCAGACGCTCTGCACC,RORC,416,53,121
RORC_CAGTTTCCGCAGCACACCGG,RORC,690,225,276
RORC_GCGCTGGGCATGTCCCGAGA,RORC,1134,478,262
ROS1_GGTATATAGCATCCAACCGA,ROS1,143,59,1
ROS1_CCGACACTGTGGAAGTCAGC,ROS1,1040,524,435
ROS1_ATGCACAACTTCTGGGAAGC,ROS1,1368,422,313
ROS1_TGAGGTTGGCTGTAGCAGCG,ROS1,4360,1929,1849
ROS1_CCAACTCACCTCACAAACGG,ROS1,4577,983,1267
ROS1_TCAGATTATGTGGTGTGCCA,ROS1,87,240,84
RP1_CAGGATGAGTGAGGCTCAAA,RP1,1130,286,353
RP1_CTGATTCGCTTGGCCACAAC,RP1,3922,2061,2349
RP1_AGCTGTACGCTACGGACGGA,RP1,1193,66,162
RP1_GGAAGGGAGCCATTTAAACC,RP1,1790,311,371
RP1_TGCTTCCTGCTAGATTACCA,RP1,1379,99,246
RP1_CTGTCAAGTTGATGCTCACA,RP1,1257,87,589
RP1L1_CAGCCACCGCACTGGCAAGG,RP1L1,352,159,320
RP1L1_GCAAGGAGAGGCTCTTGAAG,RP1L1,1270,269,266
RP1L1_TCCTGCTCCTGGGACTCGGA,RP1L1,304,109,123
RP1L1_TTTCTCTCCTGTGGCCGGCC,RP1L1,355,116,116
RP1L1_TGCGCTCTGTCACCACACCC,RP1L1,960,433,485
RP1L1_GCGTGACCTTGGTGACCGAG,RP1L1,1742,226,303
RP2_CTTCTTCTCCAAGAGACGGA,RP2,97,146,73
RP2_CAAGAGACGGAAGGCTGACA,RP2,566,99,76
RP2_AGTAGGTCGCTTACCTGGGA,RP2,211,65,61
RP2_TGTGCGAGATTGTAGAAAGC,RP2,856,444,226
RP2_GAAAGCTGAGGATGCTCAAA,RP2,557,262,163
RP2_CGAGATATTCAATGGGACCA,RP2,1556,518,330
RP9_GACGTCGGGAGCAGAAGCGG,RP9,943,328,120
RP9_AGCGACGTCGGGAGCAGAAG,RP9,1238,70,205
RP9_GCTGACATGTCGTCCCGGCC,RP9,142,57,101
RPA1_AAGTCTTGGCGGTGGAGCCA,RPA1,299,39,0
RPA1_CTCAGGCCATCATGCAGAAG,RPA1,2157,544,584
RPA1_CTCATGAGCAGTCGATAACG,RPA1,2033,14,0
RPA1_TGAACACTCTGAAAGACGGA,RPA1,370,40,0
RPA1_ATGCAACAACTCACTTGGAC,RPA1,1042,115,181
RPA1_TACCTGGAGCAACTCCCGAG,RPA1,521,0,0
RPA2_GGAAAGCGAGACTACTCACC,RPA2,761,63,28
RPA2_ACTAAGCAAAGCCAACAGCC,RPA2,628,0,0
RPA2_CACCCATGGACGTTCGCCAG,RPA2,1720,2,117
RPA2_TTTCTCGGAGGCGTGGGACG,RPA2,1180,267,180
RPA2_CACGCCTCCGAGAAACCCGC,RPA2,557,200,316
RPA2_CGTGTGGTAGCGGGAGAGGA,RPA2,658,299,320
RPA4_CTCAAGGCTCTTTGTTCCCG,RPA4,1987,1511,1557
RPA4_TTCTACAGTGGTATCACGAC,RPA4,1379,521,680
RPA4_TAAGGTCGCAGAGCTGAGCC,RPA4,553,142,266
RPAIN_TGTCTCCCGCGAAGAGGAGA,RPAIN,80,149,168
RPAIN_GGGCTCGCCGCCTTGGAAAG,RPAIN,691,178,55
RPAIN_GCCGGGACAGGCTCCTAAAC,RPAIN,2288,455,473
RPAIN_TGTGCTGGAGGAAATTCAAC,RPAIN,1269,149,51
RPAIN_TCACATGAGATGGGATGGAC,RPAIN,886,5,37
RPAP1_GCACATGGACACTGTCGAGC,RPAP1,1747,128,102
RPAP1_CTCTGCTAATGTCACCAAGG,RPAP1,1042,39,137
RPAP1_ACCCAATCTGGTCACAGGGA,RPAP1,1274,93,116
RPAP1_CCCAGGAAATTGCGGCAAGG,RPAP1,2066,86,91
RPAP1_CGCGAGCGAAGGAACACAGC,RPAP1,1523,350,160
RPAP1_CAGAGTCAGTTTCTCGCAGC,RPAP1,2576,290,207
RPAP2_ACGACATCACTGTAGTGAGC,RPAP2,534,22,0
RPAP2_TATGGGTTCGAGAAGAAGAG,RPAP2,366,5,13
RPAP2_TTCTGAGATTCCCTCCAGGC,RPAP2,676,158,148
RPAP2_GCAATTAAAGTCCATTCCGC,RPAP2,780,46,135
RPAP2_TTACCACTCTGGTAAACAGC,RPAP2,637,122,203
RPAP3_GCAAATGTAATAGCAGCCAC,RPAP3,205,65,144
RPAP3_ACAGTTGATCCAGGATGCGG,RPAP3,658,251,223
RPAP3_TAGCTCTGTTAGCTGGAAGA,RPAP3,1751,145,316
RPAP3_CGCTCTGTTCGTTGGCAACA,RPAP3,2845,2190,1959
RPAP3_GCTCTGTTCGTTGGCAACAC,RPAP3,973,207,237
RPAP3_ACAGAATGGTGTTCCTGAAG,RPAP3,1102,0,0
RPE_TGCACCTGGACGTAATGGAC,RPE,509,305,241
RPE_ACTGTTTACTTCTTCCAGGC,RPE,798,122,138
RPE65_TGAAGTTGCCCGGGCTGAAG,RPE65,722,576,677
RPE65_AGGTGTTGATGTGATGGAAG,RPE65,1299,390,316
RPE65_CCTTGTTAATGTCTACCCAG,RPE65,313,376,391
RPE65_TACGGGCAATGACTGAGAAA,RPE65,1140,268,464
RPE65_GGAGACTGCCGGTGAGCCAG,RPE65,1075,162,100
RPE65_TACATGAGCTGTGAGCGGCG,RPE65,1355,396,362
RPF1_ATCTCCGAAATGCTAAAGCC,RPF1,577,108,181
RPF1_GGCGACACTTAATGTTCACG,RPF1,822,0,0
RPF1_GACACTTAATGTTCACGCGG,RPF1,236,0,34
RPF1_TCCTCAATTTATCGGAAGGC,RPF1,471,78,93
RPF2_TGGTAGTCATACATACGACC,RPF2,811,33,46
RPGR_ACCAAATTGTCCCAGCCCAA,RPGR,675,395,65
RPGR_CCGGAATTTCAGACACCAGC,RPGR,1186,427,489
RPGR_CCACAAGAGATCCAGGAGAC,RPGR,930,353,680
RPGR_GGAGGCAATGTATATGCAAC,RPGR,828,59,168
RPGR_CACTATACCTGTTGACACCA,RPGR,1259,913,670
RPGR_TGCCCGTGGCATGAGGGAGC,RPGR,554,287,315
RPGRIP1_CACCCTTGAGCAGGATGAAC,RPGRIP1,1135,282,261
RPGRIP1_AGCAGCGGTCAACCGCAGCA,RPGRIP1,729,144,114
RPGRIP1_CTCATTGGAGTGTGCTCAGA,RPGRIP1,304,290,338
RPGRIP1_ATACGAAACCTTGCTCCAGA,RPGRIP1,993,147,48
RPGRIP1_CTCATTCACTTGCTTGAGGA,RPGRIP1,833,551,336
RPGRIP1_CTATGAGCTCGTTGCTCCAG,RPGRIP1,735,251,150
RPGRIP1L_TGAGGCAGTGACCCGTAAGA,RPGRIP1L,2958,558,661
RPGRIP1L_GCAAGCAACTCATGCAGAAA,RPGRIP1L,2232,358,684
RPGRIP1L_CACGATGCTTTGATGGCAAA,RPGRIP1L,1244,1101,1204
RPGRIP1L_GCTGGGACGAGATGTGGAAA,RPGRIP1L,1909,327,436
RPGRIP1L_CCACAGAGTAGAAACTGAAC,RPGRIP1L,1813,489,300
RPGRIP1L_TAAACAGCATGCCCGCAAGC,RPGRIP1L,1641,355,756
RPH3A_TGTCTCTGCTTCCAGACGCC,RPH3A,1217,174,133
RPH3A_CGTCTGCACCAAGTGCGGAG,RPH3A,664,810,568
RPH3A_TGTGGAAGCGTTCTGGAGCG,RPH3A,1302,630,644
RPH3A_GGCCCGGGTCAGAAGACAGG,RPH3A,899,74,147
RPH3A_ACTATGGGCCTCCCGTGCGC,RPH3A,1578,230,237
RPH3A_GGAAAGCGTCCTGCTGGCCC,RPH3A,182,110,43
RPH3AL_CAGATCTTACACAGCCACAG,RPH3AL,2556,395,514
RPH3AL_AGAACACCGACGAGCTGCCC,RPH3AL,371,301,77
RPH3AL_ACCAGACGGAGAAGCAGAGG,RPH3AL,480,190,150
RPH3AL_ATCATTCCCGCTGCCGAAGA,RPH3AL,347,141,286
RPH3AL_ACCGGAAAGGCGACAAACCC,RPH3AL,1032,453,648
RPH3AL_AGACCAGCCGCATCTACACG,RPH3AL,3087,844,738
RPIA_CGTGGTTCTCCACAGCCGCG,RPIA,524,71,50
RPIA_TACCTATTCGCTGCACAGCA,RPIA,1252,116,248
RPIA_AGGACATACCTGGAAGGAAG,RPIA,461,56,101
RPIA_TGATCTGGATCGACACCCAG,RPIA,1129,97,102
RPIA_GATCTCAATCTCATCAAGGG,RPIA,276,30,67
RPIA_GGGCGTGGTTGAACTTCGAA,RPIA,628,211,103
RPL10_GGCTCTTCCACTACTTACCA,RPL10,627,0,0
RPL10_CTACATACCTTCTGGCGGCC,RPL10,1126,88,16
RPL10A_CTCACTTGCGGCGCTTGCGC,RPL10A,746,79,112
RPL10A_TCGAAGGTTCCTGGAGACGG,RPL10A,14,0,0
RPL10L_TTTGTTGGCACAAATACGGG,RPL10L,344,115,151
RPL11_GCGGATGCGAAGTTCCCGCA,RPL11,364,0,229
RPL12_ATCTCTTCTGCAGATTGAGG,RPL12,279,0,0
RPL12_GGGATAACGTACCAGACCCA,RPL12,458,0,0
RPL12_GGATAACGTACCAGACCCAG,RPL12,304,0,0
RPL12_CCAGTATACCTGAGGTGCAC,RPL12,914,1,53
RPL13_TCTCCACCAGACGTAAGGCC,RPL13,284,15,0
RPL13_TGTTCACTTACGTTCCGGAC,RPL13,267,0,0
RPL13A_TCATCACTGACCTCCAGCGG,RPL13A,3285,439,315
RPL13A_CACGCTCTGCTCACCTCGCA,RPL13A,2130,200,74
RPL13A_TTGGCAGAGGCTACGGAAAC,RPL13A,1809,704,1020
RPL14_ATTCCGCTGCACAGCCGGCC,RPL14,571,20,50
RPL14_GCCCGATTCCGCTGCACAGC,RPL14,365,375,414
RPL15_TTCCTATTCTAGGAGCGAGC,RPL15,163,17,8
RPL18_CCTTCCCTAGGTCCTCGCAA,RPL18,505,9,43
RPL18_CGTATCACTCACCGGAGAGC,RPL18,650,73,15
RPL18_GCCACTCACCATCCGGGAAA,RPL18,930,0,28
RPL18_AGTGGACATCCGCCATAACA,RPL18,729,0,9
RPL19_TTCTCCACAGGTAAGCGGAA,RPL19,1370,0,29
RPL22_CGCGGAGCCATACTAACCAC,RPL22,795,1380,1231
RPL22_CATACTAACCACAGGAGCCA,RPL22,1508,1038,887
RPL22L1_GCCGACTCGCAAGATGGCGC,RPL22L1,509,113,63
RPL23A_GGACATGGAGCTCCAACCAG,RPL23A,914,37,75
RPL23A_CACTAATTCCTTACAGGCCC,RPL23A,428,0,123
RPL23A_CTTCTGGTTCATGTTCAACC,RPL23A,1786,172,247
RPL23A_CCGGTTGAACATGAACCAGA,RPL23A,162,225,158
RPL26L1_CCCAACAGGTGGTTATCACC,RPL26L1,980,233,139
RPL27A_GGCACTTACCTATGCGGCCG,RPL27A,141,0,0
RPL27A_TTACCTCTTCCTAGCCACCC,RPL27A,581,12,0
RPL28_CGCAATTCCTTCCGCTACAA,RPL28,4821,694,161
RPL28_AGCGGTAACTGCCATCGCGG,RPL28,1128,160,273
RPL28_AAGTCGGCCGAGAGGGAAGC,RPL28,622,31,80
RPL28_AGCTGACAAGTCGGCCGAGA,RPL28,910,167,182
RPL28_GAGCTGACAAGTCGGCCGAG,RPL28,659,225,30
RPL29_AGAGGCCTTGACTGTGCACC,RPL29,144,18,34
RPL29_GGTGAGTGCACTGAATCACA,RPL29,60,14,50
RPL3_GCTCATCGGGCAGAGCCGAG,RPL3,362,158,60
RPL31_TTAGATGGCTCCCGCAAAGA,RPL31,914,2,11
RPL31_TAGATGGCTCCCGCAAAGAA,RPL31,1945,2,0
RPL35_ACGTTCATACAGGCAGCAGC,RPL35,534,9,88
RPL36A_GAAAGAAACCGCGAGGCAAA,RPL36A,827,60,45
RPL36A_GCGGAAAGAAAGAAACCGCG,RPL36A,672,84,36
RPL36A_ATGCGGAATCCATCTTACCC,RPL36A,74,0,0
RPL37A_AACTCTGCTAATGGAAGACG,RPL37A,809,333,307
RPL38_ACTTCAGGCTCACTCACCGG,RPL38,1277,0,64
RPL3L_GCAGATCTTCCGCATCGGCA,RPL3L,558,108,339
RPL3L_AGGTGGCCTGCATTGGCGCC,RPL3L,229,154,233
RPL3L_GATCCAGCTGAACGGTGGCA,RPL3L,156,306,114
RPL3L_TCACCAAGGCCTGCAAGAGG,RPL3L,1763,270,220
RPL3L_AGTCCTTGTAGAATCGGCGC,RPL3L,231,46,181
RPL3L_GCAAGGTGAAGACGTGGCCG,RPL3L,710,103,26
RPL4_ACTTTACCGTGGTGCTCGAA,RPL4,237,23,7
RPL7_CGTTAGAGAGAAGAAGAAGG,RPL7,408,0,0
RPL7A_TTTCTTTCTGCCCAGCCGAA,RPL7A,406,34,112
RPL8_CAGCGAAATCCACGGCGCGC,RPL8,739,0,45
RPL8_TACGGTGCTTCACGTGCGCG,RPL8,392,96,53
RPL8_GCCGTGTGATCCGTGGACAG,RPL8,1035,0,11
RPL9_TACAGCTCCGGGTTGACAAA,RPL9,1045,0,0
RPLP0_GCAAACCAGGTCCACTCACC,RPLP0,596,34,1
RPLP1_TGCACATGTATTGCAGGCCC,RPLP1,576,29,271
RPLP2_CGGCCGCTACCTTGTTGAGC,RPLP2,368,0,22
RPN1_GACATCTCCACCCTCAACAG,RPN1,389,149,46
RPN1_TGTAGGCAACAATCACAGGG,RPN1,808,91,0
RPN1_CCGCCAAAGAGAGGGAAGCG,RPN1,972,13,16
RPN1_GAGCTTACCTGACTATAGGC,RPN1,187,0,0
RPN1_TGAGGACGTGAAGCGCACAG,RPN1,1461,22,0
RPN2_CTATGATTGTCAGGGCCAAC,RPN2,956,293,102
RPN2_TACTGCTCGTCTCAGCAAGG,RPN2,1253,38,50
RPN2_GACTGAGCCATCCATTAAGG,RPN2,440,60,101
RPN2_GCACAACCACAACTGGCACG,RPN2,3323,191,145
RPN2_GATCAGGACTTACCCTACAG,RPN2,491,19,0
RPN2_TCGAAGTTGAAGGTGACAAC,RPN2,4283,168,46
RPP14_TAGGATGTCCAAAGGTAAGG,RPP14,500,0,20
RPP14_AAGTGCTGCAGGGTCAGCAC,RPP14,451,38,173
RPP14_AGACCGCGCTGAACTTAGGA,RPP14,905,228,160
RPP14_AGGCCCTCCTAAGTTCAGCG,RPP14,1037,298,369
RPP21_TACCAGGTGAGTCTGCGACA,RPP21,603,339,163
RPP21_ACCAGGTGAGTCTGCGACAA,RPP21,1737,304,450
RPP21_CAGAGAGTCCTCTTCACCGA,RPP21,1461,10,82
RPP21_GCTGCGCTGGCATGTTAGGC,RPP21,429,0,0
RPP21_TGAGGAAGCGTTGGCTGCGC,RPP21,973,11,0
RPP21_GAAGGCGGTCTGAAATGGAG,RPP21,1438,236,82
RPP25_GGTTGCGGACGAGGATCAGA,RPP25,3,36,20
RPP25_GCGATCGCAACCCGAGCCAG,RPP25,75,159,88
RPP25_CGCGTCCTTGGAAAGTAGGA,RPP25,855,219,160
RPP25_CCTTGGAAAGTAGGATGGCG,RPP25,1144,27,98
RPP25_AGTACGCTGAGACTAGCGGC,RPP25,4,23,7
RPP25_CCGTAAGGTGCGCTCCGAAG,RPP25,2326,787,559
RPP25L_TGGCCCTCGTTCCCGAAGAA,RPP25L,1207,265,564
RPP25L_CATGGCGGCGCACTGTGAGG,RPP25L,134,43,167
RPP25L_CGCTGAGATTGTCAAGCGGC,RPP25L,349,0,19
RPP25L_GCTGCGCTGAGATTGTCAAG,RPP25L,681,0,0
RPP25L_GCTCTGGGTCGGTTGGAGGG,RPP25L,409,0,30
RPP25L_ATGGAGCACTACCGGAAAGC,RPP25L,769,148,81
RPP30_ACGGTCATGGGACTTCAGCA,RPP30,1857,502,394
RPP30_CTGCAACAACATCATAGAGC,RPP30,1762,105,30
RPP30_GAAGGCGATTGACCGAGGCC,RPP30,151,0,17
RPP30_AATAAGAGGGCCATATGACG,RPP30,1201,111,14
RPP30_TCATCTCCTTCTGATGGCCG,RPP30,1438,523,245
RPP38_AACGACGTCTTCACAACCAG,RPP38,501,12,59
RPP38_TCCTACAGACGCTTGAGGAC,RPP38,528,44,24
RPP38_GGTAACTTCGTTAACGCCAA,RPP38,91,13,0
RPP38_GGGCGATTCTCTCACTGAGC,RPP38,159,35,0
RPP40_GGGCTCTGGAGCTCTTCGAC,RPP40,466,272,429
RPP40_GCGTCTGCACAAGATGCCGG,RPP40,172,41,0
RPP40_GCAACCACAAGTCGCGCCAC,RPP40,231,56,16
RPP40_TCGCAAACCAGTAAGTGCCG,RPP40,1247,68,46
RPP40_AGAGCATGGCCACGCTGCGC,RPP40,808,0,42
RPRD1A_ATCTCCAAGTGAACCACCAC,RPRD1A,573,44,244
RPRD1A_CCGCTCCCACACGGTGACGA,RPRD1A,1146,812,632
RPRD1A_CATCGTCACCGTGTGGGAGC,RPRD1A,937,1,137
RPRD1A_TACGGTGGTGAATGAGCCAC,RPRD1A,187,166,54
RPRD1A_ACGGTGGTGAATGAGCCACA,RPRD1A,278,386,377
RPRD1B_GCGGTGGTGGATGAGCCAAA,RPRD1B,66,10,22
RPRD1B_TGCGGTGGTGGATGAGCCAA,RPRD1B,1301,290,455
RPRD1B_GAGGAGGATGACGACTACCC,RPRD1B,503,84,82
RPRD1B_GGGTCAAGACCTACCAAGAG,RPRD1B,1399,369,260
RPRD1B_AGCAGAATATAACGGGCGCC,RPRD1B,99,68,197
RPRD1B_ATTTCAGTTCCTTGCGGACC,RPRD1B,561,171,221
RPRD2_GCAGTTGTCAACTATGAGGG,RPRD2,1096,181,82
RPRD2_TGAAACAGTCGAGGACAGGA,RPRD2,689,317,252
RPRD2_TTGCCAGATCCACATTAGCC,RPRD2,2321,1599,1298
RPRD2_GGGTGATCTCCACCTTGGAG,RPRD2,440,128,245
RPRD2_ACGGAGTGGGACACCCACCC,RPRD2,234,173,118
RPRM_ACTTCCTCGTGAAGGACCGG,RPRM,309,22,118
RPRM_TCAACTTCCTCGTGAAGGAC,RPRM,863,283,644
RPRM_TAGCCTGTACATAATGCGCG,RPRM,463,294,236
RPRM_ACCGACGACGGCTTCGCGGA,RPRM,859,197,125
RPRM_GCGTCCGTGGTGACCGACGA,RPRM,927,579,656
RPRM_TCCGTCTGGTTGCCTAGGGC,RPRM,800,300,361
RPRML_AAGCGACAGCACGCAGAGCA,RPRML,1453,319,566
RPRML_GCGACCTTCCTGAACCACAG,RPRML,501,551,277
RPS10_TGCTTTCTCTTACAGAGAGG,RPS10,248,47,22
RPS10_AGGTGATGCATTTACTCACG,RPS10,288,195,162
RPS10_GGAACCATACCTTTAGGCCG,RPS10,921,29,29
RPS11_AACTCCCGCACTTACCAGAG,RPS11,2033,0,29
RPS12_GGCTCACCCTTCCTCGGCCA,RPS12,872,59,133
RPS13_TCCCAGCGCGCTACTTACAG,RPS13,1053,109,97
RPS15_CAACCTCTGACCGTCTCGCG,RPS15,302,66,110
RPS15_AACCTCTGACCGTCTCGCGG,RPS15,510,34,103
RPS15_CTTGCTCCCGACCCTGCAGG,RPS15,414,11,38
RPS15_TGGTGGGTGTCGGGACGACG,RPS15,1051,148,244
RPS15_GGCTCCGGGTTACGAGGACC,RPS15,0,16,0
RPS15A_ACTTACCCAAACTGGCGGGA,RPS15A,179,5,0
RPS16_AGTCCCAGGAACTGGGCGCA,RPS16,216,57,13
RPS18_TGAATCCAGGTCCTAGCCAA,RPS18,768,12,11
RPS19_CTGCCTCCGTGTATATAGAA,RPS19,774,560,182
RPS19BP1_AGACTTCCAGAAGTTCCAGC,RPS19BP1,240,46,18
RPS19BP1_GAAGTCTTCCTCGGTGAACA,RPS19BP1,737,0,11
RPS19BP1_AAAGGTGCCCAAGTCGGCAC,RPS19BP1,175,0,0
RPS19BP1_AAACTGCGGAACTCGGCCAA,RPS19BP1,499,101,0
RPS19BP1_AGGTCAGGCCAAGCCGAGAG,RPS19BP1,1062,27,15
RPS2_ACCACCTACCGAAGTTGCCC,RPS2,999,0,0
RPS2_GCCACCAGCCTACCTTGCAA,RPS2,921,11,0
RPS21_TGAACGTGGCCGAGGTGAGC,RPS21,1310,18,1
RPS21_AACACTCACCATCCTACGAA,RPS21,694,0,54
RPS24_ACTCGAAGGCAAGAGAAAGC,RPS24,908,170,283
RPS24_GACATGTGGCAGATTGCGGA,RPS24,265,94,338
RPS24_ACATGTGGCAGATTGCGGAG,RPS24,585,169,127
RPS24_CTGTGGCAAGTATTTACAGG,RPS24,2486,470,676
RPS24_CCAAGTCACCGTCCACAGGG,RPS24,3334,184,200
RPS27_CTGTCCCTCTTAGCTCGCAA,RPS27,1897,105,211
RPS27_CAGCAAGCCGTCTCCTCACC,RPS27,513,10,16
RPS29_ACAGTCGTGTCTGTTCAAAC,RPS29,1327,2,13
RPS4X_GCTAACTAAACGGCTTACCA,RPS4X,105,0,0
RPS4Y1_AGGAACTATCGGTCTTACCA,RPS4Y1,554,304,261
RPS4Y1_GGCCCTTGGTGTCATAGACC,RPS4Y1,678,455,238
RPS4Y1_AGTGAAGGGAATCCCTCACC,RPS4Y1,89,12,168
RPS4Y2_TCCGTCGCGGGATTTCGCCA,RPS4Y2,721,1214,981
RPS4Y2_AGGACGCAGACGTCTTACCA,RPS4Y2,738,328,569
RPS4Y2_AGCCCTTGGTATTATAGACC,RPS4Y2,939,283,536
RPS4Y2_GACAAAGGGAATTCCACACC,RPS4Y2,115,143,245
RPS4Y2_TGTACCACATCGCAAGAACC,RPS4Y2,1142,502,877
RPS5_CCTGTCCCAGGATGACCGAG,RPS5,1577,0,0
RPS5_GAGAGGACTCCTTCACCAGA,RPS5,242,60,58
RPS5_GCCCTACCTCGCCTGTGAGC,RPS5,471,0,3
RPS5_CTGGTTCACACGGCGCAGGG,RPS5,744,0,7
RPS5_TCACCTGGTTCACACGGCGC,RPS5,534,0,0
RPS6KA1_CACTAGCTCCATGAGCGGCC,RPS6KA1,313,114,209
RPS6KA1_CTGCTCACCTTTCTGGGACA,RPS6KA1,1419,357,643
RPS6KA1_GGGCAGATAGGTCTGACACC,RPS6KA1,514,67,47
RPS6KA1_GCACACTCACCGAGTCCCGC,RPS6KA1,66,13,62
RPS6KA1_ATCACGCACCACGTCAAGGC,RPS6KA1,92,140,244
RPS6KA1_TCTCCATCTTGGTCCGGACG,RPS6KA1,328,144,132
RPS6KA2_GACACACGCAGAGTGCCGAC,RPS6KA2,40,222,314
RPS6KA2_CTAGGTCATGTTCACGGAGG,RPS6KA2,1336,152,178
RPS6KA2_CCCACAGCCTTTCAGACGGA,RPS6KA2,4030,849,1187
RPS6KA2_GGACCGAGTGAGATCGAAGA,RPS6KA2,786,265,254
RPS6KA2_TGTGAAGGAGGGCTTTGAGA,RPS6KA2,919,299,703
RPS6KA2_TACCTCGAGCCGGCTCAGGC,RPS6KA2,181,36,27
RPS6KA3_TCCGCTGAGCAAGAGTAGAG,RPS6KA3,1284,322,534
RPS6KA3_GACATCCTTGGATCGTCCAC,RPS6KA3,0,1,0
RPS6KA3_TGGTCCTGATGATACACCAG,RPS6KA3,802,201,347
RPS6KA3_TATAGTGAACAGGACAGCAC,RPS6KA3,422,13,42
RPS6KA3_CTCACCTCAGCGCTGTCGGA,RPS6KA3,1180,27,117
RPS6KA3_GGCGGACCCGTGGCAGAAGA,RPS6KA3,473,138,386
RPS6KA4_CGACGATGAGAGCTGCGCCG,RPS6KA4,2934,446,543
RPS6KA4_AGCCAACCTGACCGGGCACG,RPS6KA4,1127,65,116
RPS6KA4_CGCCATGAAGGTGCTGCGCA,RPS6KA4,529,1130,693
RPS6KA4_AGTACTGGCGCTGGTAGAGG,RPS6KA4,112,114,157
RPS6KA4_CTCGGTAAATGATGCCGAGC,RPS6KA4,265,110,58
RPS6KA4_AAATCATCCGTAGCAAGACG,RPS6KA4,1163,216,178
RPS6KA5_AAGCTACTGAGTCCGAGAAC,RPS6KA5,1332,562,489
RPS6KA5_AAGTTTGACGTGTACCAGCG,RPS6KA5,1345,496,624
RPS6KA5_ATTTGCACGGCTAAAGCCAC,RPS6KA5,233,65,17
RPS6KA5_TGATGTTGGAGTGGTGCACA,RPS6KA5,1220,365,272
RPS6KA5_TAGGATGGAAGGAGCAACAA,RPS6KA5,1602,304,496
RPS6KA5_GGGAGATTCAGGACATGACA,RPS6KA5,338,130,175
RPS6KA6_CTTCAAGCTTAGCCCAGCGA,RPS6KA6,1077,210,249
RPS6KA6_ATACTGCTGCGTATAGGCAA,RPS6KA6,745,200,187
RPS6KA6_GAAATTCTACCTCGCAGAAC,RPS6KA6,804,416,453
RPS6KA6_GGTTGATGAGCCAATGGAAG,RPS6KA6,934,368,194
RPS6KA6_CGAGCCCTGGGACCGAGAAA,RPS6KA6,2594,675,662
RPS6KA6_GGCTCGTCCTGAGGAGCGAA,RPS6KA6,91,97,265
RPS6KB1_AGGCGACGAAGGAGGCGGGA,RPS6KB1,45,0,23
RPS6KB1_CATAGACCTGGACCAGCCAG,RPS6KB1,67,135,47
RPS6KB1_CGCGGGCTCTGAGGATGAGC,RPS6KB1,624,233,131
RPS6KB1_CTCACAATGTTCCATGCCAC,RPS6KB1,444,215,185
RPS6KB1_ACTTCGGGTACTTGGTAAAG,RPS6KB1,994,136,72
RPS6KB2_CAAATCAAACACGGCCGCCA,RPS6KB2,640,195,63
RPS6KB2_GCTGCCCTCAACTCGGCAAG,RPS6KB2,694,219,159
RPS6KB2_TGCCATGAAAGTCCTAAGGA,RPS6KB2,1669,227,249
RPS6KB2_AGGCCAGTTCCACAATAAAG,RPS6KB2,2951,686,720
RPS6KB2_TCTTCCTGGAAGATACGGCC,RPS6KB2,187,115,103
RPS6KB2_GAACATCATGCTCAGCAGCC,RPS6KB2,990,38,113
RPS6KC1_CAGTATATAAGGTCACCGCC,RPS6KC1,385,184,164
RPS6KC1_TTCCGTACTACACTCAGGAA,RPS6KC1,1145,502,447
RPS6KC1_GCTTTAAACTGCCAGGAAAG,RPS6KC1,1269,150,147
RPS6KC1_GAACCTAAGGAGCCCTGCCG,RPS6KC1,479,197,136
RPS6KC1_CCATGTTGGGCACACAGCGG,RPS6KC1,755,489,470
RPS6KC1_AGCAGTAGCTTTGAATCCAG,RPS6KC1,256,208,173
RPS6KL1_GCTCACTTGGGTTCCTGAGG,RPS6KL1,187,10,171
RPS6KL1_GAGCCTACCCAGGTGCCACA,RPS6KL1,276,80,189
RPS6KL1_TCCAGGACCCGGCAACCGGA,RPS6KL1,396,247,242
RPS6KL1_AGCTCAGCGTGCGAATGGGC,RPS6KL1,293,33,35
RPS6KL1_AGATCTCCTCTGCCCGCCGC,RPS6KL1,245,5,108
RPS6KL1_GGTCCTCACCGTGTATGCCA,RPS6KL1,343,125,33
RPS9_TTCCGGAGCCCATACTCGCC,RPS9,27,0,56
RPS9_AGTGAGGGCAACCATCAGAG,RPS9,701,361,268
RPS9_TAGTGAGGGCAACCATCAGA,RPS9,67,77,43
RPS9_TTCACACCCATCACCTCCGA,RPS9,462,97,111
RPSA_TGGGCGGGAGTGCAGAAAGC,RPSA,1637,138,459
RPSA_CTCCGAAGGGATAGCAACAC,RPSA,2394,478,341
RPSA_TATCCCTTCGGAGTCCCACA,RPSA,439,81,130
RPSA_ACCGCCGTGTGGGACTCCGA,RPSA,985,79,57
RPTN_CAATCATGCAGTAGTGAGCA,RPTN,629,718,664
RPTN_GCAATCATGCAGTAGTGAGC,RPTN,1533,719,331
RPTN_TCTGCTGTGAGTCCCTAGAC,RPTN,1107,530,863
RPTN_TATGTCCCTGCCATTTAGCC,RPTN,846,161,290
RPTN_ACAATAAGTCACATGGAGGC,RPTN,1089,327,365
RPTN_CTCTTAGATCAAGACCGAGA,RPTN,312,740,340
RPTOR_GCAATCGCCTCTTCTGGGCC,RPTOR,378,159,141
RPTOR_CAGCATTCCAAGCGTGCACA,RPTOR,2021,105,43
RPTOR_TACAGAAGCAGTACGAGAAC,RPTOR,798,178,161
RPTOR_TCTTTCACTACAATGGCCAC,RPTOR,91,0,0
RPTOR_CAAGCAGTTCGCACTACAGC,RPTOR,1752,30,209
RPTOR_AGGTGAATAGGTCAGCCGGG,RPTOR,119,0,0
RPUSD1_GCTCCAGCAGGCATCCAGGG,RPUSD1,995,237,72
RPUSD1_GATCTCGTGGTTCTGGAACA,RPUSD1,1410,380,301
RPUSD1_ATGTGCATCGAGGGCTCGCA,RPUSD1,338,122,45
RPUSD1_TACCTGGCATTGGTAAGACC,RPUSD1,328,297,187
RPUSD1_GGTCGGCCAGCTCGGGAAAG,RPUSD1,1878,82,174
RPUSD1_TTCGCATTGACAGCAAGGCG,RPUSD1,1294,449,507
RPUSD2_GAGTGGCGATAAGGGCCCAA,RPUSD2,83,60,25
RPUSD2_GGCAAGCATAAGAAGCGGCG,RPUSD2,344,96,112
RPUSD2_TTGTGTCGGAAGCGGCCACA,RPUSD2,379,137,107
RPUSD2_GGCGGTCAAGCCGATGCAAG,RPUSD2,703,72,123
RPUSD2_GAAGGAGTACGTGTGCCGGG,RPUSD2,51,223,129
RPUSD2_GGCACCGTACCACACTGGAC,RPUSD2,240,44,65
RPUSD3_CAGTCAACTACAGGTGCACA,RPUSD3,1459,530,380
RPUSD3_TGTAGTTGACTGGAGAACAC,RPUSD3,972,211,203
RPUSD3_CACTTTCGTGTGGTAGCCAC,RPUSD3,223,131,101
RPUSD3_CTCACCTTTCCGGTCCACCA,RPUSD3,1475,745,755
RPUSD3_AAACCTCAGTCGGGAGGAGC,RPUSD3,253,148,189
RPUSD3_AAGCCTGCGTCCTCGGGCAC,RPUSD3,425,273,205
RPUSD4_CTGAGTACTTGTGATCACCA,RPUSD4,1954,174,151
RPUSD4_TGGTGAAAGTGCGGCGCAGC,RPUSD4,367,292,210
RPUSD4_TTGCGCCTCCTTCTCCACAA,RPUSD4,1944,513,445
RPUSD4_CTTGCATCTGTGCCACCGGC,RPUSD4,486,25,129
RPUSD4_GACCCGAGGAATTCTCCACC,RPUSD4,390,32,78
RPUSD4_CTTGTAAGATGGCGGCGCCC,RPUSD4,505,36,7
RQCD1_CGCTCACAACATGCACAGCC,RQCD1,2605,61,207
RQCD1_ACCAAATGAATGCCACAGCA,RQCD1,637,118,112
RQCD1_TGCTGCGAGAAACGCTGACC,RQCD1,405,37,0
RQCD1_CTTACCAATAACTCCAAGGC,RQCD1,1509,17,248
RQCD1_CACTACATGCTTCAGCAGAC,RQCD1,1630,318,381
RQCD1_GAAACGCTGGCTTGCACAAC,RQCD1,968,324,113
RRAD_CGACACCTTCAAACAGCGCC,RRAD,553,174,356
RRAD_TGTGTACTCAGTGACGGACA,RRAD,893,195,273
RRAD_GGTCTACGACATTTGGGAGC,RRAD,601,77,24
RRAD_CTCTTCTCCGTCCACTACAA,RRAD,2011,593,429
RRAD_TCTTCGGCGGTGTGGAGGAC,RRAD,645,128,140
RRAD_ATCTTCGGCGGTGTGGAGGA,RRAD,745,410,224
RRAGA_ATTACATTGCTCGCGACACC,RRAGA,592,40,157
RRAGA_GGTTCCCTAGGAATCGGACG,RRAGA,1003,62,119
RRAGA_CCTGACCGCCACAGTCCCAC,RRAGA,1167,353,249
RRAGA_CTGGTAGACGATGCTGGACC,RRAGA,1433,664,587
RRAGA_AAGAGCAGCGCGACGTCCAC,RRAGA,144,33,8
RRAGA_TGATCAGAGTGGCCGCAGAA,RRAGA,1957,958,980
RRAGB_GGAAAGGACTTGTTGCGCAA,RRAGB,661,230,617
RRAGB_ACATCTTACTTGTTGCGCCA,RRAGB,588,83,114
RRAGB_TCTGGTACAGGAGGATCAAC,RRAGB,566,155,186
RRAGC_CTGAAAGCGCTGACACACAA,RRAGC,1103,598,763
RRAGC_CGGCAAGTCCTCCATCCAGA,RRAGC,937,160,377
RRAGC_TGGAGGACTTGCCGCTGCGC,RRAGC,356,238,123
RRAGC_AAAGGACTTCGGCTACGGCG,RRAGC,337,221,165
RRAGC_CGCGGCCGATTCGTTTCCAA,RRAGC,1453,269,330
RRAGD_TGACAAAGCAAACGAGAGCC,RRAGD,1008,338,386
RRAGD_TGCAACTGATAGTACTCCGG,RRAGD,1467,140,190
RRAGD_AGGCCCTGGTCACCGTGAGG,RRAGD,206,159,61
RRAGD_CTCATGGGCCTGAGGAGAAG,RRAGD,1955,560,516
RRAGD_TCCGGACAGCGGCACAGAGG,RRAGD,1038,193,340
RRAGD_TCCGACGCCGATCCGGACAG,RRAGD,700,67,99
RRAS_CTGGGCTACAGGAGGACGCA,RRAS,840,233,345
RRAS_GGCCAAACTGCGTCTCAACG,RRAS,1546,450,937
RRAS_TGTTCCCGACCAACACAACG,RRAS,1639,967,620
RRAS_CAGTACATGCGTGCTGGCCA,RRAS,1055,210,249
RRAS_AGTCAGACACGAAGTAGGAC,RRAS,1014,188,140
RRAS_GGCCCACTACCTGGATGAAC,RRAS,939,96,227
RRBP1_GGCAGCTGCCTTCGAGAAGC,RRBP1,55,242,196
RRBP1_CTTGAACCAGGCCACGAGCC,RRBP1,1502,90,230
RRBP1_AAAGGCCAAAGCAGCAGCCG,RRBP1,763,424,506
RRBP1_TGGCGTTTCAGAATCGCCAC,RRBP1,75,3,4
RRBP1_TCAACGAGGGCGAGGCCCAG,RRBP1,18,190,146
RRBP1_TGCTCCCAAGGAGGTGCCGA,RRBP1,139,85,308
RREB1_TCGGATTGGCAGAAGGAACC,RREB1,970,238,534
RREB1_GCTGACCATGCACATTCGCC,RREB1,446,23,157
RREB1_CCAATGGGAACATGCACAGG,RREB1,3479,989,1167
RREB1_CAGTCCTCGATGTGTTCGAA,RREB1,767,581,457
RREB1_GCGGGCACGTCGAAGAAGAG,RREB1,52,31,191
RREB1_TAACTCCGTGTTTGCGCAAC,RREB1,511,466,430
RRH_ACCTACGTCAGGAAGGCAGA,RRH,196,54,77
RRH_CTTTGATGCCTATCATAGGG,RRH,144,13,80
RRM1_GCGATGCATGTGATCAAGCG,RRM1,1853,15,15
RRM1_ACTATGCTATCCTGGCAGCC,RRM1,1059,138,151
RRM1_TAATGGCAAACACTCTCCCA,RRM1,403,0,11
RRM1_TCTCTTTCTAGACGCTAGAG,RRM1,124,0,58
RRM1_GGATCTCTTCATGAAACGAG,RRM1,781,0,0
RRM1_ACTCCACTATTTCTGTGCAC,RRM1,393,55,38
RRM2_CGGAGGCATGGCACAGCCAA,RRM2,1955,132,347
RRM2_TGATGGGCGCGAGCGGGACA,RRM2,361,7,10
RRM2_CTTGGTCGACAAGGAGAACA,RRM2,495,266,146
RRM2_CGGTCTTGCTGGCCAGGACG,RRM2,1657,487,232
RRM2_TGTGACTTCCGAACCTCAGG,RRM2,268,6,29
RRM2B_TCCAATGAGGCCAACTGGCA,RRM2B,1593,217,194
RRM2B_CGAGAACTCTTTCTTAGGAG,RRM2B,1790,493,617
RRM2B_TACCTCATCCTGATCCAGCC,RRM2B,313,142,111
RRM2B_GATGGGCGACCCGGAAAGGC,RRM2B,204,345,165
RRM2B_AGTCTGCGCGATGGGCGACC,RRM2B,544,149,63
RRN3_CACAAATTTCTGCCGTCAGA,RRN3,435,286,128
RRN3_ACAAATTTCTGCCGTCAGAG,RRN3,1276,613,368
RRN3_GGTTGCATGTACAACACGGG,RRN3,197,45,102
RRN3_GCATCCTGTAGCCGAGCGCC,RRN3,381,15,4
RRN3_TCCTGAACGGCTCGACCAGA,RRN3,960,200,61
RRNAD1_AACGGTAGAGTGCCAGGACA,RRNAD1,1299,158,170
RRNAD1_GAAGTCCACGGCGTGTGCCC,RRNAD1,49,113,80
RRNAD1_CTGCACCCAGGTTGTAGACG,RRNAD1,1955,403,1029
RRNAD1_CCGCTTCATGGCTCTTGGCC,RRNAD1,924,188,363
RRNAD1_GGAGAACCCGTGTCAGGGCA,RRNAD1,332,26,135
RRNAD1_TCCCACAGATATGTGCAGCG,RRNAD1,894,588,684
RRP1_GCTCCCGCCTGAGATCCAGC,RRP1,314,9,0
RRP1_ACCATGAATCGCGAGTGGAC,RRP1,508,39,0
RRP1_GCTGACCAAAGTGGGCGCCG,RRP1,153,0,5
RRP1_GAGGTCTTCAATGGCAAGCG,RRP1,866,38,9
RRP1_TCAGCCCTGCAGATGGAGCC,RRP1,635,168,52
RRP1_GACGCTTTCTGTTCTGAGAA,RRP1,508,371,435
RRP12_GCAGAACTTGGCAGTGGAAA,RRP12,919,71,60
RRP12_AACCCATCGGAGGACAGAGG,RRP12,300,1,13
RRP12_TGCTGAACCTTGTCCTGAAG,RRP12,1166,608,868
RRP12_AGGTGATTCGCTCCCAGGGA,RRP12,993,0,0
RRP12_TGACGTTTGTGCAGTCGGAA,RRP12,908,595,799
RRP12_AAGTTGAAGCGCTGGAAGAA,RRP12,1387,71,15
RRP15_CACACGTGAGTCCGGAGCGG,RRP15,1511,177,42
RRP15_AACGCAGCGTGATAAGAGGC,RRP15,30,20,195
RRP15_TCACGTAGGATCGTCCAACC,RRP15,1239,35,99
RRP15_TGGGAGCATCTATGAAAGAC,RRP15,1454,142,97
RRP1B_TGGGCAAATTGGATCTCGGC,RRP1B,837,61,67
RRP1B_ACGCATGTTACCTGTAGAAG,RRP1B,1848,237,290
RRP1B_CCGCTGAGTTGTTAACAGCA,RRP1B,1515,491,707
RRP1B_AGGAATAGACAGGCTACGCC,RRP1B,319,140,95
RRP1B_CCGAGCTATGGTCTGTACCA,RRP1B,1096,414,256
RRP1B_GATGGACTCAGTGATGAAAG,RRP1B,212,14,79
RRP36_CCTCAATAGGTCGCGGGCCA,RRP36,930,440,402
RRP36_ATCTTGGCTGACATTTCCAG,RRP36,794,13,52
RRP36_CTGACAGATCATCAAAGCGA,RRP36,670,0,0
RRP36_GCAGCAACTGCTTCAGCGAA,RRP36,2355,256,283
RRP36_ACTTCTCAGCTAGTGCCAAC,RRP36,850,67,37
RRP36_GAGGCGACGAAATGCAGGCA,RRP36,876,32,27
RRP8_CTTGGTCACAGCCCGCAGAA,RRP8,2294,696,492
RRP8_GACAGCCATGAGGCTCGGGC,RRP8,271,0,0
RRP8_CTGGACAATGTTGACCAAAC,RRP8,1687,1357,916
RRP8_CCCTACTTCAGCAGAGGCAC,RRP8,961,402,745
RRP8_GATTACGGGCCCAAGGCCCG,RRP8,17,28,29
RRP8_CGAAGAGCCTGAGTGGGCCG,RRP8,1091,572,472
RRP9_CCAAACATGTGATAGAGAGC,RRP9,917,13,91
RRP9_CTCCATGCAGCTTGAGCAGA,RRP9,1302,793,425
RRP9_TGAGGCCCGTGCATTTGAGG,RRP9,1945,4,22
RRP9_GGAGCTGGAGGAAACTGCAC,RRP9,479,25,1
RRP9_TTCCCAGGCCGACTCTGCGG,RRP9,289,0,18
RRP9_AACAGCGGCTGCTCGTAAGC,RRP9,735,56,35
RRS1_GACCGCGGCCACTTACACGC,RRS1,521,2,9
RRS1_TGGCGAACTGGTCCTCCAAG,RRS1,1820,34,134
RRS1_TGGAGGACCAGTTCGCCAAG,RRS1,713,1,29
RRS1_CAAGCGGATTCAGGCCAAGA,RRS1,961,20,0
RRS1_AAGATGAATTCTGGGCCGCC,RRS1,93,3,50
RS1_CGTCCGCATTGCCATCCGGA,RS1,2440,821,535
RS1_GGACCAGACTGGAAACAACC,RS1,1153,324,279
RS1_AGGACCAGACTGGAAACAAC,RS1,1475,261,205
RS1_ACCCGGAGCAGTATGTGGGC,RS1,886,38,262
RS1_ACCTGGTATACAGTCCAAGG,RS1,1351,469,616
RS1_TTGGCTGCAGGATGAAGGCG,RS1,1532,847,707
RSAD1_CTCCTGCGTTCTCCACGCGG,RSAD1,1226,34,195
RSAD1_AGACGCTGCTGCGGCTCAGC,RSAD1,22,12,65
RSAD1_TTCAGCTCCGGGCTCCAGAC,RSAD1,1509,126,132
RSAD1_CAGTACCTTGGCGTTGGGCC,RSAD1,312,33,63
RSAD1_GGAGGCTCGGATCCAGACAC,RSAD1,55,100,82
RSAD2_AGTGAAGTGATAGTTGACGC,RSAD2,828,193,81
RSAD2_AGCCGCATTTGTAGTTGCAC,RSAD2,1357,164,284
RSAD2_AGCGTGAGCATCGTGAGCAA,RSAD2,1262,419,404
RSAD2_ATTGCTCACGATGCTCACGC,RSAD2,985,226,345
RSAD2_AAGCACTAAACCCTGTCCGC,RSAD2,255,85,70
RSAD2_TTCTACACCAACATCCAGGA,RSAD2,713,553,307
RSBN1_CGGCGGTGTGCAGCTTAGCC,RSBN1,1050,247,676
RSBN1_CTAAACCAAATGAGGCGGGA,RSBN1,664,113,140
RSBN1_CATCACTCTGGGACCTACAC,RSBN1,1308,271,318
RSBN1_GCGGGTCAGGCCAGCACAGA,RSBN1,6,4,2
RSBN1_CGGAACCGATCTCAAGCACA,RSBN1,1169,521,271
RSBN1_GCCCAAGCATAAGGGCCACA,RSBN1,368,220,169
RSBN1L_CCGCGGAGAGTGAACGGAGA,RSBN1L,1583,264,416
RSBN1L_CTCCGCTTCCTTGTCTCAGC,RSBN1L,118,74,128
RSBN1L_AGAGTTCGTTACTGTAGGCA,RSBN1L,903,215,199
RSBN1L_TCTCATGGTACTTACAGAGC,RSBN1L,966,335,231
RSBN1L_GACTTTGGCATATCAGCCAC,RSBN1L,717,29,6
RSBN1L_CTGAATCAACTGAGGAGGGA,RSBN1L,651,259,251
RSC1A1_ACTCTGTCCTGAAGAACGGG,RSC1A1,367,38,60
RSC1A1_TCAAGGCTGCCGTTATAGAC,RSC1A1,3107,754,894
RSC1A1_CCTGCAAAGTAAAGCCAGCA,RSC1A1,2090,784,939
RSF1_GATGACATCAAAGAAGCCGA,RSF1,188,1,6
RSF1_AGAAAGAGCGTGCCGAACGA,RSF1,969,451,393
RSF1_TGATCATCCCAGATGGAGAA,RSF1,1546,323,481
RSF1_AAAGGCAAAGTTCGATGGAC,RSF1,63,206,117
RSF1_CTGAGGCTAGTTTCTCACAG,RSF1,3078,742,939
RSF1_CAGGGAACGGCAACTCAGGC,RSF1,745,216,330
RSG1_CTGATGGGCGCACACTGGAC,RSG1,1805,420,415
RSG1_TGCACACGGACGTGCCCGAG,RSG1,2082,905,668
RSG1_ATGACCATCCTGACGACACC,RSG1,552,123,82
RSG1_ATAGAGGTCCCACTCACCGG,RSG1,446,27,0
RSG1_GCATTCTGCGCAAGAACCGC,RSG1,601,278,218
RSG1_TTTGGGACAACCACCGAACC,RSG1,685,247,305
RSL1D1_CGAAGACGAAATCCCACAGC,RSL1D1,1175,343,602
RSL1D1_ATCCCAATTGCTGACAAACG,RSL1D1,755,25,28
RSL1D1_AGCGGCTGCAGAAGACAGCG,RSL1D1,1398,16,37
RSPH1_CCGACCTCTACGGATGGACC,RSPH1,1020,128,171
RSPH1_ACATACTTTCCAGGGCCAAC,RSPH1,1342,355,423
RSPH1_GCAGTAAGTATGTTGGCACC,RSPH1,587,142,378
RSPH1_ATACGCCATGGCCGTGCCGC,RSPH1,0,2,279
RSPH1_GGGAGGGCACGGCTACCCAA,RSPH1,177,12,0
RSPH1_CTCCGAGCCCAGGTCCGACA,RSPH1,1832,578,1339
RSPH3_ACAGAAGGTCATCCCAGGAA,RSPH3,1319,325,210
RSPH3_TCTGTCGTTCTTGGCAGGAA,RSPH3,1778,540,339
RSPH3_ACTCACGCTGACTGGCCCGC,RSPH3,1095,15,51
RSPH3_CACCCAAATACTAGAAGGAG,RSPH3,1502,687,217
RSPH3_AAGCATGTCGATGTGCAAAC,RSPH3,3018,644,707
RSPH3_TGCGAGGTTCCTGGCTAGGG,RSPH3,1848,640,642
RSPH4A_TAGACTGCGGGCTCCAAGGA,RSPH4A,1281,431,334
RSPH4A_GATTTACAGCAGCCGGCGCC,RSPH4A,0,100,59
RSPH4A_GCAATGAACCAGGAAGACCA,RSPH4A,642,333,174
RSPH4A_ACTGGTGGTAACTTCACCCA,RSPH4A,62,165,33
RSPH4A_AGGCATATGCTCCAGGCCAA,RSPH4A,1047,174,125
RSPH4A_GGATGATCCTAGTGTGGAGG,RSPH4A,97,104,174
RSPH6A_TTGAGAACATCTACATCGGC,RSPH6A,235,298,338
RSPH6A_CCAGAGGTTGGAGCGCACAA,RSPH6A,2721,1134,1118
RSPH6A_GACTGCCTTCTACTTCGAGC,RSPH6A,222,17,123
RSPH6A_AAGGCGCTGTTCACCCGGAG,RSPH6A,673,66,90
RSPH6A_GAGCCGCTGCAGCATTAGGC,RSPH6A,56,26,103
RSPH6A_GCCTGAGAAGTCCTCCGGCC,RSPH6A,195,169,409
RSPH9_AGTAATCGGCGACGAGGCCA,RSPH9,701,93,60
RSPH9_GCAGCCTGAACTGCACAGAG,RSPH9,2800,841,790
RSPH9_TTGACATGGGTGGGTCCAAA,RSPH9,1708,599,826
RSPH9_GCTCAACAGGCTCCCTGAAA,RSPH9,938,391,554
RSPH9_TTGTTCAGGGTGACTTCACG,RSPH9,1579,419,220
RSPH9_GCATGGTAGAAGGTGAGGCC,RSPH9,600,222,71
RSPO1_GCTGGACAGTGTCCCTAGGC,RSPO1,400,87,41
RSPO1_TCGCTCATTTCACATTGCGC,RSPO1,584,915,357
RSPO1_TGCTATCCAGCTTGTCCCGA,RSPO1,373,243,274
RSPO1_ACGGCAAGCAGACGCCCACC,RSPO1,1202,137,82
RSPO1_GAGGAACGACATCCGCCAGG,RSPO1,500,11,12
RSPO1_TGGTGGCCCTGGTTCTGAGC,RSPO1,1071,200,285
RSPO2_GAAGAGAACACCAAAGGCGA,RSPO2,528,134,162
RSPO2_AAGTTGGTCATTGGAGCGAA,RSPO2,1090,142,376
RSPO2_CGATGGAGACGCAGTAAGCG,RSPO2,958,93,218
RSPO2_GCCACTGCCAAGGCAACCGA,RSPO2,302,60,182
RSPO3_AACGTTAGTCAAGGCTGCCA,RSPO3,331,52,84
RSPO3_TGTCTCTCTTCATGTCCAAG,RSPO3,856,189,265
RSPO4_TCCTGTCCTTGCGTGGGCGC,RSPO4,662,415,271
RSPO4_TCCTTGACTCAGAAAGCACC,RSPO4,751,109,158
RSPO4_CTTTGGCCCACCAGAACACA,RSPO4,934,568,749
RSPO4_CGCGGATGCCGAAGTACCCA,RSPO4,1943,262,241
RSPO4_TTCCTGTTCATCCGCCGGGA,RSPO4,740,347,206
RSPO4_ACATGCTCGCCCTGAACCGA,RSPO4,434,261,289
RSPRY1_GGGACCCTGTTCGGCCACCA,RSPRY1,242,62,316
RSPRY1_CAAGCCATCCTGCCAAACAC,RSPRY1,1987,600,467
RSPRY1_AGAGATTGTCTAAGCTCCAC,RSPRY1,128,77,70
RSPRY1_CCGGCAGCCATCATACGCAC,RSPRY1,2209,160,411
RSPRY1_CTGCTACCTCATCACAACAA,RSPRY1,2794,823,611
RSPRY1_CATGGATTGTGCCTTGCAGC,RSPRY1,849,127,227
RSRC1_ACATACAGCCGAAAGAAAGG,RSRC1,1228,227,145
RSRC1_CGAAGTCGAAGTCGTTCAAG,RSRC1,1385,475,792
RSRC1_ACGGAGACGAGGTCTTGACC,RSRC1,1082,210,115
RSRC1_CGACTATGAGAACGGAGACG,RSRC1,1066,585,592
RSRC1_CACTGCTACGACTATGAGAA,RSRC1,2244,756,694
RSRC2_CACATCTTCAATGCGAGGAA,RSRC2,1526,592,672
RSRC2_TTCATTGGATTAACAGCGGC,RSRC2,797,215,250
RSRC2_AGTAACACCTCAGATAGCCA,RSRC2,352,41,0
RSRC2_CCTGTGTCTTGATCTTGAGC,RSRC2,1081,42,35
RSRC2_GACGCCATCGTAGTAGAAGC,RSRC2,60,236,14
RSRC2_GCTAGTGATACAGAGCGAGA,RSRC2,471,52,0
RSU1_AAACATGGGACACGCCAAGC,RSU1,829,307,333
RSU1_TCCTGCCCGAGAACTCACAG,RSU1,719,127,109
RSU1_CGAGGTGGACATGAGTGACC,RSU1,1883,380,76
RSU1_GGAGAAGAACCAGCCCGAGG,RSU1,476,91,26
RTBDN_CTCGTCCCAGACCAGGACGA,RTBDN,310,66,227
RTBDN_TAGGAGGTTGGGCTAGGGAA,RTBDN,446,0,11
RTBDN_CAGCTGCCTTACCTATGGAC,RTBDN,1766,376,137
RTBDN_CAGGCGGAAGCGACTGCGAA,RTBDN,185,31,129
RTBDN_ACAACAGAGACATCGGGCCC,RTBDN,920,285,197
RTCA_CGATGGCAGCATCATGGAAG,RTCA,1227,245,358
RTCA_TGCAGAAGATCCGAGCCGGC,RTCA,105,195,239
RTCA_AGATTTGTGTGATGGGCAAC,RTCA,745,297,367
RTCA_CTTTAGGTTCTTGAACAGGC,RTCA,192,85,23
RTCA_ATTATTGCTGAGACCTCCAC,RTCA,523,31,74
RTCA_GGATGAGTATCTGCAAGACC,RTCA,802,105,81
RTDR1_AAGCCTTACAGCGGGCAGCC,RTDR1,571,368,340
RTDR1_GGTCTTTCAGCAGATGGACC,RTDR1,183,71,42
RTDR1_GCCCAAGAGATCATCAGCAA,RTDR1,2520,396,826
RTDR1_GGTCATTCAGCAGGAAGGAC,RTDR1,264,140,168
RTDR1_CATCACGGCAAGCCATAGCG,RTDR1,1400,257,182
RTDR1_TCAGCTTGGGCAGGGCCCGA,RTDR1,360,101,113
RTEL1_TGGCGAGAACACCTCCGAGA,RTEL1,1221,26,19
RTEL1_TTCGGAACACCTCCTACCGG,RTEL1,965,74,0
RTEL1_GACAGCTCCTCCTCGACCCA,RTEL1,501,87,21
RTEL1_CTTTGACGAAGCTCACAACG,RTEL1,1597,43,82
RTEL1_ATCCTGATGCTGGTCACCGG,RTEL1,1458,0,91
RTEL1_CATCCTTACCAGCGGCACGC,RTEL1,1242,0,0
RTF1_ACCATGGTAAAGAAGCGGAA,RTF1,663,24,32
RTF1_ACTGCGCTTTCGCTTTGCCA,RTF1,93,44,0
RTF1_CAATCGCATAGAGAAGAGGG,RTF1,35,0,0
RTF1_CAAGGAACGGCGTTCCAAGC,RTF1,197,0,31
RTF1_GGTCTACTCTGATGATGAAG,RTF1,209,40,61
RTF1_CACGGCATAAGCTAGAACGC,RTF1,2078,139,0
RTFDC1_TCCTGCGATGGGTTGCGACG,RTFDC1,666,0,69
RTFDC1_ATGCTGAATTAGTGGCCCAA,RTFDC1,948,31,95
RTFDC1_TGATAATCCTGCCTGGGAAG,RTFDC1,314,0,19
RTFDC1_GCACCGAAGGAAGCAGAACC,RTFDC1,1069,28,17
RTFDC1_GGACGTGCTGAAGACAAGGA,RTFDC1,843,156,89
RTFDC1_CGATTCTTCACTGTCAGCGA,RTFDC1,958,56,220
RTKN_GCAAGGCCTTACCCAACAAC,RTKN,1099,447,542
RTKN_CAGAGATGATCCTAGTGGAC,RTKN,1563,421,267
RTKN_TCCACATGAGTGGAATCCGG,RTKN,1247,114,18
RTKN_ATCCACAGGCCTTCTGACAG,RTKN,1952,192,272
RTKN_TGAGATCCGGATGAGGGAAG,RTKN,1999,403,391
RTKN_CTCCCGAAACCACCGGAGCC,RTKN,1932,229,267
RTKN2_TCAAAGAGTGTGGCCCAAGG,RTKN2,2534,874,796
RTKN2_GGAAACCAGAATCCGGGCAA,RTKN2,25,63,11
RTKN2_CAGCACATGTTGCCATACAG,RTKN2,1126,505,588
RTKN2_GCCAGACTTTCAGATAAAGG,RTKN2,310,89,246
RTKN2_AGTTCGCGTTGGAGATGGAG,RTKN2,926,82,104
RTL1_CTTCCTCGCCCACTTCAGCA,RTL1,1322,701,807
RTL1_CTCTAGGGCAATGCATGGCG,RTL1,1168,495,215
RTL1_GGGCGCGATTGATGTCCGGA,RTL1,712,159,73
RTL1_TGTCCGGCTTGGCATTAGAA,RTL1,1986,594,582
RTL1_TGACCTGAAGGAATCGGGAA,RTL1,894,145,382
RTL1_CGGTTCACACCAGGCAAGGG,RTL1,686,313,550
RTN1_AATCCACCAGGTCCTGGACA,RTN1,222,224,413
RTN1_GAGGCACTCACTTGAAAGGG,RTN1,536,60,139
RTN1_CACTGCCGATTCCACCAAGA,RTN1,1145,493,676
RTN1_CACCGCCATCAAAGAAGCAA,RTN1,1849,427,465
RTN1_CCCAGGCACATCTGGTAAGG,RTN1,4002,321,1051
RTN1_CGAAGCGGTGACGCCGAAAG,RTN1,357,191,190
RTN2_CCACCAGATCACCTCCCGCG,RTN2,2050,619,1248
RTN2_TCGTGTCCTTCCAGTACAGC,RTN2,539,921,598
RTN2_TTCAGTAGAACCCGGAGGAC,RTN2,1472,544,510
RTN2_TTCGAATCTCGCGATCGGGA,RTN2,780,180,103
RTN2_AGGAGACCACGTCGCAGGAC,RTN2,736,141,73
RTN2_TGCAGTGGGCGAAGACCGGC,RTN2,1325,233,249
RTN3_TAGGCTGGCTCCCTAACACA,RTN3,870,184,126
RTN3_ACAGCACTTGGAATGGAAAC,RTN3,1454,366,534
RTN3_CAATTCAGTCTTGCTAAGGC,RTN3,579,127,74
RTN4_TGAAAGCAGCAGGAATAGGC,RTN4,649,169,93
RTN4_TAATGTCTCTCCAGTACAGG,RTN4,386,63,81
RTN4_AGTGCTTTGCCACCTGAGGG,RTN4,438,258,299
RTN4_AGCTCAGAATGATCAGGCAC,RTN4,590,360,45
RTN4_CGGAAATGACTTCGTGCCGC,RTN4,598,61,58
RTN4_ACGAACTGGTACTTGAACGC,RTN4,2761,614,689
RTN4IP1_AGAACTGGTGGATGCGGGAA,RTN4IP1,1434,352,477
RTN4IP1_GGGTCGGGATGTCTCTGGCG,RTN4IP1,1033,202,153
RTN4R_AAGGCCTCAGTACTGGAGCC,RTN4R,214,188,190
RTN4R_CCAGCCAGATGCCGCTGACA,RTN4R,3030,440,496
RTN4R_CCGCCTACACACGCTGCACC,RTN4R,579,298,634
RTN4R_AGATGCGCTGGCTGGCAGCA,RTN4R,463,619,612
RTN4RL1_TAAGGCGGGCGCCGGGAAAC,RTN4RL1,773,421,275
RTN4RL1_AGATCTCTAAGGCGGGCGCC,RTN4RL1,85,35,86
RTN4RL1_AGAGGGTGGTCAGCCTGCGG,RTN4RL1,600,190,180
RTN4RL1_CGTGAAGCTTCACCAGGCCC,RTN4RL1,845,200,421
RTN4RL1_TGGCTGCAAAGTTGTGCGCC,RTN4RL1,107,396,540
RTN4RL1_GGGTAGCACACACAGTCCCG,RTN4RL1,256,82,0
RTN4RL2_TTGCAGCAGGCGCCTGAGCC,RTN4RL2,267,410,352
RTN4RL2_TGGCGTTCTTACCTTGCAGC,RTN4RL2,978,348,394
RTN4RL2_GCAAGTGGCGGAAAGTGCCC,RTN4RL2,669,167,154
RTN4RL2_TTTCCGCCACTTGCAAGCCC,RTN4RL2,491,225,344
RTN4RL2_AGAGCACGTGTTTCGCGGCC,RTN4RL2,1026,130,351
RTN4RL2_AGCCGCAGGAACTCGAGCGA,RTN4RL2,1462,105,279
RTP1_TCTCCGTGTTCTCACTAAGG,RTP1,1233,463,260
RTP1_AGGCAAAGCCGGCTGACAGC,RTP1,869,213,262
RTP1_AGAACTCTCCGCGGTGCCGC,RTP1,666,44,151
RTP2_AGTTGTAGCCGGATCCCGCC,RTP2,136,90,63
RTP2_GCGCGAGCAGTGCTACGAGG,RTP2,1635,444,446
RTP2_CCACTCACAAGTGGTCAAGC,RTP2,1839,446,765
RTP3_TAATGCGGGAGGTGAAGCCA,RTP3,993,151,120
RTP3_CTTCCCAACGTCCTGAAGCC,RTP3,801,303,494
RTP3_CCAACGTCCTGAAGCCAGGC,RTP3,1088,187,57
RTP3_ACCAGCAGTGGACCTTCGCC,RTP3,80,28,27
RTP3_TACGAGAGCAGGAGGAGCAC,RTP3,54,170,66
RTP4_TTCAGCGTCCATGTGGCCCG,RTP4,1019,479,508
RTP4_CTTCAGCGTCCATGTGGCCC,RTP4,686,296,342
RTP4_ACTTCAGCGTCCATGTGGCC,RTP4,639,335,492
RTP4_TTCGCTGGCAGGAGGAACAC,RTP4,1425,312,302
RTP4_GCCACACGTACTGGGAGCAC,RTP4,767,379,678
RTP4_TCTTCAGTATATGCTGCACC,RTP4,589,110,65
RTTN_TATCAGTTTGGAGCAGCCAG,RTTN,588,79,110
RTTN_GCTGTTCCTCTCTTAAGAAC,RTTN,1023,179,201
RTTN_GCCCAACCACAGAAGGCCGA,RTTN,28,0,0
RTTN_CGTACCTTTCATTAGAGGAG,RTTN,2521,401,190
RTTN_GATAGTGCAGGAACTTCCGA,RTTN,277,0,0
RTTN_TTCGTTGACAGGTCATCAGC,RTTN,702,158,40
RUFY1_AAGATGGCCGACCGGGAAGG,RUFY1,692,172,53
RUFY1_TCCCGGCTCAAGCGCTGACC,RUFY1,1218,223,142
RUFY1_GGTCTTGCACACTCACCAAC,RUFY1,68,222,255
RUFY1_GATGTTTCACAAAGCTCAGG,RUFY1,175,41,4
RUFY1_CGCTTCGTCATCTTTCAGCC,RUFY1,554,611,522
RUFY1_CCTGAGGACGGACGTTCAGG,RUFY1,956,100,132
RUFY2_GCAAGCAGAGAAGGCGCAAA,RUFY2,1318,167,101
RUFY2_CACGCAGGACCAGTACAAGC,RUFY2,3753,1553,901
RUFY2_TAATCTGTGTGTGAAGGGAG,RUFY2,529,84,82
RUFY2_AGGCCTCCTTACTTCAGACC,RUFY2,655,135,35
RUFY2_AATGCTGACGCGCAGGAGCC,RUFY2,616,62,129
RUFY3_CTGCTGAGCTACCCGAGCGG,RUFY3,1254,355,130
RUFY3_TGGACACTCGGAATTTGCAA,RUFY3,422,141,201
RUFY3_CAAATGCGCGATGATACAGA,RUFY3,455,136,223
RUFY3_CATACTGGAATCCAATCGGA,RUFY3,469,128,127
RUFY3_GCAGGATGTTGAGAAAGAAC,RUFY3,1159,260,301
RUFY3_GCTCACATCCAGATTGCGCC,RUFY3,4,69,145
RUFY4_CCAAGTACCCATGGCAGAAG,RUFY4,4520,649,638
RUFY4_CACTGCCCTACGACGGCAGC,RUFY4,336,330,158
RUFY4_ATCCGCTTCTGCCTGGCCCG,RUFY4,881,84,91
RUFY4_TCACTCTGAGAACATGGGCC,RUFY4,740,247,57
RUFY4_TCAGGCCCTCCATATGCGGC,RUFY4,468,189,122
RUFY4_CCTCAGACTTGGGCTCCGGA,RUFY4,213,55,17
RUNDC1_GCTGTCCTCGCACTTCGCGC,RUNDC1,1054,96,1412
RUNDC1_CTCACGTCCTAGGTTACGAA,RUNDC1,1845,452,420
RUNDC1_GGAAACGTTTGCCTATCAAG,RUNDC1,910,124,192
RUNDC1_CCGTGGTGTTGGAAAGACAG,RUNDC1,1833,311,258
RUNDC1_TGCAAGGCCGGTGGGAAGAC,RUNDC1,3218,390,715
RUNDC1_AGCCAGTTTGGTTGTGCCAC,RUNDC1,1751,101,200
RUNDC3A_GAAAGCGTCCTCTCGCAACG,RUNDC3A,532,544,621
RUNDC3A_CGCTGGGCCCACCTTTGAAG,RUNDC3A,5112,725,1047
RUNDC3A_TGAGCTGGTTCAGCTCAGAC,RUNDC3A,938,250,143
RUNDC3A_CCACGGCTCTGCGTGACACC,RUNDC3A,898,111,340
RUNDC3A_TGAGCGCCATCGACTTCAGG,RUNDC3A,533,84,16
RUNDC3A_CGTGTAATCGATGACCACGG,RUNDC3A,1213,266,445
RUNDC3B_GCAATGCTGCGGTGGAGAGG,RUNDC3B,1003,247,319
RUNDC3B_CAGCATAGAGTACCTTGAAG,RUNDC3B,2939,526,321
RUNDC3B_CTTCTGGGACTATATCAGAG,RUNDC3B,1432,383,372
RUNDC3B_TAGTTTCTGCCTAAAGGGAG,RUNDC3B,480,98,104
RUNDC3B_CTGTTCTCATCCATGAGGAA,RUNDC3B,1476,483,620
RUNDC3B_TTCCGATCTGGCTCATAAAC,RUNDC3B,1535,454,520
RUNX1_GCTGGCACGTCCAGGTGAAA,RUNX1,1253,745,475
RUNX1_CTAGATGATCAGACCAAGCC,RUNX1,660,1168,1145
RUNX1_TGGTAGGTGGCGACTTGCGG,RUNX1,1866,1513,739
RUNX1_CTCAGGTTTGTCGGTCGAAG,RUNX1,2121,1056,1273
RUNX1_GATGAGCGAGGCGTTGCCGC,RUNX1,76,85,67
RUNX1_ATGAAGCACTGTGGGTACGA,RUNX1,1009,326,223
RUNX1T1_TTTGGACTGTACCGCTGGCC,RUNX1T1,315,217,318
RUNX1T1_GGAAGAGGCGAACTCCAGAC,RUNX1T1,336,166,218
RUNX1T1_GCTGAGTTGCCTGGCACCAC,RUNX1T1,1353,63,90
RUNX1T1_CGTTGTCGGTGTAAATGAAC,RUNX1T1,1419,380,370
RUNX1T1_AGAGAGGAGGGCCATCAGAG,RUNX1T1,1249,273,352
RUNX1T1_GGCAAAGGAGCGCGGGAGAG,RUNX1T1,156,339,202
RUNX2_CCGTAGATCCGAGCACCAGC,RUNX2,1065,347,734
RUNX2_TTTGTGGGCCGGAGTGGACG,RUNX2,1581,420,1095
RUNX2_TACTTACTTCTGGGTTCCCG,RUNX2,291,494,611
RUNX2_CTGGTCATAGGACCACGGCG,RUNX2,371,59,155
RUNX2_TACTGAGAGTGGAAGGCCAG,RUNX2,752,136,212
RUNX2_GAAGCATTCTGGAAGGAGAC,RUNX2,614,412,124
RUNX3_CGGTCAGTAGGGCCGCCACA,RUNX3,732,527,373
RUNX3_AGGTGACCGTGGACGGACCC,RUNX3,231,97,98
RUNX3_GAAGCGAAGGTCGTTGAACC,RUNX3,317,372,383
RUNX3_GGTCGTTGAACCTGGCCACC,RUNX3,274,128,144
RUNX3_GCACTCACCTTGAAGGCGAC,RUNX3,661,228,49
RUNX3_GGTCGGCGAGTAGGTCGGGA,RUNX3,239,118,161
RUSC1_GACCGTGCTCCTGGCAGCAC,RUSC1,305,89,0
RUSC1_CCTGTAGGGCGGGAGAGGAC,RUSC1,80,68,416
RUSC1_AAGGACCACGAACTACGGAC,RUSC1,788,65,135
RUSC1_CTGACGGCTATCAGAAGACC,RUSC1,924,258,198
RUSC1_CTTCAGCCCGTCCGCCACCA,RUSC1,2313,810,865
RUSC1_AGAAGGCAACTCACTTGAGG,RUSC1,1416,97,138
RUSC2_CACACCCTCCTGCAGCAAGA,RUSC2,2306,485,550
RUSC2_AGAGTCAGTGCTGGGCCCAA,RUSC2,794,216,254
RUSC2_TCAAGTGGCGGGAATACAGG,RUSC2,285,53,45
RUSC2_AACGGCTTCACTGCTTGGCC,RUSC2,221,122,96
RUSC2_TGGCACAAGCCGGGATCCCG,RUSC2,1268,209,160
RUSC2_GATGATGACGTCCAGTACAA,RUSC2,420,132,337
RUVBL1_GACCATGCTGTATACTCCAC,RUVBL1,261,0,0
RUVBL1_CGACCAGGGCATTGCTGAGC,RUVBL1,2298,124,37
RUVBL1_TTAGCTGGCCCATCATGGAC,RUVBL1,1127,42,40
RUVBL1_GCTGCGAATAAAGGAGACCA,RUVBL1,461,39,0
RUVBL1_GCTGATGGAGAACTTCCGCA,RUVBL1,173,11,0
RUVBL1_CCACAGCCACGTGAAAGGGC,RUVBL1,648,0,20
RUVBL2_CTCATCACACACTGGCGCCA,RUVBL2,1448,179,304
RUVBL2_CGGAGATCCGTGATGTAACA,RUVBL2,2077,717,700
RUVBL2_CGATGCCTTGGAGCCTCGGC,RUVBL2,442,11,41
RUVBL2_CCTGGGAGGTTTCTTACCCA,RUVBL2,695,10,7
RUVBL2_TTACTTGATGCGAACGCCGA,RUVBL2,567,35,11
RUVBL2_AGATTGATCGACCAGCAACA,RUVBL2,1789,66,64
RWDD1_CACGATGACAGATTACGGCG,RWDD1,1648,339,143
RWDD1_CGAGGAGCAGCGCAACGAGC,RWDD1,80,32,151
RWDD2A_ACTCCAGATTGAAGAGCCCA,RWDD2A,643,36,340
RWDD2A_CACTGTTGTCCTGTAGCCAC,RWDD2A,1004,38,317
RWDD2A_CTGTAAGCATGCTGAAAGCG,RWDD2A,31,88,83
RWDD2A_GCTGAAAGCGTGGAGACAGA,RWDD2A,635,129,187
RWDD2B_ACTTCATCTTCACCCACCAC,RWDD2B,1136,297,252
RWDD2B_TCAGTTCTGCTACAGCCAGC,RWDD2B,1310,70,143
RWDD2B_CTATGAGCTCATTCTCACCA,RWDD2B,1938,324,301
RWDD3_ACCGAGAGCTCCTCCTGCAC,RWDD3,66,68,309
RWDD3_TGTGGTTCCCTGCACCAGAG,RWDD3,672,391,478
RWDD3_GAACCATAGGCTCCGACAAA,RWDD3,834,283,360
RWDD3_GGAGCCTATGGTTCATGAGC,RWDD3,180,141,141
RXFP1_CAGAATAACCTTCCTGAAGC,RXFP1,1121,583,409
RXFP1_CTTGGCATGTGTTGACAGAG,RXFP1,1572,427,330
RXFP1_TCCGGCTTCATTAACTCAGG,RXFP1,519,95,213
RXFP2_CAAGGATGACTGTGGGAACG,RXFP2,3375,764,1254
RXFP2_GCATGGAAATGCTAACAGCG,RXFP2,473,534,720
RXFP2_AGGGCATACATATTCGGACA,RXFP2,1060,432,268
RXFP2_CACGCTCTCCATCCACAGCA,RXFP2,1494,1399,1029
RXFP2_TGGTATTTCCACCCGGAAGA,RXFP2,938,308,293
RXFP2_GGAGTCCTCTATCCACACAA,RXFP2,519,234,290
RXFP3_ACCATGAATAAGGCAGCAGG,RXFP3,330,208,107
RXFP3_CGCTGATGAGAATCCGCACC,RXFP3,968,47,123
RXFP3_CCTGTGTTGGCTGCCCAACC,RXFP3,1026,882,1172
RXFP3_GCACGAGGCAGTAGAGGACG,RXFP3,1533,238,271
RXFP3_CTGGCGTCGTGGTCTACAGC,RXFP3,1205,398,359
RXFP3_GGCGTCGTGGTCTACAGCGG,RXFP3,1763,511,428
RXFP4_AGACACCTTCGTCTTCAACC,RXFP4,1652,753,669
RXFP4_CGGAGGTGCCCTCTGCAAGA,RXFP4,707,902,801
RXFP4_GGCATAGACGTTGAGGACAG,RXFP4,550,128,90
RXFP4_TGAAGTTTGACCTGGTGCCC,RXFP4,1033,74,189
RXFP4_CGGAGGCTGGGTGCAACAGG,RXFP4,1288,459,587
RXFP4_AACCTGGACAGAGGGACACC,RXFP4,0,29,0
RXRA_GCATGAGTTAGTCGCAGACA,RXRA,1474,152,317
RXRA_AGCTGATGACCGAGAAAGGC,RXRA,1566,118,175
RXRA_GAGGACGCCATTGAGGCCCA,RXRA,118,50,66
RXRA_CTTCAAGCGGACGGTGCGCA,RXRA,854,210,215
RXRA_GACCTACGTGGAGGCAAACA,RXRA,752,430,307
RXRA_CTGCCCGCAGCAGGATGACC,RXRA,1334,131,178
RXRB_CACTAGCTCTGTCAGCACCC,RXRB,333,201,230
RXRB_CGATCCATTGATGTTCGAGA,RXRB,1070,99,248
RXRB_CTGATCATCCAGAGGCAAGG,RXRB,2098,817,851
RXRB_CCGAGGAGATGCCTGTGGAC,RXRB,518,597,645
RXRB_GGCCACTGGCATGAAGAGGG,RXRB,453,49,21
RXRB_GCATGCCGCTGAGGGAGGAA,RXRB,1148,181,512
RXRG_TGACCTCACCTTGGAGGACC,RXRG,411,93,59
RXRG_GCTTCTAGAATCCTCTCCAC,RXRG,197,127,86
RXRG_CTTCAAGAGGACGATAAGGA,RXRG,1150,471,496
RXRG_TTTCCAATCCCGGGAAGCCC,RXRG,484,110,205
RXRG_CATCAGCAGCCTTGTCCACA,RXRG,2034,264,244
RXRG_CACTTCATGAAGTTTCCCGC,RXRG,550,11,231
RYR1_TGACGCAGAAGGCGAAGACG,RYR1,403,21,77
RYR1_GGAGCCCACTAGCAACGCGC,RYR1,1068,58,147
RYR1_CTGCAGGGCTCGCACAGACA,RYR1,2779,792,395
RYR1_CCGGCATGCACACAGCCGCA,RYR1,460,261,553
RYR1_GGACTGCAGGAGGACGCAAC,RYR1,1082,156,123
RYR1_CTCTTCGCAGCGGGAGCAGA,RYR1,672,170,265
RYR2_AGGCGCGGAACCATGGCCGA,RYR2,787,132,255
RYR2_AAGCTATGCTTGGCAGCAGA,RYR2,466,103,357
RYR2_CTGCAGCGCCCGGACAGAGA,RYR2,1345,262,347
RYR2_TCACCATGCCACTATAGGAA,RYR2,1847,487,769
RYR2_TTGAAGACCGGGAGGTGGAC,RYR2,352,165,378
RYR3_CTCGGGAGCCATGGCCGAAG,RYR3,1322,371,289
RYR3_GAAGTTCTGCCTGGCAGCCG,RYR3,563,227,336
RYR3_CAGGAAATGCTTGCCAACAC,RYR3,2177,728,925
RYR3_AACTGCATGGCCGTATAACA,RYR3,1218,411,809
RYR3_AGGATGTATAGTCCACCAAC,RYR3,605,412,334
RYR3_TCAGGAAGTAGCATCGAAGA,RYR3,860,581,499
S100A1_CTGGTTGAGCCCGGTAAGGG,S100A1,1626,568,627
S100A1_GCTGGTTGAGCCCGGTAAGG,S100A1,195,79,98
S100A1_CGCCCACTCGGGCAAAGAGG,S100A1,530,238,209
S100A1_ACAGCATAAGCTCTTTCACC,S100A1,582,40,206
S100A1_AGCTAGACGAGAATGGAGAC,S100A1,304,403,367
S100A1_GCTTGTGGCTGCTCTCACAG,S100A1,985,364,237
S100A10_GACCTGGACCAGTGTAGAGA,S100A10,1190,247,291
S100A10_ATCTCAAATGGAACACGCCA,S100A10,998,179,183
S100A12_CTTCAGCGCAATGGCTACCA,S100A12,1241,342,345
S100A12_ACCAATACTCAGTTCGGAAG,S100A12,1332,313,484
S100A12_CACCAATACTCAGTTCGGAA,S100A12,2063,794,1158
S100A12_CCACCAATACTCAGTTCGGA,S100A12,877,193,268
S100A13_CGTCAACGAGTTCAAAGAGC,S100A13,1619,352,324
S100A13_TGCAAGGCAGGAGGGCCGGA,S100A13,265,289,362
S100A13_CCGGCCCTCCTGCCTTGCAA,S100A13,936,166,133
S100A13_CTTCACCTTTGCAAGGCAGG,S100A13,246,274,300
S100A14_AGCGGCCAAGAGTGTGAAGC,S100A14,1002,271,301
S100A14_TAGAGTCATTGCAGCTGCCC,S100A14,218,14,90
S100A14_CCGTCCATACCGGCATGAGA,S100A14,2160,353,487
S100A14_ACCAGGTCCCGTAGCTCAGA,S100A14,212,196,277
S100A14_CCCTTCTGAGCTACGGGACC,S100A14,1026,200,344
S100A14_TCGGTCAGCCAACGCAGAGG,S100A14,1371,279,223
S100A16_CGCCAAACTCATCCATGAGC,S100A16,1705,713,749
S100A16_GGATAAGCTCATCCAGAACC,S100A16,829,190,193
S100A16_TGCTGATCTTGTTCTTGACC,S100A16,451,461,484
S100A2_CCACAAGTACTCCTGCCAAG,S100A2,648,314,1020
S100A3_CACCAACAAGGACTGCGAGG,S100A3,1367,867,307
S100A3_GCACCTTCCAGGAATACGCA,S100A3,628,304,151
S100A3_TGCACCTTCCAGGAATACGC,S100A3,738,255,382
S100A4_CATGGCGTGCCCTCTGGAGA,S100A4,704,293,269
S100A5_CTAGAGGACAACAAGTGACC,S100A5,976,282,233
S100A5_CCTGGACAAGAACAGCGACC,S100A5,492,218,141
S100A6_GGAAGACTTGGACCGGAACA,S100A6,365,81,70
S100A6_GGCTGATGGAAGACTTGGAC,S100A6,776,515,315
S100A6_GAGGCCACTCACCGAGCCAA,S100A6,252,17,68
S100A6_TGTGGAAGATGGCCACGAGG,S100A6,2185,39,75
S100A6_GGCCAATGGCCTGATCCAGG,S100A6,218,56,43
S100A7L2_GGAGTGGCACCCTGTTCCGG,S100A7L2,204,90,31
S100A7L2_CCACAAGATAATGCATGGAG,S100A7L2,1476,657,267
S100A7L2_TTCATCAAGTTCACCAGACC,S100A7L2,2459,704,857
S100A7L2_GCGATGTTTCGCCAATACAG,S100A7L2,1175,250,354
S100A8_GGTCATCCCTGTAGACGGCA,S100A8,233,61,62
S100A8_GGGCATCATGTTGACCGAGC,S100A8,538,751,101
S100A9_CCACCAATACTCTGTGAAGC,S100A9,1286,937,876
S100A9_AGTTCATCATGCTGATGGCG,S100A9,678,292,230
S100A9_TCCCACGAGAAGATGCACGA,S100A9,1890,715,1211
S100A9_AAGATGCACGAGGGTGACGA,S100A9,628,626,333
S100B_ATTCATGGCCTTTGTTGCCA,S100B,543,82,35
S100B_ACACTGGACAATGATGGAGA,S100B,750,142,359
S100B_AACGTCGATGAGGGCCACCA,S100B,474,294,281
S100B_TAGGATGTCTGAGCTGGAGA,S100B,650,163,105
S100P_GACGGAACTAGAGACAGCCA,S100P,648,47,73
S100P_GACGTCTATGATCATGCCCA,S100P,90,7,20
S100P_TTCCCGATATTCGGGCAGCG,S100P,344,258,382
S100P_TCCCGATATTCGGGCAGCGA,S100P,988,324,447
S100P_TGAACTCACTGAAGTCCACC,S100P,459,391,230
S100PBP_ACCGTCTTTAGGCAAGAGAG,S100PBP,968,143,212
S100PBP_CCTCAGCTAAGTACATCAAG,S100PBP,1341,241,196
S100PBP_ATCCTTCGGACCTCACCACG,S100PBP,1629,236,677
S100PBP_CACCGCGTGGTGAGGTCCGA,S100PBP,321,106,72
S100PBP_CTAATCACCCACTCACCGCG,S100PBP,2033,983,537
S100PBP_ACGAGAAGTCTGGGAGACGC,S100PBP,554,95,97
S100Z_CATGCCCACCCAGCTCGAGA,S100Z,1473,269,476
S100Z_CAAAGGCCTGACTCACCGAG,S100Z,692,551,347
S100Z_TGATAAGATAGTGCAGGACC,S100Z,1230,412,383
S100Z_TGCCAATAAGGACAACGAAG,S100Z,1567,313,253
S1PR1_CCATGATAGGCAGGCCACCC,S1PR1,960,302,509
S1PR1_CTTGTGGTAGAGCGGCAGCA,S1PR1,1205,717,843
S1PR1_TCTGCAGTACAGAATGACGA,S1PR1,1310,432,190
S1PR1_TCCGCTCGGGCACTTGCAGC,S1PR1,895,570,446
S1PR2_CATCTACACGTGGCGCAGCC,S1PR2,18,240,90
S1PR2_ATACAGCTTGACCTTGGCAA,S1PR2,713,53,65
S1PR2_TGTGCAGTGGTTTGCCCGGG,S1PR2,835,261,347
S1PR2_CCAGTAGATCGGAGGCGGCC,S1PR2,451,119,145
S1PR3_CGTACTGGTAATGCTCCCGC,S1PR3,275,329,169
S1PR3_TGTAAGCGATGCCGGCCAGC,S1PR3,519,143,68
S1PR3_CACGGTCTGGTTCCTCAGGG,S1PR3,764,99,156
S1PR3_ACGGTCTGGTTCCTCAGGGA,S1PR3,2188,307,80
S1PR3_CCAACCACAACAACTCGGAG,S1PR3,2204,1010,1348
S1PR3_GAACCCGGTCATCTACACGC,S1PR3,147,44,175
S1PR4_CTACAACCACTCGGGCCGGC,S1PR4,387,505,166
S1PR4_CGCCCAGTGGTTCCTACGGG,S1PR4,4369,484,878
S1PR4_CTTTGCCACCATGGTGCGGC,S1PR4,475,78,52
S1PR4_GCACCGTCTTCAGCAGGCGG,S1PR4,1320,201,252
S1PR4_AGTTGAGGACGGCCAGGGCC,S1PR4,116,201,91
S1PR4_CATCTACTCCTTCCGCAGCA,S1PR4,1464,537,660
S1PR5_AAGCTCCCATCAAGGCCCGG,S1PR5,275,59,98
S1PR5_AGTGGCGTCCGCAGCAGACC,S1PR5,468,248,287
S1PR5_CTTGCTGCGCACGCTCAGCG,S1PR5,791,262,80
S1PR5_CAGCCTCACCATGGCGCGCA,S1PR5,467,358,299
S1PR5_GATGGCCAGGAGGCTCAGCA,S1PR5,44,18,215
SAA4_GCAGGCCGTCAGGTCTGAAG,SAA4,391,49,77
SAA4_TAATCCCTGAAGATAGACCC,SAA4,289,156,476
SAA4_TGGGAGTCACCAGTGAAAGC,SAA4,763,537,957
SAAL1_CTCGGCAGAGTCTAACACAG,SAAL1,2192,672,542
SAAL1_GATCCTTTCAACCCAAACAC,SAAL1,663,74,80
SAAL1_CACACATATCTCCTGGAAAC,SAAL1,2939,907,918
SAAL1_GGGTCGCGACAAGGAGGAGG,SAAL1,303,18,95
SAAL1_TCCTCCTTGTCGCGACCCGG,SAAL1,42,132,195
SAC3D1_AGCCGAAGCCCTCCTGCACC,SAC3D1,316,151,404
SAC3D1_GCCAGGATCCCGACTCACCC,SAC3D1,1664,115,56
SAC3D1_TACCGCCAAGGCCTTGCGGA,SAC3D1,1052,24,183
SAC3D1_CTACCGCCAAGGCCTTGCGG,SAC3D1,62,85,67
SAC3D1_AGGTTGACCATGAAGCCCAG,SAC3D1,69,64,248
SAC3D1_ACTCTCTCCTCTCCGTCCAA,SAC3D1,464,118,47
SACM1L_GGGTAACCTCTGTGGACACA,SACM1L,554,0,0
SACM1L_ATGGTTTAGCATCGCTAGGA,SACM1L,166,10,46
SACM1L_GATCAGCGGTTTGTATGGAA,SACM1L,320,0,0
SACM1L_AGGATACAGCCATGTAACAC,SACM1L,1147,0,0
SACM1L_ATTGGATTCTCATCTCGAGG,SACM1L,184,42,9
SACM1L_TCTAGATGGACGGTTTCCAA,SACM1L,136,20,40
SACS_CCTCATGCCAGATATGCACC,SACS,656,262,62
SACS_AAACAGTAGAGTGTACCACG,SACS,1439,227,446
SACS_CTGATACAGATGAGGAGAAG,SACS,2409,314,295
SACS_TGAGGAAGGTGACGCCCGCG,SACS,280,313,420
SACS_ACAGCCGCTGCTCCGACACC,SACS,1395,1,139
SACS_ACGTTCCTTCACATCGCGCA,SACS,1816,506,303
SAE1_TGGCGGCGGCATTAGCGAGG,SAE1,808,22,100
SAE1_CGGCGGCATTAGCGAGGAGG,SAE1,816,1,54
SAE1_AGAAACGGTCAGGGCCGGCG,SAE1,1091,462,124
SAE1_GCCGACAAGAAGCACCCGAG,SAE1,917,0,0
SAE1_CACCTGTTCGTGATCCAGCA,SAE1,795,333,238
SAE1_TAGGTACTGCTTCTCCGAGA,SAE1,409,0,0
SAFB_AGCTCCGCCTCGTCAGAGAC,SAFB,620,64,62
SAFB_GGGTGTGGAAGATAACGGGC,SAFB,42,0,49
SAFB_CGGTCTGGTTGTGTCACAGG,SAFB,980,357,442
SAFB_GGAGCTCCGTCTTGTGCAGG,SAFB,1042,119,60
SAFB_TCTCGAGCCACAAAGTCAGG,SAFB,315,58,62
SAFB_TAGGAAGTCGAGGGACCGAA,SAFB,571,18,24
SAFB2_CGTGGAGCGTGAGCGCAGGA,SAFB2,1022,170,296
SAFB2_AGATCCGCGAAACGGAGAGG,SAFB2,618,92,108
SAFB2_TAACGAACGCCCGCAGCCCG,SAFB2,1289,129,348
SAFB2_TGTGCTAGACGAAACTGAAG,SAFB2,1998,161,164
SAFB2_TGGAAGACGATTCCAGAGAC,SAFB2,1104,236,303
SAFB2_AAGCGGAACCTGGACACGGG,SAFB2,207,27,181
SAG_GGACTTGCTGGTCTTCCCGC,SAG,626,60,147
SAG_CAAGCAACTTACCCACAGGC,SAG,3527,556,1111
SAG_GATCGGCTTGACCTTCCGCA,SAG,189,148,103
SAG_TGGCTGCAACATCACTGAAC,SAG,2592,617,559
SAG_TGCGCTTCCTCCATAGCCAC,SAG,259,91,40
SAGE1_GCAGCATGAAGTTCTTCAGG,SAGE1,1661,119,34
SAGE1_TCTTGTCAACTGGTCCCACA,SAGE1,253,82,231
SAGE1_ATCACCATGTCCATGAAGCA,SAGE1,694,253,606
SAGE1_ACCAGGTGGAACCGTTGACA,SAGE1,1342,151,275
SALL1_ATGCAGCAGCGCTCTCCAAC,SALL1,1561,286,199
SALL1_TATGCAGCAGCGCTCTCCAA,SALL1,618,266,122
SALL1_CGGGAACAGGTTCTCCACCA,SALL1,996,335,451
SALL1_TGCGTTCCCATACCGGAGAG,SALL1,2625,709,465
SALL1_AGCACTCACCATCTCGCCGG,SALL1,304,179,175
SALL1_TTTGAGCCAGCATGTCGCGG,SALL1,1139,338,188
SALL2_ATGGCCTGCCCATGAAGCCC,SALL2,426,187,171
SALL2_GGGCTCAGCCATCAGTGGAG,SALL2,837,123,213
SALL2_CTGTACCTGTGGCAGCGACC,SALL2,739,121,312
SALL2_CCATGGCGCACGAATCCGAG,SALL2,909,183,403
SALL2_CCCAGCGCGTCTGAGAACGG,SALL2,808,287,562
SALL2_GGTCCCAGCGCGTCTGAGAA,SALL2,601,545,441
SALL3_CCAGCACCTCAAGTCGGACG,SALL3,3928,724,800
SALL3_GCTGCGCCGAGTTCTTCAAG,SALL3,258,93,62
SALL3_GCCCAGCACCAACGTGACCC,SALL3,1967,251,383
SALL3_GATGCACTACCGGACGCACA,SALL3,451,110,98
SALL3_GGTTCTCCACAGACAGGCGG,SALL3,358,335,254
SALL3_AAACCGCGTGAATGGGCGGC,SALL3,413,68,179
SALL4_AGTGGCGTTATTCACAACGG,SALL4,1332,201,30
SALL4_GGCCAACTTCCTTCCACGGC,SALL4,490,122,183
SALL4_ATCCACGAGCGGACTCACAC,SALL4,528,145,367
SALL4_AACCTTGACATAGGTCGGCG,SALL4,951,410,142
SALL4_TGCATTATCGCACCCACACC,SALL4,1332,759,736
SALL4_TCCCACGCCCTCCACTCAAG,SALL4,2302,380,595
SAMD1_GATGGCTTCTCTTTGCGCCC,SAMD1,12,30,0
SAMD1_AACTTACGGACAGCCAAAGG,SAMD1,1686,654,750
SAMD1_ACCAGGGCCAGGATGAAGGG,SAMD1,492,27,165
SAMD1_ACCACCAGCTTAACGGCGAG,SAMD1,1532,175,1077
SAMD1_CAGCGCAAGCGCTCCGAGAC,SAMD1,503,306,443
SAMD1_GCATCTGCCGGATGGTGCGG,SAMD1,388,56,53
SAMD10_AGAAGGCCTCCACGTAGACG,SAMD10,1307,466,382
SAMD10_CATAGTGGTCAGAGTACAGC,SAMD10,290,45,144
SAMD10_CACCTGGCACCAGCCTCACG,SAMD10,883,129,256
SAMD10_TGCCAGGTGTCCGAGGCAAG,SAMD10,1380,91,341
SAMD10_GGACCTCAGCTCGGTGAACA,SAMD10,2885,1007,1114
SAMD11_TGAAGACGCTTATGTCCAAG,SAMD11,682,403,302
SAMD11_GCCAGCGATGGTGACAGCGA,SAMD11,320,83,130
SAMD11_CGTGAACATCTCTTTCCGAG,SAMD11,1405,323,606
SAMD11_TAACGAGGTGGCGGCTGCGG,SAMD11,380,78,140
SAMD11_AGCAGTCGCTGCTGATACGG,SAMD11,756,36,126
SAMD12_CTGAGGGTTCTCCATAAACA,SAMD12,2106,311,527
SAMD12_GGTGGCTCTATGGACCCAGC,SAMD12,0,3,0
SAMD12_GGTGAAGCTATCTAAACCGG,SAMD12,108,33,0
SAMD13_GACCACCTGATCCTGCAGAC,SAMD13,911,373,157
SAMD13_CCAGAAGGAACCGAACCAAA,SAMD13,1044,989,852
SAMD14_CCAGCTCCTGGCTCATGCAC,SAMD14,1531,110,202
SAMD14_CTTGCCGCTGTCCGTGAACC,SAMD14,1450,453,397
SAMD14_CTCCTTCCGGCTCTTGCCCG,SAMD14,1456,405,127
SAMD14_TCGCCGAAAGTTCCTGGACC,SAMD14,1021,368,311
SAMD14_TCCCGCAGCCATCGGTCACC,SAMD14,455,79,234
SAMD14_ACTGTCCCGAAGCCTGGAGC,SAMD14,1618,289,45
SAMD15_CGAACCAGACACCATGGCAA,SAMD15,2956,1068,490
SAMD15_AAGAACGTGCAGCTGAAACC,SAMD15,1927,263,86
SAMD15_GACTGGTCCAGTGCTACCAC,SAMD15,949,230,154
SAMD15_TGTCCCAAGAGTTGAAGGAA,SAMD15,1176,543,406
SAMD15_GGCAATTTCTCGGCATACGC,SAMD15,1249,422,226
SAMD3_CGCAGACCTCCATGTTGAAA,SAMD3,1883,1010,815
SAMD3_CACCCAGCAGTACAATGACG,SAMD3,1639,598,869
SAMD3_GATACTTAGTCATGTCGGCC,SAMD3,155,0,43
SAMD3_TGATCGGATGGTTCAGCAAC,SAMD3,1907,738,690
SAMD3_TCCTAGCCAGGAGAAGCAAG,SAMD3,1014,216,283
SAMD3_TCTCCTAGCCAGGAGAAGCA,SAMD3,967,275,223
SAMD4A_GAACGCGAGGCCAACAGCCC,SAMD4A,707,319,144
SAMD4A_CTCCAAGTGATTCAGCCACA,SAMD4A,830,769,720
SAMD4A_CCAAACCAGCCTCTAGGACA,SAMD4A,923,256,211
SAMD4A_CGGCATATTTGTGCAGGCGG,SAMD4A,898,127,157
SAMD4A_CCGTCCAGGACATCATCGAG,SAMD4A,1444,610,668
SAMD4A_CGAATCCACTGGTGCCCAAG,SAMD4A,2102,270,545
SAMD4B_CATGATGTTCCGAGACCAGG,SAMD4B,1862,38,168
SAMD4B_TGAGGGCATAGGAAAGCAGC,SAMD4B,525,64,29
SAMD4B_AGCGCTTCAGTGGGCTAGGG,SAMD4B,813,176,194
SAMD4B_CGTAGCTCATCTGTGAGAAG,SAMD4B,2143,157,508
SAMD4B_CGTCCTCAAGTCCCTAGAGA,SAMD4B,1746,117,158
SAMD4B_TTTACACGGGTGATGGGCAA,SAMD4B,257,102,137
SAMD5_ATCGTAGCCGTTATCCACGA,SAMD5,2172,445,506
SAMD5_AAGCGTGAAGTAGAGGCCGG,SAMD5,596,213,80
SAMD5_CTCAAGCGTGAAGTAGAGGC,SAMD5,418,101,125
SAMD5_CTTACCTTGCGGGAGTACGG,SAMD5,873,191,204
SAMD5_TTCAAATCCACAGGTCCCAA,SAMD5,459,74,89
SAMD7_TCCACAGTTGGAGGCCCAAA,SAMD7,1277,392,567
SAMD7_TTGGGCCTCCAACTGTGGAC,SAMD7,1072,406,687
SAMD7_TTGTCCAGTCGGATCTACCC,SAMD7,844,191,222
SAMD7_ACTGCCTTTATGGATTCAGG,SAMD7,27,86,0
SAMD7_CACCACTACCCTGAAAGCAA,SAMD7,1206,731,502
SAMD7_TGAGCATAGTCTGAACAACC,SAMD7,1108,358,626
SAMD8_TGAGGCGCTTCACTCCGGCG,SAMD8,1248,176,92
SAMD8_ATCAACTCTGCATTCGCCGC,SAMD8,121,180,42
SAMD8_CCATGGGATTCTAGGAACGC,SAMD8,1465,360,444
SAMD8_GGTGTTGTCCTGGCACGGAG,SAMD8,933,144,91
SAMD8_CGAGCCTTTGCCATTTGGAG,SAMD8,2817,341,511
SAMD8_TCCAAAGAGGTTGAGAACCC,SAMD8,1134,170,58
SAMD9_CTGGTGTCTTCTTAAAGCAC,SAMD9,1288,254,259
SAMD9_CTGCATCTCTCTACTTGAAG,SAMD9,1779,776,1008
SAMD9_ATGCATTTGGGTTGAACCGA,SAMD9,668,90,187
SAMD9_CCAGAGAATGTGCATAGCCA,SAMD9,1610,612,1096
SAMD9_TGAATGGAGCAGTCTTGAAG,SAMD9,2023,477,630
SAMD9L_GACCAGTTAGACGACGCAGG,SAMD9L,217,138,49
SAMD9L_AGAGGATGTCTTGACTGCAC,SAMD9L,931,159,194
SAMD9L_GGAGAGTGAAGGACTAAAGC,SAMD9L,1161,289,501
SAMD9L_CCCGTTGCTTGGAATTGGCC,SAMD9L,983,414,306
SAMD9L_TCCTGGCCAATTCCAAGCAA,SAMD9L,1511,501,582
SAMD9L_AGAAGTGTATTCGGGAGCCA,SAMD9L,818,213,465
SAMHD1_GACGCCCTTTATATGGCCAC,SAMHD1,151,19,11
SAMHD1_TCTTCGACAGGTGATTCAAG,SAMHD1,709,100,77
SAMHD1_TTGCTCGCCCGGAGGTGAAA,SAMHD1,1304,337,544
SAMHD1_AGGATGTCTAGTTCACGCAC,SAMHD1,689,235,110
SAMHD1_CAATGATTCGGACGAGGAGA,SAMHD1,368,182,185
SAMHD1_ACCAGTCTGCCTCTGCGGAA,SAMHD1,45,32,76
SAMM50_GGTCGCTGGGCCTCTTACCC,SAMM50,666,11,0
SAMM50_TCAGGTCCACTTGATGGAAG,SAMM50,1260,176,234
SAMM50_TCTTCTTGGTCGTGCAGAAA,SAMM50,854,388,444
SAMM50_GGAAGGCGTATGGCGAGAAC,SAMM50,1073,194,206
SAMM50_ACTGGCAGGCTACACTGGCG,SAMM50,1396,0,0
SAMM50_GCTTGACGGCTTATCACCAA,SAMM50,1474,330,315
SAMSN1_ACAGTTAGATGACTGCCCAA,SAMSN1,643,131,98
SAMSN1_TGTGGATGTCATCTCAGAAG,SAMSN1,1664,257,138
SAMSN1_AATCCGTATGCACTCTGGCA,SAMSN1,789,392,366
SAMSN1_GCCATCCAATGTTTCAGAGA,SAMSN1,1181,193,96
SAMSN1_TAGGAGATCCATATCTGAGC,SAMSN1,392,118,38
SAMSN1_AAATAGCACAAGTTGGACCC,SAMSN1,725,229,197
SAP130_TCCAGTCATCACTACGACAG,SAP130,2789,221,261
SAP130_AGAAGCTCCAATGTGAAGAG,SAP130,709,217,35
SAP130_GGCAACAATCAGTGGACAAC,SAP130,1008,135,78
SAP130_TGTGGTAAGGCCCTATCCAC,SAP130,717,65,30
SAP130_CCTTCTCAGATTGCAAACAG,SAP130,1742,1005,994
SAP130_CAGGCCGGCGAGATAGAAGC,SAP130,669,103,120
SAP18_GAAACCGATCGACCGCGAGA,SAP18,462,0,0
SAP18_GAAGTTACCTACCGATAGCC,SAP18,350,294,348
SAP25_CAACTCACCCACACCGGCCG,SAP25,620,439,287
SAP30_ACGCCTGACGAGATGAGCCG,SAP30,1656,360,252
SAP30_CCTGACGAGATGAGCCGCGG,SAP30,1403,113,482
SAP30_CTGACGAGATGAGCCGCGGC,SAP30,36,46,114
SAP30_ACCGCTCACCATCCTCCCGC,SAP30,1446,354,230
SAP30BP_CCCGGGCTGTGGGAATAAGA,SAP30BP,1730,413,535
SAP30BP_ACCTGAGGCTGATGACCCAA,SAP30BP,283,110,295
SAP30BP_GCTTGGCACCAACTACCCAA,SAP30BP,307,42,0
SAP30BP_ACACGTCCCTGCAACAAGCC,SAP30BP,704,234,448
SAP30BP_ACGGTCACCACCAGCGCCAG,SAP30BP,1442,759,213
SAP30BP_CTGCTTGGCCTTCTTCACAA,SAP30BP,2704,1630,1639
SAP30L_CGGAGGAGGACAGCCGCGAA,SAP30L,1841,685,535
SAP30L_GCTGAAGGAGGCGTTGCCCG,SAP30L,173,18,12
SAP30L_CAACGCCTCCTTCAGCAAGA,SAP30L,2437,677,861
SAP30L_AACTGGGCCTTATTGAAGCC,SAP30L,870,235,110
SAP30L_CCATGTAGATGAAGTAGGCA,SAP30L,1172,322,207
SAP30L_CTGGACCAGAAATCGGAGGG,SAP30L,626,284,190
SAPCD1_TTGGGCTGATACTCACCCAA,SAPCD1,131,222,206
SAPCD1_ACAGATTTACACTCAGAGCC,SAPCD1,859,199,269
SAPCD1_GGCTAGTTCCTGCACCACCC,SAPCD1,581,165,293
SAPCD1_TGAGAGGAGGGTTTAGACAC,SAPCD1,1316,107,228
SAPCD2_GGTGAGGTGGACGTCAGGGC,SAPCD2,107,7,95
SAPCD2_TACACTCACCCGGCTGGCAC,SAPCD2,618,145,20
SAR1B_CAATGTACTGTGCCATCCAG,SAR1B,831,165,218
SAR1B_TGTAAACGTCATGCCAGCAA,SAR1B,2232,362,463
SARDH_TTGGAGGCGGAGGTAGACAG,SARDH,1326,240,339
SARDH_TCGTCACCGAGCGCATCGAG,SARDH,1449,484,438
SARDH_CTGGGCAGTTCTCAATGACC,SARDH,788,254,239
SARDH_AGCTTCTGCCCGAGGAGCAC,SARDH,443,127,89
SARDH_CACACGGGCTGGATCCAGAA,SARDH,1934,299,671
SARDH_CACGTTGGCCGTGCTGGGCA,SARDH,422,8,135
SARM1_CCTGGCCGAGGTCTTCCAAC,SARM1,1116,271,206
SARM1_CCCGCTCGCCTTCTCCAAGG,SARM1,1377,599,633
SARM1_CAATGGCACTAAGTCGGCGC,SARM1,919,63,389
SARM1_AATCGGGCATCACCCGCAAG,SARM1,1000,152,200
SARM1_TAGGTGTACTGGCGGAAGCG,SARM1,1176,194,296
SARM1_ATGTCTTCATCAGCTACCGC,SARM1,938,49,115
SARNP_CATTGAGCTCCCTGTCAAAG,SARNP,2152,102,39
SARS_TGTTTCGGGTGGATAAAGGA,SARS,600,39,10
SARS_CTCCGCGTCACACTTCAGGA,SARS,476,0,0
SARS_AGATGGCTTTGAAGGCGAAA,SARS,1213,656,568
SARS_CCGACTTCCCAAGGTGCGAA,SARS,817,36,79
SARS_GATGGACTCGGAAGATGCCA,SARS,19,0,5
SARS_CTGGTAGAACTCCTCTGCGG,SARS,1851,7,47
SARS2_TTGAGATCTTTGAAGCGGGC,SARS2,55,24,20
SARS2_CAAACACTGCTCCGCGGAGA,SARS2,646,103,114
SARS2_TGTCCCACGTGTCTGGCCAC,SARS2,264,54,9
SARS2_CCAGGCTCGAGTGCTCCACA,SARS2,872,53,195
SARS2_CAACCAGACCCACCCAGACG,SARS2,4350,304,74
SARS2_CTGTACGAGTATGCGCGCGA,SARS2,974,309,287
SART1_GCGGTAGCGGTGGCGAACGA,SART1,78,1,15
SART1_CTCCTCGATGCTGAGTGAGG,SART1,1248,105,57
SART1_GGAGGTTAATGCCATCAAGA,SART1,590,46,77
SART1_TATGGCCTTGCGACAGCGAG,SART1,637,4,94
SART1_GGCTGCAGTGTCGTCCAGCC,SART1,165,455,437
SART1_TGTCAGCACTCTGGTGGAGG,SART1,2233,113,292
SART3_GGATCCATAAGTCTGGGACA,SART3,331,19,0
SART3_TAACAAAGCACTACAGCAGC,SART3,912,0,72
SART3_AGTTCGCTCCGTGTTTGAAA,SART3,752,490,837
SART3_GCTGCATGACGAGATCAGCA,SART3,1128,5,99
SART3_GGAGCTTACCAAGGTGAGGA,SART3,193,40,27
SART3_AGGTTAAGGCGGCTAGGACA,SART3,630,111,270
SASH1_AATCTGCATACTGCTGCGCC,SASH1,715,189,100
SASH1_GGACCGCAGCTGAAGTGACG,SASH1,674,333,320
SASH1_TAACGATGAGCGATGAGGAG,SASH1,910,212,288
SASH1_AGGAATACGAGGCCCAGCAC,SASH1,703,249,502
SASH1_TCTGTTGGTTTCCCTCCAGG,SASH1,438,54,262
SASH1_TTTCCCAAGAGAGATGCGAG,SASH1,808,396,403
SASH3_GCCCTCCAATGCCAGTGAGA,SASH3,1012,495,757
SASH3_AACTCCTTCTCGCTCACCAC,SASH3,814,481,312
SASH3_CCGAACCATGAACAGGAAGA,SASH3,897,989,383
SASH3_AGCGCCATCTTCTCAGGGCC,SASH3,675,247,184
SASH3_GCTGGGCCTACTCAATGGCA,SASH3,865,125,102
SASH3_CATCATGGATCCACAGCACC,SASH3,880,160,549
SASS6_AACTGTTTGGTAACTGCCCA,SASS6,360,33,65
SASS6_TTTGCAGACCATCAGAGAGA,SASS6,1550,61,137
SASS6_CTACCTTTGTTCCTGAACCA,SASS6,1510,72,163
SASS6_CCTTTGTTCCTGAACCAGGG,SASS6,422,38,0
SASS6_GCAACTGGACTTTACACGAA,SASS6,1376,24,43
SAT1_ATTCAACAGTGGCGGGACGG,SAT1,597,105,173
SAT1_CTTGCAGATCTGCTAGAAGA,SAT1,1177,547,500
SAT1_TGTAGAACCACTGACTACAC,SAT1,569,162,276
SAT2_CCTCTGGTTCCAGTCCAGGA,SAT2,1395,652,536
SAT2_CGTCCTGGACTGGAACCAGA,SAT2,1186,480,302
SAT2_TATCCCATAGCCCACCACGC,SAT2,1687,108,239
SAT2_GCAGAGATTCTTCCAGCGCC,SAT2,288,11,36
SAT2_CGGATCCGAGAGGCCAAGGA,SAT2,1199,976,378
SAT2_GGCTTCCGTGCGGATCCGAG,SAT2,999,405,143
SATB1_AGAAATTCTGCATAGCCCGA,SATB1,160,235,250
SATB1_CGCGATGAACTGAAACGAGC,SATB1,1611,498,365
SATB1_TGCTAAGTACCTGTGAAAGG,SATB1,2119,530,749
SATB1_GCATCTGTCACGTAAGACAG,SATB1,590,133,310
SATB1_GCAATGCCATTTCGATCAGC,SATB1,740,441,474
SATB1_ACCAGCCAAGATTGCCCGCC,SATB1,602,137,133
SATB2_TCGCATCTACCAGGATGAGA,SATB2,638,234,147
SATB2_AGTGGCATTCAACCGCACAC,SATB2,491,872,860
SATB2_CCCACCTGAAGATACTGACC,SATB2,1312,468,1065
SATB2_CATCTGTCACATAACTGAGG,SATB2,811,149,177
SATB2_GGAGCGCAGTCTCCACCAGC,SATB2,769,342,456
SATB2_CTCCGGGCTGTTACCTCCCA,SATB2,600,845,298
SATL1_TTTAGACCTTTCCTCTGAGG,SATL1,385,219,82
SATL1_TCTTGTCGTCATTTGGAACC,SATL1,1196,526,659
SATL1_CAACCAGGCCTGAGTCAACC,SATL1,1822,228,871
SATL1_CAATTAGTGCTGAGCCAACC,SATL1,1485,307,260
SATL1_CAACCAGGCATATGGGAACC,SATL1,1841,215,329
SATL1_CTAGACATGAGACAGTCAGG,SATL1,193,121,171
SAV1_ACTCTTCCAGCTGGCTGACC,SAV1,248,405,436
SAV1_GGCTGGTATGTGACAGGAGG,SAV1,264,278,190
SAV1_TCAACTCGTTCCCATCCAGG,SAV1,1327,653,675
SAV1_GGAAGTCCTTCTCGCTCAAG,SAV1,403,484,194
SAV1_CTGTGGACTGGACAATGAGA,SAV1,1345,333,246
SAYSD1_TGGATGTACGTCGGGACACG,SAYSD1,516,213,308
SAYSD1_AAAGACTGGTCCCAGCACGA,SAYSD1,395,340,697
SAYSD1_CGTCTCACCTGAACTAGGCC,SAYSD1,1257,142,231
SAYSD1_TCACCTGAACTAGGCCGGGC,SAYSD1,730,85,49
SAYSD1_TGTGCGCCCTGACTGGCAGC,SAYSD1,415,369,937
SAYSD1_GCGGTTAGCTGAGTTTCGGG,SAYSD1,19,1,3
SBF1_GACGCACAGTGTGCTGAGCA,SBF1,1369,245,181
SBF1_TGCCGCCCTCACGGAGCACA,SBF1,273,303,268
SBF1_ACCTAGCTGGCGGAAGAGCA,SBF1,1423,231,439
SBF1_GCTGTTTGCACCGAAGACGC,SBF1,942,201,135
SBF1_CTGACCTGTGAAGGCTCCGC,SBF1,243,138,226
SBF1_AACTCACCAGCTCGATGCCC,SBF1,594,160,23
SBF2_AGAACTTCCAGTAGCTGAGC,SBF2,570,76,32
SBF2_TAGTGATGCTTGTAGAGCCC,SBF2,401,49,150
SBF2_TTGTGCCTGCCTTGTCCCAG,SBF2,724,50,91
SBF2_GGTGGCAGCTGTCCAGAGAG,SBF2,433,137,204
SBF2_AGAGATTTCCACAGAAGGAC,SBF2,340,131,109
SBF2_GATGAAGTAGTCAGCCAGCC,SBF2,15,18,134
SBK1_CTGCATGTCTTCAGTGAGAA,SBK1,1425,1084,1120
SBK1_CTAGTCCGGGAGCTGGGCAA,SBK1,171,249,235
SBK1_GCTGAAGAACTTCCTACGGG,SBK1,45,66,4
SBK1_CATCATCAAGGTCTTTGACG,SBK1,826,328,399
SBK1_CGAGTGCCGCCGCGTAAAGC,SBK1,1074,1075,741
SBK1_CGCTGGAACATGCGCAGCGC,SBK1,233,68,116
SBK2_TGACCGACTTCGGCCACACG,SBK2,855,104,310
SBK2_AGTCGGTCAGCTTGAAGCGC,SBK2,1457,265,335
SBK2_AATGCCGTAGGCCGTCACGA,SBK2,1126,276,221
SBK2_AGAACTCGTACAGGAAGCCA,SBK2,2186,573,466
SBK2_GCCTCGTACCTTTCTGACGA,SBK2,528,212,84
SBK2_GACGCTGAGTGCTCAGACCC,SBK2,292,96,264
SBNO1_TGCTTCTGAACCACGCAACA,SBNO1,1044,0,0
SBNO1_CGGTGATGACTTCGATGGAG,SBNO1,2258,69,42
SBNO1_GATGGTGCCGGTGTAGGAAA,SBNO1,179,0,0
SBNO1_GGCAATTACATATGCAGCCC,SBNO1,284,0,0
SBNO1_GGCTGAGCAATATTAGCAGG,SBNO1,657,137,52
SBNO1_CTTGCTGCTTTGAGTGAGAG,SBNO1,2314,619,811
SBNO2_CTCTAGCTGCAGGGCAGACA,SBNO2,1916,935,547
SBNO2_CTGGTAGCTGACGAGAAGCG,SBNO2,498,322,414
SBNO2_CGTGTCCACGATGTCCGACA,SBNO2,2673,225,778
SBNO2_CTTTGGTGGCAAGCTGGAGG,SBNO2,1022,230,251
SBNO2_CGGCTGTCGCTGGAGAAGGC,SBNO2,1232,247,412
SBNO2_CTGTACAGGAGGCTGCCCGC,SBNO2,361,126,149
SBSN_GATCTTCCAGCCATCAAGGA,SBSN,2196,436,297
SBSN_CCACAGGGCAACCATCAAAG,SBSN,4235,1447,1226
SBSN_GCGGTCCAAGGGTTCCACAC,SBSN,87,20,12
SBSN_CATCATGGCGTTAGTCAGGC,SBSN,795,125,120
SBSN_ACCAGGCGGGAAGTGAGGCA,SBSN,430,0,258
SBSN_TGGTATTGGACAAGCAGGAA,SBSN,1116,297,345
SBSPON_GGAGATGGCCTGGACTCCGA,SBSPON,25,91,125
SBSPON_ATGGATGCAGTATCTCCGAG,SBSPON,262,310,200
SBSPON_GCAGAGGTAGTTATAAAGGC,SBSPON,776,251,393
SBSPON_AGCCTACAACCCGTGTGCGG,SBSPON,432,105,93
SBSPON_TACGACAGGGCGTGCCCAGG,SBSPON,61,186,105
SBSPON_GACTACGACAGGGCGTGCCC,SBSPON,308,84,308
SC5D_CATACGTGTATCCAGCCACA,SC5D,344,303,287
SC5D_CAGAGGCCTTCATCATAGAC,SC5D,730,454,853
SCAF1_CCACGGACAGCTTCCTCGCA,SCAF1,2263,431,327
SCAF1_TGCCCAGCTACTCACTCGCC,SCAF1,752,120,183
SCAF1_CACGCGCAAGAAGTCCAGGC,SCAF1,1000,59,137
SCAF1_CTCGTCAGGTTTGAGGAAGG,SCAF1,1517,197,110
SCAF1_CAACCTGGCGAGCCGAGCGA,SCAF1,582,22,34
SCAF1_TACCGCTACTTCCGCAAGCA,SCAF1,1718,388,334
SCAF11_AGATAGCTCGAAGACAGACA,SCAF11,1121,413,391
SCAF11_TGGTAGTCCCTGAGATACAC,SCAF11,726,244,195
SCAF11_ACTCCTGTGTGGAGATGCAA,SCAF11,927,220,240
SCAF11_GATGGACATCTGCATCCAGC,SCAF11,15,39,39
SCAF11_CCTAAGAATGAGTCAGCCAG,SCAF11,1786,424,439
SCAF11_TAGGCAGAAGAGACATGAAC,SCAF11,957,135,98
SCAF4_GGAGCAGATGATTCCTCCCA,SCAF4,362,197,52
SCAF4_ACCAAACTCTTCCAAGAGAC,SCAF4,287,215,371
SCAF4_TTTCCGGTTTCACTTGAGGG,SCAF4,457,422,201
SCAF4_TACACAGAAGCCGCATCAGC,SCAF4,362,186,208
SCAF4_TCAGACAACTCAAGGCCAAC,SCAF4,917,448,533
SCAF4_CGTCAACGCCTTCAACCAGG,SCAF4,1481,352,1198
SCAF8_TCCTCTGTCTTCGCCGAGCG,SCAF8,357,614,489
SCAF8_GGGCCTCCGCAGCGACAACA,SCAF8,1096,99,74
SCAF8_ATGTCGGGATTGTCGCACAA,SCAF8,2144,521,828
SCAF8_TCCCGGCTGCCATATCCAAA,SCAF8,1696,234,267
SCAF8_GCAAAGTCCTCAAGGCCAGC,SCAF8,492,231,195
SCAF8_ACAGGGAGTCTCCTTTAACA,SCAF8,1626,316,498
SCAI_CACGTTTCGAACATCCAGAA,SCAI,2049,669,574
SCAI_CAAACGAAATCAGTCCCACA,SCAI,879,139,229
SCAI_CTGATTTACCTGTCGGCCAC,SCAI,616,448,446
SCAI_TCGAATCGCCTTGCTGAAAC,SCAI,2560,1826,1584
SCAI_ATCGGTATGGCTTGAAGCGC,SCAI,223,36,37
SCAI_ATCATCTTCAGCACCTCCAG,SCAI,990,88,139
SCAMP2_TGTTGCCCGAGAACCAGGCC,SCAMP2,984,663,199
SCAMP2_CATATCCGCTGGTAGTCGGC,SCAMP2,167,98,153
SCAMP2_AGCTGCCGAGCTGGAACGCA,SCAMP2,1271,385,357
SCAMP2_ACTGATGGCTGGAGAACCGC,SCAMP2,1642,170,124
SCAMP2_GCTCACCAACCTCTGAGAAG,SCAMP2,838,334,186
SCAMP2_TACATCCACTGGGTCCGCGA,SCAMP2,1302,540,597
SCAMP3_GCAGCTGCCAATGCAGCCGC,SCAMP3,23,23,44
SCAMP3_TACCAGCAGACAAAGGAGCA,SCAMP3,328,175,351
SCAMP3_ACAGGAGGAGCTCAACCGGA,SCAMP3,177,141,135
SCAMP3_AAGCGTGGCATACTGCCGGC,SCAMP3,192,30,18
SCAMP3_CTGGCGCAAGTCACCTGAAA,SCAMP3,1839,548,542
SCAMP3_ATGGCTCAGAGCAGAGACGG,SCAMP3,535,164,146
SCAMP4_CTTCTCCGACGAGATCCCAG,SCAMP4,486,104,235
SCAMP4_ACCAGGACCTGGTGCTCCAC,SCAMP4,383,259,40
SCAMP4_AACCAGCACACGTAGCCGCA,SCAMP4,1198,279,340
SCAMP4_AGCCGGAGAAGCCAATCGCC,SCAMP4,172,15,124
SCAMP4_GGATTCTTCCAGTACAGCCC,SCAMP4,466,35,80
SCAMP4_AGGTGCACAGGATCTACCGA,SCAMP4,1276,316,205
SCAMP5_ACCTGGTGGGCTGTCTCGCG,SCAMP5,907,292,203
SCAMP5_TCGCGTGGCTGATCGGAGGC,SCAMP5,874,1139,538
SCAMP5_CAGTCCTGCGGCAGAGGAGG,SCAMP5,294,41,58
SCAMP5_GCCAATGTTCGTTCCGAAGA,SCAMP5,651,550,546
SCAMP5_AACGAACATTGGCTCGGCGG,SCAMP5,408,16,32
SCAMP5_GCTCAGGAGGAGTGGACCAC,SCAMP5,1678,734,323
SCAND1_GCGGCCTGACATCCGCACCA,SCAND1,1897,430,385
SCAND1_GGATGTCAGGCCGCAGCCAC,SCAND1,480,164,83
SCAND1_GGGACCGAGTCTAGAGCCGG,SCAND1,76,100,89
SCAND1_GGACCGAGTCTAGAGCCGGC,SCAND1,585,2,17
SCAND3_TAGAGAATCCGGTCTCACAG,SCAND3,26,159,49
SCAND3_ATCTTAGTCTGCTCTCAGGA,SCAND3,178,252,291
SCAND3_CATCAAATCTAGCCAAGCGA,SCAND3,1276,273,237
SCAND3_GACTCCTTTGCAGAATCCAG,SCAND3,117,65,59
SCAND3_CGGGAGCATAATCCTGAGAG,SCAND3,1491,433,771
SCAND3_TATGCTCCCGCACCCAAGAC,SCAND3,1086,301,265
SCAP_TCGACATGGTCAAGTCCAAG,SCAP,1395,312,531
SCAP_CCCTGCCATGAACCTACGCG,SCAP,1989,243,468
SCAP_CCTCTACACCAGGAAGAGGA,SCAP,13,64,27
SCAP_CAATGATGTCAGGATCAGCA,SCAP,778,217,126
SCAP_ATCTGCTGGACATAAGCCAC,SCAP,391,132,51
SCAP_ACAGGTCCTGTTCCTGGCAA,SCAP,1032,54,108
SCAPER_AAGCCCGAATTGAACAACAG,SCAPER,1588,396,335
SCAPER_GGAAGAGCGTCAGAGAAGAC,SCAPER,300,202,317
SCAPER_AGGAGAAGGATGTCCGGAAG,SCAPER,1520,346,361
SCAPER_GCTAGCAGATCGTCTAGAAA,SCAPER,816,570,410
SCAPER_AGGTGTCAGTTGGGCTGACA,SCAPER,171,319,167
SCAPER_TGTCATGACTATTGGAGCGC,SCAPER,1443,302,1986
SCARA3_TTCATTATAGTGAGGTCGGC,SCARA3,145,91,54
SCARA3_ATTATAGTGAGGTCGGCCGG,SCARA3,137,66,67
SCARA3_CCAACACAGCCACGGCCACC,SCARA3,764,397,564
SCARA3_ATCAGCCCATCTACTTACCC,SCARA3,15,85,126
SCARA3_ACTTGAGCATGCTGTGCACG,SCARA3,2479,258,690
SCARA3_CCAGGCCTCAAAGGCTCAAA,SCARA3,782,410,450
SCARA5_GCGTGGAAGTGTACCACGAC,SCARA5,22,46,86
SCARA5_TTAGGTGACCGAGGCCCAAA,SCARA5,462,349,436
SCARA5_CAAGGGCGATGATGGGAAGC,SCARA5,1601,266,242
SCARA5_TGATCACCTTTGGGTCCCGG,SCARA5,565,92,96
SCARA5_GGAGATGTTCCGCAGTGCGA,SCARA5,584,144,197
SCARA5_AGCATGCTTCAGGGCCGACA,SCARA5,1531,203,474
SCARB1_AGATGGACCCGTTGGCAAAC,SCARB1,2470,1094,1337
SCARB1_CTCGCTGGAGTTCTACAGCC,SCARB1,900,508,611
SCARB1_GCCCGTTCCACTTGTCCACG,SCARB1,655,396,447
SCARB1_CTTCGCCTTGCAGGGTGCGG,SCARB1,431,178,23
SCARB1_GCGGTACTCGAGGAAGGACA,SCARB1,191,10,5
SCARB1_GCCGTCGCTCATCAAGCAGC,SCARB1,430,100,125
SCARB2_ACCCTACATCATCATGGCGC,SCARB2,1072,6,36
SCARB2_GGAACTTTATACCGAAAGGC,SCARB2,592,232,173
SCARB2_CTGCTGATAGGCTTTCAACA,SCARB2,3061,764,944
SCARB2_ACTGAGTATACACAGGCAGA,SCARB2,638,85,100
SCARB2_GATGCTGCTTCTACACGGCG,SCARB2,725,230,284
SCARB2_CCGATGCTGCTTCTACACGG,SCARB2,1561,1315,1482
SCARF1_TCCATGGAAACCGGCTGGGC,SCARF1,919,240,113
SCARF1_GGTCCTGTGATACTGTGACA,SCARF1,237,107,10
SCARF1_TCCTGCGAGCCGGGCTGGAA,SCARF1,1525,414,234
SCARF1_CGGTGTTGCACTGGCACGGG,SCARF1,642,266,343
SCARF1_GACGAGGTGTGTGTGAAGCC,SCARF1,876,48,74
SCARF1_AGCACGTCTGTGTGGCCAGC,SCARF1,434,67,373
SCARF2_TACAGAAACCAACCAGCGCA,SCARF2,557,188,172
SCARF2_TGTGCAGCCCTGGCGTCCAC,SCARF2,1191,115,75
SCARF2_GCCCTTGCACTGGCCACACC,SCARF2,803,442,1140
SCARF2_CAGTACTTGCCGCGGTAGCC,SCARF2,532,127,277
SCARF2_CACCTCGTTCTCTGAGCACG,SCARF2,2166,374,353
SCARF2_GCGCTGGCTGGAGGCAGCAA,SCARF2,1313,207,206
SCCPDH_CGAGCAGAGGCCTTTCCACC,SCCPDH,1445,149,153
SCCPDH_GCCATTTCATCAAGCGAGGC,SCCPDH,25,299,145
SCCPDH_TCCACTGATGTCGATACAAC,SCCPDH,2244,195,449
SCCPDH_CATGAGAAAGCTGCAGACAA,SCCPDH,1868,415,582
SCCPDH_TTTGGACCAATGAGCGGGAC,SCCPDH,83,483,280
SCCPDH_TCATAGGTCTGTCTTGCAGG,SCCPDH,243,76,111
SCD_GCAGCCGAGCTTTGTAAGAG,SCD,1533,408,659
SCD5_TGATCGAGGCCCGGAAGGCC,SCD5,434,211,197
SCD5_CGACGAGTGGGTTCTGCCGA,SCD5,366,170,223
SCD5_TTTCTCTGGATCCGGACCAC,SCD5,444,73,126
SCD5_CCCATCGCTTGTGGAGCCAC,SCD5,635,453,641
SCD5_GAAAGCTCTGAGGGCGGCGG,SCD5,816,80,107
SCD5_CTTCCTTGGCGTCGCAGAAA,SCD5,1523,444,582
SCEL_GGGAACCACACGGAAGCAGC,SCEL,189,19,51
SCEL_CCCATGATGCATTGGACAGG,SCEL,1363,761,825
SCEL_TTGGCATTCAATGAACCGCC,SCEL,454,119,70
SCEL_TTCTCCTAACCAGCTGAGAC,SCEL,1340,412,920
SCEL_AGTACCCGGACAGATAAAGA,SCEL,601,128,186
SCEL_CCTAGTAAATCACCCAAGGA,SCEL,1358,149,222
SCFD1_CGTGGGAGCCAAGATGGCGG,SCFD1,854,20,0
SCFD1_GGTAGAATCAGTTACAAGGG,SCFD1,74,86,0
SCFD1_TGCAGTAACACAAGTAGCCA,SCFD1,1777,48,52
SCFD1_ACAGGTGATACACTTGGAGC,SCFD1,177,131,194
SCFD1_CTCTTTGGTCTAGCACCAGC,SCFD1,391,331,465
SCFD1_CAGCACTACCACTAAACCAA,SCFD1,420,63,31
SCFD2_TAGCGGATGCTCAGAAGCCA,SCFD2,500,447,353
SCFD2_GGTAGTCACTAGGATGAGGC,SCFD2,287,68,141
SCFD2_TGTAACCCAGAGAACCAACG,SCFD2,1322,355,404
SCFD2_TCGGAGACATCTAGTGGAAG,SCFD2,1095,697,756
SCFD2_ATCACATCATTTGTGTGGCC,SCFD2,213,210,205
SCFD2_CACAGCTAATCATGTCCCAG,SCFD2,1443,176,330
SCG2_GCCTCAGTCCCAGCACGACC,SCG2,1522,209,99
SCG2_AATAGGATGCTCTCCAAGAG,SCG2,885,168,288
SCG2_ATGGATCAGTGGAACCGGAG,SCG2,347,176,131
SCG2_CAACCAGAAACGTGAGAGGA,SCG2,983,317,498
SCG2_GGAATCTGTCTTCCAAGAGC,SCG2,511,149,258
SCG3_CCAAGCCGAGCGTGGAAGAA,SCG3,1923,698,929
SCG3_GAATCCAAGTGCCGGTCCCG,SCG3,261,228,140
SCG3_GGAAGCCAACAATTATGAGG,SCG3,151,118,85
SCG3_ATCCCAATAAGCCCACAAGC,SCG3,1397,221,236
SCG3_CCTTGACAAGGAAGAAGCCG,SCG3,824,99,388
SCG5_AAACAGTAGGCCAGATAGCA,SCG5,826,265,260
SCG5_ACTTCTGATTCCCTCGCAGG,SCG5,887,132,34
SCG5_CAAAGAGATGCTGGTGCAAC,SCG5,1995,761,1136
SCGB1A1_ACTCGCTGTCACCCTCACCC,SCGB1A1,1707,216,150
SCGB1C1_CAATGTCAACGAAGATGCCA,SCGB1C1,924,92,264
SCGB1C1_TGGCCTGCAGCCAATGCACA,SCGB1C1,531,46,113
SCGB1C1_GCCAATGCACAAGGCGGAGC,SCGB1C1,117,0,70
SCGB1C1_GACTGCCCAGCACTTGCACC,SCGB1C1,106,0,51
SCGB1D1_GAAGAAATGCGTGGATACGA,SCGB1D1,316,162,128
SCGB2A2_CTCTCCCAGCACTGCTACGC,SCGB2A2,2265,963,1055
SCGB2A2_CTGCGTAGCAGTGCTGGGAG,SCGB2A2,914,634,607
SCGB2B2_GAGCAAGCTCCTCCTTCAGG,SCGB2B2,126,0,31
SCGB3A1_GGGTGCCCACTTTACCAGCA,SCGB3A1,352,617,518
SCGB3A1_CCTCTATGAGGTGGTTCACG,SCGB3A1,1087,81,183
SCGB3A1_TCAGCGGGTTGAGGGTGCCG,SCGB3A1,1545,426,353
SCGB3A2_CCAGATAACTGTCATGAAGC,SCGB3A2,1304,794,749
SCGB3A2_GGGCACTTTGTTGATGAGGA,SCGB3A2,690,272,376
SCGB3A2_GCCAACTTGTCAACAGGAAG,SCGB3A2,1349,274,498
SCGB3A2_AAAGGTGCCAACTTGTCAAC,SCGB3A2,364,281,411
SCGN_GGTCTTCGTCGTCAACACCA,SCGN,866,191,111
SCGN_ACCCAAGATGCCTCTAAAGA,SCGN,376,66,82
SCGN_AAACCCACTGGACAGCAGCG,SCGN,1004,677,1039
SCGN_GGCCATTTCTGAGGCTAAAC,SCGN,774,565,580
SCGN_CCCTCAGCCCAGCATCAGCG,SCGN,1615,551,340
SCHIP1_CGCCCTAGGATGCACTGAGA,SCHIP1,3728,848,696
SCHIP1_AGAACACTCACCGGGAGGAA,SCHIP1,631,175,260
SCHIP1_GGTGCTGTTTGGACTCACCA,SCHIP1,480,147,46
SCHIP1_CTGCTTACAAGATCAGCGAC,SCHIP1,936,259,305
SCHIP1_GCTGCTTACAAGATCAGCGA,SCHIP1,1180,129,327
SCHIP1_TGGACATTGAAGACTTGACC,SCHIP1,880,89,105
SCIMP_GGCAGAGGCGGTAATTGAAC,SCIMP,97,24,15
SCIMP_TGTAAGTGGCAGCTTAGACG,SCIMP,668,5,57
SCIMP_AGGATTCCACTGCAATGAGC,SCIMP,825,81,213
SCIN_TATACCACGAAGAGTTCGCC,SCIN,8,13,30
SCIN_TGCCATCTTCACTGTTCAGA,SCIN,451,386,212
SCIN_ACATGTGAAGGGTCGTAGAG,SCIN,2194,468,428
SCIN_TGAACGTCTGAAGGCAAACC,SCIN,1965,751,531
SCIN_CAGCAGCATTGCCATTGAGA,SCIN,1448,206,377
SCIN_ATTACACAGTTCTCCGCAGA,SCIN,190,53,77
SCLT1_TCTCCTAGCGACTCAACAGA,SCLT1,447,109,142
SCLT1_GAGTTTAAGGAAGATTGCCC,SCLT1,29,0,36
SCLY_GGAAACACAACTCGCCGGAG,SCLY,1515,438,385
SCLY_CCACCGAGGAAGTAATGAAA,SCLY,2370,616,627
SCLY_CACCTTGGACACCGGGACAA,SCLY,1840,407,596
SCLY_TTGTAAGGAAGTCCACGCCC,SCLY,522,163,210
SCLY_CCAAATAGCATAGGGTAGAG,SCLY,2982,1089,1384
SCLY_TCCGCGACTACCTGGAAGAG,SCLY,1680,1033,1214
SCMH1_CTGCAACACCACAGAGGCAC,SCMH1,2121,407,705
SCMH1_AACAACCAGCACTCCTGAAC,SCMH1,1762,169,402
SCMH1_TCAGTATTCACATCGGAGGC,SCMH1,1024,263,221
SCMH1_CCTTTACCTTTGGTGCCAGG,SCMH1,542,68,45
SCMH1_ATCAAGGCGCAGGCGAAGGC,SCMH1,587,119,115
SCMH1_CTCCCTCTGCAGTGATAGAC,SCMH1,355,447,433
SCML1_TTGTCCACAGGGATCTCGCA,SCML1,564,297,365
SCML1_ACGCCTTGACACTGGTAAAG,SCML1,2045,296,361
SCML1_TGGGCCAGCATACCTGAAGG,SCML1,1156,375,288
SCML1_ACAAGAGGGCATAATGCAAG,SCML1,768,566,367
SCML1_CTTCTGAAGAGGTCGACAAG,SCML1,1234,211,432
SCML2_GAAGCCTTGTTTCAGGACAC,SCML2,485,57,98
SCML2_CTGCCTGACCACTTCGGCCC,SCML2,1227,362,297
SCML2_GGGACTGCAGTAGGTCCAGG,SCML2,106,109,101
SCML2_TAAGAGGAACATCGGCCAGG,SCML2,621,0,17
SCML2_GGCCAGGTTACGGTTACGAC,SCML2,878,102,367
SCML2_CTTTCAAATACTCCTCCCAG,SCML2,1091,311,286
SCML4_CACGTCCTCCACAGTCCAGG,SCML4,1038,77,52
SCML4_TGCAGTACAGCGAGGAGGAG,SCML4,1923,549,737
SCML4_GGCTGAAGAGGTCATCGCAC,SCML4,1209,332,651
SCML4_GCCCTATCTGGAGAGGAAGA,SCML4,690,316,299
SCML4_CAGCTTGGATAGGTTGCGAC,SCML4,770,616,373
SCML4_TGCAGTCTCAAAGGATCCCG,SCML4,2016,734,705
SCN10A_CTGATCCTTACAACCAGCGC,SCN10A,1168,646,187
SCN10A_GATCTTGGCTGTAGTCACCA,SCN10A,285,192,52
SCN10A_TAAGAACTCTGAATGTCCGC,SCN10A,522,89,255
SCN10A_CATAGAGATATACTCACGCC,SCN10A,508,8,75
SCN10A_GGCCCGAGTGGCACTAAACC,SCN10A,717,712,342
SCN10A_AACGGATCTAGATCCTCCAG,SCN10A,88,71,37
SCN11A_TTTGAAGGCTCTGGTTGCCA,SCN11A,576,187,315
SCN11A_AGTAGAGCCCAGTAGTACGC,SCN11A,246,180,190
SCN11A_GAAGAGCTGCTGACCTACCA,SCN11A,946,64,155
SCN11A_TGAACACACGGAAGGTACGC,SCN11A,1132,313,470
SCN11A_AGGCATGCTTGGCACTGAAG,SCN11A,1458,366,269
SCN11A_GAAGCGGATTGCCATCCAAA,SCN11A,1162,301,672
SCN1A_TTTGTCACCCGGTCATAGGA,SCN1A,602,208,237
SCN1A_TGGTACAGTCACAGTAAGAC,SCN1A,1079,450,541
SCN1A_AGACGATGATGGCCAAGACG,SCN1A,2792,558,1063
SCN1A_CTGAGAGCTTCTTCACAGAC,SCN1A,1987,675,950
SCN1A_TATCTAACCTTGCTCTCACC,SCN1A,334,19,23
SCN1A_CAAACAGTGCTTGTACCACC,SCN1A,950,259,400
SCN1B_GCTGGCCTTAGTGGTCGGCG,SCN1B,557,165,61
SCN1B_CTTAGTGGTCGGCGCGGCAC,SCN1B,2139,543,200
SCN1B_CTCAGTGCCCTTCTGGCGGA,SCN1B,582,525,523
SCN1B_TGAGGTGTTGCAGCTGGAGG,SCN1B,1601,321,183
SCN1B_CATCATGATCTCAGACACGA,SCN1B,1101,479,218
SCN1B_ACCAGGGCTATTCGGCCACC,SCN1B,1182,300,130
SCN2A_GAAAGCTAAGAGACCCAAAC,SCN2A,1018,217,303
SCN2A_CTTCCCATTCATGGGCAGGA,SCN2A,910,544,381
SCN2A_CCATTACAACCAGGTTGACA,SCN2A,2069,360,502
SCN2A_AGTTCTCCGATCATTCCGGC,SCN2A,794,43,152
SCN2A_ATCTCCAGATTGCTGTGGGA,SCN2A,0,100,221
SCN2A_TAGTTCATCTGAAGGCAGCA,SCN2A,310,375,239
SCN2B_GACGGACGGTGAAGGCAACC,SCN2B,881,336,560
SCN2B_GCACCAAGATGACCACAGCC,SCN2B,688,416,622
SCN2B_ACCGTGGAGTCCCGCTCAGG,SCN2B,1044,98,195
SCN2B_TCATTAACCTGAAGCTGGAG,SCN2B,407,309,419
SCN2B_TCATGCGGAACTGGAGGAAC,SCN2B,911,525,421
SCN2B_AGTGCCACCAGGACGGAGCA,SCN2B,418,171,229
SCN3A_TAGCATATTTAGTGTGGGCC,SCN3A,739,481,326
SCN3A_TGTGTTGACTGTAGGAAACC,SCN3A,991,330,405
SCN3A_CACGGCTCTTTGCCTTCCAG,SCN3A,1275,210,348
SCN3A_CATTTGAAGACAGCGAAAGC,SCN3A,126,134,86
SCN3A_CTAAAGAATGGAGGAACCGA,SCN3A,191,218,463
SCN3A_GACCCTTTACTCTGTGGAAA,SCN3A,1250,243,197
SCN3B_TACCAGTGGAGGAATAGAAC,SCN3B,1520,560,274
SCN3B_ACAAGGTGAGGAAGACCAGA,SCN3B,699,107,239
SCN3B_GGCCCTTTGTGAAGACGACG,SCN3B,349,273,306
SCN3B_TGGTTCTACAGGCCCGAGGG,SCN3B,243,52,90
SCN3B_GAATGGTTCTACAGGCCCGA,SCN3B,344,54,28
SCN3B_ATAAGCACGAGAGAAGCCAG,SCN3B,539,54,54
SCN4A_TTGGGAGAACCTCTTCCAGC,SCN4A,261,63,68
SCN4A_TGAGGCAGAAGTGTGTGCGC,SCN4A,1018,541,316
SCN4A_CTCATCAAGATACTGGCCCG,SCN4A,1249,700,614
SCN4A_GATGAACATGCTGAACAGCG,SCN4A,696,151,51
SCN4A_CATCGTACTCAACAAGGGCA,SCN4A,881,355,236
SCN4A_CCACGAAGTGACTTGGAGGC,SCN4A,971,179,359
SCN4B_CATCCTGGCTGTCGTGGGCG,SCN4B,2045,484,295
SCN4B_CTCCAGGTCCCTCAGCACAA,SCN4B,1978,1004,1262
SCN4B_TTCCATTGTGCTGAGGGACC,SCN4B,1449,407,454
SCN4B_CACTGCTGTTGTAGGTCCAC,SCN4B,383,247,286
SCN4B_CATCTACGCTGTCAATGGCA,SCN4B,1274,160,122
SCN4B_AGAGAACAGGACTATGCCCG,SCN4B,1210,1856,1185
SCN5A_TCTCGCCTGCCTTTAGGCAC,SCN5A,605,49,3
SCN5A_ACAGCGCTCAACGGCACCAA,SCN5A,759,565,634
SCN5A_CACAACTGAATTTGTGGACC,SCN5A,1572,444,663
SCN5A_TCGACATACTTGGTCCAGGG,SCN5A,1338,216,434
SCN5A_CTTCACAGCCGCTCTCCGGA,SCN5A,365,242,232
SCN5A_GCGCTTCTCGATGGCTGCCA,SCN5A,2,84,108
SCN7A_GCTACTCTCAGACATAAGGA,SCN7A,55,121,299
SCN7A_CCCTGAAGTACTTTATCACC,SCN7A,1238,313,120
SCN7A_GAAACCCTGCACAACAGAAC,SCN7A,671,417,290
SCN7A_AGCGTTGGAATGAAGTCCAG,SCN7A,1198,253,228
SCN7A_TCCTCGGTGATCCATGGAAC,SCN7A,718,192,178
SCN7A_TATGGGTCCACATCTTCCAA,SCN7A,286,95,103
SCN8A_GCCCAAGCCAAACAGCGACC,SCN8A,115,410,328
SCN8A_TTCTTTAGGCAATGCCCAGA,SCN8A,124,50,60
SCN8A_GGAGCAACTTAAGAAGCAAC,SCN8A,516,70,140
SCN8A_ACTCAGCTCAAAGAGTGCAA,SCN8A,648,24,166
SCN8A_CGCGGATGACGAGCACAGCA,SCN8A,2271,1386,1733
SCN8A_ACCAATTAGCCTCCTACGGG,SCN8A,413,290,356
SCN9A_TTAAAGCTCTCAGTGTCCGA,SCN9A,311,145,137
SCN9A_GATAACCCTTTGCCTGGAGA,SCN9A,412,54,51
SCN9A_GCAAATCTGTACCACCAAGG,SCN9A,1784,458,585
SCN9A_GGGCTGAGCGTCCATCAACC,SCN9A,906,628,780
SCN9A_TATGCCCTTCGACACCAAGG,SCN9A,317,232,170
SCN9A_CGTGTGTAGTCAGTGTCCAG,SCN9A,1279,365,338
SCNM1_CCTAGCCAGTTACATTCCAG,SCNM1,1835,390,312
SCNM1_TGCACGGTGGGCAGTCAGCA,SCNM1,2479,318,408
SCNM1_GATGTTTCTTGCCTGCACGG,SCNM1,1102,104,134
SCNM1_ACTATAACAGTTGCTGCCGC,SCNM1,91,60,152
SCNM1_TCAGAGGTCAAACTCCAAAG,SCNM1,2227,184,169
SCNM1_AGCTCTGGATGGATCCCAGA,SCNM1,315,108,6
SCNN1A_GAAGGGTAAAGGTTCTCAAC,SCNN1A,95,32,162
SCNN1A_GGTGGCTTTAACTTGCGGCC,SCNN1A,15,15,1
SCNN1A_AGCAGTTTCCATACATCGGG,SCNN1A,186,113,89
SCNN1A_CCGATTTGTTCTGGTTGCAC,SCNN1A,1129,403,466
SCNN1A_GGGACCCTCAGGCGCTGCAA,SCNN1A,664,49,18
SCNN1A_CTGGGAGCACACCAGGCGGA,SCNN1A,315,41,311
SCNN1B_TCGGTAGGCATTATCCACGG,SCNN1B,1772,873,1136
SCNN1B_GACGAGGGCGGCGAAGAGCA,SCNN1B,1170,212,93
SCNN1B_CGTTCATCAATAAGGACCAG,SCNN1B,1672,496,499
SCNN1B_CCAGGATCATCTGCTCGCCG,SCNN1B,3456,1220,989
SCNN1B_GCACTTCCTTCGGCCAACCC,SCNN1B,1262,206,110
SCNN1B_CTTCCTTGCGTCCACGGCCG,SCNN1B,1071,449,498
SCNN1D_TGGCCGGGCCACAGGTAACG,SCNN1D,296,121,125
SCNN1D_ACAGAGCACATGTCCAGCAC,SCNN1D,1501,568,313
SCNN1D_CCTCTCCAGGACGTCACCGG,SCNN1D,1375,360,212
SCNN1D_TCGGTGCTCAGCCATTGCGG,SCNN1D,1917,218,280
SCNN1D_CACAACGCTGCCTGCAAACA,SCNN1D,1401,1234,640
SCNN1D_GGTGCCAGTGACGCTCAAAG,SCNN1D,250,290,186
SCNN1G_CCACGATGCGGCGACAGCCA,SCNN1G,375,128,149
SCNN1G_GCAAGTGGTGGGATTCCAAC,SCNN1G,591,431,403
SCNN1G_GGACACTCCATCAAAGAAGC,SCNN1G,876,199,220
SCNN1G_AGCAATTCCCATGCATCGGG,SCNN1G,264,107,240
SCNN1G_CACCTCTATAGGAATGCACC,SCNN1G,111,124,196
SCNN1G_TACAGTCAGTGCACGGAGGA,SCNN1G,253,449,313
SCO1_GAGAGAAGAGGTCGATCAAG,SCO1,538,30,0
SCO1_CTTGACTGGCACGAGAGAAG,SCO1,1337,429,414
SCO1_GCAGTTCTGCGCGCGGCAAG,SCO1,1654,364,440
SCO1_CGCCAAAGTTGGCCACCCAG,SCO1,1325,488,351
SCO2_AGAGGCCGTCAGGGTTGAGC,SCO2,365,102,161
SCO2_CAAAGTACATCAGCACCCAC,SCO2,1219,174,58
SCO2_GCGAACAGAAGCCCTGCGCC,SCO2,594,103,29
SCO2_AGCAGCCGGGTTCGAAGCCC,SCO2,908,63,25
SCO2_GCAGCCGGGTTCGAAGCCCA,SCO2,876,90,75
SCOC_GATGGACGGGTCCAGGAAAG,SCOC,136,70,68
SCOC_GGACGGGTCCAGGAAAGAGG,SCOC,187,0,0
SCOC_GAGGCGGGCAGCTAATGCGC,SCOC,627,148,157
SCOC_AGTCAGGATTGGCGGGCGAG,SCOC,148,58,13
SCOC_ATCCGGCCGACACCTCAGGC,SCOC,900,122,47
SCP2_CACCACGAACACCCGGCGCA,SCP2,1768,747,613
SCP2_CCCTTATTCAGCAGTGGACC,SCP2,1718,520,473
SCP2_GCCCGCCAGCTGATTCAGGG,SCP2,508,569,332
SCP2_CCTCTTAGTCCCACTTCAGA,SCP2,31,92,106
SCP2_GCACTGGGACTCTGTCCAGA,SCP2,226,211,105
SCP2_AAATCCATCACTTGCAGAGC,SCP2,1308,136,270
SCP2D1_ACCTCGAACTGGCCCACCAG,SCP2D1,1795,136,249
SCP2D1_CTGAACCCAGAACCTCGAAC,SCP2D1,3562,681,626
SCP2D1_GGTGATGTCCAGCTGAAAGA,SCP2D1,992,152,173
SCPEP1_CAGCAGCAACCACCGCGGGA,SCPEP1,1986,174,195
SCPEP1_GGATTATGTGACGGTCCGCA,SCPEP1,490,158,159
SCPEP1_TTCTTCTCTCTTCCATAGGG,SCPEP1,1071,103,185
SCPEP1_TGGTAGTGGTGCCTATGCCA,SCPEP1,803,170,162
SCPEP1_TCTTTCAGGCCATTCAGCGA,SCPEP1,1117,375,555
SCPEP1_GGGACCTTACCTGTACAGCA,SCPEP1,880,348,241
SCRG1_GGTCAGCTACTCCTTCCGGA,SCRG1,113,70,40
SCRG1_AACTGTCACAACCTTCCGGA,SCRG1,380,177,297
SCRG1_TAGCAGCAAAGTTAGCCCAA,SCRG1,666,235,267
SCRIB_CCGACACGTCCAGGCACACC,SCRIB,1734,481,1034
SCRIB_CAGCTTGACCAGAAATGACA,SCRIB,823,97,120
SCRIB_CCTCGCCAACCTGGTGACCC,SCRIB,1057,127,81
SCRIB_TGGAGATCGCGGACTTCAGC,SCRIB,77,10,140
SCRIB_GAGCTGGACGTGTCCCGGAA,SCRIB,856,416,355
SCRIB_GCGGTAGATCTCCTCCGGCA,SCRIB,42,14,5
SCRN1_GAGAGCTTCTATTCTGCGGC,SCRN1,0,73,33
SCRN1_CCAAGGTTGGTGGACGGGAG,SCRN1,1018,603,414
SCRN1_CCCTATGGTCTCGAGCACCC,SCRN1,249,215,335
SCRN1_TAATGATAAGCAGACCCGCC,SCRN1,250,106,148
SCRN1_TTCCCTCCACGTGCTAAGGA,SCRN1,1516,329,204
SCRN1_CTTGGACGTGCGAGTCAACA,SCRN1,1972,463,521
SCRN2_GGTATCTGTATGGACTCGGG,SCRN2,115,0,5
SCRN2_TGTCCGTGCCAATGCTCAGC,SCRN2,137,196,152
SCRN2_TTACTGGAGCACTATGGGCA,SCRN2,722,273,376
SCRN2_GCTTTGAGGGTTCCATGAAA,SCRN2,629,100,51
SCRN2_CACCTACATTGAAGTGGAAC,SCRN2,1171,184,294
SCRN2_CCCATAAAGTCTAACCCACC,SCRN2,1038,303,247
SCRN3_CCGGCAACTGATGCCTCCAC,SCRN3,807,135,32
SCRN3_CAGCTACCCGAAGTGACAGG,SCRN3,1045,280,343
SCRN3_TTGTCCTGAGTCGCCCAGCG,SCRN3,1960,774,962
SCRN3_TAGCTGATAGGAATGAAGCC,SCRN3,398,213,403
SCRN3_CATAACAACCAAGATTGCCC,SCRN3,687,118,96
SCRN3_AAGCGGAAAGGTTGGTGGGA,SCRN3,989,139,225
SCRT1_CGGCTACATCAACGGCGACG,SCRT1,2676,493,379
SCRT1_GCGTACATGGGCTCCGGCGA,SCRT1,1611,379,422
SCRT1_TCGCCATCGTAGACGGACGA,SCRT1,927,350,409
SCRT1_GGGCCCTCGTCCGTCTACGA,SCRT1,50,17,11
SCRT1_TATCGTGCAGTGGCGCGCCG,SCRT1,380,217,456
SCRT1_CGCGTTCTCTTCGGCCGACC,SCRT1,785,247,383
SCRT2_CAAATGCCCGACGTGCGGCA,SCRT2,1037,268,274
SCRT2_TCGGGCATTTGCGCGCCAGC,SCRT2,311,88,101
SCRT2_CTCGGAAGTAGCGCGCCGAC,SCRT2,581,180,333
SCRT2_CTACGATGCGGACCAGAAGC,SCRT2,1521,255,637
SCRT2_GCACGTAGGCTGTCTCCAAG,SCRT2,1371,526,665
SCRT2_GGACGGCTTCCAGTGCAGCG,SCRT2,2734,622,866
SCT_CCTATGGTTTCAGAACCAGC,SCT,90,51,107
SCT_GGAGACCAGGTCCCGTCCAG,SCT,293,40,53
SCT_TGCTCACCAGGCCTGCAGGA,SCT,576,179,285
SCT_ACGCAGAGAACAGCATGGCC,SCT,298,77,225
SCTR_TGACCAGCTTGCAGCCCGCC,SCTR,521,157,55
SCTR_CACCTACTGCGATGCCCACA,SCTR,494,159,281
SCTR_ACATGACTTTCAGCTTCAGC,SCTR,202,129,63
SCTR_ACGACTCTTCCAACGAGAAG,SCTR,1550,1066,427
SCTR_CTCTTCTGTGCCGGGCCGGA,SCTR,360,41,175
SCTR_GAACTCTCCAGAGAGCAGAC,SCTR,650,161,111
SCUBE1_TGGACAAGCGGGTGAAACGG,SCUBE1,1901,646,621
SCUBE1_AAGTACGCCCTCCACTCAGA,SCUBE1,342,55,14
SCUBE1_GGCTGTACTCACCATTGGAG,SCUBE1,1628,354,337
SCUBE1_GGCTTCATGCTGGCACACGA,SCUBE1,1669,639,501
SCUBE1_CTTGGGCGTGTTCTGACAGA,SCUBE1,360,275,110
SCUBE1_CGCATTGAGCATGGGCGCGG,SCUBE1,549,149,372
SCUBE2_TTGCTTGTGCTTGCAACCGA,SCUBE2,657,113,266
SCUBE2_ACAGATGAGAAGTCTTGCCA,SCUBE2,407,186,263
SCUBE2_TACATGTCTTCCCATCCAAC,SCUBE2,812,169,455
SCUBE2_GGGATAAACGGGTGAAACGG,SCUBE2,317,248,139
SCUBE2_GCTGGCACCCACCGTTCCCA,SCUBE2,186,41,61
SCUBE2_ATGTAGATGAGTGTGCCCAA,SCUBE2,212,170,143
SCUBE3_CAGTACAGCAAAGCCGCGCA,SCUBE3,1539,483,441
SCUBE3_CGTGGATGAGTGCGAGCGAG,SCUBE3,1373,504,253
SCUBE3_TATGAGTGCCACTGCCGGGA,SCUBE3,691,97,29
SCUBE3_TTTGCCGGGAGACACCCAAG,SCUBE3,341,299,402
SCUBE3_AAGTTTGTGCTCCATACCGA,SCUBE3,595,41,93
SCUBE3_GACCTGTGCTGTCAACAACG,SCUBE3,1098,966,463
SCYL1_CGAACGGAAAGTCCCGGACC,SCYL1,851,25,65
SCYL1_CCAGTCCATCGATGTAAGCC,SCYL1,1159,285,147
SCYL1_ATGCCTCCACGTCGTGACAG,SCYL1,1195,45,201
SCYL1_AGCTCGGTCCACGAACACGG,SCYL1,1549,136,92
SCYL1_AGCCCTACGCAACCCTGGGA,SCYL1,0,22,37
SCYL1_CCGGCAGTTCTGCAGGAAGC,SCYL1,1312,122,115
SCYL2_ATAGTTGGAGAACCTTGAGG,SCYL2,480,14,14
SCYL3_GATTAGCCTTGTACAAAGGG,SCYL3,447,172,211
SCYL3_TCATGAAGAGCATGTGCGGA,SCYL3,596,570,93
SCYL3_GATAGTAAGGTGCAGAGCGC,SCYL3,185,76,142
SCYL3_TTGTGAGTGAAGATGGACAC,SCYL3,831,202,263
SCYL3_TCTTGTACTGTGGAAGCGGA,SCYL3,208,40,81
SCYL3_TATCCCGCTGTACTGCAAGA,SCYL3,415,84,358
SDAD1_CCTTTAGGGTAAGCCTACAG,SDAD1,921,16,0
SDAD1_ATAGTGGATGGTTGAGACGC,SDAD1,1457,157,497
SDAD1_CCCACCTCCTCGATGTAGGC,SDAD1,1061,0,118
SDAD1_ACCTCCTCGATGTAGGCCGG,SDAD1,880,0,0
SDC1_AGCCGAAACAAGCCAACGGC,SDC1,928,155,176
SDC1_GCTGTACCGCATGAAGAAGA,SDC1,621,169,236
SDC1_GAATACGGCTGTAGTGGCCG,SDC1,806,246,286
SDC1_GAGGTCCTTCTGCCACCGAG,SDC1,675,169,237
SDC1_CCCACGTCTCCAGAACCCAC,SDC1,1056,42,83
SDC1_GAGCCATCTTGATCTTCAGG,SDC1,465,0,4
SDC2_CACGCAGGCCACCAAGCCCA,SDC2,434,390,354
SDC2_GAACGCACCTTTGTCTGAGC,SDC2,75,2,109
SDC2_TTCACCTCTCTGACTCAGAA,SDC2,1058,599,446
SDC2_ACATTTGTATCCTCTTCGGC,SDC2,618,126,159
SDC2_TCATGCGATACACCAACAGC,SDC2,262,193,290
SDC2_ATCCAGTGCTGCTTATCAGA,SDC2,411,357,155
SDC3_GGATGAGGGCAGCTACACGC,SDC3,469,267,232
SDC3_GAAGAGTATCCTGGAGCGGA,SDC3,40,71,6
SDC3_AGTCGATGGCATTGTCCAGG,SDC3,314,102,478
SDC3_CAAATGGTGTGCCCACAGGC,SDC3,675,174,300
SDC3_TTCGTGGTGGGCAGCACCGC,SDC3,885,278,467
SDC3_AGTTCTCACTGCGCCAGCGC,SDC3,1081,376,377
SDC4_GAGTGAGGATGTGTCCAACA,SDC4,926,183,314
SDC4_TATGGTTATCTAGAGGCACC,SDC4,74,36,12
SDC4_AAGTCATCAGATTCCTGCCC,SDC4,0,0,5
SDC4_CAGCAGCAGCGCGAACAGAC,SDC4,1822,803,1223
SDC4_CAGCAGCGCGAACAGACGGG,SDC4,400,158,160
SDC4_AGCAGCGCGAACAGACGGGC,SDC4,34,195,139
SDCBP_TCTGCTCCTATCCCTCACGA,SDCBP,1379,359,310
SDCBP_AACAGCTTACCTGTCACGAA,SDCBP,1020,258,408
SDCBP2_AGTCCTGCTCCACCACACCA,SDCBP2,1398,224,351
SDCBP2_CATGTGCTCGTAGATCACAC,SDCBP2,361,221,61
SDCBP2_TCGGCTTCGTGATCAAGAAG,SDCBP2,1378,372,335
SDCBP2_GCCCGTCAATCTGCAGGAGC,SDCBP2,655,63,152
SDCBP2_TGCCGCGCTCGTCCTTGCAC,SDCBP2,461,149,66
SDCBP2_CACCCTCTGGAATCTGAAGC,SDCBP2,1877,279,407
SDCCAG3_TGGCCGGATCCTCTTTCGAG,SDCCAG3,1465,51,78
SDCCAG3_GAACCTCGGCCTCTCGAAAG,SDCCAG3,968,102,271
SDCCAG3_TATGTGCTATGTGCCCAGCC,SDCCAG3,236,119,178
SDCCAG3_GCCGGCCGAATGCCGAAGAA,SDCCAG3,710,319,214
SDCCAG3_CCGGCCGAATGCCGAAGAAG,SDCCAG3,550,268,334
SDCCAG3_CGCTCATAGAACGCTGGAGC,SDCCAG3,152,24,133
SDCCAG8_AGGTTTGGAGCAACTCACCC,SDCCAG8,352,135,245
SDCCAG8_GCTCTGTTGTAATTCGGGCC,SDCCAG8,93,26,85
SDCCAG8_TGCTGGTGAGCAGCTAGAAC,SDCCAG8,2492,794,979
SDCCAG8_TCGGGAAATGGATGTCACAA,SDCCAG8,1202,434,410
SDCCAG8_CAGGCACTCCTCTCTGGCCA,SDCCAG8,924,209,262
SDCCAG8_GAGGAACAGTGTGTCCAGCA,SDCCAG8,565,71,218
SDE2_AAGGCTTGGCAAATAAAGCC,SDE2,329,93,35
SDE2_GCTTTCCTGCAGTTTGGCAA,SDE2,969,95,250
SDE2_GCATCTCCTCTTTCCCGCAC,SDE2,1308,76,56
SDE2_CTCATTCTCACCTTTGAGGA,SDE2,2420,408,310
SDE2_CCCAGACTTTGCGGTGGAAA,SDE2,1662,709,874
SDE2_GCGAATCCACACCAGCGCCG,SDE2,1130,110,111
SDF2_CCATCGAAAGCCACCTCACC,SDF2,879,418,201
SDF2_AGTGCCACAGTGTGTGAGAG,SDF2,1637,243,120
SDF2_ACAGTTACTGGAGGATACGG,SDF2,1155,82,117
SDF2_CGTATTGAGTAGCTTCACCA,SDF2,3185,532,545
SDF2_AGCCGCAAGTAACGACACCC,SDF2,855,189,370
SDF2L1_GGTTGTTGGACAGCGGCGAC,SDF2L1,699,154,222
SDF2L1_TGGTTGTTGGACAGCGGCGA,SDF2L1,1044,74,296
SDF2L1_CTCACCTGGTTGTTGGACAG,SDF2L1,2762,519,772
SDF2L1_TGCGCTGCTCTGGACAGCAC,SDF2L1,852,200,181
SDF2L1_CGTATTGTGCGTGTTGGCAC,SDF2L1,828,282,255
SDF2L1_GCACAATACGTGGAAGGCCA,SDF2L1,576,101,158
SDF4_TGTAGCTCTGCGGGCGAGCG,SDF4,1262,407,218
SDF4_GCCAGGACATTGACGACAAC,SDF4,1241,352,405
SDF4_TGGAGAACCTGAAGGACCGC,SDF4,1164,200,357
SDF4_TCGTCCCAAGACACGTGACC,SDF4,469,502,288
SDF4_CAAGACACACTTCCGCGCCG,SDF4,3091,640,642
SDF4_CTCTCTCTCGAGTGGACGAG,SDF4,1043,299,509
SDHA_TGCAAGCTGTGTCAGTGCAC,SDHA,97,295,0
SDHA_ATCACCTCGACCACGGCGGC,SDHA,499,65,0
SDHA_TGAAATGCCAGGCAGGCGCG,SDHA,565,232,115
SDHAF1_CGGTCATGAGCCGGCACAGC,SDHAF1,862,181,183
SDHAF1_ATCGAGTACCTGTACCGCCG,SDHAF1,769,318,203
SDHAF1_TACGAAGGCGCCCATGGCGG,SDHAF1,304,184,141
SDHAF1_GACTGTCGCCGTCGTCAGGC,SDHAF1,263,50,44
SDHAF2_TCTCCTGCCATGGAGGCAAA,SDHAF2,695,333,373
SDHAF2_TTCTGCTCTCATAGAGCAGG,SDHAF2,115,128,206
SDHAF2_TACTAGGCTCGTTAATCAGG,SDHAF2,530,30,48
SDHAF2_GATATTTACTACTGGGCCAC,SDHAF2,181,0,0
SDHAF2_CCGTGGAGCACAGCTCAACG,SDHAF2,1180,345,367
SDHB_TGACTTCACAGAGGAGCGCC,SDHB,333,26,28
SDHB_CATAGAAGAGCGTGAGAAAC,SDHB,1861,681,737
SDHB_ACACTCTAGCTTGCACCCGA,SDHB,337,117,114
SDHB_TTCCGAAGATCATGCAGAGA,SDHB,1221,350,409
SDHB_CTATCGATGGGACCCAGACA,SDHB,4414,328,341
SDHB_CTGCAGGCAGGCTCCGCCAA,SDHB,1980,178,48
SDHD_GCGATGGAGAGAACATACAA,SDHD,2460,292,323
SDHD_AGCTGTGGACTATCTGGCAC,SDHD,517,292,655
SDIM1_AAACTACAGAAGGCCTCGAC,SDIM1,374,239,53
SDIM1_AGCAGTCTTCCCACCGAGCA,SDIM1,676,796,932
SDK1_ACCTACCTTGCGCCAGCGCC,SDK1,159,212,229
SDK1_AAGGCCAGCTCCCTTCGGCA,SDK1,77,80,44
SDK1_GCATCGAGCTTCTGCAAAGA,SDK1,2688,997,1129
SDK1_CACCACAACCAGTGATGCCG,SDK1,154,1059,416
SDK1_ACGCGCCTCGTACCTGGCAC,SDK1,137,96,56
SDK1_AACCCGACGTCCGCGGACAC,SDK1,2052,592,757
SDK2_GGCTCCTTGACAAACTGAGG,SDK2,306,159,188
SDK2_GCATCAGTGACCACAACCGC,SDK2,2249,751,635
SDK2_CCACGGTGAGCGTGATGGGC,SDK2,738,10,0
SDK2_TTGCATCGTGCGGAACCGAA,SDK2,850,769,574
SDK2_AAGTGCACCTGTGTCCGCAC,SDK2,888,334,320
SDK2_TACCTTGGGCTCTGGCCGCG,SDK2,279,673,486
SDPR_CGCGCTAACATCCGAGGAGG,SDPR,1114,739,182
SDPR_TCGCCAGCGCTCTGGTGGAA,SDPR,923,858,719
SDPR_TTCGGAATGACCCTCTGCAA,SDPR,1532,403,268
SDPR_AATGGTTGCGTCGGAGGAGC,SDPR,277,418,175
SDPR_TCCTGCCGCATGTCAGACCC,SDPR,117,162,175
SDPR_CCCTGGGTCTGACATGCGGC,SDPR,843,13,368
SDR16C5_TTTGGGCATCCTTCATGCAA,SDR16C5,654,167,381
SDR16C5_TTCCAGGCTTCATCTGGCAC,SDR16C5,561,89,286
SDR16C5_TCCGGCATTGTTGATTAGGA,SDR16C5,1373,381,285
SDR16C5_AGTGTATAGAGTAGCCGACC,SDR16C5,559,154,28
SDR16C5_TGTAAGATGGCTCGGGAAGC,SDR16C5,1982,829,991
SDR39U1_TGAAGCAAACCACGTGCACG,SDR39U1,477,619,618
SDR39U1_TCTCCAACCTCGTAACCAAA,SDR39U1,876,361,286
SDR39U1_ACTCCGCAGTCAGACTGGGC,SDR39U1,808,142,26
SDR39U1_CCCGGGCTGACCTTCGGAGA,SDR39U1,2702,279,479
SDR39U1_ACTTACCCACGTGATCCGGC,SDR39U1,1005,88,163
SDR39U1_ACGTTGGTCTCCCGAAAGCC,SDR39U1,999,399,268
SDR42E1_TGATTCTGTCACTGTGAAGG,SDR42E1,2075,623,325
SDR42E1_TCAATGGCAGGCGGGTAGAC,SDR42E1,245,127,213
SDR42E1_TAGACGGGAATGTGTAGCCC,SDR42E1,627,7,46
SDR42E1_GATAGTCAGCTACATCGAGA,SDR42E1,81,38,94
SDR9C7_CCTCGCATCCGCTACAACCC,SDR9C7,1623,529,1139
SDR9C7_AAAGTCTGCATCATTGAGCC,SDR9C7,442,259,141
SDR9C7_CCCATGGTCAAGAGAGCCCG,SDR9C7,1972,331,313
SDR9C7_ATTCGTTGGGACCACTGGGC,SDR9C7,204,148,243
SDR9C7_CAAGAGCGAAAGCATCAAGG,SDR9C7,440,281,217
SDR9C7_CTTGGTGACATCCAGTAGGG,SDR9C7,1234,71,430
SDS_CTCTGAAGTTATCTCGGACC,SDS,509,385,310
SDS_ATCGCGCTGTCAGTGGGCGG,SDS,739,290,377
SDS_ATTGGATGAAGCCTTCGAGC,SDS,383,26,118
SDS_AGGCGCTCAATGGTGAGAGC,SDS,371,515,194
SDS_TCTCCACAGTGGGCCAAGCA,SDS,1685,1028,830
SDS_CGGATCTTGAAGGAGCCGGA,SDS,53,44,20
SDSL_CAAGCAGGAGCCCTTTCACG,SDSL,4786,229,479
SDSL_CAAGAAGGGATGCAGACACC,SDSL,454,16,83
SDSL_TGCCTATGCTGCTAGGAAGC,SDSL,1872,905,699
SDSL_GGGCGCAAGAGTTGGCCAAG,SDSL,301,455,167
SDSL_TCACACTTCCAGACATCACC,SDSL,216,234,214
SDSL_CACAACTGAAGTCAGGGAAG,SDSL,1312,273,311
SEBOX_AGTGTTCAAACACAGCCGAC,SEBOX,652,148,247
SEBOX_CGGCCACTGTAGCTATGGGC,SEBOX,1579,260,25
SEBOX_AGGGCAGTACTGCTATGAAC,SEBOX,543,276,262
SEBOX_GCCTTCACCGACCTCAAGAA,SEBOX,931,357,505
SEBOX_AAGAGCAGAGCTCGTCACAC,SEBOX,809,223,125
SEBOX_TGGGTTGCTCTGGCTGACCA,SEBOX,855,162,162
SEC11A_GCGGCGGATGAACAAGCGGC,SEC11A,383,129,288
SEC11C_CTACCTCAGCACCACCACGA,SEC11C,1995,1144,656
SEC11C_GGCCGGCTCCATACTGCCAC,SEC11C,223,64,188
SEC11C_GGAAATTTGTGAGGAACAGG,SEC11C,415,255,153
SEC11C_CGGGAAGACCCAATCAGAGC,SEC11C,1740,459,418
SEC11C_TGTACAAAGAAGGCCAGAAC,SEC11C,2029,303,366
SEC13_CTGATGCTGATACGGAGCCC,SEC13,567,213,142
SEC13_GGAGGACGGCCAGTGGAAGG,SEC13,487,0,74
SEC13_TCCTTATCGCCGACCTCAGG,SEC13,108,0,102
SEC13_TGGCTGCAAAGCAGTTCAAG,SEC13,316,167,86
SEC14L1_TTCTGGGATGACGACGGCCA,SEC14L1,544,500,353
SEC14L1_GCCTCATTAGACTTCGCCAG,SEC14L1,579,78,87
SEC14L1_TCTTCGGTTCCTCCGTGCAC,SEC14L1,771,269,174
SEC14L1_CGCACTTACGTATCTCAGCA,SEC14L1,2313,2198,2140
SEC14L1_GGCCAACTACCCTGAGACAC,SEC14L1,916,362,783
SEC14L1_CTTTGTCGATGTAATCCAGC,SEC14L1,560,337,452
SEC14L2_ATAGTCATCTGGATTCGGCA,SEC14L2,854,127,149
SEC14L2_CATTAGCTGGCAGCCTCCAG,SEC14L2,712,58,186
SEC14L2_CCCGCATCTTGGTCCTCAGC,SEC14L2,1793,331,528
SEC14L2_CCTGCCAGCAAATTGGAAGG,SEC14L2,1933,666,455
SEC14L2_CACAGCGTGCAGATTTCCCG,SEC14L2,1185,339,165
SEC14L2_GCAGTTTATGTCAGATGGAG,SEC14L2,1140,300,357
SEC14L3_TAACGCCCACATGGTGCCCG,SEC14L3,795,275,185
SEC14L3_CCACTTGGTGTGATGAGCCG,SEC14L3,1800,929,735
SEC14L3_TTCATGAGGTTGTAGCCCAC,SEC14L3,758,397,382
SEC14L3_TCTGGTAGAAGTGTACCAGG,SEC14L3,224,255,136
SEC14L3_CCCTCATCTTGGTCTTGAGC,SEC14L3,1384,572,379
SEC14L3_GCCCAAGCCTACACACACCA,SEC14L3,862,290,624
SEC14L4_GGAGGTGCTGCTTCCCGACA,SEC14L4,847,94,530
SEC14L4_GCTTCGACAACACCTACAGC,SEC14L4,957,82,33
SEC14L4_TGCTGGTAGACCTCCACAGC,SEC14L4,1856,627,593
SEC14L4_GGCGCTGATGGTGTTTGACA,SEC14L4,768,63,106
SEC14L4_AATCCGAAGACATGCTCCGA,SEC14L4,332,43,208
SEC14L4_CTCCCGGAACTGAGCGGAGG,SEC14L4,1346,343,329
SEC14L5_CTACAAGTACCCGTTTGAGC,SEC14L5,1497,330,466
SEC14L5_GGAAACGCTTCTCGTAGGCC,SEC14L5,333,252,90
SEC14L5_ACATCTTGAACTGGAAGGAG,SEC14L5,443,295,243
SEC14L5_CGGGCATCCTCCTCACGGAC,SEC14L5,1601,1101,718
SEC14L5_GCCTGATCCAGCTTCGGCAC,SEC14L5,154,271,381
SEC14L5_CTGGCGCAAGCAGCACCAGG,SEC14L5,285,163,36
SEC14L6_ATTCGCCGTAGCCTTCAACC,SEC14L6,1340,207,209
SEC14L6_AACGGCATATGCGGCCACGA,SEC14L6,1557,287,611
SEC14L6_CGTTGTACAGCCTGACCACC,SEC14L6,890,339,222
SEC14L6_GCCAGCGACTTCTCCTGCGA,SEC14L6,770,969,357
SEC14L6_GGGCAGCATGAGTGGACAAG,SEC14L6,822,169,162
SEC16A_CTTTGATAAGCTGACCGCCA,SEC16A,370,112,79
SEC16A_CGACACCGTCTGGCCTGCCA,SEC16A,663,69,67
SEC16A_TCCACAGCGAGCACTCGGCA,SEC16A,3479,371,394
SEC16A_TGGTAACGATCCCAGTGACC,SEC16A,675,24,56
SEC16A_GAGCCAGCCACTCCTCGGAA,SEC16A,1356,232,508
SEC16A_TCCGCCCGCACCTACACACG,SEC16A,4269,383,667
SEC16B_GAGCTGCAAATCTGAGACAC,SEC16B,2592,35,167
SEC16B_TCAGAAGATGTCTCCTCAGC,SEC16B,1109,106,180
SEC16B_TCAGTACATCAGAGATGCCC,SEC16B,502,148,303
SEC16B_CCTGTCCAGAGTTGGAAGCA,SEC16B,1646,978,939
SEC16B_TCAGTCTCCCACAATGAGGG,SEC16B,721,244,150
SEC16B_GGAGTTGACTATTACGAAGG,SEC16B,276,86,124
SEC22A_TCAGTCATTCGTGTCAGAGA,SEC22A,920,147,159
SEC22A_GGTTCCAGTCGCTGGTGAGC,SEC22A,366,186,190
SEC22A_TACTTGTCTACTACACCGGC,SEC22A,450,187,97
SEC22A_AGATTTGACATTCCGCCAGC,SEC22A,766,72,192
SEC22A_CATAATCGGGAGCCTTGCCC,SEC22A,644,220,148
SEC22C_AAGCCACTCCTATGTGGAAA,SEC22C,396,624,591
SEC22C_ACCTGTTCTACAGTCCAGCC,SEC22C,949,131,161
SEC22C_ACACCGATGCACTTGGAGCC,SEC22C,247,364,439
SEC22C_AGCTGTGAATTCCCACCACA,SEC22C,922,441,456
SEC22C_CCTTCTGCAGAACCTCGACC,SEC22C,1438,58,96
SEC22C_CAAGAGTTTAGCCTTGCGAC,SEC22C,801,253,166
SEC23A_TGGTGAGATCCTGGAGAACC,SEC23A,799,329,337
SEC23A_GGACAGACAGCTCATTCGAC,SEC23A,908,80,97
SEC23A_CCAATTCCTCAAGGAGGGCG,SEC23A,78,11,23
SEC23A_GCGTGTGCATTAGATCAGAC,SEC23A,373,171,222
SEC23A_TTCCCTGTGGTACAGGCCAA,SEC23A,1252,145,81
SEC23A_TCGACTGGAAGCTACAAGAA,SEC23A,1730,755,368
SEC23B_GGAACGTGTGGCCTTCCAGC,SEC23B,0,122,0
SEC23B_TCAGATATGCCTCCATAAGC,SEC23B,2332,636,692
SEC23B_TTATGTCTTCCGAGGGACCA,SEC23B,361,298,200
SEC23B_TCGTGCTTGCTGCATGGGCA,SEC23B,996,812,353
SEC23B_GCCACACCAGTGGATCGCAA,SEC23B,26,139,239
SEC23B_GCTAATCGAACAGCTGCAAA,SEC23B,507,473,608
SEC23IP_ATTACCTCCCGGTAAGAGCA,SEC23IP,488,25,18
SEC23IP_GGGAGACTACTTGGCTGAGA,SEC23IP,413,0,103
SEC23IP_TCAGCCAGATCCGGAGAGCG,SEC23IP,2846,672,845
SEC23IP_CCATTCATCTGGCACTGAGG,SEC23IP,1402,36,341
SEC23IP_CTAAAGCGTAAGTCACACAC,SEC23IP,588,552,455
SEC23IP_ATCTTCTTTCTGGGTCCAAG,SEC23IP,822,73,79
SEC24A_TAGTTAGACTGTCCAGAGAC,SEC24A,653,109,96
SEC24A_TTCACTAAGGGAGGTACAGA,SEC24A,709,105,157
SEC24A_TACGACGAGATTGAAGGAGG,SEC24A,19,41,112
SEC24A_TGATAACCAGGTGGTAAGGA,SEC24A,817,364,380
SEC24A_GACTAGCATTCCTCAGACGC,SEC24A,1091,121,369
SEC24A_ATTGTACTGGAGGTAACCAC,SEC24A,353,29,61
SEC24B_TCTTGAGTCGATGGAAGGCC,SEC24B,1047,284,83
SEC24B_GCCCAACAGTTATGATGCCC,SEC24B,365,244,288
SEC24B_GGCTATCCAACACTTCAGCC,SEC24B,746,179,377
SEC24B_GAGGATAGCTGGTTCACACC,SEC24B,335,41,142
SEC24B_ACAGGATCGGCACCTCACAA,SEC24B,794,296,241
SEC24B_AGAAGTCCTGCACCCAAGGA,SEC24B,1074,465,481
SEC24C_ATTCCCTATGGAGCCTACAA,SEC24C,131,111,87
SEC24C_GCATATGGCCAGTTTGGCCA,SEC24C,455,112,229
SEC24C_GGGCCATAGGGCTGAAGCAC,SEC24C,977,217,115
SEC24C_ATAGGTGGCAGTGGTCCCAG,SEC24C,862,108,0
SEC24C_CATAATTAGACTGAGGGCCC,SEC24C,221,31,16
SEC24C_TGCACTTACTGGACTAGGAA,SEC24C,2463,572,556
SEC24D_TCATGCAATCTGTAGTGACC,SEC24D,538,257,299
SEC24D_GGCGCACAACTGTCTTACCC,SEC24D,439,266,169
SEC24D_ATGTGGCTGACAGAGGGCCA,SEC24D,323,93,39
SEC24D_TGATTTGCATAGCACTGAGC,SEC24D,581,52,27
SEC24D_CAGAATGGAGCTCATGCCAC,SEC24D,469,68,116
SEC24D_CCATAGTGCCCATAATGAGG,SEC24D,978,459,183
SEC31A_AACTTCCCACCAACACACAG,SEC31A,1592,1381,1594
SEC31A_CCATACAGTGGCCCGGCCAC,SEC31A,213,370,83
SEC31A_TCTGGAGTTCTGATTGCAGG,SEC31A,423,355,126
SEC31A_AACCTCATACCTGTGAGAAG,SEC31A,883,365,594
SEC31A_ATCGTACAGCCATGCAGGCA,SEC31A,1007,267,364
SEC31A_GACGAGCGCTGCACTAACGC,SEC31A,1668,462,490
SEC31B_GACTGATGAAGACTAGGCGG,SEC31B,1035,29,66
SEC31B_CCAGATCTTGTGCCGGAACC,SEC31B,3470,1212,1588
SEC31B_CTATGTCAGGATGCCAGGCC,SEC31B,1100,100,384
SEC31B_CTTGAATGTGCCAATGACCC,SEC31B,1777,231,279
SEC61A1_GCTTAATGACTCAGACAGCG,SEC61A1,983,678,806
SEC61A1_CCTACAGGACTCACTTGCCA,SEC61A1,443,32,112
SEC61A1_CTGAAGACATGATCCCAAAC,SEC61A1,2438,258,388
SEC61A1_CTATCGTGTATGTGATGACC,SEC61A1,1255,42,76
SEC61A1_ACTACTGTCAACACTGGCCG,SEC61A1,401,117,172
SEC61A1_CAAGGTCCGAGCCCTTCGGG,SEC61A1,354,21,18
SEC61A2_CCGCCGCTACTCACTGCCCA,SEC61A2,142,323,187
SEC61A2_AGTCCCACTACCATTAACAC,SEC61A2,1754,188,219
SEC61A2_TGTTCCATTTGTTGGCCACC,SEC61A2,1100,200,149
SEC61A2_CAAAGTCCGAGCTTTACGGG,SEC61A2,792,211,133
SEC61A2_ATCCTCAAAGATGGCGCCCA,SEC61A2,197,37,170
SEC61A2_ACCGCCAAACGCAGCTGCGG,SEC61A2,731,144,162
SEC61B_GCTTGTCTCCCTCTACAGCC,SEC61B,544,240,57
SEC61B_ACAACCTCGGCAGGCACCGG,SEC61B,452,97,79
SEC62_GACCAGTAATGAGTCCAAGA,SEC62,784,281,135
SEC62_CACCAATATGATGGGTCACC,SEC62,1153,20,10
SEC62_CATGGAACAGAAGGCTCGGG,SEC62,416,125,117
SEC63_ACCATTTCTTGAAGTAGGGC,SEC63,373,34,31
SEC63_ATTCCTGAGACCCTTGAAGA,SEC63,549,128,58
SEC63_GGCCTTCAGGCTATATGGGC,SEC63,460,56,115
SEC63_GCCAGAGGTAGTATGTCGCC,SEC63,551,32,31
SEC63_CAGTTCCAGTACGATGACAG,SEC63,1486,212,281
SEC63_CTGGAACTGCTGCCCGGCCA,SEC63,1686,120,251
SECISBP2_ACCTCGCTTTCGGGCTCCCG,SECISBP2,273,513,281
SECISBP2_TTGCCGGGCTCAATGTGGCA,SECISBP2,801,232,323
SECISBP2_TCGGTAGAGACAGAGTGGAC,SECISBP2,728,218,120
SECISBP2_TGCCGAGGAATTTCCCAACC,SECISBP2,1185,801,496
SECISBP2_CTCTTACCTGAGACTACCAC,SECISBP2,709,116,145
SECISBP2_GAAGCCAACCTCACTGAAGA,SECISBP2,971,0,21
SECISBP2L_GGTGGAAACTTCAGATGGAC,SECISBP2L,79,22,89
SECISBP2L_TATGGTTGCAGCAATGGAAC,SECISBP2L,1127,217,161
SECISBP2L_AGGACGCTGTGTGAACAAGC,SECISBP2L,719,34,85
SECISBP2L_TAGGTTGGATTCAGATGCCG,SECISBP2L,1022,136,155
SECISBP2L_GCTGAATCTTCTAGTGAGCA,SECISBP2L,245,248,195
SECISBP2L_CGAAGCAGAAACAGTAACAG,SECISBP2L,1162,658,692
SECTM1_GGTTTGAACACCAGTGCCAG,SECTM1,411,82,294
SECTM1_GCCGCTGTTCCCAGCAACGC,SECTM1,1066,187,101
SECTM1_TCGCTCTGGTCATGTTCGCC,SECTM1,35,101,189
SECTM1_GCTGGTGATCAAAGGCGCCC,SECTM1,89,0,45
SECTM1_GCTACTTCTCCCGGGACGGC,SECTM1,9,29,31
SECTM1_GAGCGCCATCTTCAATGAGG,SECTM1,798,24,127
SEH1L_TCTCTTTCGACTTCCACGGG,SEH1L,544,0,6
SEH1L_AACTGCGAGGACAGAGCCAC,SEH1L,239,11,19
SEH1L_TTAGCAACCTGTTCCGCAGA,SEH1L,1205,4,18
SEH1L_AAACTTTGTTGGCCCACCAG,SEH1L,1434,50,83
SEH1L_AGTCAATGGGAGTTCTCAGC,SEH1L,188,80,48
SEH1L_CAAGAGTGCTCTACCAGAGG,SEH1L,1150,265,204
SEL1L_AATACGGCTGCCTGATGAAG,SEL1L,627,75,195
SEL1L_CAGGGTTACAGATACTGGGC,SEL1L,337,65,24
SEL1L_GGGCAATCTAATAGCCCACA,SEL1L,0,29,0
SEL1L_CATGAACCATACCAAAGCCC,SEL1L,1063,247,99
SEL1L_CCTTCAATGGCGGTCAAAGC,SEL1L,102,12,8
SEL1L_ATACTGACCCGAGGACGCCG,SEL1L,885,83,418
SEL1L2_GCTCTTTGCCGTCATGAAAC,SEL1L2,537,253,232
SEL1L2_ACACGGCTTAGGCATCACAA,SEL1L2,1452,645,645
SEL1L2_TCAGGAATTTCTCAGCCCAG,SEL1L2,1368,247,226
SEL1L2_ACATACCTTACTGGCTGCCA,SEL1L2,463,58,52
SEL1L2_GGCCGGGAGTGCAAATGCCA,SEL1L2,1388,380,330
SEL1L2_GCAGAGTAGTCCAGGCAAGA,SEL1L2,1847,1076,470
SEL1L3_ACTTCATTATTGGAGGGAGC,SEL1L3,185,67,69
SEL1L3_AGTAACCACTAGCATTGGAC,SEL1L3,172,113,182
SEL1L3_GAGGTTTCGGAACCGAGAGC,SEL1L3,340,82,31
SEL1L3_AAGGCGGGATGGTCTGCAGG,SEL1L3,129,0,0
SEL1L3_CGCTCACCAGGTAGCAGAGC,SEL1L3,1112,452,390
SEL1L3_ACCAGTTCCCGCCCGTGCAA,SEL1L3,1261,396,405
SELE_AGTTCGCCTGTCCTGAAGGA,SELE,553,256,391
SELE_TCAGGGACAATGGACAGAAG,SELE,2354,410,551
SELE_TGTGAGTTCTCCTGTGAGCA,SELE,2101,914,695
SELE_GCCGTCCGCCAGCCTCAGAA,SELE,754,649,676
SELE_CCTATCACAGCTGATAGAGC,SELE,677,23,79
SELE_TGCCTATTGTTGGGTTCACC,SELE,562,272,241
SELENBP1_CGTCTGGGTTGTGCAGGAAG,SELENBP1,3447,606,933
SELENBP1_GCTCCCAATGTCTTACGAGA,SELENBP1,663,107,66
SELENBP1_CTGGGAGACGTCAAGGGCAA,SELENBP1,2254,602,440
SELENBP1_TCGCATCTATGTGGTGGACG,SELENBP1,696,343,78
SELENBP1_TTTCTACCGTGCAGGACCCA,SELENBP1,707,276,247
SELENBP1_GCACACATCCCAGCGGGCCA,SELENBP1,729,109,33
SELL_TGACTGCCACTGGAATGAAG,SELL,1475,196,297
SELL_TGTACCTTCATCTGCTCAGA,SELL,242,142,64
SELL_CCAGTTTCCAAATGGTCCAC,SELL,730,214,101
SELL_TTAAAGCTTCTTGCCAGCCC,SELL,1297,187,291
SELL_AGATAGGAGGAATATGGACG,SELL,2095,499,787
SELL_GAAATGTCAGAGCACCCAGA,SELL,416,163,223
SELP_ACCCGGGCCTCATTTGGAAC,SELP,1635,779,740
SELP_GCATGAAACCTTCAGCACAG,SELP,1294,514,2407
SELP_CTACCCTCACAGGTTGGCAA,SELP,1091,602,625
SELP_TGCATTAGTTGGACCGGAAG,SELP,1243,1222,760
SELP_AAGCACGCATTGTGTTACAC,SELP,2114,299,216
SELP_CTGGAATCTCTGGTACAAGA,SELP,996,827,563
SELPLG_GACAACTCGACTGACGGCCA,SELPLG,771,151,356
SELPLG_TCTACTGGCCTGGATGCAGG,SELPLG,812,97,137
SELPLG_ACCACTCCTCTGACTGGGCC,SELPLG,4,125,160
SELPLG_TCTCCGGTCCCGGGCAAGCA,SELPLG,2063,599,662
SELPLG_GGCCCAGTAGGATCAGCAAC,SELPLG,1069,294,264
SELRC1_CATGCGACTGGCATTGGCAC,SELRC1,675,370,361
SELRC1_CTCCATGAAAGCCTGTGACC,SELRC1,1512,487,385
SELRC1_AGCCTGACTTGGGAAAGGCC,SELRC1,528,60,29
SELRC1_GGCTGGTGGACTATTTGGAA,SELRC1,2389,182,365
SELRC1_TACCACGAGAAGGACCCGGA,SELRC1,217,19,90
SELRC1_GAAGTCCACCATGCCGGCCA,SELRC1,625,175,33
SEMA3A_GGCTGGATGACTTCTTGCAA,SEMA3A,1710,300,370
SEMA3A_GGTCCATATGCCCACAGGGA,SEMA3A,514,280,311
SEMA3A_GGTCATATGGACTCTTCCCA,SEMA3A,484,1,21
SEMA3A_ACTTGTACGCCTGTGGAACG,SEMA3A,922,222,751
SEMA3A_TACTCCGTTCCTCATCCAAA,SEMA3A,965,385,174
SEMA3A_ATGGGAAGAACAATGTGCCA,SEMA3A,944,14,58
SEMA3C_GATTCTACCCAACTGGGAAA,SEMA3C,448,143,177
SEMA3C_CGAGCTCATTCTGGAGGAGC,SEMA3C,264,177,182
SEMA3C_ACCCAATATGCGAACCACCA,SEMA3C,777,368,654
SEMA3C_ATACTTACAGTTCCAGGGCG,SEMA3C,621,319,413
SEMA3C_TGCTGGAAACTGATAACCCG,SEMA3C,2845,701,657
SEMA3C_CACTTTCTTAAAGGCGAGGC,SEMA3C,543,252,481
SEMA3D_TTGTACATTGGTTCCCGAGA,SEMA3D,1304,173,287
SEMA3D_AACGTTGGTCCTCCTGCAAC,SEMA3D,2264,158,318
SEMA3D_ATACATACTGTACCAGGCCG,SEMA3D,1301,93,129
SEMA3D_AAAGGCTGCTGAGGATCGAA,SEMA3D,175,122,149
SEMA3D_TGATCTTGGAGTCTACAAGG,SEMA3D,842,115,317
SEMA3D_GATTTATTGGCCTGCTGCAA,SEMA3D,61,26,90
SEMA3E_GACGTCTTGTTTATTGGGAC,SEMA3E,862,316,480
SEMA3E_AGGAAGGACCTGAATACCAC,SEMA3E,1487,378,198
SEMA3E_CACACAGAGTCGCCCGACCC,SEMA3E,1036,380,243
SEMA3E_ACCCAGATCTGAGAGAGGAA,SEMA3E,1073,70,47
SEMA3E_CTCCAGTACCACAGGTCAGA,SEMA3E,781,253,159
SEMA3E_CACGGCAGCATGGCATCCGC,SEMA3E,2089,717,366
SEMA3F_CTTTGAATGAGAGCCGGACC,SEMA3F,474,102,171
SEMA3F_GGTAGTCGGTTGTGTTGAGC,SEMA3F,378,23,142
SEMA3F_GGAATGCGTGCTCTCAGGCA,SEMA3F,600,223,173
SEMA3F_TCGTCAGGCTCATCCAGCCC,SEMA3F,2148,45,411
SEMA3F_ACCATGGACCCAGACTCAGG,SEMA3F,806,69,160
SEMA3F_GAGCGACTCGAGTCAGGGAA,SEMA3F,187,77,239
SEMA3G_GGGCGGCCATCACAAACCGG,SEMA3G,453,100,182
SEMA3G_TCGGAACGCAGAGCTGGCCG,SEMA3G,897,489,693
SEMA3G_AACTGTGATGAGGGCACAGG,SEMA3G,1215,36,32
SEMA3G_AGGGAGGAGTGTGTTCGAAA,SEMA3G,978,564,431
SEMA3G_TGGCAGAGCGGTTGGCAGAC,SEMA3G,2016,643,921
SEMA3G_TACCTCGGTAGGAGAGCCGC,SEMA3G,9,82,38
SEMA4A_ATAGTATCTGACCCTGGGCA,SEMA4A,857,236,157
SEMA4A_CTGGATATCCAAGGCCAGAA,SEMA4A,1276,592,380
SEMA4A_GGGTGACATTGTAAGAAACC,SEMA4A,494,103,99
SEMA4A_CAGCCGTATGCTTGTGAGCG,SEMA4A,1609,1151,964
SEMA4A_AAGTTGTCGGTCTTGAGGAC,SEMA4A,319,120,292
SEMA4A_AGTAGACGACCTGGGTCGAA,SEMA4A,505,43,164
SEMA4B_CCGAATGCTGCGCACCGCGA,SEMA4B,2001,172,416
SEMA4B_AATGGCCGCTCTTCAGAGCC,SEMA4B,420,69,124
SEMA4B_ACTCACGATGTAGGTACACA,SEMA4B,1974,332,245
SEMA4B_AATTCGGGTCGAAGGGACAA,SEMA4B,421,210,50
SEMA4B_GCAGATGGCGAGCTCTACAC,SEMA4B,1531,217,222
SEMA4B_CATCGCCTTGCAAGCTGCCC,SEMA4B,129,31,36
SEMA4C_TGGCTCACCGTTGAGCCAAA,SEMA4C,576,218,133
SEMA4C_GAGCATGGAGAGTTTGAAGA,SEMA4C,694,161,80
SEMA4C_AGGTGCCACAGACGTACAGG,SEMA4C,1075,273,129
SEMA4C_GCAGCGTCCAAGCACCCACC,SEMA4C,1097,95,256
SEMA4C_TCTGTACGTGGGCGCCCGAG,SEMA4C,1572,205,351
SEMA4C_ACACTGTCTTACGCGGCACA,SEMA4C,868,177,432
SEMA4D_GATGTCATGTTTGTCAGCAC,SEMA4D,1728,331,267
SEMA4D_CAACCTGTCCACAGCCGAGG,SEMA4D,746,33,370
SEMA4D_GACCAAGCCGCTGTCTGGCC,SEMA4D,14,25,204
SEMA4D_TGGGACCAACGCATTCCAGC,SEMA4D,317,148,207
SEMA4D_GCATCCCACAGAGGTGCACC,SEMA4D,390,84,203
SEMA4D_TGGCATTTGCACCCATACCC,SEMA4D,1035,383,395
SEMA4F_CTTACCAGAGATTGGAAGCG,SEMA4F,41,67,1
SEMA4F_GACTGCGAACCGGGTGAGAC,SEMA4F,937,180,63
SEMA4F_CGAAGGTGCCACAAGTGAGG,SEMA4F,1232,472,442
SEMA4F_GAAAGACTTGAGAGTGGCCG,SEMA4F,317,113,47
SEMA4F_CAGAGCAGTGGGTCGTGCCG,SEMA4F,1660,240,304
SEMA4F_GGGTCTCACCGCACACACAC,SEMA4F,1304,131,173
SEMA4G_CATAGGGTATGGTCATCCGA,SEMA4G,298,260,30
SEMA4G_AGTGCCAACGACATAGGAGA,SEMA4G,574,196,163
SEMA4G_TTTGCCTCCACTAGATCCAC,SEMA4G,616,88,25
SEMA4G_CTCACAATGGCTGCACAGAG,SEMA4G,2880,1243,1487
SEMA4G_TGATGAGGCCTGTGAAGCCA,SEMA4G,637,142,123
SEMA4G_GGAGCATTCCTGACATCCGC,SEMA4G,420,66,106
SEMA5A_CAACCTGAGCGCCATCGCGC,SEMA5A,924,234,277
SEMA5A_CAATATCGTTCTTGCACACC,SEMA5A,1678,369,355
SEMA5A_CGGCGCAGTACAACTCCAAA,SEMA5A,1551,647,641
SEMA5A_TGCTTCTGGTGGGTGGCGAC,SEMA5A,1021,272,75
SEMA5A_GCTCTGAACTCCCGTAACCA,SEMA5A,550,166,81
SEMA5A_TCTGGCACTGAGTCGTACCC,SEMA5A,358,132,398
SEMA5B_GCCGCTCCTGCCAAAGCAAA,SEMA5B,541,316,192
SEMA5B_TGGCAAGGCTGAGTCTGAAG,SEMA5B,1669,550,842
SEMA5B_ACCAGCTCATCGTGGGAGCC,SEMA5B,870,549,458
SEMA5B_CTAGCTCCGGGAGGCAGACA,SEMA5B,3098,881,585
SEMA5B_GGAGACGGACTGAAGCCACA,SEMA5B,163,132,350
SEMA5B_GGACGGGCAAGCAGAAGCGA,SEMA5B,1588,92,371
SEMA6A_GAACCATGGCCTGTTGAAGA,SEMA6A,2005,353,541
SEMA6A_TAGGCACAGACTGCAGACCC,SEMA6A,1778,151,277
SEMA6A_ACCATACTTTGTTCAAGCCG,SEMA6A,563,267,765
SEMA6A_AATCGTGCTTGACGGTCCGC,SEMA6A,852,31,20
SEMA6A_TTGTGGGCCACAAGCCAGGA,SEMA6A,1053,261,216
SEMA6A_GAGCCAATCAGTATTTCGCA,SEMA6A,475,177,164
SEMA6B_AGTCATGTTTCACGGTGCGC,SEMA6B,613,91,173
SEMA6B_CCGCTGATGTTGTCTCCGAC,SEMA6B,548,475,797
SEMA6B_AGAGCGTGGACTCGTCCCGA,SEMA6B,522,184,18
SEMA6B_TCGGATGAAGGGCAAACAGG,SEMA6B,1049,181,284
SEMA6B_CAACCTCTACCGCGTAGAGC,SEMA6B,726,104,92
SEMA6B_ACAGCGTCCTGTTGACCCGC,SEMA6B,708,382,349
SEMA6C_TTTACATACTCGGGCTACGC,SEMA6C,782,347,271
SEMA6C_TGGAGTCATACTTGGCGGAG,SEMA6C,2962,1088,1773
SEMA6C_TCAGATAACTTCGCTGCAGC,SEMA6C,469,135,379
SEMA6C_GCTGAATGAGTTCGTTCCAC,SEMA6C,39,73,197
SEMA6C_TTACCGGGCAGCCACTAGCA,SEMA6C,2541,973,755
SEMA6C_TGAAGGTCAGAGATCAACAG,SEMA6C,1558,635,831
SEMA6D_GCAGTATGTAGGCACAAAGC,SEMA6D,1626,562,714
SEMA6D_CAGGCAATGAATCGCAGCAC,SEMA6D,1035,600,389
SEMA6D_GACATGGCGATCAAGACAAC,SEMA6D,563,157,219
SEMA6D_GAAGCTGTATTCTGCCACAG,SEMA6D,825,270,440
SEMA6D_CGACATGGGTGGTTCCCAGC,SEMA6D,1760,386,288
SEMA6D_ACCCGAGTCTTTGTGAACCA,SEMA6D,1991,673,530
SEMA7A_CCTGCACAACTGGGCCACAC,SEMA7A,2137,580,888
SEMA7A_ATTGTATTCCTGCTTCCGGA,SEMA7A,41,136,30
SEMA7A_AGTTCTCGTCCGGGCTGAAG,SEMA7A,791,133,466
SEMA7A_ACTACATCACTCTCCTGGAG,SEMA7A,217,103,64
SEMA7A_CAAGAACGCATCTGTGCGCA,SEMA7A,1112,423,930
SEMA7A_GCGCCGCCTACCTTTCCAGA,SEMA7A,567,172,284
SEMG1_TGGAGTTTGTCTTGGTGCGC,SEMG1,1290,606,743
SENP1_GCGCCAGATTGAAGAACAGA,SENP1,674,213,183
SENP1_TTACAGACAGCTGCTACAGA,SENP1,2218,238,199
SENP1_CGACATGAACCACTCCAAGA,SENP1,2397,432,471
SENP1_GCCATTTGCACTCTGGCCAA,SENP1,1139,248,233
SENP1_ACCCACCTCCTGCCACAAAC,SENP1,1337,519,623
SENP1_TTACCAGGAGGCGATGAGCC,SENP1,191,126,180
SENP2_ATGTCTCTACTGTGGACCAC,SENP2,548,57,138
SENP2_TGAGCGCCGCCTCTTCAGGA,SENP2,1069,129,269
SENP2_ACACTTACCCAAAGGAAGGC,SENP2,424,185,104
SENP2_GAAGGCTGTAATAGAAGACC,SENP2,81,22,24
SENP2_GAATTGCTCAGGCAAAGAGA,SENP2,309,35,58
SENP2_ATCAGTAATGCCCTAGGCCA,SENP2,606,48,54
SENP3_TGATGCCTCAGCAAGTGAAG,SENP3,214,173,175
SENP3_GGGACAATCTGGGCCAGAAG,SENP3,1333,75,233
SENP3_CTTTCAAGCCTCACCTGGAA,SENP3,1400,593,512
SENP3_CTGGCATCCGCTGGTAAGAC,SENP3,2355,1211,1452
SENP3_CAGGGACTGTGTCCATGACC,SENP3,1375,421,317
SENP3_GACCGACTGGATTTCCACCA,SENP3,527,179,179
SENP5_AGTGCTTTAGGTCAGGCCAA,SENP5,342,39,59
SENP5_TCATACCAGATGGAGGAGGA,SENP5,380,174,47
SENP5_CATGCTGGATATGGACGACC,SENP5,521,381,217
SENP5_CTATTCACCTGGAAGTCCAC,SENP5,518,112,124
SENP5_TCACAGTAATGAGAGACCAG,SENP5,489,188,158
SENP5_TTGGCAGACTGCTGTTACGA,SENP5,1122,274,433
SENP6_AAGATGGCGGCCGGCAAGAG,SENP6,1169,92,36
SENP6_ATCGGTGAAGGCACATAAAG,SENP6,913,169,284
SENP6_AGAAGAGTCCGAATCACAAG,SENP6,1060,14,21
SENP6_TTCTACTGGGCCAATGAAGA,SENP6,727,147,96
SENP6_AGCGATGAATCACCTGAAGC,SENP6,969,175,65
SENP6_AACTGCAGTTGTCATCAGCG,SENP6,3125,134,29
SENP7_ATGCCTGAACCCAAGACAAC,SENP7,1195,17,80
SENP7_AGGTTGTGATCATCTCGAAC,SENP7,940,214,110
SENP7_AAACTTCCCTCAGTTACAGG,SENP7,1066,188,216
SENP7_CTTCCAAGTCATCACCAGAA,SENP7,972,143,191
SENP7_TGGACAGTGGTGATTGAACA,SENP7,869,808,719
SENP7_ACAAGAGAAAGCTCGGGCGA,SENP7,405,88,171
SENP8_TGCTAGTGCACTTGATGAAC,SENP8,1428,429,758
SENP8_GATAACTCCAACCAGGCAGC,SENP8,118,295,372
SENP8_GGTAGACCAATAAACTCCAG,SENP8,28,0,0
SENP8_CAACTCAGTTCACGCAAAGC,SENP8,1278,679,710
SEPHS1_TGTACCTGAAGTCTCCGGGC,SEPHS1,348,41,107
SEPHS1_TTTGGGCCATGCGCAGAACC,SEPHS1,1464,315,513
SEPHS1_TACTCACGATATCCAGCCAC,SEPHS1,198,0,14
SEPHS1_TGGCACACGCTATCCTGCCC,SEPHS1,0,24,0
SEPHS2_CCATCCGTGATTGTGGACAA,SEPHS2,2779,1072,758
SEPHS2_CCATTGTCCACAATCACGGA,SEPHS2,840,371,172
SEPHS2_TCACGAGCTAGGCTCAGAGG,SEPHS2,1508,148,121
SEPHS2_TTTCGGGATGCGGCTGAGGA,SEPHS2,776,467,243
SEPHS2_GAGTGAGGAGGAACGCGAAA,SEPHS2,488,201,223
SEPHS2_GCTGAGTGACCTCTACGCCA,SEPHS2,1246,61,626
SEPN1_TCCGAGCAGCGCCAGGGAAC,SEPN1,2258,697,609
SEPN1_TTCCTCCTTGGACACTGACG,SEPN1,2291,412,378
SEPN1_ACCATGACCAAGAGCAAAGA,SEPN1,1737,616,364
SEPN1_GGCTGTCCAGTTTCGGAGGC,SEPN1,342,343,807
SEPN1_GGAGCCGGTGGATGATGACC,SEPN1,661,46,36
SEPN1_TGTGGTTGGGCACGAAGAGC,SEPN1,1193,218,318
SEPP1_CTGATTCTTTCAGCGTCAAC,SEPP1,261,212,184
SEPP1_CTTTCAGCGTCAACTGGCAC,SEPP1,585,81,144
SEPP1_TGATGAAGGCCTGGAGGAGC,SEPP1,199,342,273
SEPP1_TGGCTCTCTGTTCCTCCCGA,SEPP1,520,37,162
SEPSECS_ATCCTGCATCTTCATTCCGA,SEPSECS,7,107,70
SEPSECS_CAGCATTGAGGTAAGCACAA,SEPSECS,1556,53,0
SEPSECS_AGGGAGAGTGGCATCCGCAC,SEPSECS,83,1,16
SEPSECS_CATACGGCTGCTTCTGGAGA,SEPSECS,882,0,24
SEPSECS_TGAGGTGCTCATGCGAGCGG,SEPSECS,1929,52,82
SEPSECS_AACCGCGAGAGCTTCGCGGC,SEPSECS,92,56,49
SEPT1_CTTTCTCGTGTACTGCCCGG,SEPT1,265,121,181
SEPT1_TCCTCGATGAATTTCACCAC,SEPT1,542,321,473
SEPT1_ACCCTGGCCATTGAGCGCCG,SEPT1,1435,213,208
SEPT1_TACCACTGGCCTCTGGCACC,SEPT1,566,30,50
SEPT1_TGACAGACTTGCGGTGCAGC,SEPT1,1826,462,305
SEPT1_TCCATCATCGTGGTGAGACA,SEPT1,1532,84,233
SEPT10_AAGCTCTGACATCAATGCAC,SEPT10,216,81,82
SEPT10_AGGAGTTCGAATCGACAGCC,SEPT10,379,123,49
SEPT10_GACCATGGCCTCCTCCGAGG,SEPT10,411,128,278
SEPT11_AAACTTCTCAGCACATGAGC,SEPT11,445,67,149
SEPT11_TGTGGTTATGTAGGTGAGAC,SEPT11,1448,468,1068
SEPT11_AAATCCCACGGTGTCAACAA,SEPT11,1097,551,332
SEPT11_AGTGGTTGGCAGCACCGAAG,SEPT11,256,203,143
SEPT11_ACGCTGTAAGCTTGAAGAGA,SEPT11,718,212,371
SEPT11_ATTTATTCCGTGCAGAGCCA,SEPT11,389,38,52
SEPT12_CCCACTTGGTCTTCCGGCCC,SEPT12,504,503,773
SEPT12_GCGAGAGGCCTTCAGGCGCA,SEPT12,479,154,157
SEPT12_ATTGCTCGTTGATGTAGCCC,SEPT12,276,69,24
SEPT12_CTCCACAGTCATAGAGGAGA,SEPT12,967,86,243
SEPT12_TTGCCCAGCCCGCTTTGCCC,SEPT12,460,108,412
SEPT12_TCATAGCCTTGATCTTCAGC,SEPT12,179,62,52
SEPT2_GGTCAAGCTACGCCTGACAG,SEPT2,224,20,27
SEPT2_GATAGCGTCACCATAGCCAG,SEPT2,33,62,0
SEPT2_ACGAGAGCGGCTTGAACAGG,SEPT2,628,172,258
SEPT2_TTGGATCCAACCACAGAGAA,SEPT2,1101,368,357
SEPT2_CGTTCTGAGAGACTCAAGAG,SEPT2,1140,585,525
SEPT2_CAATCATCTCTTGCATGCGG,SEPT2,0,63,153
SEPT3_ATGGGCTTCATGGGCACCGC,SEPT3,308,65,246
SEPT3_CAAATCCCAAGTGAGCCGCA,SEPT3,819,105,154
SEPT3_CTTTACTTCATCTCTCCCAC,SEPT3,430,142,89
SEPT3_TCCTCGCCTCTAGGTTCGCA,SEPT3,101,39,37
SEPT3_AGTACCAAGTGAATGGCAAG,SEPT3,784,239,77
SEPT3_TGATGACAAAGTCTCGAAGC,SEPT3,347,215,359
SEPT4_CACACTGACACCTCCCGAAG,SEPT4,2652,362,189
SEPT4_GGACCATACCCATGGCCGAA,SEPT4,1097,216,197
SEPT4_TGCAGTGGACATAGAAGAGA,SEPT4,799,342,531
SEPT4_TCACTGATCTGTACCGGGAC,SEPT4,774,323,221
SEPT4_ACTGCTGGTTGTCAGAGGAC,SEPT4,1504,190,410
SEPT4_GACCGTTCACTGGGATGGCA,SEPT4,860,213,139
SEPT5_CCTGCGGTACAAGAGCAAGC,SEPT5,696,209,77
SEPT5_TCACCGACTTGCGGTGCACC,SEPT5,364,199,336
SEPT5_TGACAGACTTGTACAAGGAC,SEPT5,721,215,385
SEPT5_GAATCCCGGCGTGTCCACGA,SEPT5,547,364,221
SEPT5_CAGTACTTCCGTGATGAGAG,SEPT5,1081,711,685
SEPT5_GATCCGGAAGCTGAAGGAGC,SEPT5,573,78,13
SEPT6_GCAACAAGATGATGAGGGCG,SEPT6,1005,179,197
SEPT6_ACCAGCGAGCTTGTCAGCAA,SEPT6,1253,73,230
SEPT6_GGAGGTCATAGGTATTAGAC,SEPT6,535,95,217
SEPT6_TGACGGACTTATTCACCAGC,SEPT6,904,480,244
SEPT6_CTCCTCAGTTTGGCAGGAGG,SEPT6,57,17,113
SEPT6_AGCGACCGATATAGCTCGCC,SEPT6,0,84,425
SEPT7_GATCCGCTGCTGCTGAGGAG,SEPT7,389,32,87
SEPT7_CCGAAGCTGAGACTCACCCA,SEPT7,1785,402,198
SEPT8_GACATACGAGGCCAAGAGGA,SEPT8,597,412,353
SEPT8_TCCGCGAGCAGACCCACAGC,SEPT8,1410,144,305
SEPT8_CATTATTCCCATCATCGCCA,SEPT8,456,117,115
SEPT8_GGTAGTCGAAGAGCGAGCGG,SEPT8,106,78,6
SEPT8_GCTGACCATTGTGGATGCCG,SEPT8,1,21,70
SEPT8_CGAAACCCACATGGCCGCCC,SEPT8,195,254,106
SEPT9_ATAGCCGAGGGCAATGCACC,SEPT9,231,298,196
SEPT9_TATCCTGCGGTGCCTGGCGC,SEPT9,49,63,81
SEPT9_CGGAGGCTTGGTGACTCCAG,SEPT9,811,80,86
SEPT9_CCGTAGGAATGGAGAGGGAC,SEPT9,1628,199,386
SEPT9_TCCAGCTGCGCGTTGACCGC,SEPT9,1048,176,226
SEPT9_AATGGACAGCTCAGTGCGCC,SEPT9,0,41,98
SEPW1_GACTCGGACGGCGAGAGCCA,SEPW1,63,44,24
SEPW1_CTTGTAGCCTCAAGCGCCAC,SEPW1,374,9,169
SEPW1_CCCTTTCCTCAGTGCGGCGA,SEPW1,794,124,288
SEPW1_TCTTTGAAGTGATGGTAGCC,SEPW1,560,195,166
SERAC1_GAGGCTGTACCGACTTCACA,SERAC1,414,135,47
SERAC1_TCAGAGTCTAGCTGCTCAGA,SERAC1,400,115,82
SERAC1_TCGGAGACCCATCACTGGCA,SERAC1,379,389,326
SERAC1_AGATGACGCAATAAGCAGCC,SERAC1,817,328,283
SERAC1_GATGACGCAATAAGCAGCCA,SERAC1,592,75,293
SERF2_CTATTATGCAGCTGTGCCCG,SERF2,2704,595,511
SERF2_TGAGCACTGGACAGTCAGAG,SERF2,2164,253,605
SERF2_ACTGACACAGCTTCCGCCCG,SERF2,1721,444,1055
SERF2_TGCCGGAAGTCGGCGTGAGG,SERF2,1705,317,135
SERF2_AAGCCACGGAAACATGACAG,SERF2,2226,78,102
SERF2_GAAACATGACAGCGGTGCGG,SERF2,664,9,16
SERGEF_CCATTCTGTTGGGAAGCGAG,SERGEF,629,311,127
SERGEF_TGGATTTGGTGCTTAGGCCC,SERGEF,563,42,197
SERGEF_CTGTCCTCACCTCAATGGCC,SERGEF,1064,528,829
SERGEF_TTGGATGGGACAGCCAAAGA,SERGEF,744,340,225
SERGEF_TACCTGTGACAACTGCAGAG,SERGEF,1249,650,227
SERGEF_ACGTACCCAGGCGAAGAGCG,SERGEF,1428,478,693
SERHL2_GCTATTGCTCTTCAGTAACC,SERHL2,565,132,355
SERHL2_CCTGCAAAGAGGAACCACGA,SERHL2,1834,415,507
SERHL2_GGAACCACGAAGGTGGCCAC,SERHL2,481,3,0
SERHL2_ACAGAGACCAGAGGCTCGCC,SERHL2,152,31,131
SERINC1_CAGCACGATGCCAATCCAAC,SERINC1,1513,443,353
SERINC1_CAAGCACTGTCCCAAAGGAA,SERINC1,1182,630,469
SERINC1_TACAACAAGCACTGTCCCAA,SERINC1,60,192,113
SERINC1_CCTAGAGCTGCAGTGCACAA,SERINC1,3326,484,873
SERINC1_CAGCATCGGCATAGCAAACA,SERINC1,2471,1589,1580
SERINC1_AGCATCGGCATAGCAAACAC,SERINC1,1271,602,603
SERINC2_TCTGAGTCCTCATGGACGGG,SERINC2,496,39,105
SERINC2_GGGACTCACGCAGCTGAGCA,SERINC2,149,172,372
SERINC2_TTAGCTGCCCTCGAGTGAGG,SERINC2,1283,147,165
SERINC2_CATTATGCTGAGCCCGGGCG,SERINC2,1108,169,291
SERINC2_GACAGCGCGGTAGCCAAGCA,SERINC2,339,121,127
SERINC2_TTGCGCACTCCTGGAACCAG,SERINC2,2014,255,230
SERINC3_GGGTCAAGATCAGCTCCAGC,SERINC3,553,69,42
SERINC3_GGCTGTGGACAACGAGAAAG,SERINC3,1312,308,348
SERINC3_CCTACTCCACCATCAAAGAG,SERINC3,1146,947,1179
SERINC3_TTCATTGGACATGGCTGACC,SERINC3,926,351,374
SERINC3_AGGATACGACAGTGCTCAGG,SERINC3,484,106,97
SERINC3_CGAACTCACCCAGCTGGCGA,SERINC3,1716,41,157
SERINC4_GGGATATGATGCGGTGGCGG,SERINC4,430,38,19
SERINC4_ATTTCCTCTCTCCAGGGCAA,SERINC4,356,34,47
SERINC4_AAGCTTGTAGGAGGCCAGAG,SERINC4,1955,293,283
SERINC4_CACTATTATACACACCCAGC,SERINC4,240,93,95
SERINC4_GCAGATGCAAGGCAGCGAGG,SERINC4,141,150,113
SERINC4_GCACCCTCTCACCTGACAGA,SERINC4,966,115,300
SERINC5_TTGCTTCAGTCCTGGTGGAG,SERINC5,2830,812,729
SERINC5_GATACATCCGATTAAGAGGC,SERINC5,51,58,8
SERINC5_CCAATGATATAAGCAGGCAC,SERINC5,754,303,299
SERINC5_GACGGCTCCCACATAGCGCC,SERINC5,250,15,30
SERINC5_CCCATTAGTACCGTTCAGAA,SERINC5,1949,1225,1531
SERINC5_TGGTGACACCTGTGAGAAGC,SERINC5,1208,415,268
SERP1_TCTTGGCGACGTTGCCGCGC,SERP1,354,156,28
SERP1_CGAAGATGGTCGCCAAGCAA,SERP1,1910,521,904
SERP2_AAGCCATGGTGGCCAAACAG,SERP2,2375,478,447
SERP2_GATCCGCTGTTTGGCCACCA,SERP2,677,53,115
SERP2_GGCCAAACAGCGGATCCGGA,SERP2,82,187,32
SERP2_AGAAATATCCTGTGGGACCA,SERP2,505,325,328
SERPINA1_TTGTTGAACTTGACCTCGGG,SERPINA1,336,129,246
SERPINA1_GAAGAGCGTCCTGGGTCAAC,SERPINA1,1452,45,157
SERPINA1_CATCATAGGCACCTTCACGG,SERPINA1,2323,641,715
SERPINA1_TCGGTGTCCTTGACTTCAAA,SERPINA1,827,576,428
SERPINA1_GGCTGAAGGCGAACTCAGCC,SERPINA1,504,159,118
SERPINA1_GGATCCTCAGCCAGGGAGAC,SERPINA1,590,75,279
SERPINA10_CATGCCTCCTGTCATCAAAG,SERPINA10,1008,612,666
SERPINA10_GAGTTCACTAAGGTCAGCAA,SERPINA10,500,47,118
SERPINA10_TCAGGTAGTCTTCAAGGGCG,SERPINA10,1541,541,770
SERPINA10_AAGATCTCCATGAGGCACGA,SERPINA10,1030,384,204
SERPINA10_TCATGGAGATCTTTCGCAGC,SERPINA10,1064,509,182
SERPINA10_GACAAGCTCCAAGAACAGGA,SERPINA10,736,91,312
SERPINA11_TGTCCTCTAGGTGTCACACA,SERPINA11,351,411,575
SERPINA11_CAAGTGCAAATCCAACAGAC,SERPINA11,1633,593,458
SERPINA11_GCACAGATTCCTCTATGACC,SERPINA11,468,416,184
SERPINA11_TCGCTACCAGACCCAGAAGC,SERPINA11,2503,707,1122
SERPINA11_TAGTCGCTTGTCTAGGAACA,SERPINA11,1273,439,405
SERPINA11_TTATCTCCATGGGCAAGAAG,SERPINA11,855,220,281
SERPINA12_AGTCTGTGCTCCGGTGCCAG,SERPINA12,1044,446,521
SERPINA12_TGAGCTGAAGATGGATGAGA,SERPINA12,535,175,155
SERPINA12_TACAGACACGTCTACGACCC,SERPINA12,159,69,70
SERPINA12_CTTTAAGCTGCTCAAGAAGC,SERPINA12,597,399,451
SERPINA12_AGGTCCAAGGATGGAAGCAA,SERPINA12,870,241,304
SERPINA12_TAAAGCCGAGCTTCTCACCA,SERPINA12,1089,290,205
SERPINA3_AATCCACTACTCCAGACAGA,SERPINA3,721,88,262
SERPINA3_AGCAACTCAGTCTGCTGGAC,SERPINA3,1295,276,378
SERPINA3_GGTTCACGGAGGATGCCAAG,SERPINA3,889,251,198
SERPINA3_GAACGACATACTTCTCCAGC,SERPINA3,502,120,574
SERPINA3_CTCCACTAATGCAGAAAGGA,SERPINA3,1514,615,825
SERPINA3_GGGACAATGATCATCAGGAA,SERPINA3,934,153,469
SERPINA4_CCTGATCGCTTCGGAGACCC,SERPINA4,1338,595,193
SERPINA4_CAGCCAGATCCTTGAGGGCC,SERPINA4,1795,265,443
SERPINA4_ATCCATCCGTAGCACCGAGC,SERPINA4,773,133,55
SERPINA4_GGAACAACTTGTTGCGGAAG,SERPINA4,641,315,224
SERPINA4_TCACGGATCTGTTCTCCAAG,SERPINA4,1151,220,287
SERPINA4_AGCCTCATCCACGTCCAAGG,SERPINA4,566,301,187
SERPINA5_GGGCATTGCCGAGGCTCAGC,SERPINA5,137,209,111
SERPINA5_CGTCTTCATGGCACTTACGA,SERPINA5,6314,2210,1433
SERPINA5_AGGAGAGGTTCCGGTCCAGG,SERPINA5,543,91,66
SERPINA5_CATTGAGGGCTCCTATCAGC,SERPINA5,902,210,238
SERPINA5_CTCAGAGGCTAGTGTTCAAC,SERPINA5,928,464,1333
SERPINA5_GGTTCACTTTGCCAAGGAAG,SERPINA5,643,202,326
SERPINA6_CTGGGTTCATAACCCTCGCC,SERPINA6,318,168,135
SERPINA6_AAATTTCTCACGCATCACCC,SERPINA6,400,81,65
SERPINA6_CGTAGTTCATCTGCACCAGC,SERPINA6,305,239,352
SERPINA6_CTGGTGCTTGCCAGGTCAAA,SERPINA6,1102,503,674
SERPINA6_ATAGTGGATGGGCCTTCAGA,SERPINA6,623,58,118
SERPINA6_ATAGTTGACCAGGACGAGGA,SERPINA6,666,402,411
SERPINA7_TGTGCTGCACATTGGTGAAA,SERPINA7,1648,986,804
SERPINA7_ACTCTTTGTTCTTCCCAAGG,SERPINA7,677,170,190
SERPINA7_CATCATGGGCACTTGAACAG,SERPINA7,3228,515,360
SERPINA7_CAACATTTCTGCAGCCAAGC,SERPINA7,1173,930,720
SERPINA7_TTGCATTCAATCTGTACCGG,SERPINA7,2444,551,568
SERPINA7_TGCCTTCAGGTGATGCACAG,SERPINA7,593,504,779
SERPINA9_TTCATAGTCCGATCGAAGGA,SERPINA9,1381,253,686
SERPINA9_GATGCCCATCTTCGGGAGGA,SERPINA9,139,95,233
SERPINA9_TTCTTTGTCCTCCCTAGCAA,SERPINA9,266,259,386
SERPINA9_CCTTGACCTTCTGACGGCCA,SERPINA9,363,248,510
SERPINA9_TCACCAACCATGCAAGGACA,SERPINA9,2732,313,292
SERPINA9_CTCACCAACCATGCAAGGAC,SERPINA9,1876,1465,1550
SERPINB1_ACTCTCTTCCAGTTTGAACC,SERPINB1,1061,235,262
SERPINB1_CCTCAATGTCATCCGGCAGC,SERPINB1,27,202,372
SERPINB1_CCTCTTCAACCGTGTTGAAA,SERPINB1,581,355,334
SERPINB1_CCATTTCAACACGGTTGAAG,SERPINB1,1131,201,309
SERPINB1_TTGAGTGAGAACAATCCGGC,SERPINB1,369,283,277
SERPINB1_GATTGTTCTCACTCAACGCC,SERPINB1,155,60,47
SERPINB10_ATCAATCAACCAGTTTGCCC,SERPINB10,1126,74,167
SERPINB10_TGGGTTGAAAGACAGACCGA,SERPINB10,276,156,140
SERPINB10_ACTCTGTGGATTCCACAACC,SERPINB10,1552,644,577
SERPINB10_GCCAGAAGACATTAATGGGC,SERPINB10,363,34,0
SERPINB10_CAACTCCATCATGTCTGCAC,SERPINB10,1284,127,302
SERPINB11_ATGCTTCAGTGCAGCCAAGC,SERPINB11,679,349,554
SERPINB11_GCTCTACGGGACAAAGACGA,SERPINB11,506,145,97
SERPINB11_CTGAGAAATGGTATCAAGCC,SERPINB11,394,259,440
SERPINB11_CAGAAAGATCAGCTTTGACC,SERPINB11,1011,118,307
SERPINB11_TACCTGGATGTCAGCGAAGA,SERPINB11,693,170,264
SERPINB12_ACCCAAGCGTACCATACCAA,SERPINB12,964,150,525
SERPINB12_CACCCAAGCGTACCATACCA,SERPINB12,2049,551,784
SERPINB12_GACAGAGCCTCTGGATCAGC,SERPINB12,193,73,19
SERPINB12_GGGTCCTTAAACAATGAGAG,SERPINB12,290,117,86
SERPINB12_CAGAATTGGCTTCATAGAGG,SERPINB12,1160,533,567
SERPINB12_GCTGTCTTCCAGGGTGAACC,SERPINB12,157,161,100
SERPINB13_CATCTTGACTGCAATTGGCA,SERPINB13,0,55,136
SERPINB13_CACCGCTTCCCAGTTGGAGG,SERPINB13,1644,704,476
SERPINB13_GCCCAACGACATCGATGGCC,SERPINB13,336,63,22
SERPINB13_CGACATCGATGGCCTGGAGA,SERPINB13,1248,292,847
SERPINB13_AGAGGCGGTCCTGGCTGCCA,SERPINB13,209,12,6
SERPINB13_GAACTTCTGGGCGTACAACC,SERPINB13,282,791,612
SERPINB2_CATCTCGTCCACCATGGCCA,SERPINB2,311,249,266
SERPINB2_GGGCAGCACCGAAGACCAGA,SERPINB2,1,14,20
SERPINB2_CACCGAAGACCAGATGGCCA,SERPINB2,1438,324,588
SERPINB2_CATACCGAGTTTACACGGAA,SERPINB2,728,622,487
SERPINB2_GGACGCCTTCAACAAGGGAC,SERPINB2,239,50,103
SERPINB2_TGAAGTGTTCCACCAAGCCA,SERPINB2,1078,375,187
SERPINB5_GAGAAGAGGACATTGCCCAG,SERPINB5,1003,15,44
SERPINB5_CACTTGAGCAAGTGACAGAG,SERPINB5,623,356,691
SERPINB5_ACCAGTGCAGATGATGAACA,SERPINB5,691,445,75
SERPINB5_CATGTTCATCCTACTACCCA,SERPINB5,1813,384,295
SERPINB5_TTTGACCTTGGCATTGGCCA,SERPINB5,549,212,328
SERPINB5_AGCACGGATCCTGCAGCACA,SERPINB5,1321,109,51
SERPINB6_CTCTAGTTTAAACCGCGGGA,SERPINB6,496,272,343
SERPINB6_GGTGCTTCCATATGTTGGCA,SERPINB6,242,11,0
SERPINB6_AGTGGATCCATTGACAAGGC,SERPINB6,222,14,30
SERPINB6_GCTCAGTGGATCCATTGACA,SERPINB6,1575,192,239
SERPINB6_CGGTGGTGGAGACATCCACC,SERPINB6,504,132,52
SERPINB6_GATGTTCTCGCAGAAGCAAA,SERPINB6,117,139,108
SERPINB7_CTTGAGCGCCCAAGCGGACC,SERPINB7,486,97,56
SERPINB7_AGTCATCTTGAGCGCCCAAG,SERPINB7,496,126,343
SERPINB7_AAGAACGTGATTGGTGAAGG,SERPINB7,416,454,281
SERPINB7_TGACTTTCAGTGCTCTGGGA,SERPINB7,287,122,231
SERPINB7_TCGCCATGATGCATCAGGAA,SERPINB7,3129,1429,1377
SERPINB7_TACATAGAGGTCACTGAGGA,SERPINB7,973,400,311
SERPINB8_AAGTGCCATTTGCTTCACAG,SERPINB8,1118,631,550
SERPINB8_TGCGGATGAGGTACACACCC,SERPINB8,1529,738,216
SERPINB8_TGACAACACGGACCTCGCCG,SERPINB8,482,69,122
SERPINB8_GCCTGGAGCTTACCACGGCG,SERPINB8,485,188,280
SERPINB8_CCTCCAGCTTTAATCTGGGA,SERPINB8,450,64,116
SERPINB9_CGACGGCGTGGAGCTCAGCA,SERPINB9,2719,584,492
SERPINB9_CACGTGGGCGAGCTTAAACG,SERPINB9,2207,701,965
SERPINB9_GCTCAATTGATGCAGAAACC,SERPINB9,2313,219,314
SERPINB9_GGCACTGTCTTTAAACACAG,SERPINB9,239,4,63
SERPINB9_GAACAGAACACGTTGTGCGA,SERPINB9,202,108,167
SERPINB9_AACAGAACACGTTGTGCGAA,SERPINB9,966,429,366
SERPINC1_ACGGCCAGCAATCACAACAG,SERPINC1,3627,577,599
SERPINC1_CTTCCAGGTATTGTTGCAGA,SERPINC1,1974,266,385
SERPINC1_CAAGTTCCGTTATCGGCGCG,SERPINC1,249,381,222
SERPINC1_AGCTCATTGATGGCTTCCGA,SERPINC1,561,52,21
SERPINC1_CAACTCACCTTGAAGTCCAG,SERPINC1,683,119,126
SERPINC1_ACATCTGCACAGCCAAGCCG,SERPINC1,1595,96,226
SERPIND1_CAACGACTGGATTCCAGAGG,SERPIND1,1017,198,129
SERPIND1_CACATCATGAAGCTCACCAA,SERPIND1,2733,678,533
SERPIND1_CACTGGGAATTTATTCACCC,SERPIND1,673,167,201
SERPIND1_GGTTTCCATGATGCAGACCA,SERPIND1,270,215,177
SERPIND1_GCTTCTGCCGAAATTCAAGC,SERPIND1,226,150,128
SERPIND1_ACGATCACAGTGAACGAGGA,SERPIND1,529,129,56
SERPINE1_GCCATGCTCCAGCTGACAAC,SERPINE1,1069,486,488
SERPINE1_CTTGTACAGATGCCGGAGGG,SERPINE1,1482,121,374
SERPINE1_CCCTCTACTTCAACGGCCAG,SERPINE1,625,159,157
SERPINE1_CAGCTCATCAGCCACTGGAA,SERPINE1,1947,188,227
SERPINE1_ACGGTGGCCTCCTCATCCAC,SERPINE1,380,130,119
SERPINE1_GGTTGTGCCGGACCACAAAG,SERPINE1,585,297,187
SERPINE2_GAGCATCATGGTGCCCAAGA,SERPINE2,872,207,184
SERPINE2_GAACTCACCACACCGGAACA,SERPINE2,1633,549,632
SERPINE2_TGATGGTGTGCTCACCAGAC,SERPINE2,773,184,250
SERPINE2_CCAGGACCGACGCAATCCCA,SERPINE2,812,105,217
SERPINE2_GAGGAACTAGGCTCCAACAC,SERPINE2,247,260,281
SERPINE2_CGAGGAACTAGGCTCCAACA,SERPINE2,2837,1526,1587
SERPINE3_GCAATGTCATTCCTTCACGG,SERPINE3,2034,660,606
SERPINE3_CGTGGGCAGGCCTCTTACCA,SERPINE3,683,80,547
SERPINE3_CCGCCATCCAGACTAGCGAA,SERPINE3,1107,539,836
SERPINE3_TGGCTCGATGTGGCTCAGGG,SERPINE3,1288,547,624
SERPINE3_TTTCTGTGGTTAGGCCAAGA,SERPINE3,553,230,127
SERPINE3_CAGTGTCTCTCTAGCAACAA,SERPINE3,872,410,712
SERPINF1_GCCTACTGACCTCCTCCGGG,SERPINF1,683,0,9
SERPINF1_CCGCTGCCAGCTTGTTCACG,SERPINF1,3766,888,887
SERPINF1_CTATAAGGAGCTCCTTGACA,SERPINF1,1155,187,162
SERPINF1_GAAGCTCGCCAGGTCCACAA,SERPINF1,288,177,246
SERPINF1_TGCTTCCGGTCAAGGGCAGC,SERPINF1,495,199,500
SERPINF1_TCAGTACGAAGATGAAAGGC,SERPINF1,969,276,284
SERPINF2_CCTGGTTGCCCAACTTGAGG,SERPINF2,1232,307,373
SERPINF2_TGCCAGGTGAGACAGCGCCA,SERPINF2,1085,360,443
SERPINF2_CACGTTGCAGAGGCTGCAAC,SERPINF2,217,20,55
SERPINF2_GGGAAAGCAGGAAGATGACC,SERPINF2,0,21,24
SERPINF2_CGAGCAGTTCACGGTGCCCG,SERPINF2,1414,728,610
SERPINF2_GGGACACGTTCCATTCAAAG,SERPINF2,589,353,242
SERPING1_CATCGCCAGCCTCCTTACCC,SERPING1,545,73,351
SERPING1_CTGAAGGGCTTCACGACCAA,SERPING1,2612,555,608
SERPING1_AGGACAAGGCGGGTATCGGA,SERPING1,275,24,38
SERPING1_GGTCAATGAAATGGGCCACA,SERPING1,0,94,136
SERPING1_TCGTCTTGAAGACATGGAAC,SERPING1,3430,606,995
SERPING1_CAGGGTGCGGGCCACAGAGA,SERPING1,707,29,109
SERPINH1_CGACTCACGCTTGAAGAACA,SERPINH1,2523,795,870
SERPINH1_CAACTACTACGACGACGAGA,SERPINH1,566,178,156
SERPINH1_CCAGGACATCTACGGGCGCG,SERPINH1,763,516,527
SERPINH1_CTAGTGCGGGACACCCAAAG,SERPINH1,1126,514,473
SERPINH1_CAGGCGCCCAATGAATAGCA,SERPINH1,1100,477,268
SERPINI1_AGTGATGGCTCCAATGAAGC,SERPINI1,271,80,77
SERPINI1_AATGGCTCCAGAGTAGCAAG,SERPINI1,429,206,193
SERPINI1_CAGGAACCTCATACCTGGGC,SERPINI1,223,44,30
SERPINI1_CTCCAGGTTCACAGTGGAAC,SERPINI1,1663,1107,477
SERPINI2_CCAGGACAAGCCGAGTCAGA,SERPINI2,1316,156,248
SERPINI2_ACAGTATCTCCATGGCAACA,SERPINI2,1735,635,701
SERPINI2_GGTTCTTGAGATGGTACAAC,SERPINI2,370,152,267
SERTAD1_CACCAGGAGTCGACTGCCAG,SERTAD1,787,331,252
SERTAD1_TCTGAAGCGGAAACGGGAGG,SERTAD1,556,95,30
SERTAD1_GGGTCTGAAGCGGAAACGGG,SERTAD1,742,55,129
SERTAD2_AGGAGGTCGTCGGCAGACAC,SERTAD2,538,233,205
SERTAD2_GGAGGTCGTCGGCAGACACA,SERTAD2,651,46,161
SERTAD2_CAAGTCTGTCAGGAAACCCG,SERTAD2,1038,134,103
SERTAD2_TCCCACATCTACCTCCACAG,SERTAD2,2705,792,1349
SERTAD2_TCGTCCTCGAGCAGTGAGGC,SERTAD2,380,379,552
SERTAD2_CATGTTGAGGCGGATCCAGG,SERTAD2,266,118,88
SERTAD3_TGACACATCTGCGGTAGAAA,SERTAD3,2800,718,710
SERTAD3_CTAAGAAGACTGGATCAGGC,SERTAD3,724,172,431
SERTAD3_AATCCTCCTCGCCCAGGAAG,SERTAD3,1102,145,367
SERTAD4_TGCGAGCCCATTGTCTCGGA,SERTAD4,548,369,142
SERTAD4_ACGACCACGGATGGCCAAAG,SERTAD4,1511,626,813
SERTAD4_CAACTCGGTAAAGGCAAAGG,SERTAD4,972,373,322
SERTAD4_ACCGAGTTGTTCCCGCCAGG,SERTAD4,860,215,63
SERTM1_TGGGTCCACTGACGTGGACA,SERTM1,117,47,72
SERTM1_ATGGGTCCACTGACGTGGAC,SERTM1,63,35,9
SERTM1_AGATGTAGACGTTTGACAGG,SERTM1,1294,263,398
SESN1_GCAGTTCAAGCACTCTGAGA,SESN1,953,169,127
SESN1_GGAATGTCGAGATGAAGAAG,SESN1,962,360,366
SESN1_TGCATGTACCAATTCCGCAA,SESN1,928,602,458
SESN1_CTGGGCTGCAAGCAGTGCGG,SESN1,382,423,190
SESN1_CGTGTACGCCTCGTTCGCGG,SESN1,566,52,319
SESN1_ACACCTCATCGTCCATCAGA,SESN1,836,167,104
SESN2_TCCAAGCTTACCTCCTCCAC,SESN2,1286,177,210
SESN2_AATGTAGTGGCGCCAGGAGC,SESN2,1136,157,438
SESN2_AGTGGCTGCTGGGCCTCCAC,SESN2,352,23,64
SESN2_AGCCTGAATGAGCTCGGCCA,SESN2,353,310,149
SESN2_GATGGAGAGCCGCTTTGAGC,SESN2,176,2,45
SESN2_TGAGGACTTCACTCGGAGAG,SESN2,1890,523,322
SESN3_TATGAAGACTTTGCCAGACG,SESN3,796,78,278
SESN3_TAATTGGTCTCTGCCTGAAC,SESN3,12,75,10
SESN3_TGCCTGTATGGTAGAGGAAG,SESN3,1222,355,352
SESN3_GGTTGTCCAAGCAAACACAG,SESN3,733,436,271
SESN3_TCCGGCAGTTGGTACAGAGC,SESN3,2055,329,339
SESN3_AGGTAGTTGGCGGCGGCCGA,SESN3,698,31,175
SESTD1_TGAATCGATGCTCCATCAGC,SESTD1,647,150,57
SESTD1_CGTGTTTCTGCTGTAGGGCC,SESTD1,218,283,372
SESTD1_CGTCGATTTAATGGCTCAGA,SESTD1,854,458,249
SESTD1_ACTGTTTCAGGATCAACCGA,SESTD1,615,79,75
SESTD1_GAGTCTCACCTATGATCACA,SESTD1,215,73,33
SESTD1_CAAACAAGGGACACCTCAGC,SESTD1,386,126,177
SET_CAGCAAGGTAGGTTTCAAGC,SET,2101,588,530
SET_TTTATGTGGCTCACCCAGCA,SET,589,628,496
SET_GAGCAGCACCATGTCGGCGC,SET,886,1,61
SETBP1_GGATGAACTAGGCTCAGGGC,SETBP1,94,50,182
SETBP1_CCTCAAAGGATTTCAGCCAC,SETBP1,522,217,435
SETBP1_ACATGGCACGTTCCTGGGAC,SETBP1,496,318,324
SETBP1_GCCCGTGGCTTCCTTTGCAA,SETBP1,2144,851,671
SETBP1_GCAGTGCATAGTAAGAACGA,SETBP1,1575,372,520
SETBP1_CTCTGGAGTCCTCATCGAAC,SETBP1,3018,1159,1180
SETD1A_CCTTCTGAGAAGGCCTGCGC,SETD1A,487,78,69
SETD1A_GGGTCTTGGAGGTCTTCGAC,SETD1A,46,0,13
SETD1A_CAATATAGAACTCGTCCAGC,SETD1A,482,86,55
SETD1A_CTGAGGTGTGAACTGGCCAA,SETD1A,954,224,11
SETD1A_TGTGGCACCTACAGGGAGCG,SETD1A,1553,294,109
SETD1A_ATGCTCTTCTGGAGACGACA,SETD1A,227,31,21
SETD1B_TGGTTCCTCCTCTCGCCCGA,SETD1B,521,767,264
SETD1B_ACAGATGTCCAGCAACCGCC,SETD1B,1144,435,324
SETD1B_CACGTGGAGCTGGACACCAA,SETD1B,1412,1104,1425
SETD1B_CTGTGGTTGAGCCTTGAACG,SETD1B,4277,3515,4616
SETD1B_TCCTGGCGTGGCATGTAGCC,SETD1B,1269,490,498
SETD1B_GCGAGCACAAGGACGAGGAC,SETD1B,1139,534,407
SETD2_CATCTCCTTCACTCAACGGA,SETD2,569,134,67
SETD2_GGCAGAGCTAGGTGACGGCC,SETD2,174,122,49
SETD2_GCCGGGATAAGCTGAGCACC,SETD2,783,211,31
SETD2_GAAGGAACGATCTCGTAAGA,SETD2,370,36,39
SETD2_AGTTCTTCTCGGTGTCCAAA,SETD2,322,65,82
SETD2_CAAGAAACCCTCGTATCAAC,SETD2,1359,346,636
SETD3_AGAGCAGTTGAAGACGCCAA,SETD3,699,67,69
SETD3_ACTCTACGCCATGAAGGCCG,SETD3,1408,105,176
SETD3_GCAGAGCCACACACTCACAG,SETD3,1571,373,271
SETD3_CCATAAAGGAATCAGAGCCA,SETD3,545,113,179
SETD3_AGCCATGGGAAACATCGCAC,SETD3,245,153,33
SETD3_GAATGCAGCAGTCCGGCGCC,SETD3,87,26,34
SETD4_CTTTAGCTCTTCCGTCCACA,SETD4,882,329,524
SETD4_GCTGTGAGTAGCCTCCAAGA,SETD4,1082,346,591
SETD4_GAGCCGTGTACCTGAGGCCC,SETD4,266,55,0
SETD4_GCTTTCCTAGGTACAGGAAG,SETD4,532,62,64
SETD4_GGAAGTTCTGAATCAAGAGG,SETD4,513,240,141
SETD4_TGCGGAAGTTCTGAATCAAG,SETD4,945,236,438
SETD5_TCCAGCGAAAGAGACCCAAG,SETD5,1261,153,314
SETD5_GAGGGATGATCGTCTGGACA,SETD5,632,30,137
SETD5_TAGACTTCATCGGCGGAAGC,SETD5,919,128,138
SETD5_ATAGCAGTGCAACAGAAAGC,SETD5,617,20,168
SETD5_TTGGGATAGGCATTTCGAGA,SETD5,1573,125,146
SETD5_ACGTCTAGTCTCTGCTCCAA,SETD5,261,88,302
SETD6_GACCCAGGCGAAGCGTCCAC,SETD6,394,1,39
SETD6_CGCACTTATCTCAGGTGGCG,SETD6,675,171,200
SETD6_CTTTGCGCTCTGGCCCGAGC,SETD6,498,107,148
SETD6_CTGACCTATAGGCCATCACA,SETD6,1251,225,146
SETD6_CTGCAGCAGGCACCATCACG,SETD6,3742,549,480
SETD6_GGGCTGGCCCGTGAAAGGCA,SETD6,808,115,58
SETD7_CCTTGGGCTGCACTATAAAG,SETD7,1454,697,734
SETD7_TTCAGGCCCACTCTTCCCGG,SETD7,222,857,26
SETD7_ATTTGCCTTGTGTCCCAAGG,SETD7,702,123,191
SETD7_TTATGTCCACTGAAGAAGGG,SETD7,893,132,161
SETD7_GATGATGCCTTGCAGGGCCA,SETD7,0,133,50
SETD7_CATGGATAGCGACGACGAGA,SETD7,613,165,247
SETD8_GCGGTGACAGAGTGGAGCCA,SETD8,6,0,1
SETD9_AACGGCGCCATCGCTGCCAC,SETD9,0,22,48
SETD9_GACCCTCCGATATGTTCCAG,SETD9,416,33,110
SETD9_TTCCTCTGGAACATATCGGA,SETD9,546,241,221
SETDB1_CCAAACCAATGCACCCAGGA,SETDB1,2970,853,354
SETDB1_GCTGTATGTGGGCAGTCGGG,SETDB1,335,0,26
SETDB1_ACACTCACGTGGCCGGCAAA,SETDB1,1120,274,261
SETDB1_GCCACTCTTGAGCAGTACCA,SETDB1,567,140,114
SETDB1_CTATCGAGGCTCTACACGGC,SETDB1,753,235,331
SETDB1_ATAGGTGCTGTGAGGAGCAA,SETDB1,518,47,85
SETDB2_TCCTATGCCTGTGACTCAGA,SETDB2,413,67,42
SETDB2_TCGTAGACTCCTTCCACAAG,SETDB2,2134,270,135
SETDB2_TTTCGTAGACTCCTTCCACA,SETDB2,684,195,249
SETDB2_CATGTCTTCAACTGACAGCA,SETDB2,489,223,447
SETDB2_ACCAAGGAGCAGATGTAACC,SETDB2,588,123,257
SETDB2_TACAGCATGTCAAAGACAGC,SETDB2,10,135,284
SETMAR_CGGGTAAATGTTCGCGGAAG,SETMAR,1837,534,386
SETMAR_CGGAAGCGGCAAAGACGACA,SETMAR,291,123,282
SETMAR_TTAAACTCCGCCATCCCACA,SETMAR,737,344,85
SETMAR_CCTGATCATGTAGTTGGACC,SETMAR,1169,282,639
SETMAR_GACACAAATGCATCCGGGAA,SETMAR,760,518,294
SETMAR_GATTTGGCACCACAGTAACA,SETMAR,437,77,237
SETX_CCGACTACCCAACAGAGACA,SETX,2139,174,415
SETX_TGGAGATACCTCCCGTGGAC,SETX,1325,1427,1004
SETX_CAGTGTAACGCTGGCCAGAA,SETX,2643,846,609
SETX_CGATACTTCACACTATGGAG,SETX,1819,210,203
SETX_TGTTGAAGCACTTTGTCGGA,SETX,181,109,254
SETX_TCAATGGTGGAAGCACCACC,SETX,210,41,59
SEZ6_CCTGTCATCATCCTCTGCCA,SEZ6,827,99,201
SEZ6_GGGCACTCACCGATGCAGAC,SEZ6,301,321,225
SEZ6_AGAATATCAGCCTCCGGGAA,SEZ6,1302,279,388
SEZ6_TTGATTTCCACGCCATAGCC,SEZ6,518,316,507
SEZ6_ATCTCCTGAAGCTGTGGAGG,SEZ6,279,80,229
SEZ6_CGCAACCAGCACCATGCGCC,SEZ6,1073,630,805
SEZ6L_CGAGGAACAGCGAGATCCCG,SEZ6L,1409,264,543
SEZ6L_TGCCTCCTCGGAGGCCACGA,SEZ6L,117,150,108
SEZ6L_TACAACGTGACAGTCTACAC,SEZ6L,422,47,88
SEZ6L_GAGTGTCTGGTTGGCCAGGA,SEZ6L,1994,593,696
SEZ6L_CGCCCTGGAGCTCATAGCCC,SEZ6L,1720,189,391
SEZ6L_TGGACGATTGAAGCTCCAGA,SEZ6L,903,131,80
SEZ6L2_TGCTTCAATGACCCAACGGC,SEZ6L2,1120,418,204
SEZ6L2_TTCACCGTTCCAGGATGGCC,SEZ6L2,591,298,195
SEZ6L2_TGAGTTGGCCAGGAGTCGGG,SEZ6L2,623,20,27
SEZ6L2_AACAACATCTCCGAGGGCGA,SEZ6L2,818,171,225
SEZ6L2_TCAGTGGCCCGTGGCAGGGA,SEZ6L2,1331,641,1126
SEZ6L2_GAGGAGATATTGCCAGAGCC,SEZ6L2,213,244,166
SF1_CCATTGTATTGGCAGTAACC,SF1,2167,287,291
SF1_TAGACCAGCAGTTACTCACC,SF1,255,85,26
SF1_GCTTACTTGTAATCTGCAGG,SF1,375,15,24
SF1_TAAACTGCGCACAGGAGACC,SF1,861,1,19
SF1_TTGTTCTCGAGTAAGTCCAG,SF1,639,0,1
SF1_GCCCAGCTTACCCAACGGCG,SF1,1004,106,125
SF3A1_CTTGGGTGTCCTGGTCCAGC,SF3A1,838,247,95
SF3A1_TGGCCTATGCTCAGATCGAC,SF3A1,1691,1129,1166
SF3A1_AGGAGGCTCTTTGGGCACGA,SF3A1,711,8,122
SF3A1_AAGGTCAGCGAGTTCAAGGA,SF3A1,333,25,60
SF3A1_CTGTTACCTGGCCACAAAGC,SF3A1,2245,27,53
SF3A1_TGTTTGGGCTCCGTGGGCAC,SF3A1,459,1,140
SF3A2_CGAGAGCAACCGTGACCGCA,SF3A2,218,0,0
SF3A2_TGACCTTCTCAGGCGCGGGC,SF3A2,238,35,3
SF3A2_ACTCACCTTTGTAGCCCGGG,SF3A2,23,80,214
SF3A2_AGAGGATCGAGCCTCCGGAC,SF3A2,594,19,70
SF3A2_AGTTCTGGACACACTGGAAC,SF3A2,1591,14,61
SF3A2_CACTTCCCTCCGAAGGCCCA,SF3A2,885,51,19
SF3A3_ATGTACAGCGCAAGCAAGCC,SF3A3,536,55,95
SF3A3_AAGGAAACATACCTCCCAGG,SF3A3,887,0,0
SF3A3_GCTCACCGGCCATCCAGGAA,SF3A3,1665,50,16
SF3B1_ACTCCTCGAACAGATCGAGG,SF3B1,109,0,0
SF3B1_TAAGGAAGGAGTATGCCCAG,SF3B1,397,21,30
SF3B1_GACCTCCAAAGATTGCAGAC,SF3B1,502,1,9
SF3B1_TTGCTTGGTCAGAAGAAGCC,SF3B1,344,60,15
SF3B1_TCTTGATGAAGCTCAAGGAG,SF3B1,860,40,48
SF3B1_AAGATCGCCAAGACTCACGA,SF3B1,384,0,0
SF3B2_TCCTGCGGCTAAGATGGCGA,SF3B2,555,62,72
SF3B2_TGGCATCGTGCTGAATCGGC,SF3B2,713,54,11
SF3B2_ACCCACACGGAGAGGAGGCG,SF3B2,917,71,80
SF3B2_ACTGGAGCAGGAACGACAGC,SF3B2,1,0,0
SF3B2_TCTCTTAGTAGCTGCTCCAG,SF3B2,596,65,103
SF3B2_ACCGGGAGAAAGACTCAACC,SF3B2,761,7,17
SF3B3_TTAACCTTGCAGAGAGCCAC,SF3B3,189,16,0
SF3B3_ATGGCCTTTAGGCTGACAGG,SF3B3,440,0,0
SF3B3_AGCAGACAATGATCCAACAG,SF3B3,991,25,54
SF3B3_GGAGGGTCAGATGGTCCAAG,SF3B3,421,22,46
SF3B3_TCTCTGAGAGTCCTAAGACA,SF3B3,626,5,15
SF3B3_CTCCTGTCAGGTGTCAGAAA,SF3B3,1158,457,490
SF3B4_GCCTCGAAGTGGGCCTCGAG,SF3B4,410,115,158
SF3B4_CACCCTATGGCTACCAGCGG,SF3B4,1933,159,92
SF3B4_CCCACCCTATGGCTACCAGC,SF3B4,418,191,435
SF3B4_GGCTAGAGCCGACTTACCCA,SF3B4,893,14,28
SF3B5_TTTGCTCTCATTCTCCGCAA,SF3B5,657,0,36
SF3B5_CAATGGCGAAGTAGTTGAGA,SF3B5,728,0,2
SF3B5_CCGACACCACCAAGTGGGAG,SF3B5,883,28,0
SF3B5_CCCACTTGGTGGTGTCGGCG,SF3B5,327,79,358
SF3B5_CTACACCATCCATAGCCAGC,SF3B5,1848,17,64
SFI1_ACACATACTTGTACCCGACA,SFI1,1358,310,181
SFI1_GAGTATTTCCCTCTAAAGCC,SFI1,411,142,77
SFI1_TGAGCAGCGATTACTACGGA,SFI1,768,346,205
SFI1_CAGCTCTGGAGTTTAGGCAA,SFI1,319,204,133
SFI1_CATGGAGGGCACGGCTCACA,SFI1,716,418,314
SFI1_CTTGTACGCTCACCATGCCC,SFI1,437,30,258
SFMBT1_CCACCTAGGCTACCCAAGCC,SFMBT1,525,682,413
SFMBT1_AGATGCCAGGACTGTCGGCG,SFMBT1,1282,1014,1130
SFMBT1_CGTTGGTTGGGCTGCTCAAC,SFMBT1,1203,1018,939
SFMBT1_CCCTCTAGCAGCGGAACAGG,SFMBT1,662,319,610
SFMBT1_ATTCTGCTCACACCACCCAA,SFMBT1,292,64,131
SFMBT1_TGCCGGCTCTGGTATGGAAG,SFMBT1,2395,255,574
SFMBT2_TCAACAATGACCTCTGGAAC,SFMBT2,2717,841,734
SFMBT2_CCTCCGTTGTGAGTGTGAAG,SFMBT2,1010,318,432
SFMBT2_ACTCTGGCCAGGACTTCGAC,SFMBT2,937,106,104
SFMBT2_CCCACCTTAGTCACCGACGC,SFMBT2,4169,443,1002
SFMBT2_ACACTGAATCCTATGACCAG,SFMBT2,2204,363,117
SFMBT2_AAGGTGTTGATGCCGCCGGA,SFMBT2,388,91,141
SFN_GGCCGAACGCTATGAGGACA,SFN,421,408,337
SFN_AGCCTTCATGAAAGGCGCCG,SFN,158,1,15
SFN_GCCACCTCATCAAGGAGGCC,SFN,0,1,0
SFN_AGTGGTCTTGGCCAGAGAGA,SFN,209,27,38
SFPQ_GACATGCGAATGGGTGGCGG,SFPQ,1020,0,21
SFPQ_ACAAATGAGGCGCCAAAGAG,SFPQ,1875,11,30
SFPQ_TTCAGATCTGATGAGACGAC,SFPQ,437,13,15
SFPQ_TGAAATTGCCAAAGCCGAAC,SFPQ,1273,23,22
SFPQ_TCATCCTCCGTGATATCAGC,SFPQ,193,11,0
SFPQ_TTGCCGCCTTTGGGACCACC,SFPQ,298,171,206
SFR1_TTAGTGGTCCCTATGTGGGA,SFR1,341,27,153
SFRP1_TGCTGACGGCCATCCACAAG,SFRP1,2633,820,653
SFRP1_TTCAACTCGTTGTCACAGGG,SFRP1,1004,484,513
SFRP1_GACCAGTGGAACTGCAGCCA,SFRP1,2055,420,278
SFRP1_ACCAGTGGAACTGCAGCCAA,SFRP1,792,227,99
SFRP1_CTCAACAAGAACTGCCACGC,SFRP1,1276,397,344
SFRP1_ACATCGGCCCGTACCAGAGC,SFRP1,1496,403,310
SFRP2_TCGGTGAAGCGGTGGCAGAA,SFRP2,1927,1244,1209
SFRP2_TGATCACCTCGGTGAAGCGG,SFRP2,1476,118,169
SFRP2_AGCTGAACGGTGTGTCCGAA,SFRP2,1182,308,500
SFRP2_GGTCATGAAGCAGTGCCACC,SFRP2,308,84,0
SFRP2_TCATGGTCTCGTGGCCCAGC,SFRP2,982,65,180
SFRP2_GCTTGTAGGAGAAGTCGGGC,SFRP2,0,8,1
SFRP4_ATTACTACGACTGGTGCGCC,SFRP4,475,30,20
SFRP4_CGGGACTTGAGTTCGAGGGA,SFRP4,1216,722,557
SFRP4_CTGCAATGAGGTCACAACGG,SFRP4,2580,667,554
SFRP4_ATCGTCACGGACCTCCCGGA,SFRP4,236,96,221
SFRP4_CATCGAGCAGTACGAGGAGC,SFRP4,358,214,134
SFRP4_CAGGCACAGCGCCACTAGGA,SFRP4,2405,308,446
SFRP5_GCGCAAGGACACCAAGCGGC,SFRP5,15,3,325
SFRP5_AAAGAAGAAGCTGCTCAAGC,SFRP5,1348,221,356
SFRP5_GATCTGCGCCCAGTGTGAGA,SFRP5,645,26,113
SFRP5_CAGTGCAGCATCTCAGGCCA,SFRP5,1350,232,239
SFRP5_AGTGCAGCATCTCAGGCCAG,SFRP5,887,59,86
SFRP5_GCGCTGCCACTCGGATACGC,SFRP5,1502,464,364
SFSWAP_GCTGTTCCGGGACGACGAGC,SFSWAP,66,21,5
SFSWAP_ACGATGCTGAGTATTCCACG,SFSWAP,1766,57,63
SFSWAP_TTACGACCCGTCAGAGCCGA,SFSWAP,514,99,135
SFSWAP_CATACCAACTCCACGTCAGA,SFSWAP,420,0,81
SFSWAP_GCCAGCTTCGTGTGCAGGCA,SFSWAP,536,38,0
SFSWAP_GCCGTGTACTCCACCTGGGA,SFSWAP,123,88,111
SFT2D1_TTAGTGGCATAAGAAGGGAC,SFT2D1,615,132,180
SFT2D1_GCAATCTTGCTGCGTTAGCC,SFT2D1,796,260,136
SFT2D1_TAACGCAGCAAGATTGCCGA,SFT2D1,206,193,160
SFT2D1_AACGCCACATACGAAGCAGA,SFT2D1,856,173,244
SFT2D1_GGCCAGGACGACGAGGAGCA,SFT2D1,1223,378,601
SFT2D2_CGCAATGGACAAGCTGAAGA,SFT2D2,1390,1215,762
SFT2D2_GAAGAAGGTGCTGAGCGGGC,SFT2D2,108,51,1
SFT2D2_GGTGCTGAGCGGGCAGGACA,SFT2D2,882,10,45
SFT2D2_CAAGTCCCTTGTTATGCCAC,SFT2D2,701,39,110
SFT2D2_TGCAGTCTTTGGCATTGACG,SFT2D2,1663,549,537
SFT2D3_TGCCACCGCCTTGTCCAAGA,SFT2D3,2219,864,612
SFT2D3_CCTAGCCGCGCTCTACGCAC,SFT2D3,1326,145,112
SFT2D3_CCATGTAGAGCAGCGCGGGC,SFT2D3,75,49,43
SFT2D3_CGCTGCCATGTAGAGCAGCG,SFT2D3,711,93,191
SFTA2_TGCATGGTGGAGGGTGACGC,SFTA2,1091,410,579
SFTA3_CAGGAGTTCATCCGAGGCCA,SFTA3,1434,297,263
SFTA3_CCACGACGCTGTCACAAAGC,SFTA3,1257,716,808
SFTA3_CAGCGTCGTGGGATGCAGCA,SFTA3,1433,707,612
SFTA3_CCATATGTCCAGGTGAAGAC,SFTA3,2479,763,775
SFTA3_CTTGACATCCAGTCTTCACC,SFTA3,1366,287,336
SFTPB_CTGCCACAGCTAGCGCACCC,SFTPB,1228,374,263
SFTPB_GATCCAAGCCATGATTCCCA,SFTPB,189,130,55
SFTPB_CTGGCTGCCGGGATTTGCAC,SFTPB,1119,297,507
SFTPB_GGAAGTAGTCGATGACCAGG,SFTPB,170,196,156
SFTPB_CGTCCACATCCTTAACAAGA,SFTPB,2598,775,662
SFTPB_TGAGTTCTGGTGCCAAAGCC,SFTPB,619,480,173
SFTPC_GGTCCTGATGGAGAGCCCGC,SFTPC,333,57,48
SFTPC_CACGCAACCACACTCACCGG,SFTPC,4237,515,625
SFTPC_TTCAGGTGCACTGGGCAGCA,SFTPC,2315,1035,704
SFTPC_ACCTTCTCCATCGGCTCCAC,SFTPC,784,90,150
SFTPC_GCCTACGTCTAAGCTGGGCC,SFTPC,38,158,170
SFTPC_CAACGGGAAAGGAAACGCCC,SFTPC,479,22,0
SFTPD_GGGCCCAGTTGGAATAGACC,SFTPD,411,203,101
SFTPD_GCATTCTCAGCGGCAGAGCG,SFTPD,1305,535,704
SFTPD_CGAGGTGTCCCTGGTGAGCG,SFTPD,409,704,236
SFTPD_AATGGCTCTGTTGGAGAACC,SFTPD,299,145,293
SFTPD_CCATCCCGTCCATCGCGACC,SFTPD,2755,258,239
SFTPD_CCTGCCTGGTCGCGATGGAC,SFTPD,1437,349,156
SFXN1_TGGTGGTAGTTCTCCAGACA,SFXN1,2131,497,463
SFXN1_GCTTACGTTTCTGCAACAAC,SFXN1,1167,365,667
SFXN1_AGGACTCAATGCATTGACCA,SFXN1,566,178,160
SFXN1_TCTCAACACAGAGGTTCCCA,SFXN1,663,165,77
SFXN1_ACACGCGTCGCAATTCAGGA,SFXN1,682,612,794
SFXN2_CTTTGTATCTGAGCGGGAGC,SFXN2,303,107,109
SFXN2_CCCGTGATGATCATGCCGCC,SFXN2,683,78,44
SFXN2_CCTTAGTCAACTACACCAAC,SFXN2,1570,316,555
SFXN2_CAGCGGCAAAGGGCACCCAG,SFXN2,876,161,476
SFXN2_AGGGAATCTGCGTGAAGGAC,SFXN2,438,69,105
SFXN2_TTCGGTTCCAGATAGGAAAC,SFXN2,1006,529,698
SFXN3_AAAGTACTTTGGTCCCAGCG,SFXN3,739,138,368
SFXN3_CATACTTGGCCCTCCACAGC,SFXN3,1378,91,97
SFXN3_GGGACTCAAATCCCTCACCA,SFXN3,1331,56,394
SFXN3_TTCAGTGGCCCTAAGGGCCA,SFXN3,137,46,33
SFXN3_CACAAATCTGCCGACCAAGG,SFXN3,1068,65,111
SFXN3_CTCGGTGACTGCAGCCAAGC,SFXN3,1922,779,773
SFXN4_CAGCAATTCTGGAATGACCC,SFXN4,855,72,200
SFXN4_ACGCTGCCATGTAGGCACAG,SFXN4,725,263,464
SFXN4_TGTCAATGACGCCACTGAAA,SFXN4,2351,770,526
SFXN4_ACCCTTTGGTCCGCCGAGGC,SFXN4,377,57,195
SFXN4_CACGTTGGGCTCAATGAAGG,SFXN4,997,169,345
SFXN4_CGTTGGGCTCAATGAAGGCG,SFXN4,798,144,211
SFXN5_AAACCTCTGGATGAGAAGGC,SFXN5,107,236,241
SFXN5_GCGGTTTGCATAGTTGACAC,SFXN5,377,71,110
SFXN5_CTTACAATTGGCGTCCCAAA,SFXN5,1819,558,776
SFXN5_TGTCCGGATGTAGAATAGCC,SFXN5,537,344,179
SFXN5_TAAGCATGGGACCCTGCGCC,SFXN5,170,77,52
SFXN5_AGCGACTACAGCATCGGCGG,SFXN5,238,285,400
SGCA_CCCAACTTGCCCACGAGGAG,SGCA,3449,392,579
SGCA_ACAAAGACACGGCCCACAAG,SGCA,826,107,348
SGCA_GCTGGGTGTAGCGGAGCCAC,SGCA,269,24,42
SGCA_TGATACCACTCGGCAGAGGC,SGCA,363,154,226
SGCA_TTCGGCCCTCAATGGGAAGG,SGCA,995,226,315
SGCA_TGCACCAGTCAACGCGGAAG,SGCA,3571,253,399
SGCB_GCAAGTAACCAGCCAGAACA,SGCB,2088,469,459
SGCB_ACTACCCAACTGGTCTCCAC,SGCB,179,28,191
SGCB_TAATGTGGCAACTTACAGGC,SGCB,358,218,180
SGCB_TGACAGCCAGGATAAACAAG,SGCB,1732,536,342
SGCB_CTCAACAGCCTTCTCACGCA,SGCB,5079,1733,1178
SGCB_AAAGAAGTCCATGCGTGAGA,SGCB,481,78,78
SGCD_AGGAGCAGTACACTCACCAC,SGCD,421,244,175
SGCD_GGGCCTCCATCACTAGAGAC,SGCD,219,221,151
SGCD_CAAAGAGCTACAGCTTCAAC,SGCD,725,273,453
SGCD_AGGTCAACCAGTTATGGGAA,SGCD,760,57,155
SGCD_GCCTACAGGAACGAGGCAGA,SGCD,522,220,254
SGCD_GAGATCTGCGTCTGCGCCAA,SGCD,452,159,183
SGCE_AAGGACCAGTGCCACTGCCG,SGCE,499,175,124
SGCE_CCCATTAATGACCTGAAGGA,SGCE,1578,243,383
SGCE_ATGGGTTACCCAGACCGACC,SGCE,331,69,86
SGCE_CGGAATGTATACCCATCAGC,SGCE,1140,299,123
SGCE_AGTTAACTGGAAGACCAGAC,SGCE,970,132,346
SGCE_ACCCTGTCCCGTCCAAGCAC,SGCE,1245,304,229
SGCG_TGAACACACTCCGTGGCAGA,SGCG,943,220,335
SGCG_CAGTACACTACAGCCACAGA,SGCG,803,328,282
SGCG_AACGGGTCGGCTCTGACAAG,SGCG,549,94,233
SGCG_ATCCATGCTTAGACTCCGAG,SGCG,452,152,44
SGCG_AACTGTGTGCTTACCCAAGC,SGCG,1856,307,499
SGCG_CTGGCACGTGGTGCTCACAC,SGCG,466,453,240
SGCZ_CTGTCGAGAACTTGAGGAGC,SGCZ,2067,845,766
SGCZ_TCATGGTAACCAACAGCAGA,SGCZ,609,187,208
SGCZ_CGCCATCCATAAATTCCCAC,SGCZ,678,635,532
SGCZ_GAATGCACAACTTTACCCAG,SGCZ,277,111,161
SGCZ_CATGGACAGATCAACGAACC,SGCZ,1822,401,231
SGIP1_CTGAGACAGAGTTAACGAGA,SGIP1,367,216,296
SGIP1_GCAGAGTGTGCGCGTGAAGG,SGIP1,1105,192,313
SGIP1_AGGCTACAGCATCAGACCCG,SGIP1,1278,341,373
SGIP1_CTGTGCATCAGGTGAAGAAG,SGIP1,2421,711,662
SGIP1_TCTAGTGGTGGGCCAAAGAG,SGIP1,2541,398,671
SGIP1_TGGAGTCGCCAAAGTTAACA,SGIP1,1701,475,493
SGK1_ACGCTGCTTCCTGGAACCAC,SGK1,880,355,441
SGK1_AAGTGAAGGCCCACCAGGAA,SGK1,3131,294,384
SGK1_GAGGATTGGACGACGGGCCA,SGK1,252,76,217
SGK1_AGAGGGCCGAGGCGCAGAAA,SGK1,998,338,199
SGK1_GCTACATGCCTCTGATAAGC,SGK1,343,46,41
SGK1_AGTCCCAGCCTGAAGTACAC,SGK1,1345,212,159
SGK2_GAAGTCCGTGGGCTGGGCAC,SGK2,728,1,86
SGK2_AGGAGTAGCGCAGGCCCACG,SGK2,363,186,245
SGK2_GCAGCGTAGAACCTGGCCCG,SGK2,1123,253,250
SGK2_CCGTCATTCTCAGGGACACG,SGK2,2384,584,417
SGK2_CTACGAGATGCTCCATGGCC,SGK2,422,533,284
SGK2_GCCTCTGGTCCTTGTGGAGA,SGK2,107,92,154
SGK3_CTCTCTGTGTTCATCGGAGC,SGK3,339,574,659
SGK3_TACCTCACAGAACATCAACC,SGK3,798,211,322
SGK3_CAGGAGTGAGTCTTACAGCC,SGK3,850,328,687
SGK3_GAGTTCTTCCAGAATGGACC,SGK3,35,25,23
SGMS1_CCAGATGAACCTCCTGGCCA,SGMS1,2180,53,15
SGMS1_TGATACCACCAGAGTCGCCG,SGMS1,1440,438,222
SGMS1_CTATCTGTACAGCGGCCACA,SGMS1,190,286,182
SGMS1_GCATTTCAACTGTTCTCCGA,SGMS1,405,14,34
SGMS1_CGAACGAGTACCTCCTAAGG,SGMS1,2310,723,657
SGMS1_GCGCCCAAAGCCCGATGGGA,SGMS1,806,165,214
SGMS2_TTATCCAGTGGGCTGCGAAA,SGMS2,1888,337,436
SGMS2_TCATGACGGTTGTCAAGACG,SGMS2,273,5,43
SGMS2_TTGGATTATGGATCACCCAG,SGMS2,680,191,149
SGMS2_TACTGACCTTTGGAGCACAC,SGMS2,774,97,196
SGMS2_CTTCCTCTTCAGCGGTCACA,SGMS2,448,43,79
SGMS2_TAACCGTGTGACCGCTGAAG,SGMS2,865,432,465
SGOL1_ATTCAGATAGACCAGTCACC,SGOL1,296,8,22
SGOL1_CTGAACCACTTGATTCACAG,SGOL1,2130,178,286
SGOL2_ATAGTTGATGTACCTCCCAG,SGOL2,180,28,76
SGOL2_CCCAGTCTATTGGCCGCAGA,SGOL2,1454,180,270
SGOL2_GCAGACTCAGAAGATAAGCC,SGOL2,742,48,119
SGOL2_GGCTCAGATGAATGAACAGC,SGOL2,31,154,123
SGPL1_GATGAGCTCAGACCCTGGGA,SGPL1,0,0,7
SGPL1_TGCAGACGCCTTCTGGCAAG,SGPL1,1066,517,634
SGPL1_GGAAGATATCTGGATGCAGG,SGPL1,407,22,77
SGPL1_TCGGGATCTGGCCTTTGAGA,SGPL1,1151,86,136
SGPL1_ATTGACGAAGATGATGGAGG,SGPL1,16,26,41
SGPL1_ACCTTGGCCACTTCAGGGAC,SGPL1,1479,705,1235
SGPP1_ACAGCCGAGATACTAGGAAG,SGPP1,1057,523,282
SGPP1_GACACCTGGAGCACATCCCG,SGPP1,732,56,142
SGPP1_GCTCCGTGCCGAAGCAGAAC,SGPP1,995,228,568
SGPP1_GAGCGGCCAGTTGCTCACGC,SGPP1,512,323,240
SGPP1_AGCTGGCCCGCGTGAGCAAC,SGPP1,1137,295,244
SGPP2_CATGGTTACCTCCGGCGCCG,SGPP2,629,261,537
SGPP2_CCTGCTGAGACACACCAAGG,SGPP2,1265,617,686
SGPP2_GAGCCTGCTGAGACACACCA,SGPP2,131,317,311
SGPP2_AGTCGATGAAGGTCCAGGCA,SGPP2,1906,329,277
SGPP2_GCACAACTATGACACACACG,SGPP2,1833,366,511
SGPP2_CAGCGGGCTTGGATACAAGC,SGPP2,1088,85,372
SGSH_CTCCAGGAGCTGCGTGACGC,SGSH,3208,281,321
SGSH_ACCTTGGTCCATGCGGCCGA,SGSH,268,152,250
SGSH_GCATGGGTCGTATCCCAGAC,SGSH,684,395,454
SGSH_CCGTGTACGCAAAGTCAAAC,SGSH,3071,995,774
SGSH_CCTTGTCGAAGGAGTTGAAG,SGSH,575,240,226
SGSH_AGGTGAAGGCATTGCGAAAG,SGSH,2390,872,822
SGSM1_GAACGCAGCGCTCGGAGCCA,SGSM1,329,36,118
SGSM1_GCTGCTACGCACCGTCAAGA,SGSM1,456,283,190
SGSM1_CCGAAGCCCGTGCAGAACGC,SGSM1,2293,647,788
SGSM1_CACAGATGCTTGATGGCAAG,SGSM1,3456,909,951
SGSM1_TGGACAAGTTCGTCAGCCGA,SGSM1,3149,218,576
SGSM1_CCGGTCATCCATGCTGCCAC,SGSM1,268,65,168
SGSM2_TGCGTCCTCTGCGCTGCCCA,SGSM2,217,87,136
SGSM2_CTGCCATCTTGTCACTGCGC,SGSM2,1356,128,585
SGSM2_CAGGAGGCCCTGCGGAGACA,SGSM2,194,22,48
SGSM2_TGGCAGCAAGTACTACGAGA,SGSM2,1849,315,147
SGSM2_GAACCACGTGCTGGTGCAGC,SGSM2,822,254,164
SGSM2_GGCAGTGGATGCACACGACC,SGSM2,103,25,71
SGSM3_GATCTTGGCCAAGTACACGC,SGSM3,176,273,329
SGSM3_GGTTTCCGTGTGTACAAGGA,SGSM3,165,160,144
SGSM3_GGTTATGGGTGAACTCCAGG,SGSM3,134,122,133
SGSM3_TGAGACCATCGCTGCCAAGC,SGSM3,1017,195,213
SGSM3_ATCGGCTACTGCCAGGGCAC,SGSM3,267,210,263
SGSM3_GCAGCTTGTCCAGGCGAGGC,SGSM3,380,87,109
SGTA_CTCCAGCCTCAACAAGCACG,SGTA,1128,620,618
SGTA_GCGGGCCATCTGCATTGACC,SGTA,229,93,73
SGTA_ACGCCGTCTATTTCTGCAAC,SGTA,1818,604,742
SGTA_GCTGAGTCCTCCTCGGAAGG,SGTA,564,139,406
SGTA_TCTGCCGGAGATATTTGAAG,SGTA,1450,317,254
SGTA_CTGCATGACCAGCTCCGGCA,SGTA,2722,408,1023
SGTB_TCTGCATTAAACTTGCCGCC,SGTB,2,22,55
SGTB_CTCACCATACTAATGAAGGC,SGTB,507,381,112
SGTB_TGCAGTGGATTGTTACACAC,SGTB,2229,436,427
SGTB_CTTACGGGAACAAAGTCAGA,SGTB,300,115,122
SH2B1_AGAGCGACCCACTGAACGCA,SH2B1,606,220,108
SH2B1_CGTCCGGACAACCACAGCCC,SH2B1,1417,396,606
SH2B1_ATGCCCAGCATGTGAAGGCC,SH2B1,947,117,227
SH2B1_TCTCGCTGGGTCCAAGCAGC,SH2B1,1069,287,299
SH2B1_GCTGTTTCCGGAGTGTCCAA,SH2B1,487,113,95
SH2B1_TGGTGCGCCAGAGTGAGACA,SH2B1,521,196,240
SH2B2_CCAAGCTATTGTCCTGCCCA,SH2B2,844,223,96
SH2B2_CTGCGAGCTGCATGCGCAGG,SH2B2,420,298,114
SH2B2_ACCTCAATGATGGCTGACAG,SH2B2,1671,634,483
SH2B2_ATCCAGGGCTGCGTGGACCC,SH2B2,426,127,133
SH2B2_GGGTGCAGAGACGGATCCCG,SH2B2,69,19,28
SH2B2_CGCCTGTCCCTGAACGGCCA,SH2B2,1454,102,120
SH2B3_TTCTGCCGCGAGGTGCGCGA,SH2B3,919,589,740
SH2B3_AATCATCGTTCTTCGAAGGC,SH2B3,480,236,338
SH2B3_TGTCTGTCCGGTCCTTCACC,SH2B3,238,163,152
SH2B3_GGTCCGTCTTCTGGCAGGCC,SH2B3,555,281,315
SH2B3_TGTCCACGACCGAGGGAAAG,SH2B3,1850,782,502
SH2B3_GGTGCCTTCGCCCGAAGAAC,SH2B3,568,137,183
SH2D1A_GAGAAGCTCCTGCTTGCCAC,SH2D1A,160,26,106
SH2D1A_ATAGCTGCCATCCAGCCCAG,SH2D1A,328,60,90
SH2D1A_CGAGTGTCCCAGACAGAAAC,SH2D1A,2169,1071,794
SH2D1B_AGGCTACTCACGAGACACAG,SH2D1B,216,508,752
SH2D2A_CAGAGTTCTCAGAATGCAGC,SH2D2A,358,280,218
SH2D2A_CCGGGCGGTGTCGTGGAACA,SH2D2A,2496,662,410
SH2D2A_CCAGTCCCGATGCAGAAAGA,SH2D2A,1574,1418,665
SH2D2A_TAACGGCGCCCTCCAGGAGC,SH2D2A,951,133,68
SH2D2A_TCACCTGTAAGTCAGCACGA,SH2D2A,1568,495,313
SH2D2A_TCCATGGCTTCATCACCCGG,SH2D2A,2530,339,427
SH2D3A_TCCAGGATTCCGGCCTAACC,SH2D3A,1729,456,540
SH2D3A_GCCCTCCAGTAGGCGAACCA,SH2D3A,1323,1065,588
SH2D3A_CCGTGTGGCTCCTTCGGAGC,SH2D3A,584,37,114
SH2D3A_GGGAGTGACCAGAGATCAGC,SH2D3A,287,47,45
SH2D3A_GAAGGGCGGTGCTCCCAGGA,SH2D3A,648,64,67
SH2D3A_CTGAGAGGCTCTATCCGAGC,SH2D3A,2050,623,494
SH2D3C_GGAAGAAGTGACTTCCACGA,SH2D3C,770,125,132
SH2D3C_TGCGGATGGAGTCCCGAGGG,SH2D3C,799,578,146
SH2D3C_TGCCCACATGATAGCGCACG,SH2D3C,471,104,40
SH2D3C_GGAGCCGCGGTAGAAGCAGC,SH2D3C,448,45,3
SH2D3C_AAACTGAGGGCTCCAGACGG,SH2D3C,2825,200,170
SH2D3C_GGTGTCCTCTAGAGGGCCAG,SH2D3C,308,4,0
SH2D4A_GAGAGGAACAGATCCGACGA,SH2D4A,31,124,187
SH2D4A_GGCCCGGCTGAAAGCAGAAC,SH2D4A,705,369,299
SH2D4A_GAAGGCATATGCATTTCACC,SH2D4A,209,0,23
SH2D4A_CGAAGCAGATTTGTAAGAGC,SH2D4A,762,458,189
SH2D4A_TTCTCGTGCTTGTTTAGCCA,SH2D4A,1700,147,401
SH2D4A_TCTGCACTCACCATGGAACC,SH2D4A,1536,307,637
SH2D4B_GCACATCGCTGAGCTCGGCA,SH2D4B,1113,229,463
SH2D4B_AGCTGATTGCAGAGAGGGCG,SH2D4B,834,361,327
SH2D4B_CCTGGAGGAACGCATCCACG,SH2D4B,1833,690,386
SH2D4B_TTGCCAAGCCAGTGAGAAAG,SH2D4B,3004,512,493
SH2D4B_CCGTGCCCTTCTGGATAGCA,SH2D4B,1000,401,477
SH2D4B_GGTGCTACCATGGAACCAGG,SH2D4B,330,177,25
SH2D5_GGCCTTCTTGCGCACCAGCG,SH2D5,388,343,605
SH2D5_CAGCCGCCGAAAGGAGACCA,SH2D5,1083,86,310
SH2D5_TTCGAGCCATGAAGGCAAAC,SH2D5,775,579,719
SH2D5_AGGGTCTCAAGATCTACAGC,SH2D5,162,77,82
SH2D5_GGCAAACTTGGTGATGCACC,SH2D5,647,62,14
SH2D6_TGCCCTGCTCCACTTACAAA,SH2D6,1378,994,782
SH2D6_CACTATGCCCTGGGCCGGGA,SH2D6,406,187,77
SH2D6_CCGCTGTGTCTGTCCACAAG,SH2D6,2420,559,986
SH2D7_ACCGTTCTGCAGAATGAAGG,SH2D7,1162,300,250
SH2D7_CACCGTTCTGCAGAATGAAG,SH2D7,1676,358,375
SH2D7_CGCCTCAGTGACCGAGCCAC,SH2D7,2011,469,680
SH2D7_TCATCAACCAGCTTCGAAAC,SH2D7,1210,1291,1084
SH2D7_CTGTATGATGCCATCACCCG,SH2D7,2251,921,672
SH2D7_CTGAGATCCTCTTGTAGCCA,SH2D7,2242,786,769
SH3BGR_ACAAATCCTGACAGTGACAC,SH3BGR,1006,161,211
SH3BGR_CCTCTTTCCAACTGTCGAAA,SH3BGR,1573,343,190
SH3BGR_CCATTTCGACAGTTGGAAAG,SH3BGR,2596,600,783
SH3BGR_AGGAGGAGCCAAACCAAGGA,SH3BGR,870,149,57
SH3BGR_ATAGCCATGGAGGGTGCGGA,SH3BGR,1165,225,153
SH3BGRL_CCTTACCGCTGTAGAGCCAG,SH3BGRL,780,185,279
SH3BGRL_CCAATGAAGAGAATCGGAAG,SH3BGRL,1766,525,454
SH3BGRL_CAATGAAAGCCAGTATCGCG,SH3BGRL,1023,121,124
SH3BGRL_GGGTATCATACCTTTGAACC,SH3BGRL,679,266,213
SH3BGRL2_AGGAAGAGGCGATGAACACG,SH3BGRL2,1989,563,297
SH3BGRL2_CGCCACGAAGCCCGAGGAAG,SH3BGRL2,3049,743,966
SH3BGRL3_CCGACGTGCTGTAGACGCGC,SH3BGRL3,888,101,29
SH3BGRL3_CGCACTTACTTCGCGGGAGC,SH3BGRL3,1532,133,193
SH3BP1_CATGCGGCAGCTGGCCCAGA,SH3BP1,1056,242,127
SH3BP1_GGTAGAACAGCGGCTGGAGC,SH3BP1,112,12,88
SH3BP1_CATGGCTCTGTCCACCACGA,SH3BP1,936,186,98
SH3BP1_GGGTCATCTCAAACTCGGCC,SH3BP1,251,139,185
SH3BP1_ACTGGAACACACTCAAGAGC,SH3BP1,805,141,289
SH3BP1_TACGACCATGGCCAACAAGG,SH3BP1,2172,168,403
SH3BP2_TACTCACGGCGTCCACGCGG,SH3BP2,742,202,189
SH3BP2_CCAATGGCCTTCATAGGGAC,SH3BP2,1805,415,269
SH3BP2_GCCCTGTCCCAAACAGAGGC,SH3BP2,656,146,112
SH3BP2_TCAGCAAGAAGCACCGCACG,SH3BP2,3117,485,638
SH3BP2_GCTGGATGGCCTTGCTGCGC,SH3BP2,697,264,488
SH3BP2_CGGCCTCCCAGATGTTGGCC,SH3BP2,1199,435,246
SH3BP4_CCTCTGACTTGCAGCGAGGG,SH3BP4,376,233,50
SH3BP4_GACAAACATCGTGTGCAAGC,SH3BP4,883,465,131
SH3BP4_TGGTACATCGGCTACTACCA,SH3BP4,1313,355,585
SH3BP4_TCTGCAGGCCCTACTGAAGA,SH3BP4,580,234,208
SH3BP4_CTGTAGAGGTGGCCCAGCGC,SH3BP4,1178,520,573
SH3BP4_CGTATGACTTCTTACTCACC,SH3BP4,1240,207,346
SH3BP5_CAGATGAGATCCACGAGCGG,SH3BP5,1104,162,175
SH3BP5_CGAGCTGGTGCATAAGGAGA,SH3BP5,332,537,477
SH3BP5_AGCGGCAGTTCGACTCCGCC,SH3BP5,0,47,173
SH3BP5_GGTTGAAGCAACGGTGAAAC,SH3BP5,478,441,447
SH3BP5_CCACGGATGATATCAACAGA,SH3BP5,1596,187,311
SH3BP5_TTTCGGCTGGCTCCTCCGAG,SH3BP5,644,313,268
SH3BP5L_AGAGCGGCTTCGAGGTGAGC,SH3BP5L,695,243,121
SH3BP5L_AATGGTGTTTGTGGCTGAGC,SH3BP5L,267,120,109
SH3BP5L_GCCGAGCCTCATAGTAGGGC,SH3BP5L,258,51,0
SH3BP5L_GCACCTGAACCAGGCCAGCG,SH3BP5L,2073,701,519
SH3BP5L_TGAGGTGAGACACTCAGGAA,SH3BP5L,2003,303,356
SH3BP5L_TCAGACAGGTTCCAGGAGGG,SH3BP5L,931,410,279
SH3D19_GCTCAGAAGCCTGTTGACAG,SH3D19,673,287,123
SH3D19_TGGTATTGTACCTTGCAGCG,SH3D19,1743,1141,1033
SH3D19_CTGAAGATCCATGTCAGAAG,SH3D19,947,539,995
SH3D19_TTGCAGGAATCCAACCACCC,SH3D19,2027,1286,937
SH3D19_GGCTGGAATTCGAATTACAG,SH3D19,1114,450,387
SH3D19_AAGGGCTTGCTCTGCAGAAC,SH3D19,367,283,411
SH3D21_AAAGCCTCCGCACTTACCCA,SH3D21,845,179,171
SH3D21_CGGATACCGCGCGCAGAAGG,SH3D21,899,301,306
SH3D21_GACGAGCTGAAGCTGCAAGC,SH3D21,705,70,252
SH3D21_TTTGTGGAATTGCTGGACAG,SH3D21,2160,283,417
SH3D21_AACTTACCTTGGGAGGCCGC,SH3D21,502,84,114
SH3D21_ACGAGTTGGCGCTGCGGAGG,SH3D21,915,221,153
SH3GL1_CCAACCAGATCGATGAGAAC,SH3GL1,1403,999,822
SH3GL1_GACTTCGAGCCCGAGAACGA,SH3GL1,833,404,297
SH3GL1_GACTACAAGAAGAAGCGGCA,SH3GL1,616,132,308
SH3GL1_TGACTACAAGAAGAAGCGGC,SH3GL1,579,154,129
SH3GL1_CAGTGGCTGGAGCACCCACC,SH3GL1,400,476,284
SH3GL1_CCTCTAGCTGGTCAGTGAGA,SH3GL1,680,330,417
SH3GL2_CTTGAGGCCGGCCACCGACA,SH3GL2,1910,435,376
SH3GL2_GACCTCCGACAGTTCCCGCA,SH3GL2,403,153,55
SH3GL2_GAAGTTGGAGGGTCGACGCC,SH3GL2,323,315,180
SH3GL2_TCACGGTCAGACTGGAAGAA,SH3GL2,2873,427,622
SH3GL2_GGAGACAGTACTCAGCCCAA,SH3GL2,717,102,130
SH3GL2_GGCTGATCCATTTGGACACC,SH3GL2,26,318,217
SH3GL3_CAGTCGCGATGTCGGTGGCC,SH3GL3,780,155,76
SH3GL3_CCTTACCTGGACCTCCCAAC,SH3GL3,1412,785,365
SH3GL3_ACACTGTGTCGAAGATCCGA,SH3GL3,446,60,57
SH3GL3_TATAATCGTAATCCAGGCGG,SH3GL3,827,75,114
SH3GL3_CCAGACGAGAATACAAGCCA,SH3GL3,2531,767,757
SH3GL3_TCATAGAGACCACGACAGCA,SH3GL3,1584,1006,635
SH3GLB1_ACCTCCAGAAACAACTGGGA,SH3GLB1,521,63,163
SH3GLB1_TCTGCCATGGCTTCAACAAG,SH3GLB1,2388,723,533
SH3GLB1_TAGGCCACTTGTTGAAGCCA,SH3GLB1,296,69,126
SH3GLB2_CTGGAATGATGAAGTGGACA,SH3GLB2,1787,277,295
SH3GLB2_AGGCATCCAAGTCCAGACGC,SH3GLB2,838,304,236
SH3GLB2_CCCTCCAGGAAGTTGCGCAA,SH3GLB2,1362,316,473
SH3GLB2_GGCTCAGTACATGGCAGACG,SH3GLB2,365,89,335
SH3GLB2_TGCTGTCTGCCCGGGCCAGA,SH3GLB2,476,141,236
SH3GLB2_GGGCATCTTCTTCACCCGGG,SH3GLB2,297,0,0
SH3KBP1_GGAGAGCTGAACGGCAGACG,SH3KBP1,1120,212,151
SH3KBP1_TGGCTGCATCATGGGAGAAG,SH3KBP1,1845,615,528
SH3KBP1_TGAAGGTGCCAACGGGACAG,SH3KBP1,2279,443,293
SH3KBP1_AATTCTGTACCGAGCTGCAC,SH3KBP1,601,122,211
SH3KBP1_TTTCCCATCCAGGCGAGCGA,SH3KBP1,954,521,195
SH3KBP1_CATCACCAACATCAGGAAGG,SH3KBP1,1508,356,535
SH3PXD2A_CTGGGCTGAGTCGCCCAAGA,SH3PXD2A,285,297,316
SH3PXD2A_ACGCTACAGGAAACAGGAGC,SH3PXD2A,512,71,67
SH3PXD2A_GGGACTATGGCAGTTCCAAG,SH3PXD2A,531,93,41
SH3PXD2A_CGGGTCGAGCCTCGAAGAAC,SH3PXD2A,1333,198,247
SH3PXD2A_CCGCTTCTCCACGTCCACCA,SH3PXD2A,3221,684,713
SH3PXD2B_ACAATGGTCATGTCCCGGCG,SH3PXD2B,1596,108,209
SH3PXD2B_CTTCTTTAGGTAGGAGGCGG,SH3PXD2B,346,33,19
SH3PXD2B_GATGAAATGAACCTGGAGAG,SH3PXD2B,510,113,86
SH3PXD2B_ATCGAGAAGAATGAGTCAGG,SH3PXD2B,117,0,95
SH3PXD2B_TCTACATCATCCGGGTCACG,SH3PXD2B,441,276,511
SH3PXD2B_ACCTCCACGATGCTGCGCCG,SH3PXD2B,1696,152,258
SH3RF1_GATGGGTGTCACTGCTGCCG,SH3RF1,429,0,28
SH3RF1_GCCCGCAATGCTGTGAGGAC,SH3RF1,1355,148,319
SH3RF1_CCAAGCAGCCCAGTGACAAC,SH3RF1,1804,1778,1540
SH3RF1_GCATCAACTCCTGGCACAGG,SH3RF1,607,250,387
SH3RF1_TCTGACTGTGATCCGAAGAG,SH3RF1,1366,291,481
SH3RF1_AAACAGAGGCCTTGGAAACC,SH3RF1,1476,283,283
SH3RF2_CTGCAAACCATGTCTACAGA,SH3RF2,1840,268,444
SH3RF2_CTTGATGACTTCCACGGAGC,SH3RF2,1809,316,255
SH3RF2_CTGGTGTCCTCGTCCTCCAG,SH3RF2,133,21,70
SH3RF2_TGGGAAGATGCCGACTCGCC,SH3RF2,66,97,146
SH3RF2_GCCCTGGTCTCTACACCACA,SH3RF2,253,294,753
SH3RF2_ATTGGAACTGCTGAGGCCGA,SH3RF2,188,16,7
SH3RF3_AGAGCGAGGGCGACGAGGAC,SH3RF3,962,359,597
SH3RF3_CTGCCTGCTTCCCTATGGCA,SH3RF3,776,237,287
SH3RF3_TTACCTCCACGTACAGGAGC,SH3RF3,420,124,243
SH3RF3_CGCCAAGCAGCTCATTGAGA,SH3RF3,2060,621,732
SH3RF3_TGACGAGCTGGAGCTGCACA,SH3RF3,1057,65,156
SH3RF3_CAGTGGGAGTCTGAGCAGCC,SH3RF3,914,387,397
SH3TC1_TCATGACCACAGTCCGGACC,SH3TC1,511,248,160
SH3TC1_GGCCTCTCAAGTGACTCAGC,SH3TC1,39,43,19
SH3TC1_TTGGCGCCTTCAGAGGAGCC,SH3TC1,886,39,51
SH3TC1_CCGGAGGGTCTGCTGTAGGC,SH3TC1,599,34,0
SH3TC1_ACTGTGGATGGACAGCAGCC,SH3TC1,714,119,363
SH3TC1_TTAAGGCGTTCTCATCCACA,SH3TC1,518,103,142
SH3TC2_GGCCTATCTCTTAGCCAGCC,SH3TC2,562,413,562
SH3TC2_GCCTTGACGGGTTATGAGCC,SH3TC2,401,106,295
SH3TC2_ACTCACTGGTGGAAAGGGAG,SH3TC2,325,190,125
SH3TC2_TTACGTAGGACCTCTCAGCA,SH3TC2,2966,820,677
SH3TC2_CATTTACACACCTCCTGGAG,SH3TC2,621,194,390
SH3TC2_CCAGGGAGCGGAGTCTGACC,SH3TC2,248,217,188
SH3YL1_TTTGAGAGCCAGAGTTCAGC,SH3YL1,357,81,192
SH3YL1_TCTTCGGCTTGAGCAGGCCG,SH3YL1,1217,422,183
SH3YL1_TGACTTGCAGTACGTGAAGA,SH3YL1,1346,441,256
SH3YL1_GCGGAAATCTGACCCTCGGA,SH3YL1,1075,337,238
SH3YL1_ATTCCCTCTGAGCATTGCCC,SH3YL1,303,0,65
SH3YL1_AACAGCTCACGTAATTGCGA,SH3YL1,201,148,49
SHANK1_TCTCATCAGCTATGCCCAGC,SHANK1,181,197,108
SHANK1_TCTGGGCCGCCAGTGTCAAG,SHANK1,927,494,206
SHANK1_GGACATCTGACAAGGTGGCG,SHANK1,1484,110,26
SHANK1_GCTGGCCAAGTTGCACACGA,SHANK1,1247,435,653
SHANK1_GAAGTTGGCATCGCGGCCGG,SHANK1,600,288,0
SHANK1_CCTCGTCCTCGCTTGTCGCG,SHANK1,79,39,6
SHANK2_GATGGCTGTGTGATACAGCG,SHANK2,252,13,110
SHANK2_CTGAGCGGCTAAGGTCAGGG,SHANK2,234,38,98
SHANK2_TTCCACGACCCGGAGACCGG,SHANK2,212,182,136
SHANK2_GCCAGTTTCGATACAAGAAG,SHANK2,1173,361,308
SHANK2_GAACTACGGCCTGTTCCAGC,SHANK2,557,116,243
SHANK2_GCGCAGCCCAACATCCAGCG,SHANK2,2771,1917,1620
SHANK3_GATGCCGACGCGCACGACCA,SHANK3,1325,151,109
SHANK3_CATCCAGGAACTTGCCGGCG,SHANK3,577,311,218
SHANK3_CTGAGCAGTTTCGATACAAG,SHANK3,3945,693,422
SHANK3_CCTTGTCCGTGCTATGCAGC,SHANK3,798,244,91
SHANK3_GGTCCGTGGCGTTGTCCAGC,SHANK3,72,151,108
SHANK3_CCCAGGGCGCTGTGGTAGAG,SHANK3,1704,800,595
SHARPIN_CCACCTGGAGTGGACTGGGC,SHARPIN,75,5,227
SHARPIN_TGCAACGCTGGGTCATCGGA,SHARPIN,282,166,117
SHARPIN_GGCAACGTGTGCAGAGGACG,SHARPIN,226,396,301
SHARPIN_CTGGCCCGGGCTATTGCAGG,SHARPIN,499,289,123
SHARPIN_AGGGCATGCTTCTGGGCCCA,SHARPIN,0,144,83
SHARPIN_GCTCTTGGCTGTGCACGCCG,SHARPIN,408,4,65
SHB_CCAGAAAGCTACCCATCAAA,SHB,1489,1032,822
SHB_ACTCCTTGCAGAGTCGCAGC,SHB,24,69,85
SHB_CTTACATTTGCTTCTCCAGG,SHB,1079,136,281
SHB_GGATACCTTTATGCTGGGAC,SHB,456,130,207
SHB_AAAGTGGAGAGCGCCGCGGG,SHB,442,113,370
SHB_ATCAAAGTGGAGAGCGCCGC,SHB,182,273,168
SHBG_TGCGTCACACCCGCCAGGGA,SHBG,300,209,133
SHBG_CCGGCTGTCCACCTCAGCAA,SHBG,2227,378,569
SHBG_TCGAACCTCAAAGGAGGAGG,SHBG,534,58,101
SHBG_GGCAACCGAAGGTTGGAAGC,SHBG,0,71,81
SHBG_CTCGGCCTGTTTGTCCAGCC,SHBG,1023,613,619
SHBG_CTGGGCCTTCTCTTTGGACC,SHBG,1462,493,418
SHC1_CCATGGGAAGCTGAGCCGGC,SHC1,270,196,232
SHC1_AGCACTCACTCATGTCAAAC,SHC1,1305,769,565
SHC1_GCTCCCTTCATACCTGGACA,SHC1,779,347,171
SHC1_TTACCAATGTAGCTCCCAAG,SHC1,1696,320,310
SHC1_TATCTCATTTGCATCCGGCG,SHC1,666,318,132
SHC1_CGACAAAGTCATGGGACCCG,SHC1,2396,944,573
SHC2_CAGCTCGAAAGCTTGGCCCA,SHC2,49,52,316
SHC2_TTACGTGGCCTACGTCGCCA,SHC2,436,133,178
SHC2_TCCGCCTGACGCGAAGGAGA,SHC2,1579,157,250
SHC2_CTTGCCCAGGACGGACGCCA,SHC2,1105,529,251
SHC2_GGACTTTAACACGCGCACGC,SHC2,232,124,179
SHC2_GGGCAGCAACGCGCAGAAGG,SHC2,444,276,304
SHC3_TGAGCCATGGACGGAAGAGG,SHC3,1356,253,260
SHC3_GAGCTCAAAGGCTTGTCCGA,SHC3,241,9,44
SHC3_GCTTACCTCTGCGATTAACA,SHC3,879,456,388
SHC3_GCGAACTCCGGACTCCAAAC,SHC3,1737,761,418
SHC3_GAAGCTGTGCCTGGTGCGAA,SHC3,588,139,781
SHC3_TCACCGAGTCATTCCTGAAG,SHC3,2184,231,403
SHC4_TGGCAAGCTGAGCAGGAAGG,SHC4,1472,195,644
SHC4_AGGTAATGTCCATCCAAGAG,SHC4,1399,358,819
SHC4_GATCTTCTCTCTCCTCGGCA,SHC4,380,33,261
SHC4_CGTCATAAGTACCATAGGGC,SHC4,1652,224,112
SHC4_TCGATCACGTCCTTGGACGA,SHC4,645,605,327
SHC4_GCCAAGGCTATGCGAGAACG,SHC4,2673,224,290
SHCBP1_CTCGGATTTATATGGCGCCA,SHCBP1,730,348,274
SHCBP1_TGTCCGTAAGCAGGGACCGC,SHCBP1,996,86,156
SHCBP1_TTGTAACTCTGATTCCGAGC,SHCBP1,717,166,253
SHCBP1_CCTGACATGCTCAATTGCAA,SHCBP1,946,146,203
SHCBP1_TGTAGCTACCGTGATAAACC,SHCBP1,745,470,662
SHCBP1_GAGCTGGCGTCTCTGGAGAA,SHCBP1,520,240,245
SHCBP1L_CAGTGAAATAACTGGCGCCC,SHCBP1L,282,197,69
SHCBP1L_AGGAGTGTGTGTTCTTACAG,SHCBP1L,1711,521,447
SHCBP1L_AAACGTTGTGCGATAGGACC,SHCBP1L,401,63,116
SHCBP1L_TCAGTATCTTGTCCCTCAAC,SHCBP1L,1976,428,454
SHCBP1L_TCTGCGTGTCCCGTATGAGG,SHCBP1L,551,254,284
SHCBP1L_GCCAGTGCCTGAGGATGAAG,SHCBP1L,950,381,317
SHD_TGCGGATATGGCCAGAGCCA,SHD,1091,358,221
SHD_TGGAGCCCTACGATGCCCAA,SHD,518,124,165
SHD_CAGATGAGTATGATCAGCCC,SHD,486,364,93
SHD_TTGACAGTCCAGAGTGGGAG,SHD,733,574,165
SHD_GAGTTCTCACCTGAGAGACA,SHD,131,11,47
SHD_GGCCGAGGGTCACTGTCAGG,SHD,342,80,335
SHE_TAGTGAAGCTTGCTGTGCAC,SHE,19,3,48
SHE_CTGACTCACTATTTCGAACC,SHE,2056,968,933
SHE_GGGTCCAGCTCTTCTGCCGG,SHE,55,50,83
SHE_CGGCAGAGTACGAGCAGCCA,SHE,1817,620,429
SHE_GAGAGAGTCGGAGAGAACGA,SHE,428,2,45
SHE_CCAGACACGCAGAGGCGCCA,SHE,1588,332,460
SHF_TCTTCTCCGGTCCTTCAAAC,SHF,1242,183,264
SHF_GGCTGGTCATACTCCTCAGG,SHF,554,19,22
SHF_GATGTTCAGGAGACTGGCGA,SHF,1054,368,340
SHF_GGGTCTCGACCCGAATAAGG,SHF,256,53,78
SHF_GATGCCCGTTTCCTATGCCC,SHF,414,63,0
SHF_TACAACTTCCTTGAGGCGCG,SHF,915,572,427
SHFM1_AGTGAACTGGAGGAATAGCG,SHFM1,777,402,212
SHFM1_CTGCTATGTTCTCCACCAAA,SHFM1,3181,1206,1382
SHFM1_CATCAGGAGTACAGTTGCCC,SHFM1,972,277,49
SHFM1_GCCCAGCGGTTACCTTCGGC,SHFM1,567,5,1
SHFM1_CCCAGCGGTTACCTTCGGCA,SHFM1,921,57,76
SHH_CAATCTCGGAGGAAGTGCGA,SHH,439,84,49
SHH_GACTTGACCGCCATGCCCAG,SHH,533,223,136
SHH_ATCCACTGCTCGGTGAAAGC,SHH,1007,180,422
SHH_GCAGTTTCACTCCTGGCCAC,SHH,19,115,129
SHH_GCCCAGACACACCGAAGAGC,SHH,1051,442,320
SHH_ATACCAGCAGCGAGGAGACG,SHH,1121,625,397
SHISA2_TGAACAGAAGATGTACCCAG,SHISA2,1292,410,683
SHISA2_CCGGAGACATCTGCAGCAAC,SHISA2,2510,663,1047
SHISA2_ACGGAGCCAACAATGAGGAA,SHISA2,695,484,265
SHISA2_GGTCATTGTCGCAGCCGCCC,SHISA2,0,43,11
SHISA2_GCCAGCGGCGAGTACTGCCA,SHISA2,415,68,49
SHISA2_GGCGTTCCAGGATGAGGAGA,SHISA2,682,84,151
SHISA3_TGTCGAAGTCCTCTGGGCAC,SHISA3,374,725,313
SHISA3_GCAACAGTAGCGGAGCGCGC,SHISA3,387,330,344
SHISA3_GCTCCGCTACTGTTGCGCCG,SHISA3,506,101,189
SHISA3_TGGAGCCGACGATGAGAAAG,SHISA3,959,413,584
SHISA3_ATGGAGCCGACGATGAGAAA,SHISA3,945,261,211
SHISA3_CACCAGCCACTCAATCCACC,SHISA3,818,346,578
SHISA4_AGCGATTGCGGTGAGCGGCG,SHISA4,262,163,171
SHISA4_GGTCCCTGCAGCAGTACCGA,SHISA4,1,0,15
SHISA4_TGACCTTGCTTATCACCGAG,SHISA4,1480,286,221
SHISA4_TGGCAACCACAGCAACAAAG,SHISA4,2643,1032,1054
SHISA4_TATGGGTATACTGGCTGCAC,SHISA4,594,76,107
SHISA4_CAATATCCACTCTACCCAGC,SHISA4,508,129,294
SHISA5_ACCGGCCTACCACGAGACCC,SHISA5,711,332,82
SHISA5_GGGTGGGCACGCTTACGACG,SHISA5,716,210,152
SHISA5_TTTGAGCTGGGACAACAAGG,SHISA5,662,290,340
SHISA5_GCCTGCCAGTGTAGAGCCGG,SHISA5,191,17,85
SHISA5_GAAGAAATTTGTGTGGAGCG,SHISA5,1089,443,551
SHISA5_AGTGGCACCATCTGTAGCCC,SHISA5,247,108,205
SHISA6_CGTGAGCGGCCAGTACGACA,SHISA6,1424,393,221
SHISA6_GGAGACCTTGGCGAAGACGC,SHISA6,320,103,199
SHISA6_TCTTGCAGGGCATTATGGGA,SHISA6,433,303,343
SHISA6_GGGAAGGATGCTTACCGAAG,SHISA6,358,49,73
SHISA6_TTTACTGCAGACTCGTAGGA,SHISA6,850,133,288
SHISA6_TGCCTCACGCAGACACAACA,SHISA6,1510,669,805
SHISA7_CTCCTGGGACATGACCCGCC,SHISA7,226,231,123
SHISA7_GCGGCTATCGCATGGAGGCC,SHISA7,1433,135,247
SHISA7_ACCGCTACTCTTCCCTCAAG,SHISA7,1039,252,211
SHISA7_ACGGCAGCCTCGTAGGACGG,SHISA7,1289,287,365
SHISA7_ACCGGGATATCAACGTGCCC,SHISA7,230,7,219
SHISA7_CGTTGATATCCCGGTGCGCC,SHISA7,36,601,447
SHISA9_ACACGGGCAGCTGGCGCAAC,SHISA9,1609,1004,796
SHISA9_TTGCCGGTGTTGAGCCAGAG,SHISA9,809,664,512
SHISA9_GGAGTGTCGGACTTCAAACC,SHISA9,852,506,563
SHISA9_GCGGATGTCATGAGACCACA,SHISA9,243,166,139
SHISA9_CTTACCGACTGCCTTTAAGG,SHISA9,762,406,355
SHISA9_CTACCACCAACTTTAAGGGC,SHISA9,1471,448,387
SHKBP1_GCAGCGGCTACTGCAGCCGA,SHKBP1,773,188,145
SHKBP1_CCTCTCGCCAGACTCTCACC,SHKBP1,385,190,184
SHKBP1_TCGACGCTGAAAGATGAGAC,SHKBP1,166,120,136
SHKBP1_TCCCGCAGATCTTCATCGAC,SHKBP1,1455,495,775
SHKBP1_AGTGCCTACCTGGTGGCGGC,SHKBP1,484,37,97
SHKBP1_TCCCAGTGAAGCGGCGGAAC,SHKBP1,494,294,300
SHMT1_CACCATCTGTGCCTTTGGAA,SHMT1,1751,363,309
SHMT1_ATCTGCAATCTTCCGTAGCC,SHMT1,794,162,62
SHMT1_GACAAGCACCTGAGTAGGGC,SHMT1,622,10,106
SHMT1_GAAGGAGAGTAACCGGCAGA,SHMT1,0,16,64
SHMT1_AATGACGATGCCAGTCAACG,SHMT1,746,180,287
SHMT1_CAATGACGATGCCAGTCAAC,SHMT1,773,295,191
SHMT2_GGACAGGCAGTGTCGTGGCC,SHMT2,132,159,173
SHMT2_CTGAACAACAAGTACTCGGA,SHMT2,614,75,338
SHMT2_CCGGTCGTGAGGTTGCAGAA,SHMT2,1661,863,976
SHMT2_TCACTTCGCAGTCTCACCCA,SHMT2,1111,87,135
SHMT2_TGACTACGCCCGCATGAGAG,SHMT2,2209,1178,911
SHMT2_TACTCACAAGACTCTTCGAG,SHMT2,589,71,215
SHOC2_CTCCAGTGCTGCCCAACCAG,SHOC2,3389,63,113
SHOC2_TCCTTCAGTGGTGTATAGGC,SHOC2,568,29,0
SHOC2_CAAGACGACTTAAACTGGAC,SHOC2,357,25,67
SHOC2_AACTGAGATGGACCACCCAC,SHOC2,456,0,0
SHOC2_ACCAATGCCTCTGGGAAGAG,SHOC2,1125,39,25
SHOC2_CTGCAGAGTGCCAGCTCAAA,SHOC2,2844,649,550
SHOX2_GCTGTACTTGCCTGCTGAAA,SHOX2,636,966,501
SHOX2_CGACTCTACAAGCTTCAAAC,SHOX2,1341,467,1239
SHOX2_AGAGGAACTGAGCCAGCGAC,SHOX2,598,274,173
SHOX2_ATCGCAAAGAGGATGCGAAA,SHOX2,1570,218,381
SHOX2_TACGCTGCTTCTCCCGGGCG,SHOX2,771,340,480
SHOX2_CCCATGTCCAGCTCCCGGAC,SHOX2,1435,378,722
SHPK_TGCATCCACATCCTGCCCAA,SHPK,134,113,29
SHPK_CCTACTTCCCATACTTCAAC,SHPK,3793,2700,1861
SHPK_CTCCCAGACATCGCCGAGCC,SHPK,2166,370,460
SHPK_CCGACCAGAATGCTGCCAGC,SHPK,209,86,234
SHPK_CACCTGGTCACGTGGCAGGA,SHPK,1380,425,676
SHPK_GCTCGCCAGCACTGCGAACC,SHPK,135,459,584
SHPRH_GATTAATCCCACTCAAACGC,SHPRH,491,166,215
SHPRH_ACCACTCCACAGCTACCAGG,SHPRH,782,134,220
SHPRH_ACACTGGTTCCATTGCAACA,SHPRH,3993,1114,1235
SHPRH_GATACGATGTTCAACGGAAC,SHPRH,313,112,31
SHPRH_GATCCGGAGAGTGAGCCAGA,SHPRH,7,90,47
SHPRH_GATGACGAGCAGCCCTGCCC,SHPRH,0,0,13
SHQ1_TGAACGAAGACAGAAGCGCC,SHQ1,220,0,1
SHQ1_TACGATCAGGAGTGTTGCAA,SHQ1,1174,214,159
SHQ1_AATGGAGACTGTAGCTGCGG,SHQ1,154,191,197
SHQ1_GACGTCGAACTCGGAGACCC,SHQ1,496,0,82
SHROOM1_TCAGGACCTTCACACGGAGC,SHROOM1,927,96,40
SHROOM1_CACATGGCTGGTCAAGCACA,SHROOM1,1296,159,338
SHROOM1_AGTCCATCCAGCAGGCCCAG,SHROOM1,304,157,192
SHROOM1_GAACACTTCATCAGGAAGGG,SHROOM1,169,117,96
SHROOM1_AGTGGTCCGTGTCTCTCACC,SHROOM1,192,41,24
SHROOM1_TCTTCAAACTTAGCCAGCGC,SHROOM1,1374,323,264
SHROOM2_CTTACCTTGGTGATGACCAG,SHROOM2,1015,382,188
SHROOM2_TGGTCTCTCAGGGTTTAGAC,SHROOM2,797,172,86
SHROOM2_TGGTGTCGGCCGGACCAGGA,SHROOM2,317,528,396
SHROOM2_AAGCTGTCACTGCGGAGAGG,SHROOM2,614,195,345
SHROOM2_AAATTTCACCCACCTCGGCG,SHROOM2,1100,182,282
SHROOM2_TCTGAACTATCTCACTGCCG,SHROOM2,512,216,99
SHROOM3_AAACTCTAACACGGCCACCA,SHROOM3,1425,204,266
SHROOM3_TCTTGTAGGATCCTTTCACC,SHROOM3,534,328,465
SHROOM3_GCACCAGTATCTGCATGGCC,SHROOM3,1388,240,10
SHROOM3_GGTAGCTTTGGTGCCAAGGA,SHROOM3,247,39,65
SHROOM3_GCGCTGGATGTAGTCCGCCA,SHROOM3,1691,239,152
SHROOM3_ATAATCCTCATGAGGTGGCG,SHROOM3,398,94,216
SHROOM4_CACCAATGCCATAGTAGCAA,SHROOM4,1718,822,1067
SHROOM4_GGAAGACCAGCCAGTCAGGG,SHROOM4,98,120,70
SHROOM4_TCAGATGTCATCCCGTCCAC,SHROOM4,1017,258,134
SHROOM4_TGAGTGCGGCCTACTGACAG,SHROOM4,569,259,197
SHROOM4_AATCAGCTTGAGAATCCGGA,SHROOM4,255,68,217
SHROOM4_CGTACTGGAAGGACCCAGGC,SHROOM4,492,405,168
SI_TAACACTGTCTGTCAACCCA,SI,647,266,153
SI_GCATGGATGCTGTGCAGAAC,SI,2084,1038,790
SI_CTATTCTTCTAGGTATGGCC,SI,237,156,236
SI_TCCATAGGTCGACGTGCCAA,SI,520,255,261
SI_CAGGGAATTTGTGCACAGAG,SI,1498,736,832
SI_TCCAGAACAATTCCCAACAG,SI,2065,714,765
SIAE_ACCTTCCACCGTGGTTCCCA,SIAE,562,256,112
SIAE_AGTACACTGAACACTTACCC,SIAE,174,116,165
SIAE_CAGTGACCGTCCAGATGACC,SIAE,285,192,328
SIAE_CTCTCCCATTCAAGCAGAGC,SIAE,718,181,244
SIAE_AGAGCCAGACATCTCCAAAC,SIAE,2754,900,1075
SIAE_CCTTGCAAGCATGGTCGCGC,SIAE,935,506,357
SIAH1_GGAAGCACCAGGGCACGGAC,SIAH1,240,85,90
SIAH1_CGAAGTGTCCACCATCCCAG,SIAH1,1645,416,593
SIAH1_TCACATGTTTACCAGCGGCC,SIAH1,1091,45,271
SIAH1_CCTTCTCTGTACTCCTGGAG,SIAH1,342,168,230
SIAH1_CTGACTTCTCATGACGGGAA,SIAH1,904,241,362
SIAH2_CACACCGTCATGAATCGAAC,SIAH2,1423,964,1343
SIAH2_CCTCCCAGGTCAATCTCCGC,SIAH2,1027,806,466
SIAH2_TGGAGTTGAATGGGAACCGG,SIAH2,1683,200,179
SIAH2_GACGCCCAGCATCAGGAACC,SIAH2,1616,211,284
SIAH2_GACCGGACACTCGAAGAGCG,SIAH2,462,266,379
SIAH2_GCTGCAGGGTTTATTAGCGC,SIAH2,774,477,184
SIAH3_TGGACTCGGTGATTACGGAC,SIAH3,778,489,236
SIAH3_CCTCCCACTTGAGGCGCCGA,SIAH3,21,133,122
SIAH3_ATGATCCAATCAGCCGGCGC,SIAH3,579,254,452
SIAH3_CGAGATCGTCTTCCTGGCCA,SIAH3,723,352,481
SIAH3_TCAGCACTACAAGGCTAAAC,SIAH3,1729,713,951
SIAH3_TAGCCTTGTAGTGCTGAAAC,SIAH3,632,562,458
SIDT1_CTACACCAGCCAGCCCGACC,SIDT1,1917,624,705
SIDT1_TGGCGAACCACAACAAGGAC,SIDT1,1702,759,690
SIDT1_AAAGTCCCGCTTACCGGAGC,SIDT1,858,173,155
SIDT1_TCACTTACCTGAGGTTGAGA,SIDT1,817,179,138
SIDT1_TGGACTGAGACAACAGAACA,SIDT1,2118,939,990
SIDT1_TTGTGGTCGAGATCATACAC,SIDT1,1898,396,293
SIDT2_ACCATACTGTGACCCGCAAC,SIDT2,1741,275,277
SIDT2_CGTCCTGAACAAGCAGAAGG,SIDT2,1422,137,652
SIDT2_AATCGTCCATGCGGCTGACC,SIDT2,31,138,97
SIDT2_TGAATGGAGATGACTGAGCA,SIDT2,1712,640,729
SIDT2_TTGTTGTCCAGGTCATAGAC,SIDT2,1434,238,159
SIDT2_ACCGAAGACCAAGCCTGCGG,SIDT2,1463,186,97
SIGIRR_TCCAGAGCAGCAAGGTCACC,SIGIRR,179,49,33
SIGIRR_CCGGAAGCTGTGGCTGCACC,SIGIRR,842,255,153
SIGIRR_CTTCATCCTAAAGCCGCAGC,SIGIRR,447,159,36
SIGIRR_CGCAGGCCCTACAAGCCACG,SIGIRR,2640,822,652
SIGIRR_GCTGATGTTCTGGATGGAGC,SIGIRR,616,138,139
SIGIRR_CAGCACCTGGTCTTCAGACG,SIGIRR,6058,1345,2277
SIGLEC1_AGCCGAGGTGGTGGAAGGAC,SIGLEC1,612,524,372
SIGLEC1_GCCACACTGGTGCTGTCACA,SIGLEC1,646,398,196
SIGLEC1_TAGTGGCCAAGTGCAGCCGG,SIGLEC1,608,313,77
SIGLEC1_TCCATTAAGTGGCTCAAGGA,SIGLEC1,756,284,460
SIGLEC1_GCTTCTCGAGGGCACAGAGG,SIGLEC1,249,396,442
SIGLEC1_ATCACCTGTTACTGTGACCA,SIGLEC1,251,156,247
SIGLEC10_TGACTTCTGCATAATCCGCC,SIGLEC10,383,91,126
SIGLEC10_GCATGGCCCAGACACTCACC,SIGLEC10,417,454,344
SIGLEC10_TAACCTACATGATCAGGGCC,SIGLEC10,319,19,57
SIGLEC10_CTAACCTGGCAGCTGCAGGA,SIGLEC10,1166,121,331
SIGLEC10_GGAGAGACGTGCCGTTCCCA,SIGLEC10,354,82,135
SIGLEC10_GAGTCAGTGATGGTGCCGGA,SIGLEC10,71,149,84
SIGLEC11_GGGATGGTTCCAAAGTGAAG,SIGLEC11,498,346,232
SIGLEC11_CTTTGGGCTTCAATTGGAGA,SIGLEC11,1002,131,382
SIGLEC11_GCTTTGGGCTTCAATTGGAG,SIGLEC11,1489,535,977
SIGLEC11_ATGCTTACCTGAAGACGACA,SIGLEC11,639,60,27
SIGLEC11_TTACCTGAAGACGACAAGGC,SIGLEC11,690,535,273
SIGLEC11_CCCATTCAAATGGAGCACGA,SIGLEC11,1242,700,1250
SIGLEC12_TCAGTACCCACAGGAACAGG,SIGLEC12,1275,100,237
SIGLEC12_GCCTCAGTACCCACAGGAAC,SIGLEC12,1078,197,201
SIGLEC12_AGCGAGGCCTCAGTACCCAC,SIGLEC12,493,288,259
SIGLEC12_TATGTTGAGTCGGACAGCCC,SIGLEC12,382,188,149
SIGLEC12_TGGATCCTGGTTCAAGGAAG,SIGLEC12,904,337,366
SIGLEC12_TGCTATGGGCAAATGAAGAG,SIGLEC12,2097,326,486
SIGLEC14_GACAGGCAGTCCGGCTCACC,SIGLEC14,0,53,13
SIGLEC14_CTGCCGGGTTCAGCATCCGC,SIGLEC14,961,736,310
SIGLEC14_CTCACTGAGCTGGTTCCGGG,SIGLEC14,1039,196,310
SIGLEC14_AACTGTGCAGGCGAGGAACA,SIGLEC14,1686,675,466
SIGLEC14_TGCCATTGCTCAGGATCCGC,SIGLEC14,1185,546,484
SIGLEC15_CGGGAGAACCCACGCCAAGC,SIGLEC15,1550,505,422
SIGLEC15_GGAGAACTTGCTCAACACAG,SIGLEC15,2199,639,806
SIGLEC15_CCTCGCCTGTCACGTGCAGC,SIGLEC15,411,105,74
SIGLEC15_GCGCGCTCTGCACTGCCGAA,SIGLEC15,320,120,92
SIGLEC15_GCGACAGTAAATCAGCAAAC,SIGLEC15,1586,871,782
SIGLEC15_TGTCCACAGGTCCCAGGCCC,SIGLEC15,403,128,112
SIGLEC5_TCCTTAGAGTGAAAGCCCGC,SIGLEC5,253,72,154
SIGLEC5_GCGGCTTGAGGAGAAGCCGC,SIGLEC5,59,0,5
SIGLEC5_CTCCTCAAGCCGCCAGCACA,SIGLEC5,1643,472,367
SIGLEC5_CAAGCCGCCAGCACAGGGAG,SIGLEC5,1211,164,285
SIGLEC5_ACCTATGCCGTTCCTGAAGA,SIGLEC5,984,685,494
SIGLEC6_CGCTGTCCTACACTTCCACA,SIGLEC6,573,716,777
SIGLEC6_AAACTATGCCTGTCTGGAAC,SIGLEC6,1484,649,1106
SIGLEC6_TATAGGGAAACCAGAAGGCA,SIGLEC6,232,140,145
SIGLEC6_ATCTTCCAAGGAAACAGCGC,SIGLEC6,1211,756,945
SIGLEC6_GGCCCAACATCTCCATCCCA,SIGLEC6,626,172,81
SIGLEC6_CCATAACCATAGTACGAGGC,SIGLEC6,516,394,194
SIGLEC7_AGGACAGAAGAGTAACCGGA,SIGLEC7,115,20,76
SIGLEC7_GAGTTCCGTGACCGTGCAAG,SIGLEC7,652,188,188
SIGLEC7_TATAAGCTGGAAGGCTCCAG,SIGLEC7,239,18,15
SIGLEC7_CAGAGAGTTCTGAGCTCGAC,SIGLEC7,538,996,345
SIGLEC8_AGTGAAGCCTCAGGACCCGC,SIGLEC8,278,69,137
SIGLEC8_ACCTGTATCACAAGTGACAC,SIGLEC8,1016,122,92
SIGLEC8_ACAGGACACATCGAGGCGGA,SIGLEC8,804,48,43
SIGLEC8_ACCATACCAAGACGCTCCAG,SIGLEC8,1036,112,208
SIGLEC9_TACAGACCAGGATGCTCCAG,SIGLEC9,610,110,0
SIGLEC9_GAACCCTCTCGGCTCTCAGC,SIGLEC9,28,30,0
SIGLECL1_GATGCTTCCACTGCTACAGC,SIGLECL1,60,68,52
SIGLECL1_CCTAACTGAAGAGCCAGAAA,SIGLECL1,2140,536,477
SIGLECL1_TCAGTAGGATGCTCAAAGCA,SIGLECL1,1413,1518,1540
SIGLECL1_CTGCCCAGGCCTTCGTGAAA,SIGLECL1,3541,1224,1071
SIGLECL1_TCAGCCCTTTCACGAAGGCC,SIGLECL1,437,173,171
SIGLECL1_TTCCCGCATAGATAGCACCC,SIGLECL1,2080,561,557
SIGMAR1_TGGATGGTGGAGTACGGCCG,SIGMAR1,2004,649,532
SIGMAR1_GAGACGGTAGTACACGGGCC,SIGMAR1,1,77,114
SIGMAR1_CGGACAGCGAGGCGTGCAGA,SIGMAR1,426,818,309
SIGMAR1_CTCCACGATCAGACGAGAGA,SIGMAR1,847,184,200
SIGMAR1_AAGAGATAGCGCAGTTGGCG,SIGMAR1,569,312,93
SIGMAR1_TGTCGCAGCGGTGCTGACCC,SIGMAR1,1410,247,396
SIK1_CTGGAGGACGGACTGCACCA,SIK1,2231,1095,1007
SIK1_ACTCCTTGAGCCGCTCAAGG,SIK1,207,173,29
SIK1_CTGGGCGATGGTGATGCGCC,SIK1,107,328,219
SIK1_CACCTTGAGACATGAAGAAG,SIK1,1788,426,314
SIK1_CGGGCACCTGAGTGAGAACG,SIK1,1741,970,1043
SIK1_TATCATGTCGGAGTTCAGCG,SIK1,1260,662,676
SIK2_TGGTCATGGCGGATGGCCCG,SIK2,378,4,274
SIK2_GGAAGAGTCGGTCCATCAAA,SIK2,134,136,146
SIK2_ATTGCGAGCACCTTATCCGA,SIK2,372,67,117
SIK2_GGCAACTGTTTGCTCAGCAA,SIK2,844,280,402
SIK2_ATGCCTCAAAGGCATGAGCG,SIK2,521,42,114
SIK2_AGAAACGAGAGGTCCACAAC,SIK2,723,217,328
SIK3_GAACTTTCCACTCAGCACGC,SIK3,843,466,504
SIK3_ATAGGGAGGGCTGCCACACC,SIK3,205,160,258
SIK3_CCTGGTGGCCCATGGTAGAA,SIK3,1613,688,944
SIK3_GACAGAATATGCTAGTGGAG,SIK3,621,116,131
SIK3_GATCATAGATAAGACCCAGC,SIK3,81,46,0
SIK3_ACTGCACAACAAGATGGCGG,SIK3,1007,120,427
SIKE1_GACTGGTGAGCTTTCAGGAC,SIKE1,734,230,258
SIKE1_TCCGGACCAGGTCAGGCAGA,SIKE1,409,76,26
SIKE1_ATCAGTCGGCGGCGCTGCAC,SIKE1,571,12,106
SIL1_CTACGACCTGGTCACGGAGA,SIL1,1315,373,399
SIL1_GCCGCTCACTGCAAAGAAGA,SIL1,569,394,376
SIL1_CGCAGCATACTCCTTCACGA,SIL1,2612,783,670
SIL1_GGAGAGTTCAAAGGAAGACA,SIL1,366,44,11
SIL1_CCTGCCACTCATGCGTCGGG,SIL1,418,191,196
SIL1_GAGCCATCCTAGATGAAGGC,SIL1,591,64,142
SIM1_AGGGTGGCGCCTTACGCAAA,SIM1,1223,682,714
SIM1_GCTTCATGTCCAGGCTGGCG,SIM1,1592,252,455
SIM1_ACGCACCTTGTAGCCGCCAC,SIM1,1636,502,129
SIM1_AGACCACGACGAGATGACGG,SIM1,298,148,406
SIM1_CTCGGCCAACGTTGTCCAGG,SIM1,578,115,175
SIM1_CTCGGCTATCACCTCGCAGC,SIM1,267,41,321
SIM2_TCAGGTAGCTCGTGGTGAGG,SIM2,1415,237,499
SIM2_TGGATGGAATACCTTGGAGC,SIM2,1016,73,154
SIM2_CTTGATCTCGGTGATGGCAC,SIM2,742,229,139
SIM2_GGTGGGCGTGCTACTCACGG,SIM2,122,9,118
SIM2_CGAGCGGCTGTTGTGCACCA,SIM2,2194,654,687
SIM2_ACTTCAGCTGTCCCTGGAGC,SIM2,233,95,341
SIMC1_GGCATGGCAAAGGTCGCAGG,SIMC1,441,137,61
SIMC1_GGGTCTGAACGACATAACGC,SIMC1,473,41,137
SIMC1_GCTCTCCATAGCCGTAGAGG,SIMC1,598,98,61
SIMC1_CTAACACTTTGCAGCGCAGA,SIMC1,701,269,181
SIMC1_ATTCGTCCCAAGTCTGCCAC,SIMC1,45,64,35
SIMC1_TGATGCAGAGCCCTTTCAAA,SIMC1,586,522,418
SIN3A_AGAGCAGGAGGTGTATGCCC,SIN3A,262,45,14
SIN3A_AGTGACAATCTCGTTGGGAA,SIN3A,737,59,40
SIN3A_TGAGGTGCAAACCAATGACA,SIN3A,1551,135,41
SIN3A_TGCGCTATCTTATCTTGACC,SIN3A,669,5,22
SIN3A_ACTGCCGGAGCTCTGTGGCA,SIN3A,815,70,48
SIN3A_CGCTGCTGGGCTGCATACAC,SIN3A,2021,404,549
SIN3B_CGCAGCTCCGACTTCGGACA,SIN3B,2248,679,1006
SIN3B_CGCCCTCACCTATCTGGACC,SIN3B,4423,581,696
SIN3B_ACAGTCGCCTCTGACAAGCC,SIN3B,264,113,94
SIN3B_AGGAGAATTCGCACAACCAC,SIN3B,356,200,295
SIN3B_TCTTCAGACATGCCTCGGAA,SIN3B,754,356,186
SIN3B_CCTTGGCGGGTGCAGACACG,SIN3B,254,124,203
SIPA1_AACCATCGAGGCTCAAGCAC,SIPA1,1694,74,148
SIPA1_ACATCAGAACTTCTTCGGGA,SIPA1,298,45,258
SIPA1_CCTTGGGTGAAGCTGAGCCC,SIPA1,674,357,93
SIPA1_GCTGAGCTTCCAACGCAAGG,SIPA1,599,106,315
SIPA1_AAGGCAGCATCGTGGACACG,SIPA1,982,409,557
SIPA1_CGCCACACACCACCTACAGG,SIPA1,2239,658,941
SIPA1L1_TGTCTGTGACCGTTTCAAGC,SIPA1L1,1128,464,344
SIPA1L1_AGTGGCTGTGAGCATTCGAA,SIPA1L1,531,46,199
SIPA1L1_CAAAGAAGTGCTGGAGCACG,SIPA1L1,1677,314,286
SIPA1L1_GGCATCATGTACTGCAAAGC,SIPA1L1,230,426,204
SIPA1L1_TTAACTGTAGCTGACTCCAC,SIPA1L1,610,104,117
SIPA1L1_TAACAGACACTGTCAGAGCA,SIPA1L1,890,577,326
SIPA1L2_CATGTGGCACGTGATAGCCC,SIPA1L2,1295,435,137
SIPA1L2_ATAGAGAGAGTGCGTGCCCG,SIPA1L2,467,309,397
SIPA1L2_GGGATCCTTTATTGCAAAGC,SIPA1L2,424,303,396
SIPA1L2_CTGCTCAAGCTTGATGAACA,SIPA1L2,1987,806,995
SIPA1L2_TGCTGACTGCTACTGGACCA,SIPA1L2,1236,333,491
SIPA1L2_CGGTAGACATGAGTGACCCA,SIPA1L2,488,455,392
SIPA1L3_TGCTCGATGCTGTACTGCCG,SIPA1L3,1155,925,553
SIPA1L3_GAGCATTAAGCGGGAGAAGC,SIPA1L3,159,468,606
SIPA1L3_CCACCAAGCATGGGACCGGG,SIPA1L3,1127,756,3903
SIPA1L3_CCTTCTCGCCGATGAGGGAG,SIPA1L3,679,396,412
SIPA1L3_TCTGTTTCAGCCGACTCCAC,SIPA1L3,309,467,488
SIPA1L3_TTTCCCAGCTGCTACGGAAG,SIPA1L3,3508,2164,1395
SIRPA_TGAAATAGAGGCCTCACCAG,SIRPA,1250,162,208
SIRPB1_AATGGGAAGTAACCGCACCA,SIRPB1,1593,219,350
SIRPB1_CACGGCTCAGATATCACCCA,SIRPB1,2147,278,284
SIRPB1_TGTGGTGCTCACCTGTCAGG,SIRPB1,452,127,108
SIRPB1_CCAGCAGTAGCGTCATCAGC,SIRPB1,863,89,413
SIRPB1_AGTAGCGTCATCAGCAGGAA,SIRPB1,688,510,439
SIRPB2_GGCTCCTCCGAGAGGTAGCC,SIRPB2,141,110,130
SIRPB2_GGCCAGTAGGAGTGCAGCCA,SIRPB2,1111,421,471
SIRPB2_CAGGCAATACCTGTCTGGAC,SIRPB2,1624,347,556
SIRPB2_GGGTAATGCCCATGATCCAA,SIRPB2,313,123,73
SIRPB2_GGTGAGCACTCAGGACCAAC,SIRPB2,133,52,116
SIRPB2_GGCCGACATCGTGGAGCACA,SIRPB2,169,251,84
SIRPD_AGAGATTTCACGGATGCGGG,SIRPD,1138,352,387
SIRPD_ATTGGAGACACCACCAAGCC,SIRPD,553,34,27
SIRPD_TCTTGTGGTTCAAGGGAACA,SIRPD,1463,291,223
SIRPD_ACATCTCCGTTTGTTGCACA,SIRPD,1114,553,515
SIRPG_ACCTGAGAGCGAACGTCCCA,SIRPG,940,173,215
SIRPG_CCTGAGAGCGAACGTCCCAG,SIRPG,368,458,234
SIRPG_GACGGGTCCCACGGGAAGCA,SIRPG,784,307,277
SIRT1_CAGTTGGAAGATGGCGGACG,SIRT1,1422,15,171
SIRT1_GAGATGGTCCCGGCCTCGAG,SIRT1,27,2,46
SIRT1_GATCTGGGAAGTCTACAGCA,SIRT1,768,72,101
SIRT1_TACCCAGAACATAGACACGC,SIRT1,660,127,213
SIRT1_CTGGCCTAATAGAGTGGCAA,SIRT1,520,250,279
SIRT1_CTGAATATACCTCAGCGCCA,SIRT1,964,109,239
SIRT2_CATGCGCCTGCTGAAGGACA,SIRT2,200,202,254
SIRT2_CAGGATAGAGTTCCTTGGCG,SIRT2,1283,221,302
SIRT2_TAGGTTGTCATAGAGGCCGG,SIRT2,402,17,61
SIRT2_AAACAGATGACTCTGCGACC,SIRT2,948,79,139
SIRT2_TGGACGAGCTGACCTTGGAA,SIRT2,2040,273,339
SIRT2_CCCGAGAGGTGGGATTAGGG,SIRT2,595,274,201
SIRT3_GGGCTGGTGCCACTTTGGGA,SIRT3,244,118,22
SIRT3_GATGAGCAGCAGATCTGCCA,SIRT3,0,28,43
SIRT3_GCTTCAACCAGCTTTGAGGC,SIRT3,1413,186,333
SIRT3_TCCGGCTGCTTCATGACAAG,SIRT3,2023,471,614
SIRT3_TTCGGGCCAGAGCCTGCCAG,SIRT3,868,216,216
SIRT3_AGTTGAACGGGTCGAGGCCG,SIRT3,1386,139,158
SIRT4_TGGAGGCTTTCGAGCACGGC,SIRT4,786,108,221
SIRT4_TTGACCTTCTCAGGGTCCAG,SIRT4,717,47,70
SIRT4_GGGCGAGAAACTTCGTAGGC,SIRT4,323,70,11
SIRT4_GGATGCTTTGCACACCAAGG,SIRT4,462,207,117
SIRT4_ATGGCCTCCACATTGAACGC,SIRT4,1149,120,228
SIRT4_GGACACAGTGAACCCTGACA,SIRT4,630,76,82
SIRT5_ATCTGGTTTCGTGTGGACGC,SIRT5,1095,655,560
SIRT5_GCTGGTGTTAGTGCAGAAAG,SIRT5,1232,544,741
SIRT5_GGAGTTCTACCACTACCGGC,SIRT5,0,96,15
SIRT5_CATCGATGAGCTGCACCGCA,SIRT5,471,335,181
SIRT5_GCAGCCTGCCTCTTCACACC,SIRT5,187,60,83
SIRT5_TTCAGGAAGAGTCGTTCCAC,SIRT5,832,295,368
SIRT6_TGAGGGACACCATCCTAGAC,SIRT6,1072,565,480
SIRT6_GCACCGTGGCTAAGGCAAGG,SIRT6,2062,237,358
SIRT6_ACAAACTGGCAGAGCTCCAC,SIRT6,576,36,66
SIRT6_CGTTCTGGCTGACCAGGAAG,SIRT6,1554,473,463
SIRT6_GGAGCGGAAGGTGTGGGAAC,SIRT6,2566,271,181
SIRT6_GCTGTCGCCGTACGCGGACA,SIRT6,96,33,75
SIRT7_CAGCTTCTGCTCATGCAGAC,SIRT7,804,423,813
SIRT7_TCCACACTCCATTAGGGCCC,SIRT7,701,133,99
SIRT7_TGCCTTTGTTAAGGTGGAGC,SIRT7,636,549,370
SIRT7_CTTGGTCGTCTACACAGGCG,SIRT7,984,197,161
SIRT7_TGGTAACGGAGCTGCAGGGC,SIRT7,874,205,117
SIRT7_GAGCCGCTCCGAGCGCAAAG,SIRT7,456,227,102
SIT1_GGCATAGGCCTGATCCGGGA,SIT1,25,27,20
SIT1_ATAGGCCTGATCCGGGAAGG,SIT1,528,259,868
SIT1_ACAGTTGACTCACCCTGGCA,SIT1,622,359,384
SIT1_ACACTTGTCCCAGTGGACCA,SIT1,411,616,366
SIT1_CTGCACGGATCTACTCGCAC,SIT1,1851,288,422
SIVA1_GCGGACCTTGAGCTGTAGCG,SIVA1,910,201,198
SIVA1_TCAAGGTCCGCGTGAGCCAG,SIVA1,1508,187,136
SIVA1_CTTGGGCAGGCCTCCGAAGC,SIVA1,1206,101,144
SIVA1_GCGAGCCGTGGATGGGAAGG,SIVA1,878,83,96
SIVA1_CCAGCCTCAGGTCTCGAACA,SIVA1,2916,256,172
SIVA1_TTTCCAGCACAAGGCCGGCC,SIVA1,505,116,0
SIX1_AATAGTTTGAGCTCCTGGCG,SIX1,884,49,52
SIX1_CCATATTGCCCTGCAGCAGA,SIX1,985,203,630
SIX1_CAACTCTCTCCTCTGGAAGG,SIX1,970,122,118
SIX1_TCCCGCTTCTCACGCGGCGA,SIX1,822,274,183
SIX1_CGCTCTCGTTCTTGTGCAGG,SIX1,1174,463,730
SIX1_AAACGACGGCAGCATCGACA,SIX1,497,97,241
SIX2_GGATGGAGTCCTGCAGGCCA,SIX2,256,13,36
SIX2_ACTTGCCGCTGCCATTCAGC,SIX2,109,34,186
SIX2_CAAGGCACACTACATCGAGG,SIX2,1732,307,559
SIX2_AGCAGGGCGGCAACATCGAG,SIX2,995,169,167
SIX2_TTGCTCCTGCGTGAAGCCGA,SIX2,595,120,29
SIX3_CCTCAACTTCTCGCCGGAGC,SIX3,306,22,93
SIX3_CAACTTCTCGCCGGAGCAGG,SIX3,1325,71,163
SIX3_AGGAGACGGGCGACATCGAG,SIX3,1101,106,95
SIX3_CACCAGGCCATTGGACCGAG,SIX3,1057,161,171
SIX3_GCGCATGCCGCTCGGTCCAA,SIX3,335,274,221
SIX3_AGTCGCTGGAGGTTACCGAG,SIX3,693,436,517
SIX4_CAAGCTCCAGACTGTCCAGC,SIX4,1078,213,211
SIX4_AACCGTGTATACCACTGCAC,SIX4,180,238,128
SIX4_CTGGCTCCATATGACTGGAA,SIX4,722,360,459
SIX4_TAGACAAGTACCGGCTGCGC,SIX4,473,279,193
SIX4_TGTCTACGGCTCCCAGCGGC,SIX4,604,0,172
SIX4_GGAAAGCGCCTCGGAAGGGC,SIX4,320,32,25
SIX5_ACACTGGGTCACAGTTCCAA,SIX5,331,100,72
SIX5_AACTAAGCGCAGGAACAGAG,SIX5,2087,316,156
SIX5_CTCAGGCCCGTGGGATACCC,SIX5,1124,69,299
SIX5_GAAGCTCCCGTTCACCAGGA,SIX5,74,222,146
SIX5_TGTCCACTGCGCCAAGCGCG,SIX5,1261,199,339
SIX5_CAGGAAGCGGCTCAAGCGGC,SIX5,321,62,72
SIX6_TTCCAGGGTCTCACATACCC,SIX6,940,118,336
SIX6_GCTTGAAGCACACTACCAGG,SIX6,938,97,254
SIX6_CGTGAGCTCGCCCAGGCAAC,SIX6,825,667,508
SIX6_TCCTGTCACAGGGTTCCGGG,SIX6,226,343,379
SIX6_CGCCAGTCTATCCAGCAAGG,SIX6,3557,611,784
SKA1_GGAGGCTATCAGAGGTCCGA,SKA1,28,0,0
SKA1_GAGGCTATCAGAGGTCCGAG,SKA1,515,0,1
SKA1_AGGCTATCAGAGGTCCGAGG,SKA1,443,0,0
SKA2_GAGGCGGTTTAGACACCAGA,SKA2,219,86,52
SKA2_GCGGCTCCCTTTGGTGCAGG,SKA2,1191,118,169
SKA2_GCTCCCTTTGGTGCAGGAGG,SKA2,100,0,81
SKA2_GAGTCGCCGGAAACTCCGGG,SKA2,88,6,36
SKA2_ACTATTCAACATGGAGGCGG,SKA2,341,0,0
SKA3_TATGAATCACACCAGTGAGG,SKA3,299,11,71
SKA3_AGTTCTACCAAACCCTCCAC,SKA3,254,27,65
SKA3_ATACAACTGCTTGCAACAGG,SKA3,1310,69,21
SKA3_GCGCTGGACGGAGAGGAAAG,SKA3,1847,40,43
SKA3_CAGCACGCTGGACTGCGAGA,SKA3,296,8,0
SKAP1_GAGAGTGGCACTCGACGAAA,SKAP1,186,67,172
SKAP1_GCAAGATAGTGGGTCTGCAC,SKAP1,435,100,280
SKAP1_CTGGGAGGTCAGTTCAAAGC,SKAP1,2077,968,792
SKAP1_GATCGGAGTGGCAGAAGCGA,SKAP1,304,234,249
SKAP1_GCTTTCAGCAAATCAAAGCC,SKAP1,454,47,30
SKAP1_GCCAACGGATCTCCTCAGGG,SKAP1,1045,304,201
SKAP2_CCTGAGGATTATGATGAGAG,SKAP2,708,628,512
SKAP2_CTCCCAAAGATGCTGAAGAA,SKAP2,1415,752,390
SKAP2_GATTTGAATGGCAGAAACGG,SKAP2,831,271,185
SKI_GGCGCAGGAGGCCTACAAGA,SKI,1353,402,203
SKI_CTTATTGGAAGAGCCGGCCA,SKI,729,317,216
SKI_ACCAGGGTCGGAAAGCAGAG,SKI,403,180,41
SKI_GGACAAGGACTCGGAGGCGG,SKI,37,132,52
SKI_CAAGATGCGCGTGAAGCAGG,SKI,162,1,136
SKI_TGCGACAAGGGCTGCGAGGC,SKI,1613,467,466
SKIDA1_AGCGGGTTTGGTTGCAGCGG,SKIDA1,1581,151,368
SKIDA1_TACCGCTGCAAGCGCAAGCG,SKIDA1,125,72,276
SKIDA1_CGACGTAGTTTCCCTGGAGC,SKIDA1,1008,165,242
SKIDA1_ATCTCCGGGTAGTGCGAGCC,SKIDA1,339,57,106
SKIDA1_GCGTCCTCAAGACCAAGCGC,SKIDA1,1134,330,188
SKIL_AATGTAATCAGCCCACAGGA,SKIL,797,406,494
SKIL_TTGGCCCAGTTAAAGGAAAC,SKIL,955,656,372
SKIL_AGATGTCTCACTTGAGGAAC,SKIL,643,497,353
SKIL_GAGATGAAGCGGCAGCAACA,SKIL,719,257,171
SKIL_AGAGGCTGAATATGCAGGAC,SKIL,1272,400,643
SKIL_CTTGCCTATCGGCCTCAGCA,SKIL,102,192,236
SKIV2L_CCGTGGAGCTCGGATGCACG,SKIV2L,1929,110,339
SKIV2L_ATGGTGTGGAGCACTCAGCC,SKIV2L,857,123,71
SKIV2L_CCAGATACTGGGTTACAAAG,SKIV2L,2847,513,417
SKIV2L_ACAAGAGTCACCTGGCCAGA,SKIV2L,723,248,343
SKIV2L_AACAGATCTGAACACACGGG,SKIV2L,1211,139,99
SKIV2L_GACAGCCAGGAGGTCCCAGA,SKIV2L,332,0,0
SKIV2L2_GGTTGCACTTCCTGCAGAAG,SKIV2L2,1071,279,152
SKIV2L2_ACTCAGAGCCTTAATTGGGC,SKIV2L2,956,149,1
SKIV2L2_GGAGACCAGAAAGGGCGGAA,SKIV2L2,339,66,83
SKIV2L2_TGCCCGCAAATTTGATGGGA,SKIV2L2,624,14,188
SKIV2L2_CATACCTTTACCAAACGACC,SKIV2L2,598,3,0
SKIV2L2_TTAGCCTAACTCTGGTGAAC,SKIV2L2,1521,69,88
SKOR1_AGGCGCCATAAATCTTCCGC,SKOR1,679,88,209
SKOR1_GCTGTATTCCAGACCAAAGC,SKOR1,1377,745,705
SKOR1_TTCCGCCACCTCCTCTGGCG,SKOR1,1656,324,398
SKOR1_GGATGAGCACGTGAAGAGCG,SKOR1,507,232,31
SKOR1_CTCGTTTCCAAATCATCGGC,SKOR1,277,105,85
SKOR1_AAGGTAAGCCCATCTTCGCC,SKOR1,152,161,262
SKOR2_GCTAGCCTACCGAGAAGAAA,SKOR2,357,335,256
SKOR2_GCAGCTGCCACAGAGTCCGC,SKOR2,611,2,155
SKOR2_CGACGACGACTCCTTGCAGG,SKOR2,1284,427,354
SKOR2_CGCAGGATCTCCAGTTGCAC,SKOR2,1731,366,601
SKOR2_CGCCAACCTCAAACCCAACC,SKOR2,3804,1021,1063
SKP2_GGCCTGCGGACGCTATGCAC,SKP2,395,265,72
SKP2_TTCTGAACTGCTGTCAGGCA,SKP2,277,82,274
SKP2_TCTCTGGTGTTTGTAAGAGG,SKP2,982,17,135
SKP2_AAATGATCGTGGGCAGCGGA,SKP2,615,49,38
SKP2_GCCTGCCACTCACTTGACAA,SKP2,171,67,46
SKP2_TGTAGCCGCTAAGATTCAGC,SKP2,327,7,33
SLA_ACTCACTGTCGGTGAGACAC,SLA,426,106,186
SLA_TGTGTGGCCAGAGTTTACCA,SLA,1498,383,299
SLA_GGTAGTCACTTAGCACGGCA,SLA,402,140,326
SLA_CCTGTCAGGCTCGGCAGACA,SLA,1420,630,595
SLA_ATGCACGATGCTCTCTAAAC,SLA,428,322,513
SLA_CAAAGTTAGCAACCTACCGG,SLA,847,183,444
SLA2_GGTATATCCTTGCCAGGGAG,SLA2,354,32,36
SLA2_AGTAATGGTCCACCAGGGCC,SLA2,45,14,49
SLA2_TCATCCGGGAGAGCCAGACC,SLA2,2609,689,329
SLA2_CATGGGAGACTTTGGCCACG,SLA2,1006,562,509
SLA2_ATGGACTTACTCAGAGACGA,SLA2,668,222,138
SLA2_CCTCCATCTAGAGAGAAGCA,SLA2,963,122,206
SLAIN1_AGGTGAAATGCGCCTCGGCA,SLAIN1,108,77,92
SLAIN1_TAGACGAAGGGCGCCTCGGG,SLAIN1,211,69,59
SLAIN1_GCTTCCGATGCCACCCGAGG,SLAIN1,321,162,188
SLAIN1_ACGTTCCCTGTGCTTTAGAC,SLAIN1,1262,404,410
SLAIN1_CAGCAACCAAATAGGACCAA,SLAIN1,1283,655,454
SLAIN1_GACTCAAGCTTGCATGGAGC,SLAIN1,319,141,130
SLAIN2_GGAGGAGGGAATGGACGCGC,SLAIN2,193,93,54
SLAIN2_TCCTTGCTAGCGGCGGGCGA,SLAIN2,75,0,67
SLAIN2_GGCATTTGGACTGTAAGGAC,SLAIN2,552,293,241
SLAIN2_CGAGCAGGAGATCGTGAACG,SLAIN2,5796,908,1161
SLAIN2_ACTGGTTGCCGAAGAGCCAA,SLAIN2,0,6,16
SLAIN2_TACCAGGAGAACCAGAGCCA,SLAIN2,484,0,31
SLAMF1_CTGTCCTGCATCCGGGCCAC,SLAMF1,1411,385,338
SLAMF1_ATTCCCAGACCTTCAGCCCG,SLAMF1,818,358,54
SLAMF1_CCTCCCACTCCTGACAGAGC,SLAMF1,1724,510,375
SLAMF1_TTATCTGGAGAATCTCACCC,SLAMF1,208,201,159
SLAMF1_TCTCTTGATCCATCCGAAGC,SLAMF1,795,488,482
SLAMF1_TCATTGGCTGATGGATCCCA,SLAMF1,567,85,61
SLAMF6_ATTGTCAAGGGCAGTTGCCC,SLAMF6,504,151,227
SLAMF6_TAAGAGTCTGAATGCTCACC,SLAMF6,18,64,153
SLAMF6_TTGTCTACTCAGCGAACACA,SLAMF6,1553,335,383
SLAMF6_TCTGCCCAGAAGCTTTGCGA,SLAMF6,1599,235,462
SLAMF6_CCTGTTTCGGATTAGTCACG,SLAMF6,2086,689,796
SLAMF6_CCACGTGACTAATCCGAAAC,SLAMF6,3461,1596,1939
SLAMF7_CTCTGGACCCGTGAAAGAGC,SLAMF7,1697,121,71
SLAMF7_CTGGCTGTATGGTGACAAGA,SLAMF7,1505,716,691
SLAMF7_GGTCTGCAGAGCAATAAGAA,SLAMF7,525,219,311
SLAMF7_ACAGAGCTTCCTGGCAAGGA,SLAMF7,297,364,135
SLAMF7_CCAGTACAAAGAGACTGAGC,SLAMF7,518,257,22
SLAMF7_TCACGATGCCAGACACACCA,SLAMF7,1757,895,447
SLAMF8_CTCGGCCCAGGAAGCGGGAA,SLAMF8,1736,793,861
SLAMF8_ACTCACCGTACACCTTGAGC,SLAMF8,1071,638,164
SLAMF8_AATAACCTATAGCTGGCGAC,SLAMF8,145,85,74
SLAMF8_GCACCTGTCCGTCTGTGAAG,SLAMF8,1197,503,625
SLAMF8_AGCATCAGGAGCAGCGAGAC,SLAMF8,1372,376,365
SLAMF8_GGATGTCCATGCTGACAGAG,SLAMF8,1298,465,433
SLAMF9_TCGGATGACCCAGAGTCCCA,SLAMF9,1208,73,305
SLAMF9_TCAGCACATCCTGGAGGCCG,SLAMF9,1697,524,493
SLAMF9_ACCTACAGCTGGCTCTCCCG,SLAMF9,591,222,255
SLAMF9_TGCATATCAGCAATCTGAGC,SLAMF9,1908,101,547
SLAMF9_TCATCTGGTGGTATTTCCAG,SLAMF9,1351,264,225
SLAMF9_CTTCCTGCATAGGCAGCCAA,SLAMF9,1322,372,377
SLBP_GAGACACATGGACAGTCAAG,SLBP,227,52,106
SLBP_TGTAGACACCTTCGACAACC,SLBP,1927,233,223
SLBP_CAGTCAGAGCATCTGGAACG,SLBP,3379,732,723
SLBP_GGACGGAAGCGCAGAGCCGA,SLBP,283,10,224
SLBP_AGGCATCAGAGCCGCTGCGA,SLBP,606,161,145
SLC10A1_CGCACTGTCAGCATGGAGAC,SLC10A1,3644,886,1138
SLC10A1_GAGTAGATGTACAGGAGGAG,SLC10A1,1061,263,145
SLC10A1_GGAGGAGAGGCATCATGCCA,SLC10A1,447,88,51
SLC10A1_CCAGACTGAAGACATTGGAC,SLC10A1,1382,484,250
SLC10A1_ATACTGTGCCACCAGGGCGA,SLC10A1,969,221,198
SLC10A1_CTTGCCAAAGTTGGGTGGCA,SLC10A1,1010,412,446
SLC10A2_ATATTGCGGCAAAGGCGAGC,SLC10A2,530,116,208
SLC10A2_CATCTTCTTTAGGTGCCGAA,SLC10A2,447,231,160
SLC10A2_CTAGAATTGCTGGTCTACCC,SLC10A2,1088,465,339
SLC10A2_CCCAGGGAGTAACCCGCCAC,SLC10A2,1963,413,260
SLC10A2_CTATTGGGTCGATGGCGACA,SLC10A2,1812,576,498
SLC10A2_GCATGATTCCAAACTGACAG,SLC10A2,601,419,721
SLC10A3_CGCTCAGCGCCACAATGAAG,SLC10A3,1015,528,553
SLC10A3_GCCCACCAACAGGCCAACCA,SLC10A3,1656,380,441
SLC10A3_CTGTAGATGGCCGAAGACAG,SLC10A3,2045,258,1032
SLC10A3_GCTCCTCAATCAGTGTGGGC,SLC10A3,500,266,324
SLC10A3_GGTCACACCGTGCCACCGAC,SLC10A3,16,39,31
SLC10A3_CTCCTAAGCCGCAGAGGGCC,SLC10A3,516,227,171
SLC10A4_CGCCTTCAAGCTGGACGAGG,SLC10A4,1496,510,357
SLC10A4_AGATTGGAGAGATTGCCGCC,SLC10A4,338,230,137
SLC10A4_AAGCCCAGCTGTAGATCCAC,SLC10A4,233,88,205
SLC10A4_CATTCGCTACAAATACAGCC,SLC10A4,284,165,119
SLC10A4_AGGACTGTATGTCTGGAAAC,SLC10A4,467,298,422
SLC10A4_TCCTATGAATTGCGGTGGAA,SLC10A4,1214,648,311
SLC10A6_CATGAAGTGATGTGGCCAAC,SLC10A6,582,203,244
SLC10A6_CTGTGGCAATCCATTGGCCC,SLC10A6,1439,230,492
SLC10A6_CAGCAACTGCGACCACCAGA,SLC10A6,154,171,298
SLC10A6_AGGAATGGTCAGGCACACAA,SLC10A6,1162,510,452
SLC10A6_CATATCTCCATCAACCCAGA,SLC10A6,283,74,52
SLC10A6_ATCATGGGCTGCTGCCCGGG,SLC10A6,260,23,188
SLC10A7_CAAGGCCGACAGTATAACAA,SLC10A7,580,292,352
SLC10A7_TTGGATGGTATCAAGGCAGA,SLC10A7,498,240,116
SLC10A7_CTGCTGCTGATAGCACCAAA,SLC10A7,1125,1258,688
SLC10A7_GGTTCCTCTCATCATTGGAC,SLC10A7,207,230,269
SLC10A7_CAATCACACCCATCAACGAA,SLC10A7,1347,955,563
SLC10A7_GGCGATCGCTGGAGCTAAAC,SLC10A7,475,426,264
SLC11A1_AGATCTTCAGGCTGGCGCCG,SLC11A1,516,132,180
SLC11A1_GACAGGCAAGGACTTGGGCG,SLC11A1,660,27,1
SLC11A1_CTAGCTCGATGGTCAGCCAG,SLC11A1,1040,411,183
SLC11A1_CACCGTAGTTATCGAGGAAG,SLC11A1,1818,197,423
SLC11A1_TGTGGTGGCGCGTCCTGAGC,SLC11A1,231,130,126
SLC11A1_AAAGGAGACGGACAGGGCGA,SLC11A1,861,14,16
SLC11A2_GGTAAACCGGAACAATAAGC,SLC11A2,0,21,20
SLC11A2_TGGAGTGCGACAGCCTGAAC,SLC11A2,657,146,83
SLC11A2_GCTTGCAGCTAGACTGGGAG,SLC11A2,1194,118,577
SLC11A2_CTCTGGGCTTTCACCGGACC,SLC11A2,1287,246,424
SLC11A2_AGGGTTGATGTTACCAAGAC,SLC11A2,713,354,250
SLC11A2_AGCCACTCAGGTATCCACCA,SLC11A2,1968,355,180
SLC12A1_GATTCACGAGCAACTCGCAA,SLC12A1,515,126,158
SLC12A1_TCCTGGATTGTTGGAGAAGC,SLC12A1,1038,462,734
SLC12A1_ACGAATGGAGTAGTAAGAGG,SLC12A1,513,419,309
SLC12A1_CTTTGGGCCACGCTTCACAA,SLC12A1,1676,708,949
SLC12A1_TTCATCAGCCCGTACTGACA,SLC12A1,2245,265,470
SLC12A1_CACTTTGGGTGCGCTGACAA,SLC12A1,1028,371,367
SLC12A2_GAGCCAGAGCCGTTTCCAGG,SLC12A2,440,259,84
SLC12A2_CCCAACGTGAGCTTCCAGAA,SLC12A2,1839,1121,891
SLC12A2_TCATGGATTGTGGGTCAAGC,SLC12A2,1295,584,746
SLC12A2_AACTGCAACAGCGTTGGCAA,SLC12A2,712,350,606
SLC12A2_CCTCAGTCAGCCATACCCAA,SLC12A2,723,704,330
SLC12A2_CTAGTGCTCTCTACATGGCA,SLC12A2,2292,497,118
SLC12A3_AGGTGCTGCTGTGGGTCAGG,SLC12A3,359,130,125
SLC12A3_TTGACCCAGCCGAAGCGCAC,SLC12A3,1347,148,85
SLC12A3_CCCTGGATTACGGCCCAGGC,SLC12A3,367,346,598
SLC12A3_AGCCATCTCCACCAATGGCA,SLC12A3,1180,123,146
SLC12A3_TTTCGCTTTCGCCAATGCCG,SLC12A3,492,204,389
SLC12A3_GCCTTGATCAGCACATACCC,SLC12A3,774,177,297
SLC12A4_TGTCAAACTGGTCCCGGGAC,SLC12A4,1309,46,233
SLC12A4_GACGTGTCATGAGCACCCGA,SLC12A4,537,22,120
SLC12A4_AACCACACCGTTGGTGGCGA,SLC12A4,391,256,168
SLC12A4_CAGCTACACCAACCTCACCC,SLC12A4,1383,618,1135
SLC12A4_CCCAATGTGCAGGATGCCAA,SLC12A4,1941,307,187
SLC12A4_TCACTTCACCGTGGTGCCAG,SLC12A4,576,166,74
SLC12A5_GGTCTGCGACCGAATGCCGG,SLC12A5,355,33,12
SLC12A5_ACGGACTGCGAGGACGGCGA,SLC12A5,85,76,28
SLC12A5_AACAGCACCGACACAGAGAA,SLC12A5,1224,877,539
SLC12A5_GAAATGAGACGGTGACCACA,SLC12A5,477,152,295
SLC12A5_CCAAGGGCGTGATTGTGGAG,SLC12A5,709,317,271
SLC12A5_GATCCGATGACAATTACCCA,SLC12A5,671,70,123
SLC12A6_TAGCCAATCCAGGAATGCCC,SLC12A6,856,141,58
SLC12A6_TGCGTCATCACTGTGAAAGA,SLC12A6,1519,990,885
SLC12A6_ACAACCTTGACCTACTAACC,SLC12A6,1914,416,501
SLC12A6_AGAAATGGACACCAGACCGA,SLC12A6,1129,390,273
SLC12A6_TAAGGTAGAGGACCCAGAGG,SLC12A6,406,19,46
SLC12A6_TCGAGAGCTGAGGTCCGGAC,SLC12A6,585,304,228
SLC12A7_GATGCCGTAGGCCTTGACGC,SLC12A7,220,150,51
SLC12A7_TGCGGCCATCTTCCAGGCGG,SLC12A7,1294,453,206
SLC12A7_CCACGATCCACGTCAGGCGC,SLC12A7,1136,451,253
SLC12A7_GGCCAGCTTGTTGAGCAGCG,SLC12A7,508,234,486
SLC12A7_ACCTCGACATTGTTGAGGAA,SLC12A7,720,187,122
SLC12A7_CACGGTGAAGTTGGTGGGCA,SLC12A7,1397,633,249
SLC12A8_CGAGATGCCAACAGCTGCCA,SLC12A8,775,130,226
SLC12A8_ACGCTGCCCGATTACAGCCC,SLC12A8,455,196,246
SLC12A8_GGTGGGTTCTTTCACCCACC,SLC12A8,0,9,13
SLC12A8_AAACACATAGAGCAGCCCGA,SLC12A8,226,95,94
SLC12A8_CAGGCTCCCACATGAACAGC,SLC12A8,773,238,271
SLC12A8_CTTCCATGAGGCAGCCCAGC,SLC12A8,1095,282,279
SLC12A9_AGGTGAGCTCTCGCTGGCCA,SLC12A9,1156,269,147
SLC12A9_ACCAATGGAGCCGTGCAGGG,SLC12A9,967,247,349
SLC12A9_AGTCATGATCAGCCGCACAC,SLC12A9,778,773,646
SLC12A9_TGCTGTTGAAGCCGGTGAAG,SLC12A9,860,927,570
SLC12A9_TGCCTGTACAGCCGTTAAAG,SLC12A9,832,636,696
SLC12A9_GACGAAGAAGGTGTAGGCGA,SLC12A9,785,51,199
SLC13A1_CTATGGTTTAGTCGAGACCC,SLC13A1,321,110,334
SLC13A1_AGTAGAATGATAAGGGCAGC,SLC13A1,163,147,133
SLC13A1_AGTATTCCTTACCCTGGAAC,SLC13A1,479,265,152
SLC13A1_CAACACCTCGACGGCTGCCA,SLC13A1,667,202,28
SLC13A1_AGCAAAGCTGTTACCGACAG,SLC13A1,650,391,523
SLC13A1_GCCCATCGTCCTCCACACCA,SLC13A1,1416,404,835
SLC13A2_GGTAGGAGCGATAGGCCCAC,SLC13A2,0,109,38
SLC13A2_GGAAGAGGGCAGTGACGGCC,SLC13A2,635,59,183
SLC13A2_CCATCCAGTTTCGAGAGCCC,SLC13A2,1535,336,225
SLC13A2_TGGCTTGCGAGCTGTGCAGC,SLC13A2,1358,276,269
SLC13A2_TCACGTCTGCCTCTTCGGAG,SLC13A2,90,0,0
SLC13A2_GCGTCATCCAGACCGAGCAC,SLC13A2,1247,249,408
SLC13A3_TTTCTTTCCGCAGTGTGACG,SLC13A3,389,332,228
SLC13A3_GAGTCAGCCGGCAGATCCAG,SLC13A3,562,116,200
SLC13A3_CGGCCTACACACTGTGCCCA,SLC13A3,1256,396,385
SLC13A3_CCACATGGACAAGAACGAGG,SLC13A3,1108,736,435
SLC13A3_CCTGTTCTTACCTGGCCGGC,SLC13A3,571,149,99
SLC13A3_GAGGCGTTACCTTGGGCGGG,SLC13A3,964,250,134
SLC13A4_AGGTGGTGAACTTTGGCACC,SLC13A4,897,358,252
SLC13A4_CACCACTCTGATGCACAACG,SLC13A4,4238,1316,1374
SLC13A4_GGGCAACTCCAACACCGAAG,SLC13A4,1159,148,212
SLC13A4_TAAGCGCATTGCTCTGCGCA,SLC13A4,535,432,349
SLC13A4_ACCGGAGGACTCCGAAGAAC,SLC13A4,2216,423,532
SLC13A4_GCAGCTTCCGGACTCGGAGC,SLC13A4,491,94,177
SLC13A5_AGAACCACAGGATGACCAGC,SLC13A5,360,119,37
SLC13A5_TGGTGATGCTGCTGTTCGCC,SLC13A5,37,264,246
SLC13A5_CTCACTCGTTCATCTGGCCC,SLC13A5,1446,341,420
SLC13A5_ACAAGCGCAGCCACCGAGGC,SLC13A5,286,417,480
SLC13A5_GAGTCCAGAATCTGGAAGAG,SLC13A5,887,80,167
SLC13A5_GGTGACGAACAAGATCACGA,SLC13A5,652,60,136
SLC14A1_TGCCAGGGCCAAGCTTAGCC,SLC14A1,1389,256,207
SLC14A1_TTTCGCCATGTCAAGGGAGA,SLC14A1,260,249,116
SLC14A1_TCAATGAACTGGAGCACCAC,SLC14A1,1090,278,214
SLC14A1_CATGAGTACTCCCACCAGGG,SLC14A1,1250,175,146
SLC14A1_TCAATGTACCTTTCAGCCAC,SLC14A1,457,215,554
SLC14A1_GCTGTGATAATCCATGGACA,SLC14A1,1819,284,334
SLC14A2_CAGAGTTTACCAGCCCGAGC,SLC14A2,2922,839,499
SLC14A2_TTTGGCCTGCTGAGTCCCGA,SLC14A2,411,74,120
SLC14A2_CTCTCGCCTTGGGCCAAGAC,SLC14A2,900,547,728
SLC14A2_CCCATGGAGTCCTGAGGCAA,SLC14A2,1579,405,641
SLC14A2_CACCGCTGGGTAACTTACCA,SLC14A2,1329,582,277
SLC14A2_GATTGTCACAGCCATACACC,SLC14A2,358,232,22
SLC15A1_CTCGGTACTTACATGCCAGA,SLC15A1,869,461,455
SLC15A1_GGTGGCTGCCATCGTGCAGG,SLC15A1,303,88,100
SLC15A1_GAGTAAGGCATTTCCCAAGA,SLC15A1,774,281,227
SLC15A1_GGGCAACATCATGGGTAAAG,SLC15A1,846,410,419
SLC15A1_AGATCAGTTTGAAGAGGGCC,SLC15A1,165,52,66
SLC15A1_TATGGTAGATGGCGGTGGAC,SLC15A1,1298,151,171
SLC15A2_ATCTAAGGACTCACCGGAGA,SLC15A2,235,99,247
SLC15A2_TCCCAACCACGAGTCAGCAA,SLC15A2,1722,543,738
SLC15A2_ACCAATACTGGGAGGACAAG,SLC15A2,757,200,310
SLC15A2_AGCTCCCTGCATTGATGGAC,SLC15A2,979,92,148
SLC15A2_ACATTCCAAAGCGACAGCAC,SLC15A2,1028,199,115
SLC15A2_TGGATGTAAAGGCACTGACC,SLC15A2,903,104,69
SLC15A3_GGACAGCAGTGCCACTAGGC,SLC15A3,108,168,171
SLC15A3_TCCACCAGGAGTCCTGGAGA,SLC15A3,959,60,136
SLC15A3_CGATCAAGCGGTCCTTCAGA,SLC15A3,149,42,86
SLC15A3_ACCTCTCGTCGGCCAGCACG,SLC15A3,1693,217,372
SLC15A3_AAACCAGTTGAAGAAGCGGC,SLC15A3,370,61,270
SLC15A3_CGCGGGCATCTCTCCGCAGA,SLC15A3,712,189,58
SLC15A4_CCAATGGCGTGCCCACCAGC,SLC15A4,713,163,248
SLC15A4_ATGGTAGACGACGTTGCCGA,SLC15A4,317,160,79
SLC15A4_TGTCCTTCAGAGGGATGAGC,SLC15A4,195,145,139
SLC15A4_AGCAAGGCCGACGCAGACAG,SLC15A4,1050,628,362
SLC15A4_CAGGCGCCGTGCAGTTGAGC,SLC15A4,48,171,280
SLC15A4_TCGGCCAGCCAGCCTCCGAA,SLC15A4,369,293,368
SLC15A5_AAAGGTGTTTACTCACGGGC,SLC15A5,345,262,254
SLC15A5_ACTTGGAGTGGCGGAAACAC,SLC15A5,1712,354,206
SLC15A5_AATCAGGTAGAAACAGGGCA,SLC15A5,530,224,248
SLC15A5_AAGAGCCATCGTCTGTCCAC,SLC15A5,325,123,167
SLC15A5_CTCTTACGCCTCCAATGCCA,SLC15A5,1215,50,276
SLC15A5_GCCAAGCTTGATAGTGCAAA,SLC15A5,1109,766,759
SLC16A1_GGTCACCAATCCCACAGCGC,SLC16A1,648,172,192
SLC16A1_TACGGAGCTGAGCCACCCGA,SLC16A1,175,122,78
SLC16A1_TCTTTGGATTTGCCTTCGGG,SLC16A1,329,90,93
SLC16A1_GCGGCTTCCGTTGTTGCAAA,SLC16A1,2344,770,772
SLC16A1_TTCGGTATCTTTGGATGGAG,SLC16A1,701,281,448
SLC16A10_CGAGGCGGCTGTCGAGAAGG,SLC16A10,874,182,221
SLC16A10_CACCGACCCGTTGCACCACA,SLC16A10,1116,348,519
SLC16A10_TTTCAAGAAGCGCCTTGGAC,SLC16A10,775,300,103
SLC16A10_AAGGGTTCTGATTGACAGCG,SLC16A10,437,264,407
SLC16A10_AGGGTTACTTCGTGACAAAC,SLC16A10,652,299,413
SLC16A10_GCTTCTTACTATGGATCCAC,SLC16A10,179,36,103
SLC16A11_TCATCTACATAGGGTTGCCC,SLC16A11,466,27,67
SLC16A11_GGATCAAAGAACCAGACAGG,SLC16A11,391,203,135
SLC16A11_CTCTCTTCGCCGCCCACCAC,SLC16A11,1704,427,407
SLC16A11_TCCCACTTCCCTCACCAGCG,SLC16A11,1991,794,1036
SLC16A11_CACTGCGTGGATCAGCGCCC,SLC16A11,861,80,292
SLC16A11_CCGCAGCCTTCGCGATAAAC,SLC16A11,4876,1699,1855
SLC16A12_AAGCTGCAGCTATGGACCAA,SLC16A12,1173,103,253
SLC16A12_AAGCGCTGATGACAAAGAGG,SLC16A12,234,39,94
SLC16A12_GGTATCGCCATGTCAGGAAG,SLC16A12,483,151,87
SLC16A12_TTACTGACAACACTCCCAAG,SLC16A12,1556,405,173
SLC16A12_AGGATTACGCACAAACGGCA,SLC16A12,465,58,100
SLC16A12_TGTGACTGCCCGTGTGCAGA,SLC16A12,267,122,88
SLC16A13_TTACCGCTTAGATGGCGCGC,SLC16A13,1168,272,250
SLC16A13_TGTGGCGGCGTTTGAGGAGC,SLC16A13,180,335,290
SLC16A13_TCCAGTCATCACCACGGGCC,SLC16A13,1036,300,226
SLC16A13_ATGCCTCCAGTCATCACCAC,SLC16A13,491,128,58
SLC16A13_CAACAGTGTAACGGAGGAAG,SLC16A13,1029,321,224
SLC16A13_AGTTGCCTGTCACATCCCGG,SLC16A13,370,50,83
SLC16A14_CCGTTGATGCACACGTACGC,SLC16A14,2162,914,857
SLC16A14_TGACAGTCTTCAGAATCCGG,SLC16A14,722,90,225
SLC16A14_GACAGTCTTCAGAATCCGGA,SLC16A14,295,4,7
SLC16A14_CTGCCCACCATGACCACCGC,SLC16A14,2170,532,1120
SLC16A14_ATTCCACGTTGAGGACACCC,SLC16A14,472,100,53
SLC16A2_TTTGCAGCGCCATCGCGGCG,SLC16A2,1049,565,610
SLC16A2_CGCCAAGTGGAGTTCCAAGC,SLC16A2,1649,973,733
SLC16A2_AGAAGATCATACCCATCGCG,SLC16A2,1856,464,503
SLC16A2_TCCCGTAGGTGAAGTAGCGC,SLC16A2,883,290,334
SLC16A2_TCAGATGAAGTATGTGGAGG,SLC16A2,845,220,168
SLC16A2_GCCCACCAGCTCAAATGCAA,SLC16A2,557,228,414
SLC16A3_GACGAAACAGCCGAAGAGCA,SLC16A3,681,181,18
SLC16A3_TCCCGTAGAGCATGGCCAGC,SLC16A3,46,4,4
SLC16A3_ATCCAGGTCTACCTCACCAC,SLC16A3,870,2139,320
SLC16A3_GCGGTTCAGCATGATGAGCG,SLC16A3,142,38,56
SLC16A3_CAGCGCTCACCTCCCGAAGG,SLC16A3,1243,354,171
SLC16A3_TGTACGTGTTCATCCTGGCG,SLC16A3,1551,315,292
SLC16A4_GACAGTACTACGCAGAAGGC,SLC16A4,770,144,210
SLC16A4_CAAGGACAGTACTACGCAGA,SLC16A4,893,147,391
SLC16A4_TTTGTCTGCACATGGTCCAG,SLC16A4,1064,228,38
SLC16A4_AGCTATTGCCCGTTCTGGGA,SLC16A4,617,56,125
SLC16A4_GCATCATGCTGAAGAGGGAG,SLC16A4,1099,129,168
SLC16A4_GAAGAGGCATCATGCTGAAG,SLC16A4,766,29,129
SLC16A5_CAGGCCCTGGAGCGTGCAGA,SLC16A5,747,0,165
SLC16A5_ATCCTGCTGTGAAGTAGAGC,SLC16A5,496,66,15
SLC16A5_GCCGCAGGATGTCGAAGGCC,SLC16A5,204,20,196
SLC16A5_CAGGACAGTGAAGAGTCCCA,SLC16A5,506,43,151
SLC16A5_CTTCTACGCCCTGCAGAAGA,SLC16A5,563,390,273
SLC16A5_TGAGTGGCTCTTATGGCCAA,SLC16A5,315,17,119
SLC16A6_GGCCGCCTCCTTCTCACAAG,SLC16A6,1380,488,714
SLC16A6_GCTACTTGTCAGCACCGGGA,SLC16A6,292,113,109
SLC16A6_GATTGCTCAGGACTGTGGCG,SLC16A6,789,151,351
SLC16A7_ATGCTGGCTGTTATGTACGC,SLC16A7,1803,391,232
SLC16A7_TAAATACGGCAGCCGGCCGG,SLC16A7,198,66,39
SLC16A7_GGCCTCCTTTAGTAGCAGCG,SLC16A7,309,316,402
SLC16A7_CATGAGGGAACCAGCCACAC,SLC16A7,1984,50,194
SLC16A7_TGTGACAAGTCCGACGGCAC,SLC16A7,484,178,221
SLC16A7_CACAATTGTGACAAGTCCGA,SLC16A7,829,103,73
SLC16A8_CAGAACCAGAAATAGAGGCG,SLC16A8,526,272,426
SLC16A8_GGTGTTGCTCGTGGAGGCCG,SLC16A8,472,122,123
SLC16A8_CGAAGCCCACGATGGACAGC,SLC16A8,496,183,388
SLC16A8_GGTCACGAGGATGCTGGACA,SLC16A8,1053,385,215
SLC16A8_TCACGAGGATGCTGGACACG,SLC16A8,3484,516,500
SLC16A8_GCTAGCCATGCTCTACGGCA,SLC16A8,10,3,0
SLC16A9_CTTGTTGCATGTATCCCAAG,SLC16A9,1118,444,448
SLC16A9_GGCAAATGGAATTGCACACA,SLC16A9,563,177,73
SLC16A9_GGATACTGGCTGACTTCAAG,SLC16A9,1082,284,393
SLC16A9_GCGCTTGGCCTGATTTCAAC,SLC16A9,1929,603,1122
SLC16A9_CAAGCCAACTCCACTTGCCA,SLC16A9,1370,407,269
SLC16A9_TGGGTTGGATCCCTGGCAAG,SLC16A9,732,309,504
SLC17A1_CTTAGGATCCGGAATCCGCC,SLC17A1,932,70,53
SLC17A1_CTAATACTTGCTGGTGCAAC,SLC17A1,968,644,534
SLC17A1_AGACACCAAAGATTGCAGGA,SLC17A1,2019,458,226
SLC17A1_TATCAGACTTCTTCCTGACC,SLC17A1,0,75,36
SLC17A1_CACATCCTCCCTGGTCCAGC,SLC17A1,899,340,228
SLC17A1_ACTTCAGCCGTGTATGCAAA,SLC17A1,997,613,637
SLC17A2_GACAGCTCGTCCAGGAGAAC,SLC17A2,949,370,387
SLC17A2_CCTGTTGAGCCAGTGAGGAC,SLC17A2,1382,406,409
SLC17A2_TTTCAGGGAATGGCATGGAC,SLC17A2,903,282,187
SLC17A2_GGTTCGGACAGTCCAGGGCA,SLC17A2,508,311,577
SLC17A2_GAGCATTGCGATCATCGCCA,SLC17A2,342,86,76
SLC17A2_TGGACGGGAAGCCTGCCACC,SLC17A2,511,0,0
SLC17A3_TCCGCAAGAGAGCGTCAGCA,SLC17A3,1643,454,613
SLC17A3_AGCATAGCTTTGATGGGAAG,SLC17A3,1410,319,142
SLC17A3_AATGAAGCCACCTATGAGGA,SLC17A3,348,93,96
SLC17A3_ATACTGACAATGGCTCCCAG,SLC17A3,882,300,97
SLC17A3_AGGCCACCAAATGAGTCAAC,SLC17A3,887,221,170
SLC17A3_GAACGCACAAGATATGCAAG,SLC17A3,918,242,187
SLC17A4_TTGTTCAGTCCGACATGGGC,SLC17A4,1100,80,55
SLC17A4_AATCCGGAGGACAATGAGCA,SLC17A4,1524,621,617
SLC17A4_TCCTCTGCCAGACCATAGGA,SLC17A4,1083,286,236
SLC17A4_TCCAGGACTGTTCACCAGGC,SLC17A4,1327,511,823
SLC17A4_CAACAAACGGCAAGGCAGAC,SLC17A4,1642,245,542
SLC17A4_GCCGAGCAGATGTGCAGGAC,SLC17A4,1222,1074,1179
SLC17A5_ACGAAGGAGCAATATCCAGA,SLC17A5,1118,238,160
SLC17A5_TGTCAGCAGCTTGACCAGAC,SLC17A5,1390,640,955
SLC17A5_CTTCACAGAAGTCAGTGCCG,SLC17A5,1451,763,561
SLC17A5_CTGCAGCAATGGGAGTGAAC,SLC17A5,1999,739,752
SLC17A5_TAACGAGCAGAGCAGCACAC,SLC17A5,2152,391,669
SLC17A5_TTCCGGGCCAGGTCTCGAAC,SLC17A5,603,86,414
SLC17A6_CCTAGAGGTGCCCGAGAGGA,SLC17A6,179,119,245
SLC17A6_AGCCAAATTCAACTGGGACC,SLC17A6,870,251,381
SLC17A6_ACCTCTAGAGAGGAGTAGAC,SLC17A6,211,169,175
SLC17A6_GGCATTCTTGTGCAGTACAC,SLC17A6,151,144,30
SLC17A6_GCTTGCAGGAAGCTTTGGAA,SLC17A6,1557,390,210
SLC17A6_TTGCAAACTTCTGCAGAAGC,SLC17A6,1366,834,1288
SLC17A7_TGAGTACTGCACAAGGACCC,SLC17A7,742,244,209
SLC17A7_AGGCGACTCCGTTCTAAGGG,SLC17A7,966,136,608
SLC17A7_GACACAGCCATAGTGGACGC,SLC17A7,59,89,68
SLC17A7_TCTCTGGATCCCAGCTGAAC,SLC17A7,1308,444,585
SLC17A7_ATAACAGCACGACCCACCGC,SLC17A7,972,90,117
SLC17A7_CGCCACCATGGAGTTCCGCC,SLC17A7,321,288,470
SLC17A8_CATTGCTATCATGAGTGGGC,SLC17A8,927,187,266
SLC17A8_AAGATTGCACCGGATCCCAA,SLC17A8,164,196,140
SLC17A8_GCCAGTCGGCTTCTCTCCAA,SLC17A8,1186,190,247
SLC17A8_CTGCTGACAAGAGACCCACC,SLC17A8,1407,433,504
SLC17A8_CGGTGCAATGACCAGGCACA,SLC17A8,1124,577,772
SLC17A8_TGTGTTCCTCATAGCTGCCC,SLC17A8,284,6,31
SLC17A9_GACCCTGACAAGCAGGCGCC,SLC17A9,0,108,131
SLC17A9_GGACTTCGGCTGGAACAAGA,SLC17A9,444,238,165
SLC17A9_GACTTACCCAAACTGGGAGC,SLC17A9,768,190,23
SLC17A9_CACGTACCACACCCAAAGCA,SLC17A9,2556,1268,1302
SLC17A9_TGTCCTGGCCCAAAGCCGGC,SLC17A9,60,206,164
SLC17A9_CTCGAAGAAGGTGGGCAGCC,SLC17A9,1860,818,830
SLC18A1_TGCAACCCAGAAGCCCACGA,SLC18A1,2268,739,618
SLC18A1_CTCCCAGGTCCATCCACCGG,SLC18A1,2249,496,763
SLC18A1_AGGTGTGGCGTAGATCCACC,SLC18A1,170,24,64
SLC18A1_GATTAGGGAACACAGCCACC,SLC18A1,724,16,58
SLC18A1_GCCAATGAGGTAGGACACAC,SLC18A1,706,553,358
SLC18A1_TACGCTTTCTTCAACAGCCA,SLC18A1,1403,364,264
SLC18A2_GCGCCAGGAACACGATGAAC,SLC18A2,2221,348,552
SLC18A2_TCAGACCGCCACACAGCACA,SLC18A2,1846,705,577
SLC18A2_GGGAATCGCCTTGGGAGGCC,SLC18A2,490,518,158
SLC18A2_ATAGAGCACACTCCCGAAGG,SLC18A2,858,119,201
SLC18A2_CGCTTACCTCTGGCTGCACC,SLC18A2,1259,504,167
SLC18A2_AGACCATGTGTTCCCGAAAG,SLC18A2,1482,607,482
SLC18A3_GGTGTTGGCCGTGTAGGCGC,SLC18A3,161,203,199
SLC18A3_GGTGGGTTCGAGGAAGGCGA,SLC18A3,70,14,12
SLC18A3_TCGAACCCACCATTGCCACG,SLC18A3,1702,588,788
SLC18A3_AGCACATGAGGCACGAAGGC,SLC18A3,936,376,71
SLC18A3_CGTCTACCTCACCGTGCGCC,SLC18A3,643,55,277
SLC18B1_CCCTAAGAGCATGTAGCACC,SLC18B1,873,51,204
SLC18B1_CATAGGACAGTGCCATACCC,SLC18B1,2076,124,280
SLC18B1_ACTAGTCCCACATATCCAGC,SLC18B1,156,7,51
SLC18B1_GCTGAGTGAGTTGATGACGA,SLC18B1,451,326,353
SLC19A1_CAGGATGGACACACTTCAGA,SLC19A1,232,174,201
SLC19A1_GGCGGAGCACAGAGTGCAGG,SLC19A1,397,57,56
SLC19A1_CTCACGTGGCGATGGGCACG,SLC19A1,1584,873,895
SLC19A1_TCTTCTTCAACCGCGACGAC,SLC19A1,1113,436,259
SLC19A1_ATGCTCCATTCATTCGGAGG,SLC19A1,1197,293,190
SLC19A1_TTCATGGCGCAGATACGGCC,SLC19A1,1284,161,273
SLC19A2_CATAACACTGACTGCACCAC,SLC19A2,2443,277,327
SLC19A2_TAGATAGCAGCATAGCGAGA,SLC19A2,292,126,114
SLC19A2_TATCTACAGTGTGGTGGACC,SLC19A2,542,166,142
SLC19A2_ACACAGGAAACAGTAGCACC,SLC19A2,792,221,409
SLC19A2_CAAGAACCTGACCGAGAGGG,SLC19A2,1049,287,115
SLC19A2_CGGACAAGAACCTGACCGAG,SLC19A2,1205,309,230
SLC19A3_AAAGTACGACATGTTCGCCA,SLC19A3,1698,382,377
SLC19A3_AACGTACCCACCTTGACACC,SLC19A3,763,662,206
SLC19A3_CAGTGATCCAGGTGTCAAGG,SLC19A3,1393,771,551
SLC1A1_CACAATAGCGGCGACAGCCA,SLC1A1,1320,259,299
SLC1A1_CCCTTCAGGTGTTGCTGCAC,SLC1A1,1291,147,215
SLC1A1_CTGGTGGTGAGCATCAAGCC,SLC1A1,877,833,751
SLC1A1_CTGGGAAATATTCCGCAAGC,SLC1A1,977,541,800
SLC1A1_GCGGGAGAATTACAATGGAG,SLC1A1,3,2,1
SLC1A1_GAGTGATCCTCTTGTCCACC,SLC1A1,0,136,146
SLC1A2_TAATGGTTGCTCCAACAGGA,SLC1A2,565,219,286
SLC1A2_ATAGGCCTCATCATCCACGG,SLC1A2,457,134,118
SLC1A2_GGTGCCGGAGGAGACTAAGA,SLC1A2,223,71,62
SLC1A2_CTGGGTTACCTGTTGAAAGC,SLC1A2,2050,494,592
SLC1A2_CCTGCGCCTGTGTGACAAGC,SLC1A2,1216,565,370
SLC1A2_AGACCATGGCATCTACGGAA,SLC1A2,1207,267,300
SLC1A3_GCTCATTCTGTATGGTCGGA,SLC1A3,159,23,33
SLC1A3_CTGTTTGCCTCCACCAGGAA,SLC1A3,3326,576,731
SLC1A3_GGTAGAAGCCTGCTTTAAAC,SLC1A3,394,87,213
SLC1A3_GACTCTTACCCGAATCACAG,SLC1A3,370,269,46
SLC1A3_CAGGAAGAGAATACCCACGG,SLC1A3,1958,346,507
SLC1A3_CGTAGGAGCCACCATTAACA,SLC1A3,2819,1159,1084
SLC1A4_GGTGGACTCTTTCCTCGACC,SLC1A4,115,0,19
SLC1A4_CCACAAGATTGGAGGGAAAC,SLC1A4,1749,819,798
SLC1A4_TTCCCTCAACGAGGCGACGA,SLC1A4,225,104,47
SLC1A4_CCACGATCTTGCTTCCAACA,SLC1A4,3730,2013,1544
SLC1A4_CGCGGCCACACACTGGAAGA,SLC1A4,1954,724,401
SLC1A4_GCGTCCAGTGTTGGAGCAGC,SLC1A4,615,303,469
SLC1A5_CGCCGATGGGCAGGATGAAA,SLC1A5,2424,950,1233
SLC1A5_CCCAAGGCCGTACCTGGAAG,SLC1A5,1459,309,171
SLC1A5_CAGCGCCACACCAAAGACGA,SLC1A5,1264,555,440
SLC1A5_ACTCTACCACCTATGAAGAG,SLC1A5,445,264,264
SLC1A5_CTGAGGACTCACTGAGCGAA,SLC1A5,1935,293,324
SLC1A5_GATCCTCCTCGAGACTCCAA,SLC1A5,66,40,20
SLC1A6_CAATGCCGGCATGGAGGAAC,SLC1A6,818,197,307
SLC1A6_CAAGACGCAGTACAGCACGA,SLC1A6,1303,606,964
SLC1A6_TGTGGAGGCCTGCTTCAAAC,SLC1A6,1663,612,618
SLC1A6_TCCCTGGACAACAAGGCCAC,SLC1A6,1260,116,63
SLC1A6_GGTGAGCTGATATGGGCGCA,SLC1A6,680,53,45
SLC1A6_TCTGCTGACGGTCAGCGCCG,SLC1A6,233,0,38
SLC1A7_CGATGTGGTTGTTCTCCAGC,SLC1A7,688,241,340
SLC1A7_GAAGCCCAGCTTCTTGCCGA,SLC1A7,523,99,120
SLC1A7_GGTCATGAAGATCGTGGCGG,SLC1A7,822,142,64
SLC1A7_CCATGTGCAGAACTTCGCCC,SLC1A7,1832,185,299
SLC1A7_GGCAAGTCCGGACATCAAGC,SLC1A7,113,128,121
SLC1A7_GACCTGTGGTGAGAGGCGCC,SLC1A7,532,128,60
SLC20A1_TGCTACATCATTGGCTCCCA,SLC20A1,902,177,270
SLC20A1_GGAGGATGAATGCACGAACC,SLC20A1,1053,408,312
SLC20A1_GCTCGCAAACCATTAGGAAC,SLC20A1,1169,307,296
SLC20A1_ACATCCCACCGAGATGAGGA,SLC20A1,824,425,238
SLC20A1_TTCCTCTTTCAAGTCCACGC,SLC20A1,821,196,216
SLC20A1_TGAACAGAAGGGCGAAGAAA,SLC20A1,1316,327,379
SLC20A2_GGGCGGCGTGGAGATGAAGC,SLC20A2,166,368,158
SLC20A2_ATCTTACCGTATGCAGCCCG,SLC20A2,1305,307,479
SLC20A2_TCGTGTGTCCGTGGATGCGG,SLC20A2,1190,257,532
SLC20A2_GCCCGGAGGCCATTGGGAAC,SLC20A2,1187,423,637
SLC20A2_AGCAATCAGCTGCCACACAG,SLC20A2,2228,584,441
SLC20A2_CAACTCCTTTGGTACAGCCG,SLC20A2,1347,364,435
SLC22A1_GCGCAAAGGCAGCCGACAGC,SLC22A1,649,425,315
SLC22A1_TCCAGGAGTCAGCACACACC,SLC22A1,2011,494,287
SLC22A1_GGACATGTAGTTGGGCGAGA,SLC22A1,672,262,233
SLC22A1_TCACTGGCGCTGGCTGCAGC,SLC22A1,643,247,350
SLC22A1_TTGTGATAACAGCCACCGAG,SLC22A1,1138,343,248
SLC22A1_CCGCTCTGGTCGAAATCCCG,SLC22A1,1381,206,384
SLC22A10_GAAGCATCTGAAATCTCCCA,SLC22A10,6,64,11
SLC22A10_TAGGTGGCCATGTCTCAGAC,SLC22A10,557,352,515
SLC22A10_TGGCTTATGTCTTCCGAGAC,SLC22A10,487,975,1017
SLC22A10_ATCCACCATGCAGGAGGAGC,SLC22A10,134,243,89
SLC22A10_GCCAACACGTTTGTGCCCAA,SLC22A10,804,199,228
SLC22A10_GACATGCCAAAGCCACACGC,SLC22A10,1403,665,546
SLC22A11_TGGACACACATGCTGGACAA,SLC22A11,760,826,623
SLC22A11_GGAGGAAGCCGATGCTGAGC,SLC22A11,126,230,136
SLC22A11_GGACTGGAGGACTCTCCAGC,SLC22A11,464,40,86
SLC22A11_CTTAATAATCAGCCACCGGG,SLC22A11,481,150,185
SLC22A11_GGAGCACGGGCACGCAGAAC,SLC22A11,2445,578,1007
SLC22A11_AACCCGCCTGGATGGTGCGG,SLC22A11,156,11,58
SLC22A12_CCGGCGGGATGGAAATAGCC,SLC22A12,512,271,221
SLC22A12_TCCCAGCCAGGTAGATGGAC,SLC22A12,186,428,409
SLC22A12_AGCGGAACAGGCAGTACACG,SLC22A12,2240,348,892
SLC22A12_TGATGGAGTGGACGGCGGCA,SLC22A12,1337,252,351
SLC22A12_GGTGGCTGCCATCAACGGAA,SLC22A12,146,188,96
SLC22A12_GGGCATCTACCAGCACAACG,SLC22A12,533,463,373
SLC22A13_GGGTGGCCGGAACATGAGGC,SLC22A13,255,77,101
SLC22A13_GGTGCTTCCGATCACAAACC,SLC22A13,605,40,32
SLC22A13_GGCCATGTAGAGCTCAAAGC,SLC22A13,280,439,639
SLC22A13_CGCAAGCACCATCTGCCCGA,SLC22A13,694,137,657
SLC22A13_GATACAACTGATCCAGAAGG,SLC22A13,343,258,196
SLC22A13_CTGTCTTCTCTGGGACCAGC,SLC22A13,448,84,197
SLC22A14_TGCCAACCTCCTGGATGCGG,SLC22A14,1263,698,388
SLC22A14_GAATCCAGATTCCAAGGCAC,SLC22A14,411,111,35
SLC22A14_AGTGGTTAGTGGGTGAGCAC,SLC22A14,517,63,19
SLC22A14_TCCTTCAAATCTGCTGGACG,SLC22A14,358,43,162
SLC22A14_CCACACACAGCTCATCACCA,SLC22A14,4172,937,1666
SLC22A14_ACACAGTGACAGTGGCGGCC,SLC22A14,661,185,72
SLC22A15_GGGCCACGCCATCCTACCAC,SLC22A15,715,423,378
SLC22A15_AGCTTTCAGATCGCTTCGGA,SLC22A15,147,401,264
SLC22A15_CTCCATTCATCATGCCCACC,SLC22A15,1044,559,475
SLC22A15_CGCTGTACCTCATTGCCAAG,SLC22A15,2072,552,863
SLC22A15_GAATCTCTATGAGGCCAGAC,SLC22A15,337,160,355
SLC22A15_CCCACCAACTCGGGAGAACA,SLC22A15,3185,1021,1326
SLC22A16_AGTTGCTAGCCGTTTCCCAA,SLC22A16,821,68,78
SLC22A16_GGTCCACAGAGAACGGCGCC,SLC22A16,127,6,25
SLC22A16_ATGCACACGAAGGTGTAGGC,SLC22A16,0,182,83
SLC22A16_CAGGATACTTGGTCAGGACC,SLC22A16,661,115,397
SLC22A16_TTGTGGCCCACAAGACCACC,SLC22A16,310,66,48
SLC22A16_GGTCACAGACCAGGTTCCAC,SLC22A16,425,56,16
SLC22A17_GATGTTGCGGTAGTTGAGGA,SLC22A17,526,43,118
SLC22A17_AGTGAAGCGGCAGATTGAGG,SLC22A17,373,182,109
SLC22A17_TCGCCAATCCTTAGAGACAA,SLC22A17,2177,658,665
SLC22A17_TCTGCTTGCCGGTGTTGACC,SLC22A17,360,398,245
SLC22A17_ACCCAGGAACAGGTAGCCGG,SLC22A17,825,112,49
SLC22A17_GGTCGGTACTGGTGGCGACA,SLC22A17,385,179,206
SLC22A18_TAAGCAAGATGACCGAGGAC,SLC22A18,702,274,390
SLC22A18_TCAGTACCTGTCTCGGAAAC,SLC22A18,649,284,236
SLC22A18_GAGCGCCAAGGCAGCCAGGA,SLC22A18,611,272,235
SLC22A18_CTCACCCGTACGCGGAGACC,SLC22A18,1822,443,584
SLC22A18_TCAGGTCGAACACACTGGCC,SLC22A18,338,386,274
SLC22A18_CATCTGGAGGAGCCCGAAGA,SLC22A18,619,41,178
SLC22A18AS_GCCCTAAATCCTGCAAGCGC,SLC22A18AS,684,259,160
SLC22A18AS_CCCTAAATCCTGCAAGCGCG,SLC22A18AS,223,331,377
SLC22A18AS_TCCGAGGAGAATGCAAAGGC,SLC22A18AS,1777,395,585
SLC22A18AS_CCAGTTATCTTGCACACAAG,SLC22A18AS,2010,283,597
SLC22A2_TGTTAGTGAGCCGGTAGACC,SLC22A2,974,272,280
SLC22A2_GGATTTCTTCTACTCTGCCC,SLC22A2,40,38,5
SLC22A2_GCATACCTGAGTCTCCCAGG,SLC22A2,1038,223,166
SLC22A2_GCGGAGATATCGGAGAACAG,SLC22A2,2182,615,495
SLC22A2_CTCTCTTACCTCGGTGACGA,SLC22A2,625,237,342
SLC22A2_GCCCACGTAGATGGGCGCGA,SLC22A2,388,80,73
SLC22A23_CTTCATGATCCTCACCGCCC,SLC22A23,1932,242,126
SLC22A23_GAAGGTCTGCATCGTGAAGG,SLC22A23,446,73,159
SLC22A23_GGGTGGCCATTAGCCACCGG,SLC22A23,15,32,88
SLC22A23_CTGCCAATCCCGGCACAGGG,SLC22A23,698,302,250
SLC22A23_CCATATGCAGGGTCGGCCGG,SLC22A23,1840,578,661
SLC22A23_TGAAGCCGATGAACAGCGCC,SLC22A23,258,2,264
SLC22A24_GCCATTAAGGTCATCAACAG,SLC22A24,1305,330,505
SLC22A24_TGTGAGATCCACCATGAAGA,SLC22A24,1189,407,336
SLC22A24_ACATTCTTTGCCTGTAAGCG,SLC22A24,853,237,515
SLC22A24_GGCAATGTCCACTCTAAGCC,SLC22A24,623,197,189
SLC22A24_AGGTGTTAGAGATGGCCAGC,SLC22A24,160,210,206
SLC22A24_TGATACCGGGACCCTCAGCA,SLC22A24,1858,845,482
SLC22A25_CAGGGAGCAGTATACGAGGA,SLC22A25,704,148,292
SLC22A25_AGGTGCCTACAATGGCGAGC,SLC22A25,803,225,207
SLC22A25_CCTAGATCAAGTTGGAGGCC,SLC22A25,636,148,30
SLC22A3_CACCATGCCCTCCTTCGACG,SLC22A3,3533,539,709
SLC22A3_CCTTAGGCTATGCAGCAGAC,SLC22A3,503,935,798
SLC22A3_AAGCGGAAGATCACAAACAC,SLC22A3,1665,798,617
SLC22A3_TCTTCCGAGTAATCAGCCAA,SLC22A3,74,89,141
SLC22A3_CTGGTAAGAACGCAGTGACA,SLC22A3,1241,406,397
SLC22A3_GGGAAGACTAGGGATAACCA,SLC22A3,336,84,27
SLC22A31_ACCCGAGTCACCTGGAGAAA,SLC22A31,1259,505,598
SLC22A31_TAGGCGCCTGACCTGTAGCC,SLC22A31,359,190,335
SLC22A31_TGGCTGCGCTTGTGCAGGAC,SLC22A31,1222,157,120
SLC22A31_TGGTCCTGCGCCTACTCCAC,SLC22A31,314,84,183
SLC22A31_ACCTTGTGTGTGGAGACGGC,SLC22A31,463,195,297
SLC22A31_GACCGATGGAGCAGGAGGCG,SLC22A31,992,218,92
SLC22A4_TGTCAGTCGTGTTCCTGGCG,SLC22A4,2618,1012,909
SLC22A4_GAGCACGCCTACGAAGAACA,SLC22A4,536,154,60
SLC22A4_GAAGCCAGTCTGTACAGCCA,SLC22A4,637,143,240
SLC22A4_CAATATTCCGAGTCCTGAAC,SLC22A4,1116,323,271
SLC22A4_AGCCAGGCTGTAATGTAAGC,SLC22A4,1391,750,972
SLC22A4_CCACCGCCATGTTCCTGACC,SLC22A4,913,638,584
SLC22A5_GGTCGCTATCAGGAACACGG,SLC22A5,591,70,92
SLC22A5_CAGCACACCCACGAAGAACA,SLC22A5,2921,1120,1059
SLC22A5_GCTGTTTGTCCTTGTAGGCA,SLC22A5,1068,245,274
SLC22A5_TGGTGGCGCTGACGATGCCG,SLC22A5,763,116,312
SLC22A5_GGCAGAGGTGATCATCCGCA,SLC22A5,282,16,37
SLC22A5_TCGAACCTGGAATATCCGGA,SLC22A5,556,113,320
SLC22A6_CGATGCCTGGCCTTTGCCCA,SLC22A6,618,400,368
SLC22A6_TCTTCATTGAGTCGGCCCGC,SLC22A6,991,143,248
SLC22A6_CGTAGGCCACACCAGCCAGG,SLC22A6,2087,165,264
SLC22A6_CTTCCGGCTCCTCTCGGGCA,SLC22A6,1282,327,230
SLC22A6_TGTTCGGCTACCTTGCAGAC,SLC22A6,1900,603,686
SLC22A6_GCCAACCTCAGCAAGAACGG,SLC22A6,147,579,389
SLC22A7_GGCACATCGGTGGGCAGGCA,SLC22A7,868,242,349
SLC22A7_CCTTTGGATATCTGTCCGAC,SLC22A7,424,116,147
SLC22A7_TACCATCATCGTGATGCCAC,SLC22A7,486,243,251
SLC22A7_ACCTGATACGGGACTGGCGA,SLC22A7,1155,100,110
SLC22A7_GCACGCTGGCTTCTGACCCA,SLC22A7,561,244,340
SLC22A7_GCTGTGAGCAAAGTGGCCGC,SLC22A7,653,202,13
SLC22A8_CACAAAGGTGAGAGCCAAGA,SLC22A8,888,421,444
SLC22A8_GGTGTACTTGGCCTTGGCCA,SLC22A8,103,14,58
SLC22A8_GGCCCTGAAGATACTCCGGC,SLC22A8,1231,87,110
SLC22A8_GGGCAGAATGAACTGGCCAA,SLC22A8,541,224,130
SLC22A8_CTGAGATGCCAAAGCCACAC,SLC22A8,1755,407,824
SLC22A8_CGGCTGTGAAGATCTGCAGC,SLC22A8,947,123,163
SLC22A9_CAACACAAGTGACGCAGACA,SLC22A9,1863,734,584
SLC22A9_TAGGCGGTCATTTATCAGAC,SLC22A9,848,426,295
SLC22A9_AGACTGGCATATCCTCCAGC,SLC22A9,1158,284,133
SLC22A9_TGCCAGAGACACCCTAACCC,SLC22A9,2549,253,335
SLC22A9_TTACCTCGTAAAGGACAGGA,SLC22A9,396,143,305
SLC22A9_GGCTCCTGCTATATTAGCAA,SLC22A9,326,210,267
SLC23A1_CAAGCTGCTGGCGACCGAGC,SLC23A1,1006,58,154
SLC23A1_GCACCCACGGATACGGGAGG,SLC23A1,1215,195,178
SLC23A1_AACCAGAAATGCAAAGGCAC,SLC23A1,641,313,76
SLC23A1_TGTGGGCCACGACCAGCACA,SLC23A1,574,20,26
SLC23A1_CTTAGGCTCTGTGGGTAGCG,SLC23A1,969,592,634
SLC23A2_CCATACTTTGTGCTGTCGGG,SLC23A2,923,163,149
SLC23A2_ATCTCTTGTTGCAGATCCAG,SLC23A2,471,2,221
SLC23A2_AAGACAGGATGGCTCGAGCA,SLC23A2,1244,259,258
SLC23A2_GAGCTCTCTCGCTGAGACCC,SLC23A2,262,51,78
SLC23A2_CTCATTGTCCTGCTCACCGC,SLC23A2,1297,1063,1326
SLC23A2_AGAAGGCAAATACGAAGACG,SLC23A2,1936,351,430
SLC23A3_CTACCTGTGCTGAACAGGAC,SLC23A3,1653,329,648
SLC23A3_GCAGGCTGGATCTCAGCAAG,SLC23A3,946,298,241
SLC23A3_AAAGGCCAATTCCACTCACC,SLC23A3,864,48,163
SLC23A3_GGTGGTCTGTTCTCAGCACC,SLC23A3,1,69,132
SLC23A3_CAGAGAGCCCTGCCACAACC,SLC23A3,1748,467,462
SLC23A3_CCAGGTGTCTGGATGGCCCG,SLC23A3,1676,421,646
SLC24A1_GCCGTCCACATTCATGACAA,SLC24A1,1357,508,412
SLC24A1_CTGTAGCTCATCCACCGCAA,SLC24A1,1378,398,255
SLC24A1_CTCCCTCGGGTCAGCAAGGA,SLC24A1,1104,812,899
SLC24A1_ATTTGCAGTTCGCCTTGCCA,SLC24A1,482,156,68
SLC24A1_TCTCCCTTGATGTCTGGAAC,SLC24A1,1581,290,596
SLC24A1_CAGCCACAGTGGGAACACGA,SLC24A1,2409,391,657
SLC24A2_CTAGGAGAACGCTCACCACC,SLC24A2,1000,489,329
SLC24A2_AGTGTCATAGTGGCCCGGAA,SLC24A2,1119,322,339
SLC24A2_ACCACAGACCGCTGATGAGG,SLC24A2,636,46,147
SLC24A2_GCTAAGCCGCGTCTCCAGCG,SLC24A2,198,207,72
SLC24A2_GACTCGCCTTCCTTAGAAAG,SLC24A2,807,126,94
SLC24A2_AAGTGGCCCTAGGGTAGCAC,SLC24A2,372,259,312
SLC24A3_TCAGCAGAAGGTCCCTCCGG,SLC24A3,835,439,186
SLC24A3_AGCAAGAACTGCACCGAACC,SLC24A3,1384,1201,463
SLC24A3_CACAGACACCAATGATGCAC,SLC24A3,2129,204,54
SLC24A3_TGATCACTGATGCTTTGCGG,SLC24A3,1407,455,371
SLC24A3_GACATAGAACCTCTTACAGG,SLC24A3,479,70,35
SLC24A3_TAAGACGAAACTCAGCGGCC,SLC24A3,474,111,189
SLC24A4_ACCCACCCAAGCTGCCGAAG,SLC24A4,1218,346,184
SLC24A4_TCCAATAAGGAGCGACAGCA,SLC24A4,1064,360,652
SLC24A4_CAGCCACATCTTCGCTCAGA,SLC24A4,1047,703,384
SLC24A4_ACACGGCCCACCACGTCAGA,SLC24A4,181,257,41
SLC24A4_CATACAAGATGATGAGCACC,SLC24A4,783,97,179
SLC24A4_TAACCCGGTCAACAGTGAGC,SLC24A4,905,174,220
SLC24A5_GGGCCAAACATGGGCGAGAA,SLC24A5,552,575,682
SLC24A5_GCAGATGTGCAGTGGCCCAC,SLC24A5,363,221,265
SLC24A5_CCATCATCGGAGTTTCCCGA,SLC24A5,1324,156,186
SLC24A5_ACGAGACAGGAGCGCAGAGA,SLC24A5,603,1152,326
SLC24A5_CTCCATAGCTTTGGCAAGAC,SLC24A5,2946,1742,1484
SLC24A5_GGCCTTACTTTATTAGCAGC,SLC24A5,8,138,184
SLC24A6_GATCCTCTCAGACTCCGAGG,SLC24A6,263,16,15
SLC24A6_TCTGCACCTGGATCTACCAA,SLC24A6,650,190,184
SLC24A6_CTCACCCAGAGCCCATGCCA,SLC24A6,2130,126,166
SLC24A6_TGACTCCCAGAATCAGAAAC,SLC24A6,1177,640,472
SLC24A6_TGGTCCGGATGAAGTCACAG,SLC24A6,1014,492,267
SLC24A6_CGGGATACTCACGTCTACCA,SLC24A6,836,607,460
SLC25A1_CGGCTTGCAGATCCTGAAGA,SLC25A1,2693,587,465
SLC25A1_CGCACAAATACCGGAACACG,SLC25A1,4031,765,1046
SLC25A1_GATTAAGACCCGGATGCAGG,SLC25A1,536,0,114
SLC25A1_TCATGACCTCCCTGCGCAAC,SLC25A1,1292,565,740
SLC25A1_GAACTCGAACATTCCAAACC,SLC25A1,2051,184,354
SLC25A1_CGGCAGACGGTTCGCAGCCA,SLC25A1,2052,525,680
SLC25A10_TGTCGCACGGCACAGACACA,SLC25A10,1146,142,64
SLC25A10_GGATGTCGGGCTTGTGCCGA,SLC25A10,336,21,54
SLC25A10_CTTCGCCTCGGTCAGGCGGA,SLC25A10,65,22,47
SLC25A10_CAATGTCGCCAAAGCTGAGG,SLC25A10,305,64,17
SLC25A10_TGTCGCGCTGGTACTTCGGG,SLC25A10,1146,49,159
SLC25A10_TGTTTCCCAGGGACAGCCAA,SLC25A10,819,46,129
SLC25A11_CGGGTCTTGGCAATGTCCAC,SLC25A11,770,328,126
SLC25A11_CCAGGGCTGCATCCCTACCA,SLC25A11,2498,451,522
SLC25A11_TAGCCACGGCGCTGGTCAGC,SLC25A11,330,59,58
SLC25A11_GCTGTGATTGGCATGACCGC,SLC25A11,1302,191,306
SLC25A11_GAACCGGATGCAGTTGAGCG,SLC25A11,2248,541,369
SLC25A11_TTGAGTGGCGATGGCGGCGA,SLC25A11,1904,173,229
SLC25A12_CAGATAGGCCTGCCTAACCC,SLC25A12,652,95,141
SLC25A12_TGGAGGAAGTATCTCACACC,SLC25A12,566,162,385
SLC25A12_GCTCATTCATGGAACAGGCA,SLC25A12,1518,529,289
SLC25A12_CTCTTGATAGGAGATCAACC,SLC25A12,1114,372,602
SLC25A12_AGGAGTAGCTGATCAAACCA,SLC25A12,1339,318,356
SLC25A12_GGTGCAGACAACTAAGCGAG,SLC25A12,434,194,217
SLC25A13_CGTCAAGATCCGTTTGCAAG,SLC25A13,3438,1593,1420
SLC25A13_ATGCAGAACCAACGATCAAC,SLC25A13,870,157,325
SLC25A13_ACGGATTGCTCCTCTGGAAG,SLC25A13,2090,540,461
SLC25A13_ATTTGGTCAGGTTACACCCA,SLC25A13,454,275,139
SLC25A13_AGCATTGTCCCGTTGCACAA,SLC25A13,1773,632,1182
SLC25A13_GCGAATCATGGCGGCCGCCA,SLC25A13,205,33,25
SLC25A14_AAGGGTGAAGTTTGCAACGG,SLC25A14,294,175,115
SLC25A14_ACTCAGCCACGATAGAGGCA,SLC25A14,1745,211,207
SLC25A14_TACAGATGCGAAACAGCGCA,SLC25A14,923,319,183
SLC25A14_GATGCTTGTCTTAGCAACGC,SLC25A14,262,12,175
SLC25A14_CGAGTTCGAACCACATCAAC,SLC25A14,920,544,496
SLC25A14_GAACTCGCATGATGAACCAG,SLC25A14,815,353,399
SLC25A15_CCTGAAGACTTACTCCCAGG,SLC25A15,632,222,203
SLC25A15_AGAAGCCACGGAAGCCCACC,SLC25A15,159,122,219
SLC25A15_CTACGGCTTCTGCCAGCAGG,SLC25A15,617,226,356
SLC25A15_CCGAAGAAGAAGAAATAGCC,SLC25A15,664,377,548
SLC25A16_CGCCGACGAGTCACATCAAA,SLC25A16,1684,1876,2033
SLC25A16_CGGACCCTAACCATGTCAAG,SLC25A16,600,179,497
SLC25A16_CTGTACTTACCCTCTTGACA,SLC25A16,1566,314,463
SLC25A16_CGCTCCTTTCTGGCCGGAGG,SLC25A16,1526,115,347
SLC25A16_CTGCGCTCCTTTCTGGCCGG,SLC25A16,620,47,40
SLC25A17_AGCCAAAGCGATTGCCACCA,SLC25A17,1627,389,385
SLC25A17_GGAATCTCGGCTTTATGGAA,SLC25A17,831,209,265
SLC25A17_GCCTGGCACCATATCGAGGG,SLC25A17,1145,244,267
SLC25A17_CGAAGTCTAGCTGTATCCAG,SLC25A17,497,106,540
SLC25A17_TCTCACCACGGCTCCGGCCA,SLC25A17,977,280,256
SLC25A17_CAGGCTTTCGTAGGACAGCA,SLC25A17,1377,847,642
SLC25A18_TCATCAATGGAGGTGTAGCA,SLC25A18,700,697,766
SLC25A18_ATGAAGACGGCTCGGGCGGA,SLC25A18,140,44,73
SLC25A18_CATCTTCCATGAGCAGCCGC,SLC25A18,465,156,151
SLC25A18_TGGGACAGGTCACCACGACC,SLC25A18,422,148,139
SLC25A18_ACCTCCAGGTCCTACACAAC,SLC25A18,1631,281,398
SLC25A18_TGCCACACAGCCTGACACGA,SLC25A18,767,427,386
SLC25A19_ACAGGCCCTTGAAGAAGCCC,SLC25A19,729,44,77
SLC25A19_CAAGACCCTGACATATCCGC,SLC25A19,1008,154,259
SLC25A19_AAGTGGGCCATACCAGCCGA,SLC25A19,257,13,16
SLC25A19_GGGTGCGCAGAACATCCACG,SLC25A19,93,53,54
SLC25A19_GATGCCATGGTACTTTGCGC,SLC25A19,929,64,138
SLC25A19_CGGATCTTGATGACGTCGAA,SLC25A19,400,367,637
SLC25A2_TGATCTCCAGACTGCAGCCG,SLC25A2,1556,619,582
SLC25A2_CTTCTACAAGGGCACCGGCC,SLC25A2,581,162,156
SLC25A2_CGGTGCCCTTGTAGAAGCCC,SLC25A2,439,197,319
SLC25A2_GGCGGCTTGGATGCCAGGAC,SLC25A2,239,97,202
SLC25A20_GGAGTCACATCCTTGTACAA,SLC25A20,1283,480,602
SLC25A20_CTCAAGTCTCGATTCCAGAC,SLC25A20,1859,222,251
SLC25A20_CCCAGCCACCAAGATCCGAG,SLC25A20,1690,495,448
SLC25A20_GAATCATGACTCCTGGAGAA,SLC25A20,764,135,205
SLC25A20_ATTCCTTGCAGGGCATCACG,SLC25A20,635,54,123
SLC25A20_GAGGGTGACCGACGAACACC,SLC25A20,433,68,132
SLC25A21_TACTTGATCTCTCCAGGAAC,SLC25A21,736,168,626
SLC25A21_ACTGCAACTTTGGGACGACA,SLC25A21,910,169,185
SLC25A21_TTGTCTTGCATAACCCACAG,SLC25A21,919,590,662
SLC25A21_TCTCGGCAGATCGTGGCCGG,SLC25A21,546,383,298
SLC25A21_TGAAGTCAGCTTAGTGCGCG,SLC25A21,1810,514,740
SLC25A22_GCGACTTCTCCTCGGACGCC,SLC25A22,1,0,0
SLC25A22_CAATGCCACGGCTCCGCAGC,SLC25A22,685,7,33
SLC25A22_GGTGATCGTGACCACGCCCA,SLC25A22,198,53,15
SLC25A22_CGACATCAGCTCTCTAAGGA,SLC25A22,2608,519,724
SLC25A22_ATCAAGACCGTCCGCTCCGA,SLC25A22,372,116,16
SLC25A22_TCATCAATGGCGGCATCGCC,SLC25A22,237,0,26
SLC25A23_AATACCATTGCCGCGCCACA,SLC25A23,132,59,95
SLC25A23_TGCCGTGTCACGGACAGGCA,SLC25A23,776,282,171
SLC25A23_TGACCATTGACTGGCAAGAA,SLC25A23,2813,1064,938
SLC25A23_CATTTCCATCTCGCTGGAGC,SLC25A23,426,131,12
SLC25A23_TTCCCGCTATCTGCAGGAGC,SLC25A23,716,203,95
SLC25A23_CGAGGAGCTGGACAGTAACA,SLC25A23,1686,1478,998
SLC25A24_ACATAACTGATGCCTACAGC,SLC25A24,761,117,248
SLC25A24_CATAACTGATGCCTACAGCA,SLC25A24,921,640,375
SLC25A24_CGAGTTCTCACCAAAGCCAA,SLC25A24,1039,199,145
SLC25A24_GGTATCCGCTCGCTTTGGAG,SLC25A24,234,102,129
SLC25A24_TCAATCTCTAGAGGAAGCGA,SLC25A24,389,269,244
SLC25A24_TTCCAGGCACTGGACCGCAA,SLC25A24,675,96,170
SLC25A25_CGGCGATGAGGCAGACGAAG,SLC25A25,2006,331,435
SLC25A25_AATTCTCCACCTACCGCCAG,SLC25A25,73,46,80
SLC25A25_CAGTGCCCACTGTGCACCAA,SLC25A25,1457,186,192
SLC25A25_TCTTGACTCCCAAGTCCCGC,SLC25A25,478,49,79
SLC25A25_CTGTCTGTCAGAATACGAAC,SLC25A25,1900,636,313
SLC25A25_AGCACCTTGAGCCTGTCCAG,SLC25A25,614,40,47
SLC25A26_TGACGAGGTCTGAGCGACCA,SLC25A26,1317,169,186
SLC25A26_ACCAGCGCTGCCACGAACCC,SLC25A26,1003,16,87
SLC25A26_AAGGATCCAATAGCAGCAGA,SLC25A26,177,61,63
SLC25A26_AGATGGAACTCGAATCAGGC,SLC25A26,697,88,46
SLC25A26_GATTCGAGTTCCATCTGAAG,SLC25A26,695,118,121
SLC25A26_AGGACTCCCATAAGGGAAAC,SLC25A26,542,314,137
SLC25A27_AATGTCCGTCCCGGAGGAGG,SLC25A27,83,38,125
SLC25A27_GCTCTTGCTCGGTTGGGAGA,SLC25A27,898,261,217
SLC25A27_TACATACCTTGGTACGCAGC,SLC25A27,635,245,251
SLC25A27_CACATATGAACATCTCCGAG,SLC25A27,547,162,546
SLC25A27_GGAATACGAGGGCTTTGGGC,SLC25A27,166,54,215
SLC25A27_GCCAGAACACCATTGACCAA,SLC25A27,429,126,438
SLC25A28_CTCCTGCGCAAGCTCCAGAG,SLC25A28,1027,45,0
SLC25A28_GCAGCCATGAACCCTGCGGA,SLC25A28,585,0,0
SLC25A28_GGCAATAGCCATATTGCCAA,SLC25A28,135,30,57
SLC25A28_ACATTGCGATAGCGGGCAGC,SLC25A28,977,161,293
SLC25A28_CACCATGTGCGTGGTGACAG,SLC25A28,229,15,56
SLC25A28_AGCCACTGTCACCACGCACA,SLC25A28,1740,0,15
SLC25A29_TCACCTATGACGCTCTCACG,SLC25A29,502,191,57
SLC25A29_TGAAGCAGTGCAACGTCCCG,SLC25A29,1920,227,182
SLC25A29_ACGGCTTCAGGTCCAGAGCG,SLC25A29,1432,371,146
SLC25A29_TGTCTTGACCTATGATGAGG,SLC25A29,1230,85,51
SLC25A29_TGTGGGACACCCGTTTGACA,SLC25A29,1067,483,322
SLC25A29_AGCCAAGAAGTCCAGCGCCA,SLC25A29,1572,148,107
SLC25A3_ACCACACGACTGTATTGGGC,SLC25A3,177,80,129
SLC25A3_ACGCCCTTGAGGGAAGGCCA,SLC25A3,530,51,78
SLC25A3_TTCGTGGTTTGGCTAAAGGA,SLC25A3,875,104,299
SLC25A3_TAGCAGCTTCCATAGGAGCC,SLC25A3,277,269,271
SLC25A3_ATCTCGGGTGGAGGAGGGCG,SLC25A3,461,39,60
SLC25A3_TCTGGCATCTCGGGTGGAGG,SLC25A3,1518,427,1166
SLC25A30_CATCAACAGGGTTTGAGGCC,SLC25A30,1028,94,130
SLC25A30_GCGCAGTAAGGGACACACCC,SLC25A30,1365,640,1363
SLC25A30_CAAAGCAACACCATTCAAGG,SLC25A30,1809,495,454
SLC25A30_CTATTCATTGAACGCCCAGA,SLC25A30,526,250,325
SLC25A30_GGAAGCCGTTTGTGTACGGG,SLC25A30,618,67,137
SLC25A30_TGAGAATGTCAGCCCTCAAC,SLC25A30,1648,48,208
SLC25A31_TGACGCCTCATCCTTCGGGA,SLC25A31,1387,266,245
SLC25A31_GGCCAGAAGGTCCTTCCCGA,SLC25A31,594,98,138
SLC25A31_GGCAGCTGTGTCCAAGACAG,SLC25A31,10,98,206
SLC25A31_CTTGACGCACCCTGCTCGCG,SLC25A31,923,423,216
SLC25A31_CAATGTTCTTCGCGGTACAG,SLC25A31,409,190,171
SLC25A31_AATGTTCTTCGCGGTACAGG,SLC25A31,401,120,139
SLC25A32_CGGCGAAGCGGATCTTCACG,SLC25A32,2196,550,350
SLC25A32_CTGATAGCGGGCGTGAGCGG,SLC25A32,1018,136,163
SLC25A32_TCAGGTTCTCATACCGGACG,SLC25A32,284,48,178
SLC25A33_GAACTCACCCGCCGGCGAAG,SLC25A33,1238,199,314
SLC25A34_ACCTACCCACGGCCCTACCA,SLC25A34,853,356,303
SLC25A34_GGCCTCACGCAGCAACCAGG,SLC25A34,337,97,186
SLC25A34_AGACCATCTGGCGGCAGCAA,SLC25A34,1330,180,476
SLC25A34_GGGAGTCATGACGACAACCA,SLC25A34,160,75,134
SLC25A34_AATCAGCCGGTGGACACAGC,SLC25A34,996,272,170
SLC25A34_AGGCCCTTGTAGAGTGCCAG,SLC25A34,275,42,88
SLC25A35_GGTTCCCAGGAGAATCGGGC,SLC25A35,303,134,63
SLC25A35_CTCAGGGCCTCATGTACCGG,SLC25A35,1323,354,407
SLC25A35_CCTTTGATGTGGCCTGCACA,SLC25A35,584,46,84
SLC25A35_CCAAGGACCTCCTGAGCCAG,SLC25A35,1224,343,415
SLC25A35_GGAACTGGTACAAGAGGGCG,SLC25A35,587,131,136
SLC25A35_CTTCATCACCATCGGCAAGG,SLC25A35,2011,867,571
SLC25A36_AATGAGCCAGAGGGACACGC,SLC25A36,101,155,77
SLC25A36_CTGGTGCATCTGTTTGCCGG,SLC25A36,952,234,839
SLC25A36_TGGTGCATCTGTTTGCCGGA,SLC25A36,561,260,265
SLC25A36_AGTCCTCTAAACAAGGAACG,SLC25A36,152,79,26
SLC25A37_CTCGTAGTCCTCCGACCCGG,SLC25A37,1114,279,756
SLC25A37_GCACTCGGTCATGTACCCGG,SLC25A37,951,241,283
SLC25A37_GGAAACAGCCACCTAGCCAA,SLC25A37,647,60,58
SLC25A37_TGAGAACACCCGATCGCAGA,SLC25A37,532,249,182
SLC25A37_GCGGTAATGAATCCAGCAGA,SLC25A37,31,5,5
SLC25A37_GAGCTGGTACACCGTCCGGA,SLC25A37,54,0,0
SLC25A39_AGCCACTGCAGTTCGAACAC,SLC25A39,975,294,470
SLC25A39_AGGTCAGGGCTCGACCACAC,SLC25A39,1111,371,356
SLC25A39_TCGTGAGGCACGAGGGCACC,SLC25A39,282,39,86
SLC25A39_GGACACCATTGCAATACAGG,SLC25A39,607,274,104
SLC25A39_CCAGGTCAGGTACTCACCGC,SLC25A39,1261,371,498
SLC25A39_AAATGGTGGCCTCAGGCACC,SLC25A39,11,0,0
SLC25A4_AGAGCGTCGAGCTGTCACCA,SLC25A4,1019,745,532
SLC25A4_GCTCCAAGCGTGATCACCCA,SLC25A4,834,120,121
SLC25A4_GCTGGTAACCTGGCGTCCGG,SLC25A4,0,52,37
SLC25A4_CGCTGGACTTTGCTAGGACC,SLC25A4,754,313,392
SLC25A4_TACGACGAACAGTGTCAAAG,SLC25A4,474,613,547
SLC25A4_GCCTCTCAGCACATTGGACC,SLC25A4,1034,146,300
SLC25A40_TGCCTTTGCATATGTCAACC,SLC25A40,1681,508,687
SLC25A40_CAACTTACAGGGTAGGAGGA,SLC25A40,949,73,307
SLC25A40_GAGGCAAGCATTTGTTGAAG,SLC25A40,606,66,4
SLC25A41_CCATGCGCGGAGTCCTCCAG,SLC25A41,515,200,254
SLC25A41_CGCACCAGGATGCAGGCCCA,SLC25A41,1482,350,202
SLC25A41_TCGTCTTGGAGGAGTAGACC,SLC25A41,1990,424,336
SLC25A41_TACTCTCAGGAGCTATGGCC,SLC25A41,339,16,53
SLC25A41_CCTGGAAGTGGATAACAAGG,SLC25A41,899,76,170
SLC25A41_CCATACACGTGTGTACAGCC,SLC25A41,473,709,559
SLC25A42_TAATGGTGTGAAGGAAGGCC,SLC25A42,518,117,64
SLC25A42_GGTACTTGCCTTTGATGAGA,SLC25A42,63,9,26
SLC25A42_GGAAGCCATAGTAGCTGCCC,SLC25A42,1,0,12
SLC25A42_TGTCGTTCCAGCCAGTGCGC,SLC25A42,736,133,114
SLC25A42_ACGCTCAAGAGCTTGCACAG,SLC25A42,4021,658,789
SLC25A42_CGCACCATCGTGCGGGAGGA,SLC25A42,512,114,129
SLC25A43_GCCGACTGACAGGCGGCCAA,SLC25A43,9,17,0
SLC25A43_GACGCCAACCTGGGCCAGCA,SLC25A43,629,891,824
SLC25A43_TCCACTGGGAAATGTGGCCC,SLC25A43,545,138,52
SLC25A43_GGCTGGGAGTCTCGCAGGCA,SLC25A43,804,241,939
SLC25A43_CTTCACGGTCTCAAAGGGAA,SLC25A43,190,224,207
SLC25A43_AGTCCACTGCTCCTGAGAAA,SLC25A43,1521,537,485
SLC25A44_GCAACATCCAGATCATCGAG,SLC25A44,964,156,384
SLC25A44_GATCATCGAGTGGGAACACC,SLC25A44,420,71,36
SLC25A44_GATGCTCTGGGCCACAAGGG,SLC25A44,644,54,0
SLC25A44_GACAGCTGATGGCAGAAGAA,SLC25A44,413,443,398
SLC25A44_ACTCAGCCTCCGACCTGAGC,SLC25A44,257,331,288
SLC25A44_AGCTGGTGGACTCGAGACAC,SLC25A44,897,273,182
SLC25A45_ACTGGGAGTCTTCTTCCGGG,SLC25A45,172,12,48
SLC25A45_CGGACTTTGATGAGGTCAAA,SLC25A45,550,236,281
SLC25A45_TCTTCCTAGCGGGCTGCACC,SLC25A45,240,243,371
SLC25A45_CCATGCAATCAACGATGCCC,SLC25A45,1041,32,284
SLC25A45_CAACTCATAATGTCGTCGCC,SLC25A45,650,0,44
SLC25A45_GCAAGCCCAGACAATGCCGG,SLC25A45,10,1,7
SLC25A46_CTGCAAGGTCCTTCAGCACC,SLC25A46,1105,283,408
SLC25A46_CTTCAGCACCGGGTCGGACC,SLC25A46,1358,396,537
SLC25A46_TGAGATGGTAATGCTGAGCA,SLC25A46,535,842,547
SLC25A46_GGACCTAGAGCCCTGTGGAA,SLC25A46,1052,338,213
SLC25A46_GCATCCAACATACTCTGCAC,SLC25A46,14,64,77
SLC25A47_ATCCTGTCTGTTACCTCCGA,SLC25A47,772,85,46
SLC25A47_CAGACGGAGCCAAAGTACAC,SLC25A47,1181,402,376
SLC25A47_CAGGGTTGCCGTACCGGAGC,SLC25A47,212,218,322
SLC25A47_CCGCTTGCAGACGCAGACAC,SLC25A47,1428,734,822
SLC25A47_TCGGCCCTGGTCTTACGGGA,SLC25A47,370,241,186
SLC25A47_CCATGTTGACAGGGAAGGCG,SLC25A47,974,113,54
SLC25A48_CCAGCTGGAAGACTTTGCGG,SLC25A48,1436,409,74
SLC25A48_TGGAAGACTTTGCGGCGGGC,SLC25A48,590,253,77
SLC25A48_CACCCTCAGCTGCATCCGCG,SLC25A48,1468,387,1103
SLC25A48_GGCCTCTTACCGTCCCGAAA,SLC25A48,631,254,154
SLC25A48_TCTCATAGCTGCATAGGGAA,SLC25A48,813,418,185
SLC25A48_CAGCTCGTACCCAAGGAACA,SLC25A48,2495,952,715
SLC25A5_TGGCATCGGGTGGTGCCGCA,SLC25A5,409,65,144
SLC25A52_CACGGACATGCTTCCGGAGA,SLC25A52,853,229,185
SLC26A1_CTCGCAGGAACTTCTGGAAG,SLC26A1,2617,767,487
SLC26A1_CTACTCTGTGCGTGCCAACC,SLC26A1,1506,668,1066
SLC26A1_CTCCGCCAGCGAGATGGAGA,SLC26A1,973,172,182
SLC26A1_GGCCAGCAATGAGTAGGCGA,SLC26A1,867,78,252
SLC26A1_TCGCCTGCCAGGTACTCCCG,SLC26A1,1609,181,414
SLC26A1_TCAGCATCTCACGCAGACCC,SLC26A1,1235,552,314
SLC26A10_GCTCGCGCTTGTTCCGGGAC,SLC26A10,479,196,332
SLC26A10_AAGTGTAGAGTCCAAACACC,SLC26A10,480,59,56
SLC26A10_TGACAGGCTCGGCCGTCGAG,SLC26A10,527,52,117
SLC26A10_GGTCAAGGCGCTGACCAGCG,SLC26A10,272,34,46
SLC26A10_GCGGAGATGGTCAGTTCGGC,SLC26A10,579,44,149
SLC26A10_CTACACTATTGACTCCAACC,SLC26A10,1639,496,862
SLC26A11_CCCAGCGCCGTCACCGAAGA,SLC26A11,1425,1062,618
SLC26A11_GCCAGCAGCACAGCGTAGGC,SLC26A11,272,127,277
SLC26A11_GGTAGGAAATGAAGTCCAGC,SLC26A11,201,62,0
SLC26A11_ACGGCTGAGCCGCACACCAG,SLC26A11,609,234,493
SLC26A11_GAGAAGGGCGGGATCCGGAC,SLC26A11,128,107,152
SLC26A11_TCAGGACATGGGAGCCGGGC,SLC26A11,231,0,18
SLC26A2_GATGTGTACAGACCATAGAC,SLC26A2,497,256,246
SLC26A2_GCCCACAGAGATGTGACGGG,SLC26A2,516,170,168
SLC26A2_TCCTTCCTTCCAGGTAGCGA,SLC26A2,603,91,109
SLC26A2_TTCTGGTGTGGTAACAGCCC,SLC26A2,932,279,114
SLC26A3_AGATTGCTTCGGCATCGCAA,SLC26A3,1315,71,99
SLC26A3_CATCGAAGACACACTTACCC,SLC26A3,1145,211,233
SLC26A3_AATTCGATTGGAATGGGCAC,SLC26A3,632,109,40
SLC26A3_CACTGATGAGGGACTCAGAC,SLC26A3,1531,762,381
SLC26A3_TTCACTACTGGATGACGAGA,SLC26A3,565,162,268
SLC26A3_GGAATCAGTATATTGTGGCC,SLC26A3,102,140,225
SLC26A4_CAGCTACATGGTGTCGCGGC,SLC26A4,357,26,74
SLC26A4_GAGTAGAGACCATATCCGAC,SLC26A4,454,108,64
SLC26A4_CCCACCATTAAACTCACCAC,SLC26A4,2394,462,281
SLC26A4_AACTGCCATACAGACGACAA,SLC26A4,1037,308,385
SLC26A4_CATTTCATATGGAGCCAACC,SLC26A4,260,78,295
SLC26A4_TTACACCATCGATGGGAACC,SLC26A4,668,451,431
SLC26A5_CTTGTTCAGGAGGGAACCGG,SLC26A5,411,128,254
SLC26A5_TTACCTGATTGCCGTCAACC,SLC26A5,1159,245,287
SLC26A5_AACTCTAAAGGAATAGGCGC,SLC26A5,506,47,41
SLC26A5_CTGCTGCGGTGGTAAACCCA,SLC26A5,362,190,109
SLC26A5_TTGGTCTCAGGCATAAGCAC,SLC26A5,824,315,144
SLC26A5_CATTGCGGATAAGCTGAAAC,SLC26A5,968,186,340
SLC26A6_CACAGGCATCTCCTATGGCA,SLC26A6,298,249,206
SLC26A6_GCTGCCCATGCCGATACCCG,SLC26A6,811,248,462
SLC26A6_ACTCCTGACTGTTCCACACC,SLC26A6,1105,181,230
SLC26A6_GCTATAGAGGCCAAACACGG,SLC26A6,642,194,304
SLC26A6_GGCCGGATAACAGGTCACCC,SLC26A6,761,22,202
SLC26A6_TGTGGTAGTCTCGCCTCCGC,SLC26A6,1359,149,119
SLC26A7_GCAGTTCAACAGGTGACCCA,SLC26A7,939,325,388
SLC26A7_ATGGGACATCATGTTGCCAC,SLC26A7,134,29,21
SLC26A7_CTTAATATCAGCCAACGCCG,SLC26A7,1677,717,288
SLC26A7_GGCCATGTTTGTGCTGCAAC,SLC26A7,419,195,350
SLC26A7_AAACATCAAGTCTGTGCGAC,SLC26A7,507,463,361
SLC26A7_CAGCACAGGAGCGAAGACAC,SLC26A7,1061,334,515
SLC26A8_CCTACCCAGCCTGTGGAGGC,SLC26A8,955,195,47
SLC26A8_TTTGCATCTCTGGTAGGCGC,SLC26A8,508,162,274
SLC26A8_GACGACATTGCAAAGGCCGA,SLC26A8,170,18,18
SLC26A8_TATAGCCCATAAGGTAGGAG,SLC26A8,1130,137,85
SLC26A8_GCATAAGCGATGTTGAGAGG,SLC26A8,1905,47,184
SLC26A8_CTGGACGTGGTGTCTGAAGG,SLC26A8,1607,491,480
SLC26A9_TCGTGGGAGAAATCCAACGC,SLC26A9,729,352,368
SLC26A9_CACAATCATCTCTGTAGGGA,SLC26A9,1182,965,775
SLC26A9_CTCACAAAGACGATGGACCC,SLC26A9,3694,493,444
SLC26A9_GCAGACAGATGTTACCCACC,SLC26A9,790,195,444
SLC26A9_CTGCTCGGTGGACTCAGCGG,SLC26A9,553,206,272
SLC26A9_CGACGATGAGTTTGAGAAGA,SLC26A9,2128,436,625
SLC27A1_CGGTCTTGCAGACGATGCGC,SLC27A1,2165,416,234
SLC27A1_CCTCATGCCCACGTCCAGGG,SLC27A1,714,320,172
SLC27A1_CAGCGGTGGCCGAAGTGAGC,SLC27A1,543,253,240
SLC27A1_AATGGCAGCCTTGGGCAGCC,SLC27A1,221,1,46
SLC27A1_CCACGCCTACCGCATGCAGG,SLC27A1,1638,412,98
SLC27A1_TGGCCGAGAATTTCTTGCGG,SLC27A1,1358,180,252
SLC27A2_CTCCAGGAACGCCCGCAGGA,SLC27A2,1382,798,923
SLC27A2_CAGCGCATATGGTATGGAAC,SLC27A2,1880,822,1049
SLC27A2_TCATAAAGTGAGACTGGCAC,SLC27A2,986,303,357
SLC27A2_TATTGCGTCAGAGTTCCCAA,SLC27A2,835,104,123
SLC27A2_TAATGGCTATGCTGGAGCAA,SLC27A2,782,172,247
SLC27A2_TACCTAGTTATGCAAGGCCC,SLC27A2,306,37,21
SLC27A3_TGGGCACAAAGGCAGTGCGC,SLC27A3,803,406,270
SLC27A3_GAAGAGAGGTATCCTGGCAC,SLC27A3,242,51,80
SLC27A3_GAACCGGACATGTGGTAGAG,SLC27A3,1099,210,485
SLC27A3_GGAAGATTGCCAGCAGCACA,SLC27A3,620,708,317
SLC27A3_GGAGACATATGGACTGACAG,SLC27A3,326,292,343
SLC27A3_ATTCGCTATGATGTCACCAC,SLC27A3,690,162,134
SLC27A4_GCTGTCTACGCTGCTGCAAC,SLC27A4,1043,304,498
SLC27A4_ATCCCAAGTAGAGGAACAAC,SLC27A4,1138,121,40
SLC27A4_TCGAGGGCACAGATACCCAC,SLC27A4,259,200,209
SLC27A4_GCCTCCAAGCACAGAACACC,SLC27A4,1060,218,229
SLC27A4_CCGCCATCGTGGTGCACAGC,SLC27A4,1355,744,984
SLC27A4_GCGGAATCCATAGTACACCA,SLC27A4,612,479,351
SLC27A5_TGAGCTGGTGCAGTTCGACA,SLC27A5,965,392,230
SLC27A5_GACATTCCTGTAGCAACCAG,SLC27A5,339,242,66
SLC27A5_CCTAATCTTAGAGCCTCACC,SLC27A5,470,18,127
SLC27A5_AGTCCCATCACGTGGTACAG,SLC27A5,923,241,322
SLC27A5_CTAATGGGCACCCTCACCAG,SLC27A5,3279,466,379
SLC27A5_CTCAGCACAGAGTGCGCCAG,SLC27A5,276,71,105
SLC27A6_AGGCGCGGATGCAATTCAGG,SLC27A6,625,86,116
SLC27A6_AGAGCCCTAGTGGTGGGCGC,SLC27A6,94,265,166
SLC27A6_ACATGGTGGCTGCGTGGCAC,SLC27A6,1075,335,490
SLC27A6_GCTGCTGAACTATGATACAG,SLC27A6,1383,318,636
SLC27A6_TGAACCCATGAGAAATGAGC,SLC27A6,578,147,25
SLC27A6_AATCGTGGACAAGCATAAGC,SLC27A6,421,184,243
SLC28A1_TGGACTCTCTTCGTCTCGAG,SLC28A1,1701,565,611
SLC28A1_TCAAGTCACTCCTAGGGAGC,SLC28A1,1264,287,346
SLC28A1_CTGTTTCGATGGATCGGCAC,SLC28A1,1257,452,247
SLC28A1_GGGCCCTCTGGAAATCCAGG,SLC28A1,38,18,81
SLC28A1_AGTACCTCCCTCAGATCACC,SLC28A1,131,3,74
SLC28A1_ACACCAGTTGCTCAGGCCGC,SLC28A1,447,283,186
SLC28A2_TGACGCACAAGGACACAGCC,SLC28A2,1093,576,573
SLC28A2_CTTGAATTTCCAGAGGGCAC,SLC28A2,357,432,226
SLC28A2_TCTGAACTACCCATTGCACA,SLC28A2,1340,267,554
SLC28A2_CTGTATTCTTCTAGGTCGCC,SLC28A2,556,176,251
SLC28A2_CCTCCTTGGACTCACCCACG,SLC28A2,1662,909,358
SLC28A2_AGAGTGGACAGACTGTCCAA,SLC28A2,395,98,103
SLC28A3_ACATGTTTCCAAACCAGGAC,SLC28A3,1452,278,554
SLC28A3_TCCACGCCATCATGACCGCC,SLC28A3,1007,247,232
SLC28A3_TTGATTCTAAGGACTGACCC,SLC28A3,895,178,258
SLC28A3_CAAATTGGGTCAACAGCAGC,SLC28A3,479,105,47
SLC28A3_ACCACTTCAGCCAGAACCAA,SLC28A3,826,85,112
SLC28A3_AGCTGAGGGCTACAGCAACG,SLC28A3,1156,414,387
SLC29A1_GCTCAGTTCAGCAGTGACCA,SLC29A1,901,247,249
SLC29A1_TGCCCAGGATCCGTACGGAC,SLC29A1,1361,580,746
SLC29A1_AGCGCAGATCATGGCCACGG,SLC29A1,2429,442,122
SLC29A1_CTCCATTTACTCACCAGGCG,SLC29A1,2319,506,663
SLC29A1_GCTCAAGCTTGAAGGACCCG,SLC29A1,48,87,40
SLC29A1_GCATCGCAGGCAGCAGCACC,SLC29A1,911,432,161
SLC29A2_CCTGGGATGATTTATTGGCC,SLC29A2,1404,313,123
SLC29A2_GGACATGAGGATGCCCACAC,SLC29A2,933,424,223
SLC29A2_TGGTGCCCAGCTGCCCGAAG,SLC29A2,1231,150,200
SLC29A2_GACAGCAGCGCTGGTCAAGG,SLC29A2,141,94,122
SLC29A2_ATCCTGAGCACCAACCACAC,SLC29A2,2002,192,175
SLC29A2_ACGCCGCCAGGAGTCTCACC,SLC29A2,863,40,127
SLC29A3_GCATTGGCAGTCTACTGCCA,SLC29A3,321,10,29
SLC29A3_CCAACTTCCTGCTTGTCAAC,SLC29A3,2501,631,805
SLC29A3_ACGGATGTGGACTGCAACCC,SLC29A3,931,129,196
SLC29A3_GGATGACCGTCAGTGAGGCC,SLC29A3,495,70,96
SLC29A3_TGATGTGAGGAACAGCGCCC,SLC29A3,378,49,101
SLC29A3_CCTTCTAGATGAGGTGCACC,SLC29A3,60,234,103
SLC29A4_CCAGCTTCTACGGGTACACG,SLC29A4,3758,706,604
SLC29A4_GCTGCCCAAGCGGTACACGC,SLC29A4,413,83,63
SLC29A4_GCCCAAGCGGTACACGCAGG,SLC29A4,317,58,40
SLC29A4_CGGATCTCAGACTCGAGGCC,SLC29A4,1178,391,164
SLC29A4_GCGGATCTCAGACTCGAGGC,SLC29A4,69,176,132
SLC2A1_CACAACCCGCCATGCCAGCG,SLC2A1,422,465,467
SLC2A1_CTCCACGAGCATCTTCGAGA,SLC2A1,801,610,464
SLC2A1_CAGTGCTAAAGAAGCTGCGC,SLC2A1,343,170,194
SLC2A1_CGGTTGATGAGCAGGAAGCG,SLC2A1,1189,388,415
SLC2A1_TTTCGAGAAGCCCATGAGCA,SLC2A1,1712,487,338
SLC2A1_CACTGAGAGGGACCAGAGCG,SLC2A1,153,194,312
SLC2A10_GCCCGATCGGGACTTACCCA,SLC2A10,212,16,212
SLC2A10_AGCCACCAACCAGGGAGGCG,SLC2A10,2461,228,373
SLC2A10_CATGCGAGGCCGGACCACAG,SLC2A10,2511,239,160
SLC2A10_CTCACCAATGAGATCGAGGA,SLC2A10,1206,727,270
SLC2A10_GGTCAGTCCGTAGAGCAGGA,SLC2A10,784,144,155
SLC2A10_GCGGCTGTACGGGATGCCAG,SLC2A10,701,245,163
SLC2A11_GATGAGAGCGCTCCGAAGAC,SLC2A11,346,20,101
SLC2A11_AGTGCTGCGGCAGAGGCGGA,SLC2A11,441,119,0
SLC2A11_ATACCATTCTAGATCGCAGG,SLC2A11,679,102,85
SLC2A11_ACCAATGCCGGCAGCGCAGA,SLC2A11,395,16,53
SLC2A11_CTTCCCAGCGTGATGGCCAA,SLC2A11,863,209,263
SLC2A11_CTTTGCGGCTGAATCCAAAC,SLC2A11,701,298,250
SLC2A12_TAGATCTTATTGGCCTGCCA,SLC2A12,71,45,19
SLC2A12_TGGGATCAGAGGACGAGCCA,SLC2A12,1040,186,505
SLC2A12_GCTTCCGAGTCCAAGCAGGC,SLC2A12,947,117,170
SLC2A12_AGCCCTGAGCTGCCATGAGC,SLC2A12,792,292,361
SLC2A12_GCTCACTTTACCTCTCGCCC,SLC2A12,781,197,292
SLC2A12_CCAGTCTGCTGAACCAGAAG,SLC2A12,1985,477,370
SLC2A13_GGCTGATAGCACAAATCCCA,SLC2A13,102,123,158
SLC2A13_AGTCTGGCTTGTTGAGAAGG,SLC2A13,1662,292,102
SLC2A13_GGGACTTGCAGCAGTTCCGG,SLC2A13,209,139,18
SLC2A13_AATACCCTCTTCATCACAGG,SLC2A13,1170,47,38
SLC2A13_GCTGGCTGCGGCCAACAACA,SLC2A13,535,271,225
SLC2A13_GCCACCACGTACACGAAGGC,SLC2A13,5,332,224
SLC2A2_AAACTCAGCCACCATGAACC,SLC2A2,577,278,247
SLC2A2_AAGTCCCACTGACATGAAGA,SLC2A2,713,158,217
SLC2A2_GGATGGCTCGCACACCAGAC,SLC2A2,569,282,285
SLC2A2_CACCGATATACATAGGAACC,SLC2A2,1699,109,193
SLC2A2_CATTCCACCAACTGCAAAGC,SLC2A2,2114,384,368
SLC2A2_TGTGATCAATGCACCTCAAC,SLC2A2,1177,514,346
SLC2A4_CCTATCTGTTGGAAGCCCGA,SLC2A4,332,14,134
SLC2A4_CCAGTCACTCGCTGCTGAGG,SLC2A4,966,165,983
SLC2A4_GGAGGAAATCATGCCGCCCA,SLC2A4,296,16,41
SLC2A4_TATCGGCATTCTGATCGCCC,SLC2A4,422,121,195
SLC2A4_ACATCATCCAGAATCTCGAG,SLC2A4,1036,267,182
SLC2A4_CCTGTCAGGCGCTTCAGACC,SLC2A4,1222,183,657
SLC2A4RG_CGCTCACCTCTGCGCTGGGA,SLC2A4RG,103,155,425
SLC2A4RG_CAGCCATGACCTCGTCCAGC,SLC2A4RG,44,120,201
SLC2A4RG_CACTGGAACATGACCTGGGC,SLC2A4RG,1491,257,68
SLC2A4RG_TAGCAACGGTGCTCAGGACA,SLC2A4RG,825,581,415
SLC2A4RG_TCCGATCCTGGAGGACAAGG,SLC2A4RG,1269,75,34
SLC2A4RG_GGCACTTCTTCGCGTCGCCG,SLC2A4RG,376,92,165
SLC2A5_AGAAGGAGCTGCAGCGCCGC,SLC2A5,169,51,209
SLC2A5_TATGTTGGCTCGGGACAGGA,SLC2A5,222,114,250
SLC2A5_CATGAGGGCTCCATTGCGAG,SLC2A5,2839,789,995
SLC2A5_GATCCGATAAACCCTCCAAA,SLC2A5,1402,568,383
SLC2A5_GCTGACGCTTGTGCTTGCCC,SLC2A5,1,22,34
SLC2A5_CAGAGCAAGCATGGAGCAAC,SLC2A5,1087,440,327
SLC2A6_CATGGACCTCGCAGGCCGCA,SLC2A6,276,161,282
SLC2A6_GACAGCGGTGCTGTCGAAGA,SLC2A6,11,65,71
SLC2A6_GGATCTGCTCGAACTCCCAG,SLC2A6,918,114,99
SLC2A6_ATCCGAACACTGCCATGAGC,SLC2A6,5,398,712
SLC2A6_TGATGCTCAGCTTCCGGCCC,SLC2A6,605,192,155
SLC2A6_TTTCAGCTTTGGGTATGCCC,SLC2A6,46,108,332
SLC2A7_GATGAAGCCACAGCGCGACA,SLC2A7,287,92,182
SLC2A7_GCCATCTTGGGCAACCCGGC,SLC2A7,552,14,151
SLC2A7_CTCACTGTCTTTGCAGAAAG,SLC2A7,3425,1030,1162
SLC2A7_TGCTGGTTGATAGCTGCGGC,SLC2A7,664,310,554
SLC2A7_GCGGCGTGTTGACCACAGAG,SLC2A7,1854,681,620
SLC2A7_CACCCATTCCATCCAGGGAG,SLC2A7,336,384,216
SLC2A8_GCCGAAGCTGAGTGGGCCCA,SLC2A8,336,50,82
SLC2A8_CACTAGGGAGGCAACACCGC,SLC2A8,1269,330,434
SLC2A8_TCGCCTACCCAGCAGTCCGG,SLC2A8,994,265,218
SLC2A8_GCTGAGTCAGCAGGAAGCGC,SLC2A8,298,248,195
SLC2A8_GAACTTGGCCTCTTCAAAGA,SLC2A8,304,162,205
SLC2A8_CTCTCATCATGGACAGAGCA,SLC2A8,875,302,428
SLC2A9_AACCTATGCAGAAATCAGCC,SLC2A9,1039,183,197
SLC2A9_TCATTGCAGGCACCGTCAAC,SLC2A9,387,558,682
SLC2A9_CCCAAAGCCACCAATGAGGA,SLC2A9,2177,650,710
SLC2A9_ATACGTCACCTTGAGTACAG,SLC2A9,988,406,205
SLC2A9_GGTCACCGTGATTGTCACCA,SLC2A9,849,176,282
SLC2A9_GGACCACAATCACTCCAAAC,SLC2A9,2199,822,758
SLC30A1_AGAACCTGACCATATGGAAC,SLC30A1,1018,268,365
SLC30A1_GCCAATACCAGCAACTCCAA,SLC30A1,780,73,63
SLC30A1_AGTTGCTGGTATTGGCCACC,SLC30A1,58,190,139
SLC30A1_CGGGAGCAGCGACATCAACG,SLC30A1,4362,3023,3077
SLC30A1_AGCGCTCGATGGCCTCCAGC,SLC30A1,237,173,227
SLC30A10_TCACATTGTGGATTCCCGCA,SLC30A10,1438,419,386
SLC30A10_AGGATACTTGATGTGCAGGG,SLC30A10,472,166,195
SLC30A10_TGGGACCATCTGTAGCAGAA,SLC30A10,1609,791,812
SLC30A10_CAGCACGGCCTCCACGAAGA,SLC30A10,1171,471,770
SLC30A10_GGAGTCGGAGAGCAGCGCGA,SLC30A10,1451,90,266
SLC30A10_GCAGCGCGATGGAGTTGCCC,SLC30A10,97,203,187
SLC30A2_ATCTGCTGCTGTCGGTGGAG,SLC30A2,741,285,312
SLC30A2_ACCCTTCACCAGTCTGGCCA,SLC30A2,1195,547,587
SLC30A2_TGTCCATCTGGGTCGTGACG,SLC30A2,1402,533,397
SLC30A2_TGCTGGCAAAGTCAGTGAGC,SLC30A2,792,135,228
SLC30A2_AGGCTACATACAGCTGGCGC,SLC30A2,813,160,151
SLC30A2_GCCTTACCGGATTGCCGGCC,SLC30A2,164,108,60
SLC30A3_GGTGGATCCAAGGGCACAGA,SLC30A3,271,32,1
SLC30A3_GCCTTTGTGCTGCACCAGGC,SLC30A3,1334,549,603
SLC30A3_TGTGGTAGTCGCTGTGCAGC,SLC30A3,1106,271,219
SLC30A3_ACCTGAACGGTGCCAGCCAA,SLC30A3,443,154,105
SLC30A3_CTGAGAGGCTGCATGCACGG,SLC30A3,1320,1066,986
SLC30A3_TGTCCTACCTCTTCAAACGC,SLC30A3,2516,791,531
SLC30A4_TCTGGGTGTGAACGTAACCA,SLC30A4,1316,342,356
SLC30A4_GGGAGTGACGGTGACCAGAC,SLC30A4,335,290,193
SLC30A4_AACGGCAGCAATGGTCAACC,SLC30A4,668,351,320
SLC30A4_CCCGGAAAGGCCTGTTAACG,SLC30A4,2519,1213,1264
SLC30A4_CGATGACGGTTCCGAAGCCC,SLC30A4,536,459,179
SLC30A4_ATCCGAGAAGTCAAAGGCGC,SLC30A4,1181,161,148
SLC30A5_ATCGGTCCCTTACCGAGCGC,SLC30A5,27,48,12
SLC30A5_TGCTGGTCCTCCTCCAGAAC,SLC30A5,1271,628,621
SLC30A5_TGCCACACCTAAGAAGGCAA,SLC30A5,548,190,145
SLC30A5_CTTTGTTCATAGCCCGAAGC,SLC30A5,1018,458,286
SLC30A5_AGTCTGGGCCTGATCTCGGA,SLC30A5,239,55,0
SLC30A5_ATGCATGGACACAGTGACCA,SLC30A5,1347,278,234
SLC30A6_ACTTGTAGCAGCTGACCGAA,SLC30A6,565,379,347
SLC30A6_TAGAACTGCACCACATAAGC,SLC30A6,1260,247,153
SLC30A6_TTAAAGCTGCTAGTACGAGC,SLC30A6,532,152,303
SLC30A6_TTTAGGACATTGGCTGCAAC,SLC30A6,879,368,316
SLC30A6_GCAACTCAAGGATTGAGGAC,SLC30A6,919,204,260
SLC30A7_TCATCGTCTTTGATGGACAG,SLC30A7,476,257,157
SLC30A7_TGTTCGGCAAGATCTCGGGC,SLC30A7,417,114,82
SLC30A7_CTTGTCGGACAGTATAGACC,SLC30A7,883,160,174
SLC30A7_TCTACGGCATCTGGAGCAAC,SLC30A7,1800,499,344
SLC30A7_GGTGCTCTAGATCAGGCACA,SLC30A7,129,84,8
SLC30A7_CATGATCATGCTCATGGACA,SLC30A7,1268,280,436
SLC30A8_GGCATGTACCACTGCCACAG,SLC30A8,519,129,384
SLC30A8_ATGAGTACGCCTATGCCAAG,SLC30A8,618,315,503
SLC30A8_ACATTTGGATGGCACCGAGC,SLC30A8,1145,106,162
SLC30A8_CGATGATCATCACAGTCGCC,SLC30A8,227,262,228
SLC30A8_CCTACCTTCCATGAGTAAGA,SLC30A8,1253,445,292
SLC30A8_GCACTCACTCACCATTCAGA,SLC30A8,1046,62,82
SLC30A9_ATCGCAGACGGAGCCGGCAC,SLC30A9,1010,143,156
SLC30A9_ACTGATGCTGTTCTGGAGCG,SLC30A9,1824,521,568
SLC30A9_CAATGTCCTTACGGATGAGA,SLC30A9,197,201,261
SLC30A9_AGAAGTAAGGCCCATGCAAG,SLC30A9,2479,438,339
SLC30A9_GAACCTAGGCTGTCATACAG,SLC30A9,1414,733,476
SLC30A9_TCCAGCCAGAACAAGTACAA,SLC30A9,800,500,612
SLC31A1_GAGGCTCTTATGATCACAGC,SLC31A1,81,33,94
SLC31A2_CAGGAGCACCAACACCGAAA,SLC31A2,1404,386,495
SLC31A2_GACCATCGCAGAGACAGACG,SLC31A2,52,41,0
SLC31A2_CTGTTGGCAGAACCCACCAC,SLC31A2,2113,293,613
SLC31A2_TCTAATCCATGTCATCCAGG,SLC31A2,1255,41,43
SLC31A2_CGATGACCACCTGGATGACA,SLC31A2,2000,587,594
SLC31A2_TGAAGTAGCCGATGACCACC,SLC31A2,424,114,157
SLC32A1_GGACTTGTTGGACACGGACG,SLC32A1,1377,249,251
SLC32A1_CTCGACTTTGAGCACCGCCA,SLC32A1,1472,380,596
SLC32A1_GATGGACATCCTGAAAGCCG,SLC32A1,622,92,98
SLC32A1_GGAGAATGAAGACGGCGAGG,SLC32A1,585,90,30
SLC32A1_TGCATATTGCCCTCCAGCGA,SLC32A1,1809,451,583
SLC32A1_CGCTCGTCGCCTACCTCACC,SLC32A1,1436,814,733
SLC33A1_CAATTCGGTGGGCCAAACAG,SLC33A1,1482,824,377
SLC33A1_GGATGCTTCCCGCCAAGCCC,SLC33A1,320,140,177
SLC33A1_GATGCTTCCCGCCAAGCCCA,SLC33A1,357,89,99
SLC33A1_AAATGCTGCTTAGTTCGGCC,SLC33A1,290,92,63
SLC34A1_AGGGCTGGGCACGTAGGCAA,SLC34A1,1420,391,292
SLC34A1_TAGTCCTACACAGGATCCCG,SLC34A1,404,40,8
SLC34A1_TGAGCAGCATGGCGCCAGCC,SLC34A1,1028,176,181
SLC34A1_TCTGCACCAGCACGGTCACC,SLC34A1,106,130,240
SLC34A1_TCGTGGCCCTGATGCAGGCG,SLC34A1,820,355,153
SLC34A1_TAGCCAGTGGCAGCCTCCAG,SLC34A1,995,102,378
SLC34A2_GCATCTCCCAATTCAGGCCA,SLC34A2,609,139,221
SLC34A2_GAAGAGTGGGTAGGTTCCAG,SLC34A2,462,97,138
SLC34A2_TCTTAGTAGCGCCTTCCAGC,SLC34A2,717,20,22
SLC34A2_AACGTCCATCGTTGTCAGCA,SLC34A2,1124,490,393
SLC34A2_TATTGTTGCGCTCATGCAGG,SLC34A2,146,92,213
SLC34A2_TAATGGGTGGCCACCTCCAC,SLC34A2,211,23,55
SLC34A3_TAGGTCAACCGCGTCCAGAG,SLC34A3,1234,396,290
SLC34A3_TGAAGGACACAAGCCAGCCC,SLC34A3,116,1107,539
SLC34A3_TGAAGAAGTACAGGCTGCCG,SLC34A3,1055,66,92
SLC34A3_CTCCTCCATCGTGGTCAGCA,SLC34A3,794,966,1143
SLC34A3_TAGCCTCTCCAGCAGGGCCG,SLC34A3,321,30,90
SLC34A3_AGCACTGGTGCGGCACCACG,SLC34A3,704,183,290
SLC35A1_CAGTACACGGAATCTTCAAC,SLC35A1,1096,434,243
SLC35A1_CTGGAGTTACGCTTGTACAG,SLC35A1,3285,1632,1127
SLC35A1_GCTGGCGTCTACTTGTCAGA,SLC35A1,348,1,106
SLC35A1_CACATACAAGAAGAGTACCC,SLC35A1,719,123,210
SLC35A1_GACACTACATCCATCCAACA,SLC35A1,1344,563,504
SLC35A2_CCACCACAGGTTGCTCACCA,SLC35A2,2359,602,1037
SLC35A2_GCTGCGATTCAGCATGAGCA,SLC35A2,138,87,20
SLC35A2_CCTAGGTAACGTGAAGCACC,SLC35A2,1216,95,162
SLC35A2_CTGCTCTTCGCACAGAAGAG,SLC35A2,1175,211,399
SLC35A2_GCAGACTGTCTCACCCGCAC,SLC35A2,422,229,197
SLC35A2_CCGATGAAGCTCTGTAGGGA,SLC35A2,500,372,473
SLC35A3_GCCGCAGGAACTTAAAGAAA,SLC35A3,774,190,219
SLC35A3_AAATTACTAGGGACAGCCAC,SLC35A3,341,18,105
SLC35A3_AGGGATATAACCGACTGACC,SLC35A3,560,47,77
SLC35A4_GAGTAGCATCAGGGTCCAGC,SLC35A4,558,75,224
SLC35A4_AAGGGAGCAGCCTGGCGCCA,SLC35A4,449,268,43
SLC35A4_GAGCAGGGCTGATAGTGCGA,SLC35A4,893,103,137
SLC35A4_CGGGAGCCTGCTATGCAGCA,SLC35A4,1349,600,752
SLC35A4_CTAGGTCTGCATGCTGGCGG,SLC35A4,1503,363,625
SLC35A5_TGAACAGGAGGCGTCTAAAC,SLC35A5,708,244,496
SLC35A5_GGCGTCTAAACTGGATCCAG,SLC35A5,118,0,17
SLC35A5_CAGTCACATCCGTCTTGGCA,SLC35A5,1072,475,654
SLC35A5_TAACCTGGGCCATCAAGACA,SLC35A5,1887,139,182
SLC35A5_AGGGCCTGAAGTCAAAGACC,SLC35A5,404,81,29
SLC35B1_TCAAGCACTCACCTGACCCA,SLC35B1,1284,0,0
SLC35B1_ATGCGGGCTCATTACCAAAC,SLC35B1,687,65,60
SLC35B1_CGGGTACTTCTTCTTCAAGA,SLC35B1,1717,141,187
SLC35B1_TATCTCCTATCTGGGTGCCA,SLC35B1,253,0,0
SLC35B1_AATAGCAGACAAAGACACCC,SLC35B1,162,0,0
SLC35B1_TCCAGCCGGACATCGCCGAC,SLC35B1,762,51,273
SLC35B2_CACCCTCAAACCTTCTGCAC,SLC35B2,519,64,257
SLC35B2_TTCTGCACAGGAGACTCAAC,SLC35B2,572,208,96
SLC35B2_TGTGTTTGGCAATGAGCCCA,SLC35B2,706,10,205
SLC35B2_CAAACACACAAGCTTTCACC,SLC35B2,771,139,223
SLC35B2_GCCTGAAGTACTGCACCAGG,SLC35B2,835,173,188
SLC35B2_TCCTGGTGCAGTACTTCAGG,SLC35B2,658,82,172
SLC35B3_TTTGCTCCTACAGTGACAAC,SLC35B3,598,411,423
SLC35B3_GCATAACCATAGGTCCGAAC,SLC35B3,1532,258,585
SLC35B3_GGCATCTGCACATAGTGCCA,SLC35B3,260,30,44
SLC35B3_CAGAAGGAGCGTTCGAGGAA,SLC35B3,944,447,346
SLC35B3_AGGCCGGTATGTCACCCGGA,SLC35B3,1812,243,166
SLC35B4_GGTAGAACCACATGATGGGC,SLC35B4,56,0,5
SLC35B4_GACGAAACCCGGAAGTGGAA,SLC35B4,167,297,185
SLC35B4_TCTTCTGATGTCAGCAAGGA,SLC35B4,750,501,375
SLC35B4_CATTCTCACTCAAGCTGGAC,SLC35B4,1248,348,436
SLC35B4_CACGCTCACGGTGAAGAACA,SLC35B4,1620,581,379
SLC35B4_TGCAGCAGCCTGCGAACACC,SLC35B4,705,559,393
SLC35C1_GCGGTCCAGGATCCTGCACA,SLC35C1,184,10,6
SLC35C1_TGCCGATGAAGACCACCGAC,SLC35C1,706,254,282
SLC35C1_GAGCAGCACGTTGAAGACGG,SLC35C1,1057,158,140
SLC35C1_GCTAGCCAGCACGCCGAAGA,SLC35C1,783,172,161
SLC35C1_TGGCGTTGAGCGAGACACAG,SLC35C1,950,184,253
SLC35C1_CAGATGCTGCCGTCCACCGC,SLC35C1,199,229,178
SLC35C2_CAAAGGCGAGAATCCCGCCA,SLC35C2,1315,160,268
SLC35C2_ATCCTACCAGCGCGCGGCAC,SLC35C2,576,149,73
SLC35C2_TTGACGTGGGCTTGTCCAAC,SLC35C2,950,136,156
SLC35C2_AGAAGAGGAAGATCACGGCC,SLC35C2,701,125,90
SLC35C2_CTACAACAAGTGGCTGACAA,SLC35C2,1566,826,829
SLC35C2_GCATCCAATTAACCATGGGA,SLC35C2,176,75,179
SLC35D1_ACCTCTGTGGCAGATACAGC,SLC35D1,484,383,376
SLC35D1_CTGTGAAATACGCAATGGCC,SLC35D1,1026,227,271
SLC35D1_GATGTCCTAACAGCAGCAAA,SLC35D1,511,261,451
SLC35D1_ATCTTACCTGGCAGCTACAA,SLC35D1,505,412,357
SLC35D1_GGTGAGGATTCCAACTAACC,SLC35D1,288,43,0
SLC35D1_GAGTGTGGAGGATTTCGCGG,SLC35D1,1256,196,340
SLC35D2_AAGCACGATGAGGAAGGAGC,SLC35D2,1318,3,107
SLC35D2_AGAAGAGCGCCGACAGCAGC,SLC35D2,234,109,32
SLC35D2_GAAGAGCGCCGACAGCAGCC,SLC35D2,251,38,322
SLC35D3_GCGCCAGGCTCAGACCGAAG,SLC35D3,941,162,149
SLC35D3_CCGATGAGCATGGTGACCAG,SLC35D3,759,247,138
SLC35D3_GCCGATGAGCATGGTGACCA,SLC35D3,1208,449,327
SLC35D3_GGCGTCCTGGTGCTCAAGAA,SLC35D3,778,398,552
SLC35D3_CTTCACCACACCCACGAAGC,SLC35D3,2115,626,694
SLC35D3_CGCCACCATCACGGTGGGCA,SLC35D3,450,488,820
SLC35E1_TGCAGACCTACGTCTACCAG,SLC35E1,984,521,509
SLC35E1_TCCGTGAATCTCGCAAGACC,SLC35E1,1486,384,647
SLC35E1_AGAAGCACAGCGTGGCGGCG,SLC35E1,758,125,292
SLC35E1_CCTTCATAATGATCCGGGAC,SLC35E1,609,156,141
SLC35E1_AGCGACACGGTCACCGGGAA,SLC35E1,1865,341,374
SLC35E1_GCGACACGGTCACCGGGAAC,SLC35E1,465,127,145
SLC35E2_TACTCAGGACGCAGGAAGCA,SLC35E2,719,252,344
SLC35E2B_GGTCACCAGGGCTGTGCCAA,SLC35E2B,1041,195,158
SLC35E2B_TGTGCCAACGGCCGACAAGC,SLC35E2B,927,788,551
SLC35E2B_AACGATTACGCTGAGCCAGA,SLC35E2B,100,137,70
SLC35E3_CACCAGAATCCAGCTCACGC,SLC35E3,3362,977,1375
SLC35E3_AGCTACTCACCAGCGTGAGC,SLC35E3,348,54,194
SLC35E3_GGGCACAGCAACCAGCAACA,SLC35E3,2240,831,707
SLC35E3_CCAAACACTGGCTCAAAGAA,SLC35E3,1305,888,878
SLC35E3_AGGGCCTGATTAATGGACAG,SLC35E3,542,247,84
SLC35E3_CCACTTTAAGCTCAGTGAAC,SLC35E3,1572,206,270
SLC35E4_TGCCATCATGGTGCTCCGGC,SLC35E4,1029,193,162
SLC35E4_GCATGTCAAGCCTCAACAAG,SLC35E4,440,440,299
SLC35E4_TGTGCAGGGCCGACAGCAGC,SLC35E4,1601,589,188
SLC35E4_GCAGCGAGGTGGCGTAAAGC,SLC35E4,2679,756,863
SLC35E4_GCGGCTGCCAAACAACAGCC,SLC35E4,153,142,107
SLC35E4_ACTGATGATCCCTATGGAGA,SLC35E4,411,183,129
SLC35F1_TGGTCACCACATGGTTCGGC,SLC35F1,797,171,189
SLC35F1_ACCACACTAGCCGTCAGACA,SLC35F1,1501,382,629
SLC35F1_CCGGATCAGCAGGAAGAACC,SLC35F1,1845,787,873
SLC35F1_TGGCTCCTCCTAAGACCAGA,SLC35F1,377,95,135
SLC35F1_TTACCTATTTGCCAGTCCCA,SLC35F1,554,184,192
SLC35F1_GAGGTTGACTGAAGTGGCAC,SLC35F1,641,66,111
SLC35F2_TAGTGCCACTTCCGTCAACC,SLC35F2,1426,645,341
SLC35F2_CGTGAAGAAGCTGAGCAGAC,SLC35F2,2530,835,803
SLC35F2_AGTGATCCACTTCATCGCCG,SLC35F2,503,270,160
SLC35F2_CCACATCTGCTAGTCCCAGC,SLC35F2,415,189,192
SLC35F2_CAAGGACAACATCTGACCCA,SLC35F2,556,88,160
SLC35F2_ATGGAGGCAGACTCGCCAGC,SLC35F2,147,36,182
SLC35F3_TTTCCCAGCGGCGCACCCAG,SLC35F3,683,242,536
SLC35F3_AGTACTTGAGCTGCCGGAGC,SLC35F3,186,262,277
SLC35F3_GGTCCTGACCCTTACCAAAG,SLC35F3,829,191,223
SLC35F3_TGCGTGTGCTCCTCGTGGGC,SLC35F3,1247,426,882
SLC35F3_AATGCCAGCGATGGCGAGGA,SLC35F3,429,259,190
SLC35F3_CGCCATCATCATCATCGGCC,SLC35F3,1807,985,1398
SLC35F4_AACGCTGAGCACTGTCCCAA,SLC35F4,1357,240,290
SLC35F4_CATAGGAGTGGCATTTGCGG,SLC35F4,1632,520,353
SLC35F4_TTTAAAGAAGCTGACGGCCA,SLC35F4,826,220,307
SLC35F4_GAACCATGGACGTGCAGGAC,SLC35F4,2372,475,678
SLC35F4_GAATCTTCGGTGACAGACAG,SLC35F4,570,167,337
SLC35F4_GGGTGGCCACTATCGAGGAC,SLC35F4,437,189,163
SLC35F5_TGGAGACAACAGTGTACAAG,SLC35F5,1897,355,178
SLC35F5_TTTCACTCAGCGCAGGCGAA,SLC35F5,464,165,72
SLC35F6_TGAGCCCGGCCAGGAACAGC,SLC35F6,647,34,301
SLC35F6_GGCGGACAATTTCATGGCCG,SLC35F6,529,51,110
SLC35F6_CAGCGCTCTGTGACATGACA,SLC35F6,773,400,553
SLC35F6_GCATCCTAGCCACCATCGCG,SLC35F6,2059,348,638
SLC35F6_GATCATCGTTGCCATCCAGA,SLC35F6,155,149,0
SLC35F6_AGTACATGGGCACCAGCAGC,SLC35F6,409,132,93
SLC35G1_ATGCGGCCTCAGGACAGCAC,SLC35G1,458,7,74
SLC35G1_TCGTCCGTTAGCGGCAGCCC,SLC35G1,808,120,225
SLC35G1_ATCGTCCGTTAGCGGCAGCC,SLC35G1,845,100,250
SLC35G1_ACGCACTAATCTCTACAGCA,SLC35G1,2752,1218,834
SLC35G1_TGCCTTACTGTGGGTTGGAC,SLC35G1,461,576,657
SLC35G1_TGTGCCAACGTGGTGGACAG,SLC35G1,1514,356,83
SLC35G2_CATATCCATCATCGCCAGGC,SLC35G2,529,117,199
SLC35G2_TCTTCATATCCATCATCGCC,SLC35G2,334,203,131
SLC35G2_CTGTATCCACTGGGTCCAAA,SLC35G2,1951,742,681
SLC35G2_TCTGTATCCACTGGGTCCAA,SLC35G2,1141,142,210
SLC36A1_GGTTGTTGAGGCCTTCCGAC,SLC36A1,153,102,72
SLC36A1_CCACGATGCCTATGATCAGC,SLC36A1,1176,361,429
SLC36A1_TGGTTCCGGAGCCAGGAGCA,SLC36A1,857,242,226
SLC36A1_GCATGGTGATGTTGGCCAAC,SLC36A1,1356,231,611
SLC36A1_AGAGAGGGTAGGTCTTCCAA,SLC36A1,307,29,69
SLC36A1_CCAGCACTGTGCGCACAAAC,SLC36A1,3594,2938,1691
SLC36A2_GGACATTCCCAAAGACAGGA,SLC36A2,663,160,343
SLC36A2_GGTTGCCACTGGTAGCAAGC,SLC36A2,516,96,131
SLC36A2_TGACCAGGATGTGCATACAG,SLC36A2,2593,1174,1017
SLC36A2_TGCCCGCGTTCTTCACAGCG,SLC36A2,3217,882,1708
SLC36A2_CCCGCGTTCTTCACAGCGAG,SLC36A2,1470,706,876
SLC36A3_CTGTGGAGTTGGCCATGGAA,SLC36A3,1497,584,863
SLC36A3_CTCACAGGTTAGACAGACCA,SLC36A3,595,421,509
SLC36A3_ACCTACCCTTGATGGCAAAC,SLC36A3,843,343,212
SLC36A3_CTTATTAGTCATCACCCAGC,SLC36A3,729,245,310
SLC36A3_GGTGTTGAGCACAGTTCAAC,SLC36A3,390,117,80
SLC36A3_GCCGGCATTCTTTATGGCCA,SLC36A3,1015,316,250
SLC36A4_GCTGCTCACAGCTCCAACGA,SLC36A4,1357,394,414
SLC36A4_TATCACAAGACTGACAGCCA,SLC36A4,839,133,230
SLC36A4_CAGCCATGGAAACGTTGGCA,SLC36A4,516,241,295
SLC36A4_CCCGCGAGAGATGGAAGCGG,SLC36A4,1568,153,92
SLC36A4_AGACCCGCGAGAGATGGAAG,SLC36A4,2186,433,552
SLC37A1_GATGATGAAGCGAATGCCAG,SLC37A1,114,0,25
SLC37A1_CGGTCTCATTGTCAGGGAGC,SLC37A1,153,339,306
SLC37A1_CACGGCATAGGCGCACAGGA,SLC37A1,1206,1108,1493
SLC37A1_ATACCCTAAGCCGAACAGGG,SLC37A1,427,265,1174
SLC37A1_CTCGGCAACTGGTTTGGAAA,SLC37A1,2175,862,1254
SLC37A1_CTCCAGGCACGACGAAGGAC,SLC37A1,679,1355,979
SLC37A2_TTACCTGATGAACATGCCGA,SLC37A2,174,58,105
SLC37A2_TGTTGGCAACTGGTTCGGGA,SLC37A2,753,345,277
SLC37A2_ACTCACGTTCGATGAGGAAG,SLC37A2,140,92,94
SLC37A2_CACTCACGTGGTGCTGAGGA,SLC37A2,1457,405,386
SLC37A2_TAGAGCAGGGACTGTTCCCA,SLC37A2,427,190,43
SLC37A3_TAACAACTTCGGCTGGAAGG,SLC37A3,1028,331,471
SLC37A3_AATGTTGCCCACCGAAGCAC,SLC37A3,1175,592,410
SLC37A3_GGCTGCGTTTCTACAACAAA,SLC37A3,2146,1208,1096
SLC37A3_GGGATCGGTTGAATTTGCGA,SLC37A3,558,392,193
SLC37A3_AAGAGTCGCTTTCTCTGCAC,SLC37A3,308,92,144
SLC37A3_CAACATGATGATGGCTGAAC,SLC37A3,2223,970,1124
SLC38A1_GAGAGCCAACAGGGCTGGAC,SLC38A1,0,42,65
SLC38A1_TCTCATCCTGACAGTGCGGC,SLC38A1,875,55,255
SLC38A1_AAATTGGCAGGACTGACGGG,SLC38A1,570,128,43
SLC38A1_TAACTATCACCACCAGAACG,SLC38A1,1814,474,752
SLC38A1_AACAAGTCTTTGGCACCACA,SLC38A1,148,211,103
SLC38A1_TTTGGGACTCGCCTTTGCCC,SLC38A1,152,26,4
SLC38A10_TCTTACCATGACGTAGAAGG,SLC38A10,1671,311,399
SLC38A10_CACTTACGACTGGCAGGCGA,SLC38A10,544,202,514
SLC38A10_CATCCAGTCCTTCAGCGCCA,SLC38A10,960,300,214
SLC38A10_TACCTGAAACCCGAACAGCC,SLC38A10,391,88,107
SLC38A10_AGTCGGCCAGCCTGAGCAAG,SLC38A10,1512,634,397
SLC38A10_CTGTTTGAAGCAGAAGGGCA,SLC38A10,1566,823,591
SLC38A11_AGTAGAACATTTCCTGCCCA,SLC38A11,220,53,0
SLC38A11_AATACTCAAGACTGCACCCA,SLC38A11,929,270,66
SLC38A11_TGAGTTCTAGAACTATCCCG,SLC38A11,242,210,126
SLC38A11_AATCAGCAATGACACAAGCG,SLC38A11,1414,608,561
SLC38A11_ACATTTACTGGCTTCACCCA,SLC38A11,472,132,111
SLC38A11_CGATGGACATATGGATAAGG,SLC38A11,1393,619,432
SLC38A2_GATTGGGTACACAATGCACC,SLC38A2,18,55,82
SLC38A2_CAGCCATTAACACAGCCAGA,SLC38A2,419,256,112
SLC38A2_TCATAGATGGGAAGAACAGC,SLC38A2,822,229,291
SLC38A2_AGCTGTTGGCTGTGTTAAGG,SLC38A2,1711,608,827
SLC38A2_AAAGCAGCTTCCACAGGACA,SLC38A2,501,399,195
SLC38A4_TTCCCAAACGACCCTTCAGC,SLC38A4,352,116,125
SLC38A4_CAGTTAGTGTTACTGCCACA,SLC38A4,541,136,88
SLC38A4_GCCAGGCGAACCATGAGAAG,SLC38A4,2010,261,389
SLC38A4_CCAGCCCTGCAGGATTGCGG,SLC38A4,312,471,57
SLC38A4_CCACCGCAATCCTGCAGGGC,SLC38A4,1909,237,132
SLC38A4_GACAGCTCAAATGGATCCCA,SLC38A4,187,19,0
SLC38A5_CTCTGTGACTCACCGAAACA,SLC38A5,2544,1677,1700
SLC38A5_AAGTGTTTCATGAGGGCGAG,SLC38A5,794,127,261
SLC38A5_ACAGGAAGGTGCCGATAACC,SLC38A5,799,207,174
SLC38A5_GAAGCGCAATGCACAGCAGC,SLC38A5,585,28,14
SLC38A5_CTATGCCATGGCCCACACGG,SLC38A5,3542,2219,1513
SLC38A5_ACCGGCTTGCTCCCAGGAGC,SLC38A5,253,208,373
SLC38A6_GGCACTTGAGGGAAGCCGGA,SLC38A6,126,29,24
SLC38A6_AGGAGGACCGCACCGGGACA,SLC38A6,1048,282,361
SLC38A7_GGCCTGTGGCTGCGCTACCA,SLC38A7,1141,381,288
SLC38A7_GAAGGCTCGGGCAACGGCCA,SLC38A7,205,138,21
SLC38A7_AGCAGCCTGAAGTGAAGACC,SLC38A7,356,18,38
SLC38A7_AACTTGCGGTCTGTGTACCA,SLC38A7,1390,341,314
SLC38A7_AATCATCATTGGCGACCAGC,SLC38A7,890,73,78
SLC38A7_AGTTGAGTAACCCTGCACCC,SLC38A7,1030,163,238
SLC38A8_ATATGGTCATCATTGTGGCC,SLC38A8,262,57,33
SLC38A8_TCTACTGCAGCATGCGCAAA,SLC38A8,1959,769,718
SLC38A8_AGTACTGCACGGTGATGACC,SLC38A8,75,34,119
SLC38A8_TCGCCTTCCAGAAATACACA,SLC38A8,1346,246,363
SLC38A8_TGACAGCAGCAGCATAGCCC,SLC38A8,555,477,643
SLC38A8_GGACAGAGTGGCAGCAGCCG,SLC38A8,1247,180,171
SLC38A9_GGGCTCTTCTCTTGACCAGC,SLC38A9,497,91,156
SLC38A9_GAACAGCCTTAAAGGTGACA,SLC38A9,833,101,96
SLC38A9_GAGACTCGACCACTGCCCAA,SLC38A9,606,71,58
SLC38A9_ACATAGCACTCTTCTGGAGC,SLC38A9,1155,396,828
SLC38A9_CACTCCTGCAGACAAGGCAC,SLC38A9,579,130,397
SLC38A9_TTAGATCCGATGGCTCAAAC,SLC38A9,1065,200,379
SLC39A1_CCCTCCACTCCGTGTTCGAG,SLC39A1,639,308,276
SLC39A1_CGAACACGGAGTGGAGGGCC,SLC39A1,1041,115,186
SLC39A1_CGTCACGTGCAAGGCTGCCA,SLC39A1,1672,338,230
SLC39A1_CTAGTAAGCTGTTTCGCGGG,SLC39A1,1007,239,444
SLC39A1_CCTAGTAAGCTGTTTCGCGG,SLC39A1,1184,327,194
SLC39A1_ATCTGTGTGCTGCGCCGGCC,SLC39A1,653,41,90
SLC39A10_AGATCTTGGTGTCCACGACC,SLC39A10,743,207,120
SLC39A10_TTGCCTCATCTTCAGGAACC,SLC39A10,732,339,291
SLC39A10_AACCAAGATCACGCCTAGCA,SLC39A10,888,255,27
SLC39A10_CACAGTCACCAACATGCACA,SLC39A10,1799,405,462
SLC39A10_AATTGCTGTCTACCGGCAAG,SLC39A10,1247,31,84
SLC39A10_GAGAATGCTTGTGGTGCCAC,SLC39A10,107,56,223
SLC39A11_CATCACTACAAATCCCAGGA,SLC39A11,810,197,143
SLC39A11_CAAAGGCCAGAGCGTAGGGC,SLC39A11,127,237,279
SLC39A11_ATTCTGGATCCCGATTCCAA,SLC39A11,322,61,38
SLC39A11_CGAGGGAATCTGGCACAGCC,SLC39A11,1436,685,748
SLC39A11_TGAGTCAGGCAATATGGACG,SLC39A11,1343,579,565
SLC39A11_TGTTGGCTTCACCCTTGGAG,SLC39A11,2090,388,274
SLC39A12_CCGGTTGGCCTGAACTCCCA,SLC39A12,673,121,312
SLC39A12_AGAATACGGCTACAGCACGG,SLC39A12,1976,335,373
SLC39A12_GGGCATTTCCATGAAAGCAA,SLC39A12,472,242,154
SLC39A12_TTAAACCATCCTCATCCAGC,SLC39A12,165,250,111
SLC39A12_TGACTCGGATGATGATGAGA,SLC39A12,318,33,106
SLC39A12_CTGATCCATGTGTTCAAGAC,SLC39A12,6252,3016,2777
SLC39A13_TCTGCTGAGCGGAGAGCGGC,SLC39A13,165,18,28
SLC39A13_GCGTGTGGCCTCACTTACCA,SLC39A13,1145,359,420
SLC39A13_GGAACATCTTCTCCAACGCC,SLC39A13,124,13,32
SLC39A13_CACTTTGATGCTCCGGACCA,SLC39A13,579,549,767
SLC39A13_TATCGATGGTGTTGGCCAGC,SLC39A13,1,139,328
SLC39A13_GATCGGGCTCCTGACAACCA,SLC39A13,909,148,114
SLC39A14_CGTGCTGGGTGACATTACCC,SLC39A14,591,436,485
SLC39A14_GGTTCTCCGAGGTGCAGGCC,SLC39A14,831,122,79
SLC39A14_ACGCTTTCTCTGTGCAGGGC,SLC39A14,647,118,232
SLC39A14_CCTCCGGGATGAGCTGGAAG,SLC39A14,1930,447,454
SLC39A14_TGAGTCGCTTCCCTCCAAGA,SLC39A14,1760,618,430
SLC39A14_TGGATGATCACTCTGAGCGA,SLC39A14,1448,384,245
SLC39A2_TTCCAGATTGATGCAGCCAG,SLC39A2,1658,130,404
SLC39A2_GCATATGACTGCTGAAGCCC,SLC39A2,476,224,290
SLC39A2_ATCTTCGAACTCCACAGCCA,SLC39A2,1757,111,248
SLC39A2_GAACACTGCCCATCGTGAGC,SLC39A2,531,0,69
SLC39A2_AAGTGGAGCTGTGTAGCCGC,SLC39A2,373,46,43
SLC39A3_CGCTCTCAATGCCCAGGCCC,SLC39A3,1192,430,77
SLC39A3_GAAGCCGTCCTTCATCGACC,SLC39A3,1118,11,77
SLC39A3_GCTGATCCTGACCTTCCGCA,SLC39A3,49,78,228
SLC39A3_CCCTTGGCACCTTATGGCCA,SLC39A3,2339,644,676
SLC39A3_CAGCAGAGCGTTGAAGCACG,SLC39A3,1484,388,402
SLC39A3_GGCCACTAGCAATTTCACCA,SLC39A3,2174,86,256
SLC39A4_AGAGCCCGGCCAGCATAGCC,SLC39A4,515,135,200
SLC39A4_GGCAGATGAGCAGCGTGGCC,SLC39A4,0,135,193
SLC39A4_GACCACAGTCATCGGCACAG,SLC39A4,1163,199,687
SLC39A4_CGCTCCTGACATGGTCCAGC,SLC39A4,528,428,183
SLC39A4_GCTGAGGTACAGGACGGCGG,SLC39A4,229,30,160
SLC39A4_GGGCGGCCTGTTAAATACGC,SLC39A4,596,217,115
SLC39A5_TTTGGCCTGTACGGCGAGAA,SLC39A5,607,312,341
SLC39A5_CTGAGTGTGGATGTCTGGGC,SLC39A5,1105,256,298
SLC39A5_GCTGTCGATCTGATAAAGCA,SLC39A5,1047,461,315
SLC39A5_CACAAAGAGTGCCCACCGCC,SLC39A5,1652,267,401
SLC39A5_ACCTGGCGGACTACCAGAGA,SLC39A5,672,354,304
SLC39A5_CGCAACTTGGATCCGGAGAA,SLC39A5,2649,1167,1106
SLC39A6_GGCTGGCATGACCGTTAAGC,SLC39A6,848,356,262
SLC39A6_TGCTGAGAATCAAAGTGGGA,SLC39A6,883,407,143
SLC39A6_AGCTGTTAGACCCTTCCACG,SLC39A6,2236,297,826
SLC39A6_CCTGAGTTTCCTTGTGGCAC,SLC39A6,1200,215,232
SLC39A6_CTGTTGCATTCAGCGGAACC,SLC39A6,986,456,514
SLC39A6_TACCAGCCAGCCGGCTCACC,SLC39A6,427,1,145
SLC39A7_TTACACCATGGCCATAGCCA,SLC39A7,643,211,143
SLC39A7_TGAAGTAGAGAGCGATGCCG,SLC39A7,2723,118,98
SLC39A7_ACTCTGGAGCAACCCGGACA,SLC39A7,2139,233,127
SLC39A7_AATGCCTCCATTCCCAGGCC,SLC39A7,226,0,0
SLC39A7_GGGAGCACAGTACCCAAAGA,SLC39A7,534,219,240
SLC39A7_TCCTTCAGTGAGAAGGGCAC,SLC39A7,673,142,161
SLC39A8_TGCTTGGGCCGATCCTCACA,SLC39A8,635,238,202
SLC39A8_TGGCCAGCTGCACTTCAACC,SLC39A8,2040,409,527
SLC39A8_TCCTCGCTGAAGGCTAGCCC,SLC39A8,890,192,206
SLC39A9_CCAACATAGCCAGAGACAGC,SLC39A9,1362,839,1320
SLC39A9_CACCGTCAGTAGAATGCACA,SLC39A9,2254,940,838
SLC39A9_ATGGACAACCAGACCCAGCG,SLC39A9,151,770,494
SLC39A9_TAAGCCAGCATGCATCAAGA,SLC39A9,1434,1371,894
SLC39A9_TGATGCATGCTGGCTTAGAG,SLC39A9,1781,1521,1191
SLC39A9_CACAAGCCCGATGCCACGGG,SLC39A9,926,393,246
SLC3A1_AGACATAAGTCGGTGAGACA,SLC3A1,973,413,297
SLC3A1_TACCCAGTTGTTGGGTGGAA,SLC3A1,1384,392,347
SLC3A1_CACTTCGTCAAAGTGCCAAC,SLC3A1,254,212,343
SLC3A1_TTTACGGTTCTGGCTCACAA,SLC3A1,648,244,248
SLC3A1_CCATGACTTCACCACCACGC,SLC3A1,4606,583,635
SLC3A1_GCATTGGTGACTTTGAGCGA,SLC3A1,2535,1255,667
SLC3A2_TGTCCAGGGTCTCAGCGCGG,SLC3A2,1066,140,235
SLC3A2_TGGTCTGGTGAAGATCAAGG,SLC3A2,621,130,61
SLC3A2_AGAACCACGAGTTCTCACCC,SLC3A2,530,157,134
SLC3A2_GATTCTCTATGTCCCGAACC,SLC3A2,423,16,128
SLC3A2_CAGTAGAACCAGAATCAGAC,SLC3A2,1637,501,279
SLC3A2_AAGCAGTACCTGTCCAGGAA,SLC3A2,1382,189,228
SLC40A1_GGCTTTGACTGCATCACCAC,SLC40A1,347,73,89
SLC40A1_CCAGCTTTCACAGCTAGAGC,SLC40A1,1206,271,232
SLC40A1_AACATTCTGTACCACCAGCG,SLC40A1,1440,529,776
SLC40A1_AGAGGTCAGGTAGTCGGCCA,SLC40A1,1198,85,97
SLC40A1_GCGGTTGTGATCTCCCGCCC,SLC40A1,5,1,1
SLC41A1_GAAGAAGGTGGTACAAGGAC,SLC41A1,406,60,87
SLC41A1_GGGAGGTGTTGTACTCGGGC,SLC41A1,754,32,161
SLC41A1_GATGCCTGAGAGCAGCGCCA,SLC41A1,271,93,116
SLC41A1_TTTCTTACCCAGTACCAGGG,SLC41A1,466,175,143
SLC41A1_CCATGTGTCCAATGTTGGCC,SLC41A1,970,392,713
SLC41A1_GAGTCTCGGGCCAACGCCAA,SLC41A1,339,188,418
SLC41A2_TGGCTTATTGGAGATCGAGA,SLC41A2,424,198,182
SLC41A2_GAACAGTTCTCCACTCAGGC,SLC41A2,430,186,63
SLC41A2_GGTACTGGATATAGTACAGG,SLC41A2,0,45,34
SLC41A2_GCAAACGGCATTTGGCAAGA,SLC41A2,988,1082,499
SLC41A3_TAGTCGGTATCTGACGCCGC,SLC41A3,121,154,97
SLC41A3_GCTGCTAACCAAAGCCAGAA,SLC41A3,701,195,336
SLC41A3_AGAGGAAGTGGATGTCGCCA,SLC41A3,359,109,321
SLC41A3_GGACAAGGTGAAGACTCACC,SLC41A3,445,175,299
SLC41A3_CTTGAATGGTGTTCATCACC,SLC41A3,346,260,146
SLC41A3_ACTGGAGACTGAGCCTAGCA,SLC41A3,348,302,613
SLC43A1_CATGTTCACCTGGTCTGGCC,SLC43A1,587,126,370
SLC43A1_GGGCCATTAACGTGGAGCGC,SLC43A1,359,237,121
SLC43A1_TTCCACGTCCCGGGAGGCCA,SLC43A1,462,157,271
SLC43A1_CCCAGGATGAGCAGCGCAGG,SLC43A1,2121,257,208
SLC43A1_CACATGACACCAGGAACAGC,SLC43A1,595,102,529
SLC43A1_TTCTATTCCAGCACGTGCCC,SLC43A1,488,42,86
SLC43A2_AGGCAATAAACGTGGACCGA,SLC43A2,828,113,61
SLC43A2_TCCAGCGCCACAGCATCGGA,SLC43A2,816,107,557
SLC43A2_CAGGGCGATGAAGATGAGCA,SLC43A2,783,151,122
SLC43A2_CAAGCAGGAAACCGCGAAGC,SLC43A2,240,86,94
SLC43A2_CAGCTCACCTCCTCGTGCCC,SLC43A2,429,125,411
SLC43A2_TCCTACCTGTGTACCGAGCC,SLC43A2,465,403,323
SLC43A3_TCCGAACTGAGTGAAGGCAA,SLC43A3,374,294,198
SLC43A3_TTGCTGACCAACATGGCCGG,SLC43A3,954,325,343
SLC43A3_GAGTTCCTTTCAGCGAAGGA,SLC43A3,222,210,194
SLC43A3_TGGTGAGCATTGGCATGGCC,SLC43A3,325,281,300
SLC43A3_CATGGCTATGAGGCGTGCCA,SLC43A3,481,175,165
SLC43A3_GGGCCGATTGGCAATGCCAC,SLC43A3,1162,75,25
SLC44A1_TTACCATCCCAATGCAGAAG,SLC44A1,1025,479,465
SLC44A1_GCAAGTCTACTCACTTCCGC,SLC44A1,1215,416,318
SLC44A1_GCAACCTGGACTTGATAAAC,SLC44A1,1490,494,348
SLC44A1_CCAAACTACCAGTTCCAGCG,SLC44A1,2876,2194,2050
SLC44A1_TGTTCACAGGAGCACAGCGA,SLC44A1,1191,355,287
SLC44A1_CTTGTTCCACGTAGCTGGCA,SLC44A1,1410,280,476
SLC44A2_TACAGCCACGTAGCCCACAA,SLC44A2,2335,1035,492
SLC44A2_CCATCTCTCTTGGCAGGGAG,SLC44A2,1409,556,635
SLC44A2_CCCGCTATCCACGCCTACAA,SLC44A2,1905,1211,771
SLC44A2_TCATCGCCATGGCAATGACC,SLC44A2,187,130,176
SLC44A2_GGAAATCCGTCTGAAAGCCG,SLC44A2,1342,327,384
SLC44A3_TTACCAGGTACTCGGCGCCC,SLC44A3,927,46,88
SLC44A3_GCCAAAGAGGAGTCTTCCCG,SLC44A3,781,146,299
SLC44A3_AGGTACGCAGCTCAACCGCA,SLC44A3,513,216,309
SLC44A3_TAAACACACAGGAAGGACCC,SLC44A3,669,158,50
SLC44A3_ATGCGAGGATACACAGGCCA,SLC44A3,612,383,564
SLC44A3_GGGTTTGCTATCGTATCCAC,SLC44A3,454,62,6
SLC44A4_GCACATCAGCCCTGGGCACG,SLC44A4,1121,167,66
SLC44A4_TTGGCACTTTCTCACAGCCG,SLC44A4,2259,535,358
SLC44A4_ACTTGCTGGCCTCCTTCAGG,SLC44A4,140,81,39
SLC44A4_TACCGAGTGCTGCGGGACAA,SLC44A4,1763,461,390
SLC44A4_CAAGAATCCAATACCAGGAC,SLC44A4,1825,501,285
SLC44A4_TTGGTGATCCCTGGGAGCGC,SLC44A4,752,319,207
SLC44A5_ACACCAGCTCTTACCAGCAA,SLC44A5,3054,635,429
SLC44A5_AAGTAGCGAATGCACCAGCA,SLC44A5,2007,419,396
SLC44A5_ACAAAGTCATAGCTCCAGGG,SLC44A5,2209,202,139
SLC44A5_CCTACAGTGCCCTACCACAC,SLC44A5,3088,726,700
SLC44A5_AGATACTCCCTCTGAGGAAG,SLC44A5,1152,620,510
SLC45A1_TACCTGTGGGTGGAGACGGC,SLC45A1,498,17,0
SLC45A1_CGAAGTCCACCAGCTCAAGC,SLC45A1,1970,768,496
SLC45A1_TCACTCCAAGCACCCAACAG,SLC45A1,3252,651,887
SLC45A1_GGTTCCCGGTCACGTCAGCC,SLC45A1,155,47,53
SLC45A1_CGACAGCCTCCCGTCGCACA,SLC45A1,1051,642,1020
SLC45A1_CGCCTTGGGCATGTTGCAGA,SLC45A1,646,390,867
SLC45A2_GACAACAGCGTGAGAGGGAA,SLC45A2,359,172,203
SLC45A2_TTACACCAAACAGGCTGCAC,SLC45A2,1191,203,191
SLC45A2_CAAAGGTAGCGGTAGTGAGG,SLC45A2,713,55,227
SLC45A2_CCCACTTACAGAGGTTGCAA,SLC45A2,1531,806,559
SLC45A2_CTTTGATTGCTAACCCAAGG,SLC45A2,1028,169,404
SLC45A2_AGACCTACGCTGAGCAGGAC,SLC45A2,1594,516,598
SLC45A3_CCATATAGGCAGTGACAGAC,SLC45A3,1438,749,632
SLC45A3_CCTCTACCACCGGGAGAAGC,SLC45A3,132,88,59
SLC45A3_CCACGGCCACACTGTGGGAC,SLC45A3,1147,271,348
SLC45A3_TACACGGATTTCGTGGGCGA,SLC45A3,214,141,15
SLC45A3_AAAGCCAAGCGGGCCCGGCA,SLC45A3,987,131,205
SLC45A3_CTTTCCGGTGCCGCAGCAGG,SLC45A3,1235,213,201
SLC45A4_CCAGGCGGTCGAGTTCGAGG,SLC45A4,820,179,211
SLC45A4_CGGCAAAGAAGAAGAGCACC,SLC45A4,1183,70,218
SLC45A4_CGTGGTGGACAGCGAGGAGC,SLC45A4,1491,226,157
SLC45A4_GGCTGTAGTACTGCTCCGGA,SLC45A4,210,442,334
SLC45A4_ACTCACAAGGGTCTTTGGAC,SLC45A4,450,230,65
SLC45A4_CAGTATTGGTGTGACCAGAG,SLC45A4,2098,860,782
SLC46A1_CATTACCCAATCAGAACAGC,SLC46A1,899,110,121
SLC46A1_CATGGCCAGGCTATTCACAC,SLC46A1,1222,197,22
SLC46A1_AGCCACATAGAGCTGGACAA,SLC46A1,1248,430,742
SLC46A1_TCGCAGCCGCACCTTCCGGA,SLC46A1,918,450,303
SLC46A1_GGCGGGTGCCATTGTAGCCG,SLC46A1,465,141,194
SLC46A1_AGCGCCGACCTCGGCTACAA,SLC46A1,1736,204,450
SLC46A2_AATTGGAATGATGGCCAGGA,SLC46A2,226,298,240
SLC46A2_CAAACATGTCCATGGTGAGC,SLC46A2,711,114,41
SLC46A2_TTTGGACATAGCTGATCGGA,SLC46A2,412,113,227
SLC46A2_CTGATCGGATGGTTGTGACG,SLC46A2,3140,917,776
SLC46A2_TGCACTTGGTTCCAACCGAG,SLC46A2,2103,510,1029
SLC46A2_TATCATATATGACCTGGCGG,SLC46A2,137,47,78
SLC46A3_ATAGCTTCCCTCATTCCAGC,SLC46A3,269,86,99
SLC46A3_GAATCCTTTCTCTCACAGCC,SLC46A3,262,326,120
SLC46A3_ATATTGCGTTGTCAGTGGAC,SLC46A3,187,245,110
SLC47A1_CGCCCGCAGCTCTTCTCGGA,SLC47A1,1287,211,587
SLC47A1_CCATCAGCTGAACCAAGAAC,SLC47A1,3147,833,1202
SLC47A1_GAGCCAGAACCTGAAGCACG,SLC47A1,769,62,139
SLC47A1_GAGAAACAGATAGTTGGCGA,SLC47A1,497,13,256
SLC47A1_CTTGATTTCCCAGTACACCC,SLC47A1,840,293,408
SLC47A1_AGGAGATCTGGCCATCGGGC,SLC47A1,99,15,75
SLC47A2_AGGCACTGGCTGGACCAACC,SLC47A2,1522,469,377
SLC47A2_AGAAGCTGCACCTGGAGACG,SLC47A2,2155,750,665
SLC47A2_GATGGAGGATGGACAAACCC,SLC47A2,804,70,53
SLC47A2_GGAAGAGCGCCCAGCAAGGG,SLC47A2,1305,245,453
SLC47A2_TGACACCTTGATGTCTCAGG,SLC47A2,428,54,84
SLC47A2_CACTGTGTTCTGCGGGCACC,SLC47A2,283,373,380
SLC48A1_CACCGTCCAGACGAGGAAGA,SLC48A1,2099,380,359
SLC48A1_GGTAGACCACCGTCCAGACG,SLC48A1,145,79,33
SLC48A1_ACGGTGGTCTACCGACAGCC,SLC48A1,76,95,72
SLC48A1_TGTACATCACGTGCGTCACC,SLC48A1,323,61,29
SLC48A1_TGCAAGATTATTGGAGGACC,SLC48A1,674,220,176
SLC48A1_GGAAATGAAGCTCCAGACGC,SLC48A1,511,276,82
SLC4A1_GGCGCCGGATATCACGCACC,SLC4A1,208,22,129
SLC4A1_CGAAGTAGCTCCCTCTGCAC,SLC4A1,728,34,117
SLC4A1_CGATTACACCCAGCTTGGCC,SLC4A1,421,234,714
SLC4A1_CTTACCCACTAGCACCAACG,SLC4A1,4123,1184,979
SLC4A1_GATCCGGCCTCAGGACCGAG,SLC4A1,151,147,299
SLC4A1_GCTGCGTAGAGTCTTCACCA,SLC4A1,1470,519,567
SLC4A10_TAAAGACCAGGGAGCCCAAA,SLC4A10,544,417,254
SLC4A10_TGGAACCGAGGATGATGACG,SLC4A10,361,677,707
SLC4A10_TGCCTTTGTTTCATCCCACA,SLC4A10,1818,407,357
SLC4A10_ATGTTCGATGCTTCAGCACC,SLC4A10,485,45,180
SLC4A10_TACTGTTGACCCTTTCCCAG,SLC4A10,602,172,284
SLC4A10_GGACCTGAACTCCAGCGAAC,SLC4A10,1143,530,963
SLC4A11_CATGCTCTTCACCGATGCCG,SLC4A11,829,175,371
SLC4A11_CAGGCCATTCACCTTTCGGG,SLC4A11,982,206,168
SLC4A11_TGACACCTTCGAAGCCCGAG,SLC4A11,1779,275,509
SLC4A11_TCTCCCACCATGTCGCAGAA,SLC4A11,1890,588,785
SLC4A11_CCCTTCCTCTCGCTGCAGCG,SLC4A11,1553,381,841
SLC4A11_GGGTTCAGGCACCCACCGCA,SLC4A11,676,187,181
SLC4A1AP_TCGCCGCCTACAGACGCCAC,SLC4A1AP,178,35,53
SLC4A1AP_GACGGAGAATGCGACAGCAA,SLC4A1AP,117,56,33
SLC4A1AP_TTTCCAGTTGAATCGTCCAC,SLC4A1AP,119,225,138
SLC4A1AP_GCGTCTGAACAGAATGAAGA,SLC4A1AP,537,89,115
SLC4A1AP_ATACTTACTTTGCCTGGACC,SLC4A1AP,326,89,17
SLC4A1AP_GATCTAGGTCAAAGTGGAGA,SLC4A1AP,490,94,120
SLC4A2_AAGAATCTGCGCCCTTGGCG,SLC4A2,736,153,173
SLC4A2_ACTTCACCGCACCCTGGGCG,SLC4A2,469,239,211
SLC4A2_ACGGAAGCCTCGAAGGCGCC,SLC4A2,3,41,48
SLC4A2_GCGACTCCTCGGGCCTCCAA,SLC4A2,159,19,17
SLC4A2_GCAGCTACAACCTTCAGGAG,SLC4A2,1332,510,420
SLC4A2_GCCAAAGGTTCCACACAGAG,SLC4A2,954,375,1292
SLC4A3_AACGGAGTGATCCCGCCGCC,SLC4A3,283,122,104
SLC4A3_CAGCCGCAGCTACAGCGAGC,SLC4A3,367,327,308
SLC4A3_ACCTCTGCTCCTCCCTCCGA,SLC4A3,808,99,90
SLC4A3_CGGTGATGGAACCACCGACC,SLC4A3,248,306,616
SLC4A3_CTAAGTGTCGCCGCACACCA,SLC4A3,2627,382,928
SLC4A3_TGGTCCTCCTGAGCTCCAGA,SLC4A3,170,116,121
SLC4A4_ATGAAGCTGTCCTGGACAGA,SLC4A4,323,93,21
SLC4A4_GACGTCACAAGAGAAAGACA,SLC4A4,548,63,47
SLC4A4_AATCGGATGCGTTCTGCAGC,SLC4A4,345,212,42
SLC4A4_ATCCATCATGCTTGATCGGG,SLC4A4,163,50,60
SLC4A4_TGATAAACCGGAGAAGGACC,SLC4A4,292,43,52
SLC4A4_TGCCTTTGTTAGGCTACAGC,SLC4A4,1385,307,325
SLC4A5_TTGCACTCTGCCGCATCCGC,SLC4A5,535,291,127
SLC4A5_CAATGTCAGCTAAGGAGCGG,SLC4A5,513,154,268
SLC4A5_GCAGGGATAGTGTGGACACG,SLC4A5,1935,280,469
SLC4A5_ATGACGGAGACCAGATGGAG,SLC4A5,2697,342,433
SLC4A5_GCAGCATGGATCTTATCAGC,SLC4A5,727,123,119
SLC4A5_AGGAGATTTCCGGATCAGAA,SLC4A5,521,380,192
SLC4A7_ACTCTTTACCTGGTTGGAAC,SLC4A7,1399,220,83
SLC4A7_TGTTCGCAAAGAGTGGCGGG,SLC4A7,645,191,263
SLC4A7_TCGAACAAGAGGAATCCGAC,SLC4A7,512,104,182
SLC4A7_TTGAAGATGGCGGTGACCGA,SLC4A7,215,475,203
SLC4A7_CCATGATCTCTTCACGGAAA,SLC4A7,2161,1181,1025
SLC4A7_GATGAGACCGCTACTCACCC,SLC4A7,265,14,11
SLC4A8_AAGCACTCCTCGCTACCGCC,SLC4A8,394,195,101
SLC4A8_GCCGGGAGTAACGAGCCGGA,SLC4A8,316,71,50
SLC4A8_AGAAGCACCGGAGACGAGGG,SLC4A8,287,43,26
SLC4A8_TCATGAGCTGTTTACAGAGC,SLC4A8,1507,563,399
SLC4A8_GGCAGCTCCTTAGCTCAAAC,SLC4A8,483,418,284
SLC4A8_AGCTGGAGACAGCCTCACAA,SLC4A8,760,457,710
SLC4A9_GCCTACCCACGAGCTCCAGG,SLC4A9,1010,88,94
SLC4A9_CACAAACCTGTTCCCTCAGG,SLC4A9,559,81,129
SLC4A9_AGTCGAACAAAGGCTCCCAG,SLC4A9,1011,147,66
SLC4A9_AGCTCACCGGGTCACTGAGG,SLC4A9,1145,210,179
SLC4A9_TGGCCCGACGAACTGACCAC,SLC4A9,301,222,156
SLC4A9_CAGGCTTCCCTCGCAACAGC,SLC4A9,1048,112,362
SLC50A1_GACTGACCGGGACATGGAAG,SLC50A1,1208,119,192
SLC50A1_CTAGTCGTAATGGAGGCGGG,SLC50A1,216,109,179
SLC50A1_TCAGGCACATGCGAATGACC,SLC50A1,710,148,132
SLC50A1_TCTGCATTACTGCCCTCGGA,SLC50A1,628,139,52
SLC50A1_AAACCCATAGAGGCACCAGG,SLC50A1,352,6,19
SLC50A1_AAGCCAGAAGCGGATAAAGC,SLC50A1,1220,212,208
SLC51A_TTCACTGTCCTTCAATGAGC,SLC51A,1090,87,187
SLC51A_AGAGAACGCGGCGATGGAGC,SLC51A,331,26,0
SLC51A_CTAGTGAGGGCAAGTTCCAC,SLC51A,1255,462,194
SLC51A_GGTCAGCGTTATCTTCAAGA,SLC51A,876,124,237
SLC51A_TTGACGGGAAATGATGCCCA,SLC51A,660,230,67
SLC51A_AACGTGCTCACCTTGAGACC,SLC51A,1025,153,95
SLC51B_GAATCATTCCATCCTTGCCC,SLC51B,307,127,12
SLC51B_CAGTTTCTGGTACATCCGGA,SLC51B,632,67,46
SLC52A1_CCTTTCTGCTTTGAAACACG,SLC52A1,972,413,497
SLC52A1_CCACGTGTTTCAAAGCAGAA,SLC52A1,2003,983,1355
SLC52A1_ACTACCCTCTGTAACCACAG,SLC52A1,357,193,170
SLC52A1_TCACTACCCTCTGTAACCAC,SLC52A1,687,179,143
SLC52A1_GAGTGGAGCTGCCCTGCCAC,SLC52A1,0,34,0
SLC52A1_CCAGCGCCACAACCACAGAG,SLC52A1,2630,1058,1892
SLC52A2_ACAAGCACAGAGACGTAAGA,SLC52A2,932,298,282
SLC52A2_GCCACCAACGCGCTGACCAA,SLC52A2,237,129,130
SLC52A2_CGTGTTCTCCTACGTGAAGG,SLC52A2,2006,318,419
SLC52A2_TCACGTGTTCCACAGCAGAA,SLC52A2,1201,1059,1409
SLC52A3_CTGCACTGTCCAGCCTAGGC,SLC52A3,1669,671,436
SLC52A3_CATTGTGAGTATCCGGCCGG,SLC52A3,595,72,172
SLC52A3_GGAGGACAAAGAACGCCACG,SLC52A3,262,60,147
SLC52A3_GAAGGTAGCGGCTCTCCAGG,SLC52A3,346,18,39
SLC52A3_CCTTCCTGCCGTTCATGAGC,SLC52A3,145,46,91
SLC52A3_GAGCCCATTGATGGTCACCC,SLC52A3,609,80,28
SLC5A1_GCTGCATACCCACAGTCCGA,SLC5A1,330,139,81
SLC5A1_AAAGGTAGACCTGGATCCGC,SLC5A1,323,247,100
SLC5A1_TTACACGGACACCTTGCAGA,SLC5A1,227,179,111
SLC5A1_GACATCCCAAAGATGAACCC,SLC5A1,346,243,108
SLC5A1_AATATGTCTCACGTGAAGGG,SLC5A1,478,48,75
SLC5A1_ACATTCTGAAGGGACGACAC,SLC5A1,708,153,290
SLC5A10_TTGTCGGGCCAGTAGGAACA,SLC5A10,3037,654,737
SLC5A10_ATTCCACTCGAAGCCTGCCA,SLC5A10,2,33,62
SLC5A10_CACGTACGTGCTGCTGGCAC,SLC5A10,403,108,75
SLC5A10_TACATTCAGAAGCGCTACGG,SLC5A10,885,192,340
SLC5A10_CCGCAGCTGGACCTGTACGC,SLC5A10,3065,476,457
SLC5A10_AGGTCATCCCGGTCCACGGC,SLC5A10,318,79,305
SLC5A11_AGAGGTCTCGTTCAGGACCA,SLC5A11,152,65,126
SLC5A11_CTAGTACCCTGAGCAACAGA,SLC5A11,1216,166,469
SLC5A11_AAGTGGACATTTCATTGGCC,SLC5A11,191,88,61
SLC5A11_ACATCTGATCTCCCGTGGCC,SLC5A11,582,230,108
SLC5A11_CAGGGAACACCATTATGAAG,SLC5A11,1173,166,188
SLC5A11_AAGGGACATTACCTGTGGGC,SLC5A11,0,12,18
SLC5A12_AATGGCAGTGCCCGGAAACA,SLC5A12,1407,239,363
SLC5A12_TGGTCTGTTGACAGAGGCAA,SLC5A12,574,291,227
SLC5A12_TCTCCGACAAGCTGAGCACC,SLC5A12,911,193,319
SLC5A12_TTGCACATTCTACTGTACCC,SLC5A12,962,367,478
SLC5A12_CCTTGATTGAGTGCCAGGGC,SLC5A12,14,17,8
SLC5A12_GCTGTCAGAGACAAGCCGAC,SLC5A12,151,62,123
SLC5A2_AGCCAACGCCAATGACCAGC,SLC5A2,715,149,149
SLC5A2_TGGCTGTTGCTGGATTCGAG,SLC5A2,1838,391,351
SLC5A2_GCACCCGTGTACCTGACAGC,SLC5A2,857,123,296
SLC5A2_CGGAGCTGTATTCATCCAGC,SLC5A2,1035,116,100
SLC5A2_CGTGTCCGTGTACATCAGCG,SLC5A2,852,476,547
SLC5A2_CTGGAGATGTTTCCCACGGC,SLC5A2,906,261,387
SLC5A3_TGAGTGGATACTTCCTGGCG,SLC5A3,2081,184,190
SLC5A3_CACCAGTACCATACTGAAGC,SLC5A3,535,60,295
SLC5A3_GGAAGCGCTGCAATGAACAA,SLC5A3,357,256,434
SLC5A3_CCATTGGAGTAAGCGTCAAC,SLC5A3,448,182,226
SLC5A4_AATTCCCAGGGTGACCAGCA,SLC5A4,531,309,297
SLC5A4_CGCCCGAGGTGTGTAGCAAC,SLC5A4,2654,1306,1079
SLC5A4_ACTGCTGTTTACACCACCAC,SLC5A4,800,218,499
SLC5A4_CGATCCACTTACCGGCCACC,SLC5A4,354,193,334
SLC5A5_CCGAGTTCAGAAGCTGGCCC,SLC5A5,661,26,195
SLC5A5_TGCAGATAATTCCGGTGGAC,SLC5A5,1426,451,413
SLC5A5_CCATGAGGTTGATCCGGGAG,SLC5A5,3540,543,542
SLC5A5_CCTCGGGTCAGGGTTAAAGC,SLC5A5,1950,700,463
SLC5A5_CGCTGGACACGATCAGGAAC,SLC5A5,3586,1610,1596
SLC5A5_GAGGGTGCCACTGTAAGCAC,SLC5A5,336,27,108
SLC5A6_ATGAAGAGCCCTGGCAGGCC,SLC5A6,643,138,136
SLC5A6_GGTAATACGCGAACATGACC,SLC5A6,148,199,42
SLC5A6_CCCGAAGGCCAAGGTCCAGA,SLC5A6,769,370,180
SLC5A6_TGATAACTGCCAGCTGCCCG,SLC5A6,1061,264,521
SLC5A6_AGACGGTACAGACAATGCCC,SLC5A6,243,53,32
SLC5A6_CATGCCCACGCTTGTGCCCG,SLC5A6,1673,609,466
SLC5A7_TAGCTATCAGTCCTTCCACA,SLC5A7,824,279,242
SLC5A7_GCCCAAGCTAGGCCATAACC,SLC5A7,1878,307,664
SLC5A7_TTGCTGAAACGGGTCTAACA,SLC5A7,992,309,653
SLC5A7_CATTGCCACTCTGTACACAC,SLC5A7,1125,629,408
SLC5A7_CTCTGAAAGTATGCTTGCCA,SLC5A7,623,405,330
SLC5A7_CATGGAACTTGCTGACAAGA,SLC5A7,372,396,714
SLC5A8_GCGCAGCCATTCCAATACAC,SLC5A8,1777,637,570
SLC5A8_ACTTCAGATCGCTCTCAGAA,SLC5A8,1011,212,416
SLC5A8_GAAAGACATGGTACTGAACC,SLC5A8,517,111,346
SLC5A8_TTATAGGAGGGACCTTCACA,SLC5A8,400,161,73
SLC5A8_CTTGATTCAAAGCCAGGGCA,SLC5A8,841,215,350
SLC5A8_CCTCCCGGTGTTCTACAAAC,SLC5A8,1448,717,1027
SLC5A9_CCAACACTAACAGATGAGCA,SLC5A9,2312,932,685
SLC5A9_GACTTGCACGGATGGACGAC,SLC5A9,573,240,683
SLC5A9_TTCATCGGCCTGGCTGGGAC,SLC5A9,1374,681,573
SLC5A9_AGGGACGAAGACCCAGCCAA,SLC5A9,133,154,219
SLC5A9_AGACGGCAGTCACCACCAGC,SLC5A9,899,276,178
SLC5A9_TACCCAGAAACATGAGGACC,SLC5A9,618,260,130
SLC6A1_TGCGTCCAAATTCCGAGACA,SLC6A1,2395,597,556
SLC6A1_GCCAGTACACCTCCATCGGG,SLC6A1,184,128,159
SLC6A1_ATGATAGCACAGCAGCCGCA,SLC6A1,99,187,33
SLC6A1_TGTCCTTGCAGACACTGCCG,SLC6A1,572,124,57
SLC6A1_ATAAGCCAGGTCAGATCCGC,SLC6A1,705,157,106
SLC6A1_GAGGATGCCCTCCTTGGCCC,SLC6A1,0,33,77
SLC6A11_GCAGCCTTCCCATTGCCCAG,SLC6A11,885,161,131
SLC6A11_GCTTCACTACTGAGCTACCC,SLC6A11,583,185,362
SLC6A11_TGCTGATCCTCCTGATACGA,SLC6A11,3228,551,464
SLC6A11_ATGCTCTGTTGCCTGAACAG,SLC6A11,1804,172,155
SLC6A11_GAGCATCATGAAGAACAAGG,SLC6A11,235,126,148
SLC6A11_CTAGGATGAGCAGCTCCCGC,SLC6A11,893,24,469
SLC6A12_GAGCATGATAAAGAACAGGC,SLC6A12,452,163,212
SLC6A12_ATACCTGAGGGTCCTTGAGG,SLC6A12,726,48,0
SLC6A12_CACCTCGGGCATCCATGACC,SLC6A12,741,136,136
SLC6A12_TTTCTGAACCACTCAGGAGC,SLC6A12,99,160,178
SLC6A12_GGATACATACCCTGGAAGAG,SLC6A12,919,124,417
SLC6A12_CCACACAGCCATGGACGGGA,SLC6A12,1353,344,172
SLC6A13_GGTGGTCCTGTTAATTCGAG,SLC6A13,38,51,52
SLC6A13_GATCTTCAAGACCCGCCGCC,SLC6A13,0,20,11
SLC6A13_AAGCATGATCAGATGGCAAC,SLC6A13,151,250,131
SLC6A13_TGATGTAGTAGACGTTGAGG,SLC6A13,387,353,20
SLC6A13_CTAGGCCAGTACACTAGCCA,SLC6A13,2040,1069,1249
SLC6A13_AAGATGGCACCCTGGAGCGG,SLC6A13,461,271,386
SLC6A14_CCATATCTGACCTACAGCAA,SLC6A14,2747,507,703
SLC6A14_ACCATTGTAATTCCCACACC,SLC6A14,1265,158,173
SLC6A14_GCTCTAGCCCAACTCCCAGG,SLC6A14,678,149,249
SLC6A15_CTGTGACCTATAAGAGAGGA,SLC6A15,616,207,273
SLC6A15_TCAATCCATGCGTTATAGCC,SLC6A15,593,345,344
SLC6A15_AGCCAAGCAAACCATGACCC,SLC6A15,1184,456,139
SLC6A15_ACCAAAGGACACTGATCCCA,SLC6A15,720,184,217
SLC6A15_AAGGACACTGATCCCAAGGC,SLC6A15,297,249,174
SLC6A15_CTGCGTCTTCATTGGAAAGA,SLC6A15,2258,870,1000
SLC6A16_TTCTCTTTGCAGGCTAGCGA,SLC6A16,1293,217,313
SLC6A16_TGAGTGTGTGGTCTCTAGCA,SLC6A16,264,451,528
SLC6A16_CCGGACTCTACTCCTGGAAG,SLC6A16,1728,223,473
SLC6A16_GCCTCAGACAGAATCGAGGA,SLC6A16,75,175,22
SLC6A16_GGCCGAGGATGAAGCACACC,SLC6A16,577,183,121
SLC6A16_CTGGCAAACACCTCATGGAC,SLC6A16,1828,535,429
SLC6A17_GCTCACTGCTGTGCTCACGC,SLC6A17,2490,585,598
SLC6A17_GCAGCACCAGGTAGGGCACC,SLC6A17,493,256,235
SLC6A17_TCTGACTCCATCTCGGAGAG,SLC6A17,964,44,178
SLC6A17_TGGCCTGCTTCCTGGTCCGG,SLC6A17,60,24,43
SLC6A17_CTGCCACTTCGATGCCGCCC,SLC6A17,1504,70,364
SLC6A17_CAGCTCGTCCTCCAGAAGGC,SLC6A17,1211,138,235
SLC6A18_GAGGCCCAAGTGGGACAACA,SLC6A18,389,220,238
SLC6A18_TCATCGCGCTGGTCTTCGAG,SLC6A18,381,411,312
SLC6A18_ATGGTCCCTGTCCACAGGGC,SLC6A18,160,83,39
SLC6A18_CATGTACACGACTGCCCAGG,SLC6A18,927,273,197
SLC6A18_CGATGTGTCCTCCGAAGGCC,SLC6A18,1344,431,853
SLC6A18_AGCGATGGACGCGTACAGGG,SLC6A18,1142,174,137
SLC6A19_CTTGTTGTCCCACTTCGGCC,SLC6A19,527,70,101
SLC6A19_CGAACTCCAGGTACAGCAGG,SLC6A19,1205,564,118
SLC6A19_CCGCTCAACGAGAACCAGAC,SLC6A19,1118,348,246
SLC6A19_CCCATGCAGTACCTTCCCGG,SLC6A19,1570,477,438
SLC6A19_CAGGACGACATAGGGCAGCG,SLC6A19,884,219,159
SLC6A19_GCCTGAAGGCAACGTGACCC,SLC6A19,305,156,205
SLC6A2_AGGTGCAGCCCGAGAACAAC,SLC6A2,777,444,408
SLC6A2_TGGGACAGTACAACCGGGAG,SLC6A2,1428,387,469
SLC6A2_GGACCGACTGTGGCCACACC,SLC6A2,833,345,736
SLC6A2_TGCACCTTCACGAGAGCAGC,SLC6A2,362,646,543
SLC6A2_CGACTTCTACCGCTTGAAAG,SLC6A2,3220,1403,1535
SLC6A2_AGCTGTCAAGGCCCAGCGCC,SLC6A2,67,159,96
SLC6A20_TTGACAAGGCACACCAGACC,SLC6A20,2276,661,606
SLC6A20_GGCATTCATCGTCTACACAG,SLC6A20,366,195,421
SLC6A20_ACGCTCCACGGAGCCACCAA,SLC6A20,513,192,417
SLC6A20_GCACAGGTACACCACCAGCC,SLC6A20,1546,302,245
SLC6A20_GCCGCTCTTGTACCTGGAAC,SLC6A20,1617,246,192
SLC6A20_CTCCGCCGTACATCTGGCAC,SLC6A20,999,223,296
SLC6A3_CGCCCAGGGAGAAGCACACC,SLC6A3,1954,972,553
SLC6A3_TGCCGTCTATGGCTCCAGGG,SLC6A3,445,140,286
SLC6A3_AGGTCTTCACGCCCTTCCAG,SLC6A3,468,71,162
SLC6A3_TACTCAAAGTACTCGGCAGC,SLC6A3,103,88,97
SLC6A3_CTCGGCCAGTTCAACAGGGA,SLC6A3,1464,815,887
SLC6A3_CGGCATTGGGCTCCTTAGCC,SLC6A3,1003,382,630
SLC6A4_GAATGAAGATGTGTCTGAGG,SLC6A4,528,123,86
SLC6A4_CGGCTGCATCTATCCACACC,SLC6A4,1852,958,704
SLC6A4_AGGCGTCAAGACCTCTGGCA,SLC6A4,1517,200,316
SLC6A4_TCTCCGAGGACAACATCACC,SLC6A4,275,120,411
SLC6A4_CTGGGACAGTACCACCGAAA,SLC6A4,2405,704,498
SLC6A4_ATGAAGCTCAGCCACTAGGG,SLC6A4,679,25,56
SLC6A5_CTTGCAAACTCAGTAGCCCG,SLC6A5,2675,1018,938
SLC6A5_AGAATAAGGCCCGAGGGAAC,SLC6A5,1295,356,275
SLC6A5_CTCACCTTGTAGAGCTGGGA,SLC6A5,392,326,309
SLC6A5_CCAGGGTAGTACAGACACAA,SLC6A5,1613,1010,914
SLC6A5_GGGATGGTCACTGATAACAC,SLC6A5,781,129,234
SLC6A5_AATATCCTGGCGAGATCAGG,SLC6A5,247,62,35
SLC6A6_TGTCCACTAATGGCTTCAGC,SLC6A6,121,450,149
SLC6A6_CATACTCACCAGAGAACAAG,SLC6A6,1138,183,289
SLC6A6_GAGGGACACAATTACAACGG,SLC6A6,71,127,163
SLC6A6_AGTCCAACTTACCTTCCCAG,SLC6A6,690,219,189
SLC6A6_TCATAGGTGTGGATTGACGC,SLC6A6,1333,449,429
SLC6A6_CTTGCTTGGACTGGATAGCC,SLC6A6,2667,654,1248
SLC6A7_CCAGGGAGCTCACCTCCGCA,SLC6A7,1735,291,379
SLC6A7_CATCCAGGTCGACATCGCCC,SLC6A7,1042,2,271
SLC6A7_GCATGAGGAAGTAGGGCACG,SLC6A7,795,130,43
SLC6A7_AGAGTCTCCAAGGACGGCAA,SLC6A7,700,282,207
SLC6A7_GGGTGTGAAGTCTTCGGGCA,SLC6A7,1210,292,431
SLC6A7_TCCGCGGAGTCACCCTCCCA,SLC6A7,1088,249,264
SLC6A8_TCCCTACGTCCTGATCGCCC,SLC6A8,1075,267,315
SLC6A8_GCATCAGCGTGACAGCCCGC,SLC6A8,878,95,105
SLC6A9_CACTCCGCGGACAAACAGAA,SLC6A9,897,253,314
SLC6A9_AGACACCGAGGCAGCCAAGG,SLC6A9,1919,686,397
SLC6A9_CGCAGTCATGCGTGTTCCAG,SLC6A9,677,334,264
SLC6A9_CTGGCTTGCAAACTGGCCGA,SLC6A9,447,182,69
SLC6A9_GACGAGCGTGGGCTATGCCG,SLC6A9,0,5,249
SLC6A9_AATGAGCGGCGGAGACACGC,SLC6A9,434,145,86
SLC7A1_ATACCGTAAGACCAACACAC,SLC7A1,512,291,434
SLC7A1_GCCATGGCATAGATAACCCG,SLC7A1,1505,248,289
SLC7A1_TGCCAAGTACGCAGTGGCCG,SLC7A1,839,315,201
SLC7A1_CAGGACACCAGAGAACCCGA,SLC7A1,245,56,22
SLC7A1_CTGACACCATTATGAAGCCC,SLC7A1,2679,424,654
SLC7A1_GCAGATGCTGCGGCGGAAGG,SLC7A1,342,371,385
SLC7A10_GGGCGTCATCCAGAAAGCAA,SLC7A10,147,177,99
SLC7A10_GAACATGTCCTGGATGCGCG,SLC7A10,1142,212,272
SLC7A10_ATGCTTACTCAGGCAGGCCA,SLC7A10,167,222,168
SLC7A10_CTCCCTCTGCTATGCAGAGC,SLC7A10,189,138,216
SLC7A10_GGAGCGGGTGGCGCTCAAGA,SLC7A10,583,142,192
SLC7A11_CTGGGATGAACAGTGGCACC,SLC7A11,939,251,249
SLC7A11_TGCGGACATGAATCATGGAG,SLC7A11,1109,191,255
SLC7A11_TGCTTTGGCTCCATGAACGG,SLC7A11,1107,324,225
SLC7A11_AAGTATTACGCGGTTGCCAC,SLC7A11,176,82,17
SLC7A11_AAGGGCGTGCTCCAGAACAC,SLC7A11,1243,50,39
SLC7A11_TAAGGGCGTGCTCCAGAACA,SLC7A11,1320,466,248
SLC7A13_AGCAACAATAGTCATCGACG,SLC7A13,752,320,254
SLC7A13_TCTGACTGTTCTGACACCCA,SLC7A13,1078,183,195
SLC7A13_ATCTGACTGTTCTGACACCC,SLC7A13,355,393,342
SLC7A13_CACAGCCAGCCCAAACGCAC,SLC7A13,1152,457,196
SLC7A13_ACAGCCAGCCCAAACGCACA,SLC7A13,815,407,429
SLC7A14_TTACACCATGAGAATCCGGC,SLC7A14,163,292,291
SLC7A14_GCCGAGGGTCATTTATGCCA,SLC7A14,1009,106,317
SLC7A14_CATCATCGCCACCACTGGAG,SLC7A14,1318,79,184
SLC7A14_CCGCGATCAACAGAGCCAGA,SLC7A14,787,236,210
SLC7A14_CCAACCACACCATCAGCCGC,SLC7A14,1769,403,374
SLC7A14_TAGCTTAGTTCCATGTGCCG,SLC7A14,370,275,444
SLC7A2_CCGGATCAGACATCGGGCAA,SLC7A2,1836,704,647
SLC7A2_GCCAAATATGTCGTCGCAGC,SLC7A2,976,492,361
SLC7A2_GCCATAGCATAGATTACACG,SLC7A2,1576,309,557
SLC7A2_CTGTTTGCCATGGCCCGGGA,SLC7A2,1040,328,290
SLC7A2_CTCACTCTTCGAGGTTACCC,SLC7A2,934,403,381
SLC7A2_ACGGAGTTCATGCCATCACC,SLC7A2,1627,339,406
SLC7A3_GAGCAAGTACACGGAACAGG,SLC7A3,363,85,269
SLC7A3_AAGGGCTCTCAGGCTGAAGC,SLC7A3,291,48,171
SLC7A3_AGAATTCCCTCGAAGCCGAA,SLC7A3,972,302,281
SLC7A3_GATCTCTGGCTTCGTTAAGG,SLC7A3,572,127,101
SLC7A3_CACCAGTGAGCAGCAACACG,SLC7A3,1812,721,847
SLC7A3_AATCTGCGAAATGCTTGCCA,SLC7A3,390,52,65
SLC7A4_TCAGCTACTCCATATGGCCA,SLC7A4,1059,305,279
SLC7A4_CTATGGCATCCGGCATAGCA,SLC7A4,1617,334,268
SLC7A4_GGTGCACATGGGCAAACACC,SLC7A4,460,50,32
SLC7A4_GGCATAGACAATGCGTGGCA,SLC7A4,218,69,32
SLC7A4_GATGTAGGCACCAGCTGCAA,SLC7A4,203,201,173
SLC7A4_TAAGCGTGCCAGGCTAGCAA,SLC7A4,751,199,247
SLC7A5_AGATCATGCCGATGATGGCC,SLC7A5,336,77,84
SLC7A5_GCAGGCTTACCGTGAACACG,SLC7A5,706,299,467
SLC7A5_TGATCCAGGACATGACGCCC,SLC7A5,393,281,310
SLC7A5_CTCCCTGCCCATCGTGACGC,SLC7A5,993,1501,654
SLC7A5_CTCATTTGAAGGCACCAAAC,SLC7A5,1889,880,1110
SLC7A5_CGATCTGGACGAAGCCCAGC,SLC7A5,252,175,214
SLC7A6_CGAAACTATGCAGCTGAAGA,SLC7A6,1675,778,629
SLC7A6_GGCCTTGTTAAACTGTGCCA,SLC7A6,209,30,52
SLC7A6_CCCAACCTGAGTAAGAGAAG,SLC7A6,994,197,229
SLC7A6_AGACGTTTGGCATGTTCAGC,SLC7A6,537,179,150
SLC7A6_CAATGTGGATCATGGACAGA,SLC7A6,424,103,147
SLC7A6_TCCGCTGGAAGGAGCCCAAG,SLC7A6,301,260,511
SLC7A6OS_CTGGCGCAATGAGTACCCAG,SLC7A6OS,1678,191,171
SLC7A6OS_ACTGTGTCTGAGGATGGACC,SLC7A6OS,276,126,48
SLC7A6OS_ATCGGCGGCTGGAAAGCACC,SLC7A6OS,609,0,0
SLC7A6OS_ACGGGCGCAGAACTTCCCGC,SLC7A6OS,384,1,146
SLC7A6OS_TAAACGCCTCCGGAGCGACG,SLC7A6OS,543,0,0
SLC7A6OS_CCGCTGTACTCCGGGTGAAG,SLC7A6OS,3064,96,157
SLC7A7_AGCGACCGCTTTACCTCCGA,SLC7A7,644,83,188
SLC7A7_TGGGTCAGCTTTATCTGCGC,SLC7A7,702,247,291
SLC7A7_CTCAACATGGATCATGCAGA,SLC7A7,1150,106,267
SLC7A7_CAGGATAATGCAACTGACAG,SLC7A7,890,281,324
SLC7A7_AGGCATTGTTAGACTTGGCC,SLC7A7,631,347,71
SLC7A7_TCCAGAGTCTGATGAAAGCA,SLC7A7,814,580,639
SLC7A8_AGGCAGCACTCACCGAGAGG,SLC7A8,1089,138,272
SLC7A8_TGACATCGGCCTCGTCGCAC,SLC7A8,32,145,163
SLC7A8_CATGATGATAATCAGGGCCA,SLC7A8,322,27,217
SLC7A8_AAGAGAGAGGCCCTTCCGGA,SLC7A8,399,42,41
SLC7A8_CAATCCAGACGATGAGAGCA,SLC7A8,1626,354,247
SLC7A8_CTCACCTACGATGATACCAC,SLC7A8,1026,253,566
SLC7A9_AGTGGAACGATCCAAGAAGC,SLC7A9,204,252,84
SLC7A9_ATGTAGCACGCCGTCACCAG,SLC7A9,1189,214,419
SLC7A9_CACGATCACCAGCTTGGCCG,SLC7A9,2074,582,751
SLC7A9_GCAGATGATGGCGAAGGACG,SLC7A9,1290,32,160
SLC7A9_TCTCTTTACCCAGCGTCGCG,SLC7A9,797,252,151
SLC7A9_TAAGACCACCAGTCTCCAAA,SLC7A9,779,268,301
SLC8A1_TAACGTCACGGGCAGCAACG,SLC8A1,1680,871,436
SLC8A1_CATCACGTAATCGAAACAGG,SLC8A1,1233,169,97
SLC8A1_TAGTCCCAACCACAAGGGCC,SLC8A1,460,111,271
SLC8A1_TCACTCATCTCCACCAGGCG,SLC8A1,2772,500,510
SLC8A1_ATCGAAGGGACTGCCAGAGG,SLC8A1,1036,288,537
SLC8A1_GAATGCAGCACTTCCCACGA,SLC8A1,2393,260,351
SLC8A2_GGACAGGAAGCTAACAGCCG,SLC8A2,718,133,637
SLC8A2_CCTTGATTGAGTAGCAGAGC,SLC8A2,735,140,532
SLC8A2_GGTGAAGATAGTTGATGACG,SLC8A2,612,31,12
SLC8A2_CAGGGCATGTTCGAGCCGGA,SLC8A2,402,141,183
SLC8A2_CCTGGATGCGGTAGAAGGCG,SLC8A2,595,178,152
SLC8A2_CGACCCGTCGCTGGGTGACA,SLC8A2,1092,635,483
SLC8A3_CATGACGTAGTCAAAGCAGG,SLC8A3,599,71,8
SLC8A3_CTCTTCTTAACAGACTACGG,SLC8A3,843,256,363
SLC8A3_TTGTTGCAGATGTGACAGAC,SLC8A3,1509,344,377
SLC8A3_GAACCGAAATGGATGGAACG,SLC8A3,629,576,339
SLC8A3_AACTCATATCCACCATGCGG,SLC8A3,1071,278,199
SLC8A3_TGTGTCTACGTGATCCCAGA,SLC8A3,254,224,244
SLC9A1_CAACGAAGAGATCCACACAC,SLC9A1,2149,620,713
SLC9A1_ACCCTCACAGGCTGTTCCCG,SLC9A1,1764,274,267
SLC9A1_CAGGCTCATAGCCTCAGGAG,SLC9A1,882,443,335
SLC9A1_CGAAGAAGCTCAGGAAGCCG,SLC9A1,2017,1125,436
SLC9A1_AGACAGCCAGAACCGCCACG,SLC9A1,507,227,418
SLC9A1_TCATGGCATGAAGCCGCGCA,SLC9A1,751,246,536
SLC9A2_GACCTTGCTGAACGCGCCGA,SLC9A2,82,54,146
SLC9A2_AGATTAAGCTGCCAAAGAGC,SLC9A2,603,259,168
SLC9A2_CTGCCTCATGTGGCGAGCCC,SLC9A2,505,328,1114
SLC9A2_TTCCGAGGAAACACAGCAGC,SLC9A2,885,182,198
SLC9A2_GGGAATAACTATTCGACCAC,SLC9A2,165,130,52
SLC9A2_GCAGCTTGAATCGAGAACAC,SLC9A2,1848,393,514
SLC9A3_CCGCTACCGCATGGTGCAGC,SLC9A3,230,220,310
SLC9A3_GGCCTTCGTGCTCCTGACGC,SLC9A3,694,151,269
SLC9A3_AGCGCGTCACCAGCGACAGC,SLC9A3,395,393,212
SLC9A3_CCTCATGGCGGCTGTGGACC,SLC9A3,171,88,150
SLC9A3_TACCCACGACGGCGTACAAC,SLC9A3,1481,489,713
SLC9A3_TGACGTAGGGATCCTGCACG,SLC9A3,1090,500,340
SLC9A3R1_TGCCTGGAGAAGGGTCCGAA,SLC9A3R1,1770,368,615
SLC9A3R1_GGAGAAGGAGACCCACCAGC,SLC9A3R1,556,27,138
SLC9A3R1_CACAGCGACAAGTCCAAGCC,SLC9A3R1,1063,440,667
SLC9A3R1_GAGCCCTGAAGCCTCAGCCG,SLC9A3R1,693,142,30
SLC9A3R1_ACTGGAGGCGGATCTCACCA,SLC9A3R1,1022,62,98
SLC9A3R1_CTCCAGTGACACCAGCGAGG,SLC9A3R1,2672,172,189
SLC9A3R2_CGCCGTTGACCTCGACCAGG,SLC9A3R2,2246,531,633
SLC9A3R2_CCTTGATCCTTTGCACCACC,SLC9A3R2,2041,556,550
SLC9A3R2_CATAGTGACAAGTCCCGGCC,SLC9A3R2,650,216,72
SLC9A3R2_GGCCAGCATCAAGGCACGGG,SLC9A3R2,0,1,85
SLC9A3R2_CTGCCGTCACCCGTCACCAA,SLC9A3R2,3889,838,777
SLC9A3R2_ACGCAGAGCCACCATTGAGC,SLC9A3R2,1664,406,372
SLC9A4_ATGCTGGAGTCCATGACCGG,SLC9A4,1293,309,387
SLC9A4_GGCTCTCCAGATTTGGCAGA,SLC9A4,150,43,155
SLC9A4_TACAGTGGTGTTCGAGGAGC,SLC9A4,403,227,88
SLC9A4_CATGTACCAAGTTCGGCAAA,SLC9A4,3079,1355,1041
SLC9A4_CCCTTAAGGTGTTCTGGCGG,SLC9A4,377,121,467
SLC9A4_TGGTTGAGGTTCGGTCGAGG,SLC9A4,794,197,489
SLC9A5_CAGCGGAAGAGCTCTAAGCC,SLC9A5,400,808,570
SLC9A5_TGCCATCCTCACCTATGCCG,SLC9A5,2221,236,252
SLC9A5_AGATGAGGCTCCCAAACAGC,SLC9A5,906,269,135
SLC9A5_TGACCACACGCTTCACCAAG,SLC9A5,1994,649,728
SLC9A5_GAGGGTGCCAGCAATACCGA,SLC9A5,697,132,136
SLC9A5_CCGGAACTGATTCAGCACCC,SLC9A5,3278,619,722
SLC9A6_GCCATAAATCATAGCCAGGC,SLC9A6,720,128,166
SLC9A6_ATAGTGGCATACCAGCCAGC,SLC9A6,782,25,45
SLC9A6_GAGTTCCAGTTGTTGGAGAC,SLC9A6,349,419,135
SLC9A6_GGCAGTATCTCGAATGGCCA,SLC9A6,747,101,106
SLC9A6_ACCAACTTACTTCGTAAGCC,SLC9A6,720,312,309
SLC9A6_GGTCATTCGAGGAACACGCC,SLC9A6,331,60,81
SLC9A7_TCGAGCTAGTAAGCCACACC,SLC9A7,860,247,881
SLC9A7_CCTCTTGTTTGTTCCTAGGA,SLC9A7,794,182,291
SLC9A7_TCATTCTGGTCCTCTTCGGA,SLC9A7,131,107,117
SLC9A7_AAACCTACCTGTAAATCCGC,SLC9A7,566,52,179
SLC9A7_GCGTGAGTGTTCAGTCCCGC,SLC9A7,311,8,129
SLC9A7_CGTGCAGAAAGCGCACCCGG,SLC9A7,1868,721,703
SLC9A8_CCTGGTTGTCACGACGAAAC,SLC9A8,2314,961,701
SLC9A8_AATATCTGCTGTCGATCCAG,SLC9A8,174,10,86
SLC9A8_TAAGAAGGCCACGGTGCGGA,SLC9A8,632,38,68
SLC9A8_GATCCCGGAAGAAATTCAGG,SLC9A8,128,25,49
SLC9A8_GGCACACCGCAGGAACAAGA,SLC9A8,1324,373,615
SLC9A8_CCTCCTCCGTGAGCTCCGAC,SLC9A8,990,523,1202
SLC9A9_TTATGAGGGAGACCTCGGCC,SLC9A9,480,169,197
SLC9A9_GGTAATGTTGTAGTCAGCGG,SLC9A9,457,245,245
SLC9A9_ACTTGCCTGGTGTTGTGAGG,SLC9A9,1929,89,202
SLC9A9_CTAGATTCAGGAGGAAGGAG,SLC9A9,1799,255,215
SLC9A9_GAAGCACTGACCTGTTAGGC,SLC9A9,510,182,136
SLC9A9_CTCCAGTTTCATGCAAGAAG,SLC9A9,2001,648,594
SLC9B2_CAATACTGCAATGCCTACGG,SLC9B2,1269,309,122
SLC9B2_ATTGAAGGCACCACAACAGC,SLC9B2,890,54,130
SLC9B2_ATTGCCATGGTAAACCCAGC,SLC9B2,122,170,33
SLC9B2_CACGAACCAGAATGATAGAC,SLC9B2,1733,772,408
SLC9B2_CTGGACAGGGTCATAACAAA,SLC9B2,2784,466,496
SLC9B2_GAAGATTCAGAACCATCCAC,SLC9B2,427,50,49
SLC9C1_GATACGCAAACGCCATACAA,SLC9C1,555,188,112
SLC9C2_TATACCTACAACCTGTGAGC,SLC9C2,192,103,47
SLC9C2_AAAGGAGGTGAAATGCCACA,SLC9C2,238,73,117
SLC9C2_CATCTGTGGCCAATGGCAAG,SLC9C2,855,466,189
SLC9C2_TTCTTGAAATAGAGGCAGCC,SLC9C2,435,200,290
SLC9C2_ACGTGATGACTCAGTCAGCC,SLC9C2,402,157,332
SLC9C2_TCTTCAACAAGGTAGTCAGC,SLC9C2,420,47,185
SLCO1A2_TGTGAGACATCCATTGGAAC,SLCO1A2,2188,415,429
SLCO1A2_CCCAACACACTTCCAAAGGA,SLCO1A2,1857,691,573
SLCO1A2_TTTGCCCAACACACTTCCAA,SLCO1A2,865,229,216
SLCO1A2_GACACTGGATTTGTGAACAC,SLCO1A2,855,34,182
SLCO1B1_TCCAATCATTGGCTTTACCC,SLCO1B1,1047,260,179
SLCO1B1_ACCAACAACTGTGGCACACG,SLCO1B1,827,312,125
SLCO1B3_ACCATTCCTACGGTTGCAAC,SLCO1B3,1203,392,490
SLCO1B3_TCTTTGTTCTCTGCAACAGG,SLCO1B3,517,140,126
SLCO1B7_GGCTACCTTCAAGCCGAAGA,SLCO1B7,797,150,280
SLCO1C1_ACCTTTAGTTCACCACAGCA,SLCO1C1,1454,480,687
SLCO1C1_TAACTCCCACCAGTGAAGAA,SLCO1C1,1631,252,287
SLCO1C1_TTCCACGAAGAAGATTGCCC,SLCO1C1,248,30,47
SLCO1C1_TATTAGATAGCCAAGCCACC,SLCO1C1,301,50,61
SLCO1C1_ACCGATCACAAAGTTGGCCC,SLCO1C1,896,189,119
SLCO1C1_GGACTAACTGTCTCCTACCA,SLCO1C1,1909,392,607
SLCO2A1_CTCCAGGAACTTGTTGAGGA,SLCO2A1,698,581,677
SLCO2A1_GATCTTTGTGGACTATGGCA,SLCO2A1,336,70,87
SLCO2A1_TCCCGATGCCAGCCAGCAGC,SLCO2A1,998,260,249
SLCO2A1_TGTACTGGTAGGGCTCGGAG,SLCO2A1,292,251,564
SLCO2A1_CTTGGCAGAGCACAAACACC,SLCO2A1,791,720,636
SLCO2A1_TAGTAGAGGTGTCGCTGCCC,SLCO2A1,638,48,15
SLCO2B1_GGCCTGTACCTCGTTGAAGG,SLCO2B1,397,70,130
SLCO2B1_ATCGATGTAGGAGATGCCAA,SLCO2B1,212,58,33
SLCO2B1_CATGAGGCTGCCCAGCCCAA,SLCO2B1,396,130,102
SLCO2B1_GAGTCCACGAAGAAGCAGGA,SLCO2B1,369,38,187
SLCO2B1_CAAAGGGCACCGCATCCCAC,SLCO2B1,1061,389,228
SLCO2B1_TACATCACACCCTGCCACGC,SLCO2B1,3,203,49
SLCO3A1_TCAGGGCGCACTCGGACACC,SLCO3A1,1017,154,351
SLCO3A1_CCGACCTCATCTGCCGCAAC,SLCO3A1,1381,491,818
SLCO3A1_CCCAGGATAAACCCGCAGGC,SLCO3A1,9,239,5
SLCO3A1_GAGAGACCCAAGCCCAGCAA,SLCO3A1,549,119,157
SLCO3A1_CAATCTCCATGCAGGCGGCC,SLCO3A1,1438,218,158
SLCO3A1_GATGGCCATGCTCGTCAACC,SLCO3A1,838,59,142
SLCO4A1_GCAGGAATGCGGCCGCACAC,SLCO4A1,554,147,256
SLCO4A1_CCAATCAGGTAGCCGGCAGC,SLCO4A1,1523,78,386
SLCO4A1_GCAGCTGCCGAGGGTAACCA,SLCO4A1,423,140,150
SLCO4A1_CACGGCTGCTGTCCTTCAAC,SLCO4A1,2909,1113,882
SLCO4A1_GGACATGCCGGTGATGAGAG,SLCO4A1,902,84,169
SLCO4A1_ACTTGATGACCGCGGAGCCC,SLCO4A1,458,199,223
SLCO4C1_TCCAAGAGTAGCTGCGAAGC,SLCO4C1,1597,668,545
SLCO4C1_GGTACAGCAGAAATTCAAGC,SLCO4C1,43,124,188
SLCO4C1_TCACTGAGGATGATCCGCGA,SLCO4C1,2350,839,749
SLCO4C1_GCTGTTCCCAGAGTATAAAG,SLCO4C1,1078,261,176
SLCO4C1_TGCAGCCTTTATGATTGGAC,SLCO4C1,995,435,657
SLCO4C1_TGCCTCTTGGCCGTCACGCA,SLCO4C1,954,568,693
SLCO5A1_AAACCCAACGAATTTGAGGC,SLCO5A1,243,443,441
SLCO5A1_GAGCTGACTTCGCTGTCCCA,SLCO5A1,541,186,230
SLCO5A1_TTAACACAGCCAGCCAGACA,SLCO5A1,1082,306,410
SLCO5A1_TCCAATGCCAGCATCTACAC,SLCO5A1,1660,483,517
SLCO5A1_ACCCTCGTTTCATTGGAAAC,SLCO5A1,318,291,542
SLCO5A1_CTCCACACCTATTTATACCC,SLCO5A1,346,430,559
SLCO6A1_CAATCGTCTTGGCCATGACG,SLCO6A1,1896,323,300
SLCO6A1_TTGATCCCAGCAAATTGCAC,SLCO6A1,696,357,422
SLCO6A1_TGTACACCATGCAACGACAG,SLCO6A1,2415,685,711
SLCO6A1_AATGTTGCTACACACTCAGC,SLCO6A1,34,18,83
SLCO6A1_AGCCAGGATGAAGTCTCAAG,SLCO6A1,641,275,145
SLCO6A1_CCGGGCGACGCCTACGAACA,SLCO6A1,2707,855,937
SLFN11_CCTGAAGCCGAATGGTCCCA,SLFN11,1440,279,379
SLFN11_AGCATCACTCGGAGAGCAAA,SLFN11,600,275,200
SLFN11_GACCTGATCTCAGAGCACAG,SLFN11,463,187,48
SLFN11_AGGCCTTTCTTGGAGTACAC,SLFN11,594,1,98
SLFN11_AGTGATTCGAATGGCCAAGA,SLFN11,565,199,150
SLFN11_TAAGATGGTTCCACAACCAG,SLFN11,806,97,155
SLFN12_TCCTGGTCAACTGCATCACA,SLFN12,1098,304,214
SLFN12_ACCGTGTGATGCAGTTGACC,SLFN12,1161,226,267
SLFN12_TAACATGAAGGCCTTGGCCG,SLFN12,2026,200,138
SLFN12L_TTCATGGTGGATTCAGAACC,SLFN12L,1961,392,312
SLFN12L_AGTTAAGCAGTTGACCGAGA,SLFN12L,644,181,110
SLFN12L_AGACACAAACTATGCTGAGC,SLFN12L,1394,190,298
SLFN12L_TAGAAATGCAGCTGAGCGAG,SLFN12L,1344,371,467
SLFN13_TTTGTGTTGCCTGGAACACC,SLFN13,115,113,105
SLFN13_TGAGAATTGCCAGATACCCA,SLFN13,969,315,250
SLFN13_CTTGGATACTGTGCTGAGAG,SLFN13,2037,983,646
SLFN13_TTGGATACTGTGCTGAGAGA,SLFN13,872,222,106
SLFN13_TTGGTGCTGTACTCTACCCG,SLFN13,2216,587,918
SLFN14_ATCAGAGGTTGTGTTTAGCC,SLFN14,292,212,123
SLFN14_TCACCCATCCAAAGGCGAAG,SLFN14,531,241,198
SLFN14_ATCAGCAAGCCTGTAGGACC,SLFN14,503,52,39
SLFN14_TGCAAACACCACGCAACAGA,SLFN14,2564,596,596
SLFN14_CCAATGCCATGGGCTGGGAC,SLFN14,1022,320,312
SLFN14_TAGTTACCAATGCCATGGGC,SLFN14,354,31,48
SLFN5_CAACATGTGTGGACTCAGGA,SLFN5,1141,346,444
SLFN5_TTGTGGGCAATTGTCTCACA,SLFN5,531,5,232
SLFN5_TGGCAGATGACAAACTCAAC,SLFN5,1260,668,294
SLFN5_TATCACGAGGGACTGTAACA,SLFN5,1076,303,569
SLFN5_ACCCAAGCAAGACTATCACG,SLFN5,1737,331,514
SLFN5_ATCACTCAGACAGCAAGGGA,SLFN5,320,91,100
SLFNL1_TGGATGGCGCTGGCAGACAG,SLFNL1,926,169,198
SLFNL1_GCCTTCCTCAACAGCGAGGG,SLFNL1,1013,90,98
SLFNL1_TAGCGGCGAGTACCTCAGCC,SLFNL1,386,249,276
SLFNL1_GCCGCGGAAGGCCTATGCAC,SLFNL1,798,109,167
SLFNL1_CTGCCTGCTGCGAGACACCC,SLFNL1,394,88,626
SLFNL1_CACATAGAGAGTGTGCGCCG,SLFNL1,2038,558,506
SLIRP_GCGTAGAAGTATCAATCAGC,SLIRP,582,70,56
SLIRP_TTGGCCTTCTAGTGTGAACC,SLIRP,886,421,327
SLIRP_GAAAGGAGAGAGACCACCAC,SLIRP,245,70,131
SLIRP_GAGAGACCACCACAGGCAAA,SLIRP,387,85,230
SLIRP_GACCACCACAGGCAAACGGC,SLIRP,424,156,142
SLIT1_TAGCTTTCTGTAGGGTGAGA,SLIT1,456,107,54
SLIT1_TCTCCGTCATGGTCTCGGGC,SLIT1,739,148,219
SLIT1_CTGCCACATTGAGGCCACGC,SLIT1,2089,55,648
SLIT1_AGATCAGCTGCATTGAGGAA,SLIT1,1038,439,488
SLIT1_CAGATTGGAGCAGTGGAACG,SLIT1,2995,706,1041
SLIT1_GGAACCACGGTGGACTGCCA,SLIT1,739,38,153
SLIT2_AGTGCTGGCGATCCTGAACA,SLIT2,1475,348,281
SLIT2_ACCAAATTCAGGCAATCCCA,SLIT2,576,87,259
SLIT2_TGAGTGTACAGACCAACCCG,SLIT2,2225,562,458
SLIT2_ATTGTTGCTACAGGTACAGG,SLIT2,754,76,188
SLIT2_CAAGCTTCAGACCATCGCCA,SLIT2,899,258,223
SLIT2_GCTGGTGCAACGGGCACCAC,SLIT2,452,80,122
SLIT3_CGTGGCGGATGTGCAGAAGA,SLIT3,737,288,683
SLIT3_CAAATCGCGCAGCGCTCGGA,SLIT3,335,15,57
SLIT3_TCTTCACATCGGTGATGCCG,SLIT3,92,247,83
SLIT3_CTCTCTCGATGACGCTGACC,SLIT3,1334,265,210
SLIT3_TATCACCAGGATCACCAAGA,SLIT3,857,142,271
SLIT3_GCTGCCAGCGTGGACTGCCA,SLIT3,327,82,63
SLITRK1_GGCAGATCTCGTCATTGGAG,SLITRK1,733,319,204
SLITRK1_TTACTTCATGTACCTCCCGG,SLITRK1,894,81,56
SLITRK1_AAGTGCCCGGGAGGATGAGC,SLITRK1,546,9,132
SLITRK1_TTCATCTTTAAACCCGACCC,SLITRK1,903,162,204
SLITRK1_GCAAAGGTCTCTTCTTGGGC,SLITRK1,496,105,220
SLITRK2_TACATCAGTGCCATCGAGGC,SLITRK2,1471,715,282
SLITRK2_GAGTGACTGTGTCAAAGGAC,SLITRK2,209,98,109
SLITRK2_CCCATCTACATGCAGAAGGA,SLITRK2,2237,840,1700
SLITRK2_GCGTCGAGATTCATAGGAAG,SLITRK2,1509,1016,969
SLITRK2_AGCTAAGCCGCAATCAGAAC,SLITRK2,1918,1364,922
SLITRK3_CTTTCCAGCCGAGAAGAGAA,SLITRK3,438,183,156
SLITRK3_TGTTGCACATTTGGGTAACC,SLITRK3,849,249,344
SLITRK3_TCATACACATGACCCACGGG,SLITRK3,1570,312,71
SLITRK3_ATACACATGACCCACGGGAG,SLITRK3,538,89,237
SLITRK3_CACAGGTAATGTCTCCCACC,SLITRK3,939,58,154
SLITRK4_TCGAATGGGACCCAAAGGAG,SLITRK4,1470,295,457
SLITRK4_GCCGGGCAAGGTGTTAGAGG,SLITRK4,1141,43,227
SLITRK4_CAAACAAGAGCTATGTCCCA,SLITRK4,1028,591,378
SLITRK4_CCGTGTCGTTGAATTGCAAC,SLITRK4,1320,427,701
SLITRK4_TGTTCCCTCGTATATCCAGA,SLITRK4,429,27,48
SLITRK4_TGACCCATCTGGATATACGA,SLITRK4,1379,194,182
SLITRK5_ATCCGCACATCCATTCAGCG,SLITRK5,2529,832,779
SLITRK5_GATGTGCGGATTTGATCCAG,SLITRK5,102,138,323
SLITRK5_CCTTCCGTGTAAGCGGAAGG,SLITRK5,249,43,54
SLITRK5_GCCTCTACCTGAATGGCAAC,SLITRK5,145,121,208
SLITRK5_TGAATGGCAACAGGATCGAG,SLITRK5,1290,258,416
SLITRK5_TCACTGGCAAGGAGGTGAAG,SLITRK5,1691,302,415
SLITRK6_TGGTCCAAAGCATCTGGAAG,SLITRK6,1526,372,793
SLITRK6_AGATGCTTTGGACCAAAGGA,SLITRK6,724,191,203
SLITRK6_CTCACTCTATGAACAGCACA,SLITRK6,1692,637,298
SLITRK6_TGGTTCTTGTTCTTCACCGC,SLITRK6,906,361,283
SLITRK6_ACCTGGTTGGACTGCAGCAA,SLITRK6,2071,303,779
SLK_GCAGTACGAACACGTGAAGA,SLK,921,81,180
SLK_CATTAGCACAGCCATCCAGA,SLK,795,22,54
SLK_CAGCTGAGATGTAGTCCACC,SLK,362,37,0
SLK_CTCTGCAATCAATTCTCGGA,SLK,836,73,193
SLK_ATGGACATCAATGAGGAACC,SLK,119,156,97
SLK_TCATTTCCTGCTCAAAGCGC,SLK,935,210,31
SLMAP_GAAACGGGTGCGAGTTCGGG,SLMAP,194,86,38
SLMAP_CTGTCACGTCTACTCCAAAC,SLMAP,3242,620,605
SLMAP_ATACTCACTCTGAGCGGAGC,SLMAP,118,0,25
SLMAP_GGCTAGTAGCCGCTGAAGCG,SLMAP,851,52,57
SLMAP_CGAAGGGCATCTAACCAAAG,SLMAP,1541,260,273
SLMAP_AGATACTCTGAGTCCAAGCA,SLMAP,1894,154,115
SLMO1_GGATGTGCTACAGCGCCGCG,SLMO1,623,188,152
SLMO1_TGCGCCTGCTCAGCACCGAG,SLMO1,943,431,986
SLMO1_ACATTCTGTGGTGGATCCAG,SLMO1,1144,45,328
SLMO1_AAGCCATCATCACTGTGAAG,SLMO1,881,203,222
SLMO1_GAAAGCGCTGTGAGCTAAGG,SLMO1,853,107,95
SLMO2_TTCACATCGGCAGCCACCCG,SLMO2,3711,57,7
SLN_AGTACTGATAGGACCTCACA,SLN,92,20,131
SLPI_ACTTCAAGTCACGCTTGCAC,SLPI,245,196,336
SLPI_GCCTTCACCATGAAGTCCAG,SLPI,209,322,257
SLTM_ACAGATGCACGATTTGGCCA,SLTM,1547,184,337
SLTM_GGAACGCATTCGTATTGAAC,SLTM,1196,455,223
SLTM_TGAAAGGCTGCGACGAGCAA,SLTM,578,488,629
SLTM_GGACGCCATTGCACAGAGCC,SLTM,1153,344,172
SLTM_CAAGAGGCACATGAGCAAGA,SLTM,884,367,382
SLTM_ACCTTCCGCCTGACCCGAGG,SLTM,399,328,268
SLU7_CGTACTGGAAAGAAGGCCGA,SLU7,447,24,33
SLU7_TGCCTGCTCTAAGTATGAGG,SLU7,993,93,55
SLU7_TGCATGGGAAGCCTATGACA,SLU7,1112,51,0
SLU7_GGGAAGAGGGATCGGTGGAA,SLU7,390,1,100
SLU7_AGTTCAGCTCATCTGGAGAA,SLU7,729,122,25
SLU7_AGAAGATGACCAGAGAGGAC,SLU7,1267,0,58
SLURP1_AGCAGGAGCGGGTCACCACG,SLURP1,2375,390,455
SLURP1_CATGACCACGCTGGTGACGG,SLURP1,987,294,214
SLURP1_CATTACCCGCTGCAAGCCAG,SLURP1,935,0,87
SLURP1_TAGCACTTGAGGGCCTCACC,SLURP1,17,13,30
SLX4_TGCTCCCTCTGGCTGGCCGA,SLX4,683,59,38
SLX4_GGACTTCTACACGGCCAGGC,SLX4,614,0,33
SLX4_CTCCGACCGGGACAGAGCCA,SLX4,2353,47,86
SLX4_CAGCCATGAACGTGACCCGA,SLX4,1376,4,73
SLX4_TGGCACTGCTGTTGTCAAAC,SLX4,2241,1424,1185
SLX4_GAAACCTCCGTCTGGCAGCC,SLX4,447,163,165
SLX4IP_GCAAGATATGAAGATCCACG,SLX4IP,938,40,212
SLX4IP_TGGAAGTTCGCAAACAGCAC,SLX4IP,806,356,336
SLX4IP_ACAGCCTATTTCCTCAAGAG,SLX4IP,2400,609,641
SLX4IP_CAGCCTATTTCCTCAAGAGA,SLX4IP,2050,312,178
SLX4IP_AGAATCCATGGGACAAGCAA,SLX4IP,760,226,203
SLX4IP_TTCAGTGTTTGTGGCTAAGC,SLX4IP,977,660,1080
SMAD1_GAGACTTCTTGGGTGGAAAC,SMAD1,993,97,196
SMAD1_GCTGCAAGTCTCCCACCGGA,SMAD1,1095,120,405
SMAD1_CCAGGATGGCTCTCAGCCGA,SMAD1,968,208,63
SMAD1_CTGCCCTCAGAAATCAACAG,SMAD1,1969,540,621
SMAD1_CACCAACACACTTGTGGAGG,SMAD1,1069,429,184
SMAD1_TGCTAGTAACATCCTGGCGG,SMAD1,1027,451,490
SMAD2_ATCTGAATGGACCTCTACAG,SMAD2,814,450,177
SMAD2_TCACTGATATATCCAGGAGG,SMAD2,755,85,48
SMAD2_TGAGTATAGTCATCCAGAGG,SMAD2,956,236,287
SMAD2_CTCCAGGTATCCCATCGAAA,SMAD2,2015,1058,885
SMAD2_CAGAGGGCAGAATATTCACC,SMAD2,3,0,137
SMAD2_TGGCGGCGTGAATGGCAAGA,SMAD2,1550,829,1567
SMAD3_GGAAGAAGGGCGAGCAGAAC,SMAD3,352,529,573
SMAD3_GGTGGACTCCGTTCCTGAGG,SMAD3,101,21,58
SMAD3_AAGGCGCAGCTCTGGTACAC,SMAD3,852,358,126
SMAD3_GGTCTGGCCATCGCCACAGG,SMAD3,514,133,277
SMAD3_TGGCGTGGCACCAACACAGG,SMAD3,1482,252,358
SMAD3_ATCTTCACTCAGGTAGCCAG,SMAD3,389,215,213
SMAD4_ACTATGCACAATGCTCAGAC,SMAD4,523,270,203
SMAD4_TCTATGCCCGTCTCTGGAGG,SMAD4,383,165,88
SMAD4_CTGGTAGCATTAGACTCAGA,SMAD4,428,99,97
SMAD4_GACAGCACTACCACCTGGAC,SMAD4,514,40,83
SMAD4_AACTCTGTACAAAGACCGCG,SMAD4,636,221,360
SMAD4_TCATCGACAGATGCAGCAGC,SMAD4,216,121,292
SMAD5_TATATTGTCGTGTTTGGCGC,SMAD5,537,113,201
SMAD5_GGTTCCTAAACTGAACCAGA,SMAD5,115,5,6
SMAD5_TCAGGTGGCATATAGGCAGG,SMAD5,704,220,700
SMAD5_TGACCCATCTGATCATCAGG,SMAD5,681,309,411
SMAD5_TTAGGCTCTTCATAGGCAAC,SMAD5,670,235,272
SMAD5_CATATACTGCCTCAAACCCA,SMAD5,123,23,54
SMAD6_TCACGTACTCGCTGCTGAAG,SMAD6,1080,565,351
SMAD6_GGTCGGGCCAGCGAAAGAGG,SMAD6,535,100,61
SMAD6_TCGCGACGAGTACAAGCCAC,SMAD6,289,97,125
SMAD6_AGTGGCTTGTACTCGTCGCG,SMAD6,365,97,28
SMAD6_GGACAGAGGACTCCAAACCA,SMAD6,1922,215,371
SMAD6_CCTCTATGCGGTGTACGACC,SMAD6,135,0,0
SMAD7_ACGAGTTTATGCAGCAGCCG,SMAD7,2425,936,1089
SMAD7_CTGCGGCATCCAGCTGACGC,SMAD7,901,279,224
SMAD7_GCCTTCCTCCGCTGAAACAG,SMAD7,2151,406,412
SMAD7_ATCGGGTATCTGGAGTAAGG,SMAD7,196,102,82
SMAD7_CGGGTATCTGGAGTAAGGAG,SMAD7,1358,332,317
SMAD7_AAGGCGGTGCGAGGTGCCAA,SMAD7,317,174,37
SMAD9_GGACAAAGTTCTGACTCAGA,SMAD9,157,15,18
SMAD9_CATACACGACTTCAAAGCCG,SMAD9,2913,237,387
SMAD9_GCACACTTCGGGAGGAAGCC,SMAD9,886,252,342
SMAD9_CTTCTGTGGCATGATAAGGC,SMAD9,716,258,326
SMAD9_GAGTGGCTCACTGTGCAGGG,SMAD9,991,396,383
SMAD9_TTAACCCTTACCACTACCGC,SMAD9,999,173,350
SMAGP_CTCCATCTGGACGATGGCAC,SMAGP,746,285,652
SMAGP_GCCCAGTGCCATCGTCCAGA,SMAGP,834,305,364
SMAGP_TCAAGATCACGACCGAGAGC,SMAGP,997,172,286
SMAGP_CAAGATCACGACCGAGAGCA,SMAGP,1722,418,379
SMAGP_CTGACTACTCCTTCTCCAAG,SMAGP,2090,508,372
SMAP1_GACGCGCTCCTGTCGGGAGA,SMAP1,146,166,189
SMAP1_TGCGCCGACTGCGAGGCCAA,SMAP1,1607,97,149
SMAP1_TAGGTTGACTGATTTGACCC,SMAP1,766,414,332
SMAP1_TGGTCACTGGTGCCACAGCA,SMAP1,1844,437,798
SMAP1_CCCAGATGTTACTGTAGACA,SMAP1,2739,336,558
SMAP1_CTACCTGTGAGAGGCTCCAC,SMAP1,1216,126,139
SMAP2_GGGATGCGCTACCTTTAGAC,SMAP2,892,192,157
SMAP2_GAATCTGTTCTTGAGTCCAC,SMAP2,664,27,35
SMAP2_TTTGCAATGGAGCAGGCCAC,SMAP2,310,182,74
SMAP2_TGCTCCCTGGCTCCGGAAAC,SMAP2,794,304,515
SMAP2_ATAGCCTGCAGGCATGGCCA,SMAP2,432,122,229
SMAP2_AATGAGTGGCGGAAATGGAC,SMAP2,484,80,133
SMARCA1_GATCAGTATCAAGAAAGCCC,SMARCA1,516,9,4
SMARCA1_AATTCCGAGACCTCCAGCCC,SMARCA1,862,305,103
SMARCA1_GAAGATTATTGCATGTGGCG,SMARCA1,522,117,333
SMARCA1_GAGCATATTGTCAGCAACAG,SMARCA1,1660,680,920
SMARCA1_TGCTCATCAGTGGTATAAGG,SMARCA1,1767,468,558
SMARCA1_CCGTCCACCTCTCAGGAGGA,SMARCA1,733,372,528
SMARCA2_CTTGGGCCTAGTCCAGGACC,SMARCA2,1012,82,178
SMARCA2_CCAATGGATCAACACAGCCA,SMARCA2,2284,626,596
SMARCA2_GCCTCCTCCAGACATAGGGC,SMARCA2,367,48,81
SMARCA2_CCGTGGAAATTCTGCAAGAG,SMARCA2,2329,1378,1284
SMARCA2_AAATCTGGTGGCAAAGAGCC,SMARCA2,401,54,74
SMARCA2_GAAACGCCGTCAGAAACACC,SMARCA2,461,87,154
SMARCA4_TGGCCGAGGAGTTCCGCCCA,SMARCA4,1284,148,174
SMARCA4_CCCATGGACCAGCACTCCCA,SMARCA4,1946,280,126
SMARCA4_GGTCCTGTTGCGGACACCGA,SMARCA4,58,0,0
SMARCA4_CCCTACATGTAGGTATGGGA,SMARCA4,354,126,225
SMARCA4_CTTCTGGTGCAGTGGCACCA,SMARCA4,192,17,63
SMARCA4_TGCGATGCGAGCCTGCAGCC,SMARCA4,1626,610,579
SMARCA5_TGGTCCCGCAGACGCCGAGA,SMARCA5,820,35,85
SMARCA5_ACACCGTAGAACAGAGCAAG,SMARCA5,1743,45,201
SMARCA5_ATCAGGTCCGAGGATTAAAC,SMARCA5,358,252,249
SMARCA5_CATCAGCCTTAATTCGACGA,SMARCA5,990,120,174
SMARCA5_TGCTGAGATGAAACTCAGAC,SMARCA5,390,203,218
SMARCA5_TAGTGAACCTAAAGCACCCA,SMARCA5,960,14,5
SMARCAD1_TGCATCACCAAACATCAGCA,SMARCAD1,1274,677,457
SMARCAD1_TACTGCCACCTTTACAGCCC,SMARCAD1,607,284,165
SMARCAD1_ACCTCCATTTCCAGTAAGCA,SMARCAD1,1120,140,504
SMARCAD1_ATAGGGCTTGAGTGACAAAC,SMARCAD1,806,424,294
SMARCAD1_CTGGCATACCTCTATCAGGA,SMARCAD1,1875,833,888
SMARCAL1_CATTGTACCCAATCAACACC,SMARCAL1,376,242,259
SMARCAL1_CTGCCTCCCACAAGTTCAGC,SMARCAL1,311,4,210
SMARCAL1_CTGCTCCCAGGTGAAGCGCA,SMARCAL1,1126,170,195
SMARCAL1_GGGAAGGACCGCCTGACAGC,SMARCAL1,427,49,66
SMARCAL1_GAAGTACTCACCTTTAGGAC,SMARCAL1,1297,237,287
SMARCAL1_TTCGCTACTGTGATGCCAAA,SMARCAL1,1370,1216,1017
SMARCB1_GAAGCCCGTGAAGTTCCAGC,SMARCB1,340,34,34
SMARCB1_GAGAACCTCGGAACATACGG,SMARCB1,194,61,6
SMARCB1_TAAGGCGGAATCAGCACGGA,SMARCB1,950,128,91
SMARCB1_CATCGATCTCCATGTCCAGC,SMARCB1,701,0,48
SMARCB1_CTACCTTGATGATGACGCGC,SMARCB1,1099,30,1
SMARCB1_CCCACTCAAACTGGTCCACC,SMARCB1,746,105,125
SMARCC1_TTTAGCATCTGTTGAGCAGC,SMARCC1,424,254,229
SMARCC1_AGGAGGAGGTCCCATTGCCA,SMARCC1,343,54,165
SMARCC1_GATTCTGTTGGTGTCGGAGG,SMARCC1,515,173,318
SMARCC1_TCCAGAAGAATGGTTGAGAC,SMARCC1,663,639,859
SMARCC1_CCTACAGAACCCATCTCGAA,SMARCC1,930,318,602
SMARCC1_AGACCCGCACCGAATCCAGC,SMARCC1,1183,416,479
SMARCC2_AACTCCTGAGAAACCTAGGA,SMARCC2,65,109,36
SMARCC2_GGTACGACCAGTCATGAAGA,SMARCC2,455,89,72
SMARCC2_CCGGGACAGGATACACAACA,SMARCC2,3002,1507,1172
SMARCC2_TTTCCAGAATCCATCACGCA,SMARCC2,1018,502,718
SMARCC2_ACTGTACAACCAGGCTAGAC,SMARCC2,946,336,339
SMARCC2_CGTGAAGTACTACGAGGCCG,SMARCC2,627,448,346
SMARCD1_CATCGGCGGCTCCGGGAAGA,SMARCD1,781,284,331
SMARCD1_GGGAACCCTTCAGTCCGACC,SMARCD1,222,67,21
SMARCD1_GAAACGGCTAGATATCCAAG,SMARCD1,52,325,435
SMARCD1_GGGAGCTTCGGGTAGAAGGA,SMARCD1,308,52,119
SMARCD1_TTACCCATCTCATTTGCCCA,SMARCD1,1138,140,191
SMARCD1_TGGCTTTCAGGTGAAGCGGC,SMARCD1,590,247,195
SMARCD2_ATGATCCAGCATGAGCAGGA,SMARCD2,252,229,429
SMARCD2_TAAGAGCCTCGTCATTGAGC,SMARCD2,254,122,52
SMARCD2_CAATACGTTCAGTCCCAGCA,SMARCD2,2472,942,1235
SMARCD2_CTCCATCCGCTTGCGAGCAA,SMARCD2,1762,374,682
SMARCD2_ACCAGGGAACCGGATGCCCA,SMARCD2,358,144,92
SMARCD2_GCTCACCTGGTACTGCGCCG,SMARCD2,380,0,16
SMARCD3_CAAGAGTTTGGTCATCGAGC,SMARCD3,524,100,238
SMARCD3_CTCCACCCGTAGCTCCCAGG,SMARCD3,1392,270,211
SMARCD3_CCTTCTCCAGATTCGGGAGC,SMARCD3,1148,71,36
SMARCD3_AAATGTACAGTGCCAAGAGG,SMARCD3,847,366,267
SMARCD3_CGCGGACGAAGTTGCCGGAG,SMARCD3,920,289,442
SMARCD3_AGCACCTACCTGTACCACGG,SMARCD3,608,90,106
SMARCE1_TACAGCATCCGGCAAACAAC,SMARCE1,859,224,295
SMARCE1_TTGATTCTCCTACCGTGACC,SMARCE1,1164,88,169
SMC1A_GAGCAGCCGCCAGCAGCGAA,SMC1A,35,0,0
SMC1A_ACCGTCTGGATCTGGAAGAA,SMC1A,1369,200,149
SMC1A_GCAGGAGTTTGAAGAACGGA,SMC1A,213,44,21
SMC1A_GGACAAGAAGCGTATGGACA,SMC1A,1748,27,35
SMC1A_AAATATTGCGGCTGAACGCA,SMC1A,448,40,3
SMC1A_AGACCATGCTGACAAAGGCC,SMC1A,953,12,2
SMC1B_AGGCAAACGGTTTATGCCAA,SMC1B,547,192,101
SMC1B_AGTTTGAACTTTCTCGGCAC,SMC1B,133,247,273
SMC1B_CATCAAGGTAATCTAGAGCG,SMC1B,1023,638,370
SMC1B_CAACAATGGCAGTGATGAAC,SMC1B,1579,445,346
SMC1B_AAACCTTAGTAACAGCCAGC,SMC1B,805,227,306
SMC2_CAGTGATAGCATTGAAGAGG,SMC2,1589,39,0
SMC2_TCCATGATAGAAGAAGCAGC,SMC2,107,1,0
SMC2_GGAAAGCAAACGCAAAGAGC,SMC2,199,28,10
SMC2_CACTTCAATGCTGTTTCCGC,SMC2,1120,2,97
SMC2_GATGGATAGTGGCTACAGGA,SMC2,297,0,0
SMC2_TGAAGCTATCACTCTGGAAC,SMC2,1453,90,83
SMC3_TAGATTGGCTCAAGCTACCC,SMC3,710,39,15
SMC3_CAAAGCTCGAGTAGAAGAAC,SMC3,1939,143,169
SMC3_TCCACGCATGTGTAGAAAGC,SMC3,1849,11,48
SMC3_CATGGAAGTTTCAACCCAGC,SMC3,98,0,25
SMC3_AACAGATCGAGACCCAGCAA,SMC3,844,122,144
SMC3_TGAGATTCGTCAACTTCAGC,SMC3,237,266,288
SMC4_CTGCCCGGCGCAGAGAGGAA,SMC4,1174,21,144
SMC4_ATTGGTCATTGCTGGAGGCG,SMC4,1039,8,0
SMC4_TCCTGTATTATCGGGCCAAA,SMC4,1661,293,446
SMC4_GGAAATCTTCTTCGAAGCCA,SMC4,589,42,73
SMC4_ATCATCCTGTTGTCATGCAC,SMC4,833,38,97
SMC4_GATTTCGGTTCTAAGCCCAG,SMC4,162,64,40
SMC5_ACGATAGAGCCTTCCACGAA,SMC5,1880,14,82
SMC5_ATCGTTGGAGCCAATGGAAC,SMC5,1065,249,166
SMC5_GAGAGGATGTTCTAGAGGCA,SMC5,468,0,0
SMC5_TCGTGACCGAGTGAAGGAAG,SMC5,990,128,74
SMC5_ATGAAGAGCTTGACCGACAG,SMC5,508,29,130
SMC5_GAAGAGTCTGCTCTGCACCC,SMC5,305,79,11
SMC6_CGAATGTCTGATCCTGAAAG,SMC6,2419,385,733
SMC6_GAGATTCTGCGATGGACCAC,SMC6,235,6,0
SMC6_TGCTAGTCATGGAGATCGAG,SMC6,1807,550,109
SMC6_TCCTTCAGGCACTCATGAAA,SMC6,1223,261,210
SMC6_GCGCCAGTGTGTAGAGAAAG,SMC6,2602,1606,1299
SMC6_TAGGCTCCGTGGTTTCCACG,SMC6,438,85,11
SMCHD1_CTTGTTTGATCGGCGCGAAA,SMCHD1,1786,936,907
SMCHD1_CTTACCTCACTATGACACAC,SMCHD1,1035,368,709
SMCHD1_CTATTTAAACTGCGTGGCAC,SMCHD1,513,192,320
SMCHD1_CTAACTGTCGTGTCCAAAGG,SMCHD1,1651,459,610
SMCHD1_AAGGAGATGGTGTAGTGGAA,SMCHD1,581,52,80
SMCHD1_ATTGCTGCATATGTTGCCCA,SMCHD1,340,604,290
SMCO2_CCTCTAGCTCCAACATACCC,SMCO2,613,306,200
SMCO2_GCTAGAGGCTGAGCATGACC,SMCO2,22,35,98
SMCO2_GCAGTTCCACATTCTTGCAA,SMCO2,942,485,667
SMCO2_TGCTTGGGTGCCGCACCACA,SMCO2,945,463,194
SMCO3_AAGTTTAACAGCGACTGCAC,SMCO3,1316,293,167
SMCO4_CACGATCAAGAGCACGACCA,SMCO4,1716,455,801
SMCP_GGTCTCCAAACCACAGCACC,SMCP,185,83,166
SMCP_TCACCGCAAACTCAGGACAA,SMCP,995,580,248
SMCP_CTGCTCTCATTTGCTTGGCC,SMCP,336,279,293
SMCR7_GGCTGAGTCCCAATTTAGAC,SMCR7,509,401,313
SMCR7_GGAAGCGGCGTAGCGACGAA,SMCR7,289,80,245
SMCR7_GCCTTACCCGCTTCACGGCC,SMCR7,389,62,1
SMCR7_TGACAGGGCCACTAGCCCGC,SMCR7,484,69,172
SMCR7_TTGGTGTCATCCTCATCCCG,SMCR7,1568,192,127
SMCR7_GGTGGCTTTGGCCAAACAGC,SMCR7,13,57,52
SMCR7L_AGATGAGCAATGGCAGGCGC,SMCR7L,768,287,149
SMCR7L_TGGTGAGCGCAAAGGCAAGA,SMCR7L,820,405,616
SMCR7L_TGGGAAGGGTCTGCAAGGAC,SMCR7L,1241,376,403
SMCR7L_GACTCCTCCACCTTCGACAC,SMCR7L,179,163,693
SMCR7L_TCTTACTTACTACCGGAACC,SMCR7L,556,123,180
SMCR7L_TGTCATCCTCCACTTGGCCC,SMCR7L,1057,316,337
SMCR8_CCAGGTCGTATAGGGTAAGG,SMCR8,1014,626,792
SMCR8_TATCAATCTGACTGGTCAGG,SMCR8,754,61,7
SMCR8_CTCCTCCTGCTGTATTGGGA,SMCR8,1497,497,157
SMCR8_CCACCGCACACAGATCAAGC,SMCR8,5003,1044,1320
SMCR8_CACCGCACACAGATCAAGCG,SMCR8,1908,477,278
SMCR8_TACCCACGACAAGGAGACAG,SMCR8,254,780,1562
SMDT1_ATGGCGATGTCTCCGCCGCA,SMDT1,654,509,356
SMDT1_GAACACACGGAGAAGGCCGA,SMDT1,0,85,33
SMDT1_GGATCACAATGGAGAACACA,SMDT1,131,87,77
SMDT1_AGTGTCCCGACATAGAGAAA,SMDT1,453,11,98
SMEK1_TAGTCTTCGTTCCACTGGAC,SMEK1,339,151,196
SMEK1_TAAGAACTAGCACTCTCCGG,SMEK1,283,87,165
SMEK1_TTCGAAGCAGGCCCATAAGC,SMEK1,3032,604,569
SMEK1_ACGAGAGTTTGTCATGCAGG,SMEK1,826,92,143
SMEK1_CAAGATGGCAATTCTAAGCC,SMEK1,966,328,525
SMEK1_CGCTCTCAGCCCTGACAAGC,SMEK1,2451,497,571
SMEK2_TACGTCAGTAACAGCCACCA,SMEK2,2144,475,590
SMEK2_TTATCCGCCTCATAAAGCGA,SMEK2,579,149,89
SMEK2_TATCCGCCTCATAAAGCGAA,SMEK2,180,63,47
SMEK2_TATTGAGTTCACATGTGGGC,SMEK2,304,130,149
SMEK2_CTGGTTCGGGCAGAGTCCGA,SMEK2,1116,43,57
SMEK2_CCCTGAACGAAGACCGGCAA,SMEK2,1084,386,400
SMG1_GGCGCACATACACTTCAGGG,SMG1,1327,8,31
SMG1_GCTTCACGAGCAACCGCAGC,SMG1,432,1,0
SMG1_AGTTGATATCAAGCTGCCCA,SMG1,336,0,19
SMG1_ACAGGCTGTGTGTCGGCCGG,SMG1,497,33,64
SMG1_GATTTCAGGACAGCTGAAAC,SMG1,303,75,6
SMG1_TGCCAGCAGTCTTGTTGCAA,SMG1,1429,48,76
SMG5_CGATTCCCTCAATGGCCCAC,SMG5,321,108,37
SMG5_ATCACTCTGGAATGCCGGGA,SMG5,1044,38,26
SMG5_CCTCAAGCGGCTGTATGACA,SMG5,127,11,71
SMG5_CTTCAATCAGCTGGGCACCC,SMG5,910,301,152
SMG5_AACTGCAGTGCTGCATCGAC,SMG5,625,295,386
SMG5_GACCCGGGCACCATGAGCCA,SMG5,2159,342,228
SMG6_CTGGCCTCTTTCCACAGAGG,SMG6,256,29,32
SMG6_CAGCACATTGCTCCCAAGAA,SMG6,1203,600,690
SMG6_CGAATTATGGGAAAGCACGC,SMG6,728,82,57
SMG6_GCGTAATGGCTTGCTGCGAA,SMG6,1560,908,504
SMG6_TATAGTAAGATGCCTGAGCC,SMG6,424,85,46
SMG6_CAGCCGCGAAGATGGCGGAA,SMG6,696,209,128
SMG7_TGAAGTCTGGACATCCAGGC,SMG7,450,254,182
SMG7_CAATGTCTCCAAGGTGGACG,SMG7,1823,400,120
SMG7_GCATAGTCCATAGTGGGAGC,SMG7,854,419,207
SMG7_AGGTCCACTCACCATTGGAG,SMG7,914,180,156
SMG7_TGCAGATTAGTGGAGGCAGC,SMG7,1086,217,432
SMG7_TCTGTAGAGGACACTTGCAC,SMG7,1090,104,112
SMG8_GACTGTAGTAGGCCTGCAGA,SMG8,257,28,3
SMG8_GACTGTACACTCGAAGAGCC,SMG8,451,261,374
SMG8_CGGCTATTGTGATATAGCAC,SMG8,1527,47,103
SMG8_TATCCAGCTGATCCACAAGC,SMG8,754,127,178
SMG8_CCTCCTGCTTGTGGATCAGC,SMG8,603,217,41
SMG8_TCTGGGTAGAATACCGGACA,SMG8,746,41,49
SMG9_CCTTACCCTTGTAACGCAGG,SMG9,446,0,126
SMG9_CCTGGACAACAATCACCACA,SMG9,683,183,91
SMG9_CGCTGAAATGAAGGAACGAG,SMG9,2166,179,187
SMG9_ACACTCCAGAGGAGGACCAG,SMG9,541,74,51
SMG9_CATCGTTCTCATGAAGCCAC,SMG9,459,99,146
SMG9_GACTCTATGGGATAGAGCGG,SMG9,313,94,52
SMIM1_CCCACCTACTATAGTGGACG,SMIM1,943,131,224
SMIM1_AAGAGGCCTCACGCTGCCGC,SMIM1,1,0,3
SMIM10_CAGCATCAGGTCCATGGCGG,SMIM10,1786,115,326
SMIM10_CATCAGGTCCATGGCGGCGG,SMIM10,2014,209,267
SMIM11_CCTCCACCACTTTGCCGACA,SMIM11,2053,773,580
SMIM11_CACCACTTTGCCGACAAGGA,SMIM11,2253,980,517
SMIM12_AGGCAAGGACCACACGCAGG,SMIM12,1270,310,385
SMIM12_TCTAGGCAAGGACCACACGC,SMIM12,803,343,452
SMIM12_CTGTGGGTTACCACCTGGAA,SMIM12,1716,920,568
SMIM13_CAGCAGGACGATCAGCAGCG,SMIM13,1389,352,183
SMIM13_CGGGAACTGGTGGGAGACAC,SMIM13,2049,809,642
SMIM13_TCTGATTCTGTGTGGAGAGG,SMIM13,343,89,228
SMIM13_GAATCAGATCCGCTCGCCAA,SMIM13,396,226,352
SMIM13_CAGATCCGCTCGCCAAAGGA,SMIM13,1010,419,571
SMIM17_GAGGAAGATGACGAATCAGA,SMIM17,108,6,88
SMIM19_TGAAGAGACCGAAGCTAACA,SMIM19,1645,599,623
SMIM19_ATTCAGTGTGCCACCTACAG,SMIM19,1097,312,272
SMIM2_AAGGCAATGCCACGCAGAAG,SMIM2,1532,344,106
SMIM2_TTATCTTGCTGATCCAAGCG,SMIM2,995,533,589
SMIM2_AACTCGTCCAGAAGCCGAAC,SMIM2,466,148,193
SMIM20_GAACAAGCTATAAATCGGGC,SMIM20,127,266,84
SMIM20_TCGGGCTGGAATTGTTCAAG,SMIM20,855,314,277
SMIM21_GAATGGGACGGATATTCAAG,SMIM21,533,110,212
SMIM21_CCGATTCCCTATAGCACAGC,SMIM21,760,587,594
SMIM3_CAACGAGGTCATGATGACAA,SMIM3,924,297,346
SMIM4_GATCATGATTAAAGTGCGCG,SMIM4,52,122,122
SMIM6_TCAGTGTGAAGCGGGTGAAG,SMIM6,1542,367,639
SMIM7_ATTGCCTTTCCATCTAGCAC,SMIM7,858,138,37
SMIM7_AATTCCCGGATGTTGTCACC,SMIM7,433,25,0
SMIM9_CTTCTAGTTCTTCAGTGGAC,SMIM9,599,339,401
SMIM9_ATCCCTGAAGTTGTTCAGCC,SMIM9,323,400,289
SMIM9_GGATCGAAACCACGCTCAGG,SMIM9,209,17,0
SMIM9_TGTATTCCCAAGGCAGACAA,SMIM9,1115,527,486
SMKR1_TGCTCGGCTGAGAATCGCCA,SMKR1,355,156,251
SMKR1_TCTTCCCATGAGACTTGCCC,SMKR1,33,138,226
SMKR1_AGAGGTTCAGCATGGCCGCG,SMKR1,686,229,300
SMLR1_TGATCGCCAACATAATCCCA,SMLR1,545,123,93
SMLR1_CGCCAACATAATCCCAAGGA,SMLR1,2923,914,898
SMNDC1_ACAGGCTTGAGGTTCAACAG,SMNDC1,1931,61,25
SMNDC1_GAACTTGCAAGCGTCTCAGA,SMNDC1,382,43,56
SMO_TTGTAGCGCAGCGGCTCGCA,SMO,604,128,155
SMO_TGCCATCGTGGAGAGGGAGC,SMO,710,64,68
SMO_CTTCACAGAGGCTGAGCACC,SMO,1418,417,63
SMO_ACGGCAGACGATCTCTCGGC,SMO,79,804,188
SMO_GATGACAAAGATGATGACGC,SMO,127,0,24
SMO_AGCCTCCCACGATGAGCACC,SMO,549,184,173
SMOC1_ACCTCGATGCACCACGCCCA,SMOC1,2657,735,1118
SMOC1_CGAGGATGGCTCCTTTACCC,SMOC1,1371,547,596
SMOC1_CACCGACAAGCCCTTGAGCC,SMOC1,1808,765,1343
SMOC1_CATCTCCATCGAACACCGGC,SMOC1,495,174,210
SMOC1_ACCAGCAGTAGCCAGTGGAC,SMOC1,428,383,261
SMOC1_CCTGGCGTCGCTCTCACAAC,SMOC1,1087,560,665
SMOC2_GGCACGTTGAAATTCACAAC,SMOC2,577,236,164
SMOC2_GGCCGAAAGGAAGTATACCC,SMOC2,1135,64,153
SMOC2_GCTGGTGCGTCACGCCCAAC,SMOC2,780,268,106
SMOC2_CCCTACCCTTTGGACTGAAC,SMOC2,1147,744,937
SMOC2_CTGGTGCGTCCTGGTGGACA,SMOC2,2170,383,674
SMOC2_CGAAATGTGACAACACGGCC,SMOC2,1404,522,446
SMOX_TCAGTCGCGGCCTACGGAGA,SMOX,1903,443,95
SMOX_AGGACACGCCACCTTTGAGC,SMOX,643,72,207
SMOX_GAATGACCCTGACGACCCAG,SMOX,9,52,49
SMOX_GCGACACGGTCACAATCACA,SMOX,882,302,281
SMOX_CTCCTATTCATACACGCAGG,SMOX,1069,159,282
SMOX_TGGTGGAATAGTACTTGCGG,SMOX,1481,255,168
SMPD1_GCCCATCCAAAGGAGTCCGG,SMPD1,82,64,38
SMPD1_CCCAAAGACATCTCGGAGCC,SMPD1,910,1164,578
SMPD1_AGACCCACTGTGCTGCCGCC,SMPD1,342,55,184
SMPD1_ATCAACTCCACGGATCCCGC,SMPD1,406,1,98
SMPD1_GCCGATGTAGGTAGTTGCAC,SMPD1,394,163,174
SMPD1_ATATACCAGGTTGTGCCAGG,SMPD1,183,156,473
SMPD2_GAACCAGGAGAGCTTCGACC,SMPD2,294,121,42
SMPD2_GGGCTTCTCACCTCCGGAAG,SMPD2,720,312,380
SMPD2_GGTGCTCCATCTAAGTGGCA,SMPD2,281,88,66
SMPD2_CAACATGCACCCAGAAGACC,SMPD2,1497,227,364
SMPD2_TAGTCAATGCGGACACCAAA,SMPD2,484,169,433
SMPD3_CGAAGACACCATCAGTCGCA,SMPD3,529,344,319
SMPD3_GCAGCATGTAGTCGATGCGC,SMPD3,1276,149,251
SMPD3_GCAAGAGCTCGGGCCAGAAG,SMPD3,973,90,231
SMPD3_GCCCACGGCTTCTCCTCACC,SMPD3,649,154,331
SMPD3_TGAATAGATGTAGGGCCGGC,SMPD3,167,65,337
SMPD3_GAGAAAGCCGAGAAACGCAA,SMPD3,40,53,39
SMPD4_AAAGAGTGTGCGGACCAAGC,SMPD4,923,232,344
SMPD4_AGCGTCGCTCGCCTCAGAGA,SMPD4,94,41,118
SMPD4_CTTTCGGCGCCGTGGCGGAA,SMPD4,443,259,383
SMPD4_GATGACGACTTTCGGCGCCG,SMPD4,12,20,107
SMPDL3A_GACAACTCACCTATCGCCGG,SMPDL3A,339,202,72
SMPDL3A_GGTGCAAATGCCTCCAACCC,SMPDL3A,427,56,70
SMPDL3A_CATCTAGCCATGGTTTCCAG,SMPDL3A,51,51,159
SMPDL3A_GCTGTGATGTTCTGTGAAGA,SMPDL3A,925,757,466
SMPDL3A_CTCTTCACTGGTGTAACAGC,SMPDL3A,690,233,158
SMPDL3A_GGGAGAGTCCATCTGGAAGC,SMPDL3A,181,118,67
SMPDL3B_CGAGGATGAGGCTGCTCGCC,SMPDL3B,332,1,93
SMPDL3B_TCATGTGCCCGATGAGAAAC,SMPDL3B,1751,862,605
SMPDL3B_TGTTACTTCCAGCTGGGAAC,SMPDL3B,629,301,415
SMPDL3B_AGAAGCTGCCGGGTCCCAGC,SMPDL3B,161,138,147
SMPDL3B_AACAAGGCATGGTTCCGGGA,SMPDL3B,956,33,85
SMPX_CCAATGGGAGCCTTTCGGCC,SMPX,651,711,333
SMR3A_ACTTCTTTGTTTCCACAGCC,SMR3A,499,113,58
SMR3B_GGTGGACCTTAGGGTTGAGG,SMR3B,256,36,20
SMS_TGTTGCGGACATTGACCAAA,SMS,1047,656,697
SMS_TCCTTGACTCCCTGTCCAGG,SMS,624,218,276
SMTN_GGCCACTTACCAGCTTCCGA,SMTN,1113,69,150
SMTN_CCAAGCGTTTCCGTGCCGAG,SMTN,2793,475,668
SMTN_CTGAGCCCGTACACGGCGGA,SMTN,132,137,170
SMTN_GCTCAAGAGAGGACAGCAAG,SMTN,962,436,295
SMTN_CTTACAGGTGCCAGAGCGAG,SMTN,1176,412,506
SMTN_ACCGACAGGGAGCGTTGGCA,SMTN,474,611,241
SMTNL1_GGAGAAGGCTACTGATGAAG,SMTNL1,316,65,163
SMTNL1_TCACTTTCCTCCAGATGGGC,SMTNL1,51,88,114
SMTNL1_CCCGCCAAACTTGTCCACGA,SMTNL1,1653,276,277
SMTNL1_TCCGCAACACTAAGGCAGCC,SMTNL1,1386,391,261
SMTNL1_CGCCTTTGACTACGCAGAGC,SMTNL1,1234,264,259
SMTNL1_CTGTGCTCAGCTGCTGGACG,SMTNL1,2621,947,569
SMTNL2_CGGACAGCGAGAAGGTGGCG,SMTNL2,965,843,1155
SMTNL2_GAGGCTCACAGGACGAGGCC,SMTNL2,184,201,248
SMTNL2_AACTCAGGTCCATCGGCAGG,SMTNL2,1148,28,361
SMTNL2_TGCTGCGGCACCACTCGAGC,SMTNL2,1698,640,687
SMTNL2_ACTCACCCTGTTGCAGCACG,SMTNL2,2067,250,481
SMTNL2_GGCTTTACTCGAAGCGACGC,SMTNL2,249,50,69
SMU1_TCACATCCTTCTCGTGCACC,SMU1,534,80,45
SMUG1_CGTAACCCACAGGCCAACAA,SMUG1,2737,1156,913
SMUG1_AAGTAAGCATGGTCCGGGAC,SMUG1,817,860,446
SMUG1_TACGTGACTCGCTACTGCCA,SMUG1,762,139,137
SMUG1_GGGCATCATCTACAATCCCG,SMUG1,253,62,7
SMUG1_GGATTGTAGATGATGCCCAC,SMUG1,764,25,134
SMUG1_CTCAGCCAAGCTTCCAGGGC,SMUG1,1653,379,650
SMURF1_TGTTGTTTGCTCCCAGGGAG,SMURF1,1500,221,399
SMURF1_TGGATTACGGTGGTGTGGCC,SMURF1,913,116,220
SMURF1_TGGGCTCCTTGAGTTGGCAC,SMURF1,1236,137,198
SMURF1_AAGGCCATACATCTGAGCCC,SMURF1,697,58,23
SMURF1_ACACGAGACAGAATAGGAAC,SMURF1,799,316,447
SMURF1_AGCCGTTCCTGCGTGTCCCG,SMURF1,1767,456,440
SMURF2_CCCAAGGTACAAGCGAGACC,SMURF2,944,201,532
SMURF2_GAGATCCGTAATACGGCAAC,SMURF2,43,33,72
SMURF2_GGCATGATCCAAGAGTGCCC,SMURF2,0,24,0
SMURF2_GCATCCGAATATTCTAGCCC,SMURF2,732,190,174
SMURF2_ATACTGGATTCTTCCAGAGG,SMURF2,890,74,128
SMURF2_TCCAGAGACCGAATAGGCAC,SMURF2,97,85,162
SMYD1_CACCGCTGAGGGCAAAGGAA,SMYD1,1690,521,465
SMYD1_ACTTGCACTGCCCACAGCGA,SMYD1,1083,295,225
SMYD1_ATGTGTCCACGTCCACCCGC,SMYD1,719,494,324
SMYD1_CCTGGGTAGATTAACTGCAA,SMYD1,974,250,164
SMYD1_CCTCATCTGGGTATGAAACA,SMYD1,1279,777,449
SMYD1_ACGTTAGTGAAGAACGCAAG,SMYD1,1111,296,394
SMYD2_ACGTGCTCACGGTCAACGAG,SMYD2,1204,469,394
SMYD2_AGATTGGCCCATGCACAAGC,SMYD2,1610,487,311
SMYD2_CCTCGTAGTACTCTTTGCAC,SMYD2,253,280,126
SMYD2_GCTGTACAGGAAATCAAGCC,SMYD2,638,34,93
SMYD2_GGAGTGTACCACCAAGGACA,SMYD2,824,318,279
SMYD2_ACGTCATTGAAGAGTTCCGG,SMYD2,431,139,119
SMYD3_TTGAAGAACTGAAGGCACAC,SMYD3,1476,280,459
SMYD3_CCGTTGCCAAACCCAGGACA,SMYD3,2308,402,350
SMYD3_AGACATCGAGGTGGGAGAGG,SMYD3,2086,64,138
SMYD3_CTGCATCTCCGCATTACAGA,SMYD3,1958,891,1026
SMYD3_AACTCTGCCAAGAAGTCGAA,SMYD3,126,103,85
SMYD3_CGCTCCTTACGCACCCGAGA,SMYD3,3722,464,394
SMYD4_GGAAGCTCTCGGCGTCACGC,SMYD4,36,145,95
SMYD4_GGTCCTGTAACCGAGAGACC,SMYD4,106,105,83
SMYD4_ATCCGGCTCTTGTGAGGCCC,SMYD4,324,35,64
SMYD4_GGTTCAGGAGGCTGATAACA,SMYD4,799,271,271
SMYD4_AGACACATGGGTATCCAGAA,SMYD4,2177,651,877
SMYD4_TACTCACCTCATACTGACCC,SMYD4,398,77,53
SMYD5_GAAGGAGAACACGTCGCACA,SMYD5,1206,169,202
SMYD5_GAGAAACTGTGCAGCCACCA,SMYD5,212,263,553
SMYD5_TGCTCTGTAGGGCTGTGAAA,SMYD5,1717,441,529
SMYD5_TACCACCAGGTCCTGTGCCC,SMYD5,776,10,148
SMYD5_ATGATGCTTGCAGTCTCAGG,SMYD5,616,19,98
SMYD5_TTCACTGCAGGCGAAGGACA,SMYD5,761,202,198
SNAI1_GGTCGGAGGGCTTCCTGACG,SNAI1,689,262,69
SNAI1_GAGCATTGGCAGCGAGGCGG,SNAI1,713,122,172
SNAI1_ACTCTCCTGGAGCCGAAGGG,SNAI1,808,124,93
SNAI1_CAAGGATCTCCAGGCTCGAA,SNAI1,396,195,231
SNAI1_AGTTGAAGGCCTTTCGAGCC,SNAI1,458,100,198
SNAI2_GCAACAGAGCATTTGCAGAC,SNAI2,1121,486,624
SNAI2_CCGCAGATCTTGCAAACACA,SNAI2,3432,1155,1179
SNAI2_AGTATCCGGAAAGAGGAGAG,SNAI2,336,6,23
SNAI2_AAAGCCAAACTACAGCGAAC,SNAI2,774,342,190
SNAI2_CGTTGAAATGCTTCTTGACC,SNAI2,1677,197,207
SNAI2_GAAATGCTTCTTGACCAGGA,SNAI2,433,39,94
SNAI3_CGTCTGAGTGCGTTTGCAGA,SNAI3,1425,604,538
SNAI3_TGCCTGCTCGCACTGCAGCA,SNAI3,943,647,420
SNAI3_ATGCCTGCTCGCACTGCAGC,SNAI3,335,118,118
SNAI3_TGCTGGTGCTGCCCACACGG,SNAI3,2170,82,293
SNAI3_GGACGCCTTGGAAGTCAGCG,SNAI3,149,110,155
SNAI3_TCCTCGATCCGTGGCAGGAG,SNAI3,797,148,309
SNAP23_TTACCTCAATGGCTAAACCC,SNAP23,1100,44,65
SNAP23_TCCTGAGACTAAGACAAGGG,SNAP23,812,201,294
SNAP23_GCATCCTGAGACTAAGACAA,SNAP23,1500,353,412
SNAP23_CAGCCAGGCCCGGTGACAAA,SNAP23,2533,845,1005
SNAP23_TGACCATTTGTCACCGGGCC,SNAP23,102,190,181
SNAP23_CCGTTTAATGTATCCACCAC,SNAP23,634,409,275
SNAP25_CGCAGACATGCGCAATGAGC,SNAP25,370,286,234
SNAP25_CACCCGTCGTATGCTGCAAC,SNAP25,2280,771,1274
SNAP25_CAACTCGATCGTGTCGAAGA,SNAP25,1205,198,309
SNAP25_GGAACGCATTGAGGAAGGGA,SNAP25,479,51,63
SNAP25_TGCTCGTGTAGTGGACGAAC,SNAP25,1432,544,640
SNAP25_CATCGGGAACCTCCGTCACA,SNAP25,1274,585,498
SNAP29_CAATCCGTTCGACGACGACG,SNAP29,3604,209,106
SNAP29_CGGACTCGTACATGAGGGCC,SNAP29,840,129,341
SNAP29_AGGGTGCCATTCTGTTCAGG,SNAP29,1147,212,267
SNAP29_TCACCTCCCAGCCCAACAAC,SNAP29,1543,533,343
SNAP29_TAAGGTTTGGGTGGCTGGCC,SNAP29,553,225,267
SNAP29_TCGTCTGAAGGACATAGCCC,SNAP29,949,145,299
SNAP47_GATCTCAACTATGCTGGAGA,SNAP47,214,97,170
SNAP47_AGCTGAACCAGTGCTTGGCA,SNAP47,2701,996,819
SNAP47_CCAGAAACGCCTGGAGGACA,SNAP47,1051,428,406
SNAP47_ACAGAGTCTCACGTTAAACC,SNAP47,2170,658,444
SNAP47_CAGAGTCTCACGTTAAACCA,SNAP47,1315,309,526
SNAP47_TGACCATCGACAAGCACAAC,SNAP47,3121,1241,1190
SNAP91_CTCTGCACTACCTTCAGACG,SNAP91,2773,489,665
SNAP91_TTCAGCAGTTGTAGTAGGAG,SNAP91,2420,973,1040
SNAP91_TTTACTCACCCTCTCCCAAA,SNAP91,1290,254,254
SNAP91_AACATACCCTTTCTTCACCC,SNAP91,356,59,105
SNAP91_GGCCGACACTCTCTTTGAGC,SNAP91,839,58,69
SNAP91_TGTAACGCTGTACTGAGCGG,SNAP91,1302,86,242
SNAPC1_CACTGTCCGTCTCCTGGAAG,SNAPC1,3330,297,306
SNAPC2_CCTGGAGCGCTCGCGAGAAG,SNAPC2,1022,13,43
SNAPC2_ATTCAGAAAGTGCATCCGGG,SNAPC2,659,6,0
SNAPC2_GGTGCTCACCATCGCGGCCA,SNAPC2,0,0,28
SNAPC2_TTGTCCTCTGTCTCCCGAAG,SNAPC2,748,140,320
SNAPC2_CTCCGTCATATGCTCAACCA,SNAPC2,3192,9,57
SNAPC2_GGCTGGCTCCAAGGCACCAG,SNAPC2,54,47,30
SNAPC3_AACATGGCTGAAGGAAGCCG,SNAPC3,310,23,0
SNAPC3_AGGTGGCCCTACGTGTAGCG,SNAPC3,2212,51,11
SNAPC3_CATTCCGGAGAATACTGACC,SNAPC3,454,0,0
SNAPC4_CACCACTGACTTTCGGAGCA,SNAPC4,1615,928,1121
SNAPC4_CAACGAGGACACACGAGAGA,SNAPC4,963,0,38
SNAPC4_GAAGCCGTATTTCAAGGACA,SNAPC4,758,1,51
SNAPC4_GGGCGAAGCCAGCAATGACG,SNAPC4,318,12,58
SNAPC4_GCAGGATCCAAGTCCTCAGA,SNAPC4,104,0,0
SNAPC4_TTGATTCTGAGATCTCCACG,SNAPC4,770,22,93
SNAPC5_GCTAGTGAGTAGCGGAGAAC,SNAPC5,405,130,323
SNAPC5_GGTGGTCACCACAGAGGCCC,SNAPC5,32,22,140
SNAPC5_TCGCTCGGGAGGAATGGAGG,SNAPC5,773,66,63
SNAPC5_CGCTCGGGAGGAATGGAGGA,SNAPC5,736,259,466
SNAPC5_GCTCGGGAGGAATGGAGGAG,SNAPC5,1371,141,137
SNAPIN_CAGGACAATTCGTGATGGCG,SNAPIN,1046,169,251
SNAPIN_CCAGCAGCCCTTCGGCGAAA,SNAPIN,2108,1673,1982
SNAPIN_GAGTCGAGCTGCTGCACAGC,SNAPIN,305,180,35
SNAPIN_AACCAAGACAACGCGTCGCC,SNAPIN,84,72,61
SNAPIN_TCTTGTAGGAACGACTGAGA,SNAPIN,574,154,194
SNAPIN_TTGCCAAGGAAACAGCCCGC,SNAPIN,531,334,63
SNCA_GCTTGGACTCCTACCTCAGA,SNCA,77,9,37
SNCAIP_ACAATAGGAGTCAAGGGAAC,SNCAIP,439,303,304
SNCAIP_TAGAGCAGGCTTTGCCAGAA,SNCAIP,2016,1053,684
SNCAIP_TTACATATTGCGGCGTCACA,SNCAIP,561,90,69
SNCAIP_CTCGTTGGATGAAGTAGACC,SNCAIP,703,415,379
SNCAIP_TGGCGCAGCAACAAATAAAC,SNCAIP,1156,577,807
SNCAIP_CATGTCGCTGGCCTCTCAAG,SNCAIP,1165,108,20
SNCB_ATATCAGGAGTATGAGCCAG,SNCB,794,170,98
SNCB_CAGCCACAGGACTGGTGAAG,SNCB,982,255,324
SNCB_GGCGGCGGAGAAGACCAAGG,SNCB,824,0,0
SNCB_CGAGGCGGCGGAGAAGACCA,SNCB,239,4,22
SNCG_GGCCGAGAAGACCAAGGAGC,SNCG,233,206,922
SNCG_GGCCACCAAGACCGTGGAGG,SNCG,747,1,146
SND1_ATGGCGTCCTCCGCGCAGAG,SND1,229,186,197
SND1_AGGTTGATCTGCCGCTCAGG,SND1,2,48,45
SND1_GGCATGATCTACCTTGGAAA,SND1,682,351,324
SND1_TCTCATGCCTTCTCTCCGGG,SND1,247,111,169
SND1_AAGCCGGTTCTGCTCAGGAC,SND1,2376,388,318
SND1_GGTAGTAATCTGGGAGGAGC,SND1,176,33,0
SNED1_CTCGGCACCGAAGAACGGGA,SNED1,554,156,119
SNED1_GCCTCCCAGGTGAACAACAA,SNED1,1219,383,436
SNED1_CCACCAACGTGGGTGTGCCC,SNED1,841,15,156
SNED1_GCACTTGCCGCCGTTGAGGC,SNED1,624,125,237
SNED1_CACCGGAGCAGCCTGCGAGA,SNED1,1523,266,356
SNED1_AAGGGACTTCGCTGTGAGAC,SNED1,484,276,288
SNF8_CTCGGTCTCCCATTTAAGAC,SNF8,1574,18,159
SNF8_TGAGGTAAGTGCCGCCCACA,SNF8,1107,7,0
SNF8_CATTCCGATGCTTCAGCGCC,SNF8,201,294,368
SNF8_CTGGCGCTGAAGCATCGGAA,SNF8,1301,376,359
SNF8_CAGGCCAAGTATAAGGAGCG,SNF8,1347,3,122
SNF8_TGCAAGTTTCTTCTTGGCGA,SNF8,756,856,426
SNIP1_ATTGACCTTGGCTCAGGCAA,SNIP1,539,3,18
SNIP1_TTGGAATGTCTGCAATGCGG,SNIP1,945,79,184
SNIP1_GAGAGCTAGGAACAGTGACC,SNIP1,0,8,87
SNIP1_CTCAACAGTCAAAGTGAAGC,SNIP1,2030,105,72
SNIP1_GAGACGGGCTACCACCGGAG,SNIP1,523,45,25
SNIP1_TGAAGAGCGAACGGGAGCGA,SNIP1,1149,38,73
SNN_CCTCATTGCCATCGCGGCCC,SNN,654,330,631
SNN_GAATACTGCACCAGCAGGAA,SNN,546,161,200
SNN_GGGACCGTGCGTGGAGAGAA,SNN,948,75,207
SNN_TTGGCCTTTCTCTCCACGCA,SNN,1089,497,442
SNPH_TGGGATGGGCGGTATCCCGG,SNPH,656,162,61
SNPH_TCTACTTCCTGGCAGGGACA,SNPH,385,251,157
SNPH_CCGCACGCTCACAGGTGGAG,SNPH,1205,350,625
SNPH_GCATCCCGCACGCTCACAGG,SNPH,1625,553,427
SNPH_GCATCCGGCACCTGAAAGCC,SNPH,441,279,143
SNPH_CAGCCGATGACACACTGAGC,SNPH,579,61,229
SNRK_ATGCCTGGCAAGTTTAACCA,SNRK,1508,560,137
SNRK_GCCCACACACCAACATGAAA,SNRK,2535,565,446
SNRK_CAACAGCATCATTCAGCGCA,SNRK,2721,536,312
SNRK_GGCATTGACGTACTCTACAA,SNRK,565,74,103
SNRK_CTGGTCCAGCCAACTCAGGG,SNRK,618,112,229
SNRK_GCACCGACGGGATAGCAGCG,SNRK,2423,1316,1038
SNRNP200_TTAAAGTGTTGCGGCAGCAC,SNRNP200,840,10,51
SNRNP200_TGCCTTCTTCTGCGACACGA,SNRNP200,1466,467,437
SNRNP200_GCAGTTTGAGTCTGATGAGG,SNRNP200,820,12,20
SNRNP200_ATACCATGTGCTAGTGAACC,SNRNP200,949,8,0
SNRNP200_GGGCACCCGTATGGGAGACA,SNRNP200,722,0,0
SNRNP200_TCTGCAATACGAGTACAAGG,SNRNP200,1661,179,52
SNRNP25_GCCATGGACGTGTTCCAGGA,SNRNP25,1177,121,83
SNRNP25_TCGGCAGATCGCAGAGCAGC,SNRNP25,456,0,0
SNRNP25_GACGGTCCGAGTGTGCAAGA,SNRNP25,195,12,0
SNRNP25_TGTGTCCGTGGTTGCAGCCG,SNRNP25,1838,20,1
SNRNP25_AAGGAGGCTCTGTTCTCAGA,SNRNP25,129,116,40
SNRNP25_CGGCATCCGGAATCGAGACG,SNRNP25,2231,28,15
SNRNP35_TGGATCATACTCCTTGGCGA,SNRNP35,1092,173,152
SNRNP35_TGAAGACCCACACGACCGCG,SNRNP35,941,1,65
SNRNP35_TTACCGAGATGCTGATGGCC,SNRNP35,892,63,95
SNRNP35_GACCGCCTCCAAGTCGCCGA,SNRNP35,452,1,0
SNRNP35_AGACCGCCTCCAAGTCGCCG,SNRNP35,1452,5,0
SNRNP35_CTCGATCCCGAGAAAGACAC,SNRNP35,1791,431,464
SNRNP40_CTCTCACCACTTATGAGCAA,SNRNP40,1229,262,195
SNRNP40_TGACGATGGCACAGTTAAGG,SNRNP40,1586,113,37
SNRNP40_GGCCCTCAGCTTGTCTGCAC,SNRNP40,551,129,14
SNRNP40_GGATAGTGAAACAGGTGAGA,SNRNP40,245,13,37
SNRNP40_GCCGGGAGCCTTGCTGCAAG,SNRNP40,355,273,317
SNRNP40_TAAGGGCCCAGAGTTGCCGC,SNRNP40,192,33,0
SNRNP48_CTGAACGAGTTCGTGGAGAG,SNRNP48,1283,1,70
SNRNP48_TAGGTCCCAGCCCAGGGACG,SNRNP48,1172,364,116
SNRNP48_ACTATCTAGGTCCCAGCCCA,SNRNP48,769,0,0
SNRNP48_GGGCTATACCAAAGAAGAAG,SNRNP48,675,116,227
SNRNP48_CATTCTTGGCTCTATAGGAC,SNRNP48,856,16,37
SNRNP70_GAAGGTTGGGCGGCAGGAAC,SNRNP70,997,0,55
SNRNP70_TGAAACCCGAGAGGAGCGCA,SNRNP70,293,13,27
SNRNP70_TGAGCGGCGACAGCAAGAAG,SNRNP70,2100,190,112
SNRNP70_CAATGATCCCAATGCTCAGG,SNRNP70,524,56,123
SNRNP70_TCGATGAAGGCATAGCCACG,SNRNP70,1037,7,61
SNRNP70_GCAAGAAGATTGATGGCAGG,SNRNP70,285,41,0
SNRPA_CCTTGAAGATGACAAAGGCC,SNRPA,279,41,68
SNRPA_GGAAACCCTGCATGGAGCGC,SNRPA,1535,306,338
SNRPA_GCACAGCCTTCTTGGTGGCC,SNRPA,20,404,130
SNRPA_CACCTGGCCAGATCCCACCA,SNRPA,430,195,285
SNRPA_CTCATTGTCAAACTCCACGA,SNRPA,1175,156,80
SNRPA_TTTGACAATGAGGTACAGGC,SNRPA,625,1,1
SNRPB_CCTTGGTGGGCGCATTCCCG,SNRPB,1996,391,127
SNRPB_CACTTACCTCGCATCCCAGG,SNRPB,502,111,35
SNRPB_TGGGTACTGGGTTGGAGCCC,SNRPB,133,3,47
SNRPB_GGTTGGCGGGCCATCCCAAC,SNRPB,1155,202,185
SNRPB_TCGGTCTGGTGCTGCTGCGA,SNRPB,872,0,0
SNRPB_GGTGCATCCTGCAGGACGGC,SNRPB,48,10,9
SNRPB2_TTGGTCTTTCTTACCTGGCC,SNRPB2,4,50,69
SNRPC_TCAAACTTACCAGGTCCCAC,SNRPC,572,86,50
SNRPD2_ACCTATCGAAGGCCTTCACG,SNRPD2,545,41,114
SNRPD3_TAAAGTACTGCATGAGGCCG,SNRPD3,1413,230,223
SNRPD3_AAAGTACTGCATGAGGCCGA,SNRPD3,29,8,26
SNRPD3_AGATGGCCGAGTGGCACAGC,SNRPD3,977,0,0
SNRPD3_CCGAGTGGCACAGCTGGAGC,SNRPD3,1302,22,78
SNRPD3_GCCGCAAGAGGAAGAGGACG,SNRPD3,363,59,15
SNRPE_ACATCCTGCGTAGGATACGA,SNRPE,824,14,0
SNRPF_CCTGTTAGTCCATTGAGGAA,SNRPF,1449,5,0
SNRPN_TTCTCAGGTAATGACTCCAC,SNRPN,531,41,58
SNRPN_ACCAATCCCTTACCTGGAGG,SNRPN,505,56,160
SNRPN_ATTGGCGTCCCTCGAGCAGG,SNRPN,82,128,92
SNRPN_CCTATTGGCGTCCCTCGAGC,SNRPN,99,95,83
SNTA1_GGACACTCACCTGTTCAGCG,SNTA1,2317,668,557
SNTA1_CCTGGCCCTGCTAACTGAAA,SNTA1,671,252,462
SNTA1_GGCGACTGCCATCCAAGCCC,SNTA1,410,442,738
SNTA1_AGATGGCATATGTCTCGAAG,SNTA1,168,364,78
SNTA1_ATTGGCAGCTGACCAGACAG,SNTA1,687,256,351
SNTA1_GATGCTGATGCCCAGCCCAC,SNTA1,96,56,104
SNTB1_CTGTATGATGGTCTTGGGAA,SNTB1,1272,283,495
SNTB1_TGCTCCTTGTCCAGTGGGAG,SNTB1,1642,493,941
SNTB1_TGCCACGGAGGAAGGAAGCC,SNTB1,1062,676,573
SNTB1_CAGCAATCACTCGGGTCAGC,SNTB1,992,516,391
SNTB1_CCTTGGCCGACCCTGAGAAC,SNTB1,2094,899,811
SNTB1_TCCATCTCGAACCAGAAGCG,SNTB1,1705,573,746
SNTB2_GGTGCGGGTGGTGAAGCAAG,SNTB2,372,118,141
SNTB2_CATTAGTATCAGATCTGCCG,SNTB2,204,70,52
SNTB2_GCCTACCTGTTCTGCCAGCC,SNTB2,615,515,408
SNTB2_TGCTCTATGACTGTATGCCG,SNTB2,342,164,254
SNTB2_TGTAAGGTCAGATCCAAGGG,SNTB2,717,459,509
SNTB2_TGGTGGTCCCGAGGGAGAAC,SNTB2,1483,319,263
SNTG1_TTTCAGAACCGCCTGTGAGG,SNTG1,968,277,496
SNTG1_TTTGCTGCAGGATGGTAACC,SNTG1,1150,352,420
SNTG1_CGACGTCTCCAGGCTTGAGG,SNTG1,1355,589,345
SNTG1_CAACGCAGTCTTCAGCAGAG,SNTG1,197,343,661
SNTG1_TGCAGATTGTCTACATGGGC,SNTG1,412,227,301
SNTG1_AAACCTGGAGTTACACAGGC,SNTG1,392,110,191
SNTG2_CCGGCTGAAGCTGACGAAAG,SNTG2,2620,1066,1095
SNTG2_GATGGCTTTGTCTTTCAGGG,SNTG2,117,123,16
SNTG2_CACCCTGCAGCTGACCAGAC,SNTG2,3086,1003,781
SNTG2_CTGTGGTCGCTGGATGGCCC,SNTG2,1041,296,515
SNTG2_GAGATGCGAGCCATGGACAG,SNTG2,872,265,449
SNTG2_CACCTCGAACGCATTCCACC,SNTG2,276,48,48
SNTN_TGGCTGTATGCACAGTACCC,SNTN,996,463,296
SNTN_GATTGGGATCTCCTTCCAAG,SNTN,312,187,136
SNTN_AGTCTACCCTTAGTAGACAC,SNTN,300,19,54
SNUPN_ACACACAAGGCCTCTGAGAA,SNUPN,523,351,417
SNUPN_CCATAGATAGCACATCACAC,SNUPN,476,46,46
SNUPN_GCCACTCTTGGTGTAGGCAC,SNUPN,34,0,0
SNUPN_ACCACTCAGAAAGCATCAAC,SNUPN,393,0,0
SNUPN_GCAGTTCCAGTAACCTCCGG,SNUPN,457,0,21
SNUPN_GGAAGAGTTGAGTCAGGCCC,SNUPN,458,26,78
SNURF_AGGAGCGGTCAGTGACGCGA,SNURF,564,67,201
SNURF_CGGTCAGTGACGCGATGGAG,SNURF,3014,1725,1444
SNURF_GGTCAGTGACGCGATGGAGC,SNURF,167,231,161
SNURF_TTCTTAGCTGAGACACCAAG,SNURF,1297,199,285
SNW1_CGTAGACAGAGAGGCCGAGA,SNW1,744,178,74
SNW1_TCATACCGGATATACTGAGC,SNW1,629,24,10
SNW1_AATTTGTCAGCTGCTCGAAC,SNW1,1499,154,43
SNW1_CGTACGGATACCGGAAAGGC,SNW1,1980,46,46
SNW1_CCTTTCCGGTATCCGTACGG,SNW1,566,23,2
SNX1_TGGAAGAAGATGGCGTCGGG,SNX1,791,61,123
SNX1_AGAACAAGACCAAGAGCCAC,SNX1,484,16,158
SNX1_TCCGAGAAGCACTCTCAGAA,SNX1,2077,904,581
SNX1_AACGGAGGGCCGCTTTAGAA,SNX1,950,346,171
SNX1_GACGTCAGGGTCCTGTAACA,SNX1,1317,328,454
SNX1_CTTGTAGCTGCCACGTGCCG,SNX1,2332,597,961
SNX10_AGCTTAGCGTCTGCTAGAGG,SNX10,1171,341,273
SNX10_AGATCCTAGGATTCAGAAGG,SNX10,810,189,393
SNX10_GCACGTGGATCAGCGTCGCC,SNX10,167,74,125
SNX10_CACGTGGATCAGCGTCGCCA,SNX10,478,87,123
SNX10_TCAGATGGCTCTGTAAGAAG,SNX10,1533,501,199
SNX10_TCCAAGCCCAGAGGATGAAC,SNX10,1470,269,218
SNX11_GATGTCGGAGAACCAAGAAC,SNX11,659,360,91
SNX11_GAGTATGGTCTGCAGAGAAC,SNX11,711,145,180
SNX11_CTCATCTGAGGTGCCGAAGA,SNX11,1156,445,659
SNX11_AACCACACTCTGCAGGACCC,SNX11,182,0,0
SNX11_CTATCTCAGGCACCGAGAGC,SNX11,1631,211,391
SNX11_TCTTGGAAGAAAGCAGCAAC,SNX11,788,328,213
SNX12_TTGACAGGAACTACGTCCCG,SNX12,806,268,65
SNX12_TAGAATTGCTGGGCACCCAC,SNX12,683,298,284
SNX12_ATCCCTTCATCTCCTCGGAA,SNX12,1232,695,560
SNX12_TGAGCTGGAGAGAGATAGCA,SNX12,1409,201,335
SNX12_CGGCTTCGAGTTAAGGCGCC,SNX12,643,84,143
SNX12_CTTCGGAAAGATGTCGGACA,SNX12,2352,933,1652
SNX13_ACTATACATGCTCACTCACC,SNX13,462,8,70
SNX13_CCACATGAGAATCACTGAAC,SNX13,1787,505,494
SNX13_CCTCACTGTTTAGGTTGCGC,SNX13,1254,210,104
SNX13_CTACAAGAATGCTGTCCAGG,SNX13,1201,227,132
SNX14_GCAACCAGTACTCAACAAGC,SNX14,3676,498,260
SNX14_GATGAAGCCAGTCAGGAACC,SNX14,0,0,73
SNX14_GGATCCCTCCTCTGAAAGGA,SNX14,389,134,178
SNX14_GCGTTACCTGTTAAGAAGCA,SNX14,851,82,198
SNX14_GCTGAAGCAGCGGCTGCGAC,SNX14,313,30,57
SNX15_GCAGGAAGTCATCCTTCGCC,SNX15,15,0,0
SNX15_CATCTCAAAGAAGGACCCAG,SNX15,455,85,64
SNX15_TCTAACACTCACCAAACACC,SNX15,601,161,210
SNX15_CGATCACTGAGGCTTCAAAC,SNX15,2909,905,805
SNX15_GGGAGCAGTTGGGATAGCCG,SNX15,234,5,144
SNX15_ACCATCCAGCCCTGCCCAGG,SNX15,470,73,135
SNX16_TCTAGGCTATCAAATGGACC,SNX16,70,168,186
SNX16_AGGCTATCAAATGGACCCGG,SNX16,759,45,101
SNX16_TTTCCTATGGGCATAGGAAC,SNX16,535,174,225
SNX17_CGAAACCGAGTCCCGCAGCG,SNX17,1601,418,290
SNX17_CTACCTGTTGTGCCCGACGC,SNX17,1622,322,59
SNX17_TTGGAAGTGCTGCTCAGCAA,SNX17,3964,273,242
SNX17_CCAGGCTGTAGCTGCAAAGC,SNX17,1778,322,299
SNX17_ATACTCTTGACTCCGAAGGC,SNX17,378,114,143
SNX17_TGACGATGTCATGGAGAACC,SNX17,710,178,117
SNX18_GCACATTGGCGTAGCGGGCC,SNX18,4,16,110
SNX18_ATTGAGGTTGCGGCTCACGG,SNX18,658,55,286
SNX18_TCCACCTTCGTCAAGTCCGG,SNX18,238,167,162
SNX18_TGACCGGGAACTTCTCCGCC,SNX18,464,128,143
SNX18_CAAGGAGAGTAGGCGACACG,SNX18,1111,370,465
SNX18_AGTAGGCGACACGTGGAGGA,SNX18,522,65,76
SNX19_ATTCAGCCTTCCTGGGAGGG,SNX19,697,0,86
SNX19_CAGAGACCTCGCCACTCACC,SNX19,499,69,123
SNX19_GCCTTCTTCAACCTCTGGAG,SNX19,243,49,28
SNX19_TGAAGCCACTCCAGCGAGGC,SNX19,1582,447,535
SNX2_GAGCGAAGATGGCGGCCGAG,SNX2,285,117,255
SNX2_ACGCGGTCTCACCTCTAGGG,SNX2,293,91,286
SNX2_TATTAACTGCTCTAGGCAGC,SNX2,117,99,34
SNX2_GCCTAGAGCAGTTAATACAC,SNX2,803,49,148
SNX2_GCCTTGGTCTGTCATAGAAA,SNX2,2267,799,787
SNX2_GGGAGGCGAAAGTGCAACAA,SNX2,950,510,568
SNX20_CAGAGCATGTCACTTTGACG,SNX20,1954,848,793
SNX20_CGTGACTCTGCAGGAGAGGC,SNX20,290,53,1
SNX20_GCTGCTGAAGACGTTCAGGG,SNX20,418,51,93
SNX20_GCAGTTTGACGTGCTTCCAG,SNX20,1202,149,161
SNX20_GCTGGGTCCTTGCCGTGCAC,SNX20,502,143,98
SNX20_CCATAACCCAGTGCACGGCA,SNX20,1617,504,867
SNX21_TGCCGCTGAGTCGGGAGGAC,SNX21,883,242,301
SNX21_CCTCAGCTTCACCAGCGCCG,SNX21,1549,210,575
SNX21_TCACTTCGAAGAGCAGCCGC,SNX21,2037,313,674
SNX21_TCACCACGTACTTGGAGGGC,SNX21,957,96,210
SNX21_CTCAAAGGCCCGGCTACGGC,SNX21,458,562,897
SNX21_ATTGACGTTTGTCCAGGCCC,SNX21,308,24,6
SNX22_GGCGCAGACACACGGTGCCA,SNX22,803,260,178
SNX22_AGTTGGGCAGGCGTTTCGAG,SNX22,511,204,260
SNX22_CATCCTGTACCTGAACCAGG,SNX22,1094,59,52
SNX22_CTTGCCTGCTGTCGCCAGGC,SNX22,131,46,146
SNX22_TGCAAACATAGGGATCCACA,SNX22,153,72,35
SNX22_AGATAAAGCCCAGCCAAAGG,SNX22,895,427,96
SNX24_CTCTCTTCATAGCGAAAGGA,SNX24,683,267,280
SNX24_ATGACAGGTTTGATTACCGC,SNX24,387,117,87
SNX24_TTTACCCTCATCTACAGCCC,SNX24,661,121,164
SNX25_ACCTTGAGGTAGTCAGGAGA,SNX25,744,47,91
SNX25_TCGCGACTTCTTCTCCCACC,SNX25,620,241,466
SNX25_TGGTGGGAGAAGAAGTCGCG,SNX25,480,198,142
SNX25_CGACTTCTTCTCCCACCAGG,SNX25,1026,119,194
SNX25_CATGAAACATGGTTCAGCCA,SNX25,1191,223,145
SNX27_TGCTCGCAAGATGGCGGACG,SNX27,624,212,258
SNX27_GAACCACGTGAATGTTGAGG,SNX27,378,15,114
SNX27_TTACATTTCCTCGACTCCCA,SNX27,319,48,36
SNX27_ACCTTAGGCTATCGCAGCAA,SNX27,1087,271,178
SNX27_CCACTTTCGAATGGTCAAGC,SNX27,2031,500,660
SNX27_TCCTGGAGTCACAGGCACAG,SNX27,769,223,280
SNX29_TTGCCTCGGATTCCGACAGC,SNX29,550,107,115
SNX29_TTCAAACTGGGCACACAGAC,SNX29,2667,781,1201
SNX29_CCCGTTCTCCAGGCTTCCGA,SNX29,1300,151,105
SNX29_GACTCTGGCACTGAGGCAGA,SNX29,884,40,61
SNX29_TCCCTTAGGTGAACTGCGCC,SNX29,76,197,84
SNX29_AAGAGGTGGACACCTTGAAA,SNX29,900,235,246
SNX3_CAACGTTCGTTCTGTGCCAG,SNX3,1207,348,222
SNX3_AACGCTTTCCCAGGGAGCGG,SNX3,317,95,31
SNX3_CAAGGAGTCATGGAAGGACG,SNX3,1546,159,466
SNX3_CGTAAGTGGTGAAGCGGCCC,SNX3,349,69,377
SNX3_AGACCGTGGCTGACACCCGG,SNX3,716,142,179
SNX30_CCGCAGCTTCGGTGACAAGG,SNX30,1584,1126,746
SNX30_CCCAACGGTGGTACTCCAGC,SNX30,233,143,97
SNX30_TGACTGGTTGAGGAGCAAAC,SNX30,1586,771,793
SNX30_ACCACAAACTTCTCGGGAAG,SNX30,1274,92,86
SNX30_TGAACGCCTACAAGAAGCAA,SNX30,918,223,188
SNX30_ACGGGCCTGTGTACTCCACA,SNX30,734,122,224
SNX31_GGAACTCTGCTGGATACGGA,SNX31,532,334,230
SNX31_AAGGTGCCAAGATACTCACA,SNX31,235,166,251
SNX31_ATCAGCACGGAGTCGAGGGA,SNX31,737,202,135
SNX31_CTGGATCTTTCAGCTAAGGC,SNX31,1224,368,495
SNX31_GCTGCACGGTTGGAACGAAC,SNX31,1227,327,319
SNX31_TCGGACCGCTGCTGGGACAC,SNX31,722,210,227
SNX32_AGCGATGGAGACGTATGCGG,SNX32,921,455,456
SNX32_CTGCAGATCCACCGATGCAC,SNX32,2487,262,399
SNX32_CTCAGTCGTGCGGCAGCACG,SNX32,157,38,94
SNX32_AAGCTACAGAAATTGGGCGA,SNX32,251,111,120
SNX32_GAAGTTGTGGTCTCGACGCA,SNX32,373,144,83
SNX32_ACAGGAAGGAGCTCCTCGGA,SNX32,450,91,82
SNX33_ACGATCTCCACATAAGAGGC,SNX33,611,65,50
SNX33_CATCAGTCATTCCTTCCAGA,SNX33,1959,376,307
SNX33_GGTACGGCCCGTGTGAGAAA,SNX33,514,93,175
SNX33_AGCCAACGCATGAGTGACGA,SNX33,696,296,295
SNX33_GCAGGGCGAAACCCACCACG,SNX33,2514,433,674
SNX33_TGAAGTCGAGCTCACGGCGC,SNX33,717,386,336
SNX4_AGGTCAGTTGAACATACCGA,SNX4,348,90,22
SNX4_GGTCGGCAAGGAAGCGGAGG,SNX4,395,28,0
SNX4_GCGGTCGGCAAGGAAGCGGA,SNX4,324,110,72
SNX4_GGCTGCGGTCGGCAAGGAAG,SNX4,783,154,44
SNX4_CCGAACTGCAGCCATGGAGC,SNX4,2551,246,359
SNX5_CAACTCGGGAACCGCGGCCA,SNX5,648,272,260
SNX6_ATCATGGCTGCTCCGAGGCG,SNX6,1746,554,239
SNX6_TCATGGCTGCTCCGAGGCGA,SNX6,1015,373,182
SNX8_GCAGCGCGAATTCCACAGAC,SNX8,1892,1049,565
SNX8_AGCTTCGCGACAGGGCCGAG,SNX8,785,143,215
SNX8_TCGATGAACTCCCTGTCAGC,SNX8,592,294,135
SNX8_TCAAGTCCTCGGTATACAGA,SNX8,1013,126,145
SNX8_CAGTCGAATGCAGATGCCGC,SNX8,929,236,165
SNX8_TCACATGACTGGCCGCGCGA,SNX8,2989,823,524
SNX9_CACCTGGTCCTTGGTAGGCC,SNX9,1345,384,369
SNX9_TTTCCTGGATTTGCGAAACC,SNX9,1329,614,604
SNX9_TGGCTGACCCAAACTTAACC,SNX9,1752,542,1125
SNX9_GCTTGCAGGCCGCTTTGAAG,SNX9,1480,223,318
SNX9_GCCACAGTGTTCAGTTCCAG,SNX9,503,201,284
SNX9_TGCCAGTCTCGTGGCAGAAC,SNX9,2744,1055,1128
SOAT1_TTTCCCTGGACTTTGACAGC,SOAT1,838,194,245
SOAT1_TTGAGAGCACCTCCAGAACA,SOAT1,2008,1080,893
SOAT1_TTCCTACCGTTGTTTGGACC,SOAT1,687,367,278
SOAT1_GATCCACCAGGTCCAAACAA,SOAT1,1018,473,321
SOAT1_TAACGACAAGTCCAGGAACG,SOAT1,887,163,195
SOAT2_GGGCGGCTCACCATCTCCAC,SOAT2,191,119,77
SOAT2_GGTACAATGGACCCGACACA,SOAT2,208,29,202
SOAT2_ACAATTGCTGGAGCAAGCGC,SOAT2,1001,158,517
SOAT2_AACATCTCAATTCAGGACCC,SOAT2,902,122,211
SOAT2_TCGACTTCATTGATGAGGGC,SOAT2,893,518,539
SOAT2_CGGACAGCTGCCATTGGCGC,SOAT2,2462,308,974
SOBP_AGCCGGCTCACCCAGTGAAA,SOBP,1212,1004,755
SOBP_TATCATAGCCATACCAGCCA,SOBP,1286,327,174
SOBP_GATTCCCACTTTCTGGCACC,SOBP,0,25,31
SOBP_CTTGAAGTAGGCTCGTCGGC,SOBP,800,131,205
SOBP_GAGCAGTTGGCAGTGTCAGA,SOBP,675,82,260
SOBP_GCTGTCGCCTGAGGAACCGG,SOBP,120,71,57
SOCS1_GCTGCCGGTCAAATCTGGAA,SOCS1,491,223,157
SOCS1_AGGAGCTCAGGTAGTCGCGG,SOCS1,993,189,165
SOCS1_GCTCAGGTAGTCGCGGAGGA,SOCS1,733,69,303
SOCS1_GGCCGGCCTGAAAGTGCACG,SOCS1,688,229,160
SOCS1_TTTCGCCCTTAGCGTGAAGA,SOCS1,837,259,323
SOCS2_AAGGAAGCAGCTAGGAAGCG,SOCS2,1639,378,543
SOCS2_AATACGTCCCTTGCTTCCAA,SOCS2,90,42,191
SOCS2_TTACGCATTCCCAAGGACCC,SOCS2,724,205,561
SOCS2_ATGTGCAAGGATAAGCGGAC,SOCS2,865,145,271
SOCS2_GGTGAACAGTGCCGTTCCGG,SOCS2,33,13,14
SOCS2_GATGGTGCTGACGTGTAGAG,SOCS2,1004,239,260
SOCS3_CTGGTCCAGGAACTCCCGAA,SOCS3,928,355,618
SOCS3_CCGACAGAGATGCTGAAGAG,SOCS3,3887,843,1203
SOCS3_GAGGGTTCAGTAGGTGGCGA,SOCS3,545,83,89
SOCS3_CTGCGCATCCAGTGTGAGGG,SOCS3,513,246,249
SOCS3_GCGGATCAGAAAGGTGCCGG,SOCS3,294,98,54
SOCS3_TACTGGAGCGCAGTGACCGG,SOCS3,874,119,403
SOCS4_AAAGACGGTTATGTGTGGAG,SOCS4,550,131,131
SOCS4_AAGGCTAAATCTGATCGAGG,SOCS4,390,133,8
SOCS4_ATTGTCGGTGGTTATGACAC,SOCS4,1140,120,28
SOCS4_GACTGGCTCTGTGATGAACC,SOCS4,340,288,173
SOCS6_ATCACTACAGTCCCGCGCCG,SOCS6,715,600,361
SOCS6_CGGGCTGGAAGAGTGAACCA,SOCS6,1982,259,495
SOCS6_CTGGGTTGGTCAGTCTGACG,SOCS6,3301,1741,1948
SOCS7_GGAATCGGAGGCCGAGAGCC,SOCS7,161,12,56
SOCS7_TACCCTTACCTGTGAACAGG,SOCS7,590,139,100
SOCS7_GATGTGGACATTTCTCAGCG,SOCS7,475,281,323
SOCS7_ATCTGTCCTTGTGGCTCCGA,SOCS7,345,49,136
SOCS7_CTCGAGTCAGGCCGGTAGAG,SOCS7,3126,687,530
SOCS7_ACTAGAATGGAGCACTACAG,SOCS7,1220,402,304
SOD1_CTAGCGAGTTATGGCGACGA,SOD1,1359,93,357
SOD1_AAATTGATGATGCCCTGCAC,SOD1,265,20,41
SOD1_TTGCATCATTGGCCGCACAC,SOD1,2441,1,0
SOD2_GATCCACTGCAAGGAACAAC,SOD2,889,62,97
SOD2_AACGGTGGTGGAGAACCCAA,SOD2,18,52,19
SOD2_ACAAACCTCAGCCCTAACGG,SOD2,1237,161,109
SOD2_GCGAGTTCTCCTCCACGGAG,SOD2,1432,399,552
SOD2_GGTTGTTCACGTAGGCCGCG,SOD2,157,88,61
SOD2_GCACTAGCAGCATGTTGAGC,SOD2,964,113,161
SOD3_CCAACTCTGACTCGGCGGAG,SOD3,1723,381,471
SOD3_GATCCGAGACATGTACGCCA,SOD3,205,156,74
SOD3_AAGGCGTCGAGCTTGGCGCG,SOD3,1051,249,533
SOD3_GCTCGACGCCTTCTTCGCCC,SOD3,84,22,28
SOD3_AGCGTGGAGAACGGGAACGC,SOD3,1849,158,68
SOGA1_GGAGCGGCAGCTACGAAAGG,SOGA1,1007,276,298
SOGA1_ATCCGAGAGGCTTTCCGCAC,SOGA1,564,471,107
SOGA1_AGGAGGCGAGGTCACAGCGC,SOGA1,969,242,116
SOGA1_GCTGCATAAGGAGCTCGAGG,SOGA1,551,45,78
SOGA1_AGTCTCCGTGCCGCCCAGAC,SOGA1,978,1240,637
SOGA1_AGCCGGCCACGTCTTTGGGC,SOGA1,317,191,242
SOGA2_TCCACCCGGTGGCCGAAAGG,SOGA2,1485,289,329
SOGA2_CTCGCCGAAGTTCCTGCAGC,SOGA2,742,209,382
SOGA2_GCGGCTAAAGCTGGTGGAGG,SOGA2,436,123,170
SOGA2_GGCGGCCAGACTGCATCAAG,SOGA2,893,105,247
SOGA2_ACCTGAGTTTGACGTAGAAG,SOGA2,2024,310,112
SOGA2_TGTGATCTCCAATCTGCACC,SOGA2,135,65,204
SOGA3_CTGTACCTGACTCACGGAAA,SOGA3,655,168,310
SOGA3_GCAGAACAAGCGCATCACGG,SOGA3,1060,336,379
SOGA3_TCCGCAAAGCCGAGCGCAAA,SOGA3,2208,810,830
SOGA3_TGCGCTCGGCTTTGCGGAGG,SOGA3,885,358,493
SOGA3_CTTAGCGTGCATCTGAGCCG,SOGA3,2674,347,857
SOGA3_TAACAAGACCGGGAGCCGCA,SOGA3,1029,289,329
SOHLH1_AGGACAGCCCTCTGGAGCCG,SOHLH1,623,126,83
SOHLH1_GACCTTGCCCGTGATGAGCG,SOHLH1,1038,426,567
SOHLH1_CAGGACTCACCTGAGAAAGG,SOHLH1,1603,221,267
SOHLH1_AGACACTAACCGAGTCCCGC,SOHLH1,491,19,149
SOHLH1_TCTTGACCGGAACCAGGAAG,SOHLH1,974,312,357
SOHLH1_CCGAGTCCTCGCAGCAGGAG,SOHLH1,1564,692,739
SOHLH2_GGGAGAAGCTTTGAGACCGG,SOHLH2,217,70,55
SOHLH2_ATTCAGAGACAGCGCTGCAC,SOHLH2,1477,183,117
SOHLH2_CTGACTAATACGTGCTGGAA,SOHLH2,5837,1504,1345
SOHLH2_TTCACTAAGTGCCGAGGAGC,SOHLH2,1040,174,242
SOHLH2_TCCTCGGCACTTAGTGAAGA,SOHLH2,587,289,307
SOHLH2_GCACTGCCAGATCTCGGGCC,SOHLH2,1172,158,209
SOLH_AATGATGTCACTGCCCGAGG,SOLH,443,5,47
SOLH_TGCTGCACGCTGTCACCCGC,SOLH,2604,148,46
SOLH_GGTAGGCGCCCTCTGCACAC,SOLH,551,78,157
SOLH_TGTCAACGGGCTCCTCGCGG,SOLH,1500,34,176
SOLH_AGGATGGAGTAGGCATGCCG,SOLH,1311,15,342
SOLH_GACGAGTGGCCACACTGGCC,SOLH,146,37,52
SON_AGAGAACGGAGCGGACGCCA,SON,509,0,0
SON_AGGCAGCTGCATCACCCGCC,SON,432,1,3
SON_TTCATCCATGACAAGACCGC,SON,1160,12,19
SON_GCCGGGTTAAACGGCAGGGC,SON,108,24,41
SON_CCAATACTGGTGCCCAAGCC,SON,2634,1374,1143
SON_AGTGTTGTGAATAGTACGGC,SON,142,93,186
SORBS1_GCCCACTCAGGCCCTGAAGA,SORBS1,1388,306,815
SORBS1_TACCTGTGGCACGTTTGCAC,SORBS1,447,209,152
SORBS1_AAAGGATGACAGTAGGCGGG,SORBS1,505,28,91
SORBS1_GGACAACTATTACCTCCGGC,SORBS1,240,126,55
SORBS1_TCTTCCAGTGCTGATGCCAA,SORBS1,543,211,389
SORBS1_GGGTTTCCTGAGGGCTCGCA,SORBS1,2,83,35
SORBS2_AAGGAAGGAGCTCACCCGGG,SORBS2,119,69,18
SORBS2_GATCTCTTGGTCGAAGCGGC,SORBS2,346,85,32
SORBS2_CAGTCGACCGGCCCAAGGAC,SORBS2,2087,596,247
SORBS2_CCTCTGAGGATCGGTACAGG,SORBS2,1585,232,155
SORBS2_TGGGAGAGAATATGCCGAGG,SORBS2,515,34,91
SORBS2_CTGTAGTCCTCTTGTAGAAC,SORBS2,4104,1543,1049
SORBS3_CACATAGGGTCTTCCTCCCG,SORBS3,2303,99,159
SORBS3_GCTCCTGAGCAGACCTACCC,SORBS3,951,177,122
SORBS3_CCCAGAACTGGTCAGCCACG,SORBS3,1018,995,1075
SORBS3_TGCTCCTGCAGACTTGCAGC,SORBS3,627,81,91
SORBS3_ACTGGAAGATGTTGCCGGGC,SORBS3,0,2,118
SORBS3_AGCACCTTCAACTACAGACC,SORBS3,575,61,272
SORCS1_CTGGCGTTTGCTGCAGGCGC,SORCS1,791,702,160
SORCS1_ACGTGGTGTCTACTTCACCC,SORCS1,634,524,282
SORCS1_TCCGAAATATGCTTTGCCCA,SORCS1,1412,205,193
SORCS1_AGAACTGTACAGAGGCCAAC,SORCS1,553,154,183
SORCS1_AGATGGCAGCTTATCCAAGA,SORCS1,1853,479,508
SORCS1_ACCGAGCGCTATCCCTGGAG,SORCS1,1327,194,203
SORCS2_GCACGTCGTTCGTGCTCAAG,SORCS2,296,123,156
SORCS2_GAAGTACTACCACGCAGACA,SORCS2,1507,382,526
SORCS2_TCGATGACGGTGGTGACACC,SORCS2,53,41,75
SORCS2_CCACCCTAAGGAGGAGGACA,SORCS2,339,310,270
SORCS2_AGTGCTCTCACCAGAACACG,SORCS2,697,77,148
SORCS2_TGACCCTGACTTGGTCCACG,SORCS2,398,80,134
SORCS3_GCTCCGGCCGATGGTTCCAG,SORCS3,476,41,105
SORCS3_GAAGCTGTATGACTTCAACC,SORCS3,985,322,151
SORCS3_TTCATCCCAAGCAAGAGGAC,SORCS3,815,263,370
SORCS3_ATGAACGCATCACACCCAAC,SORCS3,388,328,209
SORCS3_GGTGGCCGGATTGGATAAGG,SORCS3,258,81,20
SORCS3_GCCTAAGTACTCGTTGCCAA,SORCS3,301,475,649
SORD_TTCCCTGGTGGTGCACGGAC,SORD,600,177,268
SORL1_CAGTAGCGTTCGCCCGAACA,SORL1,1368,556,733
SORL1_ACAATCAGATGGTGGTGCAC,SORL1,527,245,229
SORL1_AGTCGTAAGACACGTACACC,SORL1,394,41,199
SORL1_AGGAGATCAGCTGCCCGAAA,SORL1,738,361,514
SORL1_AAGACAGTGGAGTAGCCAGA,SORL1,223,22,103
SORL1_TCTCATGGGCTTCCGGCCAA,SORL1,1315,141,178
SORT1_AATCTTTCCTGACCAGCCAG,SORT1,562,136,81
SORT1_CACTACCACAGGCGGAGAGA,SORT1,1801,254,131
SORT1_AACTGTTCCTGTCCCACGGA,SORT1,470,129,194
SORT1_TACCTTATCAGCCATCACAG,SORT1,674,336,333
SORT1_CCCAGTGCTATCTCCAACCC,SORT1,3066,925,1068
SORT1_GGCATTCGGCGGCGATGGAG,SORT1,92,184,178
SOS1_GAATCCGATGGGAAATAGCA,SOS1,568,81,79
SOS1_GAGTGGCATATAAGCAGACC,SOS1,184,41,157
SOS1_AATGCTTACCGCAGTTGCAC,SOS1,529,83,23
SOS1_AGTACCGGAGTACACTGGAA,SOS1,410,93,123
SOS1_AGTGGCAATGTGTGCTGACA,SOS1,260,20,130
SOS1_GAGAACGCGCCCAAGTGGCG,SOS1,139,169,94
SOS2_TGCCATTCAATTGGTGGAGG,SOS2,979,180,302
SOS2_TATTCACCTAGACGTCGACC,SOS2,147,70,9
SOS2_ACTGGCACCAGCATAAGACG,SOS2,1231,33,77
SOS2_AGCAGATTGTGCATCAGCAA,SOS2,1847,270,337
SOS2_AATTATGCATGGCCCAGCCA,SOS2,1443,223,234
SOS2_GCCTTACGAGTTCTTCAGCG,SOS2,2390,681,628
SOST_AGGCGTTCTCCAGCTCGGCC,SOST,358,303,23
SOST_CCGGAGCGCCAAAGCCAACC,SOST,1660,768,674
SOST_TGCACTTGCACGAGGCCACC,SOST,97,87,87
SOST_ATGAACCGGGCGGAGAACGG,SOST,492,29,20
SOST_CAACAAGACCATGAACCGGG,SOST,799,286,234
SOST_TTCCGTGTAGTGGAGGGCCA,SOST,789,449,738
SOSTDC1_TCACTGCCTGCAAGTGCAAG,SOSTDC1,549,230,220
SOSTDC1_GAACAAAGTACTGGAGCAGG,SOSTDC1,214,260,79
SOSTDC1_TCCTGCAGCTCGGGTTCAAG,SOSTDC1,778,500,350
SOWAHA_GCGTCTGGCGGATCAGAGCA,SOWAHA,1269,473,404
SOWAHA_GACGTGAACGCACGCTCCCA,SOWAHA,165,98,13
SOWAHA_TGCACGTGCGTGATCACAGC,SOWAHA,1760,198,347
SOWAHA_CGACCTCATGCTCCAGGACC,SOWAHA,1163,228,57
SOWAHA_TCGACGAGAGATTTCTGAGA,SOWAHA,1287,71,281
SOWAHB_AGGAACGGCACCCAGCCCAA,SOWAHB,436,197,178
SOWAHB_GGATGGTCACATCTCTCAGC,SOWAHB,756,300,337
SOWAHB_CCTCCTTCCGAGATACAGAA,SOWAHB,1163,421,391
SOWAHB_TGAATTAGGCTCCGTGGAGC,SOWAHB,1118,332,326
SOWAHB_GCAAGGCAGCGTTGGTCACG,SOWAHB,1698,375,450
SOWAHC_CCGCGCGCACTTCAAGGAGC,SOWAHC,1386,317,287
SOWAHC_CCAGCTCCTTGAAGTGCGCG,SOWAHC,696,345,183
SOWAHC_AGTACGTGCACCTCAAGAAG,SOWAHC,991,354,265
SOWAHC_CGATGGCAAGTGGGACAGCC,SOWAHC,1250,397,707
SOWAHC_CATCGACGCCAGGACGAGCG,SOWAHC,524,27,152
SOWAHC_CCTGAGTCGGAGCATCGCCG,SOWAHC,4148,1434,1234
SOWAHD_GAGAGCGGACACTGGTAGCC,SOWAHD,640,1534,1410
SOWAHD_CCGGCTACTCGGTTCTGCAC,SOWAHD,1623,590,580
SOWAHD_GGCCCTTCAGGGCCACGACA,SOWAHD,16,90,20
SOWAHD_AGCTGTCGGGAGCCGAGGAA,SOWAHD,1230,789,651
SOWAHD_AGCGTCGCGGACCAAGGCGA,SOWAHD,1322,203,316
SOWAHD_ACCAAGGCGAAGGACACCGC,SOWAHD,1258,93,384
SOX1_CGCCAAGGCCAACCAGGACC,SOX1,1418,486,871
SOX1_CCAACCAGGACCGGGTCAAA,SOX1,2599,930,1019
SOX1_CGCCTCCTGCATCATGGCCG,SOX1,1084,409,468
SOX1_CATGTACTTGCCCGCCGGCG,SOX1,1169,869,1123
SOX1_TGTACTTGCCCGCCGGCGAG,SOX1,1272,413,517
SOX1_TCGCTGCCGCAGCACTACCA,SOX1,790,771,887
SOX10_GATCCAGGCGGAGTGTCCAC,SOX10,237,0,43
SOX10_CCACGAGGTAATGTCCAACA,SOX10,2238,811,544
SOX10_CTGGGTGCCGGTGGTCCAAG,SOX10,1177,535,328
SOX10_AGAGCGCCCACTTGGACCAC,SOX10,1422,36,167
SOX10_GAAGGAGCAGCAGGACGGCG,SOX10,1206,364,135
SOX10_TTGACCTTGCCCAGCTCGCC,SOX10,369,237,161
SOX11_TGGACGAGAGCGACCCAGAC,SOX11,2488,912,677
SOX11_GGCGGTGCCAAGACCTCCAA,SOX11,660,264,306
SOX11_TAGCGTCTCAGCAGCTGCGA,SOX11,99,243,17
SOX11_GGGAGCGAGCCTCTACGACG,SOX11,460,240,104
SOX11_ATCCTTATCCACCAGCGACA,SOX11,613,647,588
SOX11_AATCCTTATCCACCAGCGAC,SOX11,440,145,196
SOX12_AGTGCGCCTGGTCGAGACCC,SOX12,189,159,58
SOX12_GACAAGCGGAGCGCGCCCAA,SOX12,117,82,5
SOX12_AAGTGCGACGTGCCCGAGGG,SOX12,1187,139,227
SOX12_AGGTTACCGAGATGATCGCG,SOX12,1178,416,208
SOX12_CCAGGTCTGCGATGCTAGAC,SOX12,1429,347,813
SOX13_CAACGCCATCCAGGGCCAGC,SOX13,98,216,305
SOX13_GCAGGACTGTAGCTCTCCAG,SOX13,385,53,115
SOX13_TTCTCTATGGCTGGCACCAC,SOX13,1148,273,213
SOX13_TGTCAGGAGCTGGTCCCGCA,SOX13,515,447,666
SOX13_GCTGAATGGGTAAGGCCAGC,SOX13,144,93,238
SOX13_TACCCAGAGGCAGGCTCGGG,SOX13,434,0,147
SOX14_GCAAACGCCTAGGTGCCGAA,SOX14,5,166,224
SOX14_CGTGTCGCCCAGGTAGGGCA,SOX14,887,274,150
SOX14_TGAGCGCGCCCGAGAAAGCC,SOX14,836,328,545
SOX14_TCTGCCCTACGCGTCCACCC,SOX14,217,777,501
SOX14_GCCGTTCTGGTAGCCCAGGG,SOX14,956,357,316
SOX14_TTACAGGGCACCACGTAGCC,SOX14,938,731,782
SOX15_GCGTCCATGAGGGTTAGAGG,SOX15,1466,230,136
SOX15_GCCTAGGGTCACTCTGAGGG,SOX15,1027,443,128
SOX15_AAGGCCAAGAGCTCGGGCGC,SOX15,191,143,81
SOX15_TGCTGGACGAGGACGAGAAG,SOX15,1974,382,312
SOX15_GGCCGCTTCACCTTCTCCAG,SOX15,607,54,32
SOX17_AACGGGTAGCCGTCGAGCGG,SOX17,988,260,269
SOX17_GACGTGTCGGGCGTGGGCAA,SOX17,1004,318,491
SOX17_TAGCTGTAGGTGCCGGCCGC,SOX17,327,92,24
SOX17_CGGCACCTACAGCTACGCGC,SOX17,2030,211,391
SOX17_GCAGTAATATACCGCGGAGC,SOX17,410,162,83
SOX18_TCTGGGCAGGACATGGCGCG,SOX18,1554,392,679
SOX18_ACCAGTACCTCAACTGCAGC,SOX18,282,41,153
SOX18_CCGTAGTACAGGCCAGCGAG,SOX18,4654,721,725
SOX18_ACCGAGTTGTCGCGGGACCC,SOX18,997,440,195
SOX18_GCGGCTGGCTCAGCAGAACC,SOX18,1310,404,508
SOX18_TCGTCCTGTGCGCCGTAGCC,SOX18,697,333,435
SOX2_GGAGACGGAGCTGAAGCCGC,SOX2,240,24,45
SOX2_GAGACGGAGCTGAAGCCGCC,SOX2,195,1,1
SOX2_CGCCATGCTATTGCCGCCGG,SOX2,1327,137,255
SOX2_CTCGCCATGCTATTGCCGCC,SOX2,657,321,255
SOX21_TGCACGGGATCATGTAGCCC,SOX21,1927,265,392
SOX21_GCTCGCCAATCCCGAGAAGG,SOX21,715,112,127
SOX21_GAGCACCCTGCGCTCAAGGC,SOX21,841,5,596
SOX21_GGCCGCTTGACGTGGTCCAC,SOX21,149,138,175
SOX21_AGCCGGTGGACCACGTCAAG,SOX21,1903,180,382
SOX3_CGTACACGCACGTGAACGGC,SOX3,1,141,118
SOX3_GCGTGTACGTGTCCAGGCGC,SOX3,106,96,91
SOX3_GATAAGTACTCCCTGCCCAG,SOX3,463,77,47
SOX3_AGTAGTGCGAACGCAGCCGG,SOX3,215,104,2
SOX3_GGGAAGAAGGTGCGCCAGCG,SOX3,608,179,314
SOX3_ATGCTCCGCGCCAAATCAGC,SOX3,382,239,383
SOX30_CTTAAACCCTGTGCCTCAGC,SOX30,121,134,47
SOX30_TGGAGCACTTCTGGGACAAG,SOX30,1038,488,502
SOX30_TCTCTCTAGAGAGCGCCAAC,SOX30,444,205,344
SOX30_ACGCATTTATGGTTTGGGCA,SOX30,2591,442,435
SOX30_GATCCCTTTGACGCTCCACA,SOX30,240,184,55
SOX30_CCTGGTTCATGGCAGCGCGG,SOX30,437,120,297
SOX4_GCTCCGCCTCTCGAATGAAA,SOX4,177,57,58
SOX4_CGTCTACCTGTTCGGCGGCC,SOX4,956,1098,328
SOX4_CATGCTCTCAAAGTTTGAGC,SOX4,986,102,144
SOX4_CGACGAACTGAAGCTGCCCA,SOX4,1014,125,241
SOX5_AGCTAACGCTGCTGGGACAG,SOX5,1049,296,297
SOX5_AGTTGGAGTGGGCCTAAGCC,SOX5,704,265,342
SOX5_TATAGCTGAAGCCTGGAGGG,SOX5,453,111,147
SOX5_GCTCTCGGAGGCTGGTCAGC,SOX5,112,178,181
SOX5_GCGCCGTTCAGGAGTTCCCA,SOX5,867,83,298
SOX5_TCTTGCGTCAGCAGAGAAAC,SOX5,930,249,151
SOX6_AGTGATGAAAGCCATTCAGG,SOX6,589,108,214
SOX6_GCAGCTCTATGCCGCTCAGC,SOX6,106,411,324
SOX6_CCCACCCACAAATTAACCAA,SOX6,770,389,415
SOX6_GCTCCCGTAAACTGATCAGC,SOX6,509,124,186
SOX6_TGAGGTAGAGGTATTTCGGA,SOX6,588,270,133
SOX6_AGCTGCACAGGCAAATGGAG,SOX6,2132,846,327
SOX7_CTGTGCAAGCGCGTGGACCC,SOX7,1097,313,328
SOX7_CGCTGACGCTGTCCCAGAAG,SOX7,1185,279,549
SOX7_ACGGCTGGCAGTGCAGAACC,SOX7,1749,885,643
SOX7_CACTCGAGACCCTCGGGCCA,SOX7,719,159,581
SOX7_ACTCGAGACCCTCGGGCCAA,SOX7,562,142,451
SOX7_TGGTAGCTCCGAGTCCCAGG,SOX7,477,30,5
SOX8_CCCGATGCTGGACATGAGCG,SOX8,1428,441,598
SOX8_CTCCACGTGCGACATGGAGC,SOX8,75,54,78
SOX8_TGTACACGGCACCGCCGCCA,SOX8,1003,108,110
SOX8_CCGTGTACAAGGCTGAAGCA,SOX8,1654,946,1104
SOX8_TCCGTCTTGATGTGCGGCCG,SOX8,421,619,509
SOX8_CACCAGTCACTGGGACCAGC,SOX8,609,210,284
SOX9_GATGACCGACGAGCAGGAGA,SOX9,220,110,110
SOX9_CGTGTTCTCGGTGTCCGAGC,SOX9,590,169,216
SOX9_TTCACCGACTTCCTCCGCCG,SOX9,2050,790,783
SOX9_GAAGTCGGTGAAGAACGGGC,SOX9,590,0,44
SOX9_GACCACGCTGAGCAGCGAGC,SOX9,146,82,258
SOX9_CAGCTCACTCGACCTTGAGG,SOX9,920,421,228
SP1_GCTACTTCGAGCCTGTGAAA,SP1,1214,194,231
SP1_ACAGCCACACAACTTTCACA,SP1,2368,355,197
SP1_CCAGCCTCAGCTAGTTCAAG,SP1,841,428,506
SP1_ATACATGATGACACAGCAGG,SP1,480,127,87
SP1_GCGTTTCCCACAGTATGACC,SP1,655,273,390
SP1_TGGCATCAACGTCATGCAGG,SP1,1210,274,256
SP100_TGATGAGATCACGATCACGG,SP100,93,3,145
SP100_TTCATCACAGGGCAACGGGC,SP100,478,99,157
SP100_GAGGCAGAGCTACACAACCA,SP100,1344,94,44
SP100_TCAGCACCGAGAAGTGAGCC,SP100,587,546,191
SP100_AAGCTAAGTATACGCTGCGG,SP100,788,155,219
SP100_CACTTGTTAGCTTCCACGGA,SP100,509,300,625
SP110_TAACTCCACGGTAGAGACAA,SP110,904,186,162
SP110_AGCACACCTTCAGACAAGAA,SP110,907,285,328
SP110_TTACCTGGCATAGAGCCCAA,SP110,239,132,231
SP110_TCACTGACTCTTGGCGCACA,SP110,1267,196,236
SP110_GCACAACATTCTCACCCAAC,SP110,1570,465,390
SP110_GCACTTCATGCACCAGAAGC,SP110,1731,501,379
SP140_ACAGCAATCTCAACTTCAGG,SP140,255,350,106
SP140_TCTGCTCGGAGATGAAGGAG,SP140,884,281,451
SP140_ATCTGGAAGCATTGTTCAGC,SP140,349,246,293
SP140_CACATACTGGTACACTGAGG,SP140,1498,187,443
SP140_CAGCAATGCCTGTCATGAAA,SP140,1884,819,1054
SP140_CAGTTAGCTCTCCCAAAGGC,SP140,469,413,504
SP140L_AGGAGAAGTGCCAGAAAGCC,SP140L,903,180,223
SP140L_TACTTCTCACTTTCCACAGG,SP140L,660,222,201
SP2_GAAGATGTCGTAATGAGCGG,SP2,1122,119,145
SP2_CTGGATGATGTTGTCCGCGG,SP2,457,247,143
SP2_GCGGACAACATCATCCAGGC,SP2,1169,143,90
SP2_TGATGGTGACAGGCACGCCC,SP2,986,67,66
SP2_CGGCATGCTCGCACCCACAC,SP2,2665,1330,1452
SP2_TCTTGTAATGCTTGGTGAGG,SP2,151,238,167
SP3_TTCAGAAAGGACTGGTGAGC,SP3,648,198,248
SP3_CCAGTCAGCAGATGGTCAGC,SP3,655,288,512
SP3_TGAATCTGATCCTGGTGCAA,SP3,1447,454,290
SP3_GCTGCTGCAGATACTCGCCG,SP3,1060,119,321
SP4_GCAGCGGCGATGGCTACAGA,SP4,466,323,374
SP4_GCGGCGATGGCTACAGAAGG,SP4,2980,1224,1236
SP4_GACAGTGAGCGTTGCCAACC,SP4,1619,248,180
SP4_AAGAGGTACAACCTGGCAAG,SP4,494,56,246
SP4_GCTAGAGGCAGTAATGAACC,SP4,243,196,246
SP4_AGATGAGTCCAGTTCTCCCG,SP4,531,1096,700
SP5_GGGCCTGCAAGCCGTAGCCA,SP5,511,338,386
SP5_GCAAGCCGTAGCCATGGCCG,SP5,193,58,128
SP5_CTCGGCCCTGACCTGGAGAA,SP5,1559,893,643
SP5_CTGTAGCCGCATCGGCCAGC,SP5,587,85,143
SP5_CAAGATGCTGCCCTCGAGCA,SP5,1216,264,444
SP5_GCTCAAAGTCGCTGAGGCCG,SP5,77,46,81
SP6_GCGTAGGCTTTCCCGCAGCC,SP6,545,131,122
SP6_CTGTCTGGAGGCGGAGCGAC,SP6,765,239,283
SP6_AAGCGACAGTCCCTTGGCCC,SP6,350,130,244
SP6_CCGGAGGTGGACTTCTCGCA,SP6,1609,469,549
SP6_CAGCCTCTCCAAACTTACCA,SP6,1260,165,221
SP7_GCCAGGGTGATGGGCTGCAA,SP7,2176,260,473
SP7_CAACTGGCTAGGTGGTGGGC,SP7,587,209,40
SP7_CCAGGGTGCATATCCCACCA,SP7,3066,955,836
SP7_TATGGCTCCTGGTACAAGGC,SP7,924,130,173
SP7_GCCCATTAGTGCTTGTAAAG,SP7,2094,559,636
SP8_TCTAGGCCGTTGCGGTGCCC,SP8,710,62,140
SP8_TAGCGGCGAGCTGAGGAGCG,SP8,983,565,911
SP8_TCCGAGTTGTAGCCTCCGAG,SP8,439,294,175
SP8_CATCTACCCGCGGGTGGGCA,SP8,469,664,339
SP8_AGGTGCACACCTCTGTGGAC,SP8,596,372,474
SP9_GCCGTAGTCGCTGCTGAAGG,SP9,1361,285,531
SP9_CATTTCCAAGGTGCACACGA,SP9,200,183,329
SP9_CACTCCGCCTTCAGCTCCAC,SP9,1356,634,707
SP9_CACATTAAGACGCACAACGG,SP9,1405,552,848
SP9_CGCTGCTTCCTTGCCTCCCG,SP9,2142,240,181
SPACA1_GACAGTCATCAGCAGCCCGG,SPACA1,1,47,74
SPACA1_GGCTGCTGATGACTGTCGGC,SPACA1,552,72,233
SPACA1_ACACACTTGGATTCACCACC,SPACA1,528,252,454
SPACA1_TGTGTCACACTCGAAAGCCA,SPACA1,1860,152,335
SPACA1_GGCTTTCGAGTGTGACACAC,SPACA1,690,193,227
SPACA1_GAAAGCCTTGACTGCTGCCC,SPACA1,0,26,49
SPACA3_TGTGAGTGGACCACGGAGGC,SPACA3,275,110,396
SPACA3_GCTCTACGGTCGTTGTGAAC,SPACA3,1059,297,336
SPACA3_GCTGATGGGAGCACCAACAA,SPACA3,2344,527,791
SPACA3_GCCTGGAGGCATCACTGCCA,SPACA3,361,178,259
SPACA4_CATGCACTGTGGCGATGACG,SPACA4,1501,107,517
SPACA4_AGGACTGCTTCACAGGCCAC,SPACA4,49,87,110
SPACA4_GATGACCGGACCAGTGCCCG,SPACA4,50,135,144
SPACA4_GGGTTCCTCAAGGCCGCAGC,SPACA4,315,28,18
SPACA4_GGCTCTGTTACACAGGCGGC,SPACA4,60,37,161
SPACA7_GGCCCACGATAATTCTCAGA,SPACA7,365,70,224
SPACA7_TGAGAATTATCGTGGGCCAC,SPACA7,489,190,236
SPACA7_AGCAGAGGACCAGCGCACAG,SPACA7,321,705,330
SPACA7_AGAGGACCAGCGCACAGAGG,SPACA7,812,86,392
SPACA7_TTGGCTCCTCCTCTGTGCGC,SPACA7,1159,531,624
SPAG1_CAGCTGTCTTCATGTAGGCA,SPAG1,1158,584,761
SPAG1_CTCCAAGGGATTACGCGGAA,SPAG1,3096,904,834
SPAG1_AAGGTCTTGGAGTTAGAACC,SPAG1,319,231,198
SPAG1_GCCTGATAATGATTTGGCCA,SPAG1,774,186,126
SPAG1_GCAACGAGCTGTTCCGAAGC,SPAG1,1107,471,939
SPAG1_CTATGAAACCTCTTCTGAGG,SPAG1,558,77,85
SPAG16_CTCTTCCAGGACCCTCACGG,SPAG16,1260,448,224
SPAG16_GGTAATGGGTGTTGGGACGA,SPAG16,591,107,145
SPAG16_CTGGTTACCATTCAGTAGCA,SPAG16,1368,744,600
SPAG16_AGAAAGGTCTTCGTGAAGCC,SPAG16,842,349,405
SPAG16_CATCCTAGTCTCCTGTGGCG,SPAG16,1027,160,244
SPAG16_GCGCAGTGTGGTCCTGCACA,SPAG16,1100,569,1038
SPAG17_ACTGCATTGTATGCTGGAAC,SPAG17,2126,246,413
SPAG17_CAGGATGTCATACATCAAGC,SPAG17,1162,52,131
SPAG17_TTTCCTTCTGACTGGTCAGA,SPAG17,499,171,313
SPAG17_GGCAGCAGTTAACCAGCAGC,SPAG17,950,16,92
SPAG17_GCCAAGCCTGCCAAAGGAAA,SPAG17,916,468,465
SPAG17_CCTTTGCATGGCACCCAAGA,SPAG17,743,779,1179
SPAG4_CGTGTGCTTGCGCGAGGACG,SPAG4,1063,161,180
SPAG4_GAAAGCTCTTGAACACCCGC,SPAG4,238,129,27
SPAG4_GCAGCGACACAGCCGTGAAC,SPAG4,1962,284,332
SPAG4_GCTGGATAAACTCCACAAGG,SPAG4,273,127,99
SPAG4_TGGCCAAGCTCGTGTTCCAG,SPAG4,918,226,246
SPAG4_GAACTACGCACGGCCGCCCA,SPAG4,319,257,117
SPAG5_GCGCATCAGCCAGCTGGAAC,SPAG5,1996,766,945
SPAG5_CAACAGGGATAGGTGAAGCA,SPAG5,1832,284,278
SPAG5_GATGGGACAGGCCCTACAGC,SPAG5,843,46,118
SPAG5_TCGGGACTGGAAGAGCCAGC,SPAG5,291,53,61
SPAG5_CAATCATGTGGACCCAGAGG,SPAG5,1337,63,96
SPAG5_TGCAGGGTAAGTTCACGGAG,SPAG5,2085,383,540
SPAG6_GGGCGCCATGAGTCAGAGGC,SPAG6,302,125,653
SPAG6_CGTGCAGATGGTGGCGGAGC,SPAG6,1540,656,381
SPAG6_TTGTGGAGCACTGGATACGC,SPAG6,1538,270,448
SPAG6_ACTTACCTGTCTGAAGGACA,SPAG6,231,232,109
SPAG6_GGTCCTGCAAAGGGAACACA,SPAG6,410,68,38
SPAG6_GACACACTCCTGAACACGCA,SPAG6,156,157,153
SPAG7_TGTGTCCCTCTTATTGGCCA,SPAG7,714,185,227
SPAG7_TGTCCTTGTAGTCGCTGGCA,SPAG7,503,215,116
SPAG7_GGTCCCATTCCTCTCCACGA,SPAG7,449,432,110
SPAG7_CTTACCGTCGTGGAGAGGAA,SPAG7,1207,336,419
SPAG7_AGCCAATGAACAAGATCGAG,SPAG7,697,377,209
SPAG7_TGACCAGGAGACTCGGCGCA,SPAG7,1390,418,484
SPAG8_ATGAACACCCTGTCTGCAGC,SPAG8,371,29,109
SPAG8_CTGAGACCTTCTGGATACAG,SPAG8,1344,293,462
SPAG8_CGAATGGAGCTGGCACAAGC,SPAG8,1846,760,1362
SPAG8_TTTCTTCCGACACGGACACC,SPAG8,308,250,194
SPAG8_ACAGGCCCAGAGCTAGAGCC,SPAG8,1412,19,225
SPAG8_GGAGACCAACGAGTCTACGG,SPAG8,293,55,58
SPAG9_CATTGAAGTACAGGTAGCCC,SPAG9,465,128,273
SPAG9_CAATAGTCCTGAACCTCAGA,SPAG9,241,120,1
SPAG9_TTCAGGCTGGTATGAGAACG,SPAG9,684,424,104
SPAG9_CTCTGACGCAGAACCTACCA,SPAG9,1301,352,553
SPAG9_AAAGGACTTACAGACCCGAG,SPAG9,247,137,227
SPAG9_GCTCATCACCCAGTACGAGC,SPAG9,334,196,189
SPAM1_CGAATAAACGCCACCGGGCA,SPAM1,207,115,231
SPAM1_TATTGTAACACCTTGCCCGG,SPAM1,291,70,39
SPANXD_CAGATGCCGGAGACCTCGAG,SPANXD,953,234,426
SPANXN3_TCCTTTGAAGGTCCTTCACA,SPANXN3,716,354,354
SPANXN4_CATATCTGCAGGATCTCCAC,SPANXN4,261,53,215
SPARC_CCATGAGAATGAGAAGCGCC,SPARC,307,15,30
SPARC_CCTGGTCACCCTGTATGAGA,SPARC,984,244,56
SPARC_GAAGGGCCACAAGCTCCACC,SPARC,268,143,267
SPARC_CACCTTCTCAAACTCGCCAA,SPARC,1325,439,533
SPARC_CAAATTCTCCTACTTCCACC,SPARC,750,195,40
SPARC_CCACCTCTGTCTCATCAGGC,SPARC,866,213,365
SPARCL1_GGTCACACTCCTCAAAGAAA,SPARCL1,514,280,275
SPARCL1_GCGAGCATCTCTGGTGCCCA,SPARCL1,143,89,77
SPARCL1_TCACTAAACTGCCAGTGCAC,SPARCL1,110,70,105
SPARCL1_CATCTGTAAGGCAGACCAAC,SPARCL1,465,192,253
SPARCL1_CATGAACAGTCAGCAGAACA,SPARCL1,1520,1074,609
SPARCL1_CCATGAACAGTCAGCAGAAC,SPARCL1,4189,1039,1280
SPAST_AGCGCGAAGCCTACAAACAG,SPAST,2293,736,975
SPAST_CTCATCCTCATCGATGCGCA,SPAST,99,176,173
SPAST_ACTAACTTGGCATGCCGCAA,SPAST,764,155,91
SPAST_CATAGAGCACCTAGTTACAG,SPAST,1888,615,484
SPAST_CTGTTTCACTCCAGAAACCA,SPAST,935,366,544
SPAST_AGCGTACATACGTTGGAACA,SPAST,1529,885,1287
SPATA12_AGTCAGAGCAGAACTGGACA,SPATA12,1276,206,283
SPATA12_CCAGCTCTCCTGATACAGCA,SPATA12,2170,1014,1265
SPATA12_ATAATGAGAGGACCACAGGA,SPATA12,1011,128,361
SPATA12_ATGCCGAGCCCAGTAGCACA,SPATA12,541,317,262
SPATA13_GAGGAGCCCGATAAGGGCCA,SPATA13,0,9,19
SPATA13_AGCATTCTGGTCTTCAGGGC,SPATA13,416,158,124
SPATA13_GAATGTGAAGGGCCGGAACC,SPATA13,752,319,520
SPATA13_TCTGCCTTAGTGGATGACAA,SPATA13,808,186,59
SPATA13_GGTTCTGGAAGCCTCCAACA,SPATA13,406,344,316
SPATA13_GGAGATCATGGACACCGAGC,SPATA13,922,209,153
SPATA16_TCTTCTCTGGTCAGACCGAA,SPATA16,569,191,162
SPATA16_CAGTGTTTAGATGTCTGGAG,SPATA16,823,388,365
SPATA16_AGATGATTCCGGAAATAGGC,SPATA16,1019,160,59
SPATA16_AAGAAATACGCCTTGGCAGC,SPATA16,752,299,421
SPATA16_GCCTTTAAACGGAAGGCAGA,SPATA16,27,168,34
SPATA17_CGACGACCTAGCTTGCAGCC,SPATA17,939,748,1168
SPATA17_TCGACGACCTAGCTTGCAGC,SPATA17,484,117,341
SPATA17_TAGATTCAGAGACGATGGCG,SPATA17,882,222,110
SPATA17_AGAAGAAGGCTAACCTCGAA,SPATA17,665,419,307
SPATA17_GAAGAAGGCTAACCTCGAAA,SPATA17,505,165,329
SPATA17_ACCCGCAACGTTGGCTCCAA,SPATA17,1832,382,385
SPATA18_CCGAGAGGAATAGTGAGCGA,SPATA18,984,253,322
SPATA18_GCTCAATGAGTTCAAGGCAA,SPATA18,1516,287,288
SPATA18_TGTTGCATATCCCGATCCCG,SPATA18,2728,360,502
SPATA18_ACAGCTCCGAAACCTGAAGG,SPATA18,194,125,87
SPATA18_GGGAATAGGAATCGCTGAAC,SPATA18,346,306,319
SPATA18_AATCCGAGTCGTAGCTGCGG,SPATA18,741,311,375
SPATA19_TTGCTCTCAGCAGTCTGAGG,SPATA19,1146,369,96
SPATA19_CATGCGAGATCGAATAGAGC,SPATA19,889,318,211
SPATA19_AGTGCCAAGTGAGATGACAG,SPATA19,461,147,208
SPATA19_TTACCACATCTCTGGTCACG,SPATA19,1159,199,316
SPATA19_CACCAAGCTGCTTACCGAAC,SPATA19,2763,1967,890
SPATA19_CGAACTGGTTATTGGTAGGA,SPATA19,1809,1268,838
SPATA2_CATCTCGTGTACAGATAGAC,SPATA2,768,447,270
SPATA2_GGGTGGACTTGTAGTTCAGC,SPATA2,157,20,0
SPATA2_TCTCTGCGGGAGAAGTACCC,SPATA2,495,92,121
SPATA2_CAAAGGAGACCATCTTCACC,SPATA2,120,392,604
SPATA20_CAGAAGGACGCGGCCCAACC,SPATA20,4718,1705,2100
SPATA20_TCCTCTGTTTGTCCCTCACC,SPATA20,1159,51,130
SPATA20_ATGCCTACAATCCTGTGGAC,SPATA20,861,51,307
SPATA20_AGGAAGCCTTCGACAAGGCC,SPATA20,460,37,37
SPATA20_GGAGCGGCCTGACGTGGACA,SPATA20,1260,178,148
SPATA20_GCTGAGAATACGAGAACAGG,SPATA20,254,163,80
SPATA21_TCATCAGGGCGTCCTCCACC,SPATA21,825,157,77
SPATA21_GCAACTGACCCTGAAGCAAG,SPATA21,1135,557,473
SPATA21_ATCGGAGAGCCTCGAAGGCC,SPATA21,164,151,8
SPATA21_CTACTTACTGGTGGAGGAAG,SPATA21,1457,509,604
SPATA21_CACCTCTCATCAGCTTCACG,SPATA21,735,119,268
SPATA21_CATCATACCAGGAGTCAGCA,SPATA21,1463,464,873
SPATA22_CTTGATTCAGCTGTTACACC,SPATA22,1374,412,344
SPATA22_TATCTGGCTGCACAATGAGA,SPATA22,221,106,38
SPATA22_TTCTTACCTGTAGGTAGAGG,SPATA22,332,191,109
SPATA22_AATTCAGCTCGAAGTACAGC,SPATA22,579,173,104
SPATA24_TATGCTTCTGGTCCAGCACC,SPATA24,1,52,39
SPATA24_GAGGCCCGTGCTCTCCACCA,SPATA24,128,94,76
SPATA24_CAAGTGCAATGGTAGGCGGG,SPATA24,893,98,12
SPATA24_TAGCACCTCTACCTCTCCGA,SPATA24,472,85,81
SPATA24_ACTTCTCCTCTTCCTTGGCC,SPATA24,493,5,122
SPATA24_AATCCACCAGCTGAGGAACG,SPATA24,273,385,238
SPATA25_ATCTACAAGCAGGAGCCAGG,SPATA25,169,51,57
SPATA25_GCCAGCGATCATCATGGCGA,SPATA25,361,202,122
SPATA25_TAGCTGGGAGACACTACGGA,SPATA25,512,210,156
SPATA25_TGGAGTCCTGAAGTAGGACA,SPATA25,467,354,177
SPATA2L_AGCCAGGTCAGCCGTGCACC,SPATA2L,1475,314,273
SPATA2L_CGAGGCGTATTCGGGCAGAG,SPATA2L,1436,629,1111
SPATA2L_TGCCCGAATACGCCTCGGGC,SPATA2L,249,110,89
SPATA2L_CGCCGTGAGCTGAGTAGGCC,SPATA2L,1004,563,469
SPATA2L_CGAGCTTCTGGAGCTCGCCG,SPATA2L,128,8,3
SPATA2L_GAAGCTCGAAGGCGCGAGCC,SPATA2L,83,43,57
SPATA3_TTGGAATGCTGGCTGCCGGG,SPATA3,613,134,93
SPATA3_GCGGATTTCGGGTGCTGGAA,SPATA3,1338,328,250
SPATA3_CCTCAATCCAGGAAAGCAGG,SPATA3,200,32,82
SPATA31A6_AAAGGGTTGGCGGTGGGACA,SPATA31A6,243,80,120
SPATA31D1_GGACGACAGGTGAGGAGACA,SPATA31D1,494,454,337
SPATA31D1_ACCTGTCGTCCAAGAAGGGC,SPATA31D1,464,46,20
SPATA31D1_CCCTGCCCTTCTTGGACGAC,SPATA31D1,1859,1243,773
SPATA31D1_GCTGACCTGACGCCGGCAAG,SPATA31D1,322,202,109
SPATA31D1_ACACCAGGCTGACCTGACGC,SPATA31D1,579,241,268
SPATA31D1_TTAGCACTGGTTGGGACGGC,SPATA31D1,603,90,282
SPATA31E1_GCTCAGTTGCTTGAAGGCGA,SPATA31E1,491,364,113
SPATA31E1_TCTCCTGTGCACTCCACAGA,SPATA31E1,707,170,224
SPATA31E1_GCAGCTTCTGCACGTCAGGG,SPATA31E1,439,236,203
SPATA31E1_ACTAGGGCCGGACCCAAGCC,SPATA31E1,531,324,538
SPATA31E1_TCGGGTTGAATCTGTACCCA,SPATA31E1,1213,232,326
SPATA31E1_TTCCGACTGGACACAAGGGC,SPATA31E1,750,399,266
SPATA32_TGTTGCAGCTCAGTGCCGCC,SPATA32,335,259,257
SPATA32_TCATGTGTTCCAAACTGGGC,SPATA32,837,164,293
SPATA32_GCTTGAAGCTGAGCTGGACA,SPATA32,1380,86,192
SPATA32_ACTGACCCTTTGCCGCAGCA,SPATA32,1287,538,712
SPATA32_GATTTCCATGCTGCGGCAAA,SPATA32,628,300,284
SPATA32_GGATTTCCATGCTGCGGCAA,SPATA32,685,406,591
SPATA4_AGACTTCGAAACTGTAGACC,SPATA4,731,369,293
SPATA4_ACCCTGAAGCCAACGCAGAA,SPATA4,1276,852,618
SPATA4_GCAGAACGGAACGAGACAAG,SPATA4,1447,312,505
SPATA4_CAGAACGGAACGAGACAAGC,SPATA4,656,412,366
SPATA5_GGTCACCGTCAGAGTCCCGG,SPATA5,8,0,0
SPATA5_TGTAGCACAGCACCCACAAG,SPATA5,2841,70,202
SPATA5_GGCCTTTGAACAGTCCAGCA,SPATA5,459,17,105
SPATA5_TCTCCAGAAACTGCTTCGAA,SPATA5,480,70,60
SPATA5_TAACCTCCCTGATGTCAAGG,SPATA5,1032,34,23
SPATA5_CTGGTCAGATATAGGAGGAC,SPATA5,1524,0,0
SPATA5L1_ACCCTTAGACGCTAGAGACC,SPATA5L1,369,0,0
SPATA5L1_TGCCCTCCTTCATAGTGAGA,SPATA5L1,1471,152,25
SPATA5L1_CCAATCTCCTCCCAGTCAAC,SPATA5L1,1212,57,72
SPATA5L1_ATGGGCCTGACACAACCAAA,SPATA5L1,925,0,0
SPATA5L1_GCTCGCTCAGCCAGCAAGAC,SPATA5L1,350,12,63
SPATA5L1_GATACTGCTTTGTTACGACC,SPATA5L1,365,25,0
SPATA6_AGTCATCGAAGTCTCTCCCA,SPATA6,377,23,1
SPATA6_TCTTGGCTGCTGCCGACCCA,SPATA6,111,113,160
SPATA6_TCCCAATAAAGTATCAGCCC,SPATA6,1111,83,278
SPATA6_TAAATGGGCCAGCCGCCGCC,SPATA6,185,199,37
SPATA6_ACCGCCAGGTTACCATGAGG,SPATA6,1569,473,293
SPATA6_CTGAGCTGATCTCCAGCGCC,SPATA6,575,99,28
SPATA6L_CCACTGACCTTTCTCTGAGA,SPATA6L,1372,296,377
SPATA6L_TTTCCGTTTCCAACGAGAAG,SPATA6L,1164,178,202
SPATA6L_GCCCAAAGGCATGCAAGCCC,SPATA6L,1392,289,159
SPATA6L_CTTCTTCAGGAATTCGAAGG,SPATA6L,509,122,164
SPATA6L_CTACACCTCCTAGGGTGCGA,SPATA6L,124,311,171
SPATA6L_TTCATCGATCTCTTACCGCC,SPATA6L,777,51,12
SPATA7_AACACTGGCGACTCAGCCAG,SPATA7,112,12,0
SPATA7_GCAACACTGGCGACTCAGCC,SPATA7,685,291,75
SPATA7_CAGACTAAGCACTCTCCAGC,SPATA7,1110,78,178
SPATA7_TAGGTGTAGTCTCTCTGAAG,SPATA7,617,308,153
SPATA7_ATTATGCAGCCTCCGGGCCC,SPATA7,315,103,45
SPATA7_GAGAACTGAACAGATTGGGA,SPATA7,374,42,28
SPATA8_AAGGGCATGAGGAATGGCCC,SPATA8,1,19,138
SPATA8_CCATGACATGTCCCTGCGGC,SPATA8,632,143,78
SPATA8_TTGAAAGGCCTCCAGCCGCA,SPATA8,779,122,325
SPATA8_CTTCCTTTGCAGGCCACACC,SPATA8,1040,262,532
SPATA8_ACCAGCAATATGGGTGAAAC,SPATA8,1004,681,621
SPATA9_TGAGGGAAGTTAATGCGCCG,SPATA9,1424,211,577
SPATA9_TGCCCACATATCCACCCAAC,SPATA9,938,650,346
SPATC1_TCGGCATCAGATAGAGAGGC,SPATC1,1182,65,218
SPATC1_CGATCAAGACTCAGGCAGGC,SPATC1,825,123,144
SPATC1_CTTGCAGCCCAGCGCCACAC,SPATC1,1484,443,1011
SPATC1_GGAATTATGCATTCGGGAAG,SPATC1,1788,582,281
SPATC1_ACAGGATCCTGCGGTCCAGC,SPATC1,411,120,17
SPATC1_TGCCGTCATCGTGCGCCAGC,SPATC1,631,696,140
SPATC1L_TGAGGAACTCGCTGAACGCC,SPATC1L,611,140,376
SPATC1L_GCGGCTCTACGGCTTCACGG,SPATC1L,1972,464,371
SPATC1L_ACGTGTTCCCGGGCGTGACG,SPATC1L,779,560,235
SPATC1L_TCGGAGAGCAGCCTGCCCAC,SPATC1L,689,0,21
SPATC1L_CCACCAGTGAGTCTTGCAAG,SPATC1L,2333,549,377
SPATC1L_AGGAGAATCAGATGCTGCGG,SPATC1L,561,115,50
SPATS1_CTGGCATGACCGAGGTGGAG,SPATS1,205,647,616
SPATS1_TACTCGTCTGCAACTTAAGC,SPATS1,1024,135,246
SPATS1_GAGTCTTCCTCGGCAACAAG,SPATS1,2282,109,157
SPATS1_ACAAGAGGTCTCTATCAGAG,SPATS1,782,179,213
SPATS1_AGTAAAGGCTTCCACAAAGC,SPATS1,598,48,19
SPATS1_ATTTGTGGAAGAGGCTCAAG,SPATS1,624,93,166
SPATS2_AGAGCGCGAGTGAACAAGGA,SPATS2,908,541,499
SPATS2_CTAGATACGCTGGATAGAAC,SPATS2,1481,522,294
SPATS2_CAAGAGACACTGTGCAGCGC,SPATS2,2876,532,701
SPATS2_CTCTACATCACAGGTGAACC,SPATS2,1712,444,230
SPATS2_GCAGCCATAGCAAACTCCAG,SPATS2,893,119,10
SPATS2L_CAATGTTCCTGAAAGCAGCC,SPATS2L,942,216,514
SPATS2L_GGTATACCTACCATCCACAA,SPATS2L,1166,299,199
SPATS2L_TTCTCACGAGGGATAAGGGC,SPATS2L,219,153,77
SPATS2L_CACTGACCTTGCCAGTCAGA,SPATS2L,522,384,240
SPATS2L_CAGCGAGCGTAAATATGACG,SPATS2L,1895,316,296
SPATS2L_GACCATGCCGGCCAACAAGC,SPATS2L,572,235,68
SPC24_GGAGTCTGGTGGACACCGAG,SPC24,789,290,59
SPC24_GGCAGAACCTACACGGCCGA,SPC24,1,18,59
SPC24_CCTGCTCCTTCGCATTGAGA,SPC24,561,33,138
SPC24_CCTTCTCAATGCGAAGGAGC,SPC24,287,31,10
SPC24_CGACATAGAGGAGGTGAGCC,SPC24,806,1,33
SPC24_CGCCTTCCGCGACATAGAGG,SPC24,924,34,93
SPC25_CGAATGCAGAGAGGTTGAAA,SPC25,1450,421,581
SPC25_TAGTCCCGCCATCTGACAGG,SPC25,494,24,19
SPC25_TACGGACACCTCCTGTCAGA,SPC25,83,55,0
SPCS1_ACGTCGCCTAGCGATGGCGC,SPCS1,220,19,29
SPCS1_TTCTAAGCCCGGGAGAGCGA,SPCS1,755,323,198
SPCS1_TAGCCGGGCCTTCTAAGCCC,SPCS1,294,17,36
SPCS1_ACGTGGCTGAACAGTTCGGG,SPCS1,758,156,94
SPCS1_TGCCGGCGATAGATGGGCCA,SPCS1,413,113,4
SPCS1_AGCACAGACGACAAGAAACC,SPCS1,340,157,255
SPCS3_GGAGACGATCGCGATGAACA,SPCS3,948,5,10
SPCS3_CGCCATCACGCTCAGCGAGA,SPCS3,661,492,340
SPCS3_TGGTACGACGTTCCAAGACA,SPCS3,1897,17,20
SPCS3_TTGGTACGACGTTCCAAGAC,SPCS3,1163,288,121
SPDEF_GGTGCACGAACTGGTAGACG,SPDEF,306,69,128
SPDEF_TAGGTGGCTCAACAAGGAGA,SPDEF,795,90,84
SPDEF_CCTCGACCAGTGAGGAGAGC,SPDEF,123,188,254
SPDEF_GGATGTGCTGCACGCCCACC,SPDEF,301,149,77
SPDEF_AAGCTGCTCAACATCACCGC,SPDEF,1892,232,623
SPDEF_GGGATACGCTGCTCAGACCC,SPDEF,97,11,43
SPDL1_TCTTCGATGCAGGCTCAAAG,SPDL1,1034,20,5
SPDL1_GCACCAAGTAGATCATCAGA,SPDL1,406,301,14
SPDL1_CCAGGTAGACCGGCTTAAAG,SPDL1,3466,410,210
SPDL1_GCCATGTTGGAGCAGAAGAA,SPDL1,1351,0,29
SPDL1_GCTCAATATCTAGAGCCCGC,SPDL1,153,0,0
SPDL1_TTCTTCAGCTGCATATCCAC,SPDL1,1231,86,165
SPDYA_AGTCAATTCTATCCCAGAGC,SPDYA,1506,124,141
SPDYA_AAGCAGGCGATGTTGTGAGG,SPDYA,1276,215,211
SPDYA_GAACGTTCTGTTCATCACAG,SPDYA,870,138,585
SPDYC_TCTGCAGTATCTCCTGGCCA,SPDYC,1650,530,594
SPDYC_CCACTCACAGGGCCAAGAAC,SPDYC,2995,967,886
SPDYC_AGAGGGATAAGCTTTGGGCA,SPDYC,931,154,46
SPDYC_GCCTCACCTCCTCACAGCAC,SPDYC,1415,110,85
SPDYC_GAAGGGCACTTGGATGACAC,SPDYC,108,83,100
SPDYC_CATCCTGCACTCACTGCGGA,SPDYC,268,257,32
SPDYE3_AACCAATGCTTAGGGCGCAA,SPDYE3,1221,317,276
SPDYE3_GAACCAATGCTTAGGGCGCA,SPDYE3,425,281,157
SPDYE4_AGCTCCTCTGTTCCATGCGC,SPDYE4,869,124,138
SPDYE4_GCCACGAGAAGAGGCCGGCA,SPDYE4,98,22,18
SPDYE4_ATGGTCAGACGAATCCGAGG,SPDYE4,248,15,82
SPDYE4_CTCAATCCCTTGGCCTGAAA,SPDYE4,1707,786,1129
SPDYE4_GGGCTCTCCTCCTCAAACGG,SPDYE4,369,161,48
SPDYE4_GGCTCTCCTCCTCAAACGGG,SPDYE4,124,89,14
SPECC1_GGAACCCAGCCATCAGAGCA,SPECC1,447,247,601
SPECC1_GAGGACACGCTCAACAAGCC,SPECC1,304,131,274
SPECC1_CAACCACTCAGGACGGCCCG,SPECC1,2373,779,814
SPECC1_ATCATAGGTTCCGTGTCACC,SPECC1,69,173,263
SPECC1_GAAGAATGCCCGGTTGCAGA,SPECC1,127,131,90
SPECC1_GCTTTGTGGTTTCCATGCCC,SPECC1,894,8,98
SPECC1L_GGCTTTGTATTCCTCTAACG,SPECC1L,1399,106,156
SPECC1L_AGATTGGTGATCTAAAGCGC,SPECC1L,742,20,38
SPECC1L_AGATTTGGCAGCCTTAAGGC,SPECC1L,455,65,14
SPECC1L_TAAGAACATCTTCAGCCAGC,SPECC1L,845,105,118
SPECC1L_ACGGGACATTTCTGCACAGG,SPECC1L,1040,352,262
SPECC1L_TGTATGCAGGAGGGCACAGA,SPECC1L,892,74,86
SPEF1_GGATCGAAGACCTCTCCCGG,SPEF1,226,31,50
SPEF1_CGTCCTCCAGATCGCTGAAA,SPEF1,2331,911,892
SPEF1_TGCAACGCCCGGTTATACGC,SPEF1,871,149,189
SPEF1_TCTGCTGGAGAGAGTTGGCG,SPEF1,2001,178,146
SPEF1_CATCGCTAAAGTCCCGGGAG,SPEF1,769,313,440
SPEF1_GGAGAGGTTTCGCTTGGGCC,SPEF1,576,166,119
SPEF2_CTGGCACAGGATCTCCGACA,SPEF2,2646,354,336
SPEF2_CATGCATGTTCGGCATGAAA,SPEF2,3106,2173,1509
SPEF2_AGTATGCAATTGTTGGAGGG,SPEF2,640,70,136
SPEF2_TGCTCTACCAGTTCTGCAAG,SPEF2,1538,531,607
SPEF2_ACTGGCCTTTATTGGAGCAA,SPEF2,513,99,104
SPEF2_GGACATTTGTGATGCCCGGA,SPEF2,4,57,0
SPEG_GCTGCATGGCCCAGAACGAG,SPEG,2198,626,430
SPEG_TCGATGCCTCACAGAGGGAC,SPEG,310,231,69
SPEG_CATCCCGAAGCTCCAGGCGC,SPEG,2117,110,219
SPEG_GCTCGAGATGCCCGCACCAG,SPEG,766,190,169
SPEG_GCCCGACCTTCAGCCTCAAC,SPEG,965,349,480
SPEG_GATGACTCCTACGTGTCCGC,SPEG,181,33,84
SPEM1_AGTCCATCTTCGGTGCACCA,SPEM1,481,548,586
SPEM1_GGTCCATGGTGCACCGAAGA,SPEM1,953,201,490
SPEM1_CAGCCATCTGCTCCTACCAC,SPEM1,1809,331,299
SPEM1_CCTCTACGGTAGGCTGGAAG,SPEM1,292,216,286
SPEN_CCAGCATGGTCCGGGAAACC,SPEN,4762,722,989
SPEN_GCCTATGGACACCATGAACG,SPEN,1255,395,230
SPEN_GCAGACTGAACTGATCGAGC,SPEN,662,49,66
SPEN_GGTATTCTTTCGGCAGCAAG,SPEN,425,75,55
SPEN_AGCGCTGGAAGATGTTGCGA,SPEN,1312,142,119
SPERT_TCCCATTCTCTCCCGCAGAG,SPERT,1557,920,905
SPERT_CAAGGAGTGCATGCTGCAGG,SPERT,623,305,270
SPERT_TTTGTGCAGCAGTGGCGAGG,SPERT,338,569,353
SPERT_CCCTTTGGGCTCCTCGAAGC,SPERT,584,332,532
SPERT_TTGGAGTCCTCCTGCCGGGC,SPERT,231,80,87
SPESP1_GGATAAGCCGGCACAGACGA,SPESP1,763,180,294
SPESP1_CGTCACTCACTCGGATAAGC,SPESP1,2371,684,667
SPESP1_CCCTACAGGAGGCTTCACAC,SPESP1,1302,601,348
SPG11_GGTTGAAGCAGTGAAACAAC,SPG11,607,288,346
SPG11_TGTAGTAGCAAGGGCCAGGA,SPG11,566,265,360
SPG11_AGCTGTGAGGTATCTCCAGA,SPG11,397,248,148
SPG11_ACAGTACAAGTGTGCAGAGC,SPG11,1329,230,417
SPG11_CTCTGCCTACAACATGAAAC,SPG11,446,762,484
SPG11_CAAGTGCTTTCTTTGACGCC,SPG11,425,77,360
SPG20_CAGCAAATGTCAACGTGAGA,SPG20,1663,313,338
SPG20_ACAACCATAGCACCATCCAG,SPG20,1141,142,52
SPG20_TAAAGTCCCTTGGTGACAGC,SPG20,323,215,250
SPG20_CCCGCAGTACATTTCAGAAC,SPG20,5605,1319,1248
SPG20_TCGCTTACCTGAAGAAACCC,SPG20,1327,693,737
SPG20_TGTCTAGCAGATTCCCACCC,SPG20,1143,319,545
SPG21_CCCATCAATGGTCAGTGCCG,SPG21,1555,519,346
SPG21_ATCCATCACAGAACTCGAGA,SPG21,409,45,3
SPG21_TCGAGATGGTCCCAATAAAC,SPG21,1486,574,898
SPG21_ATATGGTCGCTCTATGACGC,SPG21,140,156,183
SPG21_GATATGGTCGCTCTATGACG,SPG21,543,152,135
SPG7_GCGCGGCTTTCAGGCCAACA,SPG7,3821,1084,1809
SPG7_GACAACCGCGATGACCAGCA,SPG7,632,65,107
SPG7_TGAGCTGAATATCGAGGCCA,SPG7,354,254,214
SPG7_AAACATACCACAGGATGGCC,SPG7,140,140,192
SPG7_TTGGGACCTTGGCGCCAAGC,SPG7,320,99,54
SPG7_CGTGTTGGAGAAGCCGGACA,SPG7,2341,552,565
SPHK1_CCTTATCGGTGCTGCCCAGG,SPHK1,1709,83,146
SPHK1_ACCGATAAGGAGCTGAAGGC,SPHK1,662,106,98
SPHK1_CTGGTGCTGCTGAACCCGCG,SPHK1,501,33,93
SPHK1_CTGGTGGTCATGTCTGGAGA,SPHK1,796,153,439
SPHK1_GCCTGCTGGGAGGCTACACA,SPHK1,2074,420,124
SPHK1_CTCCAAGCGGAAGGCGACCA,SPHK1,1359,380,259
SPHK2_TGGCAGTCCTCGGAGCAGAC,SPHK2,1286,459,842
SPHK2_TCCTTCAACCTCATCCAGAC,SPHK2,1710,155,260
SPHK2_ATCGTCACGGTCTCGGGAGA,SPHK2,498,100,248
SPHK2_CCGGAGCAGTGAACCAGCAC,SPHK2,1131,314,476
SPHK2_TCGGGATACAGCTGGGAAGC,SPHK2,1788,331,564
SPHK2_GCGGCGTGCTCACAGTGGAC,SPHK2,799,168,165
SPHKAP_CAACCCTCCAAGCAGCAGCG,SPHKAP,1014,942,553
SPHKAP_AAGCCTCAGCTGCAGGCGGG,SPHKAP,539,131,161
SPHKAP_TGCTTGGTCCAATGTGCAAG,SPHKAP,1423,537,603
SPHKAP_CTCCATCACAGCCTGTAAGA,SPHKAP,1214,605,684
SPHKAP_TGGCAGCTCAGGAAGCGGCC,SPHKAP,1319,86,41
SPI1_CTGCGCAACTACGGCAAGAC,SPI1,1287,877,717
SPI1_GGAGGTGTCTGACGGCGAGG,SPI1,482,108,11
SPI1_ACTGGAGGTGTCTGACGGCG,SPI1,353,97,58
SPI1_GCTCTACCGCCACATGGAGC,SPI1,427,61,194
SPI1_GATCCGTGTCATAGGGCACC,SPI1,864,71,110
SPI1_GAGTCCCGGTACTCACAGGG,SPI1,100,29,43
SPIB_GGCCACAGTCCAGTCCCACA,SPIB,1055,180,80
SPIB_CACGGAGAACTTCGCTAGCC,SPIB,1489,915,1060
SPIB_CTCCTCTGATAGCACAGGGC,SPIB,624,240,366
SPIB_CTGTCCGAGACCTCCAGGGC,SPIB,2532,528,352
SPIB_CTCCGAAACTACGCCAAGAC,SPIB,1850,1012,1216
SPIB_CAAGACCGGCGAGATCCGCA,SPIB,1522,356,286
SPICE1_ATCGTCTCTTCACTCAGAGA,SPICE1,434,191,134
SPICE1_AGTGCCATTGATGTTCAGAG,SPICE1,305,417,221
SPICE1_AGAGTAAGACCACACTCACC,SPICE1,345,165,225
SPICE1_GGTGAGCTCCCTCTGTCGCC,SPICE1,1,0,50
SPICE1_TGAGCGGTGGACAGGTCGCG,SPICE1,1315,679,295
SPICE1_CTGTTTCCTCGTAGGCGCAC,SPICE1,462,48,390
SPIN1_TGGCCAGGTGTCTTTCCGAA,SPIN1,2352,836,1179
SPIN1_TCGGAAAGACACCTGGCCAG,SPIN1,294,287,294
SPIN1_TGCAGCCTACGATGTTCCGC,SPIN1,1847,340,558
SPIN1_GGCCCTGTTACCCAGTGGAA,SPIN1,1371,428,492
SPIN1_TGGAATCAGGCATAATGCGA,SPIN1,1082,1078,1092
SPIN1_ATGATTCACCTCCAGCAGAA,SPIN1,1570,1149,803
SPIN3_GACGATGGCTCCAAGAGAAC,SPIN3,950,51,240
SPIN3_GAACCTCTAACACAGTGGAA,SPIN3,187,66,23
SPIN3_GAGATGAACCTCTAACACAG,SPIN3,231,37,178
SPIN3_TGGTAACAGACACACTGCCG,SPIN3,871,106,428
SPIN3_TGCAGGGCAGCGGTCCAGGA,SPIN3,847,402,630
SPIN4_CAGTCTCGTGGGCAAGCAGG,SPIN4,138,76,103
SPIN4_CGACAGTCTCGTGGGCAAGC,SPIN4,1445,570,519
SPIN4_CCATCACAGGAGCTCGCGCC,SPIN4,872,256,474
SPIN4_TCCTCGTATCGATTCACGAC,SPIN4,803,360,319
SPIN4_CCGCATACCTGATGAAGAAA,SPIN4,1293,690,753
SPINK1_TTTCCATCAGTCCCACAGAC,SPINK1,791,518,535
SPINK1_TTCCATCAGTCCCACAGACA,SPINK1,1921,679,837
SPINK1_AGCTGACTCCCTGGGAAGAG,SPINK1,1838,369,601
SPINK14_AGACACTGGTGGCCACCACG,SPINK14,938,489,800
SPINK14_GGTTGATATAAGCCAGGGCA,SPINK14,688,66,125
SPINK14_CAGATGGGTTGATATAAGCC,SPINK14,657,670,184
SPINK2_CTGTAAACTGCTCCATCAGC,SPINK2,1376,194,254
SPINK2_TGTAAACTGCTCCATCAGCA,SPINK2,324,272,73
SPINK2_TGTTCAATTTGCAGGGAAGG,SPINK2,939,233,331
SPINK2_CCAGTTCGCGTTCCTCCACC,SPINK2,1061,377,356
SPINK2_AACCGCCAGTAACGGGCGCG,SPINK2,514,285,386
SPINK4_ACAGACCGTCTTCCAGAGGC,SPINK4,739,295,391
SPINK4_GCAGGGAAACTGCTGTCAGG,SPINK4,231,143,87
SPINK4_GGGAGCTTTCCTGCTGCCAC,SPINK4,0,27,0
SPINK4_CTGTTCCCAGATGTCCAACC,SPINK4,2790,608,370
SPINK4_ACATCCGGGCCAAGCAGAGC,SPINK4,584,304,371
SPINK5_TGTATGAGGCAAAGAGCCAA,SPINK5,156,39,186
SPINK5_TAAGAGCAGTAATCCAGAGC,SPINK5,790,212,231
SPINK5_TTGGGAGCAAGTTGATGGCA,SPINK5,1984,291,223
SPINK5_TTTCGGCCCTTTGTTAGAGA,SPINK5,560,446,273
SPINK5_GACCCTATTCGTGGTCCAGA,SPINK5,8,0,80
SPINK5_TTTCGGGACCAAGTGAGGAA,SPINK5,1154,393,419
SPINK6_TCAGGTGTCTTCAGTCAGGG,SPINK6,1393,256,229
SPINK8_ACCTATTTGTGGCAGTGACC,SPINK8,880,207,556
SPINK8_CTCTTTCAGAGGCCATAGGA,SPINK8,1300,136,271
SPINK8_CTTCCTATGGCCTCTGAAAG,SPINK8,841,298,293
SPINK8_AATTGCAAAGGCCATCCACA,SPINK8,553,140,233
SPINK8_ACATGGAGGTAGCTAGAACA,SPINK8,1413,591,521
SPINT1_ACCAACGCCTCGGTCAGCAA,SPINT1,786,193,271
SPINT1_CTTCAAGTCTATGCCTGCCC,SPINT1,0,13,0
SPINT1_CTGTCCACCAAGCAGACAGA,SPINT1,2029,109,274
SPINT1_ACCAGCGTGGGAAAGAGCCC,SPINT1,113,48,51
SPINT1_ATGGAAAGGCGCCATCCAGG,SPINT1,53,47,201
SPINT1_TTCCTCTCTGCAGACACGAG,SPINT1,920,136,139
SPINT2_CCAGCAGGGCGAGAAACGCC,SPINT2,309,164,221
SPINT2_ATTGTACCACCACCTAGGCA,SPINT2,352,131,195
SPINT2_GCGGATTCCTCTGTCCCAAG,SPINT2,1668,235,351
SPINT2_TTTGTGTTTCAGCTCCCAGA,SPINT2,275,149,151
SPINT2_GAACAGCTACCGCTCTGAGG,SPINT2,294,88,144
SPINT2_GCCACTTACCCTTTGAGCCA,SPINT2,970,114,146
SPINT3_CTTCGATCAGAACTAGCACG,SPINT3,2174,258,313
SPINT4_CACCATGAAGTCTGCCAAGC,SPINT4,1166,252,628
SPIRE1_TCCTGTACTTACAAGAGAGC,SPIRE1,417,330,539
SPIRE1_CTCACTCTTCCTTGTGGACA,SPIRE1,1682,677,1102
SPIRE1_CGGGTTAAGTACCTCACAGC,SPIRE1,848,367,171
SPIRE1_GCTGCGGCCTGTATCACCAG,SPIRE1,904,193,120
SPIRE1_AGAGCAGCTTATCGATCACA,SPIRE1,1141,269,255
SPIRE1_CAGATCCGCGTCTGGAGGGA,SPIRE1,882,578,545
SPIRE2_CTACGAGCAGCCGCTCAACG,SPIRE2,1373,885,494
SPIRE2_GCTGGCTAGTGGCACGACCA,SPIRE2,245,98,44
SPIRE2_CGCGCTCTTCGTGGAGACGC,SPIRE2,55,93,153
SPIRE2_TCTTCAGCTTCACTCCGCGG,SPIRE2,1399,235,437
SPIRE2_CTCACGGCCTCCACTGAAGC,SPIRE2,1566,651,449
SPIRE2_ACCTTTGCTTTGGTGGCAAC,SPIRE2,267,301,205
SPN_AGAGACCAAAGGCTCTCCGG,SPN,163,0,4
SPN_GGCTCGCTAGTAGAGACCAA,SPN,442,32,72
SPN_TCATTGATGGAAGTTGAGGG,SPN,657,232,296
SPN_TTCTCATCTGGGTTCCGGAA,SPN,859,272,451
SPN_AACCCAGATGAGAACTCACG,SPN,804,341,287
SPNS1_GCCGCCATGTTGCTTAAAGC,SPNS1,1918,535,1038
SPNS1_TCATCCGCCTGGCTGAGGAA,SPNS1,1170,355,332
SPNS1_AGAACTGCTCGATGTCGGGA,SPNS1,648,10,107
SPNS1_CTTCTGGTCCCTGGTGACAC,SPNS1,1513,206,412
SPNS1_GGCAATGAGAGTGGGCGCGA,SPNS1,50,96,104
SPNS1_GGTAGTGCGGGAGCCGCCAA,SPNS1,96,59,96
SPNS2_CTTTGCAGTAGCTGCGCAGC,SPNS2,133,194,164
SPNS2_TGGATGTCCAGAAGGACGCC,SPNS2,394,50,61
SPNS2_GAATCACCTTCCTGTTGAAG,SPNS2,984,299,55
SPNS2_CTTCTACTTCGCCATCCCAC,SPNS2,639,69,310
SPNS2_TCCGGCTGCCTGCTTCACGC,SPNS2,1504,467,504
SPNS2_ATGAGGTCCGGGCCTTGAGC,SPNS2,621,20,74
SPNS3_CAGCCACGTAGGCCCTCCAC,SPNS3,170,357,511
SPNS3_AGTGCTGCTGGATATACAGG,SPNS3,894,173,198
SPNS3_ATCTTGCTGTGGTCAGGAGC,SPNS3,93,99,166
SPNS3_CCCTCACGAAGAGGTCGCCC,SPNS3,591,192,153
SPNS3_GGAAGCTGGACTCACTCGGA,SPNS3,465,133,169
SPNS3_TGCTGGTTCCAGACCCACCC,SPNS3,974,243,210
SPO11_CGATAGACAACAGATCAAGC,SPO11,1651,643,491
SPO11_GAATTGTACCTGTGGTGCAA,SPO11,399,196,113
SPO11_GCTTCTTACCGTTGCACCAC,SPO11,637,301,166
SPOCD1_TCCCGAAGGCTGTGGAGGCC,SPOCD1,1252,61,58
SPOCD1_CCCTACAGCTCAGCTCCAAC,SPOCD1,2269,685,195
SPOCD1_TTCTCTTCCGGAGCAGCCAG,SPOCD1,421,62,52
SPOCD1_GGAACATGCAGGGTCCGAGC,SPOCD1,1227,180,349
SPOCD1_ATCAGCCACGGCCAGGCAGG,SPOCD1,283,30,35
SPOCD1_AGCTGGCACAGGTGTCAGCG,SPOCD1,264,309,322
SPOCK1_TCCAAACCAATCCTTCAGCC,SPOCK1,563,266,441
SPOCK1_GCCTGAGCCACCAAAGCACA,SPOCK1,1076,276,435
SPOCK1_GCTGACTGTGCCACGGGACA,SPOCK1,726,232,414
SPOCK1_GGTGCTTGCGGCTGACACAC,SPOCK1,398,142,72
SPOCK1_CCCAACAAGCCCTTTGACCA,SPOCK1,3535,1081,1269
SPOCK1_CGGTACTCACGTCTCGAAAG,SPOCK1,1540,342,566
SPOCK2_AGCCAGCAGTGTAGCCGGCC,SPOCK2,225,300,223
SPOCK2_TCCACCGCCGATGGCAAACC,SPOCK2,2154,667,377
SPOCK2_CATGTGGCAGGGCTTGCAGA,SPOCK2,902,63,87
SPOCK2_ACATGGCCCGCTGGTAGCCC,SPOCK2,255,295,439
SPOCK2_TGTACTGGGTGGGTCGGACG,SPOCK2,1014,621,228
SPOCK2_ACAGCGGCAAGATCAAGCAC,SPOCK2,952,204,107
SPOCK3_CAATATTCAGAAGCGGCAAG,SPOCK3,661,194,177
SPOCK3_AGCAATATTCAGAAGCGGCA,SPOCK3,812,143,222
SPOCK3_TTCAAGGCCCTTCATGAAAG,SPOCK3,800,309,272
SPOCK3_TGGCAAACAGATTGCGGGAC,SPOCK3,2186,830,635
SPOCK3_TGACCATCTGAACCACAAAC,SPOCK3,2535,783,1067
SPOCK3_ATGACAAGGAAGTCGGACAG,SPOCK3,399,319,565
SPON2_AGGGAGACCTCGCAGTCCAG,SPON2,69,100,19
SPON2_CCAACTCCTTCTACTACCCG,SPON2,7684,1252,1208
SPON2_CAACTTCGCCACCATCCCGC,SPON2,943,162,216
SPON2_GATGAAGGAGATCGAGGCGG,SPON2,41,32,7
SPON2_GATCTCCTTCATCAGCGCCC,SPON2,353,13,29
SPON2_AGCGAAGACCACTGCGCAGG,SPON2,672,43,17
SPOP_GGTATGCCTCAGCCACCAAG,SPOP,36,262,432
SPOP_CTGCACTGTGGAGGTCGGCC,SPOP,1011,353,298
SPOP_AAAGGTTCCTGAGTGCCGGC,SPOP,201,150,190
SPOP_GGTTTGTGCAAGGCAAAGAC,SPOP,370,552,323
SPOP_TTCTCCATCCTGAATGCCAA,SPOP,593,332,474
SPOPL_GAGGAGGCAGTTCTTTAGGA,SPOPL,486,93,71
SPOPL_CGACAACTTGGGTGTAAAGA,SPOPL,1271,1087,1041
SPP1_TGTACTCACTGGTATGGCAC,SPP1,42,95,80
SPP1_ACCCAGATGCTGTGGCCACA,SPP1,235,282,162
SPP1_AATGGTGAGACTCATCAGAC,SPP1,614,365,61
SPP1_CGTTCAGGTCCTGGGCAACG,SPP1,2621,1378,2006
SPP1_TGATTGGGACAGCCGTGGGA,SPP1,541,95,329
SPP2_TAGTCGTACACTGGGAAACC,SPP2,1452,477,241
SPP2_ACTGAGGGCATCCCTTAAGG,SPP2,1179,122,230
SPP2_CGTGAAGGTATCTGCCCAGC,SPP2,1284,402,476
SPP2_GCGTGCATGCTCGCTGCAGC,SPP2,328,566,285
SPP2_GCTGCTGTAAGACTCAGACG,SPP2,206,526,386
SPP2_TTATTCTTGCTCTGTGCCGG,SPP2,673,144,147
SPPL2C_TGATGTAGTCGGAGCTGAAC,SPPL2C,1893,282,393
SPPL2C_CTCAGGGCCAAGGTGCCCAC,SPPL2C,265,96,328
SPPL2C_CATAGTGGAGCATAGCCACA,SPPL2C,624,261,116
SPPL2C_CATCCCAGTGGACTTCACGC,SPPL2C,2024,254,366
SPPL2C_GCAGCTCATTAGGATCCAAG,SPPL2C,1533,143,134
SPPL3_CGATGCCCAACATGGAGAAG,SPPL3,1924,669,770
SPPL3_TTCCGGGATAGAACGTCAAG,SPPL3,722,438,248
SPPL3_GAGGCTCGGCAGGCGGACAA,SPPL3,460,131,240
SPPL3_TACTTGTTCTGAGGTGAGCA,SPPL3,332,463,531
SPPL3_ACACTTGACTGGAATCCACC,SPPL3,470,194,550
SPPL3_CGAGTAGGTCTGCTCCGCCA,SPPL3,1951,416,534
SPR_GCTAAGGACAAGCACGGAGC,SPR,726,263,28
SPR_CCTTAGCGCCCGCAACGACG,SPR,1045,332,530
SPR_GCCGAGCAGCTGCTGCAAGC,SPR,758,403,156
SPR_ACTGCTGCTTATCAACAACG,SPR,808,477,301
SPR_GAGGCCAGGACTGTCCGGGA,SPR,12,4,4
SPR_GGCGCTGTACTGTGCAGGAA,SPR,2710,678,642
SPRED1_CGGTGAGGGAAAGATGAGCG,SPRED1,718,248,343
SPRED1_CTTAGTCCACTCCCTCCAAG,SPRED1,421,993,1296
SPRED1_CTGCTCTGAATGTCCAAGCC,SPRED1,756,556,782
SPRED1_CTGCTTGCGATGGTTAGCCC,SPRED1,719,370,817
SPRED1_CACATGCCTCACCACAGCGA,SPRED1,856,817,652
SPRED2_CGCACCACATGCAGCTCACC,SPRED2,2301,787,980
SPRED2_CAACCACGAGGAGAACCGCC,SPRED2,661,885,239
SPRED2_GCACCGGAGGATTTATACCC,SPRED2,1177,138,38
SPRED2_GATGCCCGAGCCTTTGACAG,SPRED2,195,404,428
SPRED2_TCAAAGGCTCGGGCATCAGC,SPRED2,882,350,592
SPRED2_CCCGAAGGCAATGGACGAAG,SPRED2,1603,894,494
SPRED3_TTAGAGACCAATGGCGCAGA,SPRED3,893,287,379
SPRED3_GGCTCACTTTCTGGTCCCGG,SPRED3,38,27,4
SPRED3_GAAGAGCCTGCTGGCTGCGC,SPRED3,117,71,68
SPRED3_GACACTCACCGTCAGAGGGC,SPRED3,850,100,131
SPRED3_CAATCTCCTCCAGTCCCACG,SPRED3,1397,258,261
SPRED3_CACGCCCGTCTGCTCTGCGA,SPRED3,536,386,197
SPRN_GCATCTACAGCTACCGGGCG,SPRN,1151,366,479
SPRN_CCCGGTAGCTGTAGATGCCG,SPRN,665,1093,1225
SPRN_GCCGCTGTCGCAGAGGAAGG,SPRN,296,71,10
SPRN_GCCGCCTTCCTCTGCGACAG,SPRN,1559,281,444
SPRR2G_GGTGGGTATGGTTGCACAGG,SPRR2G,121,80,252
SPRR2G_CAATGCTCAGGTGGACAAGG,SPRR2G,975,478,711
SPRR3_CACTCAAAGGTTCCACAACC,SPRR3,1138,288,608
SPRR3_GCCATCAAAGTTCCTGAGCA,SPRR3,1198,371,247
SPRR4_AAGAAGCAATGCCCACCGAA,SPRR4,1253,357,306
SPRTN_CGACGCGTCCACTAGCGACA,SPRTN,1884,229,71
SPRTN_ACGACGCGTCCACTAGCGAC,SPRTN,129,1,1
SPRTN_GATATGCAGCTATGAAGGGA,SPRTN,434,0,0
SPRTN_CACCAATAGTCATGAGCAGA,SPRTN,1320,142,116
SPRTN_GGTGACTGTTACTAACAGCA,SPRTN,467,44,42
SPRTN_TGGTGACTGTTACTAACAGC,SPRTN,758,59,96
SPRY1_CGGTTACAGGCCAAACAGGA,SPRY1,1367,580,1112
SPRY1_CTGCCGGTTACAGGCCAAAC,SPRY1,1273,1402,1229
SPRY1_ATGACTGGATCCATCGCCCA,SPRY1,970,14,36
SPRY1_GAGTTCTTACATCTGCACCC,SPRY1,292,228,176
SPRY1_ATGATGGTTTACCCTGACCC,SPRY1,110,89,187
SPRY2_TATGACCGGGTTAACAGGCC,SPRY2,197,591,283
SPRY2_TTGTACACGATGGTCAGCCA,SPRY2,1003,855,827
SPRY2_CGGATTATGCCATCAGCAAC,SPRY2,1779,262,730
SPRY2_CCTACTGTCGTCCCAAGACC,SPRY2,1804,124,464
SPRY4_CTGGGCCAGCTTCACGCAGC,SPRY4,277,426,138
SPRY4_TGGCTGACCAGGCCTCACCA,SPRY4,365,437,642
SPRY4_ACCATTGGATCTCCTTCAGC,SPRY4,1045,234,116
SPRY4_CCACATGGCTGGTCTTCACC,SPRY4,176,388,380
SPRY4_CCTGGACTGTACGGAGAAAC,SPRY4,1065,608,837
SPRYD3_GCTGCTGGAGTACTTAGGGA,SPRYD3,437,52,30
SPRYD3_CAGCCGCACCTCCTCACCCA,SPRYD3,3533,314,432
SPRYD3_TCTGTCTGTAGGCTGTACAA,SPRYD3,1718,209,328
SPRYD3_CTCACTTGCCATCATCAGCA,SPRYD3,2654,809,1150
SPRYD3_GGTTTCTGAATTGGCGCCGG,SPRYD3,181,9,132
SPRYD3_TATGGATGAGGAGGACGCGG,SPRYD3,1003,58,0
SPRYD4_GGTTCATCCAAGGCGCAAGA,SPRYD4,328,182,298
SPRYD4_TCACCTATGCCCAGCGCAAG,SPRYD4,1955,435,349
SPRYD4_ACATGGTGTACCACTTGCGC,SPRYD4,863,239,113
SPRYD4_GGCTTTCTCGTTGGCCAACA,SPRYD4,1364,356,435
SPRYD4_GCGTGTGAACCACAGAGACC,SPRYD4,1266,62,99
SPRYD7_GCAAACAGTCTTCCGCAGGA,SPRYD7,911,295,475
SPRYD7_GCCAGCAAACAGTCTTCCGC,SPRYD7,0,109,114
SPRYD7_CTGTGCATATCTCGGCCAAG,SPRYD7,1718,542,563
SPRYD7_TGCGGTGCTGCAGAGACGGG,SPRYD7,1043,149,132
SPRYD7_CCTGCGGTGCTGCAGAGACG,SPRYD7,454,297,350
SPSB1_GCTTGCAGTAATCCAGACCC,SPSB1,587,381,352
SPSB1_TTACTGCAAGCCCACCCGGC,SPSB1,801,392,323
SPSB1_CATCTTTCACCGGCATCCGG,SPSB1,184,176,172
SPSB1_TGTACCCGACAGAGTGCAGG,SPSB1,912,194,70
SPSB1_GCGAACGTCACTGGTAGAGG,SPSB1,1746,446,396
SPSB2_ACAGGGCTCACTGGTAGAGC,SPSB2,902,360,164
SPSB2_CCTGTGTGTGCGCCACAACC,SPSB2,1899,541,592
SPSB2_CAGGCGGCTCAGGTGCAGAA,SPSB2,1636,524,263
SPSB2_CCAGGTAGCGGATGCGGACC,SPSB2,782,77,294
SPSB2_GAAGCTGTACCATCAGAGCA,SPSB2,1275,446,306
SPSB2_GAGGGTTGTACTTTGAGCGG,SPSB2,937,33,10
SPSB3_AAGTGGCGCTGGCACAGGAG,SPSB3,257,110,0
SPSB3_GCACGCCAATGATGGAGCCC,SPSB3,352,108,46
SPSB3_CGGGACGTCGGATGTGGACC,SPSB3,176,235,115
SPSB3_ACGGTTGTCACAGCTCAGCA,SPSB3,917,311,544
SPSB3_CGAGTGCAGGCTGCTACAGA,SPSB3,971,420,406
SPSB3_GGGCTACGACTCTGATGGGC,SPSB3,752,0,82
SPSB4_TCTTCGTCAAGGACGACGAC,SPSB4,1,2,3
SPSB4_TACCAGCGCCGTGTAGCCCA,SPSB4,277,219,167
SPSB4_GGATGGCCAGTACCTGGGCG,SPSB4,412,257,248
SPSB4_AGCGGATGGATCTCCGGCAC,SPSB4,574,77,83
SPSB4_GAGATCCATCCGCTCGGCCC,SPSB4,278,207,604
SPSB4_AGCTGATGTCCTGCAGGCGC,SPSB4,605,289,234
SPTA1_TGAGGAAGCCTTTACTGCCC,SPTA1,747,31,64
SPTA1_CTCGTCCCACAGTTCCAGCA,SPTA1,786,615,382
SPTA1_CTTCATGATTGGCATTCACG,SPTA1,2081,350,364
SPTA1_TCTGAGGTGCATCTGAAGGA,SPTA1,1231,344,258
SPTA1_CTTAGAGTGGATTGGAGACA,SPTA1,925,642,469
SPTA1_TTCTGCCCACGAAGAAACGA,SPTA1,577,244,186
SPTAN1_TCAAAGAGATGCTGAAGAGC,SPTAN1,1101,303,299
SPTAN1_CTCAGGAGCCATTGTTAAGC,SPTAN1,1352,644,296
SPTAN1_GGCGGTGCAGCTCCATCAAA,SPTAN1,728,404,374
SPTAN1_GGAACTGATCAAGACTAAGC,SPTAN1,905,238,309
SPTAN1_GAATCTGTGTTGCACTCAGA,SPTAN1,315,23,0
SPTAN1_CTCTTGGTGTCTATCTAGCA,SPTAN1,1488,1471,1141
SPTB_GGAGGGCAAGCGTGTCGGCA,SPTB,463,441,297
SPTB_GGAGCGGGATGATGCCCAGC,SPTB,224,104,184
SPTB_ATTGTGGTCCAAACTCAGGA,SPTB,327,213,164
SPTB_TGTAGATGGCAACCACCGCC,SPTB,184,43,86
SPTB_GAAATGGGTGAACTCGCACC,SPTB,82,127,110
SPTB_ACAGCAGGATCAATGCCCGC,SPTB,1197,138,452
SPTBN1_ACCGCTGGGATGTCGACGAC,SPTBN1,950,429,617
SPTBN1_GCCTTACAACTACAACCAGC,SPTBN1,1239,32,59
SPTBN1_CTGTACACTGACCTTCGAGA,SPTBN1,1263,530,587
SPTBN1_AGACCCTTACCTGGAAGCGC,SPTBN1,529,257,490
SPTBN1_CTGGGTTACAGACATCAGCG,SPTBN1,276,240,374
SPTBN1_CAATAGCATTGTCAAGCACC,SPTBN1,553,324,2174
SPTBN2_TGCCTCAGGTTTACCGAGAA,SPTBN2,1006,673,333
SPTBN2_CCATGGCATGGTCCAGCACC,SPTBN2,711,197,237
SPTBN2_AAGCTGCTGGATCCCGAAGG,SPTBN2,1227,77,3
SPTBN2_AGCTAGTCCATCTCTCCAGC,SPTBN2,171,158,209
SPTBN2_GGGTAAACTCGCACCTGGCC,SPTBN2,99,41,166
SPTBN2_TGCGAGACCTCTCAAAGAGG,SPTBN2,369,293,174
SPTBN4_CCGGGAGCACTCAAAGAGCG,SPTBN4,871,393,800
SPTBN4_TGAGCACGAAGCCGTCCCGG,SPTBN4,930,312,76
SPTBN4_GCGCGTGCACCTGGAGAACG,SPTBN4,1823,839,981
SPTBN4_CATAGAACGCTACGAGGAGC,SPTBN4,183,13,14
SPTBN4_TCGCCTCTTTGTGCCTCGGG,SPTBN4,0,18,55
SPTBN4_GGCACAGAGGTTTGACCACA,SPTBN4,526,52,178
SPTBN5_AGGAGGAAGTTACCGTGCGC,SPTBN5,385,24,189
SPTBN5_TGGTGGCTGACCTTCTACGC,SPTBN5,1949,450,293
SPTBN5_CAGTGGGCGGTCTGGACGCA,SPTBN5,219,45,11
SPTBN5_TTACAGATTTCTCCCGAAGC,SPTBN5,1144,292,456
SPTBN5_TCCGGATCTTGATGCCCGCC,SPTBN5,303,204,239
SPTBN5_ATGGACTCTCAGTACGAGAC,SPTBN5,269,181,109
SPTLC1_GGTCACGGTGGAACAAACAG,SPTLC1,116,36,45
SPTLC1_ACGTCAACTGACCTGGGAGG,SPTLC1,682,158,182
SPTLC1_TCCAGCCTTTCACCTACAAC,SPTLC1,2358,203,374
SPTLC1_AATTGCTGCAGCAGCTAACA,SPTLC1,1265,501,203
SPTLC1_TCTCAGCGACTTTCCGGCCA,SPTLC1,129,133,105
SPTLC1_GCCTGCTTTGCTATTCAGAA,SPTLC1,2527,826,950
SPTLC2_TCATACGTCGTCTCGTCAAA,SPTLC2,699,441,1121
SPTLC2_CCTTTGCAGCGCCTTTGGAC,SPTLC2,1211,48,92
SPTLC2_TACAGGAGGTGACAATGACG,SPTLC2,2510,6,77
SPTLC2_CAAAGTACTCCACCACACCC,SPTLC2,1488,79,59
SPTLC2_AGCTGCTATGGCGTATGGCA,SPTLC2,935,86,139
SPTLC2_GAATGGCTGCGTGGCGAACG,SPTLC2,1405,140,88
SPTLC3_TTCACACCCATGGCTAACCC,SPTLC3,1262,722,507
SPTLC3_CATACTTGGCTGCAAGACCA,SPTLC3,705,112,334
SPTLC3_AGAGGTGTATGGCACAGGCG,SPTLC3,3017,364,364
SPTLC3_ACCTGTAGACACCCTCCACC,SPTLC3,1095,369,297
SPTLC3_GAACCCGTAAATAATCCACG,SPTLC3,291,248,128
SPTLC3_TACCCGGGAGATGTTAGACA,SPTLC3,1632,396,631
SPTSSA_CTGAACACCGTCCGCTCCCA,SPTSSA,2297,371,127
SPTSSA_TGTAGAGCGCCGTGACCAGC,SPTSSA,321,13,40
SPTY2D1_CTTAAGACTGGGTATGCAAG,SPTY2D1,2518,322,181
SPTY2D1_AAGGCAGCGAGAATATGAAG,SPTY2D1,1397,87,117
SPTY2D1_CCTTCCCTACTGGTTACAAA,SPTY2D1,1303,489,507
SPTY2D1_GACTGCTCACAGGCCGGCCA,SPTY2D1,190,19,53
SPTY2D1_CCTGTGCCTAGGCGCCAGAA,SPTY2D1,1333,322,534
SPTY2D1_ATGATAGCTTCCAAGGGACA,SPTY2D1,275,203,247
SPZ1_AGACAGATCCTGTAGAAGCC,SPZ1,1023,168,327
SQLE_GGTGTTCCTCTCGCTGGGCC,SQLE,254,21,79
SQLE_CCGCTGTCGCCACCGAAACG,SQLE,2408,1256,896
SQLE_GAAGTTATCATCGTGGGAGC,SQLE,7,299,272
SQLE_AGTGGAAGGTCTTGATGCCC,SQLE,169,5,133
SQLE_TACAGCACCACTACTGAGAA,SQLE,2178,597,823
SQRDL_TGCCCGCATGAAGAGGAAAG,SQRDL,825,227,320
SQRDL_AGATGGAATCACACTTGCCG,SQRDL,759,500,323
SQRDL_TATTGCTCTCGGAATCCAGC,SQRDL,211,40,13
SQRDL_ATCAGAAGCCTACTTCAGGA,SQRDL,768,189,475
SQRDL_AGTCCGAGCCGATAAACAAG,SQRDL,256,46,128
SQRDL_AAGAAACTCTGCAACACAGG,SQRDL,659,104,228
SQSTM1_TAGTGCGCCTGGAAGCCGCC,SQSTM1,219,147,8
SQSTM1_TGACACCTTGCTGCGCCAGG,SQSTM1,342,214,433
SQSTM1_CAGTGACGAGGAATTGACAA,SQSTM1,599,202,147
SQSTM1_ACCTCAGACAGGTGCCCGAA,SQSTM1,466,333,403
SQSTM1_AGCCTCACCTGATTCTGCCG,SQSTM1,566,39,19
SQSTM1_AAGGAGGTGCACTCACCCAG,SQSTM1,770,55,75
SRA1_TATGAAGCCTGCTGGAAGCC,SRA1,401,50,126
SRA1_TGATGACATCAGCCGACGCC,SRA1,544,295,394
SRA1_GAGTGGTCCTGCCTCTGGCG,SRA1,217,65,144
SRA1_CAGGCAACAAGGAACGCGGC,SRA1,444,252,149
SRA1_GGCGGAGCTGTACGTGAAGC,SRA1,382,72,111
SRA1_TCCACTTCCGCTTGGCCAGC,SRA1,346,255,214
SRBD1_TGCAGGACTCAATGCCAACA,SRBD1,2529,94,69
SRBD1_GACTTTACTCAAGGCAACAC,SRBD1,884,0,0
SRBD1_CTCAGTATCGTCAGTGAAGC,SRBD1,1910,861,1147
SRBD1_TTGTGGACAAGGCTTCCGAG,SRBD1,1525,74,33
SRBD1_ACTCCCATTAAGGTGCGCCC,SRBD1,888,31,0
SRBD1_CGTTGTTGTTAAGGAGGAGC,SRBD1,85,27,152
SRC_TAGCAACAAGAGCAAGCCCA,SRC,182,223,153
SRC_GCTCGCCTTTCTTGAAGGAC,SRC,560,82,141
SRC_ACGGTACTCACTCCTCAGCC,SRC,948,407,289
SRC_TCACCAGACGGGAGTCAGAG,SRC,2250,471,495
SRC_TCTGACTTCGACAACGCCAA,SRC,1336,29,91
SRC_CTGAGTCTGCGGCTTGGACG,SRC,2150,1044,1175
SRCAP_GCTCCCAGTCCTACAGACAC,SRCAP,881,462,273
SRCAP_CTTATCCCAGGCTGCTGACC,SRCAP,1037,177,285
SRCAP_ATTGCTGAGCTGCGGAAGGA,SRCAP,778,147,57
SRCAP_GCAGCGGCAGAAAGAGGAAC,SRCAP,1522,82,81
SRCAP_TCATCATCCAGGCGAGAAGC,SRCAP,1422,141,210
SRCAP_TATACCTCCAACACCTGAGG,SRCAP,476,5,31
SRCIN1_CCGTTGGTGAGATGTGAGCC,SRCIN1,1005,889,898
SRCIN1_GCGCGTGCACATCACGCACG,SRCIN1,525,135,154
SRCIN1_CTTGGTCTGGCTGGCCGAGC,SRCIN1,166,270,583
SRCIN1_CGCACACACAGGTTGGCGGC,SRCIN1,704,43,82
SRCIN1_CGCATCGTCCGCAGACAGCA,SRCIN1,2183,1595,1158
SRCIN1_GACAGGGACATGCCTTGGGA,SRCIN1,846,214,19
SRCRB4D_GGATGGTTCTGAGACCACGC,SRCRB4D,13,141,145
SRCRB4D_CGCGTGGAGGTGTTGCACGC,SRCRB4D,986,325,348
SRCRB4D_AGCAGTGCTGTCTCCCGGGA,SRCRB4D,754,303,212
SRCRB4D_GACAACGTGCACTGCGAAGG,SRCRB4D,1356,213,263
SRCRB4D_GCAGCGTCTGTGATGACGAC,SRCRB4D,930,605,537
SRCRB4D_ACCTTGAAAGGGCAGTGGAG,SRCRB4D,1040,288,387
SRD5A1_ACATCCCAAATGCCAGCCCA,SRD5A1,376,332,156
SRD5A1_ATTCAGATCCGGGCAGACAA,SRD5A1,1311,369,220
SRD5A1_ATGTTGTGTCATCAGTGAGG,SRD5A1,270,197,173
SRD5A3_CCTGGAAGATCGCGCAGCCC,SRD5A3,1067,75,114
SRD5A3_TCCTGGAAGATCGCGCAGCC,SRD5A3,790,313,324
SRD5A3_AGCCCAGGGAGTCCTTACCC,SRD5A3,1698,54,15
SRD5A3_TGCCTTCTGAATTGTAGGAG,SRD5A3,780,523,344
SRD5A3_ATCTATTGATGCAAGCACGG,SRD5A3,1552,82,66
SREBF1_AGATGGTTCCGCCACTCACC,SREBF1,416,343,42
SREBF1_CACAGTGGTGCCAGAGACCA,SREBF1,783,524,1040
SREBF1_TGGGTGTGCAAGGAGACGGG,SREBF1,1299,82,158
SREBF1_CGGGTACATCTTCAATGGAG,SREBF1,1011,396,390
SREBF1_TGACAGGTGAAGTCGGCGCG,SREBF1,1019,283,786
SREBF1_CGAGCCACCCTTCAGCGAGG,SREBF1,456,464,231
SREBF2_TTCTGCGCTGAGCCGGGCGA,SREBF2,833,180,299
SREBF2_TCAGCACCACTCCGCAGACG,SREBF2,751,190,245
SREBF2_CACGCTGCAGACCCTTGCCC,SREBF2,546,107,221
SREBF2_TCTGAGGCTGGACCAGGACC,SREBF2,984,55,37
SREBF2_CCTGTCCCTATTCTAGACCC,SREBF2,456,64,97
SREBF2_GGTCAATCATAAACTGCGCC,SREBF2,0,31,74
SREK1_GGGATCGGGATGAACAGCGG,SREK1,389,22,26
SREK1_GGCCCAGCATCTAACTAACA,SREK1,1021,15,53
SREK1_AGACTTGTCATGGTTGGAGC,SREK1,672,196,227
SREK1_AGAAGTGAAGTTTGTGCGGA,SREK1,1591,132,196
SREK1_ATCTCAGCAGCTATTGAACC,SREK1,1638,135,48
SREK1_CAAAGACCGGGACAAGGAAC,SREK1,432,224,160
SRF_TATGGTGGTCGGTGGGCCCG,SRF,581,0,20
SRF_AGAGTCTGGCGAGTTGAGGC,SRF,575,41,0
SRF_TGGTGGAGGTTGTACCCGGC,SRF,388,33,16
SRF_TATACCTGTCCCGCTGGAGG,SRF,734,1,53
SRF_ATGATGCTGTCAGGAACACC,SRF,482,59,122
SRF_CGAGCTACAGGTGGTGAACC,SRF,3213,125,447
SRFBP1_TTCATCTACCATGGCTCAGC,SRFBP1,138,0,0
SRFBP1_AAGTCCTTACCTTCATGGCA,SRFBP1,814,0,10
SRGAP1_AGCAGTTCACTGGAGACAAC,SRGAP1,951,555,675
SRGAP1_ATTGGTGGACAGAACGCAGC,SRGAP1,307,103,59
SRGAP1_ATCTTGTATCGTCTGCAAGG,SRGAP1,359,503,390
SRGAP1_TGACTTGCTGCAGAGGACCC,SRGAP1,654,178,24
SRGAP1_TCTGATAATGCTTCTAGCCG,SRGAP1,931,1136,952
SRGAP1_CTTTACCCAGGACTCAGGAC,SRGAP1,1150,510,1010
SRGAP3_ATGAGCAGTTCTGTCTGGAC,SRGAP3,1597,102,186
SRGAP3_CTGGAGACCTCTCGCCACGA,SRGAP3,2860,540,758
SRGAP3_TGCGGAAAGCAAGCTGAAGG,SRGAP3,1251,643,557
SRGAP3_GATTGGCCTGCAGATGCACG,SRGAP3,508,211,148
SRGAP3_CATGGTCTCGGCTCTCCCGC,SRGAP3,707,217,178
SRGAP3_CGCAGAGATCCGCACGCAGC,SRGAP3,1137,267,591
SRGN_GGGATCTTGTTGGATTCACC,SRGN,82,0,0
SRGN_AAAGGTCAGTCCTCAGACGG,SRGN,1392,69,359
SRGN_CCAGAGTAGTCCTCAGAAAG,SRGN,2932,525,487
SRGN_GAGTGGCTTCCTAACGGAAA,SRGN,655,55,23
SRGN_CTTCCTAACGGAAATGGAAC,SRGN,722,320,393
SRGN_GGGTCAACATGGATTAGAAG,SRGN,1072,264,310
SRI_TCTGCAGCATGGCGTACCCG,SRI,1940,795,856
SRL_CTCTGTGACATTGATGAGAG,SRL,2263,699,698
SRL_AACCGCAAGCAGCAAGAAAG,SRL,2481,569,623
SRL_CGGTCCCAGGAACAGTACCA,SRL,409,313,367
SRL_TTACCAGAGTAGTCATCGGA,SRL,733,106,12
SRL_TCTTCGGACTCCTCTTCGGA,SRL,524,99,49
SRL_AGTGAGGGCACCGAGGACCA,SRL,544,0,31
SRM_GCTGCCCGAGTTTGCCCGCA,SRM,738,406,451
SRM_CATGAAGCCGATCTGGCCGC,SRM,493,94,187
SRM_CCTTGAAGAGACTTTCGGCG,SRM,302,53,41
SRM_TCACCTCGTCGATCTCACAC,SRM,300,153,171
SRM_CAAGCCGCCCTGGGTGAGGA,SRM,1084,150,458
SRM_TGTCCTGGTAGCGCGAGCGC,SRM,439,153,145
SRMS_CGGAACGTGCTCGTGGACGA,SRMS,2329,381,792
SRMS_CTGCACGCAGTGTGCTCGGG,SRMS,233,193,282
SRMS_ATTCGCCCTTGGGAGGAAGC,SRMS,421,126,122
SRMS_ACCCTTCCTAGTCCGGGCCC,SRMS,227,55,30
SRMS_TTGCAGCTGGTACTTTAGCG,SRMS,3038,1445,1038
SRMS_CTGGGACAAGATCTGGCCGG,SRMS,1172,612,194
SRP14_ACTGACTCTTGCCCTGAGAA,SRP14,621,105,121
SRP19_ACCCACCTGTCCTGGTCGGC,SRP19,364,0,0
SRP19_AGTCCGGGTCCAGCTCAAAC,SRP19,1147,14,147
SRP54_GGTATTTAGCTTGTAGACCC,SRP54,2,37,46
SRP54_TTTGTTGGATTGCAAGGGAG,SRP54,457,56,26
SRP54_ATGAACAGGAGTCAATGGCA,SRP54,1197,1,235
SRP54_ACAGAACTAGACAGTACGGA,SRP54,1291,0,57
SRP68_CGCTGAGCATTGATTCAAAC,SRP68,2394,1331,1250
SRP68_CACTCAGACTCGAGCCAAAC,SRP68,1806,663,738
SRP68_GCTAGCCAGTGCTTTCACAG,SRP68,1193,165,73
SRP68_CTTGTGTGAGAGCAATCGCG,SRP68,1370,35,15
SRP68_CAGCAGCATGGTTTACGGCA,SRP68,2741,431,597
SRP68_TTGCCTTCGATCCGGCCGAA,SRP68,725,75,93
SRP72_TCCTCCAAGATGGCGAGCGG,SRP72,717,135,25
SRP72_TTCACTTCACTCCACAGCGC,SRP72,1559,359,210
SRP72_ACTCAAATATGGGCGGAAGA,SRP72,1338,65,88
SRP72_CAAATATGGGCGGAAGAAGG,SRP72,401,12,85
SRPK1_ATGGAGAAAGAGTCGGGCCC,SRPK1,441,22,161
SRPK1_TGAGCAGTACATTCGGAGGC,SRPK1,2100,337,775
SRPK1_TACTCACTGACTTCAGCAAC,SRPK1,548,165,158
SRPK1_ATGTGATCCGAAAGTTAGGC,SRPK1,433,43,19
SRPK1_CTGGTAGATCACTCTCAGAG,SRPK1,1491,517,525
SRPK1_GGTCTCACCATGGAGCGGAA,SRPK1,430,118,230
SRPK2_TGTATCCTAGGCATTTGAGC,SRPK2,1063,126,100
SRPK2_CACCAACAAGTCAGCTGCCC,SRPK2,1509,125,67
SRPK2_AATCTAACCCTTGAAGGACC,SRPK2,529,120,81
SRPK3_TCCATAGCCAGACATGAGGG,SRPK3,524,220,138
SRPK3_CTCGGGCTCCGAACTAGCCC,SRPK3,504,233,236
SRPK3_AGCCCAGTTTGCGCACCACG,SRPK3,702,404,339
SRPK3_CTCACGATGCTCTTCACGCA,SRPK3,2050,808,636
SRPK3_GGACGCTTACATCAGGCGCC,SRPK3,107,7,79
SRPK3_TCTGGCTTGAGACTAGACGG,SRPK3,492,178,58
SRPR_CAGCAGCTCTGATGACGAAG,SRPR,1622,270,150
SRPR_CACGAAGTCAGATGCTCCAA,SRPR,680,67,84
SRPR_GCTGATCCGCAGGAAGCGCG,SRPR,472,43,72
SRPR_AGGTCCATGATTGAGACACG,SRPR,967,50,58
SRPR_TCTCTCACCGAAGGAGCCGC,SRPR,159,23,129
SRPR_TGCATGAGTCGCTAACGCCC,SRPR,639,66,9
SRPRB_GCAAGGTGTCTAGGTAGGGC,SRPRB,272,60,159
SRPRB_CTACCTAGACACCTTGCGGC,SRPRB,937,141,21
SRPRB_GGAAGTTAATCCGGAGCAGA,SRPRB,498,68,149
SRPRB_TCAAGGTCAGACTATTGCCC,SRPRB,1343,0,69
SRPRB_AGCGGTTTAAGTCTTCAGCC,SRPRB,819,1,140
SRPRB_TTCCTGGAGTGCAGTGCCAA,SRPRB,795,125,203
SRPX_CTGAGCTGCAGCGCTAGGGC,SRPX,1599,543,505
SRPX_CTAGCTGGAGCCGGTAAAGG,SRPX,1795,527,397
SRPX_TGGATTGACATACTCGGGCA,SRPX,512,304,396
SRPX_CTCCATTTGCTGGCATGGCA,SRPX,614,706,809
SRPX_TCTGCCAGTCAAACAAACGA,SRPX,1079,475,356
SRPX_CGGTGTCTTATTGGAGAAAG,SRPX,1649,883,675
SRPX2_GCCAGTCAGCTAACTCAAAG,SRPX2,1224,820,924
SRPX2_TTACCTCGGTAGTCCAGGGC,SRPX2,314,139,157
SRPX2_TTCCAATCAATCGAAAGCCC,SRPX2,901,59,101
SRPX2_AGCCGAATCTGCATGGAAGA,SRPX2,1903,801,584
SRPX2_GCAGAATCTTTCACCAACGG,SRPX2,527,341,279
SRPX2_CCTATGACCGAGCCTACAAC,SRPX2,900,671,605
SRR_ACTCACAGCAGTGGAAACCA,SRR,1617,282,513
SRR_CATCATGGTACATCCCAACC,SRR,1507,530,939
SRR_ACCACCAGTGCATCCACCAA,SRR,1142,274,272
SRR_GCTACCAGTCCAAGCTGAAG,SRR,1210,95,275
SRR_CCTCCAGAAACCATAGCAGA,SRR,502,84,226
SRR_CTACTCATTGAACCTACAGC,SRR,1085,187,103
SRRD_CCGCTGACGTCAGAGACCAA,SRRD,1049,184,582
SRRD_GCGGAGTTCGAGTCTGACAG,SRRD,1400,463,304
SRRD_GCATCTTGACTCATTGCCAG,SRRD,1125,56,136
SRRD_GACTGTTCTCAGTGAGAACG,SRRD,208,342,98
SRRD_AGGGAAACGGAGTATTCGCG,SRRD,1072,43,54
SRRM1_GCAGGGAACAAGTGCAGAAC,SRRM1,601,53,112
SRRM1_TTAGTACCTTCACTTCCAGC,SRRM1,470,0,9
SRRM1_CGGCTCTTGGTTCTGTGACG,SRRM1,4966,690,1306
SRRM1_TCGAGTGTGAGAAGGAGAGC,SRRM1,1062,1,0
SRRM1_CTCAGGAATTCTTCCGCCAA,SRRM1,1512,716,590
SRRM1_GAAGCAAAGATGTTACCGAG,SRRM1,477,73,76
SRRM2_CAGGATTAGGCCGCTTCACC,SRRM2,344,29,76
SRRM2_TCGACTCATGTTGCTGGAGA,SRRM2,849,360,486
SRRM2_AACTGCTAGACTCCCGAACA,SRRM2,1764,23,210
SRRM2_AGAGAGCAGCTCTCCTCGAC,SRRM2,518,97,80
SRRM2_AGTCAGCAGAAGTTGAACGG,SRRM2,274,53,39
SRRM2_CACACAACGGCCTAGTAGCC,SRRM2,869,23,131
SRRM3_TCCACACCCGACGCCGCGAA,SRRM3,2674,964,985
SRRM3_CCGGCAGATGCTGATGGAGA,SRRM3,1429,547,617
SRRM3_AAGGGCGCGTACTCCAGGCC,SRRM3,788,140,310
SRRM3_TGAAGAAGCATCGCCGAGAC,SRRM3,1537,554,537
SRRM3_CCCGGAGGAAGAGACGGCAC,SRRM3,1440,618,337
SRRM3_TGGCGATGAGACCTCCGGCC,SRRM3,1172,362,422
SRRM4_GACAATGATGCTCTCGGGAC,SRRM4,367,272,499
SRRM4_CTCCCAACTGTTGGTGCCCA,SRRM4,818,121,166
SRRM4_AATCCACTCGGAAGAAGAGA,SRRM4,503,113,100
SRRM4_CCAAGAAACACAAGCGACGC,SRRM4,1221,481,537
SRRM4_TCCGAGCTCTGGGACCGCGA,SRRM4,2472,455,312
SRRM4_GCTTGGCTACCTGTCAGCCA,SRRM4,543,220,158
SRRM5_CCGGCCTAGAACCAGCAACA,SRRM5,3401,1166,1737
SRRM5_AAGAAGAGTTACCGCCCACC,SRRM5,717,15,46
SRRM5_CAGGGTCAAGAGTTATAACC,SRRM5,772,521,462
SRRM5_GCAGGGCAAGAAGTCGCACC,SRRM5,525,127,94
SRRM5_AGGTAAGGTGGCCTTAGAGG,SRRM5,1238,283,205
SRRT_CGAGTACGATCGAAGGCGCA,SRRT,578,165,47
SRRT_AGAAGCGCATGAGGAGAGAC,SRRT,805,49,89
SRRT_TGGCCTGGATAGGCAGGACA,SRRT,1060,84,35
SRRT_TGGCGCACAAAGATGAGGAG,SRRT,1408,68,136
SRRT_TGCATCCAGCATCTTGACAA,SRRT,1503,10,120
SRRT_GCCGTGATTAAGATGGAAGG,SRRT,699,0,0
SRSF1_GAGCGAGATCTGCTATGACG,SRSF1,1208,91,89
SRSF1_GATGTTTACCGAGATGGCAC,SRSF1,77,0,0
SRSF1_CGGGTGGAGTTTCCTCGAAG,SRSF1,2434,195,201
SRSF1_GACGCGGTGTATGGTCGCGA,SRSF1,720,0,37
SRSF1_TCGAACTCAACGAAGGCGAA,SRSF1,399,17,0
SRSF1_TCGACCTCAAGAATCGCCGC,SRSF1,846,0,22
SRSF11_ATACTCACTCCGGCGGGAAG,SRSF11,1287,92,120
SRSF11_TGGACGATACTCACTCCGGC,SRSF11,658,16,0
SRSF11_ACACGAGATGAGACTGGCAA,SRSF11,976,103,362
SRSF11_AAGCAGACACGAGATGAGAC,SRSF11,520,104,75
SRSF11_GGTCAAGAAGCAGATCGAGA,SRSF11,304,79,111
SRSF11_CAAGAAGCAGATCGAGACGG,SRSF11,1547,392,407
SRSF12_CCCTTTGGGAGATTTACACG,SRSF12,3134,708,766
SRSF12_CAAGGCGGTCTACCTCAGCA,SRSF12,16,45,24
SRSF12_CGCGACGTTCCTGATGAACA,SRSF12,2730,467,372
SRSF12_GACGTTCCTGATGAACAGGG,SRSF12,637,21,44
SRSF12_CGGTCATGTCTCGCTACACG,SRSF12,4664,1484,1245
SRSF2_GAGGACTCCTGGACCGAGAC,SRSF2,873,157,67
SRSF2_TGCGGGACCGAGACTTCGAG,SRSF2,995,198,242
SRSF2_CGGACTCACACCACAGCCGC,SRSF2,1072,20,18
SRSF2_ACGCTATGGATGCCATGGAC,SRSF2,1899,19,58
SRSF2_CTTGTCGTGAAAGCGAACGA,SRSF2,907,12,19
SRSF2_TCATACCCTCCACATCGGGA,SRSF2,916,1,42
SRSF3_TTACCTACGAGACCTAGAGA,SRSF3,512,6,0
SRSF4_GACTTATGCAGATGCTCACA,SRSF4,330,76,133
SRSF4_ATTTGTCAAGTCGGTGCAGC,SRSF4,529,48,163
SRSF4_CAATTACTCGCTCACCACAA,SRSF4,1454,238,333
SRSF4_CTGGCAGTTCCCGCACACCA,SRSF4,3218,863,966
SRSF4_AGGGTGAAGCACCTCTAAGC,SRSF4,666,132,369
SRSF4_CTACGGGAAGATCCTGGAGG,SRSF4,476,30,45
SRSF5_CATCGGGAGACTAAATCCAG,SRSF5,513,46,36
SRSF5_ACGTCCTTCTCCCTGGCCGC,SRSF5,470,83,16
SRSF5_GCTAGGGCTCGGTCACGAGG,SRSF5,388,59,2
SRSF5_GCTCGGTCACGAGGTGGAAG,SRSF5,899,113,143
SRSF5_GGCCAACGACACAGACAGGC,SRSF5,200,167,91
SRSF5_CGGGAGACCTACTAACAGAA,SRSF5,4001,1580,1642
SRSF6_CGTTTACGAGCTGAACGGCA,SRSF6,501,0,96
SRSF6_GCCAAAGGGTCATAGGGCAA,SRSF6,121,284,460
SRSF6_AGCCAAAGGGTCATAGGGCA,SRSF6,595,721,1333
SRSF7_CTATTTCACGACCAAGAAGC,SRSF7,1340,395,331
SRSF7_AGATCACATTCTCGATCCAG,SRSF7,649,33,25
SRSF7_GGATCAAAGGGACGTCGGGC,SRSF7,917,0,27
SRSF7_TATGTTGGTAACCTGGGAAC,SRSF7,651,21,0
SRSF7_TCGCGTTACGGGCGGTACGG,SRSF7,584,29,1
SRSF7_TCATCATGTCGCGTTACGGG,SRSF7,1067,212,134
SRSF9_GGTGTCATCCAGTTTACGCA,SRSF9,377,86,36
SRXN1_ATGTCTGCGTTCAAGGAAGG,SRXN1,1410,395,289
SRXN1_AATTTGGAGCCGGCAGCACG,SRXN1,1377,255,253
SRXN1_TCACCCGGATCGTGTCCACG,SRXN1,1923,378,439
SRY_AGCATCTTCGCCTTCCGACG,SRY,696,645,647
SRY_TCGCGATCAGAGGCGCAAGA,SRY,959,445,732
SRY_GGAAGAGCTTCTCCGGAGAG,SRY,341,510,356
SS18_TAGCCTTGTTCAGGATACGA,SS18,439,127,13
SS18_CAATACAGTCATGGTGGACA,SS18,1227,206,183
SS18_CAATACAATATGCCACAGGG,SS18,907,92,103
SS18_AGAATGGTTGTAACCTCCCA,SS18,431,67,109
SS18_ATGTTGTGAGAGCGTGGAGG,SS18,615,228,200
SS18_CACTCCCGCTGCGATTCAGA,SS18,562,431,365
SS18L1_TCTGCCCGGCCAAGAGGCAA,SS18L1,622,99,480
SS18L1_TCTGGTACTCCAGGATGCAC,SS18L1,514,44,188
SS18L1_TGGAGTCTGCGATCGTGGCC,SS18L1,942,72,295
SS18L1_ACTCAGAGCGGCTCCAGCCA,SS18L1,399,52,131
SS18L1_ATGGACACGTGGCTCGGCCC,SS18L1,73,125,45
SS18L1_CCATCATGGCGATGGACGAC,SS18L1,1088,173,457
SS18L2_CGGTGGCCTTCGTACCGGAC,SS18L2,616,38,0
SS18L2_AGTATCAGAACAAGGGCCGC,SS18L2,156,0,0
SS18L2_ACTGCACGCACTCGTTCCCG,SS18L2,759,0,0
SSB_TGGCGACTTCAATTTGCCAC,SSB,10,3,120
SSBP1_TGTGCACTTACTTGGGCGAG,SSBP1,1188,255,94
SSBP2_CATTCCTCCTAATCCACCCA,SSBP2,772,268,154
SSBP2_CCCATCATGCCTAGTCCAGC,SSBP2,1414,84,407
SSBP2_CAGAGAATGACTCCTCCAAG,SSBP2,2935,569,841
SSBP2_TCGAGTTGGATCCATTCCAC,SSBP2,510,188,224
SSBP2_CAGTAGGTCCTGTACCACCA,SSBP2,1626,517,467
SSBP2_GGCACAAGCATGTACGGCAA,SSBP2,7,201,100
SSBP3_AAAGCAGACTTACGTTGGAC,SSBP3,707,219,54
SSBP3_TTACATGTTAATCCCGGGCA,SSBP3,1572,273,475
SSBP3_GCGGTGGTTACCTGTGGGCC,SSBP3,142,108,99
SSBP3_TACCTGTGGGCCGGGACCCA,SSBP3,490,48,73
SSBP3_CATCTCTTTCAGCCTCCGGG,SSBP3,215,177,217
SSBP3_CCCACTCACCTCCGATAAGA,SSBP3,3020,1102,894
SSBP4_TGGAGCAGCATGTACGCCAA,SSBP4,2101,54,105
SSBP4_AAGAACATGGCCTCCAGGAC,SSBP4,1242,159,115
SSBP4_TAGGCTCACCGAGTTTCCAC,SSBP4,168,44,196
SSBP4_ACTTACGGTGTAGCTGCCGG,SSBP4,1,1,79
SSBP4_CACCCAGGGATCCGTTCACG,SSBP4,1090,88,427
SSC5D_CTCAGCGAGCTGGCTTGCCG,SSC5D,1481,124,60
SSC5D_GACTTGGCCTGCTTGGGCCG,SSC5D,316,209,139
SSC5D_AGGCCCGAATCTGGCACCGC,SSC5D,1112,173,350
SSC5D_CTCACCGTCACACACGGCCC,SSC5D,1052,129,64
SSC5D_CTGGCTCGTCATGGTGGACG,SSC5D,2239,1179,851
SSC5D_CAGCAAGTGCTCAGGTCGAC,SSC5D,869,116,665
SSFA2_GGCAAGTGGCGAGTCGCAGG,SSFA2,37,94,0
SSFA2_TCATCCAGTGAGGCTCCCAA,SSFA2,644,105,273
SSFA2_TCAGGTGTGCTTGTGAGAAA,SSFA2,1457,340,475
SSFA2_GGGAGAAGTATGAATTCCAC,SSFA2,189,0,32
SSFA2_GAGTGCTCAGATGCAACGGA,SSFA2,30,30,34
SSFA2_CTTCGAGTTAAAGGTGGAGG,SSFA2,914,87,232
SSH1_GGGTTCAGCGTGAGCACAGC,SSH1,206,131,137
SSH1_CAGTCGGAGAACCATCCCAA,SSH1,265,230,84
SSH1_CCACCACCATGTACCGGACC,SSH1,1969,987,679
SSH1_TTCTGTCTTCGCAACGCAGA,SSH1,615,133,185
SSH1_TGCTTCCCTGTTGTAAGAAG,SSH1,973,522,341
SSH1_CGAGCGCTGCAGGGTCACCA,SSH1,1128,261,295
SSH2_AGAAAGCATCGTCCTAGGAA,SSH2,2043,483,426
SSH2_AGATGCTGTTGGAGATCGCC,SSH2,304,91,22
SSH2_CACCAAGAATCAGCCACAGA,SSH2,1738,284,483
SSH2_TCTATACAGGAGGCAGACAG,SSH2,1330,405,302
SSH2_CTGGGATTCTTGGTTCAGGG,SSH2,843,364,297
SSH2_TGGCTTTGGTCACGGTCCAG,SSH2,414,26,14
SSH3_CGAACGGCTCACTGTGACCA,SSH3,1437,747,858
SSH3_GACTCCTTCGCTGGACCGCC,SSH3,81,0,104
SSH3_GCCGCAGGATGACATCCGCC,SSH3,840,127,42
SSH3_GCGTGGATTTCCCTGACAGC,SSH3,1692,193,261
SSH3_CGTCTCCATCTAAGTACACC,SSH3,1002,235,368
SSH3_TGACGTCTGGTGGGCAAAGC,SSH3,2177,455,475
SSMEM1_CCCTGTAACCAACTCAGAAG,SSMEM1,1095,706,484
SSMEM1_ATCCTGAACAAAGACGAGCC,SSMEM1,1284,215,157
SSMEM1_ACTTTCACTCTCCTTCCACG,SSMEM1,1600,186,144
SSMEM1_CTGAAGGCTTCTGTCGGGAA,SSMEM1,2100,465,686
SSNA1_GACCATGACCCAGCAGGGCG,SSNA1,184,84,213
SSNA1_CCTCTCGCAACGAGTTCGAC,SSNA1,661,124,128
SSNA1_CCGGTCGAACTCGTTGCGAG,SSNA1,2462,710,640
SSNA1_CTTTGCTCAGCGTTCTCAAG,SSNA1,707,288,67
SSNA1_TTTGCTCAGCGTTCTCAAGA,SSNA1,597,374,546
SSPN_ATGGAGCCGAAGAAGGGCAC,SSPN,6,13,56
SSPN_TGGAGCCGAAGAAGGGCACG,SSPN,376,156,75
SSPN_CACGGTCACGGCGATGCCCA,SSPN,988,176,291
SSPN_GACGGTCTGTGTGCTGGCCG,SSPN,1,420,141
SSPN_CGTCACATCCCGGTAAACAA,SSPN,3304,1318,1416
SSPN_TGCTCCCTCACGGCTTCCGA,SSPN,358,126,53
SSR1_CTCTTTCAGACGCAGGAGGA,SSR1,1385,272,268
SSR1_ACCAAATGGTCGTCCGCCCA,SSR1,0,2,121
SSR1_CTGGTAGGCTTTACCAACAA,SSR1,2320,357,640
SSR1_GGATGAAGATGATGAAGCCG,SSR1,1154,44,141
SSR1_GCCGCCTCGGAACAAGACAG,SSR1,753,44,68
SSR1_GCCACTGTCTTGTTCCGAGG,SSR1,239,140,128
SSR2_TGGAGTACCACAATAGCAGG,SSR2,631,31,175
SSR2_TGTCAAACTCCCGCTGAGCC,SSR2,1378,902,708
SSR2_ATTGGCTCTACCAGTGCACC,SSR2,314,10,62
SSR2_TGCTCAATGTCAAATGGGAC,SSR2,316,426,437
SSR2_TTCTAGTGCTGCATTAGACG,SSR2,1988,524,836
SSR2_ACTGCTGAACAGATACGCCG,SSR2,594,2,209
SSR3_CGCGTTTCCGAAGAAGAGCG,SSR3,62,117,60
SSR3_GGAGCTGCCTTTAGGAGCCA,SSR3,712,22,134
SSR4_GATGGCATCTCTCGGCGCCC,SSR4,1,16,0
SSR4_TCAGAAGTGGTGTAGTAGGA,SSR4,1632,431,498
SSR4_ATTCCCTGTCACTCGAGGCC,SSR4,87,167,130
SSR4_TGAGGTTAGATTCTTCGACG,SSR4,1773,343,346
SSR4_ACGCTGACTGTAAACAGAGG,SSR4,446,74,56
SSR4_AGCACCTCAGTGGACACCCA,SSR4,708,202,203
SSRP1_CCCTCTATGAGATGGTCAGC,SSRP1,983,0,0
SSRP1_TCTTCCTTACTAGATCAGCC,SSRP1,682,62,0
SSRP1_AGATGGCATCTCCCGTGGCC,SSRP1,459,214,287
SSRP1_CATTCTTGCCTGTGGTGCAC,SSRP1,558,109,63
SSRP1_AGTTCCAGCCCTTCACACAA,SSRP1,891,4,1
SSRP1_GGTCGACATGGCAGAGACAC,SSRP1,44,0,0
SSSCA1_AACATGGCCCTGAACGGAGC,SSSCA1,1,31,12
SSSCA1_GCAGATAGTCGCCCATGAGC,SSSCA1,72,32,0
SSSCA1_TCCGCTGTTTGTCTTGGAGG,SSSCA1,979,42,9
SSSCA1_TCAGGAACTCGACTCAGACG,SSSCA1,1444,296,363
SSSCA1_GGTGCTCCCGAGCTTGGGAG,SSSCA1,423,0,19
SSSCA1_TTTCTCAGCTTTGCGCGACG,SSSCA1,274,154,133
SST_CTTCTGCCCTATACAGGAAC,SST,435,485,134
SST_AAGTCCCTGGCTGCTGCCGC,SST,141,7,8
SST_GAAGTCCCTGGCTGCTGCCG,SST,643,89,73
SST_AGCGCCGGTGACACAGCCCA,SST,279,70,47
SSTR1_CGGCAGAGCAGCGCACCGAA,SSTR1,2381,930,1231
SSTR1_CGTGGTGCATCCCATCAAGG,SSTR1,900,1024,960
SSTR1_CAGCTGGATGGACAACGCCG,SSTR1,1686,691,597
SSTR1_AGACTTCCAACCTGAGAACC,SSTR1,2105,359,357
SSTR2_CATGAAGAGCTCATCTGCGA,SSTR2,458,413,385
SSTR2_AGCTGCACCATCAACTGGCC,SSTR2,528,429,416
SSTR2_TGAGAAGAAGGTCACCCGAA,SSTR2,1517,576,535
SSTR2_GATGAAGACAGCCACCACGA,SSTR2,965,66,149
SSTR2_CTCCGTGGTCTCATTCAGCC,SSTR2,1690,668,265
SSTR2_TCTCCGTGGTCTCATTCAGC,SSTR2,307,106,147
SSTR3_CTTCAAGCAGGGCTTCCGCA,SSTR3,1000,239,358
SSTR3_CCTGCTTGAAGCGGTAGGAG,SSTR3,1008,339,439
SSTR3_CGAACGCAGGGTCACGCGCA,SSTR3,1119,535,980
SSTR3_GGGTGGGATGTACCACGGCC,SSTR3,3,60,132
SSTR3_TGCCATCCACCGCCATGACC,SSTR3,1559,620,321
SSTR3_CGCACACCACCAGGTAGACC,SSTR3,4112,637,552
SSTR4_AAGGATCACGAAGATGACCA,SSTR4,157,32,68
SSTR4_GAAGGATCACGAAGATGACC,SSTR4,328,22,89
SSTR4_GGTGTCTGCGAAGATGGCGA,SSTR4,338,62,153
SSTR4_ACGAAGACTGCCGACCAGGC,SSTR4,454,192,118
SSTR4_GCAGTGGCATAGTAGTCCAG,SSTR4,1045,280,368
SSTR5_GCGTCATGACCAGGCGGCAC,SSTR5,603,340,259
SSTR5_CGTCCAGCGTCATGACCAGG,SSTR5,2064,384,330
SSTR5_CGCCGTCCAGCGTCATGACC,SSTR5,2741,1024,497
SSTR5_GAGAGGAAGCCGTAGAGGAC,SSTR5,367,27,37
SSTR5_TGCCATTTGCGTCACCCGCG,SSTR5,2722,823,766
SSU72_GATCCAGCACACGGAAGACA,SSU72,357,0,0
SSU72_CCAGCCGGGTACTTACACAC,SSU72,2073,16,26
SSU72_CGAAGAGAGAGTGTATGACC,SSU72,1066,0,0
SSU72_GACAAAGAACTGTATCCCAG,SSU72,66,35,29
SSU72_GAGCAACCAGAACCGGAGCA,SSU72,285,0,1
SSU72_TGTGCTCGAGCAACCAGAAC,SSU72,1407,194,114
SSUH2_ACTTGTACCGCCCACGCCCA,SSUH2,891,287,182
SSUH2_CCAGTGACGAGTGAGGGACC,SSUH2,937,251,581
SSUH2_AAAGCCCTCAGCAGTCCAAC,SSUH2,356,215,82
SSUH2_CTATGACTGGCTTCTTCAAG,SSUH2,1194,171,366
SSUH2_AGGACGTCTGGAACATGGAC,SSUH2,200,66,79
SSUH2_CTTCTAGCTGCACTGCACAA,SSUH2,1652,795,838
SSX2IP_TACAGAAGCCGCTATTCGCC,SSX2IP,100,231,158
SSX2IP_ACAACTGGAAACCTCCAGGA,SSX2IP,289,64,120
SSX5_AACCCTAGGTCTCCGTACAA,SSX5,1268,313,270
ST14_CAAGTACAACTCCCGGCACG,ST14,2442,393,782
ST14_AAAGTGAATGGCTTGGAGGA,ST14,580,219,275
ST14_CGGCTGTGACGGCCTTCAGG,ST14,2095,139,262
ST14_GCGCATCAGCTCCACACCGC,ST14,1502,429,495
ST14_TGATAACCAACACTGAGCGG,ST14,1570,355,485
ST14_GGCCGCTTACGTAAAGCCCA,ST14,342,70,60
ST18_ACGCCGGGATGCACAGGAAG,ST18,2813,1568,1674
ST18_AAGTGGTACTCACTTTCCAG,ST18,786,167,565
ST18_GACGGAAGAGGGTAGTGACC,ST18,32,41,35
ST18_AGTGACCATGTGTTTCCAAG,ST18,685,155,54
ST18_TTGCAGAATCAGTGTGCCCG,ST18,1672,875,436
ST18_ACTCGCTCTAAAGGAACCGA,ST18,758,35,84
ST3GAL1_GGAGAACAACCCATCCGCGG,ST3GAL1,134,431,545
ST3GAL1_TGGGAGAACAACCCATCCGC,ST3GAL1,574,137,223
ST3GAL1_ACAACTGGCTGCAAGGGCAC,ST3GAL1,706,69,28
ST3GAL1_GACAACTGGCTGCAAGGGCA,ST3GAL1,9,57,150
ST3GAL1_ACTCTGATCTTTGCAGGAAC,ST3GAL1,751,126,186
ST3GAL1_TCAAGACCATCGACTTGGAG,ST3GAL1,402,625,295
ST3GAL2_GCGGGCGAGTTCCGGAAGAC,ST3GAL2,22,3,2
ST3GAL2_TCAAGTATATCCACGACAGG,ST3GAL2,1621,317,304
ST3GAL2_AGTGAAGTCCTTCCTTCGAG,ST3GAL2,247,28,94
ST3GAL2_ATCGCCAGCGCCTTGTCCAC,ST3GAL2,732,79,62
ST3GAL2_TGGTGTTGTGTGACTTGAAC,ST3GAL2,1707,682,856
ST3GAL2_AGCCGGGCACCAGCTTCACC,ST3GAL2,1013,288,154
ST3GAL3_ACACTTACTCCAGTGGGAGG,ST3GAL3,963,51,418
ST3GAL3_TGAGCCTAGTGTTTGTCCAG,ST3GAL3,1255,320,152
ST3GAL3_ACCGAGGACTCTCTGCACGG,ST3GAL3,2179,280,402
ST3GAL3_TACTTGGTGGCTAATTCAGC,ST3GAL3,436,112,25
ST3GAL3_AGGCATATGTGCTCCGCCAG,ST3GAL3,788,486,257
ST3GAL3_AGGTTCGAACCTTCATGGCA,ST3GAL3,517,355,171
ST3GAL4_ATGAGTGTCCTGAGTGGCCC,ST3GAL4,605,108,262
ST3GAL4_CTTATTTCCTAGGTGGCCCG,ST3GAL4,976,489,343
ST3GAL4_ATTCCATCTCCCGGGAAGAC,ST3GAL4,260,423,463
ST3GAL4_CGGCTCCTTCTTCTCTGGGA,ST3GAL4,660,208,519
ST3GAL4_GAGCTGCCCTATGGGACCAA,ST3GAL4,1079,152,382
ST3GAL4_AGCTGGTGATGGCTAGCACC,ST3GAL4,281,134,110
ST3GAL5_ATTTGAGCACAGGTATAGCG,ST3GAL5,627,674,644
ST3GAL5_GCTATGGGCAAGCAGTGGAG,ST3GAL5,965,301,95
ST3GAL5_TAAGATATCCCAGGAAGGCC,ST3GAL5,394,25,262
ST3GAL5_CGGGTGTACCATTGCAGGGA,ST3GAL5,798,1277,732
ST3GAL5_ATGCAGATTCCATGCAAGCA,ST3GAL5,2367,927,1199
ST3GAL5_AGTATGCGGACGAAGGCGGC,ST3GAL5,594,105,208
ST3GAL6_AAACCCGCAGCGAAGCCGGC,ST3GAL6,83,13,35
ST3GAL6_GCTGCGGGTTTGCACTGCCC,ST3GAL6,1,0,21
ST3GAL6_ATGGATGACGGCCTGTCCAG,ST3GAL6,1043,249,139
ST3GAL6_AAATCAGCCGCACACAGAAA,ST3GAL6,759,526,429
ST5_ACAGTACACCTCTGGCAACC,ST5,1293,608,1068
ST5_AAGGCCTCACCTTGGGAAAC,ST5,1430,572,646
ST5_GAGGCTGTCTTCATTGAGGC,ST5,577,244,239
ST5_GGATGTGGAGTCCTCAGGAC,ST5,1530,156,235
ST5_GGCGGTCTTGAAGGGACAGG,ST5,37,64,272
ST5_ATACCTTCTTTGTTCCCACG,ST5,603,178,197
ST6GAL1_TAGGCCTCTGAGACTGCCGA,ST6GAL1,100,85,28
ST6GAL1_CATTCACATGGTCCCGGAGG,ST6GAL1,575,27,20
ST6GAL1_ATACATTCACATGGTCCCGG,ST6GAL1,245,83,169
ST6GAL1_AGAATGTCCCATAGCTCCCA,ST6GAL1,572,246,223
ST6GAL1_TCTTCTCATAGAGCAGCGGG,ST6GAL1,177,134,254
ST6GAL1_CAGTGAATGGTCCGGAAGCC,ST6GAL1,1595,295,344
ST6GAL2_TTTGCATCGCAAGGGCAAGG,ST6GAL2,874,176,213
ST6GAL2_CCATGTTCAGGCGCTGCACC,ST6GAL2,530,397,556
ST6GAL2_TTTAACTCTGCTCCTACACG,ST6GAL2,788,100,160
ST6GAL2_CCTCAACTCTTCCTTGGGCG,ST6GAL2,930,93,94
ST6GAL2_TACCTGACCGCCAACAAGCA,ST6GAL2,1589,198,231
ST6GAL2_TTCCGGCTGCACAGGTCCAG,ST6GAL2,960,275,480
ST6GALNAC1_AGACCCTGGATGGTGCCCAC,ST6GALNAC1,573,179,577
ST6GALNAC1_CCTGTGCCGTGGTGGGCAAC,ST6GALNAC1,793,851,1229
ST6GALNAC1_TTGAGCTCCATGAAGCCAAA,ST6GALNAC1,906,199,281
ST6GALNAC1_GGCACAATCATGGAAGAGCC,ST6GALNAC1,104,120,22
ST6GALNAC1_TCTGATGCGGTGCCAAGGCA,ST6GALNAC1,1420,554,189
ST6GALNAC1_ACCTGAGCCAAGGCGTCCAG,ST6GALNAC1,169,91,33
ST6GALNAC2_TGTCAGCAGCATGAGAGCCC,ST6GALNAC2,1004,383,203
ST6GALNAC2_CCAGATTCCAGTAGGAGACG,ST6GALNAC2,1963,537,625
ST6GALNAC2_ATTCTGAATGGGTCCCGCCA,ST6GALNAC2,581,112,126
ST6GALNAC2_AAGGCATCGAATTCTTGGAC,ST6GALNAC2,390,186,145
ST6GALNAC2_AGCCAGAAGAACGACCCGCG,ST6GALNAC2,1096,493,382
ST6GALNAC2_GCCAGAAGAACGACCCGCGC,ST6GALNAC2,448,38,226
ST6GALNAC3_TTACAAGACGCACAACCAGC,ST6GALNAC3,665,216,349
ST6GALNAC3_TCAGATGGTTGGCCAGAAGG,ST6GALNAC3,1261,143,356
ST6GALNAC3_TGCTGAGATATGAGCCAGAC,ST6GALNAC3,1209,345,265
ST6GALNAC3_CTAAATGGGCCAAGAAGCAC,ST6GALNAC3,359,83,51
ST6GALNAC4_GGACGGATGGGCGAACACGA,ST6GALNAC4,344,321,228
ST6GALNAC4_CCACCGCTTCATCACTGAGA,ST6GALNAC4,2299,784,298
ST6GALNAC4_CCTCACACAGCTCCAGCGCG,ST6GALNAC4,382,195,544
ST6GALNAC4_TTGTGTGTGAGACGACACGC,ST6GALNAC4,1561,676,460
ST6GALNAC4_CACTGTCGATCTCAGCACCC,ST6GALNAC4,1356,212,271
ST6GALNAC4_ATCCTCCTGTGCTGCTGGGC,ST6GALNAC4,143,12,173
ST6GALNAC5_GCTGTACACTAGCAACAAGC,ST6GALNAC5,1949,615,1103
ST6GALNAC5_AGGTATCCGTCCAGTGGCCG,ST6GALNAC5,1588,433,219
ST6GALNAC5_ATCATGAAGGCCTTCAGCCG,ST6GALNAC5,1083,176,129
ST6GALNAC5_AATCATGAAGGCCTTCAGCC,ST6GALNAC5,245,71,60
ST6GALNAC5_TCCAACACTTGGCTCAGCAC,ST6GALNAC5,1005,600,501
ST6GALNAC5_ATGTACCTCTCCCATGAGCG,ST6GALNAC5,281,134,231
ST6GALNAC6_ACCACTACTACGAGCCCAAG,ST6GALNAC6,479,109,174
ST6GALNAC6_CCATGCCATAGACATGCACG,ST6GALNAC6,1848,193,211
ST6GALNAC6_CCACGTGCATGTCTATGGCA,ST6GALNAC6,1673,445,386
ST6GALNAC6_TCACACGCACGAGGCTGCCC,ST6GALNAC6,564,145,235
ST6GALNAC6_GCACGCGGAACACACTGGAA,ST6GALNAC6,2592,521,917
ST6GALNAC6_CGCTACCTTGTTGCCGAGAA,ST6GALNAC6,2782,1046,848
ST7_CAGAGAGGAGCGCTGAAACA,ST7,2318,441,928
ST7_TTGCATCTGCGGGACGCAGA,ST7,284,64,54
ST7_TGTGTGCCAGAAGACTCGGG,ST7,981,90,93
ST7_CCTGAGGCTGCATCTCGGCG,ST7,247,123,102
ST7_TCTTGCACACTGGAAGAGAG,ST7,1380,638,402
ST7_GATCCCTTATCCCTTGGAAA,ST7,1056,339,310
ST7L_CTCAAAGCCTGAGGATGCCC,ST7L,395,104,119
ST7L_ATCAGCCGTCTCTGTGCAGC,ST7L,273,3,207
ST7L_TTTAAACAGGCACTCAAGGC,ST7L,1061,375,212
ST7L_TGGTGGTACTTCCATAAGCA,ST7L,1878,591,421
ST7L_CCTCGTTGTGGTTCGTGGCG,ST7L,114,104,37
ST7L_CCTAGCGTCGGGTTTAGGCC,ST7L,381,8,55
ST8SIA1_TGGAGTGAGGTATCTTCACA,ST8SIA1,123,165,202
ST8SIA1_ATCCCAGCATAATTCGGCAA,ST8SIA1,550,171,433
ST8SIA1_AAATGCGCGGTGGTGGGAAA,ST8SIA1,1683,512,862
ST8SIA1_GCCATTGAAGAAATGCGCGG,ST8SIA1,157,81,64
ST8SIA1_CGAGAAAGAGATCGTGCAGG,ST8SIA1,709,291,378
ST8SIA1_GGAAGATGTAGAGCCAACAG,ST8SIA1,787,524,383
ST8SIA2_GACCACGAGCAGCGTGAGCG,ST8SIA2,2,209,273
ST8SIA2_TTGTCTTGCAGGAATTCGGG,ST8SIA2,490,135,99
ST8SIA2_TGTCTCCATTTGGACGAGGC,ST8SIA2,842,56,413
ST8SIA2_GCTGAACAGCGGCTGTGGGC,ST8SIA2,166,31,10
ST8SIA2_ATGCAGTGCGCACGTTGACG,ST8SIA2,2317,394,552
ST8SIA2_CGGCTTCTGGCCCTTTCCGC,ST8SIA2,1692,185,696
ST8SIA3_CGAATGTACATGTTCCACGC,ST8SIA3,2598,265,465
ST8SIA3_CTTCAGCGCAAATTGTGACC,ST8SIA3,847,173,340
ST8SIA3_CATTACGAATTCTCTCACCC,ST8SIA3,888,524,340
ST8SIA3_GAAATAGTGGGATCCTGACA,ST8SIA3,634,26,62
ST8SIA3_ACACTTCAGCAACTGTGACC,ST8SIA3,1514,391,596
ST8SIA3_TCACCTAAACGGCTGAGCAC,ST8SIA3,191,64,96
ST8SIA4_ACTATGTGCTTGACAGGCGC,ST8SIA4,1636,126,133
ST8SIA4_AGCAAGAACTGAGGAGCACC,ST8SIA4,187,97,65
ST8SIA4_AGATGCGCTCCATTAGGAAG,ST8SIA4,1329,350,310
ST8SIA5_CATGGTGTACTTCTCTGAGA,ST8SIA5,940,492,344
ST8SIA5_GAAGAACAGCCGCTGCGGGA,ST8SIA5,16,25,24
ST8SIA5_GACAAAGCTCAAGTATGAGG,ST8SIA5,342,0,7
ST8SIA5_AGTCAGAGCTGTTCGACAGG,ST8SIA5,1113,237,307
ST8SIA5_AACAAATCCCGGTTGGCCGA,ST8SIA5,427,62,47
ST8SIA5_GCAGGCTGGCTTCTTGGGAG,ST8SIA5,984,689,753
ST8SIA6_ACTTGTGATCATCAAGCCGG,ST8SIA6,72,28,126
ST8SIA6_GATCTTTCAGGTACTTGGGA,ST8SIA6,203,113,203
ST8SIA6_CAGAAACCTTTACTCACCAC,ST8SIA6,1464,465,452
ST8SIA6_CTGTACCTGTTAGTGGCGCG,ST8SIA6,894,169,499
ST8SIA6_GGTGGGTGGGTTACCTGGCG,ST8SIA6,171,8,0
STAB1_GACAGCGTGCCCACCAGCCA,STAB1,1159,134,200
STAB1_GGGTACATGAGTGACAAACG,STAB1,668,190,216
STAB1_ACGGAAGTGCCGGAAGCAAG,STAB1,976,257,256
STAB1_CCTGTCCATGCCATCCAAGC,STAB1,1436,342,395
STAB1_CTGTGCTTTGCTGGATACAC,STAB1,2402,641,683
STAB1_ACAGCGCAGCTCCTGGCAGA,STAB1,1926,222,226
STAB2_GACTCCAAGGTTGAGAGCGC,STAB2,875,218,354
STAB2_ATGCCGCCATATTTGTAGGA,STAB2,607,486,283
STAB2_CCTAGAGTGCCCAGGTGGAG,STAB2,912,366,693
STAB2_AGACATACCTGATGAACAGC,STAB2,778,67,197
STAB2_GAGTGCTACTCTGCGTACAC,STAB2,1026,299,228
STAB2_CTTCCCAATTACCGAGGCGA,STAB2,245,360,201
STAC_CCAGCGGTGCATGGGCAAGC,STAC,2749,1253,1020
STAC_CCAGCTTGCCCATGCACCGC,STAC,1866,312,720
STAC_AGGGTCCACCTTATTGCCAC,STAC,357,43,28
STAC_CAGGGAGGTGCCGAAGCGGA,STAC,671,153,355
STAC_CTAAGGAAACGCAGCAACAG,STAC,2775,1642,2695
STAC_TCATTGGGTGTAAGGAACAG,STAC,805,283,380
STAC2_GCTGGTGGATGACTCTAACG,STAC2,1498,357,361
STAC2_CAGCATCCGCAGCTCTGAGG,STAC2,691,359,313
STAC2_CAGGGAGGTGCCATAGCGCA,STAC2,1318,561,188
STAC2_CTGGTGGCGGCTCATGCACC,STAC2,139,66,5
STAC2_CAAGCTCTTACTTCGGAGGA,STAC2,945,281,324
STAC2_CATGACCGAGATGAGCGAGA,STAC2,740,332,256
STAC3_TCGGTTCAAAGCCCTGGAGA,STAC3,650,81,66
STAC3_GAAGAAGACACCTGATGACA,STAC3,646,27,87
STAC3_CCATCATGGCTGCTACAGGC,STAC3,411,179,220
STAC3_CATCCCATCCTACAGCCACC,STAC3,318,64,80
STAC3_GCTAAAGCAGTTACTCAGGA,STAC3,568,279,312
STAC3_CTCTTGCAGGATGACAGAAA,STAC3,485,336,341
STAG1_ATACCTTCCTCTCCTTGAAC,STAG1,1207,90,82
STAG1_GATGTGCCGAGTACACCAAG,STAG1,939,263,172
STAG1_AGTCTGACAAACCCGTCAAA,STAG1,972,300,566
STAG1_TACCTCGACATCCTGAACAC,STAG1,981,412,768
STAG1_GGAATTAGAGGAGCAGGCCG,STAG1,531,125,100
STAG1_GCATAATACATACTGGAGGC,STAG1,230,291,172
STAG2_TCATCACCAACAGAATGGAG,STAG2,938,362,203
STAG2_ATTTCGACATACAAGCACCC,STAG2,331,65,70
STAG2_CAGTCGTAGAGATCCAGAGG,STAG2,1892,361,196
STAG2_AGTCCCACATGCTATCCACA,STAG2,577,518,575
STAG2_CCTCCCGTGGGAAGAGGGAC,STAG2,405,421,267
STAG2_AGCCATCAGATTATGTCAGG,STAG2,969,307,131
STAG3_CTCTGAAGCTTGCCGGGCAC,STAG3,828,434,355
STAG3_CAAGACCCAAGCCGATGACA,STAG3,1414,231,149
STAG3_GGTGAAGCATGCAGAGCCAG,STAG3,3,0,10
STAG3_GGCAGAGAGGCGTTTCAGAG,STAG3,1344,354,601
STAG3_ATGTTGCCAACTCCTGCAGA,STAG3,1026,57,114
STAG3_CTTCATCCAGCCGGGAGACC,STAG3,794,705,648
STAM_AGATGAATACTGCTGAGGAC,STAM,870,83,121
STAM_AAAGTTGGTCAGTCTCGCAC,STAM,549,73,232
STAM_GGATGTGCTTGGATACAAAG,STAM,650,170,379
STAM_AGTGATCCTAACTGGTGGAA,STAM,318,71,176
STAM_AGGTAGGCACCACTTGGAGG,STAM,1237,128,166
STAM_GAAGACTGTAGCTCTGGAGG,STAM,919,124,132
STAM2_CACCCACGTCTTGCTCGAAG,STAM2,2865,598,446
STAMBP_TCCAGAGCGGAAGTACCGAC,STAMBP,690,267,92
STAMBP_ACTAGCGGGCCACCTAGGCC,STAMBP,673,118,197
STAMBP_CTAAGCCACCTGTGGTGGAC,STAMBP,341,366,632
STAMBP_GCCAGTGCCAACACTGCCCG,STAMBP,75,13,22
STAMBP_TTCCTCATACAGGATCAGCA,STAMBP,713,72,296
STAMBP_ATGAAATCCTTTCTGGCGAC,STAMBP,352,167,229
STAMBPL1_AACCAAGCTTGCTTAGGGCA,STAMBPL1,840,237,189
STAMBPL1_GCCACTCTCCTCCTGTAAAC,STAMBPL1,1908,497,747
STAMBPL1_GGGACCAGACTATTGTGACA,STAMBPL1,1338,73,97
STAMBPL1_ATGATCTCCTCACTCTAGGA,STAMBPL1,504,18,68
STAMBPL1_CTATCAACTCATGTTGCCAG,STAMBPL1,1802,197,747
STAMBPL1_TGGTGAGCAAACAATGGCAA,STAMBPL1,1270,314,131
STAP1_TTTCCTGGAAGATCCTGCGA,STAP1,639,99,51
STAP1_TTATACAGTGTCCCGGAAAG,STAP1,1141,837,745
STAP1_CTACTCCATCACTATTCGGC,STAP1,942,137,161
STAP2_TTATCGGCTTCCACGTAGCC,STAP2,446,111,94
STAP2_GGTGCCATTCCTGTTAGACG,STAP2,1246,137,149
STAP2_GCATTACAAGGTGAAGCGGG,STAP2,349,179,25
STAP2_CCCGTTGTGCATCTGCCGCG,STAP2,2011,439,697
STAP2_GGACAGGCGGGACACTCACG,STAP2,177,73,40
STAP2_GAAAGGCTTCATCTTAACGG,STAP2,210,110,72
STAR_CCATTTGCCAGGGCGGAGCA,STAR,1181,235,391
STAR_GACTTCTCCATTTGCCAGGG,STAR,135,11,102
STAR_TACTCACGAGCTGGCTGCCG,STAR,1487,380,513
STAR_TGTGGGCAAGGTGTTCCGGC,STAR,609,186,382
STAR_TCCTTAGCAACCAAGAGGGC,STAR,177,30,37
STAR_GCGACATTCAAGCTGTGCGC,STAR,1267,135,350
STARD10_CGTCATCACCTACCTGGCCC,STARD10,1924,255,375
STARD10_ACGTCGTAGAGTGTCTCGGC,STARD10,128,309,94
STARD10_AGTCTTGGTCATCGGGCACC,STARD10,440,146,81
STARD10_ACACTCTCACGGCCCAGGAC,STARD10,1210,226,130
STARD13_AGTTCCCGACTACAAAGACA,STARD13,699,219,260
STARD13_TCTGGTAAAGGCGACTCCGA,STARD13,302,163,59
STARD13_TGTGGCAGGACGCCATGAGC,STARD13,867,80,137
STARD13_AACTGAGGAGGGTTCCAGCA,STARD13,1588,653,494
STARD13_GCTCTCCTTACAGGATGAGC,STARD13,115,108,35
STARD13_GGAAGAACGTCCGGGAGAGG,STARD13,692,303,416
STARD3_CAGTTCGATGATCCAGAGCA,STARD3,784,694,258
STARD3_CATCCGTAAGAACTTGGAGC,STARD3,538,234,275
STARD3_CAGTCCAGAGAAGCGGAAGA,STARD3,654,363,503
STARD3_ACCAGGTCTCCAACCAGGCG,STARD3,1243,285,209
STARD3_ACAGAGCACCGGAGAACAGC,STARD3,593,116,260
STARD3_TCCTGCTTCCGTCCAGGAGC,STARD3,260,150,337
STARD3NL_ACATGGAGAACGCTCTCACC,STARD3NL,596,251,13
STARD3NL_GGATTGAGTCCTATGAAGGA,STARD3NL,378,88,253
STARD3NL_AAGGCATATCTGATGTCAGG,STARD3NL,666,64,232
STARD3NL_TCACCGCTATTGCCCACCAA,STARD3NL,2341,624,577
STARD3NL_TCCTTGCCTGGATTGAGACG,STARD3NL,411,101,136
STARD3NL_ACCACGTCTCAATCCAGGCA,STARD3NL,497,284,289
STARD4_CTGTCCCAATCCAAACGACA,STARD4,1010,359,446
STARD4_CAATCCAAACGACAAGGCCC,STARD4,96,84,33
STARD5_CGGTATGGAAGAATGTGACC,STARD5,538,268,530
STARD5_GCAGGAAATTATCCTTACCC,STARD5,345,104,160
STARD5_GATGGGACCATCAGTTCCAA,STARD5,257,62,15
STARD5_TTGGAGGCCTACGAGTGAAG,STARD5,1289,351,462
STARD5_GAAGATGCTCCAGTACCGGC,STARD5,1,54,78
STARD5_AGCTCCCGACGCAATGGACC,STARD5,625,381,405
STARD6_CACAGAACTCCATCAAGACG,STARD6,2847,680,633
STARD7_AAGCATACTCAATCCGAGCA,STARD7,852,440,473
STARD7_ATCCAACTAACACAGTAGCG,STARD7,797,268,191
STARD7_GGATGCCCTGGTAATCAAGC,STARD7,651,53,105
STARD7_TGAACATTGAAGAACTGCCG,STARD7,532,101,157
STARD7_CACCTCGGTACTGGTAAAGG,STARD7,942,422,79
STARD7_TCTTCGTTTGGGACGAGGAG,STARD7,65,156,57
STARD8_TTTCTGGTCTTGCTTCAGGA,STARD8,379,138,152
STARD8_CTCAGCCCACCTACCTACAC,STARD8,3092,1512,945
STARD8_AGTTGTCATACGTGCTGGCA,STARD8,757,435,552
STARD8_AGTTCTGGAAGCTATGCCAA,STARD8,474,66,52
STARD8_CAATGCCCAAGTTCATGAGG,STARD8,1524,103,125
STARD8_GGGCCAGTCAGCCTACGACG,STARD8,1561,335,455
STARD9_CTTGGGTTGTGGCAGACGGA,STARD9,592,108,116
STARD9_TGTGGAAGTTGATGGCAAAG,STARD9,2307,745,629
STARD9_CTACTGGTCAGTCAACCCAG,STARD9,1153,287,164
STARD9_CCGTGGTGTCAACCCAACAG,STARD9,2245,775,1006
STARD9_AGTAATCCAACTCTTGGAGG,STARD9,141,32,34
STARD9_TTTCACGATCCACTACACGC,STARD9,549,166,318
STAT1_ACATGCTGGTGGCGGAACCC,STAT1,971,239,622
STAT1_GGTCAATTACCAAACCAGGC,STAT1,48,58,120
STAT1_GGCGGCTGAATTTCGGCACC,STAT1,98,1134,283
STAT1_GGCCGCTGGTCTTGAAGACA,STAT1,1202,349,292
STAT1_CTCCGCAACTATAGTGAACC,STAT1,1677,574,584
STAT1_GCTTGGATCAGCTGCAGAAC,STAT1,1073,1026,606
STAT2_TGCTACAGCGTCTGCTCCAC,STAT2,964,275,403
STAT2_ATCAGAGCTCCCATTGACCA,STAT2,1338,541,329
STAT2_CGATATAAGATCCAGGCCAA,STAT2,684,122,149
STAT2_TCATGTTGCTGGCTCTCCAC,STAT2,879,63,93
STAT2_TGAGTGTGGCCGTTGCAGCC,STAT2,333,468,477
STAT2_TCTGGATTGAAGACCAGAAC,STAT2,698,179,122
STAT3_GGACGCCGGTCTTGATGACG,STAT3,1645,247,384
STAT3_CATCGGCCGGTGCTGTACAA,STAT3,2710,470,666
STAT3_GATCTAGGCAGATGTTGGGC,STAT3,517,30,75
STAT3_GAAACAACCAGTCAGTGACC,STAT3,516,235,190
STAT3_CATTCGACTCTTGCAGGAAG,STAT3,608,498,767
STAT3_CTACAGTGACAGCTTCCCAA,STAT3,1693,715,550
STAT4_AGAGCTGTAGTGTTTACCGA,STAT4,199,272,301
STAT4_TCGGAGGAATAACTTTCACC,STAT4,660,127,87
STAT4_AGTTGACTCAATGTGGCAGG,STAT4,936,68,92
STAT4_ATTTCCTTTACCTCCAGCAC,STAT4,273,91,77
STAT4_GGCTCGACCAGCTTCAGAAC,STAT4,1476,636,479
STAT4_TTCGGCATCTGTTGGCCCAA,STAT4,1312,254,368
STAT5A_TCGCCCTAGGTGAACGGCCA,STAT5A,1035,225,323
STAT5A_TCCCAGCCGGAGAGCTGCAC,STAT5A,364,234,241
STAT5A_ATCAAGCGTGCTGACCGGCG,STAT5A,1187,256,191
STAT5A_CCGTGGACGATGACAACCAC,STAT5A,793,230,372
STAT5A_CTCAGGAGAACTTGCCGGGC,STAT5A,798,323,158
STAT5A_TGCTCATCAACAAGCCCGAC,STAT5A,1993,551,535
STAT5B_GACTCAGTCCTTGACACCGA,STAT5B,523,173,114
STAT5B_GCGGTCGGCTAGGGACCGAA,STAT5B,81,11,34
STAT5B_ACCAGGAGAATTTACCAGGA,STAT5B,398,78,169
STAT5B_GGTGATCGTTCATGGCAGCC,STAT5B,152,18,0
STAT5B_TCTGGGACATGGCATCAGCA,STAT5B,784,417,561
STAT5B_AGCTTGTATCCACACAGCCA,STAT5B,1136,152,136
STAT6_GCCAGCTTCACACTTGGCCC,STAT6,0,0,22
STAT6_TCCGCTGGTCAGGGCCGACA,STAT6,1415,277,618
STAT6_TCCTGAGAACCCTCGTCACC,STAT6,221,139,221
STAT6_TAGCCCAACCTCTCCTGGAG,STAT6,1019,117,158
STAT6_CCGAGAAGCCCTGCAGAAGG,STAT6,1228,137,105
STAT6_ACTAGCCAAGTTGCAGCAGA,STAT6,945,61,216
STATH_GGGAGCTGATTCATCTGAAG,STATH,1035,125,52
STAU1_CCACATCCTTGCCGATACCA,STAU1,1818,142,216
STAU1_CACGAGACCCTCTGAGCAAC,STAU1,886,407,801
STAU1_CCTGCGGGACTTTGAAACCA,STAU1,2237,490,441
STAU1_CCGACTGGCCCAGATCCAGC,STAU1,1152,301,288
STAU1_TACTCGTTCAACTGCAGGCA,STAU1,184,40,64
STAU1_CCCGGGCCACCTGTTTCAGA,STAU1,567,220,225
STAU2_AGTCCTGAGCGATGGAGCCC,STAU2,666,60,56
STAU2_TCCTGAGCGATGGAGCCCGG,STAU2,322,95,115
STAU2_CCGGACCAGAATATGGCCAA,STAU2,633,256,330
STC1_GATGTGCGTTTGATGTGGGA,STC1,191,18,53
STC1_CACCTCGGAGGTTCCTGAGG,STC1,983,40,96
STC1_ATGTGTGCAGCATCGCCAAG,STC1,965,322,337
STC1_TGGAGCACCTCCGAATGGCG,STC1,3461,1149,1043
STC1_TTTAGCAGCGCTGTACAAGA,STC1,639,394,293
STC1_CATCCCATCTGTGTCACAGG,STC1,1827,166,359
STC2_TCCCACTCGCTGCTTCCGGA,STC2,1363,108,138
STC2_GAGACTGGCCGAGGTGCCAA,STC2,28,26,11
STC2_GATCATCTCCACTATCACCC,STC2,553,15,125
STC2_ACAGGTTCGGCTGCATAAGC,STC2,1344,432,480
STC2_CAGCACTGTTTGGTCAACGC,STC2,1927,460,614
STC2_AACCATGTGTGCCGAGCGGC,STC2,304,148,487
STEAP1B_TAAACTGGCCAAGACACAAC,STEAP1B,996,200,277
STEAP2_ACTGTAGGTGTGATTGGAAG,STEAP2,872,466,559
STEAP2_GCAGATGTCTCAGGTCCCAC,STEAP2,507,121,417
STEAP2_ACCTAAGGATGCCAGCCGGC,STEAP2,207,11,187
STEAP2_CAATATTCAAGCGCGACAAC,STEAP2,1405,512,726
STEAP2_TGTAACCAGGTTTCCAACCA,STEAP2,1379,316,572
STEAP2_GGATAGAAGTGACTGCCAGG,STEAP2,667,48,73
STEAP3_CAGACTTACCAACAGCAGGC,STEAP3,2242,388,345
STEAP3_TACTATCGCTGTCCACCAGG,STEAP3,406,500,214
STEAP3_CCCAAGGGATGGTAACAGGC,STEAP3,587,485,287
STEAP3_GCTTGACTGCCAGGTTGACC,STEAP3,262,248,226
STEAP3_CAGCAGGGACAACGTGCCGA,STEAP3,421,77,143
STEAP3_AGCGGCTCTCCTCGAAGGCG,STEAP3,1544,269,367
STEAP4_TCAGCCCTTCAAATCTCAGA,STEAP4,62,317,288
STEAP4_TCTCTTCCCACCGTACACCA,STEAP4,1493,441,551
STEAP4_GGGAAACTTAACCGTTACCC,STEAP4,62,26,85
STEAP4_GCTTTCGGCAAAGCATCCAG,STEAP4,63,12,142
STEAP4_TTTGGTGCCAGGAGCCCACG,STEAP4,192,90,123
STEAP4_AAGACCACCCTACTGCCCAG,STEAP4,724,121,143
STH_CAGATGAACTCAGGGTCAAC,STH,1301,336,197
STH_GCTGTAAGAACTGGGCCAAA,STH,1014,433,232
STH_GGACAGTTCTGGCCCTGAAA,STH,940,371,526
STH_ACCTCATGCCAAGTGTAGAA,STH,893,237,465
STIL_TTGCTATCTGCATTGTCGGG,STIL,498,104,110
STIL_CACATAACGTGGATCACGCC,STIL,525,220,202
STIL_TGCTTACACTTTCTGCCAGC,STIL,164,110,231
STIL_AATGCATTACAGTACAGGGC,STIL,541,42,0
STIL_ATGACGATAAGCAAGTCGGA,STIL,85,4,0
STIL_CTTTGGAACCCAACGCCAAC,STIL,905,321,438
STIM1_TCTGAGGAGTCCACTGCAGC,STIM1,1004,149,306
STIM1_CTGATGGACGATGATGCCAA,STIM1,1262,476,615
STIM1_TGATGAGCTTATCCTCACCA,STIM1,771,376,311
STIM1_CAATTGGACCGTGGATGAGG,STIM1,858,94,493
STIM1_TACTCTTTGCCTCAACAGGC,STIM1,357,27,78
STIM1_CCGCACAGTGGAGGTGGAGA,STIM1,1616,53,188
STIM2_AGCCGGGATCAGAGCTCCGG,STIM2,371,83,270
STIM2_TAGACGTCAGTATGCAGAAC,STIM2,1790,316,357
STIM2_TTCCTTCTTCTAGGTTCGCA,STIM2,309,38,145
STIM2_CCTCCAGCAATTGGATAGGG,STIM2,398,65,121
STIM2_TGCTGCGGCGTGAACGGCAC,STIM2,807,142,58
STIM2_CCCTAGAGGATTCCTCCCGA,STIM2,737,239,281
STIP1_TTCTGAAGGCGGTTCCGACA,STIP1,1688,196,390
STIP1_ACTGCCAATCGTAGCCGCGC,STIP1,96,243,245
STIP1_ACCGCGCTGCGCTATGGAGC,STIP1,681,644,584
STIP1_AGCCAAGCGAACCTATGAGG,STIP1,1065,1268,922
STIP1_ACTTACGTGCCCAGGTCAGA,STIP1,426,93,134
STIP1_CGGCGTCCACTTACGTGCCC,STIP1,654,126,98
STK10_AGCAGCCAACAGATCTCAAA,STK10,484,360,281
STK10_GGAAGAGATCGAAGACGGCC,STK10,263,16,127
STK10_GATCTTTAGCAGGACCCGCA,STK10,152,239,305
STK10_CCTCGAGGGAGACATCAGGC,STK10,882,178,52
STK10_CTGGGAGCCTACTATCACGA,STK10,3005,459,850
STK10_TTCTCTTCTCGAAGGTAGAC,STK10,777,206,175
STK11_CAGCTGGGCATGTTCACGGA,STK11,1153,170,210
STK11_TGCACAAGGACATCAAGCCG,STK11,1648,322,451
STK11_CACCTTCTCCGGCTTCAAGG,STK11,824,0,51
STK11_TGTTTGAGAACATCGGGAAG,STK11,616,56,56
STK11_AGGGATGCTTGAGTACGAAC,STK11,935,19,14
STK11_CCACAGTCATGCTGCGCCAC,STK11,1601,310,282
STK11IP_CCCTGTTGTGGAAGCTCGCG,STK11IP,685,376,431
STK11IP_CCACGTATTTGAGCTGCACC,STK11IP,1456,234,458
STK11IP_CACCAGGGAGCTGTCTAAGG,STK11IP,1638,734,563
STK11IP_AGTAGCAGCATCCCTGGCCC,STK11IP,287,146,39
STK11IP_TCAGTTCCTTCTCGATGGCA,STK11IP,909,307,388
STK16_GAGAGCAGACACACAGCGCG,STK16,918,162,388
STK16_GGCCATGGTCATCTCCCACA,STK16,362,204,204
STK16_GACAGTAAGCCACGAGGCGA,STK16,137,47,56
STK16_TGGCTTACTGTCTGAGGGAA,STK16,2555,474,693
STK16_GCTTACTGTCTGAGGGAACG,STK16,1625,409,521
STK17A_GAAGGGCTCGGTGCGCACCA,STK17A,747,70,303
STK17A_AGGCTGTAGCCGTCCTGGAA,STK17A,1874,587,479
STK17A_AATACTGCTCTGTGTCAACC,STK17A,1068,450,423
STK17A_TCAAGAGCCTTCTTTCAGGA,STK17A,2343,1254,983
STK17B_TATCCCAGAGGATAGCAGCA,STK17B,915,205,136
STK17B_CAGCCAACTCAGGTAAACAC,STK17B,2128,815,792
STK17B_AATCACCTAACATGTCGAGG,STK17B,1555,306,468
STK19_GGGAGGTGTGAGCTTCACGA,STK19,800,427,316
STK19_CGCGGATTGGCTCCCTCCAA,STK19,1866,114,226
STK19_CCTGGTCTAGGAGGGACGCC,STK19,430,164,85
STK19_TGGTCTAGGAGGGACGCCCG,STK19,787,250,334
STK19_CTCATGCAGCTGTTCCCGCG,STK19,2749,505,1004
STK19_CATCCAAGTCGAAGCCCAGC,STK19,593,53,97
STK24_CCCTCCAGGATGAGGTAGAG,STK24,1737,1195,1394
STK25_CATCCTCTTCAGTGATGGCG,STK25,290,173,21
STK25_TCATCGACCGCTATAAGCGC,STK25,291,245,417
STK25_AGCCATCGAGCTGGCCAAGG,STK25,1857,546,289
STK25_AACGTGCTACTCTCGGAGCA,STK25,2208,685,687
STK25_GGCCCTTCAGAATCTCCCGC,STK25,304,119,150
STK25_AAGCTCGACCGCATTGGCAA,STK25,1539,491,445
STK3_TGCATCCATCGCATCCAGAA,STK3,2151,1293,963
STK3_CACAAGCACGATGAGTGAAG,STK3,816,504,339
STK3_CATCGTGCTTGTGGCCCGCA,STK3,707,409,694
STK3_ACAGCAACGAGAATTGGAAG,STK3,1695,665,709
STK3_ATTCGTTACCTCTTAGGCGC,STK3,172,26,74
STK3_CGTTACCTCTTAGGCGCCGG,STK3,774,66,62
STK31_AAGCTCTAGAAGAGTGACCC,STK31,202,50,203
STK31_CGTGACTTGCCTGATCAAAC,STK31,2875,1341,1813
STK31_TTCCTGAGAACAAGTTGACC,STK31,567,52,13
STK31_TTTAGGGTCTAACGTCAGCC,STK31,676,177,112
STK31_GGTCATGAAAGGTGTTGCCC,STK31,0,13,11
STK31_TATGCAATGTATGCAGACCC,STK31,221,42,78
STK32A_GGTCTGGGCAGATTCAACCA,STK32A,1038,135,188
STK32A_ACATTGCTGCGATGCTGCCC,STK32A,55,51,28
STK32A_TTCATATGCCGTCACTCCCA,STK32A,1020,300,276
STK32A_ATATGAACTGCTGAGAGGCC,STK32A,234,182,284
STK32A_CAACTGTCTTCCTTGCAGAA,STK32A,1077,1143,840
STK32A_GAACAAACCAAAGACCCACA,STK32A,259,67,172
STK32B_AGCAACGGCGGAATATGGGC,STK32B,541,18,144
STK32B_ACACTCACCACAGATTGACC,STK32B,928,384,267
STK32B_CTGTGAGCTGGCACTGGCCC,STK32B,1702,510,739
STK32B_GCTTACCGTGTTCATCCAGC,STK32B,458,103,216
STK32B_CGGTAGTGAAAGGAGCAGAA,STK32B,1747,678,794
STK32B_GATACTCGTACCCTGTCGAC,STK32B,7,150,50
STK32C_GAGGCTGTACATCTGCGAGA,STK32C,797,281,270
STK32C_CCGCAACGTCTTCCGGGAGC,STK32C,602,234,202
STK32C_GATCCTTCGGGCCATTGGGA,STK32C,547,56,144
STK32C_AAAGCCTCCCGACTGTGCGA,STK32C,456,93,26
STK32C_GCCGGTGTTTGACGACAAGG,STK32C,572,89,132
STK32C_CTCTGGACGGAGGAGTGAGG,STK32C,689,19,82
STK33_TTTGGTTCTGGACAGGGCGC,STK33,600,85,224
STK33_ACAGGGCGCCGGATTTAGCA,STK33,842,428,380
STK35_ACATAAGCTGCACCTCCCGC,STK35,903,490,480
STK35_AGAAGGATCCGCTACACGCC,STK35,596,192,309
STK35_GAGTGCGTCCTGCAGCGCAA,STK35,536,339,472
STK35_TGTTGCCGTGACTCATGCGC,STK35,950,211,627
STK35_CATGTAGAAGTCCGAACCGC,STK35,1119,364,147
STK35_TGGGTCCCGAGGAATCGACC,STK35,623,151,139
STK36_CTCCAATCATCTCCAACACG,STK36,5349,972,964
STK36_AACATCCTCCTCGCCAAGGG,STK36,1591,442,1015
STK36_ACTCTATATGTCTCCAGAGC,STK36,842,286,190
STK36_CTATAAACGCATGGCTGAGG,STK36,1584,133,277
STK36_AGCTGGGCTAAATCAGGGAC,STK36,1100,285,385
STK36_GAGCACTGATGTAGTGGACC,STK36,246,75,73
STK38_CTTTGAGGGCCTGACTGCAA,STK38,1086,257,273
STK38_TTCCCATTCACAGCAGAACC,STK38,2146,992,1085
STK38_CCTGAGGTGTTCATGCAGAC,STK38,2149,1436,1404
STK38_CCGCACGAATGTGGCCAACC,STK38,4386,656,902
STK38_GAGATCAGCACATGCTCGGA,STK38,161,174,102
STK38_TGTTGAGCCTGTCATTGCCA,STK38,244,372,328
STK38L_GGTATGGTTGCTCATAGGAA,STK38L,160,73,26
STK38L_CAGAGTTCTTACGGCTCAAA,STK38L,1429,651,711
STK38L_CCCGATGGATGAAACCCAAC,STK38L,1447,473,630
STK38L_CCAGAAGTATTCATGCAGAC,STK38L,3534,1527,1216
STK38L_AACTCTGGTATTTCCTCCAG,STK38L,401,31,105
STK38L_TTTGAAGGGTTGACTCAACG,STK38L,531,323,139
STK39_CCTGAGAGTCGTGCACAGAG,STK39,2683,736,859
STK39_GGAGTGGAGTGACGACGAGA,STK39,426,33,174
STK39_ATCCACCCACTTTGGAAACA,STK39,2021,653,863
STK39_AGTGCGTTCCTAGCAACAGG,STK39,186,13,50
STK39_AATAGGTCACTACGTTGGGA,STK39,89,32,90
STK39_AGCATCATGGCGGAGCCGAG,STK39,426,83,61
STK4_TGCTGGCAGCGCCATGGAGA,STK4,1373,217,277
STK4_ATACACCGAGATATCAAGGC,STK4,772,85,152
STK4_GGATGTGAAACTGAAACGCC,STK4,600,107,61
STK4_TCGAGCAGTGGGTGATGAGA,STK4,993,331,537
STK4_AGAAAGCGTATCTACACAGC,STK4,448,244,287
STK4_GGCAGAAGTACCAGTCCAAG,STK4,912,51,268
STK40_GAAGCATCTGGTGAGCGAGG,STK40,374,55,91
STK40_GGAACATGGTGCTCAACAAG,STK40,1276,350,320
STK40_CTTCTACGACGTGGTCCGCG,STK40,501,148,202
STK40_GAGAGCCAGGAAGAGCGGCA,STK40,277,38,122
STK40_CACTGCACTATGCTTGGCAC,STK40,1270,460,479
STK40_AAGCGGAGAGCATCAGACAG,STK40,2300,490,280
STMN1_CAGCTTCAGTCTCGTCAGCA,STMN1,984,677,1038
STMN1_ACTGGAACGTTTGCGAGAGA,STMN1,980,353,257
STMN1_AGACCTCAGCTTCATGGGAC,STMN1,889,442,379
STMN1_AGCTGCAGAAGAAAGACGCA,STMN1,671,510,430
STMN2_CGAGCGAGAAGTCCTTCAGA,STMN2,521,167,157
STMN2_TTCAGCCAGACAGTTCAACC,STMN2,3662,874,712
STMN3_CTACAAGATGGAGCTCAGCA,STMN3,1807,1126,1035
STMN3_GGAGAAGCTCAACTACAAGA,STMN3,268,138,181
STMN3_CTGGTCTTGCCCTGCAGACA,STMN3,965,437,298
STMN3_AATACCGTCTACCAGTACGG,STMN3,198,5,58
STMN3_ACCGGAAATGGTGCTGGCCA,STMN3,515,170,391
STMN4_TTTCCAGGACAAGCACGCCG,STMN4,984,494,514
STMN4_TCCTCCCTGAGATGATCAGC,STMN4,474,80,25
STMN4_AGGAAACTCCTCTCTAGCCA,STMN4,376,374,157
STMN4_AGCGGCTGAGGAGCGAAGGA,STMN4,134,136,108
STMN4_TAGAAGCGGCTGAGGAGCGA,STMN4,82,332,292
STMN4_GACTTCAAAGGATTGGCCCG,STMN4,305,24,189
STMND1_ACGTGTACGCGCGCCCAAGA,STMND1,1607,826,853
STMND1_CGTGTACGCGCGCCCAAGAA,STMND1,1001,239,250
STMND1_TCAGAGCAGCTTCCATCCGG,STMND1,980,215,329
STMND1_GCTTCTCAGTCGTAGTCAAC,STMND1,625,261,263
STMND1_GCCGAGGTTGCATTTGCCAA,STMND1,468,422,526
STOM_CCATAGGTTATTGCAGCCGA,STOM,1214,273,157
STOM_AGAAGCAGAAGCGTCCCGCG,STOM,768,246,324
STOM_AATTGCACACAACATGCAGG,STOM,533,137,523
STOM_GGTGATATTTGCCACAGCCA,STOM,223,154,97
STOM_CTAGAATCCCAGTACTGACC,STOM,1700,443,348
STOM_TGGCCGAGAAGCGGCACACA,STOM,485,172,156
STOML1_CCGCAGCTCTCTGCATAGCA,STOML1,1577,861,646
STOML1_AGGCTGCTTCGGACTGGACC,STOML1,417,524,572
STOML1_TCAACGATGTGACCAGGGCC,STOML1,1914,184,149
STOML1_AGCCCAGAACGCCATGACCA,STOML1,925,765,444
STOML1_GCGGATGATTGTGTTCCGCC,STOML1,107,0,0
STOML1_CGAAGCTCGACTGCTGGAAG,STOML1,3641,883,805
STOML2_TGCAGTTCTGGCGAAGGCCA,STOML2,291,83,56
STOML2_CGGCCATCAATGTGGCAGAA,STOML2,2618,844,1534
STOML2_AGAGTCTATGCAGATGCAGG,STOML2,662,117,8
STOML2_TGTAAGGGTCCATGATGCGC,STOML2,824,219,95
STOML2_ATCGGATCCGGTCTAACACA,STOML2,721,190,170
STOML2_AATCCAGAGGAGGCGCGGCG,STOML2,1499,270,280
STOML3_CTTGGCTCTCGCTTCCCGGG,STOML3,302,313,244
STOML3_TGATTTCCACTCGGGCCACC,STOML3,51,131,267
STOML3_TTGCAACATTCCTCCACAAG,STOML3,3207,477,793
STOML3_CAGCTTGGATGCGTCCCAGA,STOML3,225,223,299
STOML3_AAGGGCTTGATGAACTCCAG,STOML3,467,180,45
STON1_TGAGTGGTCACTGGGTAACA,STON1,986,563,622
STON1_ATATGATGTCTTCCCGGCAA,STON1,606,179,268
STON1_TTGATCCACTGCGATGGGAC,STON1,1343,293,701
STON1_TCTGGAGGTTCATGGTCCAA,STON1,784,203,44
STON2_TGCTTCTTTGGAAGTTCCAC,STON2,724,30,106
STON2_CCTTGAACTCGGCTCTGACC,STON2,335,237,39
STON2_ACCATTCCGTGAGTTCAAGC,STON2,663,248,470
STON2_CTCTGACTTCTGAGAGCAGC,STON2,65,281,324
STON2_AGTTTGAAGATGACACACCC,STON2,671,185,302
STON2_TCCTTACCCTGCGAGTGGGC,STON2,69,54,117
STOX1_AGCTCAGATTGTAGTAACGC,STOX1,916,347,654
STOX1_TCAGCCAGGAAGCATTAGAC,STOX1,888,360,224
STOX1_ACCCAGCCAGACTGGACCAA,STOX1,1080,193,29
STOX1_CTTAAAGGGTTCACGCCAAC,STOX1,424,251,641
STOX1_GACCGAGTACAACAGCACAA,STOX1,1417,992,448
STOX2_TAGCTCGGATTTCTCGGACC,STOX2,896,379,136
STOX2_ACCTCATGCGGTCCGAGGCC,STOX2,559,195,131
STOX2_CTCGTTACCTGGGAAGCACG,STOX2,1305,920,538
STOX2_TAGGATGGCAAACTCTCGGG,STOX2,197,49,184
STOX2_TTCAGCCCGGCTCGACAGCA,STOX2,3145,653,789
STOX2_CATGGGCCGGGCTCAAAGCG,STOX2,508,338,320
STPG1_GCAGTCCTTCCTCTACAACG,STPG1,591,521,474
STPG1_TACTGACCAGGACCTGGGAA,STPG1,364,243,115
STPG1_ACGTCAACAGGCCCGGGACC,STPG1,1453,351,572
STPG1_TATTTGGCGACTGCTTCACA,STPG1,578,180,203
STPG1_AACAACGTCTGTACTCGAGC,STPG1,1481,126,294
STPG1_CAGAATGATATCCCAGGACC,STPG1,1129,187,280
STPG2_TTAGCCACTAAACTACGAGG,STPG2,430,38,17
STPG2_TCATTATATGTGCCAGGAGC,STPG2,438,172,177
STPG2_ATATCATACTGTCCTGGACC,STPG2,743,74,31
STPG2_CCAAGTGTACTGTCACAAGC,STPG2,1424,911,1057
STPG2_CACCTTCAGCCAATTTGAGC,STPG2,829,317,539
STPG2_CTTCAGCCAATTTGAGCAGG,STPG2,926,444,737
STRA13_ACTTCTAGGGATCTCAGCCG,STRA13,974,64,176
STRA13_CCGTGTGGACGTGGACCAGC,STRA13,640,373,613
STRA13_TTCCGGATGCTGTGCCCGGA,STRA13,146,112,71
STRA13_CCTTCTAGGAGCTGGTGAGC,STRA13,982,165,157
STRA13_GGCCCTCACCTTCCGGAAGC,STRA13,411,52,104
STRA13_AGCTGGATCCGGCTTCCGGA,STRA13,469,8,75
STRA6_TGCAGCTGTGTGGCCAGCCG,STRA6,554,584,908
STRA6_GGTACAAACCTGGGCAGGCC,STRA6,0,122,78
STRA6_GAACACAGGTCCCACTGCCC,STRA6,330,0,13
STRA6_GAATGTCGTCCCAGCCAGCA,STRA6,2105,1451,831
STRA6_ACCAGTGCGATGGGCGGGAA,STRA6,664,147,189
STRA6_TGCCTGATGAATTGCCAGAG,STRA6,1730,224,550
STRA8_AGCATCGGGTGGCCCGGAGA,STRA8,1011,218,419
STRA8_CCCAATAGCATCCTTCAACC,STRA8,3688,851,1028
STRA8_TGCCTCAGTTGGGCACCAAG,STRA8,495,377,257
STRA8_CTGCCTCAGTTGGGCACCAA,STRA8,418,117,149
STRA8_CCTCCGAGAGGTTCTGCCAC,STRA8,709,13,190
STRA8_CGTGGAGACCAGCGAGCAGC,STRA8,752,283,180
STRADA_ACAGTGTCAAGGTTCTGCCG,STRADA,782,189,321
STRADA_ACCACATGGGATATGTACAC,STRADA,1665,659,148
STRADA_GATATGGCACGATATTGGGA,STRADA,170,18,0
STRADA_CTAGCAAGGTACAAACCAAC,STRADA,1546,563,329
STRADA_CATGAGTAGCTTTCTGCCAG,STRADA,1220,55,464
STRADA_TTTCTCCGAGTGTCACCCGG,STRADA,513,148,100
STRAP_CCTAGACTCTCGGGACAACA,STRAP,2059,684,936
STRBP_TGTAATAGACCTTTGGGCGC,STRBP,586,178,193
STRBP_ACAAATCACGCAGAATGCGG,STRBP,233,118,219
STRBP_GGCATGTCGAAGAGACGCCA,STRBP,7,104,53
STRBP_TAGGGACGAATTGGAGAAGA,STRBP,337,100,99
STRBP_TGGTGTAATGAGGATTGGCC,STRBP,799,402,285
STRBP_GCTTCAAGTTCCTCCGGAGA,STRBP,1119,116,409
STRIP1_TGACCTCTGAGTCTTTGCGC,STRIP1,1265,36,108
STRIP1_CTATTCGGAGTCACCAGACC,STRIP1,1086,127,349
STRIP1_AGACAAGAAGTGGACTGAGC,STRIP1,374,160,78
STRIP1_TGAACGTGCCCACCTCCAGG,STRIP1,492,58,0
STRIP1_CCAAACAGCATGATGGCAAA,STRIP1,3463,649,847
STRIP1_ATGCTGTCCTCAGGAAGCGG,STRIP1,1478,16,24
STRIP2_AAGCGTTCCGAAGCCAGCGG,STRIP2,936,231,301
STRIP2_AACGGCGGCTGAAGGTGGCC,STRIP2,107,13,0
STRIP2_CATGTGGAGTAGCTCCAGGA,STRIP2,934,212,300
STRIP2_GAAGGGCACTGCTACAGGCC,STRIP2,175,142,224
STRIP2_CATAACACTCAGCAGCACCC,STRIP2,929,450,392
STRIP2_CCCAGGTCAAGAGTGTAAGA,STRIP2,2561,600,596
STRN_CAGAGTGCCATCTGCTGAAC,STRN,1850,664,801
STRN_CTGATGGACTGATCCAGGGC,STRN,1394,244,207
STRN_TGAAGCCCTTGAAAGTGAAC,STRN,1251,432,448
STRN_TGAAGCCTGGAATGTGGACC,STRN,1206,288,336
STRN_GAATCTAGAAGTGCAGGCGA,STRN,102,120,125
STRN_GAGCCCAGTACAGTCTCCCG,STRN,446,46,34
STRN3_AATGACTTGCCTCCTCCAGA,STRN3,13,1,18
STRN3_CTCAGAATAGCCAGTTAACG,STRN3,4816,400,823
STRN3_TATGGCACGGAACTGAACCA,STRN3,530,42,38
STRN3_AGGTCAAGAGAACCTGAAGA,STRN3,878,90,88
STRN3_GGATAGTGTACTGCTGCGGC,STRN3,1050,35,67
STRN4_AGGAACGCGGCAGGCAAAGA,STRN4,1425,430,341
STRN4_GCCGCTCGCTGGAGCTCAAC,STRN4,1590,603,326
STRN4_GCCCGTTGGTGTGGAAGGAG,STRN4,1331,244,169
STRN4_TTGGGACAGACCTGAACCAG,STRN4,1446,157,110
STRN4_TGGCCTTCCTTCAGGGAGAG,STRN4,1631,546,686
STRN4_CTCCATGATGGAGGAGCGAG,STRN4,58,25,79
STS_CGAGGTCGTCAGCCATCACC,STS,1388,164,571
STS_AGGAGGTTACCTGATCGGAC,STS,230,103,152
STS_TGAAGCCGTGATGTAAAGGG,STS,720,693,303
STS_CCAATCTCAGCTCATCCAGA,STS,716,233,208
STS_TGATGAGCCCACTAGCAACA,STS,1882,1128,974
STS_CTGATCGGGCACCTCTGGCA,STS,1634,445,339
STT3A_GCGATTGTCCTATGAGAAGC,STT3A,1278,296,269
STT3A_AGCAAACAGACGAGTGGAGA,STT3A,1261,146,85
STT3A_CCTCCAATGATTCGTCCCAA,STT3A,632,65,245
STT3A_GGTAAGGTGGTACGTGACGA,STT3A,231,58,48
STT3A_TGGATCAAGGCAGTAAAGAC,STT3A,743,88,229
STT3A_CATAGATCCGGTGAGAGAAA,STT3A,1196,145,151
STT3B_CGAAGCGGATGACGGCGAAG,STT3B,1030,40,50
STT3B_GAACTTTGGAACCAAGGAGC,STT3B,285,81,101
STT3B_ATTGGCTGGAATCCCACAAA,STT3B,606,117,180
STT3B_CTTGTATGTACCTTCCCAGC,STT3B,684,24,66
STT3B_GCAGACAGCATACACACGAC,STT3B,2249,317,237
STT3B_CATCATGATTGTATGAGGCC,STT3B,777,105,150
STUB1_GCGCAGGAGCTCAAGGAGCA,STUB1,715,73,168
STUB1_CCGAAAGTACCCGGAGGCGG,STUB1,31,26,0
STUB1_ACCTCGCTGCAGATTGGCGA,STUB1,616,43,14
STUB1_TGAGGAGCGGCGCATCCACC,STUB1,121,8,49
STUB1_GAGTGCCAGCGAAACCACGA,STUB1,299,65,29
STUB1_GAGCCGTGCATCACGCCCAG,STUB1,115,22,0
STX10_CGTTCCCAGACCGCCGACAG,STX10,1628,282,724
STX10_CACCCAGTCCCGCATGGACG,STX10,1529,273,603
STX10_TGGAGAAGAGCTGGACGAGC,STX10,911,417,484
STX10_AGACTGCGCTGGCATCCAGC,STX10,261,125,45
STX10_CGTATAGTGGAAGCCAACCC,STX10,2498,636,416
STX10_TGCCCGCAGCGAGGTGCAGA,STX10,1007,429,187
STX11_GGCCTTGATGGCCTTGGCGA,STX11,299,94,140
STX11_GATCCGCATCCAGCGCCAGC,STX11,295,5,51
STX11_GCTCTCGATCTCGTTGAGGG,STX11,737,111,1033
STX11_ACACGAGCTCTTCTTGCAGA,STX11,531,548,359
STX11_GACGGTCGACTACACCGGCC,STX11,0,113,0
STX11_GCCGGCCTGCTACTTGAGGC,STX11,1258,475,461
STX12_CTTAGACATGTACCGGAACC,STX12,1858,402,477
STX12_TAGACATGTACCGGAACCCG,STX12,1315,80,121
STX12_CTCCACAAATCAGCTCGCCA,STX12,1836,198,213
STX12_AGTATTGCCAGAGCAAGAGC,STX12,10,95,140
STX12_TGAGGTGGCCATCACTGAGC,STX12,420,81,59
STX12_GCCATGATGATCCATGACCA,STX12,1322,341,417
STX16_GGGTCGCAAAGGGTGAGACA,STX16,284,196,409
STX16_GAAAGCGTCGGTTAAACGCC,STX16,351,29,89
STX16_CCATCCACCCACTTAGGAGG,STX16,2329,502,383
STX16_CAGCCCGTTCACGTACCCGA,STX16,1404,237,366
STX16_ATCGAGACTTCACGCCAACG,STX16,2635,682,576
STX17_ATCGTGGGAAACCTTAGAAG,STX17,1879,173,248
STX17_CCTTTGCATCTAGTCTCAGC,STX17,695,224,104
STX17_CCTCCTTGCAGGCTTCAAAG,STX17,1275,767,683
STX18_AGCTCACCACTTCGCGGGCC,STX18,802,24,0
STX18_AGAAGTCGCCCTTGGGCCGG,STX18,450,2,19
STX19_ATCCTTGTGACCACTGAAGA,STX19,550,360,277
STX1A_TGGAGGCGATGACGATGCCC,STX1A,476,1,108
STX1A_GGCCGTGTCTGACACCAAGA,STX1A,900,231,186
STX1A_CGTGTCGGGCAGAAAGGGCG,STX1A,1148,247,456
STX1A_GCTGCAAAGGCCGCATCCAG,STX1A,839,92,169
STX1A_CCTGAGGATCCGGAAGACAC,STX1A,1095,121,275
STX1A_GGATGAGTTCTTTGAGCAGG,STX1A,891,286,108
STX1B_TGACCGCATCGAGTACAACG,STX1B,2027,514,493
STX1B_GGACTCACAGATGACGAAGC,STX1B,1000,249,317
STX1B_GACCACCACCAACGAAGAAC,STX1B,551,414,123
STX1B_ACCGGGACCGCTGCAAGGAC,STX1B,1672,322,421
STX1B_CGAGCAAAGCATTGAACAGG,STX1B,2144,213,409
STX1B_TGAAGTGGTCCCGATCCACG,STX1B,1239,145,44
STX2_GCATGAGATGTTCATGGACA,STX2,741,190,168
STX2_TCACAAGGACATCATGAAGC,STX2,1177,458,331
STX2_ACTCACGTCGGAAGTGAAGA,STX2,217,94,85
STX2_TCGGAAGTTTGTGGAAGCCA,STX2,1234,124,232
STX2_TCTTCGGATACGAAGAACCC,STX2,164,17,28
STX2_CTTTCTGCACCAAACCCGGA,STX2,1015,106,138
STX3_CCTGGGATTTCCGAATCCGA,STX3,861,282,206
STX3_CCTCCACAAACTTCCGAGAA,STX3,621,82,82
STX3_GATGTTGGAGAGTGGCAACC,STX3,448,331,286
STX3_TGAGATTGAGGGACGACACA,STX3,940,212,433
STX3_CATGCACACAGTGGACCACG,STX3,2442,1090,858
STX3_TTCTCATCTGAAGACAAGGG,STX3,485,327,290
STX4_CAGCTCGGACGAAGAGGACA,STX4,670,97,242
STX4_TCACTCACTCTCCTCGGGAA,STX4,3005,1025,1202
STX4_GCGCGATGAGATCAAACAGC,STX4,1005,253,262
STX4_CGAATACCGGGAGAAGAACG,STX4,1391,461,634
STX4_TACCGAAGTGGAGATGCAGG,STX4,284,250,287
STX4_TGGGCAGGAGCACGTCAAGA,STX4,1619,513,925
STX5_GGCACACATGGTTAAGGAAC,STX5,568,0,0
STX5_TGGCGACATCCTTGGAGGCA,STX5,1025,348,220
STX5_CATTGTGGTCTCCTTGCAGG,STX5,180,0,0
STX5_TAGCAACACATTTGCCAAGC,STX5,1088,273,533
STX5_TGTCGGACAGCACGCAAAGC,STX5,798,106,319
STX5_CCTGTGTCTTTGAGAGACCC,STX5,1195,233,173
STX6_GCCTTCCAGATCGGCGCCAA,STX6,1638,181,246
STX6_CCTGCTGTTCCACGATCAAC,STX6,1606,349,386
STX6_GATCCCACTCTATGCTCCGG,STX6,1,4,28
STX6_CTTCCCTTGTTGCTGTGGAG,STX6,648,261,386
STX6_TCACCCTTTCACCACAAAGA,STX6,1367,549,486
STX6_ACCCTTTCACCACAAAGAAG,STX6,570,229,126
STX7_CTCTCTCATGAATAAGACGG,STX7,1762,86,276
STX7_ATCCTCTGGGCCAACTGGGC,STX7,847,131,115
STX7_TCCTCTGGGCCAACTGGGCG,STX7,395,235,324
STX8_AACTTCGCAATGAAACCAGG,STX8,635,107,63
STX8_TGTTCTCCACTAGGTTGGCA,STX8,355,199,178
STX8_GGCGACTTATGATAGAGGAA,STX8,179,138,42
STXBP1_GGAAGGTTTACCTTCTCGGA,STXBP1,128,19,86
STXBP1_TGAAGAAGACGTGTGCAGCC,STXBP1,1157,324,603
STXBP1_ACTCCTTCAGGGTGGCACAA,STXBP1,1577,663,805
STXBP1_CTGGATTAGCTGAGCCAGCA,STXBP1,349,215,155
STXBP1_CTCGATCCAGGATCAGGAGC,STXBP1,184,193,34
STXBP1_TGTGGCGCAGTGCTATCCAC,STXBP1,819,400,253
STXBP2_ATTCGGAGTGTCAAGAAGGA,STXBP2,505,262,411
STXBP2_TGAAGACATCAACAAACGGC,STXBP2,547,118,261
STXBP2_CCCGACTTTCACCTACAAAG,STXBP2,2606,1164,752
STXBP2_CCACCTTTGCCAGACGAGAG,STXBP2,2047,452,735
STXBP2_ACTTGCGGTAGCGGATGGCC,STXBP2,131,148,128
STXBP2_AGACACTCCCAGTCTGGGCG,STXBP2,1869,801,888
STXBP3_TACTGTTATAGTCCAGACCC,STXBP3,505,185,67
STXBP3_CCAGACCCTGGTAATGCAAA,STXBP3,2387,527,826
STXBP3_GATGTCGAATTCTAACCCAG,STXBP3,244,91,69
STXBP3_AACTGGAAGGAGTACTCGCA,STXBP3,212,201,211
STXBP4_TCTGCCTTAAAGCGAACAGA,STXBP4,394,97,138
STXBP4_CTCTGCCTTAAAGCGAACAG,STXBP4,884,203,281
STXBP4_ATTCTCTCTCATTAGTGGCC,STXBP4,110,55,70
STXBP4_CTCTTCATCTAATTCTGCCC,STXBP4,256,63,99
STXBP4_CAAGATGAATCCGACTACGC,STXBP4,1849,250,384
STXBP4_ACGTAGCATCCCAGCAACGC,STXBP4,2765,308,404
STXBP5_AGCAGCATCCGCCTGGGAAC,STXBP5,1231,367,347
STXBP5_CATCCCTAGACTGTTCGCCA,STXBP5,61,174,420
STXBP5_CATTAATCAGGAACTGGAGC,STXBP5,1113,160,257
STXBP5_CTCTATGTGGGCACTGAACG,STXBP5,3530,918,1337
STXBP5_TAATCCAATGGACGAGGGAA,STXBP5,381,164,81
STXBP5_CATGATGCCAAGCAACAGAG,STXBP5,910,226,1353
STXBP5L_AAGTGGTTCCGTACATCCGG,STXBP5L,416,151,222
STXBP5L_TTGGCTATTGGGACGAGAAC,STXBP5L,1196,397,603
STXBP5L_TATATTAGACTCGGGAGACC,STXBP5L,131,52,32
STXBP5L_TTCATGTGCAGCCATTCAGA,STXBP5L,709,223,158
STXBP5L_TGTGAAACGCCCTATCCAAA,STXBP5L,1497,397,344
STXBP5L_GCTGAGAGATCTGGAAACGG,STXBP5L,1208,419,633
STXBP6_AGCCAGGCCTTGAATGAGCG,STXBP6,1932,1012,1179
STXBP6_GCTTGCCTTCTGCACTGCGC,STXBP6,537,124,337
STXBP6_CATTTGTTCGGAGATCACAG,STXBP6,238,114,212
STXBP6_CACACAGGCGTCCATCACAA,STXBP6,2500,863,861
STXBP6_GAGCTGTCCAAGTCAAGAGG,STXBP6,826,405,227
STXBP6_CCCAGCATCCTTTCATCAAG,STXBP6,2532,534,436
STYK1_AGCTGTGGCCGGCATCAGAG,STYK1,1368,408,574
STYK1_TCCTAGAGCATCTCCAAAGA,STYK1,55,72,53
STYK1_GGGTGTAAACTTCATAAGCC,STYK1,547,175,117
STYK1_CTTTCTCTGGACCTGTCGGC,STYK1,490,246,210
STYK1_TCCTCCAACACCATATAGAG,STYK1,1414,453,389
STYK1_ACTTCAGAGAGTTGCTCCCG,STYK1,844,189,505
STYX_ACAGTGCAAGGAAGACGCCG,STYX,1640,273,669
STYX_CAAGTGGCGACTGCACAGAA,STYX,1630,387,410
STYXL1_CTCGGAGAAGATCAGTAGAG,STYXL1,1459,482,489
STYXL1_TGACACATGTGGCGTAAGAA,STYXL1,2083,748,542
STYXL1_CCCGTCTACATCCTGAAAGG,STYXL1,1089,279,313
STYXL1_TCTCCCGGAGTCTGTGGACC,STYXL1,1216,301,232
STYXL1_CACTGCCCTTCGAGTGAAGA,STYXL1,1175,301,378
STYXL1_CTCGAAGGGCAGTGATCACA,STYXL1,1216,659,677
SUB1_CGCTCACCTCCTGTGCAGGA,SUB1,1367,1014,1301
SUCLA2_CTTGGATGAAGCTGCTAGAA,SUCLA2,3272,946,935
SUCLA2_CGGCCTCCATGTTCTACGGC,SUCLA2,724,353,179
SUCLG1_GAGAAGAATGGGTCATGCCG,SUCLG1,447,40,230
SUCLG1_CTAATTGGGCCCAACTGCCC,SUCLG1,25,148,124
SUCLG1_GGGCACCTTTCACAGCCAGC,SUCLG1,293,38,6
SUCLG1_AACCTCTTAGTGCCGCAGAA,SUCLG1,463,573,492
SUCLG1_AGTACTGGCTGGACTCACGG,SUCLG1,269,171,211
SUCLG1_CGATGTCAGCGGCAGCGGCA,SUCLG1,852,25,31
SUCLG2_CACCTTCAAGCCGGACCACC,SUCLG2,569,270,360
SUCLG2_ACCTTCAAGCCGGACCACCA,SUCLG2,796,293,322
SUCLG2_CCTTCAAGCCGGACCACCAG,SUCLG2,1673,267,233
SUCNR1_GGCATAACTCCTTATCAGCA,SUCNR1,623,848,503
SUCNR1_GGAGTTATGCCAATGGAAAC,SUCNR1,1703,491,447
SUCNR1_TGCAGAAGGTGTTCTCGGAA,SUCNR1,2205,834,704
SUCNR1_CCCTTACATCCTTTAGCAGA,SUCNR1,1305,225,737
SUCO_ACTCAGCGCGCGAGGGACGA,SUCO,525,203,279
SUCO_GGATGTGCCGCCTTCTGGCA,SUCO,462,114,89
SUCO_TTTACAACATACACGCCAGC,SUCO,205,133,160
SUCO_GATTTCTGAGGTAGATGAGC,SUCO,8,24,3
SUCO_TTGTCAGTCCACCTGACAGG,SUCO,730,57,115
SUCO_CCAGTATCACTCAGAACGCC,SUCO,1165,281,308
SUDS3_CCGTGGTACTTACTTCCAGC,SUDS3,1115,35,110
SUFU_AAGAGCGAAGCGAAGGCCGG,SUFU,124,0,8
SUFU_CGCATGTCAGTTATCAGCCA,SUFU,4119,749,998
SUFU_GACAAAGGCATCGAGACAGA,SUFU,416,101,95
SUFU_GAATGGCCTCGCCCACGACC,SUFU,118,1,12
SUFU_CTCGCTCACCTTAGGCAGAG,SUFU,1453,907,1198
SUFU_CACGTTTGTCTCCACGGGAG,SUFU,782,122,164
SUGP1_GCAGTCCAACAGCACCAGCA,SUGP1,2451,230,299
SUGP1_GATGATAGTGGGCGCAGGCG,SUGP1,167,0,41
SUGP1_TTGGCCAGGTTCATAGCGGA,SUGP1,1848,66,210
SUGP1_ATGGACCACAACGACAGAGG,SUGP1,203,50,0
SUGP1_CGTGGGAGTAGCTCTTCACA,SUGP1,1239,160,84
SUGP1_CCAGCAGGCACTTACTCGCC,SUGP1,818,127,638
SUGP2_TGTCTCATCCAGGAGCCAAA,SUGP2,569,373,146
SUGP2_CTGATGCCCGAGATGAAGGC,SUGP2,1700,270,231
SUGP2_AATGGAGACTGCAGAGAAAC,SUGP2,927,112,95
SUGP2_GGCACCAGGCTGAAACACCA,SUGP2,1,124,33
SUGP2_GGGCCTGCTCACAGCTAAGG,SUGP2,432,87,70
SUGP2_GGCAGCCAGACGAATTACAC,SUGP2,770,238,46
SUGT1_GCAACAGCGACTACGAGGGA,SUGT1,613,197,127
SUGT1_GCGACTACGAGGGATGGCGG,SUGT1,430,37,0
SUGT1_CTCGGATGCCCTAATCGACG,SUGT1,1273,178,203
SUGT1_TCATTGCAGATGGAGTCGGG,SUGT1,99,0,62
SULF1_GGGATCTGACAGTCGAACAG,SULF1,1009,255,222
SULF1_TCATGCATGGCCTGCCACGA,SULF1,799,144,173
SULF1_GCCATTCTCGCCACCCAGGG,SULF1,1782,99,178
SULF1_CAGTGGATGATTCTGTGGAG,SULF1,2052,184,313
SULF1_TAACATGCTCGTGGAGACGG,SULF1,98,104,322
SULF1_AAGAACTATGCCAGCAGGCC,SULF1,753,349,230
SULF2_TACAACATGCTGGTTGAGAC,SULF2,1209,349,578
SULF2_CGCCCAACCCGGACAAACAC,SULF2,2531,1478,1423
SULF2_CCAAGAAGATGTACCCGCAC,SULF2,1491,244,625
SULF2_AACGGCTCCTACGTGCCACC,SULF2,142,125,71
SULF2_CGCCCTGCTCCATGATGCGC,SULF2,685,373,833
SULF2_AGGCCGAGCTTCCACCCAGC,SULF2,1232,143,367
SULT1A2_GCCAAAGTGTACCCTCACCC,SULT1A2,1125,287,187
SULT1B1_TATTTACCTTTAGGGACGGC,SULT1B1,97,17,10
SULT1B1_TTATCTGGCTCGTAATGCCA,SULT1B1,483,97,77
SULT1B1_CACAGGTCATGGGATAACCA,SULT1B1,1360,431,409
SULT1C2_TATGGCCCTGACCTCAGACC,SULT1C2,122,112,219
SULT1C2_AGCCTGCAACTGTGGACAAC,SULT1C2,876,482,690
SULT1C2_TCTGAGCCTCAGGGACAACG,SULT1C2,352,307,171
SULT1C2_AGTCTTTAGTATCCGTGGAG,SULT1C2,560,164,276
SULT1C2_TCTCCCACCATCCTTTCACG,SULT1C2,896,434,186
SULT1C2_GATGCAGTTCATGGGAAAGA,SULT1C2,619,166,104
SULT1C3_CAGCCCACCATCCTTTCACA,SULT1C3,1729,360,422
SULT1C3_TACCGCAGTATGGTTGGCCA,SULT1C3,593,131,398
SULT1C3_TCCACATACAGGACCCAAAG,SULT1C3,1741,1018,1566
SULT1C4_TACTCACCAGATCCTAAGGA,SULT1C4,982,86,195
SULT1E1_TTGTCGCCCTTCATGAGAAA,SULT1E1,1490,467,779
SULT1E1_ATTGTCGCCCTTCATGAGAA,SULT1E1,722,331,433
SULT1E1_CTATCTTTGCCGGAATGCAA,SULT1E1,1095,138,61
SULT2A1_TTCCTCGAGAGCTGTTCCCA,SULT2A1,584,185,124
SULT2A1_GAGTTATGAGGAGCTGAAAC,SULT2A1,1010,226,273
SULT2A1_CTGCCTGATGCACTCCAAGG,SULT2A1,1931,307,547
SULT2B1_CATAGGTGTCCCACAAGCCC,SULT2B1,1274,118,592
SULT2B1_GAGGCTGAAGGCACCCACAA,SULT2B1,389,35,62
SULT2B1_GCCGGGCAGTTAAAGGACCC,SULT2B1,272,50,85
SULT2B1_CAGCAGCGTGTAGTTGGACA,SULT2B1,1588,527,671
SULT4A1_GGAGTTCTGGGAGCACCGCA,SULT4A1,54,174,205
SULT4A1_CCTTTCAAGAATTCTGCCGG,SULT4A1,214,37,58
SULT4A1_AGGTGGCTCTTGATGAGGCG,SULT4A1,717,236,326
SULT4A1_GGTGGTCTACTTGGTGAGCC,SULT4A1,246,26,81
SULT4A1_TCCATCTTCCCGCGGCAGAA,SULT4A1,1451,659,1084
SULT4A1_GCCCTTCTGCCGCGGGAAGA,SULT4A1,1288,313,110
SULT6B1_CTTCAACTTTGCTCCGAGGG,SULT6B1,1126,465,418
SUMF1_GGGAAAGACCGAGTGAAGAA,SUMF1,260,101,390
SUMF1_GAGTTTCCGGTGACCAACAC,SUMF1,521,117,239
SUMF1_GAGAACTGGATGATCCGGCC,SUMF1,189,141,28
SUMF1_CTGACTCTACTATTCTGCAC,SUMF1,84,224,239
SUMF1_CCCATTGTAAATACTCCAGC,SUMF1,605,242,278
SUMF1_CGCTCACCGATACTCGCGGG,SUMF1,260,32,241
SUMF2_CATGAGGGCGCATGCGCAGC,SUMF2,469,328,147
SUMF2_CTGGTGGCTTCCAGTGGAAA,SUMF2,1437,504,409
SUMF2_TGGGAGTTTGCCGCCCGAGG,SUMF2,822,116,118
SUMF2_TACCGTAGTTGTTCTGGGCG,SUMF2,1040,988,808
SUMF2_AGGACATGCGCGTCCTCCGG,SUMF2,52,24,101
SUMF2_GGGAGCTGTAAGCAGCCGGG,SUMF2,0,144,89
SUMO3_CAATGCGAGGATGGACGGCC,SUMO3,417,248,394
SUMO3_AATGCGAGGATGGACGGCCC,SUMO3,467,58,261
SUMO3_GGTACGGAGCTGGCTTCGCG,SUMO3,280,36,115
SUMO3_CTCCAGCACAGGTACGGAGC,SUMO3,299,46,458
SUMO3_GCACAGGACCAGTGCGCACA,SUMO3,2373,703,800
SUMO3_CTTGATCTTGAACTGCACCA,SUMO3,1228,538,757
SUN1_AGCAATGGGAGACGTGCGGA,SUN1,649,330,130
SUN1_GCAGAGCGTCTTCTCGGGCC,SUN1,922,38,218
SUN1_GGGTGCATGCTGTCGTGGCC,SUN1,186,119,109
SUN1_TATCAACCACGTGTCAAGGC,SUN1,1115,227,338
SUN1_ATAAACTCTCGACACGGGCC,SUN1,516,142,328
SUN1_GCGACGACTGTAAGGGCAAG,SUN1,885,247,352
SUN2_CTTCAGGGACGAGAAGCGCC,SUN2,0,275,154
SUN2_AACGAAGACGTCAAGGAGGG,SUN2,875,2,34
SUN2_TGGATGGTGGCCACTTCGCC,SUN2,693,347,174
SUN2_AGGTGTGTGCATCAGAGGAC,SUN2,447,114,197
SUN2_CGCCTCACGCGCTACTCCCA,SUN2,126,76,63
SUN2_AAGGTGTCACCTCCTTCAGC,SUN2,533,251,237
SUN3_TGTGCTTGCCTGGTGTGCCA,SUN3,288,52,104
SUN3_AAACATCTCCAGTGCACCCA,SUN3,749,244,206
SUN3_GATTATGCCCTGAAGTCGGC,SUN3,40,15,25
SUN3_TGGAGACCCTGTGGAGGACC,SUN3,1,154,153
SUN3_TCGTATGCCTAAAGAGCAAC,SUN3,789,250,225
SUN3_CGTTGCTCTGAAGACGCCAG,SUN3,600,83,100
SUN5_GATAAGGTTGTACCAGGAGA,SUN5,108,78,18
SUN5_ATAATCAGTGCCAGGGCCCA,SUN5,1017,41,152
SUN5_CCTGAGAACTCAGGCCCAGC,SUN5,242,55,16
SUN5_GCTTGGTCATTGTTGCGGAC,SUN5,541,183,247
SUN5_AGGCCGGAACACCAGCAGGA,SUN5,528,313,737
SUN5_ACATCTTCGAGTAGGGCGCC,SUN5,0,78,114
SUOX_ATCACCAGAGAAGGTGAGGC,SUOX,0,49,0
SUOX_TGGTGATAACTCCAGCACCC,SUOX,576,51,187
SUOX_GGTGATAACTCCAGCACCCA,SUOX,185,15,73
SUOX_TGTGATGTGTTAGCCCAGGC,SUOX,846,497,189
SUOX_CCAGTCCCTCAAAGCAGACG,SUOX,2073,359,669
SUOX_TGGCAACGGCGGGATTACAA,SUOX,236,80,162
SUPT16H_ACCATCGCTGTAAAGGAGGA,SUPT16H,761,0,0
SUPT16H_GAACATAGCCCTCTTGCACG,SUPT16H,1988,195,661
SUPT16H_TGTATAGTCTTCAGGGACCC,SUPT16H,683,126,87
SUPT16H_CCCGAATCATTCACCGGAGG,SUPT16H,1574,282,386
SUPT16H_GCTCCCGAATCATTCACCGG,SUPT16H,329,64,496
SUPT16H_ATGATTCGGGAGCAACGAAA,SUPT16H,930,53,107
SUPT20H_TGCCATGACCTGGGTGGCCG,SUPT20H,379,148,339
SUPT20H_TACCGAAGACTGAACTGACA,SUPT20H,873,186,150
SUPT20H_ATCTCCAAGCGACTGCAAGA,SUPT20H,1046,264,445
SUPT20H_AGTAACCTCAGCTGAGGAGG,SUPT20H,103,0,11
SUPT20H_TGAACACTCGCCCAATGAAA,SUPT20H,1346,574,716
SUPT20H_ATGTGCCGACTTTGGTAACC,SUPT20H,1012,422,385
SUPT3H_ATCACAGTTGTCACATCAGC,SUPT3H,1014,30,34
SUPT3H_TTTGACAGAATGCCTACCGC,SUPT3H,900,171,247
SUPT3H_AGCGTATGAAACTGTGGCAC,SUPT3H,1808,107,170
SUPT4H1_CTCTCAGGTAACTTTAAGCC,SUPT4H1,2007,505,146
SUPT4H1_AATGAAGGGTAACCGAGAGA,SUPT4H1,276,12,6
SUPT5H_GCGGAAGATGTCGGACAGCG,SUPT5H,1639,68,67
SUPT5H_TGTAGGTAGACGAAGAGCGG,SUPT5H,338,103,10
SUPT5H_GACTTACCGTGTCTGTGAAC,SUPT5H,312,203,385
SUPT5H_AGTCCTGGGTCCGCCTCAAG,SUPT5H,608,52,243
SUPT5H_TTCTGCTCGCCCTGCTCAGG,SUPT5H,682,75,7
SUPT5H_CCTTTCCTCCATAGAAAGAC,SUPT5H,166,35,18
SUPT6H_ATACAATGATGAAGGCGAGG,SUPT6H,691,17,0
SUPT6H_CTAGATGATCAGGATGAGCA,SUPT6H,687,40,22
SUPT6H_TGACTGGGATGGAGCGGAGC,SUPT6H,712,6,0
SUPT6H_CTGATTTCGCATGAAGCCCA,SUPT6H,391,46,0
SUPT6H_TCTCTTTACGGATCCGCAGC,SUPT6H,327,0,0
SUPT6H_CTGAAGCGTGTCAGGGAAGA,SUPT6H,1071,1,46
SUPT7L_TCAACCAGCGCTGCAAGAAG,SUPT7L,1511,491,572
SUPT7L_CGAACGCTTCCCATCTAACC,SUPT7L,2245,659,456
SUPT7L_TAGCACAGTCAAAGCCCGCG,SUPT7L,1398,382,155
SUPT7L_CTGGTAGAGGAGCTGCCGAC,SUPT7L,200,1,92
SUPT7L_TCACTGTGCCGGATCTGGAA,SUPT7L,1255,628,452
SUPT7L_TCCACCAGACGGAACTCCCG,SUPT7L,1273,627,690
SUPV3L1_ATTGTGGGCTCGGCTCCCGG,SUPV3L1,525,50,116
SUPV3L1_CGTGTGACAGTTCAGCCAAA,SUPV3L1,2338,1793,1478
SUPV3L1_TGGAGCTTATGTACACAACG,SUPV3L1,1018,236,158
SUPV3L1_TGCATGGTCCAGCACAGAAA,SUPV3L1,3089,970,800
SUPV3L1_CTTACCCTTATAGGATCCAC,SUPV3L1,689,20,10
SUPV3L1_GGTTACGCCGATACATCAAA,SUPV3L1,132,115,99
SURF1_AAATTCCTACGTGGGACACC,SURF1,697,153,15
SURF1_ATCTGCAGTACATCGTGACC,SURF1,245,56,40
SURF1_TCCCTTCCACTGCACCGACC,SURF1,540,255,184
SURF1_AGGAGCTGTATATGATGCCC,SURF1,0,63,10
SURF1_TGTAGGTCCAGCGTCGGAAG,SURF1,2094,476,588
SURF1_CCTGAGGACGCTCCTCCAGG,SURF1,314,92,66
SURF2_CTCTGCATAGTCGAAGGCCG,SURF2,853,393,286
SURF2_AACTCTGCATAGTCGAAGGC,SURF2,783,258,591
SURF2_GCACTTGTTGATGTGCCGCA,SURF2,58,43,51
SURF2_GCTCCCAGAAGGCTTCCCGC,SURF2,869,131,239
SURF2_AAAGGACCTTGGAAGCACGG,SURF2,1108,250,96
SURF4_GACGGCCACGGGTCTTAGCC,SURF4,214,108,120
SURF4_TCATGCATGGGCTTGTAGAC,SURF4,1364,463,628
SURF4_AGTACATGCAGCTCGGAGGC,SURF4,638,69,80
SURF4_CGAAGTTCCTGCTCAACACC,SURF4,1773,332,302
SURF4_GCGACTACATCGACACCACC,SURF4,374,92,73
SURF4_CCAGAACGACCTGATGGGCA,SURF4,1811,463,510
SURF6_TGCTGGAGCGCCTGCAGGCA,SURF6,3613,1,85
SURF6_TTATTGAAGATCAGCCCGGG,SURF6,440,0,45
SURF6_GCGGCGGAGAAAGCAGGAAC,SURF6,1349,327,814
SURF6_CTTGGGCTTCCAGCTCAGCA,SURF6,257,56,6
SURF6_GGCGTCCTTGGCGAGTAGAG,SURF6,643,73,46
SURF6_CATGGCCTCTCTACTCGCCA,SURF6,544,50,0
SUSD1_CCGCTTAGGAGATCTCAGCA,SUSD1,1152,715,521
SUSD1_GCTCGCTATGTCTGTCAAGA,SUSD1,1248,130,293
SUSD1_GATACAGTTTCAAGCTGCAC,SUSD1,720,48,69
SUSD1_GATGCCACATCATGCACAGG,SUSD1,650,81,108
SUSD1_AGACAAGAGTGGCTCCAAAC,SUSD1,2052,445,571
SUSD1_ATGGATTTGTAGGGAACGGG,SUSD1,306,88,148
SUSD2_CTGGACCAACGACCACGCAC,SUSD2,2342,301,537
SUSD2_ACGCACACAGTGCACGGCCC,SUSD2,620,124,90
SUSD2_GCTGACCTGAGCCGTACCGG,SUSD2,289,120,174
SUSD2_CAGCCCGGGACGATGTCCAA,SUSD2,556,277,412
SUSD2_ACCGCAGTGGCCGTCCAGGA,SUSD2,2076,756,297
SUSD2_GGACGGACACACTCAGGAAC,SUSD2,1618,199,631
SUSD3_ACTTGGAAGGTTGCTTGCGG,SUSD3,1794,174,103
SUSD3_TTCCAAGTCCTTCGTGGCAA,SUSD3,563,591,1102
SUSD3_CGAGACCTTTGGCTTCAAGG,SUSD3,1317,488,441
SUSD3_ACTTCAACAAACCCGTGAGC,SUSD3,868,102,144
SUSD3_AGCTGTGGTTGTCGTGCGCC,SUSD3,208,201,149
SUSD3_TGTGACCCGCAGCGTGGACA,SUSD3,649,214,425
SUSD4_GCTCCAGACCTCCTTCCCGG,SUSD4,754,110,96
SUSD4_TATGTCGCGATGATGGAACG,SUSD4,1144,247,680
SUSD4_CTTCAAGTGTGTGCTGACCC,SUSD4,1924,1261,736
SUSD4_ATGACTTGGGTATGCAGAGA,SUSD4,1216,145,65
SUSD4_GGCATCCCTCAAAGCCCAGC,SUSD4,0,66,72
SUSD4_CGTGATCCTGTGGTTTCAGC,SUSD4,433,513,85
SUSD5_AAAGTCTTTGTGCCAACCAC,SUSD5,736,127,202
SUSD5_AACGAAGGCGGGTCTCCACA,SUSD5,0,57,258
SUSD5_ACTGTGTGTAGCAAAGGAAG,SUSD5,734,82,81
SUSD5_TGCAGACGAGCTGCGGAGAG,SUSD5,1237,617,788
SUSD5_CACCATCCGCCCGCACCGAA,SUSD5,2849,881,1225
SUSD5_AAAGGCGCGGCAGACCGAGC,SUSD5,212,85,42
SUV39H1_TCGCCTGAGAAATGACAGAC,SUV39H1,637,401,430
SUV39H1_GGATCTTCTTGTAATCGCAC,SUV39H1,883,88,124
SUV39H1_TATCCTCAAGCAGTTCCACA,SUV39H1,178,163,40
SUV39H1_CTAGATCATTACCTCAGAGG,SUV39H1,2057,241,916
SUV39H1_GCCACAAGAACCATCCGGGC,SUV39H1,232,152,0
SUV39H1_GGGTGCTCTCCATGTCCACG,SUV39H1,356,7,13
SUV39H2_AAAGCTCTACAAGATGGCGG,SUV39H2,825,73,129
SUV39H2_TTTCGAACTAGCAATGGACG,SUV39H2,1530,427,346
SUV420H1_TTGATAACAGGAGCAGGCGC,SUV420H1,1758,93,69
SUV420H1_GCTCTAAGAGACATTGAACC,SUV420H1,771,97,0
SUV420H1_CCTGCTGCGTTTATAAACCA,SUV420H1,2445,120,179
SUV420H1_TAGGCCTATTAAAGGAAGGC,SUV420H1,212,1,4
SUV420H1_TTGGCGGACATTCCAGAGGA,SUV420H1,1073,410,266
SUV420H1_GGCTGTCTGTGGGTATGAAG,SUV420H1,805,327,318
SUV420H2_ACTGTGCGAGAACGACGACC,SUV420H2,936,331,93
SUV420H2_CGGCCCGCTACTTCCAGAGC,SUV420H2,1739,478,435
SUV420H2_CGTGCCTTCCTGCCGGAAAG,SUV420H2,1094,305,668
SUV420H2_CCAGCCGCCTTCATCAACCA,SUV420H2,2250,1004,1833
SUV420H2_AATGCCACACCTGTGAGAGG,SUV420H2,814,308,198
SUV420H2_GCCGCTTGGTCTCACGCAGC,SUV420H2,580,208,396
SUZ12_CGGCAGTTCAGAGTACACCA,SUZ12,1984,378,455
SUZ12_CAGGATATTCATCGCCAACC,SUZ12,1698,165,327
SUZ12_TTGTGGACGGAGAGGTAAGC,SUZ12,1550,124,210
SUZ12_ACCTCTCCGTCCACAAGAAA,SUZ12,686,149,243
SUZ12_TCCATTTCTTGTGGACGGAG,SUZ12,571,109,43
SV2A_TTGAGATCCAGTCGGACACA,SV2A,959,264,336
SV2A_GATACCAACATGCGAGCCAA,SV2A,103,75,33
SV2A_TCACCTCTAGGAAGAAACGG,SV2A,792,263,147
SV2A_TTTCTGGCCCAGGAGAAACG,SV2A,0,11,20
SV2A_GACACTGCCTCCGACCCAGC,SV2A,6,2,89
SV2A_ATCCTACGGGAGTGTGGCCA,SV2A,414,407,167
SV2B_CTGGGTTGGACTCATTGCCG,SV2B,1550,253,146
SV2B_GGCTCCATATCCCTGCACGA,SV2B,1470,263,322
SV2B_TTCTTGTCTCGGGAGAAGCG,SV2B,1033,430,615
SV2B_AGTTCATGCCAGAGAGCCCA,SV2B,178,107,35
SV2B_CTTTCCTTGGTTTCACCAGA,SV2B,396,134,86
SV2B_TGAATCTGACCAGCCAGCGC,SV2B,1128,534,582
SV2C_GATGATGACTACTACCCGGC,SV2C,279,73,11
SV2C_AGCAAAGTACGAGAACACAG,SV2C,1799,204,191
SV2C_CATGAATGTGAGGGCCACCA,SV2C,711,278,191
SV2C_GACACCAACATGAGAGCCCG,SV2C,419,120,38
SV2C_GGACATTGGCAGTATTGCCA,SV2C,415,90,98
SV2C_GGCATGCTGTGTCTGTACAA,SV2C,1791,161,249
SVEP1_GCTATGTAAGTTGCCGCCAA,SVEP1,514,194,278
SVEP1_TGATGTGGCCATGTTTCGGC,SVEP1,1234,266,175
SVEP1_GGATGTGCTTCCAGGTGGAG,SVEP1,2544,400,414
SVEP1_TGCAAATGTGGGACACACAC,SVEP1,1009,728,437
SVEP1_ATTTGAGGCTTTAGCTCGCC,SVEP1,127,14,21
SVEP1_AGGTGGCGGCACCTACACCA,SVEP1,1084,177,93
SVIL_AGCTGAGCGTCGCCGCCAAG,SVIL,954,333,380
SVIL_CCCTCTCTCCCGTTCCACAC,SVIL,2060,666,471
SVIL_ACCTTCTAGAACCGTCAAGC,SVIL,1316,424,98
SVIL_TCTCCAGAAAGATTCCGAAG,SVIL,1002,289,284
SVIL_TGAGTCACCGTGGACACCGG,SVIL,721,183,138
SVIL_ATCCTGTGCAGCTCTGCAAG,SVIL,642,145,263
SVIP_TCTACTCACCAGGTCCGGCG,SVIP,739,619,363
SVOPL_ACGTTGCCTTACCTGAGACA,SVOPL,1551,389,279
SVOPL_CACAGCCCACCATCGTCCGC,SVOPL,1270,141,203
SVOPL_AGCGGCCATATCTGTCAGCC,SVOPL,1265,322,643
SVOPL_TCTCCAGTTGCCATTCACAG,SVOPL,4494,2395,1900
SVOPL_ACTGCCCATGATCAGAAAGA,SVOPL,697,221,230
SVOPL_CAGCCTTCGGAAATTGAGCC,SVOPL,562,225,205
SWAP70_CGCCTTCACCGCACTCGACC,SWAP70,1696,654,465
SWAP70_CCGTGCACAGGTTATGGGAA,SWAP70,1877,586,1108
SWAP70_CTTACAGAAGCTATGGGAGG,SWAP70,822,304,95
SWAP70_CTTTCCATCTTTGTCAGGCA,SWAP70,1352,483,536
SWAP70_GCTGGCTGAACAAGAGGAAC,SWAP70,154,246,203
SWAP70_GAAACGCCTTCAGACTCAAG,SWAP70,1111,118,86
SWI5_GAGCGACCTCTCAGGTGCAC,SWI5,624,301,38
SWI5_TGGCGCAAGAGGGTCCAGCG,SWI5,1257,375,361
SWI5_AGTCCTAGAGAGGAATCCGA,SWI5,325,32,30
SWI5_ACTTACCCGAAGTTGCCGCG,SWI5,593,219,306
SWI5_CCTCGCTGGTCCCATCAGCC,SWI5,787,321,325
SWI5_TGTCATTGTACTCGTGAAGC,SWI5,1212,613,523
SWSAP1_CAGCAGCAAAGGCGGTCCGG,SWSAP1,639,0,78
SWSAP1_AGAGTCGTTCCGGTCCCGCG,SWSAP1,1069,201,442
SWSAP1_TAGAGTCGTTCCGGTCCCGC,SWSAP1,189,19,91
SWSAP1_CGTCGAGCAGCAGAAGGGAG,SWSAP1,2240,265,291
SWSAP1_ATGAGCCCACAATCCCGGCC,SWSAP1,480,113,68
SWSAP1_AGGCCGTGCTCTCCTGGACC,SWSAP1,1316,299,297
SWT1_GATGTGAAACCTAAAGCCGA,SWT1,106,82,71
SWT1_TCAGATGACACGGAACAACA,SWT1,1943,1317,949
SWT1_CATATAGGGTATACCAGAGG,SWT1,490,195,191
SWT1_AGCTCTTGCATAACGACCCA,SWT1,476,30,144
SWT1_CCTAAGCAACAGTTGAAAGC,SWT1,1823,473,398
SWT1_AACCAGCTGGCGGCATCCAA,SWT1,599,252,194
SYAP1_CCAACCAACTGCTCAAGCCC,SYAP1,3273,327,745
SYAP1_TTGGTTGGGCTTGCAGCAGC,SYAP1,770,242,191
SYAP1_TCATCGTTAGTGTCAACCCA,SYAP1,1197,405,395
SYAP1_TAAATTGCACGCCAGCCGGA,SYAP1,333,125,80
SYAP1_ATCCTCCTGGAGCATGACCA,SYAP1,625,85,150
SYAP1_ACTGCTTAATCAGGGAGACG,SYAP1,293,185,252
SYBU_GGGTCTCCACGGGAGACAAA,SYBU,157,57,46
SYBU_CCGCCCATGAGGACCTCGAC,SYBU,2338,213,247
SYBU_TTTAGCTCCTCGAGCAGCAC,SYBU,1100,205,218
SYBU_AAGTCAGGCCTTGTGAAACC,SYBU,1771,757,481
SYBU_TCCTTACCTTGCTCTCGCGG,SYBU,974,360,538
SYBU_CTTACCCTTTCTCGCCCAGA,SYBU,462,139,70
SYCE1_TGATGTCCTCATAGGCCAGG,SYCE1,289,5,54
SYCE1_AGCTGTTTCAGGAAGAGCAC,SYCE1,1451,517,527
SYCE1_GGGACTCTTTCTCCGCAGCC,SYCE1,159,66,159
SYCE1_TTGTGCCCTGGACAGCAGCA,SYCE1,1406,460,761
SYCE1_CTGTTCCTCGAATGCCAACC,SYCE1,1808,461,501
SYCE1_TTTCCTGGCAATGCAGCCGG,SYCE1,367,57,135
SYCE1L_GCAGATGCTGGAGCAGCGAC,SYCE1L,0,10,20
SYCE1L_ATGGCGCCCTCGACCTCAGG,SYCE1L,432,11,52
SYCE1L_ATCCTCCTCGTCGCGAGCGC,SYCE1L,203,255,81
SYCE1L_GATCCTCCTCGTCGCGAGCG,SYCE1L,199,145,319
SYCE2_GAAGTACAGACCAACAGAGA,SYCE2,398,134,40
SYCE2_GGCTGTGAGTTGCCGGGACG,SYCE2,1073,624,252
SYCE2_AGTTTACTCATACCTCAGGC,SYCE2,459,155,155
SYCE2_CATCAACAAGAGCCGGCAAA,SYCE2,1633,669,528
SYCE2_AGAGCAAGGAGCATCCGCGG,SYCE2,1561,381,509
SYCE2_AAATACGGAATGGAGCGACA,SYCE2,977,107,16
SYCE3_CGTCAACTGCAAGGAGGAGA,SYCE3,1115,132,110
SYCE3_GGCATCCTCCAGCCGACGCA,SYCE3,158,60,75
SYCE3_GATGCGCACCAACCCTACGC,SYCE3,552,25,59
SYCN_CGTGTGGTCCCGGCAAGGCA,SYCN,1131,545,335
SYCN_CTCACCGTGTGGTCCCGGCA,SYCN,1581,733,455
SYCN_CACACGGTGAGCTCGCAGCG,SYCN,1566,888,1099
SYCN_TACTATGAGAACTGCTGCGG,SYCN,706,93,10
SYCN_GCCGACCTCAAGCACTCGGA,SYCN,280,34,258
SYCN_TGCTTGAGGTCGGCGGAGGC,SYCN,1693,443,506
SYCP1_CGGTGGTACGAACAATGCAA,SYCP1,1311,292,369
SYCP1_TGCGGTGAAACCTCAGACCC,SYCP1,1917,354,161
SYCP1_GAAAGTGGAATCGCCTCCCA,SYCP1,553,54,36
SYCP1_TCTGACTGTCACTATCAGGA,SYCP1,1055,330,320
SYCP2_TTTCTATTCCTTGGGAGACC,SYCP2,454,125,141
SYCP2_GGAAGCAGTTACTGTGCCAG,SYCP2,2164,147,117
SYCP2L_AAGAAGCCTCGTTATGCAAG,SYCP2L,1410,377,322
SYCP2L_TGAACCTCTGCTAATTCGGC,SYCP2L,1302,197,147
SYCP2L_GACACATGCCTTCTGACAAA,SYCP2L,556,191,312
SYCP2L_AGTGACACTTCCGAAGGAAG,SYCP2L,114,56,29
SYCP2L_TTGCCTGTAGACATACCAGA,SYCP2L,228,125,189
SYCP2L_AGAGTTGAGCAGTCTTAAGC,SYCP2L,1200,511,426
SYDE1_AAGTCGGACGCCAAGGAGCG,SYDE1,1177,255,492
SYDE1_TGGAGCCCAGTAGCCGCCGA,SYDE1,280,109,285
SYDE1_CTCGTAGGGCCGGAAGGAGG,SYDE1,820,78,153
SYDE1_GGGCTTCCTGCTGCTCCGAC,SYDE1,299,119,99
SYDE1_CTGCCGCTGAGCCACAAAGA,SYDE1,840,415,374
SYDE1_GCTGCCTGCCAGATGTGGAA,SYDE1,162,235,89
SYDE2_GCAATCGTTATGCAGGAGAC,SYDE2,157,549,237
SYDE2_TCTCTGGCAGACAATCCAGC,SYDE2,521,320,29
SYDE2_GCGGTGGTTGTGTTCCCAGA,SYDE2,10,6,4
SYDE2_CTAGGACACAAGACACAAGA,SYDE2,1255,523,375
SYDE2_TGACTTTGGGAGCCGTCCCA,SYDE2,97,85,134
SYDE2_GCCCTTTCAGGGATCCAGCG,SYDE2,872,508,887
SYF2_TGGTGGACAGCGCGGAGGAG,SYF2,1588,101,212
SYK_TGCCTTCCTCCCGTGGGCCA,SYK,1184,313,625
SYK_CATCAGTCAGAAGCCTCAGC,SYK,781,81,63
SYK_CCCTTCGTGCAGCAGGCACA,SYK,432,199,216
SYK_TTCCTAGTGACACTTACCGC,SYK,1073,75,253
SYK_GGTTTCTAGACTTGGTCAGC,SYK,68,15,22
SYK_TCTTGCCGGTTCCCTTGGGC,SYK,304,59,229
SYMPK_CCTCCACAAACTTGATGGCG,SYMPK,412,17,132
SYMPK_GAATGTGAACGTGGTGAAGA,SYMPK,905,32,19
SYMPK_TCGGCTTCATCGAGGAGGCA,SYMPK,2491,136,47
SYMPK_TGATGATCAGCTCCTGGACC,SYMPK,1522,0,31
SYMPK_GGTTCAGAAGATCCACCACC,SYMPK,434,31,0
SYMPK_CACGCTCACCCTCTCTGAGG,SYMPK,68,0,0
SYN1_AGTGGAAGCGCTACATGGCA,SYN1,292,141,239
SYN1_AAATTGCCATGTCTGACAGG,SYN1,687,143,147
SYN1_GGTTCGACTGCATAAGAAAC,SYN1,709,361,372
SYN1_GCCTTCAGCATGGCACGCAA,SYN1,1221,344,774
SYN1_CAGAGAATCCACCATTGGCA,SYN1,1594,351,459
SYN1_TAAAGTTGCTGTCCGACAGG,SYN1,1234,271,240
SYN2_TTCATCGCCAATCTGCCCAA,SYN2,805,1058,245
SYN2_GGTTCTCCGGAATGGCACAA,SYN2,606,134,174
SYN2_GAAGTCTGGCCGGAAGGACC,SYN2,234,146,64
SYN2_TCTTATAGATAGCGACCAGC,SYN2,328,53,122
SYN2_TGGCCAATCTTCACCACCAC,SYN2,586,288,383
SYN2_TGTTGCCAATCTTCTGGACC,SYN2,926,621,867
SYN3_CTTCCCGGTGGTAGTCAAGC,SYN3,1179,295,421
SYN3_GCGGGAACTTCTCAGGACCC,SYN3,33,1,3
SYN3_CATACTGCAGGCCGATGACC,SYN3,1062,211,177
SYN3_CTAGCTGCCTATGTGACCGG,SYN3,1872,254,631
SYN3_GATTGAGATCCGAGTGGAGC,SYN3,287,133,131
SYN3_TGTCAGAGAGACGTCGCCGG,SYN3,2550,346,161
SYNC_TATGCTACTACCCAAGAGCC,SYNC,113,9,52
SYNC_CGCCAGAGGCAGTTAAGAAA,SYNC,2836,793,509
SYNC_TGCTGTACCTCCTGCAGGGC,SYNC,1486,162,423
SYNC_GGAGGCCCTGTATATTGAGG,SYNC,219,41,32
SYNC_CACTGTCCTACCTCGCGGCC,SYNC,1925,416,732
SYNCRIP_TTACCTGGCTAGCAGGGAAA,SYNCRIP,1005,209,298
SYNCRIP_GCTCAGCAACCGCTCCAAGG,SYNCRIP,1666,65,261
SYNCRIP_TTGGAGCGGTTGCTGAGCAA,SYNCRIP,1554,781,588
SYNCRIP_GCCAGACCAATAATCAGAAC,SYNCRIP,1101,347,450
SYNDIG1_AGACCACCTTCATCGAGGAC,SYNDIG1,845,540,322
SYNDIG1_GGCTGTCTTTGGTGGGCGAC,SYNDIG1,101,126,151
SYNDIG1_GACCAACAAAGCCGTGGCCA,SYNDIG1,1117,353,143
SYNDIG1_CACATAGACGCCAGTCCCAA,SYNDIG1,627,291,126
SYNDIG1_GACTGGCGTCTATGTGGGCG,SYNDIG1,615,314,340
SYNDIG1_ATTCGCAGGAAGCTCACAGG,SYNDIG1,826,58,198
SYNDIG1L_AGCCACACTCGCCATCGCCG,SYNDIG1L,2989,576,245
SYNDIG1L_GGCGAGTGTGGCTAGGAAGA,SYNDIG1L,1658,169,480
SYNDIG1L_GCTGCCTTCTACTTCTCCCA,SYNDIG1L,976,1,0
SYNDIG1L_ACTTTCACTCTCCGTTGAAG,SYNDIG1L,1098,141,234
SYNDIG1L_ACATTCTCTGCAGCTTGGCC,SYNDIG1L,325,14,15
SYNDIG1L_TACAGAACCCGCTGCTGCCC,SYNDIG1L,392,80,332
SYNE1_TGCAAGCACTGATGGGCAAG,SYNE1,1108,372,598
SYNE1_CACTATCGCCGAAACAGAAC,SYNE1,2300,1111,1240
SYNE1_CAGCCCACCAAGTAAACGGA,SYNE1,925,182,188
SYNE1_AGCCTTGTGAACAAGGACGC,SYNE1,985,196,16
SYNE1_TTTACAGCGGAAACCTCCAA,SYNE1,225,105,75
SYNE1_ATCACATTGGCGATATCCCG,SYNE1,923,196,261
SYNE2_GCTTCCCACCGAAGATGAAC,SYNE2,1196,198,219
SYNE2_TGGTCTTCATTTGCTTACCC,SYNE2,540,137,391
SYNE2_ACACTCACATCATCCAGGGA,SYNE2,586,56,250
SYNE2_GGGCTGGTTAACTCTGCAAA,SYNE2,1329,471,511
SYNE2_GGATCTGGATGAGCTGGACA,SYNE2,498,301,204
SYNE2_AGCAAGCCCTTAGTAAGCGA,SYNE2,851,174,254
SYNE3_CAGTGACCTCCAAGAGCCGC,SYNE3,861,155,332
SYNE3_TCATGTGCTGCAGGCAACAC,SYNE3,2601,668,596
SYNE3_CTGCAGCCTGCGGCGAAAGC,SYNE3,114,124,208
SYNE3_GAGCATGAGGAGTACCAGGC,SYNE3,759,122,34
SYNE3_GCTGCACAACGTGGACAACC,SYNE3,1118,350,373
SYNE3_CTTCAGCCATCCGTAGCACG,SYNE3,3320,1207,959
SYNE4_TCCCTCCTTAGGACAAGAAG,SYNE4,414,198,323
SYNE4_TCACCTGAGGCTTCCGGAGC,SYNE4,853,269,175
SYNE4_GGGAGGCTACTGGGTGCCCA,SYNE4,151,27,18
SYNE4_CCAGGCTGTAGCTGACCAGC,SYNE4,1073,139,118
SYNE4_TGCTCTCCTCTCCGGACGCG,SYNE4,1415,277,236
SYNGAP1_CCGAGATGATGCAGAACCGA,SYNGAP1,3625,642,412
SYNGAP1_CAGTCTCCGTGCCGGTGGAG,SYNGAP1,1813,124,197
SYNGAP1_ACCACTTGGGTCGCTCGAGG,SYNGAP1,177,0,46
SYNGAP1_TGGTCAGCACTTCGGAAGCG,SYNGAP1,2297,838,796
SYNGAP1_TGCACTGCTAGGACTCAGCA,SYNGAP1,1371,355,384
SYNGAP1_CTGCGGCCGAAAGAGACAAA,SYNGAP1,1060,242,193
SYNGR1_CGTACGGAGCGGGCAAAGCC,SYNGR1,917,504,448
SYNGR1_ATCCTTCATGGATAGGCAGC,SYNGR1,311,197,424
SYNGR1_GAGGTAGCCCTCGTTCACGA,SYNGR1,620,129,150
SYNGR1_ACGAAGGGACGGACGCAGCC,SYNGR1,789,436,286
SYNGR1_CCTTGAATCTCCGCACGGCC,SYNGR1,277,179,391
SYNGR1_TAGGTGCCGCCCATACCGGC,SYNGR1,163,40,218
SYNGR2_TTCTCCTGGGTAGGATGGCC,SYNGR2,1054,157,135
SYNGR2_CTCCTGGGTAGGATGGCCAG,SYNGR2,512,51,158
SYNGR2_GCCGGTTCTTGGGTCAAGGG,SYNGR2,1217,198,144
SYNGR2_ACCACCCTTGACCCAAGAAC,SYNGR2,377,167,137
SYNGR3_GGCTACGTGAACACCGACAG,SYNGR3,856,206,162
SYNGR3_TGCGTGTTCAACGGGAACGC,SYNGR3,1359,333,500
SYNGR3_GGAAGCGCACATCGAGCAGC,SYNGR3,853,64,72
SYNGR3_GAAGCCCACGAACCACAGGA,SYNGR3,616,148,280
SYNGR3_AGAGTGACATGTCGGTGCCC,SYNGR3,999,171,120
SYNGR3_GCCACCGAACAGCTGAGCAC,SYNGR3,815,79,108
SYNGR4_TTCTCCTCCCTGCTGACCGA,SYNGR4,744,161,141
SYNGR4_TCTGGTAGCCGTCGGTCAGC,SYNGR4,644,122,178
SYNGR4_TGTCCTCACCCAGACAAGGA,SYNGR4,736,211,133
SYNGR4_GGCTTGTCCTCACCCAGACA,SYNGR4,2161,466,743
SYNGR4_AGGAAGCGCTTGTAAGGGAC,SYNGR4,132,144,371
SYNGR4_CAGGCATCATAGCAAGCCGG,SYNGR4,377,73,208
SYNJ1_ACATGCTGCTGATATCCAGA,SYNJ1,818,84,101
SYNJ1_CATCGTGTCCGTATGTCAAG,SYNJ1,1625,324,342
SYNJ1_CAAACACATACTTGCAACCC,SYNJ1,1182,521,888
SYNJ1_TGCTGCTCATAAACAGGCGA,SYNJ1,407,101,277
SYNJ1_TGCCTCCGAAGAAAGGAGAA,SYNJ1,582,233,294
SYNJ1_AGCGTCACTTCCGCTCCAGC,SYNJ1,188,174,413
SYNJ2_CCTGCTGTTCGAGGCCGGCA,SYNJ2,533,463,203
SYNJ2_TCCTTGGCCTCTTCCTGAAG,SYNJ2,639,63,94
SYNJ2_TCAAGGGCACGTGCAACAGC,SYNJ2,1118,337,310
SYNJ2_ATCCCTACCTGTCGAAAGCA,SYNJ2,624,141,211
SYNJ2_CTCTGGGCTTCTTGCCACGC,SYNJ2,1576,542,1002
SYNJ2_CTCCACAAAGCGGTCAACGA,SYNJ2,1054,392,411
SYNJ2BP_TTCCAGTTACAGGTGCAGAA,SYNJ2BP,1953,946,857
SYNJ2BP_CGAAGCCCATTCTCACCGAA,SYNJ2BP,2947,930,1652
SYNJ2BP_CAGTATGTCTCCAACGACAG,SYNJ2BP,1904,301,125
SYNM_GCGGAAATGCATGGTAAGGC,SYNM,963,313,667
SYNM_GGTGCAGCTGTACGAGGACG,SYNM,137,11,122
SYNM_GGAGTACGGGATACAGGCCG,SYNM,180,234,187
SYNM_ATCGCCTTGCAGAGAACCAG,SYNM,824,61,51
SYNM_CATAACGGTTTGTCTACCCG,SYNM,2219,424,458
SYNPO_CTCCCTTCGCTGGGTGCAAG,SYNPO,1019,292,1390
SYNPO_ACGACAGGGCCAGCCAGGAC,SYNPO,2570,262,446
SYNPO_TCTTGCTGGCAGGAACCGCC,SYNPO,448,442,331
SYNPO_AGACAGCGGATGAGAAGCGG,SYNPO,976,519,813
SYNPO_GGCGAGCGGCGGTAGAGGAA,SYNPO,629,114,191
SYNPO_GGCTGCCACGCTTGAGCCGA,SYNPO,360,81,95
SYNPO2_GGTAGGTGAGATCTGCACAA,SYNPO2,428,258,302
SYNPO2_GGCCGGTCGAATCTGCAGGG,SYNPO2,154,6,64
SYNPO2_GACAGTTGCAGCTCAACCAC,SYNPO2,385,136,203
SYNPO2_ATGTTTCGGGTTGGCGAGAA,SYNPO2,1072,539,655
SYNPO2_TTCCAACTGGCCGGGAGAGA,SYNPO2,1505,363,473
SYNPO2_ACAACTACAACCCACACCCA,SYNPO2,2821,172,178
SYNPO2L_CCTCGGGCAACACCCAAGCA,SYNPO2L,957,310,370
SYNPO2L_CTGGCTACAGGCGCCGGCAA,SYNPO2L,1814,362,448
SYNPO2L_CTATCCAGGTTAGCAGACGA,SYNPO2L,2091,152,396
SYNPO2L_CCTATCCAGGTTAGCAGACG,SYNPO2L,1456,473,492
SYNPO2L_TGAGGCTCATGGCACTGGCA,SYNPO2L,1128,182,106
SYNPO2L_TCAGATTCGAAGACGGAGCC,SYNPO2L,539,352,611
SYNPR_AGGGCTCGCAGGAAGGCAAG,SYNPR,140,39,216
SYNPR_CTGCCTTCACACTCAAAGAA,SYNPR,2172,759,614
SYNPR_CGCAGTCCACACTCAGCCGC,SYNPR,713,307,269
SYNPR_CCGTTCCTTTCCCTCGCAGG,SYNPR,1341,379,174
SYNPR_GGTTCATCAGCTTGGGCAAA,SYNPR,718,582,479
SYNPR_TCCAGCAGCTATAATCAAGG,SYNPR,1588,412,493
SYNRG_CTCCACCCACTGGTCCAACA,SYNRG,3233,1972,1294
SYNRG_GAAACCACAATGACTCCAAC,SYNRG,731,163,117
SYNRG_GGATACTTCTTACTGGAACC,SYNRG,852,350,295
SYNRG_CTTCTAGGCAGGAATACCAA,SYNRG,450,173,179
SYNRG_CTGATGCCGATGCAGCAACA,SYNRG,3223,827,980
SYNRG_AGCAAGATGGCGCTGCGGCC,SYNRG,1256,102,211
SYP_CAGGGCGACTATGGGCAGCA,SYP,1885,486,407
SYP_TAGCTCATCGGCATGGGCCA,SYP,731,320,174
SYP_GACAAAGAATTCGGCTGACG,SYP,859,208,55
SYP_TGGGCAGGAGCTACTTGCGG,SYP,1466,432,386
SYP_CAGCACCTTCACAAAGCCGA,SYP,1158,280,211
SYP_GCTGCTGGCGGACATGGACG,SYP,2569,225,402
SYPL1_ATTTGATGGACTGTGTAGGC,SYPL1,147,110,276
SYPL1_AGCCGAGTGGCTCCTTGAGC,SYPL1,907,139,205
SYPL1_ACATCTACTTGGTTCGCCAG,SYPL1,859,230,346
SYPL2_ATGTCCTCGACCGAGAGCGC,SYPL2,38,99,48
SYPL2_TCGCTGCAACAACGAAGCCA,SYPL2,1984,329,110
SYPL2_GAGGTGCATGGTCTTGGAGC,SYPL2,387,170,107
SYPL2_TGTAGAGGTTGTGGAAGCGC,SYPL2,1134,201,197
SYPL2_GGGCCTGACCGATGTCAAGG,SYPL2,442,109,79
SYPL2_TGACATGGCTGCTGTCAAGC,SYPL2,1479,675,1026
SYS1_CGAACATCTGGTCCAGCGAG,SYS1,2065,33,42
SYS1_GGACCAGATGTTCGACGCCG,SYS1,1205,3,42
SYS1_CATGGAGAGCCGGCCTGGAG,SYS1,490,0,0
SYS1_TGAAGGACATCATGGAGAGC,SYS1,849,17,41
SYS1_TCATCCTCAACGCCCTCACC,SYS1,441,17,82
SYS1_AGCTGTAGAACCAGCAGCCC,SYS1,167,0,0
SYT1_CGAGAGTCACCATGAGGCCC,SYT1,1918,659,748
SYT1_GCTATTGCAATTAAGGCCCA,SYT1,406,56,25
SYT1_CGAACTGCCCGCCTTGGACA,SYT1,1589,306,724
SYT1_AGCAGTAGGTACGTAGCGAA,SYT1,1241,165,67
SYT1_CAGCAGTAGGTACGTAGCGA,SYT1,2152,375,397
SYT1_GCCCACAAAGACTTTGCCGA,SYT1,283,158,480
SYT10_TGTCTTTCAGTTACCTGGCC,SYT10,551,16,122
SYT10_CACAAGCTTACCTCCAGCAA,SYT10,3435,1400,1030
SYT10_CCGCAATGGAGAGGCTGACC,SYT10,1431,96,442
SYT10_TAAAGTCTTTCTGTGCACGC,SYT10,1115,393,355
SYT10_CTGAGCCTACGTCATCAACC,SYT10,2095,245,639
SYT10_TACCTGTGCTGCTTCCGCCC,SYT10,1020,342,101
SYT11_AACAGCCTCTGATTACGACA,SYT11,461,23,44
SYT11_TGAAGGTCTCGTCAAACACA,SYT11,1317,260,149
SYT11_CTACAGCCAGCTGCAGGACC,SYT11,749,95,165
SYT11_AGCCAGACACTTGCCGAAGA,SYT11,1023,366,287
SYT11_TGCGATCGAAGTCGATAACG,SYT11,428,273,338
SYT11_ACTTGGCCACAGGCTTGCGG,SYT11,330,154,194
SYT12_TGCGATTCCCAGCAGGGCCA,SYT12,1596,98,289
SYT12_AGTTCAGGGAGTCGGCCGAC,SYT12,666,342,71
SYT12_GGATGAGCGCAACGTCAGCA,SYT12,736,726,364
SYT12_CTTGGCCTTAACCACGACCA,SYT12,1250,470,877
SYT12_AAAGAAGACAGCCGTGAAGA,SYT12,604,183,339
SYT12_ACAGCGTGCCACATGGACAC,SYT12,833,290,76
SYT13_CAAGGTGACCTTGAAGCACC,SYT13,456,133,151
SYT13_CTTTAATCAGCACCACCAGG,SYT13,831,244,355
SYT13_GCTGTGACTGCTACGTCCAA,SYT13,932,327,239
SYT13_CGAATGACAGTCGCCTCAAG,SYT13,1151,76,227
SYT13_TGGAGCCGTCACAGCTGGCC,SYT13,457,393,136
SYT13_CTTGCTCGGGTCTGCACAAC,SYT13,1841,1002,1103
SYT14_ACACAATTCCAGACTACCAC,SYT14,849,97,542
SYT14_GGAACTATGCTTGGGAAACA,SYT14,1507,343,303
SYT14_GGCTGCAATTCATCCAGCGG,SYT14,1550,329,213
SYT14_GGTGGCTGCAATTCATCCAG,SYT14,199,1,41
SYT14_GCTTCTGGCTCAGGATCAAA,SYT14,735,359,241
SYT14_GAACAGTCCATCTGACAACA,SYT14,1043,855,449
SYT15_GAGGTCGCCAAACTCCGAGG,SYT15,616,26,11
SYT15_TCTCCGTCTACCACGTGGAC,SYT15,477,132,183
SYT15_GGCACCACGAATGGCACAGC,SYT15,318,26,58
SYT15_GCTGCCTGGGACACCAGCCA,SYT15,852,160,288
SYT15_CGAGGCTCGCTTACCCGCCA,SYT15,1432,129,209
SYT15_CGTGAGCTCCCGGAAACCGC,SYT15,765,155,186
SYT16_TTTCTAAAGTACCAGGGAGC,SYT16,19,199,69
SYT16_CGTTCAGTGACATCTGAGAA,SYT16,1701,2016,1562
SYT16_CCTGAGGCTTTGGACCACAC,SYT16,1592,436,385
SYT16_GAAGGTCACCTTTGCCAAGC,SYT16,951,142,61
SYT16_TAACAGCGAGGTTTCGGAAA,SYT16,1603,319,329
SYT16_ATTGGGCTGACCACGCCGAA,SYT16,378,176,210
SYT17_GCAGTTGGAACCATTAAACG,SYT17,2035,570,817
SYT17_CTCACTTGACTGGCAACAGC,SYT17,610,562,318
SYT17_GGCCAGCCGGAGCAGTGACA,SYT17,970,190,195
SYT17_TAGGTCCGTCTGAGCACCGA,SYT17,1010,263,227
SYT17_CTTCAGACAGATGTGAGCCA,SYT17,1888,348,353
SYT17_CCTACCTGTAAACACTAGGC,SYT17,484,102,68
SYT2_TTCGTGGGCAGCAATGCCAC,SYT2,334,38,80
SYT2_AGCACCTGAATCTGCTCGAA,SYT2,470,397,561
SYT2_TCGGCCAGCCCATTGAGGAG,SYT2,2597,1004,1559
SYT2_GATGACGACGACGCAGAGAC,SYT2,232,111,195
SYT2_GAGCCCAGCAACCACAGCAA,SYT2,644,157,267
SYT2_GCAATGGCGATCAGTGCCCA,SYT2,957,340,67
SYT3_AGGCCTCCCTGATCAGCGAG,SYT3,762,136,9
SYT3_AGCCTCTAACCTCAAAGCGA,SYT3,297,24,41
SYT3_TGGAGGGACATCGTGGAGGG,SYT3,1113,477,238
SYT3_CCTCTATGGCTCGGACCAGC,SYT3,288,83,444
SYT3_GGACATGGACTCGTATCCAG,SYT3,1109,217,287
SYT3_GAGATGCTGACACCAACGAC,SYT3,780,14,196
SYT4_AAGGAACTGGTGGAGAGCAC,SYT4,1030,119,86
SYT4_CATCCATGGCTGGCAAGCCA,SYT4,654,116,141
SYT4_CTTACCAAATTCTTCCCGGC,SYT4,156,149,14
SYT4_GGCTCCGATCACCACCAGCC,SYT4,542,181,344
SYT5_CTCACCTGGACTTGGTCACA,SYT5,791,416,213
SYT5_TGGCGTCATTGCGAGAGAAG,SYT5,1876,392,273
SYT5_ACGGAGGCGGTACGAGACCA,SYT5,420,81,92
SYT5_TTATGACTTCCAGAGTGGCC,SYT5,440,71,96
SYT5_ACCGGAAGAGCTGTCGGAGG,SYT5,226,341,242
SYT5_GGTCTTGCTCACCTGGGCCG,SYT5,188,120,13
SYT6_CCTCCGCCCATCACAGAGCA,SYT6,2096,1155,855
SYT6_TGCTTCTTTGCAGGAAAGCG,SYT6,2332,628,1333
SYT6_TCATGTCATGGCGGGAGAAG,SYT6,333,93,160
SYT6_GGAGTGGTCCACTCCTCACC,SYT6,84,165,29
SYT6_CTGTAGTTTGCCGCTGCAGC,SYT6,746,324,446
SYT6_TCTCCACGTCCAGCCCGAGA,SYT6,1006,148,448
SYT7_GGTCTTAGGGCTTTCGGAAC,SYT7,1064,238,286
SYT7_TGCCGCCCGGTACTTGGAGC,SYT7,554,143,90
SYT7_CCACTTTGGCGCCCGACAGG,SYT7,654,53,71
SYT7_GGACAACGAAGGGTTAACGA,SYT7,1656,315,511
SYT7_ACCAGCAGGACGTCGCGCGA,SYT7,1778,183,334
SYT7_CATGTACCGGGACCCGGAGG,SYT7,362,75,22
SYT8_TCCTCTCAGACACCCGAAGG,SYT8,212,92,29
SYT8_GGAATCCCACAACTCACAGG,SYT8,154,288,225
SYT8_AGGAGCCGCTCCTCACCAGG,SYT8,244,248,113
SYT8_GCAACCTGATGTGGATGGCC,SYT8,449,32,68
SYT8_TCTCATGTCTGTGTCCGGCC,SYT8,709,128,218
SYT8_CTCACCTGAGTGGCAGCCGG,SYT8,1233,523,392
SYT9_CAGAGAACAAATGCTGGCGA,SYT9,2535,309,203
SYT9_ACTCACCTGGGTCGCGGAGC,SYT9,1149,281,418
SYT9_TGGGTTCCGTGGCGAGAACG,SYT9,1580,587,469
SYT9_TCAAGGTCATTGTAGGGAAC,SYT9,1836,269,189
SYT9_CAGCCGTTGGAAGATAGCAC,SYT9,1222,284,670
SYT9_ATGGCAGACGACTGAAGAAG,SYT9,876,159,114
SYTL1_TCGTTGGAGGACGCCAGCAA,SYTL1,3393,647,892
SYTL1_GCAGCTGAAGATCCTGACAG,SYTL1,1428,125,179
SYTL1_CCAGGCTCCAGGCCACGACA,SYTL1,1891,555,504
SYTL1_CTGTGCCGAGGAGGCTGACC,SYTL1,1485,387,224
SYTL1_CTGAGCATGCGGTCGAGAGA,SYTL1,424,132,185
SYTL1_GATGAGCCTGTCAGGCGACG,SYTL1,446,78,49
SYTL2_TTAGTGCGTAGTGCTGAAGA,SYTL2,743,248,392
SYTL2_TCAGGCCATTCCCAAACGAG,SYTL2,2229,490,645
SYTL2_TGGGACCCATTTGAAAGGCC,SYTL2,210,190,220
SYTL2_ATGCAGCACCAGCAAGCCCG,SYTL2,2724,399,40
SYTL2_CTCTGATGATATCTGCGCCA,SYTL2,997,611,341
SYTL2_CTTAAGCTTCCTGACTGAAG,SYTL2,1671,173,288
SYTL3_TCTCAAGGAGTTAGAACGCG,SYTL3,1180,263,201
SYTL3_AGTGCCGAGTGTTCCTGAGG,SYTL3,697,98,139
SYTL3_CGAGCCAAGAAATTTCCAAC,SYTL3,1592,526,468
SYTL3_TGCCAGGACTGCGGCTGCAC,SYTL3,101,47,40
SYTL3_CGTTGACCGCAGTGTCAGAC,SYTL3,360,282,269
SYTL3_TATGGTACTGGGTGCCGGAC,SYTL3,566,94,154
SYTL4_ATCCACATTGAGGCCTGGGA,SYTL4,664,110,162
SYTL4_ACTCGGATAGCACCTCCAGG,SYTL4,472,228,194
SYTL4_GATCATTCAGGAGCGGCAGA,SYTL4,106,14,54
SYTL4_AATCGCTTTGCTTACCGCAC,SYTL4,2064,347,662
SYTL4_TGCGGCAGTCCCGACACACC,SYTL4,1271,756,913
SYTL4_TGTTCTACAGCGAGATGAAG,SYTL4,1943,487,520
SYTL5_CATCTCTCTTTAGGACGCCC,SYTL5,283,275,12
SYTL5_CCCGGTCAAAGATTAGGCCC,SYTL5,1091,214,357
SYTL5_AAGTTCAGATCGGCAACCAG,SYTL5,837,155,306
SYTL5_CCGAAGAGCAGTCGGAGCAA,SYTL5,2622,674,951
SYTL5_ATACCCACCTGAGGAGAGAG,SYTL5,814,215,214
SYTL5_AACACTCACCGTCTGGCAAG,SYTL5,5237,397,475
SYVN1_CAGGGTGTTCATGTTGCGGA,SYVN1,464,410,196
SYVN1_GGCCAGGTACATGGGCCGGA,SYVN1,201,11,65
SYVN1_GATAGGCGTGGCTGACGAAG,SYVN1,668,33,30
SYVN1_AATGCGGCAGTGAAAGAGCC,SYVN1,599,70,49
SYVN1_CGTACCAGGAACGTTCCAGA,SYVN1,545,255,183
SYVN1_GGCCAGGGCAATGTTCCGCA,SYVN1,673,172,217
SZRD1_AGGGAAAGCGGCGAGTAAGA,SZRD1,657,173,224
SZRD1_GCTATCGTCCTGAATCACAA,SZRD1,1320,239,214
SZRD1_CAGGACGATAGCCTTCCCGC,SZRD1,915,411,178
SZRD1_AGGACGATAGCCTTCCCGCG,SZRD1,2173,351,378
SZRD1_CCACACTCACCTGTCGAGGA,SZRD1,1663,360,466
SZT2_TGTGATGGCCTCGGAGCGCC,SZT2,718,30,104
SZT2_TGTTCCCAGGTGGAAGAAGC,SZT2,488,238,319
SZT2_CCGATACTGCCAAGCCAGGA,SZT2,1140,754,459
SZT2_CAATGATGGAGGAGTAGGCC,SZT2,393,288,240
SZT2_TGGCCACCTTATCCTCAAAG,SZT2,2266,554,869
SZT2_CCGGCTCAGGACAAGTGGAC,SZT2,1183,673,1346
T_CAGTACGACGCCGCAGCCCA,T,930,393,393
T_GGACATACATTACCTGGAGC,T,872,55,157
T_CCCGGAGACAGCCAGCAACC,T,1205,1530,1991
T_CGCCACGAAGTCCAGCAGGA,T,1324,853,709
T_CTGCAGGCGGGCAGCGAGAA,T,497,166,283
T_CATTCTCCACGGCGCTCAGC,T,232,50,339
TAAR2_CTTCAGTGCTCTGCGAAACC,TAAR2,1121,741,706
TAAR2_TTCAGTGCTCTGCGAAACCA,TAAR2,767,384,314
TAAR2_CTTGTTGAACATCACTGGGC,TAAR2,600,196,164
TAAR5_GCCCTTCACCATAGACACGA,TAAR5,1134,290,249
TAAR5_ATATGCCCACAGCAATGCCC,TAAR5,131,13,48
TAAR5_GACCCAGAAACATGTCAGCC,TAAR5,1070,46,231
TAAR5_GAAACATGTCAGCCAGGGCC,TAAR5,363,103,81
TAAR6_CACTATGTACAGAATCACCC,TAAR6,851,213,96
TAAR6_ACCCACCAAGAAATCAGCGC,TAAR6,1697,423,321
TAB1_CACTGAGAGCCACCCGCCAG,TAB1,1263,253,201
TAB1_TTACCTCTGGCAATTGCGAC,TAB1,1069,461,300
TAB1_AGAGAGGGAAATTTCGGGAG,TAB1,945,324,184
TAB1_GCTCTTCCGTCTTTCGCAGC,TAB1,569,314,472
TAB1_GGGCTGGCACCTACCTGAGA,TAB1,524,182,217
TAB2_ACTGACCTGTAACATGCACC,TAB2,233,113,143
TAB2_ACCTGTACTTAACAGTCCAC,TAB2,323,81,56
TAB2_TGCTGCCACAGGAGATGAAC,TAB2,1326,524,532
TAB2_TGTTCACAGCGAATTAAGGC,TAB2,944,298,292
TAB3_TAGTGCTGGGTGGTTAAGAA,TAB3,1090,437,459
TAB3_TCGAGATGAAGACTACGAAG,TAB3,981,305,228
TAB3_CCTCGAGATGAAGACTACGA,TAB3,419,343,350
TAB3_AGAGCCTGGTATCACTGAAA,TAB3,1222,686,477
TAB3_GCATAAAGATGTGGCCCAAC,TAB3,578,619,475
TAB3_CTTGGTACAGTCTGTCCAGA,TAB3,331,239,184
TAC1_ATCTGAATTACTGGTCCGAC,TAC1,1,183,199
TAC1_ATCTTCTGCAGAGAATCGCC,TAC1,42,55,20
TAC3_CCCAATCAGCTTGGATCCAC,TAC3,1719,357,338
TAC3_ACCCTCACTGAAGGTAAGAA,TAC3,979,422,190
TAC3_GGCAAGAGGAGCGTCCAGCC,TAC3,337,93,31
TAC4_CTTGCCTACCTTCTGTGAAC,TAC4,2048,690,709
TAC4_AAGAGAAGCCTGTTCACAGA,TAC4,128,88,102
TACC1_GGAGAGGCACCCGAGACCCA,TACC1,354,4,0
TACC1_TGCAGTGGGCGAAATGGACG,TACC1,386,163,471
TACC1_AGAGGCCCGTCTCGTGCCAC,TACC1,41,66,117
TACC1_TCAGAAATCAGCTGGTGCCG,TACC1,1497,127,406
TACC1_GAGCTTCCAGCAACTGACCA,TACC1,707,381,97
TACC1_AATCCACGCAGAAGAGAAAC,TACC1,730,240,381
TACC2_CAGCACCTCGGACAACCAGG,TACC2,315,113,131
TACC2_CATCCGGTCCAGGCATGGCA,TACC2,341,480,203
TACC2_GCATCCTTCTTAGGAACCGA,TACC2,519,3,151
TACC2_CTATCAGATCCGTAGAGACC,TACC2,1207,312,225
TACC2_TTGGCCGGATCTGGGCAGGA,TACC2,961,476,182
TACC2_GAGCTGGCGGAGCTTTGACA,TACC2,1527,219,58
TACC3_TTACCTTCATAGCTTTGGCC,TACC3,414,177,33
TACC3_CAGGATTCTAAGTCCTAGCA,TACC3,879,520,542
TACC3_GCTTCCTTAGGGATTGCACC,TACC3,80,36,9
TACC3_GCTGCATTCAGCCTCAGCGG,TACC3,802,105,18
TACC3_CAGGCAACGTACCCTCAGCG,TACC3,1278,307,270
TACC3_ACTCCTCTCAGTTCTAGGCA,TACC3,627,74,106
TACO1_GCCCGATGCTTGCTGGCACG,TACO1,1412,170,450
TACO1_CAGGCACATCAAGGGTCCGA,TACO1,820,59,166
TACO1_CCCTGAGCACAACAGCAACC,TACO1,3034,1519,1734
TACO1_CTGTATGAGGGTCGAGGCCC,TACO1,817,22,85
TACO1_CTGGAGATGGCAATCGAAGC,TACO1,372,173,140
TACO1_TCAGGCTCTCAGCAACCACG,TACO1,1543,172,326
TACR1_AGTCGCCGGCGCTGATGAAG,TACR1,365,105,51
TACR1_GCAAGTCTCTGCCAAGCGCA,TACR1,697,120,392
TACR1_TGCATAGCCAATCACCAGCA,TACR1,2742,871,1231
TACR1_GAGTCGTGTGCATGATCGAA,TACR1,974,133,48
TACR1_GACCTCTGTGGTGGGCAACG,TACR1,1560,260,326
TACR1_AGAGGTCTGAGTCCACCGGG,TACR1,971,42,56
TACR2_CCGGAATCCAGAGCGAAACC,TACR2,3007,1035,675
TACR2_TCTACTGCTGTCTCAACCAC,TACR2,1440,336,463
TACR2_GCTACAAACATCACCGCGAG,TACR2,922,28,146
TACR2_CTCCACCGTCACCATGGACC,TACR2,2326,271,247
TACR2_GGAGTAGATGCTGACAAACA,TACR2,1032,129,171
TACR2_TGACTGTGCGCATCCTCCGA,TACR2,702,178,301
TACR3_TATGAAACTTGAAGTGGCGG,TACR3,447,116,29
TACR3_TATGTACACCGTGACCAGAA,TACR3,646,305,259
TACR3_TGCTTTGTGCAATGGCCAGA,TACR3,1129,154,264
TACR3_CAGAGCGCGATGCGCCAGGA,TACR3,193,120,220
TACR3_CTGGTTGGTGAGGTTGGCCC,TACR3,585,193,179
TACR3_CAGGCAGTCCCAGCGCGGAA,TACR3,982,609,543
TACSTD2_TCCATGAAGCGCCTCACCGC,TACSTD2,1063,298,412
TACSTD2_TCTCTATTCCAGGGCCGCGG,TACSTD2,513,277,164
TACSTD2_TGCCGCCTACTACTTCGAGA,TACSTD2,1101,110,200
TACSTD2_ATGCCGCCTACTACTTCGAG,TACSTD2,1265,609,281
TACSTD2_AACACGTCTCAGAAGGCCGC,TACSTD2,352,325,77
TADA1_GGATGACTTCCCTGTGCACC,TADA1,578,89,262
TADA1_CCCTTCAAGCTGGCCTCGAG,TADA1,974,328,336
TADA1_TGGATCTTTGCCTTGGCCAG,TADA1,1073,244,320
TADA1_GCTGGATCTTTGCCTTGGCC,TADA1,157,3,99
TADA1_AGCTCATAGACTTCTCACAC,TADA1,1125,222,430
TADA2A_TTCTTCTTGAGCAGTCCAGC,TADA2A,485,183,161
TADA2A_CTGCTTGTTTCAGGTTCAGC,TADA2A,293,29,139
TADA2A_GGCCATGTCCCGAGAAAGCA,TADA2A,970,70,50
TADA2A_AATGGAACGGCGGTATCCCA,TADA2A,271,10,50
TADA2A_CAGTGGAATTTGAACTCCGA,TADA2A,582,244,105
TADA2B_CGTCCACCAGCTGGTAGCCG,TADA2B,2176,624,700
TADA2B_CAGCAGCTGCTCCTCGCGAC,TADA2B,646,545,558
TADA2B_CAACTATGATGACGACGACG,TADA2B,1057,709,772
TADA2B_GCGAAACGGGATCACCAAGA,TADA2B,798,454,859
TADA2B_TCTGACAGGAGCTCGAAGCC,TADA2B,317,19,10
TADA3_TGCTGAGCTTCGCAAACGGC,TADA3,437,71,24
TADA3_GGGCTTGTTCTGATTGCGAG,TADA3,857,315,533
TADA3_GCGCTGCGTCAGGGCACCAA,TADA3,917,546,316
TADA3_TGCTGACATCACCAGCGAGG,TADA3,722,21,46
TADA3_TGACAGACGATTCCTGAAGC,TADA3,2304,635,672
TADA3_GCCAGCACTGCCGTGTAGCG,TADA3,1206,212,787
TAF1_GACGAAGATTCCGCTGGAGG,TAF1,383,57,36
TAF1_AGAATCACCTGAGTGGCAAA,TAF1,1467,106,186
TAF1_TAGCATGACTAGGAATGCGA,TAF1,520,12,61
TAF1_CTCACTTGCAGCAATTGGCC,TAF1,1361,56,12
TAF1_TTCACGTGAACGGGAGGAAC,TAF1,594,140,177
TAF1_TCTACCTACCTTGCAGCAGC,TAF1,18,211,114
TAF10_ATGCCATACTCGCTGAGGGC,TAF10,9,84,132
TAF10_AAAGGCGTGCTGGACACCAC,TAF10,500,20,56
TAF10_CAACGGAGACGTGAAGCCCG,TAF10,1217,226,155
TAF10_GGTTTACGTACTGCCGAGCG,TAF10,630,33,22
TAF10_GCTGGCCTTGTTCTCCGCGG,TAF10,687,40,30
TAF10_CAGCACCGCCGCGGAGAACA,TAF10,1960,358,211
TAF11_CCTTACCCTCTGTTTAGCAC,TAF11,2178,97,257
TAF11_AGACATCCTGACTCTCGAGC,TAF11,442,227,123
TAF11_ATGAGACGGCCGCTGTGCCC,TAF11,407,186,88
TAF11_CACGAGTCGCCCTCCGACAA,TAF11,2606,2147,2889
TAF12_GCATCGCAAGTCTAGCACCC,TAF12,1011,13,2
TAF12_CACTGCAGTACTATTGGCCA,TAF12,1077,552,356
TAF13_TCTTGATTCGAAAGGACCCA,TAF13,190,273,51
TAF15_TAGTCTGGCTGGTCATAGGA,TAF15,772,138,305
TAF15_CATACCTACTCACATCACGA,TAF15,1093,274,417
TAF15_GGATATGGCGGGTCACAGGG,TAF15,38,6,7
TAF15_CCTGAATTCATGAGAGGAGG,TAF15,407,85,137
TAF15_CGTGGAGGCTTTCAAGGGAG,TAF15,2022,65,132
TAF15_GAGAGGCTACGGTGGAGAGA,TAF15,567,50,51
TAF1A_TTGCGTGGGTTCAAGAAGAG,TAF1A,1583,149,170
TAF1A_CTTCTTGAACCCACGCAAGG,TAF1A,654,0,13
TAF1A_GGATCGAGATGGAGCCCAAG,TAF1A,443,39,98
TAF1A_AGGATGTGTTCAACCACAGC,TAF1A,245,77,1
TAF1A_TGCTTACAATGCAGTAGCCC,TAF1A,974,71,78
TAF1A_AAGCTCTGCTGAAGCACCAA,TAF1A,93,31,0
TAF1B_ATTGTGATGCTTTGCTGACG,TAF1B,1020,49,46
TAF1B_GAAGGCAAGTGTCTGTGGCA,TAF1B,337,0,5
TAF1B_GCATAGCTTAACTTGCCACG,TAF1B,553,46,57
TAF1B_TCAGTTCAACTGGACTGAAG,TAF1B,809,0,83
TAF1B_TCTCACAGTTAGTGATGAGG,TAF1B,497,24,55
TAF1B_TACCGTAGGTTTCCTTCCAG,TAF1B,259,51,89
TAF1C_AAGAGGAGTCCCGGAACACG,TAF1C,920,35,50
TAF1C_CATGTCACCACTTGCCGGAC,TAF1C,2215,67,119
TAF1C_CGGTTGCTGAGGTAAGCCCA,TAF1C,927,0,0
TAF1C_CTACGTCTCCATGATCCAAG,TAF1C,2022,2,29
TAF1C_CGTGCTGGATGTGACTGAGC,TAF1C,1665,1,87
TAF1C_GGGACGTCGCTCAGACCAAG,TAF1C,136,87,153
TAF1L_GCACAGGGATGGATTCAAAC,TAF1L,1313,522,417
TAF1L_CCACCCTTCATCATTTACCA,TAF1L,3781,423,789
TAF2_GAGAGTGGAGCGCTTGCCGC,TAF2,86,55,10
TAF2_GAACTTGCACGGAAGGGAAC,TAF2,1215,129,192
TAF2_GAGTTTGGAACTTGCACGGA,TAF2,808,136,86
TAF2_TGCAGAAATGATTGATGCCC,TAF2,658,0,11
TAF2_TCAATGGTGAGCACATGGAC,TAF2,796,207,103
TAF2_GAGAGATGTTGTTGCACAGC,TAF2,132,0,0
TAF3_GCAGCGCTATCTGCAGCAGC,TAF3,1087,182,84
TAF3_CCCATTGTGTCTTCTCAAGA,TAF3,1567,311,525
TAF3_ACCGGAAAGAGGCAGAGGAG,TAF3,600,174,171
TAF3_TCAGTCACCACGCTGCGCAC,TAF3,751,372,634
TAF3_CAAGTGTGCGAACAAGAAGA,TAF3,641,236,199
TAF4_GAGTAGCTCGGTCCAGCGCA,TAF4,322,17,7
TAF4_TTACCTTCAGGAAAGGCACA,TAF4,352,76,68
TAF4_ACGGCGACGGCTGTTCAGAC,TAF4,767,680,234
TAF4_CGAGCGCTGCAGGGTTGCAC,TAF4,1343,76,341
TAF4_CTTGGCCCAGATGCAGGCGC,TAF4,1521,762,748
TAF4_TTGTTGACCAGGCTGACAGC,TAF4,675,67,130
TAF4B_GGAGTGCTCTCCACCCGCAC,TAF4B,613,237,288
TAF4B_GGCCGCTGCTGACTTTAGGA,TAF4B,234,234,344
TAF4B_TGAGGAAGGCTTCGGAACAG,TAF4B,762,141,252
TAF4B_AGGAGTAACTGTGACGACAC,TAF4B,509,192,45
TAF4B_TCAGCAGACTTCTAGTGACA,TAF4B,3243,746,932
TAF4B_GACACTGTAGTTGTCACCAC,TAF4B,317,99,90
TAF5_CAAACTCCGCGAGGCCGAAG,TAF5,697,283,138
TAF5_GGCAGGAGAGGCTAAACGAG,TAF5,672,175,371
TAF5_TTTGGATGACGAGGATGAAG,TAF5,603,210,114
TAF5_CAAACGAGTGCGCCTTGGGC,TAF5,107,17,0
TAF5_CTGAAGCTGGCTCCGTAGAC,TAF5,2186,96,116
TAF5_AACAGTTCCGTCCTCTGAAG,TAF5,1158,5,51
TAF5L_CTCACCTTCAGTCCAGACAG,TAF5L,2645,429,481
TAF5L_AGTCCCACAGCTTCAACCGC,TAF5L,2038,443,562
TAF5L_CCGATCAAATGACCACAGCC,TAF5L,1009,488,521
TAF5L_ATAGCCTGTACTTCGCCAGC,TAF5L,516,83,273
TAF5L_ACCGTTGTTCTCACTGCGGG,TAF5L,695,147,503
TAF5L_TAAGGTGAGGACTTTGCACA,TAF5L,693,268,368
TAF6_TGTTCTGAACCACGTTCACA,TAF6,301,179,161
TAF6_TCAGTACCTTTATCTCGGAG,TAF6,655,26,97
TAF6_AGCTCCCAAAGAGCAACAGA,TAF6,1075,13,80
TAF6_CCACCAGAGGCGAAGCGGAA,TAF6,1206,382,404
TAF6_CCGCATCAAAGAGATCGCAC,TAF6,1006,0,0
TAF6_AGCAATATTCCCAACCGCAC,TAF6,493,220,275
TAF6L_CCGCTCTTCTCGCTCTGACA,TAF6L,1501,550,372
TAF6L_GACGGTTGAGGACTTCAACA,TAF6L,615,107,40
TAF6L_TGAGGATCGAGAGGTGAACC,TAF6L,1158,387,362
TAF6L_CCTGGATGGCAAAGGGAACC,TAF6L,771,264,433
TAF6L_CTAGCACAGCACGAGTCACC,TAF6L,941,281,435
TAF6L_GAAATCTGTAAGCCATGACC,TAF6L,191,36,44
TAF7_TGAATCAGATGAACAGCACC,TAF7,643,334,645
TAF7_TTAGGATCAGTGCTAGCAAC,TAF7,782,97,30
TAF7_GCGTCATGGAATCGTCAGAG,TAF7,1419,177,122
TAF7L_TGTCCCACTAGCTGCTAAGC,TAF7L,652,522,573
TAF7L_TGCCGACGAGGACACTCAAA,TAF7L,1216,372,507
TAF7L_GCCGACATTGCTGGCGACGA,TAF7L,75,141,288
TAF8_GAACAAGATGGCCGACGCGG,TAF8,880,115,19
TAF8_AAACCCTGCCTCTGTCAGCA,TAF8,194,0,0
TAF8_CGTGGTCACACTTGTTGAGA,TAF8,1104,398,137
TAF8_TCCGGTGAGTGATGAAGCAC,TAF8,1471,277,285
TAF8_CCAGAGGCGCGATGTGGAGC,TAF8,283,55,73
TAF8_AGAGACAGATTCCTCGGAGC,TAF8,224,242,19
TAF9_AAGACTGATCAGCGCGGCAC,TAF9,869,77,40
TAF9B_AAGATTGGTCAGCACGACAC,TAF9B,545,39,154
TAGAP_ACCAGGGACCACGTCCCGAG,TAGAP,104,28,50
TAGAP_TTCCTCACAGGTGAAGACAC,TAGAP,1299,82,343
TAGAP_TGGACCCAACATGCTCACCC,TAGAP,1459,359,246
TAGAP_CGCTTGAAAGTAGCTTCCGG,TAGAP,691,242,112
TAGAP_TTAAAGGCCCTTCAACGGAA,TAGAP,1118,362,659
TAGAP_CTTAAAGGCCCTTCAACGGA,TAGAP,409,188,464
TAGLN_CCTGGAAGCCCAAGCGCCCA,TAGLN,867,112,129
TAGLN_GGTGGCTCAGTTCCTGAAGG,TAGLN,660,59,95
TAGLN_CTTCCTCTCTACCTTCAAAG,TAGLN,804,498,873
TAGLN_ACTACCGTGGAGATCCCAAC,TAGLN,911,190,142
TAGLN_CTCCTCTTCTAGGAAAGCGC,TAGLN,373,166,276
TAGLN2_TAATGAGCTCACATAGCACC,TAGLN2,412,70,80
TAGLN3_GAGCTATGGCTTAAGCCGAG,TAGLN3,707,155,144
TAGLN3_GATCATCCTGCAGTGCGCCG,TAGLN3,468,85,0
TAGLN3_AACCACCGACATCTTTCAGA,TAGLN3,248,32,25
TAGLN3_CACCGACATCTTTCAGACGG,TAGLN3,2642,699,1430
TAGLN3_AAAGCCCAGCAGAATCGGAG,TAGLN3,1763,343,449
TAGLN3_TGACAGGGTACGGGATGCCC,TAGLN3,61,0,25
TAL1_CCTTGCCAGTCTTGGCCCGC,TAL1,84,291,605
TAL1_CAAGCTGCTCAATGACCAGG,TAL1,1303,325,453
TAL1_CCACCAACAATCGAGTGAAG,TAL1,2964,521,1455
TAL1_CCAAAGAACCCGCTGTGGGA,TAL1,129,234,326
TAL1_CCTTGGCGACGCCGTTCAGC,TAL1,282,161,230
TAL1_CCAGCTAGAGGGACGGGACG,TAL1,2546,362,550
TALDO1_CGGTGGTGAACTGCTTGAGC,TALDO1,461,62,91
TALDO1_GATGCCCGCTTACCAGGAGC,TALDO1,580,0,13
TALDO1_ACTTCTGTGGATACTCGGCC,TALDO1,199,31,0
TALDO1_ATGCGATGGTGGCCAGAGCC,TALDO1,474,448,251
TALDO1_CCACAGAGGGACCCTCACCA,TALDO1,2711,1439,762
TALDO1_GGCGCCTCCTTCCGCAACAC,TALDO1,236,29,36
TAMM41_GGCATAACAGCAGCAGAACC,TAMM41,231,261,202
TAMM41_TGCCATAGAGCTCTCGAAAG,TAMM41,1589,580,596
TAMM41_TTCTTTGAATGCCATGCGAC,TAMM41,1450,158,324
TAMM41_CAGTAGATGACCCTGTCGCA,TAMM41,904,30,70
TANC1_TATAGGGTGAGCTTGGCCAA,TANC1,476,73,191
TANC1_TCAAGAACTGTTGACAAGGC,TANC1,1002,437,844
TANC1_TAGCAGCCCTAGTTCCACCC,TANC1,1858,542,661
TANC1_CCAGCTCACTAATAATGCCA,TANC1,1318,364,274
TANC1_CCATGGCACAATACGGCCGG,TANC1,1454,556,512
TANC1_GAAGAACTCGGTGAAAGCAA,TANC1,1130,201,123
TANC2_CGCCAAAGCCGCTCTGGGCA,TANC2,959,745,892
TANC2_ATACCTTCACTCACTGGAAG,TANC2,441,160,107
TANC2_GCCAGGTGACCAATACAGCA,TANC2,1081,878,953
TANC2_TGGAACAAGGACTTATCCGC,TANC2,848,580,401
TANC2_GGCCGTGGCATGAGATACAA,TANC2,981,392,312
TANC2_ACGAATGCCAAGACAGAGCA,TANC2,1193,726,732
TANGO2_ACTGTCATCTGCCACAGGGC,TANGO2,340,111,129
TANGO2_TCATAGCAGCCGACCTGAGG,TANGO2,835,326,194
TANGO2_TTGGCCTGCAGCACAGCAAA,TANGO2,1726,243,241
TANGO2_TTGCTACTATGGGAACCGAG,TANGO2,1534,217,191
TANGO2_AGCCGCGTACTTGCTCAGCA,TANGO2,928,1130,753
TANGO2_TGAGCGTAGCATGATGGACA,TANGO2,1488,364,213
TANGO6_ATTGAAGCTGCTGCTGAGCC,TANGO6,542,30,66
TANGO6_ACTTGTCCTCCAAAGCAGAC,TANGO6,187,16,13
TANGO6_AGGAGAGAACCCTATCCAGG,TANGO6,351,10,8
TANGO6_CATAGACGCCGAAGCCAAGC,TANGO6,692,75,118
TANGO6_CGATGAAGAGGAGCTAACAC,TANGO6,871,97,11
TANGO6_CTGACACAGAGAATGGAGAG,TANGO6,1479,208,13
TANK_TCCAACCGCGGTAAGAAGGC,TANK,1135,363,366
TANK_AGTGATGCTACAGGACGAAG,TANK,337,122,81
TANK_ATCCATGCATGCCTGCCGGA,TANK,161,74,148
TANK_GCAGAGAATACGTGAACAAC,TANK,467,191,120
TANK_ATGGAGTTCAGAGACAACCC,TANK,419,0,25
TANK_CCACCATCCATTACATCCAG,TANK,1597,378,370
TAOK1_ATGCCATCAACTAACAGAGC,TAOK1,331,3883,3918
TAOK1_CCAATACGGCGTTCCCACAA,TAOK1,1194,1471,1621
TAOK1_TGGGCGTCATAACTTAGAGC,TAOK1,1402,5021,2735
TAOK1_AACTGAGCTCACTAACCAGC,TAOK1,364,613,1014
TAOK1_TCTTTGGTGTAGTCTCCAGC,TAOK1,234,1114,917
TAOK1_GCTGCGTTTGGATGAAGCAC,TAOK1,1098,718,1401
TAOK2_GACCTCCGGGAAATTGGCCA,TAOK2,287,175,252
TAOK2_GGATGTCCGGAATAGTGAGG,TAOK2,300,918,682
TAOK2_GCTCCCTCAGGTAACAGCCC,TAOK2,562,331,623
TAOK2_GATCGCAGCTGTGACCCACG,TAOK2,649,826,1874
TAOK2_CTAACCCTGGCTCTGACAGC,TAOK2,459,31,138
TAOK2_TTCTCCTAGGATGGCACCCG,TAOK2,3307,1614,1373
TAOK3_ACAGTCTCTGTTGAGTGAGA,TAOK3,876,328,112
TAOK3_CCTCCTTCTGTAGCTTGAGG,TAOK3,540,159,325
TAOK3_TACCCAGTCAGTTCAGAGCC,TAOK3,744,376,279
TAOK3_TACTTTCTTATGCACGACGG,TAOK3,748,387,154
TAOK3_ATGACTTTGTTCGACGAGAC,TAOK3,1607,348,423
TAOK3_ACTGGCCATCATGCGTAAAG,TAOK3,2031,1334,1671
TAP1_CTACCAGATGCAGTTCACCC,TAP1,1326,785,253
TAP1_TCGAAGCTTTGCCAACGAGG,TAP1,886,129,345
TAP1_GGGATCAGTGTCCCTCACCA,TAP1,730,275,306
TAP1_CGGGATCTATAACAACACCA,TAP1,1349,298,489
TAP1_GCGGCCCGTAAAGAATGGAA,TAP1,545,173,197
TAP1_GGAACAGGCTGATCCTGCGC,TAP1,337,37,42
TAP2_AGGGCGATTGGGATATGCAA,TAP2,354,79,129
TAP2_TATGATCTACCAGGAGAGCG,TAP2,1095,335,179
TAP2_GCTGTATTGGCGGAGAGACC,TAP2,320,126,170
TAP2_AAGCCAGTTACTCATCAGGG,TAP2,436,110,139
TAP2_ACCGAGGTCCTGGCGCAGCA,TAP2,1036,347,582
TAP2_TCTCAGGTCAGGGAGCCGCA,TAP2,807,217,188
TAPBP_GCCGCTCTCAGAAGGCCGAG,TAPBP,112,82,15
TAPBP_TTGTCCCAGTCTCACTCGAG,TAPBP,1377,403,396
TAPBP_TGGCTGTGGTCGCAAGAGGC,TAPBP,792,231,83
TAPBP_CGGTGCACTGCTGTTGCGCC,TAPBP,229,194,85
TAPBP_GGATGCGAGCGGAAAGGGCC,TAPBP,45,130,12
TAPBP_GCTCACCCAAAGCCACAGCG,TAPBP,1445,1109,661
TAPBPL_AGGACTTCACCGATTTCCAA,TAPBPL,285,251,192
TAPBPL_CCAAGCTGCTGTCTTAACAG,TAPBPL,2568,888,1498
TAPBPL_GGAGTGGCGACTGCAGCACA,TAPBPL,1222,476,207
TAPBPL_CAGTACCTGGTGGGACAACC,TAPBPL,1450,289,361
TAPBPL_CGTTGCTCTCACCTACAGAG,TAPBPL,1665,813,1015
TAPBPL_TCATGTCGCTTTAGGTCAGC,TAPBPL,821,216,284
TAPT1_TGACGAGAAGGACATAACGC,TAPT1,2381,865,299
TAPT1_TGACTCTGTAGCACGGAGGA,TAPT1,489,297,455
TAPT1_ACGTTTGCTTCAGCCTGCCC,TAPT1,117,0,54
TAPT1_CTCAGTGCTGAACTAACAAG,TAPT1,2058,370,544
TAPT1_TCTACGAGAGCGACCGGCGG,TAPT1,1149,345,235
TAPT1_TGGGCTTCTACGAGAGCGAC,TAPT1,335,113,43
TARBP1_CTTATTGGCATCTGAACGGC,TARBP1,433,194,299
TARBP1_CATCTTCAAGAGATGGACAG,TARBP1,653,115,164
TARBP1_CACGTAGCCAGTCACACAGC,TARBP1,1130,298,649
TARBP1_CAAGAGGAATCCTTAGGACG,TARBP1,1476,516,591
TARBP1_AAGAAGCCCATCTATACCCA,TARBP1,556,121,127
TARBP1_TCTGCAGCGGCTCGAGGACG,TARBP1,1423,559,434
TARBP2_TGGTGTCGCCAACGGTGACC,TARBP2,979,36,20
TARBP2_CCCTCAAACACCTCAAAGGG,TARBP2,1481,125,64
TARBP2_TTCCATCTGTAGTCCTAACC,TARBP2,909,237,449
TARBP2_TCATGGTGAATTCTTTGCGG,TARBP2,1373,138,160
TARBP2_ATTGGCAAAGCGGAATGCGG,TARBP2,411,39,89
TARBP2_GGGAGCAACTGCGGAGGGAC,TARBP2,243,177,278
TARM1_CCTGGGTAACTTCGTACGAC,TARM1,1648,682,792
TARM1_CTTTGGTAGGTTCGGAGGAA,TARM1,1232,236,299
TARM1_GCGCCCTCTGTAGAATCAAG,TARM1,738,58,40
TARM1_CGATGTTGGACTCCTGCCAG,TARM1,888,378,595
TARM1_GCGTGGGCCAAGGAGACACA,TARM1,1351,406,418
TARM1_GAGACTTACTGAAACAGAGG,TARM1,109,122,132
TARS_CACTTTGCCTGATGGTAAAC,TARS,2069,431,1077
TARS_CAATAACGGTGTTGTCGGCC,TARS,278,103,205
TARS_CCTTTGATAGATCTCTGCCG,TARS,175,89,0
TARS_CCGGGTACGAAGATTCCAAC,TARS,543,37,112
TARS_TGGGAGTTAAACTCTGGAGA,TARS,794,35,54
TARS_CCAGTGTGCAACCATCCAGC,TARS,2921,90,426
TARS2_GGCACTGGTGTGAAGGAACA,TARS2,371,216,108
TARS2_AGCCGCTCTGCCAACCAGCG,TARS2,464,394,163
TARS2_CCACTGCTGAAGTTCAACAC,TARS2,2927,797,316
TARS2_CTGCTGCTCGACCCTTCCGG,TARS2,599,95,164
TARS2_ACATTGGTTGACCTTTGCCA,TARS2,1126,115,16
TARS2_AAGCAGAATTGCGGGACCAC,TARS2,1239,116,193
TARSL2_GGACACAAACCTGTACACGG,TARSL2,1268,179,224
TARSL2_TGGGCGGACCGTAGCACAGG,TARSL2,146,156,140
TARSL2_CCTGGACCGCCCATTGGAAG,TARSL2,1427,375,168
TARSL2_TGATGGGCAAACAGTGCAAG,TARSL2,1227,327,411
TARSL2_TCCTAGTCAAAGCCAAGACA,TARSL2,1546,226,270
TARSL2_GGAGAGCGCGGAGCTAGAGG,TARSL2,812,27,10
TAS1R1_CTCCGTGCTATGGCAGGCAA,TAS1R1,1780,534,293
TAS1R1_TCCAGCTTACCATGGGCACC,TAS1R1,689,49,274
TAS1R1_ATACCGGGCTGTGTATGCGG,TAS1R1,1662,173,62
TAS1R1_GGTGCATTTCCTTCTACACA,TAS1R1,241,151,176
TAS1R1_GGGACCTTCCTCAACAAGAG,TAS1R1,225,52,84
TAS1R1_GAGGAGGCCATTGTAGAGGA,TAS1R1,288,15,23
TAS1R2_GACCAGCTGCCGCTTGAAGC,TAS1R2,148,290,143
TAS1R2_CAGCAGACGTGGATGCCCAC,TAS1R2,682,125,264
TAS1R2_CAAATCTTCTTCGACCCGCA,TAS1R2,1136,260,223
TAS1R2_GGTGTGGTACGCAGCAAAGC,TAS1R2,351,232,347
TAS1R2_TGTAGTCCTCTTGGATGGGA,TAS1R2,363,157,121
TAS1R2_CATCTCCAACAATGTCCAGC,TAS1R2,308,94,118
TAS1R3_AGTTGCTGTGACAGGCACAA,TAS1R3,749,267,258
TAS1R3_CAGGCCGTTTGAGGAGAACC,TAS1R3,1016,215,380
TAS1R3_GGTCAGCTACGGTGCTAGCA,TAS1R3,649,315,190
TAS1R3_CAGAGCGCCTGAAGATCCGC,TAS1R3,274,0,14
TAS1R3_TGCTCGCGGCAGTGCCAGGA,TAS1R3,809,174,498
TAS1R3_CGCTAGGCCGAAGCTGACCC,TAS1R3,688,545,273
TAS2R1_AAGATGAGAGAGTGTCCAGA,TAS2R1,530,65,117
TAS2R1_CGGCAGCAGGGTTCCTGGCA,TAS2R1,434,745,489
TAS2R1_AAACACAGTGGCCGGCAGCA,TAS2R1,2194,273,782
TAS2R10_TTGCTGCAGTACCCTCAAAG,TAS2R10,2857,1371,943
TAS2R13_CAAGAGTGAAGATACTCGGC,TAS2R13,436,21,43
TAS2R13_AAGAGTGAAGATACTCGGCA,TAS2R13,386,225,214
TAS2R14_GCCAGCACCAAAGCCCACAG,TAS2R14,1270,388,430
TAS2R16_GAGAATGGCTGCAAGTCAGA,TAS2R16,275,38,20
TAS2R3_GACATGATGGGACTCACCGA,TAS2R3,1239,247,169
TAS2R3_ACATGATGGGACTCACCGAG,TAS2R3,2412,1065,897
TAS2R3_CATGATGGGACTCACCGAGG,TAS2R3,1746,99,168
TAS2R3_AGTTGGTCAATGGTAGCAGC,TAS2R3,808,221,141
TAS2R3_GCCAGGGACACAATTAAGGG,TAS2R3,848,181,198
TAS2R3_TCAGATGACCAGACTCACAC,TAS2R3,1832,477,543
TAS2R31_GGGCACTAAGTTTCCTAGCG,TAS2R31,1095,566,419
TAS2R31_TAACCGGCCATTTCAGCAAC,TAS2R31,673,223,436
TAS2R38_TGAGCTTGGAGCAGTAAAGC,TAS2R38,1591,448,197
TAS2R38_TGCTGTGTCTCAGCATCAGC,TAS2R38,231,74,176
TAS2R4_TGATAGGATTCTGTTCAGCC,TAS2R4,399,344,378
TAS2R4_TAGTCCCAGCATAAGAAACC,TAS2R4,503,310,383
TAS2R4_GAAAGCAGAAATCAGCACAC,TAS2R4,529,508,235
TAS2R4_CCTGTACATCACGCTTAGCC,TAS2R4,599,674,344
TAS2R40_CCGTGATGAAGCCACTCCCA,TAS2R40,921,357,705
TAS2R40_CAACATAATGCGGTCACCAG,TAS2R40,479,0,41
TAS2R40_CAGCAAACCAGAGATTGGAA,TAS2R40,912,196,238
TAS2R40_AGTGTCAAAGATGTTGGACG,TAS2R40,1041,369,316
TAS2R40_AGTTGTACTGAGTGGCCGGC,TAS2R40,662,124,127
TAS2R41_TCATTGTGCTGGTGCTGGGC,TAS2R41,947,281,327
TAS2R41_CTTCTACTACTCTGCCCAGA,TAS2R41,292,184,100
TAS2R41_CTGGGAACATGACCTACAAG,TAS2R41,2767,568,826
TAS2R42_GAGAATAAATGAGTGGCACG,TAS2R42,886,342,185
TAS2R46_GGGAACTAAGTTTGCTAGGA,TAS2R46,433,313,195
TAS2R5_GGAGAAATCGGCAGCCAGCC,TAS2R5,278,79,79
TAS2R5_TGGCAAACCATAAGCTGGCC,TAS2R5,595,563,384
TAS2R5_GAAGGTGGCAAACCATAAGC,TAS2R5,96,133,163
TAS2R5_GATCACGACCTTCGATCGCC,TAS2R5,3,115,63
TAS2R5_TTCGGTATCCCTTTGAAAGC,TAS2R5,1251,499,422
TAS2R60_CAGTACAGGGTTGTATGGGA,TAS2R60,759,337,152
TAS2R60_CAGCATTCAGGAAGTCCCAC,TAS2R60,1126,93,95
TAS2R60_CCAGGTAGAGGACCATAAGG,TAS2R60,1856,602,608
TAS2R60_AGTTGTCTGGGTGGCTACCA,TAS2R60,732,273,71
TAS2R7_TTCGCCTGATATGTCTCCGC,TAS2R7,603,191,277
TAS2R7_TCGCCTGATATGTCTCCGCA,TAS2R7,1035,264,536
TAS2R7_TGATATGTCTCCGCAGGGAG,TAS2R7,159,205,70
TAS2R7_GGACATTAGGCACACACAAA,TAS2R7,1361,755,577
TAS2R7_TATCCAGATGTCTATGCCAC,TAS2R7,525,35,7
TAS2R7_GATTGGTAAACTGCATGGAC,TAS2R7,330,139,179
TAS2R8_TGCTATAAGGCTGACCAACA,TAS2R8,1960,943,848
TAS2R8_AAATGGCAAAGCATCCCAGC,TAS2R8,787,119,70
TAS2R9_CTGGGTAGTACACGATGAGG,TAS2R9,823,113,107
TASP1_GGATATATGTCAGCCCAGGA,TASP1,919,289,136
TASP1_CTGTGGTTGTGGACCACGAA,TASP1,1488,509,552
TASP1_GGAAACTAGAGCTGGCAGAA,TASP1,1408,459,1045
TASP1_CATGATGTTAGGAGGGCAAG,TASP1,1143,668,978
TASP1_GAACAAAGTGGTTACCAGGG,TASP1,574,202,192
TASP1_AGATCATCTCAGGTTTCGGC,TASP1,0,90,106
TAT_CCACTGCCTCCCAGCAACGG,TAT,1203,581,417
TAT_AAGCATCCTATGTCGCACCC,TAT,921,138,295
TAT_TCGGTGCTGAGGGTGGCCAG,TAT,1723,208,188
TAT_CAGGACGTCATTCTGACAAG,TAT,1261,390,350
TAT_AGGCTTCCTATCCAGTCGGG,TAT,92,48,26
TAT_TAACTTCAGGGTCTGTAGGC,TAT,689,215,134
TATDN2_CAAGCGCCTGAAAGCCCAGA,TATDN2,521,75,61
TATDN2_GGACCAGCCAAGACTGCAGA,TATDN2,523,167,42
TATDN2_GCGTGTCCTCCACAAGGACG,TATDN2,764,264,205
TATDN2_CCTCTAGGCTTGGCTCCAGG,TATDN2,552,79,41
TATDN2_CTATGGATCTTGTAGTCAGG,TATDN2,960,107,100
TATDN2_ACTCCTCTGCCTGGGAGGCC,TATDN2,317,314,115
TATDN3_ATGTTCGGCAACTGCCACAA,TATDN3,169,285,174
TATDN3_TCTGGTGGAAGTCCTTGAAC,TATDN3,11,7,45
TATDN3_TCGGTTGTTGGCAATTGGAG,TATDN3,2230,762,739
TATDN3_TGCTGGCACTGGTGAACAGA,TATDN3,822,297,428
TATDN3_TGGTCGGCCATCTGTAGCCA,TATDN3,1181,521,375
TATDN3_TTCAGGTACGGAATGAGCCC,TATDN3,1223,215,141
TAX1BP1_ATTCCAGGTGTGCATTAGGA,TAX1BP1,945,170,161
TAX1BP1_GAAGAAGCTCGAAACTGGAA,TAX1BP1,13,100,53
TAX1BP1_TCGAGAACAAGTTGGGAGAA,TAX1BP1,1143,1086,871
TAX1BP1_ACTTCGTAAAGCAGAGGAAC,TAX1BP1,1119,447,226
TAX1BP1_GGTCTGCAGCCATCTGAAGA,TAX1BP1,486,54,128
TAX1BP1_GACTAAAGTTTCGAGCAGGC,TAX1BP1,666,90,105
TAX1BP3_TGGTGCGTCTGCTGGTGACG,TAX1BP3,1479,385,280
TAX1BP3_CCAGGGTATTTATGTCACAC,TAX1BP3,1492,465,241
TAX1BP3_CTCTGAAGACAAGACGGACA,TAX1BP3,1219,448,593
TAX1BP3_CATTGGAGGTGGAATCGACC,TAX1BP3,421,237,93
TAX1BP3_CGCAAGCGCACTCACCACCA,TAX1BP3,1855,599,982
TAX1BP3_AAGCGCACTCACCACCACGG,TAX1BP3,2184,147,252
TAZ_CTGGACCAGTGAGTGGGCCC,TAZ,1325,118,0
TAZ_TACGAGCTCATCGAGAAGCG,TAZ,1318,162,322
TAZ_AAGTTGATGCGTTGGTGAGG,TAZ,437,68,117
TAZ_AGCAGCTCACCTCGGCACAC,TAZ,776,403,139
TAZ_TGGGTGCATATCTTCCCAGA,TAZ,453,51,145
TAZ_CCACCCACCTGTCCAAAGCG,TAZ,1922,993,700
TBATA_AGAAGAAGACATCGAAGCCG,TBATA,1081,480,218
TBATA_GAGCGTAGAGCAGCCAGAAC,TBATA,1930,390,269
TBATA_GGCCGCCGCAGATCTCACCA,TBATA,348,53,96
TBATA_AAGAGGTGGGTGCGGAACAC,TBATA,2079,315,204
TBATA_AAAGACAGTTGACTCAGGCA,TBATA,1438,196,169
TBATA_AGAAGTCAGGGCGCAAGCCA,TBATA,282,86,199
TBC1D1_CTGAGGTGCGAAGACTCAGC,TBC1D1,51,0,23
TBC1D1_AATCACGTCAGCGGCAGCCG,TBC1D1,1205,867,631
TBC1D1_TTGGCAGGGCATCAGACACG,TBC1D1,944,659,246
TBC1D1_CCTGAAACAGGCCTTCACGG,TBC1D1,1882,341,483
TBC1D1_GACATTAACCAATCAGGAGC,TBC1D1,513,269,225
TBC1D1_TAGCCTAAATCGAGTGGCAC,TBC1D1,577,143,51
TBC1D10A_AGACAGCGGCAATGGGCGCC,TBC1D10A,647,217,78
TBC1D10A_CATGAGATGTTTGTGTCCCG,TBC1D10A,1500,61,287
TBC1D10A_CTGACAGGTACTGCCAAGCA,TBC1D10A,2805,1534,725
TBC1D10A_GGCTGGACATGCTCAACAAC,TBC1D10A,1523,818,565
TBC1D10A_TGCCATGTGGGCTGATGGAG,TBC1D10A,2687,588,899
TBC1D10A_GGCTTCATCGTGGGCTCGCA,TBC1D10A,534,204,39
TBC1D10B_AGCCCTGCACTGTAGTAACC,TBC1D10B,1264,220,92
TBC1D10B_CACCATCTACCGGCCTGACG,TBC1D10B,1827,215,452
TBC1D10B_ACATCTCGTGGAAAGGGAAC,TBC1D10B,760,177,55
TBC1D10B_GCTGTCACGGCGATTCCAGA,TBC1D10B,208,72,57
TBC1D10B_TCCACGTCCAGCCTGGGACC,TBC1D10B,331,163,119
TBC1D10C_TCGGCCTGGCGATATGGGCC,TBC1D10C,387,170,398
TBC1D10C_TCCGCCAACGGGAGATGAAG,TBC1D10C,649,264,375
TBC1D10C_TTGTGTCGCCTCAGGGCCAC,TBC1D10C,105,265,136
TBC1D10C_GGTCTTCCGGCACAGGCAGC,TBC1D10C,105,50,53
TBC1D10C_GGCACAGGAACCACTCGGGC,TBC1D10C,813,20,24
TBC1D10C_GCGGGAGATCAAGGCCCAGC,TBC1D10C,5,0,3
TBC1D12_AGCGGAGAGGCCCAATCGGA,TBC1D12,152,38,177
TBC1D12_AGCGAGGACTCAGAGCAGCG,TBC1D12,807,258,113
TBC1D12_AGGAATATGAAGCACGAACG,TBC1D12,1513,441,446
TBC1D12_CCGACAAGAATACGATGAGA,TBC1D12,1401,123,91
TBC1D12_ACTCGACAGGCCAGATCAAG,TBC1D12,844,152,79
TBC1D12_AAATACATCCCAGACTCGAC,TBC1D12,195,71,75
TBC1D13_TGTCAAGTCTGCACAAGAGC,TBC1D13,2975,744,1140
TBC1D13_ACCGCAGTCCGCCCTCACAG,TBC1D13,1656,447,907
TBC1D13_TGGCCTTGGCAATGCCAGGC,TBC1D13,397,151,56
TBC1D13_CACGTACTTCAAGGACAACG,TBC1D13,1285,587,361
TBC1D13_CTGTTCCACTCTCTTACGAA,TBC1D13,1522,336,427
TBC1D13_CTTGCACATAAGCGATGCCA,TBC1D13,637,261,50
TBC1D14_CTCCAGTGCCATTGTGACCC,TBC1D14,2625,735,858
TBC1D14_TTCTGGGCATTCTCTCGGAG,TBC1D14,1920,602,533
TBC1D14_ACATTCTGCTTTGGAGAGGG,TBC1D14,759,98,94
TBC1D14_TTGGAAACGCTGTGCTCACC,TBC1D14,401,202,155
TBC1D14_AGGTGGCGGTCCCTTAGCAC,TBC1D14,743,208,422
TBC1D14_GGGCTCACGCACCAGACACC,TBC1D14,364,37,105
TBC1D15_CCAGGCACGCGCAGGAAACA,TBC1D15,3787,1333,779
TBC1D15_CCTACCATACTCCAACAAAC,TBC1D15,3301,1149,928
TBC1D15_TTACGAAGCAGAATGGGACA,TBC1D15,285,399,385
TBC1D15_CCTTGATGAAAGTGTAGAGC,TBC1D15,737,159,236
TBC1D15_ACGCAGTGCTTACTTTCCAG,TBC1D15,1125,557,238
TBC1D15_TCAACGACCACCTTCAGAAA,TBC1D15,2408,758,879
TBC1D16_ACGAGTCCACGTCGGAGGAG,TBC1D16,680,187,131
TBC1D16_GCTCAACCACCTGAATGAGC,TBC1D16,624,356,84
TBC1D16_CGAGATGCAGCTCAAAGACC,TBC1D16,1693,216,490
TBC1D16_CTGCGGTTCCCGGACAGCAA,TBC1D16,978,510,1334
TBC1D16_TCCGCAGGATGTCACCGAGG,TBC1D16,1696,727,583
TBC1D16_GAGGTCCGAGGCTTTGGAGG,TBC1D16,730,41,82
TBC1D17_ACTCAGGTGGTGTTTGAGAA,TBC1D17,2460,583,405
TBC1D17_TGGGCTCCTGTAGAGGAGGC,TBC1D17,422,16,49
TBC1D17_CTACCTGGTTCTGGTGACCC,TBC1D17,1045,171,261
TBC1D17_GGTCCACTCACTACTCACAC,TBC1D17,1419,289,242
TBC1D17_GGGCCCTCCAGTTACAGAGG,TBC1D17,7,37,35
TBC1D17_GATACATGCAGTAGGTGAGG,TBC1D17,366,61,33
TBC1D19_CCACTCGGCCTCACTTACCC,TBC1D19,1374,281,354
TBC1D19_GGTATACATGAGGAAAGCAC,TBC1D19,607,50,81
TBC1D19_GAGTATCCCACTGGCACGAA,TBC1D19,682,349,465
TBC1D19_GCTCAACAGTACATCAGACA,TBC1D19,2486,243,541
TBC1D19_GACAGAGTGACACAATACCC,TBC1D19,340,56,109
TBC1D19_AACACGGCAGCTGCCAGCAC,TBC1D19,1150,72,93
TBC1D2_CCTCAACTCCGAGATCCACC,TBC1D2,703,222,375
TBC1D2_CGCAAAGGAGACTGGTCAGG,TBC1D2,1574,160,303
TBC1D2_ACAGGTTCTGATGCTCACCA,TBC1D2,960,87,548
TBC1D2_AACAGGCCATGAACCTCCAG,TBC1D2,176,15,0
TBC1D2_ACCTAGCTCGAGGTGCAGGA,TBC1D2,1310,387,271
TBC1D2_TTTCGTCGTAGAAGAACCAG,TBC1D2,449,179,149
TBC1D20_CCCATCCGAACTTGCTCGGG,TBC1D20,835,191,98
TBC1D20_CGACGTGCCTGAAGTCAGAC,TBC1D20,1695,1123,773
TBC1D20_CATGGAGCTCTGGATTCACC,TBC1D20,1027,29,137
TBC1D20_AAGTGTTGCTGGACGTCCGG,TBC1D20,345,105,112
TBC1D20_CGCATGGCTATCAGTGAAGG,TBC1D20,2958,992,668
TBC1D20_ATGGCCCTCCGGAGTGCGCA,TBC1D20,163,142,17
TBC1D21_TGTTAACATCCTGGAAAGGG,TBC1D21,794,138,266
TBC1D21_TCACGGTGGACAGCATGAGG,TBC1D21,1216,473,189
TBC1D21_TGTCGATGAGGACGTTGCCC,TBC1D21,688,70,100
TBC1D21_TTCGCCACAGAGTACCAGCA,TBC1D21,2067,451,744
TBC1D21_GCTGCAGGAAAGCATGGGCG,TBC1D21,2231,82,252
TBC1D21_CTCAGCATAAACCACGCAGG,TBC1D21,1263,356,304
TBC1D22A_GCAACAGCAAGCTCCCGGGC,TBC1D22A,1273,100,22
TBC1D22A_CCAGTCTTATCGGGAGGCCG,TBC1D22A,778,273,239
TBC1D22A_TGTAACAGTGGATCAAAGGG,TBC1D22A,1457,295,269
TBC1D22A_TGACCGACTTCACCAGCCGG,TBC1D22A,1341,71,99
TBC1D22A_ACACTCGGCCACCGTCACGC,TBC1D22A,2204,1489,1801
TBC1D22A_TTCCACGTCATTGGACGCAC,TBC1D22A,629,114,144
TBC1D22B_AGAGGAGCGCTAAGCTGCCG,TBC1D22B,747,119,108
TBC1D22B_TACTAGAGTTTCTGGACAGC,TBC1D22B,567,240,583
TBC1D22B_ATCCGAGATCCGGGCAACGA,TBC1D22B,1485,130,206
TBC1D22B_AGTGGGTAGAACTCACCGAC,TBC1D22B,675,276,71
TBC1D22B_AGTTGACCCTGCAGCGGAAG,TBC1D22B,1741,176,376
TBC1D22B_TGTCCAGGGAATTAATGACC,TBC1D22B,908,106,30
TBC1D23_GATAGTTTGGCATCATGGGA,TBC1D23,213,77,62
TBC1D23_GGCAGTTGAAGATGCACCAA,TBC1D23,388,381,118
TBC1D23_CAGACTCCTATGCACTCAAC,TBC1D23,1262,318,428
TBC1D23_AAGGATCTCTGACACGGAGA,TBC1D23,383,151,79
TBC1D23_GGCAATCCACCACAAAGAAC,TBC1D23,600,88,180
TBC1D23_ACGTCAACAGCAATGGCGGA,TBC1D23,253,23,86
TBC1D24_CATCCTCAAGTTCTTCCACA,TBC1D24,950,328,428
TBC1D24_TCACGCTGACGATCTCCGAG,TBC1D24,429,181,180
TBC1D24_TAGGCTCATGTCCTTCACAC,TBC1D24,905,452,532
TBC1D24_CGAGTCCATGTTCATGGCGG,TBC1D24,880,73,140
TBC1D24_AGGAAGTTCTCGGAGCAGAG,TBC1D24,1111,639,278
TBC1D24_TGTGCCATAGGCAGCGCCCA,TBC1D24,303,0,28
TBC1D25_GCCAGACAAGTCCGAGGCCC,TBC1D25,161,123,124
TBC1D25_GAGTACTCACTGTCCTCCGA,TBC1D25,90,44,63
TBC1D25_ACGTGTTGCTGGCTGAGAAA,TBC1D25,2309,732,369
TBC1D25_ACTCCTCGGGTCGGGAGAGC,TBC1D25,1153,249,369
TBC1D25_CACCGCCATGATAGATCCGC,TBC1D25,1328,308,205
TBC1D25_CCTCATGGTCCATGACAGCG,TBC1D25,450,357,392
TBC1D2B_ACCAGTGTGCTCAGAAGACC,TBC1D2B,805,358,183
TBC1D2B_GAGGGATCTGATGGCAAAGG,TBC1D2B,261,288,316
TBC1D2B_TGGCAACAGGCACAACCGAA,TBC1D2B,1520,607,623
TBC1D2B_AAGTTACCTTCTGACTGGAC,TBC1D2B,673,136,203
TBC1D2B_ACAGTCTTGACATGGTCAAG,TBC1D2B,545,220,61
TBC1D2B_CGCGATGTCCAAGTGGCCGA,TBC1D2B,1144,271,589
TBC1D30_GGTACAGCATCTGATGCCGC,TBC1D30,144,0,0
TBC1D30_GCCGAAGTAACTTGGCCGAC,TBC1D30,38,190,282
TBC1D30_CTGACCGGGTCTCTGAGGCG,TBC1D30,1104,456,331
TBC1D30_ACCAAAGGAATGGAGGAGAA,TBC1D30,226,92,199
TBC1D30_GGACAGGGTTGTGTTGAAGC,TBC1D30,1046,267,465
TBC1D30_GCCGGAATTATCTCAGCACC,TBC1D30,1238,76,95
TBC1D4_AATGAAGCCAGTCAGTGACC,TBC1D4,353,249,80
TBC1D4_GAGCCAAGCTGGTGATACAG,TBC1D4,1229,271,331
TBC1D4_ATGCAAAGAGTGCATCGGGC,TBC1D4,317,0,0
TBC1D4_CCAGAGATTCGCTGGCACAC,TBC1D4,1925,891,925
TBC1D4_TCTTCTCCGAGTCCGAGGGC,TBC1D4,364,128,122
TBC1D4_GGTATTCATCTTCGAGCACA,TBC1D4,90,147,97
TBC1D5_GCAGTAGTGGTTGTCCGCAA,TBC1D5,2609,567,536
TBC1D5_AGGTCAGTTAGAGTCTGGAC,TBC1D5,379,261,106
TBC1D5_GGTAGGAATTACAACAGAGG,TBC1D5,17,104,71
TBC1D5_TTGTGGTCTAGCAAAGGGAA,TBC1D5,600,180,360
TBC1D5_GCATATTACCAACCCGAGGA,TBC1D5,1444,688,830
TBC1D5_CTTGGCAACAATAAGGCAGA,TBC1D5,1000,375,345
TBC1D7_CTCAGACGCGATCGTGAGCA,TBC1D7,496,429,170
TBC1D7_GATACATCATCACCTTGGCA,TBC1D7,232,137,207
TBC1D7_CCAATGCACGGTACATGGAC,TBC1D7,2340,492,927
TBC1D7_GCACGGTACATGGACGGGAG,TBC1D7,1109,360,280
TBC1D8_TCGGCAACCTGAAGAAAGCC,TBC1D8,1170,328,402
TBC1D8_ATTCTGCGTGGTGATTCGGA,TBC1D8,485,48,27
TBC1D8_ACGTTCCTTGCCCAGGAAGA,TBC1D8,1501,876,579
TBC1D8_AAATCAATCAGCACTGGGAC,TBC1D8,878,131,358
TBC1D8_AGTGTTGGATTCCAATGCAC,TBC1D8,319,22,68
TBC1D8_TTCATCCTGCAGCGGCGCCG,TBC1D8,1627,574,540
TBC1D8B_AGATAAAGCCAACCCTGACA,TBC1D8B,729,220,258
TBC1D8B_CTGGCATATCTGCTCTGAGA,TBC1D8B,991,350,299
TBC1D8B_AAAGACTGCCTGATCCACCA,TBC1D8B,671,154,294
TBC1D8B_AAGCTGTGACAGCCTTAAAC,TBC1D8B,2305,621,622
TBC1D8B_CTGTTCCAAATATGGCAGAC,TBC1D8B,716,482,463
TBC1D8B_AGCCCTACATCATCAGCCAA,TBC1D8B,624,191,253
TBC1D9_TATCCATCAGCACCCGAAAC,TBC1D9,1808,413,621
TBC1D9_CAGATACTTACCTCACGGAG,TBC1D9,1276,558,450
TBC1D9_TTCCTTGTGCTCAGCGAAAC,TBC1D9,1806,1172,668
TBC1D9_AGGTACATCCAACCCTGACG,TBC1D9,1207,262,247
TBC1D9_AGATTCGGTAAGGAGCGACC,TBC1D9,589,71,197
TBC1D9_ACGCGCTGTGGATCACCGAG,TBC1D9,2928,656,651
TBC1D9B_CTGCTTCGCCAGCAAGGAGG,TBC1D9B,544,80,152
TBC1D9B_TGGCCGGATGGGCCTAGGCA,TBC1D9B,835,148,212
TBC1D9B_GATGCCTGAGGGCGAGAAGC,TBC1D9B,415,129,426
TBC1D9B_TATCTTGCCCTTGACGAAGG,TBC1D9B,462,105,103
TBC1D9B_CTCCCAGGTCTACTGGACAG,TBC1D9B,826,368,180
TBC1D9B_TCTTCGTGCTGCAGCGACGC,TBC1D9B,1007,278,159
TBCA_TCCTTACCGCTTCACCACGC,TBCA,1206,0,13
TBCB_ATCCGCAGGGCGCGGCAAGA,TBCB,508,641,480
TBCB_CTCCTCCTCACAGTGTAAAC,TBCB,2072,16,0
TBCB_ACACGTCCTCATACTCACCA,TBCB,1105,76,16
TBCB_GCCGGTACAACGAGGAGGAG,TBCB,20,135,148
TBCB_CGGACACCAATCCAGTAGCC,TBCB,1400,473,559
TBCB_CACGACTGCTGGCTTGACAA,TBCB,1561,130,159
TBCC_GAGCTACCCGGAGATCGACA,TBCC,593,0,0
TBCC_CCCACTGCAGTCCTCCACGA,TBCC,3932,305,419
TBCC_GCGTTTCGCTTTCAAGACCC,TBCC,503,21,22
TBCC_AGCGTTTCGCTTTCAAGACC,TBCC,1248,127,151
TBCC_CACCTTTGTTCGGGAGCGAG,TBCC,1314,435,253
TBCCD1_TGCTAGAGGACCATATGGCC,TBCCD1,1075,345,87
TBCCD1_GAGCTCAGACACTCTGGCGG,TBCCD1,901,39,257
TBCCD1_CCGACTGGTAGTGATGAGCC,TBCCD1,1213,653,683
TBCCD1_CACCTGAGGAGCGCCTGGAA,TBCCD1,1487,561,421
TBCCD1_TTTCGAAGTAAAGCCACGCC,TBCCD1,400,133,221
TBCD_GGAAGCGTTCGGCGAGAGCG,TBCD,564,55,12
TBCD_ATGGACATTCGTGCTTGCCC,TBCD,889,11,64
TBCD_CCTGCGGGCAGCACTTACCA,TBCD,1557,14,1
TBCD_TGAAGCCGAAGGTGGCAGCA,TBCD,1062,133,71
TBCD_AAGATGACGACGTCCCAGAG,TBCD,922,66,10
TBCD_ACAAGGACACGGTCGTGCGG,TBCD,412,0,1
TBCE_TGCTGGTGTTGTCCCTCCCG,TBCE,1577,452,483
TBCE_GAATGGGACAATCCCGAGAG,TBCE,782,61,23
TBCE_TTTACCAGGCACCCGACAGG,TBCE,595,65,164
TBCE_TGCTGATCAGCTCAGACACC,TBCE,891,69,113
TBCE_TCCAGTTAATACTGAACCGG,TBCE,1016,80,101
TBCE_CACATCCATGCGGATGAACG,TBCE,326,184,199
TBCEL_TTTCCTTATCGCCGTGGCCC,TBCEL,420,319,299
TBCEL_TTCCTTATCGCCGTGGCCCG,TBCEL,1080,601,369
TBCEL_CAGACAATAACCTCCAAGAC,TBCEL,2585,832,846
TBCEL_ATGATTGTTGGCCAGGACGA,TBCEL,1401,280,274
TBCEL_AGTCCACTTTAACGATCAGG,TBCEL,181,51,44
TBCEL_CATTCGTCTGGACCAAACAG,TBCEL,1063,380,564
TBCK_CATGGTAAGAAACCAAGGGA,TBCK,408,89,91
TBCK_TCATCGTACTGATGACAGCG,TBCK,1084,406,749
TBCK_GCATAACGACAATGTCACAG,TBCK,1655,351,220
TBCK_CAATTACCTTTCGGTCCAAC,TBCK,3,193,315
TBCK_TGGAAGACTTGCTTCGAGAA,TBCK,3113,1844,2560
TBCK_AACATCATGTGGCAGAGCCG,TBCK,1984,335,299
TBK1_TTTGAACATCCACTGGACGA,TBK1,975,84,280
TBK1_TTCCTACGAGGCCCTTCAAA,TBK1,1182,276,219
TBK1_AATGGACCAATTGACTGGAG,TBK1,214,63,41
TBK1_CGACGCTTAGTCTTAGAACC,TBK1,1614,670,510
TBK1_AACGTGGATGTACTTTAGGG,TBK1,868,108,261
TBK1_GATGAAGATCAACCTGGAAG,TBK1,674,87,109
TBKBP1_CGACATCAGCATCCTGACGC,TBKBP1,1804,151,234
TBKBP1_ACTGATCAGTGACTTTGGAG,TBKBP1,654,195,266
TBKBP1_CGCAGAGTTTCTCGTAGGCC,TBKBP1,1964,1140,494
TBKBP1_CCAAACCACAGATCTGACGC,TBKBP1,1876,297,102
TBKBP1_TTGTCCTGTCCACCGACAGC,TBKBP1,1380,249,268
TBKBP1_AGTCGGAGCGAGACATGGCG,TBKBP1,1688,477,490
TBL1X_TTTCAACGTTTGCGAGGGAG,TBL1X,374,442,390
TBL1X_ATCAACACCTCATCGCCGCG,TBL1X,602,134,307
TBL1X_GGCCGAGATCAGTATCAACG,TBL1X,897,199,368
TBL1X_AGACGCCGTGATGCCCGACG,TBL1X,1654,585,455
TBL1X_TGAGGCACTGTATACGAGAG,TBL1X,1624,351,666
TBL1X_TGCCTTGAAATGGAACCGAA,TBL1X,518,276,172
TBL1XR1_GGTTATGGGATGTAGACCGA,TBL1XR1,433,0,0
TBL1XR1_AATGGAGTCCAACAGGACCA,TBL1XR1,220,95,56
TBL1XR1_GCAAGATGTTCCAAGCAACA,TBL1XR1,1488,42,123
TBL1XR1_TACTAACTGTGTAGAGCCAC,TBL1XR1,388,15,0
TBL1Y_GGCTGAGATAAGCATCAACA,TBL1Y,1505,528,487
TBL1Y_AAATCCTCCAAAGAACCGAG,TBL1Y,793,94,118
TBL1Y_CCGAGAGGCCACAGTGAACG,TBL1Y,2841,2547,3243
TBL1Y_CTCCGCTCTGTTTCAGAACG,TBL1Y,1128,514,609
TBL1Y_AGTCTCGTCCACAGCTACCA,TBL1Y,1389,388,583
TBL2_TCTTCAGGGTCTCTTGGGCC,TBL2,251,90,127
TBL2_ACGAGTGCACAGCCGCGGAG,TBL2,478,53,53
TBL2_CATCGTCTGGCTGGCCAACG,TBL2,3044,612,964
TBL2_TGAAGCGCACCAGGGTGGCG,TBL2,1307,239,331
TBL2_ACAATATCAGCGGATTCGGA,TBL2,911,259,178
TBL2_TGCGCCTAACCCGGCAAGGC,TBL2,849,2,132
TBL3_AACATGGCAGAGACCGCGGC,TBL3,118,140,114
TBL3_GCTGGCCAGTCTGGTCCAGC,TBL3,43,61,53
TBL3_TTTCTCCTAGGAGGACCAGG,TBL3,459,3,9
TBL3_ACCTCCACTCTGCTAGCCAC,TBL3,1080,0,0
TBL3_CACCACTTCCGAGGCTCGCC,TBL3,815,93,77
TBL3_CTGCAGTGACCACACGCGGA,TBL3,366,0,0
TBP_GCCAAGCCCTGAGCGTAAGG,TBP,673,278,193
TBP_AACACAGGGAACCTCAGGCC,TBP,1715,66,96
TBP_AGTGGAGTGGTGCCCGGCAA,TBP,522,0,13
TBP_CAGTGGAGTGGTGCCCGGCA,TBP,406,21,254
TBP_ATTGTTGGTGGGTGAGCACA,TBP,259,0,0
TBPL2_TGGTCTGCACGGGAGCCAAA,TBPL2,456,166,118
TBPL2_AGTTATGGATGCCAGAGACA,TBPL2,1100,60,136
TBPL2_TCCCATTCACAGCTGCACCC,TBPL2,713,372,255
TBPL2_CAGCGAACAGGACGTTGGGC,TBPL2,1567,86,224
TBPL2_CATAAATGGCCTCTGCGCCC,TBPL2,32,142,46
TBR1_TATCTCGACCACTGACAACC,TBR1,1140,300,303
TBR1_CGGTGAAATTTCAGCCAAAG,TBR1,2244,647,854
TBR1_ATGGGTTCCTTGCGGCAAAG,TBR1,1159,363,642
TBR1_TTGGTGTCCGCTTTGCCGCA,TBR1,817,422,923
TBR1_GGAAAGTGAACGTCTGCACG,TBR1,1492,229,239
TBR1_TTGGTGCCGCAGTACTGCGG,TBR1,45,159,134
TBRG1_AGGAAGCGAGGCCGTCCAGC,TBRG1,294,61,101
TBRG1_GCGCAAAGCGGCCAAGGCCA,TBRG1,493,1144,890
TBRG1_CTGTATAGTTCCCACAGAGC,TBRG1,1348,271,319
TBRG1_GGGTCTAACAGTATATAGCC,TBRG1,223,85,97
TBRG1_GAGTACTGCAATAGCCCACG,TBRG1,1574,369,99
TBRG1_GGGCTGGTAAGAAGACACAA,TBRG1,964,322,187
TBRG4_TGCCCAGGTACATGAGAAGC,TBRG4,1141,353,630
TBRG4_GAACTTCCATCCAGACCAAG,TBRG4,370,22,61
TBRG4_TGGGCAAAGGCCTCAAACAG,TBRG4,713,339,1146
TBRG4_GCGGGCCATCTCCTACCACC,TBRG4,29,26,33
TBRG4_GAAGCTCAAGTACAAGCACC,TBRG4,427,20,53
TBRG4_GACGAGCAGCTTCTCTCAGG,TBRG4,626,57,0
TBX1_GCACTTCAGCACCGTCACCA,TBX1,1593,186,255
TBX1_CTCTAGCTGCACGCTCACAC,TBX1,3547,827,985
TBX1_GAGCAGCATATAGTCGGCCA,TBX1,543,79,121
TBX1_AGGCCGCGTGCACTACCACC,TBX1,648,296,326
TBX1_CACATAGACCACGTGGAAGC,TBX1,1361,480,366
TBX1_GCCAGCAATCCCTTCGCGAA,TBX1,1245,529,243
TBX10_CGAGCCACCTAGGGATCCCA,TBX10,1119,343,67
TBX10_TGTGGCACCCTTCAGCACAC,TBX10,656,218,175
TBX10_TGACAGCCTATCAGAACCAC,TBX10,1074,370,212
TBX10_ACACAATCTGGCGCATCCAC,TBX10,921,235,277
TBX10_GAGCAGGGCGTAGTCGGCCA,TBX10,1016,10,129
TBX10_TGGTTGAATTCCTCCCACAG,TBX10,7,5,2
TBX15_ACCATGTGCCCGAAGCAACA,TBX15,1057,726,540
TBX15_TATCATGGAACCGCTTCCAG,TBX15,190,70,48
TBX15_AATGTGCTGACCTCTGGAAG,TBX15,1140,312,467
TBX15_TCGGCTGCGACGCACTCACC,TBX15,287,138,218
TBX15_GGCTCAGCGCCTCCATAGAC,TBX15,1577,533,644
TBX15_GATCAAGGCTTCAACGGAGA,TBX15,358,90,58
TBX18_ATCCCTGGAATTCCCAAGCA,TBX18,764,484,539
TBX18_GAGACTCCGGGCGCAACAGG,TBX18,290,137,69
TBX18_AGAGAGGCCATCTACTCACA,TBX18,955,168,265
TBX18_TGCCATGGATATTGTACCAG,TBX18,2748,1071,916
TBX18_AGCCTCCCGGTGACGCCAGA,TBX18,563,146,242
TBX18_GGTTCTTCTGAGGGAGACGA,TBX18,426,22,83
TBX19_GGCACTCGGAAGCCCAGCGA,TBX19,1270,182,427
TBX19_CCAACAAGCTCAATGGAGGC,TBX19,274,159,194
TBX19_TGTTGGAAGTGCCCATCGAA,TBX19,1523,335,600
TBX19_TCACCTAAGAGACGTACCGG,TBX19,992,387,399
TBX19_CCGAATAGTGCTCACAGCCA,TBX19,1255,424,519
TBX19_AACCTCCACACCAGCCGAAG,TBX19,803,403,338
TBX2_CAGCGCGAGTGCCGGGAAGA,TBX2,1525,312,442
TBX2_ATAAGTTCCACAACTCGCGC,TBX2,1079,379,254
TBX2_GCACTATGTGGAAGCGCGGC,TBX2,889,183,403
TBX2_CGACAACAACCCGTTTGCCA,TBX2,1125,905,944
TBX2_TCCTCGTACAAGCGTAGAGA,TBX2,297,117,45
TBX2_GGAGCGGCGTAGTCCCGAGA,TBX2,651,171,106
TBX20_ACGAACCTGGCTGGCAACGG,TBX20,1425,394,361
TBX20_TCGTCCCTGTGGACAACAAG,TBX20,1204,223,254
TBX20_CCAGGCTGGTCAGCTCACCC,TBX20,2594,931,570
TBX20_CAGGCTGGTCAGCTCACCCA,TBX20,1008,446,389
TBX20_CCGGGTAGCCCAACTTACCC,TBX20,384,342,439
TBX20_CGGGTAGCCCAACTTACCCA,TBX20,2083,545,681
TBX21_CTCCAAGGAAGCGGCTCGGC,TBX21,115,45,126
TBX21_GGTAGCGCGTAGTCCTCACG,TBX21,586,44,0
TBX21_TCTTGGTGGACCAGCACCAC,TBX21,1371,320,175
TBX21_AAACCGCCTGTACGTCCACC,TBX21,479,52,205
TBX21_GCTGGTACTTATGGAGGGAC,TBX21,519,130,242
TBX21_CTGGCCTCGGTAGTAGGACA,TBX21,864,89,83
TBX22_ACTCCAAGACCCAATACAGG,TBX22,839,158,347
TBX22_TCTGGCTGCGGCAGCGACAG,TBX22,587,205,245
TBX22_TTTCACCTTGACCCGAACAG,TBX22,1670,213,257
TBX22_ACGTCTATCACAGCTCACAG,TBX22,1946,555,963
TBX22_GCAAGGACTGAATCTGGGAC,TBX22,836,289,305
TBX22_CTCTGGACAGGGCATTCCAA,TBX22,1267,333,617
TBX3_CCAAGCCGCTAACCAACCGC,TBX3,1726,420,649
TBX3_TGCTGGACGAGATGGTGGCG,TBX3,4365,1223,1136
TBX3_AGCTTTCAACTGCTTCGCCC,TBX3,731,154,174
TBX3_GGCTCTTACAATGTGGAACC,TBX3,238,295,151
TBX3_CGTAGCGTGATCACTTGGGA,TBX3,452,314,206
TBX3_TTGGGAGGCAGCGTCAGCGC,TBX3,661,107,171
TBX4_AGGCCTCCTCGCTCTCGGAC,TBX4,235,122,32
TBX4_GACCATCGAGAACATCAAGG,TBX4,639,157,127
TBX4_TGTAGCGATGGTCATCGGCA,TBX4,1025,116,424
TBX4_GAAGCTGACAAACAACCACC,TBX4,537,63,298
TBX4_TAACGATGTGGAGCCGCGGC,TBX4,161,235,32
TBX4_GCTCTCAGCCACACCGGACG,TBX4,847,544,306
TBX5_TGTAGGGCTTCTTATAGGGA,TBX5,1343,247,201
TBX5_CACCTTTCCTCTTGGTACAA,TBX5,2120,717,540
TBX5_TCACGATGTGTAATCTAGGC,TBX5,266,298,240
TBX5_CTGCCTCATCCAATGCGCCC,TBX5,1059,202,301
TBX5_TTGTATCTGTGATCGTCGGC,TBX5,563,138,176
TBX5_ACCATGGCCGACGCAGACGA,TBX5,1130,265,262
TBX6_ACGAATGTCTCCACCCAGGG,TBX6,1042,404,249
TBX6_AGCGAGACGCCCGTGTGAAG,TBX6,712,528,377
TBX6_GCAGCCAATCCCTTTGCCAA,TBX6,995,467,271
TBX6_GCATGGAGTGCAGGATCAGC,TBX6,45,19,10
TBX6_TCTTCTGGATGTGATTCCGG,TBX6,322,88,37
TBX6_GGATTGCTTCCTCTCCGGGA,TBX6,271,44,99
TBXA2R_TCTACTTGCGCGTGGCCACC,TBXA2R,508,65,127
TBXA2R_GCTGCTCATCTACTTGCGCG,TBXA2R,1672,845,524
TBXA2R_ATCTCCACCTCGGAGTCCCG,TBXA2R,162,41,103
TBXA2R_CCCGTGGTAGACGTGGCACA,TBXA2R,1779,400,952
TBXA2R_GGAAGGACAGCCCGACCGAG,TBXA2R,14,207,260
TBXA2R_TGTAGCGACCCACGCCCAGC,TBXA2R,655,152,283
TBXAS1_TGACAGGGCCACCGTCACCA,TBXAS1,714,374,175
TBXAS1_CACATCAGCATTCTCAAGAC,TBXAS1,1142,540,1452
TBXAS1_TGAGCCAGACATGATCAAGC,TBXAS1,1254,194,196
TBXAS1_CATCCCTTCAGGATGGCCGA,TBXAS1,162,88,55
TBXAS1_GGGACGCATTTGACATCCAG,TBXAS1,396,139,170
TBXAS1_ACGCTTGCAGTGTTTCACAA,TBXAS1,2535,852,1066
TC2N_CCTCCAATGGAAGAGTCAAG,TC2N,1095,236,311
TC2N_CGCTTACTGAAGGCCTCCAA,TC2N,453,460,308
TC2N_AGGTCCGTGCTGGGATGAAC,TC2N,1974,758,339
TC2N_GGTACTTCTTTGCCATCAGA,TC2N,0,48,91
TCAIM_ACAGACCAGAGTTCCTCCGA,TCAIM,1321,186,323
TCAIM_TGCCTGACAGGCCCATCAAA,TCAIM,1978,484,545
TCAIM_CCTTGAACAAGTCTCGAGAG,TCAIM,1632,262,434
TCAIM_AGCGGCTTAAACTATGCAGC,TCAIM,1064,102,383
TCAIM_CAATGGATGTCCATCACCAC,TCAIM,1084,187,434
TCAIM_TATTCTCACCAAAGCTCAGC,TCAIM,125,17,4
TCAP_CGGAGGAGAACTGTGAGCGC,TCAP,787,325,525
TCAP_ACTGTCCACACGGCCCGAGG,TCAP,1117,171,87
TCAP_TGTCCACACGGCCCGAGGAG,TCAP,1504,603,357
TCAP_CATGAGACCTACCACCAGCA,TCAP,2073,1011,1278
TCAP_CCCATCCGCATCATCAGCCA,TCAP,3774,708,773
TCAP_CCTCCTGGCGGTCCACACAC,TCAP,125,106,83
TCEA1_GCGTATTTCAGTACTTCCAG,TCEA1,927,234,346
TCEA2_GATGGTGACCAAGAAGAGCG,TCEA2,351,43,59
TCEA2_GACAGACATCCCGACTCGGG,TCEA2,533,62,0
TCEA2_ATGCCAAAGCCAGGGAGCGG,TCEA2,872,288,62
TCEA2_GCATCACAGGTGACAGGCAC,TCEA2,1111,320,545
TCEA2_CAGCCCTTCAGCTGGTCCGG,TCEA2,328,366,160
TCEA2_AAAGAACTGCACCTACACAC,TCEA2,1009,347,242
TCEA3_TGCTTATGCGGCTGCGCACG,TCEA3,29,101,209
TCEA3_ACACATGGAAGAGGCAAACG,TCEA3,1720,923,753
TCEA3_TTCCTTTACCTTTCCACCGA,TCEA3,917,363,466
TCEA3_TCAGACTGGAAGCCAGAAGC,TCEA3,1897,314,519
TCEA3_CTTGTGGCCTCCCACAGGAA,TCEA3,763,353,446
TCEA3_GGCCAACATGGGCCAGGAAG,TCEA3,439,288,142
TCEAL1_CGCCCAAGACCGATGAGGAG,TCEAL1,3636,1092,1064
TCEAL1_CGATGAGGAGAGGCCTCCGG,TCEAL1,964,211,199
TCEAL1_CCGAGAGGAGCATCTCAGGC,TCEAL1,115,60,162
TCEAL1_CTGGAAAGACCCTCCTGCGG,TCEAL1,837,180,480
TCEAL2_TGAAGAACAGCCACCGCACG,TCEAL2,756,218,391
TCEAL2_CAGGGAGGATCAAAGACAGA,TCEAL2,879,180,102
TCEAL2_ATTTGACAACATGGCTAGGG,TCEAL2,677,52,90
TCEAL4_GGAAGGCCCGCACACTGACC,TCEAL4,320,277,392
TCEAL4_CCGCCATTCCAGTGTTCCGC,TCEAL4,1153,103,257
TCEAL4_CGGGTCGAGTCGAGGGAAGC,TCEAL4,1292,160,592
TCEAL4_GAAGGAATGGCTTCAAACCA,TCEAL4,875,197,127
TCEAL7_TTTGAACGCCAGCAAACAGA,TCEAL7,479,210,405
TCEAL8_GGGCCGAATCAGCCTGGCCA,TCEAL8,333,194,240
TCEAL8_AGGGCCGAATCAGCCTGGCC,TCEAL8,1148,17,79
TCEAL8_CCCTTTGGAGGATGTACCAC,TCEAL8,848,351,347
TCEANC_AGCAGACTCACTCCAAAGCG,TCEANC,1531,797,463
TCEANC_GATGGTGACCCTGAATCCAC,TCEANC,350,25,44
TCEANC_AATTCCGCACCCAGCTGGGA,TCEANC,708,28,93
TCEANC2_CGTGTTCTGGTCAAGAAAGA,TCEANC2,890,420,492
TCEANC2_GCGTGTTCTGGTCAAGAAAG,TCEANC2,1919,721,516
TCEANC2_GGTACGGCCCATTAATGAGG,TCEANC2,345,249,141
TCEANC2_TCATTAATGGGCCGTACCGG,TCEANC2,1951,253,326
TCEANC2_GGTGCTTTAATGTGAAGACC,TCEANC2,111,15,115
TCEANC2_ATCCGGGCTCAGGTGAAGAG,TCEANC2,517,264,467
TCEB2_ATGCTGTCAAACCAGGACAC,TCEB2,545,78,174
TCEB2_GCATGTCCACTCCCAGACGA,TCEB2,1148,14,170
TCEB3_CGCGAACCCGGACCCTAAGA,TCEB3,1428,505,493
TCEB3_GCATGTTGGAAGCTTTGCCA,TCEB3,559,161,69
TCEB3_TCCTTTATCTCCAAGTGCCG,TCEB3,572,73,53
TCEB3_GAGGATATCAGCTCGAGGGA,TCEB3,763,233,141
TCEB3_GCTTATTGGCATGTGCGAAC,TCEB3,1192,282,478
TCEB3_CACCTCGTGACGTCCGGAGG,TCEB3,733,107,219
TCEB3B_TTCGCTGGCTCCCTGAGAAG,TCEB3B,1970,228,332
TCEB3B_GCTCTTTCTCCTCGGGCGAC,TCEB3B,285,199,139
TCEB3B_GACGGCCGGGACCCAGGAAA,TCEB3B,638,185,170
TCEB3B_AGTCTAGACGGCCGGGACCC,TCEB3B,883,154,192
TCEB3B_AGAGGCCCAGTCTAGACGGC,TCEB3B,485,77,49
TCERG1_TGTAATGGCGGAGCGTGGCG,TCERG1,1114,212,142
TCERG1_CCGCCAATGCCTCCTCCAGG,TCERG1,2128,470,65
TCERG1_GGAAACATCATACCCGGAGG,TCERG1,123,0,0
TCERG1_AGCAGTTGTTGTGGTAGAAG,TCERG1,1692,220,350
TCERG1_TGGAATTGGCATGCCAGGAA,TCERG1,1911,116,215
TCERG1_ACAGTCGCTACCACCAAGAC,TCERG1,1116,1015,891
TCERG1L_CTTTCAGCTGACAACAGCGA,TCERG1L,838,173,208
TCERG1L_AGGACCGCGGAGACCTCAAC,TCERG1L,571,472,369
TCERG1L_TCCGAGCCTACCTGAGACGG,TCERG1L,736,78,142
TCERG1L_ATGTTATTTGGGCACCAACC,TCERG1L,2397,449,604
TCERG1L_CCAGCTCCACTGTGGAAGAG,TCERG1L,1483,507,613
TCERG1L_GCGTCCATCGGCCAGAGGAG,TCERG1L,1796,514,590
TCF12_GGCCGCTATAGGGACCGACA,TCF12,740,39,153
TCF12_TCTCTGCTACAAGTTCCAGG,TCF12,558,83,211
TCF12_TTGCTGCCCATTCCAGGGAC,TCF12,995,468,507
TCF12_ACGTGTTATAGCCTACCAAG,TCF12,1486,330,605
TCF12_AGAGGTGAAGGTGATCCAAC,TCF12,899,118,174
TCF12_ACTGTGACCAGCAGGCAAAC,TCF12,1690,466,594
TCF15_GAGGGCCACGGAGATGAGCC,TCF15,399,11,8
TCF15_TCATCTCCGTGGCCCTCGAA,TCF15,1401,775,516
TCF15_ATCTCCGTGGCCCTCGAAGG,TCF15,1299,284,224
TCF15_CTGCCTCAGCAACCAGCGCA,TCF15,689,165,275
TCF15_CGCTGTCGCACCACCACCAC,TCF15,2024,815,1208
TCF15_CCGTGGTGGTGGTGCGACAG,TCF15,3277,926,936
TCF19_ATGCGCAGCAGTTGGAAGCA,TCF19,1183,847,526
TCF19_TATGCGCAGCAGTTGGAAGC,TCF19,2651,327,508
TCF19_AATAATGTCCGACTCCCAAG,TCF19,1218,219,156
TCF19_CTGGGCTCCATAAGGACCGG,TCF19,938,134,239
TCF19_AGGCCGACTTCCGATGCCCA,TCF19,130,417,163
TCF19_TGAATGCCAGCCCGGCACCC,TCF19,1104,428,439
TCF20_TTGCAGAACAAGACCGCGAA,TCF20,3123,1169,1148
TCF20_CGCGGTCTTGTTCTGCAAGG,TCF20,2454,663,811
TCF20_ACACGGGTAATGGTATCGGA,TCF20,354,229,116
TCF20_GAAATGTTCCCACTGCCAGG,TCF20,229,159,123
TCF20_TTCTGAAGTGGTGGGCACGG,TCF20,1033,520,586
TCF20_TAGTCCTGCCGCAAGAGAAG,TCF20,384,114,171
TCF21_CTCCACATCGCTGAGGGAGC,TCF21,557,192,133
TCF21_GAGAGCTCCAACTGCGAGAA,TCF21,849,378,300
TCF21_CCGCATGCGAGTGCTGAGCA,TCF21,3212,1128,1190
TCF21_TCTCGTATTTGTCGTTAGCC,TCF21,498,53,86
TCF21_CCTCTTCTTTCCCGCAGACG,TCF21,1153,292,453
TCF21_CGTGGCCCTTTATGGTGGCC,TCF21,338,170,110
TCF23_CCGCGCGGCATTCTCAGGAC,TCF23,2424,588,701
TCF23_CTGAGAATGCCGCGCGGGAG,TCF23,1438,320,425
TCF23_TAGCGGAGTCCACGCAGGAA,TCF23,2779,396,571
TCF23_TCGTCTCTATGCTGGAGGCC,TCF23,436,227,289
TCF24_CCCGCCCGCTTACCTTGACC,TCF24,2575,510,655
TCF24_GCTCCAGGAAAGCGTGCCGC,TCF24,604,28,3
TCF24_CTCCAGGAAAGCGTGCCGCA,TCF24,1576,300,259
TCF25_ACGATGACGCGGAAGAAGAA,TCF25,1151,247,274
TCF25_CGAGACAGTGCCCTCAGAGC,TCF25,1209,139,80
TCF25_ATATCGATCGCATCCTAGAG,TCF25,845,186,92
TCF25_ACGTTGTCTCTGCCGTGGCC,TCF25,269,17,205
TCF25_ACTGTGCTCAAACGCAAAGA,TCF25,897,172,140
TCF25_CTGATCCTCTTGAAAGCGGC,TCF25,514,32,70
TCF3_CTTCACCCACAGGCTCCCGA,TCF3,1133,317,347
TCF3_AACAGACACGCAGCCCAAGA,TCF3,1444,142,344
TCF3_CGCCTGACAGGAAGCCAGCC,TCF3,1771,517,662
TCF3_CTTCGGGAGAGACGCAGGCG,TCF3,1025,332,256
TCF3_TCCCGCTGCCTGTCACCAAC,TCF3,1306,258,440
TCF3_AGCTCCTTGTCTGTGCCCAC,TCF3,617,230,363
TCF4_CGCATACACAATCCCGGGCA,TCF4,1899,562,576
TCF4_GCCTCTTCACAGTAGTGCCA,TCF4,0,0,37
TCF4_AAACTTACAGGGTTGCCACC,TCF4,387,209,258
TCF4_AGTGCCTCCGAGGGATGCAA,TCF4,108,63,15
TCF4_CATTATCTCTTGGACGGGCA,TCF4,1107,422,528
TCF4_GCTACTCGAGCTTCTCCAGG,TCF4,810,114,64
TCF7_GCGACGACTTGAGCTCGGCC,TCF7,13,190,21
TCF7_AGAAACTCACCGTCCTCCAG,TCF7,696,214,307
TCF7_GGTCTCTTTGTACATGCCGC,TCF7,391,26,37
TCF7_ACTCACAGGTTGCGGTCGAA,TCF7,1794,145,631
TCF7_TCAACCAGATCCTGGGCCGC,TCF7,920,94,57
TCF7L1_GGTTCTCCGACTCGTTGACC,TCF7L1,225,85,43
TCF7L1_CCGCGGGACTATTTCGCCGA,TCF7L1,584,353,833
TCF7L1_AGGTCCGGGATCATCAGGAA,TCF7L1,885,430,264
TCF7L1_CTTACCAAGTGTGCTGGAGA,TCF7L1,1831,340,463
TCF7L1_CCAGAGATCGATCCAAAGAC,TCF7L1,1548,568,615
TCF7L1_CCGACAGCTCCGGGAGAGAG,TCF7L1,662,261,176
TCF7L2_GCAGCTGAACGGCGGTGGAG,TCF7L2,618,125,162
TCF7L2_CGGAAACTTTCGGAGCGAGG,TCF7L2,1269,278,430
TCF7L2_CCGCCATGTTAGCGGCCAAG,TCF7L2,1145,359,314
TCF7L2_GCTGACAGTGAAGTCTGAGG,TCF7L2,209,0,0
TCF7L2_AGCAATGAACACTTCACGCC,TCF7L2,1133,62,85
TCF7L2_GATATATCTGGAGGGTGCGG,TCF7L2,33,75,93
TCFL5_CTTGGTGACCTGTCCTGCAC,TCFL5,1335,64,253
TCFL5_GAATCCGAACCCTGAACAGC,TCFL5,135,262,168
TCFL5_TCAGTCTCGGCATTGCAGAA,TCFL5,1200,581,491
TCFL5_CCAAGCGCCTTGTGTGGCGG,TCFL5,387,370,46
TCFL5_CTGCTCGCACATGGAGGCGG,TCFL5,623,219,61
TCFL5_CCTCTGCTCGCACATGGAGG,TCFL5,479,199,53
TCHH_GCGCGACAGGAAGTCCCAAG,TCHH,1416,241,225
TCHH_ACAACGGTTTCTCCCGGAGG,TCHH,208,258,127
TCHH_TAAGGCGGGAGCAAGAGGAG,TCHH,1696,26,29
TCHH_ACTAAGGCGCAAGCAGGAGG,TCHH,681,77,88
TCHH_TTCTGCCTGCGTCGTTGCCC,TCHH,596,13,28
TCHH_CTTCTCCTCATCCAGTCCCG,TCHH,1983,564,201
TCHHL1_GAGAGAGGCTGGTACTACAA,TCHHL1,510,150,111
TCHHL1_AAAGCAAGTTCAGATAGCCC,TCHHL1,1915,116,122
TCHHL1_TTCTGAAACTCCCAACAGCC,TCHHL1,1370,405,339
TCHHL1_GATAAGGAGATCTCCCAGGA,TCHHL1,266,299,112
TCHHL1_GAAATAACAGAGTGGACCCA,TCHHL1,314,110,180
TCHP_GCTAGCACGACAGCGAGAGC,TCHP,678,138,309
TCHP_AGAAGAATCCGGGAGCAGCA,TCHP,996,268,230
TCHP_CCCGAAGGGAGGCGCTAGAA,TCHP,780,825,718
TCHP_GACCAAACTAAAGAAGGAGC,TCHP,111,141,40
TCHP_ACGCACACAGCAGATCCAAG,TCHP,1292,351,478
TCHP_CCTGCAGGCCCTCCTCGAGA,TCHP,639,276,214
TCIRG1_CATGTTCCGGAGCGAGGAGG,TCIRG1,683,72,85
TCIRG1_TGACCTGAGGTTCATGGCCC,TCIRG1,1099,627,804
TCIRG1_CAGAGCAGGCGCTCTAGGGC,TCIRG1,1,122,33
TCIRG1_GATGAGGAAGGTCATCCACG,TCIRG1,279,207,54
TCIRG1_CGCTGCACTGGTTCAGGGCC,TCIRG1,1749,297,224
TCL1A_TGCCTCTCAGATTGACGGCG,TCL1A,578,161,167
TCL1A_CTCGATGGTTAAGGGCAGCC,TCL1A,679,241,701
TCL1B_CTGGCCGTCTGTGGATCCAG,TCL1B,1140,109,217
TCL1B_TCTGGATCCACAGACGGCCA,TCL1B,267,69,127
TCL1B_TCAATCCCTCGCGTAGGGAA,TCL1B,926,503,531
TCL1B_GCAGATGGCAGTGCATACCC,TCL1B,690,181,201
TCL1B_GGAAATAGCAGACCATGGCC,TCL1B,183,53,97
TCL1B_TCCTAACATATCAGCCGGAG,TCL1B,1754,345,319
TCN1_AAGGTCTTTCCCATCAGGGC,TCN1,340,49,59
TCN1_TTTCTAGCTTGTCGATCAGG,TCN1,165,46,64
TCN1_CAACACAACATTGACAGCGC,TCN1,2762,255,209
TCN2_GGCCCAACTTCTCTACCAGA,TCN2,952,20,41
TCN2_AGTTGGCTCTGAGAGCGAGC,TCN2,51,45,9
TCN2_GCTGTGGAACCTTTCCACCA,TCN2,504,681,383
TCN2_AAGCGCTCAAACTTCAACCC,TCN2,1150,343,80
TCN2_GGTTCAGAACGGGCAGCAGC,TCN2,157,141,190
TCN2_CGTGGAAGATGTCCTGAAGA,TCN2,2109,753,507
TCOF1_CTGGCTATGTGCGTGCGGCG,TCOF1,704,35,22
TCOF1_AGAGCTTGGTCGGAAGCGGA,TCOF1,4,59,18
TCOF1_TTTGGAGCTGCTGCCAAGCC,TCOF1,568,407,234
TCOF1_AGGGATGGTGTCAGCGGGCC,TCOF1,96,191,274
TCOF1_GGAGGGATCTGAAAGTGAGG,TCOF1,128,39,52
TCOF1_TGCAGTTGCCAAGGCCCAGG,TCOF1,734,39,59
TCP1_CCAAATCCCAAACCTTACCC,TCP1,247,2,49
TCP1_TCGCTGCCGTCAAGATGGAG,TCP1,1616,34,19
TCP10L_AGCTGCAGCGGTGGAAAGCC,TCP10L,1553,459,242
TCP11_CTTGACACATCACAATCAGC,TCP11,1031,233,152
TCP11_AAGTAACTATGCAGCTCACC,TCP11,512,137,184
TCP11_TGCACTGCTTCATCTCGAAC,TCP11,2234,903,972
TCP11_GCCTTTACTTACAGGCCCGA,TCP11,507,116,158
TCP11_AAATATCCTGGCGACTCAGA,TCP11,0,14,11
TCP11_GGACGCCAGTGGATGACCCG,TCP11,389,64,147
TCP11L1_TCTACTGTCACAAAGCGAGG,TCP11L1,895,321,281
TCP11L1_TTAACTTCCTCATCTCGAGC,TCP11L1,411,100,163
TCP11L1_GACAGCAACAGGGCTCAGCC,TCP11L1,175,111,108
TCP11L1_ATCAAAGTTCCACTTACGGC,TCP11L1,439,104,93
TCP11L1_CTTGTCCGTGGTGAAGGGAG,TCP11L1,132,290,338
TCP11L1_ATACACGTTAGGATCGGACG,TCP11L1,490,226,297
TCP11L2_CGAGAAGCAGTGTGTGGGAG,TCP11L2,3449,879,1499
TCP11L2_ATGAAGTGATGGCTACAGCA,TCP11L2,433,575,588
TCP11L2_TGGCATGTTCAAACTCAGGA,TCP11L2,1212,243,397
TCP11L2_CACAGATTTGGTTGCGAAGC,TCP11L2,1887,611,1062
TCP11L2_ATGGTGGGTGCTATTACAGG,TCP11L2,501,238,218
TCP11L2_AACAAGACCCTGATGGAAAG,TCP11L2,1059,425,597
TCTA_TCCTGGGCATCCAGCTGGCG,TCTA,137,217,248
TCTA_ACCTGGACGGTGATACAACC,TCTA,556,268,79
TCTA_CCATTCTGACCACCCAGACC,TCTA,5084,1332,737
TCTA_ATGCGTGGAGCCATCAGGCG,TCTA,1761,395,605
TCTA_CTCCATCACTTTCAGGGAAA,TCTA,2751,605,524
TCTE1_GCGCCTGTCAGATGTGGCCC,TCTE1,398,232,385
TCTE1_GGCGCAAGTCAAATTCCAGG,TCTE1,418,304,285
TCTE1_AACTGCATCGAGGATGAGGG,TCTE1,317,496,453
TCTE1_GCTCAACCTGGCTAACAACC,TCTE1,1284,260,241
TCTE1_AGTCCTTGACATCGTACACC,TCTE1,595,237,183
TCTE1_CAGTTGGTAGTGGTCAACGG,TCTE1,1390,605,394
TCTE3_AGCAGAATCCTACGTGGCAC,TCTE3,266,119,102
TCTE3_TCTCACAGATTGCCAGCAGA,TCTE3,632,167,323
TCTE3_GCCTAGCATGTTCGAGAAGG,TCTE3,1437,167,146
TCTE3_GAGGCCTAGCATGTTCGAGA,TCTE3,307,4,67
TCTE3_GAGATGGAGAAGCGAGGCCG,TCTE3,1511,268,315
TCTEX1D1_ATATGATTGACGGTGACCAC,TCTEX1D1,119,220,255
TCTEX1D2_TGCTGTGCTCAAGGAGGAAC,TCTEX1D2,1843,784,466
TCTEX1D2_TGTCCTTCTCGGTGGGCGAC,TCTEX1D2,694,27,238
TCTEX1D2_CACCGAGAAGGACACTCCGA,TCTEX1D2,919,90,66
TCTEX1D2_GAAGGACACTCCGATGGACG,TCTEX1D2,972,179,139
TCTEX1D4_CTCACTCGCAGTAGAGCCCG,TCTEX1D4,3481,305,499
TCTEX1D4_CTCGCTCTTCGCGGTGGCCA,TCTEX1D4,1554,695,429
TCTEX1D4_CAACACCTCGCTCTTCGCGG,TCTEX1D4,1031,358,684
TCTEX1D4_CAGCATTGATGAGGCCCGAC,TCTEX1D4,1367,373,238
TCTN1_ATCGGTCTGGGCGCTCACGG,TCTN1,1643,212,221
TCTN1_CAACTTGTAGATATCGGAGC,TCTN1,1617,128,127
TCTN1_CGTGACAACTGGAACTGAGC,TCTN1,569,214,121
TCTN1_TTACTCCAGGACTTTCACGG,TCTN1,405,314,509
TCTN1_TTCTGGTGCACTTAACAGCC,TCTN1,601,93,339
TCTN1_CAGCCGACTCTCGTCAACGC,TCTN1,1903,461,771
TCTN2_GGCCCGCGAGGTCTAAGGCA,TCTN2,934,195,146
TCTN2_CACCCTCGGTGTCTCCGACC,TCTN2,1594,511,253
TCTN2_ACTTCTGGCCTTACCGCACC,TCTN2,440,157,152
TCTN2_AAGGGTCTGGAGGATACAGG,TCTN2,407,2,7
TCTN2_ATTACAAGGACAAGGGCCAA,TCTN2,439,146,103
TCTN2_GACGTCTCCTCCAAACACGC,TCTN2,202,106,222
TCTN3_GGCTTCCCAACTATATAGCC,TCTN3,541,79,124
TCTN3_ACCAACCTGACTGTTGAGCC,TCTN3,348,309,278
TCTN3_CCAAGGTACAGCTACTAGCC,TCTN3,1378,1492,1363
TCTN3_CGCCTCCAAACTCTGCAGCC,TCTN3,663,533,798
TCTN3_TACGCTGCCTGGAAGGCAGA,TCTN3,44,10,0
TCTN3_AGTTGCAGTCGCCTCTGAAG,TCTN3,927,22,172
TDO2_GGTGTGAATAGAGCCAGCAA,TDO2,207,272,96
TDO2_GGCTGTCATCGTCTCCAGAA,TDO2,980,384,748
TDP1_AGGAAGGCGATTATGGGAGG,TDP1,730,207,120
TDP1_ACTACTGCTTTGACGTGGAC,TDP1,345,84,48
TDP1_CGTAAGGCTTGGCCTGGGCA,TDP1,1052,379,250
TDP1_TGGAGGTGTGTATGACAACC,TDP1,2800,638,855
TDP1_CTATCCACTCCTTGAGAGAA,TDP1,1516,386,450
TDP1_CGTTAGGCATGGATGAGGCA,TDP1,1786,290,802
TDP2_TCTGTCAGAGAGGGCTCGAG,TDP2,508,1,76
TDP2_TCCAAGGCGCTCTCCTCCAC,TDP2,1284,213,154
TDP2_AAGGCGCTCTCCTCCACCGG,TDP2,820,49,60
TDP2_GCTTCCTGGCCGAGAACGAC,TDP2,293,204,201
TDP2_GCCTCCTGTTCCGCTTAAAG,TDP2,1267,118,174
TDP2_CGGAACAGGAGGCCAACGCG,TDP2,538,105,250
TDRD1_TACCAAATAGGCCACAGCGA,TDRD1,1496,512,867
TDRD1_TACCGAATTCAAACACCCAG,TDRD1,1262,262,159
TDRD1_AGTCAATGTTCCTGTTGAGG,TDRD1,390,73,20
TDRD1_CAGTACTGCTCCATTAACAG,TDRD1,1414,258,470
TDRD1_TGGCACCGTATTCCCTGAAA,TDRD1,1521,338,513
TDRD1_CTACCTCTTCAGCTGAGCAA,TDRD1,944,246,286
TDRD10_GGCCAGAAGACATACCAGCG,TDRD10,2178,692,750
TDRD10_GCAGCGCAGAATCTCACCGG,TDRD10,3018,152,213
TDRD10_TTCCAACGGGACTGCAAAGA,TDRD10,1687,709,749
TDRD10_ATTCCCTCAGGAGCAGCACC,TDRD10,281,147,48
TDRD10_TAGCACCCTGGCTCAGGCGG,TDRD10,1078,121,183
TDRD10_CAGCCATTCATGCTGGAGAA,TDRD10,1267,568,386
TDRD12_CTATTTAGCAACTACCCAGG,TDRD12,331,150,96
TDRD12_CGGAATCTCTGATCTCCAGC,TDRD12,523,108,149
TDRD12_CGACGAGTCAATGGTTAAGC,TDRD12,1832,427,674
TDRD12_CTCGCAGTCATCGTGTGCCC,TDRD12,1671,499,381
TDRD12_CTACCTCATCCAGGATCAGG,TDRD12,980,201,170
TDRD12_CTACATTGTGATCACAGCCA,TDRD12,2156,339,317
TDRD15_GGGACTAGTTTCTTGACAGA,TDRD15,306,114,97
TDRD15_TATGGATTATGGCAGTAGCG,TDRD15,1223,333,346
TDRD15_GAACAGCACATCGCTAAGGC,TDRD15,1117,422,273
TDRD3_TCGCCACTTACCAACCCGCC,TDRD3,1117,255,311
TDRD3_TTTAGCCTGAACACACCACC,TDRD3,768,273,104
TDRD3_TCAGAGCTTTCTCATCAACC,TDRD3,686,379,643
TDRD3_TCTACAGATCCTTGAGGAAG,TDRD3,1920,322,871
TDRD3_CTGCTGTCATACCCGAAGAA,TDRD3,1774,1031,888
TDRD3_TTTCCTATTAGTTCCGAGCC,TDRD3,337,101,184
TDRD5_CAAAGATGGTTTGAGCCCAC,TDRD5,639,103,205
TDRD5_CGGTGGTTCCATGTTTGAAG,TDRD5,1365,464,458
TDRD5_GGTTGTATCTAAGTTCCCAG,TDRD5,171,65,11
TDRD5_CTGTGGTTCCACTCACCAGG,TDRD5,584,221,140
TDRD5_CTACATCCGGATCTATAGCA,TDRD5,1988,582,709
TDRD5_TCACTTGAGGAACCTCAGGG,TDRD5,1209,301,156
TDRD6_CCTTAGCAACCTTCAGGGCA,TDRD6,1368,657,411
TDRD6_TCGCGAGAGAACCGGGACCC,TDRD6,1575,365,504
TDRD6_GGGCCATGCTCTCGGAGAGG,TDRD6,432,250,368
TDRD6_CTCCTCTAGTAAAGGAGAGC,TDRD6,508,171,112
TDRD6_AATGGCATGCACTCTGAAAG,TDRD6,574,345,282
TDRD7_AGAATGGAGTAGCATTACCC,TDRD7,617,160,159
TDRD7_CCAGCACCGTTAAGAGACAA,TDRD7,3415,568,1014
TDRD7_AAATGCTTTCGGAAGTGCAC,TDRD7,211,116,75
TDRD7_TAAATGCCGAGGAGGACGCC,TDRD7,62,159,120
TDRD7_TGACCCTGATCTAGTGAAGG,TDRD7,1341,271,223
TDRD7_GGTTCTGCTATACCTTGCAA,TDRD7,355,154,62
TDRD9_TTTCGAACGCAGCGGCCGGC,TDRD9,272,334,189
TDRD9_CGCAGTGTCCAACCAACCAG,TDRD9,3406,980,963
TDRD9_TAAAGAGCGTGCCTGGACCC,TDRD9,582,260,316
TDRD9_GGAGCACATTCATCATAGCA,TDRD9,1151,446,352
TDRD9_TGCTTCGCTCCAACACAAAC,TDRD9,1502,510,596
TDRD9_TTTCCTACCTTTCTGTACCC,TDRD9,514,27,123
TDRKH_CAACGATCTGGATCCAGAAG,TDRKH,1358,434,277
TDRKH_AGTCGGCTCCATGCTAGAAC,TDRKH,1858,292,467
TDRKH_TCGGATTGATGTGGACACAG,TDRKH,2981,675,747
TDRKH_AAACTCATCATTGGCCGGCA,TDRKH,884,241,198
TDRKH_AAGGCACTTACCTCAAAGGC,TDRKH,752,154,163
TDRKH_TTGCCTATATCCTATACCGC,TDRKH,2331,450,354
TEAD1_ACATTCAGGTTCTTGCCAGA,TEAD1,458,193,191
TEAD1_CTTCAAGGATCAGACTGCAA,TEAD1,691,84,0
TEAD1_GAATCATTCCCGGCCAGAAC,TEAD1,1242,13,1
TEAD1_GGGTAGGCCTGCTGCACAAA,TEAD1,1083,356,435
TEAD1_ATGGAGCGACCTTGCCAGGC,TEAD1,625,8,14
TEAD1_CATGCCCAATGTGCACGAAG,TEAD1,1730,123,30
TEAD2_AGAACTCTACCAGCTGCAAC,TEAD2,315,271,222
TEAD2_TTTGGCCTGCAGAGAAGGCG,TEAD2,1458,250,241
TEAD2_CCACGGGCAGGCTCTGAACG,TEAD2,2420,529,954
TEAD2_TCCCTACCTTCAACTTGGAC,TEAD2,762,225,129
TEAD2_CGCTACATCAAGCTGAGAAC,TEAD2,4900,971,617
TEAD2_GACGATGGCAGCGGCTGGAC,TEAD2,335,0,26
TEAD3_CGCACATCTACTGCCTCCAG,TEAD3,35,26,0
TEAD3_AATACTCCAGGAGCCGCAGC,TEAD3,133,19,14
TEAD3_TACTGCTGAGCGTCGGCGGC,TEAD3,633,386,716
TEAD3_CACAATACTCACTCCTGAGA,TEAD3,889,125,16
TEAD3_CTGGGACCCATGTACCCGCG,TEAD3,142,22,19
TEAD3_GATGATCTTCCGCCGGCCGC,TEAD3,35,0,1
TEAD4_ACAGTAGCATGGCCCTCGCC,TEAD4,21,159,276
TEAD4_GGAGCTTTGCCAGGCCAAGC,TEAD4,430,33,149
TEAD4_ACTGGCCAATGTGCACGAAC,TEAD4,2059,152,361
TEAD4_AGAGCAGACCTTCGTGGAGC,TEAD4,2414,263,257
TEAD4_TGATCATGTACTCACAGAGC,TEAD4,1112,120,187
TEAD4_GGTGTCAGCCAGTGAGCACG,TEAD4,315,51,76
TEC_CGCAGCAGATCTTCGAAAGA,TEC,2331,1619,1454
TEC_AGTTGGACGCCAACTTCGGC,TEC,10,63,47
TEC_GAGTGGTGAGGCTTGGCAAA,TEC,1314,197,303
TEC_AGGGAGACTGTGTACAAGCC,TEC,559,98,176
TEC_AAACACTTACTTCACTGCGG,TEC,536,135,159
TEC_TGCACCTAGTCCACAAAGCA,TEC,2771,822,925
TECPR1_CGTGGTCTGGGCTGTCACCA,TECPR1,1439,543,498
TECPR1_CCACACCTGGGAGGCAAGAC,TECPR1,6952,2735,2653
TECPR1_CACACTGACAGGCGGCCCAC,TECPR1,1198,157,201
TECPR1_GGAATTCTTGTGTGCGGCGC,TECPR1,813,130,198
TECPR1_AGCTCCTGCTGAGTGACCGC,TECPR1,430,343,167
TECPR1_AATGTGCAAGGACTCCCAGC,TECPR1,261,65,49
TECPR2_CATTCCGACAAAGATCCAGA,TECPR2,465,42,42
TECPR2_TTTGATGACCTGGTGGCAGC,TECPR2,626,204,201
TECPR2_GGCAAATTGGAACACAACCA,TECPR2,792,179,260
TECPR2_ACCTTGTATGCGTCACGGCC,TECPR2,447,324,545
TECPR2_TCGCTCAACTCCACCGACAG,TECPR2,1898,513,353
TECPR2_GGGAGCTGCTCAATGGAGCG,TECPR2,639,355,439
TECR_AGGAATCGCTGGAATGCCAC,TECR,418,0,0
TECR_GAAATGGGTCACAACGCAGC,TECR,511,87,18
TECR_ACTCACGGGTCTTAGTGAAG,TECR,1636,140,132
TECR_CAGTGTGGCCGTGGTGCCCA,TECR,430,125,160
TECR_TACGTCCAGTCGGCATACAG,TECR,863,355,356
TECR_GCACGAAGAGCGTCTCCAGC,TECR,327,136,149
TECRL_ATGACAGAAGCAAGCCAAGC,TECRL,651,202,332
TECRL_TAGAAGATTACGCCACCCAG,TECRL,827,188,185
TECRL_AGCTGCAGACCAACTCGAGA,TECRL,1993,435,339
TECRL_GCTGCAGACCAACTCGAGAA,TECRL,1139,467,447
TECRL_CTCTCTTGCGTTCCGAAGCG,TECRL,1402,478,477
TECRL_TCTCTTGCGTTCCGAAGCGA,TECRL,825,347,307
TECTA_GAAAGGATTCTGGCGTGAAC,TECTA,174,175,288
TECTA_TACGAAATCAACTGGACCAC,TECTA,1117,134,237
TECTA_GCCAATGGCTGCACCTCAAG,TECTA,1818,273,433
TECTA_CAGGACAATTCCTTCGGCGA,TECTA,1472,429,468
TECTA_GGTGCAGTTGTCGACGCAGC,TECTA,254,112,135
TECTA_CGTCAAAGGTGTGCAGCACC,TECTA,537,375,384
TECTB_TCGTGTGCTCCAAATAAAGC,TECTB,1965,440,393
TECTB_ATTGTAACACAGCCCTCCGA,TECTB,12,58,46
TECTB_GGTTCACCAAGTAGGTGGAG,TECTB,692,51,240
TECTB_CCCGTTCTTCACGTGAACAG,TECTB,1637,579,696
TECTB_GGATACATGAAGTCAGCCGA,TECTB,433,75,1
TECTB_ACCGTCCTCGTGCATGAGAA,TECTB,1573,571,559
TEDDM1_CTACAAGTTGCTACAGGAAG,TEDDM1,2986,1008,1100
TEDDM1_TCCTGTAGCAACTTGTAGAG,TEDDM1,1612,433,353
TEDDM1_CTGATGTCATCGTCCTGCCA,TEDDM1,668,30,79
TEDDM1_CTCGTAGATGATCAGGACCA,TEDDM1,1449,576,392
TEF_ATCAGCTTCTTCAGGACCAG,TEF,1111,43,31
TEF_TGGGATGGTCTTGTCCCAGA,TEF,355,34,94
TEF_TGATGGCGAATCTTTCCACC,TEF,416,100,220
TEF_GCTCTCCAGTGTGCCAGGCG,TEF,760,437,211
TEF_GAAGCACAAGTTTGCTGAGG,TEF,104,26,25
TEF_GGCCGAGCTACGCAAGGAGG,TEF,246,52,76
TEFM_TCTGATGGGAAGAACACCCG,TEFM,1790,248,268
TEFM_CTTACGATCAAGGTGAGCCC,TEFM,321,79,0
TEFM_TCCGATTGCTTCGTGGAAGA,TEFM,1622,706,1006
TEFM_AGTACAGGGATGACCTCGAC,TEFM,283,60,77
TEFM_CCCTACCTCCCGCCGTGAAG,TEFM,2257,299,232
TEFM_TCTGTCCTCTTCACGGCGGG,TEFM,536,74,52
TEK_AGCCTTAATGAACCAGCACC,TEK,714,284,251
TEK_TATCAGCCTGGTGAAGGCCG,TEK,439,77,44
TEK_TCCTTCCCATAAACCCAGGA,TEK,153,166,47
TEK_GGTGTTCCTGTGCCACAGGC,TEK,270,94,151
TEK_CTTTACCTTCTCTCTCACAC,TEK,1326,384,686
TEK_ATGACCCTGGTGAAGCCGGA,TEK,344,114,48
TEKT1_AAGGCCATCCTTGACCAAGA,TEKT1,393,212,233
TEKT1_GGACAGGATTCGATCCACCA,TEKT1,395,131,358
TEKT1_GGAGCATGAGCTGATAAAGG,TEKT1,788,336,361
TEKT1_GCTCCACTGTGTCGTGCACC,TEKT1,443,62,54
TEKT1_GCCTCTGGCTTTCTGCGACC,TEKT1,221,89,221
TEKT1_AAGGTCCCGATCAGAACGCC,TEKT1,804,271,63
TEKT2_TAGTGTGCCAGTCGGGCAGC,TEKT2,585,255,152
TEKT2_TGTCCAGCATCTCCTTCCAC,TEKT2,1350,248,121
TEKT2_GCCTGACCCTGCGGGAAAGC,TEKT2,1338,597,296
TEKT2_TTGGACTTCCTGCAAGAGGC,TEKT2,344,230,285
TEKT2_TGACTTCAGTCGGTTCAACA,TEKT2,1065,455,541
TEKT2_GGACATCCGGCACCTGGAGG,TEKT2,355,0,35
TEKT3_GCAGAAGCCGACCAGCCGGA,TEKT3,382,78,163
TEKT3_GGTCTGAGCCACCTTCAGGA,TEKT3,760,179,208
TEKT3_TCTCCGCTCCCAGAGTGAAC,TEKT3,344,188,439
TEKT3_CACCGTCTGATGTGTTGCGC,TEKT3,627,411,209
TEKT3_CGTACTGCACCAGATCACAG,TEKT3,2027,982,722
TEKT3_TCTACCAGCCATCAGTACCA,TEKT3,457,360,357
TEKT4_TACGACGTGGCCCGTAACAC,TEKT4,1404,238,183
TEKT4_GCACACAAGGAAGTACCCAG,TEKT4,448,113,200
TEKT5_GGTCATGACCAAGTGCCGGC,TEKT5,145,35,15
TEKT5_GGAAAGGTCCATCATGGCCA,TEKT5,303,218,184
TEKT5_AGATGCGGGCGTTGAAGGCC,TEKT5,554,314,227
TEKT5_CCCTCCCTGCAGGGATAACC,TEKT5,1080,866,888
TEKT5_TGATTTGGTCCATGACAACG,TEKT5,535,530,501
TEKT5_GGAGACGGTCAAGAGGCGGC,TEKT5,402,36,0
TELO2_TCCAGCGCTCCCGAGGGAGA,TELO2,565,105,110
TELO2_GGTTGCCCAGGTGATCGGGC,TELO2,296,39,113
TELO2_CTGAGACACGAAGGACACGG,TELO2,1743,27,79
TELO2_TGGTGGAGCAAGTGCCGGAC,TELO2,1239,122,119
TELO2_CCATGGCCAGATGGCCCAGC,TELO2,42,167,72
TELO2_GAACTGCGGGACAGCCGGGA,TELO2,338,217,152
TEN1_GGCCTGCACTAACCTCCCAG,TEN1,590,11,50
TEN1_TGGCCTGCACTAACCTCCCA,TEN1,939,18,37
TEN1_GCACGGATCCGATCAGCACC,TEN1,646,14,81
TEN1_CAGCACGCGCGCCTTCACCA,TEN1,1401,56,161
TEN1_GGAGCAGAGACTGTACAAGC,TEN1,755,169,199
TEN1_GAGACTGTACAAGCAGGAGC,TEN1,145,7,38
TENC1_CCGAACACCATGAAGTCCAG,TENC1,487,278,18
TENC1_GCCTCATAGCTTCCGGGAGA,TENC1,233,4,29
TENC1_ACCTTCCCTAGTCTGCAAGG,TENC1,1035,417,370
TENC1_CTGTCAGGCCTTGCCTCCCG,TENC1,1531,407,470
TENC1_CTCCCTCTAGCGGCGAAACA,TENC1,2061,629,1093
TENC1_AGCAGCGCAGCACTCTGCCC,TENC1,108,0,76
TENM1_AAGGGACGGGCGATAGACAC,TENM1,984,178,75
TENM1_TTCGAGGAAGAGGCCTGGGA,TENM1,400,36,24
TENM1_GCAACATACCATTGGAGACC,TENM1,551,268,127
TENM1_CTCTCCTGTTTGTTGTGACA,TENM1,1170,479,375
TENM1_AGGATAATGCAGAGTTGGCC,TENM1,333,259,53
TENM1_GACCCTGCACGAGTATAACC,TENM1,350,379,129
TENM2_GAAACTCATCTGACTCCCGG,TENM2,191,44,34
TENM2_ACAGATGCCCAGTTCGGCAA,TENM2,687,290,272
TENM2_GCAACGCTAATGATCAGGAG,TENM2,1962,666,743
TENM2_GAGGTGTTGCTGTCTAGCAA,TENM2,694,114,519
TENM2_TGAGGGAGTTGGCGGACGAG,TENM2,1339,853,597
TENM2_CAAGAGGAGGGCCGCGGCAA,TENM2,1530,429,244
TENM3_GACGAGTTCACTAGACAAGG,TENM3,586,247,240
TENM3_TGTGAACCAGCAACTCGAAG,TENM3,1857,306,436
TENM3_GAGTGCTGCTTATGGGAAGG,TENM3,343,180,274
TENM3_CGCTTACCATTGTCTCCAGA,TENM3,860,210,360
TENM3_GATCTCCAGAAGATCCCGGG,TENM3,211,40,61
TENM3_GCAGCGGAGCCTGCTTGAGA,TENM3,887,144,244
TENM4_GCCCAGTAGTTTCTTTCCAG,TENM4,1054,249,50
TENM4_GGTGCCAGTTTAGGCCAAAC,TENM4,162,125,88
TENM4_AGGTGCCTCCAGGCTTGAAG,TENM4,133,213,546
TENM4_TGTGCCCTAGATCATCCGGG,TENM4,1021,481,355
TENM4_GGCTGGCTCTGATGCCGACA,TENM4,615,234,276
TENM4_CATTGTGCCGCAGGAGGCCG,TENM4,993,663,428
TEP1_AGCGGGAGCTGAGCCTACGG,TEP1,538,131,329
TEP1_CTTCTCACCTGTAACCCAGC,TEP1,52,201,139
TEP1_AGTACGGAGACAGGCGGGCA,TEP1,618,29,56
TEP1_CACAGAAATATCGTCGCAGG,TEP1,583,149,282
TEP1_CCCAAGCTCAGACTATAAGA,TEP1,1619,219,289
TEP1_TCAGGTCAGAAAGTGTGGCC,TEP1,718,223,210
TEPP_GCCTCAGAATCAGGCTGCAA,TEPP,497,248,135
TEPP_TCCTTATAAGCCTGTGCACC,TEPP,516,188,231
TEPP_CATGTGGCGCAGGGTGGGCA,TEPP,754,358,185
TEPP_TCGATGGCGCGCGTGAAGCA,TEPP,1757,655,442
TEPP_GGCTTTCTGTTCGCAGCGGA,TEPP,669,133,166
TEPP_CTTACAGGGAGTCGAAAGGC,TEPP,762,211,269
TERF1_CCCAAGCGAGCCATTTAACA,TERF1,3541,849,1235
TERF1_CGAGCCATTTAACATGGCGG,TERF1,452,29,36
TERF2_TCAGAGTACCCAAAGGCAAG,TERF2,1381,47,62
TERF2_GAGCCACCCTCACCGTCAGC,TERF2,60,124,0
TERF2_AGCCACCCAGAGAACCCGCA,TERF2,658,31,0
TERF2_AGGGCTCGGCGTCATCCAGG,TERF2,157,14,0
TERF2_TGTCTGTCGCGGATTGAAGA,TERF2,1444,0,0
TERF2_TTCCTCGGCTGTGACGCCGC,TERF2,304,184,145
TERF2IP_ACTGCGTGGAGCGCAACGAG,TERF2IP,423,147,301
TERF2IP_ATCCGTGAAGGCGATCCGCC,TERF2IP,46,72,92
TERF2IP_TTCCTTCACGTAGGTAAGGA,TERF2IP,121,230,135
TERF2IP_GATGCTTGTGGAAGCCACCC,TERF2IP,0,11,17
TERF2IP_AACCTCCTCAAACTCCCGGG,TERF2IP,27,0,0
TERT_ATGGGCGGCCTTCTGGACCA,TERT,552,23,216
TERT_GGGCCTGGACGATATCCACA,TERT,315,84,37
TERT_ATTGCAGACAGCACTTGAAG,TERT,2079,469,505
TERT_CCAGGATCTCCTCACGCAGA,TERT,980,70,152
TERT_GGGTCCACTAGCGTGTGGCG,TERT,345,122,123
TERT_GCGGTAGTGGCTGCGCAGCA,TERT,11,25,6
TES_AGGACGCGTTAACATGGACC,TES,294,155,193
TES_ATGGGCTTAGGTCACGAGCA,TES,548,190,231
TES_GATCCTCTTCATTGCTCAAG,TES,210,57,46
TES_GCCAGTAGCAGGCTCAGAGG,TES,598,98,270
TES_ACCCAGCCATCTATGCCGAA,TES,2034,806,930
TES_GCGTGATTCTTCACATAGCA,TES,906,561,620
TESC_TCCGCTCGCTCCATCGCCGA,TESC,1500,362,717
TESC_ATGTACGACTCGGACAGCGA,TESC,542,34,78
TESC_CCGGCCCATCGACACCACCA,TESC,3029,793,916
TESC_TTCGTGCCTTCTTCGACAAC,TESC,2304,1183,835
TESC_TCAGCTGCTTAAATCTCCGA,TESC,484,100,138
TESC_CTCCCGCACCTCCTCAGACG,TESC,3676,1070,873
TESK1_CTTCCCGTAGTGTGTTGCCC,TESK1,1155,104,114
TESK1_ACAGCTGCACGCTCTTACAG,TESK1,2841,620,251
TESK1_CTGGCCCTGGACATTGCCCG,TESK1,2078,295,527
TESK1_CCCGAAGTCACCCACGACAG,TESK1,4399,580,830
TESK1_GGGTGAGCTGTATGATGAGA,TESK1,278,64,66
TESK1_CTCACAGAGGACAATCCCGA,TESK1,1164,141,283
TESK2_GGGCTCCTGCCAGTCAGCCA,TESK2,561,155,204
TESK2_TGTGGAGATTGGGAAGACCC,TESK2,93,40,14
TESK2_CCATCCACAGAATTTCGGGC,TESK2,1678,9,61
TESK2_GAAGATAGTCCGGATCGGCC,TESK2,186,98,235
TESK2_CCTAGAACTGCCTGATAAAG,TESK2,1508,355,288
TESK2_CGTCTTGAAGAGTTTGAAGG,TESK2,1664,597,1035
TESPA1_GGCAACTTCTTACCCTCAGC,TESPA1,0,93,64
TESPA1_CCAGGTGCGGAGGATTGAAA,TESPA1,1793,365,442
TESPA1_GCCACACTACTGGCCGCCAA,TESPA1,59,193,199
TESPA1_GACTTGACCCTGGGAGCGGA,TESPA1,56,160,188
TESPA1_GAGCCGTAACTGGCAGACCC,TESPA1,723,97,196
TESPA1_CCACATCCTGGGAGAAACGG,TESPA1,2378,637,364
TET1_AGGCTTCTGACTGGCACGGG,TET1,797,119,110
TET1_ACACTGGTTAGGTGGAGAGG,TET1,659,215,78
TET1_AGCCGGTCGGCCATTGGAAG,TET1,3061,397,365
TET1_AGAATGTCGGCTTGGCAGCA,TET1,1470,757,461
TET1_GATGAGTTTGGCTCCAAGGA,TET1,838,16,95
TET1_CTTCCATTGGAGAAGAGGCA,TET1,1070,213,219
TET2_CTTTCAGAAAGCATCGGAGA,TET2,354,372,313
TET2_AGCACTATCTGAAACCAGGA,TET2,363,191,130
TET2_TGTTTGGTGCGGGAGCGAGC,TET2,526,121,170
TET2_TTGGTGCCATAAGAGTGGAC,TET2,972,126,156
TET2_ATTTGAGCTGTTCTCCAGGG,TET2,303,40,76
TET2_TCCATACACTTTACCAGCCA,TET2,2304,333,233
TET3_TGACCTTGGGCTTGGTAGGC,TET3,1106,765,650
TET3_TCCGGGAACTCATGGAGGAG,TET3,1760,231,400
TET3_TCTTCAGGTATGGAGAGAAG,TET3,399,139,125
TET3_ACTCTGCCTGGTGCGGCACC,TET3,616,11,107
TET3_CTCGCAAGTTCCGCCTCGCA,TET3,355,545,530
TET3_CCCTCAGGCCTATCAGAACC,TET3,2623,1668,1243
TEX10_TCTGTAAGGTAGAGAAGCAC,TEX10,762,25,46
TEX10_ACCTCACTAGATCCACAAGA,TEX10,1340,11,198
TEX10_CAAAGTTGACGCATTTGCCA,TEX10,804,22,110
TEX10_CGTTCTATACCATTCCCAAC,TEX10,724,128,70
TEX10_TCTCATCAGCAGCTGTCCAA,TEX10,989,14,69
TEX10_TCTGCCTGAGCAACTCAAAG,TEX10,1611,10,92
TEX101_TCAGCAAATGCTGGATACGA,TEX101,1056,422,579
TEX101_CCCATACGCACAGGTCAGGA,TEX101,776,963,479
TEX101_CGAAGGGCTGCATCCCGGAA,TEX101,2398,923,823
TEX101_GAAGGGCTGCATCCCGGAAG,TEX101,607,154,81
TEX101_CGAGTTGTACCATTGGGACA,TEX101,784,178,331
TEX101_GCACGCTTCCCTCACAAACA,TEX101,2535,537,704
TEX11_AAGGTGGTTAAGGAAACGCA,TEX11,358,64,85
TEX11_GGTTAAGGAAACGCAAGGCC,TEX11,62,46,31
TEX11_AAGTGCACGACTCAGGAACA,TEX11,2013,480,461
TEX11_TGCACAGCCAAGTTCCAAGC,TEX11,2732,999,705
TEX11_CACCAAGCTGCAGAGGAACA,TEX11,1037,1053,1184
TEX11_TGGCAGTAAACCTATGGAAC,TEX11,2598,816,727
TEX12_AAAGAGAGTTCCTGCGACAG,TEX12,956,371,183
TEX13A_TACTTGCTTCGACTGTGGGA,TEX13A,123,96,109
TEX13A_ATGTGGCTGTTTCGACCGAC,TEX13A,702,277,373
TEX13A_GGCGGCCTCCCGGCTAAGAA,TEX13A,186,155,182
TEX13A_CTTCTTCAGGTCTGATGCCA,TEX13A,743,325,229
TEX13A_CGGGTTCCGGCATAGCAACG,TEX13A,2630,1592,1294
TEX13B_CCTGCTACAATAGCTCCGAG,TEX13B,2293,758,473
TEX13B_TTGCGGAGGTGCAGAGAGAG,TEX13B,1580,868,677
TEX13B_TCTCTGCACCTCCGCAAGGC,TEX13B,983,101,434
TEX13B_TGGTCTCGGTTAGCTGCAAC,TEX13B,605,339,200
TEX13B_TGGGTTCCGGCACGGAAACG,TEX13B,419,128,91
TEX14_CGACTTGTTAATTGCCGAGC,TEX14,742,507,230
TEX14_TCTTCCGGTCATTGGAGAAA,TEX14,646,439,282
TEX14_CCTAACCGACTGCTTAAAGC,TEX14,3779,606,787
TEX14_GGGAGTCTATCTTCTTCAGG,TEX14,56,110,70
TEX14_CCTGCGACTCCACGATGAGA,TEX14,493,196,126
TEX14_TACCAAGTTGAACAGGACAG,TEX14,637,502,223
TEX15_GATTCTTGGTGCCATGGAGC,TEX15,526,169,106
TEX15_GAAGATTAGAATGTGTGCCC,TEX15,225,104,42
TEX15_AAATCACTCACGTATGACGC,TEX15,246,295,314
TEX15_GGTAATTGCCTCCATACAGA,TEX15,364,85,136
TEX15_GAGCCAGTATTGTTGTGAAG,TEX15,858,264,158
TEX19_TCATACCGCATGCTGACCGG,TEX19,1937,464,424
TEX19_CAGCATGCGGTATGAGGAAG,TEX19,541,157,223
TEX19_AGCATGCGGTATGAGGAAGA,TEX19,386,321,217
TEX19_CACTGAACTATGGCCTCAGG,TEX19,691,258,156
TEX2_AAGCCTTACGTTGATCACCA,TEX2,789,86,195
TEX2_AGGGTGGAACCTCTGGCAAC,TEX2,405,72,230
TEX2_AAGCCCTGGAGCCAAGAAGA,TEX2,1710,146,266
TEX2_CTGACCAAGCTCGATACAAA,TEX2,2084,1046,1094
TEX2_CTGAATGTGTCAAAGTCGCA,TEX2,829,493,693
TEX2_GACAGTCCATCTGCCAGGAC,TEX2,989,218,119
TEX22_TAGGGCTAGAGATGGACAGC,TEX22,819,67,236
TEX22_TATCCAGAGCAGCGTTCAGC,TEX22,137,87,199
TEX22_ATCCAGAGCAGCGTTCAGCA,TEX22,614,399,441
TEX22_CGTCGATGCTGACGCTCCAG,TEX22,473,125,258
TEX22_TCAGCATCGACGAGCGCCGG,TEX22,622,399,409
TEX22_TGGACTCGGTGGACCTCAGC,TEX22,1003,102,135
TEX26_GACAGTGAGGTAGTGTCCAC,TEX26,462,119,214
TEX26_CTACCTCACTGTCAACAAAC,TEX26,2402,1851,1398
TEX26_TACCTCACTGTCAACAAACG,TEX26,1047,390,539
TEX26_CTCCAGACACTGAATTCCGA,TEX26,1177,463,375
TEX26_AGGTAGCTGTGCAGCACAGA,TEX26,1395,298,495
TEX261_CTTCTGACGACTGGGTAGAA,TEX261,1062,323,499
TEX261_ACGCAAACGGAATTATCCAC,TEX261,654,91,174
TEX261_GACACTTCTTACCTCTGAGA,TEX261,60,38,61
TEX261_CGACAGGATGAAGTTAGGCG,TEX261,1098,324,459
TEX261_CCAGCGTGATGAAGGCCACC,TEX261,579,200,307
TEX261_AGAGCGACAGCCAGCTCAGC,TEX261,1309,11,17
TEX264_GGCCACAGTGACGTTGCGGA,TEX264,781,80,480
TEX264_TGTGGCCTACAAGTTCCACA,TEX264,374,190,112
TEX264_TGATAAGTGCCGATGTGCCG,TEX264,1262,410,341
TEX264_ATTTCATGTGCCCACTGGCA,TEX264,326,53,34
TEX264_GGAGGCCATTGACACCCAGG,TEX264,304,36,85
TEX264_TGTCACCGTCATCCCAGCCA,TEX264,2158,458,311
TEX29_AGCCATCTGTCAAGGAAGAC,TEX29,905,865,528
TEX29_TCATCTGTCAGCTGCAGCAA,TEX29,1727,300,670
TEX29_AGGCGTCTGCTACAAGAAAG,TEX29,1366,353,513
TEX29_CAATCAAGGCAGAGAACACG,TEX29,1455,357,478
TEX29_CAGCGCGACATCCACAGGGA,TEX29,1944,309,475
TEX29_GCCCTCGATGAAGAGTGACG,TEX29,121,50,54
TEX30_CGACCGTCCTTTCACTGCCA,TEX30,2854,526,654
TEX30_GATTTGCCTTCTCAATCCAG,TEX30,20,12,23
TEX33_TTCTCCTGCTCGCTGTAGGG,TEX33,1131,189,604
TEX33_AGGGACTTAGAACACTGGCA,TEX33,210,70,7
TEX33_ATAGTAGTCTGAGAAGACGG,TEX33,199,206,175
TEX33_AAGACGGAGGAGATTTCCAC,TEX33,413,15,26
TEX33_AACAGGGCCACCTCGGGAGA,TEX33,921,177,212
TEX33_ATCCTCCTCGAGAGAGAACA,TEX33,664,95,424
TEX35_CTCCATCATGTCGGCCAAGA,TEX35,1843,506,683
TEX35_GCCTTGACTCCAAGTCACAG,TEX35,978,255,311
TEX35_TGCTCTTCACAAGAAGACGA,TEX35,556,225,139
TEX35_GAGGCCTCAGGCCTTTACAA,TEX35,124,79,40
TEX35_GAAGAACAAGAGCTGCAGAA,TEX35,557,150,332
TEX35_TGACCACATGCGTCAAGGCC,TEX35,1282,139,270
TEX36_AATGACAGCAACGGACCCAC,TEX36,62,2,118
TEX36_TCTTCTTACGTCCCAGGCCC,TEX36,593,181,401
TEX36_GATTGTCATGCACGGAGAAG,TEX36,514,83,121
TEX36_CATATACAAAGTCCGGGAGA,TEX36,486,83,70
TEX36_ACTTGCCTCGGCAAGCGGAG,TEX36,167,20,12
TEX36_CTCCCATCCTTGTCTGAAGG,TEX36,1930,234,320
TEX37_TGTGTCTAGGTCGTTTGCCA,TEX37,1338,120,211
TEX37_AGGTGTGAAATACCCGGGAC,TEX37,474,368,335
TEX37_CTCCAGGGTCACGCCGCAAG,TEX37,1728,408,336
TEX37_TACCTCTTGCGGCGTGACCC,TEX37,627,168,138
TEX37_CCACGATCTGCACCTGGCCC,TEX37,527,282,217
TEX37_GCTGGTGTTTGGGATCCACG,TEX37,464,130,48
TEX38_CCCTTTGTTCTCTAAAGGAG,TEX38,302,147,172
TEX38_CAGCTGTATGGATTCCCAAC,TEX38,1277,562,1304
TEX38_CTGTATGGATTCCCAACAGG,TEX38,1182,369,285
TEX38_ACTTACTCCCAGGGAAGCGC,TEX38,665,36,73
TEX38_GGTGCATTATCTTTCTGCAC,TEX38,436,197,202
TEX38_TCTCAGTCTTGGTGACAGCA,TEX38,1141,239,242
TEX40_GGTCTGCGAGGGCTTCGACG,TEX40,233,117,265
TEX40_ACATTAGCAAGACCCGCGGG,TEX40,1246,325,102
TEX40_TGATTTCCATGGAGCTGCCG,TEX40,244,16,105
TEX40_CTACCAGTTAGGGATCGGCA,TEX40,1346,163,267
TEX40_AGCTGCAGCGATACATCGAA,TEX40,1402,275,628
TEX40_TCAAGAAGCGCCGGAGCAAG,TEX40,821,302,367
TEX9_CGCGTCGCAGTCGCCGAAGA,TEX9,2518,823,691
TEX9_GGTGTAGAGGGTTGCTGAAC,TEX9,2001,310,287
TEX9_CGACGATGTTGCCATTCCAG,TEX9,1559,112,274
TEX9_CAAACTCCATGTTATGCAGG,TEX9,328,194,105
TEX9_GATGCTATCTTTCACTGAGG,TEX9,498,34,33
TF_CAGGACGGCGCAGACCAGCA,TF,969,396,540
TF_GCAGCAGCGACTTACCGCAA,TF,3239,360,469
TF_GCCAGCTTACCTTTCTCAAG,TF,1256,381,290
TF_AGTCCGTCCCATCCGCACAA,TF,1163,779,1121
TF_TGACCCAGGTGTCTGAAGGA,TF,856,662,798
TF_GCCATCCGGAATCTACGGGA,TF,671,76,17
TFAM_TGCCTCATCCACCGGAGCGA,TFAM,452,89,115
TFAM_CAGGAAGTTCCCTCCAACGC,TFAM,1707,398,214
TFAP2A_CACCGAGGCCCTCAAGGCCA,TFAP2A,175,302,258
TFAP2A_GAGAAGCTGTCCACCTAGCC,TFAP2A,902,139,81
TFAP2A_CTCTACTAGTGATGTGAGCA,TFAP2A,826,299,324
TFAP2A_CATTGCTGTTGGACTTGGAC,TFAP2A,1615,306,444
TFAP2A_TTGCAGCATGTAGAAGACCC,TFAP2A,1332,122,119
TFAP2A_CGATGGCGTGAGGTAAGGAG,TFAP2A,2071,327,297
TFAP2B_ACGTGAATCCAAACTCACCA,TFAP2B,1178,407,149
TFAP2B_CTTCCATTCCGGGATGGCCG,TFAP2B,1301,470,456
TFAP2B_CATGTCTGTCAACACCGGCG,TFAP2B,1757,304,168
TFAP2B_TGCTGCTTTGCGCCTGCCCG,TFAP2B,333,154,143
TFAP2B_CCGGTTCAAATACTCAGAGA,TFAP2B,759,415,604
TFAP2B_TGAGCGCGGCGCAAATGGCC,TFAP2B,309,283,174
TFAP2C_TAGGCCAGCTGCTGGTAGGG,TFAP2C,655,347,347
TFAP2C_GATCAGACAGTCATTCGCAA,TFAP2C,796,208,67
TFAP2C_GAGGCATTTAAGCATTCAGG,TFAP2C,0,47,30
TFAP2C_CCAACTTCTCCCGCAAGGAC,TFAP2C,2072,731,361
TFAP2C_TCTTGGAGGACGAAATGAGA,TFAP2C,410,124,72
TFAP2C_GGCAGACACCGCGGCACAGA,TFAP2C,124,145,39
TFAP2D_GGGACTAGTCCACGATGCCG,TFAP2D,409,33,106
TFAP2D_CAGATCAAAGACTCCTGCCA,TFAP2D,121,92,90
TFAP2D_CTTGTTCTCAATGGCCAAGG,TFAP2D,1063,436,229
TFAP2D_CTTGGCTTAAACTTACCAGC,TFAP2D,787,149,190
TFAP2D_ATTCTGCTTACTTGGTCGCC,TFAP2D,259,65,121
TFAP2D_GAGCCAAGATAGATCACCAC,TFAP2D,751,290,360
TFAP2E_GGGCCCGAGACTACTCACCA,TFAP2E,931,174,191
TFAP2E_CCTCTGCTATTTGCAGGCAA,TFAP2E,441,222,249
TFAP2E_GGCTGTCTTTGGCCAAGGAG,TFAP2E,800,633,195
TFAP2E_CTAACCGTTCCCGCAAACAC,TFAP2E,2001,740,1111
TFAP2E_GGTCAGCGTGCTGTCGGCAC,TFAP2E,312,1,99
TFAP2E_ATTTGCTGGAGTCACTCAAG,TFAP2E,746,195,266
TFAP4_TGACGCCATGGACCAGAGCC,TFAP4,1508,239,586
TFAP4_ACAGAGTTGATGACCGAGGA,TFAP4,1153,263,171
TFAP4_GCTCAAGGTGATTGCGCAGC,TFAP4,7,104,188
TFAP4_CGGGCAGAGGACAAGGACGA,TFAP4,1275,540,356
TFAP4_ACGCATGCAGAGCATCAACG,TFAP4,1866,249,522
TFAP4_AGACTCAGCGGGACCAGGAG,TFAP4,1455,312,326
TFB1M_GCGCAGCGCTTGGAAAGCAC,TFB1M,419,160,172
TFB1M_GATAGAGCAGCCATTCAAGC,TFB1M,32,66,69
TFB1M_GCTTACAACGAAGGTGGACG,TFB1M,371,176,164
TFB1M_GGTACTGAGCCATAACAGAG,TFB1M,209,102,87
TFB1M_ATTTCTCGAATCGTGGGCAA,TFB1M,836,115,62
TFB1M_TCGTGGGCAACGGAGGGAGA,TFB1M,633,16,59
TFB2M_CCGTAAGTGGTCTATTACAG,TFB2M,1337,152,116
TFB2M_ATACACCCGGAAAGGGCCGC,TFB2M,617,64,52
TFB2M_TTCCCAAATAGATTTGCGCC,TFB2M,136,150,417
TFB2M_TTTCAGGAATCCGCCAAGGA,TFB2M,1680,220,209
TFCP2_AATCTGGCTGATCTGGCAAG,TFCP2,917,424,223
TFCP2_ACATACGTGATCTCGGGCCA,TFCP2,1331,363,875
TFCP2_TCCTCTTTGCAGGGTCCCAC,TFCP2,316,44,84
TFCP2_ATGGAGTTTCACTGCTGGAG,TFCP2,306,154,155
TFCP2_TAGCCTGTCCGGGATCGGCC,TFCP2,718,138,54
TFCP2_TCAATCACTTCGTCGGCCAG,TFCP2,726,305,305
TFCP2L1_CGTGTCAATCTGGACTCGAA,TFCP2L1,1333,592,602
TFCP2L1_ATGCAGAAGCTCTCTTCGCA,TFCP2L1,597,328,355
TFCP2L1_GGCGGTCATGGAAGACCACA,TFCP2L1,681,49,164
TFCP2L1_CGGATTTCATAAGACTGACC,TFCP2L1,556,264,237
TFCP2L1_ACGCTGACCTACCTCAACCA,TFCP2L1,3603,510,539
TFCP2L1_CTGCGTGTGCCAGAAGAGCA,TFCP2L1,1235,379,316
TFDP1_AGTGCTCACCCGGCAGACCA,TFDP1,675,71,7
TFDP1_GGCTTATGTGACTGCACAGC,TFDP1,437,165,60
TFDP2_CTTCTAAAGCCTTTGGCACC,TFDP2,124,92,92
TFDP2_TGAATGGTAGAGTTCAGAGC,TFDP2,952,324,502
TFDP2_CCTGAGCAGAATTGGTAGGC,TFDP2,448,0,29
TFDP2_CAATGAAGTCGCTGATGAGC,TFDP2,892,639,187
TFDP2_AACTTGCAACACTCTTACCC,TFDP2,1260,106,329
TFDP2_GGTGAGTTGGTATTGGAAAC,TFDP2,221,216,428
TFDP3_CGACCTCAGTGAGAATGACG,TFDP3,1825,647,964
TFDP3_GGAGGTGTGTTCACGACGGC,TFDP3,228,182,118
TFDP3_TACTCCTCACCTCCTTGGGC,TFDP3,507,36,129
TFE3_GGCGATTCAACATTAACGAC,TFE3,738,65,323
TFE3_TGTGTACAGTAGTCAAGGCG,TFE3,1410,350,386
TFE3_TGGGCCCGAGTGTGGTGGAC,TFE3,1304,428,638
TFE3_AAGAAGATGACGACATGGCA,TFE3,475,193,278
TFE3_CATACATACCTTGAGCGAAG,TFE3,1734,566,306
TFE3_GCCTCTACGCCATCCCGAGC,TFE3,0,7,37
TFEB_GGACGACTCACTGCTACCGC,TFEB,422,400,236
TFEB_GGAGAACCACTCTCGCCGCC,TFEB,53,54,101
TFEB_CGCTTCTGGGTCAGGTCCGC,TFEB,1037,146,195
TFEB_TGAAATGCAGATGCCCAACA,TFEB,839,958,749
TFEB_ATTGGGAGCACTGTTGCCAG,TFEB,659,279,97
TFEB_CAACCCTATGCGTGACGCCA,TFEB,149,111,140
TFEC_AACCGTGCCAAGTGAAGCCA,TFEC,769,202,312
TFEC_AACCCTGGCTTCACTTGGCA,TFEC,1123,476,586
TFEC_TACTCATGGTCTGCCAACCC,TFEC,701,458,703
TFEC_CATCAGTGGAGTACATCAAG,TFEC,1419,576,432
TFEC_CATTCTACAGTGATATGCGC,TFEC,0,91,34
TFEC_GAGAAGACTTCAAATCAGCC,TFEC,280,93,156
TFF1_GGTATTAGGATAGAAGCACC,TFF1,19,5,5
TFF1_CCACAATTCTGTCTTTCACG,TFF1,2850,317,543
TFF1_ACAATTCTGTCTTTCACGGG,TFF1,802,266,226
TFF1_CGAGGGCCAGCATGGACACC,TFF1,1134,478,568
TFF1_CCAGCATGGACACCAGGACC,TFF1,2784,695,716
TFF1_GAACAAGGTGATCTGCGCCC,TFF1,642,149,46
TFF2_GACTTCGGGAAGAAGCACCA,TFF2,164,123,146
TFF2_ACTTCATCTTTGAAGTGCCC,TFF2,80,42,161
TFF2_GGAGAAGCAGCACTTCCGAG,TFF2,358,177,109
TFF2_CGAAGAAACTGTGGCTACCC,TFF2,697,686,692
TFF3_TGCCGTGCCAGCCAAGGACA,TFF3,1065,335,652
TFF3_CCTTGGCTGGCACGGCACAC,TFF3,1226,709,768
TFF3_CCAGTGTGCCGTGCCAGCCA,TFF3,2965,438,513
TFG_CTATGGTGCACAGCAGCCGC,TFG,523,27,462
TFG_GCAAGCTATAGTCAGCAGAC,TFG,1737,303,363
TFIP11_CATGACAGGCCGGGAGCAGA,TFIP11,922,32,142
TFIP11_CACTTGGGTCTTTCCTCCAC,TFIP11,210,113,40
TFIP11_CTTCCTCTGAGTCAACCACA,TFIP11,223,37,89
TFIP11_GATGGGCTACGTCCCTGGAC,TFIP11,2,62,37
TFIP11_CCAGTCAACTTCATCAGCGC,TFIP11,3622,299,201
TFIP11_TTGTCCCACTTATACCGGGA,TFIP11,1543,101,56
TFPI_TGCCGCCCATTTAAGTACAG,TFPI,3204,538,331
TFPI_TGTCTCACTCCAGCAGACAG,TFPI,593,620,345
TFPI_TCCAGCGAATGGTTTCCAGG,TFPI,993,275,204
TFPI2_TGCAAACGTGCATGTGCAAA,TFPI2,2291,943,890
TFPI2_ACCGGAACCGGATTGAGAAC,TFPI2,1916,302,335
TFPI2_CCGGTTCCGGTGACACCCAC,TFPI2,1369,281,177
TFPI2_TGCCGCCAGTTCCTGTACGG,TFPI2,1909,396,223
TFPI2_TTCTCCGTTACTACTACGAC,TFPI2,750,149,213
TFPI2_CCCTTCTTCAGGAAATAACG,TFPI2,1661,349,525
TFPT_ACTGCTGCCCTACCCGACCC,TFPT,998,133,279
TFPT_GAAGAGGCGGCGAGTGCCAC,TFPT,399,0,126
TFPT_GATAACTCGGAGGCTGCAGC,TFPT,159,80,72
TFPT_TGAACGAGCGGGTCCTGAAC,TFPT,920,450,861
TFPT_GGCAACGCCAACTCTGAGCC,TFPT,168,170,297
TFPT_GAGGAGTTCTCAGCGCCGCC,TFPT,71,91,152
TFR2_GCTCATATACCCAGAGCCAG,TFR2,340,64,36
TFR2_GGTGATCAGCTTCGCCCAGA,TFR2,315,16,44
TFR2_TAGACGTCAGGGTCCTCCAG,TFR2,683,93,140
TFR2_TGCCACCCGTTCCCGAAGGC,TFR2,1303,699,726
TFR2_TGTCAACTATGAGCCTGACC,TFR2,728,116,112
TFR2_TTCCCTGGGCGGCAGCAGGA,TFR2,542,0,21
TFRC_AAGCGTATACAACAGTGGGC,TFRC,535,120,43
TFRC_AAAGTCTCCAGCACTCCAAC,TFRC,1014,77,100
TFRC_GCTCTGGAGATTGTCTGGAC,TFRC,817,307,204
TFRC_TCATATGTCCCTCGTGAGGC,TFRC,861,251,239
TFRC_GAGAAAGTTGTCGGAGAAAC,TFRC,616,177,221
TFRC_TTGCCGAGCCAGGCTGAACC,TFRC,1264,649,908
TG_ATTGGCCGACACCCAGCAGA,TG,793,148,99
TG_ACTGTCCAGTGCCAGAACGA,TG,1374,471,330
TG_GGTGTATGGGACCCGCCAGC,TG,148,172,167
TG_GAAATCGTCGTCTTCTCCAC,TG,228,3,12
TG_GGGCGGGAACTGGCTGAGAC,TG,693,285,431
TGDS_CTACATGAAACCAGCACCGC,TGDS,1697,521,1707
TGDS_AACCAGCACCGCCGGTCACC,TGDS,770,87,44
TGDS_GACCCGCTTCGCAAAGCCGC,TGDS,36,76,93
TGDS_TCCCGGCGGCTTTGCGAAGC,TGDS,1746,342,528
TGFA_AGCGGTTCTTCCCTTCAGGA,TGFA,398,271,324
TGFA_ATGTGATGATAAGGACAGCC,TGFA,565,160,156
TGFA_GCTGCACTCACCACTCAGCG,TGFA,628,551,361
TGFA_CGTACGTACCCAGAGCGAAC,TGFA,1990,407,444
TGFA_AGGGCGAGCTGTCCAGCCGA,TGFA,178,55,119
TGFB1_TATGCTGGTTGTACAGGGCC,TGFB1,31,6,631
TGFB1_CCTGGACACGCAGTACAGCA,TGFB1,964,825,1152
TGFB1_TCATGCCATGAATGGTGGCC,TGFB1,656,305,354
TGFB1_CACCCAGCGACTCGCCAGAG,TGFB1,1072,1100,628
TGFB1_CTCTGCCCGGGAGAGCAACA,TGFB1,1474,502,514
TGFB1_GGGTTTCCACCATTAGCACG,TGFB1,935,293,274
TGFB1I1_ATCCTATGGCCACCAGCCAC,TGFB1I1,723,170,14
TGFB1I1_TGCGTCTCCGCTCTGTAGAC,TGFB1I1,1371,885,571
TGFB1I1_TCAGTTCCCATCTAGCAAGG,TGFB1I1,2314,839,647
TGFB1I1_CAGTCTATCCAGCTCCAGAG,TGFB1I1,1413,692,506
TGFB1I1_TCATTTGTGGAGCTCACCAC,TGFB1I1,686,127,234
TGFB1I1_CCTCACCTCCCACTCGCAGG,TGFB1I1,345,275,250
TGFB2_GCTTGCTCAGGATCTGCCCG,TGFB2,833,207,162
TGFB2_GCAGACAAGTGTACTCACCA,TGFB2,851,330,270
TGFB2_AGGGTCTGTAGAAAGTGGGC,TGFB2,139,67,34
TGFB2_CTTTGCTGTCGATGTAGCGC,TGFB2,892,379,555
TGFB2_TTGAGTCACAACAGACCAAC,TGFB2,647,158,254
TGFB2_AGAGGGATCTAGGGTGGAAA,TGFB2,1068,441,153
TGFB3_TGTTGTACAGTCCCAGCACC,TGFB3,926,290,119
TGFB3_GCACTGCGGAGGTATGGGCA,TGFB3,920,908,256
TGFB3_CCACACCGGCTCGACAACCC,TGFB3,1845,862,473
TGFB3_GGCAAGAATCTGCCCACACG,TGFB3,810,170,224
TGFB3_GCTTTATCTCCTAGACGAAC,TGFB3,593,236,322
TGFB3_TCGGCCACATCAAGAAGAAG,TGFB3,1407,208,260
TGFBI_CGCCAAGTCGCCCTACCAGC,TGFBI,1525,490,146
TGFBI_GGTGGATCCAACGACTCCCA,TGFBI,586,34,88
TGFBI_TCCGCTACCATATGGTGGGC,TGFBI,230,131,165
TGFBI_GCCGACCACCATGCAACCAA,TGFBI,778,672,520
TGFBI_AAAGACATCCTAGCCACCAA,TGFBI,549,175,218
TGFBI_CGAGGCCGGCTTGTCTGAAA,TGFBI,2338,622,810
TGFBR1_AGCACGAGGAGGAGCAGCCG,TGFBR1,1409,148,244
TGFBR1_TGGCAGAAACACTGTAACGC,TGFBR1,2889,1617,1183
TGFBR1_GAGATGCAGACGAAGCACAC,TGFBR1,441,560,617
TGFBR1_CGATTTGGAGAAGTTTGGAG,TGFBR1,1234,569,430
TGFBR1_CGGTCTTGCCCATCTTCACA,TGFBR1,326,401,392
TGFBR1_CTGTATTGCAGACTTAGGAC,TGFBR1,2942,704,979
TGFBR2_TGCTGGCGATACGCGTCCAC,TGFBR2,729,612,280
TGFBR2_CCCGACTTCTGAACGTGCGG,TGFBR2,409,109,263
TGFBR2_ATGGGCAGTCCTATTACAGC,TGFBR2,409,98,208
TGFBR2_CAAGATGCCCATCGTGCACA,TGFBR2,1263,783,754
TGFBR2_CCTTCATGCTTTCGACACAG,TGFBR2,2163,1809,1569
TGFBR2_CCACACACTGGGCTGTGAGA,TGFBR2,2334,522,1246
TGFBR3_GACAGTAGTGGTTGGCCAGA,TGFBR3,734,76,205
TGFBR3_CACCATCAAGGGCTGACCAC,TGFBR3,970,567,269
TGFBR3_TGACAGGGTCCTTTGGCCGA,TGFBR3,1054,248,189
TGFBR3_CCCAAGGGAATCTGGTGAAG,TGFBR3,4068,1236,1828
TGFBR3_TCTTCAGATGCCACACCAGG,TGFBR3,1942,427,863
TGFBR3_CACAACTGGGCTGCCACAGG,TGFBR3,1161,211,301
TGFBR3L_CGGACAGCTTCAGGCTGAAG,TGFBR3L,1788,127,248
TGFBR3L_AGGCGACAGAGGTGTCGGCG,TGFBR3L,416,184,252
TGFBR3L_TGCACCGAGGCGTTGAAGAC,TGFBR3L,778,198,272
TGFBR3L_CTATCGTGGTCACCGTGCCG,TGFBR3L,1116,313,328
TGFBR3L_ACAGACGAGACCCAGCCCGG,TGFBR3L,1414,24,386
TGFBR3L_CGCACAGACGAGACCCAGCC,TGFBR3L,1585,264,616
TGFBRAP1_CACCGAATTTGATGCAGCCC,TGFBRAP1,2455,770,455
TGFBRAP1_AGACGCAGGCCAAGCTGCGG,TGFBRAP1,1401,39,71
TGFBRAP1_TCTTACCTACTGCTTAGACG,TGFBRAP1,120,38,53
TGFBRAP1_TCAGCTCCCGGACATCAAGC,TGFBRAP1,1748,347,236
TGFBRAP1_GCATGTTTGCCACAGTCGCA,TGFBRAP1,1241,294,192
TGFBRAP1_CGCTTGTCTCTGCTGTGGAG,TGFBRAP1,845,154,210
TGIF1_TCAAGCCTGACTTCTAGCCA,TGIF1,1101,606,1422
TGIF1_GGATGGTTCTAGCGCAGAGC,TGIF1,213,117,138
TGIF1_GAAGTTCCCACCGATGCGGC,TGIF1,491,83,69
TGIF1_TCTTTACCTGTAGCGTAGAC,TGIF1,297,39,58
TGIF1_TACTCCACCGGACCTCAACC,TGIF1,1439,535,92
TGIF1_AAGTCCTGGTTGAGGTCCGG,TGIF1,705,20,50
TGIF2_ACCTAGATCACTGTCCGACA,TGIF2,1169,72,360
TGIF2_GCGGCATGGAGCACACAGAC,TGIF2,1745,630,510
TGIF2_GCCGCTTCACTCAGGCCAGG,TGIF2,39,114,193
TGM1_CCTGCTTAGCTACCTACGCA,TGM1,870,653,799
TGM1_CCTGCTTATACATCCTGGAC,TGM1,848,366,400
TGM1_GGACCATGAGGATTGGCGGC,TGM1,735,56,96
TGM1_CACGCACGTGATCATCCCAG,TGM1,1616,1339,1079
TGM1_GACGAGCTGATAGTGCGCCG,TGM1,56,39,85
TGM1_AGGTCTTCGAGTGCCAGAGC,TGM1,1187,408,374
TGM2_ACTTGACGCGCTGGCAGCCG,TGM2,926,105,244
TGM2_CCCAAGTTCCTGAAGAACGC,TGM2,1666,783,424
TGM2_ACCTGGACTCGGAAGAGGAG,TGM2,464,312,324
TGM2_GCTGAGGCGATACAGGCCGA,TGM2,787,120,118
TGM2_CCATAGAGCTGGTCTTAGAG,TGM2,1881,1153,1238
TGM2_CTGATACTCACCCTCGGCCA,TGM2,1898,376,339
TGM3_CCTTGGCTCTAACGAAAGAC,TGM3,267,77,223
TGM3_CTCAGAGTCGGCCATGACGA,TGM3,991,511,519
TGM3_TGGCCGGGTGCTGAGTGCCA,TGM3,953,227,144
TGM3_AATTGGAGCGGCACTTACAC,TGM3,435,184,340
TGM3_TATCACTACCCTTGTCCAGG,TGM3,240,120,136
TGM3_CATGCCCTTTATCTTCGCGG,TGM3,1916,294,735
TGM4_CTGAAACTGGAATTCAGCAC,TGM4,654,279,291
TGM4_CGCCCTCAGACCACTACAAC,TGM4,2788,1168,1257
TGM4_CGTTTAGTTGGTACTTGCCC,TGM4,500,161,321
TGM4_TGAGGGAGCTCTCAGTCAGC,TGM4,275,94,262
TGM4_AATTCCCAATGAGCACGCCC,TGM4,613,76,125
TGM4_ATTCAGCTCACGACACAGAA,TGM4,597,488,359
TGM5_GACTCTGGCCACGATACAGA,TGM5,523,20,229
TGM5_ATTGCCCGTAGCGCACGGGC,TGM5,43,38,19
TGM5_GCACGCCAGGGACCTCACCA,TGM5,1871,139,96
TGM5_TCTACCAAGGCAGCAAGAAC,TGM5,1193,610,551
TGM5_CCTAGGACCGCTGCCAGACC,TGM5,2281,698,462
TGM5_ACAGGGTGAGGTTGAAGGCC,TGM5,111,156,206
TGM6_GCGAACCACCAGCTCAGGGC,TGM6,2328,356,242
TGM6_ACCGCAAACACAGCAACCGG,TGM6,2125,482,343
TGM6_GAGAAGCACATACGAGCCCA,TGM6,179,36,52
TGM6_TCCATCCTGGATCGAAGCCC,TGM6,1216,155,184
TGM6_GCGTGGCCATTCTGCAGAAG,TGM6,2067,660,628
TGM6_AATACGTGGACTCCTTCGGG,TGM6,295,67,82
TGM7_TTTCCGTTCCGCGCACAACG,TGM7,877,251,495
TGM7_TTCGCCTCTGTTATGTGCAC,TGM7,100,119,83
TGM7_CTGTTCCCAGCGGAACGACG,TGM7,184,28,63
TGM7_GATTCATCACCTCCTGGCCC,TGM7,312,1,41
TGM7_CGCTCCAGACATTCCCGGGC,TGM7,1307,396,231
TGM7_TGATGTGGTCGTTCTGGGAC,TGM7,744,168,425
TGOLN2_AGTCACTGGCCTTTGGCCGC,TGOLN2,543,107,65
TGOLN2_AAAGATCTAAAGTCACCCGG,TGOLN2,148,54,101
TGOLN2_CGCTCATCACAACAAGCGGA,TGOLN2,584,18,233
TGOLN2_GGGAGCTCCTTGTTATCAGA,TGOLN2,0,0,19
TGOLN2_CTCCTGAACGTCGCAGCGGC,TGOLN2,385,26,75
TGOLN2_CCTCCTGAACGTCGCAGCGG,TGOLN2,296,115,296
TGS1_AGAGAAACATTTCCGCCACG,TGS1,1212,20,0
TGS1_GGCTATTACATCAGAGACAG,TGS1,732,175,212
TGS1_AGACCAGGCGACAGAAGAAG,TGS1,1770,264,205
TGS1_TCAGAAGATAGTGCTTGACC,TGS1,799,44,28
TGS1_TTGCTTGGCTTATGCTCAGG,TGS1,181,105,142
TGS1_CTGTCATCAAAGTCTGAAGC,TGS1,626,360,472
TH_CCTCGGCGGTGTACTCCACA,TH,292,82,25
TH_ACCAGGTGTACCGCCAGCGC,TH,1643,124,462
TH_GCTGGACAAGTGTCATCACC,TH,301,1,0
TH_GGCGCACGAAGTACTCCAGG,TH,162,0,0
TH_TCGAGGACGCCCGCAAGGAG,TH,745,621,499
TH_CACAGGCCAAGGGCTTCCGC,TH,1059,141,156
THADA_ATTGTTCAGAGATACGCGCC,THADA,297,50,129
THADA_ATGTGATGTAACTGCGCAGA,THADA,422,239,237
THADA_AATGACTGGAGACACCACAG,THADA,598,209,251
THADA_GGCCTGCTGCTGTGGTGGAA,THADA,2736,656,465
THADA_TGGTGTCTCAGAGCATCCAA,THADA,510,32,172
THADA_TTCAAGGTCCTGATGGCAAA,THADA,2356,525,752
THAP1_ATACAATGCACCAGCGGAAA,THAP1,1110,398,283
THAP1_GCAGCATCAACCTGGGAAAC,THAP1,2322,199,405
THAP1_GAAACAGGAGGCGGTAAAGG,THAP1,1619,140,266
THAP1_AGAAGATCTTCTGGAGCCAC,THAP1,253,14,43
THAP1_CTGCAAGAACCGCTACGACA,THAP1,2941,0,0
THAP1_CTTGCAGCCGTAGGCGGAGC,THAP1,197,0,0
THAP10_ATACCCACACTACGGTGACG,THAP10,1837,51,194
THAP10_TGCCTCCGTACCAGTCGGCG,THAP10,2386,235,537
THAP10_CGGCCCGGTCCTTGGGAAAG,THAP10,2302,384,315
THAP10_TGTTCCGCTTTCCCAAGGAC,THAP10,1426,160,125
THAP11_CAACAACTCGCACCGGGACA,THAP11,2317,135,42
THAP11_GCTCATTGACGCCGCGCAGC,THAP11,691,119,34
THAP11_AGCAGCCTGTAACTCCGACG,THAP11,1602,44,57
THAP11_AGTTACAGGCTGCTACCGCA,THAP11,555,44,104
THAP11_CTCCGTGGTGCCTGACGACA,THAP11,1219,95,54
THAP11_TGGCCTCAGTGAGACGCAGG,THAP11,73,0,0
THAP2_GCCGACCAATTGCGCTGCGG,THAP2,457,304,214
THAP2_CCGACCAATTGCGCTGCGGC,THAP2,258,191,103
THAP2_GCGTCATTCATGTCAAGGCC,THAP2,879,93,346
THAP2_AACGCAGAGCAACTCGAAGA,THAP2,612,247,207
THAP3_ATGGGTGCTGAACATCGGCC,THAP3,747,68,112
THAP3_AAAGGCGAACACCGTGGGCA,THAP3,1097,142,176
THAP3_CCTGTCCTCAGGTCTCGCCA,THAP3,1322,73,81
THAP3_ACGGAGGCCGCAAGCAACAG,THAP3,1203,437,431
THAP3_CACAAGGCTTCACGTGAAGC,THAP3,1967,787,632
THAP4_TCGCATCCCACTCCATCGCC,THAP4,442,331,225
THAP4_TTTGTCAGCGCCCAGAACAC,THAP4,750,441,414
THAP4_ACCTGGCTGTCGGACCCACC,THAP4,242,104,195
THAP4_CCCTCTTCTTCTCGGTCAGG,THAP4,296,177,273
THAP4_AGCGCGCCGTCTCCTTCCAC,THAP4,406,275,193
THAP4_CGTGAACTGCTCCAACCGGC,THAP4,1197,233,492
THAP6_GCAGCGAGAAGCACATCCAA,THAP6,850,84,125
THAP6_CGGCGAGCTAGAGGATACAA,THAP6,1090,384,615
THAP6_TTGTCAGGAGAGCATAGAAC,THAP6,2084,370,305
THAP7_ACTCTGGAAGCGGCGAGCCG,THAP7,395,108,33
THAP7_GCGCCCAGCCTTCACCAGAG,THAP7,3460,437,694
THAP7_CGCCGGACAACCAAGACCAA,THAP7,846,198,356
THAP7_TGAGGAGGACTGCTTTGAGC,THAP7,481,2,175
THAP7_ACTCGGATGCCGGGTCCCAC,THAP7,259,109,172
THAP7_ACCGCGGCATCTCCTTCCAC,THAP7,1947,91,118
THAP8_TGCCACAGTGGATGCCAAGC,THAP8,2024,845,611
THAP8_TGGAGGGCCTGACATAGCCA,THAP8,1216,106,191
THAP8_TGCTGGGAGCACTGCAACGC,THAP8,2379,377,511
THAP8_AGGCGCACTGGGCCAGAGAC,THAP8,914,434,221
THAP8_AGGGCACTGCATCAGGCCGC,THAP8,22,0,25
THAP8_CGCCCTGCAGTACTTGGGCA,THAP8,1051,697,471
THAP9_CCGTGACACCGTGCTCAGCC,THAP9,1582,569,647
THAP9_GGCTATTCAGAGGTAAACAC,THAP9,491,105,93
THAP9_AAGATTTGGATTCCAGGACC,THAP9,539,98,173
THAP9_TTGGAACACAGTATAGCACC,THAP9,523,115,111
THAP9_GACGATAGGTGCAGAGAAAC,THAP9,1017,529,704
THAP9_CCAGTGCTACTAACTCCACG,THAP9,1077,492,886
THBD_CGACTGTGACTCCGGCAAGG,THBD,6155,1204,1812
THBD_TACCTCTGCGTCTGCGCCGA,THBD,439,113,100
THBD_AGTCATCCACGTCCTCGCAC,THBD,1160,331,447
THBD_CACATTAGCTGTAAGCCGAG,THBD,1108,1931,372
THBD_CGGAGACAGCGACGCACAAC,THBD,1785,1009,1036
THBS1_TGCGGAAAGCTGGGCTGGAA,THBS1,2652,964,1632
THBS1_CCTCACCCTTGACAACAACG,THBS1,1934,707,899
THBS1_AGTTGGCCAATGAGCTGAGG,THBS1,460,123,96
THBS1_AGGAACTGTGGCATTGGAGC,THBS1,963,81,69
THBS1_TGTTGAGGCTATCGCAGGAG,THBS1,1163,1062,345
THBS1_AACCCTGTGAAGGCGAAGCG,THBS1,1186,401,299
THBS2_TTTGCTTCCTCTGGCAGCGG,THBS2,520,184,271
THBS2_CATTCGCCTTCCACAAAGGA,THBS2,472,255,245
THBS2_CAATGAGCTCCCAGAGAAAC,THBS2,1296,298,1291
THBS2_CAGCGAGAACCTCAAGAGAG,THBS2,628,189,456
THBS2_AGGTCATCTGCGTTCACCGG,THBS2,110,185,134
THBS2_TGGGTGTGGCCCAGCACGCA,THBS2,1386,364,499
THBS3_TCGAGGGTACAAGGGCACAC,THBS3,1022,296,289
THBS3_GCAGTCCACACCTCGGAAGC,THBS3,1847,579,769
THBS3_TATCATCCCGCAGCTCCACC,THBS3,450,161,148
THBS3_TGTGGCCTACTCACCTAGAA,THBS3,1034,305,530
THBS3_GCCGTGAACCTACAGCAAGC,THBS3,1489,370,742
THBS3_GGAGACGCAGGAACTTCGGG,THBS3,521,0,21
THBS4_CGACCCGAACCCACTTACCC,THBS4,1402,884,860
THBS4_TTTAGTCTGCAGCTTGAAGG,THBS4,680,352,437
THBS4_AGGCTGAGCAATTTGCAGCG,THBS4,1169,520,1213
THBS4_AGTGAGCCACTGGCTGCCAC,THBS4,0,0,1
THBS4_CAATGTACCGACAGTAGAGA,THBS4,1740,428,197
THBS4_AGTGGGCTTCACAGGGCCCA,THBS4,26,34,97
THEG_AAGTGTGATCAACCCAGGCC,THEG,522,140,237
THEG_TACTGGCCAAGTGAAGGAGG,THEG,411,68,177
THEG_CGACGCTCTGTATTCCAGGG,THEG,894,378,363
THEG_CCGCTCGGTCCAGTACACAG,THEG,1860,892,1195
THEG_ACTGGCAAGTCCTGAAAGAC,THEG,1576,177,303
THEG_GCTCTGTGTACGAGAGCCGG,THEG,0,12,2
THEGL_ACAGAAGCTTCTGGCGCGAA,THEGL,983,192,478
THEGL_TGCCCATCGGTCACCTCGGA,THEGL,1073,252,210
THEGL_GGAGATCATTACTGCGGCGC,THEGL,53,77,193
THEGL_CCTATTCGCCCTGTTTCCCA,THEGL,295,142,207
THEGL_GCTGAGCCTTCAAAGCACCC,THEGL,189,65,183
THEGL_TTATAGAGCTTGCCCACCCA,THEGL,1301,237,278
THEM4_GGCTATCATTCTTACCCAGG,THEM4,415,31,45
THEM5_GGTTGTAATGGACGTAGAAC,THEM5,664,417,370
THEM5_CTCGTCCATCATGGCTGCCA,THEM5,404,155,224
THEM5_CTTCACCAGGTGCATCCAAG,THEM5,1438,376,1484
THEM5_ACTCAAGCTCCCATCTGGAC,THEM5,1064,209,297
THEM5_GAGGATCCAAATGCTGAGGC,THEM5,652,15,22
THEM5_GGCCAAGTCTTGCTGCCACC,THEM5,396,38,85
THEM6_GAGGGAGTTGCGGGCGCACA,THEM6,424,124,37
THEM6_AGGCGGGTGCGCACCTCGAA,THEM6,170,23,8
THEM6_TGCAGCACCTGTGCCAGCGC,THEM6,277,78,402
THEM6_GCACTGGATCTCCTACAACG,THEM6,3670,1253,1607
THEM6_CACTCTCCATGCGGAGCAGC,THEM6,493,22,176
THEMIS_GACGTGTTGGCTGCCACACC,THEMIS,236,55,151
THEMIS_CAGGGATCTTTCCATTGAAG,THEMIS,1491,316,302
THEMIS_GCGACCGAGGGAGTTCCCAA,THEMIS,348,192,196
THEMIS_TGGTGAGCTGTGCAGTAGCA,THEMIS,1561,492,648
THEMIS_TGCCTGGATTTCTAGAACCC,THEMIS,1687,198,169
THEMIS2_ACGAAGTCCTGCAGCGGCAC,THEMIS2,619,101,589
THEMIS2_AATGAGTGCTGCCTCTCCAC,THEMIS2,102,107,13
THEMIS2_CCAGGTCCGCCTCCAGAAGG,THEMIS2,2201,492,505
THEMIS2_CGCAGGATCAGGGAATGCCA,THEMIS2,1233,102,182
THEMIS2_GATAAAGTGGACGTGCCGGG,THEMIS2,110,42,63
THEMIS2_ATCCTTGATGAACTCTGGCA,THEMIS2,1056,13,156
THG1L_CTGCTGGGTGGTAGTGCGGC,THG1L,1290,0,9
THG1L_TGGTAGTGCGGCTGGACGGC,THG1L,438,8,8
THG1L_GCGCACATTTGGTCATCAGC,THG1L,1560,11,11
THG1L_ACGACTCTTCCGTCAAAGCC,THG1L,975,643,443
THG1L_TAACACCAGTACAAGCCCAA,THG1L,553,19,0
THG1L_ATATCGCAGTGCAAGGGCAC,THG1L,778,76,0
THNSL1_CCTCAATTCCGCAAGTGCAA,THNSL1,1316,321,511
THNSL1_TAGCTACTTCAGGAGACACA,THNSL1,369,212,189
THNSL1_TCATATCAGCTGCACAGACC,THNSL1,769,29,243
THNSL2_ATGTGGTATGTCAGCACCAG,THNSL2,1095,240,405
THNSL2_GAACTGTGTTGTGCAGGACA,THNSL2,355,245,460
THNSL2_ATTATCGTTCTGCTGCCCAA,THNSL2,229,122,52
THNSL2_GGAGGTGGTTGTGCCAACAG,THNSL2,732,337,283
THNSL2_ACCGCAATGACATCATCCAC,THNSL2,1530,128,101
THNSL2_TGCTCAGGTGCCCTACAACA,THNSL2,4203,1215,1519
THOC1_GAGCCCTGAGACTATTAGCA,THOC1,187,72,123
THOC1_GGATGTAGAAGAAGGCGAAA,THOC1,780,348,129
THOC1_TCTTCAGTTTGCCCGAAGCG,THOC1,1230,71,2
THOC1_GCTTCGGGCAAACTGAAGAG,THOC1,1270,68,109
THOC2_ATGACACAACCATCTCAAGC,THOC2,1870,38,0
THOC2_CCTCCGTAGGCGCCTAACCA,THOC2,1238,112,62
THOC2_GATATCGTCTGTATGGCCAG,THOC2,301,0,0
THOC2_CGTGAGAAAGGTGAGGACCA,THOC2,2489,0,0
THOC2_CACAGTTCTAAAGGAACGCC,THOC2,361,0,22
THOC2_CCGCAGAGTGGATAAAGAAC,THOC2,1581,141,225
THOC5_ATAAACAGGTACTCCTGCAC,THOC5,607,33,11
THOC5_TGCATGATGCTGTTGAGGCG,THOC5,2803,641,632
THOC5_GGCACGTCTGGACTGGGAGC,THOC5,0,0,47
THOC5_TGAGGTGATGCACCTACAGA,THOC5,358,0,47
THOC5_GCCCACATCAGGTTGAAGAA,THOC5,1456,33,28
THOC5_GAATCGATCTGACACCGAGC,THOC5,944,11,0
THOC6_TGACCCAGAGGCACCGCGAG,THOC6,2137,386,473
THOC6_TATGGAGCCGCTGCAAGGCC,THOC6,134,29,70
THOC6_CCGGTGGTGACTTTCCAAGG,THOC6,1075,323,315
THOC6_GAGCATCTCCGCCCAAAGCC,THOC6,589,307,160
THOC6_GATCTCAGGCACTTCCAGGC,THOC6,231,145,19
THOC6_CACACTATGGACCTTGAAAC,THOC6,3249,1082,962
THOC7_ACCGTCAGTCACGGCTCCCA,THOC7,635,0,0
THOP1_AGCAGATAGAGGAGCGCACC,THOP1,861,171,47
THOP1_TGTCCGGATGTCCTTGGAGG,THOP1,2145,110,179
THOP1_AGCGGCTAATCAAGCTGGGC,THOP1,181,0,77
THOP1_CTTCAACAAGAACCTGAACG,THOP1,2022,589,637
THOP1_CACGTGGCATTTCTTCAGGA,THOP1,2397,447,495
THOP1_GCTACCTAGGAAGGTGGCCA,THOP1,0,17,30
THPO_AACGCACCTTTCCTCGGAGC,THPO,836,48,110
THPO_GACTTACCTGGGTTCCAAGG,THPO,477,273,287
THPO_CCCAAGCTAAAGTCCACAGC,THPO,1588,509,466
THPO_TAAAGTCCACAGCAGGCAGC,THPO,470,341,205
THPO_ACAAGCAGGAGGAGCCGGGC,THPO,689,297,202
THPO_AAGGCTAACGCTGTCCAGCC,THPO,410,181,224
THRA_TCGCTTTCCATCTGGTGACC,THRA,1514,173,114
THRA_ACTTCTTGAAGCGGCACAGC,THRA,441,84,177
THRA_TGATTGAGCAGAACCGGGAG,THRA,1351,366,320
THRA_TCCGTCCGGCATGGAGACAA,THRA,1545,362,271
THRA_GCTGTGCTGCTAATGTCAAC,THRA,835,434,541
THRA_CGTAGTGCTCGAACGCCAGC,THRA,301,206,461
THRAP3_GATCTTGAACGGCCTCGACG,THRAP3,705,78,274
THRAP3_ATGGTGGACTCTTACCCACA,THRAP3,583,307,548
THRAP3_AGAGAAGCGAAGGTGGGCAC,THRAP3,715,267,313
THRAP3_CAACAGTTCACCTTGTAGCC,THRAP3,1098,248,487
THRAP3_AGCATCGGAGAGCAAGAGAC,THRAP3,406,711,218
THRAP3_CAATAGCAGTTTCGAGCCAG,THRAP3,899,1225,962
THRB_ATAGCGCACAGCAGCGCGAA,THRB,517,187,68
THRB_CACACCAGCAATTACCAGAG,THRB,3040,1143,751
THRB_CATGTGGCGACCAACGCCCA,THRB,647,273,131
THRB_ACAGCGGTAGTGATACCCGG,THRB,754,252,252
THRB_GAAGATAGTCCGGGTTACAG,THRB,482,39,284
THRB_AAGTGCCCAGACCTTCCAAA,THRB,1145,297,197
THRSP_GCCTGCTGACCGTCATGGAC,THRSP,999,112,197
THRSP_TGGACCATGGGCTGCTGCCG,THRSP,1703,321,401
THRSP_GAATGGAACCGCAGAGACAG,THRSP,1387,55,60
THRSP_GCACCTCACCGAGAAAGCCC,THRSP,416,50,178
THSD1_CTGCCTACAGCTCTAGGACG,THSD1,2849,1094,975
THSD1_CGCTGTGGAGGAGGTTCGGC,THSD1,409,175,404
THSD1_TGCTCATCACGCTGTGGAGG,THSD1,1227,395,480
THSD1_CTCCTCCAGGGAACACAGGG,THSD1,1472,117,91
THSD1_AATTGTCCTCCTCTCTCCCA,THSD1,243,237,140
THSD1_TGACTTGAATAGGAGTGCCA,THSD1,1015,156,177
THSD4_GCCCTCCACTCAACACAGGA,THSD4,340,471,311
THSD4_TGCTCGCGTAGCTGCAGCGG,THSD4,1274,211,234
THSD4_CCAGAAACAAGCAACAACCA,THSD4,2190,535,591
THSD4_AAGCAGTAGAAGTATCCGGG,THSD4,459,285,63
THSD4_GCCGTGCCGTTCTGGTCACA,THSD4,956,314,289
THSD4_CTAACACTGCTGTTTGAACG,THSD4,5089,2934,3256
THSD7A_CTGCATGCCGACAGAGCAGG,THSD7A,733,138,99
THSD7A_GGCAGGCTCTTCACAGGGAA,THSD7A,194,308,197
THSD7A_ATGGCTGGAGAACTACAGAG,THSD7A,1099,497,444
THSD7A_TCCATCTCCTTGAGACAAAC,THSD7A,1353,580,551
THSD7A_ACGATGCAATCTTGCTGGCA,THSD7A,1731,335,289
THSD7A_ACCCTCTATCTGTGGAAGAC,THSD7A,404,281,262
THSD7B_GATAGGTTATCAAACCCGGC,THSD7B,5,43,0
THSD7B_CATGGCTATTGGAGGTGGAA,THSD7B,1023,307,595
THSD7B_AGCTGCCGCACTGAGGGCCA,THSD7B,947,136,115
THSD7B_CTATGCAGTCCGTAGAGCAA,THSD7B,1377,461,289
THSD7B_AGGATCCAATGTGCTACCGA,THSD7B,553,62,217
THSD7B_TGCCAGGATAGTTCTTGACC,THSD7B,1306,363,167
THTPA_CGAAAGTTCCTTCCAGGGCC,THTPA,2257,324,276
THTPA_AGGTGTCTCGGAAGGTGACC,THTPA,385,50,34
THTPA_GCTCTTGGGAGCTGATGAAG,THTPA,835,186,126
THTPA_TTCAGCCTCCTCATGCACCA,THTPA,1505,641,1045
THTPA_GGCGCTGATAGTCTTGAGGC,THTPA,604,284,191
THUMPD1_ACCAACGTCTAATCCACAGG,THUMPD1,210,84,57
THUMPD1_CACCAATCCACAGTACACAG,THUMPD1,2247,565,904
THUMPD1_CTCTCAGTTTGCGCACACCA,THUMPD1,3026,334,633
THUMPD1_CCTTAGGACCTGGCGCAGCA,THUMPD1,10,352,162
THUMPD1_GCCGGTCTGCAATCGTGAAA,THUMPD1,648,390,438
THUMPD1_CCGGTCTGCAATCGTGAAAG,THUMPD1,1970,923,624
THUMPD2_TGCTTAGTGAAGATCACCAC,THUMPD2,338,314,86
THUMPD2_ATCTACAATAGCGTGGGCAA,THUMPD2,291,131,177
THUMPD2_GACTGCGATCTACAATAGCG,THUMPD2,1408,515,571
THUMPD2_TGGAAAGGCCTTCACTGCAC,THUMPD2,872,122,152
THUMPD2_GGAGCCGTTCGTAATGCGAG,THUMPD2,1232,362,289
THUMPD2_CTCTCCACGCGCCTCCGACA,THUMPD2,1615,852,527
THUMPD3_CTCAAAGCCAGTAGGTACAG,THUMPD3,1779,579,744
THUMPD3_CTGATCTCAGACAATGAACC,THUMPD3,1195,604,494
THUMPD3_CGTGTCTGCACACCTACCAC,THUMPD3,674,567,247
THUMPD3_CTGTGGTAGGTGTGCAGACA,THUMPD3,3222,911,625
THY1_TGAAATCCGTGGCCTGGAGG,THY1,728,232,253
THY1_GAAATCCGTGGCCTGGAGGA,THY1,311,108,137
THY1_ACGAGGTGTTCTGAGCCAGC,THY1,194,256,100
THY1_GCCTTCACTAGCAAGGACGA,THY1,193,103,183
THY1_CATGGCGGCAGTCCAGACGA,THY1,808,138,150
THY1_AGATCCCAGAACCATGAACC,THY1,1364,413,337
THYN1_GAGAGGGCCCACTCTTACCC,THYN1,5,18,22
THYN1_GCGTGACCATGTCGAGACCC,THYN1,562,172,76
TIA1_TGCATATGGAATGTATGGCC,TIA1,1165,0,0
TIA1_AACCCTCTCACCTGTTGCAC,TIA1,823,23,118
TIA1_TATGTACTCTTTGGAGCGGG,TIA1,441,165,33
TIA1_TGATTTCAGAGATGCCCGAG,TIA1,680,397,193
TIA1_ACCGTAGCTTGTAGTTAGCC,TIA1,866,620,1007
TIA1_TGAACGCTGTGTGCTGACAA,TIA1,1447,746,524
TIAF1_CATAACACGCTGAGACAAAG,TIAF1,2429,503,745
TIAF1_ACACGCTGAGACAAAGAGGG,TIAF1,333,55,188
TIAF1_TCTTAAGAATGAGGTGCGGA,TIAF1,710,289,133
TIAF1_GAGACGCTGGTGAGGAGAGC,TIAF1,388,132,82
TIAL1_ATACCTCCTCCTAACCAAGC,TIAL1,472,81,35
TIAL1_TGCCCGTATACTCCATAAGG,TIAL1,1167,344,112
TIAL1_CGTTCACCGAAACAATGGCA,TIAL1,837,159,27
TIAL1_TGCCATGTCTTTAACTACCC,TIAL1,1201,174,165
TIAL1_TCAGCAACCCGATAGCAGAA,TIAL1,2049,889,793
TIAL1_CCACCATGATGGAAGACGAC,TIAL1,689,97,23
TIAM1_ATTATTGGGCAGACAGAACC,TIAM1,939,274,338
TIAM1_CCAGATCCGCGAGCAAGCGA,TIAM1,994,326,359
TIAM1_TCGACCAACGAAAGTGGCCA,TIAM1,861,290,297
TIAM1_GGTCGCGAGGCACCACCACA,TIAM1,984,189,202
TIAM1_TGTCGCTGCCCACAAAGGCC,TIAM1,695,334,228
TIAM1_CTTGGGTTCCGCCGAAGAGA,TIAM1,527,341,323
TIAM2_AGGCGAGAGTCCGTGGGAGA,TIAM2,911,444,379
TIAM2_CTCATAAATGTTCTGCCGGA,TIAM2,610,226,204
TIAM2_CTGCAAACAGAGCACACCGA,TIAM2,4401,798,749
TIAM2_CCATGTCTATCTTCTGAAGC,TIAM2,1968,1044,796
TIAM2_ACAAGATGCCCAGCCTGCCG,TIAM2,311,78,89
TIAM2_ATGACTCTGCTCTCCGGAAA,TIAM2,715,312,340
TICAM1_TGAGCAACCTCACGCGACAG,TICAM1,1876,421,305
TICAM1_CCAGCTTCTCCCGAACCCGC,TICAM1,1013,209,311
TICAM1_CGGCTTGGTATTTGGAGAGG,TICAM1,1383,538,469
TICAM1_ACCGGCTCCAGAATAGGCAA,TICAM1,1601,158,242
TICAM1_GACAGGCTCGGGCACCAAGC,TICAM1,217,93,48
TICAM2_ATTGATGGTTTGGAGGGCAA,TICAM2,387,2,78
TICAM2_TGTAAATGCTGTCTGCCACA,TICAM2,519,148,246
TICAM2_GAGCACAGCAATACAACAGA,TICAM2,423,42,131
TICAM2_TGAGCACAGCAATACAACAG,TICAM2,2285,874,510
TICAM2_CCGAGTCAGTGCTCTTACCC,TICAM2,4806,407,629
TICAM2_CGGTTCTCACTAGGAAACAA,TICAM2,440,223,354
TICRR_GGACGTGGAGAGCGAGGCCA,TICRR,642,114,9
TICRR_AAACAGTCCAGTATCCAAGG,TICRR,1516,0,0
TICRR_GCACTTTGGGCACTGACAGC,TICRR,1234,7,0
TICRR_CCTCACTGTGTGCCGCACCA,TICRR,624,0,0
TICRR_GCACCACTGATGTTACAGAA,TICRR,763,116,0
TICRR_TTCTCTGGTAGAGCTCGGCA,TICRR,1226,0,0
TIE1_CCACATGAGAAGCCAAGAAG,TIE1,2029,393,546
TIE1_ATCTACGTGCACAACAGCCC,TIE1,1010,79,368
TIE1_CGAAAGAAGGCGCTGCCCAG,TIE1,406,255,169
TIE1_ACACCTCCATGTAGGCAACC,TIE1,892,604,675
TIE1_TAGGCATACCTTCTTGGCAC,TIE1,454,239,489
TIE1_CACCATTCTGACACTGGCAC,TIE1,1004,548,595
TIFA_AAGCAGTTCTCCGACAGAAA,TIFA,1788,469,476
TIFA_GATCGTGGACAGCAGAGAGC,TIFA,553,74,155
TIFA_ATTTCACCACTTCGCTGGAA,TIFA,268,329,348
TIFA_ATTCCACACTGCAACTGGCC,TIFA,545,252,185
TIFAB_ATCTGCTACCCTGAACCAGG,TIFAB,151,281,90
TIFAB_CTCAAGGCCCTGAGCCGCAA,TIFAB,2344,1052,817
TIFAB_CCTCAAGGCCCTGAGCCGCA,TIFAB,299,309,263
TIGD2_TTCACCAATTCCGTACACCA,TIGD2,3505,527,492
TIGD2_GCACAAATCGTTCCGGACAC,TIGD2,765,754,338
TIGD2_ATGTGTTGCGCAAATGCCAC,TIGD2,63,77,1
TIGD2_CTGATTCAACCAATGAGCCA,TIGD2,1109,207,128
TIGD3_CAAGATGTCCCAGTCGGAGG,TIGD3,674,66,351
TIGD3_TGCTGCTGTGTGCCAACAGC,TIGD3,986,484,372
TIGD3_CCGGACCACTGAGCTGGGCA,TIGD3,2227,375,288
TIGD3_GGTAATGGGCCTTAAAGGCC,TIGD3,94,0,0
TIGD3_CAGCCAGTTTGCCCAACAGC,TIGD3,1217,225,361
TIGD3_ATTCTACGACTGTGAGGAGG,TIGD3,687,126,10
TIGD5_GCCATCTTCACGGCCACGCG,TIGD5,1368,348,258
TIGD5_AGCGCTTCTACGGCGAGGCC,TIGD5,332,36,85
TIGD5_CTGGAAGCTGCTTCCGGAGC,TIGD5,718,81,243
TIGD5_AGGGCGGGCATACTGGCAGC,TIGD5,658,195,204
TIGD5_GCTCAGCGACCTCACCCACC,TIGD5,450,136,475
TIGD6_TCGACATGATTGCTGCAGCG,TIGD6,1567,848,813
TIGD6_AGCAGTTGTCTATGAGCAAG,TIGD6,565,100,94
TIGD6_TAATGAGTGGCTGATGCAAG,TIGD6,1123,424,368
TIGD6_ACCAGTGGGCTTGGATGACA,TIGD6,1510,272,146
TIGD6_GGCTCGGTAATCACAAGGGA,TIGD6,422,84,245
TIGD7_TGTCTAGCTCAGCTATACAG,TIGD7,828,196,162
TIGD7_CACGCCTCTTACCGGAACAC,TIGD7,1277,230,139
TIGD7_CGGTGTTCCGGTAAGAGGCG,TIGD7,1157,263,337
TIGD7_TCTGGACTTTGTACTGAAGC,TIGD7,1289,204,508
TIGIT_CATAGGGTGAGCCACAAGAA,TIGIT,1476,519,622
TIGIT_CTCTGGGCAGAAGCATGCGC,TIGIT,1376,188,631
TIGIT_CACCACGGCACAAGTGACCC,TIGIT,1983,467,775
TIGIT_GCCACTCGATCCTTGAAGGA,TIGIT,249,119,93
TIGIT_GGTGGTCGCGTTGACTAGAA,TIGIT,100,187,172
TIGIT_TGAAGAAGCTGCAGTTACCC,TIGIT,919,112,217
TIMD4_TGCGAAGAGCACAAATCCCA,TIMD4,679,211,176
TIMD4_TGCTGTTGTGAAGACGGCAA,TIMD4,1287,80,297
TIMD4_GGTTGTTGTCATTTGTCGGG,TIMD4,466,186,254
TIMD4_TTTACATCGTTGAACCAGCC,TIMD4,245,241,198
TIMD4_TTCAGAGACTGTTGTGACGG,TIMD4,2286,937,652
TIMELESS_CTGAATGGACAGCTCTCGGG,TIMELESS,497,26,0
TIMELESS_AGGGACGCTTAGCTCAGGAG,TIMELESS,634,21,9
TIMELESS_GGTGAATCGCCCAGAGGAGC,TIMELESS,330,0,0
TIMELESS_TTCTCCTGATCAAGGTCAGC,TIMELESS,601,102,100
TIMELESS_CTTGTATGAGCTGCTGCAGC,TIMELESS,601,69,50
TIMELESS_ACGAGATGTGCGGCAGCAGC,TIMELESS,160,134,171
TIMM10_CCTGGACATCCATGAGCGGA,TIMM10,960,0,0
TIMM10_ACACTTCCGGTGGCAGGCAC,TIMM10,1588,0,19
TIMM10_TGATGGCCGATATGTACAAC,TIMM10,799,1,0
TIMM10_CCAACAGCTGGCTGCGGAGC,TIMM10,997,277,318
TIMM10B_TCATCCGATTGTAGACCAAC,TIMM10B,343,182,251
TIMM10B_GCAAGCTGGGCACACAGCGC,TIMM10B,130,331,223
TIMM10B_CAGAGCTCGGTGGTGCAAGC,TIMM10B,1983,502,293
TIMM10B_TGCGATGCGGCGCTGTACCA,TIMM10B,1336,633,624
TIMM13_CTACAACTCGCGGCTGCAGC,TIMM13,243,188,60
TIMM13_CGAGTTGTAGGCGCGAGACA,TIMM13,1428,652,183
TIMM13_TGGACCGCTACATGGACGCC,TIMM13,747,12,36
TIMM13_GGTGAAAGTGCAGATCGCCG,TIMM13,627,30,9
TIMM17A_TCGCGGCATTGGAGTCAAGA,TIMM17A,1286,635,549
TIMM17A_GACAGCGGTGAAGCTCACCA,TIMM17A,578,85,170
TIMM17A_ACCATTCACCCACTTACCAC,TIMM17A,1420,104,151
TIMM17A_GAGTAAACCACAGACTACGA,TIMM17A,306,122,24
TIMM17A_AATGTCTTCAGATGGACCAG,TIMM17A,336,163,117
TIMM17B_CTCAGAGCTCACATTAACGG,TIMM17B,3401,892,1041
TIMM17B_CTGTGCCCATTGCCGTACCA,TIMM17B,1715,641,726
TIMM21_AGTATACGGAGAAGCTGCAC,TIMM21,176,0,50
TIMM21_GCTCGGTCCCTGCGTCCAGA,TIMM21,97,10,13
TIMM21_GCAAACAAGTGTCTGTGCAC,TIMM21,250,171,5
TIMM21_CCCATATATCTTGCTAGGAC,TIMM21,3888,477,422
TIMM21_GGTGTATGCGCAAGTGAAAG,TIMM21,955,262,361
TIMM22_GCTGACGCTTGTCACCCACC,TIMM22,87,82,41
TIMM22_GGAGCAGAAGATGATCGAGA,TIMM22,515,97,131
TIMM22_CGCTGGCATCGATACCAACG,TIMM22,2475,331,347
TIMM22_CACGTTGGTATCGATGCCAG,TIMM22,435,18,97
TIMM22_TTGACAGCTGGCTTAAAGGC,TIMM22,946,0,8
TIMM22_CAGGCAATTACTCTCACCGG,TIMM22,1630,290,314
TIMM23_CTTCGAGGGATAGCACGAGG,TIMM23,694,1,50
TIMM23_GGTCTTCGAGGGATAGCACG,TIMM23,580,1,64
TIMM23_GCTATCCCTCGAAGACCACC,TIMM23,468,29,0
TIMM44_ACAGCGTCCTGGGACAGACC,TIMM44,1106,61,56
TIMM44_CGAGTCGGTATCCAAAGGCG,TIMM44,1636,1,41
TIMM44_GCTGACGGGCACCGTGAAGG,TIMM44,1751,60,154
TIMM44_AATTCCGTGACGAGGCCAGA,TIMM44,716,20,0
TIMM44_GAAATTGGATTCCACTGCCG,TIMM44,106,0,88
TIMM44_ACGATTCTCCAACATGGCGG,TIMM44,392,25,0
TIMM50_ACTAGTCTCCTGGCTGACCC,TIMM50,415,83,93
TIMM50_CTTGCGCCTTAGTGCTCCCG,TIMM50,1561,50,50
TIMM50_CCTTGCAGGAAACAACCCGG,TIMM50,1009,39,28
TIMM50_TTCTGGTACAGCAGTTGCGC,TIMM50,898,97,185
TIMM50_GGTAGTACGGTTCCTGCAGA,TIMM50,42,16,0
TIMM50_CTTTACGTCAGAGACTGGCA,TIMM50,840,0,15
TIMM8B_GGCGAGCCTGAGGCGAACAA,TIMM8B,595,118,157
TIMM8B_CAAACACAGCTGTCGGAAGG,TIMM8B,1641,418,385
TIMM8B_GCGCAAACACAGCTGTCGGA,TIMM8B,296,88,90
TIMMDC1_CGTAGGTCGAGAGAAGGCCA,TIMMDC1,833,394,198
TIMMDC1_AGAAAGCTCCGCGGTGCCGG,TIMMDC1,93,137,19
TIMMDC1_CTTTGCCAAACAGCTCCCGG,TIMMDC1,865,178,96
TIMMDC1_GCACATCGTGCTGCCACACG,TIMMDC1,1547,377,443
TIMMDC1_TCATTCGTTATGGCTGGCGC,TIMMDC1,135,48,88
TIMP1_CTATCAGCCACAGCAACAAC,TIMP1,2145,1059,1182
TIMP1_CTCATAACGCTGGTATAAGG,TIMP1,2112,590,498
TIMP1_GCGCGGCCTAGCAACCACGA,TIMP1,1900,505,477
TIMP1_CCAACGGGAGATCCTTCCCG,TIMP1,1581,311,40
TIMP1_TCAGGCTATCTGGGACCGCA,TIMP1,607,536,181
TIMP2_CTGTGACCCAGTCCATCCAG,TIMP2,1193,243,103
TIMP2_AGTGTCTCCAGATGGACGGC,TIMP2,423,92,39
TIMP2_CTCCGCAGGAAAGGCCGAGG,TIMP2,1187,106,84
TIMP2_GGCCAAAGCGGTCAGTGAGA,TIMP2,775,29,113
TIMP2_AACGCCTGTTGCGGGTGCAC,TIMP2,387,164,82
TIMP2_ACGCCTGTTGCGGGTGCACC,TIMP2,422,102,157
TIMP3_CACGATGAGCCCGAGCCAAG,TIMP3,1266,588,493
TIMP3_GCACGATGAGCCCGAGCCAA,TIMP3,606,223,565
TIMP3_CTCTGCAGTGATCCGGGCCA,TIMP3,526,325,215
TIMP3_GAGTCTCTGTGGCCTTAAGC,TIMP3,418,120,116
TIMP3_ATGATGGCAAGATGTACACG,TIMP3,1209,166,334
TIMP3_GCCTGCATCCGGCAGAAGGG,TIMP3,507,65,169
TIMP4_ACCAAGGACAGGTCCTCCCA,TIMP4,629,125,45
TIMP4_TGTGCAACTACATCGAGCCC,TIMP4,786,267,579
TIMP4_CGGACTCACCAAGTGCCGAG,TIMP4,647,123,209
TIMP4_ATGTGCTGCTGAGGGTGCGC,TIMP4,453,258,110
TIMP4_TGTGCTGCTGAGGGTGCGCC,TIMP4,946,108,98
TIMP4_TGAGGCATGCAGCTGCGCCC,TIMP4,606,168,84
TINAG_CAGGCAACCTCATGAGAGCC,TINAG,736,254,398
TINAG_TACCAAGGCTGTGTGTGAGG,TINAG,764,386,124
TINAG_TACCAACAATGGATGTGCCA,TINAG,431,46,186
TINAG_ATGGATGTGCCATGGCAAGC,TINAG,488,323,225
TINAGL1_GAGCAGGACCTGTGCTGCCG,TINAGL1,66,32,105
TINAGL1_CTGCTGCCTAGGTGTGCAGA,TINAGL1,435,108,120
TINAGL1_TGATCATGTCTGGATCCACC,TINAGL1,203,41,58
TINAGL1_ATGTTCATGACCGAGGAAGA,TINAGL1,589,359,207
TINAGL1_GCAGACAGTGCTGAACCCAG,TINAGL1,708,70,168
TINAGL1_CTGCATACCCTCGGCGACGC,TINAGL1,3423,778,1008
TINF2_ATGGCACCGTGGCCAGAAGG,TINF2,274,0,24
TINF2_TCTCAGGCTTAGATATGACC,TINF2,849,82,37
TINF2_GAAAGCACTGCCTACACCGC,TINF2,222,0,76
TINF2_AGCTTCGAGGCCAAATCCAC,TINF2,294,36,0
TINF2_ACCTATAGTGCGGGATCCCA,TINF2,122,0,0
TINF2_AGCTCTACGCTTCGCCGCCG,TINF2,1278,29,0
TIPARP_AAGTCATCAGGAGGAGAGGG,TIPARP,270,0,0
TIPARP_GGTTCACCAGCTCAAACACG,TIPARP,717,53,20
TIPARP_GGTGAGTGTGGTACTGCAAC,TIPARP,435,0,1
TIPARP_TGGATGGAGAGAGTATCCCG,TIPARP,190,0,13
TIPARP_GCTGACGGGCAGATACACAA,TIPARP,397,0,0
TIPARP_ACTGCCAGGATTGACTGGCG,TIPARP,462,71,23
TIPIN_CTCTTCAACCGTGTGTGCCC,TIPIN,1197,89,276
TIPRL_GCCCGAAGCAGAAATCCCGG,TIPRL,1125,84,27
TIPRL_GGGATTTCTGCTTCGGGCCC,TIPRL,208,29,91
TIPRL_AAGTGGCCTGTGCTGAAGAG,TIPRL,367,71,122
TIPRL_TTAGGTTCCGTGAAGAGGGA,TIPRL,803,88,140
TIRAP_TAAGAAGCCTCTAGGCAAGA,TIRAP,322,42,111
TIRAP_TTGCAGGAAGCAGCGCAGGC,TIRAP,1005,635,265
TIRAP_CCGGGTGCTGCTCATCACGC,TIRAP,1644,600,605
TIRAP_GCGTTGTAAGCTACTACAGG,TIRAP,619,266,284
TIRAP_CGTTGTAAGCTACTACAGGA,TIRAP,1119,312,366
TJAP1_ATTCTCCTCCTGTAAGAGCC,TJAP1,432,502,460
TJAP1_TGAAGAGCTTCGCCGGCGCC,TJAP1,78,79,31
TJAP1_TGAGGCCCTGGAACGTGAGC,TJAP1,679,96,50
TJAP1_CAAACTTGTGGTTTCGGAAG,TJAP1,606,190,345
TJAP1_TCCCTGAGCCTGGTAGAGGA,TJAP1,1140,540,580
TJAP1_CCAGGCACTTCCCACACCGA,TJAP1,2892,437,238
TJP1_TTAGGTAGGACACCATCAGA,TJP1,451,30,51
TJP1_ACAATTTCTGGAGACTCCCA,TJP1,216,115,56
TJP1_TCGCCGCAGCAGCCAAGCAA,TJP1,2031,299,632
TJP1_TCTCAGAGGCATTAGCAGAG,TJP1,898,282,726
TJP1_GAGTGAGAAGATTTGGCCGA,TJP1,19,47,0
TJP1_CCTTTATCAGAGCACAGCAA,TJP1,1241,335,449
TJP2_GCCAACCTGACAGCTCCCGC,TJP2,603,16,114
TJP2_CAACCTTTCTTCATGGGAAG,TJP2,814,298,370
TJP2_TTTGGAATTGCAGTGTCCGG,TJP2,437,32,14
TJP2_CTACGACCCAGACTACGAGC,TJP2,1014,308,371
TJP2_CGAAGATCTGACTCCCAAGC,TJP2,2898,250,841
TJP2_CCACTCCCTTTAAGTCCACA,TJP2,1178,335,272
TJP3_CGCCTGGAATCTCACCGCCA,TJP3,1393,59,443
TJP3_GACCATCTGGGAACAGCACA,TJP3,809,31,75
TJP3_CAACCATGGATCCACCGGGC,TJP3,2068,70,250
TJP3_TATCTGAATGGCAAACGCGG,TJP3,606,165,70
TJP3_CATGGGCGTAGGAGCCCAGG,TJP3,52,9,23
TJP3_CAGCAGGCGGAATGTTCACC,TJP3,564,35,22
TK1_TCGACCTGGCCGCAGGGACA,TK1,339,345,82
TK1_TGCGAGGCCATGGCCAACGC,TK1,642,345,312
TK1_GCTGTCATAGGCATCGACGA,TK1,937,253,396
TK1_GGCTGTCATAGGCATCGACG,TK1,670,299,298
TK1_CTTTGGCATACTTGATCACC,TK1,351,112,46
TK1_ACTGAGCAATCTGGAAGCGA,TK1,622,278,396
TK2_GCTTCCAGGTATTCCTGCCA,TK2,603,22,47
TK2_AAGTCTCAGGATTGGTCCGA,TK2,218,35,61
TK2_CATCTGTACGGTTGATGGAG,TK2,1202,149,257
TK2_ACGAGTATGCCTGTCCAGCA,TK2,2073,1042,747
TK2_TAACGGAGCCTGTGTCCAAG,TK2,481,395,128
TK2_TTGCTGAGATGAAATGCGAC,TK2,440,156,392
TKT_CATCGTGGATGGACACAGCG,TKT,1662,150,191
TKT_ACAGCCTCGTACATACCCGA,TKT,143,30,67
TKT_GCTTTCACCGACGTGGCCAC,TKT,147,35,26
TKT_AGATCAGCTCCGACTTGGAC,TKT,1152,251,136
TKT_GGTCATTGTGCGGATTCCGG,TKT,854,25,43
TKT_ATCCAGGCCACCACTGCGGC,TKT,321,133,91
TKTL1_AATGGCGGATGCTGAGGCGA,TKTL1,379,33,0
TKTL1_CGACCGATTTGTCCTCGCAA,TKTL1,2291,400,571
TKTL1_ATACTGGCAAGTACTTCGAC,TKTL1,116,265,162
TKTL1_AATCTTTGATGTGAACCGCC,TKTL1,476,92,11
TKTL1_CACTTATGTGGTGGACGGCC,TKTL1,725,271,127
TKTL1_AGAGCCAGATACAGACCAGC,TKTL1,857,127,272
TKTL2_GCTGACCATCTTTCTCAACA,TKTL2,1573,487,1012
TKTL2_CAGGCCAAGGTGGTCCGCCA,TKTL2,818,300,488
TKTL2_TATCTAGCCGCCAATACCAA,TKTL2,837,363,397
TKTL2_TTATCTAGCCGCCAATACCA,TKTL2,2159,317,427
TKTL2_CCGTTTGTTGACGTGGCAAC,TKTL2,440,442,572
TKTL2_CACACGTGGCCCTGATGGAA,TKTL2,2979,1252,1175
TLCD1_TCTTGCGTTATGTGAACCAG,TLCD1,649,108,44
TLCD1_GGAAGAGAAAGTACATGACC,TLCD1,169,0,27
TLCD1_TTACCATGACGTGATGGACA,TLCD1,1295,341,82
TLCD1_TAGTGGAGATTGAGACGGCG,TLCD1,112,174,163
TLCD1_CGACACAATGGAGTGAGCGA,TLCD1,211,24,23
TLCD1_AGTGAGCGAAGGAGACGAGC,TLCD1,93,0,28
TLCD2_ACCAGGACACGTCGTGACAA,TLCD2,715,191,126
TLCD2_TGACCAGCCCAATTCCACCC,TLCD2,1930,593,228
TLCD2_AAGATCCCAGGTCTTGCCCA,TLCD2,112,115,282
TLCD2_ACCAGCACCAGAGCCCAGCG,TLCD2,1226,831,533
TLCD2_CCTGTCACTGTACCCTCAGA,TLCD2,668,63,134
TLCD2_CCTCCTTCCTCGCGTTCCGG,TLCD2,383,308,256
TLDC1_TTCTTCTCTTCTCAAGGCCA,TLDC1,615,122,148
TLDC1_GCTGTTGTACGTGGTGCACG,TLDC1,975,385,456
TLDC1_TCAGATCAAGAGACGAGCAC,TLDC1,1201,221,271
TLDC1_GCACGTGCTAAGCCACAGAC,TLDC1,1425,474,538
TLDC1_GACCTGACAGGGAAGGCGAA,TLDC1,480,189,81
TLDC1_CTGTACTACAGAAAGGAACC,TLDC1,1158,349,81
TLDC2_CCAGCCGAGTGTAACGCCAG,TLDC2,849,361,391
TLDC2_GAGTGCCTCAGAGATTCGGC,TLDC2,85,98,12
TLDC2_GCTGAGTCGGATAGCCGAGG,TLDC2,876,1,176
TLDC2_TCGGCTATCCGACTCAGCAA,TLDC2,1590,658,475
TLDC2_TTCCAGTCCACTTAAAGACC,TLDC2,754,181,43
TLDC2_GATGGAGACTTGTTCCGCGG,TLDC2,172,87,47
TLE1_TCTGACCGTCTGCAGTAACG,TLE1,1330,299,137
TLE1_GGGCGACATGTTGTGTAAAC,TLE1,613,113,410
TLE1_GCTGGAGGCTTGCCGAGACC,TLE1,130,42,24
TLE1_CAAAGAAGTGGAACTTGCCG,TLE1,852,104,450
TLE1_CTCTTAGACTGTCTGGGACC,TLE1,1418,216,213
TLE1_TCGGGAGCAGACAGAGAGCC,TLE1,581,248,102
TLE2_AGACGGATGACCCTCGGAGA,TLE2,1163,190,364
TLE2_GAAGGACGTGGTGAAGGGAC,TLE2,193,69,18
TLE2_CCGACGGGCAGGAATGCAGA,TLE2,1353,333,344
TLE2_GGCCGTAGAACGCGCCAAGC,TLE2,179,2,61
TLE2_GACGCTTCACAATCTCCGCC,TLE2,608,53,47
TLE2_GGTATTGAGCCTGAAGAAAC,TLE2,293,173,179
TLE3_CTGGAAGAGGCCACCGAGGC,TLE3,2237,530,415
TLE3_TGCTGTAGTCCGCAGAGCCC,TLE3,891,240,57
TLE3_AGTGCCAACACTTACCGCAC,TLE3,992,3,45
TLE3_TCTCATCCTTCACCGTCAGA,TLE3,339,152,277
TLE3_CTGCCCTCGCAGCCTCAAAG,TLE3,1084,130,284
TLE3_GAGCCCGCGAAGACAAGACA,TLE3,850,243,181
TLE4_TGTCTTGAACAGTCTGAAGC,TLE4,802,135,203
TLE4_AAGTGGTGCAGGCTGTGGAA,TLE4,710,400,424
TLE4_ACTGCTACCGATGGGTGGAA,TLE4,399,232,254
TLE4_AGAAGCACACAACACTAGCA,TLE4,1434,205,330
TLE4_CTTCTCAGCACCTCGGAAAC,TLE4,2013,989,1083
TLE4_TTGTCAATGCAGGACAGCGA,TLE4,1781,884,856
TLE6_GAGTTCGAGATCCCAGGACA,TLE6,1670,530,471
TLE6_TGTGGCAGAACATCACAAGC,TLE6,1939,668,974
TLE6_TGGCCACCAGGTCCTCCGAC,TLE6,702,982,424
TLE6_GGTTGTTTACTCACCAGGCC,TLE6,31,413,386
TLE6_CATGGACTGTAGAAACCGAG,TLE6,526,164,115
TLE6_CCGTCCTCACCTGTATAGGC,TLE6,898,206,204
TLK1_AATGGATCTAACTTCCCAGG,TLK1,71,38,21
TLK1_ACTCAGTACCAGGGTGGAAA,TLK1,1237,334,320
TLK1_ATGGCGGCGTGTGATTCAGC,TLK1,511,373,127
TLK1_CGTGTGATTCAGCAGGGACC,TLK1,926,81,2965
TLL1_GCCACTTACCGGCTTTACAC,TLL1,662,144,89
TLL1_GGTATGTCCAAGGTTTCCAA,TLL1,176,144,80
TLL1_TGCTATGTCAAAGAAGCGAG,TLL1,843,81,92
TLL1_AGAACGGAAAGAATATGGCC,TLL1,187,321,221
TLL1_CCAGAGAGCCATGTTCAAGC,TLL1,1270,1085,775
TLL1_ATGCCATTATCATCACGGGA,TLL1,921,81,97
TLL2_CATAGATTCCGACCTTGAGA,TLL2,1003,147,199
TLL2_TGGCATTGTGGCTCACGAGC,TLL2,504,442,336
TLL2_GCTTTCGTTTACTTACCCAC,TLL2,351,47,30
TLL2_AGGTTGTGGCTCTTCGGACC,TLL2,335,361,532
TLL2_GACACTGGCACCAAGGAAGC,TLL2,689,235,277
TLL2_CACCGCAGACTACTCAGAGC,TLL2,2480,424,287
TLN1_ACCGTAAGTCTTGAGAGAAC,TLN1,2390,22,83
TLN1_CCACCCTGTCTCCTTTGACA,TLN1,1454,71,22
TLN1_GGTCGGACACTGAGGGAGCA,TLN1,111,9,0
TLN1_CTTACCAATGCGGGCACAGA,TLN1,437,2,19
TLN1_GACTACTACATGCTCCGAAA,TLN1,744,238,339
TLN1_CATTCGTGAGCGGATCCCAG,TLN1,379,9,0
TLN2_CGTGTCGAGTCATTCGGGAA,TLN2,4099,940,682
TLN2_GCTGGAAGCGGGCAGAACAC,TLN2,423,142,102
TLN2_AAAGCAAGTTCAGCTGCACG,TLN2,320,185,62
TLN2_CAAGCTTTCTCGAAGGAGAC,TLN2,1425,623,585
TLN2_AGGACACGCCATATGTGCGG,TLN2,189,168,128
TLN2_CAAAGACTCGGTGATGCGCG,TLN2,652,161,127
TLR1_CGTGAAGCTACAGGGTCAGC,TLR1,369,516,333
TLR1_CAGTTGTATGCCAAACCAGC,TLR1,270,185,55
TLR1_TTTCATTAGGATCCTCCAGC,TLR1,84,23,36
TLR10_AGCATACTTGGAATGGCCCA,TLR10,10,47,131
TLR10_CCTAGCATCCTGAGATACCA,TLR10,940,335,342
TLR10_CTCAGATCCAAGTGTTCCAA,TLR10,659,344,271
TLR2_TGGAAACGTTAACAATCCGG,TLR2,777,102,31
TLR2_TAAAGTTTGTAGAGAGGGCC,TLR2,256,49,148
TLR2_TGTGACATTCCGACACCGAG,TLR2,1038,449,178
TLR2_ACCACAGGCCATGGAAACGG,TLR2,1569,829,369
TLR2_ATGGACGAGGCTCAGCGGGA,TLR2,739,89,34
TLR3_GATGCACACAGCATCCCAAA,TLR3,128,113,18
TLR3_TACCTTGTGAAGTTGGCGGC,TLR3,277,240,118
TLR3_ATTAGGAACTCAGGTTCAGC,TLR3,611,144,8
TLR3_TCGTTGAAGGCTTGGGACCA,TLR3,1333,649,1072
TLR3_AGGAAATAAATGGGACCACC,TLR3,233,73,43
TLR3_CATGCACTCTGTTTGCGAAG,TLR3,1330,440,739
TLR4_GATGATGTCTGCCTCGCGCC,TLR4,1,26,50
TLR4_TGGTCTCACGCAGGAGAGGA,TLR4,274,39,5
TLR4_CCAGCCACATACCTCCACGC,TLR4,5056,1185,1020
TLR4_AGTTCATAGGGTTCAGGGAC,TLR4,1094,326,227
TLR4_AACACCAGAGTTTCCTGCAA,TLR4,176,198,257
TLR4_AGCACTTCATCCAGAGCCGC,TLR4,184,74,35
TLR5_GACTAAGCCTCAACTCCAAC,TLR5,155,43,30
TLR5_ATAGCAGAGTCTCAGTGGAC,TLR5,510,341,473
TLR5_CAACCTTAGAATCTTGGACC,TLR5,1004,104,273
TLR5_CCAAGATTCTAAGGTTGGGC,TLR5,386,156,302
TLR5_TAGGATCATGGGAGACCACC,TLR5,229,13,39
TLR6_CAAATTCCTTACAGATGGGC,TLR6,557,131,143
TLR6_ATTCATTTCCGTCGGAGAAC,TLR6,786,379,507
TLR6_ACCAGAATCCAGTTCTCCGA,TLR6,592,82,115
TLR7_CTGTGCAGTCCACGATCACA,TLR7,1011,194,264
TLR7_CACAAGTCACATCTGTGGCC,TLR7,1573,159,418
TLR7_AAGACCCAGCTGTGACCGAG,TLR7,1074,392,369
TLR7_GGCTGAGCTGGTGGCCAAAC,TLR7,1724,1078,1087
TLR7_CCACATGATTGTCTGTGGCC,TLR7,2,157,340
TLR8_TCACAAGGCACGCATGGAAA,TLR8,2273,723,1011
TLR8_ATTGAAGCACCACCATCACA,TLR8,322,156,22
TLR8_AAGTCAAGCAACTCGAGACG,TLR8,1915,452,490
TLR8_ACTCAGCAGCAGTGTCCGAA,TLR8,1953,271,270
TLR8_GACTCAGCAGCAGTGTCCGA,TLR8,441,66,36
TLR8_CATGGTTATGTTGGCTGCCC,TLR8,490,79,154
TLR9_ATTTGCAGGGCACTCGCCAG,TLR9,764,140,243
TLR9_CACGTAGCGCAGGCCAGGGA,TLR9,629,70,366
TLR9_AAAGGCTGGTGACATTGCCA,TLR9,140,230,190
TLR9_TTGATGCTGCACTTGTACCC,TLR9,1011,259,184
TLR9_TGTTCATCTACTCCATGCCG,TLR9,825,187,170
TLX1_GGCGCCTACACTTACGGCGG,TLX1,23,82,14
TLX1_GAGGTTGTTGACGCCCGGCA,TLX1,565,204,128
TLX1_TGTCCGCCGGTTCTGGAACC,TLX1,859,415,411
TLX1_CTCACCTCCACTTTGTCCGC,TLX1,587,239,102
TLX1_ACGGCAGACTGCGGAGGAAC,TLX1,1256,181,253
TLX1_TTGGTCGAGTCGTCAGACCA,TLX1,1118,242,354
TLX1NB_GGTGCCCAGGTCACCTCAGC,TLX1NB,106,66,66
TLX1NB_CCCAGAAGGATCTGGTGCCC,TLX1NB,854,0,117
TLX1NB_GCTTCTGTTTGTTTAGAGGG,TLX1NB,298,116,57
TLX2_TTCTCCTCGGCCCAGACCGA,TLX2,645,140,110
TLX2_GCCGCCGCTTTGCCAAGGAC,TLX2,642,89,130
TLX2_CTTGCGCATGACCGACGCAC,TLX2,1096,226,242
TLX2_CTGTGCGTCGGTCATGCGCA,TLX2,1005,747,705
TLX2_CTCCCTTAGGCGCCAGACGG,TLX2,1897,352,893
TLX2_CTGGGCCGAGGACAACAAAG,TLX2,1164,624,544
TLX3_ACGGGTATGTGGCGCCCGGA,TLX3,133,115,176
TLX3_AGAGACGGGTATGTGGCGCC,TLX3,120,126,61
TLX3_TAAGATCCCGCGTCCTCGAA,TLX3,871,426,201
TLX3_CTCCTGTGTCTCCGCAGCGG,TLX3,1153,13,326
TLX3_CCAGCTCGCAGATCTGCACC,TLX3,480,676,617
TLX3_GCAGACAGAGCGGGTCAGGC,TLX3,250,201,152
TM2D1_GAAACATACGCACCCAAAGC,TM2D1,1999,337,316
TM2D1_TAGTGACTGAGACGAACCAC,TM2D1,276,87,84
TM2D1_AACACGCGAAGAGACGGAAC,TM2D1,984,7,186
TM2D1_CAGAAGAACACGCGAAGAGA,TM2D1,1270,950,997
TM2D1_TTCTTCTGCCCGTGAGCCCG,TM2D1,1715,205,148
TM2D2_TGCCAAGTGATGGCAGCAAC,TM2D2,494,512,404
TM2D2_CGATTCTGTTTGGGACACAC,TM2D2,594,409,585
TM2D2_TCGTAGAAAGGTCCTAGGAC,TM2D2,1363,132,246
TM2D2_TTCCATCTAAGGCATGGCAC,TM2D2,788,58,75
TM2D2_CGGTCAGGCCTACAGCGACG,TM2D2,1903,651,769
TM2D2_GAGCCTGAGCTCACATCCGC,TM2D2,966,202,193
TM2D3_TGGGTATAGTCTGCAGGCCC,TM2D3,364,105,78
TM2D3_CATAGCCAACTCCAATGAGC,TM2D3,876,160,100
TM2D3_ACCGTTTCTACCTGGGCCAG,TM2D3,339,298,388
TM2D3_TTGGCAGGGTAGCGCTGCCG,TM2D3,1402,496,407
TM2D3_TTTAGAGCAATCGCAGGCGC,TM2D3,826,74,165
TM2D3_GAAGAGCAGCACGCGACACA,TM2D3,482,217,209
TM4SF1_TGGCAAAGGTGTAGTTCCAC,TM4SF1,297,41,200
TM4SF1_AGGTGTAGTTCCACTGGCCG,TM4SF1,897,444,403
TM4SF1_GGTGTAGTTCCACTGGCCGA,TM4SF1,19,8,28
TM4SF1_ATCCTGAATGACTTACCAGC,TM4SF1,258,124,61
TM4SF1_TATTAGCCGCGATGCACAGG,TM4SF1,838,103,85
TM4SF1_ATTAGCCGCGATGCACAGGA,TM4SF1,972,144,108
TM4SF18_CCCACTGAGGGTTATGAGAA,TM4SF18,2138,1062,988
TM4SF18_CTGCCTTGGGTCTTGTCCAA,TM4SF18,1387,452,284
TM4SF19_AGAACCTTCACTTGCAAGCA,TM4SF19,1851,1230,1248
TM4SF19_TGATGACATGAACGACCACC,TM4SF19,664,195,110
TM4SF19_TCTGGAGTTGCTCTGAAAGA,TM4SF19,778,385,421
TM4SF19_TCAGGGCTCCAAGTAAAGCC,TM4SF19,675,328,138
TM4SF19_CTTACTGCTCTGTTGTCAGG,TM4SF19,863,42,155
TM4SF19_AGGCATGCCATGCTGGGAAC,TM4SF19,2321,447,506
TM4SF20_AGACTCCACACAGACAGCCA,TM4SF20,813,146,198
TM4SF20_TGCTCTCCAGCCACTCGCCA,TM4SF20,522,191,418
TM4SF20_GCGTGCTGCAACAACAGAAC,TM4SF20,1441,815,389
TM4SF20_TTGTTGTTGCTGGAATGGCC,TM4SF20,173,161,223
TM4SF20_GAAGGATGGACATCCTGCAA,TM4SF20,732,1,143
TM4SF20_GGATGTCCATCCTTCGCAGC,TM4SF20,536,480,525
TM4SF4_AGGCCCAAGAACACCAGCGC,TM4SF4,3683,1022,1614
TM4SF4_TGTGGGTGCTGCGGCAACGA,TM4SF4,1510,424,515
TM4SF4_GGCCTTACCCGTCGTGGAAG,TM4SF4,737,168,118
TM4SF4_TGGCCTTACCCGTCGTGGAA,TM4SF4,2253,463,671
TM4SF4_GGATTCCTCCTACGACCAGC,TM4SF4,252,181,207
TM4SF4_CTCATCTCGGAGGTTTAAAC,TM4SF4,2451,1151,752
TM4SF5_CATGGGCGGCTTCATTGGCG,TM4SF5,836,264,140
TM4SF5_GGGATTGCAGCCGTTCGGGC,TM4SF5,237,29,318
TM4SF5_ATTGCAGCCGTTCGGGCAGG,TM4SF5,271,153,194
TM4SF5_GATGCTTAATGAACGGCGAG,TM4SF5,439,127,184
TM4SF5_CTTACGCGGTGTCTTCGAAG,TM4SF5,49,3,16
TM4SF5_ACACAGTACTATCTCCAGGC,TM4SF5,1543,136,230
TM6SF1_AGGTGACCGGGATGGCCGAG,TM6SF1,252,71,39
TM6SF1_GGAGACGTACCATAGAACAG,TM6SF1,1428,145,239
TM6SF1_TATGATGAGGTTCACCACGC,TM6SF1,564,320,384
TM6SF1_CACATGATCTGCTACTGGGA,TM6SF1,875,311,544
TM6SF1_TGCTTACCAAACCTCTGAAC,TM6SF1,1993,384,383
TM6SF1_TATAATCGGCAGAGCTCAGA,TM6SF1,255,49,24
TM6SF2_CACCATGTTGGCGGTGCAGC,TM6SF2,204,114,512
TM6SF2_CACCAGGATGCTCATGGCGA,TM6SF2,1892,297,288
TM6SF2_AGACTCCGTGCGCTGTGCGC,TM6SF2,176,202,132
TM6SF2_CATGGAGTTCTACACCAAGG,TM6SF2,1081,105,132
TM6SF2_GCGGTCTACAGCTTGTCCCA,TM6SF2,331,80,158
TM6SF2_ACTGCGAGAGCGCCGAGACG,TM6SF2,684,130,359
TM7SF2_GGGCCCTCCGAATTCCAGCG,TM7SF2,568,92,157
TM7SF2_CTACCTACTGCCGGCGCGCA,TM7SF2,687,408,340
TM7SF2_CACCGTTAATAGGATAGCGC,TM7SF2,874,406,297
TM7SF2_GCGCCTTCATGTAGAGAAAG,TM7SF2,1380,419,410
TM7SF2_TATTTCTGTGAACTGCGACC,TM7SF2,269,5,0
TM7SF2_GAAGCCATTGACCAGCCACA,TM7SF2,1601,149,128
TM7SF3_CACAGAGCATGCAGATCGAG,TM7SF3,1030,823,1077
TM7SF3_CTGCAAGCGTATGTGTGAGC,TM7SF3,773,1211,1440
TM7SF3_TGAGAGCACTGGCCTTCACC,TM7SF3,1137,146,345
TM7SF3_CTACTCTCCTACTCAGAAAG,TM7SF3,2203,531,658
TM7SF3_CTTTGCACTTACCGGAGAAA,TM7SF3,905,391,565
TM7SF3_GGTCTTCGGGAATTCCAGCG,TM7SF3,865,73,48
TM9SF1_CATCTAAGTTGTACCGAGCC,TM9SF1,779,348,361
TM9SF1_CTCGAAGTTGGAGCTGCCAG,TM9SF1,1259,367,201
TM9SF1_CTTCTACTCATCTGCCGGCA,TM9SF1,437,157,83
TM9SF1_AAAGCCCATAGGCCGAGAAA,TM9SF1,577,179,206
TM9SF1_ACTGGACTCCTCAGGGAAGA,TM9SF1,826,168,250
TM9SF1_CTCGGCAGGCTCTTCGGGAA,TM9SF1,2411,596,1273
TM9SF2_TAGAAAGCGCCGCTCCGGCG,TM9SF2,489,27,64
TM9SF2_CGCAGAAGTTGACGGGCGCC,TM9SF2,619,184,472
TM9SF2_AGCCACTAATCTTGCTCCCA,TM9SF2,575,14,72
TM9SF2_TAGCCTTTGGAGGTGAGAAG,TM9SF2,1247,182,308
TM9SF2_ATGGCAACCAGTGTCCCAAA,TM9SF2,1110,234,285
TM9SF2_GGAATCTGATTGGTTCGAAC,TM9SF2,835,466,556
TM9SF3_CCCAGGCAAACAATAACCGC,TM9SF3,1556,506,602
TM9SF3_GGCACAGCATTGACACGACA,TM9SF3,350,335,186
TM9SF3_AAGGAATGGCTCTTGAAGCA,TM9SF3,413,403,558
TM9SF3_AGTCTGTATGCTAGACAAGG,TM9SF3,658,164,204
TM9SF3_ACATCCAGAACCAATCAGAG,TM9SF3,1181,776,1401
TM9SF4_ACGTGGATCCAAGATGGCGA,TM9SF4,1334,50,82
TM9SF4_CTGAGCAGGATTGGTTGCCG,TM9SF4,2347,776,507
TM9SF4_TGTAGGTTATCTTGCTGGGC,TM9SF4,939,7,78
TM9SF4_TCTCGCTGTTCATGAGAACC,TM9SF4,1044,281,310
TM9SF4_GGTTGGAGTAGAGCTCCAGC,TM9SF4,76,0,21
TM9SF4_TCACCTCGAAGCGGACGACA,TM9SF4,1291,61,295
TMA7_CTTACCTTCGCGGCCGGACA,TMA7,1220,331,325
TMBIM1_TAGTGACAATCCCAGTCACC,TMBIM1,310,118,38
TMBIM1_TGCAATGATCATCACTGCGG,TMBIM1,1100,609,511
TMBIM1_TCCCTGAATGTACCTGGAAA,TMBIM1,1696,417,505
TMBIM1_CCTTCAGACGCCGTTTCCCA,TMBIM1,897,73,208
TMBIM1_ATAGCTTCGGGCCTGGAGAG,TMBIM1,922,45,254
TMBIM1_CGTAGTTCATGGGCATCGGG,TMBIM1,1528,405,349
TMBIM4_GACCAAACTAGAGCAGGCAA,TMBIM4,221,285,65
TMBIM4_CGCAGGGCCCAGAATGCAAC,TMBIM4,3377,707,702
TMBIM4_CGCCACCGTGCACATCCGAA,TMBIM4,2460,1246,1086
TMBIM4_TCGGATGTGCACGGTGGCGG,TMBIM4,1682,97,125
TMBIM4_TCGTCCTCGATCGAGGAGCG,TMBIM4,201,94,229
TMBIM4_CGTCCTCGATCGAGGAGCGA,TMBIM4,256,203,174
TMBIM6_TACTTAGCCAACGGCAGAGG,TMBIM6,694,167,95
TMBIM6_ACTTAGCCAACGGCAGAGGC,TMBIM6,673,75,59
TMBIM6_AGCCGCCACAAACATACAAA,TMBIM6,908,338,222
TMBIM6_TGATTCTGACTCTAACAGGC,TMBIM6,207,61,99
TMBIM6_GGCAAACCTGTATGTGGGAC,TMBIM6,163,105,266
TMBIM6_GATCCTGGCCATGAATGAAA,TMBIM6,653,125,62
TMC1_TCAAAGCTGCGTGTGTCCCA,TMC1,1000,179,57
TMC1_TAGCCTCATCATGTTGCCAG,TMC1,701,262,104
TMC1_AACCGTTCCCAGAGCCGAAG,TMC1,377,188,140
TMC1_AGGACCTTGCTGGGAAACAA,TMC1,1215,212,227
TMC1_CTTGGTTGAAGATCAGAGCG,TMC1,428,29,113
TMC1_GATATTGATGCCTGGGAGGC,TMC1,437,62,26
TMC2_CACGAGGCGGAGTGAAAGGG,TMC2,985,454,419
TMC2_CGAAGCGGCAGAAGAAACCC,TMC2,489,132,125
TMC2_CCACCATGCGGAGCAAGCCC,TMC2,1082,200,330
TMC2_TGGTCTAGTCATAATCCCAG,TMC2,521,75,139
TMC2_ATGGCTACTACAACAACCAG,TMC2,956,166,311
TMC2_GAGAATTACCACCCACGCAC,TMC2,920,286,189
TMC3_AAATGGTCCACATCTCGGCC,TMC3,1,66,182
TMC3_GACTGTTGTACCTTGCAAGC,TMC3,432,624,385
TMC3_GGCAATAATCCTCAGGCAGA,TMC3,428,173,50
TMC3_ACAGAACACCCGCCAGCAGA,TMC3,1617,213,106
TMC3_CCCACTAGGAAATACGCCAA,TMC3,683,311,259
TMC3_TCCGGATGCCTCTATAGCGC,TMC3,1416,241,283
TMC4_GACGCTGGGCCAGCAAGCCA,TMC4,377,203,207
TMC4_AGTCCCAGGCCGAGAACACC,TMC4,705,62,51
TMC4_AGGTAGGTGACCGCCAGGCG,TMC4,1820,443,238
TMC4_ACTCCGTGCCGGCGCCAAAC,TMC4,1470,399,676
TMC4_CTATGGCTCTGGAACTAAGA,TMC4,948,448,334
TMC4_GCCAGGGCAGTTCCCGGGAA,TMC4,811,100,145
TMC5_TCCAGACAACCAGACTACCC,TMC5,984,188,315
TMC5_GGGTTTCCATAAGCATGGAC,TMC5,349,135,149
TMC5_GCTAGACTCAAGCATCAACA,TMC5,1067,291,292
TMC5_CAGGAACCAGCCAAGGACCA,TMC5,1309,422,226
TMC5_TTACTGACTTACCCGGGAAA,TMC5,1333,343,489
TMC5_TCTTCAGCGTCTTCTGCCAC,TMC5,167,156,78
TMC6_AAAGAAGCTCACGCCCACAG,TMC6,315,187,362
TMC6_AGAGCACGCTGGAGCCGAAC,TMC6,1432,607,774
TMC6_GCACGCAGGCATATCTGAGC,TMC6,1099,166,273
TMC6_TCGCGGGATGCCCTTAAGCC,TMC6,994,835,826
TMC6_CCACTCACCAATGGTGCGGC,TMC6,542,133,389
TMC7_GCGGCCATGAGCGAGTCCAG,TMC7,679,613,298
TMC7_TTCTCCTACGTGCAATGGAC,TMC7,1073,160,173
TMC7_TTGGAAGAGGTTCCTAGAGA,TMC7,1155,240,193
TMC7_TCACCAAATTCAGCAACACC,TMC7,1807,648,593
TMC7_GCAACAAGATATTTGCCGGC,TMC7,251,27,75
TMC7_CTCCTAGGAAATCGACAAGA,TMC7,2601,544,402
TMC8_CGCGGTCGGTGTCATCGGAG,TMC8,3054,739,1212
TMC8_ACACTCACTCAAGTTCAGGG,TMC8,578,40,315
TMC8_ACTGGCGGCTACCAGGGCAC,TMC8,631,34,10
TMC8_GATAGGTGTTGGTGAAGGCC,TMC8,265,0,0
TMC8_TCAGGCGCCTCTCAGCGCCA,TMC8,95,68,44
TMC8_TGGGAGGGTAGTTCTCCAGC,TMC8,217,8,59
TMCC1_TGTTGATGAGTTTGCCCAGA,TMCC1,129,142,84
TMCC1_TCAGTCCTATGAACGGGCCC,TMCC1,398,123,171
TMCC1_GGCTCCCACTGAGCCTGAAG,TMCC1,692,227,457
TMCC1_TTCAGCGCTTTAGCCTCAGG,TMCC1,177,100,121
TMCC1_ACAAGCTTGCATAGTAGGCG,TMCC1,1148,148,336
TMCC1_AATAACTGTTCACTGCCCGA,TMCC1,678,53,55
TMCC2_CAACAACAGGGCGAGGAGGA,TMCC2,959,97,237
TMCC2_TCCCGGCCCTCCATCAAGCG,TMCC2,1783,448,543
TMCC2_GGAGCCCAGCAGAATGAACC,TMCC2,694,161,382
TMCC2_TGTCAAGATGAAGTCCAAGG,TMCC2,1854,161,181
TMCC2_CCAGGTCGATAAGGGAGACC,TMCC2,745,150,233
TMCC2_CGAGATGACGAACCTGAAGC,TMCC2,671,712,634
TMCC3_GGGTGAGACGAACTTCGCGA,TMCC3,660,124,456
TMCC3_GGTCCGTCAGGTCATGCAGC,TMCC3,188,215,275
TMCC3_CAGCAAATCGGGCATGCCAG,TMCC3,1670,261,202
TMCC3_GGGCAGTTCGAGATTTCACG,TMCC3,1255,539,353
TMCC3_GGCACCACCGCTGCAAGAGC,TMCC3,700,103,298
TMCC3_ACACGGCGCTCACCGTGGAC,TMCC3,216,406,369
TMCO1_TTCACGAGCCGCCACCAAGC,TMCO1,2534,409,545
TMCO1_CTTGGTGGCGGCTCGTGAAG,TMCO1,1130,172,635
TMCO1_CTGTACTATGTCGATTCGAC,TMCO1,1206,235,359
TMCO1_TCTCTGCACTCTCACCCGCC,TMCO1,214,200,26
TMCO1_CTGCACTCTCACCCGCCAGG,TMCO1,522,40,141
TMCO1_GCCTTTCCGGTGCTATGCCC,TMCO1,350,74,235
TMCO2_CTCAAGATGATTTGCACAGC,TMCO2,1368,496,563
TMCO2_TCTCTTGCAGACCCAAGGAC,TMCO2,247,284,143
TMCO2_AGTAAACCCTGATGTGGACA,TMCO2,603,244,219
TMCO3_CAAACTGCACCGCGGGCGAG,TMCO3,1400,342,440
TMCO3_ATAAAGTGGTGATCTGCACG,TMCO3,1607,117,178
TMCO3_GCTGTACATAGCCAGCCACA,TMCO3,864,142,210
TMCO3_CCATGAGGAACCTGGACACG,TMCO3,1867,478,495
TMCO3_ATGCCGACTCTCATACAGGC,TMCO3,421,55,197
TMCO3_AGCTGCACATGGAAAGCAAG,TMCO3,81,123,96
TMCO4_GATGGAGCTCGGCAATGCCC,TMCO4,128,48,65
TMCO4_AATAATCGTCGCTGCTCCAG,TMCO4,20,111,144
TMCO4_GGCGACTGTCGGAGGCGGAA,TMCO4,565,125,268
TMCO4_GCAAACGAGGACTCTGGCCC,TMCO4,458,8,63
TMCO4_CTGAGCTTCTCACTCAAGGA,TMCO4,1677,272,533
TMCO4_TAGCTGAGCCCACTGCAGAG,TMCO4,1382,617,926
TMCO5A_AAGTGAGATCATTCAGACGC,TMCO5A,284,187,158
TMCO5A_GAAGGAGAACCGCACCACGA,TMCO5A,658,136,142
TMCO5A_AGAACCGCACCACGATGGAA,TMCO5A,1833,278,124
TMCO5A_GAACCGCACCACGATGGAAA,TMCO5A,966,544,258
TMCO5A_CCTTGGGCAGTACATTGACG,TMCO5A,2328,786,393
TMCO5A_TCTGTCTCAAGTGTGAGAGA,TMCO5A,1096,155,190
TMCO6_CACCATGTGGAGCCGACGGC,TMCO6,645,134,151
TMCO6_AGTTCCTGCGGCAAGCCCAG,TMCO6,699,83,111
TMCO6_TGGTACTCACTCACATAGGC,TMCO6,403,53,92
TMCO6_TAGCATGTGCTGAGGGAGAG,TMCO6,1484,417,497
TMCO6_TTGCTTAGACATCGAAGCAC,TMCO6,1714,97,66
TMCO6_GCTGTTGCCAGTATCTAACG,TMCO6,794,75,150
TMED1_CCGTTCTTCCTTCCATGGCA,TMED1,1385,87,218
TMED1_TGAGACCATGCGGACCCGGC,TMED1,805,94,243
TMED1_TGACAGCCTCCAGGATGACG,TMED1,87,53,93
TMED1_ACTGGACGTGGACTTCACGC,TMED1,577,29,185
TMED1_TTCACGTTCCTGTTGCCGGC,TMED1,210,166,242
TMED1_CATTAGTAGCCACAAGGCCA,TMED1,700,66,159
TMED10_GAGGAGATGCGTGATACCAA,TMED10,216,134,42
TMED10_CCCAATGCCGCACCTTGAGG,TMED10,1121,190,169
TMED10_GCACCTTGAGGTGGCTGCGC,TMED10,189,196,317
TMED10_AGCAGCAACGCTAACGGAAA,TMED10,588,427,454
TMED2_AATAGCCCGAGACCGTGGCC,TMED2,274,259,65
TMED2_TGAAGAGTGCTTCTTTGAGC,TMED2,1752,171,261
TMED2_CTCATCTTCGAGGTGGCGGA,TMED2,694,122,38
TMED2_ATCTTCGAGGTGGCGGAGGG,TMED2,1091,154,142
TMED2_GACAGCTGTAAAGCACGAAC,TMED2,1262,178,273
TMED3_GCAGTGCTTCCACGAGGAGG,TMED3,992,87,200
TMED3_AAACGCCCTTGACTTCAGCC,TMED3,1210,439,479
TMED3_GACGGTCTTGTGAGAGAAGG,TMED3,483,69,60
TMED3_ACTGAAGCTGACCACGAACA,TMED3,1734,280,194
TMED3_GACTGAAGCTGACCACGAAC,TMED3,435,403,313
TMED3_CGTTGGTGTTGGTGAAGCAC,TMED3,1830,591,408
TMED4_GATCAAGCAACTGGCGGGCG,TMED4,254,44,138
TMED4_ACGTTCACCTCCCACACGCC,TMED4,1521,134,154
TMED4_TCCCGGCAGTACGGCTCGGA,TMED4,155,24,26
TMED4_TCACTTCCACGTGCATGCCC,TMED4,481,321,237
TMED4_GCCCGCCTGACCGATGACCA,TMED4,1306,169,159
TMED4_GCACAGCGCGAGAAGCAGCA,TMED4,219,200,308
TMED5_CCTGGATAATATGGGAGAAC,TMED5,1387,490,516
TMED5_TTGGTACTCGATCTCCAGCG,TMED5,712,351,401
TMED5_AAGCACTCCTTCTGGCCGGC,TMED5,376,36,154
TMED5_CTCCTTCTGGCCGGCGGGAA,TMED5,3042,957,1151
TMED5_ATCGAGGGAAGGTGTGAAGC,TMED5,898,124,181
TMED6_TCCCTGTGGGTTATGTGCCG,TMED6,1396,457,516
TMED6_TGGCAATTTGCCCACCAGAC,TMED6,1654,590,918
TMED6_GCCATCATGATACCTCCAGG,TMED6,205,20,54
TMED6_CGATCAGCTCCACGGAAGAG,TMED6,2023,713,442
TMED7_GGTGATCTCAGAGGCGCCGC,TMED7,177,0,9
TMED8_AGAGAGTCTTGTTGCGCAGC,TMED8,147,47,158
TMED8_ATGCATCTGGACCTTTGCCA,TMED8,704,149,251
TMED8_TAGCTCCTGTATGTTCAGAC,TMED8,1642,368,295
TMED8_GGCTCAGGCCTTGGTGAAAC,TMED8,921,322,550
TMED8_GAAGATCTGCGGAAAGCAAC,TMED8,576,211,174
TMED8_CCGGCCTTGCGTACCTGAGG,TMED8,1066,118,484
TMED9_CTACTTTCACATCGGAGAGA,TMED9,1057,243,180
TMED9_GCTGTATGACAAGCAGCGGG,TMED9,180,48,0
TMED9_GCCCGGCAGTATGGCTCCGA,TMED9,259,324,251
TMED9_GACAGATCTGGTGCTCACCA,TMED9,457,143,114
TMED9_GCAGCTACGAGTGCGACAGC,TMED9,364,95,170
TMED9_TGGACCACCACAGCACCCGC,TMED9,696,162,103
TMEFF1_TAGCAGCAGAAGGCGAGCGG,TMEFF1,1376,162,102
TMEFF1_CACCGACGTGTAGCAGCAGA,TMEFF1,1259,280,470
TMEFF1_GATGCTCTTGCCTTTGCCGC,TMEFF1,0,43,0
TMEFF1_AGGCATCTTGGTCATTGCAC,TMEFF1,280,198,53
TMEFF1_AGATGTGAATCTGGCTACAC,TMEFF1,912,212,669
TMEFF2_CCTTGTCCGGAACATTACAA,TMEFF2,1704,297,223
TMEFF2_TTCCCATCAGAAGCGCAGAG,TMEFF2,1242,1991,955
TMEFF2_AGAATGTGACGAAGATGCCG,TMEFF2,1213,262,325
TMEFF2_TCAGAAGGATCATGTGCCAC,TMEFF2,896,182,269
TMEFF2_TACAGGTGTTGGTGTCACAG,TMEFF2,806,410,239
TMEFF2_AGTGACTGCCAAACGCCCAC,TMEFF2,460,0,90
TMEM100_TTGTCTCACTTTCCAGCACA,TMEM100,1492,261,278
TMEM100_ACTGAATCTCACTGACCAGA,TMEM100,291,239,143
TMEM100_GGCTCACATGGCAGCGACGA,TMEM100,878,336,615
TMEM101_TCAATGAGCAGCATGACAGG,TMEM101,703,161,86
TMEM101_ACCCAGGAACACCTGGCCGG,TMEM101,528,50,44
TMEM101_CCTTTGGCGTGAAGCGGCGC,TMEM101,143,33,75
TMEM101_CATGAAACTAGCGCACAGCA,TMEM101,1039,475,853
TMEM101_CGTCGAAGATAGGTTCGAGA,TMEM101,603,314,171
TMEM102_CCCAAAGCGATAGAACCGCA,TMEM102,1327,97,184
TMEM102_CAATTCCTGCAGCTGCGCCC,TMEM102,196,203,201
TMEM102_ACGTGATTCGATCCACCGAA,TMEM102,1057,564,658
TMEM102_GGACGGTGGTGAAACCCGCG,TMEM102,169,147,83
TMEM102_CGACTCAGAGGCCAGCGGAC,TMEM102,271,245,538
TMEM102_GAGGCCAAAGTGGCCCGCAA,TMEM102,280,50,105
TMEM104_GCGGGTGAAATTACAGAGAC,TMEM104,1,1,0
TMEM104_GACGAGGCTGACAAGCCACC,TMEM104,24,71,112
TMEM104_ACGCGCAGCTCCACTGGAAG,TMEM104,1072,456,580
TMEM104_CCCAAGACTTACGCACAGAC,TMEM104,2794,968,890
TMEM104_ACCCGGTCTGTGATTTCAAA,TMEM104,321,138,261
TMEM104_CTCTTTATCAGCAGCGCCAC,TMEM104,556,271,212
TMEM105_CGATGCTTCTCAAGGTGAGG,TMEM105,860,134,152
TMEM106A_CAATGGCTGGTTTGGAGGAC,TMEM106A,526,407,525
TMEM106A_GGTGGGACAAGTCACGAAGC,TMEM106A,53,23,103
TMEM106A_AGGCTGCACAATGACGGACC,TMEM106A,1340,336,345
TMEM106A_CAGGCTGCACAATGACGGAC,TMEM106A,459,593,533
TMEM106A_TGGCCCTTTGGCCAGTGAAC,TMEM106A,481,322,243
TMEM106A_TATGAATATGTGGACTGCCG,TMEM106A,595,293,72
TMEM106B_TGCCCTACTTGTCAGGGAAC,TMEM106B,590,188,176
TMEM106B_TGTTCCCTGACAAGTAGGGC,TMEM106B,197,27,349
TMEM106B_CGTCGATAGAGCGAGGGAAA,TMEM106B,1255,881,574
TMEM106B_ATTTCACGTCGATAGAGCGA,TMEM106B,275,116,83
TMEM106B_TATTTCACGTCGATAGAGCG,TMEM106B,417,173,124
TMEM106B_CCTGGGATATCTGTTCAGAG,TMEM106B,1602,1185,738
TMEM106C_GCGAAAGCAAGAAGATGACA,TMEM106C,1028,132,45
TMEM106C_CAAGGACTGAATGCGGAAAC,TMEM106C,2191,435,481
TMEM106C_TGATGCCGTCATCATCCACA,TMEM106C,461,376,432
TMEM106C_TGTACTGAATCTGGCTGGAC,TMEM106C,2169,631,594
TMEM106C_TCCACCTCGGAGTGAGCAAC,TMEM106C,883,136,313
TMEM106C_AGATCACTATGTTGTGCACC,TMEM106C,291,433,606
TMEM107_CCGTCATGAAGGTAATCAGA,TMEM107,710,55,78
TMEM107_CCAACGCTCGAATATGAAGA,TMEM107,1277,219,216
TMEM107_AGAAGTGGGTCGTGTGGGAA,TMEM107,2355,591,623
TMEM107_AGGAGCGTCAGGAAGCGAGA,TMEM107,177,93,14
TMEM107_AAGCCCTGAGACCCGGCCCA,TMEM107,105,65,116
TMEM108_TGCTGTCACCATGGTTCCCG,TMEM108,1865,563,417
TMEM108_GGCGGTTACTGTCGCAGCGA,TMEM108,669,93,115
TMEM108_GCCTTCGCAGAGCAGCCCAG,TMEM108,1669,59,60
TMEM108_GAAGAAGAAGACCGCCAACC,TMEM108,451,92,158
TMEM108_TCACCATGGACTACTTCAAC,TMEM108,969,660,427
TMEM108_AATGGCGACTATAGAGACAC,TMEM108,302,24,78
TMEM109_CCTCCAGCATCAGTTCACCA,TMEM109,1417,465,527
TMEM109_CGTCGAGACTTTGCACCACC,TMEM109,1288,518,628
TMEM109_GCTTCTCTCTTCTGTTGGCC,TMEM109,12,18,39
TMEM109_CCAGGTGATTACCTCGCCCA,TMEM109,994,92,300
TMEM109_CCCTGGGCGAGGTAATCACC,TMEM109,84,85,250
TMEM109_CAGGGCGTAGAGGATCAGCA,TMEM109,826,289,104
TMEM11_CCACTTGGTACTTGCAGCAA,TMEM11,1490,625,845
TMEM11_CACTACATTTCCCTGCCCGC,TMEM11,139,87,76
TMEM11_GCTCCAGCTCGTACTCAAAC,TMEM11,1854,547,711
TMEM110_TGAGATGGAGGAGTCCGACG,TMEM110,1526,18,213
TMEM110_GGAGCAAGGTCCGCTACCGG,TMEM110,366,17,36
TMEM110_CACTGACGTTGACAAAGAAG,TMEM110,911,156,233
TMEM110_AAGAGCGCACTGCCCGACCC,TMEM110,624,40,209
TMEM110_CCGTCAGCGTCCTGGTAGAG,TMEM110,2134,746,1042
TMEM110_CCTAGCAGATCTCACTGAAG,TMEM110,1093,244,224
TMEM115_GGGAGCTTTGTCTGAGGGCA,TMEM115,257,107,188
TMEM115_CAATGAGCGGCTGAAGAGAG,TMEM115,794,416,520
TMEM115_CGTGGATACGGACAGTGAAC,TMEM115,1724,326,553
TMEM115_GGAGCAGCATGTGTGGGACG,TMEM115,1025,260,357
TMEM115_GGGAGGAAAGAGGTAGCCCG,TMEM115,249,35,1
TMEM115_CTTCACCACCACGCTGGCGC,TMEM115,991,594,365
TMEM116_GAGATGTTGCCGTTAGAGCC,TMEM116,35,64,121
TMEM116_ACGGGTGCGCTTCTACCCAG,TMEM116,889,93,259
TMEM116_TGGACAGAGCACATCTCCAC,TMEM116,640,4,172
TMEM116_TAACCTACAAGCAGTTGGAC,TMEM116,377,201,161
TMEM117_GCCACAATCATGCGAGACCA,TMEM117,1351,190,276
TMEM117_AGCCACAATCATGCGAGACC,TMEM117,1120,337,49
TMEM117_TTACAACGGACTGGATCAGC,TMEM117,398,107,218
TMEM117_TATGGGCAATATATCGGCCC,TMEM117,300,119,47
TMEM117_ATGGGCAATATATCGGCCCG,TMEM117,203,186,142
TMEM117_CAGACACTTGACATCAAGAC,TMEM117,2881,630,832
TMEM119_TTGTTAGCCCAGGAAGCCCA,TMEM119,164,124,220
TMEM119_GATGTTCATCGTCTGTGCCG,TMEM119,218,209,335
TMEM119_GACGATGAACATCAGCAGAA,TMEM119,247,216,146
TMEM120A_CAGCATGACTCCCGACAGGA,TMEM120A,2534,490,540
TMEM120A_TCATCAACAACGGCTCCCGG,TMEM120A,1217,363,471
TMEM120A_CTCGTCCTTGTAGGCAAACC,TMEM120A,977,307,164
TMEM120A_CCCTAGATTGTACCTGAGCC,TMEM120A,1056,790,871
TMEM120A_TCCCTCCCAGCAGAGGCCGA,TMEM120A,408,64,52
TMEM120A_TCAGCTCCTCCAGCTTCAGG,TMEM120A,1138,81,147
TMEM120B_TCGCATCATGTCCGGGCAGC,TMEM120B,1230,659,600
TMEM120B_CTGTTCTTCAGGAGACGCAC,TMEM120B,1376,300,265
TMEM120B_TGGCAGCGAACATCAAGGAG,TMEM120B,2086,870,861
TMEM120B_GGGTCACGTTCACATTGCCG,TMEM120B,415,82,194
TMEM120B_AAGGACAAATCGACATGCCA,TMEM120B,22,16,58
TMEM120B_AGGTCAGCATCACTCCGGAC,TMEM120B,1513,316,417
TMEM121_TGGTCAGGCACACGTGGCGC,TMEM121,305,306,216
TMEM121_AACTACAAGGCGGCGCGGCG,TMEM121,2729,223,312
TMEM121_CTGGCGGCGGTACTCCAGGA,TMEM121,107,30,22
TMEM121_CCAGTGATAGCGCAGGCGGC,TMEM121,612,21,33
TMEM123_CTCACCTGTTGAGTTAGCAC,TMEM123,1797,473,419
TMEM123_CGCCCATGAAAGCGCAGCCA,TMEM123,1260,324,314
TMEM123_ACAATGGGACTCGGCGCGCG,TMEM123,2400,760,881
TMEM125_CCAAGCCATGTCTGAACAGG,TMEM125,1806,397,471
TMEM125_GCTCTGCTTCGTCGTGGCCG,TMEM125,5,122,309
TMEM125_GGGCCTGCTGCTGTATCAAG,TMEM125,480,197,202
TMEM125_TGGATGTGGTCTCGTGACGC,TMEM125,1086,290,267
TMEM126A_TAAATGGTGGTCTAGCAGCC,TMEM126A,413,115,96
TMEM126A_TCAGCTCTGTTACCACACAA,TMEM126A,4708,1212,917
TMEM126A_CAGCTCTGTTACCACACAAA,TMEM126A,2073,380,487
TMEM126B_GGATTCAGGTGTGGTGCCGG,TMEM126B,607,142,16
TMEM126B_GCGTTGTGGATTCCTGAGGA,TMEM126B,1376,468,621
TMEM126B_ACCGTTCCACTGCCACCAAA,TMEM126B,2015,529,441
TMEM127_GGCATTAGGGTGTGTAAGCA,TMEM127,1402,158,299
TMEM127_TGATGACCTCATATTCCGCC,TMEM127,756,105,212
TMEM127_CGACGAGTGATCTTCAGAGC,TMEM127,661,149,175
TMEM127_CAGGATGCCCAGGAAACAGA,TMEM127,744,122,113
TMEM127_CACCTGTTCGCGCCAGGAGC,TMEM127,311,395,223
TMEM127_TCCGTGGATGTGCAACCAGG,TMEM127,484,180,159
TMEM129_GACACGTGCCAGCGTGAAGC,TMEM129,1400,305,230
TMEM129_GGCCGGGTTGACCTCTACCA,TMEM129,633,261,88
TMEM129_CACACGGGCACCTGGTGCAC,TMEM129,559,91,229
TMEM129_CCGGAACTCAGTGTTGACAG,TMEM129,3634,613,827
TMEM129_CCAACGAGTTCCACGCGGCG,TMEM129,563,214,13
TMEM129_GGGCGTGAACACGAAGCACA,TMEM129,370,325,153
TMEM130_GCGGAATGCCACTCAGCAAA,TMEM130,1287,684,435
TMEM130_TGCTGGCCACGGACACAGGG,TMEM130,780,106,205
TMEM130_TTGGAAGGTCTGAATTAGGG,TMEM130,99,203,143
TMEM130_CTTCACCGTGAAGCTCAAAG,TMEM130,2814,415,493
TMEM130_CCCAGAACACTTCCCTACCC,TMEM130,2619,174,357
TMEM130_CGGTAGAGGTGGGCGTCAGC,TMEM130,260,162,108
TMEM131_TTACCCGTGCGGGTATACAC,TMEM131,468,180,394
TMEM131_GGCCTTTCCACAGGATCAGC,TMEM131,156,141,28
TMEM131_ACTCCCTTGGTTTCATAAGG,TMEM131,1344,178,178
TMEM131_CCTTCACCTAGAACTCCCAA,TMEM131,927,133,72
TMEM131_ACAGTATATCTCTCTACCGG,TMEM131,1235,146,409
TMEM131_CCACTACGAGGGTCATCACC,TMEM131,1132,182,316
TMEM132A_GGGAAGGATGTGCGCGCGGA,TMEM132A,435,78,215
TMEM132A_TGAACACTTCCGTGTGCAGC,TMEM132A,1,365,1027
TMEM132A_CTCCAGCAGAGCCCTACGCC,TMEM132A,1889,296,528
TMEM132A_TCCGGCGAGGAGAACGACCC,TMEM132A,626,223,235
TMEM132A_CCAGGATCAAGGTGAAGAAG,TMEM132A,2522,1062,747
TMEM132A_TGATGTCCCGCTCAGACACC,TMEM132A,406,227,267
TMEM132B_CTCCCAATCCTCTCTCGGGC,TMEM132B,1451,448,522
TMEM132B_ATCGCCCGGACACGCAGAGC,TMEM132B,652,303,183
TMEM132B_AGATTCCTCACCATGGCAAG,TMEM132B,1587,256,418
TMEM132B_ACCTTCTGTTGGCAGCAACC,TMEM132B,2446,420,432
TMEM132B_TCGCTCAGTTACAGGACGGC,TMEM132B,489,242,252
TMEM132B_AGTAATTCCATAGAGCGCGA,TMEM132B,759,263,296
TMEM132C_GGACGCAGGATGCGCTCCGA,TMEM132C,255,21,66
TMEM132C_CCAAACGCAGCTCGCTGAGC,TMEM132C,212,217,313
TMEM132C_CGCTTACCTGTTGCGTGGGC,TMEM132C,284,228,209
TMEM132C_TCAGCCCATCACGTGGCAGG,TMEM132C,563,350,232
TMEM132C_AGAGACCACCTTGATAGGCA,TMEM132C,1180,408,322
TMEM132C_CAAAGGAAAGATGGATGCGG,TMEM132C,524,35,286
TMEM132D_GAGTGCCCATCGTCTCCAGC,TMEM132D,206,59,154
TMEM132D_GGTGGCCGTCCCGGTGAAAG,TMEM132D,435,13,192
TMEM132D_GGCTTGCTTACCATAGCCAG,TMEM132D,365,118,51
TMEM132D_TTGGGATGTCAAGGAGCGCA,TMEM132D,424,222,89
TMEM132D_ACCACTTGCTCGATGGAGAA,TMEM132D,866,594,348
TMEM132D_TGATGAGTACCGGCGACCAG,TMEM132D,1215,470,405
TMEM132E_CTCTCAGCGCTACTCGCCCA,TMEM132E,899,231,148
TMEM132E_AGAGAGCTGTTGGCGACCGC,TMEM132E,437,123,290
TMEM132E_TGATGCTCCCGATGCGCAGC,TMEM132E,344,229,59
TMEM132E_GCTCCGAGGTCACATGCCAC,TMEM132E,760,78,146
TMEM132E_CTTGCAGCTGGACTTTGAAA,TMEM132E,640,600,346
TMEM132E_GGACACAGAGATCATCAACA,TMEM132E,1273,486,518
TMEM133_CGAATCAACAGGAGACAGGC,TMEM133,731,499,489
TMEM133_TCTGCGAATCAACAGGAGAC,TMEM133,559,169,206
TMEM134_CACCTCCAGGCACCAACAAC,TMEM134,1653,430,530
TMEM134_ACTGCACACAGACGGAGCCG,TMEM134,1291,382,678
TMEM134_GGCGGTTCTTCTGGATCAAA,TMEM134,1048,274,127
TMEM134_GCTGCGGATGGAAGTTCGGC,TMEM134,1140,126,100
TMEM134_AACCTGGAGAACGATGAGGA,TMEM134,1378,398,352
TMEM134_CCGGTTCGAGGTGGCTGACG,TMEM134,2226,681,440
TMEM135_CTCATAGCAGTTATGAGGGA,TMEM135,713,612,688
TMEM135_TTGCAGCAATTCTCCGGAAA,TMEM135,3208,835,1019
TMEM135_CACATAAGATGCTGGCAGAG,TMEM135,1002,1072,820
TMEM135_TTCAGAATGGGTGTAGCAAG,TMEM135,1631,472,829
TMEM135_TCAGATGCAAACATGGACCA,TMEM135,1154,439,270
TMEM135_AAGGGATTCGGAGGCAGCAC,TMEM135,364,82,22
TMEM136_AAGCGGAGAGGCCTATAGAG,TMEM136,1818,425,697
TMEM136_TGAAGCCAATATAAGCGGAG,TMEM136,773,326,356
TMEM136_ACTTCATCTTCGACTTGGGC,TMEM136,366,207,229
TMEM136_ACCAGCGCATCTGTAGCAAG,TMEM136,1332,320,344
TMEM136_AAACCAGCGCATCTGTAGCA,TMEM136,2065,509,856
TMEM136_TCCGCCTGCTTCTCCAAGCA,TMEM136,1887,589,562
TMEM138_CCAGACCAGTAACTACAGCC,TMEM138,1290,467,371
TMEM138_CGCACATGAAGAGCACAAGC,TMEM138,2066,814,469
TMEM138_TATGGAATAGGAGGTTGACC,TMEM138,358,20,30
TMEM138_ATCTCCTTCAGAACTTACGC,TMEM138,847,127,121
TMEM138_GGACTCTTTGTGGCTGCGCA,TMEM138,906,403,323
TMEM139_CCCATTCCAGAAACCGGACC,TMEM139,1059,485,480
TMEM139_TCAATGCAGACTGAGAGCCC,TMEM139,900,260,221
TMEM139_CAATGCAGACTGAGAGCCCA,TMEM139,1193,283,112
TMEM139_TGAAGTGCCAGTCTATGAAG,TMEM139,1684,563,395
TMEM139_ACCACGGCCTCTTCATAGAC,TMEM139,1357,195,427
TMEM139_AACAACCTAGCCATCCAGAG,TMEM139,2116,973,944
TMEM140_GGCAGATGACCACAATCACG,TMEM140,840,40,47
TMEM140_AGCCGATTCTCAGGTTGGGC,TMEM140,279,172,288
TMEM140_GGACCCGTACACGCCAAGCC,TMEM140,486,310,318
TMEM141_GAACTTGGGTCTGTCCCGGG,TMEM141,151,155,24
TMEM141_CACCGGGTGCTTGGCAGCCA,TMEM141,1964,182,260
TMEM141_ACGCAGCCTACCTGTGACGA,TMEM141,1391,507,647
TMEM143_CGCGCAGGACGAGCACACCA,TMEM143,2831,1036,1251
TMEM143_CATGCTGGTAGTCTCCGGCG,TMEM143,1829,1022,289
TMEM143_CTACATTCACTTCTGGGCCC,TMEM143,359,229,195
TMEM143_CCTGCTCATTAGACAGACGC,TMEM143,506,426,205
TMEM143_TACTGCTGGGCCCAGTCGCG,TMEM143,424,89,249
TMEM144_TGGCAGCACAAAGAACCCAC,TMEM144,1277,193,130
TMEM144_GATTCCAAGGCCTAAACCAA,TMEM144,292,62,74
TMEM144_CCTCTCCTTACACTATGCGG,TMEM144,2241,39,218
TMEM145_TCACCTCAGGGTAGCGGAAA,TMEM145,1185,428,327
TMEM145_GGCCAGCCGTGTACAAGGCA,TMEM145,1067,143,284
TMEM145_TGACCTGGTTGTTCTCCGGC,TMEM145,359,346,205
TMEM145_TCCGCTCAGTGCGTGAACGG,TMEM145,841,1117,814
TMEM145_ACAGGGTGATGGATTGCAGC,TMEM145,1323,130,85
TMEM145_GGAAGGGATTCACGGTGACA,TMEM145,459,168,75
TMEM147_GCAGTTCCCGAAGTGAAACA,TMEM147,1252,353,405
TMEM147_AGCCTGGACGCATTTCCAGA,TMEM147,512,24,14
TMEM147_GGAGTTCATGAAGGCCAGCG,TMEM147,939,405,424
TMEM147_ATGTCCCGGAATGCCGGCAA,TMEM147,911,102,271
TMEM147_TCCAGTCAAACTCAATGCCC,TMEM147,409,5,23
TMEM147_TGGCCCGAGCAGTGGTAACG,TMEM147,316,50,141
TMEM14A_CTCGTTTGTCATTGGAGACA,TMEM14A,1602,528,465
TMEM14A_TCACACCCATTATGGTAGCC,TMEM14A,854,222,650
TMEM14A_TCTCAGGATCATCATGAGGC,TMEM14A,818,35,56
TMEM14B_TCTACTCACAATGGGAAGAG,TMEM14B,520,288,461
TMEM14E_GCAAGATCCCAGATGTAAAC,TMEM14E,1237,457,591
TMEM14E_TCAGCCATCACGGAATCCAA,TMEM14E,797,238,256
TMEM14E_ATAAAGGCACCTGTGGGCCA,TMEM14E,659,70,104
TMEM150A_GGCAGTCTCCTCAGACACAC,TMEM150A,215,33,110
TMEM150A_TGTCATCGCCTTTATCACCC,TMEM150A,521,301,422
TMEM150A_GCACTCTTGGGTTAACACCA,TMEM150A,1147,276,300
TMEM150A_GACATCGTCCAGGGTGCAGC,TMEM150A,30,116,202
TMEM150A_ATGTATGCCCTGTGGAGAAC,TMEM150A,2131,339,355
TMEM150B_AGAGACGCTACGCAGCGAGC,TMEM150B,205,2,121
TMEM150B_CTGCCAAGTGCGTAGGCCGC,TMEM150B,544,220,383
TMEM150B_CACCTGGAAATTGCCTACCA,TMEM150B,1467,505,424
TMEM150B_TGCCTACCACGGAGGTGCCC,TMEM150B,0,159,78
TMEM150B_TTGCCATTGCAGTGACCAAC,TMEM150B,832,399,413
TMEM150B_GCCCAGACAGCTAGGAAGAC,TMEM150B,1207,273,278
TMEM150C_ATGCCGGAACTCCACGGCAA,TMEM150C,357,297,277
TMEM150C_TGTATGCAGCCAGGGTCCAG,TMEM150C,803,161,102
TMEM150C_GATGCCGACAGAATAACCCG,TMEM150C,657,62,97
TMEM150C_ACCAAGTAAGGTCATTCCGA,TMEM150C,881,53,239
TMEM150C_GCGCAGAACAGCTACCACAA,TMEM150C,2451,1233,1084
TMEM150C_TATGGTGCATGCTTCACACC,TMEM150C,463,224,329
TMEM151A_ATAGGCGGCCACGACGCGCA,TMEM151A,50,65,160
TMEM151A_GGGTCTTCCGCAGCCTGAGC,TMEM151A,254,113,69
TMEM151A_TCTTCCGCAGCCTGAGCGGG,TMEM151A,539,130,132
TMEM151A_AGGGCGTCCTCATAGCAGGG,TMEM151A,672,202,236
TMEM151A_CTCATTGTCCACGGAGACAG,TMEM151A,2017,467,596
TMEM151B_GGTCTCGGAGGAGCTCACGG,TMEM151B,249,110,43
TMEM151B_CGTACATGAGCAGCGAGAGC,TMEM151B,719,345,178
TMEM151B_TAGACATAGCCGTTGGAGCA,TMEM151B,1905,277,525
TMEM151B_GGCGTACAACATGAGCAGGA,TMEM151B,1021,162,142
TMEM151B_GCGCTTCTTCGCAGAGAACG,TMEM151B,1425,511,627
TMEM151B_GGTCAACACAGTAGACAGCA,TMEM151B,540,225,164
TMEM154_CGGGAACGAGCGCGATCACC,TMEM154,893,214,402
TMEM154_GGGAACGAGCGCGATCACCA,TMEM154,388,300,204
TMEM154_CGCAGCCCTAGTCTTCGCCC,TMEM154,262,258,468
TMEM155_TTCTGTAGAATCGCACCAGA,TMEM155,591,180,109
TMEM156_ACTTCCTGGACTTGATCCAA,TMEM156,718,150,383
TMEM158_GCTCCACACCACGATGACCA,TMEM158,1438,138,429
TMEM158_CATGAAGCAGGCCACCAGCG,TMEM158,1562,510,972
TMEM158_TAAGCCCATTGAGTCCACGC,TMEM158,1879,208,341
TMEM158_AGGTGCTCGATGAGCAGCGG,TMEM158,253,176,190
TMEM158_AGGCGGCGGCGAAGAAAGCG,TMEM158,1505,589,440
TMEM159_TGATGATGGAGTGTCCAGGC,TMEM159,914,142,200
TMEM159_CTGTCCAAGTACTGACCCAC,TMEM159,630,446,548
TMEM159_AGGTGAAGGCCAGAAACGGA,TMEM159,205,112,43
TMEM159_CAGGAAGAATCCAACAGGAA,TMEM159,1915,612,400
TMEM159_GGCTGGCAGAAAGTCACAAC,TMEM159,1358,579,540
TMEM160_AGGACCCATGCAGCTGACGC,TMEM160,1803,173,121
TMEM160_ATTGCGGAACCAGGAGAGGA,TMEM160,557,28,58
TMEM160_CGGAACCAGGAGAGGAAGGC,TMEM160,1331,690,745
TMEM160_AGCTGGATCGTGCGGACGCC,TMEM160,287,201,241
TMEM160_TTGCCCGTCTTCGCTTCCGG,TMEM160,623,248,565
TMEM160_GCGAAGACGGGCAAGGCGAG,TMEM160,932,207,458
TMEM161A_CGGATAGCCAGCTTGGCCAC,TMEM161A,1113,145,48
TMEM161A_CTGTACTTCAGCGCCGAGGA,TMEM161A,1122,461,410
TMEM161A_GACTTTGCTGTGTACTCGGG,TMEM161A,602,30,123
TMEM161A_ACTAAGGCCATTGGCCCACC,TMEM161A,300,131,90
TMEM161A_CCCGAAGCTCCTCCTCAGAC,TMEM161A,2964,1124,543
TMEM161A_GCTGGCTGCTCTGTAACGGC,TMEM161A,843,118,156
TMEM161B_CTACATTATGAACCCACCAC,TMEM161B,1539,485,898
TMEM161B_CCTCACAGAAGAACTCACCA,TMEM161B,435,1073,260
TMEM163_AGCCCATCACGCCACCCACG,TMEM163,2828,512,298
TMEM163_GCATGAACTTCAACACGGCC,TMEM163,444,207,181
TMEM163_AACTAGGCTGCTCCCAGAAG,TMEM163,1078,438,266
TMEM163_CCTGTGGCGTTACAGCAACG,TMEM163,1062,384,489
TMEM163_ACTAAAGGCAGCCACCGCGA,TMEM163,781,369,165
TMEM163_ATCCAGCGCCGCAGCTCCCA,TMEM163,572,174,165
TMEM164_GCAGCCGCTGCTGCCAAGAG,TMEM164,209,61,55
TMEM164_GCACATCCTGAGGCAGACGA,TMEM164,663,218,209
TMEM164_TCCTGTGGTAAACACTCGGC,TMEM164,66,348,98
TMEM164_ACCAGCCGAGTGTTTACCAC,TMEM164,5,65,188
TMEM164_CGTCTTGCAGATCCTCGGCC,TMEM164,677,445,217
TMEM164_GCCGTAGAATGGGTCTGAGA,TMEM164,694,402,402
TMEM165_CCACCGGAACAAAGAACCGC,TMEM165,943,244,354
TMEM165_GAACAAAGAACCGCCGGCGC,TMEM165,175,83,60
TMEM165_CAAGCATGTCATTAGTCCCA,TMEM165,634,6,86
TMEM165_GGCATTAGAATGCTTCGGGA,TMEM165,137,55,8
TMEM165_TGATGAGGGTCAAGAGGAAC,TMEM165,534,146,178
TMEM165_TTACTGCCAATCCCGTGCAC,TMEM165,472,101,102
TMEM167B_GGGCCAGCCGCCATGACGAA,TMEM167B,1456,324,327
TMEM167B_CTTCTTCTCTGATAGCAGCC,TMEM167B,563,138,115
TMEM168_GAAGCGATGTGGCCAAGCAC,TMEM168,1175,399,479
TMEM168_CTACACTCTGCATTTGCCAA,TMEM168,1566,401,590
TMEM168_TTTCCTCGAACTTCGGACAG,TMEM168,727,418,479
TMEM168_GGATGTGACTATTCCACAAG,TMEM168,1035,222,240
TMEM168_CCATGAGCCATGGATTCCAA,TMEM168,486,326,411
TMEM168_CAACATAGTTGTGCTGGCAA,TMEM168,1260,345,286
TMEM169_GGTAGACGTCAGGTCTGGAA,TMEM169,1,45,0
TMEM169_GAGCCCGGAGAATCAGAAGG,TMEM169,478,86,44
TMEM169_TCTACTACGGCACTATCACC,TMEM169,759,103,25
TMEM169_ATACGAGATCTTGTGCCAGA,TMEM169,45,313,337
TMEM169_TCCAGTGCTCATCATGGCCA,TMEM169,2151,579,300
TMEM169_CTTCCCAGGACCACGAGAGC,TMEM169,1885,341,123
TMEM17_CTCCTCTGTTTGCAGAGAGC,TMEM17,293,0,35
TMEM17_GCCGGTCAAAGTCTTGGAGG,TMEM17,944,263,230
TMEM17_CGTGGGTAACCTACAGGAGA,TMEM17,1417,467,392
TMEM17_TTTCCCAGCCGCTGGCGCAC,TMEM17,625,105,286
TMEM170A_GAAGCCCTCACACTGGGCAC,TMEM170A,147,43,9
TMEM170A_CTGGAGTTTACCGAGCAGCA,TMEM170A,1816,541,786
TMEM170A_GCTGGAGTTTACCGAGCAGC,TMEM170A,210,53,122
TMEM170A_AAGAGGGCCAGTAATCCAGC,TMEM170A,355,189,103
TMEM170A_TTGTGCCGCGGGTGGGCAAC,TMEM170A,685,167,244
TMEM170B_GATCAACCTGTCGGTGCAGC,TMEM170B,15,157,131
TMEM170B_GGTTCCTCAGCACCGTCCCG,TMEM170B,187,9,57
TMEM170B_GATGCTGCAGAGGCATAGGC,TMEM170B,238,133,176
TMEM170B_ATGCTGCAGAGGCATAGGCA,TMEM170B,2089,380,494
TMEM170B_TGTAGCGAGGATCCTTGAAA,TMEM170B,1365,247,323
TMEM170B_AGAAACCTCAAAGTGTAGCG,TMEM170B,652,317,303
TMEM171_AGATAAGGCACTGGGCAAAC,TMEM171,2603,1269,1496
TMEM171_GAAACCCAAAGATAAGGCAC,TMEM171,268,137,146
TMEM171_ACACTGGCGACTCAGAGCCC,TMEM171,659,201,198
TMEM173_AAGAGAAATCCGTGCGGAGA,TMEM173,686,57,77
TMEM173_CAGTCAAGCTGGCTTTAGCC,TMEM173,371,106,308
TMEM173_TGTAAGTTCGAATCCGGGCC,TMEM173,244,265,293
TMEM173_GGGAATTTCAACGTGGCCCA,TMEM173,127,13,64
TMEM173_CGGGCCGACCGCATTTGGGA,TMEM173,1588,274,175
TMEM173_CGGGATGGATGGATGCAGGC,TMEM173,590,152,243
TMEM174_GGTGAGCCCACAAGGAGCAA,TMEM174,0,93,189
TMEM174_GGTGTCCGATGATGACAAGG,TMEM174,192,48,98
TMEM174_AGGGATGTACTGCACCACAG,TMEM174,1839,302,397
TMEM174_TGCCTTTCTTTCACGGACGG,TMEM174,1695,571,633
TMEM174_ATCAGAATAGCCTCTAGCGA,TMEM174,796,7,124
TMEM175_TGAGCATGCGTTGGGAGCAC,TMEM175,679,191,185
TMEM175_GACCTTTCTCATCGTGACAG,TMEM175,699,211,416
TMEM175_TGATGGTCATCATGCAGGCC,TMEM175,216,125,274
TMEM175_AGATGGCCGCTGCAAAGCAC,TMEM175,801,124,167
TMEM175_ATGTCAGCAAGGTCACCGGC,TMEM175,725,196,374
TMEM175_GCCACTCAGCAAGGAGCGCG,TMEM175,634,244,405
TMEM176A_AACAGCCGACAGTGATGAGA,TMEM176A,730,32,206
TMEM176A_CGACAGTGATGAGATGGCCC,TMEM176A,720,524,595
TMEM176A_CATCCACCAGGAGTCTGCCC,TMEM176A,340,12,159
TMEM176A_AGCTCCCGAGGTGACGAGGA,TMEM176A,825,156,73
TMEM176A_TGGCAGCTCCCGAGGTGACG,TMEM176A,1410,453,451
TMEM176A_AATCCAGACACCCAAGAGCA,TMEM176A,1335,380,647
TMEM176B_TCTGCTCCCTAGAGGGCGAA,TMEM176B,855,277,125
TMEM176B_ACCTACTCCCAAGGAAACCA,TMEM176B,579,151,243
TMEM176B_GACCCTGTCTTCCCTACCAC,TMEM176B,719,138,127
TMEM176B_CGGGTGCTTCTCATGGACAA,TMEM176B,1795,628,1006
TMEM176B_ATTGTCCATGAGAAGCACCC,TMEM176B,335,290,90
TMEM176B_GGACGTTGACGTGGGTGGGC,TMEM176B,88,130,290
TMEM177_GGACCACGGGATCCGGGAAG,TMEM177,1043,182,131
TMEM177_CTTCTGGGCTTCACGGGACA,TMEM177,2181,620,338
TMEM177_GAAGCTTCTGTCGGGCAACC,TMEM177,684,55,34
TMEM178A_AGCTCTCCTTGTGGCGCCGG,TMEM178A,537,61,87
TMEM178A_CTACTTCCTGGGCATCGACC,TMEM178A,2992,1137,867
TMEM178A_AGGAATGTTTCGCAAGCGGA,TMEM178A,428,124,220
TMEM178A_CCTGGAAATACTTACGAAGC,TMEM178A,1288,218,841
TMEM178A_GCCTACCTGTCATGAGGAAC,TMEM178A,2945,410,316
TMEM178A_TACTGGCGGCATAAGTACAG,TMEM178A,1536,63,264
TMEM178B_CTCGGACCACTGGTACGAGA,TMEM178B,564,33,185
TMEM178B_GCAGTACAACTCCACCAACA,TMEM178B,3255,1015,938
TMEM178B_TGGCTTCATGGGCATGGCGG,TMEM178B,1017,323,278
TMEM178B_GCCTTATGCAGTACGTGGCA,TMEM178B,863,301,603
TMEM178B_CTCGGGACAGGTTGAACAGA,TMEM178B,1865,985,1094
TMEM178B_GGGTAGTTGGTCCTCGGGAC,TMEM178B,193,185,247
TMEM179_CTACCACAACTACCGTCAGG,TMEM179,733,207,147
TMEM179_CGATCAGTTTGCAATTGCCC,TMEM179,1609,281,358
TMEM179_GGTGAAGCCCACGCTCACGA,TMEM179,115,3,104
TMEM179_TGCCAGCACCATCGTGAGCG,TMEM179,2660,1284,1011
TMEM179_AGCGCTTCACGGTGCAGGAG,TMEM179,582,217,459
TMEM179_CGCTGCCTGCTCTTCACCGA,TMEM179,3143,497,777
TMEM179B_CTGGGTCCGAGTCATCGCCG,TMEM179B,1800,550,1086
TMEM179B_CTGAGGGACGGGATAAGGCC,TMEM179B,945,296,398
TMEM179B_GCTGCATCGAGGACTCCCAC,TMEM179B,493,28,85
TMEM179B_TATAGGGCTGCGCATTGCAC,TMEM179B,275,183,70
TMEM179B_GAAGACGGCTATAGCTGAGA,TMEM179B,542,29,16
TMEM179B_CCATACCGGCCTCTGGAGAG,TMEM179B,719,285,264
TMEM18_TACCAGTATTTCGACTCCAG,TMEM18,1011,358,242
TMEM18_ATGAGGCGGCTGCGATGAAC,TMEM18,848,365,350
TMEM18_AGACGGACTGGACTGAGCCC,TMEM18,688,320,137
TMEM18_TCAAGTCTTGCACGTGGCGA,TMEM18,541,241,429
TMEM18_TGCACCCACCAGAAGACCAG,TMEM18,1041,499,428
TMEM18_GACAGAGAAGGCGGACGGCA,TMEM18,145,235,64
TMEM180_AGGTGTCCACATAGTAGAGC,TMEM180,761,42,148
TMEM180_CTCACCCGCTATCCACAACC,TMEM180,2544,639,560
TMEM180_CTTCCTGTGGTTCGTGAGCA,TMEM180,1219,537,452
TMEM180_ACAGGATGGAGCCCGTGGAA,TMEM180,1517,342,321
TMEM180_GGAGCGACATAGGAGAGGCC,TMEM180,10,91,97
TMEM180_GGTCACTGACCTGGTAGACG,TMEM180,922,61,73
TMEM181_GCTTGAGCTCGCTGCAGAGC,TMEM181,966,140,143
TMEM181_ACCTCTGATCCCAACGAAGA,TMEM181,896,113,350
TMEM181_ACAAAGTTCACAACCGGACA,TMEM181,1916,626,1074
TMEM181_GAGTGTAGTTCAGGTAGCCA,TMEM181,957,90,220
TMEM181_ATTTCCAACCGGGAGAAGGC,TMEM181,230,36,30
TMEM181_TGTAAAGTAGCAGCAGAGGC,TMEM181,782,106,291
TMEM182_TGTGTGCAGTTCTTGGACGG,TMEM182,1793,742,834
TMEM182_TGTGCTCGCCTCTCATGAAG,TMEM182,1245,295,318
TMEM182_CCAGCCATACAGAACAGAAG,TMEM182,4941,1269,1143
TMEM182_ACCAGCCATACAGAACAGAA,TMEM182,669,136,232
TMEM183A_TGTTTCAGAAGAACTGGACG,TMEM183A,680,167,194
TMEM183A_ATGTTTCAGGCACTACACGC,TMEM183A,1038,285,80
TMEM184A_GAAGGCATAACGCAGGGCCA,TMEM184A,15,120,75
TMEM184A_AACTTGAGGACGGGCTGGAA,TMEM184A,1527,128,291
TMEM184A_GCATTTGGCAAATACCACGA,TMEM184A,706,563,428
TMEM184A_ACAGAAGCGCAGGAACCCGA,TMEM184A,843,201,113
TMEM184A_ACTGGTGGTCTCCGAGGAGG,TMEM184A,848,30,0
TMEM184A_GCTCTTCCTCACCTCCGCAC,TMEM184A,988,69,170
TMEM184B_GGTCACGTAGAGGTAGCCAC,TMEM184B,32,71,23
TMEM184B_CCCATCCCGGTACTTGCCGA,TMEM184B,551,76,305
TMEM184B_GCAGAACCTCAGAAATCCGA,TMEM184B,132,101,118
TMEM184B_CTCCTAGGTACTCATAGCAC,TMEM184B,1157,356,403
TMEM184B_ACTGGTCGTTGGTGAAGAAG,TMEM184B,690,85,367
TMEM184B_CCTGCTCATCACATGCCACC,TMEM184B,303,108,170
TMEM184C_CGTGTGGGAATTACAGAAAC,TMEM184C,1937,555,451
TMEM184C_CTTTATGTTGCTGTCCACCA,TMEM184C,1024,255,375
TMEM184C_ACTGTAGAAGCTGTGGCCAC,TMEM184C,914,0,97
TMEM184C_ACTACTTACCTGGAGTCCGG,TMEM184C,354,153,98
TMEM184C_AATGATGAGCAATGGCAGCG,TMEM184C,1567,254,317
TMEM184C_TCACCCATGGGTCACTACCA,TMEM184C,1974,298,306
TMEM185A_CGCAAGCTGCAACAGACACC,TMEM185A,1930,564,719
TMEM185A_AGAACAGCGGCATGAAGACC,TMEM185A,1566,228,216
TMEM185A_TCTTCCAGGACTTCAACCCG,TMEM185A,1284,376,726
TMEM185B_CATCCAGGGACCGCAGGAAC,TMEM185B,1918,299,1042
TMEM185B_GAACGACATGAGGATCCACA,TMEM185B,324,25,6
TMEM185B_TCTCCACCCTGTCGCAGACC,TMEM185B,1307,177,178
TMEM185B_ATTGGATGATGCCGTCCAGG,TMEM185B,210,30,70
TMEM186_GGACAGAGAGCGTTTCACAC,TMEM186,834,291,476
TMEM186_CCAGGATGCGTCCATAGCGC,TMEM186,1813,173,33
TMEM186_GCAGGACACATACTGTCCCA,TMEM186,561,0,6
TMEM186_CCTACGCACAGCTCGGAGAA,TMEM186,1359,691,745
TMEM186_CGCCACCCGCCTCCTTACCA,TMEM186,1537,699,560
TMEM187_GGTTCCAGATGAATCCAGAG,TMEM187,132,113,122
TMEM187_GAAGGACGTGTTCGCAGCCA,TMEM187,367,103,250
TMEM187_ACTGGTCCAGCACCGCGGCA,TMEM187,818,345,98
TMEM187_GCCCATCTTTGCATGGCCCG,TMEM187,3,50,14
TMEM189_CTGCCATTTCTACTGCAGGC,TMEM189,430,382,444
TMEM189_CAGAAGACGAAGCACTCCCA,TMEM189,532,138,329
TMEM189_CACTAGCTGGGTGTCTCACC,TMEM189,553,124,76
TMEM189_TGCTGACTTCTTGTCTGGCC,TMEM189,130,307,197
TMEM189_CCAACACCGAGTATGACGAG,TMEM189,1379,434,603
TMEM189_ACGAGGCGTCTTGTTGCCGC,TMEM189,565,478,304
TMEM19_CCATTAGAGACGATCAGAAC,TMEM19,2712,574,664
TMEM19_TGGAGCTGTACCCACAGAAC,TMEM19,3305,894,1278
TMEM19_TTTGTCTCTCTTGGCTGCAC,TMEM19,397,167,56
TMEM19_CTCCAAGACTGATAACAACC,TMEM19,2078,912,626
TMEM19_TACCAATGGAGGAGTTACAG,TMEM19,2280,253,327
TMEM190_ACTGCCCTTTCTCTCGCAGA,TMEM190,262,39,46
TMEM190_TCCAGGGATTCTTCTACCCA,TMEM190,1284,208,324
TMEM190_CTCCGGTGCTGCTACCGCAA,TMEM190,6529,2673,2114
TMEM190_GAGGAAGCACATGTGGGCGC,TMEM190,230,75,122
TMEM190_CACGGACCCGCCAGGAAACC,TMEM190,1939,513,698
TMEM190_ACACGGACCCGCCAGGAAAC,TMEM190,1893,649,592
TMEM192_CATTCTGGCCATCTTGGCAC,TMEM192,579,355,633
TMEM192_GGGTGATATCCAAGGAACCC,TMEM192,478,95,79
TMEM194A_ATTAGGGAGCATTATTGCCC,TMEM194A,659,14,0
TMEM194A_AGGAGAGGTAGAAACCCGAA,TMEM194A,819,94,106
TMEM194A_TCTTCTGTCAGGAGACGAGG,TMEM194A,562,57,86
TMEM194A_ATTGGTTCGAGTCACCCAGG,TMEM194A,552,46,83
TMEM194A_TGTGCCGTAGACCAAGCAGC,TMEM194A,480,140,194
TMEM194A_GGCTGCTTGGTCTACGGCAC,TMEM194A,739,234,263
TMEM194B_TGCTCTGGAGGAGCTACGCC,TMEM194B,798,189,269
TMEM194B_GAGCATGCAGTTATATGAGG,TMEM194B,246,113,115
TMEM194B_CTGCTCCTGTCGTCTGCAAG,TMEM194B,1808,566,705
TMEM194B_CCAACTATCAAGACATAGCC,TMEM194B,1633,609,669
TMEM194B_ACCAACCATTAGAGCCCAAA,TMEM194B,918,297,272
TMEM196_CCTGCATCACTCTCATGAAA,TMEM196,1053,541,415
TMEM196_CCCAATGCACGCGAGAGACA,TMEM196,3104,645,1127
TMEM196_AAGGTGCAGTGGGTATAGGG,TMEM196,628,87,129
TMEM196_CTCCGTGCTGGAGATAGGGC,TMEM196,782,234,277
TMEM196_CCAGCACGGAGAGCACCAAG,TMEM196,2737,836,1507
TMEM196_GCTCCCAATAATCTGACCGC,TMEM196,736,331,1154
TMEM198_ACAGCACATGATGCAGACGA,TMEM198,864,411,422
TMEM198_AACAGCACATGATGCAGACG,TMEM198,548,568,568
TMEM198_GCCCACGCTGCGCACTAGCA,TMEM198,465,626,223
TMEM198_GAACGCCCATCAGGCTGAGC,TMEM198,3,80,49
TMEM198_ACTGATGCGGATTCGGCAGC,TMEM198,529,494,249
TMEM198_AGCTTCCGAGACCGGCAGAC,TMEM198,908,540,414
TMEM199_TCGCTCGCCCGCAAGCAAAG,TMEM199,1768,90,269
TMEM199_GGTGCAGATCCCGGATGAGA,TMEM199,222,61,41
TMEM199_CCCAGAACTAGTTGCCCGGC,TMEM199,51,14,142
TMEM199_TGGTGGGACTCTCAGCGACC,TMEM199,639,76,13
TMEM199_CTCGGCCAGACCCACCACAG,TMEM199,3734,194,121
TMEM2_CTCTAGTGCTGCTGACCCAA,TMEM2,1475,376,420
TMEM2_ATACAGTCAGTAGCAGGCAC,TMEM2,318,10,56
TMEM2_TATAATCCACGTCACCACAC,TMEM2,221,220,316
TMEM2_CATTACATCCTGATCCAGGA,TMEM2,285,307,167
TMEM2_CGGTGGCGTCTGAGGTCAGA,TMEM2,266,151,175
TMEM2_CCTCCATCAGACGAGAAGAC,TMEM2,757,293,159
TMEM200A_TCTCTTGGGTAGCAGGAGAC,TMEM200A,328,57,85
TMEM200A_ACAACCACAACATCTGCCCG,TMEM200A,864,405,386
TMEM200A_TCATCTATGGCTCTCGGACC,TMEM200A,1139,424,444
TMEM200A_TTGGATCGGAACAACAGCAA,TMEM200A,1663,276,463
TMEM200B_TCACCGAAGCTGGCCACGGC,TMEM200B,2353,1281,940
TMEM200B_CAGACTCCGCACTGACGGGA,TMEM200B,457,31,128
TMEM200B_ACCGAGACTTGGAGACGCGA,TMEM200B,339,182,132
TMEM200B_ACGACGGCGAGATGACGGCC,TMEM200B,738,59,189
TMEM200C_TCTGCTCCGCACCCAGAACG,TMEM200C,1284,350,194
TMEM200C_CTGCTCCGCACCCAGAACGG,TMEM200C,3214,525,512
TMEM200C_GCGCTGCTGCCCTTGCAAGG,TMEM200C,1017,431,760
TMEM200C_TGTTGGCCGTGGTTGGGACC,TMEM200C,1367,265,261
TMEM200C_GAGCTCGCCATGATCGCCAC,TMEM200C,211,41,173
TMEM201_TGTTGCTCTACCGGATCGCG,TMEM201,1236,187,177
TMEM201_GCAGTACAACGGCTTCCAGG,TMEM201,331,36,83
TMEM201_AGGTGCTCCAAGTACTGGGC,TMEM201,248,66,9
TMEM201_TGAGCAACAGGGCGCGCAGC,TMEM201,837,87,133
TMEM201_TCAGTAGGAAGGCGCAGGCC,TMEM201,756,126,195
TMEM201_CGTGTCTAGCCAGCTAGGCG,TMEM201,1461,379,349
TMEM202_AACTGCCAAGATGGAGCGAA,TMEM202,776,174,431
TMEM202_ATTCGGTGGCACTCACAGGG,TMEM202,1004,303,88
TMEM202_CCTCAACCTGTTTGTGGCAC,TMEM202,1621,231,178
TMEM202_AGTGAACCTGTGCCACAAAC,TMEM202,867,345,354
TMEM202_CTGGCATACTAGGGATGCCA,TMEM202,119,139,30
TMEM203_AGCCCGTCAGCGGCGAAGAA,TMEM203,960,321,570
TMEM203_CGAACACGTTCCACCAGGAG,TMEM203,4418,1404,1087
TMEM203_CGTTCCACCAGGAGAGGCCC,TMEM203,635,99,359
TMEM203_GGCACTGCGTGTGGATGGCC,TMEM203,0,66,138
TMEM203_GCTCTTCTCGCTCCGGGAGC,TMEM203,699,59,79
TMEM204_AGACGCTGGAGGATGGGCGC,TMEM204,549,166,179
TMEM204_CGCACATGACTGTGAGGCGC,TMEM204,596,88,46
TMEM204_CATGATGCGCGCCTGCAACC,TMEM204,861,447,278
TMEM204_CATGGCCGCTGCATTCCAAC,TMEM204,780,252,441
TMEM204_GAAAGCGCGCTGTCAGGGAG,TMEM204,942,191,161
TMEM204_CGTAGTCATTGTCCAGCCCA,TMEM204,993,526,700
TMEM205_GAAATAAGGAGCCTCTAGCA,TMEM205,303,192,117
TMEM205_CTACCGCCAGCTGCGAGAGA,TMEM205,848,427,468
TMEM205_CAGCCAGCGGGCGTTGACAG,TMEM205,1114,415,441
TMEM205_TTTGCTCTGCACTAGTCCGA,TMEM205,541,126,109
TMEM205_AGGGTCCCTACCTGAGACGA,TMEM205,424,377,235
TMEM205_CCTAGGAGGCCTGATTAAGA,TMEM205,1559,438,387
TMEM206_CCTCACTACTCTTGTTCAGG,TMEM206,424,159,244
TMEM206_ACATGAATTGCACCACCCAG,TMEM206,712,485,328
TMEM206_CGAGAAGACGTTCTTCAGGC,TMEM206,1157,589,515
TMEM206_GCTCTGAGTTCTCAACCACC,TMEM206,51,142,158
TMEM206_TGGCCAATGAGGCGGCACGA,TMEM206,795,122,186
TMEM206_GCGCTCCACATCCTACCAGG,TMEM206,1519,226,468
TMEM207_TGATTCTCACAGGCGCACCA,TMEM207,639,214,169
TMEM208_TGGGTATTTGCCTCGCACCA,TMEM208,563,198,352
TMEM208_GGCGTCAGCCCTAGGCAGAA,TMEM208,432,241,75
TMEM208_AAGGGCAAAGTGGGCACGAG,TMEM208,176,132,155
TMEM208_GGCCCTGATGGATGGTGGCA,TMEM208,776,89,33
TMEM208_ATGGACCTCAACATGGAGCA,TMEM208,461,688,760
TMEM208_CACTGTCTGCAGTGAACCAG,TMEM208,498,245,243
TMEM209_AATGAGAGGCGCTTTAACCA,TMEM209,766,143,121
TMEM209_CAGCACACAGATGAGACGAA,TMEM209,1935,227,275
TMEM209_CTCTAAACAAGCCGCAGAAG,TMEM209,1610,302,610
TMEM209_GCTCTCCACTGGTCCAACAG,TMEM209,1309,512,359
TMEM209_GCTGTAACCAGTCATACAGC,TMEM209,237,120,207
TMEM209_CTAGGAAAGTGGTCTTAGCC,TMEM209,262,120,278
TMEM210_CCAGCTAATGGACGCTGACC,TMEM210,1272,303,364
TMEM210_TGAAACATGCCCGAGACAAG,TMEM210,1626,358,366
TMEM210_ATTGGTGTCTTGCGGGCCAA,TMEM210,113,38,132
TMEM210_AATTGGTGTCTTGCGGGCCA,TMEM210,323,236,286
TMEM210_TGCAGCAGGGATGAGCAGAA,TMEM210,2622,925,564
TMEM210_GACAAATATGTGAGGCCCAA,TMEM210,131,73,34
TMEM211_ACACAACCAAGGTCCAAGGG,TMEM211,426,217,356
TMEM211_CCCACACAACCAAGGTCCAA,TMEM211,1324,116,46
TMEM211_CCCACCATAATACATGGAGG,TMEM211,625,72,331
TMEM211_AAGCAGTGTTCCAATGCCAG,TMEM211,931,43,28
TMEM211_CCAACTGTTGCCCTGAGGCC,TMEM211,2215,287,350
TMEM212_ACAAGCCTTGGTTCACAGGA,TMEM212,1277,348,137
TMEM212_ACACTCCATCCTGTGAACCA,TMEM212,2541,386,471
TMEM212_TTGTCACAGGCCATCACAAC,TMEM212,1486,430,464
TMEM212_AATAGAAGCAATATGGGCCC,TMEM212,33,160,181
TMEM212_GAAAGGTAACTGCATAGCCA,TMEM212,385,129,61
TMEM213_TCGGCACAACTCCGCAGGAC,TMEM213,1878,788,584
TMEM213_CGAGCAAGCCGAGTGGAGGG,TMEM213,1607,798,171
TMEM213_ACCGCTCACCACCCAGACCC,TMEM213,18,310,457
TMEM213_CCACTCCTGTGCGGCAGCAC,TMEM213,541,270,195
TMEM213_TCAGTTTGTCCACACAGAGC,TMEM213,1342,406,196
TMEM213_TGATGAGAGAGGCCGAGGAG,TMEM213,1261,481,537
TMEM214_AGCCATGGCGACCAAGACGG,TMEM214,722,242,363
TMEM214_ACAAGCACCCTTTATGAGCG,TMEM214,2559,213,168
TMEM214_ATCCATATGGTTGAAGGACC,TMEM214,1225,178,24
TMEM214_ATCCCTACAGCCTGGTGAGC,TMEM214,546,211,274
TMEM214_TGCCACGGCAAACCTAGGCA,TMEM214,1876,335,203
TMEM214_TCTCACCATCATGTGGGCCC,TMEM214,405,19,0
TMEM215_CACCGTCTCTGGGATGAAAG,TMEM215,4163,1903,1304
TMEM215_AAACCGAGGGATGCACCAAG,TMEM215,1544,259,879
TMEM215_TCTTTGGGTTTCCGGAAGCA,TMEM215,411,183,487
TMEM215_TCAGACCTAGAATCCGGCAA,TMEM215,1160,394,366
TMEM215_CAGACCTAGAATCCGGCAAG,TMEM215,1263,360,419
TMEM215_CGTCCAGAATGGGCATCAGG,TMEM215,765,516,324
TMEM216_GGACTGAAGATGGCGCCGCG,TMEM216,52,281,286
TMEM216_AAAGAACAGGATTTCCAGCG,TMEM216,1318,384,321
TMEM216_TCCTGTTCTTTCTGAACGGG,TMEM216,1215,307,211
TMEM216_ACCACCCGTTCAGAAAGAAC,TMEM216,51,129,0
TMEM216_GCAGACCTACGTACTCCGCC,TMEM216,138,87,32
TMEM217_AAGAGGTCAGAATCATGCGC,TMEM217,939,76,142
TMEM217_GAACAGAAGCACCTAGGGAA,TMEM217,1059,163,126
TMEM218_AATGCCTTACCTCGCCGCCC,TMEM218,417,70,111
TMEM219_ACCACCTTGAACTTCGGAGA,TMEM219,1037,215,175
TMEM219_ACCGTCTCCGAAGTTCAAGG,TMEM219,472,188,425
TMEM219_AACTGGTCCTTATCACAGCC,TMEM219,1228,351,368
TMEM219_ACCCATATCCTGCTCAGAGG,TMEM219,800,289,232
TMEM219_CCCATATCCTGCTCAGAGGA,TMEM219,1142,583,621
TMEM219_AGAGCCGGGTTCTAGACCAG,TMEM219,496,0,46
TMEM220_TCTGTTGTGTACGATGCAAG,TMEM220,2724,287,440
TMEM220_CAGGGTTAAGTCCAACAAGC,TMEM220,1646,274,627
TMEM220_CATGGCCGCCTTCTTCGCGC,TMEM220,2416,514,520
TMEM221_ATGCACCGGACACTGTCGGC,TMEM221,508,76,88
TMEM221_GCAGTGGCCATGGACCCAAA,TMEM221,1221,524,546
TMEM221_TATTCAACCTGTCCAGAGCC,TMEM221,383,152,189
TMEM221_CACCCGGCCGCCGTAAGAAC,TMEM221,1813,471,530
TMEM221_TGGCCCGTTCTTACGGCGGC,TMEM221,306,144,79
TMEM221_GCCATGGCCCGTTCTTACGG,TMEM221,186,55,207
TMEM222_CACTTCCGCCATCCTGGGCG,TMEM222,673,346,185
TMEM222_AAGCAATATCAAGGCTCCGG,TMEM222,256,155,61
TMEM222_CGCTAGCATAGACCTGAGCA,TMEM222,1676,992,1324
TMEM222_CCGCTAGCATAGACCTGAGC,TMEM222,197,113,207
TMEM222_TGACGTACTTCCCGTAGAGC,TMEM222,1299,502,902
TMEM222_CACCGAGCAGCCATCACCGG,TMEM222,2140,814,777
TMEM223_GGTATCTTGCATGGCCCACC,TMEM223,188,0,40
TMEM223_GCTTCGAGCTGGAGGGCAGC,TMEM223,9,0,6
TMEM223_GCACCACTGAGCGCACAGAC,TMEM223,3965,1458,1838
TMEM223_GCCAGCCCACGTCTTACCGA,TMEM223,653,352,375
TMEM223_CCAGAGGCTGCACCGGAACC,TMEM223,1572,412,394
TMEM223_CCTTGGAGGCGATGGCCCAC,TMEM223,596,229,217
TMEM225_TCCAAACACGTCACGTAACC,TMEM225,1865,922,1562
TMEM225_CACCATTAAGACTACGGCCC,TMEM225,782,287,141
TMEM225_CATTAAGACTACGGCCCAGG,TMEM225,582,201,281
TMEM229A_GCAGCTGCCGTACATAAAGA,TMEM229A,625,218,199
TMEM229A_TGCGGTACGGGCGACAGAGG,TMEM229A,1062,305,283
TMEM229A_GCTTGCGGTACGGGCGACAG,TMEM229A,1214,261,195
TMEM229A_AGGAGAAGCCTAGCATCCGC,TMEM229A,378,36,0
TMEM229A_TCTACTTCTACGGGATGCAC,TMEM229A,337,111,181
TMEM229A_GGGAGCGACGTGGACAGCGA,TMEM229A,172,81,123
TMEM229B_TTCGACAAGGACGCTGAGCC,TMEM229B,1011,228,738
TMEM229B_CCTTGTCGAAGCGGAGGCGG,TMEM229B,292,161,133
TMEM229B_CTTGTCGAAGCGGAGGCGGA,TMEM229B,404,77,65
TMEM229B_TCGAACTGGGAGTAGTCCCA,TMEM229B,0,13,16
TMEM229B_GGAGGTGCCGTAGATGAAGA,TMEM229B,210,160,76
TMEM231_TTCCTGTGACAGTGACGCCC,TMEM231,328,166,136
TMEM231_ACTGTCCATACTTATCAGCC,TMEM231,403,216,198
TMEM231_CCCAGATATCCGTGATCAAC,TMEM231,1692,931,391
TMEM231_CCCTTGCAGCCGGTTGAAGG,TMEM231,1769,384,348
TMEM231_CGCCTTCAACCGGCTGCAAG,TMEM231,3127,759,734
TMEM231_AGGCTCACCGTGGCTCCGGA,TMEM231,251,109,133
TMEM232_GGAGGCTGCCAAATTAAACA,TMEM232,522,307,315
TMEM232_ATTACTTCAGTCCATGCAGC,TMEM232,345,77,14
TMEM233_CCCTAGCCCGGACTTCAAGA,TMEM233,3643,991,1291
TMEM233_GGCTTTGGACAGCAGTCCCG,TMEM233,125,102,5
TMEM233_ACGAGACGATGGTGAGCCAC,TMEM233,314,21,0
TMEM233_CGTTGTAGCTGTTCAGAGAC,TMEM233,1430,1095,1140
TMEM233_GAGACTACGAAGGAGCCAGG,TMEM233,271,136,10
TMEM233_AGCATTCCGCCCAAGCCGCC,TMEM233,141,1,58
TMEM234_GCGCTCTGACTGAGTCCCAG,TMEM234,59,200,259
TMEM234_CTTCACACTGATTGTTGGGA,TMEM234,741,135,356
TMEM234_ATCCTGGGAAGCACTGAACG,TMEM234,560,290,652
TMEM234_CTCACCTTGGCATCGACAGG,TMEM234,2009,276,63
TMEM234_AGCGGGTTCATGAGCCGACC,TMEM234,560,43,92
TMEM234_CCTACCCAGAGACGCCGCCA,TMEM234,741,466,105
TMEM235_CTCCTGGAAGCATAGGAGCC,TMEM235,2046,705,707
TMEM235_ATCCTGGAGGTGGCGGACGC,TMEM235,1647,212,399
TMEM235_TCTGGGCCAGGGAGCTGAGC,TMEM235,614,6,34
TMEM235_AGGTGTCCTGACACTGGCGG,TMEM235,250,232,100
TMEM235_CCCGCCAGTGTCAGGACACC,TMEM235,1566,366,825
TMEM235_GACGGCATCTCTCTGGCGCC,TMEM235,87,82,103
TMEM237_GGGTCTTGTATTGTTGCAGA,TMEM237,162,53,159
TMEM237_CAGTGCACCGGGCTTTCAGG,TMEM237,832,38,129
TMEM237_TACAGGCTGGCTAATGCCAG,TMEM237,231,75,87
TMEM237_TGATGCGGAGCCAGCTGAGG,TMEM237,1226,186,269
TMEM237_TTCGACCAGCAGTCTGAGCA,TMEM237,2032,892,811
TMEM237_AGCTAAGGCTCGCTTACCAC,TMEM237,634,234,118
TMEM238_CAACATCGAGATCTCGCGCC,TMEM238,662,229,253
TMEM238_CGATGTTGCCGGTGTACCAG,TMEM238,2392,410,392
TMEM238_GGCTGGATCCTCTGGTACAC,TMEM238,875,378,216
TMEM238_GCGCGCCCGAGTAGATGAGC,TMEM238,652,280,98
TMEM238_CTGCAGCTGCGCGAACACGC,TMEM238,1283,561,607
TMEM239_TGTTGCTTCCTGCAGCGCCC,TMEM239,628,106,94
TMEM239_TGCATCATGTCTGGTGCACC,TMEM239,88,31,41
TMEM239_CCAGCCATGCCTCGTGACCC,TMEM239,1174,541,399
TMEM239_CTCACCTCCATGACTCACCC,TMEM239,627,153,377
TMEM239_TCCAAATCCTGAGTGTCGCC,TMEM239,355,80,192
TMEM240_GGACGCCGTCCATCCACACC,TMEM240,187,121,181
TMEM240_GACGGACAGTGTGACCAAGC,TMEM240,675,33,189
TMEM240_ACTACGTGATCCCGTACGAC,TMEM240,1552,43,87
TMEM240_CACAGTTGCAGTGGCAGACG,TMEM240,2425,463,755
TMEM240_CATGTCCATCAAGCACGCGA,TMEM240,918,85,123
TMEM240_CCATCAAGCACGCGATGGCC,TMEM240,202,100,173
TMEM241_CCCGTCTCCTACTCAGACAG,TMEM241,1717,406,430
TMEM241_TTACCATCCCGTGGTTGCAC,TMEM241,1432,131,176
TMEM241_CCCACAAACAGCACTGAAGC,TMEM241,2041,909,852
TMEM242_TAGCATTCCCGCTGCAGCAA,TMEM242,1394,380,183
TMEM243_CAGCCTTGGGTCTATACAAA,TMEM243,2449,514,550
TMEM243_GGGTTTAAGTTGCAATGCAC,TMEM243,374,21,97
TMEM243_GACCTACGGCACCAGTGGCC,TMEM243,457,80,104
TMEM243_ACCAGGACCTACGGCACCAG,TMEM243,1011,420,61
TMEM245_TTGACCATCCTCTTCTACAG,TMEM245,2017,287,314
TMEM245_AGCCCTACTCCTGACTGCAA,TMEM245,274,261,223
TMEM245_AGCTTCCTGAAGGAGCGGCA,TMEM245,794,93,198
TMEM245_CCAGATCTGCATGACGACAA,TMEM245,2159,235,533
TMEM245_ACTTGGCCATCTCTATCACA,TMEM245,283,84,127
TMEM245_TGCTGAAGTAGTCCAGCCCG,TMEM245,750,221,101
TMEM246_TCCCAAGTGTACTGCCACAA,TMEM246,1991,775,347
TMEM246_AACCCATTCCAGGATCCGCA,TMEM246,10,253,228
TMEM246_CAGAGAAGCGAGCCCGCAGA,TMEM246,1473,214,307
TMEM246_CCCTCATAGCGATTGGCCAC,TMEM246,696,293,328
TMEM246_CCAACTCTTCCTGTGCAACG,TMEM246,3999,1546,2159
TMEM248_CGCTGATCATGAAGACCACC,TMEM248,1565,277,173
TMEM248_GGTCAGGAAAGCTATGGCCA,TMEM248,341,136,169
TMEM248_AAGTACAATGACCAGCGGGC,TMEM248,159,124,49
TMEM248_ACCCACTGAAACCCTTCGGA,TMEM248,85,103,182
TMEM248_CTGAGCTCCACGCTGTAGGC,TMEM248,1213,200,542
TMEM248_GAAGATCTTGTACCAGAGCG,TMEM248,719,302,201
TMEM249_ACTTGGGCCGTTACATCGCC,TMEM249,137,102,107
TMEM249_CGGAAGGTGCTTCTTCCACC,TMEM249,1219,145,406
TMEM249_GCCGTACACGAGGAAGACCC,TMEM249,988,206,127
TMEM249_TAGTATTCGAGCACGAAGAC,TMEM249,247,114,166
TMEM249_TGTTCTTGAGGCGTCTGGCC,TMEM249,354,85,77
TMEM249_AGCCGATGGAGGTCGTGGGC,TMEM249,459,80,86
TMEM25_GGGTGTACCTGAGCTCAGAA,TMEM25,899,201,140
TMEM25_CACAAATAGATGGTCAGACC,TMEM25,1390,699,307
TMEM25_ACCGTGTGGTTGGTGAGCCA,TMEM25,1516,243,271
TMEM25_TCCAGGGCTTCTGGCTACCC,TMEM25,846,381,297
TMEM25_TATCAGAGATGGGTGCCGGG,TMEM25,559,49,119
TMEM25_TCAACAACGTGCGCCTGCCA,TMEM25,572,69,101
TMEM251_TGACTCTTTAACGCTTGCCG,TMEM251,674,201,236
TMEM252_CAATCTCAGAGGACGCCCAG,TMEM252,804,132,120
TMEM252_TGGAAATGACTCCCACCCAG,TMEM252,2082,393,664
TMEM252_TCAAGGCTCTCTTCATAAGC,TMEM252,1538,524,309
TMEM252_TACCTGTCTACTGTGGCCAC,TMEM252,239,215,126
TMEM252_TGTCTACTGTGGCCACGGGC,TMEM252,560,122,117
TMEM252_TGCCCGTGGCCACAGTAGAC,TMEM252,755,1058,638
TMEM253_TACAACACTGGGCAAGGCAC,TMEM253,1263,151,144
TMEM253_GCCTCACCGCTAGCACCAAG,TMEM253,515,149,376
TMEM253_ATTGACCAGTACCTGGGAGG,TMEM253,715,156,59
TMEM253_CCCTATTCTTGCTGAGCCAG,TMEM253,1128,306,508
TMEM253_GGGCTTCTCTGAGTTGGAAG,TMEM253,1317,260,419
TMEM253_TGGAGAGCATTCTCTCAGGG,TMEM253,555,50,261
TMEM254_GGCGCGACCTACTTTCAGCG,TMEM254,1805,502,546
TMEM254_TCGCTGAAAGTAGGTCGCGC,TMEM254,1133,273,331
TMEM255A_TCATCAGAAAGTCCAGAGGG,TMEM255A,1300,190,138
TMEM255A_ACCCACCAGTGATCTCCACC,TMEM255A,755,111,69
TMEM255A_GGTTATGAGGAACCTTACCC,TMEM255A,238,4,0
TMEM255A_TTGTTGTGCCATAGTTGACG,TMEM255A,905,365,362
TMEM255A_GCCCACTGTGAGAATTAACA,TMEM255A,1434,286,444
TMEM255A_AGGGCCGCTAGACTTACCCA,TMEM255A,214,41,111
TMEM255B_CCACAGAAGGGCTTTCGAGG,TMEM255B,2029,291,413
TMEM255B_CACGATGGCGCAGCAGAAGG,TMEM255B,1612,498,347
TMEM255B_GAACTCATAGTAGGCGGGCG,TMEM255B,573,572,439
TMEM255B_AGGGTCTGTGGTGGGACGGC,TMEM255B,586,170,254
TMEM255B_TAGCACGGTGGAGCCTGGCC,TMEM255B,50,86,197
TMEM255B_AAGTAGGTGGGTGCGTAGCA,TMEM255B,1086,687,370
TMEM256_ACACCACTTCTTACACAGCC,TMEM256,1150,162,255
TMEM256_CTCCGGACAAGGCGCCCAAG,TMEM256,1906,625,617
TMEM257_CTACAGAATGCAGTCTCCCA,TMEM257,601,35,256
TMEM258_AGGATACACGAAGAACCAGG,TMEM258,341,12,220
TMEM259_TTGTGAGCATGTGGATGGCG,TMEM259,1738,639,505
TMEM259_CATGTCCAGCGTGAAGGGCC,TMEM259,140,60,61
TMEM259_CCAGGGTGACCACCATGACG,TMEM259,1462,404,331
TMEM259_CAAGCCGCCGAGTAGCACAG,TMEM259,2265,985,1150
TMEM259_CCAGGCAGTTGATGGGCGAG,TMEM259,1646,259,441
TMEM259_GAACTCGAAGAGACGGCGGA,TMEM259,187,100,40
TMEM26_TCAGTATGAGACGCACGACA,TMEM26,2183,246,458
TMEM26_TATGAGACGCACGACAAGGA,TMEM26,1098,255,331
TMEM26_GCTGCAGTTTCCACTTGACC,TMEM26,428,95,94
TMEM26_TCGAGTGATCCCGCCTCCAA,TMEM26,491,587,560
TMEM26_TGAATTGCACCATGAGACCC,TMEM26,625,38,84
TMEM26_GCGAGTGACCGAGGTGAAGA,TMEM26,883,604,550
TMEM260_AGCCACAGAGAAGATTGACG,TMEM260,3275,582,603
TMEM260_TGGAGGAATCCTTGCTGCGG,TMEM260,953,278,423
TMEM260_TCAACTTCAACAAAGAGCCC,TMEM260,1289,446,402
TMEM260_AACCGAGTGCTGAATAGCAA,TMEM260,953,494,469
TMEM260_TTCCCAGGAAAGTTGACACC,TMEM260,1302,126,242
TMEM260_TTCATGAAGGCGACCCAACC,TMEM260,1874,817,975
TMEM27_TCAGCGTCATCCACTTCAGA,TMEM27,805,98,156
TMEM27_ATTGCACCTCAACAGCAGGA,TMEM27,1004,256,118
TMEM27_TTGCACCTCAACAGCAGGAA,TMEM27,1982,933,746
TMEM27_AAGCTACCATCGCTTTGAAG,TMEM27,995,342,160
TMEM27_CATGCTGAACTCTGTCAACC,TMEM27,2259,339,258
TMEM30A_CTAGCAGTACAACTCCCAGA,TMEM30A,863,92,475
TMEM30A_GAGATTTCACGTAACGACGA,TMEM30A,526,62,92
TMEM30A_GCCCATCCTTACGGCTGGCA,TMEM30A,658,16,0
TMEM30A_GACTCGGAGACCGGATAACA,TMEM30A,1040,64,44
TMEM30A_GGCGATGAACTATAACGCGA,TMEM30A,314,29,31
TMEM30B_CTACATTCGCTACCAGGACC,TMEM30B,890,380,296
TMEM30B_CGACCAGGTAGGCGATGCCC,TMEM30B,1059,365,267
TMEM30B_CGCGTACAGTTTGCGGAACG,TMEM30B,2818,1509,1254
TMEM30B_GACGTGGTAGTCGGTCCACC,TMEM30B,445,4,87
TMEM30B_TACGACTATACAGGCGACCC,TMEM30B,190,78,23
TMEM30B_AGGCCCGCGCAGAAGAAGAG,TMEM30B,1017,216,169
TMEM33_AGCTGTCCTCTAACAAAGCC,TMEM33,184,136,68
TMEM33_CTCACAAACAGTGGGCAAGC,TMEM33,2020,1162,1918
TMEM35_AAGGGTCATGACGATGCCAC,TMEM35,308,118,152
TMEM35_TCAGCAGGCGGCAAGTGAGC,TMEM35,1893,210,450
TMEM35_CGGGCTTGCGAGCAATCAGC,TMEM35,44,165,202
TMEM35_TTGCTCGCAAGCCCGAAGAC,TMEM35,2138,319,489
TMEM35_GCAACCCTCCTTATATGAGA,TMEM35,582,223,134
TMEM37_CAGGCACTTCCCTCTTGGCC,TMEM37,878,131,579
TMEM37_AGCATCTCACCTGGCCAAGA,TMEM37,434,139,243
TMEM37_TAGCATCTCACCTGGCCAAG,TMEM37,1876,661,472
TMEM37_CGAAGAGGCGGTCCTCAGCC,TMEM37,482,46,101
TMEM37_AGGAGAGGACGAAAGACACC,TMEM37,389,258,304
TMEM37_AATTTCCACGGTCATTCCCA,TMEM37,93,3,42
TMEM38A_AAGTAACTGAGGTCGAAGAC,TMEM38A,410,93,105
TMEM38A_ACTTGTAGAAGAGGTCCAGG,TMEM38A,18,48,9
TMEM38A_AGCAGACACACTTGTAGAAG,TMEM38A,1007,256,288
TMEM38A_TCACCCTCCAGCAGACCCGC,TMEM38A,907,212,328
TMEM38A_GCAGGCCGAACCAAACAGCA,TMEM38A,863,343,340
TMEM38A_GACCATCACCACGACAACCA,TMEM38A,1457,586,731
TMEM38B_GCCAGAGCCAACTCGTCCCA,TMEM38B,29,30,117
TMEM38B_AAACATGGACGTGCGGGAGA,TMEM38B,1108,235,201
TMEM38B_GATGGCGGTGAAACGTCAGC,TMEM38B,0,9,19
TMEM38B_AGGCTCTGCAAGCAGTAGAC,TMEM38B,1146,236,237
TMEM38B_CCCGAAGCCAGTAGTTGAAC,TMEM38B,1908,724,551
TMEM39A_AAGTGGCAGAAGTTGGAACA,TMEM39A,3162,1050,1151
TMEM39A_CAACTATGTGGTTCAGCACG,TMEM39A,1287,652,816
TMEM39A_AACTTTCAGGCTACTAAGGC,TMEM39A,409,226,352
TMEM39A_TCACAGTGATGCTTGCGAGG,TMEM39A,1505,351,757
TMEM39A_ACCAGTGATGTACAAGAAGC,TMEM39A,1036,177,94
TMEM39A_TGGTTCCTGGACATGCCCGG,TMEM39A,654,75,156
TMEM39B_TCGAAATCCGCTCTGTGAGC,TMEM39B,132,130,116
TMEM39B_AACAGAATGCTGGCCTGGAC,TMEM39B,354,126,261
TMEM39B_CGATGGACCCAATGAAGCGG,TMEM39B,369,275,274
TMEM39B_AGGAGTAGGTCCTGAAGAGG,TMEM39B,742,103,50
TMEM39B_ACGTCTCCCGCAGTGTCAGG,TMEM39B,392,60,199
TMEM39B_CACATTACTATGACAAGCGC,TMEM39B,878,335,501
TMEM40_GCCTAAACTTCTGGAAGAGG,TMEM40,216,124,124
TMEM40_TAGTCCGAAGTAGATGCCAA,TMEM40,697,46,181
TMEM40_AACGGTTTCCAGGGAGGCGA,TMEM40,576,112,266
TMEM40_CAAAGCACAGGAGGACGAAA,TMEM40,1444,416,662
TMEM40_TTTCCAGGACTCCGAAGGAG,TMEM40,174,223,222
TMEM40_CTCTGCTATACCTGAGGAGG,TMEM40,857,286,65
TMEM41A_TCCAGGAATTAATGCCACCA,TMEM41A,332,260,329
TMEM41A_TGAGAAGAAGAACTGCACGA,TMEM41A,959,311,315
TMEM41A_CCTTACCTTTCTCTGCAGCA,TMEM41A,433,280,438
TMEM41A_GGCGCCTACCTCTACAAACA,TMEM41A,1155,329,308
TMEM41A_CGCAGCTCTGCCAGGTCGGA,TMEM41A,444,312,318
TMEM41A_AGCCGGCGAAGACCAGAAGG,TMEM41A,1727,220,192
TMEM41B_CAGAGATATGGATGATGCCA,TMEM41B,559,76,105
TMEM41B_TGCTGATCCAGCTTCTACCC,TMEM41B,678,190,263
TMEM41B_GGCGACTCTGCCTTTCGCCA,TMEM41B,78,68,59
TMEM41B_CTTGCAGCAGCCATGGCGAA,TMEM41B,1070,261,185
TMEM42_AGGGTACGCGGTCGCGGACA,TMEM42,274,225,207
TMEM42_AGGTGCGGAGGGAATTCCGC,TMEM42,677,12,27
TMEM42_ATTCCCTCCGCACCTCCAGG,TMEM42,408,15,21
TMEM42_ATGTGGACCTTCTTTAGCCG,TMEM42,929,354,362
TMEM42_GCTGTATGGAGAGTGCCAGG,TMEM42,224,12,132
TMEM42_TACTGCTGCTTGTGTGGAAG,TMEM42,840,1310,1173
TMEM43_GATACTCACATTCGCGGCCA,TMEM43,173,95,178
TMEM43_CTCAGCCGTTCCAGGAAGCC,TMEM43,1401,602,643
TMEM43_CCGTCTTCAATGCGCGGCCC,TMEM43,254,208,307
TMEM43_TTCCGGCTGTGAAACTGCGG,TMEM43,886,115,280
TMEM43_TGCAGGGAGTACACCGAGGA,TMEM43,1514,921,1137
TMEM43_CCTGAGACTTACCTGACGAG,TMEM43,1139,478,153
TMEM44_CCGAGGGAGGTCAGGAACCA,TMEM44,1222,822,219
TMEM44_AGCGGCTCGCCAATGTCCGC,TMEM44,533,83,136
TMEM44_TCTCCAGAATTGTGAGGCCG,TMEM44,439,141,45
TMEM44_AGGCTTCAGCCACCATCCGG,TMEM44,713,59,67
TMEM44_CCCGACGGTGTCACACAGAC,TMEM44,2607,841,854
TMEM44_TAGTCCCAGTCCCAGAGCGC,TMEM44,815,74,175
TMEM45B_TGAAGTACTTTAGCCACACG,TMEM45B,688,269,357
TMEM45B_GCAGAGCAGTTTGTTCCGGA,TMEM45B,1238,129,239
TMEM45B_TCTCATGGTAGAGGTGCAGG,TMEM45B,451,193,153
TMEM45B_TCTACTACCACGTCCACAAC,TMEM45B,1089,357,540
TMEM45B_CTCCGAACAGAGCATACAGC,TMEM45B,1296,182,326
TMEM45B_CGGATGAAGAGACACGGAAG,TMEM45B,3849,946,633
TMEM47_ACTTGATTGGGTAAAGGACC,TMEM47,487,116,187
TMEM47_GAATGATGGCAGCGCCGCCC,TMEM47,290,98,272
TMEM47_CCAGGTCCAGACACAGCGCC,TMEM47,976,120,346
TMEM47_CCTGGCGCTGTGTCTGGACC,TMEM47,2013,613,565
TMEM5_CGAGTGGGATGCGGCTGACG,TMEM5,3351,861,1379
TMEM5_GGATGCGGCTGACGCGGAAG,TMEM5,175,3,11
TMEM5_GACCAACTTGCCTCCACCAC,TMEM5,288,29,141
TMEM5_ATTCTGTGTTTACTCCGACC,TMEM5,536,102,18
TMEM5_CACGTCTTCCACCACAGGAA,TMEM5,923,408,98
TMEM5_AAAGATAAAGGGAGCACCCA,TMEM5,595,108,91
TMEM50A_TACTAGTACACCAGCAGCAA,TMEM50A,742,294,365
TMEM50A_TTGCTATAACACCACAGGCA,TMEM50A,2324,346,560
TMEM51_GATCATGGCCATGTGGAACC,TMEM51,754,292,149
TMEM51_CTTCTCGGCCGCGCTGAAGC,TMEM51,335,311,353
TMEM51_CGCCTGTCGGGTGCTGGACA,TMEM51,3248,1185,1268
TMEM51_CGTCCTATGAGTCACTGACG,TMEM51,4423,573,663
TMEM51_AAGGCTCTATCGAGGGAGGA,TMEM51,389,156,160
TMEM51_AAAGGCTCTATCGAGGGAGG,TMEM51,872,104,219
TMEM52_TGGAGTGGTCTCTAGGCCCG,TMEM52,1144,171,195
TMEM52_TGCCTACAGCCTGTACACCC,TMEM52,1481,256,152
TMEM52_CAGCTCCGTGCAGTACCCAC,TMEM52,428,60,58
TMEM52_GGAGAGCAAGGCTCTACCAC,TMEM52,44,26,3
TMEM52_CTGGACTGACCCTCGGCCAC,TMEM52,554,15,53
TMEM52_TGGACTGACCCTCGGCCACC,TMEM52,1304,52,118
TMEM52B_ATAGTTGCCTGACCACAGAC,TMEM52B,465,174,319
TMEM52B_ACAGGGACGTCAGGCCACAC,TMEM52B,838,354,505
TMEM52B_GCAATGACGGTCACTTCACA,TMEM52B,240,398,141
TMEM52B_TGTCCAAAGAGGAGGGCAGC,TMEM52B,296,160,264
TMEM52B_AGGTGCTTTCTGCCCGCACA,TMEM52B,826,223,172
TMEM53_CTGCAAGCTAGGAGTGACGA,TMEM53,2645,1524,2189
TMEM53_AACTCACACTCCGGCCAGAC,TMEM53,818,576,632
TMEM53_TGCGCATGAAGTCGACACAG,TMEM53,1525,889,589
TMEM53_CCACAGAACGCGCCAGGACC,TMEM53,843,209,429
TMEM53_CTGTGGTGATTCTCTTGGGC,TMEM53,1503,123,339
TMEM53_GGTGTAGTCCAGCTCTGCCG,TMEM53,469,79,33
TMEM54_GCAGGACATCATCTCTCAGA,TMEM54,425,33,73
TMEM54_GACAGTGTTTAGCTCGAGCG,TMEM54,152,184,250
TMEM54_AGCTAAACACTGTCCAGCGC,TMEM54,826,384,521
TMEM54_GAGGTAGCGTGACAACACGA,TMEM54,1042,88,213
TMEM54_CGATGGCGGAAGTGACAGAG,TMEM54,1433,210,588
TMEM54_CGTAGCGCAGCACTGTGCCA,TMEM54,417,112,103
TMEM55A_TAGGATGCCCAAGACCCAAC,TMEM55A,139,133,189
TMEM55A_ATTGCCAGTCCAGACGCCAG,TMEM55A,573,316,296
TMEM55A_TGGGAGTGACATTTCCGGAG,TMEM55A,1250,199,148
TMEM55B_TACAGGCCCAATAAAGAGCC,TMEM55B,213,106,73
TMEM55B_GGGCAAGGGTACTCACGGCA,TMEM55B,808,197,117
TMEM55B_ACAGATAACCCTGACACCCA,TMEM55B,1676,74,260
TMEM55B_CCCTTAACTAGCCCGGACAG,TMEM55B,2404,528,832
TMEM55B_CTCCGTACGGTGGTGCGGAG,TMEM55B,923,697,896
TMEM55B_TGAGCCCATCGACGGTGGCG,TMEM55B,1420,373,576
TMEM56_CCGCTGATTCACAAACGGGC,TMEM56,1745,130,247
TMEM56_CATACCGCTGATTCACAAAC,TMEM56,2571,1392,1369
TMEM57_AAGCGGAACCGGATCACCGA,TMEM57,1112,135,115
TMEM57_TTCCTTCAGATACCAGGGAC,TMEM57,640,182,188
TMEM57_CAAGAGCCCAAGTACACACA,TMEM57,891,432,742
TMEM57_TCCCTCGCTCGGTGCTCGAA,TMEM57,1084,492,775
TMEM57_AGAGGGCAAGAAGCTCACGA,TMEM57,976,119,246
TMEM57_CATCGCCCAGTGCGGAGAAC,TMEM57,416,604,547
TMEM59_AAAGCAATACCATCACCGAG,TMEM59,1026,212,290
TMEM59_CATGAAGCTCAGTTGTCACC,TMEM59,941,227,297
TMEM59_GCTGATTCTGGCAACCAAGA,TMEM59,576,202,191
TMEM59_TTCTTGAACTCCCTAGGAAG,TMEM59,711,244,481
TMEM59_AGGTCAACTGACAGGCCCGG,TMEM59,412,48,47
TMEM59_TGATACGGCGTCTTGCCACC,TMEM59,661,115,148
TMEM59L_CATCAGCGCCACCGCAGCCA,TMEM59L,949,253,299
TMEM59L_TCTGGCCACAAATCGGCAGA,TMEM59L,976,62,222
TMEM59L_CTTCACATAGGCTTCCACGC,TMEM59L,1356,467,465
TMEM59L_CTGCAAGTAGTATGTCCAGG,TMEM59L,452,200,204
TMEM59L_TGCAGCGCGTGGAGGTGACC,TMEM59L,2427,467,306
TMEM59L_TCCTCAGTTGCATGTCCCGG,TMEM59L,687,207,280
TMEM60_TCTGGCTTTGACCCTCGACA,TMEM60,1159,464,451
TMEM60_TCACAATCAGCAGGACAAGA,TMEM60,1717,687,567
TMEM60_ATGAGAAAGCACCTTGGAAC,TMEM60,904,444,516
TMEM61_GACTGTCATGCAATAGCGGA,TMEM61,497,294,96
TMEM61_CGAAGCTGACGGACCTGAGC,TMEM61,631,115,158
TMEM61_GGTAGTACAGGTCTCTGGAG,TMEM61,0,30,0
TMEM61_TCCTCCGTAGGGTATGCAGG,TMEM61,369,202,156
TMEM61_ATACCCTACGGAGGAAGCCC,TMEM61,264,9,17
TMEM61_GGCCTGGTTCAGACTGCACG,TMEM61,229,83,243
TMEM62_ATGTTGCTGTCTCCGGGCCC,TMEM62,446,7,194
TMEM62_TATCCGACATTCACCTGAGC,TMEM62,417,136,327
TMEM62_CTTAGGCCCTGGATTTACAG,TMEM62,1536,413,442
TMEM62_GGAGCTCTTATTACTGGCCA,TMEM62,277,245,233
TMEM62_GGATTGGTGATAAGAACCAC,TMEM62,351,116,109
TMEM62_TGATGGAGTTCATTTAGGCC,TMEM62,892,207,650
TMEM63A_CAAAGATGGTGTGCAGCCAA,TMEM63A,1318,114,188
TMEM63A_TGACAGGCAGGATGACACAC,TMEM63A,2256,168,442
TMEM63A_CGGAAGATGGCAGTCAGCCA,TMEM63A,2352,229,1176
TMEM63A_AAAGTCTTGTTGACCTGAGG,TMEM63A,458,195,25
TMEM63A_GGACTATGGCCGCATTGCCC,TMEM63A,568,145,24
TMEM63A_GACGTCTATGAGCAGGACAG,TMEM63A,1130,178,233
TMEM63B_GAAGTCGAGAGCCAGCACGG,TMEM63B,432,216,507
TMEM63B_CTTATTCTCTATCCTCCGGA,TMEM63B,151,278,68
TMEM63B_CTCCGTTGACTTTGACCAAA,TMEM63B,2206,893,818
TMEM63B_CCTGAAGATGGCTGTCAGCC,TMEM63B,1553,17,590
TMEM63B_CTCCAAGATGCGCTACAAGG,TMEM63B,2438,552,1239
TMEM63B_GAGCCACGTTGTAACACGGG,TMEM63B,429,12,82
TMEM63C_ACCAGACGACCTGAGTACAG,TMEM63C,304,326,79
TMEM63C_AGTCCCACGCAGCTTTCCGG,TMEM63C,1097,165,187
TMEM63C_ATCTCCAAGGAAGTCTCCGA,TMEM63C,653,1737,771
TMEM63C_ACAGCAGGCTATGCAGCCAC,TMEM63C,764,203,385
TMEM63C_AATGATCACCTATGTGCCCA,TMEM63C,198,168,33
TMEM63C_CCATGTTTGTGGCTGCAGCG,TMEM63C,1901,705,802
TMEM64_GGCAATCAACCAAATACCAG,TMEM64,673,135,23
TMEM64_TGACATCTTCCATTGTCCGC,TMEM64,432,251,314
TMEM64_GACATCTTCCATTGTCCGCA,TMEM64,92,69,77
TMEM64_CAAGGCTCTCCACCCACAGC,TMEM64,540,74,176
TMEM64_GGTGAAGGTAGCGGCGGACC,TMEM64,412,126,79
TMEM64_TCCACTATGACACTTACACG,TMEM64,2561,613,347
TMEM65_CAATGGCAATAGACTCGAAG,TMEM65,644,433,664
TMEM65_ACAGCCTGCACTCCACGGAG,TMEM65,1317,371,200
TMEM65_GCCCATGGAGGCGCTGAACA,TMEM65,1923,608,872
TMEM66_CACGTGCCAGGGTAGGAGGG,TMEM66,1321,375,144
TMEM66_CATGTTACAGGAATCCGCCG,TMEM66,1356,288,791
TMEM66_AAATGTGTTGGAGGCACAGC,TMEM66,393,49,165
TMEM66_ACCGCTATACCACCTCCCGC,TMEM66,1834,214,34
TMEM66_ACCAGGGTCGTTCCAGCCCA,TMEM66,397,118,28
TMEM66_CATTTGTTTCTGCTGACCGC,TMEM66,35,201,74
TMEM67_GAAGGAACGCGGTCACGGCC,TMEM67,0,0,17
TMEM67_CACTTCTCCGGCTGCTGGAA,TMEM67,1001,353,269
TMEM67_CCTAGTGACTTAACTGCCGA,TMEM67,969,102,161
TMEM67_AAGACAGCAACTCTGGAAAG,TMEM67,798,406,519
TMEM67_AGGCAATGGTGATTAAGGGA,TMEM67,505,351,142
TMEM67_TTGGGAGCGACCTAAAGGAA,TMEM67,553,291,358
TMEM68_TATCTGTGGGTCATACGGAA,TMEM68,733,291,369
TMEM68_CTGGTGAGATAGCTAACAAG,TMEM68,1578,374,416
TMEM70_TTCTGGCGTTGGGCAGCCCG,TMEM70,1643,292,553
TMEM70_GAGGCAGTTCGACCGCCCAC,TMEM70,91,70,284
TMEM70_TCGAACTGCCTCTCTGCGGA,TMEM70,227,102,332
TMEM71_AGGCAACACTTACCGAGCAC,TMEM71,1275,472,328
TMEM71_AGAAACCAGGTTGTTGCAAG,TMEM71,1063,403,743
TMEM71_AACGTTCAGAAGCTGTCAAC,TMEM71,244,190,440
TMEM71_CTTCTCCAAGTGAAGACAAC,TMEM71,1142,342,365
TMEM71_TACATAACGCTGGTCTGGGA,TMEM71,732,195,186
TMEM71_GAGTCTGGGACTTCGGCGAC,TMEM71,138,209,248
TMEM72_CAGCTCCAGGTGTTCTGGAC,TMEM72,1141,416,698
TMEM72_CCAGGTGTTCTGGACTGGGC,TMEM72,989,178,220
TMEM72_CGCTGTCTCCATATGTGAAG,TMEM72,987,1181,1344
TMEM72_CCCTTCACATATGGAGACAG,TMEM72,2163,680,614
TMEM72_CCCTGTGCTCTTACCTGGGA,TMEM72,773,391,653
TMEM72_GATGGGTGTCGTGTCAGAGG,TMEM72,301,82,113
TMEM74_TATAGACTTCCCTGAAGACG,TMEM74,598,165,125
TMEM74_CCAGGGACTGGAGTTCAAGA,TMEM74,1257,751,776
TMEM74_GCCAGGGACTGGAGTTCAAG,TMEM74,858,176,218
TMEM74_CCTTGCTAAGAAGAGCAACC,TMEM74,1080,247,435
TMEM74B_TGTGGCTAGTCTCTGAGACC,TMEM74B,445,327,326
TMEM74B_CATTGAGCTGTCTCATGCGC,TMEM74B,27,629,84
TMEM74B_GCAAGGGCGAGCTGTACCGC,TMEM74B,956,447,321
TMEM74B_AGCGCGGGAGATGGAACGAC,TMEM74B,635,396,450
TMEM74B_GAGTGATGCCACCAGCACAG,TMEM74B,640,724,441
TMEM79_CTGTAGGTCAATAGGCACGA,TMEM79,3015,806,1020
TMEM79_TCCTGCCGTTTGATGTCCCA,TMEM79,451,0,11
TMEM79_TGGATCTCCACCTCCCGCCG,TMEM79,1249,249,160
TMEM79_GGTAAGTGGAAAGCACGGCC,TMEM79,144,11,9
TMEM79_GAAGGAGCGGCCCACGGCAA,TMEM79,695,65,158
TMEM79_CGTGGTCCGGGTAGTCCAGG,TMEM79,833,494,223
TMEM80_AGAGGCTGCCGGGATCGCGA,TMEM80,470,311,191
TMEM80_TGATCATCAGGAGCGTGGCG,TMEM80,1193,670,429
TMEM80_ATACGTGATCATCAGGAGCG,TMEM80,207,115,81
TMEM80_TGTTAACAGTCCACTCACCC,TMEM80,1666,364,399
TMEM80_GCTCTGTTCTCCAGGCACCA,TMEM80,1188,42,202
TMEM80_CTACCTGGTGAAGGCCGCGA,TMEM80,757,60,286
TMEM81_CACGCCACCAACCACTCCAA,TMEM81,1379,660,636
TMEM81_AGACATCTTGGAGTTTGGAC,TMEM81,673,73,396
TMEM81_CTGTGGCCTTGGCTATAAGG,TMEM81,550,348,345
TMEM81_TTAGGTGTAGTCACCACCAA,TMEM81,841,347,407
TMEM82_CTCCCTGGAAACGGTGCACC,TMEM82,108,84,87
TMEM82_CGGAGGCCTCACCTTGCCCA,TMEM82,636,56,43
TMEM82_CCACGGCAAAGGCTATGGCC,TMEM82,671,14,56
TMEM82_GACCAGCAGCGTGTAGCAGA,TMEM82,792,81,184
TMEM82_CAGTCAGCAGCAGCACGAAG,TMEM82,1640,475,370
TMEM82_GGCTGGCTTGGTGTTGACAC,TMEM82,652,160,79
TMEM86A_ATGAGGGTGCTGACCCACGA,TMEM86A,275,87,422
TMEM86A_CACAAAGATGCGGGTGGCGC,TMEM86A,1245,427,243
TMEM86A_AGCCAGTGGCTGCATGCCAA,TMEM86A,1374,355,540
TMEM86A_AGCTATGGCAGGGCTGCGGC,TMEM86A,1468,152,141
TMEM86A_AGCGCCCGAGAGTAGGGCAC,TMEM86A,626,56,64
TMEM86A_CCTTGTCAGCTGTCGAAAGC,TMEM86A,2166,519,775
TMEM86B_AGTCAGTCAGTCTTGGGCAC,TMEM86B,1098,326,343
TMEM86B_GCCGGATATGGTCCTGCCGG,TMEM86B,158,111,29
TMEM86B_CTTGACCAGGGCAGCGAACC,TMEM86B,2188,569,803
TMEM86B_GGGCAGCGAACCAGGACAGC,TMEM86B,879,173,390
TMEM86B_CAGCTCAGAAGGCTCTCACC,TMEM86B,116,40,0
TMEM86B_GCATGGACGCTGGCAAAGCG,TMEM86B,492,482,383
TMEM87A_TTCACCATTGTCTGAGGAAG,TMEM87A,1730,443,575
TMEM87A_AACCTCTGGTTGTTTGCAGA,TMEM87A,865,369,454
TMEM87A_ACGCTCACTGGCTCGAACCC,TMEM87A,470,46,96
TMEM87A_CCAGCCACAGAACACCAAAC,TMEM87A,2805,1690,845
TMEM87A_GCATCTTGCCAAGTTTGCAA,TMEM87A,275,312,284
TMEM87A_CAACCGTAGCTGCTGCCGAC,TMEM87A,267,32,190
TMEM87B_CGGAGAATACAGATGCAAGC,TMEM87B,1746,749,540
TMEM87B_ATGGCATACTCTGGCTGACG,TMEM87B,1654,357,120
TMEM87B_ACTTCACAATGCCATAGCCC,TMEM87B,23,189,258
TMEM87B_CATGCACCGGGTGATCGGAC,TMEM87B,1317,125,245
TMEM87B_TTTAGGATTGGATGGAACGC,TMEM87B,819,311,330
TMEM87B_ATAATGTCTCTCGTAGCCGA,TMEM87B,304,10,5
TMEM88_CGCAGGCCCAACAGTCCAGG,TMEM88,1563,193,285
TMEM88_GGCGCACGCTCACCTGAGAG,TMEM88,742,515,478
TMEM88_GGCAAATCCGGGCCTCACCA,TMEM88,340,11,65
TMEM88_TGCTAGGACTCCGCTCAGGC,TMEM88,2607,226,344
TMEM88B_ACACAGCGCCCATGCTGCCC,TMEM88B,459,42,7
TMEM88B_CACCAGCAGGAAGGCTGCGG,TMEM88B,409,111,72
TMEM88B_GGCACAGGCTCACCCTCGAG,TMEM88B,818,222,38
TMEM88B_TGAGAACAGCGCGCGGCACC,TMEM88B,908,134,256
TMEM88B_CTGAGAACAGCGCGCGGCAC,TMEM88B,846,402,567
TMEM88B_CGCGGTCTGAGAACAGCGCG,TMEM88B,46,55,64
TMEM89_CCTTTATTTGGATTTGCCGC,TMEM89,468,214,348
TMEM89_TACGTCATCTAGCCACCCAG,TMEM89,1264,158,157
TMEM89_GGTGGCCTTCGATGTGGACC,TMEM89,1,49,17
TMEM89_CGGCGCTCACAGGCCACCAA,TMEM89,1043,316,677
TMEM89_TGGAGGCAGACGTCACCAGC,TMEM89,571,145,243
TMEM89_CGAGGCCAGCACATGCAGCA,TMEM89,2556,1781,1515
TMEM8A_TCACAAACTACCCAGTCACG,TMEM8A,2795,1054,625
TMEM8A_CTGCGTGTCCAATGGGAGCC,TMEM8A,783,597,441
TMEM8A_CTGGAAGACGTAGGCACAGG,TMEM8A,555,78,177
TMEM8A_CGGGTGGGAAACGTTGACGG,TMEM8A,1051,899,523
TMEM8A_CAGATGCTGTGCTTCTACGC,TMEM8A,1118,67,146
TMEM8A_GCTCTTCCCGCTGTAGCCGG,TMEM8A,379,0,11
TMEM8B_CCCGACTCTGCGCAACGAGC,TMEM8B,368,234,135
TMEM8B_GCAGCAGTGACCTGTTCCAA,TMEM8B,1248,113,159
TMEM8B_GATTCGCAGCCTGGCAACCC,TMEM8B,987,144,126
TMEM8B_TCCCAAACCCTCGGAGAACG,TMEM8B,2391,466,763
TMEM8B_CACGGGCTGTAAACGAGCCA,TMEM8B,571,231,308
TMEM8B_TCGGTCAAGCTGCAGAGCCA,TMEM8B,895,168,157
TMEM8C_GGAGCAGTCCAGCTTGGCCG,TMEM8C,544,13,283
TMEM8C_TCCTCATCATCGCGGCAAAG,TMEM8C,2852,1730,1386
TMEM8C_TGCGGATCTACCATGACCGA,TMEM8C,1900,363,515
TMEM8C_CAGCTCCACCATGCCTGCAA,TMEM8C,407,245,297
TMEM8C_GACTCACCGCCACGAAGAAC,TMEM8C,893,447,432
TMEM8C_CTTGGCCGCGATGCTGACAG,TMEM8C,1621,176,564
TMEM9_CATCCGGCTTTCGGATCAGA,TMEM9,105,120,186
TMEM9_GGACCCTCTGATCCGAAAGC,TMEM9,556,199,240
TMEM9_TTGTAGCAACTGCCTGCACG,TMEM9,1056,166,193
TMEM9_AGAATGTATCCCAGAAGGAC,TMEM9,788,185,355
TMEM9_TGAAGCCAACAAGGTGAGGG,TMEM9,779,168,233
TMEM9_CTCACCTTGTTGGCTTCAGC,TMEM9,993,133,138
TMEM91_ATGCGCTGTGGCTTTGCGGG,TMEM91,992,267,253
TMEM91_GAAAGAGGACCAGGCGGAGA,TMEM91,344,108,208
TMEM91_TGGAGAAGACAGCCAAGCCG,TMEM91,3082,481,606
TMEM91_CAGAAGGCAGCGATGCCAAC,TMEM91,440,500,640
TMEM91_CAACTAGGGCGGGTCTCGGG,TMEM91,183,0,7
TMEM95_CCACGACTTGTCAGGCCGCC,TMEM95,35,141,523
TMEM95_CTCCCTGAGTACACCAGGGA,TMEM95,397,248,156
TMEM95_TTTCCTACTCACGGCAGGCG,TMEM95,1698,544,487
TMEM95_GGTGGAGCAGTTGTACAGCG,TMEM95,634,80,93
TMEM95_GGAAAGCTCCGAAGATGGAG,TMEM95,683,42,86
TMEM95_AACTTCCACATCCCTTGGAG,TMEM95,1043,266,144
TMEM97_CAACCAGGCGCTGCGTGGAG,TMEM97,674,100,300
TMEM97_TCGACTGGGTAGAGCTCGCG,TMEM97,655,176,390
TMEM98_AGAGAGGGTTACCTTCAAGA,TMEM98,1425,333,111
TMEM98_CCTCAGCAGCCGACAGAGAC,TMEM98,1412,224,628
TMEM99_CGTTGCAGCATTCTTACCAG,TMEM99,1961,316,540
TMEM99_TTCTGCTGACAATTGCCAAC,TMEM99,1082,413,408
TMEM99_ACTCTCTAGTCTGGTTCAGC,TMEM99,228,73,25
TMEM9B_TAGAATATGCACAGCAGCGC,TMEM9B,289,232,367
TMEM9B_CATCGAATGATGACAGGGAC,TMEM9B,1348,321,524
TMEM9B_CATGAGCAGCTAGGGCAGGC,TMEM9B,1160,301,270
TMEM9B_TGGAGCCCATGCCTGTGCGG,TMEM9B,497,256,351
TMEM9B_GCAGCTGTCAGACGCCGCCA,TMEM9B,768,400,150
TMEM9B_CGGAAAGCGCCAGGCACGAC,TMEM9B,1804,602,484
TMF1_ACAAGCGGCTGCCAGAAAGG,TMF1,1137,329,451
TMF1_CCGAAGTATTCAGGCTGCCC,TMF1,803,389,204
TMF1_GGAGTTGCAGCATTTGAAAC,TMF1,1889,797,661
TMF1_ATCCGAGGGTTAATGGAAGA,TMF1,843,271,166
TMF1_TCGACCACAGTCCTCCGAAC,TMF1,3534,565,736
TMF1_ACCCGGCTCTCCATACGGAA,TMF1,1142,218,273
TMIE_GCGGTGGCACGAAGATGGCG,TMIE,189,18,41
TMIE_CAAGCCGCCTCCGCTGACCA,TMIE,870,481,412
TMIE_TCCGCTGACCAAGGAGACAG,TMIE,1367,272,364
TMIE_ACTGTCTCCTTGGTCAGCGG,TMIE,961,86,108
TMIE_TCTTCAACTGTCGTGTGCCA,TMIE,1355,130,42
TMIE_TCGTGTGCCACGGACCCGGA,TMIE,513,172,95
TMIGD1_AAGTCGTTTCCACTTAGGAG,TMIGD1,501,250,166
TMIGD1_AACATTCAGCACCACCGAAA,TMIGD1,1623,563,368
TMIGD1_CAGCACCACCGAAACGGACA,TMIGD1,2394,642,924
TMIGD2_AGAGACCCTGACCATAGAGA,TMIGD2,915,126,184
TMIGD2_AGACCCTGACCATAGAGACG,TMIGD2,1662,244,139
TMIGD2_GCAACGTCCTATACCGGCCC,TMIGD2,304,5,63
TMIGD2_CCGCCGCAGCTGCCAGCAAA,TMIGD2,2279,1519,1079
TMIGD2_CACCAACGGCAGCCTCAGCC,TMIGD2,144,626,911
TMIGD2_CTGGTCCACCTGGCAGACCA,TMIGD2,319,185,381
TMLHE_AAGCTCTGGCAATCTACCGA,TMLHE,1029,477,256
TMLHE_TGTGGTCTCATCCAGACGAA,TMLHE,599,229,535
TMLHE_TAAGACTCACCAGCGCAGCC,TMLHE,535,234,121
TMOD1_ACTAGAGAAATACCGTGACC,TMOD1,268,49,1
TMOD1_TCAGACCACCAAGGCGCCCA,TMOD1,1002,354,416
TMOD1_GGAAAGTGTGACGCTGGAAC,TMOD1,1757,273,463
TMOD1_CAGCTCCATCATGAACAAGG,TMOD1,1083,307,388
TMOD1_TTTGGTTCTTCGTCGGGCAC,TMOD1,591,194,126
TMOD1_AGGTACATACATACGCCACG,TMOD1,413,215,128
TMOD2_GGAGGTGCTCGCGGTCAAAG,TMOD2,608,242,140
TMOD2_AGGAGGTGCTCGCGGTCAAA,TMOD2,380,332,438
TMOD2_AGTGACCCTTGACCCAGAAC,TMOD2,1200,426,368
TMOD2_GAGTTCGGTGTCAGAGGCAC,TMOD2,324,182,288
TMOD2_CATTGCTGCGAGTTGCGGCC,TMOD2,12,143,31
TMOD2_GCAAGGGCCACGAACAAGGG,TMOD2,709,285,217
TMOD3_CCGGAACCCTGCAGGCAGAA,TMOD3,544,1884,1705
TMOD3_GAAGACTATGTGCCCTACAC,TMOD3,1408,130,184
TMOD3_CGCTTACTTACAGTAGCAAC,TMOD3,1266,153,364
TMOD4_GCTTCAGTCTGGTAGCCACG,TMOD4,1086,421,99
TMOD4_TTGTCAGGCTGTACCACACC,TMOD4,954,612,579
TMOD4_GCAGATTTCTCCACTGCAGA,TMOD4,905,124,193
TMOD4_AACCCTATATTCAGCCCAAG,TMOD4,1286,276,284
TMOD4_TCACGTTGTCTTAGTCCAGC,TMOD4,540,238,155
TMOD4_GGACTGCGAACTACAGGAGA,TMOD4,724,90,86
TMPO_ACAATGTGACGCTGCCGGCC,TMPO,55,53,53
TMPO_CCTTGCTGTTGGTGCCGGCG,TMPO,374,27,13
TMPO_AACTTACCCACAATAGGACC,TMPO,360,213,271
TMPO_GGCAAGTTTGTGGCAACAAG,TMPO,904,205,298
TMPO_GAAGATGGCTGCCCATACCA,TMPO,564,92,108
TMPO_GCTTCCACTCCCTTTAAAGG,TMPO,1462,261,313
TMPPE_TGACATACACGAATGTAGCC,TMPPE,576,438,535
TMPPE_GATAGGCTGCTACGTTCAAG,TMPPE,210,271,279
TMPPE_ACGTGAAGATTTCCGCCACA,TMPPE,463,463,302
TMPPE_GCATGATGATGTAAGCACCC,TMPPE,669,153,196
TMPPE_CGAAGACAGTGACAGCAGCC,TMPPE,2659,573,710
TMPRSS11A_GGGAGATAACTGTGGTCAAA,TMPRSS11A,184,343,327
TMPRSS11A_TCATTGCACCCAAGGCGGCC,TMPRSS11A,802,109,213
TMPRSS11A_ATCTGGAGTCATTGCACCCA,TMPRSS11A,388,87,275
TMPRSS11A_AGCAATGAGCTCATCAACAG,TMPRSS11A,1787,925,791
TMPRSS11A_CTGCCCTTTGTTCAGTAGAG,TMPRSS11A,1296,801,766
TMPRSS11A_CAGGGACAACACAATGAGAA,TMPRSS11A,843,373,510
TMPRSS11B_TTCTTCAGCAAGCTGCACAA,TMPRSS11B,805,664,831
TMPRSS11B_CATTGCATGCTGGCCTGCCA,TMPRSS11B,120,126,114
TMPRSS11B_TTCAAGTTTCCTCCAGCAGA,TMPRSS11B,734,173,209
TMPRSS11D_GACTGGATTAGGCAACAAAC,TMPRSS11D,803,762,445
TMPRSS11D_TGTGCTGGAGTACCTCAAGG,TMPRSS11D,1511,404,451
TMPRSS11D_ACACAGCATTCCAGACAAGA,TMPRSS11D,1205,432,331
TMPRSS11D_GCTACCCAGAATATTCCACC,TMPRSS11D,420,56,62
TMPRSS11D_AGCCGCAGACTGACTTGCCA,TMPRSS11D,1561,395,293
TMPRSS11D_TAAGCCAATTTGCTGCAGCC,TMPRSS11D,647,383,536
TMPRSS11E_AAAGAGTTTGTTGGGAACCC,TMPRSS11E,421,237,126
TMPRSS11E_ATGACGAGGCCGATAACCCA,TMPRSS11E,204,95,49
TMPRSS11E_CACTGCAGGCTAGCCTGCCA,TMPRSS11E,0,44,62
TMPRSS11E_AGGAAGCAGTCCATCTGGCA,TMPRSS11E,1122,204,253
TMPRSS11E_ACTGCATTTGTGTAGGGAAC,TMPRSS11E,637,175,342
TMPRSS11E_GAGTTACGGCCTTGCGGGAC,TMPRSS11E,325,161,132
TMPRSS11F_ACATTTCGTTTCACTGCGGG,TMPRSS11F,962,86,129
TMPRSS11F_GATGGCCTGACCCTATGAGC,TMPRSS11F,228,100,32
TMPRSS11F_AAGGGAAACAGCTATGGAAG,TMPRSS11F,548,161,244
TMPRSS12_GCCGAGCCTGTGCCTTCCAG,TMPRSS12,33,0,72
TMPRSS12_ACCGGCGGCTAGTTCCCAGC,TMPRSS12,250,132,203
TMPRSS12_AGGCTGAGGCCGTCCGCAAG,TMPRSS12,1210,485,452
TMPRSS12_CGCTTAAGGATGTGTTGCAA,TMPRSS12,1532,3547,2010
TMPRSS12_CACAAGCTGGCGCATGGCCG,TMPRSS12,1492,441,672
TMPRSS12_GATGGCCCAATATAGACACC,TMPRSS12,352,1,39
TMPRSS13_AGAACATCTTACGGGAACAC,TMPRSS13,1737,546,347
TMPRSS13_GACAACCGAGGTTGCCCACA,TMPRSS13,20,390,169
TMPRSS13_ATTCCAGTTGCTGCTACAGA,TMPRSS13,318,166,475
TMPRSS13_GCACGCTGTTCGCTGTGACG,TMPRSS13,228,0,16
TMPRSS13_CGAGCCTGCCCAAGTTCACC,TMPRSS13,558,76,428
TMPRSS13_CCTGGCAGGAGATGATCGGA,TMPRSS13,180,294,317
TMPRSS15_GCCACTTAATACTAACACCC,TMPRSS15,197,341,177
TMPRSS15_ATACAGCTTGTGCTGAGAAC,TMPRSS15,260,275,425
TMPRSS15_TTTGGAACAGCTGTGTACAC,TMPRSS15,1268,555,444
TMPRSS15_TTTGGCTCCCACAGCTCAAA,TMPRSS15,559,683,563
TMPRSS15_AAACAAGTGTTGTCTGCCAG,TMPRSS15,1988,334,345
TMPRSS15_ACAATCAAGGAATCCCAACG,TMPRSS15,1345,772,707
TMPRSS2_GCAAATGCCGTCCAATGCCA,TMPRSS2,296,289,155
TMPRSS2_TGAACTCAAGCCGCCAGAGC,TMPRSS2,1404,350,312
TMPRSS2_TCCAGTCGTCTTGGCACACA,TMPRSS2,2055,581,818
TMPRSS2_CGCCATCACACCAGTTAGAG,TMPRSS2,3630,1525,1313
TMPRSS2_ACTGTGCATCACCTTGACCC,TMPRSS2,952,228,369
TMPRSS2_CGGATGCACCTCGTAGACAG,TMPRSS2,1594,682,604
TMPRSS3_TGCACTGCAAGGTAACCACG,TMPRSS3,916,234,166
TMPRSS3_TCAGAGTGAGCTCGCTGGAG,TMPRSS3,1135,350,318
TMPRSS3_CTTCCAGTCATCGGAGCACA,TMPRSS3,267,633,875
TMPRSS3_GGAGTCTCGGATTGCAAAGA,TMPRSS3,507,518,316
TMPRSS3_AGGTCCTGAAATAGTCACCA,TMPRSS3,482,199,257
TMPRSS3_ATGCCCGTGTGAGCCAGGAA,TMPRSS3,1447,671,481
TMPRSS4_CATGGAGACCTTCAGAAAGG,TMPRSS4,854,368,162
TMPRSS4_GCAGCTGTGTGACGGAGAGC,TMPRSS4,1650,166,633
TMPRSS4_TGGATCGGTCCTTGGAGAGG,TMPRSS4,938,338,375
TMPRSS4_TGTGGAGATTGGCCCAGACC,TMPRSS4,829,424,569
TMPRSS4_GCGGGCAGGCTCAGACAAAC,TMPRSS4,268,52,29
TMPRSS4_TGCAGACGATGCGTACCAGG,TMPRSS4,939,203,267
TMPRSS5_CTGACTCACTATGGCTAGGG,TMPRSS5,1164,270,627
TMPRSS5_GAACCCGCCAGCTGGACAGG,TMPRSS5,331,0,114
TMPRSS5_ACCAACTATCCGGGAAGCCA,TMPRSS5,377,181,272
TMPRSS5_TGGCAGACCAGGAGCCAGCG,TMPRSS5,1342,155,151
TMPRSS5_ATCCTGCAAGGTCCCGGAAA,TMPRSS5,1642,691,1339
TMPRSS5_AGCATCCCAGTAGGCCAGAC,TMPRSS5,495,683,312
TMPRSS6_ACTCCGGCTGGAGTGGACGC,TMPRSS6,569,113,248
TMPRSS6_AGCTGCATTGAATTCCACGC,TMPRSS6,2207,730,440
TMPRSS6_TCCACTCGCAGTACTGACCC,TMPRSS6,2141,574,427
TMPRSS6_GCTCATCACCAGCACCCGCC,TMPRSS6,332,238,77
TMPRSS6_GGAAGGCACTAGATTCCCGG,TMPRSS6,73,6,21
TMPRSS6_TGCTCGTGCTGGCTTCGGCG,TMPRSS6,1213,543,838
TMPRSS7_CTTGGGTTTGGCTTTGCCAA,TMPRSS7,1042,220,199
TMPRSS7_TCTTCCCGAATACCGACAAA,TMPRSS7,711,294,249
TMPRSS7_TTTGTCATGCCACGTGCCAA,TMPRSS7,398,245,202
TMPRSS7_GCTGATGTGTCACTTCAAGC,TMPRSS7,754,290,437
TMPRSS7_AGTATGAAAGGCTGTGAGCA,TMPRSS7,534,285,229
TMPRSS7_GGCCTGAGGGACACATAAAC,TMPRSS7,2288,1297,1151
TMPRSS9_GGATGCCGCGTGCTGTCGAG,TMPRSS9,902,142,112
TMPRSS9_CAATTGTGCCATAGGCAGCC,TMPRSS9,19,324,274
TMPRSS9_CTGGCTGTTCCCGCAGGAAA,TMPRSS9,1989,756,798
TMPRSS9_GGGCCGCCATCATCAACGCC,TMPRSS9,422,164,166
TMPRSS9_GCTTGACGATCTGGACCACC,TMPRSS9,286,148,55
TMPRSS9_TCGGCCAGTGGTCAAGCCAG,TMPRSS9,802,340,143
TMSB10_CTCACTCTCTTTGGTCGGCA,TMSB10,956,542,676
TMSB10_GCTCTCCACAGCCATTGAGC,TMSB10,1147,52,112
TMSB4X_TCTGGTCACAGCGATTGAAC,TMSB4X,889,323,392
TMSB4Y_TCGCAGCTATCGAACAGGAG,TMSB4Y,3384,2286,2173
TMSB4Y_CAAGCAGGCGAATCTTAAAC,TMSB4Y,2093,630,642
TMTC1_AGCTTCGTTATTGGCTGAGC,TMTC1,500,343,236
TMTC1_TTGAGCGCACTTGCATGGCG,TMTC1,2549,457,618
TMTC1_GAAGGACCAAGGTCGGAACA,TMTC1,334,187,321
TMTC1_GCCACACATTGAAGGCCAAG,TMTC1,526,124,237
TMTC1_TCCATGCACAACAGGAGCAA,TMTC1,1636,516,919
TMTC1_TGGCCTTTCTCTCGTACAAC,TMTC1,1361,656,762
TMTC2_TCCATGGAGTTTCTGGGAGA,TMTC2,556,201,133
TMTC2_CTCAAGACTGCGATCAGGAA,TMTC2,1592,863,682
TMTC2_TTTGTACTACCGCAGCAACA,TMTC2,1550,461,803
TMTC2_CATTGGGAGCAGGCCTACCC,TMTC2,637,428,496
TMTC2_AGGAAAGCTGTATCATGAGC,TMTC2,779,100,86
TMTC2_TCCCATAGGTGAGATGAGCA,TMTC2,1003,499,513
TMTC3_TGAAGTGTTTATTGCCCAGG,TMTC3,290,200,176
TMTC3_TGGACAGTTTCTCCGTGGAA,TMTC3,1485,507,491
TMTC3_ACAACCAAGCATTCACAGGA,TMTC3,1295,317,478
TMTC3_TCGGCAACAACAAATCCAAC,TMTC3,1618,468,631
TMTC3_CAGGCTACCCATGTTCAGCC,TMTC3,830,222,301
TMTC3_CCGAGCAAATGAGTCCCGAC,TMTC3,316,450,451
TMTC4_GCTGTGCTCTGGTTTCAGCA,TMTC4,668,279,246
TMTC4_TAAGATTCCCAGCACGACAG,TMTC4,957,351,324
TMTC4_CACCAGCATGCTGTCAGCAA,TMTC4,2645,486,794
TMTC4_CTTACACACTCGGTGTGCAC,TMTC4,612,233,163
TMTC4_AGTACACCAGTAAAGGCCGG,TMTC4,204,20,0
TMTC4_TAAGTGGAGCCTCCACAGCA,TMTC4,804,399,500
TMUB1_GCTGCCGATTTCCAGCCCGG,TMUB1,290,57,7
TMUB1_CTGCCGATTTCCAGCCCGGA,TMUB1,1109,245,226
TMUB1_AGGTGCGACTCATCTACCAA,TMUB1,1101,185,163
TMUB1_GGAATTTCAGCCGTAGCACG,TMUB1,699,282,266
TMUB1_AATTTCAGCCGTAGCACGAG,TMUB1,651,383,127
TMUB1_AACGCACACCGCTGAGGGCG,TMUB1,257,153,0
TMUB2_CTGCTGACACAATAGCGCCC,TMUB2,1709,173,0
TMUB2_GCTATCCTCAGATCTCAGGG,TMUB2,646,96,95
TMUB2_TGCTATCCTCAGATCTCAGG,TMUB2,822,107,107
TMUB2_CCCAACAGCACCACAAAGAC,TMUB2,3003,902,1004
TMUB2_AGAAGACGGTGACTCCCACC,TMUB2,210,35,111
TMX1_GAGGTGGGCAAGCGGCGAAA,TMX1,869,236,247
TMX1_GCGTCATCACGGACGAGAAC,TMX1,1503,290,355
TMX2_CGGTGCCGCGACTTTCACGA,TMX2,1595,381,443
TMX2_AAACTGCCGCCGCTCTGCCA,TMX2,21,129,39
TMX2_CTGCCCACCCAACGCGAAGA,TMX2,2432,356,272
TMX2_TTGGCAGGAGGAACTAGAAC,TMX2,720,270,339
TMX2_GCACTACTCACTTAAGGGAG,TMX2,961,95,32
TMX3_ATCTACACAGCCGACACAGA,TMX3,1338,275,193
TMX3_TAAGCACCTACCTATGGAAG,TMX3,1365,112,176
TMX3_AGAGGAAGCCATCCATAGCA,TMX3,883,339,457
TMX3_TACCTGTGGCGCAGAGCCGC,TMX3,343,83,192
TMX3_ACCTGTGGCGCAGAGCCGCA,TMX3,209,213,199
TMX4_TGAACAGTTGCAGGATGCGG,TMX4,539,585,837
TMX4_CTGATATTACCACCAAGACC,TMX4,1885,169,267
TMX4_TTCCGCCGTTATCGTGGCCC,TMX4,551,371,377
TMX4_GCAGTATGAATACGTAGCAC,TMX4,541,222,445
TMX4_CACCAGCGTCCAGTTGGAGG,TMX4,2753,478,403
TMX4_GACCGCCTCCAACTGGACGC,TMX4,851,104,95
TNC_ATAACAGCATCACCCTGGAA,TNC,273,133,385
TNC_CAATGCCATCGATCTCAGCC,TNC,629,468,433
TNC_GAGACCTCTTACCGGCAAAC,TNC,103,275,179
TNC_TACACGCCCACCCACGAGGG,TNC,1790,566,503
TNC_CACATTTGCCCTCGACACAG,TNC,2112,1484,1429
TNC_GAGCAATGTACTGCAGGAGC,TNC,411,212,182
TNF_GGCGCCTGCCACGATCAGGA,TNF,337,40,68
TNF_CGATCACTCCAAAGTGCAGC,TNF,1132,68,258
TNF_CCAGAGGGCTGATTAGAGAG,TNF,1857,630,467
TNF_CGCCGTCTCCTACCAGACCA,TNF,2884,1848,1129
TNF_CGACTTTGCCGAGTCTGGGC,TNF,444,126,69
TNF_GGGATCATTGCCCTGTGAGG,TNF,351,9,45
TNFAIP1_CAAGTATGTCCAGCTCAACG,TNFAIP1,3690,1446,1349
TNFAIP1_GAGAGCCGCCCACGTTGAGC,TNFAIP1,220,106,82
TNFAIP1_TTTCTTGCCGGTTCTGAGGG,TNFAIP1,920,233,135
TNFAIP1_CATCATCACATCCCTAAAGG,TNFAIP1,1140,402,453
TNFAIP1_TTATGGCCAGGGCCGTAAGC,TNFAIP1,891,158,87
TNFAIP1_GAGGGTCTGGTCAGTCGCGA,TNFAIP1,516,99,65
TNFAIP2_CTTGGGCCGCACCATGAAGG,TNFAIP2,1313,209,466
TNFAIP2_GACTCACCGCCTCACTGGAC,TNFAIP2,400,26,169
TNFAIP2_ACTTGGGCTCACAGATAAAG,TNFAIP2,1172,208,222
TNFAIP2_AACACTCTCACCGGAAGGAC,TNFAIP2,1290,116,159
TNFAIP2_GGCTCTTGAGCTCACCCAGG,TNFAIP2,633,48,1
TNFAIP2_TGCGTGAACCTCTTGAACAG,TNFAIP2,2185,420,873
TNFAIP3_TCAGGTGTTGGAGAGCACAA,TNFAIP3,1767,473,381
TNFAIP3_CACGCAACTTTAAATTCCGC,TNFAIP3,904,759,457
TNFAIP3_CTGAAGTCCACTTCGGGCCA,TNFAIP3,2127,550,637
TNFAIP3_CATGGTCCCAGCCTTGGACG,TNFAIP3,2124,453,370
TNFAIP3_CCCAAAGCTGAACTCCAAGC,TNFAIP3,1309,489,931
TNFAIP3_CTGGCAGTATCCTTCAAACA,TNFAIP3,5659,1564,2240
TNFAIP6_GCGGTGTGTGAATTTGAAGG,TNFAIP6,187,18,9
TNFAIP6_GCTGCTTGTAAGTTGCGAGA,TNFAIP6,355,222,117
TNFAIP6_ACATAATCAGCCAAGCAACC,TNFAIP6,677,208,706
TNFAIP6_AGTGATGCTTCAGTGACAGC,TNFAIP6,408,71,77
TNFAIP8_CCAGGCCTAGGCTTAAACAC,TNFAIP8,2616,934,833
TNFAIP8_CCAGTGTTTAAGCCTAGGCC,TNFAIP8,762,302,366
TNFAIP8_TGAGCTCTACAGAGTGACCA,TNFAIP8,1014,363,189
TNFAIP8_CATCAAGACAGTCATCAAGC,TNFAIP8,498,352,373
TNFAIP8L1_GCGTGAACTCCCTGGTGGCG,TNFAIP8L1,527,376,504
TNFAIP8L1_GGAGTTCACGCGCAGCCGCA,TNFAIP8L1,484,247,127
TNFAIP8L1_GCTTCAGGGCCACCTTGACC,TNFAIP8L1,945,117,101
TNFAIP8L1_CACCTGACCGCCAAGTCCCA,TNFAIP8L1,850,117,219
TNFAIP8L1_CGGCTAGGTGGCCGAACACG,TNFAIP8L1,1247,402,444
TNFAIP8L2_CCTTGATCACGCGCTGGGCC,TNFAIP8L2,930,315,537
TNFAIP8L2_TCAGGTCCTTGATCACGCGC,TNFAIP8L2,1216,415,665
TNFAIP8L2_TCTGGCGAAAGCGGGTAGCC,TNFAIP8L2,648,257,297
TNFAIP8L2_TTTCGCCAGAAGCTGCGGCA,TNFAIP8L2,1527,272,295
TNFAIP8L3_TCCATCCAGACTATAGAGGG,TNFAIP8L3,697,206,182
TNFAIP8L3_CGGCAAAGTGGTTAAAGACG,TNFAIP8L3,3523,1231,759
TNFAIP8L3_CCAGCTCCTCTTGGCTAAAC,TNFAIP8L3,1974,531,807
TNFAIP8L3_ATGCAGGGACCCAAGGCACA,TNFAIP8L3,906,204,144
TNFAIP8L3_AACGGATATGCAGGGACCCA,TNFAIP8L3,641,110,102
TNFAIP8L3_TCTGTGAGGCAGAGCCAAAG,TNFAIP8L3,813,584,410
TNFRSF10A_TCAAAGAACAGCATCAGAGC,TNFRSF10A,1287,480,554
TNFRSF10A_TGAGCAGCAAATGGAAAGCC,TNFRSF10A,936,425,696
TNFRSF10A_AGGTCAAGGATTGTACGCCC,TNFRSF10A,996,135,68
TNFRSF10A_ACTGGGTCCGTGCTGTCCCA,TNFRSF10A,67,54,27
TNFRSF10A_AGGATTGAACCACGAGGCGG,TNFRSF10A,880,149,138
TNFRSF10B_GAGTATCTTGCAGCCCACCC,TNFRSF10B,239,40,55
TNFRSF10B_AGATGCCTTTCAGGTAAGGA,TNFRSF10B,377,390,210
TNFRSF10B_AGGAGAATCTTCTTCCCGGA,TNFRSF10B,326,15,48
TNFRSF10B_TGGTGCAGCGCAAGCAGAAA,TNFRSF10B,672,503,492
TNFRSF10B_CCCATCTTGAACATACCAGG,TNFRSF10B,1286,470,336
TNFRSF10B_CCTTGTGCTCGTTGTCGCCG,TNFRSF10B,1917,769,884
TNFRSF10C_GGAAGTTCCAGAATCGAGAG,TNFRSF10C,698,275,141
TNFRSF10C_GAAGTTCCAGAATCGAGAGA,TNFRSF10C,674,138,98
TNFRSF10C_TTCCAGAATCGAGAGAGGGA,TNFRSF10C,994,262,84
TNFRSF10C_ACTGTACATGGGAAGCAAGA,TNFRSF10C,835,240,290
TNFRSF10C_GCATGAGAGGTAATGAGAAG,TNFRSF10C,1351,241,371
TNFRSF10D_ATGTGCCGGACGTGTAGAAC,TNFRSF10D,1516,263,244
TNFRSF10D_ACTGTACATAGCAGGCAAGA,TNFRSF10D,533,401,294
TNFRSF10D_GAGGCGCAGCCTCAAGGAGG,TNFRSF10D,196,22,24
TNFRSF10D_CAGGGCGCTATCCAGGAGCC,TNFRSF10D,900,480,304
TNFRSF11A_CAAGTATTCATCCGGGCCAC,TNFRSF11A,228,46,167
TNFRSF11A_CGTGCTGTTGCCGGCGACCA,TNFRSF11A,1024,871,745
TNFRSF11A_ACTCGCAGTCCTGGCTCCAG,TNFRSF11A,791,45,0
TNFRSF11A_CAAAGATGATGGCAGCCACC,TNFRSF11A,1275,222,273
TNFRSF11A_GGCCCATGCCATAGGCGCAC,TNFRSF11A,1,114,68
TNFRSF11A_GAAGGAGTCTCGGCGCGCCA,TNFRSF11A,247,18,111
TNFRSF11B_AAGCTTACCGGGAAAGAAAG,TNFRSF11B,603,203,263
TNFRSF11B_GGTCTCCTGCTAACTCAGAA,TNFRSF11B,935,196,235
TNFRSF11B_CTTCCTTGCATTCGCACACG,TNFRSF11B,1004,1714,1180
TNFRSF11B_TACTGCAGCTCCTTGCACAC,TNFRSF11B,1398,532,801
TNFRSF11B_ACCACTACTACACAGACAGC,TNFRSF11B,708,345,380
TNFRSF12A_GGAGCAAGCGCCAGGTACGC,TNFRSF12A,391,125,74
TNFRSF12A_CAAGTCCGAAGTACTTCGAA,TNFRSF12A,249,191,63
TNFRSF12A_ATGGGCCAAAGCAGCCGGAA,TNFRSF12A,514,15,105
TNFRSF12A_TGGTCTGGAGACGATGCCGC,TNFRSF12A,362,0,22
TNFRSF12A_ATAGAGGAGACCGGCGGAGA,TNFRSF12A,668,247,167
TNFRSF12A_CGCGTCTGGGAGGCAGAGAC,TNFRSF12A,511,116,192
TNFRSF13B_CGCCTCTGCAGATCACGCGA,TNFRSF13B,175,23,43
TNFRSF13B_GACTTGGCCGGACTTTGACG,TNFRSF13B,874,160,279
TNFRSF13B_GCTGTCTTGCAGCTCTCCCG,TNFRSF13B,689,31,135
TNFRSF13B_TACCAAGGATTGGAGCACAG,TNFRSF13B,829,279,603
TNFRSF13B_TGATGCAGTCCCTCAGGAGA,TNFRSF13B,1052,361,272
TNFRSF13B_TTGCGGCAGCTGAGTGACCC,TNFRSF13B,1566,216,336
TNFRSF13C_CTGGTGACCACCAAGACGGC,TNFRSF13C,454,492,317
TNFRSF13C_TGAACTGGTGACCACCAAGA,TNFRSF13C,1457,596,504
TNFRSF13C_TGAGCTGGAGGCGGCGACAG,TNFRSF13C,2138,131,374
TNFRSF13C_CCCTTACCCGGTTTCGGCCG,TNFRSF13C,1377,488,515
TNFRSF13C_GCGTCGGCACCATGAGGCGA,TNFRSF13C,1051,218,265
TNFRSF14_AGCTCTGCCGTCCTGCAAGG,TNFRSF14,467,140,260
TNFRSF14_TACTCGTCCTCCTTGCAGGA,TNFRSF14,306,132,337
TNFRSF14_CTTCTGCATCGTCCAGGACG,TNFRSF14,1339,551,516
TNFRSF14_CGCTTACGCCACCTCCAGCC,TNFRSF14,881,424,481
TNFRSF14_CTGGTGACGAAGGCCGGAGC,TNFRSF14,627,251,136
TNFRSF14_CCACCGTGGTGACGTCCGGA,TNFRSF14,657,232,331
TNFRSF17_TAACGCTGACATGTTAGAGG,TNFRSF17,912,255,249
TNFRSF17_GAGAGGCCTCGAGTACACGG,TNFRSF17,125,83,363
TNFRSF17_CTGCATCAAGAGCAAACCGA,TNFRSF17,1774,560,519
TNFRSF18_CTCTGCGTTCTGCTCTGGGC,TNFRSF18,827,366,254
TNFRSF18_ACAACGCTGTGTGCGTCCCA,TNFRSF18,185,209,134
TNFRSF18_CCGAGGCACAGTCGATACAC,TNFRSF18,630,549,440
TNFRSF18_CTCCGCAGTGGAATTCAGGC,TNFRSF18,676,239,182
TNFRSF18_TAAACGCGGTTTACTTACCC,TNFRSF18,198,28,12
TNFRSF18_ACCCGAGCATGGCACAGCAC,TNFRSF18,659,284,659
TNFRSF19_AGTGGTGAACCGCTTTCAGA,TNFRSF19,192,80,187
TNFRSF19_TGCGGTTCGTAAGGAGGAGG,TNFRSF19,728,77,108
TNFRSF19_CAGTGCGGTTCGTAAGGAGG,TNFRSF19,379,120,121
TNFRSF19_GCACTGAGTCACGGCGGCAC,TNFRSF19,514,611,395
TNFRSF19_GAACGTGTGTGCAGAAACGC,TNFRSF19,1288,703,241
TNFRSF19_CCTCCAGGTAAGGCAGCGAC,TNFRSF19,750,92,216
TNFRSF1A_TGCTGTATTGCGCCTCGCGC,TNFRSF1A,906,108,532
TNFRSF1A_AAAGTTGGGACAGTCACCGG,TNFRSF1A,789,156,209
TNFRSF1A_CACGGGACTGAAGCCCAGGG,TNFRSF1A,737,223,131
TNFRSF1A_TAATGTATCGCTACCAACGG,TNFRSF1A,1160,324,319
TNFRSF1A_CTCACCAGAAATGGGTCAGG,TNFRSF1A,781,126,302
TNFRSF1A_AGCTGCTCCAAATGCCGAAA,TNFRSF1A,1317,311,145
TNFRSF1B_GGTCATAGTATTCTCTGAGC,TNFRSF1B,226,1,19
TNFRSF1B_CATACACCCAGCTCTGGAAC,TNFRSF1B,1424,715,645
TNFRSF1B_GCTCAGCGCGCAGTACCAGC,TNFRSF1B,237,138,96
TNFRSF1B_TGGCACTAGAGCCCTAGGAG,TNFRSF1B,1470,498,634
TNFRSF1B_GGTGTGCAAGCCCTGTGCCC,TNFRSF1B,233,0,39
TNFRSF1B_CTCCTCCTCCAGCTGTAACG,TNFRSF1B,3965,923,812
TNFRSF21_GAAGGACACAGTGTTGCGGC,TNFRSF21,19,168,194
TNFRSF21_TCCTCCGCGCTGAGCAGGAA,TNFRSF21,2479,354,266
TNFRSF21_TTAGCGCCCTGCGCCAGCAC,TNFRSF21,295,400,276
TNFRSF21_GACTACCTGAAGGTTTGGGA,TNFRSF21,173,206,211
TNFRSF21_ACTAGAAGGCACATCTGAGA,TNFRSF21,344,241,124
TNFRSF21_GGTCCACGCAAGCGCTCACC,TNFRSF21,331,54,83
TNFRSF25_CACAGTGAGGTTCTTACCGG,TNFRSF25,2192,138,153
TNFRSF25_GGTGCTCCTGCAAGGGACGG,TNFRSF25,634,31,135
TNFRSF25_TCGCCATGTTCATAGAAGCC,TNFRSF25,803,311,402
TNFRSF25_AACAGTTCTCCAGCGCCACC,TNFRSF25,224,52,25
TNFRSF25_CCCAAGACACCTTCTTGGCC,TNFRSF25,1,131,367
TNFRSF25_CCCTGTGGCCACTTACCCGC,TNFRSF25,2138,578,874
TNFRSF4_GCCATGAGGCACTCACCAGG,TNFRSF4,1021,174,171
TNFRSF4_GGACGCAATCTGTGAGGACA,TNFRSF4,430,288,78
TNFRSF4_TGGTCCAGGGCTTGCAGGCC,TNFRSF4,709,704,586
TNFRSF4_CCAGGCTTGTAGCTGTCCAG,TNFRSF4,775,277,311
TNFRSF4_GCCGGGCTTCTACAACGACG,TNFRSF4,934,435,539
TNFRSF4_GCCTGCACTCGTGGCAGCAC,TNFRSF4,799,215,330
TNFRSF6B_GCACATTGAGGGCCAGGCCC,TNFRSF6B,658,115,149
TNFRSF8_GGCGCTACGAGCCTTCCCAC,TNFRSF8,270,76,61
TNFRSF8_AAGTCACGCAGGCTGTACAG,TNFRSF8,2022,164,148
TNFRSF8_TCCCTGCCGGACAGACAGAA,TNFRSF8,230,443,348
TNFRSF8_TTCCTTGCAGTTCTCTGGGC,TNFRSF8,681,62,113
TNFRSF8_AGCTGCTTCTAAACTGACGA,TNFRSF8,8,5,4
TNFRSF8_CCCGTGGAGGAGAGAGCGAC,TNFRSF8,1154,224,363
TNFRSF9_CGACGTCAGCGCAAGAAAGA,TNFRSF9,834,522,614
TNFRSF9_TGTGCTTGTGAATGGGACGA,TNFRSF9,980,399,116
TNFRSF9_AACGTGGCATCTGTCGACCC,TNFRSF9,508,363,233
TNFRSF9_AGGATGCAGCATGTGTGAAC,TNFRSF9,864,463,374
TNFRSF9_CCAAATAGTTTCTCCAGCGC,TNFRSF9,3100,561,565
TNFRSF9_ATAACTGGGTACTCACCAGC,TNFRSF9,333,58,15
TNFSF10_GCTCACATAACTGGGACCAG,TNFSF10,451,260,198
TNFSF10_ACTCCGTCAGCTCGTTAGAA,TNFSF10,1421,269,433
TNFSF10_GCTATGATGGAGGTCCAGGG,TNFSF10,406,123,221
TNFSF10_GGCTATGATGGAGGTCCAGG,TNFSF10,148,115,26
TNFSF10_TGGCTATGATGGAGGTCCAG,TNFSF10,676,57,126
TNFSF11_TGGTGTAGTCTCTGCTGGCG,TNFSF11,1766,346,294
TNFSF11_GGGCGACGCTGCAGACAACC,TNFSF11,95,202,388
TNFSF11_CATGGTTAGATCTGGCCAAG,TNFSF11,1456,217,387
TNFSF11_TGCAGATAGAGCTTACCAGA,TNFSF11,1516,442,611
TNFSF11_GATCCGGATCCAGTAAGGAG,TNFSF11,903,61,56
TNFSF11_CTGATCCGGATCCAGTAAGG,TNFSF11,3420,925,1246
TNFSF12_CGAACTAGTCGGTTCAGGAA,TNFSF12,3234,625,803
TNFSF12_ATCGCAGCCCATTATGAAGG,TNFSF12,1003,223,450
TNFSF12_CATCCACGACCTGGACAGGA,TNFSF12,706,377,350
TNFSF12_ATCCGTGTTCAGGTGTGGAC,TNFSF12,748,102,280
TNFSF12_GAGTCCGAAGTAGGTGAGGA,TNFSF12,272,248,73
TNFSF12_TGAGCAGAGTTCCGATGCCC,TNFSF12,791,236,150
TNFSF13_CTGGCAGAGTCTCCCGGAGC,TNFSF13,3747,768,641
TNFSF13_TGCTCCGGGAGACTCTGCCA,TNFSF13,645,99,296
TNFSF13B_CTTTGGAGGATCGGACAGAG,TNFSF13B,1483,455,551
TNFSF13B_TCTTTGGAGGATCGGACAGA,TNFSF13B,345,79,60
TNFSF13B_CTGCTGGCAGCTTCTCCGCG,TNFSF13B,2426,844,867
TNFSF13B_AGCTGGAGCTTCCTCCAGGC,TNFSF13B,585,114,34
TNFSF13B_TACTGATAAGACCTACGCCA,TNFSF13B,351,96,132
TNFSF14_CCAGGTGTACCACACCACCC,TNFSF14,1135,522,300
TNFSF14_AGCTGAGTCTCCCATAACAG,TNFSF14,1807,577,656
TNFSF14_GCTGTTATGGGAGACTCAGC,TNFSF14,298,160,111
TNFSF14_GCACTGGCGTCTAGGAGAGA,TNFSF14,1223,136,291
TNFSF14_GCAAGAGACCCAGACCCACC,TNFSF14,172,275,487
TNFSF14_AGACCGACATCCCATTCACG,TNFSF14,4373,352,888
TNFSF15_CCATGTTCTCCTTGCAAGAA,TNFSF15,1961,899,858
TNFSF15_TGGCTCCGAGGTAGATGGGC,TNFSF15,771,385,250
TNFSF15_TCATCCCACGGAATGTGACC,TNFSF15,1191,213,370
TNFSF15_GATGCACCTCTTAGAGCAGA,TNFSF15,231,32,24
TNFSF15_CCCGGAGCTGGCTGACAAGC,TNFSF15,1643,619,1013
TNFSF18_TCAGACACCTTATTCACGCA,TNFSF18,1736,494,982
TNFSF18_GACACCTTATTCACGCAAGG,TNFSF18,1177,161,462
TNFSF4_TCAGTTCTCCGCCATTCACA,TNFSF4,833,371,558
TNFSF4_TGACCTTCTTCAGTTGGAAG,TNFSF4,755,406,300
TNFSF4_GACCTTCTTCAGTTGGAAGA,TNFSF4,410,282,164
TNFSF4_GGCAGATGTAGGTGAAGCAC,TNFSF4,117,2,144
TNFSF4_CAGCCAGGCCAAGATTCGAG,TNFSF4,742,525,224
TNFSF8_GGTGTTGGTCGTTCAGAGGA,TNFSF8,390,270,92
TNFSF8_TAGTGGCCACCGTGAAGACA,TNFSF8,676,163,338
TNFSF8_GCAGCAAGCACTCAACGGAA,TNFSF8,3810,1090,1355
TNFSF9_TGGCAGGCGTGTCCCTGACG,TNFSF9,795,398,415
TNFSF9_TCAACTAGAGCTGCGGCGCG,TNFSF9,1614,1040,714
TNFSF9_CGGCACTCAGGTGCAGCAAG,TNFSF9,743,275,248
TNFSF9_CTCGGTGAAGGGAGTCCGGC,TNFSF9,753,330,294
TNIK_GAGGCGTGCGGAGCATGAAC,TNIK,268,119,179
TNIK_AGCGTTCTGAGGCCCTACGG,TNIK,842,273,66
TNIK_AGACCAACCTAATGAGCGAC,TNIK,642,738,300
TNIK_CACTTCTTAGACTTCAGCCG,TNIK,1317,285,634
TNIK_AGCTTGATCGAACAGTGGGC,TNIK,1000,129,282
TNIK_ATTTCATCCAGGCTTCGAGC,TNIK,624,178,139
TNIP1_GCGGCCAGGCTCACCGAAGA,TNIP1,2268,456,350
TNIP1_GGCCAAGTTGGATAAGGGCC,TNIP1,1,3,16
TNIP1_CTTCACCCACCTGGGCCGCA,TNIP1,664,754,575
TNIP1_CACTCACCATCGCATTGGCA,TNIP1,1205,344,259
TNIP1_TTATACCTGTGAGCTCAGCC,TNIP1,1352,290,569
TNIP1_CCGTACCGGATCTACGACCC,TNIP1,2672,400,473
TNIP2_CTACCTGTCTCCAGGACACC,TNIP2,453,322,237
TNIP2_CCGGGATGCTGCGTTGGAGC,TNIP2,1211,673,466
TNIP2_CGTTGGCCAAGGAGCGGCAC,TNIP2,608,8,45
TNIP2_ACAGGACGTCACTGGCGGCC,TNIP2,11,0,24
TNIP2_TGCACCCTGTACCACGAGGC,TNIP2,708,201,258
TNIP2_GCTCTGCACCCTGTACCACG,TNIP2,1462,387,319
TNIP3_ACCAAGCCGCAGTTACAGGG,TNIP3,82,222,337
TNIP3_CTTCCCAATCCCAGTTGAAC,TNIP3,2905,907,1266
TNIP3_ACAGGCAGCGCGACCTGACC,TNIP3,321,90,29
TNIP3_TCCTGGAAGTTAACCAGCAA,TNIP3,1679,352,907
TNIP3_CAGATGTGAAAGCATGGAGC,TNIP3,330,291,144
TNIP3_TTGTTCATGAGCCATCCACA,TNIP3,278,460,240
TNK1_TGGACGGCATTGGCATGGGC,TNK1,921,287,333
TNK1_GACTGTCCGAAGCTCTGAAA,TNK1,728,210,199
TNK1_GCTTCGGTGTGGTGCACCGA,TNK1,115,170,109
TNK1_GGTAGGTCCCGAAGGCCCGA,TNK1,0,17,3
TNK1_GGTGATGGAGCTGGCGCCAC,TNK1,55,0,72
TNK1_CTGTGGGAGATGTTCTCCGG,TNK1,1644,355,574
TNK2_GAGCCGCTACGCTGTGCAGG,TNK2,684,96,155
TNK2_GCTCACGCCGCCCATGAAGA,TNK2,232,83,74
TNK2_GGACGCGCCCTCAGGGAAGA,TNK2,792,313,385
TNK2_CCACGACTTGCGTTTGCACA,TNK2,1104,727,424
TNK2_CGTACTCAAAGTGGGACAGG,TNK2,1393,111,369
TNK2_AGCACGTCGGTTCCCTGGCC,TNK2,252,30,121
TNKS_AGTAGAAACCGCTGGGACCA,TNKS,326,145,53
TNKS_GACCTCCATCATCACGAGCG,TNKS,1162,162,140
TNKS_CACTGATGGGAAATCAGCCC,TNKS,1166,118,156
TNKS_CCATGCAAGTGATGGGCGAA,TNKS,1160,321,602
TNKS_ACTCCTTTACATCTAGCAGC,TNKS,497,203,81
TNKS_GCAGTTTACTCCACTGCACG,TNKS,545,86,145
TNKS1BP1_GGTGCCATCTTCAGATGAAG,TNKS1BP1,496,164,90
TNKS1BP1_ACTTCTCGGCGACCCTCCCA,TNKS1BP1,616,145,166
TNKS1BP1_AGCCAAGATGCCAACGAGCA,TNKS1BP1,1345,385,202
TNKS1BP1_GCAACTTGGCCGTTTCCAGC,TNKS1BP1,599,221,240
TNKS1BP1_TTCCGACCTGGCCTTCAACG,TNKS1BP1,1749,471,370
TNKS1BP1_CGCCTCACCTTTAACCACGA,TNKS1BP1,3341,644,274
TNKS2_GGGACGTGGAACGAGTCAAG,TNKS2,215,163,35
TNKS2_GGTCTGCACCATGTCGCAAA,TNKS2,792,605,360
TNKS2_CCAACCATCCGAAATACAGA,TNKS2,1238,162,192
TNKS2_ACAATTGCTGGAAGCTGCAA,TNKS2,342,24,58
TNKS2_CTGTAGCAGATATTCCACCA,TNKS2,2480,735,431
TNKS2_CACTTGAGGCTTGTAACAAG,TNKS2,1612,389,366
TNMD_TGTGCTCCATGTCATAGGCC,TNMD,1070,519,434
TNMD_ATAACCTCTCTCATCCAGCA,TNMD,995,129,104
TNMD_CCATATCCATACTGCTACCA,TNMD,1235,832,816
TNMD_TATCCATACTGCTACCAAGG,TNMD,1321,200,188
TNN_GCCTCCCGGCTGCAGCAACA,TNN,1154,357,599
TNN_ACATGAAGTCTTCGTGGCAC,TNN,1314,1069,486
TNN_AGGATTCTCTGCTGGTGAGC,TNN,841,179,246
TNN_GACTGAGAACTCCCTTGACG,TNN,1202,371,635
TNN_GACTGAGTATAAGATCACGG,TNN,232,27,166
TNN_TTGTCTATGACAGCCTGCAC,TNN,603,243,150
TNNC1_TACAGGCGAGACCATCACGG,TNNC1,1545,694,269
TNNC1_ACTTGTCAAACATGCGGAAG,TNNC1,754,199,97
TNNC1_TGCACCGAACCATCATGACC,TNNC1,1334,123,252
TNNC1_GATGATCGATGAGGTGGACG,TNNC1,359,112,152
TNNC1_TTCGTGCTGGGCGCTGAGGA,TNNC1,2100,752,1141
TNNC2_AGACGGCTACATCGACCCGG,TNNC2,558,196,173
TNNC2_CGCGAAAGGGAAGAGCGAGG,TNNC2,595,92,20
TNNC2_CAGATGAAAGAGGACGCGAA,TNNC2,760,252,226
TNNC2_GGACGCCATCATCGAGGAGG,TNNC2,511,78,150
TNNC2_CAGCGTCAAGGAGTTGGGCA,TNNC2,1887,498,381
TNNC2_CTCTTCGCTGAGGTAGGACC,TNNC2,558,357,209
TNNI1_CCGAGACACGGACTCGACGC,TNNI1,360,246,234
TNNI1_CGAGACACGGACTCGACGCA,TNNI1,1574,515,553
TNNI1_GCGGGCGCTTGAACTTCCCA,TNNI1,30,5,0
TNNI1_CGAGGAGCGCGAGGCTGAGA,TNNI1,1093,147,336
TNNI1_TGTGATGGATGCCTGAAGCG,TNNI1,2152,227,513
TNNI2_GATGCTGCAGATAGCGGCCA,TNNI2,367,77,255
TNNI2_GCAGATAGCGGCCACGGAGC,TNNI2,1104,429,352
TNNI2_TGCACTTCAGACATGGAGCC,TNNI2,1118,435,549
TNNI2_CAAGATCGATGCGGCTGAAG,TNNI2,1579,314,502
TNNI2_CATCGAGGAGAAGTCTGGCA,TNNI2,159,430,285
TNNI3_CATCGATGCACTGAGTGGAA,TNNI3,1895,578,489
TNNI3_CAGAGATCCTCACTCTCCGC,TNNI3,1121,348,327
TNNI3_CTTCATCCACCTTGTCCACA,TNNI3,1729,568,692
TNNI3_AAAGCAAGAGCTGGAGCGAG,TNNI3,878,171,134
TNNI3_TTCCTTGCTCCATCTCACCC,TNNI3,707,227,60
TNNI3_AAGCGCGGTAGTTGGAGGAG,TNNI3,897,228,432
TNNI3K_CTCGCAGCGATACTTCCGGA,TNNI3K,839,177,385
TNNI3K_CCATTTCTTGTCAGTCGAGA,TNNI3K,1652,564,511
TNNI3K_CAGTGGAGCTGATATACAGC,TNNI3K,925,258,332
TNNI3K_GCTGATGTGCTGTTGCAACA,TNNI3K,1389,535,837
TNNI3K_TAGTGGCTTGTGATCCCAGC,TNNI3K,95,37,44
TNNI3K_GAATATTCTCAGCCTGGAGG,TNNI3K,229,62,102
TNNT1_GAAGCGTGGTAAGCGGCAGA,TNNT1,249,86,109
TNNT1_ACGTCAGGCTAAGCTGGCGG,TNNT1,771,299,318
TNNT1_TTTCGAGCAGCGGAAGAAGG,TNNT1,407,216,224
TNNT1_ATCTTTGGCGGGATCAAAGG,TNNT1,263,113,73
TNNT1_CGGTTACCTGGCTCTGCCAC,TNNT1,881,64,60
TNNT1_GATGTCGGACACCGAGGAGC,TNNT1,968,108,118
TNNT2_TTTCCCGGTTTAGCAGGCCC,TNNT2,194,7,82
TNNT2_AGAGAGGGCTCGACGAGAGG,TNNT2,849,139,191
TNNT2_GAAGGAGCGGCAGAACCGCC,TNNT2,0,1,21
TNNT2_AGCTCGTTTCTCTCAAAGAC,TNNT2,1489,614,656
TNNT2_ATCTCCTCCAGATGGCCCAA,TNNT2,75,8,60
TNNT2_CATGTCTGACATAGAAGAGG,TNNT2,387,287,247
TNNT3_TCACACTTCCTCGTCAGACA,TNNT3,1013,1122,362
TNNT3_GCCCGTGAAGTTCATGAACC,TNNT3,1383,389,404
TNNT3_ACCGCAGAGGAGGACGCGGA,TNNT3,294,153,291
TNNT3_AGTGGCTGTCGATGAGGGCC,TNNT3,78,117,136
TNNT3_GAAGCGCCGTGCAGAGAGAG,TNNT3,1236,334,144
TNNT3_CTACAGCAGCTACCTGGCCA,TNNT3,419,255,649
TNP1_AAGAGCCGATCTCCTCACAA,TNP1,551,245,312
TNP1_CAAGAGCCGATCTCCTCACA,TNP1,939,382,337
TNP1_TAATTTGCGGCTGGTCGACA,TNP1,616,17,160
TNP2_CCCACTCTTATCCCTTAGGA,TNP2,1977,38,433
TNPO1_CGTCTGGGATGGTGTGGGAC,TNPO1,2297,395,875
TNPO1_AGTGGAAACCTGACGAGCAA,TNPO1,274,16,10
TNPO1_GATGTTGCTCGAAGTTCGAA,TNPO1,117,207,155
TNPO1_TCTTACTTGGATTACGCCAC,TNPO1,268,6,1
TNPO2_GAACTGGTTCACGCAGGCGA,TNPO2,1111,32,189
TNPO2_TGGACAGTGACGCCCTCAAC,TNPO2,1941,418,414
TNPO2_ATCACCACCATCGCTTCCAA,TNPO2,701,153,290
TNPO2_AATGGTGGCTCGGATGAGCG,TNPO2,247,286,467
TNPO2_CTGACCAGACTCAAGTCAGA,TNPO2,796,89,120
TNPO2_AGACGAGCAGGGCCTGCAGC,TNPO2,141,174,94
TNPO3_TTACATGGTCTGGTTCCAGC,TNPO3,443,0,0
TNPO3_ATTGTTTGTACTCCAGGCCA,TNPO3,260,0,17
TNPO3_GACTGCCTATCATATGGCCG,TNPO3,259,84,135
TNPO3_TGCACACATCCCTTCCAGGA,TNPO3,1051,21,30
TNPO3_TAGCAATGAGTCCCGTAAAG,TNPO3,973,21,39
TNPO3_TACCACGACCCAGATCCCAG,TNPO3,673,53,110
TNR_AAATCGACTTTGGCTCGAGG,TNR,826,133,167
TNR_ACCTGTGGAGACGCTGGCCG,TNR,1315,558,367
TNR_CTCCCACTGCACCTCCACGG,TNR,5357,616,626
TNR_ACAGGTCCATTGAGCTGGAA,TNR,1531,541,330
TNR_CAACAGACTGCAGCTCCCGG,TNR,793,194,337
TNR_TGCCAAGAAAGTGCTGCCAC,TNR,103,173,124
TNRC18_CAAACTGGTAGGCTGACGGG,TNRC18,493,322,198
TNRC18_ATGGATGCGTTGCCCGAGCG,TNRC18,1265,236,330
TNRC18_GATGCGATCTGGATGGGCCC,TNRC18,108,24,1
TNRC18_ATGGGTACAGCCCACTGGGC,TNRC18,66,94,77
TNRC18_CACTGGGCTCCCATGGGACG,TNRC18,2296,971,828
TNRC18_GGCACTTACCCGGGTGCGGA,TNRC18,395,16,101
TNRC6A_ACCTCCACGATTTCGCCACC,TNRC6A,1,126,213
TNRC6A_CAACTCCGGATCACTGCCAG,TNRC6A,379,144,140
TNRC6A_TGTGCTGGATGCCGCAGCAA,TNRC6A,1498,186,304
TNRC6A_CGAACGGTCGGGAAAGGCCC,TNRC6A,592,34,44
TNRC6A_GGTAGTGCACTATTTGAAGG,TNRC6A,140,48,61
TNRC6A_GAAACACAGCAGCACAACCC,TNRC6A,1331,16,78
TNRC6B_CCACCATTGACTGGTGGCGA,TNRC6B,30,4,1
TNRC6B_GGATGGCTCTTCCCAACCAC,TNRC6B,930,96,155
TNRC6B_GAAGTACCATTATCTGGAGC,TNRC6B,695,46,222
TNRC6B_TCGCCATCCCAGCTGGGAAG,TNRC6B,499,61,144
TNRC6B_CTGTAGTGCTCACTCAAAGG,TNRC6B,3007,737,681
TNRC6B_TTGGGTAGTGTGGAACCAGA,TNRC6B,713,361,319
TNRC6C_TTCATGTCCAAGTACAGGCC,TNRC6C,521,247,245
TNRC6C_TAGGCTTACCTGGTTTGCAC,TNRC6C,477,62,108
TNRC6C_ATGAGGCCTGGATCATGAGC,TNRC6C,750,48,40
TNRC6C_AAGGTGGACGTGGACAAGCG,TNRC6C,3990,1156,1025
TNRC6C_CCCGGAGGCAATCCCACCCA,TNRC6C,1508,520,544
TNRC6C_CTTGAGCACGGAGACTGGGC,TNRC6C,217,240,256
TNS1_ATCACGTGGTGCAGAAACAA,TNS1,1493,312,178
TNS1_AGAACCGCTTCATTGCAAAC,TNS1,2505,881,1230
TNS1_CTGCAGCATCTGTAAGGCCA,TNS1,1259,317,426
TNS1_CATCACGAAGCTCCATGCCA,TNS1,377,273,262
TNS1_GCATCTGCGCCACCTCACGG,TNS1,2334,384,618
TNS1_TCATGGTGCCCTTTCAGCAA,TNS1,2067,668,708
TNS3_GGCTTGGTAGAGCTTCAGAA,TNS3,1462,293,725
TNS3_TTGCAAACCTGTCAAGGGCC,TNS3,534,215,11
TNS3_CGGGAAAGGACGCATAGGAG,TNS3,3250,429,1405
TNS3_CTGGAGGTTGCTGTTCAGCC,TNS3,2501,1087,988
TNS3_CCTTACGAAGCTTAACCCAA,TNS3,298,126,45
TNS3_CGCATGCTCAAGTCCAAGCA,TNS3,3308,1179,1087
TNS4_CTCATCGAGTCGTCTGCCAA,TNS4,1920,471,462
TNS4_AATCGAGCTGCTGAGGAAGG,TNS4,1236,165,216
TNS4_TGCATGTCCCTGGCGGGACC,TNS4,556,141,212
TNS4_GGGTTGGCCCATGGTTAGGG,TNS4,790,33,180
TNS4_TCCAAGACTGGAGAAGCGGC,TNS4,1069,279,44
TNS4_TGGCGCCTTGTGATGAGCCC,TNS4,358,138,193
TNXB_CACATGAGGAAGTGCTGCCA,TNXB,473,203,225
TNXB_CGTCAGTGCCGGCAACCAGA,TNXB,1402,732,534
TNXB_GACCTGGTACTCCTGTCCAG,TNXB,31,18,63
TNXB_AGTTCGGACAGAGTGGACCC,TNXB,388,148,13
TNXB_CAGGCGAGGACTGCAGCACG,TNXB,2962,305,671
TNXB_ACATTGGACCGTGAAGAGAA,TNXB,574,220,476
TOB1_AGATGGCTTTCTGCTTCAAG,TOB1,428,163,146
TOB1_GAATAGTGGCCGTAGCAACA,TOB1,1844,286,290
TOB1_GGTTAAAGGCTGAGTGGACC,TOB1,349,29,108
TOB1_ACAGCAGCAGAGTGACCAAA,TOB1,880,613,715
TOB1_CAGCTTTAACCCAGAGGCCC,TOB1,955,206,209
TOB1_TGTTCGTGGCAATCTGCCAC,TOB1,107,83,84
TOB2_CATCGGCCGCATCAAAGAAG,TOB2,1180,195,140
TOB2_CTCTTCTTTGATGCGGCCGA,TOB2,278,65,200
TOB2_AGAGGCTCTTGTGCTTCAGC,TOB2,650,173,143
TOE1_TTTATGGCTAGCAGGAGGGA,TOE1,230,20,26
TOE1_GGCCCAGGGAAAGGATAGAA,TOE1,825,60,27
TOE1_CCAGATAGGAATGTTCACCC,TOE1,1575,60,80
TOE1_CTAAGTAGGAGGCCACGAAA,TOE1,2790,179,133
TOE1_AATGGGAAGCAGCGGGCAGC,TOE1,227,81,105
TOE1_TGAAGAAACCGAGCAGGAGG,TOE1,1006,226,104
TOLLIP_AGGTCCTCCTCGCTACAGCG,TOLLIP,819,428,520
TOLLIP_GGTGGCATCACCATGGCAGC,TOLLIP,0,58,91
TOLLIP_AATGCGGTCGTCCATGGAGA,TOLLIP,488,123,122
TOLLIP_AGTGGATGACCTTATTCCAG,TOLLIP,123,88,49
TOLLIP_GCTGTGTGGGCGTGATGCGG,TOLLIP,1046,178,413
TOLLIP_CCACCGTCAGCACTCAGCGC,TOLLIP,2695,1122,976
TOM1_TCACCGATGCGCTGTCCCAC,TOM1,956,77,70
TOM1_TTCTCAGAGAAAGCCACAGA,TOM1,960,100,164
TOM1_TCTCTTCTTTACTGCTCGGA,TOM1,31,37,21
TOM1_CTAAGACCTGGAGGGCCGAG,TOM1,1167,276,60
TOM1_TGTCACCGGAGAGTATGGGC,TOM1,541,143,133
TOM1_GCTGCGCAGTGAGCTGGAGA,TOM1,848,73,183
TOM1L1_GCGCCTCCTTACCTATGAGG,TOM1L1,619,39,95
TOM1L1_CCAGTCTCTGATTGTGAAGA,TOM1L1,1150,712,505
TOM1L1_CAAAGAAGTATACCTCGACC,TOM1L1,641,135,610
TOM1L1_TGTTACATTGGTCCCAGAAC,TOM1L1,524,338,629
TOM1L1_ACTATCCTAGGTTTGCCCAA,TOM1L1,62,170,113
TOM1L1_CCTGGATGATTGCTGGGCAA,TOM1L1,1163,153,433
TOM1L2_ACGTCTTCCTTCGATACGAG,TOM1L2,1965,374,362
TOM1L2_AACAGAAATGGTCCCTGGAC,TOM1L2,532,22,84
TOM1L2_GACCTGGGCATGGTCGCAGC,TOM1L2,425,21,197
TOM1L2_GCCTTCTATTATCCCAGGCA,TOM1L2,1033,216,104
TOM1L2_TGTCCTGTACAATGGTGGGA,TOM1L2,782,97,469
TOM1L2_AGAAGCGGCTCAACGGGAAC,TOM1L2,950,373,391
TOMM20L_CAGGAAGGCGAAGGCGCCAC,TOMM20L,369,45,55
TOMM20L_ACAATAGCCCAGGAAGGCGA,TOMM20L,44,256,194
TOMM20L_TACCTCAACCGGAAGCGGCG,TOMM20L,314,139,44
TOMM20L_TTTCTTGCAAGAGGTACGGA,TOMM20L,438,60,47
TOMM20L_TTTAGTGTGCGAGCAACCAC,TOMM20L,465,102,123
TOMM22_CGACGCGGAGAAGCCTGAGG,TOMM22,1238,246,141
TOMM34_ACGTGAAGGCATTCTACAGA,TOMM34,765,161,231
TOMM34_AAGCCTCTTGTGTAGTAACC,TOMM34,606,183,49
TOMM34_CACCTCTTCTGAGCTGAAAC,TOMM34,1968,530,605
TOMM34_AAGCAGATGCTCGCCGCAGC,TOMM34,436,205,483
TOMM34_GCAGCATGTCACTTGAAGGA,TOMM34,1378,261,321
TOMM34_AACTCTCATTGCCGGCGGCG,TOMM34,1687,108,231
TOMM40_GCCTCTTACCTGAACCCACG,TOMM40,379,1,1
TOMM40_GACCTTTACCTTTGAAGAGG,TOMM40,825,0,10
TOMM40L_GCAGCTCATCGAAGCTCCCA,TOMM40L,371,7,62
TOMM40L_AGTGAAGCTCGTTGTCAACA,TOMM40L,1259,99,80
TOMM40L_GGTGATATCCCGGCAAGCCC,TOMM40L,66,6,27
TOMM40L_CTCGGAGCCGCTCTGCCAAG,TOMM40L,851,201,399
TOMM40L_GAGAGCTAGTTTATCACCGG,TOMM40L,377,99,48
TOMM40L_ATTGAATGTGGGATCAGGCG,TOMM40L,445,250,240
TOMM5_GGGTGCGCGTTGAAGGCGAC,TOMM5,307,68,235
TOMM5_AACTGAGCTGAACGGTAGCG,TOMM5,1037,555,576
TOMM5_TGGTCTCACAGTCACAGCCC,TOMM5,647,138,13
TOMM7_TGACCCAGGTAAATCACAAG,TOMM7,1780,199,394
TOMM70A_TCTCCATTTCCGATTTGGCC,TOMM70A,458,130,187
TOMM70A_AAATTTCCAAGGTGTGCCGA,TOMM70A,297,43,63
TOMM70A_TGTTTATCACCACCGAGGAC,TOMM70A,439,232,207
TOMM70A_CATTGGCATTGCCAATAAGC,TOMM70A,279,54,93
TOMM70A_TCTCTCCTTTAAGCATGGGC,TOMM70A,133,81,65
TOMM70A_ACTCCCGGAGCTCGGTACAG,TOMM70A,424,162,62
TONSL_CCTCCAAGCAGCGCATAGCC,TONSL,149,4,83
TONSL_GGCCCAGGTTGAGATAGAGG,TONSL,997,0,0
TONSL_CAGCTCCGTGTGGTTGCGCA,TONSL,234,1,81
TONSL_AAGCCAAGGCGCAGAGGGCC,TONSL,492,23,5
TONSL_CGGCGATCCGAGCATGAGCC,TONSL,713,101,144
TOP1_CCGGCACAAAGAACACAAGA,TOP1,1406,156,49
TOP1_GCTATCCTGAAGGCATCAAG,TOP1,626,0,76
TOP1_AGCTCGGAAACAGATGAGCA,TOP1,463,60,42
TOP1_AGAAGTCCGGCATGATAACA,TOP1,4018,45,116
TOP1_AGCCCTGTACTTCATCGACA,TOP1,1102,33,124
TOP1_ATCTGATGGAGTCCTTCCCG,TOP1,598,44,0
TOP1MT_GCTCCGATAACACCGTCACG,TOP1MT,806,219,243
TOP1MT_ATGTGGTTATCAACTGCAGC,TOP1MT,146,132,163
TOP1MT_CCACAGATACTTTGTGGACA,TOP1MT,2717,447,502
TOP1MT_ATTGAGCGTGGCAGCGGAGG,TOP1MT,700,178,107
TOP1MT_CTCCGTCTTTAGGTGGGAGA,TOP1MT,440,176,140
TOP1MT_GGCTCGCGCAGGACGCAGAA,TOP1MT,838,303,412
TOP2A_AAACGATGTCGCAGAAGAGA,TOP2A,902,0,46
TOP2A_TCGAGAAGCTTCTCATAAGC,TOP2A,1266,91,73
TOP2A_TATGGGAAGAGCTGGTGAGA,TOP2A,577,0,0
TOP2A_CCATAGCCATTTCGACCACC,TOP2A,1103,409,596
TOP2A_ATGCTGCGGACAACAAACAA,TOP2A,908,21,22
TOP2A_TTCTGTGGAATTAGTGACCC,TOP2A,662,0,7
TOP2B_CAGACGAATGCTAGATGGCC,TOP2B,463,246,397
TOP2B_TAGGCTTTAAACCTGGCCAG,TOP2B,21,52,88
TOP2B_ACGGGAAGCTTCTCATAAAC,TOP2B,1132,629,576
TOP2B_TCTTTAGGGTGGACGGCACG,TOP2B,711,158,183
TOP2B_TTTGGCTGGTTCGTGTAGAG,TOP2B,2229,751,967
TOP2B_CTCGCCATGGCCAAGTCGGG,TOP2B,1162,346,359
TOP3A_CAGGAACGCTTTGTGGCCCA,TOP3A,1298,0,0
TOP3A_TGCCCAGAGCATTCTAGAGC,TOP3A,1323,122,71
TOP3A_GACCTCTACCACAGTTGCCA,TOP3A,44,0,0
TOP3A_GCATCGACTCTTTAACCACA,TOP3A,851,83,93
TOP3A_CCTGACCGAGCCTGATCAGA,TOP3A,671,0,25
TOP3A_TCATGCGACCGTTTGACAGC,TOP3A,820,189,683
TOP3B_TGGAGTCTGACACGGCCCAA,TOP3B,1087,56,83
TOP3B_ACACGGTCTTCTCGCCACCA,TOP3B,1293,650,720
TOP3B_GGCTGGACTGCGACAAGGAG,TOP3B,1911,164,549
TOP3B_ACTGTTCAGCCAAGCTCCCA,TOP3B,440,44,24
TOP3B_CTGTGGTCACGTGATGACCC,TOP3B,356,292,377
TOP3B_TTTGGCAATTGACTGTGCCA,TOP3B,169,208,36
TOPAZ1_TGCAGAAGCGGCAGGCGCCA,TOPAZ1,1066,224,160
TOPAZ1_TCAGACTCGTCAGACCCGCG,TOPAZ1,1051,158,290
TOPAZ1_AAACACAGAGGTTTCGGGAC,TOPAZ1,16,25,86
TOPAZ1_TGCTCATGTGCCTGAACAAG,TOPAZ1,2076,578,647
TOPAZ1_CTTCTACAGCTTGTTGAAGC,TOPAZ1,395,379,214
TOPBP1_TGAAGAGTTTGTCCTTGGAC,TOPBP1,1033,201,312
TOPBP1_AGCCAAGCTATAGTAACGGC,TOPBP1,813,15,44
TOPBP1_TAGCAAACCTCCTTGGAGCA,TOPBP1,965,4,0
TOPBP1_TGTAACAACTTCTCCCACAG,TOPBP1,1664,111,1
TOPBP1_CCACTGGCTGGTAATTAGCA,TOPBP1,1170,65,314
TOPBP1_CTGGCTTATGTGGCTTAGAC,TOPBP1,2786,703,1141
TOPORS_TTTGGAGGGTACTAACGAAG,TOPORS,1151,290,336
TOPORS_CCTTCTTCGTATGAAGGAGC,TOPORS,59,106,43
TOPORS_TGAGACAGATTGCAGTAAGG,TOPORS,1193,488,799
TOPORS_GGGTAGGCGGAGAAGTCGCC,TOPORS,185,11,0
TOPORS_TCTCCGCCTACCCTCCGAAG,TOPORS,2175,457,410
TOPORS_TCTCCGCTGTCTCGCGAGGA,TOPORS,828,366,324
TOR1A_CGAGTGGAAATGCAGTCCCG,TOR1A,1848,86,85
TOR1A_TATGAAGATGGACCTCGCAC,TOR1A,936,37,114
TOR1A_GCAATGTGGCCACAAACAGG,TOR1A,418,141,170
TOR1A_GAAGCGGAGCCTTAGCCGGG,TOR1A,0,24,107
TOR1A_GATGTAGCCGGTGAGGACGC,TOR1A,740,118,121
TOR1AIP1_GGGACCTTTCTTTGGCCACC,TOR1AIP1,15,18,14
TOR1AIP1_CCTCTTTCGCAGAATCGGAC,TOR1AIP1,386,255,155
TOR1AIP1_AACTGTCAGGAGCATACAAG,TOR1AIP1,667,306,411
TOR1AIP1_ATTGACCTTCTGTTGGACAC,TOR1AIP1,49,169,55
TOR1AIP1_TCCCATCAATCCGGATGGCA,TOR1AIP1,775,245,237
TOR1AIP1_CGCTTTGAGTCATTTCCCGC,TOR1AIP1,930,359,104
TOR1AIP2_CTGAGCTATGGGTTTGAGAA,TOR1AIP2,1705,748,822
TOR1AIP2_GGTCAAGCTGTTGGTTGACC,TOR1AIP2,191,36,55
TOR1AIP2_GACCTGGCAGGACAGTGACA,TOR1AIP2,1082,65,135
TOR1AIP2_CGTCACTCGCTTCCTTAGGG,TOR1AIP2,1350,330,283
TOR1AIP2_ATCAGTAAATTCTCAGGCGC,TOR1AIP2,672,185,253
TOR1AIP2_AACACAAACATGGCCGACAG,TOR1AIP2,1100,143,123
TOR1B_TGTTCTTGCAGCTCTCAAGC,TOR1B,619,154,141
TOR1B_CTTTCCTTACACGGCTGGGC,TOR1B,480,214,201
TOR1B_AGTGCAGAGTCGATACAAAC,TOR1B,1036,225,210
TOR1B_GGCAAACTCAGCAATGCAGG,TOR1B,83,17,0
TOR1B_TTTGGCGGGCCGGAAGAAAG,TOR1B,773,283,376
TOR1B_CGATCAGTCCACTGTGCCAC,TOR1B,453,406,751
TOR2A_GAGGAAGAAGGCGATTCGGG,TOR2A,131,0,0
TOR2A_ACCAGGTGGCATTGGAGGCG,TOR2A,596,555,195
TOR2A_GGTCCCGTATACCACCCAGG,TOR2A,197,137,7
TOR2A_CCATCTCATCGAAGAGGAAG,TOR2A,912,149,134
TOR2A_GCGCACTACCTCTTCCAGGG,TOR2A,1790,286,204
TOR2A_CCGGAAGTCGCATTCGCAAA,TOR2A,3750,1409,1256
TOR3A_CACAGTCGTCGGGCCACACC,TOR3A,1303,239,354
TOR3A_CAAGGGAGACGGCAGTCACC,TOR3A,277,78,5
TOR3A_ACCGCTGGCCCAACAGAGGA,TOR3A,243,133,187
TOR3A_AGCCGTGGAACGACAGAGCA,TOR3A,2088,618,759
TOR3A_GGCGTTCTAAGTGTGGCCCA,TOR3A,524,71,188
TOR3A_GGGCGATATAATCAATGAGG,TOR3A,374,162,101
TOR4A_GGACGCCACGCAAGAAGCGC,TOR4A,732,257,241
TOR4A_CGATGGCGACTAGCAGCAGA,TOR4A,780,364,126
TOR4A_GACTGTGCACATGCGTGGCC,TOR4A,75,75,213
TOR4A_CAGAAACGGCACGATGGCCG,TOR4A,1705,321,551
TOR4A_TGCCGTCACCGGCTGCAAGC,TOR4A,288,545,467
TOX_TCCCACTATCACCAACAACC,TOX,1442,568,385
TOX_CGTTACCTTGGATACAAGGC,TOX,410,360,469
TOX_AATAACGCATAGGCAGACAC,TOX,1652,134,155
TOX_CACAACTCACCATCTCCACC,TOX,927,524,212
TOX_CATTCAGGTGCACCAGCGAG,TOX,1293,454,407
TOX_GAGCATGACAGAGCCGAGCC,TOX,588,19,80
TOX2_GGTAATAGTCCAGGTGCGCC,TOX2,394,28,14
TOX2_TATGCAGCAGACTCGCACAG,TOX2,2187,440,465
TOX2_TGCCTACTCCTATCAGGCCA,TOX2,1774,206,223
TOX2_GGAGATGGTCCACTCGGAAG,TOX2,998,320,192
TOX2_CACGTCACCGAAAGTGGCAC,TOX2,1178,352,687
TOX2_CCTTGGAGACGAGGCTAGCC,TOX2,1005,982,823
TOX3_AACAGGGCATATGCTGACAC,TOX3,403,215,282
TOX3_ATGGACCGCATGATCAGGGA,TOX3,1350,541,345
TOX3_CATCCGGCATGCCTAGGGCA,TOX3,292,41,248
TOX3_AGTTTGTGCTCAGCCACGGA,TOX3,637,105,120
TOX3_AAGTCTCTCCTCAATGCGCC,TOX3,127,163,186
TOX3_GCACTGCGCGAAGTCCAGGC,TOX3,293,37,108
TOX4_TTTGGTTTCCAGTTTCCCGG,TOX4,47,71,111
TOX4_GCCCAGGAATTGAACAAAGG,TOX4,1543,255,501
TOX4_GCTTGATGGAGCAGGGCGGG,TOX4,391,20,58
TP53_CCAGCCAAAGAAGAAACCAC,TP53,2158,2876,2679
TP53_GAAGAGAATCTCCGCAAGAA,TP53,816,611,675
TP53_GCATGGGCGGCATGAACCGG,TP53,2139,3820,5364
TP53_TCCTCAGCATCTTATCCGAG,TP53,4663,15768,15299
TP53_TGACTGCTTGTAGATGGCCA,TP53,1751,3944,5008
TP53_CAGAATGCAAGAAGCCCAGA,TP53,520,2623,2578
TP53AIP1_GCCTGGAGAGACCTAGACCA,TP53AIP1,1537,0,101
TP53AIP1_CAAGTTCACGGAGGGTGCCG,TP53AIP1,882,487,103
TP53AIP1_TTGGGTGCCCAAGTTCACGG,TP53AIP1,1114,477,768
TP53AIP1_GGTGATGCCTCCGAATGGCA,TP53AIP1,162,0,53
TP53AIP1_CATTCGGAGGCATCACCGAG,TP53AIP1,1859,378,517
TP53AIP1_CTCTCGGTGATGCCTCCGAA,TP53AIP1,1125,632,720
TP53BP1_TTGCTCTACTCCTTCAAGGG,TP53BP1,1325,453,373
TP53BP1_AGTTCGGCTTACCTTGCAGG,TP53BP1,525,349,194
TP53BP1_AAGGCTACCTTCAGCACCAA,TP53BP1,255,232,290
TP53BP1_AGCAGTTACCTCAGCCAAAC,TP53BP1,2665,772,1153
TP53BP1_TCCAATCCTGAACAAACAGC,TP53BP1,487,327,382
TP53BP1_TGTGCGTCTGGAGATTAGGA,TP53BP1,673,374,325
TP53BP2_ATGCCAAGCTACAACAACAG,TP53BP2,1491,393,313
TP53BP2_TAGAGATGCTCAAGAACGGC,TP53BP2,219,85,82
TP53BP2_TTAGTCTCTTCTGTTCCACG,TP53BP2,602,112,56
TP53BP2_CCTACCAATGTCCCTGCCAG,TP53BP2,1627,52,113
TP53BP2_AAATGGCAATCACTCTCGCC,TP53BP2,223,112,44
TP53BP2_CATCTTGGACCCGAACCGCA,TP53BP2,1048,158,520
TP53I11_AGCTGCCTCCTACAGACCAC,TP53I11,335,50,164
TP53I11_GAGGCCCGTCTCAGCTAGCG,TP53I11,730,285,490
TP53I11_ATAGCAAGCTTCGGTGAGCA,TP53I11,650,312,433
TP53I11_TGCGGTCTTTGATGGAGCCC,TP53I11,425,222,87
TP53I11_AGAGACGAACTGCCAGACCC,TP53I11,746,85,213
TP53I11_GCAAGATCCTCGGCGTGGGC,TP53I11,473,86,266
TP53I13_ACCTTACCTCGCTGGGACCC,TP53I13,693,171,179
TP53I13_GCCACAGGCTCTCGGGACAA,TP53I13,743,365,329
TP53I13_CACACGAGTGAGCCCAGGGC,TP53I13,2508,223,356
TP53I13_TAGCCATACAAGCATAGGCC,TP53I13,321,184,228
TP53I13_GGAGTTGGCTCGGAGGGAGC,TP53I13,967,72,118
TP53I13_CCAACGGGCAAGGCAGCCCA,TP53I13,1450,353,355
TP53I3_GGGTAGATTCTGTCCAGAAC,TP53I3,1055,175,291
TP53I3_CTCTATGGTCTGATGGGAGG,TP53I3,504,299,161
TP53I3_TGCTATCCAACTCACCCGGA,TP53I3,309,199,113
TP53I3_GCTCCTCATGCCTATCCCAG,TP53I3,273,16,33
TP53I3_CTTTGACAAGCCGGGAGGAC,TP53I3,967,325,460
TP53I3_AGCCGTGCACTTTGACAAGC,TP53I3,2582,645,606
TP53INP1_TAATTGTACTGACGCGGGCA,TP53INP1,137,161,229
TP53INP1_AGAGCTTTCGCCCTTCCCAG,TP53INP1,664,11,78
TP53INP1_TAATTCATCAGTCCCACGGG,TP53INP1,383,272,65
TP53INP1_GCTGTGCATAACTCCTGCCC,TP53INP1,0,74,113
TP53INP1_TGCTGGGATGTTCAATGAGA,TP53INP1,1402,386,397
TP53INP1_CCATTGGACATGACTCAAAC,TP53INP1,1260,1257,1126
TP53INP2_TCCTCCGACACGAAGGCGCG,TP53INP2,1310,379,205
TP53INP2_GCACCATAGTGCTAGAGCCC,TP53INP2,706,158,112
TP53INP2_CCTGACGGCGACCTCAGCGA,TP53INP2,38,29,29
TP53INP2_GGTTCTTGGACCGGCGCGGA,TP53INP2,551,92,33
TP53INP2_CTCTGGTTCTTGGACCGGCG,TP53INP2,781,203,78
TP53INP2_CTCAGTAGTTGAACTGGCGC,TP53INP2,779,29,0
TP53RK_CACATTCTTCTACCCAACCA,TP53RK,2145,644,847
TP53RK_ACACAGTTTCAGTGTTGGGA,TP53RK,689,70,32
TP53RK_ACAATGTTCAGCTGTTCCAG,TP53RK,1208,79,19
TP53RK_GGTGCTTGATCACCGCCGCG,TP53RK,2,0,0
TP53RK_GCTGGTGAAGCAGGGTGCCG,TP53RK,501,0,0
TP53TG5_GATCGCGCCATCAGCTGAAG,TP53TG5,514,243,143
TP53TG5_AAGTGATGCGGAGCAGAAGC,TP53TG5,381,205,76
TP53TG5_GCGGCGCTTGACCCAACGCA,TP53TG5,1025,442,491
TP53TG5_GCGCTTGACCCAACGCAGGG,TP53TG5,445,101,592
TP53TG5_GGCGTCTCACCGTTCTCAGA,TP53TG5,351,50,62
TP53TG5_TGAGCGGAACCGTCTGAGAA,TP53TG5,2385,833,807
TP63_ACGTCGAAACTGTGCGGGCC,TP63,1403,546,639
TP63_CGGATAACAGCTCCCTGAGG,TP63,1336,290,199
TP63_GATCTTCTACATACTGGGCA,TP63,824,133,167
TP63_GCCGACGCTGCTTTGAGGCC,TP63,1,27,40
TP63_GGCTCCCATGCCATCAGGAA,TP63,1227,443,563
TP73_GCTCCAGAGGTGCTCAAACG,TP73,2689,948,1061
TP73_CAGCATGGACGTCTTCCACC,TP73,773,664,408
TP73_CGGCGACATGGTGTCGAAGG,TP73,1739,390,170
TP73_TGCTCCGCTTTCTTGTAAAC,TP73,2445,1001,666
TP73_AGAGATTATTGCCTTCCACG,TP73,544,338,342
TP73_CGAGAGCTCCGCCAAGAACG,TP73,2285,618,897
TPBG_GACACGGCGGAAGCCAGGAA,TPBG,867,143,72
TPBG_AAGAGGTTGCGCACGTAGGC,TPBG,155,80,138
TPBG_TGCTGGCCAGCTCCAAGCGG,TPBG,1048,486,642
TPBG_TAAGTCCAGGTGCCTGAGGC,TPBG,167,240,324
TPBG_ACATGGCAGACATGGTGACC,TPBG,961,144,105
TPBG_GGAACTCAACAGTGCTGACC,TPBG,268,90,148
TPBGL_CGAAGCAGTAGCACTGGAAG,TPBGL,2473,916,538
TPBGL_GGCCGCCGAAGCAGTAGCAC,TPBGL,118,35,163
TPBGL_CACGCACAACCACATCGAGG,TPBGL,1540,390,403
TPBGL_TGGAGGACGGCGCCTTCGAC,TPBGL,891,90,224
TPCN1_ACTGGCTCCCTCCAACGGCC,TPCN1,227,152,29
TPCN1_CTGGGAGATGAATTACCAAG,TPCN1,218,71,750
TPCN1_CGCTCACATAGATGCCAAGC,TPCN1,492,327,516
TPCN1_CAAACAGCTCCAGGGTGGCG,TPCN1,1704,214,281
TPCN1_GGTATTGCGGTGGCGTCCGG,TPCN1,1,0,1
TPCN1_GGATGTCCATGAAGGGCGGC,TPCN1,31,116,540
TPCN2_ACATCGAGCTGGCATCCACC,TPCN2,358,347,215
TPCN2_GACACTCTCGGTCAGGCCGC,TPCN2,950,146,0
TPCN2_GGAAATGGGCCCACCCGAAC,TPCN2,1528,557,388
TPCN2_CGCTGCCGGAAATGGCCAGG,TPCN2,444,320,728
TPCN2_GCATTCCGAACATGGTGAAG,TPCN2,1624,317,315
TPCN2_CCGTGGTCAGCAGCACCAGG,TPCN2,469,473,454
TPD52_CCAAACAGCATACCACGAAA,TPD52,4752,1032,1244
TPD52_TCTGAAACCTTATCCCAGGC,TPD52,539,161,240
TPD52_TTCCTGCTCCTCTTCCGAGA,TPD52,602,48,279
TPD52_TGAAGAGTAGGTGATCCGGG,TPD52,699,163,119
TPD52_AGTGGAAATTCATCTCCACC,TPD52,94,112,51
TPD52_GACATGGACCGCGGCGAGCA,TPD52,1164,173,286
TPD52L1_TCTTCGTCTGTTCCTTGCAA,TPD52L1,846,83,174
TPD52L1_CATGAAACCCTGAGTCACGC,TPD52L1,682,956,884
TPD52L1_ATGAAACCCTGAGTCACGCA,TPD52L1,901,183,334
TPD52L1_CCTGAGTCACGCAGGGCAAA,TPD52L1,2168,665,440
TPD52L1_GCTCCTCCTCCTTGGTCCGC,TPD52L1,200,40,55
TPD52L2_CGCCCGAACATGGACTCCGC,TPD52L2,1259,470,155
TPD52L2_AACATGGACTCCGCCGGCCA,TPD52L2,360,54,161
TPD52L2_ACGGATGTTCCTGTCGACAC,TPD52L2,1193,270,95
TPD52L2_TCTCCTTGGCTGCCAGGACC,TPD52L2,1173,61,192
TPD52L2_AAAGGTGCGGGATCCGACAG,TPD52L2,760,256,214
TPD52L2_GAAAGGTGCGGGATCCGACA,TPD52L2,990,89,204
TPD52L3_CTCTGTCCTGGCATGTGGCA,TPD52L3,529,456,318
TPD52L3_GGATTCATATGTGCCCACAG,TPD52L3,1624,535,331
TPD52L3_ATTCTGTCTCAGCCCTACCA,TPD52L3,1296,303,230
TPGS1_AGTGGAGAAGCGGCGGCAAG,TPGS1,482,135,266
TPGS1_CGAGGAGGACTTCCTGCGGC,TPGS1,495,102,47
TPGS1_TCGCCTGTAAACGGCGGCGC,TPGS1,210,151,126
TPGS1_CTTCAACAACAACGTGAGCG,TPGS1,628,405,249
TPGS1_GGTGCAGTGCCGTGACCACG,TPGS1,498,81,140
TPGS1_CCGCGAGGAGTTTCTGGAGA,TPGS1,2258,404,409
TPGS2_TGATGGATCTAGTCCTCCGG,TPGS2,136,51,18
TPGS2_GAGTCAGCAGCATGAAGCCC,TPGS2,600,17,20
TPGS2_AGTCGGTCTCTTCTGTGAGC,TPGS2,0,50,69
TPGS2_CCGCCTGCTCATCACCCACC,TPGS2,1498,587,308
TPGS2_TCGCAGTGTGATATTTGAGC,TPGS2,1240,150,101
TPGS2_TAGGATGCGCGTGATGCCCA,TPGS2,455,61,3
TPH1_GCTTCCTGCTGACCTTAGCA,TPH1,385,216,148
TPH1_CTTCCTGCTGACCTTAGCAA,TPH1,1670,451,382
TPH1_TTCTCTTGGCGCTTCAGAGG,TPH1,1028,331,272
TPH1_TCAGAACTCTGTTGGCACAA,TPH1,2582,652,643
TPH2_AGTAAATACTGGGCACGGAG,TPH2,411,197,215
TPH2_CGTGAAGCTGCTACCGAAAG,TPH2,3147,688,929
TPH2_CAGAGCTAGAGGATGTGCCC,TPH2,328,196,284
TPH2_AGTATACTCCACCCTGGGAA,TPH2,577,83,127
TPH2_ACGAGACTTTCTGGCAGGAC,TPH2,1459,461,643
TPH2_GCAGCACGCCCTTTCTGACA,TPH2,1339,852,887
TPI1_TTATATAGAGCGCCGCGAAG,TPI1,614,435,649
TPK1_CCACCCACTCCTCTGGACCA,TPK1,4208,616,1635
TPK1_TTACAACCACAGGCCTCAAG,TPK1,803,634,304
TPK1_CACAGGTTGCATGTAGACAC,TPK1,2238,466,737
TPK1_GATGTGAGTCGCTTGGAACA,TPK1,1076,389,309
TPK1_GGTTGATGTGATCGTGACAC,TPK1,428,158,138
TPK1_ATACAGTACCAGTGGAAAGC,TPK1,718,580,630
TPM1_GGCGGAGGCCGACAAGAAGG,TPM1,418,170,173
TPM1_TGTCGGAGGACGAGCGGGAC,TPM1,1530,478,767
TPM1_CTCCCAGCTGGAAGATGAGC,TPM1,1320,42,108
TPM1_GGCAACAGCTTTGCAGAAGC,TPM1,892,178,126
TPM1_GGTCATCATTGAGAGCGACC,TPM1,492,5,17
TPM1_TAACAGCCAAGTCCGACAGC,TPM1,1108,93,202
TPM2_GAGCACCTCTATCGCCACCA,TPM2,552,87,144
TPM2_ACTCTGCTCGGGTCTCAGCC,TPM2,285,280,268
TPM2_AGCTGGAGCGCTCGGAGGAG,TPM2,448,194,381
TPM2_CCGCATTCAGCTGGTTGAGG,TPM2,2173,191,440
TPM2_ACTGGAGCAGGCCGAGAAGA,TPM2,914,138,132
TPM2_AGCTGAGGACCGCTGCAAGC,TPM2,712,637,306
TPM3_TCACAGTAAGTGTTCTGAGC,TPM3,1504,212,158
TPM3_TAACAGCCGTTGCCGAGAGA,TPM3,94,175,69
TPM4_CGGCCACATCACCTTCAGCC,TPM4,4022,403,511
TPM4_CTCACCAGAGAAACTTGCCC,TPM4,1041,224,101
TPMT_ACTTACCATTTGCGATCACC,TPMT,160,231,164
TPO_CTTTCCCTCTCGAGATGAAG,TPO,995,281,280
TPO_CTTGGAGGAAAGCAAGCGCC,TPO,354,6,93
TPO_AAACTTCCTGAGCCAACAAG,TPO,1047,371,357
TPO_TGGGCCTGTATTTGTTCGCC,TPO,6,89,169
TPO_GCGTTCTGAGTACCCACCGG,TPO,1103,159,296
TPO_TCTTCCTACCCAGGTCCGGG,TPO,359,99,61
TPP1_GCCCGTGTGGTTGGACAACA,TPP1,1730,591,519
TPP1_CAACTTGACCTCACAAGACG,TPP1,1571,597,594
TPP1_GGGCCAAGGCCTGTGGAAGC,TPP1,1292,483,466
TPP1_AGTCCTGTGTGATCACAGAA,TPP1,460,531,179
TPP1_AGTCAACTCACGTCCTCCGC,TPP1,431,255,191
TPP1_GCAGAATGGGACTCCAAGCC,TPP1,424,137,196
TPP2_TCATCGCAGTCCTGGACACG,TPP2,1561,600,945
TPP2_TGCTACAGAAGTAGAGCCAA,TPP2,893,154,35
TPP2_ATCCTAAGGCACTCAAGGAA,TPP2,1019,256,134
TPP2_AGCACAATGGAAACAGGCAC,TPP2,586,142,59
TPP2_CAACCAACTGTAGACAGGCA,TPP2,2430,469,464
TPP2_GGTGTGAGTATCAGTGCGCC,TPP2,92,47,91
TPPP_CCTACGACCAGAAGGTGCAA,TPPP,1124,403,182
TPPP_CGCAGGCACCTACGACCAGA,TPPP,1457,478,629
TPPP_GCACAGGCTCATCGAGGGCA,TPPP,463,105,416
TPPP_GAGCCTGTGCACCTCGCGAA,TPPP,873,637,506
TPPP_GAACGTGACCGTCACTGACG,TPPP,787,191,83
TPPP_ACTGCCAGGTGATCGACGGC,TPPP,619,329,118
TPPP2_CTCCAAACGCAGCAAACCGA,TPPP2,1317,255,226
TPPP2_GACAGTCACCTCCACGGACG,TPPP2,75,28,76
TPPP2_GGTTCGGGCGTTCTTGGCCC,TPPP2,173,34,198
TPPP2_TGGGCCAGAAGCGCTTCAAA,TPPP2,1973,248,213
TPPP2_GGCAAAGACCCAGCCACCAC,TPPP2,671,61,119
TPPP2_CAAGTACACCGGCACCCACA,TPPP2,1140,513,788
TPPP3_TGCAGGCACCTACGATGCCA,TPPP3,872,688,1904
TPPP3_ACGGACACCAGCAGATACAC,TPPP3,680,213,157
TPPP3_ATCTGCTGGTGTCCGTCAGC,TPPP3,1112,141,264
TPPP3_GCCATTCATCTCTTGCCCAC,TPPP3,787,296,24
TPR_AGAGTCTGCGTTATCGACAA,TPR,745,115,50
TPR_TCTACAAGCTGCGAAGGAGC,TPR,309,63,123
TPR_CATAGAGAGCATGGAACAAC,TPR,969,108,253
TPR_GGCTAAGGCTGCCCTTAAAC,TPR,1138,362,508
TPR_CACGTTCATATTCCTCACGC,TPR,1544,153,148
TPR_CCGAGATCGATGGCCTGAAG,TPR,2403,193,54
TPRA1_GGCCAGCTGCTCACAAGGCA,TPRA1,1835,182,229
TPRA1_AGGAGCTGACCAGCCAGAAC,TPRA1,1791,410,339
TPRA1_TGCTGGACTTACTCTCCAGG,TPRA1,564,346,241
TPRA1_CCCAGCGGTACACACACCAA,TPRA1,354,79,68
TPRA1_CGGATCTTCGCCCGAGCAGA,TPRA1,1192,245,202
TPRA1_AGCGTTGTGACTGCCTCACC,TPRA1,817,143,26
TPRG1_CCACCTATCGATGGAGGAAG,TPRG1,960,356,317
TPRG1_ACGGAAGTACTTTGCTACAC,TPRG1,489,130,296
TPRG1_TTCTCCTTTCCACACAGCCG,TPRG1,2619,346,505
TPRG1_ACTTGTCCAGGGACATCCCA,TPRG1,409,49,57
TPRG1_TTCTGTCCCGCTGGAACCCA,TPRG1,1253,354,360
TPRG1_ACCAATACTCCCACGGGCAA,TPRG1,1202,210,179
TPRG1L_CACGAAGTACTCCTTGACGC,TPRG1L,4314,453,808
TPRG1L_ACACGAAGTACTCCTTGACG,TPRG1L,3186,273,483
TPRG1L_TGGATCTCGCCGTCCTCCAC,TPRG1L,477,12,92
TPRG1L_CTGGAATTCTCCGTAGGAAA,TPRG1L,1925,228,383
TPRG1L_CATCGGGTGTTCTGTGAAAG,TPRG1L,3032,759,262
TPRG1L_CCTTTGCCAGGACAGGCGAA,TPRG1L,46,83,137
TPRN_GCTCGCTGCGGAAGTCCGAG,TPRN,485,148,249
TPRN_TGTGGACACATGGGCTCGCC,TPRN,11,115,140
TPRN_GAGAGCTCTCGGCTGCCAGA,TPRN,184,24,38
TPRN_CGAGAGCTCTCGGCTGCCAG,TPRN,523,307,176
TPRN_CTTCTTCCGAAGCAGCCGGC,TPRN,8,54,122
TPRN_GCAGTCCGTGGAGCTGCCAA,TPRN,240,48,193
TPRX1_CATCCGGCCAGGACTTAAGA,TPRX1,713,426,301
TPRX1_ATCGGGCCTATAATTGGGCC,TPRX1,128,5,39
TPRX1_TCTGCCTCCGCACCTCAGCG,TPRX1,1111,359,570
TPSD1_GATATTCCGCGTTGCAAAGG,TPSD1,848,260,208
TPSD1_TGTGATATTCCGCGTTGCAA,TPSD1,883,173,288
TPSD1_TGCAACGCGGAATATCACAC,TPSD1,3466,299,563
TPSG1_GCACCCAGGCACCGTTCACC,TPSG1,634,117,258
TPSG1_TGTCCTCAGGACGACTCCGG,TPSG1,530,109,22
TPSG1_ACCTCCCGCAGGCTGTACGG,TPSG1,922,82,403
TPSG1_TCTGCCTCACGGTGGAGAAG,TPSG1,1472,231,335
TPSG1_AGGTTTCGGATGCAGGCGGC,TPSG1,189,91,154
TPST1_ATTGGAGGTGTGCCTCGGAG,TPST1,431,90,84
TPST1_TTCGCTGTGGAGAGGAAACC,TPST1,904,404,553
TPST1_AAGTAAAGAGAAGATCCGCC,TPST1,141,111,5
TPST1_CCTGATGGTCCGAGATGGCC,TPST1,349,107,13
TPST1_GGAATTCTCCCTTATAGACC,TPST1,383,99,79
TPST2_ATAGCCGAGCTGAGCCAGCA,TPST2,1347,502,322
TPST2_GAAGCGCTCTCCAAGTGGAC,TPST2,936,315,93
TPST2_GACCTCATTGGCAAGCCCGG,TPST2,793,207,81
TPST2_TGCTGATGGTGCGGGACGGC,TPST2,1244,622,589
TPST2_TTCCTGCTGATGGTGCGGGA,TPST2,633,195,491
TPST2_GAACCGCCAGCACCAGGACC,TPST2,1202,341,272
TPX2_AAGTACTGAGGAGCAAGAGC,TPX2,419,56,15
TPX2_AGTCAACTGATTTGGTGACC,TPX2,391,0,26
TPX2_AAGCCTTTCAACCTGTCCCA,TPX2,914,64,2
TPX2_GATCCCAGAATACTTGAAGG,TPX2,944,30,75
TPX2_CTGTTCTTCAATGCAAAGGC,TPX2,421,86,186
TPX2_TCCCTAGGAAGAGGACGAAC,TPX2,170,59,55
TRA2A_AGAGCGCACACACCAACACC,TRA2A,1075,181,153
TRA2A_GGATGGTAGAAGAATTCGGG,TRA2A,588,137,160
TRA2A_GGAGAAGACATACTGGCAGC,TRA2A,395,26,152
TRA2A_CACCAGAATACCGGCGGCGA,TRA2A,2951,209,1
TRA2B_CGTCGGGATTACTATGACAG,TRA2B,2230,1394,829
TRA2B_AGACCACATACGCCAACACC,TRA2B,798,495,241
TRA2B_CAGCAGTCTAGGCGTTCAAG,TRA2B,1314,128,476
TRA2B_ACGTGATCGTCTATGGGAGC,TRA2B,659,307,187
TRA2B_GGACTTTGATCTGGAACGCC,TRA2B,36,210,152
TRA2B_CGAGCAGAACTACGGCGAGC,TRA2B,237,197,252
TRABD_CTCCACCTCACCTCGTGCGG,TRABD,2173,590,374
TRABD_AGGCTTCAGAGCCGGTGCCC,TRABD,448,142,118
TRABD_ACTTCAGCGACGACAGCAAG,TRABD,1467,196,378
TRABD_TCGTGTGTCCATGCTGAAGA,TRABD,1368,419,359
TRABD_GCTCCCTCTCTCTGCAGAAC,TRABD,719,88,142
TRABD_GGATGGGTCGGTCACCCAGG,TRABD,395,11,76
TRABD2A_TGCTTCCAGTCGTTACAGGA,TRABD2A,657,237,353
TRABD2A_CAGCGATCTGTGGGTCCGCC,TRABD2A,463,217,173
TRABD2A_TGTGGATGGGTCGTCCAGCA,TRABD2A,1438,880,1116
TRABD2A_TGTCAGGGAACTCCTCCAAA,TRABD2A,1745,668,468
TRABD2A_GCAAGGAACAGGTCTAAGAC,TRABD2A,1512,347,542
TRABD2A_TGAGCTTGACATACTCCAGG,TRABD2A,437,53,77
TRABD2B_TACAACAGCAGGACCCGCCA,TRABD2B,1363,277,230
TRABD2B_TGTCCTCGATGCGGACCCAG,TRABD2B,939,199,328
TRABD2B_AGGTGGACCACACACCCGCC,TRABD2B,438,158,374
TRABD2B_GGCGCTTCTACGGGAGAACG,TRABD2B,96,227,185
TRABD2B_GCAGGCCTCCTACACCACGG,TRABD2B,1638,357,223
TRABD2B_TCAACTTCACGTAGTCCAGG,TRABD2B,388,116,229
TRADD_GACCGATCCCAATGGCGGCC,TRADD,131,124,17
TRADD_ACCTCCGACAGAGAGGGCAC,TRADD,556,20,55
TRADD_TTCCTCCGCGCCTACCGCGA,TRADD,1502,338,516
TRADD_TGCAGCTGCGATTCTGCGGG,TRADD,641,226,308
TRADD_GGTGCGCGTAGGCATCCGAC,TRADD,0,67,17
TRADD_CCAGCGAGGACTCCACAAAC,TRADD,4649,1521,1784
TRAF1_ACGCTGAGCTTAGGTCAGGC,TRAF1,402,124,162
TRAF1_AGTATGATGCGCTGCTGCCG,TRAF1,16,83,231
TRAF1_GAGCTTGCGCCTCATGGAGG,TRAF1,548,185,144
TRAF1_AGCTTCTGGCTGAGCTGGAG,TRAF1,838,382,129
TRAF1_GACCTCCAGTCTATAAGCCC,TRAF1,365,114,202
TRAF1_CTCAGGCAGCAGTCCTCGCC,TRAF1,138,282,378
TRAF2_TGGCCACACTGCGCCTGGAA,TRAF2,1978,888,734
TRAF2_CACGAGGGCATATATGAAGA,TRAF2,810,530,938
TRAF2_TCTGTCACCATGCCACACGC,TRAF2,1393,490,926
TRAF2_CGTTGCTAGAGCTGCCACGA,TRAF2,774,474,540
TRAF2_CGATGGCGTGGAATCTGCAA,TRAF2,429,187,80
TRAF2_TGTCTGCGTCCTGAACCGGG,TRAF2,878,219,0
TRAF3_TCGGGCTGCACAGCACCAGG,TRAF3,169,385,262
TRAF3_GCTTCGGGCTGCACAGCACC,TRAF3,1,174,150
TRAF3_TTGCAGTCAGGACGCACACA,TRAF3,3260,891,1487
TRAF3_GGGCAGGACACCACCACGCA,TRAF3,1723,616,268
TRAF3_CGCTCTCCAGCTCGGTCACG,TRAF3,1623,867,1381
TRAF3_GCTTAAACGGCCAAGGAAGC,TRAF3,447,809,362
TRAF3IP1_GCACGACATCATCACGGAGG,TRAF3IP1,817,217,234
TRAF3IP1_CGGGCTGGTTTGGCCAACAG,TRAF3IP1,2158,1062,1055
TRAF3IP1_TAGTGACGATGCGGTGCGGA,TRAF3IP1,413,97,466
TRAF3IP1_CAGAGACTCCGAGCGCAAGA,TRAF3IP1,508,526,500
TRAF3IP1_AGACTCCAAGGCTGAAACAG,TRAF3IP1,2070,616,581
TRAF3IP1_TTTCCTCTTGGGTCTGAACG,TRAF3IP1,678,179,246
TRAF3IP2_GACATGAGTGTTCTGAAGCC,TRAF3IP2,502,287,506
TRAF3IP2_CGCTGAGTCGCAGCTGGACG,TRAF3IP2,2683,679,672
TRAF3IP2_CACCAGCCACCTAATAGAGC,TRAF3IP2,290,242,203
TRAF3IP2_TTCAGGATAACCTTCTGCAC,TRAF3IP2,1231,570,224
TRAF3IP2_TCACAGGAACCGAGCAGGCC,TRAF3IP2,906,593,755
TRAF3IP2_CATTCACCTTGAAGCTGAGG,TRAF3IP2,534,153,176
TRAF3IP3_ATCCTTCTGGCACAAGACAA,TRAF3IP3,642,227,252
TRAF3IP3_AGGCTCTGCTCTTACCACGG,TRAF3IP3,940,236,264
TRAF3IP3_GGTACTCAGACAAAGGCAGA,TRAF3IP3,235,22,22
TRAF3IP3_GGAGGCCCTACAAAGGGAGC,TRAF3IP3,0,15,19
TRAF3IP3_CCAGCTATACACCTGTACCC,TRAF3IP3,1355,300,760
TRAF3IP3_GCAGCAACTACAGAGCACAC,TRAF3IP3,1167,380,741
TRAF4_CTTGTAGTCGAAGCCAGGCA,TRAF4,2087,754,655
TRAF4_AGGAACTTGTAGTCGAAGCC,TRAF4,878,133,349
TRAF4_CGCTGCATCCACAGTGAGGA,TRAF4,1945,1050,547
TRAF4_GACGTAGTGGCCCACTCCAG,TRAF4,607,157,130
TRAF4_TCTCACCCTGTGCTTGCAGC,TRAF4,1052,594,213
TRAF4_ACGGCGGCTACAGGAGGCCA,TRAF4,1172,16,107
TRAF5_ATTCTGGCGGATGAAACCAC,TRAF5,280,82,186
TRAF5_CTTCCAACCGCTCCACAAAC,TRAF5,2873,1213,1443
TRAF5_TGCTCCTGGATGTAATGCCA,TRAF5,876,177,228
TRAF5_TTCGTAGGTAGATGAACACC,TRAF5,621,196,219
TRAF5_TCTGTTCTTGAAAGTGGCCG,TRAF5,581,347,279
TRAF5_GGCCGTGGACTTAACTGACC,TRAF5,480,347,290
TRAF6_GATTCTACACTGGCAAACCC,TRAF6,29,7,24
TRAF7_GCTACAACCGCTTCTCCGGG,TRAF7,396,1,22
TRAF7_GCCGTCACCACCATCACAAA,TRAF7,4275,899,940
TRAF7_ATGCTGTCCTCCTCGTCCCG,TRAF7,1577,78,93
TRAF7_AGATGGCGGAGTCGGAGCGG,TRAF7,1246,78,7
TRAF7_TGACAGCACAGCTTCACCGA,TRAF7,1376,1,43
TRAF7_CGCGATGTTGTTCACCACCA,TRAF7,1848,74,66
TRAFD1_GGCTGAATTTCTAGATGACC,TRAFD1,120,131,93
TRAFD1_AGATTATTGTGGTGCCCGGA,TRAFD1,767,141,374
TRAFD1_CTTTATGTCACTGAGAGACC,TRAFD1,918,124,181
TRAFD1_ATAATGATGCTCTCCTCCAC,TRAFD1,780,46,91
TRAFD1_AGACCTCACCAGAGCTGCCC,TRAFD1,281,112,52
TRAFD1_CAGACAGCCAGGACATCCAG,TRAFD1,627,94,273
TRAIP_CAGTGAGACTGTCGACCGCC,TRAIP,156,107,150
TRAIP_ACAGTCAGCGGTGGAACAGC,TRAIP,640,10,16
TRAIP_TCATCTTGCTCCTGAGCCGG,TRAIP,420,90,72
TRAIP_CGACACTCTGCGGGATACGC,TRAIP,933,198,197
TRAIP_CTCAAACCACTGAATTAGGC,TRAIP,1698,0,18
TRAIP_CTTCGATCACTCCCGCGACG,TRAIP,2799,0,97
TRAK1_TTGTCCGAATGAGCTTGCCG,TRAK1,1486,510,483
TRAK1_ACGGTTATGACCACGACGAC,TRAK1,1363,213,424
TRAK1_GCAATGTCCCTGCGAGACAA,TRAK1,2182,497,287
TRAK1_TGTCACTCGGCTTCTTGAGG,TRAK1,705,149,252
TRAK1_GGTGGAACACATCAGGGAGG,TRAK1,16,26,10
TRAK1_CTCACTCTCCTCCGCAGCGC,TRAK1,1939,333,682
TRAK2_CCTTCTGGTCTGCCAGAACC,TRAK2,1300,434,471
TRAK2_ACAAATCACTCCTGAACCAG,TRAK2,1766,438,134
TRAK2_AGCTGCACGAGTTACAAGAC,TRAK2,1525,706,552
TRAK2_TGCCCAACGGCAACTGACAA,TRAK2,1775,554,494
TRAK2_AAGGACTCATTGAACCGAAG,TRAK2,168,20,42
TRAK2_GGATCTCCCTGAAGTTGAGC,TRAK2,452,50,93
TRAM1_CAGGAAGACCATCGCCACAC,TRAM1,2503,688,746
TRAM1_ACGAATTCGTGGCTCAGCAC,TRAM1,1247,384,267
TRAM1L1_CGATCCAAGCCTACGTAACA,TRAM1L1,3347,1530,1545
TRAM1L1_ATAGAGGGACTTTGAGCCCG,TRAM1L1,675,142,14
TRAM1L1_GATGAATTCCTGGCTGAGAA,TRAM1L1,303,142,152
TRAM1L1_TGAATTCCTGGCTGAGAACG,TRAM1L1,1569,240,168
TRAM2_CAAATATACTGGAGCTGGCG,TRAM2,737,117,165
TRAM2_CGTGCAGCCAGTAGGCCAGC,TRAM2,586,99,187
TRAM2_CATGCGGGTAGTCTTCCCAG,TRAM2,494,163,67
TRAM2_CCACTATGGCCCTAAGGACC,TRAM2,1182,140,156
TRAM2_AACATTAGCGTGCCTACAGC,TRAM2,260,232,192
TRAM2_AAGTTACCCGCTCTTCAGCC,TRAM2,672,642,416
TRANK1_ATATCACAGACCAGGTCAGG,TRANK1,280,107,129
TRANK1_GCCTGCCCTAGGACAAACAG,TRANK1,96,227,325
TRANK1_GCCACTACTCACGCTTAACG,TRANK1,844,293,218
TRANK1_AGTCGCATGAGGGCATGAAG,TRANK1,780,327,457
TRANK1_TAGTGGTGAAGACTCCAACA,TRANK1,1068,397,212
TRANK1_CTACGCACCTAGCTGCCCGC,TRANK1,8,175,266
TRAP1_TGAAGCGCAGCCACTTGGGC,TRAP1,1060,68,60
TRAP1_GGTCCATCATCCAGATGGCC,TRAP1,689,42,300
TRAP1_GCCTTCCATTCAAGTACAAG,TRAP1,1267,245,361
TRAP1_AAGCTTCGGGAGTTAGAACC,TRAP1,825,115,40
TRAP1_AGTAGAAACCCACTCCAAAC,TRAP1,1083,166,336
TRAP1_GGAAGAGCTGGTGTCCAACC,TRAP1,651,119,270
TRAPPC1_TGAGCTCTTTCGCTCCCGAC,TRAPPC1,519,329,304
TRAPPC1_AACGGCTAGTTTGGAAGGCC,TRAPPC1,19,23,0
TRAPPC1_CTCCGCGTACATGTCTAGCG,TRAPPC1,629,6,21
TRAPPC1_ACATCTTGCTGACAAACGAG,TRAPPC1,906,50,12
TRAPPC1_GGCACCGCAAGAAGCAAGCA,TRAPPC1,759,59,16
TRAPPC1_ACACTCCATTCCGGTCAAAC,TRAPPC1,2421,63,31
TRAPPC10_GCCGCCGGTGATCTACACCA,TRAPPC10,1239,363,351
TRAPPC10_AGAGAGCGTTGGATAAACAG,TRAPPC10,1376,365,387
TRAPPC10_TGTTTACAGGTCCTATGGCC,TRAPPC10,199,61,12
TRAPPC10_TTCGAGAAGAGTCCTTCAAG,TRAPPC10,709,67,244
TRAPPC10_GCAGCAGTTCGAGGACGCCC,TRAPPC10,101,455,103
TRAPPC10_AGAATCGAAGCATCACCAGC,TRAPPC10,924,131,173
TRAPPC11_AGCTCTCCGATTTGCACAGA,TRAPPC11,1365,69,210
TRAPPC11_GGTGGTTGTGTTCTATGAAC,TRAPPC11,137,11,13
TRAPPC11_GCCTGCTGGTAATAGAAACC,TRAPPC11,1189,2,149
TRAPPC11_GGACAAAGATCATGGCGACA,TRAPPC11,1201,22,20
TRAPPC11_ACATCAGGTTACCTCTACCA,TRAPPC11,1701,350,152
TRAPPC11_TTAAATTGGCAGGGAGGAGG,TRAPPC11,505,166,105
TRAPPC12_TGCTCAGGGCGGTGGCAAAG,TRAPPC12,822,447,1307
TRAPPC12_CTCCTCACAGCCCACGGCCA,TRAPPC12,2378,723,231
TRAPPC12_GGCTGATCAAGATTTCCGAA,TRAPPC12,816,335,734
TRAPPC12_TGCAAGATGCGCATCGAGAA,TRAPPC12,2719,810,570
TRAPPC12_ATGAGCAGCGTGACTCAGGA,TRAPPC12,572,540,329
TRAPPC12_CCAGACGTGACCTCCACAGC,TRAPPC12,2955,642,614
TRAPPC13_GCAATACCAATTCCATCCAC,TRAPPC13,651,127,158
TRAPPC13_TTCCTGAAATTCCACACCAG,TRAPPC13,2285,228,230
TRAPPC13_TGGAATTTCAGGAAGACAGC,TRAPPC13,1006,80,124
TRAPPC2L_CATCGCGGTGATTGCCAAGG,TRAPPC2L,714,161,128
TRAPPC2L_ACAGCTCCCTCTGGTCGACC,TRAPPC2L,911,178,110
TRAPPC2L_CGTAGCCGTATCTGCACAGC,TRAPPC2L,1904,130,258
TRAPPC2L_GCGAATTTCGTTGTCTCGAA,TRAPPC2L,976,352,379
TRAPPC2L_GGGACCGCATCCAGTCCAGG,TRAPPC2L,288,46,0
TRAPPC2L_TAGCAGGGCCTTTGATAACA,TRAPPC2L,1482,582,711
TRAPPC3_GATGGTTATTCCTCTCCAGC,TRAPPC3,104,26,17
TRAPPC3_TCCGGATGAGATTCATCAGG,TRAPPC3,386,33,35
TRAPPC3_AGTTCCACAAAGTCCACCAA,TRAPPC3,830,59,9
TRAPPC3_ATTACTAATTGGAGCCCAGC,TRAPPC3,128,0,15
TRAPPC3_CACCCTGACCTATGGTGCCC,TRAPPC3,489,1,68
TRAPPC3_ACGGTTCGCCTGCCTCGACA,TRAPPC3,0,24,39
TRAPPC4_TCCGAGCGGCAAGGCAGCGA,TRAPPC4,1118,171,240
TRAPPC4_TGGACACCGGGTAATTAGCA,TRAPPC4,1299,109,128
TRAPPC4_GGCCAAATCGAATGGACACC,TRAPPC4,876,0,102
TRAPPC4_CTCCCAGCTGTCTCCTGAAC,TRAPPC4,1166,600,352
TRAPPC4_CTAGCAGATCCTAGGCAAGC,TRAPPC4,1064,154,104
TRAPPC4_GGTTCCGGAGCACCATCCCA,TRAPPC4,107,16,30
TRAPPC5_ATGGAGGCGCGCTTCACGCG,TRAPPC5,613,269,163
TRAPPC5_TAGCACCTTGGTCTCACGCC,TRAPPC5,263,38,47
TRAPPC5_GCCGAAGAGCGCCTTCCACA,TRAPPC5,537,0,0
TRAPPC5_GAAGGCGCTCTTCGGCAAGG,TRAPPC5,484,0,72
TRAPPC5_CACCTACATCTCCGTGCCCA,TRAPPC5,599,109,165
TRAPPC5_GCTCATGATCAAGTTCGAGG,TRAPPC5,60,2,117
TRAPPC6A_AGGATTTCGGAATCACCACC,TRAPPC6A,58,48,95
TRAPPC6A_CCCATGACTCACAGACGGGC,TRAPPC6A,257,174,102
TRAPPC6A_TGACCACGCTCTCAATGCCC,TRAPPC6A,272,174,294
TRAPPC6A_CAGCCTGCGCACCAATCACC,TRAPPC6A,357,390,144
TRAPPC6A_CTCACCTCTCGCCTAGAGCC,TRAPPC6A,813,201,412
TRAPPC6A_TGAGTTTCTTCACACGGAGA,TRAPPC6A,389,84,169
TRAPPC6B_ACGTGTGGCTTAATCAGAGG,TRAPPC6B,949,261,250
TRAPPC6B_CTGCAGACATCTGAGTAAGC,TRAPPC6B,1226,855,997
TRAPPC6B_CGGACGATGTATTACTAAGC,TRAPPC6B,2091,372,729
TRAPPC6B_AGTGTACAAGTCCGCGGAGC,TRAPPC6B,506,91,123
TRAPPC8_GCTGTCTAAGAGTATAGGAC,TRAPPC8,1379,104,134
TRAPPC8_GGCCATCGATTTAGTAAAGC,TRAPPC8,1181,202,108
TRAPPC8_CAAGCAATGCTTTATGCAGC,TRAPPC8,134,534,354
TRAPPC8_CTGGATTGCTCCAACTGAAG,TRAPPC8,2666,377,585
TRAPPC8_TGCTGGCATCGACTGAAGAA,TRAPPC8,1161,40,45
TRAPPC8_CCTGCACTGATTGTACACAC,TRAPPC8,1442,51,1
TRAPPC9_TGCAATTCAGAAACGGAGCA,TRAPPC9,1889,811,1287
TRAPPC9_GGCGATTTCCTATTACAGCA,TRAPPC9,457,269,211
TRAPPC9_GCAGCCAATAGACACCGGCC,TRAPPC9,746,174,154
TRAPPC9_AGGCCGCATGCGGAAGCACG,TRAPPC9,279,97,62
TRAPPC9_TCCTCGGAGACGATGCCCAC,TRAPPC9,756,74,66
TRAPPC9_GGAGCGCCTCCAGGATCGCA,TRAPPC9,656,36,63
TRAT1_TAAGGTGGTCTTAGAAACGC,TRAT1,1036,313,238
TRAT1_GGAGAAACTGTCTACTAAGG,TRAT1,396,157,175
TRDMT1_GAAGCTACATAGAAGGGACA,TRDMT1,516,105,294
TRDMT1_AGGTCCGTGTGCTTTACCAA,TRDMT1,423,219,173
TRDMT1_CCCTTTAGGATTGGCCGGCA,TRDMT1,1677,394,192
TRDMT1_CTTGTGAATGGCTGGCAGGG,TRDMT1,1022,395,345
TRDMT1_GCTGGAGCTATACAGCGGCG,TRDMT1,43,98,164
TRDMT1_TGTATAGCTCCAGCACCCGC,TRDMT1,877,180,380
TRDN_TTCACTCCTGCAGACCGCCC,TRDN,338,213,172
TRDN_GCTTGTTCTGTCGGTAAGGG,TRDN,171,246,274
TRDN_TGTTCTGTCGGTAAGGGAGG,TRDN,345,192,181
TRDN_CTATGGAGGAAACCACGGAC,TRDN,1835,612,806
TRDN_TCATTGCCCTGATAATCACG,TRDN,847,503,243
TREH_TTTGCTGTAGGACTCAGGCC,TREH,437,223,582
TREH_ATGACACCGCCTTTCTACAG,TREH,1168,278,119
TREH_AACTCAACAAAGCGACCGCC,TREH,0,50,134
TREH_GCCAAACTGCGTGCCTGGGC,TREH,1,161,172
TREH_CCACGAACACTTCCAGGCCA,TREH,4852,1511,1451
TREH_TCACCTGGAGCTATAGACAG,TREH,666,172,246
TREM1_AAGGGCTCAGTGTCCAAACC,TREM1,1309,280,208
TREM1_GGGCTCAGTGTCCAAACCAG,TREM1,980,229,246
TREM1_AGAATTCTCATTGGAGCCAG,TREM1,495,88,82
TREM1_CCGAATGGTCAACCTTCAAG,TREM1,1204,236,267
TREM1_TGGTTTACTGCGCGTCCGAA,TREM1,582,232,206
TREM1_CGGAGAGATGCCCAAGACCC,TREM1,1203,562,405
TREM2_TCTCCTGGACCCTGGAAGCA,TREM2,1936,312,513
TREM2_GGCTCCTTGGAGAGACAAGA,TREM2,886,196,170
TREM2_CAGCATCCCGGTGATCCAGG,TREM2,280,232,342
TREM2_TAATGGTGAGAGTGCCACCC,TREM2,466,177,261
TREM2_CCTATGACTCCATGAAGCAC,TREM2,505,149,514
TREML1_GACGTGGTGGACCACTGAGG,TREML1,494,35,21
TREML1_ACGTGGTGGACCACTGAGGA,TREML1,1045,250,457
TREML1_TGTCTGTCCTGCCAGGGAAC,TREML1,543,156,270
TREML1_AATGGTTACCCTGCAGGAAG,TREML1,390,106,95
TREML1_GCGTACGTTTCTCACAGACC,TREML1,2973,702,561
TREML1_CTGCCAACTATGCCCTGACC,TREML1,1985,345,547
TREML2_CCTTCTACACGTGACCCACC,TREML2,239,126,57
TREML2_GCACCAGATCGCCCACCACA,TREML2,2621,907,792
TREML2_AGCACCAGATCGCCCACCAC,TREML2,345,680,395
TREML2_GGAGGCTAAGAGCCTAGGCA,TREML2,116,138,172
TREML4_AAGAGTCCACATAGGAGACG,TREML4,619,271,269
TRERF1_TTGTTGTAGGTTCGGACAAG,TRERF1,2025,841,563
TRERF1_AGATATCTCTGCCCTGGCCC,TRERF1,405,19,90
TRERF1_GGATGAAGAGAGGTTCCGGC,TRERF1,213,145,38
TRERF1_TGAGGCTTTCTGCCTCGGGA,TRERF1,407,286,169
TRERF1_CTTGAACTCCTTCAGGCAGA,TRERF1,593,74,56
TRERF1_CCACCACTTGGCGTCCACAG,TRERF1,839,543,464
TREX1_GCCCAGTGTTAAGATCCGAA,TREX1,1079,218,382
TREX1_TGCCCAGTGTTAAGATCCGA,TREX1,1616,106,279
TREX1_AGCCAGCTCTGCTTGGAGCA,TREX1,1806,238,272
TREX1_TAGTGTTCCTGGTTGTGGCC,TREX1,230,257,133
TREX1_GGCTACTGCCAAGGTCAGGA,TREX1,401,10,234
TREX2_GGCAATCTCGGGCTCCACAC,TREX2,221,167,476
TREX2_AAGACAAAGGTCTCGGCCCG,TREX2,266,56,148
TREX2_CGGACATGGTGATGTTCCCA,TREX2,1554,118,135
TREX2_CCCACGTTGTGCTCTAGGCA,TREX2,5004,1504,1686
TREX2_AAGATCGAGTTGGCCGAGGA,TREX2,283,190,182
TREX2_TCCCAAGATCGAGTTGGCCG,TREX2,744,512,670
TRH_GGATGACTTCCTGCGCCAGG,TRH,1051,72,25
TRH_ACTCACCGGAGTGCTCACCC,TRH,641,258,265
TRH_CCTCATCTTCTCGTCGGCCA,TRH,657,122,645
TRH_TTGCATATGCTGTCCCGAAG,TRH,2915,331,390
TRH_CAGAAGGCTGGCAGATCCCA,TRH,949,56,17
TRH_GATGACCTGAGTAGGAGCCA,TRH,228,6,37
TRHDE_CCCTCAGGCTTTCCGGAGCG,TRHDE,715,295,348
TRHDE_TCAAACACGGAAGTTTCCAC,TRHDE,590,126,74
TRHDE_CGTATGCTGCTATGGAGAAC,TRHDE,1395,673,835
TRHDE_AAGACGTGTGGCTGAAGGAA,TRHDE,2279,671,520
TRHDE_GCAGGCAACAGATATTGACA,TRHDE,626,199,158
TRHDE_GGATCAGTGGACACTCCAGA,TRHDE,65,105,170
TRHR_CAAGTAAGATGGTGACCACC,TRHR,411,243,118
TRHR_TGATGTTGCCTACAATGCCC,TRHR,347,111,85
TRHR_GCTTGGTTCTCATGACAACC,TRHR,950,255,321
TRHR_CCTGGAGATCTTGTAGCCAC,TRHR,431,352,256
TRHR_TCTCAACAGTGCCATCAACC,TRHR,1807,282,754
TRIAP1_ACTGCTGGTAGCGCTTGAAG,TRIAP1,1142,42,0
TRIAP1_GCTTGAAGAGGTCGGTGCAC,TRIAP1,118,0,25
TRIAP1_CGCCGAGAAATTTCTCAAGG,TRIAP1,1001,26,22
TRIAP1_TCGCCGAGAAATTTCTCAAG,TRIAP1,1017,237,81
TRIB1_TGGAGCACTCGGAGAGGCGC,TRIB1,188,187,119
TRIB1_CTGGAGCACTCGGAGAGGCG,TRIB1,625,125,234
TRIB1_CCAGTAATGTTGCTGTGCGA,TRIB1,700,103,160
TRIB1_GAAGTTCGTCTTCTCCACGG,TRIB1,1105,170,213
TRIB1_GAGGCTGCGAATGAGGCACC,TRIB1,380,15,161
TRIB1_TTCCAAGACGGACTCAAACC,TRIB1,1172,312,478
TRIB2_ACAAGTTCGGAGTCTCGGGC,TRIB2,658,42,80
TRIB2_CGTGCCGTGCATCTGCACAG,TRIB2,1182,829,743
TRIB2_CATAGGCTTTGGTCTCACCC,TRIB2,1120,345,288
TRIB2_GAGCCAATACAGCATACAGA,TRIB2,474,231,298
TRIB2_CACGCCGGATCTTGCTGAAG,TRIB2,4156,835,1121
TRIB2_TAAGGAAGTGTCTGACCAGC,TRIB2,637,61,110
TRIB3_CCTGACACCTACCTGGCAAC,TRIB3,1117,363,507
TRIB3_CTTCGAGCTCGTTTCTGGAC,TRIB3,1440,698,859
TRIB3_GACATAGGGCCCAAGACGGG,TRIB3,1221,108,224
TRIB3_ACGGCCAGGGCTTCCTGGAC,TRIB3,317,127,103
TRIB3_GGCACGCGTGCTTGTCCCAC,TRIB3,316,98,185
TRIB3_CATCGGGTCCTGTCGCAGCC,TRIB3,1010,201,280
TRIM10_AGCTACTTCTGTGCCAAGCA,TRIM10,1478,581,590
TRIM10_CTCTTGACTATGAGGTGGGC,TRIM10,517,423,240
TRIM10_TCATCTCCCTCTGCAGCGGG,TRIM10,684,314,185
TRIM10_AGCTCTGGCGACACAGCCAC,TRIM10,402,133,191
TRIM10_CAACTGGCAGCTGGCTAACG,TRIM10,3374,838,1435
TRIM10_CTCACAGTAGCGGGTAAGGC,TRIM10,1127,229,270
TRIM11_AGACAGGCGGAGCGTGCAGC,TRIM11,802,131,185
TRIM11_CAGTCCCGGGACCCTGCACA,TRIM11,1399,254,243
TRIM11_ACATCAAGGACGCCCTGCGC,TRIM11,932,165,249
TRIM11_TCGCCGTTTGCTGGCAGAGG,TRIM11,202,153,127
TRIM11_TCCAGCTTCGCCTGCGGGAG,TRIM11,1261,504,516
TRIM11_CAACCGCCCGCTTGCTAAGA,TRIM11,3180,854,800
TRIM13_GAATGGAGCTGGTCTCCACA,TRIM13,0,56,38
TRIM13_AAGATGCCTATGCTCAGGAA,TRIM13,1024,322,421
TRIM13_CATCTTGCAGGAGCAACGGA,TRIM13,744,169,122
TRIM13_TACTGGGAACAGGTGACAGA,TRIM13,582,195,131
TRIM14_AGCGCTTGAGGCACCAGGAC,TRIM14,2685,819,1168
TRIM14_GACCCTTCCAGCACCAAGCC,TRIM14,193,138,204
TRIM14_GGCGGAAGGCACTTCTGCGG,TRIM14,950,126,121
TRIM14_TAAGGGCCTCGTGGAAGCCG,TRIM14,762,75,129
TRIM14_ACTTGACGAAGAGGAAGCGC,TRIM14,774,147,106
TRIM14_CGACAAGCTCCGACCTCCCA,TRIM14,1174,108,262
TRIM15_TCATGGACCACCTTCAGGGA,TRIM15,1454,427,760
TRIM15_CTTGGCAGAGCGGGCAGAGC,TRIM15,167,207,207
TRIM15_GGATCGTCTCAGGAGTCGAC,TRIM15,63,11,120
TRIM15_AGTCACCCGGCTTGGAGCCC,TRIM15,232,271,119
TRIM15_ATGTCAGAGTCAACCAGAGC,TRIM15,1068,196,430
TRIM15_TCGCCCTGGACTACGAGGCG,TRIM15,1031,790,1315
TRIM16_GACAGCGACTCTGCAGAGCA,TRIM16,981,28,34
TRIM16_GGACAGCGACTCTGCAGAGC,TRIM16,872,223,1
TRIM16_TTCTGGGTCAGCCAGCCCAG,TRIM16,319,87,137
TRIM17_GGGTGGTGCAGCTGTCCAAG,TRIM17,1876,212,225
TRIM17_CCAGTAACGCCGCCCTACGA,TRIM17,3726,545,788
TRIM17_TCCTGGTGATCTGCTCCCGA,TRIM17,697,176,148
TRIM17_ACCTTCGGGAGCAGATCACC,TRIM17,998,106,29
TRIM17_GCCCAACCGGCTGCTGACCA,TRIM17,856,413,264
TRIM17_TCAGCAGCCGGTTGGGCAGC,TRIM17,460,76,70
TRIM2_TGGTCTTCGATGCACAGGAG,TRIM2,989,761,822
TRIM2_CTCGCAGAAAGTGTGCAGAC,TRIM2,2445,1788,1426
TRIM2_GAGAGGGTTAAACTGTGGGC,TRIM2,361,41,62
TRIM2_ATGTGTCGGGAGTGCACGGA,TRIM2,878,172,319
TRIM2_AGAATCTATTTCTGGGAGCC,TRIM2,614,187,331
TRIM2_TTTCCACGATGAAATCCAGC,TRIM2,481,125,76
TRIM21_GGCATGGAGGCACCTGAAGG,TRIM21,1588,175,94
TRIM21_GAGACTCTGTGCGCAGGAAG,TRIM21,344,488,266
TRIM21_CACACTCCTGAGTTCTGGAG,TRIM21,2119,653,513
TRIM21_GAAACACCGTGACCACGCCA,TRIM21,1,256,176
TRIM21_GGTCACGGTGTTTCCGAGAC,TRIM21,462,222,202
TRIM21_GATGCTCACAGGCTCCACGA,TRIM21,165,88,87
TRIM22_ACTCCAGATCTTCTGTAAGG,TRIM22,897,308,587
TRIM22_CCAAACATTCCGCATAAACG,TRIM22,4526,1861,1385
TRIM22_AACATTCCGCATAAACGAGG,TRIM22,1145,180,172
TRIM22_TCAGACAAGAGAGAACCGCC,TRIM22,393,93,227
TRIM22_CGCTCATCTCAGATCTCCAG,TRIM22,1318,304,463
TRIM22_TCATCTCAGATCTCCAGCGG,TRIM22,1870,415,202
TRIM23_GACTGTATGAAGGGTTGGAC,TRIM23,383,185,311
TRIM23_ATTGTGCAGCACATTGAAGG,TRIM23,1171,504,182
TRIM23_AACTATGTGCTCTCAGCACC,TRIM23,766,3,71
TRIM23_TACCTCTCCAGATATCCCAA,TRIM23,112,33,33
TRIM23_AGTGAGACAGTCATGACAGA,TRIM23,1027,81,81
TRIM23_CTCCGAGCTTGTTTACAACC,TRIM23,2712,481,511
TRIM24_GCCACCAGAACATCCAGAGC,TRIM24,1933,432,402
TRIM24_GCACATTCTTGGCTGCAAAC,TRIM24,1354,1335,1748
TRIM24_GAGGACAACGCAGAAGCCAA,TRIM24,539,101,88
TRIM24_TCTAAATGGGCAGTTTCCAG,TRIM24,1073,259,363
TRIM24_ATGCATCACACCTTGCACGA,TRIM24,1448,209,563
TRIM24_GGTAATGGCTCAGAGGCAAC,TRIM24,95,1,9
TRIM25_GCTTCCCACGTTTGGAGCCC,TRIM25,476,48,89
TRIM25_ATCCACACGCCCTGTGAAGA,TRIM25,1282,403,458
TRIM25_AGCTGAAGCAGTGCATCGGG,TRIM25,810,58,230
TRIM25_TTGAACAGAGCCTGACCAAG,TRIM25,1583,276,212
TRIM25_TGATGTGAGAAACAGGCAGC,TRIM25,182,139,151
TRIM25_CACGACAGCTCCTCGGCCAG,TRIM25,1846,472,115
TRIM26_TTCCTGTGGCTCAAGTGGCC,TRIM26,618,420,408
TRIM26_AAACTCCTCTCTCTGCAACG,TRIM26,768,397,719
TRIM26_ACACGAGAGACTTCCTAAAC,TRIM26,2367,349,414
TRIM26_CAGGGAGAAGTTCAAGAGCC,TRIM26,334,167,268
TRIM26_AGCTGATATCCTGGCCGCGC,TRIM26,113,41,37
TRIM26_CATCCGACCCGTGTGGCAAC,TRIM26,1247,844,696
TRIM27_GCGGTACAGTTACCTCCAAC,TRIM27,277,74,213
TRIM27_ATTATCAGAGAGGATCAGGC,TRIM27,478,57,75
TRIM27_CCAAGTCTAGCTCCTCAAGG,TRIM27,2485,335,557
TRIM27_AAAGAAGAGACGTCGGGCCC,TRIM27,170,142,168
TRIM27_AGAGGCACATGCGGCCCAAC,TRIM27,1567,345,237
TRIM27_CGAAGTACTGCAGGCACACG,TRIM27,5435,1202,1354
TRIM28_TAGTGCCTGCTTAGGGCCCG,TRIM28,980,127,39
TRIM28_CATGCGTGATAGTGGCAGCA,TRIM28,1892,421,537
TRIM28_CCTGTGTAGAGGCGCACCAG,TRIM28,1494,366,514
TRIM28_ATTGAGCTGGCAGTCTCGGC,TRIM28,155,0,3
TRIM28_AACATTGCAGAAGAGCACCA,TRIM28,373,140,360
TRIM28_TGTGCTGGTCAATGATGCCC,TRIM28,1743,248,136
TRIM29_AGCTGCCTTGGACGACGGGC,TRIM29,157,40,278
TRIM29_GGGTGGTCTCCTTGGTGAAG,TRIM29,692,235,116
TRIM29_GAACCGAGTGAATGCTGGGC,TRIM29,103,56,39
TRIM29_GGCGCATGCATACATTGAGC,TRIM29,665,59,298
TRIM29_GAGCTTCACCACCAATGAGA,TRIM29,603,73,107
TRIM29_ACGGTGTCCATCATGGAGCC,TRIM29,854,426,289
TRIM3_AGGTGCTTACCTGAATACAC,TRIM3,861,155,446
TRIM3_CAAGCACATGCGAGAGCGGC,TRIM3,46,0,109
TRIM3_AGCACTGCAGCAGCGCAAGC,TRIM3,465,207,374
TRIM3_AGTCCTTGTACCGCAGACGA,TRIM3,675,166,545
TRIM3_GACGTCCATCCTCCCAGAGC,TRIM3,935,214,303
TRIM3_ATTGGCTGGACCTCTGGGCC,TRIM3,580,74,160
TRIM31_AGTGACTTTCCCAGCAGACG,TRIM31,282,108,190
TRIM31_GAAGGCACAAGGTGTACACA,TRIM31,450,168,109
TRIM31_GATCCAAGTCTTGCAGCAAA,TRIM31,891,342,425
TRIM31_GGCTACATGCCCGAGGCACC,TRIM31,20,53,54
TRIM31_GGAAAGAGGCTACATGCCCG,TRIM31,118,33,70
TRIM31_CTGCAGAATGTCCAGGCAGA,TRIM31,946,345,614
TRIM32_TGATACAGCTGGGCTCAGCG,TRIM32,1749,846,712
TRIM32_CAGCTCCGGCAGAATTGCCG,TRIM32,771,138,212
TRIM32_GGTGAGCTCCCGAGGCAAGC,TRIM32,75,160,67
TRIM32_GGCACCGTCTACTTCACCCA,TRIM32,997,35,52
TRIM32_TCGGCAGAATGAGCACCACC,TRIM32,719,466,336
TRIM33_TGTACCGATACTACGGGAAA,TRIM33,1275,589,778
TRIM33_TGCACACTGATCAATCGAGG,TRIM33,1221,1371,643
TRIM33_CCCTCAGATGTTACAACAAC,TRIM33,1417,727,879
TRIM33_CGTATTGCTCCATTAGCAGC,TRIM33,469,141,302
TRIM33_ACTACTATACAGCAAGCGAC,TRIM33,235,74,116
TRIM33_ACCAGCACCGCGGTGAGAGG,TRIM33,1120,362,449
TRIM34_GAGTAACTGATACCACACAC,TRIM34,186,185,219
TRIM34_CATAGTGGAGAGACTCAAGG,TRIM34,656,537,286
TRIM34_AACTCCAGGCAGTCCTCAAG,TRIM34,1316,580,581
TRIM34_TCGGAGTCAGTGGTCAACAA,TRIM34,2586,989,802
TRIM34_GGGCATAGAGTCATGGGAGC,TRIM34,1262,411,532
TRIM35_CTGGTATGTCTGCCGCACGC,TRIM35,974,546,387
TRIM35_CATCGATAAGCATGCCGGGC,TRIM35,1027,136,154
TRIM35_TGAGATCGAGCGGCTGCAGA,TRIM35,469,143,108
TRIM35_GGCCTCATAGGAGCGCCGCA,TRIM35,550,50,155
TRIM35_TGAGCTGTCCGCGGTGCAGG,TRIM35,445,327,337
TRIM35_GCCTTCCCGCTCCTTCAAGG,TRIM35,1438,482,261
TRIM36_ATGCCTTTATGAACGCCAAG,TRIM36,966,83,182
TRIM36_TGAATATGGTTCCACACGGA,TRIM36,1252,137,200
TRIM36_TGCTCATAGTGGTTACACGG,TRIM36,767,388,370
TRIM36_ATGAATCATCGAGAGTCAGC,TRIM36,156,23,41
TRIM36_ACGAGGCTACCGCTGCAGAC,TRIM36,593,488,378
TRIM36_TCCACCTTTAGAAGTCAACC,TRIM36,716,211,445
TRIM37_ATCTAGCACGAGCTTTCAGA,TRIM37,330,106,28
TRIM37_TCTGACATGCTTCTCGAAGG,TRIM37,1118,62,105
TRIM37_GCAAGTTCATCGGAAGCCCA,TRIM37,436,13,7
TRIM37_ACTTCAGGAGGTGGAGCACC,TRIM37,419,138,0
TRIM37_TCGTAGCTGGAGTGGAGCAC,TRIM37,792,54,34
TRIM37_GGCAATGGATGAACAGAGCG,TRIM37,655,0,59
TRIM38_TATGAAATGGAGCCCGACAC,TRIM38,779,101,186
TRIM38_CGGAGGCTATCCATATGAAA,TRIM38,2021,628,647
TRIM38_AGTGACTCGTGGATACACCC,TRIM38,223,90,200
TRIM38_TTTGAAGTGGATGTTGGCGA,TRIM38,1821,305,365
TRIM39_GAGACAAGTCTGTTAGAGGC,TRIM39,12,12,30
TRIM39_GGATCTTCCGCTTGACGGCC,TRIM39,57,166,121
TRIM39_TGAAGAGCTTCATAGGCGGC,TRIM39,413,248,127
TRIM39_ACTCTCAACGATCTGTCCAC,TRIM39,72,1,0
TRIM39_AGGAGAGCCTTATGATCCCG,TRIM39,788,55,170
TRIM39_CCCGGATGCCTGGGTAGAAG,TRIM39,2683,660,884
TRIM4_TCAGCGAATGAGAATCAGCA,TRIM4,1417,450,1050
TRIM4_GGCCTCGTCGATGGGTGCCA,TRIM4,619,58,0
TRIM4_GGAGCACCAGACTCACGCCA,TRIM4,489,128,111
TRIM4_TGACTGAGAAGACGCAGCGC,TRIM4,776,225,41
TRIM40_CCGGAAGCCCTGTTCTGAGG,TRIM40,291,10,77
TRIM40_AACGACTCAATCGCCGGAGC,TRIM40,834,58,42
TRIM40_CTGTAGTTTCAGGTAGACCA,TRIM40,935,316,402
TRIM40_AGACCACGGGAACCACAGGC,TRIM40,1702,331,221
TRIM40_GCCTGGTCATTGATCTGGAA,TRIM40,1300,533,321
TRIM41_TGTGCAGACCCTTCAGGAGG,TRIM41,1389,349,157
TRIM41_TGAAGACTACGAGGGTGACA,TRIM41,1212,520,1193
TRIM41_ACGGTTTCTGGCTGAAGAGC,TRIM41,1312,68,218
TRIM41_AGAGATGCATGAAGCCCAGC,TRIM41,299,93,319
TRIM41_ATGTTCTGTCAGGCTGCGAG,TRIM41,1226,239,195
TRIM41_AAAGACACGCTCGCCCAGGA,TRIM41,1272,311,380
TRIM42_CATCTCTGCCATGTACAACA,TRIM42,2118,878,937
TRIM42_CCTTGAGGCAGTCGTTGCAC,TRIM42,908,454,398
TRIM42_GCCATCGCCAAGTTCAAAGC,TRIM42,445,434,822
TRIM42_CTGACTGCAGGAATGCCACC,TRIM42,1035,209,105
TRIM42_GGTATATGTGCTGGTTGCCG,TRIM42,215,90,133
TRIM42_AGTGCTTCTGGAGGGCAGAC,TRIM42,385,144,259
TRIM44_GCCGCGTCACAGCACCCACA,TRIM44,1690,235,378
TRIM44_TGACGAGTGCGAGCCCGACG,TRIM44,1873,462,449
TRIM44_AGGTACTCAAATCAAGCCCA,TRIM44,551,107,74
TRIM44_GATTGCTGATGAGGAGCAGA,TRIM44,337,119,58
TRIM44_GGCAGACATCCAATCCCACA,TRIM44,156,139,149
TRIM44_GACTCAGATGGCCCAAGCCA,TRIM44,462,65,60
TRIM45_ACCTGGCATGGTGCCTCCAC,TRIM45,233,20,40
TRIM45_ATTCAGCCCAGTCAGAACAA,TRIM45,1118,321,220
TRIM45_CTTACAAAGCAGGGTGAAAG,TRIM45,2267,740,676
TRIM45_ACCACACAATCCTGGCACAC,TRIM45,1079,610,580
TRIM45_CTCAGTAGTGGACATCCGAG,TRIM45,1337,710,755
TRIM45_CAATCACCGTCCGAGAGCGG,TRIM45,1130,148,265
TRIM46_GGAGGAAATAATGCGTCGAG,TRIM46,426,307,324
TRIM46_CATATCCTCACCCTCTGCCA,TRIM46,53,50,23
TRIM46_GACCGGCTGCTTAAGTCAGG,TRIM46,290,0,26
TRIM46_GAAGCACTCATTGCAGAAGG,TRIM46,496,120,62
TRIM46_CTGCAAGACATGCCAACGCC,TRIM46,1834,378,352
TRIM46_TTGGCGGCTTGCACAAAGCA,TRIM46,1148,816,678
TRIM47_AGGTGGAGATTATCGAGGGC,TRIM47,438,24,161
TRIM47_CTGCTCCCACTGGTTGACGC,TRIM47,1929,194,100
TRIM47_ACCCTGGGAGCGGCCTAGCA,TRIM47,250,398,401
TRIM47_GGAGGACCGCATGGACGAGC,TRIM47,335,18,16
TRIM47_AGACAGAAGTTGTGGCCGCA,TRIM47,231,265,267
TRIM47_CCTAGAGCCACTCCGGGAGC,TRIM47,487,289,135
TRIM5_AATAATGATAAGCCGCAGGG,TRIM5,28,181,178
TRIM5_TAGGCCGTATGTTCTCAGGC,TRIM5,1053,118,169
TRIM5_GGTAACTGATCCGGCACACA,TRIM5,494,252,161
TRIM5_CCTCCTCCTTTACATTAACC,TRIM5,544,354,369
TRIM50_GCTTGCCCTGGAAGTCGGCC,TRIM50,131,6,5
TRIM50_AGGCAAAGGCTTCGTACACC,TRIM50,1035,293,447
TRIM50_CGGTCAGCTTGATGTCAGCC,TRIM50,783,256,357
TRIM50_GAATGCGCCTTCTAAGGGCC,TRIM50,961,23,3
TRIM50_AGCGCAGCTCGGCATCCAGG,TRIM50,52,15,2
TRIM52_AGACTATATGTGGGACGAGG,TRIM52,509,151,181
TRIM52_GAACTCTGGCTCGGTGACAG,TRIM52,1210,97,307
TRIM52_CCGATACAACACCTCTCGAA,TRIM52,1156,352,279
TRIM52_GGACGAGGAGGACCAGAACG,TRIM52,1138,328,306
TRIM52_GACCCAGCTGTGGAGTAAGG,TRIM52,259,120,96
TRIM54_ACAGGTTGTGTTGGCAGGGC,TRIM54,544,123,53
TRIM54_AATCCTCTATGGCAGTCCCG,TRIM54,523,227,160
TRIM54_AGTGTTCTGCGAGGCTAAGA,TRIM54,309,484,390
TRIM54_TATCAGAGTGAGCTCAGCGA,TRIM54,489,166,194
TRIM54_AATGGCGCTGTATCTCCAGG,TRIM54,1,54,60
TRIM54_GGAGCAATTCACCGTAAGGG,TRIM54,318,319,161
TRIM55_TACACAGGTTGTGCTGACAA,TRIM55,1650,516,139
TRIM55_CACTGGCACATTTCCTACAC,TRIM55,1118,757,1283
TRIM55_CCGTATTTGCCCACAAGAGG,TRIM55,1458,435,427
TRIM55_CTCTTCATGTTCCTCGCACA,TRIM55,2065,402,524
TRIM55_CTCGATCGTTGCTGCCCACG,TRIM55,1677,941,703
TRIM55_TGAGGATTCGAATGTACGGA,TRIM55,550,512,1163
TRIM56_TGCTGGACCTGGTGAAGGCC,TRIM56,1191,204,229
TRIM56_ATCGGCACAGTCCAGGCACC,TRIM56,534,189,329
TRIM56_CTGAAGCTGTGCGTGCCCGG,TRIM56,462,152,298
TRIM56_CACCAGGTTATTGTCCACAC,TRIM56,1994,503,494
TRIM56_GAGCCGTGCGCTAGCGGAGA,TRIM56,1000,127,166
TRIM56_GACCCTTCGAGAAGTCAACA,TRIM56,443,63,148
TRIM58_TACGCCTGTCCGCAGTGCCG,TRIM58,272,94,159
TRIM58_CAAACAGGTAAAGCTCCAGA,TRIM58,369,151,345
TRIM58_GCATCGTGGCTTTCTGGCCC,TRIM58,269,347,412
TRIM58_GACTGCGGGAGAGCAAGAGC,TRIM58,395,309,117
TRIM58_CCAGAAGTAAGGCTGTCACA,TRIM58,624,348,454
TRIM58_ACCCTGAGCGATTTGACACA,TRIM58,1619,462,716
TRIM59_TTCCGGTTGATGCCTCAAAG,TRIM59,1097,406,360
TRIM59_TTCCTCTTTGAGGCATCAAC,TRIM59,179,258,375
TRIM59_CTGGCCTGGTAAGGATGAAA,TRIM59,1249,574,702
TRIM59_AACAGTTGACTGACACACAC,TRIM59,599,335,430
TRIM6_CAAGCCTGCATCACACCAAA,TRIM6,747,506,603
TRIM6_CATAGTGAGGCGGCTCAGAG,TRIM6,741,220,869
TRIM6_GCGAAATATCCTAGACAGAG,TRIM6,1482,923,728
TRIM6_TCCTAGACAGAGTGGAGCAA,TRIM6,1551,565,190
TRIM6_CCTAGACAGAGTGGAGCAAC,TRIM6,2084,354,130
TRIM6_TCAAGAGCTTGGACGACGCA,TRIM6,716,438,381
TRIM60_GATGGAGTTTGTGACAGCCC,TRIM60,4,0,40
TRIM60_TTCCATACAAGAGCTTCAGG,TRIM60,807,70,76
TRIM60_CTCTGAGAGCCTAGGACAGC,TRIM60,1243,523,396
TRIM62_GACCCAGTGGGTGATCGGGC,TRIM62,208,95,60
TRIM62_CTGTTCCAGGACATCCACCC,TRIM62,2390,604,884
TRIM62_CCTGCGGACCACTATCGGCG,TRIM62,1097,319,354
TRIM62_AGGCCCTTCAAGACAGCGAG,TRIM62,993,165,207
TRIM62_TCACCATACCCTGCCTACCA,TRIM62,757,114,282
TRIM62_ACCTTGTCGTGCGCCTGGCA,TRIM62,789,260,338
TRIM63_ATCCAGTCCCTGGACGAGCC,TRIM63,362,139,151
TRIM63_GGATTCCCGTCGAGTGACCA,TRIM63,1018,255,132
TRIM63_TGCAGTCGGCCGCTGCAGAA,TRIM63,346,452,549
TRIM63_CAAATCCCTACTGGACCAGC,TRIM63,429,44,117
TRIM63_GGAGATGTTTACCAAGCCAG,TRIM63,72,144,193
TRIM63_GATCCAGGATGGGAATCCCA,TRIM63,0,0,52
TRIM65_TCACTTCTATCTGTCGCGCC,TRIM65,135,79,75
TRIM65_GCACAGTTTGTCCACTGAGG,TRIM65,1417,135,451
TRIM65_GGACAAACTGTGCTTGGGAC,TRIM65,589,117,134
TRIM65_GCTGAACTTGCCGGAGACCC,TRIM65,499,54,64
TRIM65_AGCTCGGCGCCGTCGGGAAA,TRIM65,678,349,325
TRIM65_CTGGTGGGACCGCTGCGGAA,TRIM65,1743,563,628
TRIM66_CCCTGAAGTTCGGCCAGAAC,TRIM66,1000,1011,947
TRIM66_GCAGCAGTATTCTTGTCAAG,TRIM66,1289,514,366
TRIM66_AGGGTGTCTGTAAGGTGGGC,TRIM66,332,212,234
TRIM66_TCTGGAAGGTGTGACTACAC,TRIM66,1141,250,296
TRIM66_TGGTGGAACACAAAGAACAC,TRIM66,978,145,249
TRIM66_CTGAGCAACCCAAGATGGCC,TRIM66,207,341,296
TRIM67_TGCGCGGCTTCCAGCGCAAC,TRIM67,479,304,227
TRIM67_TCACCAAGGTGACTAAAGAG,TRIM67,550,370,334
TRIM67_CAGGCTCACCTGTAAGAACC,TRIM67,1171,433,359
TRIM67_TCATCTGAATGAAGTCCAGC,TRIM67,373,329,230
TRIM67_CCGTAACAACAGCGTCACGC,TRIM67,1164,271,884
TRIM67_CAGCAGCTATGACGACCGGG,TRIM67,1515,301,193
TRIM68_AAGATTCCCACCCGGCGAGG,TRIM68,1075,211,200
TRIM68_AGATTCCCACCCGGCGAGGA,TRIM68,1548,380,708
TRIM68_CTTGGCTCCACAGATACAGG,TRIM68,898,189,209
TRIM68_CGAACTGCCACCTGGAAGGC,TRIM68,1920,428,587
TRIM68_GGCCCACAGTGTTGTGCCAA,TRIM68,1486,246,354
TRIM68_GCTGAAGATGTTCTGCAAAG,TRIM68,972,434,188
TRIM69_CACCCACCTACCCTCTAAAG,TRIM69,1781,588,229
TRIM69_CGGAACCAATCATTGCACAG,TRIM69,3787,1777,2305
TRIM69_TGCCATCCAACAGGGTCAAC,TRIM69,676,324,479
TRIM69_GGTGAGCATTCAGGCAAAGA,TRIM69,241,187,71
TRIM69_CTGAACCTGGGCCAGTACAA,TRIM69,1948,1130,1116
TRIM69_CAGAGAATCCATCATTCGGA,TRIM69,692,206,117
TRIM7_TGACGCGGAAGGTGTAGAGG,TRIM7,3100,36,33
TRIM7_TGGGCCCTGCAGCTCAACGG,TRIM7,118,98,102
TRIM7_CCCGGGACAGTTCCTCCAGG,TRIM7,2372,268,471
TRIM7_TGTGGGATGACTCAGGCCAC,TRIM7,331,92,105
TRIM7_AGCAGCGCCCTATGCAGGCG,TRIM7,980,349,214
TRIM7_ACGAAAGAGCTCTAGGCAGA,TRIM7,747,56,204
TRIM71_CGACGTGGACGTCTGCGAGG,TRIM71,546,91,162
TRIM71_CTCGGACGCAGTTGTCGCAC,TRIM71,1237,388,450
TRIM71_GAGTGCACAATGGGCCGGCA,TRIM71,789,121,292
TRIM71_CCAGACGGTGGCGGAACAGG,TRIM71,1052,267,168
TRIM71_CCACCACAAATTCGGCACCC,TRIM71,1460,948,753
TRIM71_TCTCAGACACGAGGAACCAC,TRIM71,200,193,148
TRIM72_AGAACGGTGCCATCCGCCGC,TRIM72,978,60,77
TRIM72_GCTCGCAGTAGATGCTCAGC,TRIM72,185,40,92
TRIM72_AGACAGTGCGTCAGTTCCGG,TRIM72,1376,173,256
TRIM72_GCGGGTGTTCCTGGCTGCAC,TRIM72,3,0,3
TRIM72_AATACTGCCTGGTGACCAGC,TRIM72,272,0,85
TRIM72_CCGCCTTGTCGAACTGGCGC,TRIM72,534,366,282
TRIM8_CGGCCTCGCAGTGGTAGAGG,TRIM8,860,273,245
TRIM8_CTACCACTGCGAGGCCGAGC,TRIM8,1480,240,326
TRIM8_CTGACTCGAGTTTGTACAGC,TRIM8,1210,377,522
TRIM8_CTGCAGCGAGAACGCAGCGC,TRIM8,272,33,87
TRIM8_CAAGCTCTTCCTGAACGAAG,TRIM8,480,118,57
TRIM8_TGTTCTTCCGTGGCCAACCA,TRIM8,948,453,395
TRIM9_TTACAGTCTCTCAATGCACC,TRIM9,177,35,170
TRIM9_GAACTGCGTGGCATCTAAAG,TRIM9,815,287,433
TRIM9_TAGTGGGCTGTCTACTGACC,TRIM9,455,129,165
TRIM9_ATCACATTGGGCCACCAGAC,TRIM9,64,112,55
TRIM9_TCTGGTACAGCTGCGCAACA,TRIM9,969,887,701
TRIM9_GATGAGCCTATACAGCGAGG,TRIM9,183,110,32
TRIML1_TCTGATGGAGAACCTCAGGG,TRIML1,348,90,197
TRIML1_CAGAGTGCATCTCTCCAGCG,TRIML1,1517,628,603
TRIML1_GGCTGTACTAACCCATGAGA,TRIML1,561,126,185
TRIML1_GCAACTCCAGCTACTAGAAC,TRIML1,1977,610,635
TRIML1_ACTCTTGCTTCAGTGTCCAG,TRIML1,113,61,77
TRIML1_TCAAAGGTGACGAGACCCAG,TRIML1,548,286,456
TRIML2_TGTCTCCATTTGGGATACAG,TRIML2,1293,290,318
TRIML2_GCTCTCCGCAGCCAGCACCA,TRIML2,1667,422,435
TRIML2_TCTTACCTTGAGCAATGCCA,TRIML2,1037,136,228
TRIO_GCACTCACCGGATCGGAAGA,TRIO,271,145,97
TRIO_GCTTGATGATCAGGGCCACA,TRIO,516,0,56
TRIO_CACCCACATGCTGTCTCGGC,TRIO,175,156,21
TRIO_GATCGCGAGTCAGCTGGAGC,TRIO,932,93,240
TRIO_TTTCCAGCAGGACGTTCAGC,TRIO,510,233,138
TRIO_CTAGACTGGATCGAGAACCA,TRIO,806,103,115
TRIOBP_TTCCACCCTGAGGAGGCCCA,TRIOBP,30,73,162
TRIOBP_TCTACCCACCTCTTGGGCCC,TRIOBP,444,97,24
TRIOBP_CGAGAGCTGACAGCTCCCAA,TRIOBP,544,121,410
TRIOBP_ATCTCAATGCTGCACCCAAA,TRIOBP,458,479,359
TRIOBP_TAGGAAGTCCGAGGCAGCGG,TRIOBP,851,176,82
TRIOBP_GGTCGCCTCTCAGAGCCACG,TRIOBP,12,0,0
TRIP10_CGTGAAAGAACGCACCGAAG,TRIP10,1411,232,355
TRIP10_TGAATGACTTTGCAGGCCAG,TRIP10,812,66,113
TRIP10_CCAGGATATCAACGCCACCA,TRIP10,2125,456,568
TRIP10_CTTCGGCCATGTGACTCCGA,TRIP10,1984,210,305
TRIP10_TCCAAGACATGGATGAACGC,TRIP10,1156,590,333
TRIP10_TTCAGGCCGTCCATCCGAGG,TRIP10,1827,178,283
TRIP11_GGTTTCAGAAGAAGATGCCC,TRIP11,215,14,30
TRIP11_ATCTGTTCTTCTACCAGACC,TRIP11,143,170,123
TRIP11_GCTTCACCAACTTCAAGCAC,TRIP11,1138,450,377
TRIP11_GATGGATATTGTTGCTGCCA,TRIP11,104,52,14
TRIP11_GAATACCTCTGCCTTACAGC,TRIP11,126,116,101
TRIP11_CCTGAGCAATATGCCTCCAA,TRIP11,218,73,604
TRIP12_TGTGACATCCGAGGACCAAG,TRIP12,1382,2479,2196
TRIP12_AGCAGCTGAAGCTCGTCGAC,TRIP12,944,247,267
TRIP12_GCGTGTGCTCCGCCTCAAAC,TRIP12,793,264,229
TRIP12_ATCTGCGAAACCTACCAAGC,TRIP12,657,230,448
TRIP12_TGACAGGTCACATTTAGGGC,TRIP12,1305,564,668
TRIP12_CGGCCTAATAACAATCCAGG,TRIP12,1565,495,253
TRIP13_CGCCTGCTTCAGGTCGCCCA,TRIP13,1356,74,92
TRIP13_TACCGTGGAGCAGCACCACC,TRIP13,9,0,0
TRIP13_TCTGGGCTAACGCTTTACAC,TRIP13,763,17,5
TRIP13_CATCAATCAGCACGAACACC,TRIP13,1213,36,19
TRIP13_CGCCCGAAATGCCTGCAGGG,TRIP13,2173,36,76
TRIP13_TCGACGTGGCCTTCGTGGAC,TRIP13,87,358,298
TRIP4_TTTCGGCCTGGATGTCAGCG,TRIP4,2846,1120,1048
TRIP4_ATCAGGCGACCATCTAAAGC,TRIP4,793,34,158
TRIP4_AATCACAAGGGTGACGACCA,TRIP4,990,334,343
TRIP4_GACCTTCTTAGAAAGTCGAG,TRIP4,303,23,115
TRIP4_TATCGTCTTCTTCGTGGGAA,TRIP4,569,232,193
TRIP4_CCAGAAGCAATTTAAGGAGC,TRIP4,584,174,193
TRIP6_GCCTGGTAACACTGCTCAGA,TRIP6,133,0,4
TRIP6_CGTCCAGGCTTCCAGGGCGA,TRIP6,2491,173,193
TRIP6_CCACCTCCTGCCTACCGCAC,TRIP6,1236,214,258
TRIP6_CATGAACCACCCGCCCAGCG,TRIP6,1858,478,646
TRIP6_CTTCTCCGCAGCCACCACAC,TRIP6,1421,541,422
TRIP6_GGATCCGGTCCAGGATGGGC,TRIP6,74,51,37
TRIT1_AGCTCTTGATCATTCTGCCC,TRIT1,459,0,109
TRIT1_TTCGATCACAGAGGTCACAC,TRIT1,408,296,356
TRIT1_AGGTATCTGATGTCTCGAAG,TRIT1,997,373,308
TRIT1_CGTCAACATACGGAAGAAGG,TRIT1,1545,402,668
TRIT1_ACTTCACAAACGCCTAAGCC,TRIT1,226,175,280
TRIT1_GCCTAGCTGCAACGCCAGCG,TRIT1,1619,357,359
TRMT1_GCTCTTACCGCAACTGCAGG,TRMT1,275,23,95
TRMT1_ACACCTCGGAGCGGATCCGA,TRMT1,241,28,14
TRMT1_GCAGGACGATTCTCAGGGCC,TRMT1,72,192,121
TRMT1_TCACCATCTCGTGGCAGGCC,TRMT1,1160,262,351
TRMT1_TTGCAAACGATGCCTCCACC,TRMT1,781,64,25
TRMT1_TAGAGAGCACCCGGGCGGAG,TRMT1,720,223,118
TRMT10A_TGACAATCAGTCTGTCAGGA,TRMT10A,1437,439,587
TRMT10A_ATGACAAAGGATGGGTCAAC,TRMT10A,1,132,86
TRMT10B_CTAGAGGAGACAGGTGAAGA,TRMT10B,2300,348,200
TRMT10B_CCGCATCGATCTGCAGAAGC,TRMT10B,2022,763,643
TRMT10B_CTTCTGCAGATCGATGCGGA,TRMT10B,499,99,57
TRMT10B_CTGACTCCTGACTCAGAACA,TRMT10B,669,861,652
TRMT10B_GAGTCTCTAAGTAAGTGGAC,TRMT10B,198,97,92
TRMT10C_GACATAGCAATGGGCTGGAA,TRMT10C,184,106,232
TRMT10C_AATGGGCTGGAAGGGTGCCC,TRMT10C,187,0,0
TRMT11_GCTACGGACTCACCGGCAGG,TRMT11,497,41,7
TRMT11_TACGCACCATCTTCTCCACA,TRMT11,1104,390,275
TRMT11_CTACGCACCATCTTCTCCAC,TRMT11,1261,155,122
TRMT11_ACATACTCTGGCGTATACAC,TRMT11,854,122,290
TRMT11_TGCTAACGAGTTCCAGGCAA,TRMT11,2205,309,284
TRMT112_CAACCGGCCCTTTCGGCACC,TRMT112,1497,94,9
TRMT112_CGTCTGATCCAGGTGCCGAA,TRMT112,2116,1,0
TRMT112_GGCGCGTATGATACCTAAAG,TRMT112,1730,1,81
TRMT112_AAAGGGAAGACTGCCGCCGG,TRMT112,286,39,39
TRMT112_AAGGGAAGACTGCCGCCGGC,TRMT112,3,19,134
TRMT12_ACAACTGCGACAACAGCCAC,TRMT12,1061,218,112
TRMT12_CGGATCCTGTTCCTTCGAAG,TRMT12,2935,348,722
TRMT12_CCACATGCTCTACCCAGCCA,TRMT12,1518,598,1051
TRMT12_CATCACTGAGAAGCTTCGAG,TRMT12,523,239,124
TRMT12_CCACCAAGCCAGAGTGGCAA,TRMT12,449,247,229
TRMT12_CCAAGCCAGAGTGGCAAAGG,TRMT12,2100,690,900
TRMT13_TAACCGCATCTACCCTCAGC,TRMT13,218,31,145
TRMT13_GAAGAAACGGTTCTGCAGGA,TRMT13,0,14,25
TRMT13_TGTTGAGTTTGGAGCGGGAA,TRMT13,1465,379,525
TRMT13_TTGCACTCTGTTGTCACCAC,TRMT13,957,359,305
TRMT1L_CTTCAGATGCTGACTGGACA,TRMT1L,1551,845,842
TRMT1L_GCTGCAGCCCGATGCAACAA,TRMT1L,1715,1074,363
TRMT1L_TGTTACATCCGTAGTGACGC,TRMT1L,456,233,277
TRMT1L_AAGTCACTGACACTATGCCA,TRMT1L,751,165,181
TRMT1L_TTTGGTTTCACTGGTCGACA,TRMT1L,1024,248,203
TRMT1L_AACTATGGAGAATATGGCGG,TRMT1L,528,180,365
TRMT2A_TGGCACCGGCACCATTGGCC,TRMT2A,548,320,288
TRMT2A_GGCGTGTGGAGAGATCCGGA,TRMT2A,276,11,41
TRMT2A_CTAGCGCAGCACTTCACAGC,TRMT2A,470,112,220
TRMT2A_CAGAGACGTACACAGGCCAC,TRMT2A,326,246,238
TRMT2A_CGGCTCGGCAAGTACAAGGG,TRMT2A,1585,476,595
TRMT2A_CATTCCGCAGCGCTGCAGAG,TRMT2A,1283,220,257
TRMT2B_TTACGCAGTCCGGCACGGGC,TRMT2B,554,278,106
TRMT2B_GCTCCAACAATTCAATCCCA,TRMT2B,303,19,57
TRMT2B_ACAGTCCGCACCAATAGCCA,TRMT2B,1547,455,659
TRMT2B_GGTAACCATTGATGACAGGC,TRMT2B,151,17,0
TRMT2B_CAATGGAGTCAGTGTGACAA,TRMT2B,1781,615,513
TRMT2B_ATGCCAGAAATCCACCAGGA,TRMT2B,1161,145,209
TRMT44_GCGAATCCAGATCTGCGGCG,TRMT44,1259,138,113
TRMT44_CCAGAAAGATGGCATTCAGA,TRMT44,679,269,232
TRMT44_TCGCTTACACCCTTACCAGC,TRMT44,1618,237,330
TRMT44_CACTGCTCAGGATGTGGACC,TRMT44,876,267,331
TRMT44_GGATACCTGTCATTGCAGCC,TRMT44,854,329,338
TRMT44_CTTCACCTGTGGGTTTCACG,TRMT44,425,302,394
TRMT5_GAGGATGTTCGGCAAAGGGC,TRMT5,394,0,0
TRMT5_CTGCTGAGGATGTTCGGCAA,TRMT5,2880,121,191
TRMT5_CTGTGTTCTGTAGACAGACG,TRMT5,1029,4,46
TRMT6_GCTTGCATTAGATTTGAGGC,TRMT6,498,208,300
TRMT6_ACCTCAGGCTGTCTGAAACC,TRMT6,1956,22,25
TRMT6_GGTCTACTGTCAGTACAAAG,TRMT6,891,11,0
TRMT6_ATTCAGCTATACCCTGGAGG,TRMT6,621,14,1
TRMT6_ACTGCATTTGAAGTGACCAG,TRMT6,973,81,22
TRMT6_GGAGACCACCGCATCCGCGA,TRMT6,227,6,0
TRMT61A_TACGAGGAGCTGATCAAGGA,TRMT61A,1248,14,48
TRMT61A_TAAGGTCAACTGAGTGCCGC,TRMT61A,324,76,63
TRMT61A_ACGTCACCTTGGAGCCGAAG,TRMT61A,443,0,26
TRMT61A_ATCCGCACCATTGCACCCAC,TRMT61A,407,1,0
TRMT61A_CGGGTCCTGTTTCCCACAGG,TRMT61A,1131,191,90
TRMT61A_CTTCTCACCGTGCATCGAGC,TRMT61A,891,61,20
TRMT61B_AGACCAGTACACTGGCAACC,TRMT61B,779,624,595
TRMT61B_ATGTTGCTAGACCAGTACAC,TRMT61B,541,111,283
TRMT61B_CTGTTTCAAGAGGATGACCA,TRMT61B,626,193,184
TRMT61B_ACTACATAGTCTTCCAAGGC,TRMT61B,439,51,206
TRMT61B_CAGCATGTACTGCTTACCGA,TRMT61B,1482,208,373
TRMT61B_GAGAGCACGAGGCGGCACAA,TRMT61B,862,317,377
TRMU_ACGTAGGACACTTGATGGAA,TRMU,1624,204,944
TRMU_TGCATAGTGACCTGTGGCAA,TRMU,3229,695,704
TRMU_CAGTATCTGCAGCCTCGACC,TRMU,523,352,1830
TRMU_TCCTTCTCCACCACGTACCA,TRMU,835,108,126
TRMU_GCTGTGCGTGCCCTTGCCAC,TRMU,573,98,145
TRMU_CAGCGGGAAGATCCTGCGGC,TRMU,439,59,0
TRNAU1AP_CACGTCGCCCATCCACAGGC,TRNAU1AP,2232,411,644
TRNAU1AP_CACTCACGTCGCCCATCCAC,TRNAU1AP,217,261,61
TRNAU1AP_CGAGCCCTGACGGAGTGCCA,TRNAU1AP,1565,536,349
TRNAU1AP_ATTGCCACGCTCAGCCGCAC,TRNAU1AP,811,63,183
TRNAU1AP_ATCCCTGCCATGATGTAGCC,TRNAU1AP,208,40,286
TRNAU1AP_GGCCTGGCTACATCATGGCA,TRNAU1AP,869,103,182
TRNP1_CGCTGGAGCTGGCCGAAGCA,TRNP1,1753,1145,1619
TRNP1_GGCTCTCCAGCTCCGACACC,TRNP1,148,61,98
TRNP1_TCACGGGTCGCGCCTCAAGA,TRNP1,1168,441,382
TRNT1_GGTGCCTGTATCATTGGCAC,TRNT1,56,4,30
TRNT1_CTCCACCTACGGTTCAGCAC,TRNT1,1824,348,395
TRNT1_AAGGAGATGTTTCAGTCGGC,TRNT1,367,56,76
TRNT1_TCATGGCCACTTACAGGAAA,TRNT1,1698,281,207
TRO_CCAACAGGGTATGCATCAGC,TRO,385,298,260
TRO_GACTCCAAATGCTGACCAAG,TRO,899,272,123
TRO_GAAGTGGCAGTAATTACAGG,TRO,727,261,169
TRO_TTGTCTGGTCCTTAACCAAC,TRO,771,203,272
TRO_CTGTTATTCCCTTAGGACCA,TRO,1549,468,880
TRO_AGTGCGCTTAGCACCAGCAC,TRO,597,264,344
TROAP_CACGGCGCACGATGTAACAG,TROAP,2560,504,495
TROAP_GGCCTGCTGAATCAACGAGG,TROAP,807,22,205
TROAP_CTGGTTCGAGGAAGTCAGGG,TROAP,981,117,142
TROAP_CCACCGACTGGACCCTGCCA,TROAP,736,14,81
TROAP_AAACACTTACCAGGCTGGAC,TROAP,443,233,159
TROAP_CCGAGAAATGTCACATACCA,TROAP,2295,679,705
TROVE2_TCCGGAAGGCTATAGCGGAC,TROVE2,774,235,122
TROVE2_AGTCCGCTATAGCCTTCCGG,TROVE2,943,136,247
TROVE2_AGACAGGTCATGGTCTCAGA,TROVE2,29,0,44
TROVE2_CTGTAGACAGTTGAACCAAC,TROVE2,1055,744,873
TROVE2_TGCTCTGAGGGAGTATCGAA,TROVE2,1288,201,229
TRPA1_GGGTTTGTTGGGATACACGA,TRPA1,394,107,92
TRPA1_TTGGGTATTGCAAAGAAGCG,TRPA1,435,758,473
TRPA1_GGTCTGAGTGTACCCGCCCA,TRPA1,230,69,69
TRPA1_TGCATCATGCGTCCATGGGC,TRPA1,347,144,87
TRPA1_TTGCATTATGCTGCAGCAGA,TRPA1,1234,368,335
TRPC1_ATCCTCTTCCTCGCCGAACG,TRPC1,1108,231,448
TRPC1_CGCCATCACCTCGTTCGGCG,TRPC1,2184,524,368
TRPC1_AGGATTTACTTGCACAAGCC,TRPC1,753,369,370
TRPC1_TGACGAGCCTCTTGACAAAC,TRPC1,1191,373,431
TRPC1_AGCAACCACTTTGAGGGCAA,TRPC1,282,158,67
TRPC1_GGATGCATTCCATCCTACAC,TRPC1,219,407,271
TRPC3_AGCTTTCCTTCAGGCAACGA,TRPC3,499,446,632
TRPC3_AACTGTGATATTGGGCAGCG,TRPC3,1512,543,817
TRPC3_AGGTGCGATCCAGTAGCCAA,TRPC3,268,24,275
TRPC3_TCTCTGCCGAGACTCAGAAG,TRPC3,554,156,185
TRPC3_AGCTCTAGGGCCGTAAGCAC,TRPC3,645,317,347
TRPC3_AGGTCCGGCCCGTGGGAGAA,TRPC3,389,361,565
TRPC4_AGAAGAAGTTGCTCGTCAAC,TRPC4,533,138,89
TRPC4_TCAGGAAGTTATGAGGAACC,TRPC4,1860,355,117
TRPC4_CACCACCAACCATCGTCGAG,TRPC4,1554,675,455
TRPC4_GCTTGACAGTGCAATGAGAG,TRPC4,2108,501,297
TRPC4_GAGGCTGTCCACATCTGAAC,TRPC4,797,250,388
TRPC4_CTCTAGGGATTTCTTGACAC,TRPC4,2006,399,425
TRPC4AP_CCAGAACTGTGACTGTAGCC,TRPC4AP,2155,397,458
TRPC4AP_TTCTGGCTGACGTGTGAGGC,TRPC4AP,1642,396,439
TRPC4AP_TTGCAAACTGGCGACTCGAA,TRPC4AP,1364,1061,1422
TRPC4AP_CCCTGTATCCATCTCTGAAA,TRPC4AP,2133,848,909
TRPC4AP_AGAGGGACAAACAATCCAAG,TRPC4AP,520,110,161
TRPC4AP_GAATGTTACCAGGCCGCGGC,TRPC4AP,801,33,71
TRPC5_AGGATCATGCTGATATCGAG,TRPC5,551,77,99
TRPC5_CATGTTCAGCAGCACTACCA,TRPC5,2457,417,648
TRPC5_GGGATCGTCTTACGTGGAGA,TRPC5,517,117,62
TRPC5_TAGCCTACCTGATCTCACCC,TRPC5,319,235,84
TRPC5_AGCTCCGAGCTTGGTCCAGC,TRPC5,431,252,292
TRPC5_CGTTCTCAATGGCAATGAGC,TRPC5,919,195,254
TRPC6_CTGTGCTGGTTTCATTAGGA,TRPC6,902,541,502
TRPC6_TGGTTTACGACAGCAGACAA,TRPC6,1323,848,717
TRPC6_GATGTTGAAACGCTCCAGAG,TRPC6,653,107,201
TRPC6_CACGGAGAACTGTCTGCCGC,TRPC6,729,275,158
TRPC6_AGTAGCCGTAGCAAGGCAGC,TRPC6,39,51,144
TRPC6_GACTCGGAGCTGGGAGAAGA,TRPC6,658,278,279
TRPC7_GCGAGAGAAGCTCAGCACGA,TRPC7,724,472,311
TRPC7_TGTCTCGCTTCCGCCGGAAG,TRPC7,1976,446,268
TRPC7_TGTGAAGGTTTCGTTTGGCA,TRPC7,325,244,358
TRPC7_CAATAGGCTATGGCGAGAAA,TRPC7,2280,851,918
TRPC7_CCTCTTCTGTGTCTCGGCAC,TRPC7,849,248,527
TRPC7_CTCCTCCTCGGGCGTCAGAC,TRPC7,686,515,858
TRPM1_CCTGGCTGACAATGGCACCC,TRPM1,2099,171,502
TRPM1_CGTGGAGAATAAGGAAGACC,TRPM1,854,68,186
TRPM1_GCCAATCTTTCACCATGAGA,TRPM1,520,95,83
TRPM1_GGGTGTTGCACTTGGCAGAG,TRPM1,1433,946,558
TRPM1_CTATCCAAGATTTCTGACCC,TRPM1,711,375,248
TRPM1_CTCCACATCAGGGTCGCAGA,TRPM1,1168,639,439
TRPM2_CCTTGTCATTGTTGCCGAAG,TRPM2,1482,211,278
TRPM2_AGAACTTCAACATGAAGCCG,TRPM2,1182,275,275
TRPM2_TCACCATCGGAGTCGCCACC,TRPM2,556,190,157
TRPM2_CACTTCATCCTCGTGGACGA,TRPM2,2585,484,251
TRPM2_TACTCACGTGCAACGTGCCC,TRPM2,0,58,193
TRPM2_CGAGCCCTCCACAACCACAC,TRPM2,2058,347,439
TRPM3_CAGACAACCACTGGCACGGG,TRPM3,1909,279,514
TRPM3_GGTGAAACTTCGAAGACAAC,TRPM3,256,57,80
TRPM3_CCTCTTACACCTGATGACCA,TRPM3,850,157,119
TRPM3_ACTGGATGTCATTTCGGGAG,TRPM3,196,85,19
TRPM3_TGCGTGGCACAGCTTCCGGA,TRPM3,719,233,452
TRPM3_TCACCGGCGTCTGCTGCGAC,TRPM3,1051,501,289
TRPM4_GGACAGCGATGCACACACCA,TRPM4,1338,367,766
TRPM4_GATCCGTTCGGTCAGAGAGC,TRPM4,422,11,67
TRPM4_GGCTGTACGGGACCATCAGA,TRPM4,347,50,84
TRPM4_GCCGTCGTCCACCAGGAAGA,TRPM4,1447,250,557
TRPM4_TGTCTTCCAGGGTCTCCGCC,TRPM4,63,58,88
TRPM4_GGAGAGGATTATGACCCGGA,TRPM4,144,17,0
TRPM5_CGAAGTCATACACGGTGAGC,TRPM5,711,170,125
TRPM5_CTTGGGAGGACATCGTGCGC,TRPM5,850,261,389
TRPM5_CACTTCATCCTGGTGGAGCC,TRPM5,1829,84,148
TRPM5_GCACCGCCGCATTCTGGAGG,TRPM5,540,126,140
TRPM5_AGCCAGGACTTCATGGCGAA,TRPM5,1095,563,759
TRPM6_TCTCGTCCAAGATGTGAAAC,TRPM6,754,532,471
TRPM6_TGCTTTAGTGATGGATCGGG,TRPM6,609,75,176
TRPM6_GCTGCGACCTCAGGTGAAAG,TRPM6,1926,1037,1190
TRPM6_AATGAAGCTCAGAAGGAACC,TRPM6,408,106,191
TRPM6_TTTACCCTTGGCAGCTGAGA,TRPM6,368,251,436
TRPM7_TCTAACAGCAATATGGCAGG,TRPM7,645,134,121
TRPM7_AGCACAGCCCTACCGACCAA,TRPM7,1409,277,136
TRPM7_TCTTGTTCGAGACGTCAAAC,TRPM7,800,440,553
TRPM7_AAGTTCTTCCAGTCTCGGAA,TRPM7,988,37,38
TRPM7_ACACAACTACTGGAACAGGG,TRPM7,1235,161,41
TRPM7_CTGCAGTTACAACTGGAGCC,TRPM7,841,349,337
TRPM8_AGATGTCCTTTCGGGCAGCC,TRPM8,279,191,132
TRPM8_ATAAGCACGATGGTGTGGAC,TRPM8,430,107,65
TRPM8_CTGGTCATTTCTGTGACCGG,TRPM8,722,286,80
TRPM8_TGAGAGATAACACCATCAGC,TRPM8,473,5,24
TRPM8_CCGGAGCTTTGCTTCGACAG,TRPM8,719,346,472
TRPM8_CGCTGATGTGATCGCTAGCC,TRPM8,1242,646,693
TRPS1_TCAATGGAAGCCCGTTAGAG,TRPS1,1219,252,305
TRPS1_TGCATTCTTTCGCCAGAGAG,TRPS1,1789,461,339
TRPS1_AAGACAGACAAGAGCTCGAG,TRPS1,641,246,30
TRPS1_CACCTCATCATGCGGAAAGG,TRPS1,1305,330,306
TRPS1_ACCTCATCATGCGGAAAGGA,TRPS1,900,224,100
TRPT1_CCCATTGGCAGAGCGGAAGA,TRPT1,549,370,349
TRPT1_CCCTTCTTCCGCTCTGCCAA,TRPT1,885,225,167
TRPT1_GGGAAGGACGCACATTCACC,TRPT1,262,27,11
TRPT1_AGGGCCTGCGGTGTCTCCAG,TRPT1,674,89,44
TRPT1_CCTGGTTGGCCCGGATGAGA,TRPT1,1420,270,196
TRPT1_CCTTCTCATCCGGGCCAACC,TRPT1,1775,444,564
TRPV1_CTTGGCCTATATTCTCCAGC,TRPV1,650,155,100
TRPV1_CTCACCATGAAGGACAGCGG,TRPV1,549,265,182
TRPV1_CAACACGGTGCTGCACGCCC,TRPV1,842,260,325
TRPV1_CGAGAGACGCAACATGGCCC,TRPV1,1257,374,256
TRPV1_CCGCGCGATCTCCAGGAGCA,TRPV1,1226,262,444
TRPV1_GCTGACTGTGATGGTCGGGC,TRPV1,269,21,88
TRPV2_AGTCAACCTCAACTACCGAA,TRPV2,853,197,177
TRPV2_CTCACCGACTCGGAATACAC,TRPV2,1631,646,411
TRPV2_TGCACATCGCCATTGAGAAG,TRPV2,2202,928,413
TRPV2_CTGCAGGCCACTGACTCCCA,TRPV2,120,3,9
TRPV2_ACTCGGTGAACTTTCGGGAA,TRPV2,476,178,332
TRPV2_CCATCAGCCTACCCTGAAGA,TRPV2,2298,1047,646
TRPV3_CATGTGCATCTCTGTGAAAG,TRPV3,2112,394,567
TRPV3_CCACGTACCTCCTCCTCCCG,TRPV3,2567,189,224
TRPV3_CCTCTACGACCTCACCAACG,TRPV3,1172,131,285
TRPV3_ATCACCTCGCGGGACTCACG,TRPV3,1532,91,182
TRPV3_CGTCAACGCGCACGCCAAGG,TRPV3,2669,479,564
TRPV3_CATCAACGCCGAGTACACAG,TRPV3,2014,993,1299
TRPV4_TGTCCCGCAAGTTCAAGGAC,TRPV4,2048,303,331
TRPV4_CTCACGGGTGTTGTCAGCAA,TRPV4,1522,1114,814
TRPV4_TGGGCGCTTCTTCCAGCCCA,TRPV4,366,167,258
TRPV4_GGTTCAGCAAGGCCTTGGGC,TRPV4,233,62,63
TRPV4_CCCGGGACACGATGTCAAAG,TRPV4,2073,695,817
TRPV4_ATCAGCCGGTGAGGGCGAAA,TRPV4,724,255,296
TRPV5_GGTGCCCATGTCCTTTGCCC,TRPV5,55,0,21
TRPV5_ACGTGAAGATATCATCAGGC,TRPV5,514,454,256
TRPV5_TACAGGTGATTCTCCTCAGA,TRPV5,237,191,391
TRPV5_GGTCTCCTCTGATAAACGAG,TRPV5,123,24,63
TRPV5_TGTGACGTTCGACAAAGAGG,TRPV5,241,238,284
TRPV5_TTCTGGTCAGAGAACAAGAC,TRPV5,1202,315,376
TRPV6_CCCTAAGGACGATATCCGGC,TRPV6,60,107,14
TRPV6_TGTAAGAGGGTGTTGTCCCG,TRPV6,1480,535,369
TRPV6_TGGTGATGATAAGTTCCAGC,TRPV6,520,114,79
TRPV6_TTGCTGTCCTACGACAGACA,TRPV6,1316,702,651
TRPV6_GATTGCAAGGTGCACCAGAG,TRPV6,505,495,351
TRPV6_TTGTCACTGCCCAAGGAGAA,TRPV6,1742,671,778
TRRAP_GGCGTTTGTTGCAACACAGG,TRRAP,336,38,0
TRRAP_CAGCATTCCATCATTCCGAG,TRRAP,2105,95,177
TRRAP_TTCAGGTGTCTGCACAAGCG,TRRAP,2589,194,314
TRRAP_TGGAACGGATGCAGTCCACC,TRRAP,306,78,5
TRRAP_TCAGTCAGAACTTGGAGCCG,TRRAP,1946,122,113
TRRAP_CAGTCTGGCAGTTGGCCACA,TRRAP,1542,182,59
TRUB1_TTCCTGCAGTTTCAAGGACA,TRUB1,759,304,148
TRUB1_TGCAGGAACGGTCGCAGCAA,TRUB1,888,288,76
TRUB1_TCGCCGTGCACAAGCCCAAA,TRUB1,1181,376,598
TRUB1_ACTCTAGACAGCGCAGCCCG,TRUB1,605,99,317
TRUB1_CAGCTCTAGCACATTGGCAC,TRUB1,1584,611,302
TRUB1_AGAGCTGACCCGAACCAAAC,TRUB1,2033,559,615
TRUB2_CTACCTAAGAGGAATTCCGG,TRUB2,1571,127,52
TRUB2_CCACGTGACCAGAGAGAAGC,TRUB2,643,450,456
TRUB2_ATGACTTCCGTGAGGACGGG,TRUB2,509,13,116
TRUB2_TCAGTGCTCGGCGTGGGACA,TRUB2,1817,226,305
TRUB2_CGCCCATCTCAAGGTTGGCG,TRUB2,1560,485,852
TRUB2_ACACGCTGTTTAGGAGCGGG,TRUB2,1863,94,396
TSACC_CACACCTGTTGGTGTTCAGA,TSACC,557,37,271
TSACC_CTGTTGGTGTTCAGATGGAG,TSACC,2257,232,233
TSACC_TGGAGTTGATCACAAGCCCA,TSACC,780,308,204
TSACC_CCAGCTCGCCCAACAACAGA,TSACC,2012,279,358
TSACC_CCATCTGTTGTTGGGCGAGC,TSACC,794,254,194
TSC1_TAGTCATCCGAATGACAGAG,TSC1,953,221,122
TSC1_TAACAACATCAGCCGAGACG,TSC1,1734,1532,1442
TSC1_TGGATCCAAGGACCATGAAC,TSC1,1355,988,1415
TSC1_CGTACACACTGGCATGGAGA,TSC1,1775,1277,1595
TSC1_GACGTCGTTGTCCTCACAAC,TSC1,1610,725,1032
TSC1_TGACATGACCCAGTAACGAG,TSC1,1325,3212,4448
TSC2_TGGTGCGTCCTGGTCCACCA,TSC2,427,200,544
TSC2_GGTCGCGGATCTGTTGCAGC,TSC2,642,178,242
TSC2_TTCAAGGCCCTCACAGACAA,TSC2,2082,1155,1321
TSC2_ACCTCGACGAGTACATCGCA,TSC2,743,606,764
TSC2_CTCTATGTCCACAGAGGACG,TSC2,989,1509,1185
TSC2_TGACGTTGATGGTGCGACAG,TSC2,1541,3251,3620
TSC22D1_GATTGTTCTCCTGCTCCAGC,TSC22D1,435,12,63
TSC22D1_AGCTACCACACTTGCACCAG,TSC22D1,1344,506,409
TSC22D1_ATGGTGTAGACCAGTGGCGA,TSC22D1,466,266,167
TSC22D1_ATCCCAATGGTGTAGACCAG,TSC22D1,1377,560,669
TSC22D1_TCAGCGGTAGCACCTTCAAC,TSC22D1,931,256,330
TSC22D1_CAGGCACAGCCTCTTGCGCC,TSC22D1,207,70,75
TSC22D2_CACCGAGAGCTTGGACGACC,TSC22D2,735,157,264
TSC22D2_TTTCGACGTCTCTCGGGCCA,TSC22D2,989,74,316
TSC22D2_TGCCATCATTGGCTGCGGCC,TSC22D2,1209,230,155
TSC22D2_GCAGCCATACGCCAGTCAGC,TSC22D2,640,20,33
TSC22D2_ATCCCAACTCCCAACCCAAC,TSC22D2,337,450,373
TSC22D3_CTTCAGGGCTCAGACAGGAC,TSC22D3,907,435,479
TSC22D3_GCTTGCCAGGGTCTTCAACA,TSC22D3,975,480,301
TSC22D3_CAACAAGATCGAACAGGCCA,TSC22D3,2306,1089,1203
TSC22D3_GGATGTGGTTTCCGTTAAGC,TSC22D3,1333,168,502
TSC22D3_CCCTCGTTGATCAGGTAGCA,TSC22D3,1169,1080,1203
TSC22D3_TTGCAGCAGTCGAGGCCGAC,TSC22D3,626,244,692
TSC22D4_CACTGATGGCCAACATGGAG,TSC22D4,1100,562,376
TSC22D4_CTTCCACCCTCAGAGAGGGC,TSC22D4,77,129,37
TSC22D4_CCCTTCCTCCCGTTTCCGGG,TSC22D4,503,74,264
TSC22D4_CTCATAGTCCGTGGTGACGC,TSC22D4,880,699,655
TSEN2_CTTGTTTGCAGCAACAGACA,TSEN2,1250,325,366
TSEN2_CTTCATGATGAAGGCCACGC,TSEN2,1903,105,242
TSEN2_CGGAGTGTGCCATGAGCGAG,TSEN2,2662,101,261
TSEN2_GGAGTGTGCCATGAGCGAGA,TSEN2,728,26,147
TSEN2_CATGTAGGTGGTTCTGAACG,TSEN2,2835,36,81
TSEN2_ATTACTTTCGAAGCAAGGGC,TSEN2,281,8,0
TSEN34_GGTGCCGAGAGTCTGGACGC,TSEN34,275,54,32
TSEN34_AGACTCTCGGCACCACAGCC,TSEN34,1015,102,62
TSEN34_ATCCTTCAAGCGCCAGCAAG,TSEN34,597,52,24
TSEN34_TCTCATCCTCTTTGGCAGCC,TSEN34,791,115,308
TSEN34_GACTGGACACGCCAGTCCAG,TSEN34,20,5,0
TSEN34_CGATATAATGGGCGTGGAAG,TSEN34,2512,159,157
TSEN54_GCAGCTTCTGCGACCGCGAG,TSEN54,1218,188,327
TSEN54_CGTGGAGTTGAAGTCTCCCG,TSEN54,1546,19,0
TSEN54_TGGTTCGACGATTCCAACCA,TSEN54,1356,45,54
TSEN54_ATGTGGGAGTTACCGAGGGC,TSEN54,345,0,11
TSEN54_AGATGTCAACGCCGATCCCG,TSEN54,1074,185,134
TSEN54_TTTCTGTGTCCTTGTAGCCG,TSEN54,822,611,424
TSFM_AGCTCTGGAGACTTGTGGCG,TSFM,1353,119,150
TSFM_CTGATTGGGCTGTTGCAGGA,TSFM,587,334,126
TSFM_CCTTCTCTGTCAGGCCCAGC,TSFM,47,117,81
TSFM_CGTCCAGGGAGCCAACAGAG,TSFM,4358,170,351
TSFM_GAGACAGCTCCAATTTGGAA,TSFM,244,177,136
TSFM_ATGTGATGAGTCCTCAGCAC,TSFM,603,91,306
TSG101_GGAGGAAATGGATCGTGCCC,TSG101,253,43,29
TSG101_ACTGACCGCAGAGATGAGAG,TSG101,756,22,10
TSG101_TAGGGATGGCACAATCAGCG,TSG101,1366,26,160
TSG101_GGATTGGGAGGGTATCCGGA,TSG101,239,18,20
TSG101_ATCCGCCATACCAGGCAACG,TSG101,794,138,151
TSG101_CTATCCGCCATACCAGGCAA,TSG101,1580,209,167
TSGA10_AGTAGATTCCCTCAACAGAG,TSGA10,611,235,215
TSGA10_CATTGCCAAACTCTCTCCAA,TSGA10,943,33,40
TSGA10_AACGAGATAGTCTAAGGGAG,TSGA10,495,203,123
TSGA10_ACATGCTATTCTCCGGCGAG,TSGA10,1124,336,268
TSGA10_ACGCCCATCACCAACTGCCC,TSGA10,420,195,227
TSGA13_GGGAGAGCGCCTTCCGCAAC,TSGA13,607,77,227
TSGA13_ATGCCCACCAGAACCGCGCC,TSGA13,341,83,90
TSGA13_CTCAATCACCCAGCAAGACA,TSGA13,2335,977,996
TSGA13_TCTTGCTGGGTGATTGAGCA,TSGA13,908,435,437
TSHR_ACCCTGCGAGTGCCATCAGG,TSHR,431,92,536
TSHR_TCCTGATGGCACTCGCAGGG,TSHR,910,112,201
TSHR_CTTCTGAGTCTCAAAGGACA,TSHR,553,233,151
TSHR_CTCCAGGCCTTTGGATGGAA,TSHR,1346,1090,730
TSHR_GATCTTCCGGTCCAGGCGCA,TSHR,25,87,101
TSHR_TATTCCCACCAAAGGAAGCA,TSHR,435,233,168
TSHZ1_CCGTGACGACAACAGGGACA,TSHZ1,1101,806,452
TSHZ1_GCCCTTCTTAGAAGCCGAGG,TSHZ1,1062,104,106
TSHZ1_TGGGCGGTAGTGGGATGGAC,TSHZ1,669,453,340
TSHZ1_TTCACGCCGCCAGCATAGGA,TSHZ1,674,571,516
TSHZ1_CCCGCAAGCTCGAGGCGAAC,TSHZ1,1988,652,1374
TSHZ1_TCCTAAAGAACCTGGACACA,TSHZ1,933,187,93
TSHZ2_GAGCGAAGTAGAGGATGCCG,TSHZ2,1070,85,111
TSHZ2_TCAGTAGCTCAACTGCAGGG,TSHZ2,1903,344,109
TSHZ2_GGTTGATGCATGGCAGGGCC,TSHZ2,612,85,231
TSHZ2_GAGTGGGTTGATGCATGGCA,TSHZ2,498,151,284
TSHZ2_CAGTCACTTAGAATCTCACC,TSHZ2,594,144,103
TSHZ3_CGAGAAGTCTGACATTGACG,TSHZ3,1653,931,743
TSHZ3_ATCCTTGCACCCATCCCGCG,TSHZ3,2302,730,1089
TSHZ3_CAGTGAGACCAGTGACCGAA,TSHZ3,1619,369,1132
TSHZ3_GGTCTAAACCTTCGTCCACC,TSHZ3,283,37,140
TSHZ3_GGAGAAGCATCATGCCGAGG,TSHZ3,0,401,182
TSKS_TCCCAGAAAGAGAATCGAGC,TSKS,1255,120,190
TSKS_CCTAGCCCTTACCTCCAGCA,TSKS,1421,414,655
TSKS_GCGAGAATCTGGAGAGAAGG,TSKS,242,198,166
TSKS_ACTGCACGTGCTGGTTAACC,TSKS,1062,469,316
TSKS_ACTGGTGCCTGAACCTCAAA,TSKS,634,178,223
TSKS_AGGCCGTGTCGTTCCACGGG,TSKS,792,378,268
TSKU_TCAGGCTGAAGCTGTCGAAA,TSKU,2224,592,913
TSKU_CTACACGACGTTGGCTGGCC,TSKU,933,703,443
TSKU_CGACTCCAGGTAGCGAAGGC,TSKU,568,202,242
TSKU_CAAGCGACTCCAGGTAGCGA,TSKU,658,224,128
TSKU_CTCGGAGGTTGGGCACGGCA,TSKU,1967,978,622
TSKU_GGACCTTTCGGGCACCAACC,TSKU,548,284,299
TSLP_CATCTTACAACTTGTAGGGC,TSLP,698,490,614
TSLP_CACCCGATTGCTACAAGAGA,TSLP,1278,275,533
TSLP_GCCTTAGCTATCTGGTGCCC,TSLP,423,186,45
TSLP_ACCTGAGTTTCCGAATAGCC,TSLP,79,96,187
TSN_GAAGATCTCGCTCACAGACA,TSN,428,335,270
TSN_TGCCGAGCAGGACATCCGAG,TSN,1366,1044,590
TSN_CTCCACCTTCATCAATGAGC,TSN,503,239,163
TSN_CGTGAAGAAAGTAGAGGAAG,TSN,1030,305,395
TSN_CCGTCTCCTTATTAAAGCCC,TSN,925,119,264
TSNARE1_ACTGAATGGCATCTGAGAGC,TSNARE1,239,142,280
TSNARE1_GGCCATCTGCTTCACGGAGC,TSNARE1,636,121,202
TSNARE1_AGGGACACCGAGTGACACGC,TSNARE1,420,35,190
TSNARE1_GCCAGACGCACACTCACCAC,TSNARE1,497,353,241
TSNARE1_ACCCACCATTGGCCCGAGGA,TSNARE1,1414,809,368
TSNARE1_CGCCTATTGTCCCAAGGGCC,TSNARE1,570,434,556
TSNAX_GACGACATGAGCAACAAAGA,TSNAX,1023,141,216
TSNAX_TGTCGATTACCTTCTGGGAG,TSNAX,2169,440,382
TSNAX_AAACTGGCTCACTTCAAAGG,TSNAX,1320,424,480
TSNAXIP1_TGCCAGCGCCTACCTCGACG,TSNAXIP1,3637,541,1002
TSNAXIP1_TCTTCAGAAACGAAGGACGC,TSNAXIP1,553,60,47
TSNAXIP1_CCACTGGTGTATGTGGGCCA,TSNAXIP1,718,276,288
TSNAXIP1_AATCTGTGCCCAGGTCCAGC,TSNAXIP1,309,306,208
TSNAXIP1_GAAGATTTCATTGCAGAGCG,TSNAXIP1,1495,811,578
TSNAXIP1_ATTCAGGCTTACCTGGCGAC,TSNAXIP1,531,136,140
TSPAN1_TGCCATGCAGTTTGTCAACG,TSPAN1,6939,2204,2701
TSPAN1_GGCTACTTCCTCATCGCAGC,TSPAN1,553,115,146
TSPAN1_CGCCTTGGTGTACACCACAA,TSPAN1,2194,1613,679
TSPAN1_ACGTCAGGAAGTGCTCAGCC,TSPAN1,1219,398,712
TSPAN1_ACCGTGGGTGGTGTGGCAGC,TSPAN1,1562,181,189
TSPAN1_ACACAATCATGGCAGCCAGC,TSPAN1,520,219,244
TSPAN10_TTCTGTTCCAGCGTCAAGGA,TSPAN10,1532,625,512
TSPAN10_TCCAGCGTCAAGGATGGAGG,TSPAN10,250,21,37
TSPAN10_TGGACCTAGGCAGCCTGAGG,TSPAN10,1017,44,253
TSPAN10_CACGGCCTCAAGCACCAGGA,TSPAN10,678,95,182
TSPAN10_CGAGCTGGACTTGGTCGAGG,TSPAN10,1727,30,180
TSPAN10_GCCGCACTGGTCGTTGACAG,TSPAN10,1990,296,337
TSPAN11_GAATGCCTGGGACACTCGCG,TSPAN11,1706,264,194
TSPAN11_GATGTAGGCGGAGGCGGCAA,TSPAN11,450,46,12
TSPAN11_TCGGTGCCATCCTCTGGGAG,TSPAN11,2373,720,658
TSPAN11_AACTGAAGCAGCACTTGAAC,TSPAN11,884,283,431
TSPAN11_CTCAGTGGACCGACTCCAGC,TSPAN11,835,374,496
TSPAN11_CACGTACATCCTGTTGCGGG,TSPAN11,2069,262,1398
TSPAN12_ATGTTCCAAACAGGCCCACC,TSPAN12,416,71,232
TSPAN12_ATCACCAGGTTCCAGTACAA,TSPAN12,843,283,282
TSPAN12_ATCATGACCGGATGAACCAC,TSPAN12,467,125,140
TSPAN12_GCAGATTGAGGGCGTAGAGC,TSPAN12,1271,202,342
TSPAN13_GGTTCCAAGATGGTTTGCGG,TSPAN13,1375,114,216
TSPAN13_CACGCCGACCACTCGGAGAC,TSPAN13,1786,836,729
TSPAN13_CGCTTGTTTAGCCCTGAACC,TSPAN13,4026,797,738
TSPAN13_CAATGTACTTACAGCCAGAC,TSPAN13,1000,432,215
TSPAN13_CATAGGAGAATATGCTGGAG,TSPAN13,826,123,356
TSPAN13_TGTAGGTCAGCCAAACACCC,TSPAN13,1183,129,352
TSPAN14_TTGGAGTCGGGCTGTGGGCA,TSPAN14,1116,339,528
TSPAN14_CCGACCTCACCAAAGTGACC,TSPAN14,1635,329,139
TSPAN14_TCTCGAAGAACTCCCGGAAC,TSPAN14,872,328,222
TSPAN14_GCGCATATGGCCCTGAAGAC,TSPAN14,2434,724,964
TSPAN14_TCCTGCAGCTGAAGAGCAAG,TSPAN14,1745,388,243
TSPAN14_TATTTGGCATCTTCCTGGCA,TSPAN14,285,10,50
TSPAN15_TGAACATGACGACGCCCAGG,TSPAN15,511,188,116
TSPAN15_CCATGAACATGACGACGCCC,TSPAN15,754,60,305
TSPAN15_GGCCTTGACCTTCCGGAACC,TSPAN15,948,336,498
TSPAN15_CTGAACGACAACATTCGAAG,TSPAN15,2063,845,1198
TSPAN15_TGACGCTGCTGTACATCACC,TSPAN15,373,40,78
TSPAN15_GCTGCTGTACATCACCCGGG,TSPAN15,776,86,0
TSPAN16_CACATTTACCACCAATGCCC,TSPAN16,1158,63,171
TSPAN16_ACAGGTTGCCAACGTGAAGG,TSPAN16,1362,127,147
TSPAN16_CCGTGATGCATCCCATCACC,TSPAN16,386,228,310
TSPAN16_ATTCTTCCTCAGGGTCACGA,TSPAN16,144,125,239
TSPAN16_CAGACGACTATTCTACACAG,TSPAN16,3573,1136,638
TSPAN16_TCCAAACGTCATCCACCAGA,TSPAN16,137,229,178
TSPAN17_ATTGTCTTCTGGGTGAGCGC,TSPAN17,21,34,100
TSPAN17_CTACCACAAACAGCCACACG,TSPAN17,4263,641,1281
TSPAN17_GAAGATGAGACCGAGGAACA,TSPAN17,538,345,278
TSPAN17_TCCCTGACGCAGCAGGAGAA,TSPAN17,1320,521,431
TSPAN17_GCCGGACGTCGTAGCCACAC,TSPAN17,705,91,182
TSPAN17_GCGTGGGCCAGTTTGAGAAG,TSPAN17,1376,268,450
TSPAN18_AGCCACGATCTCCCGGAAGC,TSPAN18,2223,525,432
TSPAN18_CGCCTACATCCTCCTGGCCA,TSPAN18,1547,753,492
TSPAN18_GATCATGACCGAGTTCCAGG,TSPAN18,706,35,27
TSPAN18_GAGCCTATTCCTAAACAAGC,TSPAN18,671,99,178
TSPAN18_GGATCACCGTGTAACAGCCC,TSPAN18,89,67,54
TSPAN18_ATACCCTCTACTGGATGCCC,TSPAN18,133,40,159
TSPAN2_TACCGACAATTCCAATGAGC,TSPAN2,424,300,92
TSPAN2_GGTCCAACCTACATGCCCAA,TSPAN2,326,134,104
TSPAN2_CAGCAGCAAATATCACCAGG,TSPAN2,520,520,458
TSPAN2_CACACATTGCGACTCCCGCA,TSPAN2,651,152,156
TSPAN2_TGACGGCCGATCCAGCCAGC,TSPAN2,1420,325,569
TSPAN3_CTTGCATCGTGTTGTGCAGA,TSPAN3,1249,292,227
TSPAN3_GCATGTGATCTGGGCCGCAC,TSPAN3,1091,178,195
TSPAN3_CAGCATAGAGGTCGGAAGGG,TSPAN3,696,609,978
TSPAN3_AAGTCGCTGTGGACTTGCCA,TSPAN3,36,191,306
TSPAN3_ACAGCTATGATCACTACAGC,TSPAN3,254,177,541
TSPAN3_GGTGATGCCGCACTGGCCCA,TSPAN3,394,57,152
TSPAN31_TGCGCTTTGCGCTCTCAACG,TSPAN31,453,64,169
TSPAN31_CAGCCACTGCAATAAGGAGA,TSPAN31,231,164,78
TSPAN31_GGCTATTAACCGAAGCAAAC,TSPAN31,848,674,496
TSPAN31_CAACAAGACTCGGGATGAAC,TSPAN31,3180,187,289
TSPAN32_CTCGGCGGATGACAGCAAAG,TSPAN32,1226,595,663
TSPAN32_GGTGGCTGCAGCGCTCAGCA,TSPAN32,635,230,263
TSPAN32_CTGTGGTCTCTCGGTGCAGG,TSPAN32,743,421,87
TSPAN32_CAGCCTGACCAGCATCGGCC,TSPAN32,577,182,427
TSPAN32_TGAAGAGCAAGGCGGACACC,TSPAN32,412,236,215
TSPAN32_GACAATGTGTGGGTCCACCC,TSPAN32,380,207,66
TSPAN33_GGACCCAATGCAGCCACAGA,TSPAN33,843,139,386
TSPAN33_GACCACTCACCGTCTGCAGG,TSPAN33,477,117,99
TSPAN33_CACAGAGCAGCGCTCTCGAC,TSPAN33,907,270,129
TSPAN33_ATCAACACTATGTGTGGCCA,TSPAN33,540,185,242
TSPAN33_CTCAGTACCATGGGTCAGCC,TSPAN33,2099,212,517
TSPAN4_AGTGCAGGCACATCTGCGCA,TSPAN4,1056,218,110
TSPAN4_AGAACTGAAGCGCTGCGGCA,TSPAN4,1287,13,79
TSPAN4_CAGGCAGCCCACGAAGCCGA,TSPAN4,1006,13,44
TSPAN4_CGTGTAGGCGAAGAAGAGGA,TSPAN4,1028,83,226
TSPAN4_ACGTGGGCCTCACCAACGCC,TSPAN4,460,73,98
TSPAN4_TCGAGGTGTACAACGCCACG,TSPAN4,1377,311,209
TSPAN5_TCGAAGCTGTCAGGGCGAGC,TSPAN5,452,155,195
TSPAN5_CGCTAACCAAATTCTGGGCC,TSPAN5,1169,716,623
TSPAN5_TCTGCCTGTTCAGTTAACAC,TSPAN5,896,392,287
TSPAN5_ATGTCCGGGAAGCACTACAA,TSPAN5,1527,363,499
TSPAN6_CAGTAGCAATGAGCACGAAG,TSPAN6,477,194,185
TSPAN6_CCCAAATGCCAACTGCAAGA,TSPAN6,2765,1090,812
TSPAN6_TAGTCTGCAGTCTCCGAGAC,TSPAN6,1421,546,331
TSPAN6_AGTCTGCAGTCTCCGAGACG,TSPAN6,3091,420,633
TSPAN7_TAGTATGGCATCGAGGAGAA,TSPAN7,227,126,195
TSPAN7_GCAAACCGGACTGTTTGCAA,TSPAN7,959,437,311
TSPAN7_CCCTATGTGCTCATCGGAAC,TSPAN7,1922,1362,1312
TSPAN7_CGAGCTCAGCCAGGAACACC,TSPAN7,730,901,299
TSPAN7_GACGCTATGCAGACTTACAA,TSPAN7,1639,378,399
TSPAN7_AGTTTCGTTCATGCAGCAGC,TSPAN7,627,483,284
TSPAN9_GGGCTGACTGGGCTCGCAGA,TSPAN9,290,53,229
TSPAN9_TGTGTTCAAATGCTCAGCGC,TSPAN9,1017,324,453
TSPAN9_GGACAGAACTTACGCTGAGG,TSPAN9,42,94,54
TSPAN9_CACCACGCCTTTGTGGAGAA,TSPAN9,2240,576,614
TSPAN9_CAATAAGCACGTGCTGGGCA,TSPAN9,1414,456,373
TSPAN9_TCCGGTGGATGTGCTGGAAG,TSPAN9,1836,654,306
TSPEAR_GGTGTTCCGCATCCCTCAGG,TSPEAR,593,53,209
TSPEAR_ATCTGTGTGTTGGCAACGAG,TSPEAR,1294,236,388
TSPEAR_GGATGGACAGCACCGCCAGC,TSPEAR,605,145,90
TSPEAR_GATTCTTCGTCGGCAGCCGG,TSPEAR,154,93,74
TSPEAR_GCACTTCCTGTTCCTTCGCG,TSPEAR,670,636,1390
TSPEAR_CCTGGACATCCTGGCGGAAG,TSPEAR,954,539,291
TSPO_TCCCGCTTTGTCCACGGCGA,TSPO,547,184,403
TSPO_GACCCTCGCCGTGGACAAAG,TSPO,784,263,145
TSPO_TCTGCAGGCCGGCGTACCAG,TSPO,671,270,257
TSPO_TTGTCGGGCACCAAAGAAGA,TSPO,731,236,284
TSPO_CTTCTTTGGTGCCCGACAAA,TSPO,1608,619,624
TSPO_TGCGTATGGCGGGACAACCA,TSPO,1054,123,168
TSPO2_AAGGTGAATGCGGCTTCAAG,TSPO2,1125,384,406
TSPO2_CACGAGTGAACAGCCAGACC,TSPO2,2547,443,869
TSPO2_CTGTTCAGCTCACCATCAGC,TSPO2,695,124,110
TSPO2_ACTGTGTGCCTTACCAGACC,TSPO2,1175,379,471
TSPO2_TAGGTAGGGCAGCAGTAACA,TSPO2,1855,521,379
TSPO2_GACAAAGGCTGTCCCTCCAC,TSPO2,32,24,50
TSPYL1_CTGTGAATGCTCAGGCCGAC,TSPYL1,743,531,286
TSPYL1_ATCCGCGTCTGAGCTGACGG,TSPYL1,677,252,177
TSPYL1_CGACCAAAGCGAGGCGACAC,TSPYL1,1971,312,545
TSPYL1_ATGATGCTGTGGGTTTGGAG,TSPYL1,1067,175,494
TSPYL2_ATGACATAGGGAGGCGGCGG,TSPYL2,697,139,20
TSPYL2_AGGTCTCTGCGCTCCAGGAA,TSPYL2,470,177,147
TSPYL2_ACTTACCTGAGCGGTTGCGC,TSPYL2,663,373,112
TSPYL2_ATCCTGGTTCCCGTGACGAC,TSPYL2,1157,261,214
TSPYL2_TACGCTACTACCTGAGAGAA,TSPYL2,958,489,628
TSPYL2_TGCTGTCCTGGTTGTTGCCA,TSPYL2,481,296,424
TSPYL4_AAGGATCTGGCGCTCTCCAC,TSPYL4,177,25,111
TSPYL4_TCGGTGCCAGCGGATTGGAG,TSPYL4,1818,338,476
TSPYL4_TGAAAGAGGAGACACGGCCC,TSPYL4,372,165,111
TSPYL4_GGCGGTGCAGCGACCAAAGC,TSPYL4,1057,309,312
TSPYL4_TGAAGAAACCGAGGCGACAC,TSPYL4,497,390,190
TSPYL5_CTCGTTCTACTCCAATCCAG,TSPYL5,1972,477,339
TSPYL5_GGAAGGCAGCATGGATACGC,TSPYL5,294,332,115
TSPYL5_CACGCCGGTTTCCAACGCGG,TSPYL5,613,674,520
TSPYL5_GAACAGCGGGAACCGTGGGA,TSPYL5,320,8,10
TSPYL5_CTTTGGCGCGGCCTTTGCCC,TSPYL5,94,37,30
TSPYL6_TATGGGCGTCTTCACCCAAC,TSPYL6,412,116,66
TSPYL6_GAGTCTGAAGTGATTGCAGA,TSPYL6,318,42,159
TSPYL6_GGAACACGATTGGCTCCAAG,TSPYL6,361,236,431
TSPYL6_GCTCTGGAAGACCCGCACCA,TSPYL6,1066,161,584
TSR1_ATTCGAGCAGCCACATCACG,TSR1,1198,92,75
TSR1_GAGGAGCTGAGCGAGGCAAA,TSR1,106,52,0
TSR1_TAAAGGGAAAGGGTCTCCGG,TSR1,738,12,1
TSR1_TCGGAAGGCCCTGAGCAAAG,TSR1,1594,0,0
TSR1_CAGCAGAATTTCCCTGCCAG,TSR1,3,0,0
TSR1_CTTTATTCTGCTGCTTGAGC,TSR1,1092,48,23
TSR2_TTACAGATCGCTGTGGAGAA,TSR2,1214,816,1183
TSR2_GAGGATTACTTCATGCGCAA,TSR2,1090,62,10
TSR2_ATGTTCCACCACTTCCAGAG,TSR2,675,0,4
TSR2_CGCTCAGACTATTAAGGAAG,TSR2,2210,421,275
TSR3_CTGTGAAGAGGAGCAGACGC,TSR3,1855,407,241
TSR3_ACCTACCGGGTGCTGGCCAC,TSR3,949,1,184
TSR3_CCGCGTACTTGTCCAGGAGC,TSR3,2021,108,119
TSR3_AGGGCCGGCCATAGTTCACG,TSR3,1280,0,0
TSR3_TCATCGACTGCTCCTGGGCC,TSR3,457,107,42
TSR3_GACCGCCGAATCTGTGGCCC,TSR3,279,0,0
TSSC1_ACATCATAACTGCACCCAGG,TSSC1,906,154,262
TSSC1_TAGTGTCGTGTGGGAGCCAA,TSSC1,649,223,112
TSSC1_CACCTTGACAACACAGCCCA,TSSC1,1189,399,290
TSSC1_TGCCCAACTGTTCATAGCAC,TSSC1,1846,431,542
TSSC1_AATGTCCTCCTCCATCAAGC,TSSC1,494,132,119
TSSC1_TGCACCAGTGATCTACGGGC,TSSC1,951,228,122
TSSC4_ACGGCTGCGCTGGGAGAAGG,TSSC4,1117,109,280
TSSC4_ATCGGAGCCCTGCCTCACCA,TSSC4,37,11,0
TSSC4_GCGCTGGACCAAGTACAGCC,TSSC4,460,264,117
TSSC4_CTGCGTGTCCTCCTTCAACC,TSSC4,3579,583,731
TSSC4_CTTCACCAAACCAGTCCGAG,TSSC4,1684,364,935
TSSK1B_GCCGTCGACTATGGAGACAG,TSSK1B,852,174,219
TSSK1B_CCTGTCAGGTGCTTGGAGCG,TSSK1B,2976,1360,1326
TSSK1B_TTCGACCACTGTCATCCCGC,TSSK1B,1643,203,221
TSSK1B_TGACAACCTTCTCCTTGACA,TSSK1B,2351,444,492
TSSK1B_GCTGCTGTCCTCAAGCGACG,TSSK1B,355,78,114
TSSK2_GCCAGTCGCTCCTGGCACCA,TSSK2,1323,263,304
TSSK2_ATCCTGGCAACTGTCAACCA,TSSK2,1341,391,322
TSSK2_CGCTGCCTGCGGGACAGCAA,TSSK2,827,372,343
TSSK2_ATATGCTGCCGACCCGCAGA,TSSK2,172,144,37
TSSK2_CAAGCTTGTGGTCGGGCCGG,TSSK2,370,137,145
TSSK2_CTCCAAGCTTGTGGTCGGGC,TSSK2,593,513,216
TSSK3_GAAGGCGGCGCTAGACAGCA,TSSK3,390,264,359
TSSK3_GAGGACTTTCTGCTCTCCAA,TSSK3,443,99,10
TSSK3_CCTCAGCGAGCTCCATCACC,TSSK3,169,253,72
TSSK3_GAGGCCATCCGCTACTGCCA,TSSK3,117,5,43
TSSK3_ATGGCTGTGGTGTGGCCCAC,TSSK3,81,53,250
TSSK3_GGGATGTCTGTGTCGTCAAA,TSSK3,695,297,215
TSSK4_TCTCAGCAAGCCCAACACCA,TSSK4,2323,949,1013
TSSK4_GGAGAACCACTTGCCAGCAA,TSSK4,912,252,440
TSSK4_ACAGCAAGAGCATCGTGCAC,TSSK4,826,53,644
TSSK4_AGAAAGGCTGGGCATCAGGC,TSSK4,370,214,149
TSSK4_AGAACCTGTTGCTGGACAAG,TSSK4,896,437,157
TSSK4_TCTCCCACTTGTCCAGCAAC,TSSK4,525,419,483
TSSK6_TGCAGTTCAGCCCGTCCGCC,TSSK6,1148,197,394
TSSK6_TGCTCTACGTCATGGTCACC,TSSK6,231,1,93
TSSK6_TGCAAGCCGTGCAGCGCAAC,TSSK6,928,672,596
TSSK6_ACTGTACATCGTGATGGAAG,TSSK6,745,113,108
TST_CCTGATGTGGCCGTGTACGA,TST,2199,365,856
TST_CTGCTCGTAGGTCTTGAGCA,TST,1403,1502,859
TST_TCAATGGTGGCTTCCGGAAC,TST,1252,729,454
TST_CGAGATGATGCTGCCCAGCG,TST,2660,1517,849
TSTA3_TGCACCTTGTGGATGAGGCC,TSTA3,1124,87,184
TSTA3_TTGGGTACTCGTATGCCAAG,TSTA3,425,186,262
TSTA3_CTTGTCAGGGAAGATACAGG,TSTA3,335,34,83
TSTA3_GGGTTGGACCTTCTCAAACA,TSTA3,1310,291,373
TSTA3_CTGCACTTGGCACCCAACCC,TSTA3,2935,403,833
TSTA3_CATGCGGATTCTAGTGACAG,TSTA3,812,142,457
TSTD1_ACGCTGGAGCCTATAGAGAA,TSTD1,1449,369,591
TSTD1_CACAGGGCTCGCAACTACGC,TSTD1,2684,424,498
TSTD1_CTTCTGTCAGATGGGCAAGC,TSTD1,521,188,160
TSTD1_AGACCGTGGGCGCTGAGGAA,TSTD1,1712,396,545
TSTD1_GACCGTGGGCGCTGAGGAAG,TSTD1,1036,460,318
TSTD1_CGCGGTTGCTACGCGCACCA,TSTD1,691,551,286
TSTD2_AGTACAGGGTAACTGGAGGC,TSTD2,421,85,144
TSTD2_AATGCGAGTGCACAGCCCGA,TSTD2,311,79,86
TSTD2_GAGGTGTTCCAGCTCAAGGG,TSTD2,576,190,195
TSTD2_TTCAGCCTACCTCAAAGCCA,TSTD2,1325,230,356
TSTD2_AAGATCTCCTACAAGAAGCC,TSTD2,323,60,151
TSTD2_CAGATTCGAATTGCTGCAGA,TSTD2,221,159,126
TTBK1_GGTCAAGGATCGCTGGAAGG,TTBK1,817,91,122
TTBK1_GGAGAATGTGGCCCTCAAGG,TTBK1,851,77,113
TTBK1_GCTGAGCACCACATTGCGGC,TTBK1,668,112,118
TTBK1_CTATATGCTGGACTTCGGGC,TTBK1,658,201,341
TTBK1_GCGAACCGTTCCTCGAAACC,TTBK1,961,259,345
TTBK1_TTGCAGTGGGCCAGCTGCCC,TTBK1,1080,103,59
TTBK2_AGAGGAGAACAGCCATGGCC,TTBK2,872,208,92
TTBK2_CCAGATGAACAGCTTAGCGA,TTBK2,1659,603,365
TTBK2_GGACATACCCAATTGCAGCA,TTBK2,2423,540,1001
TTBK2_CAATCAACGCACATCGGAAC,TTBK2,2808,1024,956
TTBK2_TACTGGTCTGACGTCACCAC,TTBK2,450,228,125
TTBK2_TGGTGAATGTGCCTCGGGAC,TTBK2,436,164,476
TTC1_CTGCAGTGCCTCATTTGAGG,TTC1,2614,105,151
TTC1_GAAATTGATGGAGTACGAGC,TTC1,287,0,25
TTC12_TTAGGGATTCCGGTTCACAA,TTC12,975,604,528
TTC12_ACTGCTTATGGAGGAAGACC,TTC12,529,59,145
TTC12_ATCTGTGGAGAAGGATGCAA,TTC12,779,134,215
TTC12_GCTGTACACCAACCGAGCCC,TTC12,335,197,157
TTC12_CACTGTAGTTCTTCAGGGCC,TTC12,1368,196,271
TTC12_GATCTGGTCAGGCTTGGAAA,TTC12,1256,284,353
TTC13_TCAGGGCTAGCCTTCTGGCC,TTC13,682,413,341
TTC13_GGGCTTCCTGTAAGCTGCCG,TTC13,152,60,47
TTC13_GCTTCATTAATTCGTCCCAG,TTC13,356,86,113
TTC13_CTTGGAACCAGATCGTCCAG,TTC13,392,277,1108
TTC13_AGGGATAGCCTATGGAAAGA,TTC13,769,220,300
TTC13_CGAGTAGTGCTCGGTGGCCA,TTC13,1336,608,314
TTC14_AATTTAGCGACTGCCGCAAA,TTC14,312,97,174
TTC14_GAGAGAGCAAAGACGACCCG,TTC14,263,177,98
TTC14_TGCCAGACACTTGTAGAGAG,TTC14,2269,714,933
TTC14_AGTCTTCTCGCAGTTCCAGA,TTC14,76,104,104
TTC14_CATAAACCTAAGCCTACCCG,TTC14,983,202,281
TTC16_CCTCATGACAGATTCGGACG,TTC16,1660,326,390
TTC16_GGATGCCCTGAAGGTTGACC,TTC16,99,31,74
TTC16_CACCTGTAGGTAGAGCACAA,TTC16,1229,475,396
TTC16_CACCATCGGTAACGGAAGCA,TTC16,2342,621,983
TTC16_ATCCCAAGCACCCGCAGGCC,TTC16,779,322,253
TTC16_CGTTGTAGGTCAGCAACAGC,TTC16,1481,684,407
TTC17_ACTGGGTCGTCACGGAGGAC,TTC17,507,113,54
TTC17_CCCAGACTGCATCAAAGCCA,TTC17,1245,118,239
TTC17_TGCTCTGGGTCTGGAGGGAC,TTC17,1088,580,527
TTC17_CATTCATGAAGGCCTACAGA,TTC17,1330,232,291
TTC17_CTCGTGGGTACTGTATAACA,TTC17,1659,656,766
TTC17_AACGTTTGCCAGGTTGACCA,TTC17,650,1446,591
TTC18_CTCTGGTCACTATACCCAAA,TTC18,1440,282,397
TTC18_ATCAGGCTCTCACCTCAGGA,TTC18,238,213,72
TTC18_GCAAGTTCCATCACTTGGAG,TTC18,1112,336,673
TTC18_GAGCCTTGCACAGGGTGCAA,TTC18,0,4,9
TTC18_AGAACACAGGTTTGTGAGCG,TTC18,815,205,267
TTC18_CGTGCAGATCACCGTGACAG,TTC18,5492,1076,943
TTC19_CAGGACACGCCCTCCACGAC,TTC19,1282,253,366
TTC19_AGTCAGCTGGAGCGTCGCGG,TTC19,199,44,373
TTC19_CCTTGGCTCGCTTCAGCAGC,TTC19,981,65,167
TTC19_AATGAGTTACCTCCTTGGAG,TTC19,793,7,47
TTC19_CGTCTAAGCACATGCCCAAG,TTC19,1791,462,268
TTC19_GCTACTACCCTGGATGCACA,TTC19,333,65,267
TTC21A_CGGGCCACGCACCATAAGGG,TTC21A,1327,148,722
TTC21A_ATGTCTTCCTTCATACAGGC,TTC21A,814,308,268
TTC21A_CAACCAGGCCTGACCCACCA,TTC21A,2698,699,512
TTC21A_GATTTCTAGAGGCTTCAGAG,TTC21A,251,137,82
TTC21A_GCAGCTGTTCTTAGCTCGGC,TTC21A,221,108,15
TTC21A_ACACTAGCCCTAGAATCACC,TTC21A,39,165,130
TTC21B_AGCGCTCTTGGGAATGGCAA,TTC21B,552,290,208
TTC21B_TAGAGCACACTGCCGCAGGC,TTC21B,597,161,160
TTC21B_CATGCTCTGGCTCATGAACC,TTC21B,2501,149,327
TTC21B_GCAGACCTTGCTCTAGCCCA,TTC21B,225,55,126
TTC21B_TCACCGCTTAAATGGAGAGC,TTC21B,1050,243,306
TTC21B_TTGGTCGCCATGATAAAGCA,TTC21B,756,250,649
TTC22_GGCGTACCTGGACATCGGCC,TTC22,185,110,115
TTC22_CTTCTACTTCCTGGGAAAGC,TTC22,212,79,24
TTC22_CAGCATCCCGAGGTAGCACC,TTC22,626,375,314
TTC22_GCCAGCGTGCGGTTGAAGGC,TTC22,522,179,164
TTC22_AGATCCCGATGGAGGAGAAA,TTC22,1031,436,270
TTC22_CCAGGAGGTGACGCACAGCG,TTC22,442,539,576
TTC23_AAGGACTCTGGCCACCCAGC,TTC23,1114,90,72
TTC23_ATTTGGCGATTTCAGTCCCG,TTC23,833,238,82
TTC23_TCAGGGAGACACGAGCACCA,TTC23,2007,926,825
TTC23_GGATACATCGTGGAGTCCCA,TTC23,608,41,18
TTC23_GAGGCACAATGGAGTTGGCG,TTC23,369,177,139
TTC23_GGAGTTTCTCTCGAGGAGGC,TTC23,250,47,113
TTC23L_GCTAACAGTTGGGATACGGA,TTC23L,356,232,152
TTC23L_ACAGATGAGTTGTATCCCAC,TTC23L,253,86,120
TTC23L_ACTCTCTCCACACCCACCAG,TTC23L,617,72,115
TTC23L_ACTACACTCTGGGCGTGGCC,TTC23L,226,42,45
TTC23L_GGCGATGTTATTGCTGCCAA,TTC23L,225,197,52
TTC23L_AGCTTATGCCATGTCTGGAG,TTC23L,995,421,249
TTC24_GAAGAGTGGGCGGCATCGGG,TTC24,543,160,530
TTC24_AGCTTCCTGATAGTTGCCGA,TTC24,10,130,9
TTC24_GCTGGCTCAATGCAAAGGCC,TTC24,9,6,29
TTC24_CCTTATAGTACTTCAAGGCC,TTC24,545,256,186
TTC24_AGAACGGCTGGTGGCCAAGC,TTC24,367,224,128
TTC24_GCAAACGTTCCGGTGAGGGC,TTC24,147,74,253
TTC26_TCACAAGACCGACGTCAAGA,TTC26,2400,643,1246
TTC26_CTTTGGGCATTACCTCCAAC,TTC26,1121,511,450
TTC26_TGGATATTGTGCCTTTCACC,TTC26,196,106,92
TTC26_CCTTGTGAGCCAAGTGGAAG,TTC26,2193,441,244
TTC26_GGCTTTAAGATTGAGTGCGA,TTC26,882,268,228
TTC26_AGGACTGAACTCAGTCAAGA,TTC26,76,323,148
TTC27_CGGCAGCAATGGAAACAGGA,TTC27,1602,14,65
TTC27_CAGATTTGGACACAACGGAA,TTC27,1192,3,23
TTC27_CCTGAGGGTGTAAGTCAACA,TTC27,1757,94,43
TTC27_GGTTAAATGTTCCTGAGGAG,TTC27,675,103,103
TTC27_AAGTACTCGCCGAGTGGAAC,TTC27,259,0,0
TTC27_ACCTGAATGGCCCAGTGAGG,TTC27,770,2,0
TTC28_GAATGACTTGGCGGCCAAGA,TTC28,729,166,388
TTC28_TCAGCTCCTGGGCAATGCAC,TTC28,1626,136,190
TTC28_GGAACAAGCGAGAAGAGGCC,TTC28,366,185,210
TTC28_CTCCAAAGGAAATTACCGGG,TTC28,396,229,503
TTC28_GGCTTCTAAGACAACCACAG,TTC28,552,206,344
TTC28_TTGAGCCAGTCCAGATGCAA,TTC28,1140,348,363
TTC29_TAGCCTTGACTGAATCGACC,TTC29,1024,218,175
TTC29_AGGCTATGAAGCCATAGCCA,TTC29,318,77,257
TTC29_AGGCCAACAAGTTGAGAGAG,TTC29,1110,339,169
TTC29_GGTCTTCTCTACGAGGAAGA,TTC29,0,132,154
TTC29_ACCTGTACCATTACCTGACC,TTC29,205,48,114
TTC29_TGTGTGGACATGCTGCGAGA,TTC29,1875,355,207
TTC3_CTCCTTAGACTTGTGCACCA,TTC3,2609,957,1143
TTC3_ACTTACTTGGCGTCCACACA,TTC3,994,520,674
TTC3_AACTTACTTGGCGTCCACAC,TTC3,554,237,127
TTC3_ATTACAGGCTTAGATGCCAC,TTC3,67,31,45
TTC3_CTCACTTGTCGTTCCTCAAA,TTC3,2798,917,1457
TTC3_CTGTCAGGAGATCACGACCC,TTC3,2203,285,428
TTC30A_AGCGGGCATCGCGGATGAGC,TTC30A,136,67,129
TTC30A_GATGAGCCGGTACACTAGCG,TTC30A,553,117,35
TTC30B_CTTGTATGGTAAGTTTCCGG,TTC30B,584,18,194
TTC30B_AGCGTGCATTGCGGATGAGG,TTC30B,721,440,416
TTC31_CCGGGTCACTGTAGATGCGA,TTC31,252,734,303
TTC31_TCTACGGCCCAGCTGCCCAC,TTC31,557,203,89
TTC31_CATCATCCAAGTGGCCCAGG,TTC31,228,333,171
TTC31_AAAGCGACTCAAGAAGAAGG,TTC31,761,85,23
TTC31_TCACCACACTGTCCCTGAAC,TTC31,1418,917,769
TTC31_CCTCAGTGCCCGCAGAGAGA,TTC31,1704,848,771
TTC32_AGGGTTGATACTGTATAGGC,TTC32,268,130,289
TTC32_TGGAGAGTACGCGGAGGCCG,TTC32,1080,384,508
TTC32_CAACAATGGAGAGTACGCGG,TTC32,1290,289,141
TTC32_GCCCAGGCTCATTTCAACAA,TTC32,1938,681,891
TTC32_CGCAACCCTAACACTCGCCC,TTC32,1942,628,892
TTC33_GATGGTGCTACACCACCAGA,TTC33,109,7,16
TTC33_GGAGCGTTCTTGCCCAAGAG,TTC33,1697,154,348
TTC33_ATCGGGAGGCAATTCAGAAG,TTC33,1177,203,220
TTC33_TAACAACCACAGATATCGGG,TTC33,871,121,129
TTC33_TTGACAACGATGAAGGGAAC,TTC33,1202,91,271
TTC34_ACTGAAGGCCAGAATCCGGA,TTC34,666,8,47
TTC34_GGTGTCCTTGTCCTCGAGAG,TTC34,466,222,109
TTC34_TGGCCGTCTTCTTCTGGCCC,TTC34,1103,288,250
TTC34_GGCAGGCGGTGTCACCAGAC,TTC34,414,225,394
TTC34_GGCTGATGCCCTGTACCGCC,TTC34,76,68,65
TTC34_TGCAGCGATCTCCACGCGCC,TTC34,1027,77,90
TTC36_TGTTGGATTGGACCTCGGAG,TTC36,1220,88,310
TTC36_AGCCTACAACAACCGTGCCC,TTC36,148,8,230
TTC36_ACAACAACCGTGCCCAGGCC,TTC36,2973,441,470
TTC36_CACGTCTCCCTGGAGTCGCC,TTC36,344,76,185
TTC36_CGCCCGCAGGGACTTCGAGA,TTC36,2326,409,278
TTC36_GGGACTTCGAGAGGGCGGCA,TTC36,673,63,154
TTC37_GCACAACATCTAGCAGAAAC,TTC37,1590,495,301
TTC37_TGGTGCGACAGCATACAGAC,TTC37,925,135,172
TTC37_AGCATTAAGAGCAGACCCAA,TTC37,659,23,32
TTC37_AGCTTGGCCTATCGGAACAA,TTC37,1613,213,82
TTC37_ATGCCTAAGCCAATGAGGCC,TTC37,227,130,152
TTC37_GGTCCTCTGTACTTTCAGCC,TTC37,290,69,39
TTC38_GACTCCGACCCGGCGCAACA,TTC38,2988,967,1300
TTC38_CAGGCATACCTGGGTCAGCG,TTC38,1073,837,227
TTC38_GGGAAGGCGTTACTCACCAA,TTC38,658,46,180
TTC38_AACCCAGCCGCTGACAAGGC,TTC38,1217,246,265
TTC38_GGATGTCAGGTGTCCAGAAG,TTC38,1970,312,463
TTC38_GGAAACCAACTTCTACGACC,TTC38,1022,115,171
TTC39A_ATGGTGAGCTTCATCAAAGG,TTC39A,743,512,427
TTC39A_AACAGATTCCTTCAGCAGCC,TTC39A,249,353,543
TTC39A_TCATCATGTTGCCGGCAAGC,TTC39A,1805,690,618
TTC39A_GGACCAGTGCATGACCGCCC,TTC39A,388,8,268
TTC39A_CAATGATCTTACCCTCCACA,TTC39A,490,117,115
TTC39A_AATAAGTGGCAAGCTAGGAC,TTC39A,1338,129,117
TTC39B_TTTGAGTATGCTTCCAGAGG,TTC39B,592,199,216
TTC39B_CACCTTCACGTAACTGCAGG,TTC39B,965,343,403
TTC39B_GAGCAACAGGACATCCAGAA,TTC39B,1230,396,343
TTC39B_CACAATGGTACTGTAGCCCA,TTC39B,1048,125,235
TTC39B_GCGGAGCGTCTACTGTCAGC,TTC39B,447,10,190
TTC39B_GGCGCTCTTAGGCAGCCGAG,TTC39B,80,78,24
TTC39C_GGACGACGGAGACTCGGACG,TTC39C,358,117,73
TTC39C_GAAGCCGATCAACCATAGAG,TTC39C,485,129,53
TTC39C_GGTGGATCCTTAGGAAAGCC,TTC39C,126,67,12
TTC39C_CTTGGATGGCAGTGATAACA,TTC39C,2832,392,463
TTC39C_ATAATAGCACTGGGACCACC,TTC39C,112,113,67
TTC39C_AGGAACCAATTCCCTCAGAG,TTC39C,1110,395,335
TTC4_AGCTATGGAACAACCTGGGC,TTC4,578,217,140
TTC4_GATGAGGAGCGTTCTCCAGA,TTC4,269,0,0
TTC4_AAGAACTCACCTTGATGGCC,TTC4,1382,381,283
TTC4_TACAGGTTCTACAGCACCAG,TTC4,1410,754,534
TTC40_CACACCACGTGGATGACCCG,TTC40,3914,927,765
TTC40_TTTACCTTTCTTGTGGCCAC,TTC40,705,121,142
TTC40_TTATCTGCAAGCCGGAAGAA,TTC40,1218,430,395
TTC40_GGTGCGCTCGGCCCAGAAAC,TTC40,894,415,235
TTC40_AGATGCTGCGTCCTTGAAGA,TTC40,1287,311,369
TTC40_CCAGCTCCTGCGTGATGACC,TTC40,2103,239,207
TTC5_ACTTGGTAGTACATTTGGCC,TTC5,514,338,364
TTC5_CCACTGAGTACGCTTCAGCC,TTC5,1230,171,390
TTC5_TACCTTACTCTCAAGGAGGC,TTC5,1149,121,33
TTC5_TCCTGACCTTCATCTGAACA,TTC5,1488,389,533
TTC5_GGCTAAGTTGGCTGTTCAGA,TTC5,177,97,57
TTC5_GATCTTGCAGAAATTGCAGG,TTC5,201,52,103
TTC6_GGAGCGCGAACAGAGCCAGG,TTC6,341,28,32
TTC6_TGTGATACACTCGAGAAGCC,TTC6,1000,312,132
TTC6_ATACCACCTGAATTGGCACA,TTC6,549,133,303
TTC6_GCATTTGCATATTGTAGGCG,TTC6,553,545,253
TTC6_GATATCAGCATCTGTGGGCG,TTC6,413,529,222
TTC6_CCTCATACATCTGCTACACC,TTC6,1462,342,400
TTC7A_CAGACGCTGAGCATGCCCGG,TTC7A,627,438,303
TTC7A_GACTTACCGAGAGCCTCCCA,TTC7A,143,161,15
TTC7A_TCAGCATGTACGCACGGGCC,TTC7A,1350,360,225
TTC7A_CCTCTCTGTCAGGCGGAAGC,TTC7A,817,98,43
TTC7A_AGGTGAGCTCATAGTCAAGC,TTC7A,724,382,189
TTC7A_CATAGAGGTGAGGTTTCCGC,TTC7A,741,96,207
TTC7B_TTCTTTGCGAGGGATGCAGG,TTC7B,403,141,145
TTC7B_CTTTCAGCACCTTCACGGCA,TTC7B,842,271,428
TTC7B_TGGCACGGTGGATCCTCCAG,TTC7B,189,138,140
TTC7B_CAGATCGTCCAGGCCCACCC,TTC7B,593,82,273
TTC7B_AAGGTTCCCTCGGTCCAGGG,TTC7B,246,59,69
TTC7B_GCTCAGGGATCCGCTCCCAC,TTC7B,483,66,163
TTC8_TGCATAGATCGGCGCAGAGC,TTC8,1437,148,343
TTC8_TGTGGAGATCCATCAGGAGC,TTC8,203,236,218
TTC8_CCTTTCTTTACCTGATGCAC,TTC8,684,214,113
TTC8_TCAGACAGGAGGGCCTAGCC,TTC8,516,614,455
TTC8_GACAAATCTTCCGGAGGAGC,TTC8,163,39,71
TTC8_TCCATCAGGACTTGTAAGCA,TTC8,1928,1021,774
TTC9_CGGCGGCCGAATGGAGAGAA,TTC9,1540,847,679
TTC9_GGCGGCCGAATGGAGAGAAA,TTC9,330,164,272
TTC9_GATCGACTGTTACAACAGCC,TTC9,252,30,49
TTC9_CATAGTTTACCAGCTCAGCC,TTC9,765,543,222
TTC9_GGTAGAAGGCCACACCAGAC,TTC9,459,278,247
TTC9_TGAGTTTCATCTCCGTCAGC,TTC9,433,271,231
TTC9B_GAATCGTTGCAGCCTCCAGC,TTC9B,134,57,26
TTC9B_GGTAGAAGGCAATGCCGGCA,TTC9B,224,55,73
TTC9B_TTGCCTGCTGCAGTCGGAGC,TTC9B,945,158,448
TTC9B_CTGCAGCTGAAGGCGGCGCA,TTC9B,791,228,246
TTC9B_GCCGTGGCGTTCAAGGCAGA,TTC9B,1253,353,146
TTC9B_CAGCGCTGAGCATCAGCACC,TTC9B,986,158,284
TTC9C_GGGCGGGTCCAATAGAAAGG,TTC9C,368,117,74
TTC9C_CTTTCCGAAGAACTCAAGCA,TTC9C,1650,365,623
TTC9C_GGGAACCAGCGCTACCGGGA,TTC9C,422,74,15
TTC9C_TCCGAGATTAGGTAACGGAG,TTC9C,1283,376,355
TTC9C_CCATCTGCAGGACTATGACC,TTC9C,438,318,99
TTC9C_GCCTATTCACGGCAGCCAGG,TTC9C,57,49,180
TTF1_TGAAGACGATAGTGAAGGAG,TTF1,963,569,406
TTF1_TAAGGCTGACCTTGGCCCGC,TTF1,120,22,0
TTF1_CTTGGAGTAAGTCTGAAACC,TTF1,1430,18,0
TTF1_CTTTCTCCTAGGTATAGCGA,TTF1,748,10,8
TTF1_TGTACCGGGACGACTTGGAA,TTF1,612,16,11
TTF1_GGCAAGCAAGCACGTGCAAG,TTF1,1186,0,2
TTF2_ATTCGGGCCATCGCGGACGC,TTF2,285,168,137
TTF2_TGTTGTAAGGTAGACACGCC,TTF2,454,60,79
TTF2_GACCCTTGTCTGGAAGAGCC,TTF2,240,93,67
TTF2_CTGGCTCACCTTCAGCCCGG,TTF2,911,0,5
TTF2_CGAGAAAGTCAGAAGCCACA,TTF2,908,3,45
TTF2_ATCTCTACCATGGGCCAAAC,TTF2,381,286,623
TTI1_TGAGGGTGACCTGAATAAAG,TTI1,1942,120,95
TTI1_AGGTCCAGTCTCTCACAGAG,TTI1,1233,6,0
TTI1_AAGGCTCTAAGCACTGCCAG,TTI1,830,0,41
TTI1_CATTCTCATCCACTTTGGGA,TTI1,1130,25,17
TTI1_GCTGAACTACCTCAAAGAGA,TTI1,674,12,0
TTI1_AAAGTCTCCTGTGATAAGCC,TTI1,1236,99,119
TTI2_TCTGAAGGCGCACCCTACAA,TTI2,2189,238,121
TTI2_TGGACCGCTGTTCTCAAGGA,TTI2,1836,20,36
TTI2_TAACTGTCCGGCACTTAAAG,TTI2,1326,0,56
TTI2_TACTGGAGCAAATCAGCAGC,TTI2,379,73,106
TTI2_TGCAACAGGTCACTCGGCCC,TTI2,418,134,67
TTI2_ATCTCGGGAAGTTGCTAGGG,TTI2,871,0,0
TTK_TGGCAAACAACCCAGAGGAC,TTK,958,16,43
TTK_CTGTAAATGCCCAAGTGAAC,TTK,1777,606,424
TTL_TCGGCTGCCCTTCGGGAGAC,TTL,876,206,201
TTL_GGGCTCACCCAGTCTCCCGA,TTL,134,50,207
TTL_TCCTTCCTAGGTCACGAGCC,TTL,647,349,279
TTL_TGCCAACTCACCTTTGGCAC,TTL,115,95,138
TTL_TGAAGTCAAAGCCGAAGAGC,TTL,578,92,131
TTL_CTCTATGCAGAACTGTGCCA,TTL,987,70,206
TTLL1_TGCTCTCCAGGTAGAGCCGC,TTLL1,365,273,150
TTLL1_CGTCGCCATCCAGAAACACG,TTLL1,1962,1036,668
TTLL1_ACCCGTTACTAATTGGCGGG,TTLL1,312,0,38
TTLL1_ACAAACAGGTTGTAGTCAGC,TTLL1,349,131,125
TTLL1_CCACTATGAACTGACCCGGA,TTLL1,1791,453,435
TTLL1_TCTCTTCCAGGATTATGGCA,TTLL1,410,236,133
TTLL10_CACCCGGTTCATCCACCGCC,TTLL10,1581,118,774
TTLL10_TCCGACCCTCCTCACCAACA,TTLL10,1815,1105,930
TTLL10_CTGCCTCCAATGTAGAAGAA,TTLL10,1033,384,375
TTLL10_TCAGCGTGTAGTCGTCCCGG,TTLL10,952,192,168
TTLL10_ACGGGCACGGGCCATGAGCA,TTLL10,1027,329,484
TTLL10_GACCTCCCGTGGACAAGCCC,TTLL10,186,71,150
TTLL11_GCATCTTCCTTTCCAGCGAA,TTLL11,1071,203,625
TTLL11_CCCGTTCAAGCTTTCTCCAG,TTLL11,1495,400,357
TTLL11_CCGGTCAAGGCTGGAAACGC,TTLL11,2833,865,1351
TTLL11_TCAGGCAGAATCCATGAGCG,TTLL11,1333,678,657
TTLL11_AGATGTCACAAGGCAAGCGC,TTLL11,669,150,408
TTLL11_CGGCAGTCACCGCATCGAGA,TTLL11,1384,518,327
TTLL12_CGCACTTGAAGATGTGGCCG,TTLL12,1564,362,860
TTLL12_ACCTGGTAGTGCTCGGCGGG,TTLL12,1339,128,228
TTLL12_CGGTTCGCGGATCCAGCACG,TTLL12,360,144,310
TTLL12_TCTTCCTCATCGACCACGCC,TTLL12,159,191,122
TTLL12_CTACAAGGTCATCGTGACCA,TTLL12,2150,222,394
TTLL12_CGTGCTCCAGCTTGTGCAGG,TTLL12,1686,92,316
TTLL13_TCTAAGTCGCCTGTGTCAAC,TTLL13,1058,317,545
TTLL13_ACCAACTGCAAGTATGAGAG,TTLL13,1215,249,53
TTLL13_AACGAGTCATGGACATGAAG,TTLL13,259,228,191
TTLL13_TTTCTGTCATGCCAGGGAAG,TTLL13,806,276,278
TTLL13_TATATCTGCAAGCCAGACAG,TTLL13,246,163,216
TTLL13_GCTGGGCTCCATATAGGGCG,TTLL13,618,469,431
TTLL2_ACATGGTTTAACCCTTCAGC,TTLL2,600,141,190
TTLL2_GGAATGTTAAGGGTAAAGGC,TTLL2,339,159,21
TTLL2_TCAGTGTGGTTTGCCTCGGA,TTLL2,725,55,96
TTLL2_TCGCGTTGACGAGACCACCC,TTLL2,366,914,622
TTLL2_TAAGCAGGAGCAGAACGCGG,TTLL2,1581,208,74
TTLL2_CTCAAAGCAATTGGCAGCAA,TTLL2,3344,1151,1504
TTLL3_GCTCCGAGTTCCGTCCACCC,TTLL3,1230,228,223
TTLL3_GGATCTGGATAGCTCAGCGA,TTLL3,1165,142,201
TTLL3_AGATGATAAACCACTACGCC,TTLL3,595,181,194
TTLL3_TCAATCTCCGGAATTTGCCG,TTLL3,339,177,438
TTLL3_TGCCCGCAACGTTCTCAAGC,TTLL3,1063,51,139
TTLL3_CCTCCAGCGCTACTACCAAG,TTLL3,979,531,412
TTLL4_GGAATGTCCTCAACAGGAGC,TTLL4,133,22,98
TTLL4_CCGTGATGAGAATGAAGAGG,TTLL4,913,147,264
TTLL4_TTTGGCACTCGGGATGAGAG,TTLL4,57,4,1
TTLL4_TTTGAAGTGGGACCGTCCAA,TTLL4,387,59,146
TTLL4_TACCTTCTGATGCTCTCGAA,TTLL4,473,88,95
TTLL4_TGCTCTCCCACGCTTTGCGC,TTLL4,873,220,242
TTLL5_AAATGCCAATCGTGATGGCC,TTLL5,589,94,371
TTLL5_GAGAGGGTGCGCAGTAAGAA,TTLL5,1017,258,369
TTLL5_CCGCGTACTCAGCTGGCAGG,TTLL5,656,139,46
TTLL5_CAACTCACCATCTATGAGCA,TTLL5,3483,266,251
TTLL5_CAAGAAGGCAGAGATACAAC,TTLL5,1733,213,255
TTLL6_GATGAGTGAAATCTGCCGGA,TTLL6,93,0,13
TTLL6_ATTACTCAGTGTCACTGGAG,TTLL6,121,14,92
TTLL6_ACCACTCTCATACCGGCAGC,TTLL6,185,106,161
TTLL6_CCGACTTTGGAAAGCCAGGA,TTLL6,174,417,400
TTLL6_ATCCCTCTGAAGGCCTCCAG,TTLL6,340,17,109
TTLL6_TACTCCTTCATCCTTCGAGG,TTLL6,851,129,113
TTLL7_CTGCTCTACCAACTCTCAAG,TTLL7,936,180,108
TTLL7_CTTCTTTCCGCCTCTCCAAC,TTLL7,501,386,256
TTLL7_GCCTATCGAATGTGTAGACC,TTLL7,463,142,373
TTLL7_CGGGATGAAACTGAGAACAA,TTLL7,948,543,546
TTLL7_GATCCAAGTTCGAGGAACAA,TTLL7,934,125,326
TTLL7_CCATCTCTGCCTCAAGAAGG,TTLL7,1093,227,313
TTLL8_CATCTGGATTATAAAGCCCG,TTLL8,879,116,256
TTLL8_TGCGTAAGTCTTACTGAACG,TTLL8,1472,157,302
TTLL8_TGCTGGATGCCATGGTGCGC,TTLL8,2980,171,505
TTLL8_TGCCGTCTCCTCACTTACCC,TTLL8,553,200,378
TTLL8_GCTCACCTTGGTGGTGAAGG,TTLL8,528,98,74
TTLL8_TATCTACGGACACTACCCGG,TTLL8,419,189,63
TTLL9_TCGCGTTATGTCGCGACCGA,TTLL9,290,141,155
TTLL9_AAGGGCCATGGATTGTCAAA,TTLL9,342,95,141
TTLL9_GACGTCCTTCGCCACAGGCC,TTLL9,182,84,179
TTLL9_ACAAACAGGTGGTACTCGCA,TTLL9,885,233,87
TTLL9_GGCTGAAGGACATCGTGGAC,TTLL9,914,391,401
TTLL9_GCCAGGATCCCAGGATACAC,TTLL9,460,44,77
TTN_GGAACGCATTTCCGCCGCAA,TTN,634,77,9
TTN_GATGCACGTAACTCATGAGC,TTN,282,28,38
TTN_CGTAGCCCTCTTGCTTCCAA,TTN,1255,79,144
TTN_CAGCTTTACCTGACCGGAGA,TTN,1018,444,501
TTN_CAGAGCATGACCGTGAGACA,TTN,2974,843,685
TTN_GAGCTGGTTTAGGGATGGCC,TTN,465,151,171
TTPA_TGGAGGACATTTGTCAGGAA,TTPA,1892,565,706
TTPA_GAGGTAGAAACTCAGCGGAA,TTPA,415,192,202
TTPA_ATCCGAGCTTATTGTACAGG,TTPA,825,286,187
TTPA_CTGAGATCCAGGGATCCCAC,TTPA,454,206,74
TTPA_GATCGAAATCCCGGGCGCGC,TTPA,419,86,22
TTPA_CCGGCTGCAGCAACGGAGAG,TTPA,2734,542,621
TTPAL_CCTTCGTGACATGGTGCGGA,TTPAL,1258,121,207
TTPAL_CCGCAAGTTTGATTACGACC,TTPAL,2543,689,495
TTPAL_CATGTCGTCTGCATCCGCCC,TTPAL,1153,301,0
TTPAL_CATTCAGTCTGAAGAAACCC,TTPAL,580,311,216
TTPAL_TTCGAGGTTCATTCACCACA,TTPAL,670,585,760
TTR_TTCTTTGGCAACTTACCCAG,TTR,878,190,107
TTR_GCATGGGCTCACAACTGAGG,TTR,1216,388,420
TTR_ACCTCTGCATGCTCATGGAA,TTR,993,242,152
TTR_CGGCAATGGTGTAGCGGCGG,TTR,564,638,218
TTR_GGCGGCAATGGTGTAGCGGC,TTR,239,62,23
TTR_GGCTGTCGTCACCAATCCCA,TTR,583,46,92
TTYH1_GATGCACCCAAGCTGAGGGC,TTYH1,0,0,34
TTYH1_AGACCTCCCGAAGCCGCACG,TTYH1,1699,264,495
TTYH1_CCCATTACCAGCCGGCGAGA,TTYH1,2181,465,426
TTYH1_ACTCAGCACCATTGACCACC,TTYH1,47,94,133
TTYH1_GCCACTTGCTCTGCTTCGCC,TTYH1,194,30,37
TTYH1_TGTTCTGAACCTGACCCAGG,TTYH1,327,143,72
TTYH2_CCTGGTAACTCTCGTCGCCG,TTYH2,2998,274,597
TTYH2_TGAGCGTGGTGGGCCAGGAC,TTYH2,1342,601,370
TTYH2_CACTCACCAGCAGATGAGCC,TTYH2,308,443,255
TTYH2_TCTTGCTTATAGTGCTGCGG,TTYH2,186,214,209
TTYH2_CGTGTGGAGGGAGGTCACCA,TTYH2,705,193,149
TTYH2_GGGATGCCCAACTGAGGAGC,TTYH2,851,139,50
TTYH3_CCTCCCAGCTCAGGTCGAAG,TTYH3,1085,604,485
TTYH3_CGTGGCGATGATGACACACC,TTYH3,940,236,271
TTYH3_ACTCACGCGGTCCTGGACCC,TTYH3,319,38,0
TTYH3_CACCGCCGTGTTCCTCCAAA,TTYH3,1640,1165,1235
TTYH3_GGATGAGGCCAACCAGCACC,TTYH3,73,80,54
TTYH3_GAAGCTGTCGGGCAGCCACA,TTYH3,595,242,156
TUB_GGACCCTGTCTTACAGCCGC,TUB,340,44,115
TUB_ATGCTGAGATCCCATGGGCC,TUB,466,237,458
TUB_TCCTCCTCAGGAGAACAACC,TUB,832,277,282
TUB_CTTCCAAGCCGCATTCCGAC,TUB,255,456,289
TUB_CTGAGGTAGGACTCCACCAG,TUB,2837,507,518
TUB_TGTTTCCTGAGCAGTTCAAG,TUB,560,114,217
TUBA1B_CTCCTAGCACAGGAAGCACG,TUBA1B,2255,116,680
TUBA1B_AATGTCTGTCCGCAGGGACA,TUBA1B,385,30,45
TUBA1B_TGTCTGTCCGCAGGGACAAG,TUBA1B,692,106,182
TUBA3C_TCGTCGACCTGGTCCTGGAC,TUBA3C,497,573,1147
TUBA3C_CGGCAAGGAGATCGTCGACC,TUBA3C,669,765,534
TUBA4A_CATCGACTCCTATGAGGACG,TUBA4A,1388,285,233
TUBA4A_CAACACGACCGCCATCGCCG,TUBA4A,2460,534,1172
TUBA4A_TTGCGGATCCGATCCAGCAC,TUBA4A,1160,211,167
TUBA4A_CTTCCAGATGAGATCCGAAA,TUBA4A,1354,525,603
TUBA8_GGGCAAGGAGAGCATTGACC,TUBA8,331,122,29
TUBA8_TCCGTATGCGGTCCAGCACC,TUBA8,442,144,198
TUBA8_GCTGGACCGCATACGGAAGC,TUBA8,869,273,362
TUBA8_TCTTGCCATAATCCAGGGAG,TUBA8,483,79,301
TUBAL3_GAGGATCACACTTGACCAGC,TUBAL3,710,98,35
TUBAL3_CAATAGATTGGTGGTTCAGG,TUBAL3,451,107,216
TUBAL3_TCATCGACCTTGTGCTGGAG,TUBAL3,2250,376,600
TUBAL3_CGAGCAGCTCCTTAGCGGAA,TUBAL3,1949,833,1492
TUBAL3_CGTTGTTCTTGACACTCAAC,TUBAL3,714,542,309
TUBAL3_CTTGACCGATGTGGATGGAA,TUBAL3,735,423,545
TUBB1_AGATGATTGGTGAGGAACAC,TUBB1,1607,236,293
TUBB1_ACTTGGCTGGGAGCGACCGC,TUBB1,348,73,159
TUBB1_TGAGCTGACCCGGGAACCGG,TUBB1,760,130,77
TUBB1_GGTGAGCTCGGCCACGGAGA,TUBB1,188,0,58
TUBB1_CCTTGGTGGACATCTTGCCC,TUBB1,1012,192,70
TUBB1_AACTGCTCTCCGTGCAGACC,TUBB1,307,159,359
TUBB3_GAGGGCACGGTCCTGAGAGC,TUBB3,635,24,239
TUBB3_CTTCACATCCCAGCTGACGA,TUBB3,2191,618,240
TUBB3_GGGCGACTCGGACTTGCAGC,TUBB3,12,140,53
TUBB3_TGCCATCAGAGCTTGGAGCA,TUBB3,1940,753,441
TUBB3_TCCTGGCACTGCCAGTCGGA,TUBB3,57,81,13
TUBB3_TCTCCCTGTACAGGTCAGAG,TUBB3,702,494,714
TUBB4A_TCTCTAGGCCAATCCGGAGC,TUBB4A,532,154,194
TUBB4B_AAATCGTGCACTTGCAGGCC,TUBB4B,1482,175,160
TUBB6_TCTCCCACGTAGCCTCCGGC,TUBB6,840,28,37
TUBB6_CTGGGCACATATTTCTGAGC,TUBB6,371,109,217
TUBB6_GGATACTATCAGCCATCAAC,TUBB6,741,239,116
TUBB6_TGCTTGGTCACCGACAAGGA,TUBB6,1784,308,235
TUBB6_CTCTTTGTTGCAGGCCAGAC,TUBB6,787,1086,661
TUBB6_TCTGCTCTGTCTTCAAGCGG,TUBB6,1800,117,579
TUBD1_CAGTTTCACGTCATTAGAGC,TUBD1,1322,268,152
TUBD1_AACCAGGAAGTATACAGAGC,TUBD1,771,0,0
TUBD1_TCTGTCTCAAATGCTTGAGG,TUBD1,1174,0,49
TUBD1_TCAAGTCCTCGCACATCAGC,TUBD1,781,165,165
TUBD1_GAACATAATCCGGAAGGAAG,TUBD1,1039,42,0
TUBD1_CCCTCTAGTTCCAATTGCCC,TUBD1,330,1,0
TUBE1_AGTCTGGGTAAATCCTGCAC,TUBE1,312,0,15
TUBE1_CCACAGGAGGTACGGAACAC,TUBE1,3391,42,82
TUBE1_ATTTGCTCCTCAACCTAACG,TUBE1,639,122,106
TUBG1_TGCCTGAGGAGCGATGCCGA,TUBG1,432,0,0
TUBG1_AACGACCTGGGAGAATCCGC,TUBG1,473,0,20
TUBG1_CACCAGGTATCCTAAGAAGC,TUBG1,376,76,31
TUBG2_TGCAGGGTGATGATCTCCCG,TUBG2,1888,694,861
TUBG2_GGAGATCATCACCCTGCAGC,TUBG2,460,62,243
TUBG2_GGACACCTGGGAGAATCCGC,TUBG2,12,34,46
TUBG2_TGTCATTCAGTCGCTCCAGG,TUBG2,442,104,120
TUBGCP2_AACCTCGAAGTAGGGAGCAC,TUBGCP2,155,0,7
TUBGCP2_AATCAGGTGCTCCTTCACCA,TUBGCP2,362,39,0
TUBGCP2_GCTACTCCGCTGTGACCAGG,TUBGCP2,611,12,0
TUBGCP2_TCACGTACCTATCGGCAAAG,TUBGCP2,5063,585,843
TUBGCP2_CAGCTTGGCAGCGTGGCCAC,TUBGCP2,536,109,223
TUBGCP2_TTTGACAACAGGTACACCAG,TUBGCP2,1858,203,170
TUBGCP3_GACGATGGATCAGTCTAGGA,TUBGCP3,682,0,5
TUBGCP3_GATCATAGGTCCAAACCAGG,TUBGCP3,74,0,0
TUBGCP3_CTCATTCGGACTCGTCGGGC,TUBGCP3,437,342,397
TUBGCP3_TCACAAGCCACTACCTCAAA,TUBGCP3,1654,708,472
TUBGCP3_AGAGATTGTGGCGCAGGCGC,TUBGCP3,657,71,132
TUBGCP3_TGCCCAGGATCCTGCAGCAC,TUBGCP3,906,44,0
TUBGCP4_TTCACCTGGAACAAGCGGAG,TUBGCP4,2110,115,259
TUBGCP4_CACGGGCCATGTGCAACAGC,TUBGCP4,1096,216,179
TUBGCP4_GGATCACCATCCATCTCAAC,TUBGCP4,545,431,318
TUBGCP4_TGTCAACTACTTCCTAGACC,TUBGCP4,1797,0,29
TUBGCP4_TCCAGTGCACTTCGAACAGG,TUBGCP4,1121,540,687
TUBGCP4_TGCCCAGCCAGAAGAGGACG,TUBGCP4,1090,496,61
TUBGCP5_GAGTCGGTTGGACGCGCAGC,TUBGCP5,64,12,4
TUBGCP5_TCAACAGCCCTTAAGCAGAG,TUBGCP5,1304,110,246
TUBGCP5_TCCATCAGTACTGGACAGCC,TUBGCP5,572,232,253
TUBGCP5_CCTGGAGTCGAAACACAACC,TUBGCP5,1539,33,0
TUBGCP5_CCTTGTACAGGGTGTTAAGC,TUBGCP5,321,350,214
TUBGCP5_ACTCCCTGGCGCCATCCCAC,TUBGCP5,848,0,9
TUBGCP6_CAGGGACGCACAACTCACGG,TUBGCP6,2471,80,26
TUBGCP6_GGGCGGAGTGGAAAGGACGC,TUBGCP6,76,0,0
TUBGCP6_CCCAGGCCTTTGTGGTGAAG,TUBGCP6,2065,238,444
TUBGCP6_AGAGGAGCCTTACCTGACGG,TUBGCP6,298,35,0
TUBGCP6_AGGTAAGTGCGGCTTCCCAC,TUBGCP6,780,113,232
TUBGCP6_TGGGCCAGCGCAGTGTGAAC,TUBGCP6,1493,236,313
TUFM_CGTCACCTGGAGCCCTCACC,TUFM,590,622,461
TUFM_ACGGAGTACACCGCCTCCAC,TUFM,234,43,27
TUFM_GCACTTATTACTGGCCAGAC,TUFM,2809,145,161
TUFM_TTAGTTCTAGCTGAGGGAGG,TUFM,192,0,40
TUFM_CGTGATGGCTGCAGTCAGCG,TUFM,970,105,40
TUFM_CTGACCACTCACCGCTGAAG,TUFM,2640,458,319
TUFT1_AGATGAACGGGACGCGGAAC,TUFT1,1311,240,208
TUFT1_TTCCCTGTAGTCCAAGAACC,TUFT1,614,271,241
TUFT1_CTCATCTCTCTTTGGCCAGG,TUFT1,356,278,116
TUFT1_CTGCCTACAGAAGCTCCGGG,TUFT1,586,140,153
TUFT1_CCTCTGTTACCTACCTCAGG,TUFT1,607,28,117
TUFT1_CTTGCTGGCCAAGCTTCAGG,TUFT1,309,200,274
TULP1_TACCAATCTGTCCCGAGGAG,TULP1,1009,345,631
TULP1_CCGTGGAGGTGGACGAACCC,TULP1,2523,425,246
TULP1_CACTCCCAAAGGCGCGAGGA,TULP1,1711,234,298
TULP1_GCTCCGCAGACCTGAAGGAG,TULP1,861,214,146
TULP1_CTACCAGAAAGGTTTCCCGG,TULP1,1340,114,106
TULP1_AGAGGCCCACACCTCTCGGA,TULP1,272,17,42
TULP2_ATTTCGTGGGCAAAGTCAGG,TULP2,125,113,74
TULP2_TCCAAGGCCCTGAAAGGCGA,TULP2,1074,169,108
TULP2_TATGGGACCAAACCCTGGAA,TULP2,719,197,30
TULP2_ATCGGAATTGTCTGGGAGCC,TULP2,80,177,382
TULP2_ACACTTTCTTCCGGAGGAAA,TULP2,787,198,186
TULP2_GAAGCAGCGACAGAAGCGCC,TULP2,852,47,191
TULP3_CCTGTCTGACCTGTCGCCGC,TULP3,1511,210,357
TULP3_GAAGATGCGACAGGCTAAGC,TULP3,693,194,196
TULP3_GGCTACGTCGGGCAAAGCCA,TULP3,589,108,116
TULP3_CCTGGGAGACATAGACGACC,TULP3,297,11,23
TULP3_TGGTAGGAGCGGCCCACACC,TULP3,1205,240,320
TULP3_GAGTGTCACTGTTCCAGACG,TULP3,1149,295,653
TULP4_GACGCTACTATGAGGAAGGC,TULP4,145,78,67
TULP4_CTGGCCACGTGCGATGCGGA,TULP4,670,126,172
TULP4_ATGGACTCCTGACGACCAAC,TULP4,392,26,71
TULP4_GGACAGCAGCGAGAGCGACA,TULP4,623,198,109
TULP4_CATTAAGCTGATGTCTCCCG,TULP4,2357,236,323
TULP4_TAGCCCAGTGGTGCACACAG,TULP4,1103,460,504
TUSC1_AGCTGGAAGCCATGTACCGC,TUSC1,2636,420,418
TUSC1_GAGGGCCCGACTTGAGAAGC,TUSC1,298,18,18
TUSC1_GCCGCAAAGCCTGACGGAAG,TUSC1,866,445,330
TUSC1_GGCTGCGTCAGGAGAACGCC,TUSC1,242,57,27
TUSC2_TCCTCTATGAGGTGTGACCC,TUSC2,486,42,99
TUSC2_AGACAATCGTCACCAAGAAC,TUSC2,1768,298,337
TUSC2_CGCGGCGCGTGAATACGAAG,TUSC2,429,186,130
TUSC2_CCCTTCGTATTCACGCGCCG,TUSC2,1618,227,289
TUSC3_CCTTCACGCCGTAGGCAAGC,TUSC3,118,88,181
TUSC3_TCCAACAAGCGACACTAACA,TUSC3,2532,997,502
TUSC3_GCTCATAAGAACCCACACAA,TUSC3,1381,347,350
TUSC3_CTACATTCATGGGAGCAGCC,TUSC3,845,384,632
TUSC3_TGCAGATGCCGCTATCACCA,TUSC3,508,594,495
TUSC3_TTGCCTAGTGGGATTGGGCC,TUSC3,305,63,242
TUSC5_GAAACTCGGACTGCACCGGG,TUSC5,830,43,186
TUSC5_AAGGAAACTCGGACTGCACC,TUSC5,118,124,65
TUSC5_GATGGAGATACTCCTCACCA,TUSC5,294,59,0
TUSC5_TCTCGAAGCAGCATGCAACA,TUSC5,3986,1764,931
TUSC5_CAGCATGCAACAGGGCAACG,TUSC5,2082,1232,1167
TUSC5_TAATGCTGAGCAGCCGAGCC,TUSC5,1019,129,156
TUT1_CAGCGGAGGGTGTACACGAG,TUT1,2829,0,14
TUT1_CGATGACAGAACTTGACCAC,TUT1,1489,12,18
TUT1_CCCTGGGACACTCACTCACC,TUT1,1140,25,115
TUT1_ATCGCCTGCGTGTCCGCCCA,TUT1,468,0,0
TUT1_AGAACTACGAGCTGCGAGAA,TUT1,1774,41,59
TUT1_GAGAGTCGCTATGGCGGCGG,TUT1,204,14,79
TVP23A_AGGCAACAGTGACATTGGCA,TVP23A,2216,1019,661
TVP23A_TCCACCATCGAAGGCCCACC,TVP23A,1149,179,272
TVP23A_TCACCTACGTGAGCTGCGAC,TVP23A,610,707,528
TVP23A_GCAGCTCACGTAGGTGACGA,TVP23A,528,62,149
TVP23A_CCTGGACTTTGGAAACGAGG,TVP23A,501,374,117
TVP23A_CGGTATCGTCCACCAGGGCC,TVP23A,2408,684,731
TVP23C_TCTCCTTGCGGCTTTGGGCC,TVP23C,541,88,123
TVP23C_CCGCAAGGAGAGAAATAGGC,TVP23C,909,224,212
TVP23C_TTGCCTGGAGCCGCACGAAG,TVP23C,1361,468,634
TVP23C_CCTGGAGCCGCACGAAGAGG,TVP23C,640,62,103
TVP23C_AACTTCCTCGAGGGATGGCC,TVP23C,331,44,60
TWF1_AAGGAAATTGGCTTTCGAGG,TWF1,623,74,134
TWF1_TCTGCAACGTGACGGCAGCA,TWF1,2308,1015,1139
TWF1_AACGTGACGGCAGCAGGGAC,TWF1,2241,102,142
TWF1_ACGTGACGGCAGCAGGGACC,TWF1,706,71,151
TWF1_GGAAGTGGCTGCTCCTCCGC,TWF1,282,58,294
TWF2_GGCAGAGTTCCTCTACGACG,TWF2,945,62,192
TWF2_GCTGGTGCACACAGAGCCCA,TWF2,291,52,122
TWF2_GCAGATCCGCATTAACGAGG,TWF2,898,421,190
TWF2_AGATGCTGTACGCGGCCACG,TWF2,257,302,225
TWF2_GAGCATTCTGTGAGTCGAGG,TWF2,896,144,159
TWF2_CCGAGCCATGGCGCACCAAA,TWF2,1175,584,690
TWIST1_CTGCTAGTGGGACGCGGACA,TWIST1,1366,710,624
TWIST1_TCTCGGTCTGGAGGATGGAG,TWIST1,669,198,242
TWIST1_CGCCTTCTCGGTCTGGAGGA,TWIST1,2317,348,597
TWIST1_TTGCTCAGGCTGTCGTCGGC,TWIST1,1018,73,210
TWIST2_CCAAGCGCTTCGGCCGGAAG,TWIST2,2242,697,852
TWIST2_CCGGGCAAGCGCGGCAAGAA,TWIST2,1760,541,574
TWIST2_CTCCTCGAAGGACTGCGCGC,TWIST2,764,452,656
TWIST2_GATCTTGCGCAGCGCCGCGA,TWIST2,239,19,176
TWIST2_CGCCTTCTCCGTGTGGCGCA,TWIST2,345,75,65
TWIST2_GCGCTAGTGGGAGGCGGACA,TWIST2,2875,364,283
TWISTNB_ATGGTCACTTTGGTAACCAC,TWISTNB,49,55,38
TWISTNB_CAACTGCTCAGGTTTAGGAA,TWISTNB,1447,5,5
TWISTNB_CGTTTCCTGTTAAGGTAGCG,TWISTNB,71,0,24
TWISTNB_TTATGCCGCTGCTTGTGCGC,TWISTNB,937,70,104
TWISTNB_TCGGCAACTCTAGGCAAGGC,TWISTNB,794,159,146
TWSG1_CCATCCTGATGTTCCTGACA,TWSG1,3893,282,489
TWSG1_AGCAATTGCCTTCTCCCGGC,TWSG1,612,71,28
TWSG1_CTCTTCCGGGCACTCACAGA,TWSG1,584,336,322
TWSG1_GCGCCTTATTCCAGTGACAA,TWSG1,2356,535,571
TWSG1_GCGATATTTGGATGCTCCCA,TWSG1,251,147,174
TWSG1_TGGACCAATGCACTCGCAGC,TWSG1,1224,478,831
TXK_GCATTCTGTTTCCGGTCACC,TXK,202,147,563
TXK_CAGGCTATATCGCCCTCACC,TXK,860,179,299
TXK_TCTTCTTTCCATAGGCGGCA,TXK,416,112,92
TXK_TCTCCCTGAGATAGTTAAGC,TXK,190,101,160
TXK_AGTTGTTTACCAGCCACAGC,TXK,994,152,160
TXK_AAGCCCATCTTACTCACAGG,TXK,722,357,322
TXLNA_AGCCCAGGACAACCGGAAGC,TXLNA,1248,461,452
TXLNA_AGTCCCGGACCTATGTGGCA,TXLNA,528,332,273
TXLNA_AATTCCGGTGCTCCTCCAGC,TXLNA,735,93,119
TXLNA_TGAGCAGTATGAGCTGCGCG,TXLNA,561,620,374
TXLNA_AGAGCGGCACCAGCGGGAGA,TXLNA,487,117,369
TXLNA_GGTATTCACCACATTCAAGC,TXLNA,215,396,337
TXLNB_ACTCCTCAGGCTGAAGCCGA,TXLNB,773,73,31
TXLNB_AGCTCACTCTCTACTCAGGA,TXLNB,1391,467,462
TXLNB_GGTGGATGCAAAGCTTGAGC,TXLNB,213,0,40
TXLNB_TCAGTATGAGCTCAGAGAGG,TXLNB,1491,182,800
TXLNB_TCTCCAATTTGCTTCGAGCG,TXLNB,1855,494,233
TXLNB_CTGTGAGGAAACAACTGAAG,TXLNB,1926,592,304
TXLNG_CCGTCACCTCATGGCGACGC,TXLNG,44,186,301
TXLNG_CTGCACGCAAGAATCAAGAG,TXLNG,2313,586,648
TXLNG_AGCAAGATTCAGAGTGCAAC,TXLNG,538,152,127
TXLNG_CCACAACGCCAAACTCCGAC,TXLNG,2105,1116,435
TXLNG_CGGCCATCAAAGCGGCGAAC,TXLNG,1115,1110,1080
TXLNG_GGCCATCAAAGCGGCGAACA,TXLNG,1056,292,685
TXN2_GGTGGCCAAGCAGCACGGGA,TXN2,249,15,0
TXN2_ACCTGACTTTCAAGACCGAG,TXN2,1162,62,77
TXN2_CTCAGCGACTTCTTCTGAGG,TXN2,1014,317,339
TXNDC11_GGCTTCATCGACTCTGAACA,TXNDC11,466,400,674
TXNDC11_TTTCGGTGGCTGCGGCCACA,TXNDC11,134,134,106
TXNDC11_CATTGAGAAGTTTGTCCGCC,TXNDC11,263,35,117
TXNDC11_TTAACTGTTGGTGGAACCAG,TXNDC11,805,178,149
TXNDC11_GCGATGGACTGTCCACACCA,TXNDC11,2390,350,947
TXNDC11_AGGACGCCGAGGACGAGGGA,TXNDC11,274,1,26
TXNDC12_TTCAGGATGCACCTTGCCAC,TXNDC12,818,98,97
TXNDC12_TGAAGATTTCAGCCCTGACG,TXNDC12,1821,144,279
TXNDC12_GCAAATTTGGGCTTTAGAGC,TXNDC12,564,77,242
TXNDC12_ACCTTTGCAAGCTCCACACC,TXNDC12,995,262,336
TXNDC12_TCCTGGTGTGGAGCTTGCAA,TXNDC12,1335,242,166
TXNDC12_GGACATAATGGGCTTGGAAA,TXNDC12,1915,156,167
TXNDC15_GCAATACTTGCCACCAGCCG,TXNDC15,742,126,20
TXNDC15_CACACTCACCCTCCACGCCG,TXNDC15,3093,331,463
TXNDC15_CCCACCTGGAGAGGGTGAGC,TXNDC15,473,72,168
TXNDC15_GGACACCCAAGGCGATCACA,TXNDC15,408,108,127
TXNDC15_CGGTGCCAAACCTGGTAGAA,TXNDC15,3006,1001,693
TXNDC15_CCGAATACTCTCAGTTCGAA,TXNDC15,1459,705,977
TXNDC16_GGAGGTTTCCATTCTTGAGC,TXNDC16,280,289,335
TXNDC16_TTGGTGAATCTGCATTCAGG,TXNDC16,437,86,133
TXNDC16_TGTGTGTCTGGCAAGCAGCA,TXNDC16,1478,837,496
TXNDC16_TTCAACTGTCCATCTCCAAC,TXNDC16,841,481,912
TXNDC17_GCGGCTGCACGTCGTGCCAA,TXNDC17,534,249,255
TXNDC17_GCCAATGGCCCGCTATGAGG,TXNDC17,442,180,307
TXNDC17_CGGGTTCTAAGGACGCCGGG,TXNDC17,224,190,92
TXNDC17_AGCTGAACCAGTCGTACGAG,TXNDC17,1087,435,311
TXNDC17_GCTGAACCAGTCGTACGAGA,TXNDC17,317,358,247
TXNDC17_CAGAGAACAACATTTCCACC,TXNDC17,615,299,155
TXNDC2_GGAGAGGCACGTTGCTGGAC,TXNDC2,969,140,249
TXNDC2_AATAGCCCAGGCCAAAGAGA,TXNDC2,758,88,197
TXNDC2_CACGTTCCACATGCGCACAG,TXNDC2,822,595,549
TXNDC2_GAAACAATGGAGTTCCCGGA,TXNDC2,417,124,30
TXNDC2_AACAATGGAGTTCCCGGAGG,TXNDC2,717,231,99
TXNDC5_TGAACTCTGCTCCGGAAACC,TXNDC5,1868,742,902
TXNDC5_AACTTGATAAAGTGGTCGCC,TXNDC5,77,36,12
TXNDC5_TTAGACACCAGAGCCGGAAG,TXNDC5,1408,442,524
TXNDC5_TCTGGAAGTCCCGAGGACCC,TXNDC5,252,32,94
TXNDC5_TCCGACGTGTGCTCCGCCCA,TXNDC5,734,350,362
TXNDC5_TCGTCATGTTCTTCGCGCCC,TXNDC5,1431,393,423
TXNDC8_TTCACTGGTTGGTGTAGGCC,TXNDC8,643,515,942
TXNDC8_AACGGTGTGGTCCCTGCAAA,TXNDC8,474,281,298
TXNIP_GGTCTTTAACGACCCTGAAA,TXNIP,87,27,40
TXNIP_CCCTTCAGGTGAGAATGAGA,TXNIP,612,86,156
TXNIP_CATGTTCATTCCTGATGGGC,TXNIP,28,14,62
TXNIP_GGGACATGCGCATCATGGCG,TXNIP,646,56,190
TXNIP_TAGCGTTCCTGGATCCAAGA,TXNIP,792,553,377
TXNIP_ATGACATCCATATAGCAGGG,TXNIP,870,227,86
TXNL1_TCAGTCGAATCAAGGTGAAG,TXNL1,1623,223,159
TXNL1_GGAATCTGACTGTGATGAAC,TXNL1,759,101,122
TXNL1_GAAATCCGGGTCGCTCCCGA,TXNL1,267,94,76
TXNL1_AAATCCGGGTCGCTCCCGAC,TXNL1,198,52,48
TXNL4A_CATCGAGACGGTGTACCGCG,TXNL4A,1269,14,153
TXNL4A_TCATCGAGACGGTGTACCGC,TXNL4A,1267,1,0
TXNL4A_GATCCCAGTCGTGGCCGAAG,TXNL4A,679,0,0
TXNL4A_GCGGTCCTCCTCCGAGAGGA,TXNL4A,82,0,11
TXNL4A_CCTGCACAACGGCTGGCAGG,TXNL4A,3,0,0
TXNL4B_TCTATCGAGGAGCAATGAGG,TXNL4B,797,0,0
TXNL4B_CAATGGGCAGCATATGAAAG,TXNL4B,1217,123,187
TXNL4B_TCATCTAGCTGCAGACAGAC,TXNL4B,709,113,206
TXNRD1_CGGTCGTACCTGACCTACGG,TXNRD1,1479,474,317
TXNRD1_CTAGCTAAAGATCATCACCC,TXNRD1,2179,258,249
TXNRD1_AACAGGCGGGAACTGCGCCG,TXNRD1,323,51,31
TXNRD1_AAAGGTCTAGCACAAGAGGC,TXNRD1,124,34,0
TXNRD1_ATCATTGGAGGTGGCTCAGG,TXNRD1,391,55,0
TXNRD1_GGATGGAAAGTCGAGGAGAC,TXNRD1,593,59,103
TXNRD2_TACCTGGTCGAAGCCGCGGA,TXNRD2,26,356,288
TXNRD2_ACGCTTGCAAAGGATACAGC,TXNRD2,241,103,199
TXNRD2_CGTGTGCTCGTCAACAAAGC,TXNRD2,807,313,457
TXNRD2_GATGCAGCCCACGTTGACGC,TXNRD2,837,115,379
TXNRD2_GATCTCCTGGTGGTCGGCGG,TXNRD2,141,77,51
TXNRD2_GATTAGGAGGGCGCTTCCGG,TXNRD2,44,13,151
TXNRD3_GGACTAGACATCACTCAGAA,TXNRD3,1779,632,708
TXNRD3_CATATTCTTGGACCAAACGC,TXNRD3,774,210,161
TXNRD3_AATGAGCTGACCCACCAAGA,TXNRD3,963,161,167
TXNRD3NB_AGAAAGGATGATGTTTGCCC,TXNRD3NB,882,280,204
TXNRD3NB_CAAGAAACCTATCCTGGCCC,TXNRD3NB,3,459,544
TXNRD3NB_GAGGCGTCCTCTCTGGAACA,TXNRD3NB,723,286,289
TXNRD3NB_AGCTGAGCAGCAGATGCCAC,TXNRD3NB,400,220,86
TYK2_CGGATGCTCATCACCAGCCG,TYK2,2924,1329,1045
TYK2_CTGTGTCAGCATCCACCGGC,TYK2,883,592,410
TYK2_TATGCCGGCGGAAGGAGCGC,TYK2,1,32,76
TYK2_CCAGGCTCTCATTCTTAAAG,TYK2,1857,388,287
TYK2_TGGCATGAATCCTCGGGAAC,TYK2,1607,409,591
TYK2_TGACTCACTGAAAGTGACCC,TYK2,626,256,64
TYMP_CTGCTCTGCATGGACGGCGC,TYMP,1559,391,681
TYMP_TCAGTAAGAAACTCGTGGAG,TYMP,878,319,139
TYMP_GCATATAGGATTCCGTCCGC,TYMP,1188,79,40
TYMP_AGGAGGCACCTTGGATAAGC,TYMP,786,339,180
TYMP_GGCTCAGTCGGGACAGCAGC,TYMP,516,106,185
TYMP_CGCGCTCCCATTCACCACAG,TYMP,3668,740,1770
TYMS_TCGCCTTACAGACGCCGAAA,TYMS,1086,215,362
TYMS_ATTAGGGACGTGACTGGCGC,TYMS,863,35,85
TYMS_ACCAAACGTGTGTTCTGGAA,TYMS,1331,347,267
TYMS_GCTAAAGAGCTGTCTTCCAA,TYMS,60,203,96
TYMS_ATGTGCGCTTGGAATCCAAG,TYMS,499,167,136
TYMS_GCGCAATCATGTACGTGAGC,TYMS,1771,478,319
TYR_AGGTCTGGAAACTCCACAGC,TYR,631,149,179
TYR_TGGAGTTTCCAGACCTCCGC,TYR,85,141,306
TYR_ATAGACTCTTCTTGTTGCGG,TYR,554,16,69
TYR_TTTATGCAATGGAACGCCCG,TYR,827,283,320
TYR_TTATGCAATGGAACGCCCGA,TYR,1323,28,237
TYRO3_CGCTGACTGGGATGTACAAC,TYRO3,5643,1384,2018
TYRO3_CACCTGGCACCAGTACCGGC,TYRO3,177,154,36
TYRO3_CTTTCCGTCTCTTTCGAAGC,TYRO3,754,197,342
TYRO3_CCTTTGACAGTGTCATGGCC,TYRO3,281,160,109
TYRO3_AGCAGCAGTTCACCCTGGGC,TYRO3,632,104,69
TYRO3_AATCCGGGAGGCGAGCAGGA,TYRO3,1246,243,167
TYROBP_ACAGCGACCTCAACACACAG,TYROBP,1187,1373,1224
TYROBP_AGACATCCGACCTCTGACCC,TYROBP,802,369,196
TYROBP_AGGGATCGTGATGGGAGACC,TYROBP,406,30,31
TYROBP_AGTTGCTCTACGGTGAGCCC,TYROBP,521,35,256
TYROBP_TAGGCCTACCGCTCTGGGCC,TYROBP,948,269,207
TYRP1_CTGTCTTGGGAATTGAGCCC,TYRP1,827,135,117
TYRP1_GCATGTCTTTCTCCAGACGC,TYRP1,422,181,142
TYRP1_CCAATTAGGAGAAATCCAGC,TYRP1,310,84,179
TYRP1_AGCAGGGTCATACTTTCCCG,TYRP1,1270,425,122
TYRP1_TGTGAAGACTTCGAACAGCA,TYRP1,2714,1107,1289
TYRP1_TGTTACTGCTCCAGACAACC,TYRP1,1397,476,571
TYSND1_AGCCTCAGAGCTTGCTCCGC,TYSND1,793,68,69
TYSND1_CACCCGGGACAATAATACGG,TYSND1,1278,571,341
TYSND1_TCACCGAGGGCCCGCAAGAC,TYSND1,2296,620,783
TYSND1_GGACCCTGGCTGCTTCCCGA,TYSND1,613,14,91
TYSND1_ATCAACTGAGAGCGCTGGGC,TYSND1,70,131,80
TYSND1_TCGCTGCCAGCTCGCAGGAA,TYSND1,1700,305,471
TYW3_CAAAGCGGACCTCAGCCGGA,TYW3,45,36,39
TYW3_CCGGAAGGGCAGTGTTGACG,TYW3,2507,358,218
TYW3_CCGCATCCTACTCCTTGACC,TYW3,2019,602,405
TYW3_CAGGAACTCTGGCATAACGG,TYW3,2156,235,625
TYW3_GGCATAACGGTGGGAAAGAG,TYW3,715,305,454
TYW3_GCCTACAGCATGCTTTGGAA,TYW3,1995,144,206
TYW5_GGACTTCTATGCACGACGAA,TYW5,1339,357,258
TYW5_CTCTGGACCAACTGGTCAAA,TYW5,889,446,461
TYW5_TGTTGCTGCAGTTGCACAGA,TYW5,838,161,102
TYW5_TCAATCCCTTCCAACACAAG,TYW5,966,458,487
TYW5_CCGAGAAACGCCCTCCAGCC,TYW5,36,7,10
TYW5_CGAGAAACGCCCTCCAGCCG,TYW5,2931,439,640
U2AF1_AGAGACCGTGGTCGTGGCGG,U2AF1,664,55,0
U2AF1_GGAATACTCACTTCTTGCGA,U2AF1,1241,24,27
U2AF1_ATACTCACTTCTTGCGACGG,U2AF1,744,128,121
U2AF1L4_CCATTTCCCAGAACCTCCAG,U2AF1L4,583,69,176
U2AF1L4_GCGGTTACTGAGTTCAGCCA,U2AF1L4,11,4,11
U2AF1L4_TGACATAGACGTTGCCCACG,U2AF1L4,83,379,260
U2AF1L4_TGCGTACAGGCTACACACGG,U2AF1L4,287,426,368
U2AF1L4_ATGTCGGCTTGTTGTGAAGC,U2AF1L4,1409,257,665
U2AF1L4_TTCGATATTCGGGACTGAGA,U2AF1L4,745,173,233
U2AF2_CGGACTTCGACGAGTTCGAG,U2AF2,993,119,60
U2AF2_CAGAGCGGGACAAGGAGAAC,U2AF2,832,12,5
U2AF2_AGAGGCGCTAAAGAGGAGCA,U2AF2,488,14,33
U2AF2_CTTCTTCTTCTCGTGGCGGG,U2AF2,492,128,8
U2AF2_AGTACCTCAGTGATGCCAAA,U2AF2,131,20,50
U2AF2_TCACCAGGCACATAGACGGA,U2AF2,219,20,0
U2SURP_AACGCCAGGCGGATCTCAGA,U2SURP,341,33,0
U2SURP_AAAGGCAGTCCGGATGGAGG,U2SURP,594,0,0
U2SURP_CACCTATAGTAAACATGGGC,U2SURP,459,0,8
U2SURP_TTCTCCAACTAAATGGCGGA,U2SURP,286,8,0
U2SURP_TTAGGTGTCCTTGAACCAGA,U2SURP,361,155,191
U2SURP_CCCAGTCCAGATCTCCACAC,U2SURP,2030,872,854
UACA_TCCCAACTCACCTACACAAG,UACA,3039,856,1401
UACA_CAAACCAGAGGAACATGAAC,UACA,1020,710,586
UACA_TGCTGATGATCTGGAAAGCG,UACA,3382,638,837
UACA_TTCCGATGCAGTCTTCAACA,UACA,2953,749,444
UACA_TTCCTGTTGCTTAGGACGGG,UACA,148,125,153
UACA_GCCTCAAGTCCCGCCTGAGG,UACA,247,0,0
UAP1_GCTCCTCAAAGTTCATGGCC,UAP1,162,46,144
UAP1_CCTAATACCTCTCGAGGCAC,UAP1,494,399,605
UAP1_GCGTATCCTGAAGCTACAGC,UAP1,487,119,122
UAP1_CCACATAGCAGTGCTACAAA,UAP1,3844,1291,1206
UAP1L1_CGGCGACATGGCTTCGGAGC,UAP1L1,363,130,119
UAP1L1_CTGGTACAGGGTCTTCCGGC,UAP1L1,286,56,193
UAP1L1_GCGGAAAGACAAAGTTGCCA,UAP1L1,319,300,65
UAP1L1_ACACAGAAGCCGATGAAGAC,UAP1L1,452,356,187
UAP1L1_CACCCGAGGCTTCCTTAAGG,UAP1L1,2319,153,388
UAP1L1_GCCACGTGTGGCTTCAGCAA,UAP1L1,1913,150,247
UBA1_CGAGGGCACTTCGGACAACA,UBA1,2622,161,146
UBA1_AGTGAAGCAGACATAGACGA,UBA1,959,14,22
UBA1_TCTTAGCGATCTCCACGCCC,UBA1,415,0,0
UBA1_TACCGATGTCCTCCTCCCGC,UBA1,410,0,0
UBA1_AGCCTCCATCTCTCCACAGG,UBA1,2253,114,55
UBA1_TCCTTTAACCAGGACAACCC,UBA1,805,27,29
UBA2_GGCTCGTGGTTGTCCCGCCA,UBA2,509,320,106
UBA2_CGGTTTCTCCCACATCGACC,UBA2,719,9,0
UBA2_ACGAATTGTACAGCCAGGAA,UBA2,2845,623,917
UBA2_TGTATGTGCCAGCAAGCCAG,UBA2,234,0,0
UBA2_CTACAGTGAAGACCTAGGAA,UBA2,3439,65,173
UBA3_TGAGGAAGCTGGCTACAAGC,UBA3,3209,15,33
UBA3_GCACCATTGCATCTATGCCC,UBA3,444,0,0
UBA3_CATAGATGCAATGGTGCACA,UBA3,616,264,138
UBA3_GCTGGAACTTTATCCACCAC,UBA3,437,224,165
UBA3_ACTCTATCATCGCCAGAAGA,UBA3,1133,0,5
UBA3_GCGGAGAACAATATGGCGGA,UBA3,536,382,169
UBA5_TGTGGAGCGCCTGCAGCAGC,UBA5,385,158,69
UBA5_GCTGGAGCGGGAACTTGCCC,UBA5,530,0,8
UBA5_ACCTACTATTGCTACGGCAA,UBA5,785,184,241
UBA5_TTCTTCCAACCTCATCAAGC,UBA5,631,320,231
UBA5_ACCCATAGTGGTAGGAAGAC,UBA5,367,194,89
UBA6_AAGCCAGGAGATACGTAGAC,UBA6,724,118,119
UBA6_GAACTAACCCACTGGCACAA,UBA6,1304,423,465
UBA6_CCTATCAGGAATCACTGGAG,UBA6,1504,227,182
UBA6_TATTGGTGACACCACAGAAC,UBA6,924,135,74
UBA7_CGCACTAGGGCCTCATCCAG,UBA7,1970,383,550
UBA7_ACTGGAACTCCCTCAGAGGA,UBA7,156,59,97
UBA7_CCTCAGAGTGAGAATGCCAG,UBA7,1945,319,538
UBA7_CCTACAGCTCAGCACCCACC,UBA7,494,255,379
UBA7_CTTTCTGGCGGCTGACACCC,UBA7,988,125,101
UBA7_CACCCGTGTGCACGACGACC,UBA7,823,139,223
UBAC1_TCAAGAAGATCCGGAGGAAA,UBAC1,1077,515,570
UBAC1_CGAGGATGAGCGTGTGGACG,UBAC1,3728,1280,1395
UBAC1_ACTGGTGTCTCTCATCGAGG,UBAC1,22,163,120
UBAC1_GCCCGGTCCATGTTGTAGGA,UBAC1,962,253,603
UBAC1_TAATCCACGCTGCCTCAGAG,UBAC1,603,281,486
UBAC1_CGGCGGGATGTTCGTGCAGG,UBAC1,1201,252,390
UBAC2_GGTCGCCCGGCTCATGGAGA,UBAC2,332,188,90
UBAC2_GGAGCCGGTGCTGGTGAACA,UBAC2,1063,192,282
UBAC2_GAAGTTAGGAAGTCGTGGCG,UBAC2,1339,341,489
UBAC2_AAGTTAGGAAGTCGTGGCGA,UBAC2,393,210,158
UBAC2_CTCCATACCAAGAGTCCAAG,UBAC2,1281,368,134
UBAC2_CAGCGAAGCCAGAATTGGGA,UBAC2,137,313,311
UBALD1_GGCCAGTCTGAAGCCGGAGA,UBALD1,680,59,41
UBALD1_TCCGAGAGCTTCCACAGCGG,UBALD1,2296,283,474
UBALD1_TGGGAACAAGGGCAGCGGCA,UBALD1,1595,420,489
UBALD1_AGCCCTTGGGATCCGGACGC,UBALD1,439,132,35
UBALD1_GACCCGACCCGCTTTCCCGA,UBALD1,358,33,105
UBALD2_TTGGAAGAACGTGCTCAGCG,UBALD2,1193,532,605
UBALD2_GGAAGTTGGGCGGCGTGGCA,UBALD2,783,185,310
UBAP1_CGAAAGGTGCTGGCACCGGC,UBAP1,368,110,103
UBAP1_GCACCTTTCGGCTTCTGAGA,UBAP1,1158,300,72
UBAP1_GAATTCTAAGAGTGGCCCAG,UBAP1,486,16,13
UBAP1_TGTGGAGACGGTGGTCAACA,UBAP1,1341,216,584
UBAP1_CTCGACTATCTCTTTGCACA,UBAP1,2807,738,858
UBAP1_GAAGACCTCATGGCTCGGGC,UBAP1,121,83,23
UBAP1L_CTTGCTCTCGGCGGTTGCCA,UBAP1L,259,40,20
UBAP1L_CTGAGAAACTGGGCCGGAAG,UBAP1L,2372,463,683
UBAP1L_GCAAGACCTCATTGGGCCAG,UBAP1L,254,192,290
UBAP1L_CGTACCAGTGCGGTGACCCG,UBAP1L,3293,409,1014
UBAP1L_CCCGTACCAGTGCGGTGACC,UBAP1L,1022,121,270
UBAP1L_TGTTCCTTTCAAGTTGCCCA,UBAP1L,310,235,134
UBAP2_TGTGGAGTTCTGTACTGCAC,UBAP2,751,92,146
UBAP2_GGAAAGGACTCCAAACCAGG,UBAP2,58,96,151
UBAP2_CTTTGAAACTTCCCAACAGC,UBAP2,1251,489,480
UBAP2_AAGGATTTGGACGTGGCAGA,UBAP2,543,74,56
UBAP2_GATCGTGGCAAGCGAGCCCG,UBAP2,147,1,38
UBAP2_AACAACAACCGGAAAGGAAG,UBAP2,920,145,294
UBAP2L_CGGTGGGCACTAACCGAGCC,UBAP2L,552,238,184
UBAP2L_TCTGGAAGGAAACCCAGACA,UBAP2L,1091,114,71
UBAP2L_CATACACTCTCGTCCACGGC,UBAP2L,534,297,158
UBAP2L_GATCACCTCTGCCTCGGCCA,UBAP2L,103,20,29
UBAP2L_TTAGGTGGCTCTGGTAGGCG,UBAP2L,1226,261,274
UBAP2L_GCTGGCTCTGCATAATCAGC,UBAP2L,90,0,37
UBASH3A_AGTACTCACGCGGTGTGCAC,UBASH3A,264,77,150
UBASH3A_GCTGAAAGCGTTGGCAGCCA,UBASH3A,724,167,254
UBASH3A_ATTCGCCATGACCTTCGCCA,UBASH3A,479,268,387
UBASH3A_TTCAGCCAGGTGCCTGGACA,UBASH3A,3008,851,781
UBASH3A_AGTAGAGTGCTGCGGTCCAC,UBASH3A,0,29,26
UBASH3A_CAGCAGGACGAAGCCAGCGA,UBASH3A,5623,628,721
UBASH3B_TCTCTCGCAGCCATGCCGAG,UBASH3B,814,164,426
UBASH3B_AAAGCCTTGGCATCCACGGG,UBASH3B,309,225,185
UBASH3B_AGGTAGAGGACGTACTCCCG,UBASH3B,1187,317,282
UBASH3B_GACGACGTATAGAGCTCCAG,UBASH3B,161,79,92
UBASH3B_CTGGGCCAGTTTCTCTAGGG,UBASH3B,829,471,289
UBASH3B_TATGGCACGTCCTTAACCAC,UBASH3B,150,117,132
UBC_CTTGGTCCTGCGCTTGAGGG,UBC,881,130,94
UBD_GCAGATTACGGCATCAGAAA,UBD,1167,533,345
UBD_CTGAGCTGGACCTTCGCACC,UBD,1148,366,450
UBD_GCTCCAAGATCTTAAAGCCA,UBD,702,71,90
UBD_TGCATGTCCGTTCCGAGGAA,UBD,2750,695,1537
UBD_CCTCGGAACGGACATGCACC,UBD,0,39,67
UBE2A_CGCTCGCGACATGTCCACCC,UBE2A,1865,252,151
UBE2A_CAACATAATGGTGTGGAACG,UBE2A,1094,464,342
UBE2A_TCTCTTACCATCCTCAAACG,UBE2A,1216,194,243
UBE2A_CTCTCTTACCATCCTCAAAC,UBE2A,2311,616,764
UBE2A_CCTGGTACAGCTGAGCAGCC,UBE2A,514,128,291
UBE2A_GCTGTACCAGGAGAACAAAC,UBE2A,1033,272,227
UBE2B_GCTGCGGAGCATGTCGACCC,UBE2B,1058,218,234
UBE2B_AGGTGGGTCCTCTTGTAACC,UBE2B,1108,507,306
UBE2B_GCGCCACTGACACCCACAGG,UBE2B,470,168,142
UBE2B_GGTGCGCCACTGACACCCAC,UBE2B,301,187,52
UBE2B_CGGCCATTGTTGAACAAAGC,UBE2B,1128,872,988
UBE2C_CAGTAGACAAACTGTTGAGC,UBE2C,1399,145,22
UBE2D1_CCTGACCCATGGCGCTGAAG,UBE2D1,875,428,707
UBE2D1_CTGAATCCTCTTCAGCGCCA,UBE2D1,998,171,238
UBE2D1_GGTCCAGCTGAACAGTGAGC,UBE2D1,420,386,247
UBE2D1_GGCTTACAGTCATCTCCCAC,UBE2D1,318,142,70
UBE2D1_CCTGATAGCGCATATCAAGG,UBE2D1,502,629,472
UBE2D1_CCAGCTCTGACTGTATCAAA,UBE2D1,1387,888,687
UBE2D4_ACGGGTAATCTGTAGGAAAG,UBE2D4,845,303,270
UBE2E1_TCCTCTCCACCAGCGCCAAG,UBE2E1,1195,412,626
UBE2E1_AGCACAGTACCTCTTGGCGC,UBE2E1,402,174,423
UBE2E1_ATTCACAGTGCTGGTCCCAA,UBE2E1,1824,23,129
UBE2E1_GAAGTGAGCAGATAGAAAGG,UBE2E1,1088,361,519
UBE2E2_ACTAGTGGAGGAAGTTCCGA,UBE2E2,495,169,148
UBE2E2_CTTACCTACAGTTGGGAGGA,UBE2E2,546,416,518
UBE2E2_ACTTACCTACAGTTGGGAGG,UBE2E2,1023,423,208
UBE2E2_CAGGATCTGTCTATGAAGGA,UBE2E2,792,974,519
UBE2E2_AGGATCTGTCTATGAAGGAG,UBE2E2,678,342,233
UBE2E2_TGGCGATGCTGCCCACCAGA,UBE2E2,720,87,191
UBE2F_AGCGTGACGATGGTCTCAAA,UBE2F,973,333,405
UBE2F_AGCGTCCGACTCGACTCGGA,UBE2F,605,50,267
UBE2F_CAATGCTGTTACTCCACAGG,UBE2F,1415,524,437
UBE2G1_ACTGCTACTGCGAAGACAGC,UBE2G1,561,163,62
UBE2G2_TGACGAAAGTGGAGCTAACG,UBE2G2,1985,742,900
UBE2G2_ATCGCCTGGCGCGTGGAGGA,UBE2G2,612,130,74
UBE2G2_GGACTTAACGGGTAATCAAG,UBE2G2,290,202,90
UBE2G2_CACGGCTCATGGCCCTAGCA,UBE2G2,1191,1163,879
UBE2G2_CCTGCTACAATTCCTTCCGG,UBE2G2,935,121,105
UBE2G2_GGCCATCAGCCTCTTGAGCG,UBE2G2,1527,270,217
UBE2H_ACGCTTCATCAATGTTGGGA,UBE2H,556,53,77
UBE2H_CGGAGTATGGAAAGTTAGAG,UBE2H,1035,357,342
UBE2H_GAGGCGGATGGACACGGACG,UBE2H,308,78,223
UBE2H_CATCTCCCAGTCCGGGCAAG,UBE2H,1156,87,61
UBE2I_GCACGATGAACCTCATGAAC,UBE2I,2377,350,245
UBE2I_TGTCCTCCTCTAAGATGGAC,UBE2I,760,72,0
UBE2I_TCTTAGAGGAGGACAAGGAC,UBE2I,222,38,1
UBE2I_ACAGAGTGGAGTACGAGAAA,UBE2I,1123,16,99
UBE2J1_CATGAGCCCTCGACAGCGCC,UBE2J1,29,28,177
UBE2J1_CCATGAGCCCTCGACAGCGC,UBE2J1,1378,456,477
UBE2J1_ATGTACTGGCCGTAGCACCC,UBE2J1,655,191,158
UBE2J1_GGCTAATGGTCGATTTGAAG,UBE2J1,1594,571,487
UBE2J1_ATGGAGGAGTTTATCACGGG,UBE2J1,843,187,351
UBE2J1_TAACCTCTAAAGGCTGCGCA,UBE2J1,42,188,102
UBE2J2_CAGCAGGCCAACCGGCACCA,UBE2J2,2871,666,736
UBE2J2_CGACGTCTCTATACTGCCCA,UBE2J2,235,299,130
UBE2J2_GGAGGTTTAAGTGCAACACC,UBE2J2,274,37,107
UBE2J2_GCGGGAGTACATCTGTAGGG,UBE2J2,43,12,15
UBE2J2_TCCCTTCGAATATTCTCGAG,UBE2J2,747,185,108
UBE2J2_CCGGGTCTTTCTTAATGCGA,UBE2J2,1291,377,423
UBE2K_ATCAGCTGCGGGCGGAGACA,UBE2K,749,189,114
UBE2K_TCGCGGTGCAGCGAATCAAG,UBE2K,1178,398,634
UBE2K_CGCGGTGCAGCGAATCAAGC,UBE2K,396,380,567
UBE2K_AGCTGCAATGACTCTCCGCA,UBE2K,197,177,211
UBE2L6_CCCTCCGATTCGGAGTGGAC,UBE2L6,444,219,95
UBE2L6_GGTCAGCGAGGTCCATCCGC,UBE2L6,0,2,6
UBE2L6_GGCTTGAACGGATACTCCGG,UBE2L6,470,71,165
UBE2L6_CCTGCGCATCAGCTTCCCGC,UBE2L6,1011,300,210
UBE2L6_GGAGGAGAGCGTGCCACACC,UBE2L6,1186,153,21
UBE2L6_CATGATGGCGAGCATGCGAG,UBE2L6,116,49,53
UBE2N_TTCTGTCTACAGCTAGAGCA,UBE2N,686,225,270
UBE2O_ACCAAGAGTTTCTGTCCAGG,UBE2O,108,74,59
UBE2O_CACCAAGAGCAAGTTCCGAG,UBE2O,2223,116,303
UBE2O_TGCTCCATGAACACGGAAGA,UBE2O,582,87,82
UBE2O_TGAAGCTATCCAACGGCGCC,UBE2O,151,186,195
UBE2O_CATCTATCCCGTCAACAGCA,UBE2O,1546,313,397
UBE2O_TCTGGGCCGGAGTCCGAGGA,UBE2O,769,156,129
UBE2Q1_CATTCCATTTCTTTGCAGGC,UBE2Q1,939,250,411
UBE2Q1_CATGCAGATCAGTGCCACAC,UBE2Q1,2377,638,663
UBE2Q1_CCACATCTGGATGCTGAGGG,UBE2Q1,1183,446,508
UBE2Q1_ATCAGACTCCACCGACCAGA,UBE2Q1,431,107,76
UBE2Q1_ATGTTGCAGTGGATGCGGAC,UBE2Q1,527,421,248
UBE2Q1_CTTCAGCTCTCGCCTCAGGC,UBE2Q1,495,45,221
UBE2Q2_CTCGTGGTTCTTGTCGAAGA,UBE2Q2,1833,551,714
UBE2Q2_CCTGCTGCGGCACCAGGAAC,UBE2Q2,642,56,224
UBE2Q2_GAGAATGGACTCGTTGACGG,UBE2Q2,607,591,288
UBE2Q2_CATAGTACCGTCGTTGCGGC,UBE2Q2,1463,340,411
UBE2Q2_AGTACCGTCGTTGCGGCAGG,UBE2Q2,36,70,118
UBE2Q2_TTAGCCATCTTCCTTTGGAG,UBE2Q2,1953,328,357
UBE2QL1_CTGGAACGTGAAGCTGCACC,UBE2QL1,1234,213,346
UBE2QL1_CGCATGAAGGGCGGCGAGAA,UBE2QL1,3074,1401,842
UBE2QL1_CTCAGCCCGCGCCTGGAGAA,UBE2QL1,1779,762,753
UBE2QL1_TACCTGGCCCTTGACCAGGC,UBE2QL1,366,53,118
UBE2QL1_ATCAGCCGTCGGACACGGGC,UBE2QL1,298,77,102
UBE2QL1_CATCAGCCGTCGGACACGGG,UBE2QL1,1605,180,205
UBE2R2_GAGGTCGGACTCGTCCACCA,UBE2R2,239,353,256
UBE2R2_AGAGGTCGGACTCGTCCACC,UBE2R2,93,74,47
UBE2R2_ACGAGTCCGACCTCTACAAC,UBE2R2,2717,656,681
UBE2R2_CACTAAGGCCGAAGCAGAAA,UBE2R2,1893,847,905
UBE2T_TTACTATGTCAGCCATGAGC,UBE2T,792,11,22
UBE2T_ACAGTTGCGATGTTGAGGGA,UBE2T,1116,25,33
UBE2T_CGGATCTGAGGAGGTTCAAA,UBE2T,1039,169,170
UBE2T_GCCAACACACCTTATGAGAA,UBE2T,1425,354,162
UBE2V2_CGTCGGGCTGCAGGAGAAGA,UBE2V2,890,262,250
UBE2Z_GGCGGAGAGTCCGACTGAGG,UBE2Z,139,56,8
UBE2Z_ACCAGCAACGCTGCTCGCCC,UBE2Z,473,14,14
UBE2Z_TCGGGTCAAACTGATGACAA,UBE2Z,1850,301,186
UBE2Z_CGGGTCAAACTGATGACAAC,UBE2Z,808,834,578
UBE2Z_CAATGAGCCCGGCTTTGAAC,UBE2Z,898,181,439
UBE2Z_TCAGTCCCAGGCGCATCAAG,UBE2Z,1056,135,138
UBE3A_CTATGCAAATGTAGTGGGAG,UBE3A,1060,372,770
UBE3A_GCTTACCTTGAGAACTCGAA,UBE3A,347,237,184
UBE3B_ATGCTCTCGAGGTCTGAGAC,UBE3B,672,233,326
UBE3B_GAGGTCCTTAGAACAAGCCA,UBE3B,616,52,60
UBE3B_ATGGGACATCTCAACCAGCA,UBE3B,693,754,1039
UBE3B_GGTGGTCCGTTGGCAGAAGC,UBE3B,118,94,257
UBE3B_CCTTTGGATAGACAAGGACG,UBE3B,230,92,45
UBE3B_CAGATTGGGAGAACCAGCCA,UBE3B,415,273,183
UBE3C_CTTCCTGCTCGCGCCGCCAA,UBE3C,340,117,209
UBE3C_GCTACCTTGTCACAGTCCGG,UBE3C,230,62,63
UBE3C_AGCCGACAAGCCCTCAAGCC,UBE3C,1162,590,520
UBE3C_GACCAACACCCTGCTCAACC,UBE3C,722,514,181
UBE3C_TGTCAACACGGATGATCACA,UBE3C,630,90,50
UBE3C_CTGGATATCACCTGAAGCAA,UBE3C,2357,173,487
UBE3D_AGGAGAGCTGCACCAGACAC,UBE3D,1314,50,86
UBE3D_AAACTGTAGCCCACGGCAAG,UBE3D,336,71,45
UBE3D_TGTAGCCCACGGCAAGAGGA,UBE3D,727,18,22
UBE3D_CTTGTACCTTCCTCTTGCCG,UBE3D,1817,122,46
UBE3D_TGCCATGGCGGCTTCTGCGG,UBE3D,330,86,132
UBE4A_CCGCTCATTCCGATCACAGC,UBE4A,755,522,176
UBE4A_GAAGTAATAAGCGAGCGAAG,UBE4A,808,514,179
UBE4A_ACTCAGAATTACTCCCAGCA,UBE4A,1912,546,462
UBE4A_ATGCAAACAGTTTCCAAGCC,UBE4A,1351,1127,378
UBE4A_AACTTCGGCTCCTGCACAGC,UBE4A,801,408,283
UBE4A_TTGAACCAGTAGAACAGCCA,UBE4A,1324,672,293
UBE4B_CACCATTAAGAGGAAAGCGA,UBE4B,285,66,114
UBE4B_TCATGTTGTAGATTCGACGG,UBE4B,433,66,15
UBE4B_TCTCTCACGTTCCCAGAGCA,UBE4B,1201,72,15
UBE4B_TACTTTAAGCATGTCCCAGG,UBE4B,656,22,0
UBE4B_TTCAGACACTTCAGGGCCCG,UBE4B,1365,103,284
UBE4B_CTGTGATGTGGCTGTCAGAC,UBE4B,2582,235,313
UBFD1_TGGCTACTGAGGCTCCCGCG,UBFD1,1133,397,548
UBIAD1_TCGGGAGAGACTGTCAAAGC,UBIAD1,1965,781,465
UBIAD1_ACGTGTTGGCCCTGAGGCCC,UBIAD1,733,54,43
UBIAD1_AGGCGAACATCACAGCCAGC,UBIAD1,1504,251,345
UBIAD1_GGACATGGAGTCCGACCGGG,UBIAD1,53,171,140
UBIAD1_GGAGGCTGGTATCGTCACGC,UBIAD1,1439,143,188
UBIAD1_TTCAGTGGCTAGATGAGGAC,UBIAD1,2573,352,531
UBL3_CAGAGGAATCGTGAGAAGAC,UBL3,1614,781,356
UBL3_CCGTCACTTACCATATCCGC,UBL3,1717,451,363
UBL3_CGTCACTTACCATATCCGCC,UBL3,1257,287,440
UBL4A_AGCCGGCACAGCAGAGGCAC,UBL4A,534,227,86
UBL4A_TTCAGGGTGCAGGAAGCGGC,UBL4A,739,140,197
UBL4A_GGTCCTGGAACAGCTACAGA,UBL4A,962,236,157
UBL4A_TGGCATCTGCCGCACTGAAG,UBL4A,1073,555,217
UBL4A_GGAGACCAGCTGCTTCAGCG,UBL4A,465,536,551
UBL4A_GGTGTCCACGCTGAAGCAGC,UBL4A,238,0,81
UBL4B_TGTAGCCACGCTGAAGAGAC,UBL4B,764,424,224
UBL4B_TGAAGAGACTGGTGTCCAGG,UBL4B,238,33,82
UBL4B_TTTAGCGCCATCTTCTCCAA,UBL4B,1159,362,215
UBL4B_GCGCCTGCAGAAGATAAGCC,UBL4B,695,198,191
UBL5_CCTTCAGATGAAATCCACGA,UBL5,1060,45,11
UBL7_CGTCCCTGACTGGACACCAG,UBL7,1603,437,806
UBL7_CTCACTCTGGGTGATGGGCC,UBL7,897,439,298
UBL7_CATCTGAGAGCCCTTCAAAC,UBL7,1157,507,788
UBL7_CCAGGACAATGGCATTGACG,UBL7,1824,378,258
UBL7_GCCTGAACCTGATCAGAAAC,UBL7,1723,636,475
UBL7_TCGGTTGCCAGAGACAGAAC,UBL7,854,506,497
UBN1_GGTGAAGAATATCCGAGGGA,UBN1,497,29,381
UBN1_AAGCGGAAGTTGAAGGAAGG,UBN1,1450,335,347
UBN1_GGAGAAGCGCGTTAAGGAGC,UBN1,501,5,22
UBN1_TTTCCGAGCACGCTTGAGCA,UBN1,2387,352,283
UBN1_TGTGTCCCGCTCTTCGCAGG,UBN1,357,410,48
UBN1_CCAGTTTGATCTTCACCACC,UBN1,1333,139,243
UBN2_GAAGAAGCGGAAGCGGAAAG,UBN2,700,96,90
UBN2_TTCTCAGGTTATGCCCAAAG,UBN2,1675,532,563
UBN2_AGACACCACTGCGAATGACA,UBN2,813,152,127
UBN2_ACTTAGCTTGACTACGAGCC,UBN2,520,144,232
UBN2_ACCTGATAGTGTCATCCCAG,UBN2,755,251,101
UBN2_ATCCAGCCCTTAGGCCACAG,UBN2,818,197,260
UBOX5_AGCACGTCTTGGCTAGCAAC,UBOX5,677,337,537
UBOX5_GGGAGCGTTGCTTCTCACCC,UBOX5,352,106,221
UBOX5_TCCAGCACCTTGGCACAAGA,UBOX5,1631,549,540
UBOX5_GGCTCTTTCCCTTAGCCACG,UBOX5,387,138,29
UBOX5_GCTCCTGGGCCACAACAGCA,UBOX5,1222,788,380
UBP1_CAAATTTGTGGTGCAGCCGA,UBP1,241,69,99
UBP1_GGTGATTCTCTGGCAAAGCG,UBP1,290,125,323
UBP1_TTAAGCCTAAAGGTGCAGAC,UBP1,80,358,375
UBP1_ACGGAAGCACGGAGGTGAAA,UBP1,1068,246,440
UBP1_GGATGGAAGTGGAATCGCCC,UBP1,33,48,58
UBP1_CTGGGTGCTCAAGATGGACG,UBP1,751,731,467
UBQLN1_ACTGGAACAACTCAGTGCAA,UBQLN1,60,297,426
UBQLN1_GGCCTTGTTACAGATTCAGC,UBQLN1,346,4,42
UBQLN1_ACAAACTCACCTGTGCAGCA,UBQLN1,1670,640,788
UBQLN1_TTGCTCACCAAGGAAGCAAA,UBQLN1,533,206,299
UBQLN1_CGAGAATAGCTCCGTCCAGC,UBQLN1,1180,342,72
UBQLN1_GCCGAGAGTGGTGAAAGCGG,UBQLN1,822,184,307
UBQLN2_ACGCAGCCTAGCAATGCCGC,UBQLN2,976,66,64
UBQLN2_CGAGGTAGTGTTAGTTCCCG,UBQLN2,1827,930,643
UBQLN2_ACTCCTGGGAGTCGACGCCG,UBQLN2,333,290,118
UBQLN2_ACTTGCAGGCCTTAGCAGCC,UBQLN2,962,156,53
UBQLN2_GAACTCTGGGTAGCTGGCGG,UBQLN2,750,280,222
UBQLN2_AGTGGGTCCTATGGGCCCAA,UBQLN2,50,16,19
UBQLN3_GGCTCACTTTCAGGTGCAGC,UBQLN3,226,100,324
UBQLN3_GCCCTGCGGCAGATTGAGCA,UBQLN3,1301,297,756
UBQLN3_CTCAGAGATCTTGGATAAGC,UBQLN3,1405,497,769
UBQLN3_AGTCAGTAGCAATCAAGGGA,UBQLN3,934,292,234
UBQLN3_AGATGATACGTAGCCAGGAC,UBQLN3,1168,538,657
UBQLN3_CTGTGTTGGACAGCAGACCC,UBQLN3,925,292,656
UBQLNL_GGAGCTACTTAGAGAAACAG,UBQLNL,296,226,266
UBQLNL_AGCCAATGACACCCTTAACA,UBQLNL,3124,848,1234
UBQLNL_CCTATTGCAGACTCTGGAGC,UBQLNL,1384,251,360
UBQLNL_AGCAGAGTGCACCAACCAAC,UBQLNL,891,622,237
UBQLNL_CAACGAATGATCCCTGCCAC,UBQLNL,0,0,6
UBQLNL_TCGAGAGATGGCATGCCACA,UBQLNL,617,563,746
UBR1_ATTTGTCCTGGCTATAACCC,UBR1,215,35,62
UBR1_GGTCGTCGGGCTGTTAAAGC,UBR1,835,33,182
UBR1_CAATGGCAGTGGTATGCAAC,UBR1,1329,463,428
UBR1_ACGCTGTCCGTTGAATGAAG,UBR1,2327,346,373
UBR1_ATGCATACTTCTACTGGAGG,UBR1,309,308,111
UBR1_TTCCCTCAAGATGGCGGACG,UBR1,1125,119,181
UBR2_TTCGGCCGAGGAGATTGCGG,UBR2,719,225,228
UBR2_GGTTTACAAGAAGGGCCAGA,UBR2,58,110,58
UBR2_GAGTAGGTGCGGTGAAGAAC,UBR2,564,278,411
UBR2_CCGTGAATATCTGAACCGAG,UBR2,1769,282,422
UBR2_ATTTAGTCCTGGAGTTGGAC,UBR2,51,27,52
UBR2_AAACCTGGATTAACAGGACG,UBR2,550,75,253
UBR3_AGCTCTCATCATGGCGGCGG,UBR3,693,227,453
UBR3_CAGTAAGTCTTTAGGGACAC,UBR3,1067,553,329
UBR3_AGCTGATGGACCATCAGAAA,UBR3,837,399,441
UBR3_AAAGGTTTCATAGGCGCAAC,UBR3,476,304,137
UBR3_AAACTAAGCAGTGGCACCAA,UBR3,1184,324,337
UBR3_GGCCTCAAGTTCAGCAGCAA,UBR3,1234,474,417
UBR4_ATAATGCTCAAGGCTGCAGG,UBR4,510,15,52
UBR4_ACGTTAGCAGTTTGATGGCA,UBR4,627,79,60
UBR4_TTCTCGTACTAAAGAGGGAG,UBR4,865,182,138
UBR4_ATCAGCAGTTCTCGCCGGGC,UBR4,1012,35,30
UBR4_AGTGCCCAGCAAGTGCGGAC,UBR4,1097,114,42
UBR4_CAACTCCTTCATCTCGAAGG,UBR4,777,101,16
UBR5_TACGTTTACGTGAACGAAGG,UBR5,340,195,200
UBR5_ACCTCGAGATGAGCCTAGCC,UBR5,547,160,178
UBR5_CTTAGCCGGGATGATGAAGA,UBR5,390,222,181
UBR5_CAGACTCGAGTTATTCGGAC,UBR5,1186,450,645
UBR5_TTCTGAGACTCTAGGCAGGC,UBR5,869,187,14
UBR5_CCTATTACCTGTCATTGAGC,UBR5,730,82,24
UBR7_GACGTCGACCAACGATACCA,UBR7,883,281,198
UBR7_AGTGCGTAGTCTGTGAAGAC,UBR7,1400,408,407
UBR7_AACAACGTTTCATGCAGGCC,UBR7,1313,150,189
UBR7_GGATGTTCCAGAACAGGGAA,UBR7,549,161,215
UBR7_GATCGCTCCTGTCAGTGGCC,UBR7,233,60,115
UBR7_CAGTATTACTGCAGCTAGAG,UBR7,635,806,847
UBTD1_TCCTTGCGGCCCTCGAAGGC,UBTD1,771,101,212
UBTD1_TGAAGCCAACGACCACGAGC,UBTD1,2330,193,412
UBTD1_CAACGACCACGAGCTGGCCC,UBTD1,890,107,38
UBTD1_ACAGGCAGTAGATGGGCAGC,UBTD1,190,0,0
UBTD1_TCGAGCCATCGTGGCAGCGG,UBTD1,1355,253,122
UBTD2_AGACGGTTGCATGCAGCAGA,UBTD2,562,61,182
UBTD2_GGCGGTGCCAAGCAATACAC,UBTD2,813,193,247
UBTD2_TGGACAACTACGCAGCAAGA,UBTD2,2785,1028,930
UBTD2_ATGGACAACTACGCAGCAAG,UBTD2,986,166,329
UBTD2_AACGAGAACTCGGAGGGCAC,UBTD2,874,152,146
UBTD2_AGCCTCAACGAGAACTCGGA,UBTD2,116,0,0
UBTF_ACCAACCCACCTCCCAGGAA,UBTF,1545,70,32
UBTF_CAGTCGGAGAGGAAGCCCGG,UBTF,132,23,0
UBTF_GAAACGGCGGCAGCTGCAGG,UBTF,322,0,185
UBTF_TTTGCAGGCCACTACGAAGG,UBTF,1453,20,126
UBTF_TGCCTTACCTGAATCGGGCC,UBTF,327,141,42
UBTF_ATGTACGGAACTTCCTCACC,UBTF,283,0,1
UBXN1_TGACCCAGACGTTCCGGGCC,UBXN1,1068,143,209
UBXN1_TCAGTACCTGTATGCGACAC,UBXN1,1814,283,222
UBXN1_AGGCCGAGGAGTTAGCAGCC,UBXN1,1291,456,202
UBXN1_CCTTGGACATATCCTGGGAC,UBXN1,575,58,52
UBXN1_GCATCGAGGCTGCGATGGAC,UBXN1,996,275,253
UBXN1_AAGAGCCGTCAGCTCCGCCA,UBXN1,29,180,306
UBXN10_GGCCCAAGTCCGCCAAGGGA,UBXN10,717,260,190
UBXN10_GCTTGGCAACTCATAGGGAA,UBXN10,499,271,470
UBXN10_GCTCTTTACCAAGACGAGAC,UBXN10,369,108,185
UBXN10_CAGAGCTCGAGCTTGTGCCG,UBXN10,495,63,462
UBXN10_ATCGTCCGAACCAAGAAACA,UBXN10,1294,403,336
UBXN10_CTGTTCGGCCACAGCAACAA,UBXN10,2804,1253,1438
UBXN11_CCTGTCTTTCCCTGAAGCCG,UBXN11,2543,616,711
UBXN11_GATAGCGGCCCTAGAGGACC,UBXN11,219,15,32
UBXN11_GACGAGGAAGTTGTGGGACC,UBXN11,820,36,166
UBXN11_TCTCACCTTGCCGACTCACA,UBXN11,218,91,93
UBXN11_GGAATCCGCATCTATGGAGA,UBXN11,1072,118,206
UBXN11_GATTCATAGGCTCCGAGGGC,UBXN11,417,133,74
UBXN2A_TCATCTAGCAACCTGAGGAC,UBXN2A,518,46,97
UBXN2B_CGCCGCTAGCCAGCGGAAGA,UBXN2B,450,146,271
UBXN2B_AGAGGAGGTCTTCCGGGCCG,UBXN2B,626,52,81
UBXN4_CATTCCGGCCGCCATCGCGA,UBXN4,1692,188,373
UBXN4_CCGCCATCGCGACGGCCAAA,UBXN4,696,134,216
UBXN4_ACCTCAACATCCGAGTGGAA,UBXN4,407,159,161
UBXN4_TCCGCTGGAAGAGTGTACAA,UBXN4,1985,879,806
UBXN4_CAAGGTCCAAATGTCTCCGC,UBXN4,372,286,360
UBXN6_AGTTCGAACTGCGAGGCCAG,UBXN6,636,138,149
UBXN6_GAAGGTGTTGCTTCCCGCCC,UBXN6,208,33,83
UBXN6_GCAGAACAAGGTGTTTCAGG,UBXN6,200,119,316
UBXN6_CTACACGTTCAACAAAGACC,UBXN6,485,134,225
UBXN6_CCTTGATGCAGGCGTCCCGC,UBXN6,78,75,20
UBXN6_AGGAGGGCCATATCTCACCC,UBXN6,455,42,0
UBXN7_CTGATGTTGCGGTATCCAGA,UBXN7,210,133,171
UBXN7_GGAACAGCCACAAACCACCA,UBXN7,92,25,243
UBXN7_TCTGGGTGAACATGGACAAC,UBXN7,844,332,352
UBXN7_TCCATATTGGACCCACGGAC,UBXN7,1340,376,209
UBXN7_TGGCCGGAATAGATCTGCAA,UBXN7,703,242,301
UBXN7_GGCGGTAAGATGGCTGCCCA,UBXN7,215,26,23
UCHL1_GCACGTCCACGAAGCGCCAC,UCHL1,992,174,44
UCHL1_AATAAGTCCGATTGTGCCAC,UCHL1,153,36,88
UCHL1_ACAGGCAGCCCATGATGCCG,UCHL1,137,65,189
UCHL1_CATGATGCCGTGGCACAGGA,UCHL1,575,342,175
UCHL1_GCGCCATGGTTCACCGGAAA,UCHL1,3448,1288,1245
UCHL1_GAATTCACCGAGCGTGAGCA,UCHL1,218,127,203
UCHL3_GCTGGAGGCCAATCCCGAGG,UCHL3,59,3,3
UCHL3_GGATCCTGAACTCCTTAGCA,UCHL3,704,103,185
UCHL3_AGAAGTAAGACTGCACAGAC,UCHL3,879,439,432
UCHL3_GGTCTCATGAGTAACTCGGA,UCHL3,180,18,50
UCHL5_AAGTACACAACAGTTTCGCC,UCHL5,1071,142,123
UCHL5_AATGAGCTCGGTGAAGACCC,UCHL5,450,3,34
UCHL5_TGCCTCATGGAAAGCGACCC,UCHL5,1115,87,172
UCHL5_GGCCATGACGGGCAATGCCG,UCHL5,469,284,320
UCK1_TCTGCAAATGGCACCGAGGA,UCK1,1193,545,484
UCK1_ATCTGCAAATGGCACCGAGG,UCK1,1217,292,419
UCK1_TTCTCCGGGACGTGCGCCGA,UCK1,651,112,125
UCK1_CGGAGTCGGTGTCCACGAAG,UCK1,2317,294,655
UCK1_GGTGGAACAGCGGCAGCGGA,UCK1,22,0,0
UCK1_GAGGCCGAGATGGCTTCGGC,UCK1,65,20,0
UCK2_CTTCCTTATAGGCGTCAGCG,UCK2,212,93,68
UCK2_CCAGTTCAACTTTGACCACC,UCK2,1706,675,658
UCK2_GGGAGACAAAGTCATACACG,UCK2,165,71,187
UCK2_TGGATACAGATGCGGACACC,UCK2,860,146,370
UCK2_TTAAGGGACATCAGCGAGAG,UCK2,1199,306,395
UCK2_CCCTCCAAACGGCAGACCAA,UCK2,772,201,243
UCKL1_CAACAGTGTCTTGTCAGCAA,UCKL1,2675,1000,905
UCKL1_CGCACAGCCGGAAGAAGGAC,UCKL1,2897,1492,839
UCKL1_CATGGACTCCTTCTACAAGG,UCKL1,1110,161,180
UCKL1_ACACGGCACGCAATCCAAAG,UCKL1,1490,773,693
UCKL1_ATCCTGATGCCAGGGTAAGC,UCKL1,681,396,381
UCKL1_GCGAAGGATCAGCGTCCGCG,UCKL1,448,273,416
UCMA_GCAGGCCGTCATAGTGCCAC,UCMA,378,108,9
UCMA_TCCTCAAGAGGCGCGGCAAG,UCMA,2405,473,542
UCMA_ATGCCTCGAATTTCCTCAAG,UCMA,93,123,77
UCMA_CATGCAGATGGCGGGAGAAG,UCMA,1385,734,682
UCMA_CATGGTGCCCACAGATACAC,UCMA,1806,430,506
UCMA_ACTAGACAGGAGCACCACGG,UCMA,1459,235,291
UCN_CGTCCCGAGTCCCAATCGGC,UCN,407,301,183
UCN_CGGCCGATTGGGACTCGGGA,UCN,1111,123,152
UCN_CAGACTCGGGTCCTGGACCC,UCN,304,260,129
UCN2_ACTGGAGCAAGCCCGGGCCA,UCN2,634,127,272
UCN2_GATAGGACAATGCGCGAGCC,UCN2,158,265,34
UCN2_CAGCTGCTCCCACATGGCCG,UCN2,2198,349,428
UCN2_AGCCTGACCTCACGATGACC,UCN2,1737,204,158
UCN3_CGCCCTGTCTGAGGCTGAGA,UCN3,623,778,878
UCN3_ATGCATCCCTGCTGAGCAAG,UCN3,1592,580,334
UCN3_AGACGCCTCTTCGGGAGAGG,UCN3,230,221,327
UCN3_TCCCAATTTGCGCCATCAGG,UCN3,1455,390,1149
UCP1_CCAGGATCCAAGTCGCAAGA,UCP1,1460,1061,1255
UCP1_GACCAACGGCTTTCTTCAAG,UCP1,267,160,331
UCP1_GAATCAAACCTCGCTACACG,UCP1,1284,246,434
UCP1_CAGGATCGGCCTCTACGACA,UCP1,422,96,181
UCP1_GGGCGGATGAAACTCTACAG,UCP1,896,187,238
UCP1_TTTGGCCGTGTCCAGCGGGA,UCP1,610,85,229
UCP2_CCACGTTCCAGGAACCCAAG,UCP2,851,296,300
UCP2_TGCCCTTACCATGCTCCAGA,UCP2,820,135,55
UCP2_TCATGAGGTTGGCTTTCAGG,UCP2,1270,153,46
UCP2_TTCCAAGCTCAGGCCCGGGC,UCP2,1269,172,219
UCP2_ATACAGGCCGATGCGGACAG,UCP2,1504,147,128
UCP2_CGGACTTTAGCAGTATCCAG,UCP2,1453,500,281
UCP3_GCGTTTGGGATCCTGGAACG,UCP3,1603,389,464
UCP3_GGGTCTTCACCACGTCCACC,UCP3,0,1,0
UCP3_CCAGGGCCTCACCAGTGAGC,UCP3,1432,99,211
UCP3_CTACAGAACCATCGCCAGGG,UCP3,3029,216,172
UCP3_CTATTGTCCCTCAGATCCAG,UCP3,745,177,146
UCP3_TGACCTCGTTACCTTTCCAC,UCP3,228,62,16
UEVLD_CTCAAGTGCAGCTGTCCAAC,UEVLD,3190,861,738
UEVLD_TGACTATAATGTCCCAGAGC,UEVLD,473,523,417
UEVLD_CTGTACAGGGTATTGCAGAC,UEVLD,1932,600,593
UEVLD_ATCATCTGATGAGGCACGGC,UEVLD,662,213,155
UEVLD_CCTGAGACGGCTGCTTGGCA,UEVLD,937,292,403
UEVLD_GAGATGGAGTTCGACTGCGA,UEVLD,1115,140,65
UFC1_TCTTGCGCCCTGGTCCAAGA,UFC1,944,527,475
UFC1_CTCAGACACAACACGTCGCG,UFC1,1276,142,381
UFC1_CGGCGTTAGTCTTCAGCACC,UFC1,734,423,317
UFC1_TGACAACGATTGGTTCCGAC,UFC1,1701,759,534
UFC1_CGACTGGAGTCCAACAAGGA,UFC1,1091,512,789
UFC1_GGTTTGGTCTTTGTTACAGG,UFC1,857,91,192
UFD1L_CTTCAAACCTAGGATGAAGC,UFD1L,200,59,140
UFD1L_CTCTGGATCTGGCAATAGAC,UFD1L,1049,162,47
UFD1L_CAAGTGGTCTGGTACTCACG,UFD1L,759,27,69
UFD1L_AATTATGCCACCCTCGGCCC,UFD1L,415,5,9
UFL1_GGTTGGCGGCCGACTTCCAG,UFL1,190,0,1
UFL1_GATGAGCTACATGTCCGAGG,UFL1,66,59,87
UFL1_TTTGGATCGGTTGGCAGAAG,UFL1,1429,401,493
UFL1_TCAAGGACTTGTGGATCAAG,UFL1,696,354,134
UFL1_GATGAGGGCATTCAGCAAAC,UFL1,68,136,128
UFM1_TCACGCTGACGTCGGACCCA,UFM1,2650,263,295
UFM1_CACACTTTGTACGGCAGCCG,UFM1,3280,1890,1274
UFSP1_CTTTACTCGCACTTCGCAGG,UFSP1,1355,194,78
UFSP1_GGCTTTACTCGCACTTCGCA,UFSP1,185,150,332
UFSP1_GACGCCTCTGCCACGTACCC,UFSP1,14,116,3
UFSP2_CTATCCAGGGCTGGTGCGGA,UFSP2,373,180,212
UFSP2_CAGAAATTGCCTCTCAAGGA,UFSP2,481,238,243
UFSP2_CAAGGCTCTAGTCGATGCCG,UFSP2,728,553,270
UFSP2_GATGATAGCCATATATGCCC,UFSP2,41,40,101
UFSP2_AATCCACCTAACATGGAGAC,UFSP2,998,147,189
UFSP2_GATGGGCGTTACAGCTGCCA,UFSP2,0,35,21
UGCG_CGGCCATTCCCTCCAAGGCC,UGCG,254,353,251
UGCG_CCGATTACACCTCAACAAGA,UGCG,1216,469,500
UGCG_GCCTTACGTAGCAGACAGAC,UGCG,347,346,338
UGCG_CCTTACGTAGCAGACAGACA,UGCG,1899,349,446
UGCG_CAGCCCACCATGTGTTCAGA,UGCG,1314,403,358
UGCG_TATGGGACCCAACTATAAGC,UGCG,403,65,14
UGDH_CCTTGGAAATGGTCACGAGC,UGDH,1563,37,240
UGDH_ACATGAATGACTACCAGAGG,UGDH,1478,271,146
UGDH_AGTAGCTCGTTATTGGCAGC,UGDH,448,163,151
UGDH_GGTAGCAACAGCGATTGGAA,UGDH,693,126,166
UGDH_AGTGCTCATATACAGCACAC,UGDH,270,139,163
UGGT1_AAACCCTCTCTTTGTCCACG,UGGT1,1318,395,451
UGGT1_CCATAGCCAGAGAGGTAAAC,UGGT1,2177,1017,1715
UGGT1_ACAACCAAAGCCAACTCAAC,UGGT1,559,154,544
UGGT1_CTCAGAACTTAGAACCGAAG,UGGT1,1235,445,381
UGGT1_CTGCCGAATAACACCAGGAA,UGGT1,500,615,930
UGGT1_TGCTTATGATCGGAATCGGA,UGGT1,382,113,136
UGGT2_AGTCTGTTGACGAAGCCAAC,UGGT2,245,585,701
UGGT2_ACATGATTACTCCAGAAGGC,UGGT2,997,477,263
UGGT2_CATTGATCCCAAGATTGCGA,UGGT2,846,179,107
UGGT2_ATAAATAGACGAGCATCGCC,UGGT2,104,71,118
UGGT2_GGTGATTCTCTATGCCGAAA,UGGT2,227,106,130
UGGT2_CGTGGCTTTCGCTGGCGCCA,UGGT2,569,274,381
UGP2_CTACTAACCTGATTTCAGGG,UGP2,379,372,159
UGP2_TGCGTGCACGCAGACGGGAA,UGP2,655,202,268
UGP2_GCGTAAATATCACCATGACC,UGP2,1968,256,181
UGP2_CATCTAATGAACCCACCCAA,UGP2,536,142,213
UGP2_TTTCCCTGTCACTTAGGGAA,UGP2,1055,95,141
UGP2_GACAGAATTGATATCCCACC,UGP2,0,33,46
UGT2A1_AGGAGCCTTAGTACTTACGA,UGT2A1,360,46,43
UGT2A1_GCTGCCGGTACATAGGAGAC,UGT2A1,550,79,20
UGT2A1_GAAATACTGGATCAGACACC,UGT2A1,734,182,229
UGT2B4_TCAAGCAGCTGGTTAAGAGA,UGT2B4,1223,324,499
UGT3A1_CGGCTGTGACCTGATTCAAC,UGT3A1,3282,1348,1200
UGT3A1_ACATGGAGCCAAAGGCCACA,UGT3A1,375,127,278
UGT3A1_TTAGTTTCTCCAGGAGCCAA,UGT3A1,359,39,51
UGT3A1_ATCGCCGTTCGCTGGAGCCC,UGT3A1,961,160,87
UGT3A2_TTGACCACGTCCTCCAGACA,UGT3A2,2482,636,817
UGT3A2_TTATGCTATTCTGCCCGCCG,UGT3A2,1559,291,192
UGT3A2_CGTCTGTTTGTCACCCACGG,UGT3A2,2890,368,480
UGT3A2_TTGGCCCAAAGATGTCCACC,UGT3A2,217,110,23
UGT3A2_ATTCTGACAGGTGTTCACCA,UGT3A2,1053,186,233
UGT3A2_TTCCAAAGAGCCGAATGAAG,UGT3A2,2077,206,500
UGT8_CTATCCCAACAGCACTCCAC,UGT8,1732,631,263
UGT8_GAGTGCTGTTGGGATAGCGA,UGT8,395,57,166
UGT8_CCACTTCAGCAGGATACCAA,UGT8,1281,391,294
UGT8_CAAACCACCATGGCTCAGGA,UGT8,729,637,492
UGT8_TCTCCATAGCTACCGTCAGA,UGT8,383,90,36
UHMK1_TGTGTTGACCTTAACCGGAG,UHMK1,641,100,29
UHMK1_AACCCGATACACCGAGGCGG,UHMK1,652,204,114
UHMK1_TACGTGGTTTGAGGTCCGCA,UHMK1,133,283,372
UHMK1_CTGCACAATGCCATTTCAGC,UHMK1,1982,219,227
UHMK1_ACATTCAGCAGTCTTAGCAC,UHMK1,665,270,304
UHMK1_GGAACAAGTAGAGATACCAC,UHMK1,989,0,115
UHRF1BP1_CACTCGGGTCTACTGCAACA,UHRF1BP1,2652,1071,1019
UHRF1BP1_GGCTGTCACCTCTCCTCGGC,UHRF1BP1,46,21,12
UHRF1BP1_GGCTTATTACGAACCAAGGC,UHRF1BP1,501,282,380
UHRF1BP1_TCTCAAAGTACTGGCTGAGG,UHRF1BP1,1070,354,699
UHRF1BP1_AGACGGGTCTGAAACCACCC,UHRF1BP1,1044,180,103
UHRF1BP1L_CTAATTGGTCTGGTGTCACC,UHRF1BP1L,622,189,124
UHRF1BP1L_GGAACGTTGCCCACCCAACC,UHRF1BP1L,837,496,618
UHRF1BP1L_CGTATTCAGGATCCACAGAG,UHRF1BP1L,2017,533,1074
UHRF1BP1L_AATCTCCACCACAGCCAGCA,UHRF1BP1L,1346,430,472
UHRF1BP1L_TTTCTTGATGATCCCGGCCA,UHRF1BP1L,519,122,43
UHRF2_CGATTGAGGAGCTGCGCGAG,UHRF2,1535,818,682
UHRF2_TTTCCCACCACATACACGAC,UHRF2,1657,298,371
UHRF2_TCCAACAGGAATACCAGGAA,UHRF2,2284,496,586
UHRF2_GGTGATGAGTTCACATACAC,UHRF2,178,68,24
UHRF2_GAGTTCACATACACTGGAAG,UHRF2,900,343,182
UIMC1_CTTGGTCAGCCTTTGCAAGC,UIMC1,1040,284,538
UIMC1_TACCTGGTTACTGGATGAGA,UIMC1,650,81,30
UIMC1_GAAGGAGGTCTAGGTAACAC,UIMC1,292,187,165
UIMC1_AGATCTCGACCTCTGGCCAC,UIMC1,481,173,103
UIMC1_TAGGGAGGTGAACAGCCAGG,UIMC1,482,7,31
UIMC1_CCAGTTCTGTCAGTGTGAAG,UIMC1,2082,428,477
ULBP1_ACGGAGCTCCAGGTCTACAA,ULBP1,412,331,572
ULBP2_CAGAAGGATCTTGGTAGCGG,ULBP2,609,128,342
ULBP3_GCTTTGGGTTGAGCTAAGCC,ULBP3,91,29,18
ULBP3_TCTTGTGAGTGTGAAGCCGA,ULBP3,554,34,53
ULBP3_TGGTCTCTTTCACTCACCAC,ULBP3,814,104,37
ULBP3_TGCCCAGACATGGGCAACAG,ULBP3,198,203,165
ULBP3_GCTATTCGACTGGTCCGGGA,ULBP3,437,83,122
ULBP3_TACGGAAGAATCGCGAGGCG,ULBP3,2136,531,866
ULK1_CAAGTTCGAGTTCTCCCGCA,ULK1,265,447,447
ULK1_GCAGCGTCTGAGACTTGGCG,ULK1,988,201,94
ULK1_GGTCTCTTGCAGTACTGCAA,ULK1,188,61,87
ULK1_CGGGCTGACCGATCTTGACG,ULK1,2599,1007,1575
ULK1_CAGCTGACTTCGGCTTCGCG,ULK1,1002,253,184
ULK1_CGATGGTGCCGATGCTCCAC,ULK1,1074,239,278
ULK2_CCAGTATGGGATGGGCACAC,ULK2,2239,790,728
ULK2_CAGCACAGACAGTTGGACGA,ULK2,3195,470,466
ULK2_ACAAGATGGAGAGCTGCCAC,ULK2,47,18,0
ULK2_ACATAATAACCTCAGGAGCC,ULK2,201,212,188
ULK2_ATGCGAATCCTGCACAGCAA,ULK2,302,296,378
ULK2_CCTTCGCCGTGGTCTTCCGG,ULK2,408,322,105
ULK3_CACGTGCTTCTCATCCCACG,ULK3,2240,527,954
ULK3_TGAACGGAATATCTCTCACC,ULK3,434,58,139
ULK3_CAGGATTCTGCCTGAGAAGG,ULK3,858,371,337
ULK3_CGAGTGTCCTTCTGCGAGAC,ULK3,3237,1508,1091
ULK3_ATTCCTCACTGGCCTCACAA,ULK3,665,62,119
ULK3_CTTCATCCTCACCGAGCGCC,ULK3,911,196,32
ULK4_GAAGACTTCTCCTCTGACCA,ULK4,255,171,59
ULK4_CCTTTCGGAATAGGTGGCAA,ULK4,703,343,334
ULK4_GCAGACAGCCCAAAGACCAG,ULK4,1328,171,494
ULK4_TAGATACTCTTGGAAGGGCC,ULK4,233,716,267
ULK4_CTAGTGGTGGAACTCTGCAC,ULK4,984,409,143
ULK4_CTGTATGAGGAGATCGGAAG,ULK4,2405,519,518
UMOD_GAAGACCGCCCTACAGCCAA,UMOD,425,154,72
UMOD_TACCGTCAACACTGTCCCAC,UMOD,386,104,71
UMOD_ATGGCACTGCCAGTGCAAAC,UMOD,665,112,158
UMOD_CACGTCTGTGCAGCCGAGAC,UMOD,1355,640,746
UMOD_CAAAGTACAACTGCCCAGCC,UMOD,615,940,684
UMOD_TGCAGTTGTGATGAACCAAG,UMOD,1931,303,596
UMODL1_ACGTCCTATGTGTCCTGCGG,UMODL1,456,156,199
UMODL1_TGCCCGGACTGATTCAGGGC,UMODL1,1876,121,112
UMODL1_GCGCATGTGGTTCAGGAGCC,UMODL1,305,122,51
UMODL1_CACCAGCGCCCTGCAACCAA,UMODL1,2046,1231,839
UMODL1_AAGGGAACTGTGCGCAAACC,UMODL1,631,204,389
UMODL1_TGGAGTTGCTCAGGAGCGCC,UMODL1,158,93,189
UMPS_AAACAGGCAGCGCGCGACAA,UMPS,2361,432,252
UMPS_TGTATAAGGCACTCCACACA,UMPS,205,153,276
UMPS_AGTGCTGTTGGACAGAGAGC,UMPS,11,40,61
UMPS_AGGACAAGTTGCAGGCGCAC,UMPS,787,146,166
UMPS_ATTGCGGAAATGAGCTCCAC,UMPS,176,18,90
UMPS_CCAGGAGTTCAGTTGGAAGC,UMPS,2045,353,518
UNC119_AAGCAGACTATTCCTACAGC,UNC119,833,210,230
UNC119_CTCCGAGGAGCTGAGTGCGC,UNC119,1131,115,316
UNC119_ACGGTTGCCCATCAACCGGC,UNC119,29,0,22
UNC119_CAGAACGGTTGCCCATCAAC,UNC119,1039,63,92
UNC119_CCAGCCCACTCACCTGAGAC,UNC119,1577,762,573
UNC119_GAGGAAGCAGCCGATCGGGC,UNC119,41,0,0
UNC119B_GATGAGCGGGTCTAACCCGA,UNC119B,47,23,62
UNC119B_TGAACCGCCTGAAGGCGCGG,UNC119B,249,25,29
UNC119B_GGCACTCACTCTCGGTGACC,UNC119B,359,32,27
UNC119B_GGAGACGTGGACATCAGCGC,UNC119B,652,398,136
UNC119B_CAAACTTCCGGATGATCGAA,UNC119B,330,276,109
UNC119B_TACTGACATCCTCCGAAAGC,UNC119B,931,681,892
UNC13A_TAGGACTCCCGGGAGCCCAG,UNC13A,136,28,9
UNC13A_GCTCAATGCTATGCGGGACC,UNC13A,567,130,464
UNC13A_GCTCAAAGCGCGTGTCCAGG,UNC13A,404,111,71
UNC13A_CGCCACTCACCTCATTGGAC,UNC13A,3376,994,1232
UNC13A_TGAGCCCGACCCGACAGAGC,UNC13A,2718,417,425
UNC13A_AAAGGGCCTGGCTCCGGGAA,UNC13A,658,236,311
UNC13B_GCGCACGCAGAGCAGTGACA,UNC13B,1135,263,220
UNC13B_GCCAAATTCCAGGGTTCACC,UNC13B,367,46,154
UNC13B_CCTTAGTGAGATTAGTCGCC,UNC13B,577,88,351
UNC13B_TTTGTTTCCTAGGAAGGGCC,UNC13B,209,76,81
UNC13B_TACCTCATTGTCAGCTCCCA,UNC13B,230,174,153
UNC13B_CTAGTCAAGAAGAAAGCCAG,UNC13B,882,98,201
UNC13C_GAGGTGTTCAGGGTATCCAA,UNC13C,148,39,23
UNC13C_ATGTCCTAATCACCATAGCC,UNC13C,354,186,296
UNC13C_GAGGACCTTGAGTGGAGAAA,UNC13C,297,123,154
UNC13C_GCTCATGACGGCAGGGACAC,UNC13C,327,56,169
UNC13C_CTACTCCCAGCTAACAGACC,UNC13C,1385,772,714
UNC13C_GGAATTCCTTCATGGAGCAC,UNC13C,366,306,423
UNC13D_GCAGCAGCTTGTGTCCCACG,UNC13D,1886,363,437
UNC13D_GCTTATGGATGAGTTGGAAC,UNC13D,1697,520,523
UNC13D_TTCTGCCGATGCCGGGACCC,UNC13D,490,191,145
UNC13D_TCTGAAGGCAACAGTGAAAC,UNC13D,2038,441,939
UNC13D_CTACACTGTCTTGCACCGCC,UNC13D,1908,160,158
UNC13D_ATGGGAGAGGAGTGTCGCCA,UNC13D,271,55,36
UNC45A_GGCCGTTCTGCACCGGAACC,UNC45A,292,216,125
UNC45A_TCTCTAGGGCTTGGCTCCGC,UNC45A,468,0,6
UNC45A_CTGTTGGACCCAGAAGAGAA,UNC45A,1499,23,111
UNC45A_CTTGCAACGTTTACTGGACA,UNC45A,2209,499,599
UNC45A_ATGTTTGATGCCCTCAAGGA,UNC45A,410,48,39
UNC45A_CCTGACCCTCCTGATTAAAG,UNC45A,2509,181,89
UNC45B_CCTGAAGCTGACCAAGGACA,UNC45B,1067,227,220
UNC45B_ATGCCAGGCACTGGAGCACC,UNC45B,797,66,263
UNC45B_TCCTAGGCCGTGAGGAAGCA,UNC45B,855,511,611
UNC45B_CAAGCGGGAGCATCGAGGGA,UNC45B,939,143,134
UNC45B_AGCAAGAAGGTGTCTGGCCA,UNC45B,856,53,296
UNC45B_ATGTGGCTCAGAGCGCGAGA,UNC45B,808,150,33
UNC50_GATGCGGCAAGACACACAGC,UNC50,274,72,39
UNC50_CAAAGTCCATTTGCCGAAAG,UNC50,1471,748,746
UNC50_CTTAACAGGACCAAGAAAGC,UNC50,1578,122,156
UNC50_GCAGAGACTATGATGTGGAA,UNC50,743,324,313
UNC50_CTACGGGCTTTCCCTGGCAC,UNC50,584,123,234
UNC5A_AGGACTATGCCCAGGAGCGC,UNC5A,1136,265,341
UNC5A_CTGTGCTGCGCTCGATCACG,UNC5A,1458,913,891
UNC5A_ACGTTCAGATGTTCCGGCCA,UNC5A,1559,468,212
UNC5A_GGTCGAGAAGGTGTTCGGGC,UNC5A,272,144,0
UNC5A_ATGCCCTCCGGTGGACGGCA,UNC5A,254,119,150
UNC5A_ACAGGCCCGCCTTGCTGACA,UNC5A,925,407,451
UNC5B_CCAGAACGACCACGTCACAC,UNC5B,1814,674,316
UNC5B_GATCGAGGTGTCGCGGCAGC,UNC5B,1,104,14
UNC5B_CCTGATCGAAGTTCTTGCGC,UNC5B,915,51,82
UNC5B_GGTTGTGGTCGATGGTGAGC,UNC5B,300,181,99
UNC5B_GCCTTGCAGTGAATGGCGGC,UNC5B,682,109,12
UNC5B_ACGGAGGCCGTGACTGCAGC,UNC5B,924,137,57
UNC5C_TGCCTCCTTTCAGTCAACGG,UNC5C,595,187,151
UNC5C_CTCACCATAGACTATGACAG,UNC5C,1754,596,534
UNC5C_TCCCTTCAGGTGGTCGACAC,UNC5C,806,414,278
UNC5C_TGAGATTTCGCGCCAGCAAG,UNC5C,1132,200,283
UNC5C_AGAGGCTCAGGTGGATCAGA,UNC5C,132,14,93
UNC5C_GAAAGGTCTGCGGGCGACAG,UNC5C,1039,467,326
UNC5CL_ACCTCATGACCGTCATGGAG,UNC5CL,837,392,427
UNC5CL_AACAGGTGGTGGCGCTGCCC,UNC5CL,0,1,0
UNC5CL_CGGAAGCAGAAGGAGCGGAA,UNC5CL,2098,747,817
UNC5CL_AAGCTCACGTACATCTCAGA,UNC5CL,193,107,94
UNC5CL_TGCTGCTGTAGGTGCGAGCA,UNC5CL,1407,1029,849
UNC5CL_CTGGACACTGAATGGTCAAG,UNC5CL,617,262,338
UNC5D_TGATGGGATGGATTCGGGAA,UNC5D,1301,468,315
UNC5D_CTTACAGGCTATGCGCACAG,UNC5D,2705,989,1216
UNC5D_TCCTGTCTTACCTCGGCAGC,UNC5D,985,253,297
UNC5D_GATCAGGTTATGGTCAGCCC,UNC5D,248,98,22
UNC5D_TGCCCATGCATTCAATAGGA,UNC5D,1032,453,433
UNC5D_GACTCTTCTGCATTGACAGG,UNC5D,19,119,132
UNC79_CTGCTCCGCTTTGGTGGACA,UNC79,2466,761,759
UNC79_AGGCCTTGGTAGTCCAAAGA,UNC79,1037,236,520
UNC79_GCAGAGAGGTTAACATGGGC,UNC79,157,197,223
UNC79_GGGCAATAAGCGAGTACAGG,UNC79,514,237,436
UNC79_ATCACCCAACGCTACTGACA,UNC79,760,266,342
UNC79_GGAATGCGGCGCTGAGGAGC,UNC79,656,159,159
UNC80_CTCACCTGGTTTGCCGCCAC,UNC80,1606,563,303
UNC80_ACCTTGATCCTGTGTACCAG,UNC80,777,154,144
UNC80_TAACAAGCCCACTGGCCAGA,UNC80,658,134,114
UNC80_CTCCTATCAACAGTCAAAGC,UNC80,1715,713,400
UNC80_TGGGTGAGATGGAATCAGAC,UNC80,848,287,475
UNC80_TAGCGGGACCTTTGGCACGG,UNC80,687,287,230
UNC93A_GGAACCCAAAGGAAACCACA,UNC93A,411,86,57
UNC93A_TCCCACCGCTCCTCATCGAG,UNC93A,2874,631,335
UNC93A_TGCACTGTGCAGACCACAGC,UNC93A,3560,594,783
UNC93A_CGTGAGCTGCTCTTCTGGAA,UNC93A,1583,441,737
UNC93A_CCCTTGTGTATTCGCTGGAG,UNC93A,1932,809,538
UNC93A_AGGTCTCGCAGTACACGGGC,UNC93A,470,189,56
UNC93B1_CCTCAGCGGCTTCAACAAGA,UNC93B1,1193,688,891
UNC93B1_GGAAATAAATCATGGGCAGC,UNC93B1,572,387,179
UNC93B1_GATGAAGCAGCGGCCTCCGC,UNC93B1,0,0,15
UNC93B1_GAGGCACGATGGCCATGCCC,UNC93B1,398,65,27
UNC93B1_TGTGTAGAGCAGGGCGGCGA,UNC93B1,1113,360,786
UNC93B1_AGTAGTTCGGGCCATGGAGG,UNC93B1,438,221,185
UNCX_ACCACGTGTACGAGCTGGCC,UNCX,770,320,116
UNCX_AGCAGGCCGTCGATGGAGAA,UNCX,1131,413,245
UNCX_GGACCCGGACAAGGAGAGCC,UNCX,181,147,154
UNCX_TCCCGACGTGTTCATGCGCG,UNCX,2550,619,611
UNCX_TCTTTGGCTCGGGTAGAAGG,UNCX,786,253,77
UNCX_CCGCGGACCCTGATCGGCAA,UNCX,1341,376,510
UNG_TGAGGAAAGCGGAGATGCGG,UNG,1066,159,274
UNG_GCGTCTTCTGCCTTGGGCCG,UNG,614,130,206
UNG_TCGGCACTCAGCGGCGAGGA,UNG,589,348,235
UNG_CAACTGTACCTGGGCGGAGG,UNG,1089,76,228
UNG_ACTCTCATAAGGAGCGAGGC,UNG,81,43,16
UNG_CCCTCTATACACTGACAAAG,UNG,1442,191,570
UNK_CGGATGCTGAGGGCCTGCGA,UNK,546,272,343
UNK_AAGACCATGTCGAAGGGCCC,UNK,248,23,1
UNK_CTACTGCACCAAGTACGACG,UNK,2649,244,341
UNK_ATCCACGAGACAGACTCGAA,UNK,456,109,380
UNK_AGCATAGAGGGCCAGTCGGC,UNK,679,80,146
UNK_ACTACCACAACAGCAAGGAC,UNK,495,217,167
UNKL_AGTGTGGGCACGCATAGCCC,UNKL,1275,357,114
UNKL_TGGAGTTACCTTGCCACCGG,UNKL,1165,149,194
UNKL_CGTGGCCACTGCGTGAAGAA,UNKL,1697,923,880
UNKL_CGTGGATCTGCACTGCCGGC,UNKL,848,252,63
UNKL_TCCAAGTACAACGAAGCCAC,UNKL,643,166,128
UNKL_GCCGTCGGTTTCGAAAGCGG,UNKL,1057,417,167
UPB1_GAAGCGCGTTCTCTATGGCA,UPB1,689,131,37
UPB1_TCTGCACCTGTTCTGCCACA,UPB1,1206,268,516
UPB1_CATAAAGGCTATCGTAGAGG,UPB1,872,222,251
UPB1_GCGTAACAGCAGGGAGGCCG,UPB1,745,95,14
UPB1_CACCACCAGATTCTGTCAGA,UPB1,537,79,65
UPB1_CTGGAACGAGACAGCGAGCA,UPB1,1770,527,993
UPF1_ACCCGGAGGCACCATGAGCG,UPF1,6463,69,24
UPF1_AGTTCAACTCAGCCAACAAC,UPF1,1917,221,339
UPF1_GGTATTACAGTAAACCACGC,UPF1,200,34,0
UPF1_CAAAGAGGTGACCCTGCACA,UPF1,715,44,22
UPF1_GGATCTTGACCAGCCAGGAC,UPF1,1157,63,45
UPF1_TCGGCCTCCAGCTTGACCAG,UPF1,506,0,0
UPF2_AGGACTAGTGCTCTACCAAG,UPF2,363,58,0
UPF2_TTCCGGACATATTCCTGGAG,UPF2,728,26,16
UPF2_ACCGTCCACATGTCTCCAGC,UPF2,748,25,42
UPF2_ATCTTTGTTCCATGCTGAGG,UPF2,791,0,15
UPF2_CAACCGAGATCTGATAGACA,UPF2,1880,58,12
UPF2_GGGCAAAGTCAGCATAACGC,UPF2,1802,38,22
UPF3B_GACTTGGTGCTGTCATCAGG,UPF3B,638,6,68
UPF3B_AGAAGAGCGCCGTAGGCAGA,UPF3B,250,51,70
UPF3B_CAATGTACAACTTTGCCCAC,UPF3B,718,249,190
UPF3B_AAGCTGCTCCTTGGTCAAAG,UPF3B,1820,771,635
UPF3B_ATTACCTCCCACTTTGACCA,UPF3B,46,136,185
UPF3B_AGATAAGCAGGATCGCAACA,UPF3B,589,300,830
UPK1A_ACTAGCAGGCCCACCACAAC,UPK1A,1205,281,451
UPK1A_TGAGGACCATGGACCGGCGG,UPK1A,669,214,129
UPK1A_CCGGGCTCACGTAGTCACGG,UPK1A,2250,504,446
UPK1A_CTACAGCGCGGACACCGACC,UPK1A,255,70,49
UPK1A_CTTCACGTCAGCCTTCCGGG,UPK1A,494,42,289
UPK1A_TCTCACCGTCCACATCAGGA,UPK1A,1195,345,305
UPK1B_TCAGGGCAATGCCGCAACAC,UPK1B,1240,468,446
UPK1B_CTACAATGCCTAGAACAGAC,UPK1B,840,787,953
UPK1B_GCGTAAATGGTCCATCAGAC,UPK1B,1452,481,426
UPK1B_ACACAGCATTGACGAGGCCA,UPK1B,818,687,608
UPK1B_AACACAGCATTGACGAGGCC,UPK1B,284,184,147
UPK2_GATCAAGGGCAAGGTCCGGA,UPK2,0,23,65
UPK2_CAGGCTCTCCGTTAGCGCCG,UPK2,421,125,251
UPK2_CGGAGAGCCAATGACAGCAA,UPK2,2177,497,531
UPK2_TTTGTGGTGCCTCCGTGCCG,UPK2,929,139,106
UPK2_GGCGGGAGTGTTACTTACGA,UPK2,366,309,418
UPK2_GGCTGGGTATGGCCCGCACA,UPK2,915,290,438
UPK3A_TTGCTGTCAAACATGCAGAG,UPK3A,1157,674,567
UPK3A_GAAGTTGGGATCCCACAGGC,UPK3A,674,236,386
UPK3A_CGGCAGCCACGGAGTACAGG,UPK3A,2448,1022,822
UPK3A_CTTACGCTGGTTGGTGCGGA,UPK3A,525,84,102
UPK3A_CGATCATGCCTCCGCTCCGC,UPK3A,1223,105,262
UPK3A_TTCCTACACGTCCGTGAACC,UPK3A,1385,435,762
UPK3B_GACGCGTCCAGCCAGACCCA,UPK3B,680,154,124
UPK3B_ACGCGTCCAGCCAGACCCAA,UPK3B,1732,471,378
UPK3B_CGCGTCCAGCCAGACCCAAG,UPK3B,1808,664,348
UPK3B_AGTTCCTCCTGATGGACACC,UPK3B,605,125,202
UPK3B_GGATCCATCGACACCTGGCC,UPK3B,693,182,301
UPK3B_CCATCGACACCTGGCCAGGG,UPK3B,1938,276,239
UPP1_AGTTGGCGGAATGGCGGCCA,UPP1,1259,204,239
UPP1_CTCACACTGACAGACAGCAC,UPP1,2141,1310,1138
UPP1_TGATAGTGACGTTGGAGCAC,UPP1,1152,239,80
UPP1_ATAGAAGTCCAAGGTGCACA,UPP1,106,20,113
UPP1_CCGCTTACCTTGGAGGCCGC,UPP1,442,323,32
UPP1_ACTCGCTGAGCACATTGCGA,UPP1,803,1,63
UPP2_ACTGATGGCGAGCACAGGCC,UPP2,1651,124,384
UPP2_CTTACACTGATGGCGAGCAC,UPP2,2269,661,618
UPP2_TAGACTCCTTCTTTAAGCCC,UPP2,599,158,244
UPP2_TGTCACCCGAAGTACTGAAC,UPP2,1579,446,664
UPP2_TCCTGGTGGAGTACCAGCAA,UPP2,782,468,514
UPP2_TCTCCAACTTCATCAGACGG,UPP2,614,216,516
UPRT_TTGCTGGTTGTGACAGGGCA,UPRT,3003,583,318
UPRT_GATCTGATCCTGGACCACGC,UPRT,567,16,115
UPRT_GAGTTCGCAGTCCTCTAGGA,UPRT,441,141,141
UPRT_GATCAGACTTGTTGTGGAAG,UPRT,549,108,333
UPRT_GCCCTAGTTACCTGTTGGAG,UPRT,1471,318,424
UPRT_CAAGGTGAGGCAATGGAACA,UPRT,1708,765,583
UQCC_TCTCCGACTTACAACGACGA,UQCC,309,64,183
UQCC_TTCTCCGACTTACAACGACG,UQCC,787,244,308
UQCC_ATGAAGCAGGAAGGCCGGAG,UQCC,439,454,471
UQCC_AATTGCTCACTTACCAGACG,UQCC,1170,282,466
UQCC_ACAGCTAGTATACATGCGCA,UQCC,531,211,118
UQCC_GCACCAACCTTCTCCTCAAC,UQCC,2677,557,246
UQCR10_GCGCGCCTTCGATCAAGGCG,UQCR10,697,314,140
UQCR11_ATTGGCGGCTGATCCTGGAC,UQCR11,356,149,137
UQCR11_GGGTCCCGACGGCCTACACA,UQCR11,874,181,402
UQCR11_TTGACCAGCTCCCGGTAGCG,UQCR11,1334,557,395
UQCR11_ACTCCGCCGCGATGGTGACC,UQCR11,1451,53,50
UQCRB_GAGCTGGAACAGCAAAGACC,UQCRB,761,45,53
UQCRC1_GCAATGGCCACGTGGGCAAA,UQCRC1,1623,627,795
UQCRC1_AGCACCTCGGTGGCATCCCA,UQCRC1,327,8,94
UQCRC1_TGCTGCCAGCACCATTCGAG,UQCRC1,1169,261,155
UQCRC1_CAGGGAACAAAGAATCGGCC,UQCRC1,394,83,97
UQCRC1_CAAGGCTGGCGTCCGCAGCA,UQCRC1,1215,423,373
UQCRC1_TGAGGTGGTGGCGAGAGCGC,UQCRC1,668,191,202
UQCRC2_TGAGCTCACCGAGAAAGAGC,UQCRC2,977,258,245
UQCRC2_TGGATGTAAGACGCAGCAAA,UQCRC2,1757,700,464
UQCRC2_AGTGAAGATACTCACCAGAC,UQCRC2,1060,338,263
UQCRC2_GATTCAGTGTGACCGCAACA,UQCRC2,1576,295,189
UQCRC2_CACCACCAGCCATCTGCACC,UQCRC2,1265,222,135
UQCRFS1_CGGCTCACCATTGAGGCCCA,UQCRFS1,546,187,282
UQCRFS1_CTCACCATTGAGGCCCACGG,UQCRFS1,2013,435,676
UQCRH_CTTCCCACTGACTTACGCAA,UQCRH,987,140,395
UQCRQ_GGATAGGCGCGCTGCTCGAA,UQCRQ,988,49,113
UQCRQ_TCGGGAGTCTTTCTTTCGCG,UQCRQ,853,306,205
URB1_AGGTTTCTGCCGAAGAAGCA,URB1,399,11,31
URB1_GCATCGCTGTACAACTGGAA,URB1,1049,333,378
URB1_GGGAGTGTACGACGTTCGGC,URB1,505,132,56
URB1_ATGACCGCCATGGTGACCCA,URB1,1159,16,0
URB1_CAATGTTGGTTCCCACAACA,URB1,1108,346,97
URB1_CCCAAGAGGAAGGCCTCGGG,URB1,39,0,11
URB2_GCCAGAATAAACAGCAGCCA,URB2,731,24,194
URB2_TACTGTCATCCTACAAGGAG,URB2,1098,309,543
URB2_GCAGTGTATTCTCCAGGGAC,URB2,396,54,8
URB2_TAACAGCTGACACAACAGCC,URB2,723,140,1
URB2_CTGGCTGCACTGCTGCGGCA,URB2,1547,68,47
URB2_GGTCCTAAAGTGTGCACGCC,URB2,16,167,44
URGCP_GGCAAACCGCAGCCCAAACA,URGCP,294,967,545
URGCP_TGCCCGTCCGCTGGGTCACA,URGCP,1820,518,315
URGCP_CAACTTGGGCACCAATGCCC,URGCP,649,239,327
URGCP_ACTGACGTCCATGCGCACGA,URGCP,929,387,428
URGCP_ATCTGGCTCTCCTTCTCCAC,URGCP,668,31,159
URGCP_TGGACGTGCTCCCAGACGCC,URGCP,569,225,150
URI1_CCAGAGCCCTCTTAGAAACG,URI1,2730,1037,1573
URI1_CTGTAGGTTTAGTTGAGCAC,URI1,2210,17,0
URI1_CGTAAACGAAAGAACAGCAC,URI1,943,232,311
URI1_CGCCTGCAGACATTTACAGG,URI1,2140,53,97
URI1_TCTACTTCGAGACTTCAGGA,URI1,351,26,14
URI1_ACCCACTATTCCAGAACGAA,URI1,924,167,92
URM1_TGCGCCCTTGTCAGTGGAGG,URM1,1495,17,40
URM1_TCGAGTCACTTTGCCTGGAC,URM1,636,732,482
URM1_TCTTCTTGATCCAGATGAGC,URM1,442,2,4
URM1_CATCTTTCCCACAGGCGGCC,URM1,704,442,122
URM1_TGCTGATTAACGATGCCGAC,URM1,483,278,211
URM1_GCTGGTAGTCCAGCTCACCC,URM1,554,142,8
UROC1_AGGTACGGCCAGATGACAGC,UROC1,1120,400,421
UROC1_TCCCAACTACTCCTCCCGGA,UROC1,1482,281,117
UROC1_CAGACTTTGGTCATGTACAG,UROC1,1486,506,453
UROC1_GACCTATGGAGGAAATGGGC,UROC1,555,58,62
UROC1_GCTATTACCTGGGCCACGGC,UROC1,143,128,93
UROC1_TGCTTACCTGTTTCTCCACA,UROC1,552,255,91
UROD_ACACATTCCTGCGAGCAGCC,UROD,940,250,427
UROD_TAGGGAAACCCGGGCTGCCC,UROD,20,60,0
UROD_CACCCTTACCCGACAACGAC,UROD,1513,466,289
UROD_GGGTGGTGGCTCAAGCACCA,UROD,491,273,117
UROD_GGTTGGGCTTGACTGGACAG,UROD,231,34,88
UROD_GGTGACATTGCAGGGCAACC,UROD,0,0,7
UROS_TGCAGCTTACAGGAAGGCCC,UROS,399,9,165
UROS_AGACTGTATGTGAGGCCAGA,UROS,261,66,57
UROS_TTGCACACCCAGGAATCCAA,UROS,668,78,109
UROS_TATCAGACAGTTGCACACCC,UROS,572,213,179
UROS_TCTCATCCTGAAGATTACGG,UROS,827,121,128
USB1_TCCTCACTCCTCACCGACGG,USB1,1288,231,354
USB1_ACTTCCTCACTCCTCACCGA,USB1,455,127,102
USB1_ATGTTCCCGGGCACCGAGGA,USB1,649,598,280
USB1_ACTCACATGGTACATAGACG,USB1,1001,239,380
USB1_ACCTTCATCCTTACCAGCCG,USB1,1244,40,205
USB1_GGGTGATGCACGTCTCCAGC,USB1,86,84,56
USE1_GCTATCCCGCTGCGAGGCGA,USE1,483,43,44
USE1_GGCGATGGCAGCGGAGAAAC,USE1,1731,163,146
USE1_GCGAGTGCCCGCCACAAAGA,USE1,1461,332,396
USE1_CAAGGGATTCCCAGGGACCA,USE1,1212,39,32
USE1_AAGAGATGCTAGGACTGGCC,USE1,60,85,146
USE1_GAAGCAGACGATAATGAGCA,USE1,1221,49,84
USF1_GCCGAGACAAGATCAACAAC,USF1,412,394,946
USF1_CGACTCGGGATGAGAAACGC,USF1,354,294,233
USF1_AGAAACAAGGGTCACTCACG,USF1,1670,426,279
USF1_GATGATGCAGTTGACACGGA,USF1,458,124,65
USF1_TACGTCTTCCGAACTGAGAA,USF1,707,249,373
USF1_AAACAGCTGAAACGGAAGAG,USF1,1056,636,544
USF2_CAGCCACGACAAGGGACCCG,USF2,1952,468,450
USF2_CAGTTCCGCACAGAGACAAA,USF2,1613,275,247
USF2_TGACCCAGGTGGGTGTGGAC,USF2,1499,517,599
USF2_CAGCAATGGTGGCAGTCCGG,USF2,863,147,340
USF2_GAGAGTAAGGGTGTGTCCGG,USF2,285,34,59
USF2_AACGCAGACAACAGCAAGAC,USF2,3197,183,318
USH1C_TGGCGTCGACTTCTCTAACC,USH1C,996,497,573
USH1C_ACCTCCCGCAGCATTTCCAG,USH1C,659,213,173
USH1C_GAAGAAGGTCTTCATCAGCC,USH1C,220,67,95
USH1C_GACCTCCTCATGGGTACAGG,USH1C,526,68,34
USH1C_CCTGACCGCCTTTGATGAGG,USH1C,332,298,605
USH1C_GATCCCACTGAAGCACCAGG,USH1C,361,25,0
USH1G_GGTCGATCTTCTCCTGCCGC,USH1G,0,0,14
USH1G_GCTCGATTTAGGCTTGGACG,USH1G,581,316,250
USH1G_TGGGATTGGCGTAGGTGCCC,USH1G,568,73,206
USH1G_GCAGCGACTCGAGGTTGCCA,USH1G,135,202,141
USH1G_GGCATTCAGCTCCTTTCGGG,USH1G,98,138,183
USH1G_CCATGAACGACCAGTACCAC,USH1G,1648,181,332
USH2A_CGTTTGCTTTGCACTTGCAC,USH2A,1123,507,459
USH2A_TTGCAAACATCTATGGCCGA,USH2A,1121,506,386
USH2A_AATGACAAGCCTTTCCGCCA,USH2A,361,222,414
USH2A_ACATTTAGCATCCTGACACC,USH2A,718,164,243
USH2A_AGTACCGCTGTGCCAAAGGG,USH2A,199,216,286
USH2A_ATATCCTTGACTGAGTCACG,USH2A,221,177,121
USHBP1_CATGCAGCTAGGCCAGCGGG,USHBP1,623,96,25
USHBP1_GCTGGTTGGGAAGAGACCCA,USHBP1,347,0,0
USHBP1_GCAGGATTCCCTCTTGAGGC,USHBP1,608,94,250
USHBP1_TTCGAAGGCACAAGCGAAGG,USHBP1,827,357,89
USHBP1_GCAGGGTGAACTGGATCCCG,USHBP1,684,119,124
USHBP1_GAGAGGGTGACACTTACGGG,USHBP1,508,209,345
USO1_CAAGATGAATTTCCTCCGCG,USO1,820,45,84
USO1_GAAGTAAGAAGCTTCACACC,USO1,1116,7,94
USO1_CAGGCACTAACAAGAAGCAA,USO1,1386,0,3
USO1_TGGCAGCTACTGGTAGCACC,USO1,2095,194,210
USO1_ATGCACCTTCAAACCCACCA,USO1,1044,59,72
USO1_TTTCTTGCAACGCATGGGCA,USO1,579,198,149
USP1_CTTTCACTAGGTATGACACC,USP1,510,124,18
USP1_ATGAACTTGCCACTCAGCCA,USP1,821,28,23
USP10_ATTCCAGGAGAGGGCAACCA,USP10,479,379,386
USP10_TATTCCAGGAGAGGGCAACC,USP10,614,99,116
USP10_GCCCTCTCCTGGAATAGGGC,USP10,522,0,22
USP10_TCCATCGACTGCCAGTACCC,USP10,1447,72,86
USP10_GGCTGATCAATAAAGGGAAC,USP10,1877,83,24
USP11_CGAGAACGTCCACTGCGGGC,USP11,145,74,109
USP11_GGAGGCATACGTGCAGGGAG,USP11,417,77,70
USP11_CCAGCCACCCATTGAACGCA,USP11,2677,727,1115
USP11_TATTGCGCACAGCTCGGGAG,USP11,948,254,282
USP11_CATGACATGCAGCTGTGCGC,USP11,1355,546,289
USP11_GAACAACAACATGTCGGAAG,USP11,799,266,202
USP12_GCCACCTACCATGGTACAGA,USP12,2161,122,212
USP13_TACGGGAGAGTCGTAGGAGA,USP13,720,168,244
USP13_TATTGAGGAGTTACCAGCCC,USP13,176,108,171
USP13_GAAAGCAGGACCCAGACACG,USP13,1204,126,154
USP13_GGGAACCATCACTCCTGACG,USP13,492,302,144
USP13_CTACACGGGTCTGAAGAACC,USP13,551,161,107
USP13_ATGAGTTCAGATTTCACCGG,USP13,1016,301,216
USP14_CTCACCGGAGTAGAGCGGCA,USP14,420,74,0
USP14_CAGGGCTCACCGGAGTAGAG,USP14,1667,444,359
USP14_TTCCCACAGTTTGCCGAGAA,USP14,1289,889,1165
USP14_TTTGCCGAGAAAGGTGAACA,USP14,321,319,380
USP14_TGGTCAAGTAAGCAGGCAGC,USP14,662,187,165
USP14_CAGTACTAACACACCAGGGA,USP14,1276,564,470
USP15_GCGTCGCGATGTCAGACCGC,USP15,835,156,378
USP15_ATAGTCGCTGGTTCAAACAG,USP15,710,532,579
USP15_TCAAGAGCCAATAGCACGAA,USP15,1879,550,773
USP15_TGCTGGTTTATACCAAGGAC,USP15,840,234,248
USP15_TTACTTAGGCCACAGAGGCC,USP15,409,164,105
USP15_AGGTGGTTGCCGAAGAAGCC,USP15,242,301,557
USP16_AGTTATGGGCTCTGTCGCCG,USP16,755,497,115
USP16_CATGGGAAAGAAACGGACAA,USP16,534,263,187
USP16_AGCATTACAACTCCAAAGCC,USP16,1458,159,109
USP16_GGCTCATGGCTAAAGTAAGA,USP16,437,181,157
USP16_ATGGTGCCTACCTAACGGAA,USP16,651,63,40
USP16_CTTCACGGTGATATTCCACA,USP16,290,38,34
USP18_GGAGTGATCACGAATGAGCA,USP18,222,203,270
USP19_AGTCATTCTTGACAAACGCC,USP19,125,123,180
USP19_AGGGTTTCTGCTCCGGACCA,USP19,386,69,89
USP19_GGAGGCCCGGAACCAGAAGC,USP19,180,50,46
USP19_TACTACTAGAACTCACCAGG,USP19,531,131,251
USP19_CGATGAAGGAAAGAACAGCC,USP19,323,71,157
USP19_TCTCCTTGGGCCTGTGGCAC,USP19,519,18,42
USP2_GCCCATCCAGAAGAAAGCGA,USP2,1050,215,336
USP2_TGAGAGATTACTGCCTCCAG,USP2,453,136,4
USP2_ACAGAATTCTAAGAGTGCCC,USP2,121,69,45
USP2_CCACGAAGGTGGAGAGCAGC,USP2,95,321,123
USP2_CACCATGCCGTCTCTTCCCG,USP2,1579,293,153
USP2_AGTCGAACCGGGCACAAGCA,USP2,2416,265,502
USP20_TGGTAGCTCTTGCACAGGGC,USP20,681,128,34
USP20_CTTGATCCCATGAGACAGAC,USP20,925,585,530
USP20_TGCCCTTGACGACCAGCCCG,USP20,3310,611,863
USP20_ACGACGGTGCCATCCTCACG,USP20,1072,279,300
USP20_TATTGAGTGCTGGCAGCCGG,USP20,365,46,6
USP20_CATTCCTGGAAAGGAGGACC,USP20,335,5,0
USP21_TCATCAGGCAGACCTGGCCG,USP21,330,296,296
USP21_CCTTCGAAACCTGGGAAACA,USP21,613,177,325
USP21_CGGCAAGAGGTGCCTGGAGG,USP21,2466,263,256
USP21_CCACCTGTATCCAGAGAAGG,USP21,1960,249,407
USP21_CAAGTATCGGTGGAGCCCGG,USP21,507,177,337
USP21_GAAACGTTACCTGGAGCGAG,USP21,550,404,188
USP22_CCCGTATAAGTTGCTGCACC,USP22,1495,186,398
USP22_GATGTCCTCACTGTTTCAGG,USP22,102,31,32
USP22_TGCTGAAGCACAACCCGAAA,USP22,873,408,478
USP22_CATGGAAATAATCGCCAAGG,USP22,582,279,280
USP22_TCTGTGGCGTCCACCTCAAC,USP22,937,226,385
USP22_AGCCAGGTTACGGCAACCGG,USP22,1318,159,258
USP24_ACTTTGCATGCGCTTCCAAC,USP24,1012,128,178
USP24_AAGAATGACTGGGTCTAGCA,USP24,1108,229,182
USP24_TAATCCTACCTGTACCACGG,USP24,1292,148,60
USP24_CATCAAGTGCTGTTCACAAG,USP24,3762,239,713
USP24_CTAGGTAGGTAGATGCCAAC,USP24,1257,148,430
USP24_GGCTACGAGCCCATGGACAG,USP24,905,260,297
USP25_GAGTTTGGCCGAATCAAACA,USP25,510,189,187
USP25_GCCATAGAACAACTCTACCA,USP25,581,328,320
USP25_TTGAACCCATTGACCTGAAG,USP25,1213,344,521
USP25_CTAGCGTCAATATCGTCAAC,USP25,807,178,270
USP25_GGCACCAAGGCACATAACGG,USP25,510,1074,255
USP25_TAATCAGCGAGTTGTAGAGG,USP25,1058,153,32
USP26_GAATGCCCAGCTTAATAGCA,USP26,554,94,96
USP26_CTGATCCAATGTGTGGAGCC,USP26,562,191,292
USP26_TGTATCATGGCCTGCAACAA,USP26,2844,668,1039
USP26_CCCTTACCAGGTCTCACAGG,USP26,1075,36,299
USP27X_GCCCTATAAGTTACTGCACC,USP27X,238,107,208
USP27X_TACATGCCCGCCATTTAGCA,USP27X,1022,799,437
USP27X_CAGCGTTAGATGTCCTGCAC,USP27X,876,239,155
USP27X_CTATCGTGGTGGAGACGCCA,USP27X,602,167,405
USP27X_CCCTCACGGACTGCTTGCGG,USP27X,1188,284,306
USP28_CTGAAGAGGATACTGGCCGA,USP28,1891,470,642
USP28_TGTAGACCCGTCTGCAGCCC,USP28,703,1285,1186
USP28_ACCCTCTCAGGCCTGCACGG,USP28,1417,385,437
USP28_CTCCAGTAGACTCAAAGCAA,USP28,705,1743,2232
USP28_CAGAACCATCTGAAGTAGAG,USP28,1963,833,1214
USP28_CATGACTGCGGAGCTGCAGC,USP28,109,0,50
USP29_AATGAGAGTCAAGAGGCACC,USP29,407,40,51
USP29_AGCTTCCTAACACCTGGAGG,USP29,500,243,197
USP29_ATGACTTTCAGAAGCAGGCC,USP29,246,184,521
USP29_GCCGAGTGAGTCTGTCAAGC,USP29,1041,254,374
USP3_GCACTCACCGCTGCAGCACC,USP3,549,28,64
USP3_GAGAGTACTGTATGTTGCCC,USP3,323,95,53
USP3_GAACAAGTCAAACAGACCCA,USP3,514,499,444
USP3_TGTGGTTAATGACACCAAGC,USP3,1004,334,423
USP3_CCGAAGGCCTGTGGCACAAA,USP3,2354,970,1208
USP3_ATACCACACCAGGAGCCAAG,USP3,1150,196,170
USP30_AATGCTGAGCTCCCGGGCCG,USP30,1182,216,197
USP30_CCACCTGATGAAAGCAGGAC,USP30,2138,531,686
USP30_CCAATGACGAGGTAATGACA,USP30,1076,211,314
USP30_AGCCAAGGGAACGTTGAACG,USP30,1803,451,583
USP30_GCCACGGCACGCCTCTGAAG,USP30,611,100,118
USP30_CACCTGTAGTCGGGAACAAC,USP30,1699,596,450
USP31_TTAAGAGGAGCCAGAGCAGC,USP31,569,319,125
USP31_CTTACAGTGTGGGCAACGCC,USP31,260,363,564
USP31_TGGTGTACAGTTGGAAACAC,USP31,1004,507,397
USP31_AGGCTCGGTTACACACCAAC,USP31,315,219,233
USP31_TGCGTCCTTACCTTCAGAGG,USP31,2008,570,651
USP31_ATGTCCAAGGTAACGGCGCC,USP31,314,25,126
USP32_GATGGTTAGAACGAGAGAGC,USP32,342,12,41
USP32_CAGGGTTGAACTGAGAGACA,USP32,2008,90,191
USP32_CGAATAGGTGGTGAAACCAA,USP32,1329,288,158
USP32_GGACTTTACCATCCACCACG,USP32,507,393,247
USP32_GGACTTGTCCTCCTTACAAG,USP32,1319,239,269
USP32_TACGAGGAGGCGCTGAGGAG,USP32,391,102,24
USP33_ATGTACAGATGGTTGACAGC,USP33,206,163,544
USP33_TTTAAGACCTTTGCCGAACC,USP33,959,667,447
USP33_GGCGAAGCATATGCTCCACA,USP33,465,32,169
USP33_GCAGTGTCTGACTTGTGACA,USP33,1024,262,256
USP33_AAATCAGGCAATTTGTGGCC,USP33,330,195,114
USP33_TCATCAAATACGGCAACCAG,USP33,1376,306,373
USP34_AGCTTCTAGCAGTCTTGAAC,USP34,1449,292,360
USP34_TGAACAACCATCATAGGCAC,USP34,2597,258,129
USP34_GGAGCAGTTACGATACACAC,USP34,1707,486,372
USP34_TCTGACGAAACTGCCAACAG,USP34,1453,608,847
USP34_ACAACGACTTTCAGACACAG,USP34,1333,487,826
USP34_ATTACTCTCATCTTGCCACG,USP34,550,117,74
USP35_CATGGACAAGATCTTGGAGG,USP35,928,298,255
USP35_GGAGCCACCATCTAGCGCCC,USP35,148,135,281
USP35_CATTGCACTGCTGAAGGGCC,USP35,1028,259,288
USP35_CATGTACTTGAGCACAGACA,USP35,1503,1093,262
USP35_TCATACAGATCCGGGAAGCC,USP35,1510,569,508
USP35_TGACATAGCATGTGTTGCCC,USP35,1354,252,135
USP36_TGGCTGCTTCAGGCAAGCAA,USP36,452,0,0
USP36_GGAGGGTATCTCAGATCACG,USP36,27,0,57
USP36_AGGCTGCCCTTGGGTAGACG,USP36,1697,69,303
USP36_AGGTCTCGGATGAAGGAGAC,USP36,278,35,33
USP36_CGGAGCGACTGTCTCTGAGG,USP36,643,34,97
USP36_ATCAGCCGAGTCCTTGCGGC,USP36,501,35,234
USP37_CCATATGTGCACTCCAACCA,USP37,3376,99,8
USP37_TACGAGGAAGGTCAATAGAG,USP37,1017,17,8
USP37_CTGGTGGCACTAACTTAGAC,USP37,2118,456,456
USP37_CCTCACAGAAGGAAACCAGC,USP37,100,0,67
USP37_GCGGCTTTGTTTCGCTCCAC,USP37,589,304,340
USP37_TGCAGACTGGGATTACAAAG,USP37,1624,22,37
USP38_CCGGGTCGTCAGGTCAAACA,USP38,2038,777,607
USP38_AGGCCTACGCACGATACCAC,USP38,1227,150,158
USP38_CACATGCTGAGCCAATGGCC,USP38,1528,102,0
USP38_AGAGCACCAGGTCTCACAAG,USP38,1359,235,177
USP38_TTCTGAAGGACCGGGTACAG,USP38,2786,606,595
USP38_AAGAGTTGAATGCTCGAGCC,USP38,1193,192,66
USP39_ACACAACTCGATGCTTACGG,USP39,1434,378,820
USP39_CCCGCTTCACCCGCACAAAC,USP39,6154,370,299
USP39_GAGTGGATTCTGAGGACCGG,USP39,134,125,133
USP39_AGGCGTGAGACTTCAAACCC,USP39,568,3,14
USP39_TCAGTCCCACAATACCCGGC,USP39,374,50,40
USP39_GAACATCAAACGTCCTCCAG,USP39,52,63,1
USP4_CAGGAGATGTTGACCCAGCA,USP4,1896,866,834
USP4_AGCCGTGTTTCACGCTCCGC,USP4,34,188,293
USP4_TGTTCATAGGTTGTGGAGCA,USP4,1158,241,585
USP4_TATTGGTCCCTACCGAGGCG,USP4,613,85,122
USP4_AGTATGTGGGCTTTGACAGC,USP4,1086,179,147
USP4_GAGGACCACACTCCAACGCG,USP4,276,176,514
USP40_ATGGATTGGTGCTATGAAGC,USP40,594,121,89
USP40_CGTTCAACCTGGGACAGAAA,USP40,2271,1361,1237
USP40_GGAAGACGTTCAGGGAGCAA,USP40,881,106,110
USP40_CAGGCTGGTTAAAGCAGCAA,USP40,1018,212,440
USP40_TAAGAACGTTAGCGAGAGGC,USP40,271,128,189
USP40_TTGGTGAATTCTCTAGGAGC,USP40,822,326,242
USP42_AGCTCCGAGGCAGTCTCACC,USP42,541,103,97
USP42_CAAACTCATAGAGTTGGAGC,USP42,334,76,34
USP42_AGATGGTTCCAGCTTCAAAG,USP42,1214,322,166
USP42_AGCTGTGGTCCGATAAAGCC,USP42,841,426,424
USP42_ATTCCCGTTAGGACTCGACA,USP42,352,216,94
USP42_GAGAGAGCGCTCGTCCAGCG,USP42,371,126,88
USP43_CCGGGACACTGTGATGGCGA,USP43,1273,233,142
USP43_TGACCGACCTTCTCCGACAC,USP43,2741,761,416
USP43_CACGTACCTCGTCTGGCGCA,USP43,39,151,130
USP43_CAAGGTGACACTCAAGAACC,USP43,2099,607,393
USP43_TTGGTTGAACTGTATCCCAG,USP43,702,365,92
USP43_CTGTCTTCCCTTATCAGGAA,USP43,1667,557,474
USP44_ACCCAACGAGTTACTGAGAA,USP44,1244,391,692
USP44_TCCGCGGTGGTGATGCACCA,USP44,1975,1046,625
USP44_TATCTATGACTTGTCCGCGG,USP44,1015,81,1
USP44_TGGGCTTCTGTGAGTACAAC,USP44,1482,472,595
USP44_TGGGCGTAACCACGAAAGGC,USP44,927,324,362
USP44_CCAGCCTCAACCCTCAGAAA,USP44,2131,567,522
USP45_TGTCACTAACATGGACCCAC,USP45,634,216,57
USP45_CATAGTGGCTCGATGAGAGA,USP45,593,239,98
USP45_AGGTAAACTGCTGTACACCA,USP45,393,339,321
USP45_TGACTCAGAATTCATGAGGC,USP45,1073,77,189
USP45_CTTGAAAGTTCCACCACCAA,USP45,1253,359,162
USP46_ATGCCCACGATTAGGACCAC,USP46,377,372,220
USP46_CATGTATGACTTGGTTGCGG,USP46,932,818,420
USP46_TCTTGGCCCTGCACCTAAAG,USP46,857,337,274
USP46_TATTGCGGACATCCTTCAGG,USP46,578,125,31
USP46_GACAAGTGGAGGCGCCAGCA,USP46,164,192,135
USP46_GCCACTCACCATATTACAGA,USP46,985,222,268
USP47_ACCAGTTGGTTCTCCTCGCC,USP47,370,51,59
USP47_GAACCAACTGGTCCCGAAAG,USP47,1098,125,356
USP47_ATAGGTCCGCTTCCAAGAGA,USP47,288,35,78
USP47_TGATCGAATGACATTTCCCG,USP47,1610,304,246
USP47_CGAATCACCTCTCAATGAGA,USP47,369,146,160
USP47_TGTGGACGAATTGCGAGAGA,USP47,973,342,269
USP48_GAAGCTTGTCATGGGAACAC,USP48,1465,427,97
USP48_TCTTACAGACCAGCTCCAGC,USP48,535,95,27
USP48_AGCGCAGTCCTCATACACAG,USP48,2308,675,688
USP48_TTCCTCTTGGTTAGGCAAAC,USP48,1084,320,849
USP48_GCTTAGACTCTCTGCCACAC,USP48,618,68,125
USP48_TCTCAACTTGGAGCTTCGGC,USP48,158,162,181
USP49_TATTGCTACAACACAGAGGG,USP49,1121,273,314
USP49_GGTCCATGTCGTCTTTGACC,USP49,636,47,119
USP49_TTCCAGGGATAGGTCCCAAA,USP49,823,398,372
USP49_CGTCCTGTTGGTCGTAGCCG,USP49,3507,811,1449
USP49_GCACTCTGCGTGAGGTAGGG,USP49,1421,278,459
USP49_AGCGCAAGAAGGAGGAGGCG,USP49,1953,507,387
USP5_TACCGGCGTGTCGAAGGAGA,USP5,1279,0,0
USP5_CTCACCAATAGCCAGCCGCG,USP5,1483,98,54
USP5_GGAGATTGCCCGGGATGGAC,USP5,515,18,14
USP5_CATCAGTCAGGTTGAGCCAC,USP5,810,0,0
USP5_TGTCGATGCCGAAGTGGGAC,USP5,1239,74,192
USP50_CTGCAAGAATTCAGTCACCC,USP50,1167,135,416
USP50_TACTCACCACCACTGCACAG,USP50,1586,589,925
USP50_TTCAACAAGACGCACTGACC,USP50,1280,225,384
USP50_AGATCAAGGCTCACAGGACG,USP50,2290,540,218
USP51_AGCTGCTGTGACAGCGAAGG,USP51,212,74,193
USP51_CGTCAAGTTCTCCTCCGGCG,USP51,3557,1243,676
USP51_ACAAGAGCGTGAGCCCGCGC,USP51,304,60,197
USP51_AGGAGGCGGTTGAGAAGGCG,USP51,1815,721,593
USP53_TACTGAGGATGCACTCAGGC,USP53,612,293,496
USP54_TGTTCGAGTGTCACTTGAGA,USP54,719,165,408
USP54_TGGTTCAGATTGGGCCCAAA,USP54,1173,411,358
USP54_TGATGATGCTCATGTCAAGG,USP54,1366,264,214
USP54_ACAGATTATCACGATTGGGC,USP54,355,0,27
USP54_CACAGCTAGTACATACACAC,USP54,1286,672,912
USP54_GCACTGCGGAGAGTGTCAGA,USP54,445,57,89
USP6_TGCAGATAGTTTGCAGGCAC,USP6,190,103,108
USP6_AGATGACACGAACGAGCAAG,USP6,1173,410,277
USP6_GCAGGCTGAACACTGCGGAG,USP6,2613,277,547
USP6NL_GAGTTTCCGTGGTAAACGGG,USP6NL,251,19,125
USP6NL_GGAAGGAGTTTGTGCCCAAA,USP6NL,1146,242,252
USP6NL_AAGTTAGACCTTCCAGAACC,USP6NL,785,471,339
USP6NL_TCATAATGTGGCTGTGGAAC,USP6NL,2035,591,899
USP6NL_TGTAGCACTCAAACTTGCCC,USP6NL,475,364,199
USP7_TGTAGTTATAGGGATGGCCC,USP7,652,5,0
USP7_TCGGAAATACTCCTTTGCGG,USP7,1769,29,43
USP7_TACGCACCATGGTCTGAGAG,USP7,789,86,39
USP7_GATCGAGGCTCAGAAGCGGA,USP7,165,0,0
USP7_TGTTCAGGAGCTTTGTCGAG,USP7,1325,112,52
USP7_TGATGGACACAACACCGCGG,USP7,1116,76,102
USP8_AAACCAAAGGCTCATTGCGC,USP8,1058,29,50
USP8_CCCACGACGCCAGAATGAAG,USP8,2053,120,67
USP8_TTGGCACAGAATCACTACGG,USP8,2180,23,32
USP9X_CTCGTGGCTCTCCGGTCGGA,USP9X,316,305,507
USP9X_AGCTCTTCTGATTCCTCCAC,USP9X,796,91,114
USP9X_AGGTGTGAATCCCATGACAC,USP9X,864,54,50
USP9X_GCCAGACTTGGAAGACGAAC,USP9X,737,49,43
USP9X_GGGCCACCTTGGAGTGACAA,USP9X,96,26,107
USP9X_CTAGAGCAATGTTGATCCCA,USP9X,1111,73,108
USP9Y_CTCATGGCTCTCCAGTAGGA,USP9Y,1105,558,728
USP9Y_GAGATGCACAGAAGATCCAG,USP9Y,180,85,100
USP9Y_ACTACTCACTTACCCTCCAA,USP9Y,244,455,189
USP9Y_TCAGTTAGAGGCACACCAGC,USP9Y,1021,378,338
USP9Y_TGGAGAACTACCAGCTGAGC,USP9Y,1367,916,1159
USP9Y_CATATAGGCGACAGAAGAGG,USP9Y,548,227,197
USPL1_AGGGATATCTTCACTCCACA,USPL1,340,0,15
USPL1_AGCCCAAAGGATAGATGCAC,USPL1,820,10,41
USPL1_GACTGGACTGTGCTCGAAGG,USPL1,1656,16,57
USPL1_TGTCCTGTGAAAGAGTACGA,USPL1,483,180,100
USPL1_CTACTGTACAGGGAAACACC,USPL1,939,105,73
UST_GCTGATAGAGGAGGGAGCCC,UST,538,22,14
UST_GATCTTACCTTACTAGGAGG,UST,192,33,32
UST_ACTACCTTTCCCAAGCCAGG,UST,487,54,105
UST_TGATGTTGATGTAGACAGGC,UST,580,425,274
UST_CTCAGTATCTACAAAGACCC,UST,1441,159,154
UST_CGTACTCGTATCTCATCCGC,UST,641,159,39
UTF1_TAAGGAACTTGTAGCGGCGG,UTF1,924,184,144
UTF1_CTTTAAGGAACTTGTAGCGG,UTF1,257,1,91
UTF1_ATCTGCTCGTCGAAGGGCCC,UTF1,190,87,67
UTF1_GCAGGGCGGTGTTCAGCGAC,UTF1,584,194,264
UTF1_AGCAGGGCGGTGTTCAGCGA,UTF1,893,143,267
UTF1_GGATGTTCGCGATGTCGCCC,UTF1,446,40,42
UTP11L_GACTCGGGTTAAACTCCAGG,UTP11L,517,0,0
UTP11L_ACAGAGTCTTTAATAGGCCC,UTP11L,636,3,2
UTP11L_AGTATAACTGCCTGACACAG,UTP11L,736,9,0
UTP14A_CTGCTGAAATGACTGCGAAC,UTP14A,3418,93,102
UTP14A_CCCTTCACCTCTCTGCAAGC,UTP14A,1621,188,57
UTP14A_TGTCGTCCTGAAGAACCGGC,UTP14A,583,0,16
UTP14A_AGCTGCAGCACTAGAAGAAC,UTP14A,1138,1092,519
UTP14A_AGTTCTTCTAGTGCTGCAGC,UTP14A,404,102,53
UTP14A_ACCAGAGAGAGTACAGACGC,UTP14A,551,25,0
UTP14C_TATCATCCTGAAGAACCAGC,UTP14C,106,96,71
UTP14C_AGATCCTTTACTGACTCCCA,UTP14C,604,17,50
UTP14C_TCCCACAATAATAGAGGAGC,UTP14C,511,219,66
UTP15_AGTGTTCTCTCCGTTGAGCA,UTP15,543,10,80
UTP15_GGAGGTCTTCTGGTGTCAGC,UTP15,21,0,0
UTP18_ACCTAACGATGCCGCCGGAG,UTP18,426,37,91
UTP18_TAACGATGCCGCCGGAGCGG,UTP18,275,67,61
UTP18_GCGGAGGAGACGAATGAAAC,UTP18,1441,79,117
UTP18_GGAGGAGGACAAACCGGCCG,UTP18,54,13,11
UTP18_TGTCGTTGTCTTACCCGAAG,UTP18,2007,0,20
UTP20_TTCTCGGTCTTGTGGGAAAC,UTP20,1477,197,131
UTP20_TAGAACTGCAAGCTATGAGG,UTP20,547,22,0
UTP20_TGCCAACTGTACAACCAAAC,UTP20,2021,674,629
UTP20_CTTGGAGATGTAGGATACAG,UTP20,1226,50,9
UTP20_CTCACCTTACAGACATCAGC,UTP20,793,11,67
UTP20_GAAGAGTGCCTCTATGAAGC,UTP20,36,6,4
UTP23_AGCCAGGCATGAAGATCACA,UTP23,638,0,28
UTP23_AGACGCAGCTGTGCACCACA,UTP23,1159,0,0
UTP23_CGCAGCTGTGCACCACAAGG,UTP23,2350,115,32
UTP23_AGGATTTCCCTCTTCAACCA,UTP23,632,23,14
UTP23_AAGTGTCACAGGTTACCCAC,UTP23,255,118,15
UTP3_ACTTAGCTGCTCCGCGCCGC,UTP3,73,45,172
UTP3_ATTCCAGCCCTTAGCTAAGG,UTP3,225,29,27
UTP3_CGAAGATGGAGGGAATGCGG,UTP3,422,1,106
UTP3_CGACAAACTGGGATCCACAG,UTP3,1741,215,163
UTP3_CCTAGCCCAAGCGCTGCAAG,UTP3,1139,27,108
UTP6_TGTGGATTTCCTGGGCAGAG,UTP6,1563,46,59
UTP6_TCTGCCCAGGAAATCCACAA,UTP6,1237,1,1
UTP6_AAAGATCCAGCTCACTGACC,UTP6,271,46,13
UTP6_AGTGGAGGTCGGCCGGAAGG,UTP6,388,11,17
UTP6_CCAAAGCAGTGGAGGTCGGC,UTP6,990,0,0
UTP6_GCGATTCATTCCAACAAACC,UTP6,1233,7,88
UTRN_CAAAGGAACGTGGTTCCACA,UTRN,1014,208,13
UTRN_GCTGGGTGCGTCAGACCACC,UTRN,55,77,197
UTRN_ACTTGAACATGCCTTCAGCA,UTRN,402,174,207
UTRN_GAGTGTCTCTACCTCACGGA,UTRN,423,14,51
UTRN_CTCCCATCTAGCATTCAGCA,UTRN,1145,529,993
UTRN_AACTGCAGCAGCTCTCCGCC,UTRN,251,240,109
UTS2_CTCTGGCAGTATCTGTAGAA,UTS2,1605,635,826
UTS2_AGACGCGCGCTTAACTCCGG,UTS2,783,199,316
UTS2_ATTTCCCTGGAGTCAAGGAG,UTS2,933,143,151
UTS2_TGTGGCGATCATGTATAAGC,UTS2,601,231,207
UTS2_GGCTTGGATATGAGTTGAAG,UTS2,1551,389,208
UTS2R_TGGGACTCTGCTGTCGGCCA,UTS2R,510,396,524
UTS2R_TCTGCTGTCGGCCATGGGCG,UTS2R,1627,460,983
UTS2R_CTACGTGGTCAACCTGGCGC,UTS2R,710,27,463
UTS2R_GAGCAGCCCGATGAGCAGCC,UTS2R,440,207,124
UTS2R_GCTGCTCGCCCAGTACCACC,UTS2R,277,105,130
UTS2R_GCCCGAACAGCGCTGGAAGC,UTS2R,573,201,67
UTY_AGAGAAGCTCTTGTTGCAGC,UTY,843,206,479
UTY_TTTGCGCGTGTGGTGTCAGC,UTY,594,271,375
UTY_TGGGTCAGCCCAGTATCACC,UTY,594,247,271
UTY_GCCTCACGAACCCGAAGAGA,UTY,1142,79,141
UTY_TAGCCTGACAGTCGAGGAAA,UTY,1201,373,583
UTY_CTCATCACCGAAGGCAACAG,UTY,1974,1297,1213
UVRAG_TTCATGAGCAGAATCCCACG,UVRAG,987,67,92
UVRAG_GAAGACTATTCTTCTGCAGG,UVRAG,132,116,47
UVRAG_ATCCCTAAATGAGCTGAGGA,UVRAG,618,41,29
UVRAG_AGCATGGACTAATGGTCAGG,UVRAG,239,136,113
UVRAG_TGTTCATATCAGTGGCCCAG,UVRAG,557,389,196
UVRAG_AGCATTTAACTGCATCCCAG,UVRAG,859,41,113
UVSSA_CTATCAGCAGGCGGTAGGCG,UVSSA,729,401,270
UVSSA_CTTGCATCTCCCTCTCCGCC,UVSSA,704,113,61
UVSSA_CAGCCATCCCAGACAGCCAC,UVSSA,1057,190,143
UVSSA_GAGCTTGAGTGTGTCGCGGG,UVSSA,334,138,119
UVSSA_ATCCACCGTGGGTCCCGACG,UVSSA,1727,475,67
UVSSA_CACCATACTCAGGCCGCAAG,UVSSA,1998,742,445
UXS1_CGGATCCGGGTCTCAGACAA,UXS1,976,605,394
UXS1_TCATCCTGCAGGCGCTCCAG,UXS1,759,114,90
UXS1_CCTTCATCGTAGCAGGCCCG,UXS1,1309,423,533
UXS1_ACACCTCCGATGTGGAGGCC,UXS1,279,259,160
UXS1_CACGGGCAGGAAGAGAAACG,UXS1,2033,106,67
UXS1_TCGTGTCTGCCGTCAACCGC,UXS1,1587,298,606
UXT_TTCACGCATCTATGTGGCCC,UXT,1183,14,38
UXT_CTCGGAGTTATATATGCAGG,UXT,909,80,27
UXT_GGTGCTGGACCATCGAGACA,UXT,112,0,0
UXT_CATCAGTGACGTGCTGCAGC,UXT,1078,279,96
VAC14_AGGAGTAAGGCAGCATGACG,VAC14,2419,260,341
VAC14_CATCTCAGCAAACTTCACAC,VAC14,689,216,406
VAC14_TGAGAGCAACAAGTTTGACC,VAC14,741,270,260
VAC14_CGTCAAAGAGCACGTTGAAG,VAC14,4287,596,844
VAC14_GCCCACCTTGCCCAGTGCGA,VAC14,2382,684,698
VAC14_AAAGCGGAAGGTGGCAGCGC,VAC14,1848,240,383
VAMP1_CTCGGTCCACGAACAGGAAG,VAMP1,2269,383,742
VAMP1_CGAGCTGATGCCTTGCAGGC,VAMP1,1087,347,566
VAMP1_CATACGTGTGAACGTGGACA,VAMP1,197,695,194
VAMP1_CAGACGACTACAGCAAACCC,VAMP1,2470,290,421
VAMP1_TCATGTTAGGAGGAGGGCCA,VAMP1,445,119,71
VAMP1_ATGTTAGGAGGAGGGCCAGG,VAMP1,149,3,4
VAMP2_TGGCTGCGCTTGTTTCAAAC,VAMP2,1434,707,956
VAMP2_CATGAGGGTGAACGTGGACA,VAMP2,1251,209,160
VAMP2_GGACATCATGAGGGTGAACG,VAMP2,963,555,340
VAMP3_AAGTCTTCGATTACTGCCAG,VAMP3,739,75,88
VAMP3_GGACATAATGCGAGTTAACG,VAMP3,999,349,173
VAMP3_AATGCGAGTTAACGTGGACA,VAMP3,511,192,198
VAMP3_CGAGCGCAGCCAAGTTGAAG,VAMP3,1899,636,401
VAMP4_CGAAGGCAAATGTGGTGGCG,VAMP4,887,178,414
VAMP5_TATGCGTAACAACTTCGGCA,VAMP5,595,210,187
VAMP5_TTCGGCAAGGTCCTGGAGCG,VAMP5,1259,774,974
VAMP5_CCTGGAGCGTGGTGTGAAGC,VAMP5,712,412,635
VAMP5_CAACAAGACTACACAGAACC,VAMP5,1296,496,404
VAMP8_TTATGACCCAGAATGTGGAG,VAMP8,1017,103,182
VAMP8_ATGTGGAGCGGATCCTGGCC,VAMP8,207,0,109
VAMP8_CTCAAGTTCTGTGTTCAGCG,VAMP8,1085,445,417
VAMP8_CAAGAGCCAAGAGTTCACAC,VAMP8,1328,402,395
VAMP8_CAAGACGACATCGCAGAAGG,VAMP8,1983,222,850
VAMP8_TGGCAAAGAGCACAATGAAG,VAMP8,1827,450,306
VANGL1_CCCGGAATAAAGACGGCAGA,VANGL1,1163,86,296
VANGL1_GGGACTCGCCATCGGTGGAG,VANGL1,247,308,408
VANGL1_GAGCAGCCAAGCATATGGCC,VANGL1,784,106,52
VANGL1_CAGCTGCAGCAATCATGGCC,VANGL1,363,147,122
VANGL1_CATGCCGTTGGTGATGCAGA,VANGL1,665,95,111
VANGL1_ACCGCTGGCTCTCTACACAG,VANGL1,2002,439,289
VANGL2_GCAGCTCCCGCAAGCACAGG,VANGL2,734,59,385
VANGL2_TGGACAATGAGTCCACACGA,VANGL2,1577,361,317
VANGL2_GCTCGGGAGCGCAGCTACCA,VANGL2,747,20,59
VANGL2_GGATCCACACTGCCACGCGC,VANGL2,1028,118,510
VANGL2_ATGAGCGAAGGGTGCGCAAG,VANGL2,1077,340,252
VANGL2_CACGCATGACATGACGCCCA,VANGL2,1220,247,314
VAPA_GGGACTCAGTGTGTTGAAAC,VAPA,582,440,356
VAPB_TGCTCCGCCGCTAAGGAACA,VAPB,2514,793,710
VAPB_GCCGCTAAGGAACATGGCGA,VAPB,688,195,137
VAPB_GCTAAGGAACATGGCGAAGG,VAPB,298,126,335
VAPB_GGATGACACCGAAGTTAAGA,VAPB,624,206,279
VAPB_TGAAGTTCAGAGGCTACGGG,VAPB,953,83,239
VARS_GGATCGAGCCTGTTTCACCA,VARS,1018,0,0
VARS_ACAGCCAGGGTTCCACAGGG,VARS,815,70,7
VARS_TGTGACAGGCTCCCTGCACC,VARS,86,0,0
VARS_TAGAACCACTTCTCCTAGCA,VARS,2024,0,10
VARS_TGGTGACTCACGTATCGGAA,VARS,1007,76,88
VARS_CGGCTGTCCTTGTCCAACAG,VARS,5285,191,118
VARS2_AGGCCTTGGGATGGGCGGGA,VARS2,699,90,67
VARS2_TTCACGGTTCCTCCGGGAGA,VARS2,822,145,13
VARS2_TACCCGTGGTGGGTACGAGA,VARS2,243,117,20
VARS2_CATTGGCCACGCACTCACGG,VARS2,1876,95,46
VARS2_ATTCCTGCATGATCTGAACC,VARS2,591,235,106
VARS2_CTCTCGATCCCAGTCCAGGG,VARS2,301,78,91
VASH1_GAAGATTTAGGGATGCCAGG,VASH1,394,34,140
VASH1_GGCCAAGGAAATGACCAAAG,VASH1,592,460,393
VASH1_TCGCTGAGCGTGCGGAAGGC,VASH1,867,793,973
VASH1_TCTGCACCTAGATTGGCAAA,VASH1,666,500,607
VASH1_GCTGGCATCCGCCTCAGACC,VASH1,190,26,50
VASH1_ATTAACCAGGAGCTTGGCAC,VASH1,407,27,96
VASH2_GGAGCGCATGTGGATGCACG,VASH2,330,73,225
VASH2_TCATGTAATTCTGGATCGCC,VASH2,386,112,126
VASH2_GCTGAGGGCTGACATAAGGA,VASH2,1030,247,237
VASH2_CTTAGTGACTGCACAAGCCC,VASH2,2226,351,237
VASH2_CCGACCCAAGTGAGAAGCCG,VASH2,2392,462,645
VASH2_TCTGAGCACTCTGAATGAAG,VASH2,1171,198,217
VASN_TGGCTGCACTGGCAGCCGGA,VASN,56,8,64
VASN_GCGTGTCGAAGGCACCAGGC,VASN,639,156,54
VASN_CATCCTGGACACTGCCAACG,VASN,2068,641,815
VASN_GACCGTGTACTCAGCGAGCG,VASN,1493,212,462
VASN_CCTTCGGGCCTGGCTCCAAG,VASN,405,60,275
VASN_CCCTCTGTTGCCTTCGGGCC,VASN,40,559,370
VASP_GGTTGTGGTAGATCTGGACG,VASP,1166,58,89
VASP_GGGCCTCAACTTCGGCAGCA,VASP,273,202,235
VASP_CCCACCTGGTCGGTCCCGAA,VASP,191,114,141
VASP_CTCTATGTGCTCCGACGGGC,VASP,1038,109,185
VASP_GCAATAGCTGCGGCCAGGCC,VASP,796,222,144
VASP_TGAACGCCATGCTGGCCCGG,VASP,1407,136,250
VAT1_TCTCTGGCCCTGGAACCAGG,VAT1,270,130,40
VAT1_GGCCCTGGTTGTACAGAGCC,VAT1,671,153,290
VAT1_ATAGGTGACGACTTTGCCCA,VAT1,537,30,95
VAT1_CACGAGGCACTGAAGGAGAA,VAT1,1797,569,294
VAT1_ACCGGGTGATGGTGTTGAAC,VAT1,1256,930,873
VAT1_AGCATCCCGCGGCCTCCGAA,VAT1,495,38,88
VAT1L_CTCCACGCCTTCCTTGGCCA,VAT1L,2073,916,1078
VAT1L_TCAAGATCCGCGTCAAAGCC,VAT1L,1410,1008,991
VAT1L_ATTGACTTGATGGTGCGACA,VAT1L,824,206,275
VAT1L_GCACAGACATCCCTTCCCGG,VAT1L,1562,193,157
VAT1L_GCTCTTCAAACAAGGCCGGG,VAT1L,3,31,8
VAT1L_TGCAGCGGATTCACGACCGA,VAT1L,1713,412,386
VAV1_CAGAAGGACACCATCCCGGA,VAV1,1085,154,330
VAV1_CTCACTCGATCTGGTCGGAC,VAV1,1372,780,989
VAV1_CTCCACGTCACGCACCGGCA,VAV1,1975,594,447
VAV1_CCGTCTGCTGGATCTCCCGC,VAV1,1219,122,262
VAV1_TGGTAGAGATTGGCTGCGCC,VAV1,615,504,144
VAV1_CTATGGCCGCTACTGCAGCC,VAV1,221,298,297
VAV2_GGCCAAGTACTACCGCACCC,VAV2,895,173,21
VAV2_CTACGAGGACATCATCAAGG,VAV2,1665,606,736
VAV2_CGATGACGTCTACCGCAGCC,VAV2,1794,132,288
VAV2_ACAGCATCGCGCAGAACAAA,VAV2,1414,664,426
VAV2_ATCGTGGCAGACTTTCAGGA,VAV2,1941,873,1596
VAV2_CTCGGCCGTGGTCTTCGACC,VAV2,738,257,333
VAV3_TTCTACCTCATCCATACCCA,VAV3,832,227,336
VAV3_TTTGGACGACCTCAGGGAGA,VAV3,819,58,40
VAV3_TACCACTGATCCGACTGAGA,VAV3,1022,90,163
VAV3_ACACCTATAGCATTGGCCAC,VAV3,461,117,129
VAV3_CATTCCAAACGTCTCACAAC,VAV3,930,208,249
VAV3_TGGTGGGCAGCACCTTGCAA,VAV3,1414,342,322
VAX1_GCAAATGATGAGTCTCGGCG,VAX1,1799,308,468
VAX1_GCAGAAGAAGGACCAGGGCA,VAX1,570,414,438
VAX1_GCAGCTCTATCGGCTGGAGA,VAX1,677,165,175
VAX1_GATCATCCTGCCCAAGGGCC,VAX1,56,50,77
VAX1_CGCCTTCCTCAAGGAGCCGC,VAX1,91,7,0
VAX1_TGTGCGCGTTCTTCGAGACC,VAX1,1788,264,121
VAX2_GAGAGTGGAGCCGACAGCGA,VAX2,418,1,99
VAX2_TACCTCGCACCAGTATGCGG,VAX2,375,53,167
VAX2_ATGTACGTGTCCGCTTGGGC,VAX2,746,222,319
VAX2_CTCTTACCTGGGTCTCGGAG,VAX2,785,387,511
VAX2_TCTGCCTGCCGGCTACGAAC,VAX2,252,110,74
VAX2_GCTGTATGGCTCGAAGGCCG,VAX2,704,242,231
VBP1_CCCATGATTCATACCCAGCA,VBP1,2151,1560,877
VBP1_CAGTTGTGGCAAAGGAGAAA,VBP1,1418,35,85
VBP1_CAATTCTTGCAGATATGGCC,VBP1,237,24,106
VCAM1_ATTCACAAGTTGCTGTGCAC,VCAM1,382,204,88
VCAM1_TGTATACCCATTTGACAGGC,VCAM1,360,243,434
VCAM1_ACCATGACCTGTTCCAGCGA,VCAM1,3246,701,334
VCAM1_CACAGGGCTCAGGGTCAGCG,VCAM1,4208,521,535
VCAM1_CAATCTCCAGCCGGTCAAGG,VCAM1,981,309,807
VCAM1_GAATATGACATGCTTGAGCC,VCAM1,727,166,151
VCAN_ACTCACCTTTATGTAGCGCA,VCAN,115,151,131
VCAN_ACTACAGGGCGGCAACCAGC,VCAN,85,311,70
VCAN_TTGACCAGTGCGATTACGGG,VCAN,1008,331,160
VCAN_GAAACCACCTCTCATCGACA,VCAN,812,139,174
VCAN_GAAGCTGCAGAAGCTAGGCG,VCAN,392,146,139
VCAN_AGGTGCCTCCGTTAAGGCAC,VCAN,13,65,41
VCL_CTGGTGATAATGCACGAGGA,VCL,498,88,70
VCL_AACACGTACCTTGCTGGCCC,VCL,3,0,11
VCL_CACGGAGCCAACCTTTGGCC,VCL,1414,29,64
VCL_AGGACAAGGATCCTCACCGG,VCL,1658,26,144
VCL_GATCCAAATGGTGGACCGGA,VCL,4,63,9
VCL_GGCTCGAGCCTTGGCCAAAC,VCL,1814,333,533
VCP_CTGGCAGACTCATGGCGAGG,VCP,1015,19,46
VCP_CCTTCGTAAAGCCTTTGAGG,VCP,372,0,32
VCP_TTCCAGGAGGTCCGTAAAGC,VCP,2965,31,3
VCP_CCAATTGCCTTAAAGAGGGC,VCP,155,12,10
VCP_CACAGTGATCCACTGCGAAG,VCP,1532,0,0
VCP_GCTGCCCATTGATGACACAG,VCP,1042,0,15
VCPIP1_TAGTAACAATGAGAGACGGC,VCPIP1,102,107,40
VCPIP1_AGGGAATCAAGTCCCTCACA,VCPIP1,383,281,136
VCPIP1_CCTCACATGTTTCAGCAGGG,VCPIP1,1882,260,414
VCPIP1_CTTCCTCACATGTTTCAGCA,VCPIP1,1549,332,434
VCPIP1_GAGTGTCATGCAAATACAGG,VCPIP1,391,10,109
VCPIP1_CTGGTTCTATGAGGAAGGCG,VCPIP1,990,233,258
VDAC1_ACAGATACCCACCGAGAAGC,VDAC1,683,83,341
VDAC2_AAGCAGCACAGCATTGGCCG,VDAC2,1156,467,616
VDAC3_TGTGTGTATAGGCTTTGGCA,VDAC3,1563,201,117
VDAC3_CCTTTACTTACCTGGTCGAA,VDAC3,752,120,148
VDAC3_GGTTGGCTTGGGATTTGAAC,VDAC3,540,57,48
VDR_GGTCAGTTACAGCATCCAAA,VDR,1450,562,616
VDR_GAAGTCCTGCTTACCTGAAG,VDR,664,91,94
VDR_AGCGGGAGATGATCCTGAAG,VDR,1633,410,369
VDR_AGCGTTTGAGCCGGCAGGCC,VDR,925,544,339
VDR_GCGCTCACAGCCACAGGAGC,VDR,512,268,486
VDR_AAACACCTACCTGAAGGAGC,VDR,374,77,212
VEGFA_CACGACCGCTTACCTTGGCA,VEGFA,2638,290,265
VEGFA_GGAGGGCAGAATCATCACGA,VEGFA,275,246,440
VEGFA_CTGCCATCCAATCGAGACCC,VEGFA,2226,163,98
VEGFA_CCAGGGCATTAGACAGCAGC,VEGFA,834,229,97
VEGFA_CAGACTCGCGTTGCAAGGCG,VEGFA,846,446,773
VEGFA_TCAGATGTGACAAGCCGAGG,VEGFA,497,265,133
VEGFB_TTACCTTTCCTCTGGTGGCC,VEGFB,907,190,226
VEGFB_ACATCTATCCATGACACCAC,VEGFB,723,250,126
VEGFB_GCGCTGCACAGTCACGCAGC,VEGFB,459,160,132
VEGFB_CGCAGCTTCCTCCGTTGCCA,VEGFB,1659,433,824
VEGFB_GCAGCTTCCTCCGTTGCCAA,VEGFB,667,282,275
VEGFB_TCAGGTGCCGGAAGCTGCGA,VEGFB,782,209,51
VEGFC_CGCCAGAAGGCTTGTGAGCC,VEGFC,1108,760,459
VEGFC_GCCATGTACGAACCGCCAGA,VEGFC,126,176,130
VEGFC_CTGCCGATGCATGTCTAAAC,VEGFC,3482,1099,1133
VEGFC_CATCTGTAGACGGACACACA,VEGFC,541,86,426
VEGFC_CGGACTCGACCTCTCGGACG,VEGFC,2423,372,448
VEGFC_GAGTCCGGACTCGAAGGCGG,VEGFC,173,58,40
VENTX_TCAGCATCAAGGAGGCCGCC,VENTX,366,172,68
VENTX_AGGCAGATTTGAGGACCCGG,VENTX,315,32,63
VENTX_GGAAGCTCCCGCAGATGCCA,VENTX,458,57,79
VENTX_TGTGTGCTATGCCACAGACG,VENTX,422,39,34
VENTX_CCGTCTGTGGCATAGCACAC,VENTX,2274,379,961
VEPH1_TTTGGCTTCAGTGAAACAGC,VEPH1,708,107,171
VEPH1_CAGAATGACTCTGAATGGAC,VEPH1,606,548,307
VEPH1_TGTTGGCCAGTTGGCTCACC,VEPH1,44,245,179
VEPH1_ATTCCTCCACAGAGGCAACA,VEPH1,411,208,430
VEPH1_TCTCAGGTTATGTTCCAAGC,VEPH1,1166,325,134
VEPH1_CAGAGTCATCTAAGGAGAAG,VEPH1,1010,399,397
VEZF1_CAGTACCTGGAACAGGAACG,VEZF1,710,37,118
VEZT_GACACCGGAGTTTGACGAAG,VEZT,584,57,22
VEZT_TTTAGGTTCGGCCAGTGGGA,VEZT,865,429,665
VEZT_GAGCCCTTGCTAGAAGCCAG,VEZT,236,0,21
VEZT_TGCAGGGCAATCTCAACAAC,VEZT,1739,624,779
VEZT_GAGCCAACTTCCAAGCAGCA,VEZT,787,301,65
VEZT_GCCCTCCATTAAGCAGAGGC,VEZT,488,25,115
VGF_CGTGGTCAGCATCATCGAGG,VGF,1816,113,208
VGF_CTGTTCGCGGAGGAGGAGGA,VGF,197,2,0
VGF_GAACTTGTGGGTTTCGGGAA,VGF,910,254,337
VGF_AACTTGTGGGTTTCGGGAAG,VGF,753,151,181
VGF_AATTCCGAGCCGCAGGACGA,VGF,923,49,90
VGLL1_CACCTTCACTCTGACTCGAG,VGLL1,923,177,61
VGLL1_CTCACCGTCCCTGGCTAGGA,VGLL1,3222,299,326
VGLL1_TAAGGAGCTGGTGCCCGCCA,VGLL1,753,152,52
VGLL1_CTCTGGAACCAGGTGCCGAG,VGLL1,3005,759,1499
VGLL1_TCCTCAGGAATCTGCCGCCA,VGLL1,679,193,186
VGLL2_ATAAGTGAAGAGGACGCAGC,VGLL2,312,146,104
VGLL2_GGTGGATGAACATTTCAGCA,VGLL2,252,276,93
VGLL2_TAGACTTCGTGCACGGCGGC,VGLL2,272,89,108
VGLL2_CGCGTAGACTTCGTGCACGG,VGLL2,2132,1727,2015
VGLL2_CCTTTGCCGGAGAGCTCGCA,VGLL2,258,126,131
VGLL2_GCTCTCCGGCAAAGGCGAGC,VGLL2,551,47,124
VGLL3_TTGTCTTGATGCTGTAGACC,VGLL3,784,284,300
VGLL3_ACCTGTATCGAATCCCACGC,VGLL3,561,270,222
VGLL3_AGTAGACATAGTGCCCAGCG,VGLL3,1031,315,248
VGLL3_ATTCTTACCTCGCCATAGGG,VGLL3,566,14,45
VGLL3_TTAAGGTACTCCATCTCGGC,VGLL3,329,125,162
VGLL3_GGTACTCCATCTCGGCAGGC,VGLL3,0,85,70
VGLL4_GAATTACAAGGAGCCCGAGC,VGLL4,147,22,11
VGLL4_CGAGGCACAGGTGATCACGG,VGLL4,2060,288,749
VGLL4_GCTGTTCTTGGTCAGTGCGA,VGLL4,1039,73,94
VGLL4_GCCCTCAGCAGTCACCGCAC,VGLL4,661,311,242
VGLL4_ATCGGCATTCTGTGCTACGA,VGLL4,854,269,108
VGLL4_CAGTCATCAGTTCCGCAGCG,VGLL4,2341,321,734
VHL_TGCGATTGCAGAAGATGACC,VHL,264,40,8
VHL_CATACGGGCAGCACGACGCG,VHL,1391,31,34
VHL_CTCGGTAGCTGTGGATGCGG,VHL,2997,48,111
VHL_TGTCCGTCAACATTGAGAGA,VHL,810,94,8
VHL_CGCTCTTTCAGAGTATACAC,VHL,926,48,2
VHL_GCGCATTGCACATCAACGGA,VHL,479,410,649
VHLL_CCATAGTAGTTGAGCCACAC,VHLL,1175,255,696
VHLL_GGAAGAGTTGGGCGCCGAGG,VHLL,594,78,274
VHLL_GGTGGGTTTAGAGGCCCAGG,VHLL,104,9,0
VIL1_ATCCTCCATATCTGCAGCCC,VIL1,493,78,127
VIL1_ACCATCGAAGAAGCTTCCAA,VIL1,302,63,13
VIL1_AGTAGTGGATGTCATAGGAC,VIL1,545,130,202
VIL1_CCAACTCCTATGACGTCCAG,VIL1,1396,476,597
VIL1_TGCTTTCCGGTCCATTCCAC,VIL1,403,49,97
VIL1_GAGATCCGAGACCAGGAGCG,VIL1,234,304,162
VILL_CCTGCGATGGACATCAGCAA,VILL,3092,886,1005
VILL_GAACTCTCCTCTCCCAGAAC,VILL,541,460,300
VILL_CAGAGCCCGAAGGCCACGCA,VILL,570,616,199
VILL_TCATCTTGCCTAGGTCCAGC,VILL,535,131,138
VILL_CACCACGTTCCCTGTCCCGG,VILL,532,191,98
VILL_CATAGATCTTGAAGCCACCC,VILL,1198,92,109
VIM_TGTCCTCGTCCTCCTACCGC,VIM,438,23,100
VIM_CGACAAAGCCCGCGTCGAGG,VIM,657,189,153
VIM_CAACTGTTTCAGATTGCAGG,VIM,591,200,88
VIM_GCAGTCCCTCACCTGTGAAG,VIM,1132,203,324
VIM_GGAACGCCAGATGCGTGAAA,VIM,497,100,221
VIM_TTGAGTGGGTATCAACCAGA,VIM,632,130,92
VIMP_CCAGACAACGGGTTATAACC,VIMP,1349,267,864
VIMP_CCGTTTCAGGACAGATGAAG,VIMP,1443,418,461
VIMP_ATGTGGGACAGCATGCAAGA,VIMP,1118,590,625
VIMP_CCTCAAGGCTCTTAGCCGGG,VIMP,142,181,94
VIMP_TCTTTCAGAAGCTTTCCGCC,VIMP,345,0,29
VIMP_AAGAGGAGTCTCTGTCCGCG,VIMP,645,273,216
VIP_TCTTCTCACAGACTTCGGCA,VIP,340,249,92
VIP_GGAACTTACCTGAGAGCAGA,VIP,403,86,165
VIPAS39_AAGCTTGGCACGAGCAGCCA,VIPAS39,893,160,202
VIPAS39_GATCGCCATCTAGAATCAGC,VIPAS39,162,108,90
VIPAS39_GCGACGTCTCCGGAAGGGCA,VIPAS39,536,88,363
VIPAS39_CCTTTAGGTAGAACTAGACC,VIPAS39,582,164,161
VIPAS39_CTGGAGCGAGTCAGCTGGAG,VIPAS39,2501,556,1587
VIPAS39_AAGCGTACTCCAGCGCCCAA,VIPAS39,269,77,147
VIPR1_AACACTCACCGCCGGCCCAA,VIPR1,274,103,229
VIPR1_CTGCGGCTTACATTGCGGCC,VIPR1,557,376,179
VIPR1_GGATAGCTGTGGCGACCAGA,VIPR1,405,226,89
VIPR1_ACTTGGCCCTCTTCGACAGC,VIPR1,654,192,242
VIPR1_CCTGGCGATGGTCCACACCA,VIPR1,2911,304,613
VIPR1_TACCAAGATGGAGGTGAGGA,VIPR1,513,272,197
VIPR2_CGGTATTCGTATGACCCACC,VIPR2,512,193,346
VIPR2_CCATGCACCGATGCAGACGG,VIPR2,2070,527,648
VIPR2_TGGCCTACCTCCTGATCGGA,VIPR2,695,74,168
VIPR2_GCAGTGCAACGTGCCAGAGC,VIPR2,1111,189,437
VIPR2_CTGTGGCTACAGCGACCCGG,VIPR2,378,87,188
VIPR2_ACTAACCAGTAAGTACAGGG,VIPR2,303,193,129
VIT_ATCAACTGCGATGTCAAAGC,VIT,996,319,411
VIT_GCTGGACAGTCTGGTTACAA,VIT,1855,325,266
VIT_CTGGTGGTAGAAGCAGCAGA,VIT,188,172,59
VIT_TGTTGGAGCGGATGTCAGCC,VIT,479,477,417
VIT_ACACCCATCAGTGGACCGGC,VIT,982,605,187
VIT_GCCCACGGACAAAGTGGAGG,VIT,657,125,189
VKORC1_CTGGGTTGACAGTCCTAACC,VKORC1,1153,620,507
VKORC1_ATTGACGATGGTCTCAAGGA,VKORC1,97,60,42
VKORC1_CGCACGTGAATTGGATGCCA,VKORC1,569,357,541
VKORC1_TGGAGATAATGGGCAGCACC,VKORC1,661,240,99
VKORC1_ATGGGAGGCTGCAGCCCGAA,VKORC1,246,273,254
VKORC1_AGAAAGGGAGACCGACCACC,VKORC1,470,162,164
VKORC1L1_TAGTTTACTTGAACGAGGCC,VKORC1L1,105,55,71
VLDLR_TACAGCGACCATTTGTGCAC,VLDLR,1191,6,220
VLDLR_TCCATCACACTTCCATCGGC,VLDLR,929,205,523
VLDLR_CTGGGATACACTGAGTAGAA,VLDLR,1620,614,905
VLDLR_GGCCAGGATGACTGCAGCGA,VLDLR,1849,214,468
VLDLR_CATTACACTGCCTGCTGCCA,VLDLR,707,3,167
VLDLR_CAAAGTATGTAACCAGGAGC,VLDLR,571,325,296
VMA21_CTGCGTCTCGGTCGCTGAGC,VMA21,885,631,625
VMA21_AGTGTTCACGCGAGTTCAGG,VMA21,182,53,51
VMA21_ACATGGTCCTCCTGGGCGGG,VMA21,702,15,44
VMA21_AGTCCCGGCTCAACGTGGAG,VMA21,637,474,326
VMA21_CGGCTACACCATGGAGCGCC,VMA21,292,241,228
VMA21_CATGGAGCGCCCGGATAAGG,VMA21,337,263,119
VMAC_CCGGGAGGCAAACGCACACC,VMAC,1309,353,797
VMAC_GCGACCCAGTTCGTCTAGGG,VMAC,659,123,352
VMAC_AGACGAACTGGGTCGCGCCA,VMAC,585,189,213
VMAC_GCAGGCCACCGTGCACCAGA,VMAC,626,327,347
VMAC_CTCGTCCCTCTGGTGCACGG,VMAC,893,134,511
VMAC_CAGGCGCTCAGCCTCAGCCA,VMAC,1892,349,498
VMO1_CTTCCGCTGTTCAGACGGCG,VMO1,1200,209,244
VMO1_TAGAGTCCCAGTCTGGAAGG,VMO1,1060,62,176
VMO1_CGTCCTAGGCAATACGCACG,VMO1,3957,993,1096
VMO1_CGGTCATCGAAGTGACCAGC,VMO1,1,139,95
VMO1_CTGCTGCTTCTGCGGGCGAC,VMO1,899,223,407
VMO1_CAGACGCTACAGGATGGAGC,VMO1,544,38,206
VMP1_CTTCTGTTGGGCTTGGAACA,VMP1,1329,76,109
VMP1_AACTGCCAGTTTGGCCCGGG,VMP1,1179,199,62
VMP1_TTTGAACTGCCAGTTTGGCC,VMP1,335,30,9
VMP1_GCAGAGATGGACCTATGCCG,VMP1,601,5,33
VMP1_GCCTCCAGGTACTCCTGAAA,VMP1,1199,146,227
VN1R1_ACAACTGTAGTTGCAAACCC,VN1R1,1749,256,304
VN1R1_TGGCTTGGAATCCATTGAGA,VN1R1,1454,455,594
VN1R1_GGACTTGATTCTCAGCCAAC,VN1R1,669,656,661
VN1R2_TTGGATACAAAGCAGGAGAC,VN1R2,1265,238,239
VN1R2_TGTATGCACACAGGGTAGGC,VN1R2,656,147,345
VN1R2_CTTGTACAGGCACAAACAGC,VN1R2,1057,244,401
VNN1_TTCACCACTGCAGAATGGGA,VNN1,369,87,319
VNN1_GGGAATCCAGTTGCGAGAGG,VNN1,182,133,157
VNN1_GGAATACTATGGTGTCCACG,VNN1,173,156,285
VNN1_TGAGGATCACTGGTATCGCA,VNN1,749,353,23
VNN1_TCCCAGACCCTGAAGTAAAC,VNN1,1104,577,581
VNN1_AACACCAGTGTCTCGTGAGG,VNN1,361,310,347
VNN2_ACCGAAATTCATCTGTCACC,VNN2,173,164,547
VNN2_AGCTGTTGGGTAGGCAAGCG,VNN2,1775,704,678
VNN2_GAAACAGTATGGTGTCCACA,VNN2,58,83,134
VNN2_TCTGGAGACAGCGATCAAGC,VNN2,791,250,339
VNN3_GACCCTCCACGCTTAGGGCA,VNN3,633,329,202
VNN3_GAAGTGTCAAACCACTGACC,VNN3,252,123,104
VNN3_CAAGGTGTACCACTATGACA,VNN3,1591,503,279
VNN3_AGCAAGTAGATTGACTCCCA,VNN3,584,86,43
VNN3_TGCACCCTGCTCGAAACAAG,VNN3,452,367,312
VNN3_AGTTAAGCTGGCAGCGAAGC,VNN3,91,30,71
VOPP1_CCTAACAGAATGCGAAGGAC,VOPP1,1816,642,537
VOPP1_TTGCGCCTAACAGAATGCGA,VOPP1,263,173,207
VPRBP_CACGCGACACTGATCCAGAG,VPRBP,1774,31,6
VPRBP_GATCGGGTCATCGGCACAAA,VPRBP,447,169,240
VPRBP_CTAGGAAGGAACCCTTACCC,VPRBP,933,0,0
VPRBP_GGCTTTGGCTGTAGGCACCA,VPRBP,849,0,12
VPRBP_AGAAGAGAGCTTCCGTGGAC,VPRBP,839,25,197
VPRBP_ATTAGACATCATGCCAGGGC,VPRBP,186,0,0
VPREB1_ATGCTGTTTGTCTACTGCAC,VPREB1,293,635,581
VPREB1_TTGGATCCAGAGAAGCGAGG,VPREB1,608,149,114
VPREB1_CTGGATCCAAAGATGTGGCC,VPREB1,455,184,240
VPREB1_AAATGGAACCCACTGCAGCC,VPREB1,609,145,307
VPREB3_GCGTCGTCTTCAGGCTGCAC,VPREB3,504,535,212
VPREB3_GGTGGTGATCCTCCTCCGAG,VPREB3,95,48,121
VPREB3_GCTCGGAGGAGGATCACCAC,VPREB3,154,32,18
VPREB3_CCTCTACTACCGCTCGGAGG,VPREB3,469,0,109
VPREB3_GAAAGATTCACCTGACAGGA,VPREB3,882,860,403
VPS13A_TGGTCGTGGACGTGTTGAAC,VPS13A,528,711,406
VPS13A_TCTTCCAATACGGCTTCAAC,VPS13A,677,296,240
VPS13A_AAAGACACGAGAAGTTCACC,VPS13A,326,8,12
VPS13A_TCCAATGAAGACAGGAGGCG,VPS13A,2392,312,424
VPS13A_TTTCGCAGTAAGACAGCAAC,VPS13A,962,586,435
VPS13A_ACTCCAGTTGGAAACTGAAG,VPS13A,643,63,124
VPS13B_AGTGAAAGCTGTAGATCCGA,VPS13B,51,1,115
VPS13B_CAAACCGCGGAGAATGCAGC,VPS13B,699,213,58
VPS13B_CTTGATAAACGGAATGCCAG,VPS13B,834,37,184
VPS13B_AATTGCAGGCACAAAGGACC,VPS13B,579,148,70
VPS13B_CAGCAAGTTGAATTCAGCCA,VPS13B,1804,785,598
VPS13B_AAGACCTTCATAGCACCAAG,VPS13B,453,214,222
VPS13C_TGATGACCTTATGACTCCAG,VPS13C,1211,251,68
VPS13C_GCTGACACAGGCGAGAAACG,VPS13C,1823,598,462
VPS13C_TTCATACCAATGGTCGACGA,VPS13C,834,295,527
VPS13C_ATTAACCATGCATACCCACC,VPS13C,410,3,7
VPS13C_AGAAGCAGTTGTTGCGACCC,VPS13C,857,30,139
VPS13C_CCCAGATGCCCAGCTTCAGC,VPS13C,142,270,376
VPS13D_TGTTGGAAGGCCTTGTAGCC,VPS13D,1524,653,618
VPS13D_AGATCACCCAAGGGTCCACA,VPS13D,893,4,0
VPS13D_GAATGACCGCCAGCAGAAAG,VPS13D,982,30,98
VPS13D_ACTCTCCATGCTCCTGGCCA,VPS13D,774,155,290
VPS13D_CCGAAGGTGGAAACCCAAGG,VPS13D,689,18,12
VPS13D_AAGATACAGCATCACGAGCG,VPS13D,622,15,1
VPS16_TGGACTGCTACACGGCGAAC,VPS16,1184,196,398
VPS16_ATGAGCTGTACAGCATGGAC,VPS16,568,34,51
VPS16_GCAGAGTATATATCGAGCAC,VPS16,973,134,149
VPS16_CTTCCGGAGACACTTCAGCA,VPS16,748,270,265
VPS16_CCGGAGTGGCCATCCTCACA,VPS16,2988,717,598
VPS16_CTCCTTCACCTACCGACACC,VPS16,1961,326,433
VPS18_ATGCCCACGCTAGGGCAGCC,VPS18,236,112,90
VPS18_CAATCAGCTGTGCATGAGCC,VPS18,1213,211,566
VPS18_GGCAAATGAGCCCAACCACG,VPS18,16,31,9
VPS18_CCTTACGTCCCAGCTCCACG,VPS18,2350,385,546
VPS18_ACTACTGGCCTATCTGGAGC,VPS18,719,113,99
VPS18_GCTGAAGATCGCACGGCACG,VPS18,1529,409,117
VPS25_TCTGAGCCTCACGTAAAGAA,VPS25,551,5,35
VPS25_AGCTTGACGTTGTTGAAGAG,VPS25,1908,49,132
VPS25_GGGTGGGAATCTGCCTACCA,VPS25,364,114,40
VPS25_GGCGTCAAGTTCTTCTAGCA,VPS25,1711,528,612
VPS26B_CTTCGGCTTCGGGCAGAGCG,VPS26B,406,81,342
VPS26B_AAGCCGTATGAGTCCTACAC,VPS26B,2014,417,393
VPS26B_GGCGGCTGATGGTAGCACGA,VPS26B,422,82,110
VPS26B_CATCATCAAGCGAGAAACGA,VPS26B,972,506,560
VPS26B_GCGGCGCTACTTCAAGCAGC,VPS26B,741,318,267
VPS26B_CTCAAAGCGCTGTGAGGCGA,VPS26B,1739,486,531
VPS28_CCCGCACCTCATCCATGGCG,VPS28,864,0,0
VPS28_CCAACAGCTGGACTGCCCGC,VPS28,817,0,59
VPS28_AGGCAGCTTTGTATTGGACC,VPS28,850,6,0
VPS28_TGTCCTCAGGTACGACAACA,VPS28,1341,38,132
VPS28_TGTACAAGAACGCCCGGGAG,VPS28,528,0,0
VPS28_CTCACCTCCTATGCCCGGCG,VPS28,984,92,158
VPS29_AGGTGACCACTGTAGAAGCC,VPS29,1054,85,180
VPS29_CATCAAATTGCCTCTGCAAC,VPS29,756,337,673
VPS29_TAGCTGGCAAACTGTTGCAC,VPS29,450,0,27
VPS29_GAGATCTGCACATCCCACAC,VPS29,572,26,7
VPS29_TAAAGAGGCGTAGCAACCCG,VPS29,210,328,331
VPS29_TAGCTGCCATTGAGATGAGC,VPS29,365,128,113
VPS33A_CTGCTGAAACCGCAGACGGG,VPS33A,551,29,70
VPS33A_GCACCTAAGAAACAGGGCGA,VPS33A,235,1,145
VPS33A_GCCTGTACCACGCAGCCAAG,VPS33A,842,40,92
VPS33A_TCGCACAACAGGCTACGGCG,VPS33A,1262,342,260
VPS33A_TACTGTGCAATCAGGCCAAA,VPS33A,953,608,434
VPS33A_GGACAAGTGCGCAGGAAGCA,VPS33A,593,485,350
VPS33B_GAAACCTACGGAGACTCAGC,VPS33B,8,28,0
VPS33B_GAAGGTGCTACTCAATGCCG,VPS33B,301,67,88
VPS33B_CTTACCACACTTGATGCGGA,VPS33B,107,80,117
VPS33B_ATTGTGGAGGAACCTGGAGG,VPS33B,602,5,0
VPS33B_TCAGTTCTATGCGTGTGAGA,VPS33B,885,225,279
VPS33B_GCTCCAGCAGATAGATGAGC,VPS33B,431,291,80
VPS35_TTTAGCTTCACGGAGGCAAG,VPS35,617,96,261
VPS35_CTTCTGGTCTGGCAGAAACA,VPS35,1192,136,195
VPS35_TGCTTTGATCAAAGCAGAGC,VPS35,110,37,26
VPS35_GGTATTTGCAGCTTACCAGC,VPS35,301,0,11
VPS35_GATGAATGAAGCGGCCCACA,VPS35,176,0,0
VPS35_GCACTCCAGCGAGTGGAGAA,VPS35,1200,347,381
VPS36_ACATACTGTCTCCAGGGCCG,VPS36,1603,233,555
VPS36_AGTAAACCGAGCTCGAGGAA,VPS36,438,42,46
VPS36_CATGCAGCTGGCCAAACAAC,VPS36,1372,236,192
VPS36_TTCATTGAAGAACAGGCGGC,VPS36,22,77,100
VPS36_GACCGCTTCGTTTGGACCAG,VPS36,453,346,144
VPS37A_TGGACCCGAGGAGGATGAGC,VPS37A,362,115,215
VPS37A_GAAAGATCAGTGGCGAAGCC,VPS37A,219,168,108
VPS37B_ATGCGCCGAGGTGCAACGGC,VPS37B,182,153,6
VPS37B_GAAACTGGCCCACATGCGAC,VPS37B,1229,307,261
VPS37B_CTATCAGAGCAAACGGAAAC,VPS37B,2009,1040,712
VPS37B_TGCCTGAAGAAGTGCTAACA,VPS37B,1895,706,541
VPS37B_AACGAGCTGCTGGAGGACGA,VPS37B,1328,233,90
VPS37C_CTATGGGTTCCCACCACCGC,VPS37C,1671,229,317
VPS37C_GCCCGCTGTAGAAGGAGGGC,VPS37C,338,112,213
VPS37C_GCTCCTGGTATCTATCCGAG,VPS37C,796,177,314
VPS37C_TTTGAGCGGCTGATCTCCAG,VPS37C,391,272,1028
VPS37C_GGCGATTGACCAGCTGGCCC,VPS37C,224,35,83
VPS37C_CTCGGAGGCGATTGACCAGC,VPS37C,392,501,730
VPS37D_ACCGGATCGTGCGGCTCAGC,VPS37D,731,637,463
VPS37D_GATCGTGCGGCTCAGCAGGA,VPS37D,0,54,69
VPS37D_CCAGCGCGTAGTTGGAGGCC,VPS37D,1950,886,796
VPS37D_GCTCCTGGTATTTGATGGCC,VPS37D,568,58,128
VPS37D_TCGGGAGCGTTCTGCCCAGC,VPS37D,751,437,310
VPS37D_CACTGGGCGGGAGTCCAAGG,VPS37D,990,158,325
VPS39_TTCTGTAGTCTGTGGGCAGC,VPS39,633,187,261
VPS39_GCTACTGTTGGTCTCACCCA,VPS39,164,184,115
VPS39_ATGTGCCCAAGTCCATGGCG,VPS39,667,85,126
VPS39_GCTCTATTTCTGGAAGGACA,VPS39,401,156,145
VPS39_CACTACGGTTTCAAAGGCAA,VPS39,784,287,250
VPS39_CTTCTTGTGGGAACCAAACA,VPS39,820,696,615
VPS41_ACATTGATCCGAGAATGGCC,VPS41,507,127,145
VPS41_CATAGTCTCCTCTCTCCACC,VPS41,600,121,34
VPS41_GAGAGATGTTGTAGTGGCCA,VPS41,310,121,84
VPS41_AAAGAATCACCAATGTGCCC,VPS41,237,66,6
VPS41_AACGGTCTTGGATGAACAGA,VPS41,219,54,52
VPS41_ATTGGGCACACATTATGGCA,VPS41,249,332,272
VPS45_ATGATAGAGGACAGCGGGCC,VPS45,774,92,244
VPS45_ATTGGCTGAAGCTGATGAAC,VPS45,296,242,143
VPS45_ATGGAGGAACCTCTGTCCGA,VPS45,225,116,40
VPS45_GCCTAGTAGTTCGTGGACCA,VPS45,2298,30,50
VPS45_AAGCATAAAGCATCACCAGG,VPS45,40,29,20
VPS45_ACCTTTCCTACATGAAACCC,VPS45,533,78,84
VPS4A_CAAAGCCAAGAACTACGAGG,VPS4A,1127,141,73
VPS4A_AGTGCGTGCAGTACCTAGAC,VPS4A,726,335,348
VPS4A_CAACATACGGTGGAACGACG,VPS4A,1959,1167,318
VPS4A_ATCCTACCTGGCCAAAGCCG,VPS4A,952,117,456
VPS4A_GCTGCCTGGCCAGCTCAAAC,VPS4A,2802,588,738
VPS4A_TGGATTCGGCCATCAGGAGG,VPS4A,821,39,191
VPS4B_TCAATGGCACCAGGGTCACC,VPS4B,79,58,49
VPS4B_ATGGCAGAATCCAGAACCCA,VPS4B,294,40,24
VPS4B_AGCCGCACGTAGAATTAAGA,VPS4B,1099,309,195
VPS4B_TTATTTGGGCCGCCTGGAAC,VPS4B,438,154,154
VPS4B_CGAGTCCAGCAGATGAGAAG,VPS4B,2495,342,153
VPS4B_GCAGCGCAAGAAGACAAGGC,VPS4B,672,261,220
VPS51_TGAGGCACAGTGGTGGCAGC,VPS51,928,123,76
VPS51_GGAGGATGAGATGGACCGGC,VPS51,59,49,13
VPS51_CCTCACCAAGTGCGTGGAAC,VPS51,1428,188,624
VPS51_CTGCCTGACAGACGTCCGCC,VPS51,135,147,116
VPS51_GAGCCGTCTGGCACATAGAG,VPS51,911,0,49
VPS51_ATGTGCGGGCCGTCATGAAG,VPS51,1174,109,82
VPS52_CCGTACACTCAGCATGACCC,VPS52,2819,48,5
VPS52_AGCGCAGCGCGGAGAGCAGA,VPS52,198,23,66
VPS52_CTTGGAGCAGCTACAGGAGC,VPS52,908,98,78
VPS52_CATTCGACTTCGAAATCGCC,VPS52,27,206,129
VPS52_CTGGAGGATACAATCCCGAA,VPS52,2071,395,371
VPS52_CAGGGTCGGGTCTGATCACA,VPS52,614,182,43
VPS53_AAAGCAGTACCTTGGTGCCC,VPS53,496,55,142
VPS53_TTCTCCGTATTGTCTTCGCC,VPS53,489,5,79
VPS53_CTTACTCTAGGCGCTTGAAG,VPS53,1814,97,110
VPS53_TGTAAGAGGTCAGACGAACG,VPS53,1113,79,26
VPS53_TACTTGCTCGGTTGGGAACA,VPS53,1554,136,302
VPS53_ACTGGAGTTCGTGGAGGAGC,VPS53,156,0,0
VPS54_TGCCAGTTAGTTCTTGGAGC,VPS54,2139,465,470
VPS54_TCCTCTTAGACAATGAGCGC,VPS54,654,21,28
VPS54_CCTTGAGCAGATCAAACCAC,VPS54,1182,192,413
VPS54_ACTTGACAGTCATCTTCCAG,VPS54,543,0,26
VPS54_AGGCTGAGTCTGGTGTACAG,VPS54,2526,201,180
VPS54_CTACCTCCCACAGATCAGCA,VPS54,2886,18,5
VPS72_TTGACTCCTCATGCTGGGAC,VPS72,608,455,379
VPS72_GATAGGTGATTATGGGCCCG,VPS72,400,27,52
VPS72_CGTTCCTTCGGGTACAGGAG,VPS72,1316,76,201
VPS72_CCCGGCTGGTAGCTCTCAGA,VPS72,1112,1,0
VPS72_GAAGCGCCGAGTAGTCACCA,VPS72,660,25,156
VPS72_CCCGGAAGACCGCTGGGAAC,VPS72,3211,441,365
VPS8_AGTTGATACTCCTCCAACAC,VPS8,1561,477,478
VPS8_GCAATTTGCAACGACAGCGG,VPS8,2149,409,390
VPS8_TGTCTGTTCAGTGGTTCCAA,VPS8,581,215,350
VPS8_CACTGGAGGAAATGTTAGCC,VPS8,506,403,487
VPS8_AAAGGCTATTGTTGCAGACC,VPS8,1550,230,244
VPS8_CACCAGCCTAGATATTCAGC,VPS8,12,124,93
VPS9D1_CCTAGTGATTGCCAAAGCCC,VPS9D1,2253,165,341
VPS9D1_CGTATGAGGCCCGAATGGCG,VPS9D1,1282,371,536
VPS9D1_CTTCATCGGAGTATACACGG,VPS9D1,1613,534,772
VPS9D1_CAAGCTTGGCGGCCGTCGAC,VPS9D1,640,383,395
VPS9D1_CCACTTCTTCTAGTAACACC,VPS9D1,1570,163,245
VPS9D1_AGCGCCATGAAGCTTGCCAA,VPS9D1,1172,273,169
VRK1_GGATTACCCATTGGCCAAGG,VRK1,282,12,15
VRK1_CCCAATACTTAGGAACACCC,VRK1,1249,33,47
VRK1_GAACTACAAGAATCCTGACC,VRK1,268,0,0
VRK1_CTGGGCAGTACCGATAAGCA,VRK1,1100,49,51
VRK1_GCTTATCGGTACTGCCCAGA,VRK1,547,0,28
VRK2_CCTGCAATTAGGTATCCGAA,VRK2,1339,758,572
VRK2_TCCCTTGTGGGCATCCAAGC,VRK2,1360,533,735
VRK2_AACGTCACTTCGTCTGGACA,VRK2,1421,351,219
VRK2_GCGCTGAGTCCTGTGCAACA,VRK2,2788,853,1458
VRK2_GCCTAAGCTTCTACCTAAAC,VRK2,1253,721,510
VRK2_ATACACTTCCACAGTCAGCA,VRK2,888,379,256
VRK3_TGGGCTACTGCATGCTGAAG,VRK3,2081,487,604
VRK3_GCCACTTGGGCAATAGCGGA,VRK3,924,205,64
VRK3_GCTGGGTAACACCAAGAACC,VRK3,1232,132,162
VRK3_TGAGCAGAACTTCTTCCAGC,VRK3,807,336,300
VRK3_TACCTTCATAGAGAATGCCC,VRK3,178,116,22
VRK3_CGATTATCCCTCTTCTCAGA,VRK3,539,126,135
VRTN_CTTGACGTCGGCATCGAAGA,VRTN,1462,678,517
VRTN_AGTACTGGTGGCGGAAGAAG,VRTN,365,366,321
VRTN_CTCATCGCCGGCCAAGACCC,VRTN,996,235,219
VRTN_GCGCAGACGCCTCTGCCAAC,VRTN,486,349,307
VRTN_TGCGCAGACGCCTCTGCCAA,VRTN,461,335,232
VRTN_TCCACATGTAGTATGTGGAG,VRTN,278,185,89
VSIG1_CTCAACTAACCTCCACACAA,VSIG1,3142,1042,916
VSIG1_CATATGCAGCCAGCAGACAG,VSIG1,699,378,606
VSIG1_TCTCTGTTGTGTGCTTCGCA,VSIG1,219,99,217
VSIG1_GGCTTACTCAAGTTCCGCGA,VSIG1,824,75,104
VSIG1_CCATCTTCCATTCATGAGAC,VSIG1,993,778,651
VSIG1_GCCTGACCTTGACATCGAGC,VSIG1,217,192,280
VSIG10_TTACCTTTCCAGCAGAACAC,VSIG10,818,550,395
VSIG10_CAGCCGCCATCTCATTACCC,VSIG10,717,180,263
VSIG10_ACTTCTTGCCATCCGACAGC,VSIG10,1153,289,454
VSIG10_CGCTGCTGGAATTCAGGGCC,VSIG10,2100,450,756
VSIG10_CGATTCAATGTGCAGGGAGG,VSIG10,1195,118,113
VSIG10_CTTACCTACGGCGACCCAGC,VSIG10,774,139,7
VSIG10L_AGAGGTGCTGCTGCATCCGC,VSIG10L,7,83,89
VSIG10L_CCCACAGTGCTCAGTTGAAG,VSIG10L,2616,351,882
VSIG10L_AGGCTCCACGTGATGTCGGC,VSIG10L,934,196,69
VSIG10L_CCTTGGGCTGAACCGACAGC,VSIG10L,1184,206,334
VSIG10L_ACTCAAAGAGCTCTTCCCAG,VSIG10L,1171,82,39
VSIG10L_ACTGAGCAGGGAACTTACCC,VSIG10L,446,20,170
VSIG2_TATGAGGGCTGATTCTAGCA,VSIG2,789,222,113
VSIG2_GGTAGTGACCTTCGGTGAGC,VSIG2,83,346,85
VSIG2_CACACAGCGGTAGGTGCCCG,VSIG2,748,180,199
VSIG2_TGAACCATGCTGCCAGGAGA,VSIG2,1233,271,110
VSIG2_AATGGCCATCTGTATCCAAC,VSIG2,74,68,47
VSIG2_GAGACAGCTTCGCCCTGGAG,VSIG2,210,51,43
VSIG4_AGGGTGGCCATCTTCGCAAG,VSIG4,1648,690,272
VSIG4_AGCATGTCTACGAAGCAGCC,VSIG4,409,209,36
VSIG4_TGTCGGAAGACATCCCAACA,VSIG4,2395,1990,1060
VSIG4_CAGTGAAGCAGTCCTGGGAC,VSIG4,577,796,849
VSIG4_TGTGCTGCTCAGAGCCAACC,VSIG4,1779,355,348
VSIG4_AGTGTAACAGGACCTTGGAA,VSIG4,1214,190,125
VSIG8_CAAGGTCAAGAGCGCGGAGC,VSIG8,249,84,101
VSIG8_GATGATCACGCCTATACGCC,VSIG8,1091,36,4
VSIG8_TCCTTAGTTACCAGGACAAG,VSIG8,905,127,136
VSIG8_ACGTTCTCTCGGTGGTGGGC,VSIG8,1465,213,200
VSIG8_CGCCCACCACCGAGAGAACG,VSIG8,3359,1486,1089
VSIG8_TCAGGCACACGAGTAGAAGG,VSIG8,1561,250,450
VSNL1_TAAACTCTGTGCTCTTCACC,VSNL1,947,155,127
VSNL1_ATTCTTGTCGAAGGTTCGGA,VSNL1,190,25,69
VSNL1_GCTCTGTCCATCACCTCCAG,VSNL1,981,17,93
VSTM1_CATCTGAGGAATCCACCAAG,VSTM1,497,231,151
VSTM1_GAACGACTCTGGGTACAAGC,VSTM1,465,230,121
VSTM1_TTCAACCACCGAGCTGGGCC,VSTM1,1153,399,324
VSTM1_GAGACTCACCGAGGCAAAGC,VSTM1,363,53,213
VSTM1_AGACTCACCGAGGCAAAGCA,VSTM1,980,465,467
VSTM2A_GGAACGTGACGGCGACCGAG,VSTM2A,702,416,173
VSTM2A_ATGTCCTGCGCCTTCCAGAG,VSTM2A,1572,636,421
VSTM2A_ACAGAGACCCGGACAGCGAC,VSTM2A,588,560,409
VSTM2A_TTCGTTGGTTGGCAGAGCCA,VSTM2A,1038,296,226
VSTM2A_AGCACGCAGCTCTGCACACC,VSTM2A,1040,590,727
VSTM2A_GCGAGGATAGCTACAAGCCA,VSTM2A,509,574,323
VSTM2B_GGGAGATGGAACAGCGGAAC,VSTM2B,1141,225,53
VSTM2B_CGTCGGCCACGAAGAGCAGC,VSTM2B,468,543,650
VSTM2B_AAAGATGTGACAGTACGGGA,VSTM2B,722,54,183
VSTM2B_CGTCGCTGTAGTCCGACACG,VSTM2B,660,323,92
VSTM2B_AGCCGTACCACCTCCGAGCC,VSTM2B,915,659,268
VSTM2B_TATGCAGAGCTAACAGGAGC,VSTM2B,217,247,232
VSTM2L_CCGGAGACGTGGTTGTCCCA,VSTM2L,1207,136,135
VSTM2L_GACGGGCGAGGACGTGGAGA,VSTM2L,451,56,0
VSTM2L_ATGTACGGAGCCACCGGGAC,VSTM2L,1218,304,397
VSTM2L_CATCTCAGCAGGAAGACGCA,VSTM2L,104,155,41
VSTM2L_CTTCGTCCGTGGGCTTCACC,VSTM2L,87,108,52
VSTM2L_CGTCGCTGAAGTCGATGACG,VSTM2L,1659,291,278
VSTM4_CAGCTTCGGTTTATGGAACG,VSTM4,2099,800,598
VSTM4_TGGTGAAATGCCCTCAGAAC,VSTM4,2769,682,1286
VSTM4_CTTCACCGCAGACTTAACCA,VSTM4,3295,343,570
VSTM4_AGGAGTCTCCAGCCATCCAG,VSTM4,565,124,198
VSTM4_TCAGCCGCAGCGCCAAACGG,VSTM4,2276,462,564
VSTM4_TCCCATAGTACTGCACCACC,VSTM4,1810,237,501
VSTM5_ACCAGAGACGTGCAGCACGA,VSTM5,1396,193,435
VSTM5_TCACTCCCACGCTGAAGAGC,VSTM5,809,157,155
VSTM5_AAGATCGTGGAGTGGAAACC,VSTM5,655,208,295
VSTM5_GAACGCAGAAGATCGTGGAG,VSTM5,97,89,11
VSTM5_TCGGGTCTTCCTCCTCCCGC,VSTM5,535,215,81
VSX1_GGTCATCAGGCACCACCACG,VSX1,727,104,85
VSX1_GGCTAGAACCTTCTTTGAAG,VSX1,575,49,77
VSX1_CAGGGCCAAATGGCGCAAGC,VSX1,215,403,163
VSX1_GGTCATTCCTGTCTTCAGAC,VSX1,1231,316,442
VSX1_GCTGCGTGCCGAAGCCACAG,VSX1,419,218,195
VSX1_GGTCCGTGATGGCGAAGCCC,VSX1,270,63,87
VSX2_CAAAGAACAGGGAGATGACG,VSX2,1058,427,684
VSX2_GATGCCGAACCCAGTGCACC,VSX2,142,75,48
VSX2_AACGGAAGAAGCGGCGACAC,VSX2,972,311,238
VSX2_AAACGGAGCTGCCGGAAGAC,VSX2,595,147,319
VSX2_CTTGAGGATGGACTCGGGCA,VSX2,1148,304,356
VTA1_CGTTTATACGCAATGCAGAC,VTA1,889,352,429
VTA1_GCAGAAGTGCCTCACAGCAC,VTA1,601,75,202
VTA1_AATAGTCAGCTGACTTACCC,VTA1,248,34,45
VTA1_GCTCTCAAGTTACTGACGAC,VTA1,638,78,112
VTCN1_TGGGCATCCCAAGTTGACCA,VTCN1,1601,456,375
VTI1A_ACCTTCGAAGTCGGACGACA,VTI1A,341,316,92
VTI1A_CGACTTCGAAGGTTACGAGC,VTI1A,673,235,77
VTI1A_CCTCTTCTAGCTTGAACAGA,VTI1A,376,111,128
VTI1A_GCTCGATAACACAGAGAGGC,VTI1A,296,1,14
VTI1A_AAAGCTCCAGGATTCTGACA,VTI1A,828,243,157
VTI1A_TGATCCCTAGGATGACGAGC,VTI1A,260,120,58
VTI1B_AGGGCACTGAAAGCCTGAAC,VTI1B,1188,202,497
VWA1_CAATGAACACGGTGACGCCC,VWA1,490,116,30
VWA1_GCCGGTGCTGACAATGAACA,VWA1,1122,209,509
VWA1_GCCACGGAGATCACGTCCAG,VWA1,1387,6,247
VWA1_AGCCCGAGTCTGCGGTCAGC,VWA1,240,54,87
VWA1_CCCGGACACGGACTACGACG,VWA1,2617,544,372
VWA2_GGGTCTAACAGCGTCGGGAA,VWA2,719,283,413
VWA2_TCACTGATGGGAAGTCCCAG,VWA2,477,67,66
VWA2_TGGCGTGGCGCTGGAGCAGA,VWA2,719,141,190
VWA2_GCGCAGACAAACCTGTAGAA,VWA2,996,765,182
VWA2_TGCCATCGAGGCTCCAGACC,VWA2,2082,424,683
VWA2_GATGCTGCGGGCCATTAGCC,VWA2,433,245,165
VWA3A_AGTCCTCCCAATCTGAAGAC,VWA3A,826,118,307
VWA3A_GCTTTGCTTCTTCAGGGAGG,VWA3A,354,166,252
VWA3A_GGCATTTGGCCTCATCAAAG,VWA3A,1484,414,351
VWA3A_CGGCATTGGTGCCAAAGGAC,VWA3A,1785,846,759
VWA3A_GAATCTCGGGCACTCACAGG,VWA3A,730,187,22
VWA3A_TGTGCTGCAGGGCTTGCACG,VWA3A,679,290,203
VWA3B_TCAGCATACCGAGAAGCCAC,VWA3B,755,180,173
VWA3B_GGAGAGCTACAAGCAGCGAA,VWA3B,683,139,226
VWA3B_GGTTGAGCTGACTGTGAGCG,VWA3B,650,230,592
VWA3B_TCCTTCAACGCCAGAGGAGA,VWA3B,138,220,228
VWA3B_TTTAGGAGCTGGAGTCAGAG,VWA3B,679,615,735
VWA3B_CCTCCTTCGGATCCGGGCCA,VWA3B,409,122,132
VWA5A_TAGGCTTACCTGGCTCCCGG,VWA5A,122,58,67
VWA5A_GAGATACTCTTCAGCGGCAC,VWA5A,141,93,78
VWA5A_CCAGGCCTTCTTATTGGAGG,VWA5A,1660,110,566
VWA5A_GCCACCATAGATTCCCAGCA,VWA5A,1661,239,251
VWA5A_GGGATGCCTAACATGAAGCC,VWA5A,529,240,168
VWA5A_GGCTCTGCATACTTCCCGAG,VWA5A,1222,140,208
VWA5B1_GGCATAACCGCTGACACAGG,VWA5B1,668,317,82
VWA5B1_GAACATGGGAGGCATCGAAG,VWA5B1,1144,95,499
VWA5B1_CCTTGGACGAGGATTTGGAG,VWA5B1,1674,510,347
VWA5B1_CGGTGTTCAGGAGAGTCGCC,VWA5B1,319,175,214
VWA5B1_GGGTGGATGAGGATCTCCAC,VWA5B1,174,80,0
VWA5B1_GGGCCTTTCTCAGGCACGGC,VWA5B1,85,109,98
VWA5B2_CGGGTTGCGGTAGGTGAGCC,VWA5B2,438,116,113
VWA5B2_AGCGGGTACACGAACACGCC,VWA5B2,199,71,37
VWA5B2_TCCACGTTGGTGCTGCCCAC,VWA5B2,944,273,64
VWA5B2_TCTCCAAGGCCCGGTCACAG,VWA5B2,950,403,457
VWA5B2_GCTCAGCAGAATATGAGGCC,VWA5B2,94,222,65
VWA5B2_TAGCAGCAGCGTGGCACACA,VWA5B2,2880,414,574
VWA7_CACTTACCTGGGTCATGAAA,VWA7,1127,130,301
VWA7_CCCAGGGAAATGTAGCCACG,VWA7,2109,362,1208
VWA7_CAACTCCTCGCAATCGGAGC,VWA7,1834,148,217
VWA7_TCATAGCAACTGGGTGGAGC,VWA7,1701,840,804
VWA7_CAGCAAGGAGTGTTCGACCC,VWA7,812,389,430
VWA7_GAAGTCCTCAAGACGAAGAG,VWA7,515,146,98
VWA8_CTTAATAGCCTGGTCCCGGC,VWA8,611,191,87
VWA8_CTCTTTATCTGCAATCCGGA,VWA8,518,128,160
VWA8_GAAATCGAGAACGAAGAGGG,VWA8,136,18,76
VWA8_TCTACAGGAGCTGACCAAAC,VWA8,1622,845,810
VWA8_GAGCGTCGAAGAGGCCCAGG,VWA8,1,0,0
VWA8_GAGGTCAGACTGTTGCACGC,VWA8,661,133,266
VWA9_GGCCACACTTGAGAACAGCA,VWA9,1179,44,0
VWA9_CAAGACAGCCGTCTGTCACC,VWA9,399,264,296
VWA9_AACTAATGCAGACTCCAAGC,VWA9,588,22,42
VWA9_GGGCTGCTAGGTGCTTACGC,VWA9,1633,308,193
VWA9_TGACGGGAAAGCCAAAGAGC,VWA9,1185,317,125
VWA9_TATGGGTGAAGAACAACCCA,VWA9,305,35,8
VWC2_GAGCATCCCGCTGGAGAAGC,VWC2,322,420,59
VWC2_CGTGAGCACGCCTCTCGGGA,VWC2,314,247,251
VWC2_CCTTGCACTGCGGGCAGCAC,VWC2,1403,478,766
VWC2_TTCAGGTGTCTCCATGCGAG,VWC2,1441,682,1074
VWC2_ACTGATCAGGCTCGTACACA,VWC2,680,242,281
VWC2_TGCCACTGTACTTATGAGGA,VWC2,882,591,673
VWC2L_ATCTGGTCACCTTCATCAGC,VWC2L,77,328,122
VWC2L_CATGGACAGTTGGAATGCCC,VWC2L,339,20,114
VWC2L_CCATCTAGAGCACAGACACA,VWC2L,1953,918,935
VWC2L_TCACAGCGACACCATTCACA,VWC2L,1800,501,556
VWC2L_TCACGTTTCGAACACTGAGC,VWC2L,609,249,89
VWC2L_TGTTCGAAACGTGAATGCCA,VWC2L,230,104,141
VWCE_TGTTGCTTCCTGAGGCCGGC,VWCE,118,335,314
VWCE_GCTCACCTTCACAGGACACG,VWCE,1410,165,96
VWCE_AAGGTGGAAGCCAGTTCGAC,VWCE,358,229,118
VWCE_CTCCGTCATCGAGAAGCCCA,VWCE,345,91,241
VWCE_CTTCTCTTGCAGACGCCGAC,VWCE,266,72,155
VWCE_TACACCGGGAGGAAGCCGCC,VWCE,461,57,12
VWDE_TGGCTAGAGTCTCCTGACAG,VWDE,1908,247,397
VWDE_TAATTGTGGGTTTGTTGCCC,VWDE,363,76,61
VWDE_CTGGAATGTAGTTGTTCCAC,VWDE,916,219,195
VWDE_TGTATGGGCTACTGTGCGGA,VWDE,624,56,248
VWDE_CATTTGGTTGGCATCTCGGC,VWDE,221,33,212
VWDE_CAGCGCGATCACCAGCACGC,VWDE,1165,359,537
VWF_TGCCTATACTCCATACCAGC,VWF,633,224,196
VWF_AGGGAATGGTGCTGTACGGC,VWF,1248,546,276
VWF_TCCATGCCCTATGCCTCCAA,VWF,779,76,50
VWF_GCGAGTTCCTTCTGCACAAA,VWF,3036,1085,876
VWF_TCACCTTGTTGAACCTCCCA,VWF,739,151,172
VWF_GATTCCTGCCAGATTTGCCG,VWF,361,172,199
WAC_TCAGCTGTCACGACCGGAGG,WAC,340,59,85
WAC_CAGTCCAGAGGCAGAAGACG,WAC,1279,253,240
WAC_CAGGAATGCCTTGTCTGGAA,WAC,992,312,483
WAC_ACCTTTGGCTGTGATGAAAC,WAC,1115,338,362
WAC_TGCAGGCGTTAATGAACACG,WAC,2108,155,117
WAC_ACGCGAAGAAGCGCATAACA,WAC,3069,430,723
WAPAL_TCGGCACTGTCTTGTCAACA,WAPAL,2888,312,435
WAPAL_CTTCTAAACGAGCAGGAGAC,WAPAL,123,132,127
WAPAL_AGCACATGGGATGGTAGCAA,WAPAL,340,36,0
WAPAL_TTCACACTTTCAGGCACACC,WAPAL,1493,118,115
WAPAL_CGTCATCCTTCATCTCCAAA,WAPAL,5311,1132,1502
WAPAL_CCAAGTAAAGTGTCCTCCAA,WAPAL,586,242,234
WARS_TATCCCATGTGCCATTGACC,WARS,888,0,0
WARS_CCACAGCATAGCTATAGGCC,WARS,2496,97,180
WARS_CATGCATTGCTTCAGAAGAG,WARS,1333,0,0
WARS_AACCGAATAGAGAGAGCCAC,WARS,483,0,0
WARS_TGAGCTACAAAGCTGCCGCG,WARS,620,0,47
WARS_CAACAGCATCGCCACACAAG,WARS,2524,444,450
WARS2_GATAGTGCAGAAATTCCGCA,WARS2,263,117,80
WARS2_CCGAATAACAGACAGCCCAG,WARS2,1090,316,115
WARS2_ATGCTCTGCCGAAGGACAGC,WARS2,111,87,54
WARS2_TGGCTCCCAGGTAATTGCCC,WARS2,460,123,39
WARS2_CTCCCAGGTAATTGCCCAGG,WARS2,464,124,460
WARS2_TGCGGAAAGCGCGTGAGCGC,WARS2,282,60,41
WAS_GGTATGTTCTGCTGAACCGC,WAS,64,1,5
WAS_TCACCTGAAGGCCGTAAAGG,WAS,1698,760,615
WAS_TCCAGCGAAGGTGTGGAAGA,WAS,1689,500,947
WAS_TATGTGCAGGACTGCCAAGC,WAS,407,185,176
WAS_CATCCAGGTGGAGACCAAGG,WAS,1304,441,329
WAS_CCTGAGCGTTTCTTATCAGC,WAS,665,396,492
WASF1_CAACAGCAATACGGCGAGAC,WASF1,1825,791,286
WASF1_TGGCGCTTTGGCTCAGAAGC,WASF1,2210,406,245
WASF1_GATGATGGTCGAATGCCAGG,WASF1,184,0,0
WASF1_TCCAACATACCTGATACAGG,WASF1,962,312,363
WASF1_GCGGCGAGAATGGCAGAAGC,WASF1,1489,381,236
WASF1_CTCATGACAGGCGGCGAGAA,WASF1,2190,703,929
WASF2_CTACGGGCATCGCTCACGGC,WASF2,605,467,310
WASF2_CATTTCTATCCCAGGGACGA,WASF2,537,73,48
WASF3_TGAAGAGGAACATTGAGCCC,WASF3,1403,418,342
WASF3_CACAGTCCAAGACCAGCAAG,WASF3,3416,570,504
WASF3_AACGTCCGATGCATGTGACC,WASF3,734,57,81
WASF3_GGTACTCATGCTCCGCAGCC,WASF3,0,136,123
WASF3_CCTCCTCGCTGCTATTCGAA,WASF3,2049,1093,1484
WASF3_TGTACTCCACGGCAATGCGC,WASF3,1041,107,48
WASL_CTGTTAGACCAGATACGACA,WASL,783,88,255
WASL_CAGTGCATCTCGTCCAGAGC,WASL,2190,204,303
WASL_GGGTACATCCTATTTGGCGG,WASL,963,85,105
WASL_TCCTTTGTCGACGGCCCAAA,WASL,426,254,426
WASL_CTTGCCGAGGAAAGTGAAGA,WASL,560,59,118
WASL_ACGTTGGTGACCCTCCGCGG,WASL,1931,207,305
WBP1_TGGAACCCAGACTCGCGCCC,WBP1,894,92,136
WBP1_GAGCAGTGCTCCCAACCAGA,WBP1,116,73,35
WBP11_AGTGACACCGACAAATCAGA,WBP11,182,3,4
WBP1L_CCCGGGCATCGATCCCACCA,WBP1L,3367,636,1096
WBP1L_CCGGGCATCGATCCCACCAG,WBP1L,2846,498,347
WBP1L_CCTGGTGGGATCGATGCCCG,WBP1L,1478,296,516
WBP1L_CCCTGGTGGGATCGATGCCC,WBP1L,423,38,83
WBP1L_GACAGCAAAGAGAAGACGCC,WBP1L,61,0,31
WBP2_TCACAACGTCTACATGCCCA,WBP2,644,16,52
WBP2_AGAGTAGCCATAGGCTCCAC,WBP2,320,72,97
WBP2_CGGACAGCGGATGCTCCAGG,WBP2,417,154,144
WBP2_CATCAAGGGAACAGTGAAGG,WBP2,1279,494,325
WBP2_ACGTGCCAGAAGCCTTCAAA,WBP2,1255,95,162
WBP2_TGATCGTCAATAACACCGAG,WBP2,1038,191,245
WBP2NL_AGCCACACCGAGAACCGCCG,WBP2NL,1458,368,230
WBP2NL_TAGGGATGAGGGCTCCGCGG,WBP2NL,834,0,31
WBP2NL_AGGCAGCTTTCACCATCAAC,WBP2NL,884,318,341
WBP4_TGGTGGCGGAGAACCCAAAG,WBP4,797,236,357
WBSCR16_CTTGTGTTGACTGACAGGGA,WBSCR16,1215,163,93
WBSCR16_TCGCCTGGAGCTGGACCAAA,WBSCR16,1135,295,117
WBSCR16_CAGCTCCAGGCGATAGGGCA,WBSCR16,708,210,250
WBSCR16_AGCTCCAGGCGATAGGGCAC,WBSCR16,620,133,25
WBSCR16_CGAAGCGGCAGAAGCCGAGG,WBSCR16,666,76,39
WBSCR17_CGATGTCCTCCAGCAGCGAC,WBSCR17,1044,808,639
WBSCR17_GACGATAATCCGGAATGGAA,WBSCR17,1045,140,182
WBSCR17_CGGACCGCAGGATCACCGAC,WBSCR17,1026,425,456
WBSCR17_TATGTCCACAAACGCTACCC,WBSCR17,241,118,135
WBSCR17_ACTCGGCCCACGGGTACAGC,WBSCR17,287,480,280
WBSCR17_CCTGGCATGGATGTATACGG,WBSCR17,2376,751,607
WBSCR22_TGAGAATGGCGTCCCGCGGC,WBSCR22,523,0,31
WBSCR22_TCCGGGCAACGCCAGCAACA,WBSCR22,2162,642,985
WBSCR22_GATATCAATCATCCGTGAGC,WBSCR22,54,0,0
WBSCR22_CTGGCTTGAATGGGATGCCC,WBSCR22,708,13,41
WBSCR22_GGCAGGCTTCTCCGGTGGCA,WBSCR22,60,93,0
WBSCR22_GCCTTCGACCTTTATACCAG,WBSCR22,1196,49,67
WBSCR27_TTGTCTACCTGTACCGAAAG,WBSCR27,1599,278,311
WBSCR27_ACACACAGGGACCTTCGACG,WBSCR27,1829,320,240
WBSCR27_AGAGAAAGTACCTTCCGGGC,WBSCR27,1277,101,297
WBSCR27_CACAGGCCTAGTGGCTGCCG,WBSCR27,647,131,124
WBSCR27_GAGCCCAGCGGTCATAGAAA,WBSCR27,393,319,188
WBSCR27_AGCTCCATTTCTATGACCGC,WBSCR27,681,140,176
WBSCR28_TGCTCTTGGTGGTAGTGACC,WBSCR28,743,169,109
WBSCR28_GAAGTCCCACTGCTTCCGAC,WBSCR28,705,120,156
WBSCR28_GCTCAAAGGCAGCCTGCAGC,WBSCR28,605,216,28
WDFY1_AATAGGGTCCCACCAGAGGC,WDFY1,113,2,118
WDFY1_TGTTCTGTTCAAGCTTCAGC,WDFY1,334,37,151
WDFY1_GCCACGACAAGTGTGTGAGC,WDFY1,1209,0,93
WDFY1_TGGTAAGCCATAGCAGAGCA,WDFY1,657,386,590
WDFY1_GCCCAGCATTTACCACACAA,WDFY1,2017,636,566
WDFY1_TCGATCTTGCTCAGCAGCAC,WDFY1,1646,167,181
WDFY2_TCATCAGCGTCTCCGAGGAC,WDFY2,1322,60,201
WDFY2_CTGTCCATAGGTCTAGACAA,WDFY2,1007,288,244
WDFY2_GATCCTGTTTGTCCTGGAGC,WDFY2,1136,84,76
WDFY2_TCTGTTGGGACCCAGTCCAG,WDFY2,1131,96,99
WDFY2_TGTCGTCTGGAACATGGACG,WDFY2,1988,399,293
WDFY2_CAAACTCGAAGCCCATCAGG,WDFY2,384,8,83
WDFY3_CTTGATGACTATCCAACAGC,WDFY3,1119,98,169
WDFY3_CCTGAGTTGGATCCTTCAAC,WDFY3,1081,141,184
WDFY3_ACCAGCTGGTATTACCACAG,WDFY3,1602,169,120
WDFY3_TTCTGAGCCAGCTCCTCCGC,WDFY3,706,150,105
WDFY3_CTAAGAACTTACCTGACCAG,WDFY3,1458,292,240
WDFY3_ACAACTCCGTGAAGAGCCGG,WDFY3,309,68,60
WDFY4_AGATCTGCTTTGCCACGGCA,WDFY4,1302,146,355
WDFY4_TTCAGCCAGCCTTTGGAGAC,WDFY4,4396,1185,1566
WDFY4_GAGCAAGCTCGGTTGGCAGC,WDFY4,22,79,137
WDFY4_TCTTCTCTTGCAGGAGACGC,WDFY4,289,76,28
WDFY4_GATTGCCCTTAGCACGCAGA,WDFY4,302,96,167
WDFY4_GGAACAGAGCCGAGGAGACG,WDFY4,1231,68,368
WDHD1_AGCCGAATTGACAGCAACCC,WDHD1,1157,105,203
WDHD1_AGCAACAGCAGGGCGTGGAA,WDHD1,780,24,143
WDHD1_TTGACACCACAGGTCCAGCA,WDHD1,1087,26,4
WDHD1_GGTGTAGAACCTGACTGAAA,WDHD1,297,56,40
WDHD1_GGTATCTAGCAGAGTGGAAA,WDHD1,298,40,36
WDHD1_TGCAGCTAAATATTGCCCAC,WDHD1,665,0,8
WDPCP_CGTCTTCACTCGAGGACAGC,WDPCP,474,222,271
WDPCP_TTAATAAGCTGCCACCCAAG,WDPCP,686,258,175
WDPCP_CAAGCATCATCGTTGACCAG,WDPCP,658,293,492
WDPCP_AAGCCTTTCTGGGCCGCAGC,WDPCP,471,127,101
WDPCP_ACAATATCAGCGACAGAGCA,WDPCP,1642,370,512
WDPCP_GACGCCTACTCCAAAGCGGC,WDPCP,80,135,1
WDR1_GATAGTTGATGTACCCGGAC,WDR1,253,118,135
WDR1_TACATCTATGACGGGAAGAC,WDR1,1070,365,268
WDR1_GCGTGGACATCAAGCAGAGC,WDR1,769,113,165
WDR1_TCTTTGATCTTCCCAGCGAA,WDR1,644,20,14
WDR1_CACAGAGCACGCCCATCAGG,WDR1,1575,59,126
WDR1_CATTTGTGTCTCCGCAGAGA,WDR1,538,0,0
WDR11_CAACGCCCACAACAAGGCGG,WDR11,84,500,17
WDR11_ATCGTCTGGGATGTAGCAGC,WDR11,435,369,449
WDR11_CAATATAGTGCTTACCAGCG,WDR11,1530,470,312
WDR11_TAAACCATCACGCTGAAAGC,WDR11,553,294,133
WDR11_CCTGCCATCACTCACTACGA,WDR11,1318,210,91
WDR12_CGGCAATTTCAGAGGCAGCA,WDR12,1407,9,187
WDR13_AAGTCTTAGCAGTGGACGCG,WDR13,607,195,142
WDR13_AGCACTGCCTGGCTCGGAGA,WDR13,144,32,48
WDR13_AGCCTCTGCTGACAGAACGA,WDR13,932,363,161
WDR13_AGGCAAGTCGGGCCATGGCC,WDR13,936,204,34
WDR13_GGCGAAGTCGGAGACACCAC,WDR13,333,519,66
WDR13_CTCTGGGCGGGTGATGACCA,WDR13,478,123,299
WDR16_AATTTCGCCGGAGGCCCAAG,WDR16,134,90,71
WDR16_CGTACTCCAAATATCTGCCA,WDR16,705,62,106
WDR16_ATGAGGACTGTGCAACCAAG,WDR16,935,311,359
WDR16_AAACATCTCATCCCGGCACC,WDR16,376,265,91
WDR16_TGGCCAACTGAGTGCCAAAC,WDR16,1180,703,791
WDR16_TTCTACCTTGGCACCACGAC,WDR16,1281,679,1101
WDR17_TATGTGCTGCCAGTGGAGAC,WDR17,478,305,369
WDR17_GAGATGGTCCAAATGAACAG,WDR17,777,241,288
WDR17_CTTCTGTACAGTGCTTAGCC,WDR17,1187,130,346
WDR17_ATCTGCTCATATCTGGCAGC,WDR17,227,188,244
WDR17_TGTAGAGTCACGGGAGCAAG,WDR17,1671,149,248
WDR17_ACTTTACCACACAGTAGAGG,WDR17,567,137,148
WDR18_ACTCGCCATTGAGCAGCGCC,WDR18,319,59,0
WDR18_ACATGATCTTCTGCTGGAGC,WDR18,1098,342,281
WDR18_TCTCCTGCCTTCAGTTCACA,WDR18,654,129,145
WDR18_CACCGTCTGGTCCAGTGAGG,WDR18,1864,15,49
WDR18_GAGCACCATATGTTCTGCGG,WDR18,756,0,0
WDR18_GCCTTCGCAGCCCGGACAGA,WDR18,630,12,15
WDR19_GCCATGGATTGGGATAAAGA,WDR19,1580,258,538
WDR19_CTTTAACAGTTCCAACAGCC,WDR19,761,446,502
WDR19_GGAAGGTGACACGATAAGAC,WDR19,1215,380,500
WDR19_GGGTAGAGAGTGCTAGCAAC,WDR19,445,89,202
WDR19_AACATCTACCTTAGCACCCA,WDR19,634,391,333
WDR19_CAGCTGTCCTATTGCTGCCC,WDR19,356,118,274
WDR20_CTTTCCAAGATGGCGACGGA,WDR20,953,502,411
WDR20_GCCTCTGCTTCAATGTGGGC,WDR20,186,78,210
WDR20_CCTTAAGTGGACGGTGGGCG,WDR20,323,238,365
WDR20_CTTAAGTGGACGGTGGGCGA,WDR20,1450,886,579
WDR20_GGCAGAGCACTTCTGCAGGC,WDR20,101,112,120
WDR20_CGCTACACTACAGTTCCACC,WDR20,1474,309,439
WDR24_CACTGGAGGGCGCGACAAGA,WDR24,1437,201,186
WDR24_TGCCAGTCGCAGCAGAAGAC,WDR24,1765,270,255
WDR24_AGGATGCGGCAGCTGAGCAC,WDR24,500,49,92
WDR24_CGTGGTGGTCACGTGGAACC,WDR24,1272,454,780
WDR24_AGGGCTGACAGTGTGGACGG,WDR24,952,49,242
WDR24_AAGAGGACCACTTCCGGCGA,WDR24,378,181,260
WDR25_TTAAAGCGGGCAGCTGCCAG,WDR25,570,63,10
WDR25_CACCTAACAGACCTTGAAAC,WDR25,2246,675,972
WDR25_TTGGGATATAAGGACTGGCA,WDR25,880,175,250
WDR25_GACATCCTGTTCCTCCGGGA,WDR25,419,87,0
WDR25_CATCCGGTAGGGCCACACAG,WDR25,1535,7,12
WDR25_CTGCAGTGTGCATGCTCGGC,WDR25,1003,65,592
WDR26_TTCCATCACTCAAGCACCAA,WDR26,1231,1163,936
WDR26_AGTGTGGCTTGGAATCCAGA,WDR26,67,44,20
WDR26_GATGGCACTAAACTAGCAAC,WDR26,48,10,16
WDR26_GGCAGGCGGTGGAACTACAA,WDR26,623,196,232
WDR26_AGAATACCTGGAGGATGGCA,WDR26,398,90,178
WDR26_GCCTGCTTGTCGGCCCAGAA,WDR26,1938,669,869
WDR27_CGGCAATCTTCCCGCCAAAG,WDR27,4005,1672,1692
WDR27_GAACCGCACTGCGGATCAAA,WDR27,724,115,268
WDR27_TAACCTGGCAAACCTGGAAG,WDR27,292,99,69
WDR27_ACCATTATCGTCGTGTGGCA,WDR27,324,61,146
WDR27_GAGTTCTGTCCCTGGCGAGC,WDR27,322,93,178
WDR27_GGTGAAACTCACTCTAGGGC,WDR27,4,9,34
WDR3_CTACACTTACCTCAGTCCGG,WDR3,1641,20,1
WDR3_GGACATAGCTTATCTGCAAG,WDR3,380,148,0
WDR3_AGAGGATGGTGCCTTTGAGA,WDR3,811,8,27
WDR3_GCTGGTTCCATAATGCGGGA,WDR3,245,14,25
WDR3_TCTGCAAGATGAAATCCAGC,WDR3,563,15,0
WDR3_ATGACTACCTGTCTATCACC,WDR3,59,0,0
WDR31_TCCTGATCCATCCAGAGACA,WDR31,961,322,461
WDR31_TGCTCTTGGTAGAAAGACGC,WDR31,1326,565,1029
WDR31_AGCATCTGTCTCCAGGAACG,WDR31,1671,372,577
WDR31_TCACCACATCCCACAGAAGC,WDR31,2791,429,941
WDR31_CATGACCATCCTGTCACGAG,WDR31,976,179,120
WDR31_CACGAGAGGCACTGAAGAAC,WDR31,2887,644,634
WDR33_TGACCTCGAACCTAATAGCC,WDR33,393,31,31
WDR33_TTCTGGACTCGAAACCGACC,WDR33,723,1,0
WDR33_GAGCAGAGAATATGCCCAAG,WDR33,631,0,0
WDR33_AACTTGTTTCCGACAGGGCA,WDR33,1127,185,168
WDR33_TGGATGTTGACAGCAGACCA,WDR33,1223,0,0
WDR33_CTCCCTTAGTGGACTCCAGA,WDR33,935,21,18
WDR34_GAACAGCCTAGGGTCAAAGC,WDR34,881,216,147
WDR34_CACTCAGCACCTGGAAGCGG,WDR34,1186,280,136
WDR34_CTTCGTGTGTGCCTGGAACC,WDR34,846,250,374
WDR34_TGGTGGCCTGTGCCTACGGC,WDR34,799,50,240
WDR34_CCTCGAAGCCATCAAACGCG,WDR34,2332,362,612
WDR34_CAACACCAGCGCTTCCCGCC,WDR34,691,110,132
WDR35_TAGCCGAGCACTGATTGAGA,WDR35,1243,117,219
WDR35_GAGATGTCTGGGATATGAAG,WDR35,400,99,38
WDR35_ACACCATCCATTGATCCAGA,WDR35,449,259,330
WDR35_TGTACGTAGTAGGCATCCAG,WDR35,1172,170,261
WDR35_CAGTTGTTCGCAGTATGAGC,WDR35,703,73,137
WDR35_ATAGCATGCGGTGGTGAAGA,WDR35,171,320,371
WDR36_GAGAGGAGCTGGGATCGCGG,WDR36,644,179,37
WDR36_ATACTTCTGGGCAGTGAACA,WDR36,1123,27,21
WDR36_GCGCCATTTGTGACAAGAAG,WDR36,1670,758,970
WDR36_CATCTACCTTACAGCTCACA,WDR36,727,0,31
WDR36_GGGACATAATCTGCAGGAAG,WDR36,1035,105,67
WDR36_CACTTCTTCCTGAATCACGA,WDR36,346,59,132
WDR37_CTAACAGCTCGGAGCAGGAG,WDR37,2610,469,584
WDR37_GAGTACATCGGCCACCGGGA,WDR37,474,76,270
WDR37_AAGTGCCTAGTCAAGTACGC,WDR37,1003,214,212
WDR37_CTTACACTAGTGTCAGCAAC,WDR37,1156,219,356
WDR37_TGAAGTAGAGTGCTCTGACA,WDR37,1272,277,389
WDR37_AGGAGGTCACCACGAGCCGC,WDR37,450,59,70
WDR38_CCGGGTGCCCATGAACAGCG,WDR38,1519,428,461
WDR38_TATGGCTGGGAGACCCGGAG,WDR38,1778,374,277
WDR38_TCGCTCTTGCCACATCCCAC,WDR38,309,99,128
WDR38_CAGCCCTGACTCGAGACAGC,WDR38,84,94,109
WDR38_CACTGTGTCCCTCTAGCGCC,WDR38,718,312,477
WDR38_GATGGTCTTGTCCCAGGAGC,WDR38,37,35,3
WDR4_TGTGGTCTACATCTTCCAGC,WDR4,469,24,23
WDR4_TGCGTGGCGCTCCTGTGCGA,WDR4,1667,35,87
WDR4_CCCGGGCTGAGTTGGCACCA,WDR4,2434,115,79
WDR4_CGGGTGTGGCCGTCTAGAGC,WDR4,1640,255,468
WDR4_GAGGACGCGCCCTTGGACCA,WDR4,428,60,49
WDR4_CATGGCGGGCTCTGTGGGAC,WDR4,166,11,0
WDR41_GCAGCTGAGCCTGTACCAAC,WDR41,990,410,404
WDR41_AGATGATCAGCTCTCCGACG,WDR41,1574,337,527
WDR41_CCACAGAAGGATCACTAGAA,WDR41,1297,1018,1003
WDR41_AAAGGTGGCTAGTCTTACAC,WDR41,430,109,233
WDR41_AGGCCGAGAACCGCAGGGAC,WDR41,903,98,173
WDR41_CCGCTGCCCGGATGTTGCGA,WDR41,1462,318,394
WDR43_TATGGGAGACGGCCAACAAC,WDR43,838,0,0
WDR43_TCCCTATGTATCAGCCCAGA,WDR43,58,12,10
WDR43_TCAGCCTACTATTGAGCGAG,WDR43,668,96,0
WDR43_TTGATAGCTGCATGATGACC,WDR43,671,0,0
WDR43_CCGAGCAAGTAGAGAGCAAG,WDR43,1994,280,508
WDR43_CTCTCCCTTAGCTTACAAAG,WDR43,1981,53,18
WDR44_TGTTCTAGCCACAATAGGAC,WDR44,847,69,28
WDR44_GATTTGGCAAGTGCTACCAG,WDR44,547,81,34
WDR44_GCAGAAGAGAAACTACCAAC,WDR44,1186,6,27
WDR44_CCCTTCTTACAGTAATGACG,WDR44,2074,131,261
WDR44_GGCCGATTACTTGCCTCAGC,WDR44,7,19,159
WDR44_TGTCAGGTATGTTCCAAAGG,WDR44,3128,210,34
WDR45_TCCCTGTCCAGACCACGAGC,WDR45,316,272,448
WDR45B_GCCTTTCCGGGCACGCACAC,WDR45B,1638,768,600
WDR45B_GCTCTACGCCGGCTTCAACC,WDR45B,258,30,77
WDR45B_CCGTGTAACCCTCACGGCAA,WDR45B,1152,295,375
WDR45B_TGCCGTGAGGGTTACACGGC,WDR45B,551,408,562
WDR46_GCAGCTCTGAATGCTCGAGC,WDR46,266,21,27
WDR46_GGTCACAGCGGCGGATACAG,WDR46,303,0,0
WDR46_CGAGATCAACGTCATGGAGG,WDR46,1328,86,112
WDR46_AACTCGAAGCCGACTTGAGG,WDR46,640,0,14
WDR46_CTGGACCACTTCCACAGGGA,WDR46,1863,235,277
WDR46_AAGAACCCGGAGTCCCAGCG,WDR46,854,99,30
WDR47_GCAGAGACTTGTAACGCAAC,WDR47,550,178,78
WDR47_GGGAGTCTTTCAAGGTCGAA,WDR47,509,77,105
WDR47_CAAGGTGATTCCTCCAGAAA,WDR47,1367,215,373
WDR47_TGAAGGAGGCGTGAATCAGG,WDR47,917,41,159
WDR47_TAAAGCAGGATTCAGAGAGC,WDR47,592,737,211
WDR47_TCACATTAGTATGCTGGCCC,WDR47,655,344,366
WDR48_CGGAGTGTCAACATGCAAGA,WDR48,4288,923,613
WDR48_ATGGAGTGTCAATCAGCACA,WDR48,391,58,40
WDR48_AAAGGCCTTAGCATATGCCA,WDR48,365,0,0
WDR48_TTCCCAGTTGATTCATGGCC,WDR48,465,126,72
WDR48_TATACATCTCTGCTGGCCAA,WDR48,267,25,13
WDR48_GCAACCCAAATTGCAGGAGG,WDR48,1033,151,244
WDR49_GAATTGGACGGCTATTACAC,WDR49,746,129,69
WDR49_ACATCCTTCAACATTGCCCA,WDR49,121,267,189
WDR49_ACTAGCAGGCCGTTCAAACA,WDR49,2016,593,290
WDR49_TGAGCAAGATGAACGAGCAA,WDR49,2332,572,426
WDR49_GCTAAAGACAAGACAGAAGC,WDR49,443,68,91
WDR49_GCATTTGAAGACTATGGCAC,WDR49,705,65,283
WDR5_AACCATATCTGGTCACAAGC,WDR5,583,47,134
WDR5_GAGGGACTTACGGCCGAGAC,WDR5,441,19,1
WDR5_CGATGAGCGTCTTCAGGCAC,WDR5,691,51,54
WDR5_ACTTGTCCAGCGTGGCGGCC,WDR5,1045,141,174
WDR5_CAGTACTCACTTGTCCAGCG,WDR5,902,15,0
WDR52_GGATCTTCATAGTCATCACC,WDR52,503,48,191
WDR52_CCGTTATCTTGCGGATACAG,WDR52,1281,339,461
WDR52_AATCCACAGAGGATGGGAGA,WDR52,862,240,213
WDR52_ATTCTGACCCTGAGAGCACC,WDR52,114,32,51
WDR52_ACACACTGACTATCTGGAAC,WDR52,571,324,751
WDR53_ACCAAGCTCTATGCCTCACA,WDR53,679,222,184
WDR53_GGCATAGAGCTTGGTGGGAC,WDR53,854,253,141
WDR53_AGGACACACGCGGTTCCAAG,WDR53,391,36,19
WDR54_CGTCGTCTCTATGGTGGCGG,WDR54,1153,386,249
WDR54_CACCCTCCTTAGCGTGGAGC,WDR54,767,330,219
WDR54_GGAGGACACACCAGTGGACC,WDR54,243,80,37
WDR54_TTCCAGATGTACGAGTCCAA,WDR54,932,335,305
WDR54_CACACAGATGAAGTGGCCAC,WDR54,231,106,128
WDR54_CATTGTACTGAGCGAGGAGC,WDR54,866,235,196
WDR55_CGCTGAGGATGGGAGCGACG,WDR55,1123,182,95
WDR55_TGAGGATGGGAGCGACGAGG,WDR55,303,10,75
WDR55_AGATGTGGAGCAGGGCCAAC,WDR55,593,199,157
WDR55_TGAAGAGTACATCGCAGACA,WDR55,2561,0,22
WDR55_CTGCTCTACTCTCTACAGCG,WDR55,1130,154,179
WDR55_GGTCATGGCCACTACTGGCC,WDR55,103,52,61
WDR59_TGCAGATGGATGCGGCAGAC,WDR59,1370,728,689
WDR59_CTTCTCAGGTTCCGGCAGAA,WDR59,2277,295,365
WDR59_AGGACTATCAACTGGTGACG,WDR59,661,32,84
WDR59_TATTGAGGTATTTCCGAGGC,WDR59,187,14,173
WDR59_CGCCGTCATGGCTGGTGGCA,WDR59,903,936,615
WDR59_CCACAGAGCTGGTAACCAGG,WDR59,1486,138,305
WDR5B_TATGGGATTATAGCAGAGGC,WDR5B,240,168,132
WDR5B_CAGCATCCCAGATTCTACAG,WDR5B,2947,518,1543
WDR5B_TCTGATTGGCCGATGAGGAG,WDR5B,1516,195,510
WDR5B_CTGATTGGCCGATGAGGAGA,WDR5B,1880,274,173
WDR6_TTCAGCTCCCTTCTTAGCCG,WDR6,2772,590,547
WDR6_CGAGGACTACGTTTGGCCGC,WDR6,177,116,17
WDR6_ACACCACAAACTCATTGGCA,WDR6,1207,280,211
WDR6_CACACGAGGCACCCAACCAG,WDR6,2462,705,875
WDR6_CATCAGTAGCTGCGCTGCAC,WDR6,265,50,241
WDR6_ACATGGGCAGCATGTGCACA,WDR6,114,102,450
WDR60_CTGCGGGAAGCGATGGAGCC,WDR60,1185,652,1196
WDR60_GAGGTGCAGGGATCCCGACC,WDR60,410,2,19
WDR60_GCTGCAGTACGGAGACAGCA,WDR60,507,483,799
WDR60_TCTCCATTAGCATGGCCACG,WDR60,1003,162,93
WDR60_GAAGTGTGGACCCAGCACCC,WDR60,439,252,216
WDR60_TTGAGCCCTAAGATTCCAGC,WDR60,749,18,221
WDR61_GGTCAAGGAGCGAATGGGCA,WDR61,401,0,1
WDR61_GATTCCATCTATGGCTCCAC,WDR61,233,0,0
WDR61_GCTGGATGCAGCAATGGGCA,WDR61,734,13,0
WDR61_CACAGGCTCCCTAGATGACC,WDR61,1406,0,1
WDR61_GGTTAAGGAAATGACCAACC,WDR61,390,0,3
WDR62_CGGAACTCCCGCCATGACAG,WDR62,2391,473,305
WDR62_ACCCTGCCAGGTAGGCCACA,WDR62,1416,152,176
WDR62_AGCACATCTTTAACACCGCC,WDR62,0,23,29
WDR62_TGGGAAGTACATAGTGACAG,WDR62,1668,215,536
WDR62_TGGTGCTCAACGTCTGGGAC,WDR62,228,170,251
WDR62_TCTGCCAGTTCAATGAGAAG,WDR62,1554,393,206
WDR63_TGCAGCCCAAGTCAGAACCA,WDR63,1598,543,807
WDR63_AACCACCTGTCTCTAAACCA,WDR63,282,54,0
WDR63_TACCGACCTTCATAGCCCAA,WDR63,564,67,113
WDR63_TGGAGGCTGTATCAATGGGC,WDR63,903,113,362
WDR63_TCCGTCTTTGAGAATCGAAG,WDR63,1070,275,196
WDR63_GGCTTATCTTGGTTGGACAG,WDR63,482,84,185
WDR64_TGTCCCTATGGATATCAGGA,WDR64,659,326,275
WDR64_ACACGGATGCATCTGCAGAC,WDR64,311,158,345
WDR64_GAATCGTAGCCACAACCGAA,WDR64,779,351,179
WDR64_CGGCAGAGATGGTCAGGCAA,WDR64,3435,689,835
WDR64_AGTGTTGGCTCCTCTTGGCA,WDR64,825,165,132
WDR64_TCTGCAGCTGTCGATGAAAG,WDR64,2263,885,691
WDR65_AGAAGATATTGTTGGCCACG,WDR65,1060,201,322
WDR65_GAACTTTGCGCTTCCGGCAA,WDR65,782,75,160
WDR65_AATCTTGTCATCAGCCACCC,WDR65,760,169,162
WDR65_GCCATTGCAGCCTATTCAAA,WDR65,1322,489,302
WDR65_GCTGATCTCTGTCAGGGACA,WDR65,304,259,79
WDR65_GATGGATCGATCCAGAGAAC,WDR65,267,188,20
WDR66_GGCTGGAGAAGTCCAAGAGA,WDR66,709,108,189
WDR66_ACACTTACCAAGGGATACAC,WDR66,946,239,406
WDR66_AATCCCTGCATACCTGAAGG,WDR66,309,250,211
WDR66_TGGATCGCCACAGCAGACAA,WDR66,1905,370,471
WDR66_GGCGTCGTGGGTCATGGCCA,WDR66,534,264,262
WDR66_CTGGTACAGTCACTTGAAAC,WDR66,2428,844,1067
WDR67_TTTACCCGTCCCGCGTGGCC,WDR67,658,161,221
WDR67_CCTTCTGTATACCCACAGAC,WDR67,739,202,273
WDR67_AAGCATGCCTAAATACCGAC,WDR67,460,65,52
WDR67_TTGACATCTGTGACGAGCCC,WDR67,1044,162,273
WDR67_TTTGACATCTGTGACGAGCC,WDR67,889,369,658
WDR7_ATCGTAACAGGATGTCACGA,WDR7,1770,157,218
WDR7_TGCCATCACTCACATCCCAG,WDR7,1588,66,207
WDR7_TCTGTTGGGAATCAGCGAGA,WDR7,413,41,28
WDR7_ACTAGGACCTGAACACAACA,WDR7,371,210,287
WDR7_TAGAAGAACCGAGTAACAGG,WDR7,724,144,166
WDR7_AGTGTGTACATACCAGCACA,WDR7,369,178,170
WDR70_CATGAGATAACGCTGAAGCA,WDR70,2626,0,0
WDR70_ACCTACCTCCACGAGAGGCA,WDR70,2,0,0
WDR70_GGCCGAGTTGGAACCCACGG,WDR70,338,1,51
WDR72_CTCACCACCATAGAATGAAC,WDR72,1257,372,440
WDR72_GGCAAGGTAATGGCCCAAGC,WDR72,903,242,356
WDR72_GGTGCTTCCGGGCATGCAGG,WDR72,10,0,0
WDR72_AGATACCAGTAACTGCCACC,WDR72,347,81,61
WDR72_TCCGGATGACAGGAGAAGGC,WDR72,969,285,299
WDR72_GATTGTGACTGGAAGTCAAG,WDR72,117,198,187
WDR73_AAGATGCTGGTGTCAGCGGG,WDR73,185,97,235
WDR73_TATGATGCCACATCTTGGGA,WDR73,609,77,16
WDR73_CCAGGGCTGCGATTCTCCAA,WDR73,651,4,1
WDR73_TTGTTGACACCCGGCAGAAG,WDR73,1845,40,284
WDR73_AGAGATTTCAAAGTGCGCCA,WDR73,459,0,10
WDR73_CCGTACGATTTACAAGCGCA,WDR73,745,0,0
WDR74_TAGTCCACTCACCTTGCCGA,WDR74,202,0,0
WDR74_CCATAGGTGGTCTCTAGGAC,WDR74,403,169,94
WDR74_GCGGGTTCCCATCTGGGACC,WDR74,33,0,21
WDR74_ACGTTCTTGGCCCTGAACAC,WDR74,537,77,21
WDR74_CATGTTCCGTGGCCTCGCCC,WDR74,704,9,13
WDR74_CGAAGGCGTCAGTCACGCCA,WDR74,1274,112,119
WDR75_CTGCGCAAAGATGGTGGAGG,WDR75,558,117,71
WDR75_CTGCATCGCATCTGGTCACA,WDR75,501,46,52
WDR75_CAATAGTAGCTCCTAAACGC,WDR75,1282,71,64
WDR75_TTTGCTAGCTGTAACCAAGG,WDR75,875,59,36
WDR75_ACTGGGATCTATTTAGCCAC,WDR75,179,0,0
WDR75_ACTCACACCAACAAGCAAAC,WDR75,1505,27,96
WDR76_CGGGATTGTCACCCTACGAA,WDR76,2001,627,692
WDR76_GCTGGTAATGAAACTCCCGA,WDR76,253,29,17
WDR76_CTCAGTGACAGTATGTGGGC,WDR76,2470,243,322
WDR76_TTCTGCCAAGAAGTCGAAGG,WDR76,1066,99,81
WDR76_TCACTGGGCGATGGCTGACC,WDR76,816,195,171
WDR76_CTGTGTCATAGTTGGCAGCA,WDR76,1539,688,575
WDR77_GAGGTTCTGTGGGCACAACG,WDR77,858,834,418
WDR77_TGTACTCTTGGTGTCCACAA,WDR77,1395,31,33
WDR77_TGTGTTTCTTTCATGCAGCG,WDR77,1479,131,70
WDR77_AGCCTCCGTTTGGACTCCGG,WDR77,541,25,0
WDR77_CAACTGCCGTTCCATGCAGG,WDR77,509,20,120
WDR77_ATGCGCCCGCCTGCATGGAA,WDR77,1539,34,224
WDR78_TATTTGGCTGGCACTGAAGA,WDR78,830,400,197
WDR78_GACCTGTATGGCAACTACAG,WDR78,312,282,380
WDR78_TTAGCCGTTGGCTATCACAA,WDR78,863,213,300
WDR78_ATCAGGACCAAAGATTGCCA,WDR78,270,4,4
WDR78_AGTGGATCTGGATGGTAAAG,WDR78,748,180,210
WDR78_TGACTGCCTGCCGGAGAGAC,WDR78,130,178,154
WDR81_GCGCTGGGTTCTGGGAACGA,WDR81,2915,228,445
WDR81_CAGGCACTAGGGCCACCACG,WDR81,1732,193,269
WDR81_CATAACAAGACGTCAGCAGG,WDR81,746,124,153
WDR81_GACACGATGTCGCCCAGGAC,WDR81,1074,1138,815
WDR81_CTTACGGCTGTTCAGTCGGC,WDR81,153,144,219
WDR81_GCTGCATGAGCTTCGGCAAC,WDR81,1488,212,337
WDR82_CGCGGAACACCTTAGCGACG,WDR82,1573,95,72
WDR83_AAGACGCTGGACTGCGGGCA,WDR83,502,155,163
WDR83_ACGCTGCTGCGGACGTACAG,WDR83,1787,232,218
WDR83_AGTAGTCTCTGCTCCGGCGG,WDR83,422,566,84
WDR83_GCCTCATCCAGCGTCTGCAC,WDR83,179,0,12
WDR83_GAGACGCTATGACCTAAGGA,WDR83,434,41,31
WDR83_CGGCTCCTGGACAAAGACAC,WDR83,2206,243,106
WDR83OS_TTACCTTTCCCTAGCTGAAG,WDR83OS,1034,323,134
WDR83OS_CCGGGTTACATTCGCTCGGC,WDR83OS,73,63,70
WDR83OS_CGGGTTACATTCGCTCGGCG,WDR83OS,571,465,389
WDR83OS_CCCGCCGAGCGAATGTAACC,WDR83OS,2532,458,582
WDR85_TCGGGAGCACATCCTGGCCA,WDR85,1589,584,514
WDR85_TCGTCTCATTCACCATCAGG,WDR85,277,170,80
WDR85_TGGACAATGGCTCCAGCACG,WDR85,1654,617,466
WDR85_CCTCAGGTGTCACATCCCGG,WDR85,520,438,480
WDR85_TTCTTTGGACCTCGACCAGA,WDR85,427,261,43
WDR85_CTGTTTCGCCCTGCAAACGG,WDR85,2381,1270,1150
WDR86_GCGAGGCGGTGTAGAGCACC,WDR86,195,112,203
WDR86_AGACTGCGCGTCGAAGGCCC,WDR86,152,281,206
WDR86_ACCAGCTGCGAGGAGGAGCA,WDR86,1102,236,100
WDR86_TCGGGTCTGGAGTGTGGACA,WDR86,2022,554,469
WDR86_GCGCCGACTGCACCATCAGG,WDR86,1103,151,314
WDR86_CTTGCAGGAGCGCGCAGCAC,WDR86,1166,78,143
WDR87_TGAGGCCGCACCAATTGAGA,WDR87,256,198,79
WDR87_CCCAGCAAAGGCCAAAGACG,WDR87,2117,821,739
WDR87_AACTGTAGGAGGTTTCAGGG,WDR87,1186,117,373
WDR87_TCCGAGAACTAGCTTGGGAA,WDR87,545,294,171
WDR87_TGTATCATTCAGTAGCCGAC,WDR87,460,44,178
WDR87_TGATGTCACCCAAGAGAGGG,WDR87,1122,78,96
WDR88_TTCTCAGGCAACAGATGCGG,WDR88,975,301,222
WDR88_AGATCAATTTCTCCGGCACC,WDR88,388,114,214
WDR88_GCATCACCGGCGACAGCAGC,WDR88,211,197,98
WDR88_ACCTTTGATGACGGAAACGG,WDR88,1215,88,247
WDR88_CTTAGTGATGGTGAGCAGCG,WDR88,644,503,547
WDR88_GGAGAACTCACCGCCGCCAA,WDR88,183,69,1
WDR89_TAACCCTTGAAGAGCTGAAC,WDR89,499,96,61
WDR90_CGTCTTCAGACACTTCCGGG,WDR90,1122,91,13
WDR90_CCTTGGAGGACACATCGAGG,WDR90,1207,245,212
WDR90_AGTTTAAGTCTACGGCCACG,WDR90,171,93,65
WDR90_CTGCAGATCGAGCTGCAGGC,WDR90,671,309,187
WDR90_AATGGCATTCCCTGTGCCCA,WDR90,249,68,15
WDR90_TTGCTGGAGGCCACCGGGCA,WDR90,1726,695,726
WDR91_TGTGCTTACCTGACCACCGA,WDR91,507,246,288
WDR91_TGTCTCCAACATGGACCGCC,WDR91,74,223,177
WDR91_AAGTTCAGGATCACAGGGAC,WDR91,923,162,484
WDR91_GGATATGCATGCACTGAAAC,WDR91,1577,641,471
WDR91_GGTCCACAATCTTATCCACC,WDR91,309,95,81
WDR91_TCAAGGCGGACAAGGAGAAG,WDR91,1986,256,391
WDR92_GGCAGACTTACTACTTCCAG,WDR92,377,0,0
WDR92_AGAGCTCCCTGTTCTGCGGC,WDR92,693,98,184
WDR92_ATTGTGACTGGCAGCCGAGA,WDR92,536,0,18
WDR92_ACCATGGGCAACTTCGCACG,WDR92,1382,344,172
WDR92_ATCATCGCCCATATCCAGAA,WDR92,716,7,32
WDR92_AGGCTTCTCGAAGGCCGACA,WDR92,333,37,28
WDR93_TCTGTGATGTCATTCCCAAG,WDR93,1031,370,317
WDR93_AATCTTGCCTTGTAGGAGGA,WDR93,280,219,72
WDR93_GATCAAGGACTGCTACGGAC,WDR93,1075,12,216
WDR93_CAAATAGGCAGCTAGGAAGA,WDR93,1179,296,300
WDR93_CCTGTGTCCTTGGTATACAC,WDR93,1749,430,597
WDR93_GGGAGGACTTACCTTTGGCC,WDR93,475,120,78
WDR96_TGCATAGTCGGGTGAAGCAA,WDR96,2105,223,110
WDR96_TGAGATCTTTCGGCAACGAC,WDR96,645,405,478
WDR96_TTGGACTTGATAAGCACAGC,WDR96,738,82,9
WDR96_CTCTCTCCCAGAATTTGAAC,WDR96,2095,1016,579
WDR96_GCTTTCCAGGATTGACCAGA,WDR96,56,28,206
WDR96_AACACCGCACCTCACGGACA,WDR96,451,368,125
WDSUB1_TACCGAAGATTGGTCAGAGG,WDSUB1,893,302,337
WDSUB1_GACCTGGAAACACTTTGCCA,WDSUB1,550,87,77
WDSUB1_GAACATCTGGCAATTTGACC,WDSUB1,767,182,156
WDSUB1_ACACATTGACTCAGCACACC,WDSUB1,2259,1106,912
WDSUB1_TTGGCATCGTGTTCAACAGA,WDSUB1,962,156,403
WDTC1_TGACACATCCTGAGTGACCC,WDTC1,826,112,176
WDTC1_CTGTGGCGATGCGCTTCACC,WDTC1,1097,112,111
WDTC1_GATGTCATAGAGCCTCACGA,WDTC1,398,22,111
WDTC1_GGGTTTCTGCCGGTCACAGA,WDTC1,312,74,104
WDTC1_CACAGAGCTACTAGTCAACA,WDTC1,1854,1120,1140
WDYHV1_TGTAGACGCAGGCGTCCCGC,WDYHV1,318,8,40
WDYHV1_CTGTAGACGCAGGCGTCCCG,WDYHV1,1475,312,258
WDYHV1_TGGAAACAACAGGCGAGACC,WDYHV1,1172,531,371
WDYHV1_ATGCAGGGATATGGCGGCGG,WDYHV1,394,205,448
WDYHV1_TCAATGCAGGGATATGGCGG,WDYHV1,849,251,121
WEE1_GAAGATCAGCTTCTGCCGCA,WEE1,34,41,28
WEE1_GCGGAAGGTCTTGTGTGGCG,WEE1,500,122,214
WEE1_CCATGAAGAGAGAACTACCC,WEE1,797,92,13
WEE1_TCATCAACAGAGCCCGCCAA,WEE1,418,29,15
WEE1_TGATCTCCATTTCTCGGAAG,WEE1,2666,70,139
WEE1_AGCACTCTTCACTGACCGGA,WEE1,23,47,62
WEE2_CTCCTGCTGTCTGGTTGGGC,WEE2,739,331,532
WEE2_GGTTGGTGATTTCTCCAACA,WEE2,554,234,222
WEE2_TTATTGATGTTGCGTGGCCC,WEE2,579,148,246
WEE2_GCATGGCACCATATCCGCAA,WEE2,1382,248,569
WEE2_AAAGTTCAAGACTGCCACAC,WEE2,640,158,435
WEE2_TATACCCATCATGGTGACAC,WEE2,119,226,386
WFDC1_CCCATCCCAGGCACTTACAC,WFDC1,2220,1783,767
WFDC1_CACCGGCGCTGCTGCTACAA,WFDC1,2721,1290,1316
WFDC1_GGGCGGCACAGCTTCTAGGC,WFDC1,474,106,179
WFDC1_CCTCGATGGCTTGGTGGCAA,WFDC1,249,258,266
WFDC1_AGCAGAGGCGTGCAGCACCA,WFDC1,929,306,286
WFDC1_GCGTGCAGCACCACGGAGGA,WFDC1,552,1198,596
WFDC10B_GATGGTGTCTTGTGAAAGGA,WFDC10B,589,289,85
WFDC12_GGCCATACCCTGAGCCAGGA,WFDC12,627,353,168
WFDC12_AGTCCTGGTCTGTGTGACAC,WFDC12,346,274,181
WFDC12_AAGCAGCGTACGTTGTCAGC,WFDC12,691,219,174
WFDC12_CCACTAGGTATAGAGAAAGC,WFDC12,1664,461,822
WFDC12_TAACTCCTTCCACAGCCACC,WFDC12,381,171,113
WFDC13_ACAGACTATCCCACAGAAGG,WFDC13,1357,335,412
WFDC2_AGCGGGCCTAGGCGACAAGC,WFDC2,504,119,171
WFDC2_GGGTGAAGCCGAACAGCAGC,WFDC2,481,168,147
WFDC2_AACCTCAAGTGCTGCAGCGC,WFDC2,1333,74,176
WFDC2_TCCGTGTCTTTAGGTGCCAG,WFDC2,698,107,140
WFDC2_ATTTCATCTGGCCAGGACAC,WFDC2,321,77,121
WFDC2_CAGATGAAATGCTGCCGCAA,WFDC2,543,226,115
WFDC3_AATCAGCACAGCTAGGGCAC,WFDC3,649,307,32
WFDC3_ATCAGCACAGCTAGGGCACC,WFDC3,199,202,43
WFDC3_TGCCTGTTGTTCCCACAGGG,WFDC3,1391,170,126
WFDC3_TGCCTCGGAGACATTGAGGG,WFDC3,1604,62,12
WFDC3_GGGCATAAATGCTGCAGCAC,WFDC3,529,119,118
WFDC3_GAACAGAAGTGCTGCACCAC,WFDC3,338,542,297
WFDC5_GCAGGCCAGTGATTATCAGA,WFDC5,908,126,43
WFDC5_GCCAGTGATTATCAGAAGGC,WFDC5,764,226,360
WFDC5_CAGAAGGCTGGAACCACCGC,WFDC5,766,454,786
WFDC5_GACAGCACTATCTCTACCAG,WFDC5,403,174,356
WFDC5_GATTGCCGGGATCCTGCCAG,WFDC5,221,8,0
WFDC5_TCCCTGTGTTGCAGTGAAGC,WFDC5,1059,562,561
WFDC6_AATCAGGCACACGTGGAGAG,WFDC6,408,165,235
WFDC6_TCATCTATGGCGGTAGCCAG,WFDC6,293,37,26
WFDC6_TTCATCTATGGCGGTAGCCA,WFDC6,102,36,14
WFDC6_AAGTGTTGCCCGTTCAGCCG,WFDC6,1938,536,393
WFDC6_AGGATGCCTTCAGCGTGCCC,WFDC6,270,40,90
WFDC8_CGTTCAGTGAAAGGGAAGAG,WFDC8,1441,1396,1018
WFDC8_TGGACATCGCTACCTTGAAA,WFDC8,2698,655,591
WFDC8_CAGAAGTCCACTCCAAAGCA,WFDC8,3540,592,466
WFDC8_GGACTGTCCGAACTGAAGGA,WFDC8,601,299,206
WFDC8_TGGACTGTCCGAACTGAAGG,WFDC8,1313,434,806
WFIKKN1_CTGTGAGCGCGAGTGTAGCA,WFIKKN1,854,465,517
WFIKKN1_GCGCGAGTGTAGCAGGGACC,WFIKKN1,1263,272,225
WFIKKN1_CTGCCGCGACCGCTGTGAGA,WFIKKN1,531,263,128
WFIKKN1_GGTCGTAGTGCCAGAGGACA,WFIKKN1,527,87,68
WFIKKN1_TCGCAGCCACCGTACACGAA,WFIKKN1,4097,1105,810
WFIKKN1_ATCATGGGTGAGGTGCGCGA,WFIKKN1,1745,261,326
WFIKKN2_CCCATCCGCTATTCCCACGC,WFIKKN2,2398,498,703
WFIKKN2_GCCGGCGTGGGAATAGCGGA,WFIKKN2,445,109,223
WFIKKN2_GGGTGCATGGTGGTCTCAGG,WFIKKN2,612,180,89
WFIKKN2_GGTCACCAACATTGCCCAGC,WFIKKN2,515,28,67
WFIKKN2_AGGCCTCATAGGTCTCAAAG,WFIKKN2,533,449,431
WFIKKN2_TCACTCTGCTTCACGTGGAC,WFIKKN2,276,414,342
WFS1_GCCGCTGCGTCTCTAACACC,WFS1,258,123,71
WFS1_CCTTTGAAGAAGTCCTGGAG,WFS1,782,363,421
WFS1_CTCTTCTGTCCGCCAAGCAC,WFS1,794,568,662
WFS1_ATTCTCCAGCAGCTCCGCCA,WFS1,1600,236,62
WFS1_ACTCACACTCGCTGCTGACC,WFS1,977,329,428
WFS1_AGCCAAGAACTACATCGCGC,WFS1,739,332,176
WHAMM_GCACTCTTCCCGGCTGAGGG,WHAMM,753,200,284
WHAMM_ACTGACACCGCGTGGGAAGC,WHAMM,1274,69,220
WHAMM_GGTGAATTACTGACACCGCG,WHAMM,150,229,121
WHAMM_GAGTCACGTGGTCGCTCAGC,WHAMM,167,68,96
WHAMM_TGCGCTCCAGAGAATCAAGA,WHAMM,712,458,350
WHAMM_CCTAACCATCCCACTGGCCA,WHAMM,1224,519,1098
WHSC1_TCTTCCCGTTGGCACTGCCG,WHSC1,942,79,70
WHSC1_CTTGAGGGTTGAGATGAAGC,WHSC1,618,150,104
WHSC1_TCCTCGCTCAAGAGCCAGGC,WHSC1,686,76,96
WHSC1_AAGAGCTGAAGATGCTGCCG,WHSC1,151,0,3
WHSC1_AATGCTTGGACTAGTGAGCA,WHSC1,1005,203,125
WHSC1_TGGTGCTTCGTGTGCTCCAA,WHSC1,783,266,225
WHSC1L1_CTATGCTTAGGCATTCCGGG,WHSC1L1,762,71,42
WHSC1L1_TCTCCAGAGTGATAGGCAAC,WHSC1L1,669,64,383
WHSC1L1_TTGCAGCACTCTCCCTCACA,WHSC1L1,1547,654,396
WHSC1L1_AGTTTGTCGAGAAGAGGCAC,WHSC1L1,446,167,131
WHSC1L1_ATTCCACAGGGTCGGCGGAC,WHSC1L1,370,380,411
WHSC1L1_GCGGCACACAAGTGCGGAAG,WHSC1L1,332,187,114
WIBG_CAAACGTAACCTGAAGCGAA,WIBG,674,219,79
WIBG_CAAAGCCTAACCACGTACAC,WIBG,1444,324,198
WIBG_ATACCATCAAGGCCAGAGGA,WIBG,607,246,292
WIBG_TATGTTACTGACGAGACCGG,WIBG,106,61,61
WIBG_CACCTGTCTCCGTAGCCGCA,WIBG,638,221,241
WIBG_AGCCCTGCGGCTACGGAGAC,WIBG,799,344,279
WIF1_CCTCAGGGCATGTATGAGGC,WIF1,281,102,89
WIF1_TGCCCACAACCCTGTCGAAA,WIF1,1666,1024,944
WIF1_TGCCCAGGCGGGTGCCGAAA,WIF1,343,191,260
WIF1_TATCCAGGGAGCGCAAGGAC,WIF1,275,301,528
WIF1_TACCTGGCAAGCTGCAGGGC,WIF1,441,31,147
WIF1_CCTATGGATCGATGCTCACC,WIF1,268,172,182
WIPF1_AGGCAAAGATCACCTCGGGA,WIPF1,366,37,203
WIPF1_AACTGGCAAGAAACGAAAGC,WIPF1,671,264,275
WIPF1_GACCACACCTCACCTTCACA,WIPF1,443,206,111
WIPF1_CCGCGGTTTCCAGGGAAAGG,WIPF1,2678,363,492
WIPF1_AGCTGAGATCCACGGCCAAC,WIPF1,1066,857,640
WIPF1_TGGAACAATCCTCCCAGACC,WIPF1,2772,347,332
WIPF2_ACCTGATGAAATGTGGGAGG,WIPF2,471,85,204
WIPF2_GCTGAGTAGAGATGAGCAGC,WIPF2,168,166,218
WIPF2_CTCGGACTCACTCTCGAGGA,WIPF2,676,480,673
WIPF2_CGACCTGTGGGAGCCAAGGA,WIPF2,1551,400,671
WIPF2_CGAGAGAGGTCCGGTAAAGA,WIPF2,2389,839,723
WIPF2_CCACCACCTGTGATCCGAAA,WIPF2,2845,1038,748
WIPF3_AGACACCTCCAGCTTGCGAA,WIPF3,1260,501,604
WIPF3_TATTGCGACCAGCAGGCCAG,WIPF3,947,188,113
WIPF3_TGTCACTAAGAACCGAGGCC,WIPF3,790,268,334
WIPF3_CTGTGGTAGGTGATCTCGCA,WIPF3,778,941,618
WIPF3_GGTTTATATTCATCCGGAGG,WIPF3,642,72,41
WIPF3_TTTCCTTCAGGCCGTACACC,WIPF3,1016,293,206
WIPI1_GACGGTACACATCTTCAAGC,WIPI1,677,184,233
WIPI1_AGTTCCGGAGAGGGATGAAA,WIPI1,717,255,280
WIPI1_AGGTCACCGTCAACTTACCA,WIPI1,983,199,330
WIPI1_GGTTTGCAGGAATATCCAGG,WIPI1,392,376,99
WIPI1_TGATACACGTTCATCTGCCG,WIPI1,173,126,78
WIPI1_TCTGAGTTCTGTGGAGCAGC,WIPI1,490,190,162
WIPI2_ACTGCTACTTGGCGTACCCA,WIPI2,325,47,144
WIPI2_ACTCACCTTCTCCGAAGCCG,WIPI2,996,369,372
WIPI2_AGTTTCGGAGAGGAGTAAAG,WIPI2,973,371,342
WIPI2_GGAGCAGATGCTCACGCACC,WIPI2,206,52,65
WIPI2_GAGGAGCCCACCACCTGGAC,WIPI2,467,85,86
WIPI2_TTGTTGGTGGGTGCCGCCGA,WIPI2,661,270,357
WISP1_TGCCTGGACGTCAGTGGCAC,WISP1,724,5,105
WISP1_ACTGACGTCCAGGCATGAGG,WISP1,189,75,117
WISP1_GAGGTGTCCTCCAGTGGAGC,WISP1,324,116,135
WISP1_TATGTGAGGACGACGCCAAG,WISP1,414,125,146
WISP1_AGGCATTAATCCATAGGACC,WISP1,429,186,160
WISP2_GCTGCCGGGTATGTGCACGG,WISP2,1086,671,554
WISP2_ACGGCCGCCTGTATCGGGAA,WISP2,1153,292,328
WISP2_CGGCCGCCTGTATCGGGAAG,WISP2,1570,937,749
WISP2_AGCCCACAGGTGGTCGAGCA,WISP2,3355,1355,879
WISP2_AAACAGTGCCTTCTAGAGCC,WISP2,941,215,171
WISP2_TAAAGTGTTGCCTGCAGCCA,WISP2,1116,698,795
WISP3_TACCCGGAGCAATGAACAAG,WISP3,466,227,177
WISP3_TCACCAGGCTCACTCCAGGA,WISP3,1147,1160,1220
WISP3_CTCACCAGGCTCACTCCAGG,WISP3,2382,304,505
WISP3_GACAGGCCTAGGTACGAGAC,WISP3,804,75,244
WISP3_TGTTGGGTGCGAGTTCAACC,WISP3,493,104,579
WISP3_TGATCAGTCAAACTGTAGCC,WISP3,419,526,554
WIZ_TCACGCCCATTTGCCGCAGA,WIZ,561,351,319
WIZ_TGCTCCACGGGCTCATCAGG,WIZ,434,44,46
WIZ_CAGGCTCTTCTTAGGGAGCG,WIZ,421,466,542
WIZ_GGGCACCGTGAGAGGTAAGC,WIZ,564,162,515
WIZ_CTAGAAGGTTCTTACACCAC,WIZ,1373,259,290
WIZ_TCGATGTTCTCCCTTGGCGC,WIZ,1478,383,358
WLS_TATGGAGAAGACCAGTCCAA,WLS,209,20,97
WLS_AGTCATGGCAGCGCAGGCCA,WLS,544,43,157
WLS_CCGGCGGCTACACTATGAGG,WLS,1289,577,598
WLS_TACAGACATTGGAACAGAGC,WLS,848,141,245
WLS_GCCACAGAAGATGATCCAGA,WLS,143,155,130
WLS_TGGCCCATGAAAGAGTACCA,WLS,993,411,545
WNK1_TTCCCTGTTCCTCTCGCCGC,WNK1,759,82,140
WNK1_CGGTCTGGCAACCCTGAAGC,WNK1,1911,345,183
WNK1_GACTTACACTGGTCACGCGA,WNK1,534,176,47
WNK1_GATTCCTGTCTGGGAAGCAC,WNK1,185,0,2
WNK1_GCTGATGGGACGGTTGACAG,WNK1,1953,280,174
WNK1_GACATGCTACGGCCACGACG,WNK1,517,321,414
WNK2_GGCAGGCGCGGTTTCGACAG,WNK2,145,85,141
WNK2_GCGGCAGCGGTTCAAGGAAG,WNK2,1080,296,487
WNK2_TGCGGCCCAGATCTACCGCA,WNK2,813,248,375
WNK2_ATCGTGCACTTTCTCAAAGC,WNK2,1736,593,530
WNK2_GAGCTCGCGGAGGAGGACCA,WNK2,72,130,170
WNK2_CCTGTGCATGGTAGGTCACC,WNK2,223,179,436
WNK3_CTCTACCATGTTATCTCCAG,WNK3,770,427,138
WNK3_TCAAACGATGGGCTCTCAAA,WNK3,793,253,422
WNK3_AGTTTGCTGAGCGGGAGCAA,WNK3,612,38,84
WNK3_CAACCCAGAGTCTTAAAGCA,WNK3,1805,410,581
WNK3_GACTCCTCCTATTATTCACC,WNK3,61,38,34
WNK3_CCTTCAAATGTGTTGAGAGG,WNK3,672,337,367
WNK4_AGTCTGGGACATGAGGACGG,WNK4,1106,140,302
WNK4_GCGGCAGCGCTTCTCAGAGG,WNK4,1647,207,333
WNK4_GGTTCCGGGAGATGAAGCCG,WNK4,405,121,62
WNK4_TGCCGCGCAAATCTACCGCA,WNK4,1520,247,308
WNK4_TCCGCACGGATAAGAACGAG,WNK4,1319,362,335
WNK4_GCCTTCTTCCGCGAGGAGCG,WNK4,353,59,79
WNT1_GGCCACTGCTGTTGGCAGCC,WNT1,218,94,101
WNT1_AGACTCCAAGAGTCTGCAAC,WNT1,774,245,258
WNT1_TGACGATCTTGCCGAAGAGG,WNT1,575,138,296
WNT1_TCCCACAGGCTGTCGAGAAA,WNT1,1959,675,553
WNT1_TCTTCGCTATCACCTCCGCC,WNT1,435,35,53
WNT1_CCCAACTTCTGCACGTACAG,WNT1,2682,956,1251
WNT10A_ACCAATTCAGGGACCAGCGC,WNT10A,1660,412,199
WNT10A_GCGCTGGAACTGCTCAAGCC,WNT10A,1237,523,454
WNT10A_CACCACGCCAGCTGCTGCGA,WNT10A,1560,171,244
WNT10A_ACAGGCCTTCAGTTTGCCCA,WNT10A,295,91,118
WNT10A_TCGAAGTAGACCAGGTCGGC,WNT10A,482,10,23
WNT10A_AAGAGTGCCGCATCACCGAG,WNT10A,518,253,125
WNT10B_ACAGCCATCCAACAGGCGGC,WNT10B,97,125,180
WNT10B_ATTCGTGCCTGGATGTCCCG,WNT10B,441,383,367
WNT10B_GATGTGCAGACCCTGAAGCG,WNT10B,2423,313,265
WNT10B_TAGCTGCCGCTTGCTCAGGC,WNT10B,112,117,114
WNT10B_GACTGCACAACGCCAGGAAC,WNT10B,1610,491,306
WNT10B_TCGACATGCTGGAGGAGCCC,WNT10B,560,205,190
WNT11_ACACAGACCGCGTGGTCGAG,WNT11,717,351,548
WNT11_GCTCCCACGGGACACAAGAC,WNT11,1069,476,534
WNT11_CCGCAAGCACCTGGTGCCCA,WNT11,1046,532,379
WNT11_GGCCGACAGCGCATACACGA,WNT11,1771,558,610
WNT11_GGCCTTCATGACCTCGCGGG,WNT11,630,156,178
WNT11_TTCGCCCTGGCGCTCCAGAC,WNT11,2062,429,731
WNT16_CAGGGAGACCCTCTTCACAG,WNT16,1874,901,572
WNT16_CCTACGGAGCCCAAGGAAAC,WNT16,4064,923,1157
WNT16_CTCAGCTCGTAGCCAAAGAG,WNT16,1821,610,1075
WNT16_TGCTCAGCTCGTAGCCAAAG,WNT16,1859,691,616
WNT16_TGAGCCGCCGTTCTGCAAGG,WNT16,1065,333,430
WNT16_ATGTGGTCAGGCACGTGGAG,WNT16,698,77,169
WNT2_ACGACACCTCCCATGTCACC,WNT2,661,36,80
WNT2_CATCCTGGTTCATGACCACC,WNT2,1276,298,374
WNT2_CTTTGCATCCACAAATGCGC,WNT2,486,246,92
WNT2_CTTCTTTGGATCACAGGAAC,WNT2,1647,866,781
WNT2_TTAGCCAGGGCGTGGCCGAG,WNT2,1276,294,413
WNT2_GGCTCCCTCTGCTCTTGACC,WNT2,458,50,143
WNT2B_CATGTTGGATGGCCTTGGAG,WNT2B,1218,74,15
WNT2B_TGAGAGCCACACTTACCACC,WNT2B,1174,243,595
WNT2B_GCTGCCGGCTCACCAAACCA,WNT2B,846,179,458
WNT2B_CTGGTCATGGTGTCGGCCAC,WNT2B,1224,65,176
WNT2B_TGTGCGGCGGTTTCTGAAGC,WNT2B,295,543,309
WNT2B_CCTGCAGTGCCTAGGGAACC,WNT2B,1949,632,376
WNT3_GATCGCAGCCATCGATGCCG,WNT3,62,71,68
WNT3_AACGAAGGCCGACTCGCGGG,WNT3,198,42,155
WNT3_CTATGGTGGTGCAGTTCCAG,WNT3,1095,226,166
WNT3_AGATGTGTACTGCTGGCCCA,WNT3,840,68,56
WNT3_ACCAAATTGGGTAGCCAGCG,WNT3,3446,1387,866
WNT3_CCTCCTGCTCGGTGGCACCA,WNT3,775,262,251
WNT3A_AGGAGTAAGAAGTATCCGAG,WNT3A,64,97,65
WNT3A_TTCGGGCCCGTGCTGGACAA,WNT3A,1728,472,622
WNT3A_GGCCACACCGGCTGAGGCAA,WNT3A,1136,234,304
WNT3A_CACCAGGGCTCACCAGGCAA,WNT3A,1240,432,405
WNT3A_ACCTTGAAGTAGGTGTAGCG,WNT3A,1994,710,1159
WNT3A_GGTGGATGGAACCTTACAGG,WNT3A,140,57,65
WNT4_GCGTGACCCACCTGGCGGAA,WNT4,921,726,649
WNT4_GGATGTGCGGGAGAGAAGCA,WNT4,1212,38,170
WNT4_GCACGCCCGCGTCACTGCAA,WNT4,129,95,369
WNT4_TTCGGCAAGGTGGTGACGCA,WNT4,1584,524,462
WNT4_TCTCAGCCGCCGCGAGCAAC,WNT4,1050,90,122
WNT4_CAGCGAACGCAGGCACGAGC,WNT4,294,349,472
WNT5A_CTCGCCCACCACACAAGACC,WNT5A,3124,790,430
WNT5A_GGTGGTGAACGCCATGAGCC,WNT5A,88,6,66
WNT5A_CATACGCGGTGAGCGCAGCA,WNT5A,78,103,64
WNT5A_ATCGGAGAAGGCGCGAAGAC,WNT5A,767,121,211
WNT5A_GCATGTGGTCCTGATACAAG,WNT5A,2338,643,475
WNT5A_TTCAATTACAACCTGGGCGA,WNT5A,619,454,171
WNT5B_CCAATTGTACCAGGAGCACA,WNT5B,2818,60,257
WNT5B_AGCACCAGTTCCGGCAGCGG,WNT5B,1290,177,168
WNT5B_GCGTGGTCAACGCCATCAGC,WNT5B,434,193,127
WNT5B_TGCCAAAGGATCAGAGGAGC,WNT5B,1203,510,369
WNT5B_GACGTAGCCTGCAAATGCCA,WNT5B,865,96,63
WNT5B_GCCATGCGCGTCACCCGCAA,WNT5B,1137,262,339
WNT6_TGGTAGGGTCCATAACCAAG,WNT6,1196,277,241
WNT6_TCCAGTTCCGCTTCCGCCGC,WNT6,1639,219,66
WNT6_AACAGGCCTGCGTGACGGCG,WNT6,1071,68,43
WNT6_TGTGCAGTTGCACCAACGCG,WNT6,966,72,136
WNT6_CATTTCGCGAGGTGGGCGCG,WNT6,419,104,18
WNT6_CATGGGCACCAACGACGGCA,WNT6,1010,296,233
WNT7A_GAGCCGTCTTGTTGCAGGCG,WNT7A,1086,545,387
WNT7A_CTACGGCATCGGCTTCGCCA,WNT7A,808,428,492
WNT7A_AGGCCAGTACCACCGGGACG,WNT7A,1511,767,995
WNT7A_AGCGGGCGATCTGCCAGAGC,WNT7A,1569,290,178
WNT7A_GGCCAATCGGGACTATGAAC,WNT7A,851,227,283
WNT7B_CTCTCGGAACTTGGGCAGCG,WNT7B,842,700,1062
WNT7B_TCAAGGAAACAACGGAGAGG,WNT7B,839,328,430
WNT7B_GGCTGCGACCGCGAGAAGCA,WNT7B,895,612,545
WNT7B_AGCAGTTCCAGCGTCCGAAG,WNT7B,865,242,310
WNT7B_CACTCACAAGTAGCTGCCGC,WNT7B,2,0,40
WNT7B_TGCACAGAAACTTTCGCAAG,WNT7B,3245,745,570
WNT8A_TTTCCTGATAACAGGTCCCA,WNT8A,238,172,42
WNT8A_TCGTGTAGGTCAGATAGGCC,WNT8A,417,317,608
WNT8A_ACCCACAACAGGCTGAGAAG,WNT8A,1576,437,118
WNT8A_TCCTTGTATATAGGAGGCCA,WNT8A,217,6,141
WNT8A_CAACAACAGGGCCGGCAGAC,WNT8A,1920,694,818
WNT8A_CCTAAAGGCCAAGTATGACC,WNT8A,532,115,197
WNT8B_TACCACTGCGAAGCCCACCA,WNT8B,490,119,127
WNT8B_TGACTCCCGCAACGGGCAAC,WNT8B,759,87,541
WNT8B_TTTGTCGATGCCCTGGAAAC,WNT8B,1566,544,413
WNT8B_CGATGCCCTGGAAACAGGAC,WNT8B,2185,224,447
WNT8B_GGCCGAGAGTGCCTAAGGCG,WNT8B,729,274,383
WNT8B_ACTTCTGTAGCCGCGCAGAG,WNT8B,1303,738,795
WNT9A_CATAGCAGCACCAACGCACC,WNT9A,2668,971,976
WNT9A_ACCTGGAGAACCGTGAGGCC,WNT9A,429,315,492
WNT9A_CTCGCTTGAGCAGGCTGGCC,WNT9A,1036,162,335
WNT9A_TCCAGTTCCGCTTTGAGCGC,WNT9A,1307,619,635
WNT9A_TACCCGAAGTAGGCGGCCGA,WNT9A,249,122,168
WNT9A_ACCCGAAGTAGGCGGCCGAA,WNT9A,372,126,289
WNT9B_TGACCCGAAGTAGGAGGCGG,WNT9B,449,164,215
WNT9B_TCTCTCTAGCCTGACCGGGC,WNT9B,170,29,115
WNT9B_ATTGGGCACTGCGGCAGCCC,WNT9B,300,73,65
WNT9B_AGACGCCCACAATACCCACG,WNT9B,1269,558,332
WNT9B_CACAGGAGCCTGATACGCCA,WNT9B,837,166,200
WNT9B_AGGTAGGGTGTGCTCCCGGG,WNT9B,1322,114,0
WRAP53_GACACAGCTGAGCCAGCCAC,WRAP53,665,0,0
WRAP53_TTGGGTGCTGAACTCTGACC,WRAP53,1207,31,0
WRAP53_CCTTCCACCATTCGAAGGAC,WRAP53,826,191,37
WRAP53_CTTTCGCGCCTACAACCACC,WRAP53,78,59,41
WRAP53_TGCCCTCCCAGCAAGGCGAG,WRAP53,1461,156,50
WRAP53_ACTGCCGGAGATCCCAGCAC,WRAP53,1585,24,47
WRAP73_TTACTCTCTGAGCTCGGGAG,WRAP73,2372,394,345
WRAP73_CCACGTACAGCGCTTACGAG,WRAP73,1645,1271,459
WRAP73_GCTACATGGCGCTGGCAGAA,WRAP73,1130,579,625
WRAP73_AAATAGACGAGGGCTCAGCC,WRAP73,943,330,190
WRAP73_CTGTGCGCCATGTACAAGCG,WRAP73,324,266,226
WRAP73_GGAGAACTTGCAGAGTAAGC,WRAP73,683,135,82
WRB_CGAAGGATGAGAAGGACGGG,WRB,641,240,102
WRB_GCCACTTACGAAGGATGAGA,WRB,363,89,127
WRB_CTGCAAGGGACACAGTACCA,WRB,2396,518,1165
WRB_TACTCGGCACGACAGCCACA,WRB,371,124,77
WRB_GGCTACCAGGCGGTCTAGAG,WRB,669,286,291
WRB_CTTCATCCGTTCAGCTGAAC,WRB,1149,348,625
WRN_AATGTTGCTGTCATGGCAAC,WRN,273,139,167
WRN_CCTAAAGACAGCACTGCCAA,WRN,466,129,203
WRN_GCCCGCATGGTATGTTCCAC,WRN,835,179,133
WRN_TTACGGTGCTCCTAAGGACA,WRN,761,123,230
WRN_AGGCACAGTTTATTTGGCAC,WRN,1251,224,555
WRN_TGGCATGCACTTATCCCAAG,WRN,1668,310,401
WRNIP1_GCACCTGGTGCAGCTGCGAA,WRNIP1,1023,451,283
WRNIP1_GGACACTTTCCTTCCTCACG,WRNIP1,638,170,115
WRNIP1_CACCGTCACTGAGGTAAGCC,WRNIP1,3281,1996,1739
WRNIP1_CCGCATGGACTTGTGCAGGG,WRNIP1,997,663,327
WRNIP1_CAAGCGGTTGCTGCCTACCA,WRNIP1,1312,245,354
WRNIP1_AAGGATTTGGGCTATGGCAA,WRNIP1,452,181,313
WSB1_CTTACAAGTTCTGAAGGCAC,WSB1,626,558,280
WSB1_CTTGCTACAGGGTTGAACAA,WSB1,1608,788,924
WSB1_CTCAAAGGTGCAACTTGCAC,WSB1,811,152,288
WSB1_CAAGTTGCACCTTTGAGCAA,WSB1,625,310,110
WSB2_CGTCACTGTCATCCATGGCG,WSB2,1995,330,129
WSB2_CGTAAGAAGCCGTGACAAGC,WSB2,1486,892,692
WSB2_AAGAGTCTTATCCCGTGACG,WSB2,1013,113,289
WSB2_CTTGCTACGGGACTCAACGA,WSB2,1739,457,355
WSB2_TGCTGGCCGAACTCAAGCCC,WSB2,1244,293,131
WSB2_CTCGCGTCCTCCATGGAGGC,WSB2,767,135,208
WSCD1_AGTTGCGGCTCCGGAGCCAG,WSCD1,392,195,64
WSCD1_CCGTGTGGACGAGCTGCAGC,WSCD1,825,289,250
WSCD1_ATTGGCCTGTATCAGGGAGC,WSCD1,492,63,91
WSCD1_ACACTCGTTGTACAGACAGG,WSCD1,393,199,348
WSCD1_AACCCACGAGAGTGGCAGGA,WSCD1,335,183,237
WSCD1_TCTCCCGTAACGTGGGCACC,WSCD1,102,149,44
WSCD2_AATTCCAGCGGTACTTCCGC,WSCD2,754,194,173
WSCD2_GGGTTACCTGTATGGCGGGC,WSCD2,460,0,58
WSCD2_AGCTGTCACGGGTAAGGCCA,WSCD2,920,562,572
WSCD2_GGGAAACCCACAGTGGCAGG,WSCD2,22,89,51
WSCD2_ACAACCGTTGCATGGACAGA,WSCD2,677,234,124
WSCD2_GCTTTGCTGCGCATGCCCAC,WSCD2,384,61,152
WT1_GCGGACTAATTCATCTGACC,WT1,203,90,126
WT1_GGGTCTTCAGGTGGTCGGAC,WT1,660,185,190
WT1_ACTTCAAGGACTGTGAACGA,WT1,1936,544,397
WT1_CCCTTCATGTGTGCTTACCC,WT1,2043,273,307
WT1_AACTGCGCCGCATGGTGCGA,WT1,579,101,292
WT1_ACAGCACGGTCACCTTCGAC,WT1,1448,402,212
WTAP_ACCCATACCTTCTTGGGAAG,WTAP,700,234,394
WTAP_GACTGCAGTCGTCTGACAAA,WTAP,356,361,217
WTAP_GGTTCCCGCCACGTTCAGAA,WTAP,501,280,154
WTAP_AGTCCAAGCCATTCTGAACG,WTAP,2059,641,875
WTIP_CGAAGCCTCACCCACCACCC,WTIP,1756,73,40
WTIP_CAGTATTCCTGGGCGCGGGA,WTIP,163,72,143
WTIP_CCGATCCAGCGGCATCAGCC,WTIP,408,111,168
WTIP_TGGCATCTACGGAGCCCAGC,WTIP,535,53,70
WTIP_AGGGAGACGACTCCGTGGGA,WTIP,28,28,8
WTIP_GGTTCCCTTCACCGTGGACG,WTIP,710,368,446
WWC1_CCAGGGTCCTACCTGTCCCG,WWC1,1144,277,251
WWC1_ATCCTCGAGTACAATGGCGG,WWC1,1098,316,321
WWC1_TAGGTGAAGAGGTCCTACCC,WWC1,508,12,92
WWC1_CTCTCTTCAGCTTGTTGACC,WWC1,1019,495,479
WWC1_AGCCGTCCTTCAACATGGCA,WWC1,887,575,417
WWC1_ATTGCGCCTTCGATATGAAG,WWC1,771,116,314
WWC2_GCCGCCGACCATGCCTAGGA,WWC2,425,400,351
WWC2_GGACTACCTCTCTGTGGCAC,WWC2,551,180,252
WWC2_AGAGCTCTCACAGATGAAGC,WWC2,715,202,78
WWC2_GACTCGATGCCAGGGAACCC,WWC2,380,19,214
WWC2_CACAGCAGCCGACACACAAG,WWC2,3488,707,628
WWC2_AGCCATTGTAGAGACCGCCC,WWC2,992,179,232
WWC3_GAGATAAGTCAACTCACAGC,WWC3,747,254,158
WWC3_CTCCTTCTCGCCTGTGCAAA,WWC3,1894,1135,985
WWC3_AGCTATCGGTCAGCTTGGCC,WWC3,1194,73,117
WWC3_AAGCACGGCCGAGGCTGACA,WWC3,1009,143,201
WWC3_GAGGTAGGATGTTAAGCGGG,WWC3,108,146,249
WWC3_ACAGCGAGGACAGCGAGGAG,WWC3,1035,499,583
WWOX_AGAGAACCACCAAGGACGGC,WWOX,939,96,182
WWOX_CACCTACTTGGACCCAAGAC,WWOX,2015,368,874
WWOX_CCAAGATCACATGTGCACCA,WWOX,3351,1088,1612
WWOX_CTCATTGCAGCATAAAGCCA,WWOX,2043,325,608
WWOX_CCCTGGAGTCTCACCAAAGA,WWOX,1427,530,427
WWOX_GAGGCTCAGTTCTTCTACAC,WWOX,600,159,121
WWP1_TGCTTACCAGTGTCATCGGC,WWP1,1008,339,288
WWP1_CTTAACATACCCTGATGGCA,WWP1,1555,488,214
WWP1_GCATGCCACACAACATAACC,WWP1,1683,414,781
WWP2_GGCATCTGCCAGCTCTAGCC,WWP2,33,157,142
WWP2_AGTGGTGTCCGCAAAGCCCA,WWP2,10,28,113
WWP2_TGTTCTTCAAGACGTTGGAG,WWP2,506,233,87
WWP2_AAAGGCAGCGTTGTCTCAGG,WWP2,717,131,77
WWP2_GCAACCGGCGAGCAAAGCCC,WWP2,640,67,134
WWP2_CAGAAGACTACTCACCCAGC,WWP2,880,93,216
WWTR1_GGGTTGACAGCAGCCTGAAC,WWTR1,1275,109,71
WWTR1_GCGGCTTCAGAGAATCCAGA,WWTR1,601,0,0
WWTR1_GCCATGGACCTCTGAGGCAC,WWTR1,544,4,0
WWTR1_CACATGGCAAGACCCTAGGA,WWTR1,1736,25,6
WWTR1_GAGGAAGTACCTCTGGCCAG,WWTR1,373,0,0
WWTR1_GCAAGTGATCCACGTCACGC,WWTR1,1492,100,22
XAB2_GGCTCGGGACGTGTACGAGG,XAB2,137,0,0
XAB2_CCGCAGCGGCCATTTCGAGA,XAB2,736,311,432
XAB2_GAAACGCTCGTCGTTCACCA,XAB2,822,0,62
XAB2_TGCCAGTTCCTCATGGACCA,XAB2,2283,76,208
XAB2_CTCGTATAGCTGATTGAGCC,XAB2,811,1568,478
XAB2_TCTGTGGACTCACGAAGACA,XAB2,981,91,88
XAF1_ACTTCTCGGTGTGCAGGAAC,XAF1,781,218,351
XAF1_GCTCCTCACACTCCGGACAC,XAF1,813,328,155
XAF1_GGTCCTGGAAGGCAGTCAGA,XAF1,468,0,45
XAF1_TACCTTATGAAACTCCAGCG,XAF1,1300,456,461
XAF1_TGTGCTTACCTTTCCCGAGC,XAF1,1306,338,775
XAF1_GATGTTGATTTAGGATCGGC,XAF1,149,77,57
XBP1_TACAGTGACTGTGGATACGG,XBP1,948,315,256
XBP1_AGATACCCAGCTCCGGAACG,XBP1,3122,740,701
XBP1_AGATGACCTCGTTCCGGAGC,XBP1,1003,126,28
XBP1_TGCTGCGGACTCAGCAGACC,XBP1,465,353,210
XBP1_GACTCAGCAGACCCGGCCAC,XBP1,1,1,0
XBP1_GACTGCCAGAGATCGAAAGA,XBP1,379,270,310
XCR1_AGATGAGCTTGACCGTGCGG,XCR1,1098,252,87
XCR1_TGTTCCGCTCACGCTCCAAG,XCR1,750,274,201
XCR1_GCAACAAGCAGGCGAACACC,XCR1,1022,235,71
XCR1_CATACTTCACCAGGACCCAC,XCR1,1141,242,326
XCR1_ACCCAGGCCTGGTTCTCACA,XCR1,554,63,128
XDH_GGCCCTTTGCTATGGTGGAA,XDH,327,190,285
XDH_GCTTAGCAACAGCATCCACC,XDH,552,251,439
XDH_TCGGTAGAACATGGACCCGA,XDH,432,15,47
XDH_GGAAATCTGTGCCGCTGCAC,XDH,253,56,136
XDH_CATACTCATGACGATGCCAG,XDH,624,276,203
XDH_AACCAAGCTCGGCTGTGGAG,XDH,311,72,137
XG_TCGGGCTGTGGGTAGTAAGG,XG,2718,389,257
XG_ATGACGGACGCTACCCGCCC,XG,327,102,144
XG_GGCAACTCCGACAACACGCA,XG,858,203,355
XIAP_CATCAACACTGGCACGAGCA,XIAP,2887,356,1386
XIAP_TATCAGACACCATATACCCG,XIAP,1830,111,370
XIRP1_TTCCACCACAGTCACCGAGC,XIRP1,1409,346,397
XIRP1_GGACACCTTTCTGGTGGAGC,XIRP1,306,75,130
XIRP1_GGCCATGTTGTAAGCTGGGC,XIRP1,1107,39,57
XIRP1_CCTCTGGCCAGATGTCCCAG,XIRP1,290,11,56
XIRP1_ATGGACCCAGCGATTACCCG,XIRP1,1419,299,299
XIRP1_GGGAGTCCAAGCAGAGAAGA,XIRP1,173,260,99
XIRP2_ATTCCCTGAGCAGTCGGCGC,XIRP2,455,169,209
XIRP2_CCCTGAAGGAGCGGATGGCG,XIRP2,940,196,168
XIRP2_TGCTTCTTGAAGTGCCAACC,XIRP2,1161,322,286
XIRP2_GAATTTAGCGGATCTGACAG,XIRP2,735,86,223
XIRP2_GCAATGGTGGCATCGGAAGC,XIRP2,1245,680,550
XIRP2_CTGGTAACAGTGAAGGGCAA,XIRP2,1298,559,365
XK_CCTGTTCGTGGCCGAGACAA,XK,966,485,336
XK_CCGTTGTCTCGGCCACGAAC,XK,3310,1076,1162
XK_GCAGCAGCAGTACGAGCGGG,XK,0,90,202
XK_CCCACCGATCAGCGTTCAGC,XK,732,203,515
XK_GACCAGGACTACAACTCGAG,XK,757,130,219
XK_ACCCTGTGAGCCGATAGGAA,XK,2266,583,341
XKR3_AACACTTTGCCTGACTGCCA,XKR3,229,48,168
XKR3_ATAAGCTACCTATTGGCCAC,XKR3,347,122,26
XKR4_TCATGGCCGCTAAATCAGAC,XKR4,791,373,280
XKR4_AACATCGCCGCGGCCAACAG,XKR4,1009,150,305
XKR4_CGCAGACCTGTGCTTGCCAC,XKR4,759,1002,570
XKR4_GGTATTCGAAGCCGACAGAG,XKR4,315,54,90
XKR4_TCTGGAAAGTGCTCCACAGC,XKR4,1229,161,582
XKR4_CTCACAGTGGACGATCCAGA,XKR4,1257,208,353
XKR6_TATGGCGTGCTGCATCCCAC,XKR6,553,83,19
XKR6_TCCGCCATGGATGATCCAGA,XKR6,646,174,180
XKR6_GATTCAGAGCCAGCGGCGGA,XKR6,224,23,56
XKR6_CCACATGAAGTTGCCTCACC,XKR6,696,187,179
XKR6_TGGTTCGTGCAGGACTACAC,XKR6,1145,361,613
XKR6_CTTCGCTCAGCTGCACAACC,XKR6,477,272,207
XKR7_AACATGGCCGCGAAGTCGGA,XKR7,69,99,106
XKR7_AGTAGGAGGCCGCCAGCCAC,XKR7,830,0,182
XKR7_TGCAGTTACTGAGCTTCCGC,XKR7,1597,395,716
XKR7_CGCGGGCGGCAATGCTGAAC,XKR7,909,559,583
XKR7_CTCGCAAGAAGTACCCGGCC,XKR7,1672,422,290
XKR7_GGAGTACTCCAGTGCCAGGA,XKR7,343,226,167
XKR8_GGTGCCCAGGTCGAGCAGGA,XKR8,186,190,78
XKR8_GCCGAGCGCATACTGGACGG,XKR8,454,140,95
XKR8_GAAGAGCTGCAGCGCCACGG,XKR8,592,38,229
XKR8_CTACGCCGACTTCCTCGCCC,XKR8,821,207,288
XKR8_GGATGGTGGCCACCGTCACC,XKR8,107,24,0
XKR8_TGCGGCTTGTGTACTACCAC,XKR8,665,522,426
XKR9_CTACTTCATTGCTTGCAAGG,XKR9,1972,780,1046
XKRX_TCGTCGACAAAGGGCAGAAC,XKRX,1459,757,992
XKRX_GACAGAGATCTCGTCGACAA,XKRX,1105,184,382
XKRX_CATAGAGCTGATAGGTCAGC,XKRX,46,43,47
XKRX_GGCATTGCGGTGCATAGCCA,XKRX,516,79,63
XKRX_TAGCCAGGGTCCGGATGGAG,XKRX,2259,375,440
XKRX_ACCTGATAACAGGTCCCAAG,XKRX,453,149,292
XPA_TAAGAAGCAGCGTGTGGAAA,XPA,2365,289,333
XPA_CACTGATGCTGCGCCAGGCC,XPA,913,260,159
XPA_TATCGAGCGGAAGCGGCAGC,XPA,0,16,61
XPA_GGCGGCTTTAGAGCAACCCG,XPA,126,12,11
XPC_TGCCGCTTCAGGGCATACAG,XPC,2551,392,320
XPC_CCTTTGTCCTCTGAGGAGCG,XPC,747,114,102
XPC_TCTGCAGCTCTTGACCCGGC,XPC,303,135,1
XPC_ACCTCTCAAACCTGGTGAAG,XPC,310,44,44
XPC_AGAGATTGAAACGCCAGAGC,XPC,412,231,244
XPC_CAACATGGCTCGGAAACGCG,XPC,891,255,548
XPNPEP1_TGGACTTGTAGGGATGCACC,XPNPEP1,910,94,141
XPNPEP1_AGGCATCTCCTGGAAGGACA,XPNPEP1,426,96,86
XPNPEP1_GCTTGCAAGGGCGCTCAGGA,XPNPEP1,551,297,239
XPNPEP1_AAAGCCCGCCGACAGTCACA,XPNPEP1,398,211,204
XPNPEP1_AGACGGCAGAATGCCTCCAA,XPNPEP1,423,29,32
XPNPEP1_TGCCCTCACCTTACTCGCGG,XPNPEP1,1694,215,544
XPNPEP2_ACCACAGAGGAGGACCAGCC,XPNPEP2,1115,139,207
XPNPEP2_GGTCTGCATCTGCTGGCGGA,XPNPEP2,346,287,378
XPNPEP2_ACATCGGCCAACATGACGAG,XPNPEP2,1336,299,462
XPNPEP2_AGCGGCAGATGGACTGCAAC,XPNPEP2,773,528,412
XPNPEP2_CTGAGTCACCCTCGTTAGCA,XPNPEP2,2568,608,1481
XPNPEP2_ACCCATTTATGCCCTGCAGG,XPNPEP2,774,290,172
XPNPEP3_GCCGCGGACGTTTGCTACAG,XPNPEP3,1519,727,858
XPNPEP3_AGGCCTTACCTGGTCTGAGG,XPNPEP3,597,71,346
XPNPEP3_GAGTGGGACAGACCAGACAG,XPNPEP3,1165,92,205
XPNPEP3_TCCGTATTATTGGCCCGGCA,XPNPEP3,2179,842,810
XPNPEP3_CGATTACCACCAGCCACCAC,XPNPEP3,1940,388,315
XPNPEP3_TGCCTGAGGTGCGGTGAACC,XPNPEP3,949,255,543
XPO1_GAGAGAAATAGCCCTACGGC,XPO1,365,0,0
XPO1_ACTGTGTAGGTGGAATAGCA,XPO1,1338,32,33
XPO1_GAGAACTGCATCCAACAGAG,XPO1,739,0,0
XPO1_TAGTGGAGCAATGCATGAAG,XPO1,465,0,0
XPO1_TAGTCGAATGGCTAAACCAG,XPO1,452,0,7
XPO1_CTTCCAAGGAACCAGTGCGA,XPO1,752,55,0
XPO4_TATTTCTTCCTCCTCACGAG,XPO4,560,95,105
XPO4_TGCCACCTAGCTGCTCCAGA,XPO4,563,189,170
XPO4_AAGTGCTGCATTGGAAGAAG,XPO4,976,436,619
XPO4_AAGTTCTGCAGGAGTTCAGC,XPO4,398,115,80
XPO4_TAGCGCAGTCAGAATAGAAC,XPO4,1072,438,223
XPO4_CCCAGAAGTGATCGCTCAGC,XPO4,1180,191,258
XPO5_CTCTCCTTGTTGTGCTCGGG,XPO5,676,31,80
XPO5_TCTAGGGCAAGTTGGAAGAC,XPO5,445,0,12
XPO5_CATCCTCTGCCAGTCGCAAA,XPO5,1293,581,808
XPO5_CGGCATGTCTCGATTGGAGA,XPO5,1076,358,613
XPO5_CAGCCAACCTCAAGCCACAG,XPO5,1930,79,58
XPO5_AAACGCGCTGTGCGAGCAGC,XPO5,61,82,64
XPO6_GAACAGATTCCTGCAGCGAC,XPO6,483,120,121
XPO6_GAAGCAGCAAGATGTTAGAG,XPO6,2563,113,150
XPO6_CACCTTATCGACAAGTCGCA,XPO6,994,59,106
XPO6_CGTGTTGTGTTCCAGGACAC,XPO6,1169,94,165
XPO6_TGGAGAAGGCGTGCGTGGGC,XPO6,1222,72,224
XPO6_ACATAGGTACGAAGATGCCC,XPO6,68,52,35
XPO7_TGCCAGCTACTCCTCGAAAG,XPO7,3504,1563,1592
XPO7_CCAACTTCGGCCGAGTGGCA,XPO7,1016,517,421
XPO7_TCTGTTACCTGATCTCCAGC,XPO7,239,93,80
XPO7_CCCTGTTTAACAATGCAGAG,XPO7,2902,1121,1201
XPO7_GGCTTTGACATACGGCACAG,XPO7,1740,1212,1063
XPO7_AATGTCCATTGGGCTTGCGC,XPO7,237,273,512
XPOT_CTCTTGACAGGAGGTAAAGA,XPOT,400,83,189
XPR1_CGGGAGTGATGTGCGCGGAG,XPR1,3206,1351,948
XPR1_CACGTTCCTCATGGGACAAG,XPR1,869,259,326
XPR1_TCGTGGAGCAGATTGGCGAG,XPR1,1271,602,480
XPR1_TAACCTGAGCAGCTCCCAAA,XPR1,864,299,173
XPR1_CTACTTACCGGCAAGCACAA,XPR1,2152,765,921
XPR1_ACGTATGGTTGGAGACAGGC,XPR1,330,1717,3410
XRCC1_TGGCCAGTTCCGTGTGAAGG,XRCC1,1711,423,356
XRCC1_AGGTACAGCTTACCTGGGAC,XRCC1,897,248,229
XRCC1_AGCCACTGCGGCTCTCGGAA,XRCC1,1031,386,262
XRCC1_GGCAGTTCAGCTGGAGGCGC,XRCC1,6,7,69
XRCC1_AAATGGCGGGCAGCCAAGGC,XRCC1,134,83,55
XRCC2_GACCTTATCTCTGTAAGGCA,XRCC2,624,80,13
XRCC2_CACATCACACAGTCGTCGAG,XRCC2,1107,68,238
XRCC2_TTCTACCTTCAAGTCGGGCA,XRCC2,1440,491,487
XRCC3_CTACACGATCAGTGCCGAAG,XRCC3,1703,0,29
XRCC3_CCACCGAGTCGATGACCACC,XRCC3,2355,52,39
XRCC3_CCAGATCTTCATCGAGCACG,XRCC3,2663,57,76
XRCC3_GGAACGTCAGTGCGCAGCCG,XRCC3,1139,214,312
XRCC3_TAAACTCCACGTGAACAGAG,XRCC3,848,294,292
XRCC3_AGCTCAGTGATGCCGTCCAG,XRCC3,709,6,1
XRCC4_GATGGTCATTCAGCATGGAC,XRCC4,28,1,34
XRCC4_AGAAGCTGATGACATGGCAA,XRCC4,537,94,381
XRCC4_AAAGCATTGTTGTCAGGAGC,XRCC4,556,74,158
XRCC5_AACCATGTTTGTACAGCGAC,XRCC5,158,420,604
XRCC5_AATCCAACCAGGTTCTCAAC,XRCC5,442,46,40
XRCC5_CCCATGGCCACCTAAGCGAA,XRCC5,2050,856,440
XRCC5_GAGCCAATGGTCAGTCGGCA,XRCC5,1530,118,99
XRCC5_TCACTTCCATAGCGGAACCC,XRCC5,836,46,27
XRCC5_AGCTAATCCTCAAGTCGGCG,XRCC5,858,176,258
XRCC6BP1_ATTGTCGTGCCCATGTCGAC,XRCC6BP1,726,57,30
XRCC6BP1_TGTTGGTGAACCAGTCGACA,XRCC6BP1,1212,141,154
XRCC6BP1_TGCTGATATTCCTAACAGCC,XRCC6BP1,1098,449,606
XRN1_ACTCCCTATTATGGCTGCAC,XRN1,1159,0,12
XRN1_AGAGTCGTGGCTGTATCAGA,XRN1,206,18,19
XRN1_GAAGCGATTATTGGAAGCCA,XRN1,956,81,114
XRN1_ACTTCCTGCATGCTACCAGG,XRN1,210,53,77
XRN1_TCCACAGACAAGTCATGGCA,XRN1,1298,143,117
XRN1_TTTCACCACTTCGCTGAGAC,XRN1,1834,683,642
XRN2_CTGAGCCAGCGGAAGAACGC,XRN2,692,54,0
XRN2_CTTCAGGATGAGTACAGGGA,XRN2,1298,0,0
XRN2_CTACATGGCAATAGATGGAG,XRN2,1887,0,0
XRN2_TGAACCAGCAGCGTTCAAGG,XRN2,1193,15,0
XRN2_AGTTCGGTTCATGTGTGGCA,XRN2,868,20,1
XRN2_CACGAAGAACATTAAGCCGA,XRN2,739,16,0
XRRA1_GAAGGCCAGGAACCAGACGC,XRRA1,439,15,22
XRRA1_TCATGCTGCAGTCCAAGCCA,XRRA1,1073,427,296
XRRA1_TAACATCGCTGACAAGCAAG,XRRA1,173,298,403
XRRA1_CGACGGCCAAATTGGGCGGC,XRRA1,161,30,152
XRRA1_TCCTGGACATATCCTGGACC,XRRA1,170,49,37
XRRA1_CTGCTTCGCGTGCCGGAGGA,XRRA1,982,154,359
XXYLT1_TGGGAGTGTTGCAGTTCCCG,XXYLT1,1006,313,378
XXYLT1_GATCCTGCAGATCATTCAGC,XXYLT1,582,85,50
XXYLT1_CTTCCTGGATCCTTGCAGCG,XXYLT1,1342,369,791
XXYLT1_ATGCATCAGATCATGCCCAA,XXYLT1,824,207,313
XXYLT1_GCTGATGATGTTCACCAAGG,XXYLT1,1738,273,369
XXYLT1_CAAGCTCTTGGCCTTCGCGC,XXYLT1,1185,193,100
XYLB_GCGTGCTGAAGTCCCAGCCC,XYLB,770,46,92
XYLB_CAAACGAACCTGGCCCGCCC,XYLB,163,155,420
XYLB_TGCTGGAGTCCATCCACACC,XYLB,640,320,374
XYLB_AATGAGGTGCACAGGCACCA,XYLB,390,136,148
XYLB_CTGGAGGAAATCCGTAGCGC,XYLB,1235,396,602
XYLB_TGTAGTGCTGGGAGTCAACC,XYLB,2271,676,533
XYLT1_GCCCTGCTTCCGAATGAACC,XYLT1,1407,325,365
XYLT1_GGGAGAGAAACGCCACCAAC,XYLT1,74,247,214
XYLT1_GCCAGTCGGTCATCTCCAGG,XYLT1,305,149,113
XYLT1_GGAGTACATGCCAGCCAACC,XYLT1,996,337,824
XYLT1_GCAGTGCTTGGACTTAGCAC,XYLT1,792,265,175
XYLT1_GCATCTTACCAGAGCCCGGG,XYLT1,270,28,20
XYLT2_AGTGTGGAGCTTCAGCGGCC,XYLT2,436,35,138
XYLT2_CAAGGACGCACTGTCTGCAC,XYLT2,1491,114,16
XYLT2_CCTTGAGGAGACGCTTCAGC,XYLT2,81,44,163
XYLT2_CCCGCACGTTATCATAGCCC,XYLT2,1874,165,360
XYLT2_GGCATTCCTATCCAAGAACC,XYLT2,401,248,80
XYLT2_ATACACACTGCTCCCAGCCG,XYLT2,1002,486,212
YAE1D1_AAATCTACAACATGGGACGG,YAE1D1,670,20,83
YAE1D1_CAGCTGGAACTACATGACAA,YAE1D1,1720,157,126
YAE1D1_AACCTCCGGACTCCTCAGCG,YAE1D1,1536,572,705
YAE1D1_GGCGACACCGAAGCAGCCCA,YAE1D1,241,0,37
YAF2_TCCTCTGGGTGAAGATGACC,YAF2,242,195,122
YAF2_TGTGCAACCAACTGGGAGAC,YAF2,1682,475,370
YAF2_TGTTCCACCAAATGGTAACC,YAF2,845,137,120
YAF2_TCTTCCTGATGGGCATCCAC,YAF2,474,82,298
YAF2_TGTGAGTGCCTCGAGGACCA,YAF2,722,176,291
YAF2_CATGATGTGCGATGTGCGGA,YAF2,1125,78,73
YAP1_GCACGATCTGATGCCCGGCG,YAP1,737,54,7
YAP1_ATCAGATCGTGCACGTCCGC,YAP1,165,32,177
YAP1_ACGAGGTTACCTGTCGGGAG,YAP1,405,155,141
YAP1_GACGTTCATCTGGGACAGCA,YAP1,869,46,85
YAP1_AACGGTTCTGCTGTGAGGGC,YAP1,459,37,0
YARS_AGCTTACGTGGACCTGGAAA,YARS,1333,39,14
YARS_TGATCTCCTTGATCGGAAGG,YARS,124,0,43
YARS_TTGAATAGCCAAGTGCAGGG,YARS,1489,11,0
YARS_CGGAGTTCTAGAAGTTCCCA,YARS,228,2,22
YARS_AGCCACATGTGGTTTGCCCG,YARS,1322,0,0
YARS_AGAAACTGCACCTTATCACC,YARS,744,0,0
YARS2_TCACAGTAGCATAGATGCAC,YARS2,1099,242,174
YARS2_AAGCTTGTTCATGGACGAGA,YARS2,404,1,30
YARS2_AACCGGACGATTCAGTGGAA,YARS2,758,177,185
YARS2_AAGTACAACTGGAGCAAAGC,YARS2,1985,177,131
YARS2_AGAGCTCTTCGACCGTGGCA,YARS2,541,0,1
YARS2_AAGGACTTCTTCCCGGAGAC,YARS2,93,43,258
YBEY_ATCTCGATCTTACTGCGAAG,YBEY,822,175,110
YBEY_TGACAGGTGACGGCCACCCA,YBEY,995,196,332
YBEY_GCTGGGATTCACACACGGCA,YBEY,1167,84,195
YBEY_GGGATTCACACACGGCACGG,YBEY,602,158,92
YBEY_GAAGGCGGTGCTGGACGAGC,YBEY,109,227,106
YBEY_AGCTCCCTCCGAAGAGGCCC,YBEY,779,46,145
YBX2_ATGTTCCCAGGGCACTGACA,YBX2,1234,177,85
YBX3_GGGAGCACAACTTCAGGGAC,YBX3,136,216,323
YBX3_CTCTCATTGCCTCTCCAGGC,YBX3,306,299,191
YBX3_TCTTTGCTTCGCTAGTACGC,YBX3,786,145,137
YBX3_CGGATGGAGTTCCTGTGGAA,YBX3,863,333,487
YBX3_GCCAATGTGACTGGCCCGGA,YBX3,27,129,164
YDJC_TCGACGACCTGGACTCCAAG,YDJC,685,182,267
YDJC_CGTGTGCCAGGTGTTCGCCG,YDJC,2032,618,424
YDJC_GGGATCACTAACCACGCACC,YDJC,906,31,79
YDJC_CTCCACGCCAACCTGTCCGA,YDJC,1294,124,141
YDJC_GGCCGCACCGTTGACCAGCA,YDJC,340,214,591
YDJC_TCGTGGAGGCCTTTCTGGCC,YDJC,673,192,159
YEATS2_AGCGACTGATTGAAGCAAGA,YEATS2,1414,121,71
YEATS2_ACCAAGCCGAAATACTGGAA,YEATS2,152,76,23
YEATS2_AGTGGATGGTATATGTCCGA,YEATS2,1,0,0
YEATS2_CCCGATACCTCTGTGGAGAA,YEATS2,2151,270,371
YEATS2_TGCAGCTCATGGTGATGGGC,YEATS2,615,269,241
YEATS2_ATACACACCTGTACTGGGAG,YEATS2,246,102,175
YEATS4_GAATTTGGGCCTGACTCCGG,YEATS4,191,0,0
YEATS4_AATTTGGGCCTGACTCCGGC,YEATS4,188,0,2
YEATS4_ACTGACCTTTACTCTCCCGC,YEATS4,240,3,21
YES1_GAGGAAGATGCACCTCCAAA,YES1,247,194,142
YIF1A_GGGCTGCTGTTCGGCAGCGA,YIF1A,1058,26,33
YIF1A_TGTAGCCACTGTAGGCCAGC,YIF1A,68,102,183
YIF1A_GGCGTTGAGGTCTTGCCGGG,YIF1A,130,23,76
YIF1A_CACTCGGGCTACGGAGCCCA,YIF1A,552,2,36
YIF1B_GCTCACCATGAACACAAAGA,YIF1B,2272,535,413
YIF1B_AAGCGAGCTCAGCCCTGGCC,YIF1B,383,245,29
YIF1B_TTTGGTGGCTGGTCTTGCGC,YIF1B,836,350,304
YIF1B_CCGCTTTGACGTCAATGCCC,YIF1B,606,338,279
YIF1B_CCCTTGCAGCCTCGAAGCGG,YIF1B,925,360,338
YIF1B_ACGTACGCCACTTACGCAGC,YIF1B,478,319,140
YIPF1_CGGTTATCCTCACGAACAGC,YIPF1,1253,239,270
YIPF1_AAGTATGGTACTTACTGCGG,YIPF1,502,60,5
YIPF1_GAGTGCAAGAGGAACCAGCC,YIPF1,145,33,63
YIPF1_TATGTGCCCGAATTCCGAAA,YIPF1,1044,256,109
YIPF1_TGCTATGGCAAAGACCAACG,YIPF1,846,292,594
YIPF1_TGGGTTTGCTGTCAGAGAAG,YIPF1,1392,450,455
YIPF2_CTCACGGACCACGGGCCAGA,YIPF2,1212,263,64
YIPF2_TGACGCTGGTGCTGGCCCAG,YIPF2,1191,84,202
YIPF2_GCACCATCTGCGGAATCGGC,YIPF2,327,29,161
YIPF2_CTATCAGAGCTTCTTTGACG,YIPF2,2541,332,296
YIPF2_GGAGGAGAGTGACAAGGCCG,YIPF2,393,53,26
YIPF2_CAGCTCGTCGGCCGATGCCA,YIPF2,1722,41,58
YIPF3_GCCCAAAGAGGCCATAGCCC,YIPF3,287,300,253
YIPF3_TGGTGATCTGGGCGTTGCAC,YIPF3,493,193,188
YIPF3_CATGCCACCCTCTATTCACC,YIPF3,372,14,94
YIPF3_AGCCTGCTCAGGTGCGAAGC,YIPF3,1340,460,328
YIPF3_GCTTTAAGGGACAGCTGAGC,YIPF3,502,32,146
YIPF3_CGCCCGAAATGGAGCTGGCC,YIPF3,596,168,156
YIPF5_TCCCGTATACATAGCCAAAC,YIPF5,2153,869,983
YIPF5_CAGCCACAACAGCCATACAC,YIPF5,2011,526,264
YIPF6_AGGAGTCTCCAGGAGACCCG,YIPF6,177,46,7
YIPF6_CGCAGATCCCAAGCTCACCA,YIPF6,3951,636,445
YIPF6_GATGCGAGATCTCATAGGAA,YIPF6,497,208,49
YIPF6_ACAATGCGAGTGTCACACAA,YIPF6,1199,539,371
YIPF6_AGCAATGCTGATTTGCCGGC,YIPF6,1850,177,113
YIPF7_AGAGCTCATCAGGTTCAGCA,YIPF7,698,342,580
YIPF7_TCAGCAAGGCATGAATCACA,YIPF7,1220,331,429
YIPF7_ATGAATCACAAGGCAGCCAA,YIPF7,696,302,216
YIPF7_CTCATGTCATCGGGTTACGC,YIPF7,4619,968,1021
YIPF7_CATCTCTGATGGAACAAAGG,YIPF7,355,120,177
YIPF7_ATTGATAACCAGGAGCAGAG,YIPF7,888,67,137
YJEFN3_ACTTGCCGACATGGGAAGAG,YJEFN3,617,162,256
YJEFN3_GCTCTTCCCATGTCGGCAAG,YJEFN3,1957,316,239
YJEFN3_TTCCGGGAGAGAGCGGGCAA,YJEFN3,260,89,217
YJEFN3_GGATGTCCATCTTCTCGCAC,YJEFN3,658,249,197
YJEFN3_CATTAACGAAGCCTATGGGC,YJEFN3,504,20,0
YJEFN3_CCGGCAGCGATTCGGAGGAC,YJEFN3,1336,255,219
YKT6_ATTGTGGAGCGCTCATCGAA,YKT6,853,8,124
YKT6_TATCATTCCGGACGTAGACG,YKT6,993,0,0
YKT6_CTGGGTAATGGATTGTAGCA,YKT6,1168,71,54
YLPM1_CTCGAGCTCGACGACTCCCG,YLPM1,3303,1147,638
YLPM1_AAAGGGTCCTGTGGTAGCAA,YLPM1,624,195,256
YLPM1_AGCCTGCAACTGCTTTAACC,YLPM1,1992,745,877
YLPM1_CAGCTGATTGCAACGGAGGA,YLPM1,1742,581,199
YLPM1_GAGAACGGTTGTCAGACAGA,YLPM1,68,255,38
YLPM1_TGCAATCTTGATTCCTGAGG,YLPM1,1744,204,414
YME1L1_AATGGTTACCATGAAGGAGC,YME1L1,178,100,39
YME1L1_GCCCTGTTGTTGTCCGGAAG,YME1L1,1939,393,637
YME1L1_TCCGCTTCCGGACAACAACA,YME1L1,1572,563,618
YME1L1_CTAATCTCTCGGAGGTAGAC,YME1L1,1304,120,187
YME1L1_TAAGCCGTGACTAAGAACGA,YME1L1,1387,122,376
YME1L1_GGGTTGCACCGTGCTCGACA,YME1L1,1077,386,357
YOD1_AGGGAACATGCCAAGGAGAC,YOD1,380,96,142
YOD1_AGAGTTGTCTGCTGGGACCA,YOD1,776,367,133
YOD1_ACTCGGGAGGGTATCCGACG,YOD1,2523,586,803
YOD1_CGAGGATTCGCTGACCGCCG,YOD1,1634,499,583
YOD1_TGATGGCGGCAATTTGGCCC,YOD1,697,224,575
YOD1_AGCCTGTTGGGAGACGCCGC,YOD1,768,172,148
YPEL1_CACGTATTTCCACCCGAGCG,YPEL1,709,285,265
YPEL1_ACTGCAAGACCACGCTCGGG,YPEL1,187,46,97
YPEL1_CCGCATGCAGCCCGGTGAGA,YPEL1,3786,1210,1142
YPEL1_TGAGCTCGTCATGATTGGCC,YPEL1,325,345,189
YPEL1_TATCCACTGCAGAGCACACC,YPEL1,647,19,264
YPEL2_CTGTAGGTCCGGTGGCAGGA,YPEL2,1217,647,1008
YPEL2_GCTGTAGGTCCGGTGGCAGG,YPEL2,678,116,265
YPEL2_GAATGCAGCTGTAGGTCCGG,YPEL2,484,103,0
YPEL3_GAGCAGCCAGAAGTACAAAG,YPEL3,1213,345,461
YPEL3_GGTCAGGTCAAAGGCTAGCC,YPEL3,0,176,66
YPEL3_AGTGGATGTCGGCGACAGCA,YPEL3,381,85,172
YPEL3_ACTTGGATGATTGTCACCGG,YPEL3,1311,418,322
YPEL3_TTGAAATCCGCACCATGGCG,YPEL3,1297,440,403
YPEL3_GCCTCGCATGTGTGTGGCCC,YPEL3,92,95,288
YPEL4_CGAGCCAGAAGTACAAGGAA,YPEL4,2689,523,615
YPEL4_AACAGCGCCTCTTGCTCACG,YPEL4,969,168,106
YPEL4_AGACTCACACGGAGTTAAAC,YPEL4,798,211,249
YPEL4_TAAACAGGTAGGCTCGGCCA,YPEL4,724,179,17
YPEL4_TAAGCTCATCGTGTTTGGCC,YPEL4,612,31,96
YPEL4_CTGTAAGTGCGGTGACAGCG,YPEL4,692,103,103
YRDC_TCCGTACTTCTGTTGGAGGA,YRDC,965,246,296
YRDC_CACCTCGACATTCAGAGAAC,YRDC,1240,406,330
YRDC_ACGCTCGGAGGAGCTCAACA,YRDC,1921,480,411
YRDC_CCTCGCTGCGACCCTTGAGG,YRDC,1428,444,51
YRDC_CACCGATACGCTGTACGGCC,YRDC,713,209,122
YTHDC1_CTTCTCATTTACAGGGAGCG,YTHDC1,728,114,40
YTHDC1_TGTGTCTCTTGCCAAAGCGA,YTHDC1,1251,12,16
YTHDC1_TCCGTTCGTGCTGTCCGAAA,YTHDC1,1948,692,789
YTHDC1_AGTGGTTCTTCTGATGAGCA,YTHDC1,822,30,63
YTHDC1_GCCAAATCTCCTACGCCAGA,YTHDC1,544,118,73
YTHDC1_CATGGCGGCTGACAGTCGGG,YTHDC1,353,25,131
YTHDC2_GATCGCAGTCAATATCGCGC,YTHDC2,597,78,163
YTHDC2_AACCATCAGAGCTGTTGCAC,YTHDC2,203,310,395
YTHDC2_CAAACCGCTTGTCATCAAAC,YTHDC2,2997,994,943
YTHDC2_GCTAGTGCCATACAGCGGAA,YTHDC2,1077,486,375
YTHDC2_GCCTGAGTAGGTAGTACAAA,YTHDC2,1464,585,417
YTHDC2_TCTAGTGTTGACAGGGCCAA,YTHDC2,823,154,194
YTHDF1_TCCCATTGACGCTGAAGAGC,YTHDF1,563,104,129
YTHDF1_AACGCGGCGTTTGGGCAGAG,YTHDF1,1237,647,606
YTHDF1_CTCCAGGCTGTTCATCCCGG,YTHDF1,1795,614,445
YTHDF1_TAAGGAAATCCAATGGACGG,YTHDF1,946,432,374
YTHDF1_CGCTACCTGGGTGTCCACGC,YTHDF1,2469,417,989
YTHDF1_AAGCATGTCGGCCACCAGCG,YTHDF1,1651,825,748
YTHDF2_TGAACCTTACTTGAGTCCAC,YTHDF2,336,76,71
YTHDF2_TGAAGCTGCTTGGTCTACGG,YTHDF2,1557,113,240
YTHDF2_GAAGCTGCTTGGTCTACGGG,YTHDF2,524,174,91
YTHDF2_ACATTGCATCTGGTAGGAAG,YTHDF2,661,293,222
YTHDF3_GAAGCAGCGTGGTCCACAGC,YTHDF3,1676,465,135
YTHDF3_TTGTCAGATATGGCATAGGC,YTHDF3,411,197,247
YTHDF3_GAGAGCTATTACTGATGGAC,YTHDF3,0,106,135
YTHDF3_GCTATTACTGATGGACAGGC,YTHDF3,229,216,40
YTHDF3_TTCAACCAGAACAATGGAGC,YTHDF3,802,384,240
YTHDF3_TACCGTTCCCTGAATGGGAA,YTHDF3,654,139,167
YWHAB_GACACGCCAGGAAGAGCGGC,YWHAB,51,23,59
YWHAB_TGACACGCCAGGAAGAGCGG,YWHAB,866,408,229
YWHAG_CAGGACGACGATGGCGGCGA,YWHAG,1282,337,647
YWHAG_AGCGACCAGCAGGACGACGA,YWHAG,1541,36,353
YWHAG_GAGGGTGTCAAGCTCGGCGA,YWHAG,458,206,142
YWHAG_TTTCGTTCCTCATTCGACAG,YWHAG,1873,944,365
YWHAH_CATGGCCTCCGCTATGAAGG,YWHAH,1036,355,266
YWHAH_AGTGGCATTCCCTTCTGCGG,YWHAH,891,109,248
YWHAH_GGAACTTGTCAAGCAGAGAC,YWHAH,976,238,444
YWHAH_GGCTTGTTTGGCTAAGAGGC,YWHAH,444,52,236
YWHAH_CAGCAACTGCATGATCAGCG,YWHAH,2093,612,1363
YWHAQ_CACCACACGCAACTTCAGCA,YWHAQ,3505,771,1160
YWHAZ_GGGTATCCGATGTCCACAAC,YWHAZ,650,770,1023
YY1_CGACACCCTCTACATCGCCA,YY1,2532,245,97
YY1_CTCGATGGTCTCCACCGGGA,YY1,758,755,559
YY1_CATGATCGCTCTGCAGCCGC,YY1,153,4,1
YY1_CCGACCCGGGCAACAAGAAG,YY1,1520,495,536
YY1_GCGCTCACCTGAGGACCACA,YY1,276,29,67
YY1AP1_TCTTGGCACTGTTTATCGAC,YY1AP1,625,268,256
YY1AP1_TTTGATACAGCGAAAGGCCC,YY1AP1,508,85,107
YY1AP1_ATCGCTCTCGGCCTCCGACA,YY1AP1,852,111,85
YY2_GAAATCTTCGTTGGAGGCCA,YY2,361,134,218
YY2_GATGGCAATTGGATCTACGG,YY2,252,94,80
YY2_CGTCTTCAATGCTATCCGGG,YY2,988,392,274
YY2_CGCAGCCGCTATAAGAGCAA,YY2,2169,558,672
YY2_TCGCAGCCGCTATAAGAGCA,YY2,799,527,631
YY2_CCTTCGAATGTGCACTGAAA,YY2,2194,727,1100
ZACN_CTGCCCGTGGACCAACAGCA,ZACN,1964,879,810
ZACN_CAACGTCAACTTGTCCAAGA,ZACN,1857,867,834
ZACN_GGCGAGTGTCCAGCCAGGAC,ZACN,696,74,251
ZACN_CGGCCACGTGAAGCTCAACC,ZACN,4044,884,527
ZACN_AGCCTCTGGCCTTGCTGCAA,ZACN,1080,330,175
ZACN_TATGCGCTCAATGGCCCGGA,ZACN,326,52,298
ZADH2_AGGGTACTCCTGCTTAAGGA,ZADH2,265,38,132
ZADH2_AGCTCGGAGGACTGTCGGAA,ZADH2,2698,821,399
ZADH2_TTTCAGGCTGATGTATGCGG,ZADH2,1393,372,358
ZADH2_GGCGTACGACATGTCCACGA,ZADH2,519,686,581
ZADH2_CGACATGTCCACGATGGCCC,ZADH2,673,373,246
ZADH2_ATGCTGCGGCTGGTGCCCAC,ZADH2,457,95,62
ZAN_ACAACCAGCTTCTGGTCCGG,ZAN,38,189,268
ZAN_GAAGACTGGGTTCGAGCCAG,ZAN,495,148,43
ZAN_ACCACCGTCACTGTGCCCGC,ZAN,932,289,191
ZAN_GGATGCCCTCTCTATCCGCC,ZAN,168,0,36
ZAN_GGATCCAGGTCCAGTCACAG,ZAN,1210,539,645
ZAN_AGCCAGAGGACAGGCTCACG,ZAN,731,270,289
ZAP70_TCCACAGTGCGCTTTGCCGC,ZAP70,939,288,217
ZAP70_TTGCTACGACGGCCCACGAG,ZAP70,3157,616,540
ZAP70_CTACCTCATCAGCCAAGACA,ZAP70,1880,366,583
ZAP70_TATCTGAAGCTGAAGGCGGA,ZAP70,6,19,124
ZAP70_CCAACTCACATGAGTCAACG,ZAP70,3084,558,599
ZAP70_ATCGACACCCTCAACTCAGA,ZAP70,453,263,480
ZAR1_TGCTCCAGGCCTCGACGGGA,ZAR1,99,168,198
ZAR1_GAAGGCGGTGAGACGGCGCA,ZAR1,313,71,29
ZAR1_TCTGGGCCTTGAAGCCGCGC,ZAR1,637,72,149
ZAR1_GCAAGGACTGCAACATCCGC,ZAR1,2042,457,547
ZAR1_TACCGCACAAATCTTGACGG,ZAR1,1043,307,222
ZAR1L_TCTAAGGAGGCCTCATCGAC,ZAR1L,550,235,129
ZAR1L_TGGAAGTTGGGCCTCCGGAG,ZAR1L,1119,288,216
ZAR1L_AGCCGCAGCCACCATCACGG,ZAR1L,3241,967,951
ZAR1L_TTGATCCGCCTGCGGAGAGA,ZAR1L,755,235,279
ZAR1L_CAGGGCACAAACAGCCCGAC,ZAR1L,733,629,259
ZBBX_CCAAATCTGTACTTCTCCAG,ZBBX,604,685,803
ZBED2_GGATGGTGCCCAGCACGAGC,ZBED2,390,102,48
ZBED2_ATTCCCATGCCTCAGAGAAC,ZBED2,391,55,2
ZBED2_GCACCCGGTTCTCTGAGGCA,ZBED2,1010,116,104
ZBED2_AAGAGGTGACATGATGAGGC,ZBED2,641,138,213
ZBED3_GGCTACTTCCACCTGGCGCC,ZBED3,29,0,1
ZBED3_GGGCTACTTCCACCTGGCGC,ZBED3,410,0,77
ZBED3_GGGCGCCGCAGAATGAGGAG,ZBED3,216,258,226
ZBED4_CACGTGCCTCATGAGACAAC,ZBED4,310,201,189
ZBED4_GCCATCGTGTTGCAGGAGAA,ZBED4,1244,385,314
ZBED4_AGAAGTTGTCGGGAGCCAGA,ZBED4,974,99,59
ZBED4_ACCCGGGTGTCCGGAGAGGA,ZBED4,428,163,135
ZBED4_CACCTTAAGGAAGCTGAGAG,ZBED4,823,445,318
ZBED4_AACAGGGAGGCCTTGTAGCG,ZBED4,253,385,380
ZBED5_ACCAGCTTCATTAGTAGCAC,ZBED5,574,230,143
ZBED5_CCATATAGCGCTGAGTGGAG,ZBED5,1393,438,582
ZBED5_TACCACAAACTCATTGCCCA,ZBED5,956,132,93
ZBED6_GCTTCCATTGCTTCCAGAAG,ZBED6,1302,105,233
ZBED6_CTTTGTTGGCAACAGCCCAA,ZBED6,334,119,190
ZBED6_GGAGGTGAGCACAACTCCAC,ZBED6,293,24,10
ZBED6_CCACAACTGCTACAGCAGAA,ZBED6,1476,429,942
ZBED6_CATATGGCCGGCTTTGACCC,ZBED6,412,124,206
ZBP1_CACCTGGTGCCATTGAAGGG,ZBP1,1279,288,319
ZBP1_GAAGCCATCCAGATTGGACA,ZBP1,1230,135,75
ZBP1_GCATGGACGATTTACCGCCC,ZBP1,445,18,7
ZBP1_TTGGCTGAACTGAGGGCCAG,ZBP1,889,297,230
ZBP1_GCAGGATTCTTTGTTCAAGG,ZBP1,682,445,374
ZBP1_CCTTCTCTGCCCGGGTCAGC,ZBP1,294,27,152
ZBTB1_GATGATTCAGCTTCAACCAC,ZBTB1,379,28,53
ZBTB1_TGAACAGTTGGAGCAGCACA,ZBTB1,727,144,123
ZBTB1_CAGATCTCTCACTTCTCCAC,ZBTB1,75,258,116
ZBTB10_CTTTGCAAATAACTGTGCGG,ZBTB10,732,278,488
ZBTB10_ACTCTGGCCTTCCGAGGCGG,ZBTB10,171,28,70
ZBTB10_GGCATGATGAGCTTTCGCGA,ZBTB10,371,57,39
ZBTB10_TGATGGTTGTAATGTCGACG,ZBTB10,832,331,298
ZBTB10_TCTTCTGGATAGGCAACAGG,ZBTB10,627,221,138
ZBTB10_TCCTCGTATTCTTCATCCCG,ZBTB10,1131,284,326
ZBTB11_ATCGGGAACATCATCTGAGA,ZBTB11,1221,19,34
ZBTB11_ATTAGACGTGGAATTGGACG,ZBTB11,843,55,0
ZBTB11_TTGAACTGCTGACTTGGGAA,ZBTB11,3290,320,363
ZBTB11_TGTAATTAGTAGCTCGCCAG,ZBTB11,784,55,52
ZBTB11_TCCAAGACGTACTGGTGGCG,ZBTB11,609,0,16
ZBTB11_GCGGTCCGCGATGTCAAGCG,ZBTB11,644,2,7
ZBTB12_GGCCTGCTGTTGATTCCCGG,ZBTB12,1283,185,272
ZBTB12_AGCCTGTCGGAAGATGCAGA,ZBTB12,259,15,41
ZBTB12_AGGCGCCCGTGTAGCAGGAG,ZBTB12,475,479,528
ZBTB14_CGAGACAGAACAGTTGCAGG,ZBTB14,1043,119,229
ZBTB14_GGAAGCGATCCTGAAAGAGC,ZBTB14,24,161,86
ZBTB14_GGTGTCAGCAGCATCTCCAA,ZBTB14,483,124,67
ZBTB16_CAAGGCCAACCAGATGCGGC,ZBTB16,635,100,96
ZBTB16_GGTCGAGCTTCCTGATAACG,ZBTB16,1390,400,438
ZBTB16_GCAGCACATGGAGGTCCACG,ZBTB16,606,189,445
ZBTB16_TACCTGTATGTGAGCGCAGG,ZBTB16,1062,112,266
ZBTB16_GAGCCACAAACGCATCCACA,ZBTB16,1813,150,211
ZBTB16_TCTCTATCCTCCAGTCGGGC,ZBTB16,159,113,138
ZBTB17_AGGCCCATGAGAAGACGCAC,ZBTB17,771,23,0
ZBTB17_AAATGGAGGTGGAGCCCGCC,ZBTB17,2,82,478
ZBTB17_GGGTCTGGCTTGAGCTCCAC,ZBTB17,54,111,72
ZBTB17_GACCTCAAGGAGGAGCGCGG,ZBTB17,1516,51,63
ZBTB17_TAACCTACCTTCTGTGGCCA,ZBTB17,1471,17,40
ZBTB17_GCACCTGGACATCAGTAACG,ZBTB17,2161,213,282
ZBTB18_CAGCTCGGTGCGCTCGGAAC,ZBTB18,2144,678,850
ZBTB18_CAATGGGCAAGTCTTTGAAC,ZBTB18,1272,390,559
ZBTB18_CACATGAAGATCTGGCCCGC,ZBTB18,1219,351,199
ZBTB18_GCACATGAAGATCTGGCCCG,ZBTB18,282,470,84
ZBTB18_ACGCACTTCCGCGAGCAGGA,ZBTB18,977,600,995
ZBTB18_ACTGGAAGCTCTTGCCGCAC,ZBTB18,773,67,23
ZBTB2_ATGTCAGCAATGTCTGAGGG,ZBTB2,1028,98,172
ZBTB2_CCTTTCACATCTAGCCAACA,ZBTB2,1918,887,664
ZBTB2_ATCCTGGAGGTCTGTGGCCG,ZBTB2,2611,673,1177
ZBTB2_ATGCCCTGTTCTAATCGAAC,ZBTB2,120,337,229
ZBTB2_TGTTGTTTGTCCATCAGACC,ZBTB2,1060,319,392
ZBTB20_GACCCTCCTGGAGCGACACG,ZBTB20,167,227,99
ZBTB20_GCTTGTTGCAGATACTACAC,ZBTB20,347,75,70
ZBTB20_TAAAGGTCGACAGACCGGGC,ZBTB20,57,37,62
ZBTB20_CTCTTCACTACCCAGCCCGC,ZBTB20,991,78,372
ZBTB20_CAAACTCTCACGCTCACACC,ZBTB20,1376,230,184
ZBTB20_GGGTGGATCCAGCGCCAAGC,ZBTB20,320,66,237
ZBTB21_AACTTGAGATCTCGAGCCAA,ZBTB21,398,46,95
ZBTB21_AAGTTAAGGCGCGGCAAGCC,ZBTB21,256,70,431
ZBTB21_ACACACTGTCAGACCCAACA,ZBTB21,4340,1765,2035
ZBTB21_ACGAATTTGGTGAGTTGGAG,ZBTB21,588,462,675
ZBTB21_TCGGTGTCCAGTGATGCACC,ZBTB21,1252,279,225
ZBTB21_GGAAGCTGACCACTCACACC,ZBTB21,977,138,208
ZBTB22_ACCAGACACGTCTGCTGGAC,ZBTB22,2,213,384
ZBTB22_CCGCATGCTCTTGTGGGAGA,ZBTB22,1119,326,314
ZBTB22_GACTTTGGCCCATATGAGGG,ZBTB22,331,123,249
ZBTB22_TGGGTATACGTGAAGCGAGG,ZBTB22,1615,417,354
ZBTB22_CACTGGGTATACGTGAAGCG,ZBTB22,1163,638,805
ZBTB24_GACAGAGTGATCACGTGCAC,ZBTB24,452,0,16
ZBTB24_CTGAATTTCCTGCTCTCCCG,ZBTB24,2342,122,389
ZBTB24_ACTCGCTACAGGTCCACACC,ZBTB24,619,148,194
ZBTB24_TATGATCCCAAGACCGAGGA,ZBTB24,492,125,104
ZBTB24_CGATCCTCCAAAGCGGAAAC,ZBTB24,1216,725,823
ZBTB24_ACGATCCTCCAAAGCGGAAA,ZBTB24,680,318,430
ZBTB25_AGCTCTGACTCTAAGGCACA,ZBTB25,1046,1,65
ZBTB25_GCGAGGCCCTTGAATGCCGC,ZBTB25,98,239,168
ZBTB25_AGCAGGGACACCGAATGGCA,ZBTB25,1586,466,131
ZBTB25_CTCTCCTGCTTGATGGAAAC,ZBTB25,2036,1269,946
ZBTB25_GATCATAGTCGTTTGGAGGA,ZBTB25,0,116,116
ZBTB26_GGCAAGACTTTCACTCAGAA,ZBTB26,965,365,518
ZBTB26_CATTGTAGAACGGTGCACAC,ZBTB26,972,451,522
ZBTB3_GCGGGCACCTCATCCACCAG,ZBTB3,19,64,23
ZBTB3_AAAGTCCAGAAGCAGCCCAA,ZBTB3,669,330,364
ZBTB3_CCATCACGGTGCAGTCACAA,ZBTB3,1460,689,964
ZBTB3_CCGCTTCCTTGATGCCCACC,ZBTB3,902,276,155
ZBTB3_GCCCACCCGGTAGCGTCCAA,ZBTB3,313,24,64
ZBTB3_AGCCGTTGGACGCTACCGGG,ZBTB3,1485,196,183
ZBTB32_TCCTGATGTTTCTTCAGGCC,ZBTB32,974,423,388
ZBTB32_CGAGATGGCAGGAGCAACGC,ZBTB32,378,476,442
ZBTB32_GCATAGGGCCGAGACCGAGC,ZBTB32,550,141,195
ZBTB32_ACGCACTACCGAGTCCACAC,ZBTB32,1399,891,539
ZBTB32_AGCGGATGGTCCATCCGGGC,ZBTB32,246,59,100
ZBTB32_GGAGAGGTCGAGGGCCGAGA,ZBTB32,337,20,246
ZBTB33_AACTCCTTGAATGAGCAACG,ZBTB33,819,554,845
ZBTB33_AAGCATCTCAGGTACAGCGC,ZBTB33,985,350,331
ZBTB33_GCAACTTTGAGCCAAACACA,ZBTB33,1466,291,820
ZBTB33_CAAAGATGACCCTGATGAAG,ZBTB33,1202,289,159
ZBTB34_CTCCATATTGCTCTCAGGGA,ZBTB34,2021,407,540
ZBTB34_CCGGAGGTCACTGCTTGCGG,ZBTB34,1289,48,466
ZBTB34_AAACGCTCCCACTGCTCCCG,ZBTB34,420,243,424
ZBTB34_TCCTCGGAAACAGCTCAGCA,ZBTB34,525,106,437
ZBTB34_CACTGTCAGAGCCCTGCACC,ZBTB34,1495,286,282
ZBTB34_GATGGGCCTAGATTCCCGGA,ZBTB34,127,15,0
ZBTB37_CAAGTTCTGATGTAGAGAGC,ZBTB37,883,110,106
ZBTB37_GCCTGTGGTATCAATCACCA,ZBTB37,619,270,242
ZBTB37_AGGGAACAACACTGCCGGAG,ZBTB37,306,66,43
ZBTB37_CAAGGGAACAACACTGCCGG,ZBTB37,451,165,103
ZBTB37_TGTGGAGTATCTCCGAGAGC,ZBTB37,1089,0,159
ZBTB37_CGCCAAATCTTTCAACCAGA,ZBTB37,1039,542,413
ZBTB38_ACAGAATACATAGGGACCCG,ZBTB38,1133,125,356
ZBTB38_TGCTCGGCAAGTGTGCGGAC,ZBTB38,885,715,759
ZBTB38_TCTAAGTTGGATACTGGAGG,ZBTB38,104,77,87
ZBTB38_TTTGCCAGACACGGACCACA,ZBTB38,1267,166,380
ZBTB38_ACCCAAGTATCAGATGCAGG,ZBTB38,558,54,108
ZBTB38_CCCGAGTGGGCTGTCTCCAC,ZBTB38,258,237,71
ZBTB39_TCTTATCCGCCTCTTTGGAA,ZBTB39,1464,242,231
ZBTB39_TGCAGAGGTTAAGGTGACGC,ZBTB39,1558,470,195
ZBTB39_GCAGCTGACCCTTCACCGAC,ZBTB39,1512,306,345
ZBTB39_TGGTCTTCTGTCTTTGGCGG,ZBTB39,1219,296,302
ZBTB39_CCACCTCGGAGTTCTCCAAG,ZBTB39,1810,288,169
ZBTB4_TGAGATGCGGCGCTTGACGA,ZBTB4,745,272,328
ZBTB4_CCCATGGACAATGACAGAGG,ZBTB4,1982,332,381
ZBTB4_GCCTTCCACGGCATTAGCCC,ZBTB4,298,52,32
ZBTB4_TCCACCAGTGGGCTTCCGAG,ZBTB4,684,83,248
ZBTB4_GCTGTTCATTGAGCTGGCGC,ZBTB4,338,266,248
ZBTB4_TGCGCCAGCTCAATGAACAG,ZBTB4,1862,545,554
ZBTB40_CACAGATGCATCGATGGAGA,ZBTB40,1344,343,488
ZBTB40_AGATGCACTCATGGTTACCC,ZBTB40,1134,314,196
ZBTB40_AAATGTTTCGAGGGTGAAGG,ZBTB40,564,101,189
ZBTB40_ACCTGTGGTGCTTGGCAAAG,ZBTB40,1780,591,561
ZBTB40_CGGAAGAAAGCATCGGCACC,ZBTB40,1577,362,467
ZBTB40_GGATGGCCTCCAAGATCAAC,ZBTB40,628,93,93
ZBTB41_AGCATTTGTTCAGGTCGAAC,ZBTB41,890,321,350
ZBTB41_CCGACTGATAAACTTTGGGC,ZBTB41,186,43,66
ZBTB41_AGATGAGTACTCAACTGGCA,ZBTB41,708,13,86
ZBTB41_GGTCGCCAGTTTAACGACAC,ZBTB41,120,106,24
ZBTB41_TGACACCAGCGATGATGAAC,ZBTB41,2215,163,424
ZBTB41_AAGCTTTCTCTGATCTGGAG,ZBTB41,918,95,149
ZBTB42_AGGATCGAAGTCTGGACCCG,ZBTB42,619,160,246
ZBTB42_GCCACTGGTGAAGGACGAAC,ZBTB42,1336,195,131
ZBTB42_GGAAACAGCTTGCTGCACAA,ZBTB42,1829,698,784
ZBTB42_CAGTGTGTATGTGCACGAGA,ZBTB42,1046,413,349
ZBTB42_CACAGTGAAACTTGCGGACG,ZBTB42,1639,584,502
ZBTB43_ACGGAAATGGCAAGCCAGGA,ZBTB43,869,171,321
ZBTB43_GCGCCGAGTTCCACTACACC,ZBTB43,1123,478,460
ZBTB43_GAAGCCCGAGCGCTTAGAAC,ZBTB43,1305,169,245
ZBTB43_CGCTTAGAACAGGCTTGCGA,ZBTB43,1720,269,416
ZBTB43_AAGTCCTCCTCCACTCCCGA,ZBTB43,158,178,131
ZBTB44_TAGCAAACTACTTCCAGAGC,ZBTB44,773,285,252
ZBTB44_GACCGATCATCATCATCCGG,ZBTB44,283,14,81
ZBTB44_ACACTGCACTCTGAGGACAC,ZBTB44,1341,218,712
ZBTB44_AATCTTCCGGGCACATAAGG,ZBTB44,1071,205,234
ZBTB45_GCGTGACCATGTGTTTGAGC,ZBTB45,1556,308,216
ZBTB45_TACGTAGGTGGCTCAGCACC,ZBTB45,1191,224,634
ZBTB45_CCCTGATGACCGAGGTGACG,ZBTB45,1125,445,307
ZBTB45_CTTACGGCTGTGTGCAGCAC,ZBTB45,729,243,68
ZBTB45_CTGGTAGAGTTCCTGTACAG,ZBTB45,2383,540,204
ZBTB46_GGACCCTGAGGACCCACGAG,ZBTB46,1315,240,106
ZBTB46_TGCACCGACTGTGCTGGCCG,ZBTB46,539,661,498
ZBTB46_GCGACACATGCGCTCGCACA,ZBTB46,617,19,278
ZBTB46_GAGGGCCGAGCTCTATGCAC,ZBTB46,123,26,27
ZBTB46_TCGCCAGCTGTCACGACGGA,ZBTB46,443,243,332
ZBTB46_CTGCCACGACTTCATCAAGG,ZBTB46,1997,751,481
ZBTB47_AGAGGCGCTGCTCGTTCAGG,ZBTB47,198,18,36
ZBTB47_CCACGTCGCAGAGGTCAGGC,ZBTB47,1023,168,72
ZBTB47_CAACCATGTGCTTACGCACG,ZBTB47,1703,580,410
ZBTB47_TGCTCATGTGTGACCGCAGC,ZBTB47,1181,249,302
ZBTB47_GGCCCAACATGAAGCGGCAC,ZBTB47,581,144,242
ZBTB47_CTTCCGCGTCAGCCACACCC,ZBTB47,172,34,92
ZBTB48_CAGGGAGTTGCGAGTGCCAG,ZBTB48,661,49,143
ZBTB48_TCCCAAGTACCTGTTCCGAG,ZBTB48,1185,249,369
ZBTB48_GCACATGGTGTCTCACACAG,ZBTB48,2181,324,417
ZBTB48_CCAGCAGTTCATGCAGAAGA,ZBTB48,2431,573,592
ZBTB48_TTCGGAAGGTCTTGCCACAG,ZBTB48,1058,461,419
ZBTB48_GCGGTTGTGCTTGTCCAGGC,ZBTB48,4,3,0
ZBTB49_CCAACATACAGTCACAAAGC,ZBTB49,2814,797,927
ZBTB49_GACGGAGAGGCCTGAAGACC,ZBTB49,253,231,208
ZBTB49_GCAACTTGGAGCTTCACAAA,ZBTB49,1725,602,788
ZBTB49_ACTTGCAGACTCACTTACGA,ZBTB49,1085,149,415
ZBTB49_GCACAGAATTCGGCACACGG,ZBTB49,1453,1031,690
ZBTB49_ACCACTGCAGGCCGATGGCA,ZBTB49,806,138,411
ZBTB5_CTGAAGTCTGCACACACGGC,ZBTB5,1322,272,329
ZBTB5_CTTCGTCAGGCCTATGCAGG,ZBTB5,473,43,69
ZBTB5_CTCAACCTGAGTTGCACGAG,ZBTB5,1796,719,544
ZBTB5_CTCCGGTGTAACATCTGAAA,ZBTB5,1968,601,841
ZBTB5_CATGATCCAGCTGGATAGCG,ZBTB5,850,298,180
ZBTB6_CCGACACATCCGAGGACACA,ZBTB6,970,767,696
ZBTB6_TTCTACAGTTGAGAGCAGAG,ZBTB6,1231,295,528
ZBTB6_TGCTGCCAGTTACCTTCAGA,ZBTB6,545,494,697
ZBTB7A_TTGAATGTAGCGGGCGCCGG,ZBTB7A,1455,432,245
ZBTB7A_GCACTTTAAGGACGAGGACG,ZBTB7A,516,325,131
ZBTB7A_GCTTCTCCTGGCCGTTGCGC,ZBTB7A,704,186,120
ZBTB7A_CGGCTTAGACTTCTATGGGC,ZBTB7A,1438,206,562
ZBTB7A_TAAGCCGTTGCAGTCGCCCG,ZBTB7A,1525,223,178
ZBTB7A_CCAGGATCTGCCGGTCCAGG,ZBTB7A,754,153,136
ZBTB7B_GGCAGGAAGATGTTACAGCC,ZBTB7B,565,60,302
ZBTB7B_CCTTGAATACCGCACCCACA,ZBTB7B,1456,233,178
ZBTB7B_TGGGCTAGAAGCTCCCAGCC,ZBTB7B,611,328,354
ZBTB7B_AAGCTTTCCTGCAAACCAAG,ZBTB7B,673,456,320
ZBTB7B_TGGCGAAAGCCTTGTGGCAC,ZBTB7B,1316,201,381
ZBTB7B_CCCAGAATCGAGCTAGAGAG,ZBTB7B,2605,729,942
ZBTB7C_CTTCGCGCTGGCCGAGAACG,ZBTB7C,186,51,87
ZBTB7C_TCTTGTAGCAGAACTCGCAC,ZBTB7C,889,249,294
ZBTB7C_CAGCTTGCGCTCTTCTACCA,ZBTB7C,1355,336,393
ZBTB7C_AGCTTGCGCTCTTCTACCAG,ZBTB7C,321,84,185
ZBTB7C_GGATGACGATGATGACACGG,ZBTB7C,750,64,373
ZBTB7C_GATGTGCTTGACATTGCCAG,ZBTB7C,409,128,240
ZBTB8A_AGCAACTGAACGAGCAGCGC,ZBTB8A,527,631,334
ZBTB8A_TCTGGGCTTAGGTGAGAACG,ZBTB8A,1173,433,453
ZBTB8A_CACACATGTGGTGAAGCGGA,ZBTB8A,238,157,92
ZBTB8A_CTCCTGTATGACAACGAAGG,ZBTB8A,1863,135,254
ZBTB8A_GACAGATCTAACAGGGCAAG,ZBTB8A,855,211,266
ZBTB8A_ATTACACAGTCTGTAGCGCC,ZBTB8A,73,171,100
ZBTB8B_GAACCTGGCCCACGTGGAGG,ZBTB8B,380,20,6
ZBTB8B_AACCGCCTGGCCGCTTGGCA,ZBTB8B,719,292,266
ZBTB8B_CGGCACATCCGTTCACACAC,ZBTB8B,4910,1324,1147
ZBTB8B_CACTCAGTGCGTGGCTCCGC,ZBTB8B,210,67,90
ZBTB8B_AACCGTCCAATCATCTGCAA,ZBTB8B,1839,287,156
ZBTB8B_ATCGGGTGTGTCTGTAACGC,ZBTB8B,370,377,653
ZBTB8OS_TAATCCTGCAGTCATGGCGC,ZBTB8OS,371,166,32
ZBTB8OS_GAAGTCCGGTGGATGAAGGG,ZBTB8OS,300,145,83
ZBTB9_GAGGCGGGTACAGGCGGCAA,ZBTB9,9,2,22
ZBTB9_TTGAAGCCGATGCCTTCGAG,ZBTB9,598,129,183
ZBTB9_CTACATCCTCTACAGGAGGC,ZBTB9,75,103,250
ZBTB9_AGAAGTGCTGCAAATTCAGG,ZBTB9,569,205,162
ZBTB9_GGCCCTTGCATAGGTCCCGG,ZBTB9,3,0,0
ZC2HC1A_AGCTCGAGGAGGTGGCGCGA,ZC2HC1A,881,445,356
ZC2HC1A_CTTGATCAGGCCCTCAAAGA,ZC2HC1A,1576,684,573
ZC2HC1A_ACCAACTTCTCGGACACAGG,ZC2HC1A,903,270,306
ZC2HC1A_TCACGATTACCGCAGCCAAG,ZC2HC1A,1190,898,615
ZC2HC1A_GCTGCTATCCCTTTATGAGA,ZC2HC1A,1175,88,240
ZC2HC1A_ATACTGAGAGCTACATAGCC,ZC2HC1A,596,185,285
ZC2HC1B_CGTCTTCCACAGACTTCACA,ZC2HC1B,820,159,205
ZC2HC1B_CAGTTAGACTTCCTCACAGG,ZC2HC1B,1267,288,152
ZC2HC1B_TACACACCTGGGTTCAAGGA,ZC2HC1B,748,281,423
ZC2HC1B_AATTTGGCTGCTGTCTGAGC,ZC2HC1B,1185,33,286
ZC2HC1C_AGAAACGAGTTGGAGTGGAC,ZC2HC1C,428,276,89
ZC2HC1C_TGGGTTTCAATGGGAACGCC,ZC2HC1C,296,140,135
ZC2HC1C_GACTGGTGTTTCTGAAGGCG,ZC2HC1C,1019,279,483
ZC2HC1C_AGAGGAATTTGCGCCCACAG,ZC2HC1C,2576,423,480
ZC2HC1C_AACCTCCTCAGAAGAGCAAC,ZC2HC1C,458,112,74
ZC3H10_TCGCCACCCAGACATGAGCG,ZC3H10,3379,736,1015
ZC3H10_TTGCCATTTGGTAGGTCAGC,ZC3H10,781,340,276
ZC3H10_ATAGTTTGGCTCCACCGCGA,ZC3H10,1002,285,239
ZC3H10_TGGGCCATCGATACAGCCAC,ZC3H10,173,10,71
ZC3H10_AGCGATAGGGTAAGTCACCA,ZC3H10,729,52,271
ZC3H11A_CCAGATAATGAGGATGCAAC,ZC3H11A,411,230,332
ZC3H12A_TCAAGAGCTGGCCGCTGAGG,ZC3H12A,938,225,190
ZC3H12A_TTGCTCCCATCGATGACCAC,ZC3H12A,1158,287,339
ZC3H12A_AGTGAACTGGTTTCTGGAGC,ZC3H12A,1,13,255
ZC3H12A_CCAGCACATCCTGCGGGAAC,ZC3H12A,3819,758,961
ZC3H12A_AAGTGAGTGGCTTCTTACGC,ZC3H12A,985,296,220
ZC3H12A_AGCACCCATGGCCCGGCCAA,ZC3H12A,74,65,63
ZC3H12B_GATGGAGTTTGCGCTAAAGC,ZC3H12B,331,102,50
ZC3H12B_TGTAATTGGTGCATCAGGGC,ZC3H12B,1063,235,324
ZC3H12B_CTGTAATTGGTGCATCAGGG,ZC3H12B,1843,242,421
ZC3H12B_CCGAAGAGTCCAAGGCAGGA,ZC3H12B,1382,946,1020
ZC3H12B_GATGATCCATTAGGACGCCA,ZC3H12B,133,4,48
ZC3H12B_TCCCTGTGCCACACTTGGCC,ZC3H12B,656,396,350
ZC3H12C_CAAACCTGGGAGCCGCCACC,ZC3H12C,542,94,252
ZC3H12C_CAGTGCTCTCCACATAAAGG,ZC3H12C,1238,343,490
ZC3H12C_TATTCTCGCACCACATCAGG,ZC3H12C,187,68,30
ZC3H12C_TGGCTAATGAGAAGCCAGAA,ZC3H12C,884,304,345
ZC3H12C_GATGACCCTCTTGGCAGACA,ZC3H12C,101,86,44
ZC3H12C_CCTCAGGATCAAAGACCACA,ZC3H12C,455,211,280
ZC3H12D_CCGAGAGAAGCTCCCTCGCA,ZC3H12D,691,264,496
ZC3H12D_TAAGGACAATGCTGCCAGGA,ZC3H12D,863,317,258
ZC3H12D_CGACCGCTACATCGTGAAGG,ZC3H12D,1380,389,589
ZC3H12D_ACGTGCTGGCGGAGCTGGAG,ZC3H12D,1105,182,194
ZC3H12D_GGAAGAGGACTTCAGAACCC,ZC3H12D,86,0,18
ZC3H12D_CTGCAGGAGCTTATCCGCAC,ZC3H12D,1963,195,390
ZC3H13_CGTCGTGACAACAGAGAGAG,ZC3H13,2914,612,464
ZC3H13_GGTTCCTGAGTTACCTGAAA,ZC3H13,491,194,218
ZC3H13_CGCTCTCCAATGCGAGAGAA,ZC3H13,947,459,594
ZC3H13_TGAAGCGTCAGAAGATACAG,ZC3H13,1241,424,317
ZC3H13_GAAGAACAAGCGCCAAGACG,ZC3H13,758,315,406
ZC3H13_CTGCTATAACCTTTACCACG,ZC3H13,1787,509,438
ZC3H14_AAGTCAGGACCAAATGACAG,ZC3H14,518,66,108
ZC3H14_TTCAGGTCTCGCGCTAGGAA,ZC3H14,663,479,779
ZC3H14_GATGATTACGGGTCTCGAAC,ZC3H14,317,14,49
ZC3H14_CCTAAGTCCACTGGCTCCGG,ZC3H14,720,81,206
ZC3H14_CAGGACACCTTATGCAGACA,ZC3H14,710,286,356
ZC3H15_GAACAAGAAGCACGGTGAGG,ZC3H15,262,193,72
ZC3H15_AGATGATACCCGCTACACCC,ZC3H15,2865,1105,1213
ZC3H15_ACCCGCTACACCCAGGGAAC,ZC3H15,1203,733,1079
ZC3H15_CGCTACACCCAGGGAACAGG,ZC3H15,903,869,812
ZC3H15_CTTGGAAGAGGACAACGAGA,ZC3H15,657,324,250
ZC3H18_GAGGTGAATGAGCTGAGCCG,ZC3H18,922,86,24
ZC3H18_TTTCATGAAGAACCGGCAGG,ZC3H18,248,63,49
ZC3H18_ACACCCTGGAGTGAACGACA,ZC3H18,260,95,60
ZC3H18_ACAGAGAGTGCCTGGGAACG,ZC3H18,1596,158,237
ZC3H18_TTCCCGTTCGTCTTCGCCAA,ZC3H18,1090,207,97
ZC3H18_ACCGCGACCGGGAGAAGGAG,ZC3H18,932,6,25
ZC3H3_CTACATCCACGATCCCGAGA,ZC3H3,2492,158,153
ZC3H3_CCCAAAGGCATTACCTGGCC,ZC3H3,149,97,214
ZC3H3_CTGCGTCCAGTTGCCAGCGG,ZC3H3,94,14,0
ZC3H3_CCGCATTGTCAAGAAGACGC,ZC3H3,2432,50,198
ZC3H3_TATGTCGCCTGCCACCGAGC,ZC3H3,808,118,60
ZC3H3_GAGTATTTCTTGCGCCACGA,ZC3H3,204,142,49
ZC3H4_ACAGGGCTAAGTCGAGGCCG,ZC3H4,1518,202,268
ZC3H4_CTCGGCTGTCCTTGGAGCGG,ZC3H4,115,111,30
ZC3H4_CTCTATGGGAGGAGACCACC,ZC3H4,269,17,30
ZC3H4_GAACCAGTACCGGCGTGCCA,ZC3H4,169,78,1
ZC3H4_GAGACCCAGGATACCTCCGG,ZC3H4,221,1,53
ZC3H4_GGCGAAGGCGTTGATGGCGG,ZC3H4,169,185,77
ZC3H6_CTGAACATGCAGGGCACGAC,ZC3H6,3291,481,867
ZC3H6_TAACTACGGTCAGGAAACAG,ZC3H6,887,159,153
ZC3H6_TTTAATGTTGGTCGTGGACG,ZC3H6,757,535,684
ZC3H6_TCTTCCCAAACCACCTCCAG,ZC3H6,832,110,183
ZC3H6_TGTGGCACTGGTAGACCAGG,ZC3H6,131,295,112
ZC3H6_CTCTTTGCACTGCAGGGAGG,ZC3H6,251,170,343
ZC3H7A_AGCAAATGTACCTGGAGCGC,ZC3H7A,438,106,30
ZC3H7A_GAAAGGAGCATTCAGCCGGG,ZC3H7A,393,179,24
ZC3H7A_AGGAGCATACCTCGCACCAA,ZC3H7A,606,38,159
ZC3H7A_TCATGAAGTTGGAAGTGAGC,ZC3H7A,764,81,339
ZC3H7A_TCTGTGGAAGATATTGAGCC,ZC3H7A,465,203,59
ZC3H7A_GCTGTCATATCCAGGAACAC,ZC3H7A,1122,221,257
ZC3H7B_CGGAAGGCGGACATCGAGAA,ZC3H7B,1032,446,441
ZC3H7B_AGAGGGTGCCAGGCTCACCA,ZC3H7B,680,209,233
ZC3H7B_TATCCGGGCGTTGTTCCGCA,ZC3H7B,692,150,270
ZC3H7B_TAACGGCACTGCGGCTGGCG,ZC3H7B,1244,445,659
ZC3H7B_CCTGGATGACTTCTCAGACG,ZC3H7B,1223,482,167
ZC3H7B_ATCGAGGGCATCCAGCACAG,ZC3H7B,974,631,562
ZC3H8_CAACATACAGTGGAACGCAA,ZC3H8,905,116,138
ZC3H8_CCAACATACAGTGGAACGCA,ZC3H8,1626,15,18
ZC3H8_AATGCTTTGCTGAGGAACAG,ZC3H8,496,24,5
ZC3H8_GATCCTTTGTTTCCAGGGCC,ZC3H8,0,50,22
ZC3H8_CGGCCACGGACTCTGACGAA,ZC3H8,1000,9,133
ZC3HAV1_CTGGACGGACTTTGAGCACA,ZC3HAV1,1503,545,489
ZC3HAV1_AAGTACCACATCTTCTAGGG,ZC3HAV1,481,150,142
ZC3HAV1_ACATCCTGGACGAATGACCA,ZC3HAV1,455,113,35
ZC3HAV1_TGTCCATCAGGTTATGGGAC,ZC3HAV1,1549,627,356
ZC3HAV1_ACTCTCTGGACTGAACAAAG,ZC3HAV1,932,599,403
ZC3HAV1_GCAACTATTCGCAGTCCGAG,ZC3HAV1,1762,316,305
ZC3HAV1L_CCTTTAAGGTTTACCTGGGC,ZC3HAV1L,162,41,49
ZC3HAV1L_CTTTAAGGTTTACCTGGGCA,ZC3HAV1L,1002,357,349
ZC3HAV1L_GCTTCTTGGCCGACTGAGCA,ZC3HAV1L,1448,419,394
ZC3HAV1L_TGTTGTAGAGCAAACAGACC,ZC3HAV1L,734,308,312
ZC3HAV1L_AAGGTGCTGTGCGCCCACGG,ZC3HAV1L,1224,183,108
ZC3HAV1L_ACCAAGGTGCTGTGCGCCCA,ZC3HAV1L,637,194,294
ZC3HC1_GCTTCCTTCCCTAAGGCCGG,ZC3HC1,585,10,128
ZC3HC1_CTTCTCATGGGCAGTACACA,ZC3HC1,1548,143,350
ZC3HC1_GGATACTCTTTGAAATGGGC,ZC3HC1,42,34,86
ZC3HC1_AGAAGCCTTCTTTAGCAGAG,ZC3HC1,785,208,348
ZC3HC1_ATTCATAGAGAGCCTCAAGC,ZC3HC1,18,52,39
ZC3HC1_GCAAACGCTTGTCCCTCACA,ZC3HC1,1137,139,96
ZC4H2_TTGCTGGTGACATGACAAGC,ZC4H2,1563,660,456
ZC4H2_GCTCCAAGTGGCTAGGAAGC,ZC4H2,707,409,235
ZC4H2_TGCCGCCCAACAGCTCCAAG,ZC4H2,1351,668,409
ZC4H2_GCAGGCCCAGAGTCATGCGC,ZC4H2,470,127,318
ZC4H2_AGCTGCTAGAGTCTACAAGG,ZC4H2,1503,499,467
ZC4H2_AGGCACTTGAGTCAGAGGAA,ZC4H2,1178,490,320
ZCCHC10_CTCCAATGCTGATAAACACG,ZCCHC10,956,385,327
ZCCHC10_CAATGCTGATAAACACGAGG,ZCCHC10,316,102,0
ZCCHC11_ACACCTACCTCTTGTAGAAC,ZCCHC11,1917,1245,810
ZCCHC11_GGGTGGAAATAAGTCTACAG,ZCCHC11,186,139,142
ZCCHC11_CTCTAACCATAACTGTCCCA,ZCCHC11,568,162,230
ZCCHC11_ACCCAACTTCCAAGTAAGCA,ZCCHC11,1074,401,476
ZCCHC11_TAGCGAAAGGCTAACACCAA,ZCCHC11,1301,273,339
ZCCHC11_TTCACCAGCAGAAGCAGAAA,ZCCHC11,1527,451,548
ZCCHC12_CACGTGTCGGTAACAGCCGG,ZCCHC12,809,214,303
ZCCHC12_GCAAGGGTGCATTCAGCCGC,ZCCHC12,897,736,640
ZCCHC12_CGGTCCTATAATGGCCAGCA,ZCCHC12,1419,469,763
ZCCHC12_TAACACCCTACAAGCTCAAG,ZCCHC12,1150,209,266
ZCCHC12_GGTCTGAGTCAATGGTGGAG,ZCCHC12,608,66,114
ZCCHC12_TGACCCATACTGAGATGGAG,ZCCHC12,589,472,397
ZCCHC13_TGTAGCAGATGTTTCCGAGA,ZCCHC13,413,233,413
ZCCHC13_CATTCAGAAAGACTGCGCCC,ZCCHC13,269,135,198
ZCCHC13_CGCATCGGTAACACTTGACC,ZCCHC13,1195,217,566
ZCCHC13_ATGCGGCGAGATTGGCCACG,ZCCHC13,1120,76,166
ZCCHC14_CCACTGCTGGTGACCAGCGG,ZCCHC14,1751,225,110
ZCCHC14_GAAGAAGCTCAAGACCCAGC,ZCCHC14,0,8,0
ZCCHC14_ATACCAGCCACTCCACACAC,ZCCHC14,4577,478,567
ZCCHC14_CGTGAGAAGGTAATGAGGCC,ZCCHC14,1170,502,323
ZCCHC14_GCGTCCGGACCAGCTAAGCA,ZCCHC14,1666,299,378
ZCCHC14_CACTTGCCCAGCCTGCCACA,ZCCHC14,405,49,175
ZCCHC16_GGGCCAAGTCATGCCTGCCC,ZCCHC16,152,25,74
ZCCHC16_TCAGAGTGGTCAGTTCGAAA,ZCCHC16,2583,902,820
ZCCHC16_GGCACTAGCTGATCCCAACC,ZCCHC16,318,60,135
ZCCHC16_TGGATCAAGGAAGCCAACAA,ZCCHC16,1402,540,578
ZCCHC16_GGGCCTATACAGCTGCGAGA,ZCCHC16,780,149,162
ZCCHC17_ATCCCAGGCTGTCGGAAGCA,ZCCHC17,1444,464,531
ZCCHC17_CTACCTTGCTTCCGACAGCC,ZCCHC17,906,834,773
ZCCHC17_TGAGTTCGATGGACCAGACC,ZCCHC17,1358,469,406
ZCCHC17_GGTGAAGCTTATTGGCCGAG,ZCCHC17,209,17,106
ZCCHC17_AAGGTTGTCAATCAAGGGAC,ZCCHC17,82,161,230
ZCCHC17_CGATCCTTCCAGGATTACAC,ZCCHC17,318,212,258
ZCCHC18_TTTAACACCCTGCAGGCACA,ZCCHC18,904,219,172
ZCCHC18_TTAACACCCTGCAGGCACAA,ZCCHC18,1075,474,265
ZCCHC18_GATGCTTAAGCCTGAAGCGC,ZCCHC18,607,26,187
ZCCHC18_CAAGATGATAAGGGAGGAAG,ZCCHC18,1593,284,350
ZCCHC18_CTGGGAATATTCGTAGAGCC,ZCCHC18,637,248,346
ZCCHC2_AGCAGGAGCGGGTATACGAG,ZCCHC2,1632,189,110
ZCCHC2_CCTCACAGAGCTCAGCGAGA,ZCCHC2,223,27,237
ZCCHC2_CCCACACACCTGGTCAGCCG,ZCCHC2,2260,1135,704
ZCCHC2_TACCTTTCACAGTACCACCA,ZCCHC2,1382,142,69
ZCCHC2_CGGTACTGTGTGTCAAGGCA,ZCCHC2,1703,678,565
ZCCHC2_CCAACGTATCATTAGAAGGG,ZCCHC2,5,1,0
ZCCHC24_GGACGTGTCCGACCAGAGCA,ZCCHC24,1092,216,265
ZCCHC24_GAGGGCCTGACTCCATACCA,ZCCHC24,430,94,7
ZCCHC24_TGCCACCTGTGCTTCAACAA,ZCCHC24,2964,560,557
ZCCHC24_TCCCTCAACAACATCGCCGA,ZCCHC24,267,49,146
ZCCHC24_CCTTCCAGACCTGGGCACAC,ZCCHC24,1318,386,700
ZCCHC24_AGGCATCGAAGGCGCTAGCC,ZCCHC24,136,150,19
ZCCHC3_CGTCGAATTCGCGGCTGCCC,ZCCHC3,240,179,115
ZCCHC3_CTTCCGCTCAGCGGAGAAGC,ZCCHC3,0,30,90
ZCCHC3_TACGCGTCTACGAGGAGAAG,ZCCHC3,1133,325,362
ZCCHC3_TGCCGGTGAAAGTGACCGAC,ZCCHC3,880,416,380
ZCCHC3_CATGAGCGGCAGCTGCACGC,ZCCHC3,184,206,123
ZCCHC3_GGCAGCTCAGCTAACCGGCG,ZCCHC3,28,284,36
ZCCHC4_TTTGAAGCCGTGGAGGCAGA,ZCCHC4,938,265,172
ZCCHC4_CTGTTTGTAAAGGTGACCCA,ZCCHC4,907,218,206
ZCCHC4_CCACACACTGCGTTCGGGAC,ZCCHC4,2480,714,782
ZCCHC4_CAGTACTCTTCTGAATCCGA,ZCCHC4,442,34,76
ZCCHC4_TCAACCAAGCCACCAAACGG,ZCCHC4,3609,621,318
ZCCHC4_TGTACCCTTCTTCAGTAGGA,ZCCHC4,748,185,104
ZCCHC5_GGGCCTGATGAGGCTTGACA,ZCCHC5,797,117,127
ZCCHC5_ATAAGCGGCCTTTGTGCCAA,ZCCHC5,101,334,88
ZCCHC5_ATTGCCAACAAAGCTCACCA,ZCCHC5,854,165,224
ZCCHC5_CAACAGTCTTGGAGGGCCAG,ZCCHC5,1423,399,101
ZCCHC5_GGAGTCCCAGAAACCTCCAA,ZCCHC5,272,73,119
ZCCHC6_ATTCAGAGGCTTTAGAAGGC,ZCCHC6,703,22,80
ZCCHC6_AGTATAGATCGCCCTGAAGA,ZCCHC6,273,154,165
ZCCHC6_CTTCTGTGTAAAGTGAGCGC,ZCCHC6,622,140,104
ZCCHC6_CCAACTGCATTTATCTGGGA,ZCCHC6,253,182,358
ZCCHC6_GGAGCTGCTAGGCTTACAGC,ZCCHC6,289,2233,1617
ZCCHC6_ACCACGTCAGAAATGGAAGC,ZCCHC6,814,195,173
ZCCHC7_TGTTGGCTGAATAGTACCGC,ZCCHC7,1508,238,219
ZCCHC7_TCCAGATTTCTGTGCAAGCC,ZCCHC7,1406,543,527
ZCCHC8_AATGCAGGCATGTCAGCAGA,ZCCHC8,874,221,89
ZCCHC8_CCCACCAGGGTGGCTCAAAG,ZCCHC8,1162,284,366
ZCCHC8_CTGATTGTTTGCTTCTCCAC,ZCCHC8,680,49,318
ZCCHC8_ACCCTCAGCTTTCCGAAGGA,ZCCHC8,250,117,39
ZCCHC8_GCTAGAGGAGGACCACAAAG,ZCCHC8,810,92,60
ZCCHC8_GACTCCTCTGGGTGGTCGAA,ZCCHC8,261,38,0
ZCCHC9_GGTACTAACTCGGGCCCACC,ZCCHC9,48,0,0
ZCCHC9_AGAAACACATACCAAGAGCC,ZCCHC9,1128,22,0
ZCRB1_CAGATGATTCAAGACGCCCA,ZCRB1,425,49,129
ZCWPW1_CTCTCTGGTTTGAACAGCCC,ZCWPW1,763,630,407
ZCWPW1_GGCCCTGATGATGGCTCAAG,ZCWPW1,169,42,27
ZCWPW1_TTCTATCATGCCTGGCCACC,ZCWPW1,0,76,147
ZCWPW1_ATTGGGTAGATACTACGGGC,ZCWPW1,168,56,131
ZCWPW1_CGAAAGAAGAGCCCAGACAC,ZCWPW1,3030,341,472
ZCWPW1_CTCCTGCACCCAGAATGGGA,ZCWPW1,1544,204,110
ZCWPW2_ACATGACAAAGTTGCTGCAC,ZCWPW2,349,113,32
ZDBF2_CCGTGTGCAGTATAATAACC,ZDBF2,1656,786,878
ZDBF2_GAATGCAAGGCATATTAGCC,ZDBF2,247,211,103
ZDBF2_CTATTTCGGCTACTTGAGAC,ZDBF2,944,198,193
ZDBF2_CGGTCAGCCACTGACTGAAG,ZDBF2,1153,209,473
ZDBF2_AACTCTTCAGTTCCACCAGC,ZDBF2,337,137,131
ZDHHC1_CGCCCACCACAGGAGGCCAA,ZDHHC1,1104,596,725
ZDHHC1_GAAGGATGAGCAGGGCGGCC,ZDHHC1,0,55,50
ZDHHC1_TCGGTTGGTGCGCAGACGCA,ZDHHC1,683,289,559
ZDHHC1_TCAACAACTGTGTGGGCGAG,ZDHHC1,1030,866,818
ZDHHC1_CGGTCAGGTGCACCACAAGG,ZDHHC1,2153,978,1046
ZDHHC1_CCAGCTCCACCCATTCCGGC,ZDHHC1,822,235,222
ZDHHC11_ACAGGCGCCTGCAAATCAGC,ZDHHC11,211,286,464
ZDHHC11_CAGGCGCCTGCAAATCAGCC,ZDHHC11,355,222,264
ZDHHC11B_CATACGCAACAATGAAGAGC,ZDHHC11B,1489,357,208
ZDHHC12_GGTCAGTGGTTGCGGTCCAG,ZDHHC12,76,303,26
ZDHHC12_GGTCGTAGCGGCGGACGCAA,ZDHHC12,196,92,61
ZDHHC12_CAGTATCTGCAGCGCCGAAG,ZDHHC12,1120,464,160
ZDHHC12_GCTGCACATTCACGTAGCCA,ZDHHC12,920,197,207
ZDHHC12_CCTCTCCAGAGCTGCGGCAA,ZDHHC12,1953,172,255
ZDHHC12_GGGAAGTACGCGGGATCGGG,ZDHHC12,1006,51,31
ZDHHC13_ATCGACCAAATCCTGGAGGG,ZDHHC13,773,7,61
ZDHHC13_CTATGCACCGTCCAGTCCAC,ZDHHC13,1488,349,245
ZDHHC13_TCCAGCCACATACCATGGAA,ZDHHC13,1442,501,1089
ZDHHC13_GATGTCCAATCTACCACACA,ZDHHC13,579,274,86
ZDHHC13_CATGGTCTTTCACCCAGCCA,ZDHHC13,1711,435,424
ZDHHC14_AGAAGAGTCCGCTAGTGACC,ZDHHC14,264,163,103
ZDHHC14_CGCACCAGCTTCAGCGACCC,ZDHHC14,1847,926,880
ZDHHC14_GGCTGCAATGGGAGGCGCGA,ZDHHC14,1090,95,211
ZDHHC14_AGTTGCCTACCCAGGGACAG,ZDHHC14,265,469,496
ZDHHC14_CCCACAGGTTCACAGCAAAC,ZDHHC14,2166,1721,1295
ZDHHC14_GAATCCTGAGAGGCCAACGA,ZDHHC14,1260,244,415
ZDHHC15_TCTGGGCCACTTGTAAACAC,ZDHHC15,1273,483,269
ZDHHC15_ATGGAACTTAGAGCGAACAC,ZDHHC15,207,174,99
ZDHHC15_CTGGCTTGATCAGATGACAC,ZDHHC15,1213,379,379
ZDHHC15_CCACTTGTCCTACACAGACA,ZDHHC15,1998,665,1021
ZDHHC15_ACGAGGACAATAACGAGCAC,ZDHHC15,416,293,402
ZDHHC15_AGCCAAAGATGCGGCGAGGC,ZDHHC15,97,278,308
ZDHHC16_CGTGATCCGCTGGTTTGGAG,ZDHHC16,1236,229,459
ZDHHC16_CAGGCGGAGTGGTGATGGCC,ZDHHC16,376,109,127
ZDHHC16_CTGCAGTGGTGTGTTCGGGC,ZDHHC16,1070,203,329
ZDHHC16_ACACAATTGTTTAGCCAGGC,ZDHHC16,758,209,254
ZDHHC16_ACTACAGGCGGTTGCCAACC,ZDHHC16,122,35,48
ZDHHC16_GCCATACAGTTAGGGCACCC,ZDHHC16,991,93,271
ZDHHC17_TTTAACACCAAGATGGCGGA,ZDHHC17,305,113,136
ZDHHC17_TGTTATTGATGGCAGCCCAA,ZDHHC17,336,128,254
ZDHHC17_TGCATTGGGCAGTGCTAGCA,ZDHHC17,3094,862,1390
ZDHHC17_GGCAATCCTTAGGTGTCACA,ZDHHC17,36,14,142
ZDHHC17_ATACAGCCACCCACATGAAG,ZDHHC17,1132,352,549
ZDHHC17_TTCGTCCTGTTATCGTGGAC,ZDHHC17,359,329,147
ZDHHC18_GAGTACCAGCAGATCAGCCC,ZDHHC18,435,180,70
ZDHHC18_CAGACAAGCTTCACCGACCC,ZDHHC18,366,688,479
ZDHHC18_GGTGCTGATCAACGGGCAGA,ZDHHC18,125,41,70
ZDHHC18_ACAACTCACGCAACGTCAGG,ZDHHC18,411,31,100
ZDHHC18_AAGTTGCTTCCCTGAGCGCC,ZDHHC18,151,28,94
ZDHHC18_TAGTCAGGTTGGAGGCGACG,ZDHHC18,220,219,130
ZDHHC19_GCCTCAGCTTGGGAAGCACA,ZDHHC19,80,172,107
ZDHHC19_CTGGCACAGCCCTGGTCGAA,ZDHHC19,3279,1092,849
ZDHHC19_TGGCGCCCGAGTAGAGGCAC,ZDHHC19,1002,270,325
ZDHHC19_TCCACACAGATGTTGCACCA,ZDHHC19,1547,581,921
ZDHHC19_CACCTTGATGTAAGATGCCA,ZDHHC19,544,200,35
ZDHHC19_AACCAGGGACGTGGGACCAG,ZDHHC19,469,16,17
ZDHHC2_GGATCCAGTACAGCACCCGC,ZDHHC2,970,39,104
ZDHHC2_TCATCACCCTCCTGCTCGGC,ZDHHC2,722,0,50
ZDHHC2_CGCACTCACCTATGCACAGC,ZDHHC2,1865,384,426
ZDHHC2_AGTTCTTAGGCGAGCAGCCA,ZDHHC2,703,129,161
ZDHHC2_GCATCTGTCACAGTATCGGA,ZDHHC2,509,20,90
ZDHHC20_AAACTGTTGCAGCCACGAAA,ZDHHC20,786,373,877
ZDHHC22_CTCTTGTAAGTTCTTGCGCC,ZDHHC22,251,156,253
ZDHHC22_CTGGCGCAAGAACTTACAAG,ZDHHC22,1830,468,534
ZDHHC22_CGCGGAGGATCAACAGCAGC,ZDHHC22,394,190,525
ZDHHC22_AGGAGCGTGAGGAAGGCCAA,ZDHHC22,802,149,10
ZDHHC22_AGCGGAGATGTAGGCCACGC,ZDHHC22,949,563,564
ZDHHC22_CTACTCCATGGTGGCCGGCG,ZDHHC22,2031,311,551
ZDHHC23_TGCGAGTACATAGATCGGAA,ZDHHC23,1865,236,320
ZDHHC23_CACACAAACAAGTAGCCACG,ZDHHC23,1657,385,561
ZDHHC23_ACTACTACCTCACTCACAGA,ZDHHC23,390,227,187
ZDHHC23_CTATGTGTTCCTGCAGGAAG,ZDHHC23,1550,451,632
ZDHHC23_TGTAGCTGATGTTGATCAGC,ZDHHC23,0,123,112
ZDHHC23_CGATGAGCCCGCAGAGGAGC,ZDHHC23,327,471,267
ZDHHC24_CAAATCACTGTTCCTCAGGC,ZDHHC24,1149,287,509
ZDHHC24_CACATGCACAATATCGAGCG,ZDHHC24,809,123,485
ZDHHC24_GGGCCAGCACTCCTATGACC,ZDHHC24,1353,362,205
ZDHHC24_AGAGACGTGGAGCAGGACGC,ZDHHC24,1896,301,527
ZDHHC24_CTGCTACCAATGCCAAAGCC,ZDHHC24,3068,997,805
ZDHHC24_GGATGCTGGGATCCGAGCGC,ZDHHC24,1178,128,165
ZDHHC3_CCTTTGCCACGCCAGACCAA,ZDHHC3,906,123,89
ZDHHC3_GAAAGCCTATGGACTGAACA,ZDHHC3,354,206,374
ZDHHC3_TAAGCGGTGCATTCGGAAGA,ZDHHC3,923,393,149
ZDHHC3_GAGAGTTTACAGTTGAAGCC,ZDHHC3,151,115,203
ZDHHC3_CACTTGCTGCGGCCTGAAAC,ZDHHC3,765,293,387
ZDHHC3_CTATACACGTAGTCTCGAGA,ZDHHC3,1258,157,161
ZDHHC4_AACCCATAGCTTGAAAGGCC,ZDHHC4,893,54,121
ZDHHC4_TAGCTTGAAAGGCCTGGCCA,ZDHHC4,1190,216,158
ZDHHC4_ATTTGGCTACTGTCAGGAGC,ZDHHC4,295,22,160
ZDHHC4_AATCTGACATCACCACCAAG,ZDHHC4,1999,202,328
ZDHHC4_GAAAGACCGTGTCCATAACA,ZDHHC4,602,311,260
ZDHHC4_TGACGGAGGCCAGGCCACAA,ZDHHC4,2724,488,507
ZDHHC5_CGTAGCTCCCACTAGGAAGA,ZDHHC5,3216,484,455
ZDHHC5_GCATCCAGGTGCGCATGAAA,ZDHHC5,897,899,506
ZDHHC5_TGGCCTCACGGGATTTCACG,ZDHHC5,698,355,242
ZDHHC5_TCTGCAGTTCTCCAGCACCC,ZDHHC5,933,291,286
ZDHHC5_ACTTCTGGTCGAAGGAAGGG,ZDHHC5,332,86,81
ZDHHC5_AATCCAGTCTAAGGGAAGCC,ZDHHC5,895,94,310
ZDHHC6_AGATCGACATGAGTGCAGCC,ZDHHC6,326,212,266
ZDHHC6_TTTCTGCAGTGATGTGAACG,ZDHHC6,1046,586,127
ZDHHC6_AAAGCCCGGACCGACAAACA,ZDHHC6,2198,364,585
ZDHHC7_CCACAAAGGGATTCATCCAG,ZDHHC7,634,364,428
ZDHHC7_TCTCGTCGTTGCATATGGAG,ZDHHC7,963,325,350
ZDHHC7_CTACACAATTGTTCACCCAC,ZDHHC7,1268,281,491
ZDHHC7_CTCACCACAAATGCCCACAA,ZDHHC7,2078,1195,459
ZDHHC7_AGACGCAGCCAGTACTCACA,ZDHHC7,2684,190,97
ZDHHC7_CGAGGCTGACGTGGCTGACC,ZDHHC7,1894,468,105
ZDHHC8_CTCACGTGAACACGAAGAAG,ZDHHC8,2010,489,635
ZDHHC8_CCAGCTGTTCCCGTCTACAA,ZDHHC8,3300,408,494
ZDHHC8_CGTTCTTGTACAGCGGAGCC,ZDHHC8,620,179,244
ZDHHC8_CGTGGTTCAGCACGTAGACC,ZDHHC8,2694,216,269
ZDHHC8_CCCGAGTGACCAGCACCACA,ZDHHC8,891,223,514
ZDHHC8_GGTGTGAACCCTTTCACCCG,ZDHHC8,41,8,7
ZDHHC9_CAGATCAAAGGATCATGGAC,ZDHHC9,348,301,399
ZDHHC9_AAATCCAGTCAGTCCCACGA,ZDHHC9,2423,322,203
ZDHHC9_CGAAGACATAGATTGTGAGG,ZDHHC9,1121,553,870
ZDHHC9_AAATTCTTGATACGAGGCGG,ZDHHC9,237,156,87
ZDHHC9_GCTTCATCTGGTAGCGCCCG,ZDHHC9,410,126,44
ZDHHC9_GAAAGAAGGTGACACGGAAA,ZDHHC9,781,226,75
ZEB1_GCAGAAAGCAGGCGAACCCG,ZEB1,1730,592,450
ZEB1_CACTCACCGTTATTGCGCCG,ZEB1,2923,489,774
ZEB1_AGGCACCTGAAGAGGACCAG,ZEB1,608,368,290
ZEB1_GCCTCTATCACAATATGGAC,ZEB1,315,34,0
ZEB1_AACCAGTTCTCCTCAGGGCA,ZEB1,1100,383,768
ZEB1_CACCCACGTGCTCATTCGAG,ZEB1,1428,468,447
ZEB2_ACTACCGGAAGACCGACAGG,ZEB2,288,71,71
ZEB2_CAAATGCTAACCCAAGGAGC,ZEB2,406,17,32
ZEB2_CCTACCGCACCCAGCTCGAG,ZEB2,2465,658,327
ZEB2_CTTGGCACGCCAGAGGCCAA,ZEB2,28,16,123
ZEB2_GAATCTCGTTGTTGTGCCAG,ZEB2,218,54,73
ZEB2_TTGTTTGCGCCTCTTGCACC,ZEB2,215,5,3
ZER1_AAGCAAGTTGATGGCCCGCG,ZER1,1079,187,219
ZER1_CCACTGCTCACTTTGTAGGC,ZER1,815,287,224
ZER1_GAACTGCAGCATCTCCAAGA,ZER1,798,149,111
ZER1_CCAAGTTGAGGAAGCGGAGG,ZER1,1180,87,295
ZER1_GGAGGTGGATCCGCGTGAGG,ZER1,506,90,205
ZER1_CAAGCAGAAGTCAGTACAGA,ZER1,1443,270,310
ZFAND1_ACTTTGCCGCTTCTCTAGCC,ZFAND1,611,111,228
ZFAND1_TGGCGATAAGTCATTACCAC,ZFAND1,695,44,270
ZFAND1_GGAAATCCCAAAGCCTCGAA,ZFAND1,369,228,163
ZFAND1_GCTGCCGGCAATGCTCCACC,ZFAND1,1,91,56
ZFAND1_CATCGGGCAGCACTGCCAGG,ZFAND1,315,147,59
ZFAND2A_AAATTGCGTTCACATGAGCC,ZFAND2A,712,196,273
ZFAND2A_GACTCGGGTACTGGTTCACC,ZFAND2A,271,316,1
ZFAND2A_GAGGAAATCTCCCAACGGCC,ZFAND2A,267,92,74
ZFAND2A_CATTGAGCACCATCCCACAC,ZFAND2A,1224,334,396
ZFAND2A_GAGAAGAGACTCCGCTGCGA,ZFAND2A,350,129,44
ZFAND2A_AGAGACTGTGACTCTCACCC,ZFAND2A,799,300,167
ZFAND2B_GCTCCGAACAGTGAGCGCCG,ZFAND2B,397,109,65
ZFAND2B_CTGTGGATCTGCTTACCAAA,ZFAND2B,1764,527,551
ZFAND2B_GGCACAGGCACATTACAGAG,ZFAND2B,1246,451,404
ZFAND2B_ACCAATAAGTGTGAACGCGC,ZFAND2B,71,187,179
ZFAND2B_CCAGAGCAATCATGGTCCAG,ZFAND2B,622,49,122
ZFAND2B_GATTGCTTTGCAGAATGGCC,ZFAND2B,233,7,13
ZFAND3_AAGCCGCAGGGACAGCGAGG,ZFAND3,430,10,31
ZFAND3_ATTCATAGTCTTGCTGGACC,ZFAND3,122,52,23
ZFAND3_GCTGGGACTAAGAGTTGGCG,ZFAND3,356,208,78
ZFAND3_GACGTACATACCTGTACCAC,ZFAND3,1124,0,186
ZFAND3_CTTCCAGTGCCAAACCAAAC,ZFAND3,2289,1697,957
ZFAND3_ACATTCGACCACATGGGCCG,ZFAND3,330,302,338
ZFAND4_AGCTTTGGTGCATTAACCAC,ZFAND4,380,212,438
ZFAND4_ATTGGTGCAGAACAGCGAAG,ZFAND4,1280,189,147
ZFAND4_CCGCCCGAAATCTCCAGGAA,ZFAND4,4449,1393,1627
ZFAND4_CTTAACAATCGGTGGCGAGA,ZFAND4,1023,186,428
ZFAND4_TTGCATGTCCTACGGAGAAA,ZFAND4,2325,1050,724
ZFAND4_CTCCCAGACCTCAACTCGAC,ZFAND4,1791,584,1011
ZFAND6_AGGTGTGCAACTGAGGAACA,ZFAND6,1190,567,214
ZFAND6_CCACACCGGCATTCAAACCC,ZFAND6,2089,742,560
ZFAT_AATGCACAACCTTACCAGGA,ZFAT,161,81,251
ZFAT_GCATGTCCGCACCCACACCC,ZFAT,1191,1103,697
ZFAT_CCGAGACGCGCATGACCCAC,ZFAT,814,683,724
ZFAT_AAGATTGTGCCAGTGGAGGC,ZFAT,331,54,250
ZFAT_TGCAGATGTGCTTCCGCAGC,ZFAT,889,320,557
ZFAT_CCACGTTTCAGAGAAGCACA,ZFAT,1669,411,284
ZFC3H1_AGAAGAGCTTGCTCGGGCAA,ZFC3H1,518,57,46
ZFC3H1_AAATGATCCTCTGCGAACAC,ZFC3H1,910,208,148
ZFC3H1_GATCACAGTTCGTGGAAGAC,ZFC3H1,230,67,56
ZFC3H1_ACAAGCCTTCCACATAAGGC,ZFC3H1,334,47,43
ZFC3H1_CAACCTACTGATAGTGGAGG,ZFC3H1,475,167,155
ZFC3H1_GCCTGCCTCGAAAGCGGAAA,ZFC3H1,13,171,17
ZFHX2_GATTCGGGCACCAGAGGGAA,ZFHX2,488,189,514
ZFHX2_ACATTAAGCCCTCTGGACAA,ZFHX2,836,598,619
ZFHX2_CGTTGTGAAGGTGGCTAAGG,ZFHX2,1889,741,641
ZFHX2_GGTGTTGCAGCACAGCCAAG,ZFHX2,492,136,267
ZFHX2_AGCGGAACACCTTCAGGGAC,ZFHX2,1832,344,425
ZFHX2_CATGAGGTCCTCAGAGCCAG,ZFHX2,507,242,99
ZFHX3_TCATGGCATGCACCCGGAGC,ZFHX3,1256,291,351
ZFHX3_TTTGGTCGCTTCGAAGAGAG,ZFHX3,834,112,300
ZFHX3_TGAAACAGCTGCTGATCCAG,ZFHX3,1912,256,188
ZFHX3_TGCCTGTGAGACCACTCACC,ZFHX3,1210,233,416
ZFHX3_GCACGTGCAGAAGTACCAGC,ZFHX3,307,140,275
ZFHX3_CGCGGAAGCTGTGCAGGACG,ZFHX3,4449,2044,2190
ZFHX4_TCCGATGATCATGCACAGCA,ZFHX4,1713,1888,1600
ZFHX4_TTAGCTGACCACTGGCAAGC,ZFHX4,1896,701,681
ZFHX4_TCAGCACTTGCAGAAGCAAG,ZFHX4,1232,509,556
ZFHX4_AAACTGCCTCATTGGGAGCC,ZFHX4,298,107,234
ZFHX4_ATCACAGCACTCGGTGCAGC,ZFHX4,1059,146,6
ZFHX4_GGCATCATCACATCAGGGAC,ZFHX4,396,177,80
ZFP1_TGTATAGGATCCTCTGAGAG,ZFP1,809,230,323
ZFP1_CCACAGAAACCCAGACGAGC,ZFP1,1746,140,483
ZFP1_GAGGTTGGCCTTATGGGAGA,ZFP1,930,118,63
ZFP14_AAGGTCTGGACCACATACGA,ZFP14,1203,370,336
ZFP14_GGGACAAGAAGATACTGCCC,ZFP14,207,4,53
ZFP28_CTCGCATCCAAAGGCCAGCG,ZFP28,713,234,410
ZFP28_ATCCAAAGGCCAGCGAGGAG,ZFP28,1821,405,671
ZFP28_ATGGGAGAACAACAGTGACC,ZFP28,193,14,9
ZFP28_TCCTGCACTCACCTGAGAAC,ZFP28,2283,657,727
ZFP28_TAGTAAAGCGTTCACCCAGA,ZFP28,302,82,109
ZFP28_TCTGCGATGACAAATAAGGG,ZFP28,1034,185,294
ZFP3_TTCGAGAGAGTCCATGGAAG,ZFP3,1612,623,834
ZFP3_ATGTGTAACCAGATTTGGGC,ZFP3,374,164,276
ZFP3_ACATCAGGGAGATACAACAG,ZFP3,2056,648,432
ZFP36_CATGGCCAACCGTTACACCA,ZFP36,1352,239,278
ZFP36_AGCGCCGCAAACTCCAGCCC,ZFP36,805,138,274
ZFP36_CGTCAGGGCTCAGCGACAGG,ZFP36,2188,768,591
ZFP36_ACTAGGCTGGTGGAGCGGCC,ZFP36,523,151,122
ZFP36_GCCAAGTGCCAGTTTGCCCA,ZFP36,1367,149,53
ZFP36_CTGATGCTCTGGCGAAGCAC,ZFP36,726,61,56
ZFP36L1_GGTTATTGGTGCCATCGGGC,ZFP36L1,814,6,59
ZFP36L1_GACCGCTCCTTCTCGGAAGG,ZFP36L1,520,92,61
ZFP36L1_GAAGATGGTGGCAGACACGA,ZFP36L1,533,65,114
ZFP36L1_CGTGGTCGACAGGTGCCCAG,ZFP36L1,291,168,225
ZFP36L1_CTGCACTGCCGCTTCCGACC,ZFP36L1,1127,324,523
ZFP36L1_AGGGACGCGCTCCAGGCGAA,ZFP36L1,835,158,121
ZFP36L2_CTTGCCTCAGTCGTCGGAGA,ZFP36L2,1046,356,242
ZFP36L2_GCTCTGCTGTACGGCACCGG,ZFP36L2,853,266,262
ZFP36L2_GCTCGGTCTTGTACTTCGGA,ZFP36L2,79,45,16
ZFP36L2_TGCCGGCCCTTCGAGGAGAG,ZFP36L2,680,87,66
ZFP36L2_GAAGTCGACATCGTAGAAGG,ZFP36L2,1058,100,119
ZFP37_ATTCAGTGTGGCAAAGCCCA,ZFP37,215,13,21
ZFP37_CTTAGTAGATGAGCTAAGGC,ZFP37,195,150,173
ZFP37_GACTATGGCCTTTACCCAGA,ZFP37,370,276,138
ZFP37_CAAAGAGGCCGGGCGACCAC,ZFP37,435,183,415
ZFP37_CGGAAACGACCAAAGAGGCC,ZFP37,683,141,456
ZFP37_GCCGCCATGTCGGTCTCCAG,ZFP37,1,15,0
ZFP41_GACGTCAGAGCTGTGCCGGA,ZFP41,509,266,182
ZFP41_CTCAGGGCTTCTTCCGAGGG,ZFP41,822,252,120
ZFP41_CGGCTCAGGGCTTCTTCCGA,ZFP41,473,37,41
ZFP42_GGAAATAGAACCTGTCAGCG,ZFP42,1911,364,243
ZFP42_TACGCACGTGCGCATCCACA,ZFP42,985,365,380
ZFP42_CCTTTCAAGGCTGCAACAGG,ZFP42,274,432,205
ZFP42_CTCCTGTTGCAGCCTTGAAA,ZFP42,2455,830,756
ZFP57_GCCGGTAACCCAGATGGACG,ZFP57,874,103,92
ZFP57_GGTCTTCCTTGCATGCAGAG,ZFP57,229,172,108
ZFP57_AGGTCTTCCTTGCATGCAGA,ZFP57,93,93,74
ZFP57_CACCAAGCTTGAGCAAGAAG,ZFP57,1699,723,507
ZFP57_GCAGCTACCTCGCCCACCCA,ZFP57,732,185,333
ZFP57_CTGTACAGAAGACGCTCCCA,ZFP57,1267,270,180
ZFP62_ATGCAGGCCTCAAAGTCCAC,ZFP62,191,55,108
ZFP62_CAGCATAAAGTCATCCACAC,ZFP62,1705,644,468
ZFP62_CTGGGCTCAGAGTCCACAAA,ZFP62,1918,722,849
ZFP62_GGATCCGTTTGTGGACCCGA,ZFP62,202,15,13
ZFP62_CACATGTGTTTGGGATAGCA,ZFP62,1533,491,579
ZFP64_ACGTTCGAGCGAAGACCCGA,ZFP64,600,395,331
ZFP64_CTCCAGCGGCGCTACTCACC,ZFP64,1413,80,274
ZFP64_CACATCCGTATCAAGCACAG,ZFP64,1708,422,327
ZFP64_AACTCACATGCGGTGCCACA,ZFP64,792,57,134
ZFP64_ACCAGCACCGTTGTGCCACC,ZFP64,0,173,99
ZFP64_GCCATGAACGCGAGCAGCGA,ZFP64,625,150,56
ZFP69_GAAGCTGCAACATCCAAAGA,ZFP69,807,299,457
ZFP69_ATCCAAAGAAGGCCGTGGAG,ZFP69,525,166,286
ZFP69_TTCTGCTGTCGGGAGTCCAG,ZFP69,577,107,244
ZFP69_ACACTTGGTCTCACCTGAAC,ZFP69,1123,605,221
ZFP69B_GAAGTTGCGTCATCCAAAGG,ZFP69B,1280,578,611
ZFP69B_ATCCAAAGGCGGCCACGGAG,ZFP69B,2496,489,245
ZFP69B_TACTCTCTAAACTTTCGCCC,ZFP69B,66,36,36
ZFP69B_TTCTGCTGTCAGGGATCCAA,ZFP69B,612,104,76
ZFP69B_GGTACAGATTCCGGTGAGCA,ZFP69B,420,19,73
ZFP69B_TCACCGGAATCTGTACCGGG,ZFP69B,1395,131,78
ZFP90_TCCTCTGAGCAGGGTCGACA,ZFP90,537,254,49
ZFP90_CCTTACCAAGAGAAACCAGG,ZFP90,32,194,267
ZFP90_TTCTTTCAGACTGGAAGACC,ZFP90,731,74,31
ZFP90_CAGCCAGTTAGACAGGCAAC,ZFP90,1087,435,587
ZFP90_CAACACGAGGTCACACACAG,ZFP90,3347,1061,1096
ZFP90_AGTCCTCTCATGTTGGACAA,ZFP90,702,406,162
ZFP91_AGCTGTGTCCCGCCGGAGGA,ZFP91,894,989,658
ZFP91_GGGTGTTCTCTGTATCACGA,ZFP91,238,147,53
ZFP91_CCTGTCTTCAATTACAGGAG,ZFP91,208,109,2
ZFP91_CTGAAGAGTCGTCCACAGGA,ZFP91,1707,300,670
ZFP91_AAGCCTGAAGAGTCGTCCAC,ZFP91,570,14,51
ZFP91_GGACAGCGTAGTGGCACACA,ZFP91,990,101,167
ZFP92_CTGATCTCCCAATTGGAACG,ZFP92,3472,778,794
ZFP92_TGATCTCCCAATTGGAACGA,ZFP92,1680,227,141
ZFP92_GCCACCTTGTGGATCGGCCC,ZFP92,600,241,154
ZFP92_AAGCACCGCATCATCCACAG,ZFP92,2132,331,242
ZFP92_GCTTGAATAGGTTGGCGCGC,ZFP92,21,2,5
ZFPL1_CCCGATGTTCGAAGCAGAAC,ZFPL1,2482,757,550
ZFPL1_GGTAGCCAATCACGCCAAGG,ZFPL1,307,163,176
ZFPL1_AGGCCTCACCATAGCAGACA,ZFPL1,401,182,54
ZFPL1_CTCTCTCAGTGCGGAGGCCA,ZFPL1,677,537,913
ZFPL1_ACCCTGTGTACCTTAGCAGC,ZFPL1,1117,211,57
ZFPL1_CCTCATGTCTCGCCTAGGCC,ZFPL1,1445,162,489
ZFPM1_GCGCCGGAGACATGTCCAGG,ZFPM1,588,169,217
ZFPM1_CACAGGTTCCCTCGGAGACA,ZFPM1,2717,635,539
ZFPM1_ATGTCTCTCTGCAGACGAGC,ZFPM1,36,5,42
ZFPM1_AGGCCAACACAGAGATCCAC,ZFPM1,532,154,98
ZFPM1_CTTACTGTTGATCACTGCGG,ZFPM1,727,155,309
ZFPM1_ATCCACATGCGCAGCCACAG,ZFPM1,418,187,380
ZFPM2_AACTTACGTTTGATCTGCCG,ZFPM2,415,101,171
ZFPM2_AAATCTGAGCTGCGAAGAAG,ZFPM2,1282,386,261
ZFPM2_CTGGAGTTGAGACAGACGAC,ZFPM2,1222,202,554
ZFPM2_GAGTCGACAGCAACTTCCAG,ZFPM2,902,233,115
ZFPM2_AGTCAGATGACTCTCACAGA,ZFPM2,1720,177,301
ZFPM2_ACTCCGATACCAGATGCCAC,ZFPM2,1092,26,239
ZFR_CGAGTGGGAGTATTGGCAAA,ZFR,1955,520,618
ZFR_TCCACATAATCATGGCCCAC,ZFR,967,12,23
ZFR_TGCTGCAATGCTTGAAGGAG,ZFR,1455,777,819
ZFR_AACAGCTACTGGAGCAGGCC,ZFR,108,64,207
ZFR_CTTTGGATTCACCCACAGCG,ZFR,635,199,245
ZFR2_TGGAAGCTGACGACTCGGGC,ZFR2,1038,629,197
ZFR2_CGGCTGTCATGCGCCCAGAC,ZFR2,2550,1781,1747
ZFR2_GGATACCTGGTAGGTAGCCA,ZFR2,622,101,164
ZFR2_CTTGGGTCCTTCACCAGGCA,ZFR2,1009,358,659
ZFR2_TGGGCGCTGTCACAGCAGCG,ZFR2,627,339,421
ZFR2_TTCGACTTCGCGCAGGGCGG,ZFR2,1126,244,302
ZFX_TGGGATCCCTGTGGACCAGC,ZFX,424,143,246
ZFX_CGCCGTGCACGAGCAGCAAA,ZFX,2151,943,827
ZFX_CATTTGCTGCTCGTGCACGG,ZFX,1256,233,459
ZFY_CTGGTCCACTGAGATCCCGC,ZFY,562,418,350
ZFY_CATTAGGTAGTCCTCACAGC,ZFY,1411,514,487
ZFY_TGCCCATGCAATTGGTACGA,ZFY,1280,522,407
ZFY_TGTGCTTTCTCAGTTCCGAC,ZFY,535,199,396
ZFYVE1_GAGTTGGGCCTCCAGTAGGC,ZFYVE1,710,86,150
ZFYVE1_CGAATGTCCTAACTGTGGCG,ZFYVE1,2010,897,804
ZFYVE1_TGTTTAAACTCACCCAGACC,ZFYVE1,1630,365,478
ZFYVE1_AAGATGACTCCCGGGTGCCG,ZFYVE1,701,227,145
ZFYVE1_TAGCAGTGATCGATACGGAA,ZFYVE1,946,268,158
ZFYVE1_AGGAAAGTTACGCTTGCAGC,ZFYVE1,90,12,71
ZFYVE16_ATCGTCCCATATATAACGGC,ZFYVE16,268,61,54
ZFYVE16_GATGTTTGGTTCTCCTGAGG,ZFYVE16,249,18,47
ZFYVE16_GCAGATGGTATATTGCCCAA,ZFYVE16,846,95,99
ZFYVE16_TGGATTGCATGGCTTGGGAC,ZFYVE16,1269,527,860
ZFYVE16_CTCAGTAGCAAGGATCACGG,ZFYVE16,3293,737,599
ZFYVE16_GCCACTGGCCATCCTAGAAA,ZFYVE16,792,462,407
ZFYVE19_AAGAGGTGAGAACGGTGGCG,ZFYVE19,1049,135,226
ZFYVE19_GACTCGCCTCCTTCTTGAAG,ZFYVE19,431,50,88
ZFYVE19_CCAGCGACCTGGAGAAGGGC,ZFYVE19,400,95,71
ZFYVE19_CGGCTGTAAGAATTGTGGCA,ZFYVE19,1139,488,529
ZFYVE19_AAGCCATAACACTCACCGGC,ZFYVE19,1555,40,45
ZFYVE19_GCTATCGATGAAAGCTGGAA,ZFYVE19,191,119,251
ZFYVE20_TACAGGTGGGTTCCTCAAAG,ZFYVE20,1393,394,677
ZFYVE20_ACATGCCAGTGACCTTCGAG,ZFYVE20,1096,181,70
ZFYVE20_CAGCTCGGTCCTGGATGAGA,ZFYVE20,468,112,171
ZFYVE20_GGTGCCTTGGGTCAACGACC,ZFYVE20,16,4,0
ZFYVE20_GACAGGTTGTTGAAACGAGA,ZFYVE20,654,62,132
ZFYVE20_GGGAAGACCGTGATGTCAAA,ZFYVE20,219,82,200
ZFYVE21_GGTGTTCGGGCACCATGCGC,ZFYVE21,441,39,141
ZFYVE21_ACTTCCCGCAGCGGCGACAG,ZFYVE21,1815,59,663
ZFYVE21_CTGAGTTTCCAAACGTGACG,ZFYVE21,1265,615,636
ZFYVE21_TTCTGTGAGGATCTGCACGG,ZFYVE21,2599,61,178
ZFYVE21_ACGCTTACACCAGCCTCCGG,ZFYVE21,9,88,13
ZFYVE21_TCCTGCAGTATACAGTGCCG,ZFYVE21,1283,184,362
ZFYVE26_CCCATATCAACATAGGGCCC,ZFYVE26,715,138,66
ZFYVE26_TCCAGCCCAGGAGTACAAGC,ZFYVE26,1694,253,426
ZFYVE26_CCCAGCCGAGGCTTGGAAAG,ZFYVE26,2398,317,364
ZFYVE26_TATGGCCATACAGGGACAGC,ZFYVE26,446,17,9
ZFYVE26_GGCTTCTTGTACTGGAGAAA,ZFYVE26,686,127,146
ZFYVE26_TTTCTGCGAATGCCTGCGGA,ZFYVE26,253,129,179
ZFYVE27_GGTTCTCTCCTACAAGAGGC,ZFYVE27,0,24,0
ZFYVE27_TTCAGGAGGTTTGCCGGGCA,ZFYVE27,1089,494,487
ZFYVE27_GCAGCACAGGCGGCTCAGGA,ZFYVE27,1073,399,705
ZFYVE27_ACCTCCGTGGGTGTGAGGGC,ZFYVE27,663,9,0
ZFYVE27_CACTTACCAGCACCACCAAG,ZFYVE27,2052,693,226
ZFYVE27_AGGTGTCTCGGCTCACGGAG,ZFYVE27,527,128,103
ZFYVE28_GGGATGCTGAACATGAGGGC,ZFYVE28,897,42,84
ZFYVE28_TCTTCTGCGAGACGGTGGAG,ZFYVE28,68,49,115
ZFYVE28_CGCGTCAGCTCCTTGGCCAG,ZFYVE28,3225,587,951
ZFYVE28_CCAGCTGTGGTTCGGTGCCG,ZFYVE28,1662,1024,973
ZFYVE28_TGCCGACGAGGAGCTGAACC,ZFYVE28,1910,413,469
ZFYVE28_AAAGTGGCTCTACAAACCCA,ZFYVE28,365,64,46
ZFYVE9_AAGTGGTGTTTCCTCACCGA,ZFYVE9,810,73,120
ZFYVE9_CCAAGCAGAAGCTTACAACC,ZFYVE9,3348,656,787
ZFYVE9_GCAAAGGTAAACCAGACCGG,ZFYVE9,674,250,172
ZFYVE9_GAGGCCTGAGCTTGCTGCAA,ZFYVE9,624,11,209
ZFYVE9_GCTGATGGGATCTTGCCCAA,ZFYVE9,954,89,52
ZFYVE9_CACCATGTTCTTTACTGCCA,ZFYVE9,555,417,546
ZG16_TGTGTTGACTCGGACCCGGA,ZG16,810,151,184
ZG16_ATGTGTTGACTCGGACCCGG,ZG16,489,133,145
ZG16_AGTATGTGTTGACTCGGACC,ZG16,345,42,70
ZG16_GACTATGTGGGTGGTCGCAA,ZG16,1432,259,433
ZG16_CATCGATGAGAGAACCAGAC,ZG16,638,274,221
ZG16_TCGATGCCATTGGCCTGCAC,ZG16,500,111,198
ZG16B_CAGACGCCCAGTCACAGGCG,ZG16B,1311,263,230
ZG16B_CCTCTGGCCGGTGCATCCCA,ZG16B,88,147,73
ZG16B_TCTTCAGAGATGTATGGCCC,ZG16B,534,115,156
ZG16B_TAGGTCTTCTCCTGGTGAAA,ZG16B,716,188,142
ZG16B_ATACTCAGCAAACTCACCCG,ZG16B,1864,483,305
ZG16B_TCACCCGTGGGTCGCTAGGG,ZG16B,1052,113,355
ZGLP1_TGCCACATAGCCTCTTGGGC,ZGLP1,419,238,364
ZGLP1_ATCCCACAGGCGTTGCAGAG,ZGLP1,2209,956,605
ZGLP1_TCCCACAGGCGTTGCAGAGA,ZGLP1,1156,682,794
ZGLP1_TCTTCAGCGTCTCTCCAGAG,ZGLP1,866,417,593
ZGLP1_CTCCTGGCATGCAGGCCAGA,ZGLP1,252,47,194
ZGLP1_ACTCCTGGGTTTAGCCGGCC,ZGLP1,387,72,7
ZGPAT_CTGCTCAGACGAATCCAGGC,ZGPAT,428,980,491
ZGPAT_CTCTTCCGTTCCCACCACCA,ZGPAT,2578,1556,1721
ZGPAT_TGTCTGGCCAAGCACCAGGA,ZGPAT,1385,1008,1031
ZGPAT_TGACTCGCTGCTGCTGAGGG,ZGPAT,1436,468,752
ZGPAT_GATGGGCTATGAGTTTGGCA,ZGPAT,220,349,309
ZGPAT_TCAAACACATTCCGAGGAGC,ZGPAT,935,812,322
ZHX1_AACCTCCACGACATGTGAAA,ZHX1,926,334,512
ZHX1_AGACTCCAGTGATGAAACCA,ZHX1,1465,554,409
ZHX1_TGCCAAATAGTTGGTCAGCC,ZHX1,1348,903,913
ZHX1_TGGTGTTAGTTGGACTCCCG,ZHX1,590,193,268
ZHX1_CTGGATCTTGTTCACTGGCA,ZHX1,1535,391,450
ZHX2_CAAGTTTCCTTACCCGACCC,ZHX2,868,182,200
ZHX2_GACGCAGCCCATCCTCCAGA,ZHX2,492,129,93
ZHX2_CCAAGGGTCTCTTCTGGCCA,ZHX2,1241,365,462
ZHX2_ATGGCCGAGAGCCCAAAGAA,ZHX2,694,619,289
ZHX2_TGGCCGAGAGCCCAAAGAAC,ZHX2,1928,576,638
ZHX2_TGGAATTACCTGTCTAGGCC,ZHX2,1285,381,419
ZHX3_TCGGGTTTGGCTCTTCCACG,ZHX3,522,412,247
ZHX3_TGGCTCTTCCACGTGGCAGG,ZHX3,337,36,236
ZHX3_TCATCTGGGTCTTGTCACAG,ZHX3,777,292,215
ZHX3_AGCGAGGCAACTTCCCACCA,ZHX3,1092,601,609
ZHX3_CAAGATTGTCGTTTGGCAGA,ZHX3,776,170,158
ZHX3_ATTGTCGTTTGGCAGAAGGG,ZHX3,427,142,168
ZIC1_TCGCACGAGCTGGCTTCGGC,ZIC1,1390,582,448
ZIC1_GGGACTTTCTGTTCCGCAAC,ZIC1,514,380,237
ZIC1_GCAGCATAGTGCTCCGAACG,ZIC1,1917,463,853
ZIC1_CATGTGTTTGCGCAGCGAAC,ZIC1,1477,630,995
ZIC1_GGAGGATTCGTAGCCAGAGC,ZIC1,601,222,264
ZIC1_TGTGTGGTGGACTGCGGAGG,ZIC1,1765,308,139
ZIC2_TGAACGCCGAGCTCTGGCCC,ZIC2,737,108,248
ZIC2_GCTCGCAGAATGTGCTCAAC,ZIC2,828,310,293
ZIC2_GCGGCAGCAGTGCATCAAGC,ZIC2,2127,522,297
ZIC2_CGCAGCCCTCAAACTCACAC,ZIC2,2695,614,1080
ZIC2_GGACGACTCATAGCCGGAGC,ZIC2,369,157,169
ZIC3_GCTCAGCTTGAAGGCAGCGG,ZIC3,479,322,360
ZIC3_GCTGGTGACACATGTCACCA,ZIC3,56,11,22
ZIC3_GCTAGTTTGAACTGCAGAAG,ZIC3,1834,198,428
ZIC3_ACTAGCACCAGCCACAACCC,ZIC3,1146,458,272
ZIC3_GATACCAAGCAGGACAACAC,ZIC3,1071,96,115
ZIC3_TAGGTAGTGTTATGGAGGGC,ZIC3,402,133,147
ZIC4_TTGTGGCCGCAGTCCGACGA,ZIC4,1193,808,447
ZIC4_TCGTAGCCAGAGCTGGGCGG,ZIC4,771,67,133
ZIC4_TGCAAGTGGCTGGCGGCCGA,ZIC4,1456,537,396
ZIC4_GGTAGCAGCTCTGGACACCA,ZIC4,290,155,131
ZIC4_CAAAGTCTTAGGAAAGCGGA,ZIC4,911,183,173
ZIC4_TCAAAGTCTTAGGAAAGCGG,ZIC4,1651,297,287
ZIC5_TGGTACGTTTGCCAGGCCAG,ZIC5,1592,201,212
ZIC5_CCCACTGATGAGTAACCAAG,ZIC5,1394,548,736
ZIC5_CTGCCGCATGTAGCGCAGGA,ZIC5,1110,616,610
ZIC5_GCGCGACCAAGGCTGCAGCA,ZIC5,1193,801,719
ZIC5_CGCGACCAAGGCTGCAGCAC,ZIC5,2783,1077,576
ZIC5_GACCAAGGCTGCAGCACGGG,ZIC5,146,272,79
ZIK1_AGGTTGTGGCCATGGAACAG,ZIK1,2372,505,653
ZIK1_CCAAGTATGGTTTCTGCCCA,ZIK1,865,320,298
ZIK1_ACCAAGTATGGTTTCTGCCC,ZIK1,158,64,40
ZIK1_GGACCTCAGAAGCCGCAACA,ZIK1,1303,501,522
ZIM2_CATTATCTCACGCCTGGAAG,ZIM2,2123,577,789
ZIM2_GGAGAAGGCATACTTACCCA,ZIM2,524,270,133
ZIM2_AGAGGAAAGCCTGACTCACC,ZIM2,454,218,19
ZIM2_AGATCGGGACTCATAAGCCC,ZIM2,674,192,139
ZIM2_ACATGGAGCCACGAGACCGC,ZIM2,1551,889,1485
ZIM2_CTGCCTCGATTGGTTGCAGC,ZIM2,535,169,57
ZIM3_AAGGTATGACCTGTCAGCGA,ZIM3,917,494,220
ZIM3_TCAATGTACGGACTGTGGAA,ZIM3,1299,165,241
ZIM3_GATACATCATCTATGCCCAG,ZIM3,101,9,19
ZIM3_GAAACGCTGACTACGCAGAA,ZIM3,1357,281,468
ZIM3_CTTGAGGTTGGAACAAGGAA,ZIM3,1147,490,285
ZKSCAN1_GCTGAATCACGGGAAGCCAC,ZKSCAN1,340,47,3
ZKSCAN1_GACCTGAGATGCTCGCAAGG,ZKSCAN1,1315,332,637
ZKSCAN1_AAGCTCGAGGACTCCTGAAC,ZKSCAN1,1307,672,409
ZKSCAN1_ATAGTGCAGATGCCATCGCC,ZKSCAN1,180,131,155
ZKSCAN1_TCTCAGTAGGGACAACAGGC,ZKSCAN1,534,707,709
ZKSCAN1_CGGAAGATTCAGCATCACGC,ZKSCAN1,1713,443,387
ZKSCAN2_CTGCGCGTTCTACAAGGAGA,ZKSCAN2,110,37,123
ZKSCAN2_TCCGTCCACTGATAAACCAA,ZKSCAN2,1026,207,167
ZKSCAN2_ACCAGTGAAAGATGTCCACG,ZKSCAN2,428,535,861
ZKSCAN2_TTCCATTCATCAGCAAGGGC,ZKSCAN2,1065,65,78
ZKSCAN2_GGTCAGCAGTCCCGTGCACC,ZKSCAN2,1198,240,243
ZKSCAN2_AGGCATCCCTCAACCTCCAG,ZKSCAN2,632,134,233
ZKSCAN3_ATTAAGTGAAAGCACAGCCC,ZKSCAN3,0,72,61
ZKSCAN3_GGAGCTTCTGGTCATAAAGG,ZKSCAN3,631,115,232
ZKSCAN3_CTAGGTTTCAGGTGTTGACC,ZKSCAN3,1037,227,376
ZKSCAN3_TAGGTTTCAGGTGTTGACCA,ZKSCAN3,106,121,270
ZKSCAN4_TGTTCAGAATCCTGAGCACG,ZKSCAN4,303,15,18
ZKSCAN4_GAGAGGAGCTCCAGCTCACC,ZKSCAN4,14,84,0
ZKSCAN4_CACCTCTATCGTGTAAGGGC,ZKSCAN4,332,61,46
ZKSCAN4_CTAGGTTCCCGTTGGTGACC,ZKSCAN4,1052,314,219
ZKSCAN4_TCCGAGAACTCTGCGGACAA,ZKSCAN4,1750,304,426
ZKSCAN4_AGTCTGCAGAAGACCAGACG,ZKSCAN4,1768,206,317
ZKSCAN5_TGCCTGAAGAGTTCCAGCCC,ZKSCAN5,1404,365,300
ZKSCAN5_GGGTGATGTTCCCTCACCCA,ZKSCAN5,306,11,45
ZKSCAN5_CTGATGACTCTGAATCACAC,ZKSCAN5,1745,566,505
ZKSCAN5_TTTCCGGGTGAGTTCCCACC,ZKSCAN5,158,16,169
ZKSCAN5_AGGCAAGCTGGATAGAAAGC,ZKSCAN5,726,443,264
ZKSCAN5_GAGGTCTGAGCTATAACCAA,ZKSCAN5,210,243,1010
ZKSCAN7_AGCCGGAAGATTTCGCAGAC,ZKSCAN7,1951,1008,1352
ZKSCAN7_CCACGAGATGTCTGGGCCGC,ZKSCAN7,1482,224,227
ZKSCAN7_AGCGGCAGAGCTCCCGAAGC,ZKSCAN7,2001,309,763
ZKSCAN7_GGTCATAAGGAGGCTCCAGG,ZKSCAN7,159,20,65
ZKSCAN7_CTGGAGCCTCCTTATGACCC,ZKSCAN7,465,478,386
ZKSCAN8_ACATCAGCTAGAGAACGGAG,ZKSCAN8,406,93,172
ZKSCAN8_CATGTACGCGAGCTGAGACC,ZKSCAN8,944,235,289
ZKSCAN8_GGCTGTGTCCCTTATTCGAG,ZKSCAN8,1463,463,504
ZKSCAN8_ACCACACCTCTCCTTACCCA,ZKSCAN8,1207,135,46
ZKSCAN8_GCTCAGGCCTTGTTCGCCAC,ZKSCAN8,268,231,347
ZKSCAN8_GGATTCTCCAGTGGCGAACA,ZKSCAN8,922,263,388
ZMAT1_AATACTGCTGACCATCAAGC,ZMAT1,716,137,376
ZMAT1_GGCTACCAACCCATTCAAAG,ZMAT1,1290,421,670
ZMAT1_AACCCGTAGATACAGAGAAG,ZMAT1,893,404,369
ZMAT1_GGTGCATAGGTATGAAGGAG,ZMAT1,156,266,466
ZMAT1_AGACGCCATTTGGAATGAAC,ZMAT1,833,658,537
ZMAT2_CATTCACTTCGCTGTGAAGA,ZMAT2,915,253,516
ZMAT2_ACTTGGACTTTCGCCGAAAG,ZMAT2,1703,26,74
ZMAT2_TCTCGCTTGACAGGCTGCAC,ZMAT2,538,63,7
ZMAT2_ACGGCATAGGGACTACAAGG,ZMAT2,2800,49,44
ZMAT2_CTATGCAGATCAGAGAAACC,ZMAT2,1188,0,0
ZMAT2_GCGTGTGGAACGTTCCACCC,ZMAT2,560,3,19
ZMAT3_ACACACATGGCCAGATCACG,ZMAT3,1809,699,1258
ZMAT3_CAACGGCGGGCCAGGAAAGA,ZMAT3,215,82,105
ZMAT3_AGTAATCATTCTCCGTGGCC,ZMAT3,433,71,159
ZMAT3_ACATTGCTCATTCTAGCAGG,ZMAT3,1055,125,200
ZMAT3_CCTTTACCTGATAATGAGCC,ZMAT3,387,383,409
ZMAT3_GCCACTGACATAGGAGGCGA,ZMAT3,690,217,55
ZMAT4_ACGGATGGACACTGCTCCGG,ZMAT4,664,262,449
ZMAT4_CATGTCATTCACTTCAGCGG,ZMAT4,2153,771,824
ZMAT4_GCAGGGAAGTGATGCCGACA,ZMAT4,515,223,212
ZMAT4_GGTCCAGAATTCTTGAGGAA,ZMAT4,532,437,365
ZMAT5_CCGAGGGCCATCTGGAGGAC,ZMAT5,1970,395,388
ZMAT5_CCCGAGACGTACCCTCCACC,ZMAT5,770,191,68
ZMAT5_TGGTACGACATGTTCCGAGG,ZMAT5,672,26,32
ZMAT5_GCAGCACCTCAAGGCCAAGA,ZMAT5,1267,0,56
ZMIZ1_ACTGCAGTGCATCAAGCAGG,ZMIZ1,930,179,84
ZMIZ1_GGACTGGTGCGGAGACCCAC,ZMIZ1,558,0,25
ZMIZ1_CAGCCAGCAGTCTGTAGCCG,ZMIZ1,2410,509,349
ZMIZ1_GCCGAGCTCTTCGCACCAGG,ZMIZ1,588,243,561
ZMIZ1_AACCGTGGTGACCACGGAAA,ZMIZ1,693,65,65
ZMIZ1_GGTGGTCATGCCCGACGCCA,ZMIZ1,205,26,1
ZMIZ2_ACTCACCCGTGTGGCGCAGG,ZMIZ2,1232,175,149
ZMIZ2_TGGCAACGCGACACAGAGCC,ZMIZ2,330,532,742
ZMIZ2_TGCTGAAGGCGGCGCCAACA,ZMIZ2,2086,672,1120
ZMIZ2_CTCCACTGACTTCACGCAAG,ZMIZ2,2768,638,1298
ZMIZ2_CCAGTAGGGTTCATGCCAGC,ZMIZ2,985,292,600
ZMIZ2_TACCTTATAATGCAGTCCCG,ZMIZ2,537,168,238
ZMPSTE24_CCGAAGATACGCTTCTCGGC,ZMPSTE24,53,0,0
ZMPSTE24_GACCTTCCTAGCACAGCGGC,ZMPSTE24,366,68,27
ZMPSTE24_ATGATCTGTCCTAACTCCGG,ZMPSTE24,682,104,74
ZMPSTE24_TAGCCAACAGCAGAAACACC,ZMPSTE24,1386,168,104
ZMPSTE24_CGCTGTACTAGGCCATGAAC,ZMPSTE24,4459,871,1577
ZMYM1_AAGAGGTAGTGTCTTCCAGC,ZMYM1,318,60,40
ZMYM1_TCTGTCCCACATACTTCAGA,ZMYM1,301,22,74
ZMYM1_ATCAGTGTTCATGATGGGCA,ZMYM1,95,213,100
ZMYM1_AGCCCTAATGGCTGTTGAGC,ZMYM1,743,26,205
ZMYM1_TGCTCAACAGCCATTAGGGC,ZMYM1,786,332,273
ZMYM2_GCTGCTGTTGGACAGACGGC,ZMYM2,238,81,229
ZMYM2_AGGAACCATTGTTGCTCAAG,ZMYM2,534,107,94
ZMYM2_TATCACTTGGCGCTACAAAC,ZMYM2,552,502,440
ZMYM2_CAGACCAAATCTTGTCAGAC,ZMYM2,2701,626,398
ZMYM2_ACAGGAACTGTAGTAGGAAC,ZMYM2,1335,180,471
ZMYM2_ATCTTCTCACTGCTGTCCAA,ZMYM2,0,29,96
ZMYM3_AGGGTCTTGCACCAGACACA,ZMYM3,733,136,118
ZMYM3_GCAATGGCAGCGTGGTACAC,ZMYM3,1592,315,443
ZMYM3_CATATGCCAGAAGACTGGAG,ZMYM3,813,171,107
ZMYM3_GACATGCGAGGAGAGCGCCG,ZMYM3,501,318,195
ZMYM3_AGGAGATGGCCTGACTGCGA,ZMYM3,1036,192,298
ZMYM3_TCCATAGCTACTGCAAGAAG,ZMYM3,1672,476,686
ZMYM4_TCATTGTCACTACCAACGAC,ZMYM4,762,168,235
ZMYM4_AGAATCCATTGGTTCGGAAC,ZMYM4,840,504,569
ZMYM4_GCGTATACTTCCATCTGACA,ZMYM4,1952,387,292
ZMYM4_ACAGGTTCCACAGTGTCAGC,ZMYM4,439,185,61
ZMYM4_ATGTGATGCTTGTAAGCGAC,ZMYM4,396,15,71
ZMYM4_ATGGTTCAAGCTGCTTCAGC,ZMYM4,432,197,123
ZMYM5_GGAAAGCACAACTGGTACAA,ZMYM5,1542,467,321
ZMYM5_GCTATGGTTGACGTGGAAGA,ZMYM5,629,295,339
ZMYM5_TCTGCTGACCTCCAATCACC,ZMYM5,343,307,230
ZMYM5_TGCTTACGAAGTAAGGCCAC,ZMYM5,28,7,43
ZMYM5_TAGATCTAGGAACTCACCAG,ZMYM5,2681,149,284
ZMYM5_CTACTGACTAAAGGACAAGC,ZMYM5,1135,193,213
ZMYM6_TGACTGCAAGTCTTAGGGCA,ZMYM6,631,168,221
ZMYM6_CAAACCCGTCACACAGACCA,ZMYM6,332,576,935
ZMYM6_AGCGAGTCCATAAAGTGGCG,ZMYM6,481,550,186
ZMYM6_CAACCACTTGGCCCTGAGAC,ZMYM6,1494,353,786
ZMYM6_CTGGAAAGCAACCACACAAC,ZMYM6,2147,1104,889
ZMYM6_AAGTGTCACGGCATACAAGC,ZMYM6,866,119,359
ZMYM6NB_GGTAGCCAAATACCTTCAGC,ZMYM6NB,192,0,16
ZMYM6NB_CTCAGCAAACTGCACGAACA,ZMYM6NB,2065,1155,956
ZMYM6NB_CTCACCATCCGCTCCGAAAC,ZMYM6NB,4410,1071,1296
ZMYM6NB_GGCTCCAGTTTCGGAGCGGA,ZMYM6NB,390,64,27
ZMYM6NB_CACCGAAAGCAGGAGCGCCA,ZMYM6NB,359,240,129
ZMYND10_CCCAGAAATCTGGGAGCGGC,ZMYND10,483,119,245
ZMYND10_CAGTTAGGGTCAGATGGGCC,ZMYND10,904,126,147
ZMYND10_GGACCCTACCTCCTTCCCGC,ZMYND10,185,1,16
ZMYND10_ACATCACAGACTGTGTGGAC,ZMYND10,863,56,141
ZMYND10_GCTGCTGGTCACCCATGGGA,ZMYND10,602,59,84
ZMYND10_CGGCCTCGATATGGGAGACC,ZMYND10,999,0,0
ZMYND11_AGCTAAGCTCAGCTGACGGG,ZMYND11,297,293,300
ZMYND11_TAGGTACTCACCCTGCAAAC,ZMYND11,714,153,430
ZMYND11_TTGTCTCCCGCATGAAGGAG,ZMYND11,953,284,226
ZMYND11_GGACGTTCCCACCATTCAAG,ZMYND11,762,162,101
ZMYND11_CAAATGCTCGTCCTGACAAC,ZMYND11,2004,378,287
ZMYND11_CCAGATACCTAATCATGAGC,ZMYND11,987,69,116
ZMYND12_TGGGTCACTAAGTAATGGGA,ZMYND12,26,43,19
ZMYND12_GATTGAAGTCAGGATGCGAA,ZMYND12,888,144,174
ZMYND12_GAGGACATTAGGACTTCAGG,ZMYND12,192,0,0
ZMYND12_GATTCCGATGCAGTAAAGAG,ZMYND12,624,440,448
ZMYND12_TCGGTTTCACTCACCAAGGC,ZMYND12,1295,673,683
ZMYND12_CATGAATGTGATCTACCCAC,ZMYND12,1293,82,128
ZMYND15_TGCCCACACTATGGTTGGGC,ZMYND15,114,161,339
ZMYND15_ATCCGTCACAAGTAAGAGAC,ZMYND15,356,60,132
ZMYND15_TCGAGCACGAAGGGAAGCAA,ZMYND15,740,385,363
ZMYND15_GCAGCCTTCATGGAGCGGGC,ZMYND15,942,80,15
ZMYND15_CCCACGCACCACCGCGAAGA,ZMYND15,4817,1035,1426
ZMYND15_TCCCGTCTCCCTGGAGAAGC,ZMYND15,1156,216,205
ZMYND19_GCCAGTCCTTCTGCTGGCAC,ZMYND19,341,264,188
ZMYND19_CCGGTATTATAATGCCAACG,ZMYND19,1768,508,311
ZMYND19_TTCTAGGGAGCGGCACCGGG,ZMYND19,410,443,187
ZMYND19_TTCTCAGGCCCGAATGGAAG,ZMYND19,1279,305,518
ZMYND19_CGATGAGCAGGACATCCCGC,ZMYND19,674,368,323
ZMYND19_TGGGTATCGTGCGGCTCGGC,ZMYND19,5,50,51
ZMYND8_GGGTGCTGTTCCAATGGAAC,ZMYND8,582,214,117
ZMYND8_TCTGAATGGCAAACTTGAGC,ZMYND8,491,40,68
ZMYND8_CACTTAGCGTGATAAACCCG,ZMYND8,511,87,55
ZMYND8_TTCCAATGGCCACTCGCCGC,ZMYND8,376,162,240
ZMYND8_CTGTTTCAGCTTGGCTGAAG,ZMYND8,1276,274,428
ZMYND8_CGCTGCAGAAATCCTTCAAG,ZMYND8,2287,682,399
ZNF10_CATCAAGAACAAGGAGGGCA,ZNF10,1238,136,309
ZNF10_AGCCCAGCTTACCCGGGACC,ZNF10,1076,317,736
ZNF100_TTCTCCCGTAGGATGACCCG,ZNF100,1149,292,324
ZNF101_CCTTCTTACCGACCGAGGCC,ZNF101,233,184,272
ZNF101_GGTAAAGCCTTCATTTCCGC,ZNF101,2,142,143
ZNF101_TGAAATCAGATCTCACGCGC,ZNF101,2440,225,405
ZNF106_ACCTGGTCTGGGTGCTCAGA,ZNF106,250,53,144
ZNF106_GCTACTTATGCTCAAGCAGC,ZNF106,72,12,17
ZNF106_AGCCCTTTCACCTGTTCGGA,ZNF106,582,18,11
ZNF106_CGCTAATATTGCGAATGCGG,ZNF106,1479,373,763
ZNF106_CTAATGTCCCTAGGGAAAGA,ZNF106,997,298,355
ZNF106_GCGGAGCATGTTGCATCACA,ZNF106,809,386,355
ZNF112_ACCAAAGGGTTCATGTGGAA,ZNF112,768,620,503
ZNF112_GCGCCTTGAAGCACATCGGA,ZNF112,624,104,63
ZNF112_CTGGTATTCCTGCCCAAACC,ZNF112,759,402,610
ZNF112_ACCTGGCAACAAAGTGCAGG,ZNF112,685,156,83
ZNF112_GCCAGACCTAATATCCCAGC,ZNF112,60,39,69
ZNF114_TGCAGGCTTGTGCCTTCACA,ZNF114,522,212,95
ZNF114_CAGAGCTGAAATCAAGCACA,ZNF114,1218,152,443
ZNF114_TACCGCAGAGACAAACAAGA,ZNF114,956,404,397
ZNF114_GCAATGACTCTTGTGTGAAC,ZNF114,1058,688,762
ZNF12_AAGTGCTGACTTCTGCGAGA,ZNF12,146,267,520
ZNF12_GAGGTCCGACATCTGGAGAA,ZNF12,136,67,89
ZNF12_ACTGCCTCCACTAACACACC,ZNF12,215,71,48
ZNF124_CTCGTGTTTCTGAAGGGAAC,ZNF124,1123,618,392
ZNF124_AAGGCAATTGGAGTAACGGA,ZNF124,643,93,46
ZNF124_TGTGAACCCTTGTGACAGAA,ZNF124,1188,535,809
ZNF131_ATTGAATGAACAGCGAGAGC,ZNF131,250,0,0
ZNF131_ATGAACAGCGAGAGCAGGAC,ZNF131,1123,0,0
ZNF131_ATCACCCTAATTGTCGACGG,ZNF131,297,60,0
ZNF131_GATATCTTCGAGAGAGCGCA,ZNF131,9,18,12
ZNF131_TCATGTGTGAATCGTGCACC,ZNF131,325,264,245
ZNF131_ACGGGTCAATCAAATGCCAG,ZNF131,917,221,68
ZNF132_TCTCCAGTGTTCAATGAGAG,ZNF132,1198,241,244
ZNF132_TCTCCAGTGCTGAATCAGGC,ZNF132,738,91,327
ZNF132_CAGCTTCAAGCTGTTGACAG,ZNF132,1306,324,379
ZNF132_CACCTTCCCTGCAAGTGAAG,ZNF132,1016,229,231
ZNF132_CCTTTAGATGGTACAAGGAC,ZNF132,414,251,446
ZNF133_TCAAAGGACTCTGTACAGAG,ZNF133,1943,382,589
ZNF133_TTGACCTGTCGCTGAAGCCC,ZNF133,508,49,215
ZNF133_CAACCCTCATCTCTCACAGG,ZNF133,1389,460,673
ZNF133_GCGTCCTCTGGTGTGCAACA,ZNF133,1732,685,724
ZNF133_CCGCTTGTGCCTGATGAGAC,ZNF133,2375,677,576
ZNF134_GGCATGACTCTAGTCACAGC,ZNF134,252,111,19
ZNF134_TGACTCTAGTCACAGCAGGA,ZNF134,632,150,337
ZNF134_TCAGTCCATGGTGTGTACCC,ZNF134,846,258,432
ZNF134_GGCAGCCACCCAAAGTAGCC,ZNF134,431,151,0
ZNF135_AAATGGAGTTAGGCTCGCGC,ZNF135,817,103,70
ZNF135_CCTTTGTCTCGCAGTCAGGA,ZNF135,635,175,166
ZNF135_CCCTCCTGACTGCGAGACAA,ZNF135,2301,809,1152
ZNF135_GGTGCGCGTCTCCACAGACC,ZNF135,91,57,80
ZNF135_TTCACAGGCGTGAAGGCCAC,ZNF135,352,152,46
ZNF135_TCGCTCGTGCTGGCTGAAGG,ZNF135,2060,604,1296
ZNF136_GACACCCGGGAGTCAGGAAA,ZNF136,524,120,135
ZNF136_ACTAAGGATGGTAGTCAGCG,ZNF136,662,472,449
ZNF136_TTTCATGTAGTCGAAGGGAG,ZNF136,563,472,215
ZNF136_CTTTCATGTAGTCGAAGGGA,ZNF136,488,323,223
ZNF136_TCTTTCATGTAGTCGAAGGG,ZNF136,186,71,190
ZNF140_AGTCTCTCATCAAGAAGCCC,ZNF140,300,59,208
ZNF140_AGTCCTCTGGTGTAACACCA,ZNF140,759,93,23
ZNF142_TGTGCCACCGTGCTTTCCGC,ZNF142,1455,288,315
ZNF142_TGGTCATGTGGTATTTCAGC,ZNF142,803,146,287
ZNF142_TGGTAGTGATCCAGGGAGAG,ZNF142,1789,622,272
ZNF142_GCCACTACAGTGCGGTGGAG,ZNF142,512,278,251
ZNF142_AGAGGCCACAGCAACTGAAG,ZNF142,1005,271,296
ZNF142_TTGCTGTGGCCTCTACCAGC,ZNF142,642,213,119
ZNF143_CAAGCAGTAACACTTGCAGA,ZNF143,787,83,228
ZNF143_CATCTTCCAACTGAATGACC,ZNF143,709,27,83
ZNF143_GACAGTTTGCGTCTAGAGGA,ZNF143,663,180,120
ZNF143_TGACCAGAGTGCATTACAGG,ZNF143,1843,678,264
ZNF143_ATCTCAACAGAGTGGAGAGA,ZNF143,531,22,76
ZNF143_GACCGACCGCAGCCTTCGAA,ZNF143,688,23,44
ZNF148_ATTTAGCACTGCCAATGGAC,ZNF148,1179,166,56
ZNF148_TCCATGATAGGGAGCACGGA,ZNF148,584,166,293
ZNF148_CCATGATAGGGAGCACGGAA,ZNF148,2544,973,1087
ZNF148_TCTTCTCATGTCTCTGAAGC,ZNF148,445,292,356
ZNF148_GCTCTCCAGACACAGTAGAC,ZNF148,269,609,451
ZNF154_CGGCCTCATTAAGCACAGGA,ZNF154,1825,829,669
ZNF154_CCGGCCTCATTAAGCACAGG,ZNF154,831,120,192
ZNF154_ATTCCGGCCTCATTAAGCAC,ZNF154,348,72,66
ZNF154_CTGAGTTGGCGTCCTCAGAG,ZNF154,394,513,522
ZNF155_TGGGTAGTCCTGCTTCAACC,ZNF155,1165,247,242
ZNF155_TTACACTTCCCACCCTGGGA,ZNF155,876,339,202
ZNF155_ATTGTGGGAGACGCTACAAG,ZNF155,824,198,228
ZNF157_GGCTGTGGATTTCACCCGAC,ZNF157,373,164,160
ZNF157_TGGATTTCACCCGACAGGAG,ZNF157,1718,388,360
ZNF157_CCGACAGGAGTGGCACAGAC,ZNF157,3717,1534,893
ZNF157_AGTTCTCCGGTGTTGACAAA,ZNF157,1030,470,466
ZNF157_GAGTTCTCCGGTGTTGACAA,ZNF157,717,204,228
ZNF16_GCCCTTACCACATTCAACAC,ZNF16,585,296,459
ZNF16_CACACCTGAGGAAGCACCAG,ZNF16,1820,434,801
ZNF16_CAGCGTCAAATAGTCCACAC,ZNF16,1563,919,634
ZNF16_AGCAGGAGCATCTCTCACAC,ZNF16,1064,293,330
ZNF16_CCTCAGAACTCGCCGTGAGG,ZNF16,217,9,162
ZNF16_CTCACGGCGAGTTCTGAGGC,ZNF16,1380,375,406
ZNF160_GGTACAATTCATACCTCGGA,ZNF160,163,118,36
ZNF160_CTTCTAGTGTCCAAACCCAC,ZNF160,211,185,180
ZNF160_AATGGCCGAGGGACCTCGAC,ZNF160,154,214,60
ZNF160_GGGACCTCGACAGGCGGAGA,ZNF160,0,38,85
ZNF165_GAGAAGTGAACTCCTTAAGC,ZNF165,1075,415,470
ZNF165_GGATTCTCCTGGACCTCGCG,ZNF165,509,122,227
ZNF165_AAATGGGCCTTGGTCTCCAC,ZNF165,45,86,29
ZNF165_CACCACAGTCCCATAGGAGC,ZNF165,1239,291,258
ZNF165_CAGTAGATCCATGCCAAAGC,ZNF165,1131,1011,1101
ZNF165_TCAGAGACTCTCGTCTGCCC,ZNF165,973,232,128
ZNF169_GAGAGCAGGGATATGTCACC,ZNF169,98,49,0
ZNF169_CTCATCGAACAGCTGGAGCA,ZNF169,1711,273,412
ZNF169_TGCCATGCAGCCTTTACCAG,ZNF169,3602,400,452
ZNF169_AAGGGAGCGGCGCCCAAGAA,ZNF169,1264,264,388
ZNF169_TCATCCTTTGGGCCAGGCGA,ZNF169,417,136,207
ZNF169_CACACCTTATCTCTGACCAA,ZNF169,1657,428,356
ZNF17_ACTCGGAGGAGGGATCGGGC,ZNF17,472,26,124
ZNF17_CACTCGGAGGAGGGATCGGG,ZNF17,376,63,66
ZNF17_GGGCTTCGGCACTCGGAGGA,ZNF17,585,110,154
ZNF17_TGTGAATGACAGTGTTCACC,ZNF17,283,84,108
ZNF17_ACAGTGGGTGGAAGCCACAC,ZNF17,539,107,56
ZNF174_GACGGCAGAGCTGTCGGAGC,ZNF174,22,187,96
ZNF174_TCGATGTCCAATGAGCAGCA,ZNF174,1892,752,767
ZNF174_CCAGCAGAGCCTTCCCAGGC,ZNF174,1120,952,401
ZNF174_TCATAAGCTCCTGCCTGGGA,ZNF174,140,9,61
ZNF174_TGTCAGCTGGCAGATCCAAA,ZNF174,1254,272,208
ZNF174_TGCAGAATCCTGAACCAAGA,ZNF174,761,816,697
ZNF175_ATGGATCTTGCGAGGTAAAC,ZNF175,700,283,253
ZNF175_GGATCTTGCGAGGTAAACAG,ZNF175,1337,492,398
ZNF175_GCTCACCCACTGCGAAGAGA,ZNF175,498,249,121
ZNF175_TGTGTGTATCGAATGCGGGC,ZNF175,675,44,92
ZNF175_CTCACTATAGATGGTGGAGA,ZNF175,1374,519,675
ZNF177_GAAGGTCACCGTGAACAGGA,ZNF177,481,75,47
ZNF177_GCCAGGAGGACACCAAGCGA,ZNF177,746,92,426
ZNF177_ATTGTCAGGTTGCTGAGGCC,ZNF177,784,172,138
ZNF177_ACACAGTCTGATCTCCAAGG,ZNF177,1518,434,340
ZNF177_CACTCCAGGGAGTGCTCACC,ZNF177,16,14,62
ZNF177_CACGTGTACCCTCAGGCAAG,ZNF177,1603,647,291
ZNF18_AAAGTCTGAACTCCGCAGAA,ZNF18,1108,266,284
ZNF18_TAGTCAGGTCAGATTTGGGA,ZNF18,362,166,2586
ZNF18_AGCCTTTCCTCCAGTCGGGC,ZNF18,485,120,158
ZNF18_TCTGAGCCACATCGTGAAAG,ZNF18,1566,434,609
ZNF18_CAGTATCCAGGTTCTAGGAC,ZNF18,940,388,315
ZNF18_CCTGCTGCCATCGCTGGCGA,ZNF18,953,130,139
ZNF180_AGACCAGTTGGAGAAGCAAC,ZNF180,446,368,339
ZNF180_TGTGATCCTGGAGAACCACA,ZNF180,603,125,51
ZNF180_TTGTGACTGTGGACTTCACA,ZNF180,118,252,107
ZNF180_CCAACCTACCTGAGATGGGA,ZNF180,1006,500,523
ZNF180_AAAGTCGAGGGAGAAGACAC,ZNF180,771,132,67
ZNF180_GCAGGGTCTACGCGGGAAGC,ZNF180,663,112,111
ZNF181_ATGGCTCAGTTCTGCTCAGA,ZNF181,518,117,281
ZNF182_TTTCTCATCAACAGGGCAGC,ZNF182,705,466,390
ZNF184_GAATGGAAACAGCTGGACCC,ZNF184,472,51,297
ZNF185_AAGTGCGAACCACGCTGAAG,ZNF185,359,50,74
ZNF185_TTACCGGATGATGTAGCCAG,ZNF185,1021,137,154
ZNF185_GGTCATCTTGTAGCCAGAGG,ZNF185,680,404,163
ZNF185_AGCTGTGAGTATGCAACGCC,ZNF185,684,717,644
ZNF185_CCTCAGATGAACAGAAACGG,ZNF185,4026,1238,989
ZNF185_CTGCAAGCGGTGTTCTGAGG,ZNF185,79,36,68
ZNF189_TTACCTTCGACTCCGGCGGG,ZNF189,740,144,28
ZNF189_CTTACCTTCGACTCCGGCGG,ZNF189,2117,270,416
ZNF189_TACTTACCTTCGACTCCGGC,ZNF189,584,303,238
ZNF189_TTACTTACCTTCGACTCCGG,ZNF189,455,201,123
ZNF189_ACCAAGGGAATCTTTGACCC,ZNF189,492,239,262
ZNF19_AAACGACAAATGTCCAGCAC,ZNF19,1617,131,404
ZNF19_CTTCGTTAATTCGGCACCAG,ZNF19,1010,948,851
ZNF19_CCAAAGAGATTCCGATCAAC,ZNF19,1682,650,684
ZNF19_TTCACCAAGACAGAATGGAC,ZNF19,873,590,231
ZNF19_TCAGGGATCCACAGCTCACC,ZNF19,1290,96,28
ZNF195_CTCCTAGCACTGTGCTCACC,ZNF195,1102,966,874
ZNF195_TTCGTTCATTCCCACCCACC,ZNF195,602,307,333
ZNF195_TGTACAAATTCTGCTGAGCG,ZNF195,1576,595,428
ZNF197_TGGGTACAGCTCCATCACCC,ZNF197,860,122,203
ZNF197_CCAGAGGAGACTGTACACAA,ZNF197,1956,1182,721
ZNF197_GAGTGTCCTGATCCTTGACA,ZNF197,295,201,282
ZNF197_TTGGGTTCTCTTCCTGGGAA,ZNF197,903,494,397
ZNF197_AGAAGAATCCTTACCTAGGG,ZNF197,303,48,126
ZNF197_GACCATGACCGAGAATGAGG,ZNF197,1067,38,201
ZNF2_GACATTCGAAGACGTTGCCG,ZNF2,543,87,12
ZNF2_ACAGAGGGACCTCTACAAGG,ZNF2,480,52,136
ZNF2_GCAAGCCTTTGTCCCGGGAG,ZNF2,346,159,246
ZNF2_ACAAAGGCTTGCGGCGGCGA,ZNF2,1530,589,355
ZNF2_CACGCTGATGCCGCGTGAGC,ZNF2,30,338,236
ZNF2_GCGGCATCAGCGTGTCCACA,ZNF2,972,612,471
ZNF20_CTCACTTACCAGAAGGAACA,ZNF20,3592,1818,2187
ZNF200_GCCTCCCGATAACCAGGAAA,ZNF200,642,127,159
ZNF200_TCAGCAGCCTCCCGATAACC,ZNF200,2285,1034,1173
ZNF200_TTTGAAAGCTAACCCTGAGG,ZNF200,612,61,78
ZNF200_TTGGGCAGAAGCTTCACCAA,ZNF200,1910,123,96
ZNF200_AGAAGCTTCACCAAGGGACG,ZNF200,1458,448,397
ZNF200_AGTTCCGCCAGACTCCAAGC,ZNF200,1127,175,144
ZNF202_CCACATTCGTTGCATCGGCA,ZNF202,2097,499,858
ZNF202_TCTTGGATATCTGGGACCCA,ZNF202,468,96,86
ZNF202_CCTTATGTGGTTTCAGGGAC,ZNF202,1147,361,524
ZNF202_GGACTTCCTGGCCGTGAACA,ZNF202,1401,325,527
ZNF202_ACGGCCAGAAAGTGGCGAGG,ZNF202,779,30,1
ZNF202_GGGAATTCTGATGGTGAAAC,ZNF202,699,359,321
ZNF205_CGGAGGCATCCAGGACACCC,ZNF205,799,286,165
ZNF205_CCGAAGAGCCACACTCCGAG,ZNF205,2483,1175,684
ZNF205_CCGGCAGGCAGGAGATGAGA,ZNF205,886,73,65
ZNF205_GAGTGGAGAGGCGCGTGCAC,ZNF205,270,85,188
ZNF205_CGGTGCGAGCAGTGCGGCAA,ZNF205,1263,229,330
ZNF207_GGAATTCCAGGACGTGGAAC,ZNF207,650,80,58
ZNF207_ATTGGAGGAATTCCAGGACG,ZNF207,20,13,50
ZNF207_CAACGTAATCTTCCTCGGCC,ZNF207,1018,39,106
ZNF207_TAATCTTCCTCGGCCAGGAC,ZNF207,413,61,35
ZNF211_TCGCAGCGCTCACCGAAGCC,ZNF211,1225,474,667
ZNF211_TACCTTTATTCTTAGGGCCG,ZNF211,518,203,188
ZNF211_CACTAAGGACCGAGGCGCAC,ZNF211,1247,196,146
ZNF211_TGAGTATGAGGGCCTTACCC,ZNF211,691,35,233
ZNF211_TCAGCAAGATGGGATCAGAG,ZNF211,1122,571,463
ZNF211_TCACATCGGAAAGTCCACAC,ZNF211,1474,559,380
ZNF212_CTTCGCGGTTTGGACGCCGC,ZNF212,6,9,13
ZNF212_TCCGCGTTCACCCGCGCCAA,ZNF212,1502,379,437
ZNF212_CGAGATTTCACTCTGGACGG,ZNF212,1540,277,796
ZNF212_GCCATCATTCTCCAGTGACC,ZNF212,409,476,461
ZNF212_AGAGGTCCTTGGCCAGACAG,ZNF212,1247,157,339
ZNF212_AAGATCCACCAGCGGGAGCG,ZNF212,857,494,680
ZNF213_GGCAGATTCCTGTTCCCAGG,ZNF213,47,27,32
ZNF213_GAATCTGCCCAGCATGAGGA,ZNF213,339,88,69
ZNF213_TCAGCCCGAGACCAGACCGG,ZNF213,1336,213,238
ZNF213_CCCTCTTTAAGAAGAGCAGG,ZNF213,300,75,72
ZNF213_GAACTCCCGGAACACCACCC,ZNF213,542,21,22
ZNF213_CGGCACCATCTCCTGCAGCA,ZNF213,2783,1263,1333
ZNF214_TACTTGTCCTGAATGTGGGA,ZNF214,244,92,103
ZNF214_AGTTCATAGTTCCCATACCC,ZNF214,554,257,218
ZNF214_ATCGTTCCCAGTGTCAGGAA,ZNF214,1115,361,436
ZNF215_AGCAGATATGTCTTGGCAGC,ZNF215,614,490,464
ZNF215_ATGAAAGCTGGCTCACGAAC,ZNF215,854,355,343
ZNF215_CTCACGAACAGGCAAACCAC,ZNF215,1862,494,663
ZNF215_CCCATGGAGTGATTATGACA,ZNF215,2084,329,410
ZNF217_CATTGATGTTACTGCTGCCG,ZNF217,1364,379,420
ZNF217_AAATCCCTGCCATCTGCGAA,ZNF217,370,211,217
ZNF217_GGCAGGGATTTGGACTGCGC,ZNF217,1,41,36
ZNF217_GACAGGGCAGCTTACCCAGA,ZNF217,74,64,52
ZNF217_TCCCAAGTTACCCAGTAGCA,ZNF217,3467,777,805
ZNF217_TAGTCCAGCAACGATCAACG,ZNF217,1509,877,365
ZNF219_TCAAGTGCACCACAGCCGCC,ZNF219,702,288,550
ZNF219_GCACCGCTAGAAGGAGGCCG,ZNF219,171,36,22
ZNF219_GATACTTGAGCGAGCCGGAC,ZNF219,118,77,87
ZNF219_AATCCTTGCCGGTGGCGCCC,ZNF219,272,12,54
ZNF219_CGGACACGCATGATCGAAGG,ZNF219,2260,632,748
ZNF219_ACCACAGCCTGACGGCCCAC,ZNF219,124,55,120
ZNF22_GAGGTTAGCAAAGCCTAAAG,ZNF22,1157,341,167
ZNF22_ATTTCTCGGAGCTCAAGCCA,ZNF22,59,210,31
ZNF22_GCATCGACGGATCCATACGG,ZNF22,2606,656,304
ZNF222_CTTCCACCATAGAACCCACA,ZNF222,683,178,455
ZNF223_AGTCCTACTTACCTTGGACA,ZNF223,849,352,389
ZNF223_CGCTGTCGATTCCTTGCAGG,ZNF223,1029,1365,1138
ZNF223_GCTGTCGATTCCTTGCAGGA,ZNF223,1270,141,315
ZNF223_TATGGTAGAGTCTTGAGGCC,ZNF223,145,169,126
ZNF223_GAGCTCTCAGTTCTTTGAAC,ZNF223,389,119,201
ZNF223_GCCCACTCCCAGGTTGAGGA,ZNF223,427,278,355
ZNF224_AGTCCTACCCACCTTGAACG,ZNF224,1911,446,408
ZNF224_TCACACGTATCACATCGGAA,ZNF224,2088,634,847
ZNF224_TACGCATCATATGGTCCACA,ZNF224,1003,188,143
ZNF225_TACCATGGAGTCTTGAAACC,ZNF225,2198,154,430
ZNF225_TTACACGTCCTACCCTCAGA,ZNF225,371,78,116
ZNF225_TCTCATCGCAGAGTCCACAC,ZNF225,988,161,469
ZNF226_GACGACAGCAACCCGAAGAC,ZNF226,956,199,151
ZNF226_ACGACAGCAACCCGAAGACA,ZNF226,2467,588,684
ZNF226_GATCATGGAGTCTTGACACC,ZNF226,242,73,198
ZNF226_TCTCTTACATGTGTTGAGCG,ZNF226,823,43,103
ZNF227_TAGATGCGACAGTTGCGGCA,ZNF227,207,256,153
ZNF227_AGATGCGACAGTTGCGGCAA,ZNF227,1146,156,311
ZNF227_TTAATCTCCGTGTTCACCAG,ZNF227,1900,340,382
ZNF227_TAATCTCCGTGTTCACCAGA,ZNF227,715,71,186
ZNF227_GAATCTTCGCCATCATCAGA,ZNF227,270,74,7
ZNF229_TATAGCCCTTCCCACACACG,ZNF229,307,100,123
ZNF229_AGCTCACCAGAGAGTTCACA,ZNF229,274,113,95
ZNF229_GGTCTTATAGCTCTCCAGGC,ZNF229,559,140,57
ZNF229_GCCATTGAGCTTCAAGGACG,ZNF229,459,139,58
ZNF229_AGCCATTTCCCAAGATAGGG,ZNF229,1036,242,267
ZNF23_CAACAGGAAGTCCACTCAGC,ZNF23,756,249,83
ZNF23_AGGGTAGAGAGGTCTTACCC,ZNF23,680,9,48
ZNF23_GGGTAGAGAGGTCTTACCCA,ZNF23,32,2,74
ZNF230_GGACAGAAACCTTCACAGAA,ZNF230,2250,806,549
ZNF230_AGGTCTTAACTTGCACCAGA,ZNF230,110,107,66
ZNF232_CACCACTCTTTGGGAAAGGC,ZNF232,1226,702,850
ZNF232_TGCTCTACCTGGCCCAAGAG,ZNF232,1610,311,312
ZNF232_CAGATTGATGACCTTCAGGC,ZNF232,506,253,256
ZNF232_ACATCACCCTAAGAGTGGAG,ZNF232,275,52,161
ZNF232_ACTCACCTCACAGGACCAGG,ZNF232,362,73,273
ZNF233_CTCTGGGAGGTGAGTCAGCG,ZNF233,1071,660,796
ZNF233_AGCTTCCATTGAGGACCACC,ZNF233,300,106,160
ZNF233_CCTCATCAGAGAGTCAGCAC,ZNF233,1816,505,240
ZNF234_TATATAGTCCTGCCCTAACC,ZNF234,128,26,105
ZNF234_GGACCCTTTGATGGATACGA,ZNF234,144,90,141
ZNF234_TGCATCTGGTAGTCCACACA,ZNF234,3018,450,1121
ZNF234_GCATCTGGTAGTCCACACAG,ZNF234,1182,578,450
ZNF234_TATCATAGGCGAGTTCACAC,ZNF234,676,144,204
ZNF235_CCACACACGTTGCATCGAAA,ZNF235,3761,1495,1188
ZNF235_AAGTTTCCAGAGCCATCAGA,ZNF235,163,63,57
ZNF235_ATGGCAACTCTTCACAAAGC,ZNF235,799,510,467
ZNF236_TGTTGGCTGCACCATGACCC,ZNF236,657,170,408
ZNF236_GGATCACGAGCGAAATGACA,ZNF236,376,40,22
ZNF236_TCATAAATGCACCCACAGCG,ZNF236,1695,131,30
ZNF236_GAGTCAGCTGGCCGTGCACA,ZNF236,591,34,53
ZNF236_AACCGGAATATCGACAGAAG,ZNF236,2551,110,187
ZNF236_CCTGCCGCCTTCTCTCAGAA,ZNF236,824,35,59
ZNF239_GATCTTTCTTGTGAACCCGC,ZNF239,165,173,75
ZNF239_CCAACCTTCACATCCACCAG,ZNF239,1829,352,737
ZNF239_ATACTTAACACCAGCCCAGA,ZNF239,385,30,43
ZNF239_CTCACCATTTAACAATGGCG,ZNF239,483,339,600
ZNF24_TGGAGCACTAGCTCCAAAGC,ZNF24,863,285,284
ZNF24_CTGTGGAGAACCAGCTCAAG,ZNF24,1853,306,396
ZNF24_TTCGTCGACGGAGAGAAACC,ZNF24,421,539,490
ZNF24_ACTTGATGACCCTGGACAAC,ZNF24,2123,325,530
ZNF24_CTGTAGCTCTTTGGGTAGGA,ZNF24,979,445,514
ZNF24_GAGGATCCTGATGGCGAAGA,ZNF24,804,212,212
ZNF248_CTGTGTGAGCTCTCCGAAGC,ZNF248,1184,790,955
ZNF248_CAGCTTCGGAGAGCTCACAC,ZNF248,2751,770,601
ZNF248_CCAGAAATCACTAACTCACC,ZNF248,2114,193,470
ZNF25_GCAGTCTTCAAGTTGAAGCA,ZNF25,939,651,266
ZNF25_TTATACAGAGTCCTCTGAGC,ZNF25,1292,278,136
ZNF250_GGGCGTGCCTTCAACCAGCA,ZNF250,1917,338,414
ZNF250_GATTCATCAGTGTGGAGCGG,ZNF250,1125,236,60
ZNF250_CACCTGAGTAGTCACTCCAC,ZNF250,677,59,125
ZNF250_AGTAGTCACTCCACAGGCCC,ZNF250,401,3575,8478
ZNF250_CCCTGGGTCCTGGACAGGAA,ZNF250,3288,672,838
ZNF250_GGTCCCATTCATCCTGGGAG,ZNF250,298,33,92
ZNF251_CTCGCTGATGTAGGGTGAGC,ZNF251,828,25,156
ZNF251_CCGCTGAGTTTCGGGAAGCA,ZNF251,1905,1036,815
ZNF251_GCCGGAGTTGATCTCCCAGC,ZNF251,983,74,97
ZNF251_CGTGTACTTCTCTCAGGCGG,ZNF251,1806,676,658
ZNF251_GGAAGGAGGGTTAACTCACC,ZNF251,502,0,0
ZNF251_GGTTAACTCACCTGGTGCCC,ZNF251,82,56,0
ZNF256_GGTGTTTAACGAGGCTAGAG,ZNF256,326,355,429
ZNF256_CACTTGCAAGGAGGTTGGGA,ZNF256,503,147,219
ZNF256_AGCAGAGCACTTCTCCACAG,ZNF256,1732,211,264
ZNF256_TTTCAGGTGGTTCTGGAGCA,ZNF256,805,459,357
ZNF256_ACGCGGCACATACCTGGGCC,ZNF256,550,91,142
ZNF257_GATGAGTGTAAGGTGTGCAA,ZNF257,7,90,177
ZNF259_AGCAGACTGTTACCTTGAGG,ZNF259,222,8,0
ZNF259_TGGGCATCGGACCAATGAGG,ZNF259,861,0,8
ZNF259_CTGGGCAGTTTGTGCTGAAC,ZNF259,2501,735,736
ZNF259_TTGTGCTGAACTGGAGCACC,ZNF259,265,10,24
ZNF259_AGCTTACCCTTCGTGCAGGC,ZNF259,1307,3,124
ZNF26_GCACGAAGCTGTCCGGAAAC,ZNF26,1947,584,419
ZNF26_CCTGCGGCTCACCTCAGGCA,ZNF26,271,89,78
ZNF26_TTGTAGATGGCTGGGAAGAA,ZNF26,2526,719,851
ZNF26_CTCATGTAGTGAGTGCGAGA,ZNF26,893,455,630
ZNF260_GGATTCTCATGTGCAGAGCA,ZNF260,391,192,229
ZNF260_CTACACCTTAGAAGTCACAC,ZNF260,1266,490,640
ZNF263_CAGACGGTTCCGCTTCCAAG,ZNF263,1103,538,208
ZNF263_GACCAGCTGCCTCTTGGAAG,ZNF263,506,93,103
ZNF263_AGAGTCACCGAGCTTCAAGC,ZNF263,725,179,156
ZNF263_GGCAATGTACATCTCCCAGG,ZNF263,195,339,219
ZNF263_TCAGGAGGTCCCAGGCACCC,ZNF263,980,98,35
ZNF263_GGCTCCATGGTTTGTAAGAA,ZNF263,1303,439,486
ZNF264_TGACAAGGCTGGCTCACAAG,ZNF264,863,211,320
ZNF264_GGGCTATCAGAAATGCAGGA,ZNF264,650,165,294
ZNF264_CAAGTCTTTCGACATAGGCC,ZNF264,587,54,183
ZNF264_ACATAGTGCCGGAGAAAGCC,ZNF264,371,258,454
ZNF264_CGGGCCTCACGAGGCACAAG,ZNF264,106,31,22
ZNF266_CATGTGAAGGTTAACACACG,ZNF266,1492,424,430
ZNF266_TGTATGTTCACTAAGGCGAG,ZNF266,1168,352,118
ZNF266_CTGAGTAAGTTGACAAGACC,ZNF266,1948,858,659
ZNF266_AGATAGGAAGCCACAACGGA,ZNF266,841,129,344
ZNF267_GAGGAGTGTGAAGGGCACAA,ZNF267,245,154,298
ZNF268_CTGGAAGTGACAGGACGCGA,ZNF268,2336,807,612
ZNF268_TGACCGTAGGGATGGCCACC,ZNF268,1574,613,575
ZNF268_CTGTTTCGTTCTTGGAGAGG,ZNF268,329,371,351
ZNF268_TCTCCATCACTCACTTGGAC,ZNF268,1302,101,126
ZNF268_GAGCTGTGACTTCCAACAAA,ZNF268,1729,830,774
ZNF274_TATGGCCTCCAGGCTTCCGA,ZNF274,76,15,20
ZNF274_GCCTCTACTCACACAGGACC,ZNF274,173,87,222
ZNF274_GGTCCTCACACTGAACCAGG,ZNF274,30,27,82
ZNF274_CAGGCCCTATATGCTGAAGA,ZNF274,1124,437,375
ZNF274_TTCAGGGTGGGAGACTACAC,ZNF274,1241,249,296
ZNF274_GGATTCTTGTACTTTCAGGC,ZNF274,537,64,46
ZNF275_CACAAGGGAGTGGTTTAAGC,ZNF275,1347,696,397
ZNF275_TTAAGCTGGACCCTGAACAG,ZNF275,2334,280,221
ZNF275_TCCTGCCTTGGTCCCTCACC,ZNF275,36,6,26
ZNF275_AGTCCTGAATTCAGACAGCA,ZNF275,850,233,506
ZNF275_GGAATGTGGCGACTGCGGGA,ZNF275,759,241,325
ZNF275_TTGATTGCGAGGAATGCGGG,ZNF275,796,152,254
ZNF276_CTCGGCCCACCGCTAAGGGA,ZNF276,1756,111,348
ZNF276_CTTGCAGACAAACGGAGACA,ZNF276,1076,295,334
ZNF276_CCATGGTGTAGTCGTGGCCC,ZNF276,1012,172,273
ZNF276_CGATCATCCGAGGTTGAAGA,ZNF276,2214,282,419
ZNF276_CAAAGGACTCGTCCGAAGAC,ZNF276,604,486,336
ZNF276_ACCAAGAATTCGGAAGAAGC,ZNF276,827,124,125
ZNF277_TAGAAAGACGTGGGATCAAC,ZNF277,340,210,224
ZNF277_CACTGTCAGATAGTGTACAC,ZNF277,934,461,403
ZNF280A_TGATAGTGTACACATCGCCA,ZNF280A,1736,485,354
ZNF280A_TTTCCATTAGCATCAGGCCA,ZNF280A,719,341,298
ZNF280A_GCAGGCTGCGACACGTGAGC,ZNF280A,723,210,358
ZNF280A_GAGCAGGATATTGACGGAAG,ZNF280A,498,327,428
ZNF280B_TCCACTGATCCTGGCTGAAG,ZNF280B,1009,525,441
ZNF280B_TTTCTCCTTGACCATGAACC,ZNF280B,632,291,189
ZNF280B_TCTCCTTGACCATGAACCCG,ZNF280B,1453,280,270
ZNF280C_TGGATGGTTGCTATGAGAGC,ZNF280C,891,191,507
ZNF280C_ATGTGGCACTGCAGTTGGAA,ZNF280C,1294,462,385
ZNF280C_GACAAGACTGATTCAGAGAC,ZNF280C,432,153,386
ZNF280C_ATTGCTGGTATGTCTTGGGA,ZNF280C,847,84,101
ZNF280C_AAGAAGAAGAGCTAGAGCCA,ZNF280C,468,244,120
ZNF280D_AACAGAGGCAACAGTAGACC,ZNF280D,685,51,184
ZNF280D_TCATACTCAAGTACCTCGGA,ZNF280D,388,50,55
ZNF280D_TGGACGGTTACTATGAAAGC,ZNF280D,1054,202,349
ZNF280D_AGTGGACGTACGTAGGAAAG,ZNF280D,380,190,95
ZNF280D_CATCCAATGGATCCCTGAGC,ZNF280D,711,214,284
ZNF280D_TTTATTGGTGAGGCAGGCAC,ZNF280D,357,160,176
ZNF281_CTCAGTTTAAGTCGGGCAGC,ZNF281,806,585,334
ZNF281_TGGCTAGCTAACTCCTGAGA,ZNF281,567,112,254
ZNF281_AGTGCCAATTATGCCTCCAC,ZNF281,331,3,106
ZNF281_AGTGGAGGCATAATTGGCAC,ZNF281,569,49,133
ZNF281_GAGGATAACACGCATTGCGG,ZNF281,11,0,188
ZNF281_CGGGTGAAGCTGGTGACCGG,ZNF281,1271,761,591
ZNF282_GGGAATGCCGCCCATGCAGG,ZNF282,169,53,74
ZNF282_CGTGGAATTTGGGAACCACA,ZNF282,825,172,136
ZNF282_TGTACTTCTCCGAAGACGAG,ZNF282,413,72,128
ZNF282_TGGCGCTGCTCCCACACACA,ZNF282,3505,639,732
ZNF282_ACGCATCCTGCGCAGGCACC,ZNF282,538,177,245
ZNF282_CCTCTTGTCCCGGATTAAAC,ZNF282,1211,614,587
ZNF283_GCTACAGGATGTTCGAGAGC,ZNF283,546,85,129
ZNF283_TCACCAATAGAGGAATCCCA,ZNF283,334,33,8
ZNF283_GATGGATGCCTCAAGGCCAA,ZNF283,131,75,37
ZNF284_AGACATCAGCGGGTCCACAA,ZNF284,869,456,421
ZNF286A_GAAGCTGGATCCTGCACAAA,ZNF286A,1659,466,616
ZNF287_GATGATAGACTAGAGAGGCG,ZNF287,798,117,290
ZNF287_AGCCCAAGCATGTACTCCAG,ZNF287,1431,388,287
ZNF287_TAGACATCACCCAGGAGGAC,ZNF287,1576,375,215
ZNF287_AAGTCCTAACCTCACCAGGC,ZNF287,910,155,236
ZNF287_CCTAACCTCACCAGGCAGGA,ZNF287,645,618,513
ZNF287_TCTAAGGTGGAAGTCAGACA,ZNF287,677,497,563
ZNF292_TGTGAAGATGGCGGACGAAG,ZNF292,2237,340,238
ZNF292_AGGTTGAGTTGCGGCGAAGG,ZNF292,1232,316,357
ZNF292_TGCCAAGCGTTCCAGAACCA,ZNF292,2139,431,455
ZNF292_GCTACTCTAGCTCAAGAGAC,ZNF292,415,125,191
ZNF292_TTGTCACGTCAGCTCCAACA,ZNF292,2450,672,627
ZNF292_GAAGTAGAGGAGTAGTAGCA,ZNF292,1503,219,402
ZNF296_AGGGTGGCTCGCAGGCCGAA,ZNF296,481,223,180
ZNF296_TGGACAGTCCGTGGTCCCAC,ZNF296,189,150,190
ZNF296_CTTCATGGACCACAAGAAGC,ZNF296,285,145,189
ZNF296_GGTGTTTGTCGGTCCAGGGC,ZNF296,277,214,82
ZNF296_ACGGCGTCCACAGGGTCCAC,ZNF296,589,109,213
ZNF296_CTCATGTCCCGCCGCAAGGC,ZNF296,293,162,69
ZNF3_GGGACCCTAAGTGTGGCGAA,ZNF3,605,191,191
ZNF3_GGGTGTGTGGCTCTTTCACG,ZNF3,1065,146,139
ZNF3_TCTGCATCGGAGGATCCACA,ZNF3,585,201,471
ZNF3_TGTACTTCATCCGGAAGGAG,ZNF3,590,479,275
ZNF3_AGCTGTGTACTTCATCCGGA,ZNF3,421,125,121
ZNF3_CAGGCTGTCCTTGTCGGAAA,ZNF3,1155,473,403
ZNF30_TCGCTGATGTGCATGAAGGA,ZNF30,1533,365,471
ZNF300_GAATTCGCTGGTGTCCCGGA,ZNF300,105,93,309
ZNF300_GAGGTGGGACTTCTCACAGA,ZNF300,768,212,414
ZNF300_AGCCTTACAGAAGTCTCAGC,ZNF300,700,29,42
ZNF304_ACTGCGCAACTGCATGGGAC,ZNF304,622,237,434
ZNF304_TGCAGTTGCGCAGTTGGAGG,ZNF304,1708,91,794
ZNF304_TGGCCCTGCTGAATGGGAGC,ZNF304,279,268,105
ZNF304_CCTTTACGTGCAGGGAGGAA,ZNF304,609,284,306
ZNF304_TTCTCCAGTGCTCAATAAGG,ZNF304,1406,379,534
ZNF304_CTTTCTGGTGACGAACAAGA,ZNF304,585,354,298
ZNF311_TCGTCATAACTGTAAGCGCA,ZNF311,725,398,411
ZNF311_TCCTGTGGATCCTGCACACA,ZNF311,1823,554,772
ZNF311_TGAACTTCACTAACAGGGAG,ZNF311,632,204,252
ZNF311_CACCGCTTTCCTGAGGGAGC,ZNF311,560,116,224
ZNF311_CCAGCTGCTTTGGACCCGCC,ZNF311,577,323,235
ZNF317_CCAGACCACTGCACACGAAC,ZNF317,1799,659,1156
ZNF317_CGCTGTGGACTTTACCGAGA,ZNF317,2194,703,692
ZNF317_CATCTCACACTTGGAGCAGG,ZNF317,629,320,301
ZNF317_TCTTACCATCGTCACACCAC,ZNF317,585,446,353
ZNF317_ACGTGCTCTTTGAGGTGGGA,ZNF317,791,262,155
ZNF317_CGCACATGCGAAGCCACACG,ZNF317,4333,753,687
ZNF318_AATGCTGCGCAAGAAACGAA,ZNF318,201,92,79
ZNF318_ATCTTAGGACCGAGTTAGAG,ZNF318,1147,308,364
ZNF318_GGATCACACGAAGATTGGGA,ZNF318,147,133,23
ZNF318_ACGAAAGCGAGAGGAAGAGG,ZNF318,195,116,85
ZNF318_TTAGCACACCAGAACGGCGA,ZNF318,1239,390,269
ZNF318_CGCCGTCGTCTTTAGGCCGG,ZNF318,51,250,207
ZNF319_AAATGCGGCCTATGTGAGAA,ZNF319,1058,555,474
ZNF319_AGTACGCACTGATGCGCCAC,ZNF319,252,138,410
ZNF319_GCGCGTACATGTGGCGCACC,ZNF319,1,57,103
ZNF319_CATGCCGAGAGAGCTCCGAC,ZNF319,320,79,106
ZNF32_AGGAAGAGTTTCCACACCAG,ZNF32,843,6,429
ZNF32_GAACTCTCCTGTGAACAGCA,ZNF32,1006,316,424
ZNF32_ACACTACAGGAAGATTCACC,ZNF32,309,84,28
ZNF32_TCTTCCATGACAGTCCAGCA,ZNF32,129,126,190
ZNF320_TTTGCTGGAGTGGAAACGCC,ZNF320,732,356,399
ZNF320_GAGGACTGAATTTCGAGCGA,ZNF320,402,140,66
ZNF324_CGAAGTTGTCTAGCATCACG,ZNF324,2374,352,137
ZNF324_ATCTAGGACCTTACCCAGCG,ZNF324,1218,392,545
ZNF324_GAGAACCTTTGGGAGCGCCC,ZNF324,881,13,0
ZNF324_CTTTGGGAGCGCCCAGGACC,ZNF324,1080,126,426
ZNF324B_TCCCGTAGGTGTTCCTGGCC,ZNF324B,200,116,100
ZNF324B_AGGGACATGGGCTTGGCCAC,ZNF324B,199,315,160
ZNF324B_TCGGACCTGAAGGCCGCCAG,ZNF324B,273,73,134
ZNF324B_GAAGGCCGCCAGTGGTGGCA,ZNF324B,165,29,50
ZNF324B_ACATCATCGGAAGGTGCGCC,ZNF324B,333,127,221
ZNF326_CTGATAAGTATTCCTGCAGG,ZNF326,752,169,240
ZNF326_CTCTTTCGGAGGTAGAAACC,ZNF326,1326,752,430
ZNF326_TCTTTCGGAGGTAGAAACCA,ZNF326,837,675,890
ZNF326_AGGCTCGGCGAGAGAAACAA,ZNF326,1062,664,425
ZNF326_TGCTCAACAGGGAAGTCAGC,ZNF326,389,100,154
ZNF329_CTTCAAGCAGAACTCTCACC,ZNF329,1443,81,187
ZNF329_TCTCTGGTGCTTGGTCAGAC,ZNF329,951,301,375
ZNF329_GCTTTAACTCTGGAGAAACC,ZNF329,1125,47,214
ZNF329_TCACCTAAACTGGACAAGCA,ZNF329,442,308,377
ZNF330_TGTGAAGCTTGGGTTTGCCA,ZNF330,469,226,118
ZNF330_GAGTGTGTTGAATGTGAACG,ZNF330,1091,385,440
ZNF330_GAACGAGGCGTGTGGGACCA,ZNF330,69,228,145
ZNF330_TGCCCACATTTAGGACAAGG,ZNF330,1633,451,681
ZNF330_TACCAGCTACCACGATGAGG,ZNF330,1076,307,321
ZNF331_GAGCTCATCACCACGCCGAA,ZNF331,1451,313,564
ZNF331_CGAGCCTCGTTAAGCACGAG,ZNF331,1037,365,423
ZNF333_CATTGCTGGACAGCGCACGG,ZNF333,299,151,307
ZNF333_CGAGGGATTCTCCGTGCCAC,ZNF333,923,335,399
ZNF333_ATCCTCCAGGGACATGCAAA,ZNF333,1651,258,436
ZNF333_CACCATTGACTCGAGAGGAC,ZNF333,2034,310,399
ZNF333_CGCTATGCAGATTCAGAGGG,ZNF333,2188,565,646
ZNF333_CCGTGGAGCTCACGGTCAGC,ZNF333,557,264,125
ZNF334_GATGTTCAGTGAGAGTCCAC,ZNF334,569,26,117
ZNF334_GAAGGCTGACTTATGGCAGA,ZNF334,586,101,122
ZNF334_GAACATTTCAGGTCACACAC,ZNF334,700,447,445
ZNF335_TTTCTTGCCTAGGAAGCGCC,ZNF335,35,40,69
ZNF335_TAGGCTGCTACTGACGCACC,ZNF335,843,106,159
ZNF335_GACCAGTGCTGAGGATGGCG,ZNF335,1909,16,122
ZNF335_GGAGGTAGCTATTAGGCAGG,ZNF335,432,7,36
ZNF335_CCCGAGGAGCCCTCTGAGAG,ZNF335,1526,126,599
ZNF335_CGTCGATGCCGGAGTCAGAG,ZNF335,2358,843,1219
ZNF337_GAAATCTCCTCACACACCAG,ZNF337,708,73,67
ZNF337_CTTACACTGCCTGCACGCAA,ZNF337,1593,394,430
ZNF337_TACATGCAGGGAGTGTCACC,ZNF337,58,25,86
ZNF337_CATCAGGCGGCTAGAGCAAG,ZNF337,1167,512,86
ZNF337_TCATCAGGCGGCTAGAGCAA,ZNF337,1042,382,408
ZNF337_CTAAACCAGAACTCATCAGG,ZNF337,193,79,45
ZNF33A_AATGCAACCCGACGAGGGAG,ZNF33A,290,148,173
ZNF33A_CTTTAAGGTGCGAAGTCACA,ZNF33A,467,118,292
ZNF34_TCAGCGGATTCACCTCCGGG,ZNF34,195,274,148
ZNF34_ACCACATCAGTAAGTCAGAG,ZNF34,843,273,409
ZNF34_CACCTGAGAGTCAACAGCCC,ZNF34,1877,104,181
ZNF34_GATCTCGCAGTTGGAGCGAG,ZNF34,291,182,132
ZNF34_CGAGGTGACCTTCGAGGACG,ZNF34,2652,687,661
ZNF34_AAAGCCCAACCCTCAGGCAA,ZNF34,2383,361,412
ZNF341_CTGAGCAGATACTCACCCAA,ZNF341,763,344,378
ZNF341_CCCAACTCCTGCCAATCGCC,ZNF341,718,351,267
ZNF341_CCACCACACCGTTCCCACCA,ZNF341,4464,920,1032
ZNF341_CGTTGCTGGAGAGTCAAAGG,ZNF341,1751,583,546
ZNF341_CTTGTCTTCCACAGCCACAC,ZNF341,1573,421,219
ZNF341_TTCCTCACCAGCTGTGGACA,ZNF341,3380,241,440
ZNF343_TCTCCATCGAGTGTATACGA,ZNF343,916,158,312
ZNF343_AACCCTGTGCAGCTAGACAA,ZNF343,1359,323,542
ZNF343_GAGGAGGTGGCTCCAAACCC,ZNF343,603,33,0
ZNF343_ATCCAGGGAATTCTAGCCCA,ZNF343,163,148,58
ZNF345_CTGTGGGAAGGCTTATGGGA,ZNF345,1377,94,76
ZNF345_CTCACGCATGGTGCATGCCC,ZNF345,259,110,77
ZNF346_GGGTGCGCTTTGACCGCGAG,ZNF346,693,314,261
ZNF346_AAAGACTGTAGGTCTCCGAC,ZNF346,277,116,125
ZNF346_AGGCGCAGCAAACCTTACAC,ZNF346,725,422,358
ZNF346_AGTGCGACTGGGCCACGACA,ZNF346,925,99,234
ZNF346_AATGGCACGCTATGGGCGGC,ZNF346,307,64,26
ZNF346_TCACCTCTAGTCTTCCAAGG,ZNF346,519,237,223
ZNF35_CCAGTGCAGGGTCTTCAGAC,ZNF35,2497,801,1206
ZNF35_TGGTAATGAGTAGCTGCCAA,ZNF35,204,79,75
ZNF35_CTGGTAATGAGTAGCTGCCA,ZNF35,1338,145,67
ZNF35_CCACAGTCGTTACAGGCAAA,ZNF35,1685,908,821
ZNF35_GCCACAGTCGTTACAGGCAA,ZNF35,1190,174,241
ZNF350_GAGACCTGATTTCTGAGAAC,ZNF350,256,245,108
ZNF350_ACTCCTGGGCGCTGCTCAGA,ZNF350,373,261,176
ZNF354C_TAAATGCGGCGAATGTGAGA,ZNF354C,262,269,110
ZNF358_GCTCTGGGTCTTCAGAAACC,ZNF358,1835,331,408
ZNF358_GATGCCACGGTGCTGAGCCA,ZNF358,135,37,50
ZNF358_ATGGATGCAGGGCTTAGGCC,ZNF358,504,306,173
ZNF358_AGTGCCACGAGTGGGAGAAC,ZNF358,983,318,150
ZNF358_TGGACTCTCGCCGGTAGGGA,ZNF358,1149,214,369
ZNF358_CTGGACTCTCGCCGGTAGGG,ZNF358,1477,242,203
ZNF362_GCAGCCGTTGCTAGTGCCGC,ZNF362,306,15,17
ZNF362_TCGGGCGAGACTGCCAAGGA,ZNF362,2143,781,922
ZNF362_GGTAGGGCTTGACGCCCAGG,ZNF362,24,7,10
ZNF362_CCCACATCCTGGCTGCGAGA,ZNF362,909,415,451
ZNF362_CCTTGGCGTGCTTGATGGCG,ZNF362,898,197,53
ZNF362_AGATTCGCACCGGGATGCCG,ZNF362,984,219,238
ZNF365_GGAAGTTCAGAGACGAGAGC,ZNF365,778,90,149
ZNF365_TGAGTACTATCAGAGCCAGC,ZNF365,584,176,95
ZNF365_CAACCCTCTGTAGAAGCCGA,ZNF365,844,155,111
ZNF365_TCCGAGAATCCAGAGAAAGC,ZNF365,868,355,364
ZNF365_ACGGTTGCTTCCAGTTGGCC,ZNF365,475,404,296
ZNF365_GGAGTTGTCCTAGTGTAAGA,ZNF365,860,259,225
ZNF366_TTGACCTCTCTCAGAAGCGC,ZNF366,701,195,155
ZNF366_CAAGCAAATTCACCCTGAAG,ZNF366,3676,117,438
ZNF366_GAAGCCTTTCAAATGCAAGG,ZNF366,401,87,100
ZNF366_AGAGGTGACACTGGTAGGCG,ZNF366,3526,463,581
ZNF366_CATCTGCTCAGAGTGTGGCA,ZNF366,1755,221,246
ZNF366_TACCCACATGCTGACCCACC,ZNF366,279,172,96
ZNF367_TGTCCAAGCTACTGTCGGAG,ZNF367,2144,468,592
ZNF367_CTACGCCAGGCTGAAGAGAG,ZNF367,848,350,419
ZNF367_GCCTGGAGCGATTTCTCCCG,ZNF367,567,168,144
ZNF367_CAACAGGATGGAATCCGACG,ZNF367,759,235,189
ZNF367_CTCGTCCTCACCTCCCGAGG,ZNF367,536,68,138
ZNF367_GCGACTTCATGGTGTACCCG,ZNF367,1653,256,815
ZNF37A_TCTCAAGTTGGAGAAAGGCG,ZNF37A,511,163,78
ZNF382_TCTTACCCACAGATACGAAG,ZNF382,874,74,149
ZNF382_ATGATCCGCAAGTTGGAACA,ZNF382,2,43,13
ZNF382_ACACATACTAGAGCTCACAG,ZNF382,1706,547,575
ZNF384_GCTTCACTGTGTGCGTAGAC,ZNF384,1205,383,474
ZNF384_ATCCTGTGCAGAATCCACAC,ZNF384,921,2179,1139
ZNF384_CAACTGTTCCTACTGCCAGA,ZNF384,646,206,452
ZNF384_TCTCGGTGTGTGACTTGGAG,ZNF384,855,516,747
ZNF384_TCGACCCTAACCGAGGAAGG,ZNF384,869,651,446
ZNF384_CATACTGATGCCTGAGGGCA,ZNF384,1558,180,361
ZNF385A_CGCAGCACATCTCCAGCCGG,ZNF385A,1842,578,656
ZNF385A_CTCGGAGGTCCAACTGAAAC,ZNF385A,2768,592,773
ZNF385A_CAGTCTCCGGAATGCTGGGA,ZNF385A,297,15,123
ZNF385A_GATTCAGACACACCTGGACG,ZNF385A,788,122,67
ZNF385A_GACCCTTGCTCAAGACCAAG,ZNF385A,601,271,319
ZNF385A_CTGGCTCGAGTGGGAAGGGC,ZNF385A,1292,17,115
ZNF385B_GAGTGACAGCGCTGAGGACA,ZNF385B,604,93,41
ZNF385B_CTAGAATACTCGGGCTCCGC,ZNF385B,591,87,105
ZNF385B_TTCAGCACATTTCTAGCCGA,ZNF385B,1091,144,189
ZNF385B_CCCATTACGAGCTTCAACCA,ZNF385B,2567,1113,818
ZNF385B_GCTGCTTCACTCGTTTGCGG,ZNF385B,1280,408,257
ZNF385B_CAGGCTCAGGTGCATTCCAA,ZNF385B,743,295,174
ZNF385D_AGCAGTTCGAAGACTGAAGG,ZNF385D,51,139,202
ZNF385D_ACAGAAGACAGCACATCCAC,ZNF385D,985,283,286
ZNF385D_CTCGGAAACGCAACTTAAAC,ZNF385D,2651,916,1065
ZNF385D_TTAGAAGCCCGGAATGGAAG,ZNF385D,886,293,245
ZNF385D_AGGACATGAGCTATTGCCAG,ZNF385D,752,245,118
ZNF385D_GCTGGTGGACGGACAAGGGC,ZNF385D,274,143,98
ZNF391_TATGGTTGAACGGTCACCGA,ZNF391,1018,132,248
ZNF391_CGAGTGTAGAGTGTGTGGAA,ZNF391,2214,702,750
ZNF394_TGGCAGTACCCATGAGGACA,ZNF394,1619,511,575
ZNF394_AACTACAAGAAGCGTTCCAG,ZNF394,428,193,143
ZNF394_TTAGAAGAAGCGGAGCCACA,ZNF394,843,158,220
ZNF394_AGGCTTGAAGCTCCTCGGGC,ZNF394,415,36,76
ZNF394_GACCGGAAGAGGCGCTGAGC,ZNF394,191,409,97
ZNF394_ATTCCAGCTTGACCGCCCAG,ZNF394,901,56,46
ZNF395_ACTCACCGGAGAGAGAGAGC,ZNF395,912,75,21
ZNF395_CGGCCCAGAACATCCTGGCC,ZNF395,430,23,55
ZNF395_ACTACCAGCGGTCACTGGAG,ZNF395,350,141,0
ZNF395_AAGTTGGCCTCGGTCCCGGG,ZNF395,122,57,12
ZNF395_TGGAGACGGGCCTGTAGGCC,ZNF395,348,251,204
ZNF395_CACCTCGGGCCTTCAGCAGG,ZNF395,423,195,152
ZNF396_TGCATGTGACGAGTGTGCAA,ZNF396,2079,261,188
ZNF396_CTTAAGACCACATGGTGAGG,ZNF396,781,58,112
ZNF396_CTGCCTGAATTGCTGGCGGA,ZNF396,862,175,212
ZNF396_ATCCAGACTCTAGCCTCCAC,ZNF396,787,129,52
ZNF397_ACATAATCCAGAAAGCGGCG,ZNF397,1012,115,324
ZNF397_CCTGTTGGAGGATTTAGAGA,ZNF397,583,278,283
ZNF397_CCCTCTCTAAATCCTCCAAC,ZNF397,1268,537,733
ZNF397_CTAAGATCTCCTTCCCAAGG,ZNF397,1646,471,525
ZNF398_CCGCCGTGCAGGCTATAGAG,ZNF398,1550,805,1139
ZNF398_CCTCTCTATAGCCTGCACGG,ZNF398,830,167,316
ZNF398_TCCTCCCACAAATTAGAGCC,ZNF398,183,45,69
ZNF398_GGCACAACGAGGATCTAGCA,ZNF398,376,325,220
ZNF398_TAAGCACTTTACTCCACAGG,ZNF398,692,221,275
ZNF398_CACCTCCGTTCAGGCCACAA,ZNF398,1696,316,438
ZNF404_ATGCGTACCATCAGGAGACA,ZNF404,481,334,380
ZNF404_ACATCAACTCACCCGGGCCA,ZNF404,677,105,121
ZNF404_GCATTTCTGAAACCATGGCC,ZNF404,1110,41,6
ZNF407_GATTGTGGCTTCTTAGCAGA,ZNF407,257,83,92
ZNF407_AACCACATGAAACTCCACAC,ZNF407,1158,0,0
ZNF407_AAGCATCGCAGACAGCACAC,ZNF407,1186,0,26
ZNF407_CATTACCTGTAGTCACACCA,ZNF407,970,72,75
ZNF407_AAATGGTTCCGGAACTCCAC,ZNF407,353,0,23
ZNF407_GATCATCATGCAGGAGGCGC,ZNF407,432,40,418
ZNF408_GGAGGCTTTCTGACCCGGAA,ZNF408,636,51,54
ZNF408_CTGACCCGGAATGGAGGAGG,ZNF408,737,20,45
ZNF408_ATGTCTCGGGTCGGCTCGGG,ZNF408,535,46,66
ZNF408_AGAACCTGTCATTAGGCCCA,ZNF408,265,46,61
ZNF408_AGCCTCTCGCTGATCCGCAC,ZNF408,759,182,50
ZNF408_GGAGCCGCAAATGCCCACGC,ZNF408,1161,74,355
ZNF41_CGTTTGTCCTGAATGCGGGA,ZNF41,424,140,230
ZNF41_CACTTGGATGTACATCAACC,ZNF41,1146,579,697
ZNF41_GCCACGTCCCTCTGCAGCCA,ZNF41,409,84,61
ZNF410_GGCTTCAGTCACGGGAAGGA,ZNF410,672,379,171
ZNF410_TCCTCTTCTCTCCATGGAAC,ZNF410,1016,187,264
ZNF410_CGGGTGAATGTGGGTCCAGA,ZNF410,365,53,57
ZNF410_TCCTGAACCCGGAGGAACCA,ZNF410,1359,269,342
ZNF410_GGTAAGCAGTTTACTACAGC,ZNF410,328,42,0
ZNF410_CACATCCTTGGGCTTCACAA,ZNF410,1814,436,273
ZNF414_TGTCGCCGCTGCTGTCAGAG,ZNF414,999,735,1153
ZNF414_ATTCCTCGGCCTTACCCGCG,ZNF414,722,166,106
ZNF414_GGCTTAGGCCAAAGGGCGCA,ZNF414,748,112,113
ZNF414_GCGCAGGGTTCAAGTAGGGC,ZNF414,1272,428,218
ZNF414_CATCACAGATCACCTGGAGG,ZNF414,1107,168,198
ZNF414_CATAGTCTCCGGGACCAGCG,ZNF414,605,155,409
ZNF415_AGAGACCAACGCGATAGAAG,ZNF415,1425,585,337
ZNF415_GAACTAGCACCACAACAGGA,ZNF415,1317,469,334
ZNF415_ATTATCCTATGTGGGAGCAC,ZNF415,390,112,76
ZNF416_CAGCTGCAAAGAGTCCACCC,ZNF416,1058,704,738
ZNF416_TGCGGCTGAAGAATGCCCAA,ZNF416,272,145,224
ZNF416_GGCATGTGCGGTCTTTCACC,ZNF416,237,88,0
ZNF416_ACCTCAGGTCAGGACTCCAG,ZNF416,239,86,33
ZNF416_CGAAGTCGAATCCCTAAGCA,ZNF416,3444,891,972
ZNF416_CGCTCACAATCCGATGGCGG,ZNF416,1252,304,427
ZNF418_GAATGTCCGTCTGTCTGCCC,ZNF418,301,15,23
ZNF418_CCTTCAGTCTTACTGAACAC,ZNF418,743,481,384
ZNF418_TAGATGACTCCTCTGACACA,ZNF418,303,163,296
ZNF418_GGTACTGATTCTGGTGCGGA,ZNF418,33,38,41
ZNF419_CTTGCTTACAGACCATGAGG,ZNF419,971,98,194
ZNF419_CCTCTGATGTCTAACTAGGG,ZNF419,256,50,136
ZNF420_ACTCCAATTTACCCGAGCCA,ZNF420,953,226,234
ZNF420_CACTCCTTACACGACACCAG,ZNF420,1974,610,313
ZNF423_CATCTTTGCCGTGCACGGGC,ZNF423,103,126,325
ZNF423_ACCTTACCTGTGAAACACAC,ZNF423,1711,367,288
ZNF423_CAATCATGTGGTTGGCAACG,ZNF423,2399,1010,1139
ZNF423_ACTGCATCACAGGGTAGGCA,ZNF423,670,140,375
ZNF423_TGTTCCTGTCTTCCAGCGCA,ZNF423,588,349,242
ZNF423_GATTCCTCCGTGACAGCAGC,ZNF423,124,46,66
ZNF425_GCATGGCCTGACCTAGAGGC,ZNF425,569,96,37
ZNF425_CCGCACATCACACAAGAGAA,ZNF425,1976,747,1134
ZNF425_CTTTCTGCTCCAGATGACGA,ZNF425,1237,115,15
ZNF425_CCAAGCCAGATTTGATCACA,ZNF425,848,319,622
ZNF425_CCGGCCCTTCTTACCGAAGC,ZNF425,466,356,327
ZNF425_TACCGAAGCCGGCTCGGCCA,ZNF425,979,167,323
ZNF426_AAGGCGTGAGGATGTAAGGA,ZNF426,804,96,198
ZNF426_ATGTGAATACTGAGGTAGGC,ZNF426,267,146,234
ZNF426_CCTGCTGAAGTATAGACCAC,ZNF426,797,178,192
ZNF426_CCAGTGGTCTATACTTCAGC,ZNF426,938,160,535
ZNF426_AAATGCGACTTGAAACCCAG,ZNF426,281,229,161
ZNF426_AAGAGCAACAGAGCTTACCA,ZNF426,1050,250,223
ZNF428_TGAGGATTCCTTCGACAACC,ZNF428,1163,1087,935
ZNF428_AATCCTCACATTCCGTACAG,ZNF428,1633,515,178
ZNF428_GAGGAGGAACCACCTCGGGC,ZNF428,58,0,0
ZNF428_GGTGAAGCAGCGCCTTGGCG,ZNF428,848,242,168
ZNF432_CAATCAGCCGACTCTTCAAG,ZNF432,1518,420,313
ZNF432_ATGTTACTGTGGAGTTCACC,ZNF432,431,73,39
ZNF432_CTTACAGGAATTGCTGACAC,ZNF432,1497,437,411
ZNF436_ACACTATCGAGTCCACACAG,ZNF436,1618,827,833
ZNF436_AACACTATCGAGTCCACACA,ZNF436,1570,302,134
ZNF436_AAACACTATCGAGTCCACAC,ZNF436,1179,250,263
ZNF436_CTCACCTAATCCAACACCAA,ZNF436,1775,633,744
ZNF436_TGTATCTCACCCGGGAAGAA,ZNF436,826,444,485
ZNF438_AAGAGGACCTCCTCCACCAC,ZNF438,842,282,279
ZNF438_AGTCAGGAACCAACAAGCCA,ZNF438,1157,240,530
ZNF438_GGGACCTTCCCAGGAAGCAA,ZNF438,331,70,31
ZNF438_TGCTGTGACACTTGTGGAAC,ZNF438,2546,912,1414
ZNF438_GGACACATTTGGGTTTGGGC,ZNF438,334,177,140
ZNF438_GAGCGTGATGGTGAATGACA,ZNF438,440,335,224
ZNF44_TCCCAAAGCTTTCCTCCAGA,ZNF44,549,207,326
ZNF44_TCATGAATTCGTGCTGAACC,ZNF44,1626,570,721
ZNF440_ATACGTGGTAGGACACACAA,ZNF440,1499,532,195
ZNF441_GGACGCCGGAAGCCGGGAAA,ZNF441,1087,245,146
ZNF443_CCTCTCATACTGCTTTCACA,ZNF443,121,14,20
ZNF444_GGTGCCTCAGGATGTGACGC,ZNF444,279,31,31
ZNF444_CGGGAAGGCCTTTCGGCGCA,ZNF444,884,295,430
ZNF444_TGCCACACTCGCAGCACGCG,ZNF444,1594,887,872
ZNF444_CTCCCGAGTGCGTCTTGCGG,ZNF444,902,66,137
ZNF444_CCGGGAGGCGGCTAACCCAA,ZNF444,105,13,50
ZNF445_TCTCCACAGCGGGAGCACCC,ZNF445,514,23,36
ZNF445_TCACCTGTAGGAGCAGCAAC,ZNF445,818,181,154
ZNF445_TGACCTTCTCCCAGGACGAG,ZNF445,2085,482,553
ZNF445_GAGACCAGGTAACACCAACC,ZNF445,51,268,263
ZNF445_CGTGCTTCTATTTCATAGGG,ZNF445,2225,182,347
ZNF445_GCCCTCGCTCCCTCGAAGAC,ZNF445,839,546,585
ZNF446_GGGTCCATGACGGGCAGGCA,ZNF446,809,247,457
ZNF446_TGCCTCCCGAGATCCAGGCC,ZNF446,420,33,238
ZNF446_GGAGCCCAATGTCGATGGAC,ZNF446,709,10,17
ZNF446_CTGTGCTGCAAGTGGAGGGC,ZNF446,529,2,147
ZNF446_GCTGGAGAAGTACGGCACAG,ZNF446,411,232,232
ZNF446_CCTCACACGGGTAACTCCGG,ZNF446,274,58,29
ZNF449_CTCTGGAGAAATCTTGAGGC,ZNF449,370,328,353
ZNF449_GCATGTCATGCATATCAACC,ZNF449,464,465,562
ZNF449_GGTATGTGTGCCGTTCCCAC,ZNF449,150,20,90
ZNF449_GAGAAACCCTTGCCTTACCA,ZNF449,1069,31,25
ZNF449_ACACCAACGACTTCATACAG,ZNF449,2136,567,591
ZNF449_AGCCGGCCTTATTATGCACC,ZNF449,454,252,434
ZNF45_CTACCTTCAAGCCCACCAGA,ZNF45,1891,294,446
ZNF45_GCACATCGTGGAGTCCACAC,ZNF45,428,295,209
ZNF45_GGGCATCAGTCCACACCAGA,ZNF45,338,79,249
ZNF451_CCTCAGGTGCCCTATACAAC,ZNF451,1763,169,600
ZNF451_TTCAGCTTCACAGCATGGAC,ZNF451,294,243,354
ZNF451_TCTAGCCCGCCATGTTGAAG,ZNF451,774,441,223
ZNF451_CAAGACTGTGTGTGGACCAG,ZNF451,1103,277,270
ZNF451_CAAGACACTGCGTTCCCACA,ZNF451,1235,159,536
ZNF451_CCGGCAAATAGTTCTCCGAG,ZNF451,2154,274,626
ZNF454_GCTCATCGGAGAAGAAAGAA,ZNF454,378,143,143
ZNF454_TACTGTTCACCCAGGAAGAG,ZNF454,1602,619,720
ZNF454_AAGGGAAGTGTGGATGCCAG,ZNF454,289,18,13
ZNF454_ACCAAGACAGAAGCCTCCAG,ZNF454,840,22,150
ZNF454_AGTGTGCTAGCCTGCTGGAG,ZNF454,816,258,520
ZNF454_GGAGATCAGTTTGCAGCGAG,ZNF454,1097,516,265
ZNF460_GATCCGCGGCATTCCCGGGA,ZNF460,977,74,91
ZNF460_GCAGTTGGACGTGACCCAGA,ZNF460,1028,249,499
ZNF460_CAATCATAGGGCTTCACACG,ZNF460,2320,619,550
ZNF460_TATCTCCATTGTGAGTCCGC,ZNF460,126,55,52
ZNF460_TCCACATTCGCTGCATGCGA,ZNF460,1717,604,455
ZNF461_GAAACCTTATCAATGCGGGA,ZNF461,241,227,190
ZNF461_GCAACATCAGGGACAAGAGG,ZNF461,1332,132,295
ZNF461_TGAGCAACATCAGGGACAAG,ZNF461,1428,471,744
ZNF461_TCCAATGAGGAGATTACGGC,ZNF461,445,200,383
ZNF462_TGCCAGTAATCAGACAGAGG,ZNF462,1400,469,341
ZNF462_CATCACCATTCATGGCCCAG,ZNF462,1383,504,263
ZNF462_CTTTCGGAGGTGATTGCAGA,ZNF462,882,195,304
ZNF462_TTGGAGGATGAAACCCGGCC,ZNF462,290,292,68
ZNF462_TCAAGTCCTCCTATAACAGC,ZNF462,1003,319,155
ZNF462_GAGTCTTCCACTTCTTCAGC,ZNF462,185,1,28
ZNF467_AGGAAACAGGTGTCCCGCGG,ZNF467,286,111,200
ZNF467_CCAGTGTCTGCACCGCAGCG,ZNF467,1172,863,806
ZNF467_CGACAAGCGCTTCAGCAAGA,ZNF467,1019,635,640
ZNF467_TGCCCACACAGAACAAGCCG,ZNF467,1311,824,399
ZNF467_TGCTCTCTCTTCCCTAGAAG,ZNF467,874,340,390
ZNF467_GGAAGGATCCCATAATGCCC,ZNF467,1,104,67
ZNF468_TGAAGACGTTGTCGTCAACA,ZNF468,1041,713,275
ZNF468_TTGAAGACGTTGTCGTCAAC,ZNF468,282,113,82
ZNF469_GCCAAGTTGCCAGCAGCCCG,ZNF469,324,140,238
ZNF469_CCATGTCCAGGTCCGAGGCA,ZNF469,1988,604,791
ZNF469_TCCCACCGGAGATGAGGCAC,ZNF469,1203,241,284
ZNF469_GGCTCTAGAGGCTGCTGAGC,ZNF469,326,35,200
ZNF469_TGCAGCGGAGACTGACCAGG,ZNF469,521,1,82
ZNF469_GCGGGATCCTCGTCCTCCCA,ZNF469,22,11,10
ZNF470_ATACTAACTCACCAGGGACA,ZNF470,115,180,91
ZNF470_TCCTCCACTTACCTGGGCAC,ZNF470,520,60,219
ZNF470_GAAGAGTAAGAGACCCACGA,ZNF470,144,291,356
ZNF470_GCAGAGTAAGGGATTTACGA,ZNF470,1293,266,217
ZNF470_TAGGACTTGGTGGTATGGGA,ZNF470,173,58,132
ZNF471_CTGTATAAACGCTTCTGAGC,ZNF471,9,88,109
ZNF471_ATCTCACTCGTCATCTCCCA,ZNF471,373,0,314
ZNF471_CTTCCACACTCACCTGAGAA,ZNF471,2277,754,957
ZNF473_GACCCTCAAGGATGTCGGCA,ZNF473,609,138,181
ZNF473_AAGAGGGCGACACAGCAGGC,ZNF473,859,204,141
ZNF473_GCAGAAGAGGGCGACACAGC,ZNF473,1977,193,281
ZNF473_GATCTGGAGCCTCTGGCAGG,ZNF473,196,0,86
ZNF473_AAGCCTGTATAGAGGACACC,ZNF473,59,141,183
ZNF473_TCTTCTGGTGCCGAGTAAGG,ZNF473,960,105,157
ZNF474_CAGTCTTCAGGCAACTAACG,ZNF474,2329,1150,1255
ZNF474_AACTTCTCTGGTGTACCAGG,ZNF474,224,125,130
ZNF474_CAAGACGCATTAGGTGAACC,ZNF474,1612,498,468
ZNF48_ATCTCCACCGCCCGGAGGAG,ZNF48,1326,65,135
ZNF48_TCTCCACCGCCCGGAGGAGA,ZNF48,701,141,154
ZNF48_GACTTATGGGTCCAGAGAGA,ZNF48,283,83,168
ZNF48_AGCGTGGTTCACCCAGGAGC,ZNF48,990,29,74
ZNF48_TACCCAGGGACCGAAGGCCC,ZNF48,1228,53,25
ZNF48_CAAGCACCAGCGTGGGCACC,ZNF48,415,122,370
ZNF480_ACTTCACTCTCACCAGACCA,ZNF480,1715,244,150
ZNF483_ACTCAGAAGTAGCTGGACCC,ZNF483,1434,298,57
ZNF483_TCTCCTTGCGGTTCAGAACA,ZNF483,703,479,535
ZNF483_GAGTGAGGCGCTATAGCCAA,ZNF483,1001,42,192
ZNF483_TTGGGAAGGCTTTCTCACAC,ZNF483,1154,135,211
ZNF484_AGCAATCCCATACTGGAGAA,ZNF484,1240,508,291
ZNF488_TTTCAGCCGATGGGCTCAAC,ZNF488,205,409,166
ZNF488_GCGACTTAGCGAACCTGAGC,ZNF488,1277,256,244
ZNF488_TTAGCGAACCTGAGCTGGGC,ZNF488,607,144,56
ZNF488_TAGCGAACCTGAGCTGGGCC,ZNF488,507,111,159
ZNF488_TTGCTCACTTCGTGCTCCGC,ZNF488,1523,382,470
ZNF490_CTGTAGATATTCCTCTGGCC,ZNF490,532,466,378
ZNF490_ATGCAGAACAGTGAACACCA,ZNF490,760,304,453
ZNF490_AGTCAAGGCCGCACAGGAAC,ZNF490,1042,186,201
ZNF490_TCGTCTAGTCAAGGCCGCAC,ZNF490,761,210,382
ZNF493_GAATCTTTAATGCCTGGCCC,ZNF493,15,51,162
ZNF493_GAATTTGCTTGTGCCCAGCG,ZNF493,974,310,210
ZNF496_ACGCAGTACCGGCACTGGAA,ZNF496,1846,489,862
ZNF496_AGGCACCACCGTCTGTGGGC,ZNF496,38,152,90
ZNF496_AGTCTGGGCAGGATCTAGAA,ZNF496,482,318,671
ZNF496_CTGTAGAAACCACTCACCGG,ZNF496,2328,340,309
ZNF496_ACCACCAAGCCAGCTCAGCG,ZNF496,2141,547,1576
ZNF497_GCACCACCGGCTTTCGCACA,ZNF497,832,277,327
ZNF497_CTTCGGCCGAAGCACCACGC,ZNF497,2090,496,733
ZNF497_GCTGCAGCAAGTAAGAGCCC,ZNF497,433,124,46
ZNF497_CCAGGAGCGAGCCTGCAGAC,ZNF497,936,362,653
ZNF497_GCAATGTGAAGACTGCCACG,ZNF497,932,377,332
ZNF500_GGAGGACGGCGGTGATGGCA,ZNF500,667,63,153
ZNF500_GCCCGTGAACTTGGAGGACG,ZNF500,379,1,145
ZNF500_TGGGACCAGGCCGAAAGGAA,ZNF500,779,144,353
ZNF500_CCGCTGTTGTGGCCAGAGAG,ZNF500,3867,2746,2208
ZNF500_AGCGGAAGCCCAGGAAACAC,ZNF500,897,108,306
ZNF500_TCGGGTACGCGAGCAGCAGC,ZNF500,447,109,48
ZNF502_AAACCCTGAGACGTGTAACA,ZNF502,2094,641,627
ZNF502_TCTCATATGCTGAGTGAGGC,ZNF502,523,33,126
ZNF503_CTACCACTGCGCTAGCCACC,ZNF503,558,64,107
ZNF503_AGAGGGAACACTGTCTGGCC,ZNF503,89,52,308
ZNF503_GGCTCCTTCTTATCCGAGCC,ZNF503,137,56,45
ZNF503_AAAGGCTTGGTGCTGCCGGC,ZNF503,190,40,11
ZNF503_GCTATTTCCAGAGAGCGCGC,ZNF503,423,0,85
ZNF503_AGAGCGCGCTGGTCCAGGCA,ZNF503,1719,162,401
ZNF507_TGTCATGGTCATTCACCACG,ZNF507,1911,611,549
ZNF507_GAATTTGTCCTTCTCCGGCC,ZNF507,314,1,0
ZNF507_CACTTGTGTAGTGACACAGG,ZNF507,469,133,94
ZNF507_AACGACGCGATTTCACAAAG,ZNF507,2609,467,755
ZNF507_CGCAGTACTCCATGCTAGGA,ZNF507,1106,951,847
ZNF507_GGATCATATGAAAGAGCACG,ZNF507,252,63,49
ZNF510_TCTGTGATGATCTCTGAGGG,ZNF510,658,132,233
ZNF510_GAGATGTCCTTTCTGACAGA,ZNF510,380,165,286
ZNF510_GAGAACCGTAAAGGATAACC,ZNF510,81,76,4
ZNF511_CGCAACGAAGCGAAAGGGCG,ZNF511,406,135,200
ZNF511_TCGAAGAACTGGTGCTCCCG,ZNF511,1461,1,135
ZNF511_CCAGGACGTGATCATGCAGG,ZNF511,2519,148,132
ZNF511_AGGGAAGGCCCGCTTGCAAA,ZNF511,988,513,665
ZNF511_CAAGACCAGCAGAGACCGGA,ZNF511,780,27,7
ZNF511_ACCGAACACATGTTGAGAAC,ZNF511,2078,143,144
ZNF512_TCAAACCAAGAAACTCACGG,ZNF512,662,518,384
ZNF512_TTAAGCAGCAGAGGAGCACG,ZNF512,1267,312,188
ZNF512_TCGACATGAGAAGTAGCAGC,ZNF512,1065,60,9
ZNF512_CCTTCCGAATACGACGGGCC,ZNF512,1575,169,255
ZNF512_AACAACTTCGTTCACTGGCA,ZNF512,801,259,186
ZNF512_CCGAACAGTTCTAAAGAGAC,ZNF512,2292,547,621
ZNF512B_CACCGCTCCAAGAAGCAGGA,ZNF512B,1251,707,767
ZNF512B_CTGCTTGGGTGGAATTGGGC,ZNF512B,1485,157,185
ZNF512B_GCAGGCCGGTCACCATCAGC,ZNF512B,17,38,2
ZNF512B_ACCATTACCAGCGGTGCCAA,ZNF512B,359,59,201
ZNF512B_CAGGAATGTCTCGGAGGGCC,ZNF512B,103,216,204
ZNF512B_CGACGGCCTCCAACGCAGAA,ZNF512B,1270,553,539
ZNF513_GCCCGTGGTATAGGCGCAGG,ZNF513,914,363,658
ZNF513_CGGAAGCCACAGGTCGGGCA,ZNF513,1467,478,452
ZNF513_TTCGAGAGAGACTCGGAAGG,ZNF513,542,79,50
ZNF513_CTCTCTCGAAGCCCATGAGC,ZNF513,1527,50,76
ZNF513_CGCAGCCCGTGAAATGCGAG,ZNF513,1347,325,264
ZNF513_CCGCAGCCCGTGAAATGCGA,ZNF513,1471,505,405
ZNF514_TAACTGGCCATCACAACCGC,ZNF514,1039,65,159
ZNF514_ATCTGCCAGTTGGAGGAAGG,ZNF514,287,147,143
ZNF514_GATCTGCCAGTTGGAGGAAG,ZNF514,383,76,87
ZNF516_ACAGTGGTGTTTGAGTCCGA,ZNF516,627,153,186
ZNF516_GCAGACGAACTCTCCTGGCC,ZNF516,791,153,117
ZNF516_GACTTTGCGACCCTCTACCA,ZNF516,849,210,205
ZNF516_CCTTCGCCCTTTGCAGGAGG,ZNF516,1251,245,264
ZNF516_TGCGCTTCTCCTGGCTCACC,ZNF516,146,186,117
ZNF516_TGCGAAAGCGAGCTCTGGAA,ZNF516,1984,763,505
ZNF517_GAGGGACCCTGGAATGGCGA,ZNF517,236,25,21
ZNF517_GCAGAGTATGTGGTTGCAGG,ZNF517,1202,221,253
ZNF517_CTTTGTACTCACCTGTGCAC,ZNF517,983,247,34
ZNF517_GGATCAGCTGGTGCCGCAGC,ZNF517,292,29,13
ZNF517_GAGGTTGGACTTGCGACCGA,ZNF517,613,107,200
ZNF518B_ATGACTGGCTGGTTCCGACG,ZNF518B,2081,699,918
ZNF518B_CAAAGATGACGGCTTCCCAC,ZNF518B,1610,287,528
ZNF518B_GAAGATAGATCTCAACAGCC,ZNF518B,0,162,152
ZNF518B_GACTTCATTTGGCTCAGACA,ZNF518B,867,312,337
ZNF518B_TTTGCAGAAGGGTACAGGGA,ZNF518B,1620,404,680
ZNF521_TGATAGAGCACAGCTTCGAA,ZNF521,623,239,402
ZNF521_TGTGCTCTATCAGGTGGCAC,ZNF521,413,365,304
ZNF521_AGTAGTGTTGGCATGAGCGC,ZNF521,684,186,179
ZNF521_TGTGCCCTATTTGCGGAGAG,ZNF521,2232,572,789
ZNF521_ATAGGTGCACATCTTGCAAC,ZNF521,1189,456,389
ZNF521_CGCTCAGCGATTCAAACACC,ZNF521,2312,604,476
ZNF524_TCTTGCCGCAAACCTTGCAC,ZNF524,195,133,121
ZNF524_TGTTGCAGTGCCGCCGCAGG,ZNF524,447,375,403
ZNF524_TGGCCTCTGTAAAGCGCAGC,ZNF524,0,0,27
ZNF524_GCTTGCGCTTCGCATGGCGC,ZNF524,87,16,22
ZNF524_CCATGCGAAGCGCAAGCACC,ZNF524,122,104,191
ZNF524_TGCGAAGCGCAAGCACCCGG,ZNF524,1034,86,173
ZNF526_AGCTGAAACTGCGCTGACAC,ZNF526,739,333,367
ZNF526_GCACTTGCGGCTGCATCGCG,ZNF526,1435,232,528
ZNF526_CGCGGCCACAGTCTACACAG,ZNF526,2004,736,713
ZNF526_CAGCGGTGACGCCGTTCAGG,ZNF526,254,151,271
ZNF526_CTGGCCGCAAGTGCAACCGC,ZNF526,768,90,182
ZNF527_GAGCATGCTTACCTGGGACA,ZNF527,716,148,163
ZNF527_TCAACCAGATGTCGTCAGGA,ZNF527,1351,1047,921
ZNF527_TCGTCAGGATGGTAGTGAGG,ZNF527,890,446,321
ZNF527_GCTCCAGTTTCAGAGAAGCC,ZNF527,494,184,190
ZNF528_TAACTGATGGGTTATGAGGC,ZNF528,499,137,185
ZNF528_ACTGAAGACCTTACTGCACA,ZNF528,277,74,51
ZNF528_GACTGAAGACCTTACTGCAC,ZNF528,307,126,104
ZNF530_ACAGAAACGCTCTCTGCAGA,ZNF530,0,0,12
ZNF530_TTTGAGAGGCTTTCGTCCAG,ZNF530,703,147,265
ZNF530_AAAGAGCTGACTCTGGAGAA,ZNF530,818,288,238
ZNF530_GAGCTCTTCTGTGTCGAAAG,ZNF530,688,190,405
ZNF532_CGGAACATTGACTCTTCCGA,ZNF532,1036,25,46
ZNF532_AACATTGACTCTTCCGAGGG,ZNF532,620,155,191
ZNF532_AGAAACCAGGACTTACGAGC,ZNF532,706,123,196
ZNF534_CCAAGCGAAGCAGAAACGGA,ZNF534,970,162,299
ZNF534_ATCGCCAAGCGAAGCAGAAA,ZNF534,254,330,225
ZNF534_TCTGCTCAGGCGGCCAACGC,ZNF534,1284,289,584
ZNF536_TAACCACAGCGTTCCCGACG,ZNF536,1161,228,518
ZNF536_CGAGGAGGATGGGCTGCACG,ZNF536,3138,850,1022
ZNF536_GCAGACATTGGCGAGGAGGC,ZNF536,11,167,620
ZNF536_CAGCGCTGGTTGCTGGACGC,ZNF536,677,721,830
ZNF536_CTCTTCCGATCTCAGAGAAG,ZNF536,1709,327,427
ZNF536_GCACAGTTACCGAGGAGCCC,ZNF536,870,130,298
ZNF540_ACATCCCTCGCCACCACGCA,ZNF540,759,414,453
ZNF540_TGCATGTAAGGTGTGTGAGA,ZNF540,1129,263,238
ZNF540_GGGAAGTCCTTTAGTCGGCG,ZNF540,810,248,335
ZNF541_AGGCCGACAAGCACCCACCA,ZNF541,2745,579,526
ZNF541_CCACAGACTGGACGAAGCCC,ZNF541,748,127,522
ZNF541_CATTCTCTTCCTTCACCGGA,ZNF541,666,187,387
ZNF541_GCCCTGCTCGATGCACACGA,ZNF541,822,511,507
ZNF541_CAGCAAGGCCTTTAAGCGCC,ZNF541,73,82,128
ZNF541_ACTGCAGCGACACCCTCAAC,ZNF541,1684,37,187
ZNF543_CTACCAGTTGGATCACAGAC,ZNF543,1342,325,548
ZNF543_ACCGCCGGTCATACCTCACG,ZNF543,1269,547,486
ZNF543_GCCACGTGAGGTATGACCGG,ZNF543,1057,120,534
ZNF544_ACTGTACCGAGAGGTGACAC,ZNF544,778,400,166
ZNF544_AGGTCTGCTCTTACCTCGGG,ZNF544,0,28,44
ZNF544_TGTTATGTGAAGTCCCAGAC,ZNF544,1480,301,332
ZNF544_AGCGTTCCTCACATCTGAAG,ZNF544,1836,703,625
ZNF544_TCTTCACTCACCTGAGCAAG,ZNF544,1793,478,256
ZNF544_CGACTCCTGAGGGCTCAAGC,ZNF544,1262,465,857
ZNF546_TTGGAGGCCCGTGAAGAGGA,ZNF546,631,332,514
ZNF546_TTTGGAGGCCCGTGAAGAGG,ZNF546,1128,234,69
ZNF546_GCACAGAATCCAGAGAAACC,ZNF546,1447,375,198
ZNF546_CCCTGGATAGTAATGAGGGA,ZNF546,549,236,238
ZNF546_CCTGGATAGTAATGAGGGAA,ZNF546,1572,260,328
ZNF546_GAGACAAGAGAGACATCAGA,ZNF546,39,61,266
ZNF547_GGATTGTCTGGTGACGAACA,ZNF547,763,263,320
ZNF548_GATGGATATGTCACACAGAC,ZNF548,510,252,58
ZNF548_GATGTCTGTGGAGCCACCAA,ZNF548,261,77,29
ZNF548_TGTCCAGAACGGTGCAGACC,ZNF548,704,100,90
ZNF548_CCGTGTGGTCTTTGAGGACG,ZNF548,1472,687,439
ZNF548_GAATTCCATTGTGCTCAACC,ZNF548,687,49,113
ZNF548_TCCACTCGCTTTGAGGGCCC,ZNF548,1,59,23
ZNF549_CACTAGCGCTGCCTCGGCCA,ZNF549,468,30,60
ZNF549_CAGAAAGAGTCTGCTCAGAA,ZNF549,1827,902,1227
ZNF549_GAGCAGACTCTTTCTGCGCA,ZNF549,303,93,79
ZNF549_CCTTATACGTCTGTGGCCAG,ZNF549,1097,582,456
ZNF549_TTGCTCTGGCTCAATCCAGC,ZNF549,656,151,134
ZNF550_GGACCCTTTGGTGCTGCAGA,ZNF550,328,12,197
ZNF550_GGCACTACCTCATCCACACC,ZNF550,234,0,40
ZNF550_CCCGCCAGTCTTATCTGAGC,ZNF550,713,307,244
ZNF550_TAGTGAAACCAGAAGCCCAC,ZNF550,119,98,61
ZNF550_GGAGACGAAGGACGCAGCGC,ZNF550,44,1,74
ZNF550_CGGTCGGATGGCGGAGACGA,ZNF550,1056,328,444
ZNF551_TTGAGCTCCGTGGACTAGGC,ZNF551,917,83,241
ZNF551_CAACACATGGAATCTGCAGC,ZNF551,360,184,258
ZNF551_CAACACGAAGCCACTCCCAG,ZNF551,1095,380,86
ZNF551_CGACACCGCAGCATTCACAC,ZNF551,3072,1511,1443
ZNF552_ACGGCTCTGCAACCCGGACC,ZNF552,1042,95,201
ZNF552_CACAAGTCCTAAAGCAGCGA,ZNF552,1165,88,270
ZNF552_TAGGAGGTGACCGGAGAGCA,ZNF552,442,243,239
ZNF552_AGGTGACCGGAGAGCACGGA,ZNF552,536,59,71
ZNF552_GCGCCACAATTACCTGAACG,ZNF552,1869,940,1278
ZNF554_CATCTCACCTGGGACCAGCG,ZNF554,1194,195,262
ZNF554_AGTGATGCTTGCCTTACCCA,ZNF554,385,267,123
ZNF554_TAGTGATGCTTGCCTTACCC,ZNF554,868,127,107
ZNF554_CTAGTCTTTCCTCATGGACG,ZNF554,2476,362,592
ZNF554_TGCCTGATTCTCACCTGAAC,ZNF554,2150,882,974
ZNF554_TCTCAGATGGCGCGTGAGGG,ZNF554,1640,618,565
ZNF555_ATGCATGTGAGAACCCACAA,ZNF555,854,244,194
ZNF555_CCTTACATGCCGATTGAGGG,ZNF555,1233,209,386
ZNF555_GACTGAATGCTTTCCCGCAC,ZNF555,1128,254,279
ZNF556_CATGCGTCTGTAGGTAGGAA,ZNF556,610,359,390
ZNF556_TCATGCGTCTGTAGGTAGGA,ZNF556,1300,186,211
ZNF556_CATCATCACATGTGCGCGAA,ZNF556,3573,1458,1477
ZNF556_GCACATGTGATGATGCACGC,ZNF556,1586,802,382
ZNF556_GACACGTGAGAATTCACAAC,ZNF556,478,194,219
ZNF557_CGAGAAGGACACACAGAGGG,ZNF557,2693,601,524
ZNF557_GCACTCAGTCAATCTTCACA,ZNF557,447,138,76
ZNF557_GCACAAGAGAGTTCATACGG,ZNF557,1273,132,127
ZNF557_GCATTCTCGTATGCACAGAA,ZNF557,1042,217,657
ZNF558_GCTATTGTGCCCAGTGAGAG,ZNF558,876,326,348
ZNF558_TTCCAACTGGGATATCAGAC,ZNF558,763,405,786
ZNF559_AACTTACCTCAGACGCCAAC,ZNF559,654,98,126
ZNF559_AAACTTACCTCAGACGCCAA,ZNF559,320,82,142
ZNF560_ACGAGCTGAGAAAGAAGCAA,ZNF560,637,218,290
ZNF560_ACGTCCTGAGGATGTACGGA,ZNF560,884,254,59
ZNF560_TCGCATGTGAATACGAAGAC,ZNF560,711,123,250
ZNF560_CTCATGTTGGTCTTAAGGCA,ZNF560,1915,762,605
ZNF560_TACAGCTGTGGACTTCACCC,ZNF560,1159,128,442
ZNF562_TCAGCCTTTGATATGTCCCA,ZNF562,799,20,242
ZNF563_TCGCGTGGAAGGCCTCACAC,ZNF563,517,542,713
ZNF563_CATCACTCCTTTCAGTCGCG,ZNF563,98,155,60
ZNF563_TCACACTCAGCGCTTTGACA,ZNF563,1034,466,372
ZNF565_CTCACACTGTACGTCAGAGC,ZNF565,249,248,234
ZNF565_AGACGTGTGATGCTGGAACA,ZNF565,1941,757,566
ZNF565_CCTCGCTTACCTGGGCACCA,ZNF565,846,114,187
ZNF565_ATTTCAACATACCTGGGCCA,ZNF565,204,39,229
ZNF565_GCAAGTCACCGCCTGGACGC,ZNF565,1991,504,203
ZNF565_GCCACCACCTAAATGCGCCG,ZNF565,442,8,66
ZNF566_GAAAGAACTCGGCTCTCAGG,ZNF566,0,63,31
ZNF566_GCTGACAGAGAGCTAACAAG,ZNF566,838,260,256
ZNF566_AGCTCTCTGTCAGCCAACCA,ZNF566,590,465,484
ZNF566_ACAGTATCTCACCTGAGCCA,ZNF566,321,201,394
ZNF567_CCATCGCCTTACCTGAGCCA,ZNF567,2356,613,281
ZNF567_GAGGGTTGCTTTCTGGCGAA,ZNF567,682,347,449
ZNF568_ATCCTCTTCTTCCTCGGAAA,ZNF568,725,461,395
ZNF568_TATCCTCTTCTTCCTCGGAA,ZNF568,585,255,337
ZNF568_GCCCTGGATGGTTAAGAGGA,ZNF568,568,10,61
ZNF57_GCCTGCTTACATTCCTCACC,ZNF57,890,176,149
ZNF57_ACGTGGTGGGAGAGGTAACG,ZNF57,2805,437,1044
ZNF57_CAAATGCGAGCAGTGTCGGA,ZNF57,860,140,32
ZNF57_GATCCTCATGTGGACTCGCA,ZNF57,147,79,124
ZNF570_TCGCACCGGAGTCACACAGA,ZNF570,1651,546,427
ZNF571_GAGATCAGAAGTACGACCAA,ZNF571,557,30,80
ZNF571_GAAAGAAACAGCAACTCACG,ZNF571,974,90,140
ZNF572_CTCATTTGCGTACTCACCAG,ZNF572,1426,474,574
ZNF572_CCACCCTGGTGATTCACCAA,ZNF572,1178,699,796
ZNF572_GCTTTAACCTTATCAGGCAC,ZNF572,408,264,131
ZNF572_GCTGAAGCATTTCTCACAGC,ZNF572,214,593,696
ZNF573_CTCTCTGATGTACAGTAAGC,ZNF573,861,189,448
ZNF574_GAGACATGCCGAGAGCAACC,ZNF574,87,132,111
ZNF574_CCAGTCTGGGACCAGGACGG,ZNF574,2509,102,155
ZNF574_CCTCCGTCCTGGTCCCAGAC,ZNF574,826,151,132
ZNF574_TGGTGCTCCAGGAAATCCGC,ZNF574,481,0,0
ZNF574_GGGAAGACACGACTGCACAG,ZNF574,1016,32,59
ZNF574_AGGGAAGACACGACTGCACA,ZNF574,171,7,1
ZNF575_CAGGACTGGGTCGATCAGAA,ZNF575,1359,637,592
ZNF575_GGGTGACAGAGAGTCCCGGG,ZNF575,76,13,0
ZNF575_CTCCAGCATCTTGCTGGCAC,ZNF575,165,177,154
ZNF575_AAGGAACCAGTGACCAAAGA,ZNF575,449,99,205
ZNF575_GGTGCGTGGCCAGCTTGGAC,ZNF575,302,55,20
ZNF575_ATCGGTGCCAGGCAGTCGCC,ZNF575,76,151,29
ZNF576_TCCAGGAGCGTCACATGAAG,ZNF576,2233,169,380
ZNF576_CATGAAGCGGGAGCACCCAG,ZNF576,478,330,414
ZNF576_TTCTGGGCCACGAAGTCCGC,ZNF576,1277,169,170
ZNF576_TGGGCAGTAGTGGTTGCAAC,ZNF576,3663,761,947
ZNF576_ACACTACATTCGGCATGCCC,ZNF576,796,264,212
ZNF576_CTACATTCGGCATGCCCGGG,ZNF576,1317,222,429
ZNF577_CAGGAGAAGGACCCTACAGA,ZNF577,1664,205,224
ZNF577_GAGGTATGACTCCTTGAGGA,ZNF577,357,178,145
ZNF577_AGCCATAAATTCACTGACGG,ZNF577,1064,524,248
ZNF577_ATCGCTGATGTCTATTGAGC,ZNF577,533,42,73
ZNF577_TGTACAAGACCTTCTGAGAC,ZNF577,2538,1063,619
ZNF579_GGCTGTAGGCGCGCGAGAAG,ZNF579,1797,434,616
ZNF579_GGCGGGCAAGAAGGACGACA,ZNF579,6,200,71
ZNF579_GGTCGGTGGAGTGGACCAGC,ZNF579,274,121,62
ZNF579_CGCGAAGCCTTCGCCACCAA,ZNF579,2644,1113,1841
ZNF579_AGGAGACGGCCGAACCCAGC,ZNF579,771,75,113
ZNF579_CGAGCTGGCCATCGAGAGGG,ZNF579,942,162,324
ZNF580_CCTCCGGAGAGGAGGACCGA,ZNF580,389,109,207
ZNF580_CATTGGCGTCGATGAGGAGG,ZNF580,951,156,225
ZNF580_CTACACATACACGGTGCAGC,ZNF580,828,113,318
ZNF580_ATACACGGTGCAGCTGGAGG,ZNF580,741,50,185
ZNF580_TGAGGTCCGAGTGCGACACG,ZNF580,1668,615,391
ZNF581_AGCGCGCCAGCCACTTGGCA,ZNF581,578,378,371
ZNF581_TGGAATGGTGCCGTGCCAAG,ZNF581,530,696,309
ZNF581_ACGGCACCATTCCATTCACC,ZNF581,11,136,108
ZNF581_CATTCCATTCACCTGGCGGG,ZNF581,616,0,4
ZNF581_CGGTGGAAGCATCCATGAGC,ZNF581,1781,217,122
ZNF582_ATGTGGTAGGGCCTTCAAAC,ZNF582,1273,492,476
ZNF582_TTCCCTGTTGTCTGTCAAAC,ZNF582,1962,939,1174
ZNF582_GGAGTCCAGATATGATACCA,ZNF582,845,239,201
ZNF582_TACCTCACTCACCTGGACAC,ZNF582,425,228,104
ZNF583_CCCTGGATGGTGAAGAAGGA,ZNF583,2020,235,527
ZNF583_GGACTGGTATAAGAACCAGC,ZNF583,47,0,27
ZNF583_GAACCAGCTGGGAAGTCAAG,ZNF583,316,115,86
ZNF583_ATCTTGGCAAACATTCCACC,ZNF583,385,312,154
ZNF584_GCTCCTTAATGTGACCCAGA,ZNF584,242,9,40
ZNF584_CCTCCAGCTGGGTAAACACA,ZNF584,476,159,228
ZNF584_TCCTCCAGCTGGGTAAACAC,ZNF584,818,388,298
ZNF584_GCTCTGCACAGATACAGAGA,ZNF584,317,126,158
ZNF584_TTTCTTGTGCTGAAGGAGGG,ZNF584,422,32,16
ZNF584_CGTCAGGAGGACAGGGCACA,ZNF584,2244,877,922
ZNF586_CCAGAAGAGATCACAAACAC,ZNF586,2661,1187,1690
ZNF586_AAACACAGGAATGTTCGCAC,ZNF586,1116,207,89
ZNF586_ATCCCTGTTTCAGACACCCG,ZNF586,1605,333,590
ZNF587B_GCGCTGATGGTAACTAAGGC,ZNF587B,1927,588,704
ZNF589_AGCCCAGTAGCTGCTCCCGC,ZNF589,1042,151,219
ZNF589_CAGCCCAGTAGCTGCTCCCG,ZNF589,642,83,158
ZNF589_GAATCCTTGGCAGGCAGAGC,ZNF589,1132,546,743
ZNF589_TGAAGCAGAAGATCAACGAG,ZNF589,1096,429,419
ZNF589_GAAGATCAACGAGTGGAAGG,ZNF589,211,1058,267
ZNF589_TCAGAGCTTGCATTCTGGGC,ZNF589,1220,347,187
ZNF592_AGTACCCACTGGCCGGCACG,ZNF592,212,277,249
ZNF592_ACTTGTGTGCATGAATCCGC,ZNF592,448,91,76
ZNF592_TCAGGTGGACGACACCACAG,ZNF592,1082,621,579
ZNF592_GGCTTCTGCACGAACAAGAG,ZNF592,605,524,333
ZNF592_AGTGTTCCTCAGCCGCGGCC,ZNF592,763,125,125
ZNF592_TGTTGCGGATGTGTTTGCGC,ZNF592,1780,356,481
ZNF593_ACCGAGCGCACTCTCTAGCC,ZNF593,827,219,432
ZNF593_ACTCGGCGTTTGGGTCGGGC,ZNF593,1,0,15
ZNF593_CTCACGCGCAGGCCAGACAG,ZNF593,901,93,98
ZNF593_CTCACTTCCATTCCTACAGG,ZNF593,918,310,355
ZNF593_TGTGGTCTTTGGATCGGAAG,ZNF593,999,326,155
ZNF594_CTGATACCGCTCTCTTGGGA,ZNF594,589,11,85
ZNF594_TGATACCGCTCTCTTGGGAA,ZNF594,1398,528,357
ZNF596_CCAGAGATCTCATACTCAAG,ZNF596,1332,564,276
ZNF597_TGGCTCTTCTCGGAAAGGGC,ZNF597,798,180,99
ZNF597_ATTCTTGATTCTCCCTGGGA,ZNF597,161,21,0
ZNF597_TTGCTGAGGGACCTCTGGGC,ZNF597,281,21,183
ZNF598_TGGTGGCGAAGACTACGAGG,ZNF598,329,63,125
ZNF598_CGACCTCAAGGCCCACAGGA,ZNF598,1314,278,467
ZNF598_TCGTCACAGAACTTGCAGAG,ZNF598,2845,727,1005
ZNF598_TGCTGCAGCACGAGTGCCCG,ZNF598,891,308,285
ZNF598_AGCAGCGGTAGCACACCGGG,ZNF598,206,85,80
ZNF598_CGTGCTGTGCTGCGGAGACC,ZNF598,1223,276,309
ZNF599_CCTCTTATGTCGGATGAAAG,ZNF599,1234,227,293
ZNF599_CAGCACAATGTGACCCACAC,ZNF599,1768,670,714
ZNF599_GACATCAGCCATATAACGAC,ZNF599,176,92,119
ZNF599_CTATCTACTGGAACATGGAC,ZNF599,650,309,162
ZNF599_GGTTGTGACCTTCACTGGAG,ZNF599,2621,199,340
ZNF600_CTACGATGGTGAACAAGGGA,ZNF600,1140,463,471
ZNF605_AGTGTGGGACCACCTTCAAC,ZNF605,372,179,242
ZNF605_AATCCAGCAACGAAGAGCCA,ZNF605,1279,227,100
ZNF605_CGATCCCATAAATGTGGCAC,ZNF605,3268,1007,443
ZNF606_GAGTACAGCTATGAGGCAGA,ZNF606,106,112,132
ZNF606_CAGCCCAGGTTCAGGTGAGA,ZNF606,1620,1392,714
ZNF606_CTGTAGTGCTCTGCCACAGC,ZNF606,1081,256,139
ZNF606_TGGCAGAGCACTACAGCCAG,ZNF606,1147,412,498
ZNF606_GGATGGCAGCCATCAACCCG,ZNF606,185,8,34
ZNF607_GAGGCTTGTGGCATGACGAA,ZNF607,446,60,76
ZNF607_AAGTCCTTTAGGCTCAAAGC,ZNF607,561,114,146
ZNF607_GGAGTGGGAATATCTCAGCC,ZNF607,301,144,304
ZNF608_TTTCGTGTTGACGCTAGGGC,ZNF608,281,261,205
ZNF608_AAACAGCCCGGTATGCAGGA,ZNF608,401,423,446
ZNF608_GGAAACTAGAGGACTCCAAG,ZNF608,747,109,143
ZNF608_TCCTAGTGGTCAATGTCACG,ZNF608,1588,519,469
ZNF608_GCGCTGGCACTGTAAACAGG,ZNF608,950,220,253
ZNF608_AACTGGCATGAATTCAGCGC,ZNF608,1335,256,229
ZNF609_TTCCCTTGAGGACCTGGCAC,ZNF609,102,55,93
ZNF609_ACGCTAGTTCCAGGTTCACA,ZNF609,1047,305,83
ZNF609_TTTGCTATTGGCTCCTGCCC,ZNF609,102,0,33
ZNF609_AAGGCGAGACTCCTCTGACG,ZNF609,1697,261,254
ZNF609_CTACAAGAGCAAGTCTCCCA,ZNF609,804,44,57
ZNF609_TACAACTTACCCTATGCAGC,ZNF609,257,165,166
ZNF610_TGCAGCTGTTTCAAGCCGGA,ZNF610,1076,595,436
ZNF610_TTCACTGCGTACCTTACAGA,ZNF610,1374,333,456
ZNF613_TGGATGCAGCCTGTGTGGGA,ZNF613,905,869,482
ZNF613_GAGTACGTCGATGAATAAGG,ZNF613,370,321,121
ZNF613_AAGCTATGACTCTCTGAGCA,ZNF613,645,424,795
ZNF613_GAGACTGAACTTCTGGCAAC,ZNF613,902,208,234
ZNF614_TGGCACATGGACAAGAACCA,ZNF614,1226,431,365
ZNF615_TTCGCTGATGCACAATAAGG,ZNF615,1612,538,744
ZNF616_CACAAGGTAGTCCATACAAG,ZNF616,4171,635,564
ZNF618_GCTGACGGAGCCAGTGCAGC,ZNF618,559,101,57
ZNF618_GCCTCGCTGAGTGCCGAGCA,ZNF618,254,26,189
ZNF618_GAAGCCGGTATTCAGGGACC,ZNF618,58,76,94
ZNF618_CCCGTGTCTGGATCATCCGG,ZNF618,421,194,118
ZNF618_TGCTGTTCGTCTCTTCAAAG,ZNF618,2814,1367,1333
ZNF618_GGGACTGCATGTGCTCCAAC,ZNF618,921,338,396
ZNF619_GAACCACACTGTCTGGAGCA,ZNF619,1172,128,163
ZNF619_TTCTTGTGCAGGGCTTGGGC,ZNF619,440,188,276
ZNF619_AATGGAGACCCAACTGCAGG,ZNF619,55,0,70
ZNF619_ACCAGATCTGATATTCCAGC,ZNF619,433,48,212
ZNF619_AGCACCCTGACTTCAAGGAC,ZNF619,1557,573,497
ZNF619_TCTCTGATGCACTATGAAGC,ZNF619,968,243,252
ZNF620_GCGCCAAGCGGTCTGGAACA,ZNF620,1668,473,495
ZNF620_CTCACTCACCTGGCGCCAAG,ZNF620,1970,739,495
ZNF620_TCCCTGGGAACCTATGGGCA,ZNF620,1987,193,495
ZNF620_ATTTCACAGATACCTCAGCC,ZNF620,250,86,182
ZNF621_CAGCCTCGACCCTGCGCAGA,ZNF621,442,371,153
ZNF621_TGATCTCCCACCTGGAGAGA,ZNF621,1096,289,368
ZNF621_GATCTCCCACCTGGAGAGAG,ZNF621,338,18,93
ZNF621_CCAAATCTGATACTTCGAGG,ZNF621,2025,105,235
ZNF621_GCAGCATCAGAGATTACACA,ZNF621,796,324,279
ZNF622_CTGCCTTCCAATCATAGGAG,ZNF622,1101,386,301
ZNF622_CTGCTGAAGTACTCGGCCCA,ZNF622,1816,148,385
ZNF622_CACTGTAAGCTCTTCACAGA,ZNF622,1613,46,11
ZNF622_CGTGATAGGGATGGCACCAA,ZNF622,1632,133,168
ZNF622_GGTCTCGGTCGTGGGTCCCA,ZNF622,83,4,36
ZNF622_TCTCCAGCTCAACGTGACGC,ZNF622,906,3,48
ZNF623_AAATCCAGAAGGTCAGAGCC,ZNF623,557,275,276
ZNF623_TCAGAGAGAGCTCATAGAGG,ZNF623,1435,162,222
ZNF623_TGAGAGGTCTGTAGATAAGG,ZNF623,695,324,476
ZNF624_AGCTTACCGTGCACCAACGA,ZNF624,2873,621,848
ZNF624_GCTGATTAAGACGGGCACAC,ZNF624,361,155,344
ZNF624_AAGACTCCCACTAGTCAAAG,ZNF624,891,179,149
ZNF624_GGTTGATGGACCCTACACAG,ZNF624,1487,418,552
ZNF625_AGTGCGGGTCACGGTGCAGG,ZNF625,714,132,192
ZNF625_ACCAGATTTCCTACTCCGAG,ZNF625,982,396,334
ZNF625_AACGCTCGAGGCACATCCAA,ZNF625,568,173,65
ZNF625_GCCTCGCACCTTCGAACACA,ZNF625,553,173,235
ZNF627_AACTCAAGGCTCGTCCACAC,ZNF627,1419,465,514
ZNF627_CTCGTGACTTCGAACAGAAC,ZNF627,3077,840,1164
ZNF628_CCACATTCGTACTGGGCCGC,ZNF628,1301,219,394
ZNF628_GCCTCGCTGGTGGTAGAGCA,ZNF628,854,340,677
ZNF628_GGACTTGCCGCAGGGCAGAC,ZNF628,689,301,266
ZNF628_CGGCAAGTCCTTCCGGACGG,ZNF628,1821,722,919
ZNF628_AGAGCGTGCTGGTGCTGAGC,ZNF628,160,184,198
ZNF629_AGGGCTTCCCACTTAAGAAG,ZNF629,1268,72,139
ZNF629_GGTAGGAATTCCCTCTGAAA,ZNF629,54,11,52
ZNF629_TTGTGCGGCTTGGCTCCCGG,ZNF629,947,100,21
ZNF629_GCACCGGGTGATCCATGAGA,ZNF629,751,59,17
ZNF629_CAGGCCTTGGTCCAGTCAGA,ZNF629,425,203,86
ZNF630_TTGTCAAGGTGGATCTACCC,ZNF630,610,380,398
ZNF630_TGCCCTTACCCACGGAGACC,ZNF630,1346,440,258
ZNF630_GCTGGAGACCTATAATCACC,ZNF630,81,22,39
ZNF638_TCCTGCCGGGAATACCACCC,ZNF638,950,26,61
ZNF638_AAATAGCCATGTCGAGACCC,ZNF638,463,155,114
ZNF638_CTGAGATCCTCCCATCGAGA,ZNF638,1083,992,171
ZNF638_GCATTGGGCTTCGAGACCGA,ZNF638,882,283,211
ZNF638_AGCTGTTTCTCTCCAGCGAA,ZNF638,794,419,345
ZNF638_AGGACTGCTCCCTACAGGCG,ZNF638,2412,444,372
ZNF639_CACTGACCTGAATAACGAGA,ZNF639,328,154,148
ZNF639_ACATGCCAAACTGCATGAAG,ZNF639,1049,152,109
ZNF641_ACCTACATGACAAGACCAGC,ZNF641,335,168,71
ZNF641_GAGGTGATGTCTTCGCCCAA,ZNF641,420,47,103
ZNF641_TTTGTTGATGCCTGGCAAGG,ZNF641,1391,303,629
ZNF641_TCCATGCCCAGCAGCTCCAG,ZNF641,1082,101,224
ZNF641_TTCAGAACAGACAGCAGCGC,ZNF641,629,562,601
ZNF641_TGCAGACCCAAATTGTGACC,ZNF641,1019,454,171
ZNF644_AACGCTAATCTTCCACGGAC,ZNF644,1135,549,653
ZNF644_CCATTACGGTATGCTTCAAG,ZNF644,1359,599,404
ZNF644_CTGACAAGTGTGTTCAGAAG,ZNF644,2176,880,677
ZNF644_TGCCCAGCAACATTTGAAAC,ZNF644,2800,2142,1340
ZNF644_CTCATAAGCCTGACGCCAAA,ZNF644,1467,883,898
ZNF644_TTCGCCATCTTAATGTCCCA,ZNF644,282,7,117
ZNF645_AGAATTGAGGCGCATAAACG,ZNF645,1872,461,777
ZNF645_GGAGGAGAATTCATATCAGG,ZNF645,227,211,63
ZNF645_TGTCACCTTGTCCACCAACG,ZNF645,2250,697,873
ZNF645_GGACTCCGCGTTGGTGGACA,ZNF645,1526,662,126
ZNF645_CGACCATGTAGGGTTGAAGG,ZNF645,1336,420,708
ZNF646_GCTGACAACGGTAGGGCCGA,ZNF646,0,0,39
ZNF646_CCTTGCCACAGGTGGTACAG,ZNF646,949,555,549
ZNF646_CATATGGCTCTTGAGAGCCA,ZNF646,16,91,21
ZNF646_GAGCAGGCGGCATCGGAAGC,ZNF646,192,169,417
ZNF646_CTGCCCGTCACTGGTGCCAC,ZNF646,1665,490,444
ZNF648_TACGAATGCACAACGGAGAG,ZNF648,1425,298,366
ZNF648_TCGAAGAGCGGGCAAAGGCC,ZNF648,667,412,237
ZNF648_TCCTTGCACGCAGTGTGGCC,ZNF648,303,144,120
ZNF648_CAAGTGCGCTGACTGCGGCG,ZNF648,395,178,347
ZNF648_TGTTGCGCTGGTGTTTGCGC,ZNF648,892,219,878
ZNF648_CGCGTGCGAGCTATGCGGGA,ZNF648,366,311,355
ZNF649_TACACTCAAGGGAGAAACGG,ZNF649,606,59,94
ZNF649_AGTCCTGACTTCTGTGAACA,ZNF649,2608,386,658
ZNF649_TGGATGCATTGACTGTGGCA,ZNF649,1250,125,588
ZNF649_ACGGGACAACGCTATGAACA,ZNF649,2151,568,447
ZNF649_CCACAAACAGGGTATCAAGC,ZNF649,1040,947,771
ZNF652_GGACAACTTTCTGCGGCACC,ZNF652,151,145,287
ZNF652_GGCTCACTCTTAAAGAGAGC,ZNF652,290,52,65
ZNF652_CCAGCGAGTGTTAAATACCC,ZNF652,1577,393,406
ZNF652_GCGTTACACAAAGGAGAACC,ZNF652,863,401,395
ZNF652_AAGATGGCACTTGACCACGA,ZNF652,1354,293,164
ZNF653_GCCTGTCACTCACTGCAGGG,ZNF653,134,144,225
ZNF653_TGATCATGTGCCGCCGCAGG,ZNF653,1102,245,235
ZNF653_ATGTTCCACTGCCCATACGA,ZNF653,566,279,288
ZNF653_CGTGCCGGTGCCTGTGCAAG,ZNF653,1592,740,1056
ZNF653_TTCGCACTGCCACACGGCCG,ZNF653,1419,431,661
ZNF653_GCGACTCACGGAGTCGGACC,ZNF653,203,72,129
ZNF654_GCAAATTGCTGCAGCTCAAC,ZNF654,880,660,660
ZNF654_ATCCGGACACAACCAAGAGC,ZNF654,740,207,43
ZNF655_ATTCACACTATGAATCCGGG,ZNF655,657,47,228
ZNF655_CCATTGGCCTACATTGGGAG,ZNF655,1183,443,482
ZNF655_TAAGGCTGGGACTATGGCCC,ZNF655,849,118,120
ZNF655_TATAATCAGGTAGCCTAGGG,ZNF655,539,170,234
ZNF655_TCGCACCCAGAAGGGAAAGA,ZNF655,1206,582,479
ZNF660_AGTACATGAGCGAATCCACA,ZNF660,145,73,61
ZNF662_TGAGAACGAATGGATCGGCC,ZNF662,552,100,89
ZNF662_AAACCTGAAACTGCAAGGAG,ZNF662,549,224,294
ZNF662_AGGCTCCATATGGTAGCACC,ZNF662,150,34,89
ZNF664_TCTTTGATGCATGCAGAGGC,ZNF664,761,305,86
ZNF665_ACACGGATTTGCCACCAAAG,ZNF665,2896,551,320
ZNF665_AAACACGGATTTGCCACCAA,ZNF665,1178,649,409
ZNF667_AAAGCTCCTACACGAAAGAG,ZNF667,463,119,221
ZNF667_TAGAGCCAGTAAGAAGACGC,ZNF667,455,84,133
ZNF667_TCTCAGTGTGGACCCTAAAG,ZNF667,1455,438,416
ZNF667_TTAGGGTCCACACTGAGAGA,ZNF667,1289,127,229
ZNF667_TTGGTCAATGCATTGTCCGG,ZNF667,1085,82,89
ZNF668_AGGTGAGAGTTCAGCCGCCC,ZNF668,1164,59,81
ZNF668_CCACTGCGAGAAGTGCGGCA,ZNF668,1716,233,419
ZNF668_GCAGGCCAGCGTGAGTACGC,ZNF668,1676,228,96
ZNF668_ATAGGGCCTAGGCTTGGCCG,ZNF668,770,270,214
ZNF668_GACATTTCCAAACGCGCCCA,ZNF668,896,110,104
ZNF668_TTCCATGGCCTTGGTGAACG,ZNF668,353,224,339
ZNF669_GAATGCTTCCATGGTAACGA,ZNF669,651,249,228
ZNF669_TCCATGGTAACGAAGGGAAG,ZNF669,640,298,191
ZNF669_TCCACTTCCCTTCGTTACCA,ZNF669,1306,216,78
ZNF669_AGGTTCCGGAGCCGATGGCG,ZNF669,436,581,343
ZNF669_CTTCTCCACTTCGGGAAGCC,ZNF669,424,292,151
ZNF670_TTCATGTTGGCGAAGAGAAC,ZNF670,508,301,541
ZNF670_CACCAGTGTTGACAGACACA,ZNF670,1110,807,288
ZNF671_AAAGTTTCCCTCCATTGGGC,ZNF671,290,150,95
ZNF671_CAGGACTCTCATGGCAGAGC,ZNF671,458,166,226
ZNF671_TCCACCTGGTCATACACCCA,ZNF671,298,465,144
ZNF671_TGGGAGAGTTACGGGCGGAG,ZNF671,1995,129,253
ZNF671_GGGTGTGGGAGAGTTACGGG,ZNF671,341,96,210
ZNF671_AAGGGTGACTGAGGGCCCGG,ZNF671,495,1,8
ZNF672_ATGCGGTGAGCGCTGTGCAC,ZNF672,845,220,198
ZNF672_GGACAAAGCTTCCGCCACAG,ZNF672,1704,390,351
ZNF672_TGCCCGCGAGCCTTCCGAAG,ZNF672,2865,775,774
ZNF672_CCCGAAACCCTTGCCGCAAG,ZNF672,1371,253,354
ZNF672_GGTCCGAGCGGTCGCTGAAG,ZNF672,340,130,51
ZNF672_ACTGCACCGCAAGACGCACC,ZNF672,245,190,246
ZNF674_TCTCCAATGTTTAGTGGGAC,ZNF674,93,58,305
ZNF677_ATTAAGCTTACAGGCACAGC,ZNF677,204,102,93
ZNF677_GATAACCCACCAATAGGCGA,ZNF677,159,12,0
ZNF677_TATCCTCATCGAGAGAAAGC,ZNF677,245,192,135
ZNF678_CACTGACAAGACATAGAAGC,ZNF678,1681,470,309
ZNF678_GACGAGTAAGGCTTGAGAAC,ZNF678,3302,792,619
ZNF679_TTATGCCTAGCTCTGGCGGA,ZNF679,456,318,456
ZNF680_TACATAGTAGCCTGGCAAAG,ZNF680,1409,669,379
ZNF682_GCATGCACTGTTCTGGCAAA,ZNF682,1988,910,1098
ZNF682_TAGCCGTCTGGAGCAAAGAC,ZNF682,2238,485,511
ZNF683_AAGTGTCCTCGACATCCCAG,ZNF683,274,86,131
ZNF683_GGTGGCATCTGAGAAACACA,ZNF683,47,43,48
ZNF683_TGGCACAAGGCACACTGGAA,ZNF683,1684,457,510
ZNF683_GACCCTGCTTCCCTACCCAG,ZNF683,775,59,83
ZNF683_GCTTAGAGCACGAGCCACCA,ZNF683,549,379,365
ZNF683_CATGGCCCTGGGAGGTACAG,ZNF683,1149,87,365
ZNF684_TACCCACTTGTTGATGAACC,ZNF684,1363,157,406
ZNF687_CACCCTCTCCCACTCGGGAG,ZNF687,628,553,696
ZNF687_ACGGCGAGAGACGTGCAGAC,ZNF687,216,536,668
ZNF687_AGTGAAGACTGTGTCGCACA,ZNF687,620,495,155
ZNF687_TTGCTCCCTAGTTCCCGCCG,ZNF687,1797,406,414
ZNF687_GAGCGCTCACACAGGCGACA,ZNF687,133,14,91
ZNF687_CCATTTCAGGTATTGCACAG,ZNF687,1523,778,892
ZNF688_AGTGCCGGAAGAGCACAGGC,ZNF688,240,76,6
ZNF688_CGCCCAGGATCCTGAGAAGG,ZNF688,1184,466,281
ZNF688_CCTCATCTCTTGGATGGAAC,ZNF688,1013,504,537
ZNF688_CGGGCTTCCTGCAACCAGGC,ZNF688,2161,477,671
ZNF688_CGGCCTGGTTGCAGGAAGCC,ZNF688,847,493,213
ZNF688_AACAGAGGCTTCAGGACCGC,ZNF688,302,14,56
ZNF689_GACGTCCACAGCTAGGGCAC,ZNF689,807,396,165
ZNF689_TCCGGTGATTGGCCAAGGAC,ZNF689,568,453,159
ZNF689_GCACCAGGTCATCCATACAG,ZNF689,1755,302,476
ZNF689_GATCCGCAGGAGTACCCGAG,ZNF689,342,246,318
ZNF689_ACCGGCTGCTCTAGATCCGC,ZNF689,1257,124,104
ZNF689_AGGCCAGACCCAGTCGGAAA,ZNF689,1745,752,918
ZNF691_CTCATGCCTTGGATGAGCAA,ZNF691,1078,181,80
ZNF691_TGTAGTGTTTCTCTTCCAGG,ZNF691,381,178,78
ZNF691_TGTGCATCACCGGACCCACC,ZNF691,563,62,105
ZNF691_CCAACTTTGGAGCACACCAG,ZNF691,2418,824,742
ZNF691_ACTCACTTGGGCGAACAGGC,ZNF691,1102,188,382
ZNF692_AGAAGATCCTTCCACAGCCA,ZNF692,961,152,279
ZNF692_GACAAGGCCGGCACAGCAAG,ZNF692,385,54,34
ZNF692_GCATGATGAGAGGACTCAAG,ZNF692,1236,361,331
ZNF692_TTCCGAGGCCACGAGTGGGC,ZNF692,264,54,313
ZNF692_ATTCGCTGAGACCATGAGGA,ZNF692,702,168,48
ZNF692_AGCCCAGCCGCTCCTTGAGG,ZNF692,1092,35,82
ZNF695_GCAGCTCGATGGTCGACGAC,ZNF695,1104,176,311
ZNF696_ACTGCTGGTGTTCTGCAAGA,ZNF696,898,466,244
ZNF696_AGAAGTGACCGGGCCTCGAG,ZNF696,482,33,11
ZNF696_TCAGACGTCCCTCCGAACGC,ZNF696,1535,219,700
ZNF696_GCACTTGAAGCTGCGGCCAC,ZNF696,844,82,138
ZNF697_CTTCGGGCGTAACTCGCACC,ZNF697,100,636,568
ZNF697_AATGCGCTGGTGCTGCAGGA,ZNF697,919,254,98
ZNF697_CGCCTCCAGGGAAGTACGGG,ZNF697,849,256,210
ZNF697_CATATCCCGGAGCCTCCGGG,ZNF697,267,146,42
ZNF697_AGCCCATCTCCGGCTCCGGA,ZNF697,521,105,102
ZNF697_GAGAGAAGGCCATCCGGAGC,ZNF697,750,179,22
ZNF699_CACATGTGCTCTAAAGGACG,ZNF699,2171,611,283
ZNF699_AAGGGATGAATGATCCACGA,ZNF699,391,175,171
ZNF699_TTTATGGGAGAGCACCGGGA,ZNF699,578,108,86
ZNF699_CTCCCAGTGGGAACAAGAGG,ZNF699,1187,91,477
ZNF699_GATCTCCCAGTGGGAACAAG,ZNF699,691,157,109
ZNF7_CTGGTGTGTGTCCTTTCAGG,ZNF7,186,75,281
ZNF7_TGTAGAGGGCCCTCTGGCCA,ZNF7,150,95,97
ZNF7_GCCTGAGCTGATCTCTCGGC,ZNF7,194,8,127
ZNF7_AAACCACCAGCTGCCCGGAG,ZNF7,899,35,242
ZNF7_AAAGCCTGTCACTTTCAGCC,ZNF7,254,91,212
ZNF7_TCATGATCAGGACAGAAGGA,ZNF7,896,168,135
ZNF70_CGAGTGCTGTCAGTGTGGCA,ZNF70,1038,381,358
ZNF70_GAGCACCGCAAGACCCACAC,ZNF70,1899,702,739
ZNF70_TGAGTGCTGTGAGTGCGGGA,ZNF70,1065,345,391
ZNF70_GGATCACCAGGTGTCGGAGC,ZNF70,1339,390,292
ZNF70_TTCTGCACAATCGCATGGAC,ZNF70,1294,342,293
ZNF700_TCACAGCTTCGAGTGCACGG,ZNF700,965,320,540
ZNF701_GCATGCCATAGATGTCACAC,ZNF701,859,311,302
ZNF703_CAAATGAGCGATTCGCCCGC,ZNF703,195,20,63
ZNF703_CGCCCGCTGGATCTAACCCA,ZNF703,297,213,204
ZNF703_AGCGGTGTCCCTCTTGCCAC,ZNF703,1127,213,205
ZNF703_TGATCGGGAGCCGGTTCGCC,ZNF703,173,101,257
ZNF703_GGCGACTCCCGCAAAGACAG,ZNF703,545,148,151
ZNF703_TGACTGCAAGAACGGCGGCG,ZNF703,1412,349,643
ZNF704_TCTGTCTTACAGGAAGCCCA,ZNF704,232,0,80
ZNF704_ACACATCATCCGGTGGGCAC,ZNF704,1184,267,235
ZNF704_GAACTTGGCCGATCCTGGAA,ZNF704,727,249,200
ZNF704_AGACGACGGCATCGACGAGG,ZNF704,650,0,0
ZNF704_AGAGGAACTAGACATGGACA,ZNF704,1197,197,206
ZNF704_ACATTGATGTTCCTCCAGCA,ZNF704,1594,614,697
ZNF707_GGCCATCTACTTCTCAAGGG,ZNF707,1156,338,190
ZNF707_TCGTCTCTCGCCTGGAACAG,ZNF707,1040,228,174
ZNF707_GGAGCCGTGGGTTGAAGACC,ZNF707,826,154,325
ZNF707_AAGCCTGCACCTAGCCACCC,ZNF707,353,322,843
ZNF707_CGTGCGGCGAGAAAGAGCCA,ZNF707,626,4,20
ZNF707_GCTGCGTGAGCACCTGACAC,ZNF707,373,134,142
ZNF71_CGTCCCTGATAAAGCACCAA,ZNF71,634,398,722
ZNF71_CTCGATGAAGTGCTTCCCAC,ZNF71,721,369,529
ZNF71_CCTCTGGTGCAGGGTGAGCG,ZNF71,527,445,510
ZNF71_TGATGAAGGACTTCCCGCAC,ZNF71,2048,220,270
ZNF710_GACCGTGGAACGCCACAAGA,ZNF710,652,506,949
ZNF710_CTCGAGGCACTGGTAGAGGG,ZNF710,1446,159,459
ZNF710_CCCTACAGGCGAACATGAAG,ZNF710,1371,173,248
ZNF710_TGGCGTCATGGACATCGGCC,ZNF710,925,360,103
ZNF710_GCTCGACGGCCAGCAGGAGA,ZNF710,716,146,182
ZNF710_GGCCTGTTCAGTGAGGACAC,ZNF710,400,204,294
ZNF711_GCACACGCCAGACTCTAGAA,ZNF711,1317,519,385
ZNF711_AGCTGATGTTGCCATTGAAG,ZNF711,1007,486,522
ZNF711_AGGAGTCGACTCTCCCACAA,ZNF711,1169,400,605
ZNF711_ACAGAGAGTGAGTACACCAG,ZNF711,1264,323,433
ZNF711_TATGCCGCAGCCCAGACAAC,ZNF711,1111,578,166
ZNF711_CCAAGCATTTGGTGATGAGA,ZNF711,2585,638,545
ZNF713_CTCTCCATTGGATCTCGGCA,ZNF713,868,184,288
ZNF713_AAAGGATGAATGCTGACGGA,ZNF713,432,70,118
ZNF717_GCATCAAGGTATTCACACGG,ZNF717,2280,90,61
ZNF717_AGCATCAAGGTATTCACACG,ZNF717,1133,42,52
ZNF717_CCATCAATGGACTCACACAG,ZNF717,1822,1452,1412
ZNF721_ACGGCATGAAGAGATCAGCG,ZNF721,3093,593,907
ZNF726_CACATTGAGAAGCTTTGCCC,ZNF726,300,73,130
ZNF737_CCCACACAATTGGGCCGGGC,ZNF737,62,47,113
ZNF74_AGGCCTAAGGTTCCGCGGCC,ZNF74,87,86,43
ZNF74_GAACCCGCGCTCGGAGACCA,ZNF74,705,126,372
ZNF74_CTCTCATCTGGAACGAGGCG,ZNF74,1127,116,309
ZNF74_TTCTTGCGTGTGTCCAGCAA,ZNF74,1297,305,320
ZNF74_TTTGTTGAACTGGATGGCCA,ZNF74,118,236,192
ZNF74_GGATGCTGGACTGAGGGACG,ZNF74,1137,282,669
ZNF740_AGCAGGCCGAGAATGGCGAG,ZNF740,327,13,80
ZNF740_TAGGTGGTAACTGCTCCGAA,ZNF740,1628,242,409
ZNF740_AGGCACATCCTTATTCACAC,ZNF740,1165,206,188
ZNF740_CGCCACAAGCGTGTGCACAG,ZNF740,2723,1371,1381
ZNF740_CCTGATGACACCGTTCACAC,ZNF740,1886,902,498
ZNF740_GCCCGTCGGAAGTCTTGGAC,ZNF740,1465,336,215
ZNF746_CGCCATCGCATGCTGCACAC,ZNF746,3472,1798,1750
ZNF746_CGCTCAGGCTGACTTGCAGC,ZNF746,1178,706,356
ZNF746_CCCGTCCGAGCATGCTGAAG,ZNF746,1983,1181,1038
ZNF746_CCTCTTCAGCATGCTCGGAC,ZNF746,1878,319,316
ZNF746_AGCCAGCTGGATTCCGGAGC,ZNF746,1601,439,231
ZNF746_CCTCTTGATGCAGATCAAGC,ZNF746,1103,371,119
ZNF747_GAGCACATTTACAGCCACAG,ZNF747,867,274,342
ZNF747_CTGCTCCAACCCGGCAAAGG,ZNF747,3326,935,1337
ZNF747_CCGACAGAAGCGGACCCAGG,ZNF747,684,201,42
ZNF747_TGTCCGACAGAAGCGGACCC,ZNF747,142,75,34
ZNF747_GATCCGAGTGGAGAAAGCCC,ZNF747,18,62,84
ZNF747_GGATCCGAGTGGAGAAAGCC,ZNF747,763,99,196
ZNF749_AGCTACACATCTTGCAGGGC,ZNF749,1541,380,573
ZNF749_ACAGTGCTCACGTGGGAGAG,ZNF749,1566,354,441
ZNF749_CAGCAACAGGTCTTAAACAG,ZNF749,4617,570,1007
ZNF749_TAAGAAAGGCCTTCCCACAC,ZNF749,1228,121,119
ZNF750_AGTGTTCACACTACGAAGGA,ZNF750,756,262,193
ZNF750_AGGAACATCCGGGTGGGCGA,ZNF750,653,82,161
ZNF750_GCTAAAGACTCCTCCAAGGC,ZNF750,285,253,207
ZNF750_CGGGTGAGGCCAGTGACAGG,ZNF750,1053,277,315
ZNF750_GGGTTCCGTAGACTGACAGC,ZNF750,416,104,73
ZNF750_TCGGCGAGCACAGACTCAAG,ZNF750,1344,315,201
ZNF75A_GACAAGCTTCTCTTCACAGG,ZNF75A,286,75,76
ZNF75D_GCCAGAAATAACAGCTCACC,ZNF75D,90,89,177
ZNF75D_CCAGAAATAACAGCTCACCA,ZNF75D,2494,499,556
ZNF75D_CCCTCTGCAAGAATTCCACC,ZNF75D,597,305,187
ZNF75D_GGCGATGAGAGAGCTGAACG,ZNF75D,946,733,344
ZNF76_GACCACCGCATACATTCACC,ZNF76,479,62,248
ZNF76_TACATACACCGCACACCCAG,ZNF76,1137,176,225
ZNF76_CACCCTGGAAGCCGTCCAAC,ZNF76,3050,622,540
ZNF76_TACCTTTAAGTGATGAGCGG,ZNF76,505,201,140
ZNF76_GGCAAAGGCCTTTCCACAGC,ZNF76,143,113,131
ZNF76_AAGCATGTCCGTACCCACAC,ZNF76,1699,330,413
ZNF764_CGGGTACAGCTGGAAGCCCA,ZNF764,329,118,99
ZNF764_CTGACTTCTGGCCAAAGCGG,ZNF764,942,231,320
ZNF764_CTTCCGCCAGAGCTCGGAGA,ZNF764,620,242,191
ZNF764_GAGCACGTCTACAGTCACAC,ZNF764,958,356,164
ZNF764_GGCGAAATGTCAGACACAAA,ZNF764,2005,282,565
ZNF766_TCAGTTACCTCTGCCAGAAC,ZNF766,1976,671,619
ZNF768_TGAAGGGCTTCTCCCGGGCG,ZNF768,1766,727,633
ZNF768_CAAATGTGAGGTCTGCAGCA,ZNF768,704,699,1041
ZNF768_CCGCCGACCTGGACCTCGAA,ZNF768,1485,818,618
ZNF768_CTTCGAGGTCCAGGTCGGCG,ZNF768,660,366,439
ZNF768_CCTTCGAGGTCCAGGTCGGC,ZNF768,350,128,55
ZNF77_CGTTCTCACGTGCACACGAA,ZNF77,1456,863,763
ZNF77_CACGTGCACACGAAGGGACG,ZNF77,420,826,831
ZNF77_AAGCATGTGAGATCACACAG,ZNF77,655,478,682
ZNF77_ATGTGTGCTCGCAGAGAGGA,ZNF77,176,181,116
ZNF77_GAACATGGGAGAACGCACAG,ZNF77,1027,229,308
ZNF771_TCCTCTGCCTGCTGTTCGCC,ZNF771,442,9,42
ZNF771_AGTGCGAGCTTAGGCGGAAG,ZNF771,1346,193,153
ZNF771_AGCCGGCGCAAATATACAGG,ZNF771,683,173,282
ZNF771_ATATTTGCGCCGGCTGCGGC,ZNF771,158,40,90
ZNF771_TATTTGCGCCGGCTGCGGCA,ZNF771,249,97,83
ZNF772_GACCAGGCCACATGTCCCAC,ZNF772,236,195,73
ZNF772_TCACAGATCAGGATTCCCAA,ZNF772,311,83,202
ZNF772_TCACCAGGGTCACTCCCACC,ZNF772,1600,106,68
ZNF772_TGTGACGGCCTTACCCAGAG,ZNF772,1721,520,533
ZNF774_ACCCAGCACAGTTAGAAGAA,ZNF774,1865,756,444
ZNF774_CTGGGAGATTACACTAGGCC,ZNF774,1077,718,431
ZNF774_GCTCTTCTTTCTGCTCCGGC,ZNF774,101,72,200
ZNF774_TAAGAACCCACACTGGCGAG,ZNF774,771,168,277
ZNF774_TGAGCACTCATTCAGGAGAG,ZNF774,1483,252,214
ZNF774_AGCGAATCCACTTAGGAGAC,ZNF774,1337,619,288
ZNF775_CGCTTGCCTCTGGCAGGAGC,ZNF775,238,31,11
ZNF775_GCTGGTGATGAAGGTCAAGC,ZNF775,662,221,412
ZNF775_CCGCATCCTGCTCAGTGGGA,ZNF775,623,277,310
ZNF775_CCCTCGCTTTCCTCCGGCGA,ZNF775,1543,418,540
ZNF775_CCTCGCCGGAGGAAAGCGAG,ZNF775,69,90,150
ZNF775_GCGCTGCTTCCGTCACCAGG,ZNF775,1205,416,458
ZNF776_GCAGACCCTTTCTATACAAC,ZNF776,1071,464,889
ZNF776_GACAGGTGTATGTACCAAGA,ZNF776,383,32,293
ZNF776_CCTGGGAGATATCTTACACC,ZNF776,1299,331,247
ZNF776_ATCGTACAGAAGCAATGCCA,ZNF776,1109,83,129
ZNF776_TCGTACAGAAGCAATGCCAA,ZNF776,1400,222,128
ZNF777_GCTGCGTCTCACCCGAACGC,ZNF777,1691,267,392
ZNF777_ACGCTGGAGGAGTCCACGGA,ZNF777,1793,147,375
ZNF777_CATGTCACAGATGGAGCGCG,ZNF777,560,144,589
ZNF777_AAACCTGTCTGAGTGGCAGA,ZNF777,109,32,21
ZNF777_ACTTCTCCATTGCTGCCGGG,ZNF777,159,45,32
ZNF777_GATCTCTTCTGCAGTCCAGA,ZNF777,61,50,39
ZNF778_CGCGGTGACCTTTGACGACG,ZNF778,3511,1253,1461
ZNF778_GGTCGCGTGCAAGTCCACCC,ZNF778,246,126,120
ZNF778_AAACACGTCCAAACAGACCC,ZNF778,356,83,23
ZNF778_CACACCTTATCGAACACAGA,ZNF778,843,221,222
ZNF780B_GGAGAAGCATGAGTATAAGC,ZNF780B,442,127,201
ZNF780B_AGTAGATTTGAGGGACGACA,ZNF780B,127,58,70
ZNF780B_AAGTAGATTTGAGGGACGAC,ZNF780B,286,213,105
ZNF782_ACATCAGAAAGCCCACCCAG,ZNF782,651,220,248
ZNF782_AACATCAGAAAGCCCACCCA,ZNF782,706,120,115
ZNF782_GAACATCAGAAAGCCCACCC,ZNF782,133,43,130
ZNF782_ATCACCGAAGAACTCACACA,ZNF782,1779,444,836
ZNF783_GGAAATCACACTGTGGACGG,ZNF783,2572,773,764
ZNF783_CTCCCTCCGTGGCCTTACCC,ZNF783,1384,740,785
ZNF783_CATCCTCACCCGGATAGAGA,ZNF783,752,164,98
ZNF783_GGTGCTCTGGATACGGAGGG,ZNF783,439,6,47
ZNF783_CATTGCCGGTGTGCAGGCGC,ZNF783,448,183,93
ZNF783_ATGAGGGTCGCCCTTACCGG,ZNF783,646,211,221
ZNF784_CTCGCATGTCTGAGGAGCGG,ZNF784,231,346,67
ZNF784_CCGTTGCAGAACAGAGGCCC,ZNF784,898,349,118
ZNF784_TCGGAGGCCTCCGGACACAG,ZNF784,918,344,417
ZNF784_CTTGCCCGCACCAGGTCCAG,ZNF784,1543,125,228
ZNF784_CACTGGACCTGGTGCGGGCA,ZNF784,708,142,48
ZNF784_ATCCCAGGAGCCACTGGACC,ZNF784,1899,293,41
ZNF785_CTTCAAGCGCAAGACCGCCC,ZNF785,633,251,71
ZNF785_GGCTGTCGGAGTGAATGCGC,ZNF785,1486,147,175
ZNF785_GGCGCATTCACTCCGACAGC,ZNF785,1452,264,131
ZNF785_GAATGCGCCGGTGACTGAGG,ZNF785,749,0,52
ZNF785_AGAGCTCTGCAGCTTTCAGC,ZNF785,160,148,99
ZNF786_TGCCTGTGGCGATTGTGGGA,ZNF786,1616,15,59
ZNF786_GACAGCTGCTGCGGCACCAG,ZNF786,1084,542,302
ZNF786_CCTCCCAGTGGACAGCACGC,ZNF786,1232,127,130
ZNF786_TTCAATTGCAGGAAGCCAGC,ZNF786,606,152,152
ZNF786_CAGGCTAGCCCGCTTACCCG,ZNF786,2952,451,308
ZNF786_GCTAGCCCGCTTACCCGAGG,ZNF786,445,111,220
ZNF787_AGAGCTACTACCGCGCGGGC,ZNF787,470,133,94
ZNF787_ACACAAGAAGATCCACGCGG,ZNF787,948,164,425
ZNF787_GATGCCCTCGCCATCGCCCA,ZNF787,164,51,10
ZNF787_TCTTGGGCTGGCTGAAGCCG,ZNF787,941,345,178
ZNF787_GCACTCCTGGCTGTAGAGGG,ZNF787,677,243,180
ZNF787_ATGGCCAGTCACGAGAACCC,ZNF787,953,189,259
ZNF788_AGTTCTGAGGCGCATCCAAA,ZNF788,842,234,493
ZNF788_AAGTTCTGAGGCGCATCCAA,ZNF788,904,65,89
ZNF788_TGTCGTGAATTGAGTCACAC,ZNF788,1792,416,310
ZNF789_GGCGATGTACTTCACCAGAG,ZNF789,953,342,489
ZNF789_TGGTCTTGCTGGGTAGGACA,ZNF789,794,182,129
ZNF789_GCTTCCGGTAGTGCTTGCCC,ZNF789,146,149,0
ZNF789_TCCGGTAGTGCTTGCCCAGG,ZNF789,1125,225,486
ZNF789_CTAGTGGTGATGAATACAGC,ZNF789,1198,145,131
ZNF789_GAGATCCACATTCCTACCAA,ZNF789,607,162,109
ZNF79_TCCACGGGACAGGTTCAAGG,ZNF79,1059,216,512
ZNF79_CACGGGACAGGTTCAAGGAG,ZNF79,2941,535,671
ZNF79_CGCCTTCCCTTTGTTCCAAC,ZNF79,1979,1251,1208
ZNF79_GCTTGCTCACATACCTGGAG,ZNF79,1221,378,538
ZNF79_GAGGTTTGCACTGTGACGGA,ZNF79,796,90,149
ZNF79_TTCCTAGTTACTCTCCGGCG,ZNF79,1178,624,344
ZNF790_AGAGGCAATTCCAACTCACA,ZNF790,158,250,250
ZNF791_CTCACGTGTACTCGAAAGGC,ZNF791,1961,395,346
ZNF791_CACTCTCACGTGTACTCGAA,ZNF791,917,861,1247
ZNF792_GGAGACTTCACACCGGCGAG,ZNF792,362,250,227
ZNF792_ACACAACCCTATCAGAACGG,ZNF792,1554,630,466
ZNF792_CGTACACAACCCTATCAGAA,ZNF792,3259,982,677
ZNF792_ATGACATCAGCCATGGCCAG,ZNF792,597,136,312
ZNF792_TGTGGATATGACATCAGCCA,ZNF792,24,32,23
ZNF792_CATCGTTTCCCAGTTGGAGA,ZNF792,901,353,431
ZNF793_ACCAGATGTGATCCTCAGAC,ZNF793,1191,336,253
ZNF793_AAACACTCAGATATGGGCGG,ZNF793,1424,196,405
ZNF793_TTCTTGCTTATGGCTGCGCC,ZNF793,2,100,122
ZNF793_TCCCACACTCACTACAGACG,ZNF793,1426,221,213
ZNF8_CTTCACTGGGCGATCCAGCA,ZNF8,2185,1306,1521
ZNF8_AGGGCTTACCTATGGAGAGC,ZNF8,363,110,34
ZNF8_GGCTTCGGAAGCTCAGGACC,ZNF8,544,177,74
ZNF8_GCTGAGAGAGGAACCACCCA,ZNF8,369,0,54
ZNF8_TGAGAACTCACACCGAGGAG,ZNF8,2768,330,497
ZNF8_GAGTGTAACCACTGCGGGAA,ZNF8,1277,55,372
ZNF80_CAGCATCGTGTGACCCACAC,ZNF80,935,198,166
ZNF80_GAATCTGGCGGTAGCACAGG,ZNF80,319,97,101
ZNF80_AAGATGAGCCCTAAACGCGA,ZNF80,72,92,0
ZNF800_ACTAGTCCGTCGGCTGCAGG,ZNF800,85,11,0
ZNF800_TCCAGGAACAAAGGTTGCCC,ZNF800,620,78,122
ZNF800_CCTGATATAGCAACAAAGCC,ZNF800,1114,850,982
ZNF800_AGTGGTTGCTGTAACAAAGG,ZNF800,480,395,243
ZNF800_CATCACGGATGCTGTGAACC,ZNF800,1307,658,643
ZNF804A_CGTTCTTGCTGAGAGGGCCC,ZNF804A,276,261,173
ZNF804A_TGTTCCCGTTCTTGCTGAGA,ZNF804A,935,90,142
ZNF804A_CAAGCAGTACTATAAGCACC,ZNF804A,346,193,423
ZNF804A_ACTCCAACGCCTGCACAAGC,ZNF804A,696,220,266
ZNF804A_CAAGCTGGCTGAGCTAAGAA,ZNF804A,1429,565,449
ZNF804A_GGAATGATTGGCATCTGAGG,ZNF804A,1222,168,171
ZNF804B_TGAAGACTCCTTTAATGCCC,ZNF804B,463,65,58
ZNF804B_GGGAGATCCGTTCTTGCACA,ZNF804B,258,313,385
ZNF804B_CAAGCAGTATCACAAACACC,ZNF804B,1054,667,330
ZNF804B_ATTGTGCATGGGACTTGCGA,ZNF804B,995,181,11
ZNF804B_ATAGAAGTGTGCTGGTGAAC,ZNF804B,666,131,228
ZNF804B_GGCTGAAGTGTTATGTGAGA,ZNF804B,778,545,297
ZNF805_ACAGGGTCCCGGTATGGCGA,ZNF805,353,256,76
ZNF805_TCCTCTCATGCCGAGCAAGC,ZNF805,1165,362,174
ZNF805_CGAGTGCTTCGAATGTGGCA,ZNF805,773,609,688
ZNF805_CAGCGCTGCGCTCTCACAGA,ZNF805,360,149,170
ZNF81_CGGGAACATGCCAGCTAACG,ZNF81,3609,1476,1749
ZNF81_GACTGTGGACTTCAGTAGAG,ZNF81,974,313,289
ZNF81_CTCCTCACAACTTCACAGGA,ZNF81,1539,251,346
ZNF81_TTGGAATTAAGCCTTCCCAG,ZNF81,675,274,199
ZNF81_TTGGGAAGATCTTCACCCAG,ZNF81,326,163,428
ZNF814_TTGTACACCAGAGTTCACAC,ZNF814,1758,318,301
ZNF814_GCATGCGCTGATGGTGAACA,ZNF814,1484,373,497
ZNF814_AGCCATCAACGAGTTCACGC,ZNF814,1278,42,269
ZNF814_ACGTGGTTCGATGGCTGCCG,ZNF814,112,182,366
ZNF821_AGAATTCCAGCAGGGTACAC,ZNF821,1110,172,257
ZNF821_TAGATCGCTGGTCCTCCGAG,ZNF821,1504,323,236
ZNF821_GCCAGCTAGACTGCGGGAGC,ZNF821,180,126,32
ZNF821_GCCTGTTGGTGGGAACGAAG,ZNF821,574,253,223
ZNF821_TAGCTTGTCGCTGACTGCCA,ZNF821,228,76,51
ZNF821_TGGATTTGTCTGTTTCCGAC,ZNF821,274,217,231
ZNF823_CCACACTCACCACTGTCACA,ZNF823,1259,593,610
ZNF827_GGCTGGGTGATATCGAGACA,ZNF827,688,199,276
ZNF827_AGTGCGTCCTCAGAGACGCC,ZNF827,0,51,55
ZNF827_GGCAGCATTCAAAGTAAAGG,ZNF827,608,97,46
ZNF827_GAGTTACTGGAAGCGGCACA,ZNF827,775,249,446
ZNF827_CACGTTGGAGCTGGTGGCAC,ZNF827,1932,378,305
ZNF827_GGGATGACTTACGTGAGGGA,ZNF827,506,36,76
ZNF829_TACCCACCACACATGAGGAA,ZNF829,571,465,586
ZNF829_GGCATTCTGTCCAATTCCAG,ZNF829,450,166,184
ZNF829_CCATCCGGGATGACTGGAAA,ZNF829,1858,906,498
ZNF829_CCCATCCGGGATGACTGGAA,ZNF829,1488,581,621
ZNF83_AATCATCATGCGATCCACAC,ZNF83,525,416,426
ZNF830_AGATTCTATCCGTTTCCGAC,ZNF830,356,81,58
ZNF830_CTTAACCGGAGTGTTACACA,ZNF830,1301,44,27
ZNF830_AGGCGCGAAGGAAGCCAGCC,ZNF830,2032,66,117
ZNF830_CAAGCCGCTCTCCGACGCAC,ZNF830,749,17,352
ZNF830_GCTCTCCGACGCACAGGGCA,ZNF830,718,125,0
ZNF830_ACTTGTTACCTCCCGTGAAG,ZNF830,655,77,46
ZNF831_TTAGTCCCGAGCGGCAGCCC,ZNF831,402,364,312
ZNF831_GGGCCCAGACTGTCCTGAGA,ZNF831,1253,201,218
ZNF831_ACATCTTTGCCCTCCAAGGC,ZNF831,1326,740,353
ZNF831_TTCTGAAGAGGTCTGCCCAG,ZNF831,1451,236,256
ZNF831_GGACAAACGAACTGTGAAGG,ZNF831,982,286,333
ZNF831_ATGAAGGTCTCCCTGGCAAG,ZNF831,1125,134,154
ZNF835_CCGCGCTCATCCGACACCAG,ZNF835,3532,823,1128
ZNF835_CTTCTGGTGCTCTATAAGCG,ZNF835,1207,105,388
ZNF835_CGAGGACACGTGGCTGAAGG,ZNF835,1550,511,977
ZNF835_GGTGCTCTATCAGGGACGAG,ZNF835,417,109,97
ZNF835_TCCCACTGGCGCACGCACAC,ZNF835,1101,771,727
ZNF836_ATGCCTTGCAAGGTTCGAAG,ZNF836,918,226,362
ZNF836_GCCTGACGTACCATCAGAGA,ZNF836,1948,481,470
ZNF837_GAGGTGCGAGAACAGCCCGA,ZNF837,310,12,54
ZNF837_GACAATAGGGCGAGGTCGCG,ZNF837,613,126,330
ZNF837_CCTCACACAGTTGAGTCCGG,ZNF837,399,0,41
ZNF837_CCAGCTCGGTCCTCTTCGAG,ZNF837,1288,378,360
ZNF839_AAAGAGATGTTACTGCCAGC,ZNF839,136,48,68
ZNF839_GGGCGTCGCCAAGCAAAGCC,ZNF839,682,145,76
ZNF839_CCTCCAGCAGTGTGACCGGG,ZNF839,993,335,131
ZNF839_CGAGAAGAGGGAACGTGAGG,ZNF839,1054,262,456
ZNF839_TTCAGTGGTATCGTTGGACA,ZNF839,3678,195,353
ZNF839_CACTGGCTAACTTAGAAGCC,ZNF839,468,631,649
ZNF84_TGGTAACATGATGTGGCACC,ZNF84,434,121,311
ZNF841_ACTCCACTACAACCCTGGCA,ZNF841,572,61,170
ZNF841_CTTTAACTCCACTACAACCC,ZNF841,1874,271,443
ZNF841_TTTCTGCAATTCACCCAGAC,ZNF841,2089,860,886
ZNF843_CACCGCCCTCGAACCCACAC,ZNF843,1359,444,384
ZNF843_AGCGCGTCCTTCCGCACCCA,ZNF843,1013,502,383
ZNF843_TCGTCTGCGGGAGTGCGGCA,ZNF843,1120,296,270
ZNF843_GCCGCACTCCCGCAGACGAA,ZNF843,650,616,158
ZNF843_GCAAGTGCAAGGCCTGCGGG,ZNF843,710,174,135
ZNF843_CTTTCCACAGTCAGGGCAAA,ZNF843,1262,470,746
ZNF844_ATATATGCTGAGACAAGGGC,ZNF844,553,230,368
ZNF846_TAAATGGGTACTAAGGCCCG,ZNF846,339,173,122
ZNF846_TCCTCACACCTTATAGGACA,ZNF846,1570,184,237
ZNF85_ATCATGGTGGCCAAACCCAC,ZNF85,405,150,299
ZNF852_TCGGTCATCTTCTTAAGGCA,ZNF852,827,179,333
ZNF852_TCTGAGTATAGTCCTCAGAC,ZNF852,50,151,82
ZNF853_TCTGACCGCCAGGATGGAAG,ZNF853,774,119,96
ZNF853_ATCGCTGAGGAAACCCGGCC,ZNF853,248,182,0
ZNF853_CAACTCTCGTTGTCCCGGCC,ZNF853,258,464,189
ZNF853_GGAGCTCATGCCGGTGGACC,ZNF853,194,187,162
ZNF853_TCCTGCACCACCACGTAGCC,ZNF853,2244,1142,1639
ZNF862_GCTGCTGAGCCAGCAACAGA,ZNF862,1204,315,177
ZNF862_TCTGGGAGGATTTGATAGCA,ZNF862,608,211,630
ZNF862_GCTCGGTGCGTCTTTACCCA,ZNF862,857,124,141
ZNF862_TGATCTCCAAACTGGAGCGG,ZNF862,1609,147,103
ZNF862_GGTTCCAGGCGGATAGGGAG,ZNF862,686,254,200
ZNF862_CCCTCTATGTGGAGGAGCCC,ZNF862,572,178,138
ZNF865_TCTCGCTGTCTGTGGTGGGA,ZNF865,555,123,352
ZNF865_CACAGACAGCGAGAAGGCGG,ZNF865,126,71,20
ZNF865_GCGGCCAGCGTGCTGGACAA,ZNF865,745,362,355
ZNF865_GCGTGGTGCACACTGGCGAG,ZNF865,1586,290,227
ZNF865_TAAGCACCTGGCTGCCCACC,ZNF865,772,27,301
ZNF878_TTCGGAGCAAGTTTGGCCGA,ZNF878,995,140,71
ZNF879_AACGTCACGGACTCCTGGAA,ZNF879,1315,292,540
ZNF879_ACTGAATACTGCTGTGAACG,ZNF879,1949,598,398
ZNF879_TCTCTGGTGTTTACTCAGGG,ZNF879,877,121,259
ZNF891_AGTCATTGGTTCCTGTAACC,ZNF891,549,181,215
ZNF891_CCCATGGGCTTTAACTAAAC,ZNF891,730,785,553
ZNF93_TCTGGGTAGTTGTACTACAC,ZNF93,679,121,494
ZNFX1_CGGCGGAAGAAGGAAGAGAG,ZNFX1,1338,285,404
ZNFX1_AATGGATTTGCTTCCAGCAC,ZNFX1,586,83,174
ZNFX1_TTCCCGTAGGACACCACGCA,ZNFX1,2462,850,831
ZNFX1_AACAGACTCGTTGGTTAGGA,ZNFX1,807,221,230
ZNFX1_CGAAATCTTCTCGCAGGAGC,ZNFX1,1110,513,393
ZNFX1_AATTCCCATACCAACCACAG,ZNFX1,849,396,551
ZNHIT1_CCAGTTCGCTCCCAGGACCC,ZNHIT1,1676,180,186
ZNHIT1_GCGTCGCATCAACCGGCAGC,ZNHIT1,344,424,389
ZNHIT2_TTTCGTTGGTCCAGGCCAGG,ZNHIT2,330,45,7
ZNHIT2_CTGTTTCCGGGCACGGCCCA,ZNHIT2,118,18,10
ZNHIT2_GAGGGCCCGACCAACCAGAA,ZNHIT2,509,0,0
ZNHIT2_GGCAGCTGGAAGCGCACGAG,ZNHIT2,23,0,0
ZNHIT2_AAGCGCACGAGCGGCGAGAC,ZNHIT2,313,242,68
ZNHIT2_TCTCGCGTTGCTGACGCAGC,ZNHIT2,137,74,19
ZNHIT3_CAAGCAGATCACGCAGACGA,ZNHIT3,842,39,102
ZNHIT6_GCCTACATTCGCTCTCAGAC,ZNHIT6,1080,140,107
ZNHIT6_TACCCAATGGATTCACCAAG,ZNHIT6,825,59,0
ZNHIT6_CAGGAATATCGCATACAACG,ZNHIT6,1394,0,84
ZNHIT6_GGTGGGCTGCAAGCGGAAAC,ZNHIT6,85,47,82
ZNHIT6_GGACCTAACGGTAGTGAAGC,ZNHIT6,374,27,48
ZNRD1_AGCTGGAGCAAGTATTGGCG,ZNRD1,1070,63,109
ZNRD1_GGTGACCGTATCCTGAGCCC,ZNRD1,16,0,0
ZNRD1_ATGCCTATGTCGGTGGAGGA,ZNRD1,639,26,69
ZNRD1_TCGATGTGGTCATGAAGGAA,ZNRD1,1425,68,26
ZNRD1_TCCTCATAGGTTCCAGGAGA,ZNRD1,398,55,0
ZNRF1_CCATTTCGGGCACTACCGGA,ZNRF1,250,251,301
ZNRF1_TCCGACTCCACCTATGCCCA,ZNRF1,1001,122,196
ZNRF1_AGCCCTTACCGTTGTAGGAG,ZNRF1,1469,268,246
ZNRF1_CACCTTCCCGGTTCTCCACA,ZNRF1,551,156,48
ZNRF1_GATGTGCTGACTAAAGACGC,ZNRF1,127,73,247
ZNRF1_AAACCACGAGTCTATGCAGC,ZNRF1,206,215,338
ZNRF3_CTGTTCGAGTCGAGCCCAAG,ZNRF3,1598,237,676
ZNRF3_ATGCCTCACTGTCCTAGGCA,ZNRF3,105,62,86
ZNRF3_GCCAAGCGAGCAGTACAGCG,ZNRF3,1312,1108,511
ZNRF3_TGCGGAGGCTCACTCGAGGA,ZNRF3,1991,654,539
ZNRF3_AGACCACGACGAAGAAAGCC,ZNRF3,769,560,530
ZNRF3_ACAGATGGCACAGTCGGACG,ZNRF3,702,185,104
ZNRF4_GACAGCGAAGCGGGTGACCA,ZNRF4,307,53,132
ZNRF4_CACGATGGCCGCCTCGAAGC,ZNRF4,373,150,148
ZNRF4_CCCTCAAGTCCTCGTAGACG,ZNRF4,3073,825,916
ZNRF4_AAAGAAGGCTGATACGACCA,ZNRF4,392,136,323
ZNRF4_CCACCGACTGTTTGCACACG,ZNRF4,5687,764,833
ZNRF4_CTGGACTTGAATGGCCCAGA,ZNRF4,466,329,144
ZP1_ACTCACCCACCACCTTGAAG,ZP1,2420,436,608
ZP1_CCTCCATGAACACCCTCAGG,ZP1,492,115,122
ZP1_AAAGAAGCCTGTCAGCAGGC,ZP1,415,49,23
ZP1_ACCAGCTCATCTATGAGAAC,ZP1,855,271,319
ZP1_CCGGGCTGGGTCATAGGAGC,ZP1,1364,363,172
ZP1_AGCCGGACCTCCACATGGAC,ZP1,2580,748,636
ZP2_CAATTCCATTGTCATGCAGC,ZP2,104,121,116
ZP2_TCACAAGCTATTTGTGCACC,ZP2,1088,354,199
ZP2_CAGTGGCATTGAATGGCACA,ZP2,369,102,152
ZP2_TGCAAGTAGAAGAGACCCAG,ZP2,962,396,181
ZP2_TTCGGCATGTCGAGACCAAG,ZP2,1014,338,376
ZP2_ATGGCGTGCAGGCAGAGAGG,ZP2,297,0,0
ZP3_CGTACTGGTGGAGTGTCAGG,ZP3,834,79,105
ZP3_GCTGACCATGACCATCAGAG,ZP3,830,458,255
ZP3_TGCGCGGTTAGTCCTCACGA,ZP3,1544,138,552
ZP3_CTGCTGTTCTTCTCTCAGGC,ZP3,1223,763,621
ZP3_TCACCCATGGAAGTCCACGA,ZP3,2046,459,377
ZP4_CTGGAACTTCAGATTGCCAA,ZP4,1206,648,720
ZP4_TTCCTGTGGCACCACAAGAC,ZP4,1997,907,875
ZP4_GGTGTGACTCCATCCCAGCA,ZP4,426,581,416
ZP4_AACACAAGGTGGTTACAGAG,ZP4,1198,210,167
ZP4_TGTGGCACCTGGATAAGAAA,ZP4,679,347,582
ZP4_TGCTGTAAACCTCAACCAGG,ZP4,61,227,340
ZPBP_GGCAATGAATTCCATCACGG,ZPBP,783,154,125
ZPBP_TTCACAGTGATCTGCAGCCC,ZPBP,1709,281,252
ZPBP_TGCGGTTGTCCCTGCGGAGC,ZPBP,853,247,428
ZPBP_TTGTCCCTGCGGAGCCGGCA,ZPBP,1064,252,222
ZPBP2_CGTCTGGATAGCTGTCGACC,ZPBP2,2503,361,145
ZPBP2_ATAGGTAAGGACGGAAACGC,ZPBP2,903,405,191
ZPLD1_CCGTTGAACTGAGCAGACCC,ZPLD1,811,377,79
ZPLD1_TGCAAACTTACGAAGCAAGC,ZPLD1,1579,305,582
ZPLD1_TCGGCCATTCTCAATGACGG,ZPLD1,527,43,320
ZPLD1_TTGAGAATGGCCGAAGCCAG,ZPLD1,647,218,344
ZPLD1_GGTCCCATCATTACTCGGAG,ZPLD1,385,162,137
ZPLD1_ACTGGCCCTTCTGCACAGGA,ZPLD1,453,184,91
ZRANB1_GAGTCCCGCTTCGTAGCAGG,ZRANB1,250,1,94
ZRANB1_TAGCCAACATCAAAGGCAGA,ZRANB1,621,180,78
ZRANB1_TGCCTCTCTTCATCAGAGAA,ZRANB1,239,95,66
ZRANB1_GACTGTATGCACTTTGGAAC,ZRANB1,1524,316,184
ZRANB1_GATTGCTCTGGGTTATACGA,ZRANB1,656,34,24
ZRANB1_GCTGGACTGCTGTGTGACGG,ZRANB1,494,142,97
ZRANB2_TTATGTCTTACAGACGCCAC,ZRANB2,194,89,123
ZRANB2_CAAGATCACGGTCACCCGAA,ZRANB2,1447,300,244
ZRANB2_ACGAGATCTTGACTGCGAAC,ZRANB2,1451,243,334
ZRANB2_CCTAGACCTTGAACTTGAGG,ZRANB2,1109,104,229
ZRANB2_CCGACCACATCGATTACAGC,ZRANB2,1430,202,365
ZRANB2_GAATTTCCGAGTCAGTGACG,ZRANB2,433,137,316
ZRANB3_AAAGGATCCTGACACTCGCG,ZRANB3,478,157,199
ZRANB3_AACTCCAAATTCAGGTGCCA,ZRANB3,383,107,281
ZRANB3_ACCTCAGTGGGATTGTAGAG,ZRANB3,1449,220,485
ZRANB3_CCAGAAATGCAACTCGCAGC,ZRANB3,1095,137,189
ZRANB3_GAAGGGACCACTATTAACAG,ZRANB3,664,177,233
ZRANB3_TTCATCAGCCACCATACACC,ZRANB3,1525,378,508
ZRSR2_TGACGTTTCCCGAGAAACCA,ZRSR2,457,192,244
ZRSR2_TTCCCTAGGACTCTCACAGA,ZRSR2,1183,204,234
ZRSR2_CCTAGGACTCTCACAGAAGG,ZRSR2,874,224,211
ZSCAN1_TCTGGACGCTGTGCCGCCAG,ZSCAN1,719,94,93
ZSCAN1_TGCCCAGCAAGATGCGGACC,ZSCAN1,1353,565,843
ZSCAN1_AGAGGTTTGCTGGTCGGGAG,ZSCAN1,624,490,553
ZSCAN1_GAGTCTGCACACCAGGGCGG,ZSCAN1,809,41,97
ZSCAN1_GCACCAGAAGACCCATCGCG,ZSCAN1,1314,491,522
ZSCAN1_CCTTCCCGCAGACGCTACAC,ZSCAN1,1408,390,509
ZSCAN10_GCGGGAAGCGCTTTGTGCGC,ZSCAN10,0,0,3
ZSCAN10_GGCCTTACTCTCAGGAGCGC,ZSCAN10,528,83,9
ZSCAN10_CGGGAACTCTCCTCTGGCCA,ZSCAN10,2549,870,792
ZSCAN10_TCCAAGGTGACGTCTGCACG,ZSCAN10,1309,1005,157
ZSCAN10_CTTCCAGTATCAGGAGGACA,ZSCAN10,1887,68,100
ZSCAN10_CAGATGCTTCCAGTATCAGG,ZSCAN10,446,168,112
ZSCAN12_GAGGCTGGTGATTCCTCGGA,ZSCAN12,289,34,10
ZSCAN12_GCACTCATACGGCTTGGCGC,ZSCAN12,548,425,659
ZSCAN12_CTTGAATCCCAACAGGAGCA,ZSCAN12,1041,164,420
ZSCAN12_TCCAGAACTTGAATCCCAAC,ZSCAN12,451,361,302
ZSCAN12_TTGGCTGGGCTTTCATGGAC,ZSCAN12,1690,251,228
ZSCAN16_AGCTGGGTAAGAGCTTCACG,ZSCAN16,764,227,121
ZSCAN16_CGTGCACACCATCCAGAGAC,ZSCAN16,2310,292,429
ZSCAN16_TCCCAGGCAATTCAGAAAGA,ZSCAN16,1111,436,741
ZSCAN16_CCCAGGCAATTCAGAAAGAC,ZSCAN16,1630,489,770
ZSCAN16_CAGATCAGAATGGCAACAGA,ZSCAN16,889,314,363
ZSCAN16_AAAGACTTCAGTGGGCGCAC,ZSCAN16,782,110,286
ZSCAN18_CTCCTCAGTGGTGCCCGACG,ZSCAN18,2170,751,760
ZSCAN18_GAGTTCCTCAGTGTCCAGCC,ZSCAN18,662,272,189
ZSCAN18_TCCAGAGGACCCTCAGCACC,ZSCAN18,736,357,434
ZSCAN18_TTAGCGATGGAGTGTACGAG,ZSCAN18,2050,401,417
ZSCAN18_CCGGGAATTTGTCTACCAGG,ZSCAN18,748,503,421
ZSCAN18_CGCCCATGCGGAGAGTCGGA,ZSCAN18,209,238,146
ZSCAN2_GCCTCAAGAGGAAGATAGAC,ZSCAN2,417,135,70
ZSCAN2_CAGCACAGCTTCTTGCACCC,ZSCAN2,2372,522,1033
ZSCAN2_AACTGGTCACCTCCACCGGA,ZSCAN2,638,173,109
ZSCAN2_CTCCAGTCTGATTGCACACC,ZSCAN2,3106,1081,1031
ZSCAN2_GCCCTGGTGTGCAATCAGAC,ZSCAN2,1959,616,974
ZSCAN2_AAACTTGAGGAAGTACAGCC,ZSCAN2,720,379,314
ZSCAN20_AGGATTGGCACCGAGAGACC,ZSCAN20,1039,27,84
ZSCAN20_CGGCATTTAGGTGATTGGGA,ZSCAN20,1031,575,644
ZSCAN20_AGTCCCTACTCTCCCAAAGA,ZSCAN20,968,228,204
ZSCAN20_GAGGGTACGTCTCCTTACCC,ZSCAN20,271,102,163
ZSCAN20_GACTTGTCACCAGAACCGCC,ZSCAN20,82,123,0
ZSCAN20_CTCACTGAGAATTGCCAGGA,ZSCAN20,1808,1428,1138
ZSCAN21_GGAGGCCTAGGGCCCAGAAC,ZSCAN21,486,232,442
ZSCAN21_ACCCAAACTGCCTGAAGCGC,ZSCAN21,700,270,1041
ZSCAN21_GAGCGGGAACTGGATGAGCC,ZSCAN21,456,246,306
ZSCAN21_GAGGATATCTTCTCCCACAC,ZSCAN21,622,307,283
ZSCAN21_CCAGACTCTTGGATGTACAG,ZSCAN21,1979,983,967
ZSCAN21_CACACTTACAGTCATAGGGC,ZSCAN21,1345,138,93
ZSCAN22_ATCTGGTCCACACGAGGCCC,ZSCAN22,193,72,83
ZSCAN22_GACAGCACAGCGCTCGGAGG,ZSCAN22,694,152,216
ZSCAN22_TTCACATGCCTTGACAAAGG,ZSCAN22,1363,235,222
ZSCAN22_AGGTTCACATGCCTTGACAA,ZSCAN22,709,241,635
ZSCAN22_CACCAGATTCACGGCCACGC,ZSCAN22,885,522,1152
ZSCAN22_AGCACCAGGTTGTCCACACA,ZSCAN22,1769,485,983
ZSCAN23_GATGCTGGATTAGGTTGCAA,ZSCAN23,548,463,559
ZSCAN23_TCTCTGGTGCTCGATAAGGA,ZSCAN23,1068,187,250
ZSCAN23_GCACCGTCCTGTGAGTGGAG,ZSCAN23,3054,429,628
ZSCAN23_AGTCTTTGAAGAGCCTCCCG,ZSCAN23,416,245,122
ZSCAN25_AACTGGAGAAAGAGTTGCCA,ZSCAN25,379,159,199
ZSCAN25_GGACCTGACAGAAAGAGCAC,ZSCAN25,1871,224,246
ZSCAN25_CATTCAGGCTTGACCTCCAC,ZSCAN25,300,214,154
ZSCAN25_GCACTACCTGTTCTGCAGGC,ZSCAN25,779,129,138
ZSCAN25_CCAAAGCAGTCTATCTGGGC,ZSCAN25,748,227,529
ZSCAN25_CACAGACCCTTCCGAGCCCA,ZSCAN25,1431,103,107
ZSCAN29_CATGCATCAGGTATCCCACC,ZSCAN29,869,31,88
ZSCAN29_ACTGTAGATCAGGAAGACAG,ZSCAN29,184,272,259
ZSCAN29_GCAAGCTGAGGAAGCAGACG,ZSCAN29,596,73,90
ZSCAN29_GACACTGTTCCAGGGTCCGG,ZSCAN29,63,9,0
ZSCAN29_ACCACACCGGATTTAGGAAA,ZSCAN29,743,335,398
ZSCAN29_TCTCCTGAAACGCTGTCGGA,ZSCAN29,484,20,33
ZSCAN30_CTGGAGAAACACATTCCCAA,ZSCAN30,1019,335,557
ZSCAN30_TCAGCAGCTATGATATCGCC,ZSCAN30,724,119,381
ZSCAN30_GGTTCTCTAAGGGCTGCACC,ZSCAN30,53,85,27
ZSCAN30_ACTGGAGGAGCCAAGGCAAC,ZSCAN30,371,283,136
ZSCAN30_CGAGAGCATCGGCCAGAGAA,ZSCAN30,2590,675,773
ZSCAN30_TGACTCCACTGGCCCTCGGG,ZSCAN30,766,65,144
ZSCAN31_GAACATCGGCGGAGCCACAC,ZSCAN31,444,147,150
ZSCAN31_AAGCAGCAGGCACATTCCAC,ZSCAN31,265,162,152
ZSCAN31_GGAACATCTGAAGGTCAAGC,ZSCAN31,464,152,307
ZSCAN31_AACAAGAGCTTAGTGAGCCA,ZSCAN31,698,218,275
ZSCAN32_TGCGCCGGTGAGCACTGAAC,ZSCAN32,2101,1155,1419
ZSCAN32_AGTTACCGCAAAGTGAGGAG,ZSCAN32,376,199,275
ZSCAN32_CATCCATTCTTGCTGACAGA,ZSCAN32,1334,369,175
ZSCAN32_GGCATCAACCACAGCTCACC,ZSCAN32,97,122,15
ZSCAN32_GAGATCCCAATGGAAACAGG,ZSCAN32,98,60,30
ZSCAN32_CGGAGTCAGGGCTGTTACCC,ZSCAN32,2143,1279,915
ZSCAN4_GAACGGTCCTAGGCCTGAAG,ZSCAN4,928,96,195
ZSCAN4_TCCCTATGGTGATGGGAGCA,ZSCAN4,1416,924,391
ZSCAN4_TAGCTCACCAGAGAAGACAC,ZSCAN4,1414,141,172
ZSCAN4_GCGGTAGCTTGTCTTACAAA,ZSCAN4,1246,407,406
ZSCAN5A_CATGTGACGTGTGCGAGAAG,ZSCAN5A,988,417,218
ZSCAN5A_TGCGAGCCCAGTCAGTCACC,ZSCAN5A,663,100,320
ZSCAN5A_GGTGAACCAGATGCGTCCAG,ZSCAN5A,192,0,0
ZSCAN5A_TGAAAGACGTGTCCAGCCAA,ZSCAN5A,1575,351,398
ZSCAN5B_CCTCTTGTGGCCCTGTAAGG,ZSCAN5B,194,32,15
ZSCAN5B_GCTGAACTCAGATGTCGAGA,ZSCAN5B,415,35,45
ZSCAN5B_ACCGTGGAGTGTCTGACCCA,ZSCAN5B,1775,264,392
ZSCAN5C_TGTGAACCAGATGTGTCCGG,ZSCAN5C,1163,131,150
ZSCAN5C_GCCGCACACCTCACATGCAA,ZSCAN5C,1873,317,248
ZSCAN9_CCTGGGTGTTCAAGTTCCCG,ZSCAN9,698,378,448
ZSCAN9_CGGAAGATTTCCCTTGCCAG,ZSCAN9,1434,322,1012
ZSCAN9_CACCTGTCTCTCCAATAGAA,ZSCAN9,341,483,535
ZSCAN9_GATGTTGAACGAATCCCACC,ZSCAN9,482,142,125
ZSCAN9_GAAACATGGCCTAACAACAG,ZSCAN9,548,215,488
ZSCAN9_GACCTGGGAGGTATCACAGC,ZSCAN9,490,99,14
ZSWIM1_CACCGGACCTATAACCCAAG,ZSWIM1,537,402,448
ZSWIM1_GAAGGAAATGAGGATCCACC,ZSWIM1,48,128,75
ZSWIM1_CCCTTGAACGGCCCGTGGAA,ZSWIM1,1043,467,377
ZSWIM1_CTGCAGCTGCTACTTTAACC,ZSWIM1,2576,736,1120
ZSWIM1_CTGGATTGGGCCTTATGAGC,ZSWIM1,1119,327,394
ZSWIM2_CAAAGTAGACACTGGTAGCC,ZSWIM2,612,323,686
ZSWIM2_GCACAGAGGACATTTCAACA,ZSWIM2,2382,1257,1496
ZSWIM2_CTCACTAGCTGCTTTACAAC,ZSWIM2,3057,1369,1819
ZSWIM2_TTCCACATTTCCGAAAGGAG,ZSWIM2,1461,317,256
ZSWIM2_ACGCACATTGGGTATGCCAG,ZSWIM2,1640,403,258
ZSWIM2_GCTCAGCTGGCACCAAGACC,ZSWIM2,1015,265,519
ZSWIM3_CGCTTCCACAACCTCAACCA,ZSWIM3,3192,845,1081
ZSWIM3_CTTCGCGGATGGAGGTGCCA,ZSWIM3,30,27,63
ZSWIM3_AGCAGTCCAGTAGTACAGCG,ZSWIM3,3202,647,678
ZSWIM3_TGTAGGTGTTACACGCAAGC,ZSWIM3,1541,585,494
ZSWIM3_GCAGCCGGTTGGTGAAGCCA,ZSWIM3,523,304,320
ZSWIM3_GCCAGGAGACTTTAAGGACG,ZSWIM3,296,138,162
ZSWIM4_TGCTGGACCTCAGCGCCAAG,ZSWIM4,692,417,461
ZSWIM4_AGAGGGCGAGCACGATGCCC,ZSWIM4,113,60,0
ZSWIM4_AGTTGATCTCGGAGCCCAGC,ZSWIM4,127,43,101
ZSWIM4_GCTGCGCTCCATGTTCAGCA,ZSWIM4,885,291,284
ZSWIM4_TGCGAATGCGGGACTCCAAC,ZSWIM4,1332,573,409
ZSWIM4_TCAGGACGACGCAAACCCAC,ZSWIM4,465,215,292
ZSWIM5_AACCCTTAACTGGAGACGCA,ZSWIM5,380,101,21
ZSWIM5_CAGGGCGTCAACTCGAGCAC,ZSWIM5,1050,457,125
ZSWIM5_CTAGACTTACCAAGCCACAG,ZSWIM5,2885,424,662
ZSWIM5_CAGAGCCACAGTAACCGCCC,ZSWIM5,968,233,155
ZSWIM5_GAGTGGCACAGTAACTGAGC,ZSWIM5,303,51,175
ZSWIM5_AAAGTGGGCATACGAACGGG,ZSWIM5,319,67,178
ZSWIM6_GAAACGGCTTTGCTGCCGGC,ZSWIM6,129,54,107
ZSWIM6_CTGTCACTGTGCCGCTCAAG,ZSWIM6,2266,2591,1864
ZSWIM6_GGTGCTCCTGATCCAACAGC,ZSWIM6,660,59,89
ZSWIM6_CTGTCACTTTGGCGGCAACA,ZSWIM6,2642,1370,1354
ZSWIM6_CCACTGCAAGTTGGAGCAAA,ZSWIM6,2347,841,1241
ZSWIM6_ACTCCCTCTTCGACTCCCGC,ZSWIM6,740,756,311
ZSWIM7_CTGGTAAACACGCCTTCCAC,ZSWIM7,997,467,323
ZSWIM7_CTTTGGCTCATCAGCCACCC,ZSWIM7,610,202,84
ZSWIM8_GATGGCGCAAACAGTCAGCG,ZSWIM8,144,0,217
ZSWIM8_AGCTGTAGCTGCTCAGGCAC,ZSWIM8,1017,31,81
ZSWIM8_AGTGCGGATGAGTTTCAGCG,ZSWIM8,2199,239,308
ZSWIM8_TCAGATGGTCCCTCCTAAAG,ZSWIM8,3735,537,540
ZSWIM8_AGTCCCTGTCCCGGCTACAG,ZSWIM8,1647,67,56
ZSWIM8_CCGATTTACCTGAAGACCAC,ZSWIM8,1255,421,236
ZUFSP_AAGCGAGGGTGTGTACCCAA,ZUFSP,453,314,69
ZUFSP_GGTTACAGGGAACAAAGGCC,ZUFSP,128,64,38
ZUFSP_ATGCTGCCACAGATGTGAGA,ZUFSP,698,30,199
ZW10_GAAGTATATCCTTAGGCCGC,ZW10,164,15,9
ZW10_CACTGAACAATCGCACAAAG,ZW10,3644,365,444
ZW10_TGGTGCTCAGCGTCTGGAAG,ZW10,2112,544,595
ZW10_ATGTGTGAATTAGGTCCGCC,ZW10,151,6,25
ZW10_GCCTAGCATGCAGAGCGCGC,ZW10,246,227,0
ZW10_TTCTGTCACGAACGAGGCCA,ZW10,538,151,58
ZWILCH_CAAGTGCAGTTGATCAGCAA,ZWILCH,848,87,61
ZWILCH_ACTTGCTTTACCAGTTGGGA,ZWILCH,199,26,1
ZWILCH_ATCATCCAGAGTCTACAACG,ZWILCH,1494,170,303
ZWILCH_CACACTACTAAACCTACCCA,ZWILCH,2917,6,80
ZWILCH_TAAACGGTAGCCTGGAAGAA,ZWILCH,764,91,162
ZWILCH_CACTTCACTTGAAATGCACC,ZWILCH,661,1,34
ZWINT_AGGTGAGGGAGCGTAAGACA,ZWINT,2681,321,464
ZWINT_GAGGTGAGGGAGCGTAAGAC,ZWINT,1242,593,795
ZWINT_GAACCAGTGGCAGCTACAAC,ZWINT,1081,228,366
ZWINT_GCTCGTGTCTTCAGAAGCCA,ZWINT,293,2,58
ZWINT_CTCGTGTCTTCAGAAGCCAA,ZWINT,701,154,198
ZWINT_GGAAATCCGCTACCTGAAGC,ZWINT,454,31,85
ZXDB_GATCGGTCCTCGGCGCCAAC,ZXDB,527,65,62
ZXDC_GGCAGGACACCTTCGCCGGA,ZXDC,0,25,53
ZXDC_TGTTCTGGCTTGCATGGAAA,ZXDC,1105,702,758
ZXDC_CCGAGCCATTCAACTAGCCA,ZXDC,2394,1115,903
ZXDC_CTGCTGTCCCGAGAACCAGA,ZXDC,644,186,312
ZXDC_GAAAGTGCAGACCTTGGCGC,ZXDC,1174,101,261
ZXDC_GCCTGGCTCCCGTGTCAACC,ZXDC,347,268,120
ZYG11A_CATGGTTCATTTCTTGCACC,ZYG11A,877,401,503
ZYG11A_GAATGTCCTGATTGCTAACC,ZYG11A,817,252,275
ZYG11A_GGAAACTCCAATGCTCCGGA,ZYG11A,134,49,37
ZYG11A_ATTTGTGGGACTATTGGCCA,ZYG11A,563,262,228
ZYG11A_TAGGTTGAGAGCGCAAGCAC,ZYG11A,365,142,121
ZYG11A_GGATATCCCGTGACTTCCAG,ZYG11A,193,220,145
ZYG11B_TGCATGCCCGAGGACCAGGC,ZYG11B,1361,177,319
ZYG11B_ACCTGGAGTATTCCCACAGG,ZYG11B,575,154,275
ZYG11B_GCAATGAGGCAACTTCAGCC,ZYG11B,558,172,283
ZYG11B_ACATCAGCCAGGAGTCGGAC,ZYG11B,762,103,106
ZYG11B_TCTCCTACACAGTGTGGAAG,ZYG11B,541,166,121
ZYG11B_GCCAACTCCAGAGTGTGAGA,ZYG11B,690,58,111
ZYX_AAACGGAGATCGCGGGAGAC,ZYX,672,243,323
ZYX_TACTCTCCGGTCCCTTACCC,ZYX,520,27,89
ZYX_GGTTGTGACCCAGATCCACC,ZYX,393,55,33
ZYX_GACTGTAGAACTGCTGGCCC,ZYX,191,233,458
ZYX_TGACCGCATGCTGAGGGCCA,ZYX,347,166,91
ZYX_GACTGTGCGAGTGGTCGCCC,ZYX,247,7,54
ZZEF1_CCCTAATGTGCTGGAAGAAG,ZZEF1,1931,509,733
ZZEF1_CCAGAGCTACATGCCACAGC,ZZEF1,727,292,277
ZZEF1_CCACCGAATCCAGTGTGAAC,ZZEF1,2623,781,518
ZZEF1_CTTCAGGACGGAAGACCGCA,ZZEF1,314,121,236
ZZEF1_CTCAGCATCAAACTGGGCAA,ZZEF1,1035,422,926
ZZEF1_GAGTGACAGACTCTTCGCCG,ZZEF1,813,70,249
ZZZ3_CAGCAAATGCAAGCTGAAAG,ZZZ3,1393,811,801
ZZZ3_GAAATACTTCTGTACTCGGC,ZZZ3,341,0,0
ZZZ3_AAGAAGTAGAATCTCGACGC,ZZZ3,1270,1,0
ZZZ3_ATGGAAGCCCAATATCAGCC,ZZZ3,329,27,15
ZZZ3_TCTGAGAACCTCACCACGAA,ZZZ3,1422,143,77
ZZZ3_AACATGTTCCACAGGCAAGC,ZZZ3,843,36,148
chr10_AGCTGCGAGCCACCTGAGCA,chr10,1328,392,620
chr10_ACCTCCTAATACCTTCACAC,chr10,710,0,0
chr10_CATGCCTCCAGCACCTAGCA,chr10,906,328,183
chr10_AGCTCCATCTCTATAAGACC,chr10,1041,37,163
chr10_GCAGGAGAATTGCTCACACC,chr10,365,0,0
chr10_CTTGAAGACAAATCAGCCAG,chr10,1173,138,271
chr10_TGCACCACTGCGCTCCAGCC,chr10,8,0,0
chr10_CCTGAGAGTCAATAAACACG,chr10,2075,387,160
chr10_ACAGGAGTTCAAGACCAGCC,chr10,2,0,0
chr10_TTTCTCACGGCTCTGAAGGC,chr10,15,34,54
chr10_TCACATGTAGAGTTACCCAG,chr10,751,71,373
chr10_AGACATTGTTCAGCTCACAG,chr10,2452,539,857
chr10_CAGTGATCCGGATTCCAGAG,chr10,955,485,549
chr10_CACAGCACAGAAGCCACAGC,chr10,739,0,0
chr10_CTGGTTCCTAGAACCCAGCC,chr10,435,52,180
chr10_GAGTCTTGCTCCTGTCGCCC,chr10,232,0,0
chr10_ACAGGGAGAGGAGGAAGAGA,chr10,429,0,0
chr10_GATAATACACCACGAGCAAG,chr10,456,416,344
chr10_TCTCGCTCTGTCATCCAGAC,chr10,19,0,0
chr10_TTCCCACCAACAGTGTACCA,chr10,19,0,0
chr10_CTCAGCCTCCCAACTAAAGC,chr10,2354,274,355
chr10_CACGACACTGCACTCCAGCC,chr10,19,0,0
chr10_GGAGTCTTGCTCTATTACCC,chr10,5,0,0
chr10_CTTAGCTCAATCACTGCCCA,chr10,865,128,33
chr10_ATACACACACACAAGCCCAC,chr10,0,66,3
chr10_GCAGTGTTCTTAGTAAGCCA,chr10,1135,177,159
chr10_CACAGACGACTGTGAACCCG,chr10,956,655,388
chr10_GAGAGAGAGAGAGAGAGAGA,chr10,21,0,0
chr10_CTGTAGCTATTGAACACAGC,chr10,166,256,328
chr10_ACAGTCTACCCATCTGACAA,chr10,1200,0,0
chr10_GCACAGTCTACTAATTAGCC,chr10,441,72,127
chr10_CTAAGGCAGGAGAACCCAGA,chr10,354,0,26
chr10_GATTGCGCCACTGCACAGCC,chr10,169,0,24
chr10_AGAGGGAAGAACGATAAACC,chr10,764,272,161
chr10_TGAGTCTCGCTATGTTGCCC,chr10,261,0,0
chr10_CATCTACTGAGACACCAGCC,chr10,441,44,20
chr10_AACCGCCTAAATCTTCCCAA,chr10,412,124,56
chr10_TGTGCCTGGTCGGCCTCACC,chr10,450,81,148
chr10_CCACATCCTTGATTTGAGAC,chr10,2381,622,748
chr10_TCCTCTCCGCGCACAGCCAA,chr10,738,138,37
chr10_TCTACTCTTCTGCGCTGCCC,chr10,115,105,126
chr10_AGCATCTTGCTCTGTTGCCC,chr10,5,0,0
chr10_CATGCCACTGTACTCTAGCC,chr10,2,0,0
chr10_GCACGCGAATCGCTTGAACC,chr10,0,0,1
chr10_AGGCAAAGGTTGCAGTGAGC,chr10,244,0,0
chr10_GCGCTCCTCACATCCCAGAC,chr10,885,0,0
chr10_CTGGAAGGCAAACTGCCCAA,chr10,499,88,312
chr10_AGGCTCTGGATAGTGTCCAG,chr10,1099,162,96
chr10_TTACTCTTTGTTGCCCAGGC,chr10,463,1,26
chr10_GAGCGAGAACTGGGACGCCA,chr10,124,143,95
chr10_TGAGGGAAGGGAGAATGGAA,chr10,328,0,0
chr10_CGTGCCATTGCACTCTAGCC,chr10,1,0,0
chr10_ATTACAGGCATGCGCCACCA,chr10,169,0,0
chr10_CAGAGTAAGAAACTTGCCCA,chr10,378,3,14
chr10_GGGCGGCCATTATATGACAA,chr10,995,217,294
chr10_CAAGACAGACATTCCCAGAG,chr10,1797,0,0
chr10_TGTGTTCCTCCCACAACACA,chr10,949,23,11
chr10_TGATGGCTCTAGGTACACAC,chr10,526,92,34
chr10_ATGGTGTAGGAGGGATCCAG,chr10,245,20,0
chr10_TGAGAGAGGAAGCAAGAGAG,chr10,370,0,0
chr10_TTTCGCTCTTGTTGCCCAGC,chr10,512,59,19
chr10_GCACGGGAATCGCTTGAACC,chr10,1,0,0
chr10_CCCACCTCAACCTCCTCAGC,chr10,537,677,629
chr10_TGCACGACTGCACTCCAGCC,chr10,85,0,0
chr10_ATCCAGATGCTGACTACCCA,chr10,518,392,118
chr10_GAGTGAATAAGTTCATGGGC,chr10,4,39,49
chr10_CCTGTCGAGAAGGAAAGGAG,chr10,418,290,175
chr10_AGAGGGTGGCTCTGTGGCCC,chr10,178,8,0
chr10_ATAGTTGATAGTGCCCGAAG,chr10,1347,270,250
chr10_CAGGCATGCGCCACCACACC,chr10,3,0,0
chr10_GGCTTTGGAGCCAGCAGACC,chr10,396,184,470
chr10_CTTTGAATTCCGGGACAGAG,chr10,1299,459,535
chr10_CGGATTGTGAAATGTAAGCC,chr10,733,756,576
chr10_CGCACCACTGCACTACAGCC,chr10,4,0,42
chr10_AAGTGCCAGTCACACTGCAA,chr10,901,184,225
chr10_TGCCAGACTTAGTTACCCAG,chr10,1404,160,262
chr10_AAACCCAAGAGAAAGCCAGA,chr10,433,13,41
chr10_AATCCATCTAGAGCCTCCAC,chr10,263,58,122
chr10_TTGACCAGGCTGGAGTGCAA,chr10,19,0,0
chr10_GGGCTTCTTAGAAACTGCAC,chr10,308,14,21
chr10_CGTGCTACTGTATTCCAGCC,chr10,959,27,36
chr10_CCTGTGAACAAGACTTCCCA,chr10,687,1,20
chr10_TGAGTCTTGCTCTGTCGCCC,chr10,1,0,0
chr10_GCCAAGGTGGGTGGATCACA,chr10,46,0,0
chr10_AAAGTGCACGTCTGTAAACC,chr10,956,538,643
chr10_CATTGTGGCCTACAAGACAC,chr10,357,88,65
chr10_TGCCAGCAGACTGAAACAGA,chr10,2500,343,243
chr10_TCCTGAGTAGCTGGGACCAC,chr10,4,0,0
chr10_CTTCTTGCTGTGTCTTCACA,chr10,191,0,0
chr10_AAGTGTGCTTGCTTCAACAG,chr10,1387,340,581
chr10_GCAAGCATCAGAACCAGACA,chr10,906,0,12
chr10_ACTCTACTGAGCTGGGAAGA,chr10,1243,220,192
chr10_AGTTAGCTTTGCCTATGCCC,chr10,219,0,0
chr10_GAGCCCACCACAGCTCAAGG,chr10,364,0,0
chr10_CCCTGCCTCCTGACTAACCC,chr10,738,152,184
chr10_TTTCTACACTACCACTCCAC,chr10,979,86,75
chr10_TTAGCCTTCTCGTCTGACAG,chr10,1877,500,1271
chr10_TGGTGCGCCGTTTCTTAAGC,chr10,731,11,1
chr10_TCTAGCTGGTAGCTGCAGAC,chr10,849,230,386
chr10_GATCTGTCCAATCCTGAAAG,chr10,819,64,79
chr10_ATTGGGAGCAGAGACTAGGG,chr10,50,0,0
chr10_AAGGAAAGAAGAAGGGAGGA,chr10,365,0,0
chr10_GAGGTCTCCCTATGTTGCCC,chr10,2,0,0
chr10_ATGCTCCATGTGACCCAGAC,chr10,829,473,557
chr10_ATCCGATTGTGCAGACACCA,chr10,1409,177,215
chr10_CAGTTTCACTCTTGTTGCCC,chr10,226,0,0
chr10_AATGGCATGAACCCAGGAGG,chr10,1,0,0
chr10_GCCTGTCAAAGTCTGAAAGA,chr10,181,100,161
chr10_TTGCCCAAGCTGGAGTGCAA,chr10,6,0,0
chr10_TCCTGCACAAGCTACAAAGC,chr10,1757,441,358
chr10_CAAACTGGGATAGAGTGAGC,chr10,186,86,245
chr10_TCCAAACCACAAGAGCACGA,chr10,422,753,666
chr10_CAAGAAGCTCAAAGAACACC,chr10,290,1,17
chr10_CAATGAGAGAGAGAGAGAGC,chr10,306,0,0
chr10_GAAGCTTACCTGTGCAGCCA,chr10,704,374,269
chr10_TTCGTCACCTGAAGTTGAGC,chr10,835,74,111
chr10_TCAGGTGTTTGAGACCAGCC,chr10,1,0,0
chr10_AAGCTAAGAAGCGAACAGAC,chr10,765,244,451
chr10_AATGCCCAGACAACTTCCAG,chr10,779,132,158
chr10_TAGGAGAATCGTTTGAACCC,chr10,1,0,0
chr10_ATAAGCGTTGCCTAGAGCAA,chr10,609,0,5
chr10_TCACCATGTGCCAGATAGAA,chr10,1809,777,1249
chr10_GAGAACACATGGACACAGGA,chr10,74,0,0
chr10_GGAGAACTCACAGTTCCAAG,chr10,549,39,22
chr10_TCCTCACTGCCAATAGACAC,chr10,761,507,329
chr10_TTCACTATCCTGAGAAGCAC,chr10,686,277,279
chr10_TGTCACTTTCTGACAAGACC,chr10,967,690,506
chr10_CTGTGCTCTCTCACCACGCC,chr10,433,172,284
chr10_TCCCACTTGCCATGAAACAG,chr10,2577,866,1011
chr10_CCTATGTCTCATCTGAGACA,chr10,734,0,0
chr10_AGACTCGTGCTCTGTTGCCC,chr10,358,1,17
chr10_TGTGAGCATGTGATATCAGC,chr10,451,104,160
chr10_CCATTCTAACTGGTGTGAGA,chr10,638,0,0
chr10_AATATGCAGGCTAGGCACAG,chr10,631,6,62
chr10_GCCAAGAGCTGTCTCTCAAA,chr10,1030,6,14
chr10_ACGGGCCTAATTGTAGCCAG,chr10,533,204,128
chr10_CCCAAACCCGCAAACCCAAA,chr10,751,898,628
chr10_ATGGCTGGCCGTGGTACGAG,chr10,1599,467,314
chr10_CTCTCTATCCTTCTTCGCGA,chr10,912,411,397
chr10_TAGAAGGCTTGCGTGACCCA,chr10,751,0,46
chr10_ACAGCTTGAGATCTGAGAAC,chr10,1478,0,2
chr10_TGGGAGGATAATCTGAGCCC,chr10,477,0,0
chr10_CACACCACTGCATTGCAGCC,chr10,5,0,0
chr10_CTACAGGCATGCACCACACA,chr10,3404,639,945
chr10_GAACCAAACTGTTCCGCACC,chr10,982,93,15
chr10_GGCTCACTCTGTAATCCCAG,chr10,235,110,172
chr10_TTCACTGCTCCTTGTGGAGC,chr10,476,283,189
chr10_GGTGTGGGTAGCCTCCCAAA,chr10,250,131,58
chr10_CTAACCTGGGCGATAGAGCG,chr10,739,186,245
chr10_GGCATGACTAGGGACAACAA,chr10,752,247,237
chr10_AGCGCCATTGCACTCCAGCC,chr10,2,0,0
chr10_TATATGGAGGCCCATTGACC,chr10,211,81,85
chr10_TCCCACACAGGCCATCCCGC,chr10,1494,258,759
chr10_GGAAGAATATTGCTGGCAGA,chr10,426,95,98
chr10_TCTTATCGACACAACCAGCC,chr10,732,152,95
chr10_CTTCATTCATGTCCCTGCAA,chr10,7,0,0
chr10_CTGTCCAGACAGGACCCAGA,chr10,907,277,363
chr10_TGACAAGTACTACCTCAGCC,chr10,750,36,104
chr10_CAATACACCCATAGTTGAGC,chr10,192,110,155
chr10_GCACTTTGGGAGATCGAAGC,chr10,401,0,7
chr10_GAAGAAACTCAGTCACAGAG,chr10,709,167,73
chr10_AGTCTCTCACTCTGTCACCC,chr10,286,0,0
chr10_CTCCTCCTTGCATATCAAAG,chr10,1602,1191,974
chr10_GCACTTTGGGAGGCTGAGGC,chr10,13,0,0
chr10_CCCTGTCGCACATCCTACGA,chr10,1061,730,1162
chr10_CAGGAGGATCCCTCAAGCCC,chr10,895,0,0
chr10_GACCACAGGTGCATGCCACC,chr10,173,0,0
chr10_TGACTGAACTGCAAGTGAGA,chr10,836,290,213
chr10_TGTTCAACATGCCAAGAACC,chr10,1260,126,60
chr10_CTCCCAGGTTCGCAGAAACA,chr10,2004,768,848
chr10_TCACACAGGTCCCTGAACAG,chr10,1819,215,322
chr10_CCGGAATGGACTCCTCCAAG,chr10,1231,678,1163
chr10_CCAGAGGTACAAGGAGGAGC,chr10,1623,0,0
chr10_GCCTTCTAATCCCATAAAGC,chr10,1116,260,149
chr10_CTCAGCACTCAAATAGACCC,chr10,1246,296,107
chr10_CCATACGAGTGACCTTGAGC,chr10,1482,94,177
chr10_CATGTAGTCTGAATACAGCC,chr10,1251,62,56
chr10_AGACTCGCTCATGTGAGAAC,chr10,2169,649,400
chr10_CTGCACATTCATCTCGAAGC,chr10,2940,778,248
chr10_GCTGTTGCGTATACTCAGAC,chr10,696,122,185
chr10_ACCTCATCAGAAGCAGACGC,chr10,462,24,15
chr10_TGTGAAGAAATACCTGAGCC,chr10,525,229,51
chr10_GAGCTTGCAGTGAGCCAAGA,chr10,385,70,0
chr10_CATGAGAATCGCTTGAACCC,chr10,33,0,0
chr10_AGCGTCTCACTCTGTCACCC,chr10,2,0,0
chr10_TTAGTTCAGCCACTGTGGAA,chr10,817,0,0
chr10_CTCTAACTCTGTGACGAGCA,chr10,505,412,657
chr10_GCCTGTGGTCCACTAACAAC,chr10,1742,460,559
chr10_GGCTGGCCTTTGGGAGGCCA,chr10,65,0,2
chr10_TATACTCAGGAGGCTAAGAC,chr10,1185,0,0
chr10_TTGCGCACTGCACTCCAGCC,chr10,7,1,1
chr10_GCCCAGTTCCATTCTAAACC,chr10,2425,347,485
chr10_TGCTCATAAGTGAGAACACG,chr10,947,127,100
chr10_GACATGTTGTGGGAGGGACC,chr10,218,0,0
chr10_GCAATGTTCCGTTAGAAGCC,chr10,683,329,122
chr10_TAGTCAGACACCCTTTGACA,chr10,834,375,194
chr10_AACCAGCATGATACGCAGAG,chr10,2174,541,500
chr10_TCATTAGCTTGCTTGCCCAA,chr10,251,82,221
chr10_CGAGTCTCGCTCTGTCACCC,chr10,1,0,0
chr10_CAAGAGAGAGAGGAGGAGAC,chr10,282,4,0
chr10_CAGATCCCTCCCACAACACG,chr10,1653,20,42
chr10_GAGACTGTTCAGTGAACAAC,chr10,357,110,200
chr10_TTGGATAAGCATGGTGAGAG,chr10,2837,512,360
chr10_GATGTGATGATGGAAGCAAG,chr10,313,11,0
chr10_TGCAATCCCAGCTACTCCAG,chr10,4,0,0
chr10_CGAGAACACACACATGAAGC,chr10,1451,356,522
chr10_TGACAACTTGCTAGCAGCCC,chr10,849,282,357
chr10_ACCTCCCAACACCATCACCC,chr10,466,0,0
chr10_GCGCAAGGGTCTCTGTGACG,chr10,733,536,652
chr10_GACACCACCAAATGACAGCC,chr10,1,113,122
chr10_CATTGTCTGCACCTAAACAC,chr10,884,246,169
chr10_CAGTTGACTTCTGAACAACG,chr10,1422,926,610
chr10_CGGGACTCGTCTCCCTCCAG,chr10,684,82,82
chr10_AGTACTTTGAGAGGCTGAAG,chr10,4,0,0
chr10_CAGGCTGTACCACACAGCCC,chr10,649,118,54
chr10_ACACCCACTACTTAGCAGAC,chr10,634,12,0
chr10_TGCACCACTACACTCCAGCC,chr10,7,0,0
chr10_GCACTTTGGGATGCCAAGGC,chr10,63,0,0
chr10_TTTGCTCTTGTTGCCCAGGC,chr10,686,12,44
chr10_TGCTGGTGTTCTGAACAAGC,chr10,1111,539,481
chr10_AGCGCCACTTTCAGATAAGA,chr10,1087,365,307
chr10_AAGGTGCCAAGAACATACAC,chr10,575,0,0
chr10_GAGATTACAGGCACGCACCA,chr10,557,22,0
chr10_GCTTCTGCCTAAAGCTCACC,chr10,182,73,97
chr10_CCTTCAGTTTAGACCCAACC,chr10,1789,1063,537
chr10_CACATCACTGCACTCCAGCC,chr10,5,0,0
chr10_GGTAAGACCTAGTCAGAAAG,chr10,156,55,119
chr10_GCACGTTCAACACTAGCCAA,chr10,1318,48,391
chr10_TTGACTGCCAGACAGAAGAA,chr10,1597,543,415
chr10_CTGAGAGCCCACGGTCACAG,chr10,1322,637,357
chr10_CGGGCAGATTGTTTGAGACC,chr10,1510,90,42
chr10_TGCTCTTAATTTGGTCACGC,chr10,1140,391,300
chr10_CACGCATGAGTCACCGCGCC,chr10,1077,0,0
chr10_CGAGGATCTGTCTGATACCC,chr10,1041,131,699
chr10_TTAAGAATCACGGCCAGGCG,chr10,1897,823,754
chr10_TGTTCAGATTTGTCTGCACG,chr10,129,183,304
chr10_AAAGGTTAAGTAAGGCCACG,chr10,816,208,197
chr10_AGGCCTCTTCACTGACCGAA,chr10,359,19,86
chr10_GAGGTCTCACTATGTTGCCA,chr10,2,0,0
chr10_TACCACTCCTGGCAGCACCC,chr10,1290,183,369
chr10_CAGGATGGCCAGCTAGCGCA,chr10,1524,399,564
chr10_GCTCACTAAACGTTGTGAAC,chr10,175,6,20
chr10_GGAGTACAAGGGTGGTCACC,chr10,75,16,13
chr10_TTGGAAATGATGTCTCCGGG,chr10,261,148,280
chr10_CCTCTAGCTGCAAGAGAAGC,chr10,290,23,148
chr10_TCATGACATTCCTACGCAGC,chr10,686,194,181
chr10_GGACACCCTGCTGCATCCAG,chr10,459,1,18
chr10_TGCGCCACTGAACTTCAGCC,chr10,8,22,60
chr10_TCTTGCTATATTGCCCAGAC,chr10,85,0,4
chr10_GCAAAGAGGCAAGGGAAGGG,chr10,52,0,0
chr10_GGAAGACGAGAGAAAGAGAA,chr10,336,97,80
chr10_AGCAGTTCCCTACTGAAGAC,chr10,943,97,82
chr10_TAACACCAGCAAGACCAGCA,chr10,922,426,649
chr10_CCAGGAGTTCGAGACCAGCC,chr10,312,0,0
chr10_GGAGTTTCGCCATGTTGGCC,chr10,152,0,0
chr10_AGGGTTTCGGTGGAGGAGCA,chr10,830,218,273
chr10_TATTCTCCTGCTTGTTCCAC,chr10,321,84,95
chr10_GAGAAGACATATCCGTGACA,chr10,232,17,137
chr10_TCCAGAACTTTGGGAGGCCG,chr10,744,21,32
chr10_CTTCTCACTGAGTCCTCACA,chr10,940,0,0
chr10_AGCCTGCTACGATCCCAAGA,chr10,1300,387,454
chr10_CTAGAGTCATACAGTCCAGA,chr10,846,272,200
chr10_TTGCACACTCCACTCCAGCC,chr10,49,2,11
chr10_GGCGCCACTGCACTTCAGCC,chr10,6,2,0
chr10_CCATATGGAAGAGATGCACA,chr10,178,0,0
chr10_CGAAGACCTCTCTAACCCAA,chr10,860,315,335
chr10_GACTTTCGTTCTTGTTGCCC,chr10,6,0,0
chr10_AGATTTAGAGTGAGGGCACG,chr10,811,190,219
chr10_GCAGGAGAATGGCTTGAACC,chr10,1,0,0
chr10_AGGGACGGAGAGAGGGAGAG,chr10,172,0,0
chr10_TTTCACCGTGTTAGCCAGGA,chr10,184,0,0
chr10_CCTGAATCTCTAATGAGGGA,chr10,416,273,162
chr10_AGGAAGCCCAACTTGGACCC,chr10,522,45,122
chr10_TCACCCTTCCAACGTACGCC,chr10,941,220,140
chr10_CAAGTGTATAAGGCTCAGGA,chr10,773,236,166
chr10_TGGTAGAGAGCTTAGTGCAA,chr10,2142,484,723
chr10_TAAAGAGCGGCTGGGCACAG,chr10,1923,30,70
chr10_CAGTAGGATCACTTGAACAC,chr10,970,29,0
chr10_ACGTCACATTCGGTACACAC,chr10,1406,401,367
chr10_CCCACCACTGCACTCCAGCC,chr10,6,0,0
chr10_AGAGTCTCGCTCTATCGCCC,chr10,3,0,0
chr10_AGGAGAGAGAGAGCAAGCAA,chr10,1392,13,0
chr10_ACAGTCTTGCTCTGTCGCCC,chr10,5,0,0
chr10_ACTGTAGACCCTCTCTACCC,chr10,257,11,130
chr10_TCATGTCACCTTCGCCACAC,chr10,1198,963,831
chr10_TCCTTTGCCTTGTTTAGCCA,chr10,1620,238,378
chr10_AGTGTCTCATTCTGTTGCCC,chr10,12,0,0
chr10_AGGTTAGAAGTCCAGACAGC,chr10,1050,280,353
chr10_GAGCTGCAAATGTCTTCCGA,chr10,234,92,77
chr10_ATGAAACTCCCTGTCCACCC,chr10,847,120,109
chr10_GCTCATATGTGGACATGCCA,chr10,438,74,341
chr10_AAACCTGAGTCACATTGGCA,chr10,623,420,351
chr10_AACCCTCTCTGAGCTGGCAC,chr10,354,4,220
chr10_CAAGAGGATCACTTGAGCCC,chr10,2,0,0
chr10_GGTAGGCTCCGTATCTGACC,chr10,0,0,81
chr10_GCTACAATCTCACTGACAGA,chr10,817,77,76
chr10_CTCCATCCACGTCCCTGCAA,chr10,1292,0,0
chr10_AGTTTCTTCAGCTGCAAAGC,chr10,717,196,256
chr10_AGTGTGTCCCTCTGAGGACC,chr10,442,36,220
chr10_TCCGTCTCGCGGCTGTCACG,chr10,1398,205,246
chr10_TCTCGCTTCTAACTGACAGC,chr10,383,152,124
chr10_GGACTACCAATAAACCAGAG,chr10,307,350,200
chr10_CCATCTCATGCCAGTTAGAA,chr10,3,0,0
chr10_AATTGACTCACAGTCCCACG,chr10,783,0,0
chr10_TGTGCCACTGCACTTCAGCC,chr10,17,0,0
chr10_GCAGGATAATCGCCTGAACC,chr10,1704,0,0
chr10_CACTGCAACCTCTGCTGCCC,chr10,78,0,0
chr10_CTGGAGGGATGACGATGACA,chr10,1747,629,569
chr10_CATGACCTCTACCGAGAGAG,chr10,1312,203,133
chr10_CAAGACCAGCCTGGCCAACA,chr10,3,0,0
chr10_CTCCAACAGCGCCCAAAGCC,chr10,1428,641,452
chr10_CACTGAATGGGACTATCAAC,chr10,1188,323,292
chr10_TAGGGCCTTGTTCTGTCACC,chr10,70,0,0
chr10_CCTCAGTCTCCTGAGTAGCC,chr10,60,0,0
chr10_CAGATGCGTGCCACCACACC,chr10,1085,0,0
chr10_TCCTGAGTAGCTGCGACCAC,chr10,2,0,1
chr10_ACATCTGCTGAGACGCGACG,chr10,1395,217,199
chr10_TGAGCCTCTATCCAGTCCGC,chr10,170,452,465
chr10_AGCTATGCCATCTTGCGCCC,chr10,224,74,280
chr10_GAGAATCACTGGAACCAAGG,chr10,330,0,0
chr10_GCTTTACTGTGCGCTAACAA,chr10,1183,472,722
chr10_AAAGCAGGATCGAGAGAGAG,chr10,397,82,90
chr10_GAAAGACAGTGGCTCTACAA,chr10,223,141,200
chr10_AGGAAGGAGGGAAGGAAGGA,chr10,564,0,0
chr10_TGACCAGCCAGCCAGTGCCC,chr10,1758,184,87
chr10_CCAGGTATAAACTCTCCACC,chr10,1182,249,169
chr10_AGTGGGATTGCCGAATCACA,chr10,85,2,57
chr10_GAAGTTACCATGTGTCCACG,chr10,556,180,547
chr10_GCACTCCAGCCTGAGCAACA,chr10,2274,0,0
chr10_TCTTGCTATGTTGCCCAGGC,chr10,9,0,0
chr10_ATCCTGTTCAACACAACCAC,chr10,605,284,350
chr10_TCAAGGGTTAACAGAGCCAG,chr10,1454,698,650
chr10_ACAGTCTCACTCTGTTAACC,chr10,16,65,0
chr10_TGTGGCAGTGGAACGGCAGC,chr10,1403,137,129
chr10_AGCATGGCAGTCATGTACCC,chr10,1211,160,391
chr10_TCATGTCCTTTGCAGCAACA,chr10,1033,0,0
chr10_GATCAGGTGAGACTGTGAGA,chr10,386,19,16
chr10_CCATCTTAAGCCTCCTGAAA,chr10,1889,1075,1199
chr10_CGCCATTGTAATAGCTGAAG,chr10,1609,1243,990
chr10_GGAGTTACCATTTGCACAGA,chr10,780,482,404
chr10_CAGTCCCAGTGAGATGAACC,chr10,581,0,0
chr10_GCACATGTTTCAGAGAGCAC,chr10,545,0,0
chr10_ACTCAGCACAGCAGTTGCAC,chr10,1378,172,53
chr10_TGGTATTCAGAGCCGAGAAA,chr10,891,250,182
chr10_CTGTGAGGCTGGCCACGCAC,chr10,1235,35,166
chr10_ACCACTGCTACTTAGAGCCC,chr10,1021,18,0
chr10_TAGTCCTGCCCACACTCAAG,chr10,580,0,2
chr10_ATGACCTCCTCTCTCAAGAG,chr10,307,203,427
chr10_ACCCACACCCACACTCACAC,chr10,1506,245,278
chr10_ACTCCGGGCAGCAAATCCAC,chr10,2320,223,217
chr10_TTCTCAGCCTCCTGAGCAGC,chr10,20,0,0
chr10_TACTCCCTGCCGGGACAGCC,chr10,26,22,0
chr10_AATACAGAAACAGCCGGGCG,chr10,466,1,179
chr10_TCAGTCTTGCTCTGTCACCC,chr10,48,0,0
chr10_ACTTGGGCAACTGCCCAGAA,chr10,368,169,78
chr10_CATCCCGTGTAAGGCACCCG,chr10,1408,317,661
chr10_TGTGCCTGCTTCTGTTCACA,chr10,695,168,423
chr10_GGGAGATGATAAAGCACACC,chr10,23,49,18
chr10_ACCACGGATCATTGCCACAC,chr10,1108,229,456
chr10_CAGTCCCATGGACCACCCAA,chr10,152,0,2
chr10_TGATCCAATCACCTCCCACC,chr10,1,0,0
chr10_GCAACATCCACTGTCGCCAG,chr10,688,156,134
chr10_TTCTCGCTGTGAGGAACCCA,chr10,834,133,178
chr10_TGAGCAACTTGCTTCTCAAC,chr10,1188,400,220
chr10_ACACAGATCACACTCAAGCC,chr10,2163,518,994
chr10_CAATGCTGATGCTACAGCAC,chr10,421,146,159
chr10_GCCAATGATGTCCATTCAAG,chr10,720,368,328
chr10_GCTTCAGTACACCCAACAAC,chr10,1865,449,281
chr10_CTCCCTGAGACCGCAACAGC,chr10,886,522,696
chr10_GGAAGCTGGCCACCATAGCA,chr10,1442,751,599
chr10_TCCTGGTAAACCTGTGACAG,chr10,808,89,187
chr10_ACTGTAGATGTCGCAGACGC,chr10,1153,166,227
chr10_GGGTCTCTACTACAATAAGC,chr10,508,114,178
chr10_AGAAAGAAACCAGCTGGGCA,chr10,498,421,418
chr10_CCAAGAGTTCGAAACCAGCC,chr10,15,0,25
chr10_CAAGACCAGCCTGACAAACA,chr10,2,0,0
chr10_TGCATTGTAACTCAGACGCC,chr10,680,149,225
chr10_GGAGTCATGAAACAGTGCCC,chr10,59,28,16
chr10_AACGTGCCTGCCACGTGCGG,chr10,322,68,36
chr10_CGCATCACTGTACTCCAGCC,chr10,228,0,0
chr10_TCAAGTGTTTGAGACCAGCC,chr10,1,0,0
chr10_TGGGTCCGTCCCATAACACG,chr10,1047,0,15
chr10_TGTCTCCTGCTAACTCACGG,chr10,2266,931,471
chr10_CTCGCTACACTCCTAAGCCC,chr10,1128,429,254
chr10_ATAGGGATAAGTCATTGCCC,chr10,0,24,103
chr10_AGGATCTCCCTCTGTTGCCC,chr10,1,0,0
chr10_TCAACTCTCCACAGATGCCC,chr10,450,44,80
chr10_AGGCTTCGAGCCTCTAGAGG,chr10,905,96,90
chr10_AGTGCCCACCAATCAACCAG,chr10,443,11,7
chr10_AATTCCCAAAGACAGTGAGC,chr10,210,14,14
chr10_AGCAAGATATCTCGGCCAGC,chr10,398,114,80
chr10_TCTCAGAGCAGAACACCCAC,chr10,942,184,173
chr10_CCTGTGTGGACGACACCAAA,chr10,932,1044,787
chr10_GACACACATGCACACACACA,chr10,1102,0,0
chr10_AGCATCTCTCTTTGTCACCC,chr10,169,0,0
chr10_GGCACCACTGCACTCCAGCC,chr10,3,0,0
chr10_AATCACCGCATCAGCTCGAA,chr10,603,256,300
chr10_AAAGACCAGCCTGGCCAACA,chr10,1,0,0
chr10_CGTGATCACACGTCCCACCC,chr10,2368,513,432
chr10_GCTCACCATCCGGTCACACG,chr10,1139,189,209
chr10_TGACATCTAGGGTGAGGCAC,chr10,435,136,31
chr10_GCTGAGCCGCTGTGACCGCA,chr10,582,126,237
chr10_AGCCTTGTCACTTTATAGCC,chr10,388,310,373
chr10_CCTGGAAGGTTGGTCTCAGA,chr10,537,239,111
chr10_TTGTGAACGAGACGTTAGAC,chr10,603,356,289
chr10_CACGGGAACACAAATCAACA,chr10,1314,711,427
chr10_GCCCATCAGACCCTGTCCCA,chr10,832,154,125
chr10_GATTGCAGTGGGTGAGAGAC,chr10,514,82,98
chr10_TCACGAACATCCCAAACACC,chr10,1701,317,262
chr10_ACCTCACCGCACCCACCACG,chr10,1589,617,846
chr10_AGCATGATTGACCCTGCCAG,chr10,308,135,43
chr10_TCCAGGCATAGACCGTGCGG,chr10,370,149,160
chr10_CAGACACTGCCCGCCTGCAC,chr10,1080,233,105
chr10_GGCAGGATTTCCTCGACACA,chr10,1048,196,263
chr10_GCCAAGACCTATGTCCAGAA,chr10,1483,418,341
chr10_TGCTCACATTCACGTGAGAC,chr10,759,179,265
chr10_TTGTGCTGCCAGAGCCCGAG,chr10,681,119,231
chr10_GGGAGTGAGGGAGGGAGGGA,chr10,49,0,0
chr10_TGCTGTTCTGCAGCCTCCAC,chr10,402,1,63
chr10_TGTGCCGTTGCACTCTAGCC,chr10,17,19,8
chr10_TGTATGTCCTATTACGCCAC,chr10,863,62,41
chr10_CGCACCACCACACTCCAACC,chr10,4496,15,13
chr10_GCACTTTGGGAGGCCGAGGC,chr10,3,0,0
chr10_GCATCCTACGCCTACCAACG,chr10,1878,889,1388
chr10_ATTCTTCAGTGACAAGCGCC,chr10,15,29,129
chr10_CTCAAATGGTCGGCCTGCCC,chr10,355,0,0
chr10_TCAGAAGCTTGAGACCAGCC,chr10,1118,42,33
chr10_AGAGTCTTGCTCTGTCACCC,chr10,1,0,0
chr10_TCACCCAGGCTGGAGTAGAG,chr10,7,0,0
chr10_TTCCCACCAACGGTGTACAA,chr10,93,0,0
chr10_ATCACTTTGAGAGGCCGAGG,chr10,5,0,0
chr10_TGCTCAGCTTTCTGATCAAC,chr10,2089,823,1064
chr10_TGGGAGGATCGCTCGAGCCC,chr10,1391,0,0
chr10_CACACAACACATGCACACAC,chr10,1512,220,248
chr10_ATTCTAGCCGATGTCTGAAC,chr10,776,302,317
chr10_CGTGCTGCATCCTGCGAGCC,chr10,2233,1256,1542
chr10_ATGGGCTGTCTTCGGTCACC,chr10,328,62,46
chr10_CGAGACCAGCCAGACCAACA,chr10,30,24,0
chr10_TGCTTGAACCCGGGAGGCGG,chr10,2,0,0
chr10_GCCTCACCCTCCTGAGCAGC,chr10,0,20,1
chr10_TTAGGTGCTTGAGACGGACC,chr10,966,0,14
chr10_CCAGGCACAGTGACTCACAC,chr10,2132,16,13
chr10_AGCTTCAGTGAAGTCTCCCA,chr10,396,61,0
chr10_CATACGCCCGCCACCACACC,chr10,670,0,0
chr10_AGTTGTGTGAGTGTCCCAAG,chr10,1039,179,233
chr10_CTCACCACAACAATGAAGAC,chr10,1854,506,660
chr10_TCTTGCTCTGTTACCCAGGC,chr10,1,0,0
chr10_TGATCCACTAGTTCTGCAGC,chr10,669,161,124
chr10_TTGAAAGGTGGCATGTCAAC,chr10,776,195,284
chr10_GACACCACTGCCCTCCAGCC,chr10,24,0,0
chr10_GGAGAAGGAGAAGGAGAAGA,chr10,252,0,0
chr10_ACCCTCATCATCTGAAAGCG,chr10,751,499,540
chr10_CTCAGACTCAGTTCAGACCC,chr10,1314,507,308
chr10_TGAAGGAGCGCTAACTGAAG,chr10,1837,226,370
chr10_CTTCAAGTAATCTGCTCACC,chr10,811,359,388
chr10_CCCGCCACTGCACTACAGCC,chr10,59,57,60
chr10_CAAGGACATCTCTCCTCCCG,chr10,1733,309,355
chr10_ATGGGAGTAACTAGACCAAG,chr10,349,63,91
chr10_GGAGTCTCACTTTGTTACCC,chr10,1,0,0
chr10_AATCCATCCTCGTGCTGCCC,chr10,165,37,32
chr10_AGTGCGTAGCAGGGCTCAGC,chr10,649,74,39
chr10_CATGCCACTGCACTCCACCC,chr10,6,0,0
chr10_CACACCACTGCATTCCAGCC,chr10,2,0,0
chr10_GCAGGAGAATTGCTTGAACC,chr10,2,0,0
chr10_GCAATATCTTCCGTATCAGC,chr10,515,200,58
chr10_CGTGCCACTGTACTTCAGCC,chr10,30,4,0
chr10_TCTCACTCTGTTGCCCAAGC,chr10,149,0,0
chr10_AATGGCATGAACCTGGGAGG,chr10,4,0,0
chr10_TAAGAGGATTGCCTGAGCCC,chr10,80,0,0
chr10_TGTAGTCTCAGCTACCCAGG,chr10,153,0,0
chr10_CGCATGCTCTCGTGACAGCC,chr10,1865,728,1509
chr10_TCCCTCACAATTTGCCCACA,chr10,789,0,32
chr10_CTTTCTTTCTTCTGTCACCC,chr10,1372,196,259
chr10_CAGCTGTGAAAGCCAACCCG,chr10,1753,534,779
chr10_ACCAATGCCAGATATCACAC,chr10,1152,33,174
chr10_GCACACACCTTCATCTCCAC,chr10,1200,180,0
chr10_CCAGTTCTATGATCCCACCC,chr10,1350,0,18
chr10_TACACCACTGCACTCCAGCC,chr10,1,0,37
chr10_CAAGACCAGCCTTGACAACA,chr10,24,51,0
chr10_GCCTTGGCCTCCCAAAGAGC,chr10,33,0,0
chr10_CTCCGTTTACTCTAAGAACC,chr10,1254,582,908
chr10_ATGAACACAACAGCTGCAGC,chr10,727,223,115
chr10_GCAGAAGGCAAGAAAGAAGA,chr10,366,141,91
chr10_TGAAGAGACGATCCACAGAA,chr10,2270,41,0
chr10_CGTCTATGTCATCTTGAGAG,chr10,1517,420,275
chr10_TGAGACCAGCCTGGCCAACA,chr10,8,0,0
chr10_GGCTCTTGGGCTTACACCGG,chr10,688,11,0
chr10_ATGAGTGCAGCACACCAACA,chr10,183,0,0
chr10_AGGTCAGACTCTGTGCCCAA,chr10,812,102,208
chr10_TCCACACCCTGTGTGTGCAC,chr10,125,100,172
chr10_ACAGAGTCCATGCACAACAG,chr10,1273,394,355
chr10_TGTAGTCCCAGCTAGTCAGA,chr10,4,0,0
chr10_TGGTGTCATAGATGTCGAGA,chr10,600,89,356
chr10_GGCTCCGGGAGCAAACAACC,chr10,443,108,311
chr10_CATCACCTTCACCATCACCA,chr10,1756,155,211
chr10_CAGGAAGATTACTTGAGCCC,chr10,21,0,0
chr10_CTAAGACCCAATCAGACAGC,chr10,230,272,225
chr10_CCCTTGTTGATCTGTGACGA,chr10,1871,1195,1792
chr10_TGATTGCACAGGCTCACAGC,chr10,848,35,0
chr10_TGCGCCACTGTGCTCCAGCC,chr10,1,0,1
chr10_CCTTGCTAGGGCGCTCCACA,chr10,445,188,189
chr10_CATAATTGATGACGTCAGCG,chr10,831,557,218
chr10_CATGTCCGTCACAGATGAGC,chr10,617,81,96
chr10_GCAAAGTCTCATCCAAGACG,chr10,676,14,84
chr10_CTGCACCAGGTGTGGTGCCC,chr10,0,256,94
chr10_CTTGTGCACCTTCCTGAGAA,chr10,2091,1168,1068
chr10_AAAGCAGGAAGCATCCAGCA,chr10,813,0,0
chr10_GACCTGTTCTTTAAGAAGCC,chr10,557,308,113
chr10_TTTCTTCATGTTGGTCAGGC,chr10,3,10,5
chr10_CCTGCCACTCTACTCCAGCC,chr10,1161,0,0
chr10_CACTATCATGAGAACAGCAC,chr10,12,0,1
chr10_GCTACTTGGGAGGCTAAGGC,chr10,1,0,0
chr10_GCTCACTCTATCACCCAGGC,chr10,25,0,0
chr10_AAGAATCGCTTGAACCCAGA,chr10,3,0,0
chr10_TCTTGCCATGTTGCCTACGC,chr10,618,326,338
chr10_TCATCTTACGCCAGTCAGAA,chr10,20,101,13
chr10_TGCATCATTGCACTCCACCC,chr10,467,0,0
chr10_ACCTACTCAAGCCTGAGCAA,chr10,48,0,0
chr10_CCATCTCACGCCAGTCAGAA,chr10,1,0,0
chr10_AACTTTCCAGCTTCCAGAAC,chr10,1523,168,151
chr10_AATGTCTCACTTTGTTGCCC,chr10,3,0,0
chr10_GAATAATTCTGCTGCCACGG,chr10,264,140,184
chr10_AGTCCTGCACCACCAGAGCC,chr10,354,152,187
chr10_CTTCTCCAGCCAGACCCAAG,chr10,1132,249,560
chr10_AGACGAAGTTGCATTCCCAA,chr10,644,49,46
chr10_TGAGACCAACCTGGCTGACA,chr10,224,0,0
chr10_GAGCGGGTGGAGCACAACAG,chr10,2456,368,169
chr10_TCACCCAGGCTGGAGTCCAG,chr10,18,0,0
chr10_CCAACAGTTCAAGACCAGCC,chr10,8,0,0
chr10_GAATAACCATAGGCAGGCAC,chr10,833,163,211
chr10_TACCTTAAATACCTCCCACC,chr10,590,74,65
chr10_TCTCCCTTGCCTTGCCCACG,chr10,392,344,314
chr10_GCATAGTAGAAGCACTACAG,chr10,1251,792,656
chr10_ATGGCAACCATCAATCCACA,chr10,506,277,197
chr10_GCTGGACTTCCTGGGTAGAA,chr10,22,21,3
chr10_ACACACTACAGGACAGCAAA,chr10,2710,958,615
chr10_GCCCTTCCACAATTCCACCA,chr10,618,218,297
chr10_CAACCAACCAATCTTACCAC,chr10,1071,524,477
chr10_TTCTGCTGGTCTCAAACACC,chr10,347,263,368
chr10_CGACACACTTTCTCAGCACA,chr10,4086,1051,1294
chr10_TACGGCTTCTCCGCTTGCCC,chr10,269,63,105
chr10_GGCTGGAGCAGCTTGGACAC,chr10,1638,74,34
chr10_ACCTCTGACATCTTCCGCAA,chr10,708,195,230
chr10_TCAGGAGTGTGAGATCAGCC,chr10,16,0,0
chr10_TGCACCTGAAGACCTTCCAG,chr10,1367,0,9
chr10_TCCTACCCTTGTGCAGACAC,chr10,2057,729,923
chr10_CATGCTAAACTCGCATGCCG,chr10,62,127,105
chr10_ATGGGAGAATCAATTGAGCC,chr10,308,238,146
chr10_GGTACAGCGTGTGAATGAAG,chr10,120,85,53
chr10_AGCAGCCCGGAAGCTCGAAC,chr10,364,0,0
chr10_GCACTTTGGGATACCGAGGC,chr10,8,0,0
chr10_CCAGTCTGTTCATCCTGAGC,chr10,1707,283,291
chr10_AGCTGCTTCAGCATCAGCCA,chr10,477,248,310
chr10_ACAGCTGCAAGACCTGAAGA,chr10,1589,30,60
chr10_CCACATTACGTTGTGCCCGA,chr10,2510,527,447
chr10_TCAGGAGTTCCAGACCAGCC,chr10,89,0,0
chr10_ACCTACTCAAGCCTCAGCAA,chr10,3,0,0
chr10_TCCTGCCATGTTGCCCAGAC,chr10,1626,91,116
chr10_GACAGGAGTTTGAGACCAGG,chr10,0,2,0
chr10_CATGTTAAGAACCTCCACAC,chr10,1801,201,313
chr10_TCCCACTTATGAGTGAGAAC,chr10,987,5,0
chr10_AAGTTATTGAAGCAGCCGCC,chr10,82,29,102
chr10_ACTGGTCCAAATGAAGCACC,chr10,78,18,4
chr10_GAGGAGAATCCTTTGAACCC,chr10,2,0,0
chr10_AAACATGTATAACCCTGCGC,chr10,159,13,201
chr10_ATTCACGCTGCCTGAAGCAA,chr10,462,128,38
chr10_TACCATTCAGGACATAGGCA,chr10,739,0,0
chr10_AGAGTCTTGCTCTGTTGCCA,chr10,30,0,0
chr10_AGAGAACATTGCTTGAGCCC,chr10,252,149,61
chr10_TAATGCCAACACCAACCAGA,chr10,485,20,72
chr10_TAAGGCGTGGAACTGAACAC,chr10,1209,93,280
chr10_GCATGTTCTGCATGAAGAGA,chr10,834,250,502
chr10_GGTCCCTAGAGACCTACAGA,chr10,203,45,155
chr10_CGCAGCCCAGTCCGTTACCC,chr10,2541,577,526
chr10_AAACTCTTCAAAGCAGCCAG,chr10,596,207,77
chr10_TGTACCATTGTATTCCAGCC,chr10,491,9,1
chr10_AGCACCACTGCACTCCACCC,chr10,1,0,0
chr10_ATGTCTCAGATCTTGCGAAC,chr10,537,354,521
chr10_GAACACATGAACACAGGGAG,chr10,270,0,0
chr10_CAACCCAAATGCCCTTCAAC,chr10,1838,81,65
chr10_TAGCCCAGTGAGACCCACGC,chr10,3161,212,474
chr10_CTGATACCCAAGCAGACACA,chr10,2801,863,658
chr10_CAGTAGCCAATTCAACCAAC,chr10,729,482,498
chr10_TGACACTAGGGAGCCAAGCA,chr10,1620,802,1246
chr10_ACCGTGATGTTCTACACACG,chr10,1277,0,5
chr10_TGCTGGTTCACATAACAGCA,chr10,995,796,803
chr10_TGCTCCTGACCATTATAACC,chr10,2689,213,209
chr10_TCTCGCTATGTTGACCAAGC,chr10,1045,32,13
chr10_GGATGCTTCCAACTTGCCAG,chr10,491,125,76
chr10_GCAAACAGTGTTTACAGCCA,chr10,1597,192,266
chr10_CCAAGAGTTTGAGACTAACC,chr10,1357,84,61
chr10_GAGGTGGAAGAAAGAAGAGA,chr10,322,0,1
chr10_CCATGAGTTGCAGATCAGCC,chr10,1371,412,347
chr10_TCACCCAGGCTGGAGTGCAA,chr10,8,0,0
chr10_CAGCAACCACCTTTGTGAGA,chr10,1236,296,303
chr10_CTCCAGCCTAGATAACAGAG,chr10,1686,32,53
chr10_GGACTCTCACTCTGTTAACC,chr10,653,13,24
chr10_GCTCACTGTAGCCTTGAACC,chr10,780,374,557
chr10_TCTCACTCTGTCACCCAAGC,chr10,2,0,0
chr10_CCCTGATCCACACAGCACCC,chr10,1196,494,583
chr10_GACGATTGCATTATGCAGCC,chr10,338,111,65
chr10_TTAACACTGACTCCACAACC,chr10,1154,221,232
chr10_ACCGAGACATTCCATTGCCC,chr10,375,0,0
chr10_AGTCTACCACTTCCCAAACA,chr10,1738,765,849
chr10_CTTGCTCAAGGTCACTCAGA,chr10,335,73,93
chr10_TCGTCCTCTTGTTCCAGCCC,chr10,849,244,112
chr10_GCTACTCGGGAGGCCAAGAC,chr10,479,17,0
chr10_GACTACTAGAGGAAGGAGAG,chr10,576,0,6
chr10_CCCTCTTCCTTGCTAGCAGA,chr10,898,259,243
chr10_TCTTGCTCTATCGCCCAGGC,chr10,7,0,0
chr10_GCCACTCAATCTGACCACGA,chr10,851,303,129
chr10_TGTGCATCAGAATCACCCAG,chr10,297,2,0
chr10_CTTCAACTCTTTGTTGAGCC,chr10,417,503,484
chr10_TACCACCAAGACGCAGAGAC,chr10,557,185,70
chr10_CTCAGCACTTTGGGAGGCCG,chr10,1111,1,0
chr10_AGCCTCTCATGAATGCACAA,chr10,1308,495,657
chr10_ACATAGGTATACGTGTGCCC,chr10,593,0,0
chr10_ACGTCACGTCTATTGACAGA,chr10,1206,318,408
chr10_GGTGTGGTGGTGTGTGCCAG,chr10,487,23,0
chr10_GGTCCCTTATCCTACAAACA,chr10,740,418,495
chr10_CCCAGCTACTCTGTAGACAG,chr10,2662,446,141
chr10_TCTAAAGGACTGCTGGCAGC,chr10,82,58,133
chr10_AGGATTGGGAAATTCCAGCC,chr10,760,0,0
chr10_AGCACCACTGCACTCCAGCA,chr10,8,0,0
chr10_CAGGCATGAGCCACCACACC,chr10,3,0,0
chr10_AGGGCCTCCCTCTGTTGCCC,chr10,5,0,0
chr10_GGATGCAATGGATCAGAGCC,chr10,140,251,165
chr10_ACCTGTCACCTAGCCTACCC,chr10,419,130,122
chr10_GACGCTCCTCACCTCCCAGA,chr10,171,0,0
chr10_AACTAGAGGACCCGTCCCAC,chr10,619,326,148
chr10_AGGTGATTGGAGCTTGCCAC,chr10,456,119,361
chr10_AGAGTCTCATTCTGTCACAC,chr10,388,0,4
chr10_ACCTCCATATCTTGTCCCAC,chr10,458,0,0
chr10_TGCACCACTGCACTCCAACC,chr10,2,0,0
chr10_CATTATCACGAGAACAGCAC,chr10,10,0,0
chr10_TTTCACCATGTTGGCTAGGC,chr10,9,0,22
chr10_TCCCAAGTAGCTGAGACCAC,chr10,769,0,0
chr10_TGAGTCTCACTCCGTCACCC,chr10,7,0,0
chr10_CCTGCTGGTTAAAGCTCAAC,chr10,845,464,228
chr10_CCCTCTTGATTCAAGCCACG,chr10,1283,310,444
chr10_TGCACCACTGCACCATAGCC,chr10,1005,1423,1350
chr10_CACCAGCTGGAGGCTCACGC,chr10,1881,772,951
chr10_TTTCACCATGTTGACCAGGC,chr10,3,0,0
chr10_TACAGACATGAAGGGAACGA,chr10,269,41,211
chr10_TCATCTCACACCAGTCAGAA,chr10,48,0,0
chr10_TCTCTTCAAAGCTGTCAGAC,chr10,351,0,0
chr10_CCTGTCTCAGCCTCCCAAAG,chr10,183,0,0
chr10_CTCTCTCCTTGGCTTGCAGA,chr10,235,0,0
chr10_CCACACCATAACTCGACCAG,chr10,1883,1452,554
chr10_GAAGGAAGAAGGAAGGAAGA,chr10,152,0,0
chr10_CGTCTCTTGCTCTGCCGCCC,chr10,13,21,0
chr10_TAGGCGTGAGCCACTGCGCC,chr10,22,0,0
chr10_CAGGCGTGAGCCACCACACC,chr10,1,0,0
chr10_CGTCCCTACAGCTGTCCACG,chr10,3059,351,359
chr10_ACCCATGCAACACATGACAC,chr10,1071,215,350
chr10_GAGCCTCGACCTGAGAAACC,chr10,633,92,140
chr10_AACCTGGTCCCTCTCCACAG,chr10,1364,364,261
chr10_TCACTGTCACAAGAACAGCA,chr10,1,0,0
chr10_CGTGCCACGGCATTCTAGCC,chr10,16,5,24
chr10_GACAGAGAGAAAGACAGAGA,chr10,152,0,0
chr10_TTCCTTACAGTTCAGGAAGC,chr10,722,288,245
chr10_GCAGATGGCTTTAAAGAAGC,chr10,869,170,241
chr10_CTCCTGACGCCATGTGAAGA,chr10,137,12,22
chr10_CAGGCATGTACTACCACGCC,chr10,39,0,0
chr10_ATTCAAGACAAGCATCCCAC,chr10,82,53,52
chr10_ACTGAGTACGTTCTGAGAAC,chr10,795,193,178
chr10_GAAATCATGGCTGGGCACGA,chr10,2443,213,259
chr10_GGCTAATCTCAGTGAACGGG,chr10,384,209,257
chr10_CGAGACCAGCCTGGACAACA,chr10,213,0,0
chr10_CCTGCAGATTCAACCAAGCA,chr10,2243,381,521
chr10_CCCAGGCTGGTCTCAAACCC,chr10,955,0,0
chr10_CCTCTTGCATCATCGTGACC,chr10,880,113,216
chr10_TCTAGCTCTGTTGCCTAGAC,chr10,8,4,2
chr10_GCCTACTTGAGTGTGAAGAA,chr10,1149,388,639
chr10_ATTTGGATTCTGGAGTGCCC,chr10,169,105,15
chr10_TGGAAGGTGATGAAGTCAAG,chr10,639,214,239
chr10_CAGAAGAATTGCTTGAACCC,chr10,0,30,0
chr10_AGCACTTTGGGAGGCCAAAG,chr10,12,0,0
chr10_CTTGTCTCCCAATCACACAA,chr10,824,645,360
chr10_GATTGCCAGCAAACCACCAG,chr10,132,0,0
chr10_CTGTACTGCTGCCGCTCACA,chr10,1053,95,323
chr10_TCATCCAACAACCAGAGAAC,chr10,2103,377,600
chr10_CATGCCACCACACTCCAGCC,chr10,34,0,0
chr10_CAGTGCAGGAGCTTGCAACC,chr10,2102,699,539
chr10_AGACAGATCAACGAGACAGA,chr10,322,32,0
chr10_AAGTCACACTAGCCTTCCAC,chr10,188,36,141
chr10_AAGGCAGCCAGCTGCAACCC,chr10,221,54,22
chr10_CCCAACCCTAAGTGGTACAG,chr10,3308,643,874
chr10_TTTGCCTCTGCCTCCCAAAG,chr10,287,0,8
chr10_AGAATCCTGCTCTGTAGCCC,chr10,864,24,4
chr10_GCTTACCTCTAAAGCAAACC,chr10,360,229,362
chr10_GGAGTCTAGCTGTGTCACCA,chr10,194,0,0
chr10_CCTTCTCCTCCTTAACAACA,chr10,1217,709,428
chr10_AGGGTCTTGCTGTGTTGACC,chr10,1,0,0
chr10_CACCACCACTGTGACTGCAC,chr10,528,0,0
chr10_TTGGAGAAGAGTCCAGCCAC,chr10,328,23,14
chr10_CAAGACTAGTCTGGCCAGCA,chr10,1292,43,8
chr10_CACTAGCAAAGGAACAAAGC,chr10,1576,409,337
chr10_GCAATCTACTCATCTGACAC,chr10,798,0,0
chr10_CGGAAACGTCACACACACCC,chr10,3867,1187,1570
chr10_TGGAACAGAGTGGAATCAAG,chr10,339,56,0
chr10_TGAGACCAGCTTGAGCAACA,chr10,1325,0,0
chr10_TCTCACTCAGTCACCCGAGC,chr10,33,2,18
chr10_GCTACTCTGGAGGCTGAGGC,chr10,2,0,0
chr10_GCTGGAACAATCACTTCAGG,chr10,691,16,67
chr10_TGGGAGCATCCAGCCTCAGC,chr10,952,144,128
chr10_AGCACACAACACAAACACCA,chr10,1018,361,537
chr10_ACATATCTGATGCCCAGAGC,chr10,1737,234,345
chr10_ACTTCCCAATACTGTCACAC,chr10,950,117,76
chr10_AGAAACCAGCCTGACCAACA,chr10,9,0,0
chr10_CAGTTACATGTCACCACACC,chr10,794,35,1
chr10_CAGACAGATTCCTGGAGGGA,chr10,1104,342,166
chr10_TTCCACGGAGAGCACGGCCC,chr10,737,111,241
chr10_AGGAGTGAAGCCACCGCGCC,chr10,359,65,0
chr10_GCGATCTCTGTCACTCAGGC,chr10,979,190,290
chr10_GAGAATGGGAAGAGAGAAAG,chr10,462,0,0
chr10_ACAGAATCTGTCGCCCAAGC,chr10,2407,404,936
chr10_TTCCCAGCTGAGGTCAAAGA,chr10,1937,322,391
chr10_AGCACTTTGGGAGGCAAAGG,chr10,6,0,0
chr10_AGAAATCCCGTTTCCAACGA,chr10,462,0,0
chr10_ACTGTCATGATCTCCACAGC,chr10,1295,284,311
chr10_CAGCACAAAGACAAGAGAGC,chr10,1022,379,781
chr10_GAGGAAGACAGACAGAGAGA,chr10,221,0,0
chr10_CGTGACCAGCCTGTACAACA,chr10,468,51,19
chr10_AGAGTCTCACCCTGTTGCAC,chr10,568,0,0
chr10_TAGACTGAGGTGGTAAGAAG,chr10,796,540,551
chr10_GAGCTAAACACTGGGCAAAC,chr10,1613,386,221
chr10_TCTCCAATGCACAGCTACCC,chr10,1367,74,0
chr10_ACAGCTGAGAGACCTAAAGA,chr10,948,0,47
chr10_TCGAGCCTCTCTGGTCGACG,chr10,6,0,1
chr10_AGCGTCTCACTGTGCTGCCC,chr10,15,0,0
chr10_AGGAAGATCTACCAGGCAAA,chr10,687,0,0
chr10_TGTGTGCACACACACTCACA,chr10,264,224,131
chr10_AGGCCTCCGTTCAACTCCAA,chr10,1253,73,200
chr10_TAGGGCTTCTGTGAAACCCA,chr10,508,255,123
chr10_TGCAGCAGCCTAGATTCAAA,chr10,717,498,314
chr10_CCTAGCACTTTGGGAAGCCG,chr10,1325,0,0
chr10_TCTTACTAGGTTGTGCAGGC,chr10,680,445,337
chr10_TCTTCCTCTGTCACCTAGAC,chr10,236,94,51
chr10_CACGCCACTGCACTGCAGCC,chr10,1,0,0
chr10_CACCTGTAATCTCAGCCACC,chr10,14,54,0
chr10_GAAGCAGGCATAGCTTCACA,chr10,150,50,75
chr10_TGATACTGCAGATCTAGCCA,chr10,861,645,425
chr10_CAGCTGTGCATCACAGAAGA,chr10,384,495,428
chr10_CTGGGCTAGGTCAGTGCAGA,chr10,1197,617,680
chr10_CATCCTGATTTGATGTCCAC,chr10,870,64,93
chr10_AGAACAGTGGGAGCCTCAAA,chr10,520,201,129
chr10_TCCTACCTTAGCCTCCCAAG,chr10,7,0,0
chr10_CCTCTACAGGAAGCCCAACA,chr10,1969,333,358
chr10_CTCAAACTCTGCTAAGGGAC,chr10,1040,688,648
chr10_AATCCTTGTGACCACACCGA,chr10,1599,39,74
chr10_ACTCCCAGTACAGCACCAGC,chr10,1624,114,149
chr10_CCAGCCAGTCCGAGTAAAGC,chr10,4623,686,560
chr10_CCTTATGTGAGACCACAGCA,chr10,782,221,404
chr10_GATACTCTCTAGATTGCGAG,chr10,685,143,131
chr10_ATGCTAGCAAGCAATCCAGA,chr10,223,70,67
chr10_TCCAATCCCTGAGTTGAGCC,chr10,756,620,301
chr10_TGTACTCTAGCCTGAGAAAC,chr10,2035,501,712
chr10_GATCACTGACATCCCACAGG,chr10,107,167,6
chr10_AGAGACCAGCCTGTCCAACA,chr10,8,0,0
chr10_GACAGCTCGTGAAAGCAGCC,chr10,25,94,29
chr10_GATGTATTGTGTGACTGGGA,chr10,594,171,153
chr10_CAATGAGAACACATGGACAC,chr10,1,0,0
chr10_TCTGTGTTGCTCCACAGAAG,chr10,135,99,57
chr10_TGTTACCAGGCCAGGCGCGG,chr10,972,49,7
chr10_AGAGACTTGCTGCATTGCCC,chr10,294,1,0
chr10_CGTGCCACTGCACTTCCGCC,chr10,30,19,1
chr10_AAGGTCAGGTCACCTACAAA,chr10,737,0,0
chr10_CAGGCATGCACCACCTCACC,chr10,3,0,0
chr10_TGGCTGAAGCCATTGCCAGC,chr10,226,65,94
chr10_GCCTAGCCTCAACAGTGCCC,chr10,1039,73,20
chr10_TCTCGCTCTGTTGCCCAGAC,chr10,10,0,0
chr10_CAAGAGGATTGTTTGAGCCC,chr10,1081,0,0
chr10_TCAGCAAGCCATACAGCCCG,chr10,1893,558,394
chr10_TGCAATTGCTGAAGTGACCA,chr10,2461,459,330
chr10_AAGATTACTGCACTCCAGCC,chr10,239,81,12
chr10_ACCTGACCCAGAAGCCCAGC,chr10,222,0,0
chr10_TCACCATAGGCTGTAGCCGC,chr10,1092,223,65
chr10_TCTATCGCCTCAGAGCACAG,chr10,813,12,52
chr10_TCTGACCACTAAGTGCCCAC,chr10,276,61,182
chr10_GCAGAGCATTAAACCAGCCA,chr10,1570,155,269
chr10_GGTGCTACTGTACTTCAGCC,chr10,165,0,1
chr10_CATGTACGTAATCCACACAC,chr10,2915,711,570
chr10_GGATATCTTCTGCCACCACC,chr10,841,33,36
chr10_GACTTCCTAAACAGAGAACC,chr10,354,65,87
chr10_GGACCATTTGACTCTACAGC,chr10,240,289,206
chr10_GCTAGTCGGGAGGCTGAGGC,chr10,3,0,0
chr10_GAGACATACTGAGATGAACC,chr10,401,72,0
chr10_TGTCTGCTTCACGCTTGCCC,chr10,164,61,17
chr10_GAGTTAGAGTCATCTGACAG,chr10,402,123,385
chr10_TCGTCCAAAGAGCAAACACA,chr10,1455,495,439
chr10_AGTGTTTGTCTTTCTGCGAC,chr10,853,453,233
chr10_CCATCTCATGCCAATCAGAA,chr10,4,0,0
chr10_TGAGAGGATTGCTTGAGCCA,chr10,1503,0,0
chr10_CTTGCTGCTGCTCCGCAACG,chr10,1104,418,458
chr10_GCCCTTCACAATGCTTGCAC,chr10,464,301,348
chr10_TTGTCCAGGCTAGAGTGCAA,chr10,7,0,0
chr10_CTCACCGAGATCTATGCAAC,chr10,2059,1068,1102
chr10_GCTACCAGGGAGGCTGAGGC,chr10,11,0,0
chr10_TTTCATCATGTTGGCCAGGC,chr10,8,0,27
chr10_CATGTCAGACCCTAAGGGCA,chr10,828,179,360
chr10_AAAGAGCGAGAGAGAGAGAG,chr10,242,0,0
chr10_CATCTGGGAAGGGAGCAGCC,chr10,1709,0,70
chr10_CTTCATCCATGTCCCTACAA,chr10,5,0,0
chr10_TACCCATGCCAATATGCAAG,chr10,1491,88,258
chr10_CCCTCTGAGTCCGAACCAGC,chr10,1181,298,415
chr10_CTCAACCCAGGAAGTCCAGC,chr10,65,30,0
chr10_TGGTTCTCCCAGCATGCAGC,chr10,28,0,0
chr10_CCAGAAGTTCAAGACAAACC,chr10,2236,61,9
chr10_TTTGCATGCAAGATCCAGCA,chr10,934,395,398
chr10_TCTCTCCCTGTCACCCAGGC,chr10,161,4,0
chr10_CGCACCACTGCACTCCACCC,chr10,0,0,1
chr10_CTCACTATGTTATGTTGCCC,chr10,1358,17,41
chr10_CCACCGTGACCAGCCTAAGA,chr10,2887,911,589
chr10_AACGATGGGTGTGAAAGCCG,chr10,1526,475,414
chr10_GGCCTGTCAGTCTCAGAGCC,chr10,435,85,78
chr10_AGGGTGAGGAAGAGGAAAGA,chr10,661,5,0
chr10_TGCCATCCTTCATAGTACCA,chr10,1742,388,625
chr10_GCAAAGCAAGCGTGCTGGAG,chr10,853,34,45
chr10_AGCTAGTTAGTGCAGCAGCC,chr10,854,340,452
chr10_TTAGCAGCGTGTCTACAAGC,chr10,1042,443,318
chr10_GGGCAGGGCATTGCCTCACC,chr10,27,0,0
chr10_AAGTATCCTCACTGCAGACC,chr10,1046,188,220
chr10_AGAACTCCACTGTGCTGAGA,chr10,638,180,79
chr10_CAAGCCACTGTACTCCAGCC,chr10,10,0,0
chr10_TCTTCTGCCTCAGCCTCCCG,chr10,0,14,0
chr10_GACTCTGAAGGCTCCAACAG,chr10,1008,160,19
chr10_TCTCACTAGCTCCCTAGAAA,chr10,822,343,180
chr10_ACTGCTAATTAGCAAGAGCC,chr10,297,6,68
chr10_CAAGCTCAGTGCACATCAAC,chr10,1622,577,1034
chr10_GGGTAGTTTCCAAAGGAAAG,chr10,1024,159,112
chr10_TGCTCCCTAAGGATCTGGCA,chr10,1425,257,473
chr10_CCTTTGGCAATTCACAGCAC,chr10,945,73,195
chr10_TGTGACTGCTCCTGCACAGC,chr10,1197,64,0
chr10_CCCTGGAGGGTAGTCAACCC,chr10,1389,494,182
chr10_TCAGGAATTCAAGACCAGCC,chr10,3,0,0
chr10_ACTGACCAGAACAAGTCACA,chr10,659,27,0
chr10_TGTGCTTGAAGCTACACAGC,chr10,905,367,235
chr10_AGTCTAGCCTGCACAGACAA,chr10,677,149,139
chr10_GGAAGAAACAGTATCAGCGA,chr10,766,36,10
chr10_TCTCTCTGCATCTAAGCCGC,chr10,303,53,121
chr10_CCTGCAGAGCCCATGTCACC,chr10,1327,217,144
chr10_CTTTGAGAGACCAAAGCAGA,chr10,592,74,83
chr10_AGTGCAGCAAGTACATGAAG,chr10,1757,59,186
chr10_AGATGTGAGTTAAGCCGACC,chr10,210,94,55
chr10_TGAGACAAGCCTGGGCAAGA,chr10,1570,17,38
chr10_CCTCCAGGCCTGAGATGGGA,chr10,1463,0,29
chr10_CGCCCATGTCCACTATGCCG,chr10,1762,100,269
chr10_GAAAGAAGAGGAGAAGCAGC,chr10,267,0,0
chr10_TCAGGGATGATAATGCCACA,chr10,648,162,301
chr10_CTCGGAGGGTCCTACGCCCA,chr10,776,0,0
chr10_GCCAACATCATTGATGAAGG,chr10,1199,68,44
chr10_CTGGGAGACACACGCCCAAC,chr10,1387,832,206
chr10_TGGGCTGACTGAAGTTGAAC,chr10,1775,332,421
chr10_GGGTTCTCACTCTATTGCCC,chr10,135,0,0
chr10_TTATACCTGAAGTCAGCCAG,chr10,700,26,60
chr10_GAGAATCGCTTGAAACCAGA,chr10,1,1,28
chr10_CCCTATGCAAATAGCACACC,chr10,788,59,381
chr10_TGAAGGGACATTGTGAGAAG,chr10,1056,123,156
chr10_AGGGTCTCACACTGTCACCC,chr10,2,0,0
chr10_AGAGTCCCACTCTGTCGCCC,chr10,13,0,0
chr10_AGTGTGATCGACGCAGAAGA,chr10,491,0,0
chr10_CAGCACATCTGTTGACAGCA,chr10,2652,200,212
chr10_TCGGTAGCCTTGTGGTAAGA,chr10,1242,697,377
chr10_TTTCCTTGTACCAGCTACGC,chr10,722,238,118
chr10_TGGAGTCTCGCTGTGCGCCC,chr10,703,74,111
chr10_TTGTCCATTTCTCCCACAAG,chr10,1494,286,370
chr10_TCTCGCTGCATTACCCAGGC,chr10,728,1606,1125
chr10_AGAGTCTCGCTGTGTTACCC,chr10,4,0,0
chr10_CAACGCCATCAGTCATAAGC,chr10,1796,283,157
chr10_TCATTAGTACAAGACCAGCC,chr10,661,360,224
chr10_CTCTGACATTCTCCTAGACC,chr10,2318,203,500
chr10_AGAGTCTCACTCAGTCACCC,chr10,1,0,0
chr10_GAAGGGTTGACTGGGCACAG,chr10,501,1,0
chr10_CTCCTGCCACCATGTGAAGA,chr10,217,2,129
chr10_ATGAACAAACGACAGAACGC,chr10,375,184,144
chr10_AATCACTTCAACTCAGGAGG,chr10,330,13,56
chr10_CAGGCATGCACCATCACACC,chr10,5,0,0
chr10_TGGGCCCTGCTAACCGGAAG,chr10,1719,309,704
chr10_CCATAGTGCCAGCTAAACCA,chr10,1831,747,658
chr10_CATGCCACCACACTCTAGAC,chr10,25,0,2
chr10_GCAACTGGCGTGTACAAACA,chr10,1914,530,603
chr10_TTAGTCAGTGTCCCATCACG,chr10,1087,187,146
chr10_GCCTCAGATGTAATCGAGCC,chr10,473,28,56
chr10_GAGGCAGAGTGGAGGCAGGG,chr10,16,0,0
chr10_TCAAGAGTTTCAGACCAGCC,chr10,18,1,1
chr10_TTAAGGGCAGCCAGAGAGAA,chr10,969,0,0
chr10_GGAGACTTGCTTGAACCCAG,chr10,102,0,0
chr10_CCAGCTACTCGTGTGCAGCC,chr10,2220,458,572
chr10_AGTCAGTGCGCAACAGACCC,chr10,229,57,18
chr10_CTTTCACTTGGAGAATAGGG,chr10,177,10,43
chr10_TCAATCATTTCGGTGCCCGA,chr10,693,213,308
chr10_TCTTCCTCAGCCTCCCAAAG,chr10,814,10,0
chr10_TTCACTCTTGTTGCTCAAGC,chr10,1347,773,444
chr10_AGTTTGCCCATATAGTCCAG,chr10,331,119,77
chr10_TGCCAGCCCTTGTGAAAGCC,chr10,1330,557,729
chr10_TTGCTGACTTTGAAGACCGA,chr10,613,370,1415
chr10_CGGGCATGCACCACCACACC,chr10,8,0,0
chr10_CCAAGGCTCAGCAGCAACCA,chr10,2612,565,740
chr10_CCAGGAGTTCCAGACCAGCA,chr10,12,0,0
chr10_CCGCATTATGTGGTAGCACC,chr10,1869,325,545
chr10_GGGCTCAGGTTAGGTACAGG,chr10,1079,189,87
chr10_AGGAGTAGCCAGTACACAGG,chr10,159,98,0
chr10_AGTTTCTCACACACACGCCG,chr10,1211,144,67
chr10_AGGTGAAGGGACAATCGACA,chr10,1149,128,157
chr10_TCCGCCTCCCTCTGCTCAAA,chr10,1426,668,1354
chr10_ACAGACCTCAGCAGTGAACC,chr10,227,199,213
chr10_GGTTATTTAGAGCTTTGGGC,chr10,195,10,20
chr10_AGATAGCTCGGCCTACACCC,chr10,692,8,0
chr10_ATCTAGAGCAGAGCCTAAGC,chr10,309,50,145
chr10_CTCAGATGATCCGACTGCCC,chr10,499,3,23
chr10_AGCTACTCGGGAGACTGAGG,chr10,7,0,0
chr10_CAGGCACCCAACACTACACC,chr10,1080,0,0
chr10_ACTCTCTCATGTCCTCCACA,chr10,443,48,186
chr10_TGGTCTTCAGTGCATAGAAC,chr10,1296,744,424
chr10_TGTAATACCAGCACTTCGAG,chr10,1,1,0
chr10_CCAGTTTGGGCTACAGAGCC,chr10,1320,537,353
chr10_ACACATGCCAGCAATACACC,chr10,504,185,302
chr10_CAAGAATGCACAAAGCAGCA,chr10,1011,494,602
chr10_CCTACTGAGGCTCCAGAGGA,chr10,232,61,103
chr10_TGCACACACACAGATGAGCA,chr10,2910,422,155
chr10_AGTTAGTTCACCCTACACCC,chr10,561,45,68
chr10_AGTGCTATAAGCCTATAGCC,chr10,91,0,0
chr10_CAGTTCCCTTGCCCATACAC,chr10,688,81,194
chr10_CCATAACCCATCTACCAAGA,chr10,2743,618,487
chr10_TCTCGCTGTGTCATCCAGGC,chr10,14,0,0
chr10_GCGGGAGGATCACGTGAACC,chr10,13,26,0
chr10_CGCCCTCCATATTACTGAAC,chr10,2444,1513,963
chr10_AAGATCACCCTGGGCAACAC,chr10,635,0,0
chr10_TGCACCACCGCACTCCAGCC,chr10,1,0,0
chr10_ACTCACCTTCCCTTTGACCA,chr10,1463,141,225
chr10_TCTTTGAGCAAGCTGCACCC,chr10,926,388,285
chr10_TGCATCACTGCATTCCAGCC,chr10,2585,1,0
chr10_CTGCCCGACCATTTGCCCAA,chr10,679,442,773
chr10_GCTTGTAGTCCCAGCTACCC,chr10,179,0,0
chr10_CAATGAAGTGGTGCAGAAAG,chr10,2716,1360,2442
chr10_CCATCTCATACCAGTCAGAA,chr10,1,0,0
chr10_GCACCATTGCACTCCAGCCC,chr10,780,0,0
chr10_AAGGCAGAACTGTTTGAACC,chr10,930,14,2
chr10_AGAATCTCGCTCTGTCACCC,chr10,9,0,0
chr10_GCTACTCAGGAGGCTGAGGC,chr10,1,0,0
chr10_GGAAGAGACAGAGACAAAGA,chr10,91,0,0
chr10_AGCACCACTGCACTCTAGCC,chr10,5,0,0
chr10_TGTCTCCCTCTGATTGACCA,chr10,494,291,65
chr10_TAGCATGAGATCAGACCAAG,chr10,791,418,353
chr10_GCCTCCTCACCAGTATAACA,chr10,687,295,307
chr10_TTGCTGTTGGCTGCGCCCAA,chr10,361,260,205
chr10_TCACCCAGACTAGAGTGCAA,chr10,21,0,0
chr10_GATAGCCTCTGACACTAAGA,chr10,90,0,0
chr10_AATGCCCACCAATGATAGGC,chr10,401,7,0
chr10_GGAAGATCACAAACTAGACC,chr10,440,47,30
chr10_TGTATTCCCTAAGTGTCAGC,chr10,312,41,15
chr10_GCTCATGCCTGTAATCCCAA,chr10,266,16,7
chr10_TGACGCACTACCCAAGAAGC,chr10,1047,419,293
chr10_TGCCACACTGTCTTCCACAA,chr10,21,7,0
chr10_TTGCACTACTGTACTCCAGC,chr10,797,74,32
chr10_ACCATCCTGGCTGGCTAACA,chr10,1307,273,181
chr10_ACCCAAACCCAGCAGAAGAA,chr10,783,0,7
chr10_CACTATCACGAGAACAGACC,chr10,1263,821,717
chr10_CACCGGCTACAAGGCTAGAC,chr10,1489,885,682
chr10_GGTGTACACCAAGTAGCCAA,chr10,231,0,5
chr10_TAGCCAGGTAGTAGTTACAG,chr10,1204,0,17
chr10_GCACACTACCTGAAGCCCAG,chr10,1171,140,333
chr10_CTCACGTGCAGAGACACGCA,chr10,1429,4,59
chr10_AGAGTCCTGCTCTGTCACCC,chr10,14,0,0
chr10_CAAGTCTCACTAGGTCGCCC,chr10,653,21,87
chr10_ATCTGGGATAGAAGCAAGAC,chr10,799,257,567
chr10_GAGCCAAATACGAGTGACCA,chr10,208,0,0
chr10_GCAAGAGAATCGCTTGAACC,chr10,7,0,0
chr10_AGCCAGATAAGTGACCCAGC,chr10,640,66,153
chr10_GGCTCGTACCTGTAATCCCA,chr10,226,10,0
chr10_CTGCTCAGGCTGGAGTGCAA,chr10,637,0,13
chr10_TAGTTCACACTCACTTCACC,chr10,710,324,276
chr10_GGTCTCTGTGCCTCGCAAGC,chr10,176,230,186
chr10_GCCATAAGTACCAGCAACAA,chr10,4037,825,1290
chr10_ACATGACTAAGACTTCAGCC,chr10,304,354,429
chr10_GAACTCAGCTCTGGATCAAG,chr10,1241,0,0
chr10_GAATGTTGGCAGCAGTGGAC,chr10,946,288,324
chr10_CTGCCATTTCGAGTTGCGAA,chr10,3803,1363,1773
chr10_TCTTGCTGTGTCACCCAGAC,chr10,13,18,5
chr10_GAAGGATGATTACCAAAGGC,chr10,605,0,0
chr10_CCAAGAGTTCAAGACCACCC,chr10,8,0,0
chr10_CACACCATTGCACTCCAACC,chr10,4617,0,2
chr10_AGGGTTTCACCGTGTTAGCC,chr10,2,0,0
chr10_TGTAATCCCAGCACTTCGAG,chr10,3,0,0
chr10_CTGCATGGTAATCAGGGAGG,chr10,526,11,98
chr10_CTGTTAGCGGCTTGGAGCAC,chr10,438,176,168
chr10_TTTCACCATCTTGGCCAGGC,chr10,1,0,0
chr10_GAAGCCACCGCACTCCAGCC,chr10,524,0,0
chr10_TGTAGTTCCAGCTACTCAAG,chr10,5,0,0
chr10_ACTCACTGCAGCCTTGACCC,chr10,158,0,0
chr10_TATTGAAGATGCCTGTCAGC,chr10,386,0,62
chr10_CATCCGCGGGAACGGCACAG,chr10,1182,172,239
chr10_GAAGGAAGGAAGGAAGGAAA,chr10,231,0,0
chr10_CTGCTCATTGACAATGCACC,chr10,113,0,0
chr10_TGCATCAGATTCTTGTGCCC,chr10,236,51,111
chr10_TCCCGCACTGATGTGAACAC,chr10,1337,1072,947
chr10_AGTCCCTGGGATGTAGCCCA,chr10,322,6,83
chr10_GATGGAGTAGGAGGTACGGC,chr10,118,100,2
chr10_CGTAGGTATGCGTGTGGACG,chr10,4725,1296,1223
chr10_CGCTTGAACCTGGGAGGCGG,chr10,242,0,0
chr10_GGAAGTGGAACATGACACAC,chr10,695,9,0
chr10_CTTCATCCATGTCACTGCAA,chr10,19,5,69
chr10_AGGGAGAATTGTTTGAACCC,chr10,133,0,8
chr10_ATCATATTGTCTCCCAGACC,chr10,898,61,146
chr10_TCAGGAGTTGGAAACCAGCC,chr10,137,0,0
chr10_TGAAAGAGCCCAAATAGCCA,chr10,1149,9,28
chr10_GAAGTCTTGCTCTGCCGCCC,chr10,1,0,0
chr10_AACTCAGCTCATCTACGCAA,chr10,2375,511,477
chr10_ACTAATCTGCTCACGAGGAC,chr10,1212,571,361
chr10_CAGAATCTTGCTCTGTAGCC,chr10,776,151,477
chr10_AGTGGAATTACTGGGTCACA,chr10,108,17,40
chr10_CACACTACCGCACTCCAGCC,chr10,1357,0,0
chr10_GAGTGGGTCAGCCTGTCAGC,chr10,511,44,8
chr10_TCAGAAACCTGAAGCCCACC,chr10,909,118,153
chr10_ATGGTTTCAGGCATTAGGCC,chr10,262,97,947
chr10_AAGGGAGGGAGGAGAGAGCC,chr10,0,75,6
chr10_AAAGTCTCGCTCTGTCGCCC,chr10,4,0,0
chr10_CCACTGCACTCCATCCAGCC,chr10,729,0,0
chr10_ACACTTCCACATGGCCAGGG,chr10,924,0,37
chr10_CTGGGTAATGTGGTGAAACC,chr10,1130,13,70
chr10_TGTCCATTCACATCAGACCA,chr10,1088,292,546
chr10_CCTCATCACCATCCAGGCAC,chr10,74,151,150
chr10_CAAGGGAAGTAGCGGCAGCC,chr10,564,520,144
chr10_CCTTCACTGCCAACATAAAC,chr10,1897,1267,1060
chr10_CCTGTTCATCTCTCAAGCCC,chr10,2600,162,261
chr10_TGCCCACTGCTATTTACAGA,chr10,1757,579,447
chr10_ATCGAGCACCCTGGATAACA,chr10,1548,567,726
chr10_TTCCTTCCTGAGTTGCACAG,chr10,2382,549,610
chr10_TGTTCTGCTCGATCTCCAAA,chr10,1265,533,243
chr10_AAACTAGGACCGTGACCCAG,chr10,1011,175,214
chr10_TTCAAAGGTCCACCCAGAGC,chr10,1976,464,695
chr10_ACTGTCCTTCAGTGTCCCGC,chr10,795,85,10
chr10_CCCAATGCTACTGTGAAGCA,chr10,1861,1642,1002
chr10_CAGGAGTTCGAGACCAGCCA,chr10,137,0,0
chr10_CACCCTCCTAAGACTAAACA,chr10,79,0,0
chr10_GGAAGGAGTTCTTGCTACCC,chr10,254,39,44
chr10_TCAGGAGTTCCAGACCAGAC,chr10,1,0,0
chr10_CTTGTCTGTACCCTGAGCCC,chr10,734,163,218
chr10_CAGGAGAACTGCATTAACCC,chr10,1179,23,72
chr10_TGTGCCACTGTACTCCAGCC,chr10,2,0,0
chr10_TTTCACCATGCTGTCCGAGC,chr10,541,32,106
chr10_CACCCTCCCAAGACTAAACC,chr10,1,0,0
chr10_GGGAAAGAGAAGAGAGGAGA,chr10,131,0,0
chr10_GGGATTACAGGCATGAGCCA,chr10,84,0,0
chr10_ACCTCAGCCTCCCAAAGAGC,chr10,12,0,0
chr10_CGTTGATCGGCCTACTACGC,chr10,826,254,421
chr10_CAAGATCAGCCTGGTCAACA,chr10,17,0,4
chr10_CAGGCATGAGCCACCGCACC,chr10,1,0,0
chr10_TCTCATTCTGTCACCCAGGC,chr10,9,0,0
chr10_TAGCGTCTTGCTTTGTCACC,chr10,309,272,304
chr10_TCTCACTCTGTTACCCAGAC,chr10,37,0,0
chr10_CTCACCACTGCATTCCAGCC,chr10,3,0,0
chr10_AAGTCTTGCTCTTGTTGCCC,chr10,43,0,0
chr10_CGCACCACTGCTCTCCAGCC,chr10,2,0,0
chr10_CCCTACCCTGTGTCCTGAAC,chr10,2914,1171,1206
chr10_CATCCCATTGCACTCTAGCC,chr10,3,4,7
chr10_CAAGGCAGAGGTACAGGGCA,chr10,1753,419,420
chr10_CGTTACTTAGCAGACCGCGA,chr10,1131,82,91
chr10_AAGTGTGCACATTGTGACAC,chr10,539,90,165
chr10_TCTGATCTTGGAAGCTAAGC,chr10,537,0,9
chr10_GGAGTCTCGCTGTTTCACCC,chr10,8,0,14
chr10_CCACATCCATCTGGGCCCGC,chr10,599,221,393
chr10_TGCGCCACTACCCTCCAGCC,chr10,10,0,0
chr10_TTTCTCTTGCCTGATAGCCC,chr10,223,0,12
chr10_TGATTTATCCTCACCTCGAG,chr10,559,302,352
chr10_GAATAATGCTGCCATGAGCA,chr10,672,111,89
chr10_CGAAACCATCCTGGCTAACA,chr10,24,1,0
chr10_TAAGAGGGACCTTCTGAAGC,chr10,816,134,146
chr10_TCTTGCTCTGTCACCCAGGC,chr10,1,0,0
chr10_CAGGAGAATGGCGTGAACCC,chr10,852,0,0
chr10_CTTGCTACCTCCATGTAAGA,chr10,1076,642,740
chr10_TGAGACCAGCCTGCCCAAGA,chr10,0,4,79
chr10_GCTTGAGTACTCCTAGCGGG,chr10,340,16,19
chr10_AGTGCCACTGCCCTCCAGCC,chr10,91,0,0
chr10_CTTAAAGTGCTCCACAGACA,chr10,2868,1094,498
chr10_ACAGAGTGAGGCTCCAGACC,chr10,1748,104,183
chr10_GCCTTCCACAATCCCTGCAA,chr10,903,85,103
chr10_TGCCAAACACCTACCCACAC,chr10,1050,801,1115
chr10_TCATGTCCTTTGTAGGGACA,chr10,127,0,0
chr10_CCATCTCATGCCAGTCAGAA,chr10,2,0,0
chr10_CACCAAAGACAAATCACAGC,chr10,2882,430,149
chr10_TGTAGTCCCAGCTACTCACA,chr10,2,0,0
chr10_TCAGAGGAAAGCATGCCAAA,chr10,896,254,91
chr10_AGAGTCTCACTCTGTTACCC,chr10,3,0,0
chr10_GCTGCAGTTCGGTTCAGCAC,chr10,1514,67,298
chr10_CCGAGGCTCAGCAAATGAAC,chr10,1599,1584,1315
chr10_ATGGCCACTGCACTTCAGCC,chr10,140,0,0
chr10_CTCCACACCTCCCTGCAAGC,chr10,1879,383,357
chr10_AGAATTGAGTACCACTGACG,chr10,1052,152,139
chr10_ACTCATTTGTGCTGGCAGAG,chr10,3247,273,342
chr10_AGAGTATCGCTCTGTCGCCC,chr10,17,0,0
chr10_AACATCGAGATCTCCTAGCA,chr10,981,340,452
chr10_AGAGAGAGACAGACAGAGAG,chr10,989,0,0
chr10_GGTGTTTCACCGTATTAGCC,chr10,192,0,42
chr10_CTTGCAGTGAGCTATTCCAC,chr10,244,41,86
chr10_GAACTTACAATGCCCAAGAG,chr10,962,199,388
chr10_TGCTGGCACTGTTGCACGAG,chr10,1547,708,757
chr10_ATGAAGCAATGCTCCACCAC,chr10,832,227,190
chr10_TCTCACGTGTGGAATAGCAA,chr10,1593,422,425
chr10_GCTGTGCAACAGCACACACA,chr10,536,335,317
chr10_ATCAAACCACGCCCAACAAG,chr10,414,419,401
chr10_AGACCCACACTGCTGTAACC,chr10,1024,294,233
chr10_CTGTTTATCAAGGTCAACGC,chr10,1301,281,152
chr10_GCTATTCAGGAGGCTGAGAC,chr10,9,0,0
chr10_TCGTTCGAGAGACTCTGCCC,chr10,555,11,160
chr10_TGTGCCACTGCATTCCAGCC,chr10,6,0,0
chr10_GAGTACTATGCTTAGTACCC,chr10,4,57,8
chr10_CTTGGGTCTGAGTTCAACCA,chr10,1939,398,878
chr10_CAGGAGCACACCACCACACC,chr10,1714,0,0
chr10_GCTGGAAGGTGTAGGCCCAG,chr10,602,95,28
chr10_CTCCTGACCTTGCAGTAAGC,chr10,2238,395,592
chr10_ATTCTACCCATCCATGAGCA,chr10,794,0,6
chr10_TGAGACAATGAGCATTGCCA,chr10,724,0,0
chr10_GACAAGTCTTGTGGGTCCAC,chr10,121,63,12
chr10_AAGCTCAGCCTAGCTAACCA,chr10,1947,227,403
chr10_GCTGCAATCAACCCAAGAAG,chr10,706,32,0
chr10_CAAGACCCTGTCTCAAAGAA,chr10,726,16,82
chr10_CACTCCACTGCACTCCAGCC,chr10,4,0,0
chr10_AGAGTCTCACTCCATCACCC,chr10,6,0,0
chr10_AGTTGACCTCTGAACAACAC,chr10,651,15,1
chr10_TCGGCCTCTTAGTATGCACA,chr10,997,125,89
chr10_CAGGCATGACCTACTGCACC,chr10,45,2,76
chr10_TGTGTCACTGCACTCCAGCC,chr10,6,0,0
chr10_TCCTTTGAAGCTTTGAAGCC,chr10,531,0,0
chr10_CCCTTAAGAGTCCTCACAGA,chr10,1141,493,358
chr10_TCAGGAGATCAAGACCAGCC,chr10,3,0,0
chr10_TAGATATCTGCCTTCTCCCA,chr10,225,63,53
chr10_GAGCAGAGAGGGAGGAAGAG,chr10,226,0,0
chr10_AATCGCTTAACAGACTAGCC,chr10,563,240,143
chr10_TGACATACCATCTCACACCA,chr10,3944,1514,1287
chr10_CAAGCCACTGCATTCCAGCC,chr10,20,48,0
chr10_CTCTGCCTCCTGAGTTCGAG,chr10,634,372,432
chr10_TTGCCCAGGCTGGAGTGCCG,chr10,213,0,0
chr10_TGAATGGGTTATCATGGGAG,chr10,697,0,0
chr10_AATTGCTTGAACCTGGGAGG,chr10,9,0,0
chr10_CCTGAGCTCTAAGTCACAGA,chr10,800,145,413
chr10_AGAGACTCGCTCTATCACCC,chr10,77,0,0
chr10_GCGAACTAACCTAGCAGCCC,chr10,567,66,73
chr10_TCCTGTAGCTATAACACGAC,chr10,778,202,208
chr10_CTTCTCCTGCCTAATTGCCC,chr10,481,0,0
chr10_CTTGTTGGCAACTGGAGCAA,chr10,592,0,17
chr10_CCCAGCCCTTTAGGAGGCCC,chr10,543,0,32
chr10_GCAGTCTCGCTTTGTCACCC,chr10,6,0,0
chr10_TAGTCCTCTGAACTCAGGAG,chr10,306,68,78
chr10_TGAATTTCGCTCTGTCGCCC,chr10,325,13,0
chr10_AATGTCCCACTCTGTTGCCC,chr10,138,0,0
chr10_TGCATCACTGCCCTGAAGCC,chr10,552,390,519
chr10_CAGGCACATGCCACCACACC,chr10,1087,0,0
chr10_GGAGTCTCACTCTCTTGCCC,chr10,19,0,0
chr10_GGTGGTCTTGCCTATCAGAC,chr10,204,83,116
chr10_ATGCTTGCTACATTTCCACC,chr10,479,132,28
chr10_TTTCTGCACATTCGTACCCA,chr10,289,138,78
chr10_CGGCATTGCACGAAGTAGAA,chr10,2330,664,1008
chr10_TAACCAGCAAGCTCTCAAAC,chr10,2002,662,756
chr10_ACTCCACAGATCTCTAGAGC,chr10,689,0,0
chr10_CGCCACACTGACTTCCACAA,chr10,198,0,0
chr10_ACTCCTCTGTCCGCAGCAGC,chr10,207,205,110
chr10_TGAGACCATCCTGGCTAACA,chr10,8,0,0
chr10_CACCAAAGCGCTATCCCACC,chr10,1305,497,291
chr10_AGATCTGTCTCTATGAAGCC,chr10,687,229,315
chr10_GGATCTCAATTGACATCAGC,chr10,287,54,73
chr10_CAGCACAACAGACGTGCACA,chr10,1523,390,865
chr10_TCTGAGAACACATCCACCCA,chr10,929,402,167
chr10_TGATGCATTCTTGAGAACGC,chr10,175,152,244
chr10_TCCCTATCTCTCCCTCCAAG,chr10,1415,517,150
chr10_CCTAAGAAACTCCGAAGAAC,chr10,1468,281,175
chr10_TCGGGCCAGCCTACATGGAG,chr10,1135,1167,960
chr10_CCTGAGTAAACCATCTGAAG,chr10,715,153,167
chr10_ATTCTCAGCAAACCATCGCA,chr10,12,0,0
chr10_TCACCTGATCGTGTCTCAGA,chr10,608,178,134
chr10_CTGTCCCAGCTTAGCAGACA,chr10,1509,590,615
chr10_CCTGGAGTTTGGCTGTCCAG,chr10,299,0,31
chr10_CTTCAGGAGGCCGAGGCGAG,chr10,1213,0,0
chr10_TAACCCATCGTCCAGCCAAG,chr10,1056,209,375
chr10_CATACCACTGCACTCTAACC,chr10,1358,0,0
chr10_TTGGAGGATCACTTGAGCCC,chr10,15,0,0
chr10_CCCATCTGGAAGGCTGAGGC,chr10,320,340,596
chr10_GCAGAGTCTTGCTGTCACCC,chr10,193,0,0
chr10_GCAGGAGACTCCCTTGAACC,chr10,646,0,0
chr10_AACCTGTGTGAAGGCGACAG,chr10,296,0,0
chr10_ACCTATCATGTGCCAGACCC,chr10,545,139,146
chr10_CGTACCACTGCATTCCAGCC,chr10,289,1,28
chr10_TCAGACAAGACTGGGCAACA,chr10,2315,86,33
chr10_CAATAAGAGGTTGGGCACGG,chr10,2453,11,34
chr10_TATCCAGCCTTGAGAAGACA,chr10,507,74,0
chr10_CGCGCCATTGCACTCCAGCC,chr10,0,1,8
chr10_AGGAACACCTCTCTAAACCA,chr10,673,297,156
chr10_TGAGAAGTCACTCATCACCA,chr10,1139,75,48
chr10_TGTAGCAATCTGTCCAGAAC,chr10,1872,749,428
chr10_CTGTGGGCATTTATTCAGCA,chr10,1876,914,1265
chr10_TAAGCAACGCTCGAAGACAG,chr10,1174,142,135
chr10_GGAAGGGTGCTCCTCACAGA,chr10,506,0,19
chr10_ATACCACTGCACTCCAGCCC,chr10,124,0,0
chr10_AGCAACCTGAAGCCGTCAAA,chr10,975,396,316
chr10_CATGTGTCTAGGGAGAGAAC,chr10,1429,5,0
chr10_ACCTACTCGAACTTCAGCAA,chr10,745,168,306
chr10_CATTAGGAGGGAGATTGAGG,chr10,550,23,9
chr10_GCCCTAGCAAACTAACACAA,chr10,2100,148,87
chr10_CGCCTACTGGACTAAACGCC,chr10,639,138,74
chr10_CGTAGCTGACTCCTTTGAAA,chr10,1601,547,573
chr10_TTACTGCCGACCCTACGCCC,chr10,198,179,46
chr10_AAATGCCCACAAGAGAAAGC,chr10,300,0,1
chr10_AAACCACCATCAGAGTGAAC,chr10,993,40,0
chr10_TTCAGTATCCACCGCTCACC,chr10,556,104,162
chr10_GATAAACTCATACCCGAGAC,chr10,373,60,1
chr10_GAAATAGACAAGCACGCACG,chr10,910,230,506
chr10_CACCAGGGTCCTCGCAACCC,chr10,1447,176,738
chr10_CACGCCACTTCACTCCAGCC,chr10,9,0,0
chr10_AGCATTCAGCTCTTGTGAAC,chr10,1290,386,241
chr10_CGTGCCACTGCACTCTAGCC,chr10,1,0,0
chr10_AGCGTCCAGCGCTATTCCAA,chr10,469,64,148
chr10_GCAAACCATCATCACTGCCC,chr10,208,0,0
chr10_GGGAAGACGACACGCACAGC,chr10,507,24,145
chr10_GGTAGGTTCCTTCTATACCC,chr10,287,16,0
chr10_TCATACACGTCCGTGTGAAG,chr10,556,2,99
chr10_AGCACTCTCTCAGACCACAG,chr10,655,21,22
chr10_CTGATGGCATCATCCCAAGC,chr10,1512,422,721
chr10_ATCAAGAAGGCATGTTGCAC,chr10,477,114,11
chr10_CCTAGTCGCCTCTGGGACAC,chr10,1429,330,429
chr10_GCAGACGATCACTCTGAAGC,chr10,450,183,490
chr10_ACAAGTCAGATTGCTGACAC,chr10,981,429,270
chr10_GCCCACTCAACATGAAGAAG,chr10,1683,124,105
chr10_CACGGGAGAAAGATGACAGC,chr10,665,199,177
chr10_TCCTGTCATTTGCCACAACA,chr10,1939,68,42
chr10_TAGTTCCACTCCCATGCAGC,chr10,518,57,121
chr10_CATCTGAAACCCTCTCAGCC,chr10,1243,34,51
chr10_CACTGTAGGAAGCTGCCACC,chr10,86,58,106
chr10_AGAACACCGCGCGTATAACA,chr10,2102,461,428
chr10_CCTCTTGCAGTTGAGACAAG,chr10,223,0,0
chr10_CGTACATGTTTGCATACACG,chr10,3073,128,291
chr10_CCATGAGCCCAGTGGGACGC,chr10,1248,174,711
chr10_CGCAGTGTCAAGCGATGAAA,chr10,2809,1647,1492
chr10_GACTCAGTTTCACCATAAGC,chr10,516,193,209
chr10_CATGCACGTGTCACCACACC,chr10,1341,0,0
chr10_CACATCAGTGCACACCAGCC,chr10,31,16,31
chr10_TTGGGTTCCTCCATAAAGGC,chr10,213,317,204
chr10_CGAGCCCAGCCAGGCCAACA,chr10,185,0,14
chr10_CATGGCACTGCACTCCAGCC,chr10,2,0,0
chr10_TTCCTGTTCTCCACCGCGAG,chr10,1014,608,474
chr10_CAGGAAGGTCGCTTGAGCCC,chr10,1305,0,0
chr10_TGCACCACTACGCTACAGCC,chr10,22,68,13
chr10_TCCGCCACTGCACTCCAGCC,chr10,70,0,0
chr10_CAGAGACTCACAGAGAGAAA,chr10,1513,295,198
chr10_CTTTAACACGTCACACCCGA,chr10,659,323,89
chr10_CAGGGAAGACTCTTCAGAGG,chr10,1000,236,95
chr10_AGGTCAGTTCAAGACCAACC,chr10,571,26,72
chr10_TCGCCCAGGCTGGAATGCAA,chr10,12,0,0
chr10_TCATTGGTCCAGTAGCCAAC,chr10,808,396,449
chr10_GGAACAATGCCCTAGACAGC,chr10,606,188,47
chr10_CCCACCCGTGTCAACTCACC,chr10,1856,885,433
chr10_GGTGCCAAAGGCGGGAAGCC,chr10,5,102,50
chr10_TAGCTATGAGCCACTGCGCC,chr10,295,6,0
chr10_CAGGCATGCACCACCACGCC,chr10,6,0,0
chr10_AGCACTTTGGGAGGCTGAAG,chr10,14,0,0
chr10_TCAGATGGAATCGAATGGAG,chr10,1537,51,145
chr10_TGGGAAGATGGCTTGAGACC,chr10,588,7,0
chr10_CTCTTGCTATGCAAAGAGAC,chr10,436,16,136
chr10_AGAACAAAGCTTCCACAGCA,chr10,578,0,0
chr10_TTTCACCATGTTGGCCAAGC,chr10,25,11,0
chr10_GCTTTGTTCCATTGCTGACA,chr10,951,84,142
chr10_CCCAGGATCACGGTGCCAGC,chr10,869,54,12
chr10_CCAGGAGTTTGAGATCAGCC,chr10,22,0,0
chr10_GGACACACAAATTCAGACCA,chr10,810,101,50
chr10_TTCCTCTAAGATCAGCAGCA,chr10,702,296,319
chr10_CTAGGAGTTCGAAACCAGCC,chr10,4,0,0
chr10_TATCAGCTGACTGGCGGCAC,chr10,610,102,150
chr10_ATAGTAAGACCAAGAAGCCC,chr10,225,59,66
chr10_CATATCTAGCTCTGTCACCC,chr10,764,16,15
chr10_CAAGACCAGCCTAACTAACA,chr10,94,13,0
chr10_ACAGGAGTTGGAGACCAACA,chr10,967,0,0
chr10_GCTGAGGCGGGTGGATCACG,chr10,10,0,0
chr10_ACAACTTAGGAGCGGGCAGC,chr10,939,298,411
chr10_TGTAGTCCCAGCTACTCCAG,chr10,35,0,0
chr10_GCACAGACTCCTCATCAACC,chr10,1601,282,280
chr10_TGCTTACTAGCTGAGTGACC,chr10,855,46,309
chr10_CTCGCTGCTGCACTCCAGCC,chr10,133,0,68
chr10_ACCTCAGCCTCTCGAGCAGC,chr10,105,0,0
chr10_TGTGAGCCACCACGCCCAGC,chr10,59,0,0
chr10_TCTCTGGTGAAAGCCAGAAC,chr10,1270,184,173
chr10_GGGCTGTGCTCCTGTGCCAC,chr10,124,344,449
chr10_CCTGGCAATCTCTGCTACAG,chr10,1091,161,59
chr10_CATCCTCCCAAGACTAAACC,chr10,2,0,0
chr10_AAGTTCTGAGTTACATGGGC,chr10,323,21,53
chr10_AACCCTACAGGGAACTGACA,chr10,716,88,83
chr10_CATTCAGAGCCTTCTCCAAG,chr10,1428,19,34
chr10_GCTACTCCAGAGGCTGAGGC,chr10,4,0,0
chr10_GCCGAGGCGGGCAGATCACA,chr10,72,0,0
chr10_ACTACTTCCACAGAGCAAGC,chr10,161,246,157
luciferase_CGCAGGCAGTTCTATGCGGA,luciferase,1814,452,511
luciferase_AGGTAACCCAGTAGATCCAG,luciferase,372,324,289
luciferase_GCAGGCAGTTCTATGCGGAA,luciferase,1398,793,528
luciferase_AGCTATTCTGATTACACCCG,luciferase,2575,1107,1425
luciferase_GCTATTCTGATTACACCCGA,luciferase,531,335,387
luciferase_CTATTCTGATTACACCCGAG,luciferase,1011,400,507
luciferase_TATTCTGATTACACCCGAGG,luciferase,356,112,112
luciferase_ACGCTGGGCGTTAATCAGAG,luciferase,2053,1110,757
luciferase_GACCAACGCCTTGATTGACA,luciferase,342,490,503
luciferase_AACGCCTTGATTGACAAGGA,luciferase,388,330,415
luciferase_CATAGCTTCTGCCAACCGAA,luciferase,1438,443,379
luciferase_ATAAATAACGCGCCCAACAC,luciferase,1146,358,295
luciferase_CAACATCTTCGACGCGGGCG,luciferase,810,544,558
luciferase_GGTCTTCCCGACGATGACGC,luciferase,201,84,36
luciferase_CTTATGCAGTTGCTCTCCAG,luciferase,462,375,163
luciferase_TTTGTGGACGAAGTACCGAA,luciferase,640,238,360
luciferase_GATCCTCATAAAGGCCAAGA,luciferase,389,119,97
luciferase_TCTAGAGGATAGAATGGCGC,luciferase,836,118,330
luciferase_TATCGATTCCAATTCAGCGG,luciferase,667,283,366
luciferase_CCTCTAGAGGATGGAACCGC,luciferase,490,427,420
luciferase_ACAACTTTACCGACCGCGCC,luciferase,1265,255,309
luciferase_CTTGTCGTATCCCTGGAAGA,luciferase,1947,682,753
luciferase_GGCTATGAAGAGATACGCCC,luciferase,169,101,232
luciferase_GGCATGCGAGAATCTGACGC,luciferase,65,169,267
